2.1691,2.2639,2.3558,2.4379,2.5073,2.563,2.6051,2.6354,2.654,2.6628,2.6657,2.6657,2.6637,2.6628,2.6637,2.6628,2.6588,2.65,2.6325,2.6061,2.5679,2.5191,2.4585,2.3871,2.3109,2.2424,2.1779,2.1105,2.0479,1.9932,1.9482,1.912,1.8827,1.8612,1.8436,1.827,1.8123,1.7996,1.7898,1.7781,1.7615,1.7429,1.7204,1.6931,1.6637,1.6334,1.6041,1.5767,1.5503,1.5269,1.5093,1.4966,1.4839,1.4702,1.4565,1.4409,1.4223,1.4037,1.3861,1.3675,1.3529,1.3402,1.3304,1.3236,1.3167,1.3118,1.3079,1.306,1.305,1.3001,1.2933,1.2845,1.2776,1.2796,1.2981,1.3294,1.3773,1.4506,1.5455,1.6608,1.7908,1.9277,2.0616,2.1887,2.3021,2.3969,2.4721,2.5239,2.5591,2.5894,2.6109,2.6256,2.6344,2.6373,2.6354,2.6305,2.6207,2.6061,2.5875,2.5679,2.5474,2.523,2.4907,2.4497,2.3988,2.3402,2.2737,2.2014,2.129,2.0626,2.0049,1.956,1.9189,1.8915,1.869,1.8504,1.8358,1.825,1.8143,1.8025,1.7908,1.7781,1.7615,1.741,1.7214,1.7028,1.6794,1.6549,1.6285,1.5992,1.5709,1.5415,1.5171,1.4976,1.4809,1.4653,1.4516,1.4438,1.4379,1.4311,1.4223,1.4106,1.3978,1.3842,1.3685,1.3519,1.3363,1.3216,1.3069,1.2981,1.2933,1.2874,1.2835,1.2825,1.2854,1.2962,1.3177,1.3568,1.4223,1.5103,1.6168,1.7429,1.8622,1.9756,2.0997,2.2209,2.3294,2.4223,2.4995,2.5611,2.608,2.6403,2.6686,2.6921,2.6999,2.6989,2.694,2.6882,2.6813,2.6745,2.6676,2.6569,2.6393,2.6119,2.5728,2.523,2.4624,2.3988,2.3353,2.2669,2.2004,2.1369,2.0792,2.0323,1.998,1.9736,1.956,1.9423,1.9277,1.915,1.9022,1.8827,1.8583,1.8338,1.8113,1.7889,1.7674,1.7439,1.7195,1.696,1.6735,1.652,1.6334,1.6168,1.6002,1.5826,1.563,1.5445,1.5279,1.5122,1.4966,1.4819,1.4673,1.4526,1.4418,1.433,1.4213,1.4047,1.3842,1.3646,1.347,1.3314,1.3177,1.3079,1.303,1.3079,1.3245,1.3509,1.393,1.4594,1.5503,1.6657,1.8006,1.9453,2.088,2.2209,2.3421,2.4457,2.5298,2.5894,2.6325,2.6686,2.695,2.7155,2.7312,2.741,2.7458,2.7468,2.7419,2.7322,2.7185,2.7009,2.6794,2.652,2.6188,2.5787,2.5318,2.4751,2.4115,2.3451,2.2757,2.2053,2.1369,2.0762,2.0293,1.9932,1.9629,1.9384,1.9228,1.915,1.911,1.9052,1.8954,1.8827,1.8661,1.8426,1.8192,1.8006,1.784,1.7625,1.7361,1.7048,1.6725,1.6422,1.6129,1.5855,1.5591,1.5327,1.5073,1.4878,1.4741,1.4594,1.4457,1.4282,1.4076,1.39,1.3724,1.3568,1.3451,1.3363,1.3275,1.3177,1.3099,1.304,1.2991,1.3001,1.3148,1.3529,1.4194,1.5142,1.6334,1.7722,1.9228,2.0733,2.1994,2.304,2.4047,2.4927,2.566,2.6227,2.6637,2.6931,2.7116,2.7204,2.7253,2.7273,2.7283,2.7253,2.7204,2.7146,2.7058,2.694,2.6755,2.6481,2.609,2.5591,2.5005,2.4311,2.3548,2.2864,2.2209,2.1525,2.089,2.0342,1.9883,1.955,1.9306,1.911,1.8944,1.8768,1.8553,1.8338,1.8143,1.7947,1.7732,1.7517,1.7302,1.7087,1.6872,1.6637,1.6373,1.6119,1.5904,1.5689,1.5503,1.5376,1.521,1.4995,1.478,1.4545,1.4321,1.4096,1.3881,1.3715,1.3597,1.35,1.3451,1.3431,1.3363,1.3255,1.3148,1.306,1.2981,1.2942,1.3001,1.3206,1.3617,1.4272,1.5181,1.6119,1.7126,1.8368,1.9707,2.1026,2.2268,2.3353,2.4262,2.5005,2.5591,2.6051,2.6383,2.6569,2.6657,2.6725,2.6735,2.6706,2.6657,2.6598,2.653,2.6422,2.6266,2.6061,2.5777,2.5376,2.4946,2.4457,2.3822,2.3089,2.2287,2.1457,2.0714,2.0059,1.9492,1.9032,1.8671,1.8397,1.8201,1.8065,1.7947,1.7849,1.7781,1.7713,1.7605,1.7439,1.7243,1.7038,1.6794,1.652,1.6266,1.607,1.5894,1.5718,1.5552,1.5376,1.5161,1.4907,1.4653,1.4428,1.4203,1.3978,1.3793,1.3666,1.3529,1.3372,1.3255,1.3157,1.3069,1.2991,1.2913,1.2845,1.2766,1.2708,1.2737,1.2903,1.3167,1.3597,1.4272,1.5181,1.6305,1.7586,1.8944,2.0303,2.1593,2.2757,2.3763,2.4604,2.5191,2.5591,2.5943,2.6188,2.6354,2.6432,2.6432,2.6403,2.6344,2.6246,2.608,2.5894,2.565,2.5347,2.4985,2.4545,2.4018,2.3402,2.2698,2.1945,2.1202,2.0508,1.9883,1.9355,1.8944,1.8661,1.8465,1.8289,1.8133,1.7996,1.7889,1.7801,1.7722,1.7644,1.7556,1.7419,1.7234,1.7038,1.6862,1.6696,1.6491,1.6217,1.5914,1.565,1.5415,1.5181,1.4985,1.4819,1.4663,1.4506,1.4399,1.4301,1.4184,1.4047,1.39,1.3754,1.3607,1.3441,1.3265,1.3109,1.2972,1.2874,1.2825,1.2874,1.304,1.3382,1.3959,1.4809,1.5914,1.7224,1.8651,2.0108,2.1496,2.2786,2.393,2.478,2.5406,2.5982,2.6432,2.6735,2.6901,2.6989,2.7028,2.7048,2.7019,2.695,2.6882,2.6774,2.6608,2.6413,2.6149,2.5777,2.5318,2.4751,2.4076,2.3333,2.2571,2.1848,2.1153,2.0528,2.0049,1.9677,1.9345,1.9062,1.8847,1.8671,1.8504,1.8348,1.8192,1.8025,1.7869,1.7722,1.7576,1.7429,1.7243,1.6999,1.6696,1.6364,1.6012,1.5679,1.5425,1.522,1.5044,1.4888,1.4731,1.4624,1.4526,1.4389,1.4203,1.3988,1.3744,1.3509,1.3324,1.3196,1.3089,1.3001,1.2923,1.2884,1.2864,1.2835,1.2874,1.304,1.3382,1.3978,1.4829,1.5924,1.7224,1.8631,2.0059,2.1417,2.2502,2.3363,2.4164,2.4839,2.5386,2.5806,2.61,2.6305,2.6442,2.653,2.6559,2.654,2.6471,2.6364,2.6217,2.6031,2.5806,2.5513,2.5103,2.4604,2.4027,2.3363,2.2688,2.2014,2.1339,2.0762,2.0274,1.9785,1.9355,1.9013,1.8749,1.8583,1.8504,1.8446,1.8358,1.824,1.8104,1.7986,1.7849,1.7674,1.7478,1.7263,1.7048,1.6813,1.6569,1.6334,1.609,1.5836,1.5601,1.5367,1.5171,1.4995,1.479,1.4575,1.435,1.4164,1.3988,1.3822,1.3666,1.3509,1.3333,1.3148,1.304,1.2981,1.2913,1.2864,1.2893,1.3069,1.3421,1.4018,1.4878,1.5963,1.7234,1.8622,2.0029,2.1212,2.2229,2.3255,2.4164,2.4927,2.5523,2.5963,2.6276,2.6491,2.6618,2.6657,2.6637,2.6569,2.6481,2.6403,2.6305,2.6158,2.5934,2.5582,2.5122,2.4545,2.3871,2.3148,2.2424,2.1711,2.1085,2.0528,1.998,1.9492,1.9071,1.8749,1.8514,1.8319,1.8162,1.8025,1.7898,1.7801,1.7713,1.7595,1.7419,1.7214,1.6999,1.6755,1.65,1.6256,1.6022,1.5787,1.5572,1.5386,1.522,1.5093,1.4956,1.4751,1.4536,1.433,1.4135,1.392,1.3715,1.3539,1.3372,1.3226,1.3118,1.306,1.303,1.2981,1.2933,1.2952,1.3079,1.3372,1.39,1.4702,1.5777,1.7087,1.8543,2.0059,2.1359,2.2473,2.3587,2.4604,2.5474,2.6188,2.6716,2.7077,2.7312,2.7449,2.7478,2.7439,2.7361,2.7263,2.7175,2.7097,2.6999,2.6852,2.6618,2.6276,2.5816,2.5279,2.4663,2.3969,2.3314,2.2659,2.1945,2.1241,2.0567,1.9961,1.9443,1.9032,1.8729,1.8504,1.8309,1.8133,1.7986,1.7898,1.782,1.7683,1.7498,1.7331,1.7175,1.6999,1.6833,1.6686,1.654,1.6354,1.6139,1.5963,1.5797,1.5611,1.5445,1.5269,1.5083,1.4907,1.4751,1.4594,1.4438,1.4282,1.4125,1.3949,1.3783,1.3646,1.35,1.3353,1.3216,1.3187,1.3343,1.3754,1.4457,1.5464,1.6735,1.8172,1.9492,2.0694,2.1965,2.3196,2.4272,2.5161,2.5875,2.6442,2.6862,2.7146,2.7331,2.7419,2.7449,2.74,2.7322,2.7243,2.7165,2.7087,2.6989,2.6843,2.6637,2.6344,2.5904,2.5318,2.4624,2.393,2.3216,2.2414,2.1593,2.0811,2.0137,1.957,1.913,1.8817,1.8583,1.8387,1.8211,1.8045,1.7928,1.7849,1.7742,1.7566,1.7361,1.7146,1.6921,1.6696,1.6432,1.61,1.5767,1.5445,1.5191,1.4985,1.477,1.4565,1.4379,1.4213,1.4057,1.39,1.3724,1.3519,1.3304,1.3099,1.2923,1.2796,1.2688,1.2581,1.2483,1.2395,1.2356,1.2434,1.2678,1.3167,1.3969,1.5064,1.6383,1.7654,1.8905,2.0323,2.174,2.3069,2.4223,2.5152,2.5875,2.6442,2.6862,2.7126,2.7283,2.7361,2.7361,2.7322,2.7302,2.7273,2.7224,2.7155,2.7067,2.6911,2.6647,2.6246,2.5728,2.5112,2.4477,2.3822,2.3079,2.2336,2.1623,2.0948,2.0323,1.9765,1.9277,1.8866,1.8524,1.826,1.8074,1.7967,1.7898,1.782,1.7703,1.7537,1.7341,1.7126,1.6891,1.6618,1.6334,1.6041,1.5758,1.5543,1.5376,1.52,1.5005,1.4809,1.4594,1.436,1.4106,1.3851,1.3607,1.3412,1.3275,1.3177,1.3128,1.3099,1.305,1.2981,1.2913,1.2845,1.2766,1.2747,1.2893,1.3284,1.3988,1.4995,1.607,1.7224,1.8612,2.0059,2.1447,2.2727,2.3832,2.4731,2.5425,2.5914,2.6276,2.653,2.6676,2.6716,2.6676,2.6618,2.653,2.6432,2.6305,2.6129,2.5934,2.5699,2.5396,2.5005,2.4487,2.392,2.3314,2.26,2.1828,2.1046,2.0313,1.9687,1.9169,1.8759,1.8456,1.825,1.8104,1.8016,1.7957,1.7889,1.782,1.7703,1.7537,1.7341,1.7126,1.6911,1.6647,1.6344,1.6041,1.5738,1.5513,1.5347,1.5152,1.4956,1.479,1.4624,1.4428,1.4223,1.4008,1.3744,1.348,1.3236,1.306,1.2933,1.2815,1.2717,1.2649,1.26,1.2551,1.2551,1.2581,1.2688,1.2952,1.3441,1.4213,1.5073,1.6051,1.7312,1.869,2.0098,2.1466,2.2698,2.3724,2.4526,2.5112,2.5533,2.5826,2.5973,2.6041,2.608,2.6061,2.6012,2.5934,2.5797,2.5591,2.5337,2.5024,2.4624,2.4145,2.3558,2.2981,2.2434,2.1818,2.1193,2.0577,1.9971,1.9404,1.8905,1.8495,1.8172,1.7957,1.783,1.7771,1.7742,1.7703,1.7654,1.7586,1.7498,1.7361,1.7175,1.697,1.6735,1.6471,1.6188,1.5894,1.565,1.5455,1.522,1.4995,1.477,1.4545,1.435,1.4184,1.4018,1.3861,1.3715,1.3558,1.3451,1.3372,1.3294,1.3216,1.3128,1.3001,1.2884,1.2786,1.2698,1.2678,1.2815,1.3167,1.3763,1.4477,1.5337,1.6442,1.7713,1.9062,2.0401,2.1652,2.2766,2.3724,2.4487,2.5054,2.5455,2.567,2.5758,2.5787,2.5758,2.5689,2.5562,2.5386,2.52,2.5034,2.4839,2.4585,2.4272,2.3851,2.3392,2.2903,2.2297,2.1623,2.0948,2.0303,1.9697,1.9169,1.8739,1.8407,1.8182,1.8045,1.7967,1.7908,1.784,1.7771,1.7693,1.7625,1.7546,1.7468,1.737,1.7234,1.7028,1.6755,1.6432,1.6139,1.5875,1.5611,1.5386,1.52,1.5024,1.4888,1.4761,1.4633,1.4536,1.4428,1.4301,1.4203,1.4115,1.3949,1.3715,1.347,1.3255,1.305,1.2874,1.2786,1.2835,1.3069,1.3529,1.4252,1.5064,1.6002,1.7204,1.8563,1.998,2.1378,2.2678,2.3822,2.478,2.5562,2.6158,2.6588,2.6862,2.7019,2.7136,2.7214,2.7253,2.7253,2.7214,2.7136,2.6999,2.6794,2.653,2.6188,2.5767,2.5327,2.4848,2.4242,2.3548,2.2776,2.1994,2.1261,2.0635,2.0127,1.9746,1.9453,1.9238,1.9071,1.8935,1.8788,1.8641,1.8485,1.8299,1.8074,1.7849,1.7605,1.7312,1.697,1.6618,1.6325,1.6061,1.5777,1.5523,1.5279,1.5044,1.4819,1.4594,1.436,1.4135,1.391,1.3685,1.349,1.3382,1.3284,1.3177,1.3089,1.3011,1.2933,1.2854,1.2776,1.2757,1.2854,1.3118,1.3587,1.4203,1.4985,1.6061,1.739,1.8866,2.0381,2.1818,2.3627,2.4594,2.5347,2.6158,2.6491,2.6676,2.6735,2.6706,2.6598,2.6432,2.6266,2.6129,2.5982,2.5816,2.5621,2.5386,2.5103,2.479,2.4409,2.3891,2.3275,2.2571,2.1799,2.1036,2.0332,1.9717,1.9218,1.8856,1.8592,1.8426,1.8348,1.8309,1.8289,1.826,1.8182,1.8084,1.7986,1.784,1.7654,1.7322,1.7038,1.6735,1.6305,1.5992,1.5709,1.5455,1.5191,1.4927,1.4682,1.4428,1.4184,1.3949,1.3724,1.3509,1.3314,1.3187,1.303,1.2825,1.2717,1.263,1.2551,1.2532,1.263,1.2893,1.3343,1.391,1.4653,1.566,1.6901,1.8299,1.9736,2.1163,2.2502,2.4164,2.5064,2.5767,2.6491,2.6716,2.6833,2.6891,2.6882,2.6833,2.6774,2.6706,2.6637,2.654,2.6403,2.6178,2.5855,2.5503,2.5103,2.4565,2.391,2.3226,2.2542,2.1857,2.1212,2.0645,2.0166,1.9775,1.9453,1.9179,1.8964,1.8798,1.8641,1.8465,1.827,1.8094,1.7937,1.7781,1.7625,1.7429,1.7224,1.6989,1.6774,1.6588,1.6383,1.6168,1.5943,1.5738,1.5562,1.5376,1.5171,1.4936,1.4702,1.4516,1.434,1.4223,1.4125,1.3998,1.3861,1.3715,1.3587,1.349,1.3402,1.3324,1.3304,1.3382,1.3617,1.3978,1.4545,1.5406,1.65,1.7791,1.9189,2.0596,2.1926,2.3128,2.4154,2.4956,2.5562,2.6022,2.6305,2.6491,2.6637,2.6755,2.6833,2.6833,2.6735,2.6569,2.6354,2.607,2.5738,2.5357,2.4976,2.4555,2.4008,2.3363,2.2678,2.1955,2.1251,2.0587,1.999,1.9462,1.9003,1.8622,1.8358,1.8211,1.8084,1.7957,1.784,1.7703,1.7556,1.739,1.7195,1.6979,1.6755,1.651,1.6256,1.6051,1.5846,1.5611,1.5386,1.5132,1.4858,1.4604,1.4399,1.4223,1.4057,1.39,1.3744,1.3627,1.3529,1.3421,1.3333,1.3245,1.3167,1.3089,1.3011,1.2933,1.2874,1.2923,1.3157,1.3636,1.4282,1.5122,1.6266,1.7634,1.9169,2.0733,2.2248,2.3617,2.48,2.5816,2.6647,2.7273,2.7664,2.7898,2.8094,2.824,2.8338,2.8387,2.8387,2.8338,2.8231,2.8065,2.7849,2.7586,2.7243,2.6862,2.6442,2.5943,2.5367,2.4721,2.3988,2.3206,2.2414,2.1652,2.0978,2.045,2.0059,1.9785,1.9589,1.9433,1.9296,1.915,1.9003,1.8856,1.868,1.8465,1.8221,1.7986,1.7752,1.7527,1.7331,1.7165,1.696,1.6745,1.652,1.6295,1.6051,1.5797,1.5533,1.5269,1.5015,1.48,1.4633,1.4467,1.4291,1.4125,1.3969,1.3812,1.3656,1.3519,1.3441,1.3451,1.3607,1.3998,1.4673,1.5445,1.6373,1.7576,1.8944,2.0391,2.1828,2.3157,2.434,2.5337,2.6139,2.6764,2.7234,2.7507,2.7644,2.7732,2.7781,2.7801,2.7791,2.7732,2.7644,2.7517,2.738,2.7234,2.7048,2.6804,2.6491,2.6061,2.5484,2.48,2.4027,2.3226,2.2444,2.1701,2.1026,2.044,1.9951,1.958,1.9316,1.915,1.9042,1.9022,1.913,1.9335,1.9589,1.9873,2.0147,2.0401,2.0645,2.088,2.1114,2.131,2.1486,2.1642,2.1701,2.1642,2.1476,2.1222,2.088,2.0479,2.0029,1.956,1.9071,1.8641,1.827,1.7898,1.7517,1.7097,1.6618,1.6129,1.5679,1.5279,1.4985,1.4858,1.4966,1.5347,1.5865,1.6559,1.7556,1.8759,2.0088,2.1427,2.2649,2.3705,2.4536,2.5142,2.5562,2.5826,2.5963,2.6012,2.6022,2.5982,2.5924,2.5855,2.5787,2.567,2.5503,2.5318,2.5132,2.4907,2.4448,2.3842,2.3265,2.263,2.1906,2.1105,2.0264,1.9394,1.8573,1.7879,1.7312,1.6882,1.6569,1.6373,1.6256,1.6168,1.608,1.5982,1.5846,1.5699,1.5552,1.5386,1.523,1.5083,1.4936,1.4809,1.4653,1.4428,1.4164,1.3891,1.3607,1.3333,1.3118,1.2981,1.2835,1.2669,1.2493,1.2317,1.219,1.2092,1.1984,1.1877,1.175,1.1593,1.1447,1.1329,1.1232,1.1202,1.1339,1.1701,1.2209,1.2893,1.3822,1.4966,1.6276,1.7644,1.8993,2.0235,2.131,2.2219,2.2972,2.3548,2.3969,2.4213,2.433,2.4389,2.4409,2.4418,2.4418,2.4418,2.4418,2.4379,2.4272,2.4086,2.3793,2.3421,2.2981,2.2434,2.1789,2.1056,2.0303,1.9599,1.8954,1.8377,1.7908,1.7546,1.7273,1.7077,1.696,1.6882,1.6843,1.6862,1.6872,1.6843,1.6794,1.6725,1.6618,1.6452,1.6246,1.5992,1.5758,1.5562,1.5396,1.5239,1.5083,1.4936,1.477,1.4575,1.435,1.4086,1.3842,1.3646,1.348,1.3363,1.3265,1.3157,1.3069,1.2991,1.2913,1.2835,1.2766,1.2708,1.2717,1.2854,1.3216,1.3744,1.4448,1.5464,1.6725,1.8123,1.958,2.0987,2.2278,2.3421,2.436,2.5083,2.565,2.608,2.6334,2.6461,2.6559,2.6628,2.6647,2.6618,2.6569,2.651,2.6403,2.6237,2.6031,2.5738,2.5396,2.4985,2.4448,2.3793,2.306,2.2287,2.1535,2.0841,2.0205,1.9629,1.915,1.8768,1.8465,1.826,1.8104,1.7967,1.784,1.7722,1.7615,1.7468,1.7283,1.7087,1.6872,1.6657,1.6403,1.6168,1.5953,1.5699,1.5445,1.521,1.4995,1.4819,1.4653,1.4497,1.435,1.4203,1.4018,1.3812,1.3656,1.35,1.3314,1.3128,1.2962,1.2825,1.2717,1.2649,1.2649,1.2776,1.3099,1.3666,1.436,1.522,1.6383,1.7732,1.9159,2.0557,2.1838,2.2942,2.3832,2.4545,2.5122,2.5562,2.5894,2.6109,2.6256,2.6383,2.6491,2.6579,2.6637,2.6667,2.6667,2.6608,2.6471,2.6217,2.5855,2.5435,2.4946,2.435,2.3666,2.2923,2.216,2.1427,2.0753,2.0117,1.9541,1.9052,1.8641,1.8348,1.8143,1.7967,1.781,1.7674,1.7537,1.7361,1.7155,1.6931,1.6647,1.6364,1.6109,1.5875,1.566,1.5464,1.5269,1.5103,1.4946,1.479,1.4946,1.523,1.5249,1.5112,1.4907,1.4682,1.4516,1.4409,1.4321,1.4242,1.4174,1.4096,1.4027,1.3959,1.3939,1.4037,1.4282,1.4721,1.5386,1.6139,1.7048,1.824,1.9599,2.1007,2.2366,2.3587,2.4624,2.5464,2.6119,2.6588,2.6911,2.7087,2.7175,2.7253,2.7331,2.74,2.7458,2.7468,2.7439,2.7351,2.7185,2.694,2.6608,2.6158,2.5679,2.5181,2.4555,2.3851,2.3109,2.2366,2.1681,2.1056,2.0489,2,1.956,1.9198,1.8964,1.8827,1.8729,1.8641,1.8563,1.8495,1.8387,1.8231,1.8045,1.784,1.7615,1.7361,1.7087,1.6862,1.6686,1.6491,1.6305,1.6119,1.5924,1.5699,1.5445,1.5181,1.4907,1.4663,1.4467,1.435,1.4262,1.4145,1.4047,1.3969,1.3871,1.3773,1.3685,1.3646,1.3695,1.3881,1.4233,1.48,1.5474,1.6295,1.7351,1.8573,1.9873,2.1153,2.2346,2.3392,2.4233,2.4858,2.5337,2.566,2.5826,2.5904,2.5963,2.5973,2.5943,2.5894,2.5797,2.564,2.5474,2.5327,2.5142,2.4878,2.4477,2.4008,2.349,2.2864,2.216,2.1437,2.0733,2.0088,1.9511,1.9071,1.8749,1.8514,1.8358,1.827,1.8201,1.8133,1.8065,1.7996,1.7908,1.7771,1.7595,1.741,1.7204,1.6999,1.6804,1.6618,1.6452,1.6305,1.61,1.5894,1.5718,1.5582,1.5494,1.5415,1.5308,1.5181,1.5044,1.4868,1.4692,1.4555,1.4428,1.433,1.4252,1.4174,1.4096,1.4027,1.3959,1.391,1.393,1.4106,1.4487,1.5015,1.5709,1.6686,1.7889,1.9179,2.0459,2.1662,2.2766,2.3724,2.4497,2.5103,2.5543,2.5816,2.5973,2.607,2.61,2.608,2.6031,2.5973,2.5875,2.5718,2.5533,2.5318,2.5034,2.4643,2.4213,2.3754,2.3206,2.2581,2.1906,2.1271,2.0674,2.0108,1.9609,1.9218,1.8954,1.8788,1.869,1.8641,1.8602,1.8583,1.8573,1.8534,1.8475,1.8407,1.8309,1.8133,1.7898,1.7644,1.741,1.7185,1.695,1.6745,1.6569,1.6373,1.6178,1.6002,1.5806,1.5611,1.5435,1.5279,1.5132,1.5024,1.4936,1.4819,1.4692,1.4555,1.4428,1.4301,1.4164,1.4057,1.3988,1.3988,1.4115,1.436,1.4761,1.5415,1.6354,1.7527,1.8856,2.0264,2.1652,2.2933,2.4047,2.4966,2.567,2.6178,2.6334,2.6276,2.6266,2.6237,2.6207,2.6178,2.6129,2.607,2.6002,2.5914,2.5787,2.5601,2.5367,2.5073,2.4682,2.4194,2.3617,2.2962,2.2248,2.1544,2.089,2.0303,1.9824,1.9443,1.915,1.8944,1.8788,1.8641,1.8504,1.8377,1.828,1.8201,1.8123,1.8016,1.784,1.7615,1.7361,1.7146,1.694,1.6696,1.6471,1.6266,1.61,1.5904,1.5709,1.5533,1.5347,1.5142,1.4976,1.4819,1.4712,1.4624,1.4506,1.4379,1.4242,1.4086,1.39,1.3744,1.3627,1.3558,1.3558,1.3675,1.3891,1.4262,1.4897,1.5797,1.6891,1.8152,1.9511,2.086,2.2102,2.3196,2.4096,2.4809,2.5376,2.5758,2.6022,2.6256,2.6442,2.6569,2.6657,2.6676,2.6657,2.6608,2.6549,2.6471,2.6344,2.6158,2.5894,2.5533,2.5093,2.4555,2.392,2.3216,2.2483,2.175,2.1065,2.0459,1.9951,1.9541,1.9228,1.8983,1.8778,1.8602,1.8446,1.8319,1.8221,1.8123,1.7986,1.781,1.7615,1.74,1.7204,1.7019,1.6784,1.6549,1.6344,1.6149,1.5953,1.5767,1.5562,1.5357,1.5171,1.4966,1.478,1.4653,1.4516,1.435,1.4194,1.4066,1.3959,1.3842,1.3715,1.3597,1.348,1.3421,1.3451,1.3568,1.3832,1.4321,1.5034,1.5963,1.7097,1.8358,1.9668,2.0938,2.2111,2.3167,2.4066,2.479,2.5298,2.564,2.5934,2.6168,2.6334,2.6432,2.6461,2.6442,2.6364,2.6217,2.6041,2.5846,2.565,2.5406,2.5112,2.4761,2.4301,2.3705,2.3001,2.2248,2.1496,2.0762,2.0088,1.9501,1.9032,1.871,1.8504,1.8348,1.8231,1.8143,1.8065,1.7986,1.7879,1.7752,1.7625,1.7458,1.7263,1.7097,1.695,1.6755,1.653,1.6334,1.6168,1.6012,1.5826,1.563,1.5425,1.5181,1.4927,1.4731,1.4594,1.4457,1.4321,1.4184,1.4057,1.3939,1.3793,1.3636,1.35,1.3402,1.3314,1.3275,1.3324,1.3509,1.3861,1.4418,1.521,1.6197,1.7351,1.8602,1.9892,2.1153,2.2287,2.3275,2.3998,2.4497,2.4917,2.5249,2.5484,2.5621,2.567,2.566,2.5621,2.5572,2.5494,2.5367,2.52,2.5015,2.48,2.4516,2.4125,2.3636,2.3079,2.2444,2.175,2.1046,2.0401,1.9814,1.9296,1.8895,1.8612,1.8397,1.826,1.8172,1.8113,1.8045,1.7977,1.7908,1.781,1.7654,1.7468,1.7273,1.7097,1.694,1.6755,1.6559,1.6354,1.6158,1.5992,1.5816,1.564,1.5484,1.5298,1.5103,1.4966,1.4829,1.4653,1.4497,1.436,1.4282,1.4203,1.4096,1.3988,1.39,1.3803,1.3695,1.3607,1.3568,1.3578,1.3656,1.3891,1.4379,1.5142,1.6139,1.7331,1.8612,1.9932,2.1212,2.2385,2.3304,2.4008,2.4633,2.5122,2.5474,2.5699,2.5816,2.5836,2.5806,2.5738,2.565,2.5562,2.5445,2.5298,2.5112,2.4936,2.4741,2.4467,2.4076,2.3568,2.2942,2.2239,2.1505,2.0821,2.0215,1.9736,1.9355,1.9003,1.8719,1.8514,1.8377,1.8289,1.824,1.8221,1.8172,1.8113,1.8055,1.7986,1.7918,1.781,1.7654,1.7429,1.7146,1.6823,1.65,1.6237,1.6031,1.5855,1.5699,1.5552,1.5445,1.5347,1.523,1.5103,1.4966,1.4829,1.4692,1.4545,1.4409,1.4262,1.4125,1.3998,1.39,1.3851,1.3832,1.3822,1.392,1.4213,1.477,1.5582,1.6608,1.784,1.9218,2.0626,2.1965,2.304,2.39,2.4702,2.5386,2.5943,2.6364,2.6657,2.6843,2.6931,2.6979,2.6979,2.695,2.6901,2.6823,2.6716,2.6569,2.6373,2.6119,2.5777,2.5357,2.4878,2.4321,2.3685,2.3011,2.2326,2.1711,2.1173,2.0626,2.0098,1.9658,1.9335,1.9101,1.8954,1.8876,1.8817,1.8739,1.8612,1.8456,1.8289,1.8104,1.7889,1.7654,1.741,1.7146,1.6891,1.6657,1.6422,1.6197,1.6012,1.5846,1.5728,1.563,1.5513,1.5386,1.5249,1.5112,1.4976,1.4819,1.4633,1.4409,1.4174,1.3969,1.3832,1.3734,1.3627,1.3558,1.3558,1.3646,1.3871,1.433,1.5083,1.609,1.7322,1.868,2.0088,2.129,2.2326,2.3363,2.4272,2.5044,2.5679,2.6178,2.6549,2.6784,2.6901,2.696,2.6989,2.697,2.694,2.6931,2.6891,2.6833,2.6735,2.6579,2.6364,2.6041,2.5611,2.5073,2.4438,2.3724,2.3069,2.2444,2.1769,2.1134,2.0567,2.0088,1.9687,1.9384,1.9159,1.8993,1.8856,1.8719,1.8602,1.8465,1.8299,1.8113,1.7908,1.7703,1.7488,1.7283,1.7048,1.6774,1.65,1.6256,1.6022,1.5855,1.5738,1.5601,1.5445,1.5259,1.5083,1.4927,1.477,1.4624,1.4467,1.4282,1.4076,1.3939,1.3744,1.349,1.3324,1.3206,1.3109,1.3079,1.3196,1.35,1.4057,1.4858,1.5904,1.7146,1.8319,1.9453,2.0665,2.1848,2.2942,2.39,2.4702,2.5357,2.5865,2.6246,2.653,2.6706,2.6774,2.6813,2.6852,2.6852,2.6813,2.6755,2.6676,2.6549,2.6334,2.6031,2.563,2.5142,2.4575,2.3998,2.3402,2.2708,2.1984,2.1281,2.0616,2.0039,1.9531,1.9101,1.8739,1.8446,1.8231,1.8094,1.8006,1.7928,1.7849,1.7771,1.7664,1.7507,1.7322,1.7116,1.6891,1.6628,1.6354,1.609,1.5885,1.5728,1.5543,1.5347,1.5171,1.4995,1.48,1.4614,1.4448,1.4291,1.4125,1.393,1.3783,1.3666,1.3558,1.347,1.3392,1.3314,1.3236,1.3167,1.3109,1.3118,1.3245,1.3568,1.4125,1.48,1.5621,1.6716,1.8016,1.9423,2.0811,2.2102,2.3226,2.4174,2.4936,2.5513,2.5924,2.6188,2.6334,2.6413,2.6413,2.6373,2.6325,2.6256,2.6188,2.6119,2.6031,2.5894,2.5679,2.5357,2.4985,2.4545,2.3988,2.3324,2.26,2.1857,2.1163,2.0528,1.9941,1.9443,1.9052,1.8749,1.8543,1.8387,1.826,1.8152,1.8065,1.7986,1.7898,1.7761,1.7586,1.739,1.7146,1.6862,1.6618,1.6383,1.6119,1.5885,1.5689,1.5523,1.5367,1.522,1.5073,1.4927,1.478,1.4633,1.4497,1.4389,1.4301,1.4184,1.4047,1.3871,1.3695,1.3539,1.3372,1.3216,1.3079,1.2942,1.2796,1.2727,1.2727,1.2805,1.3001,1.3402,1.4037,1.4917,1.6041,1.7351,1.8778,2.0215,2.1584,2.2805,2.3724,2.4399,2.4995,2.5464,2.5806,2.6041,2.6188,2.6295,2.6354,2.6344,2.6305,2.6246,2.6168,2.6051,2.5904,2.5689,2.5367,2.4956,2.4477,2.391,2.3284,2.2649,2.2004,2.1359,2.0733,2.0225,1.9804,1.9413,1.9091,1.8837,1.8661,1.8534,1.8416,1.8289,1.8152,1.7996,1.781,1.7644,1.7498,1.7312,1.7116,1.6901,1.6686,1.6471,1.6256,1.6041,1.5846,1.567,1.5513,1.5367,1.5259,1.5161,1.5044,1.4917,1.478,1.4633,1.4497,1.435,1.4203,1.4057,1.392,1.3773,1.3666,1.3558,1.3431,1.3333,1.3245,1.3187,1.3196,1.3324,1.3617,1.4145,1.4936,1.5963,1.7175,1.8319,1.9413,2.0606,2.1779,2.2874,2.3812,2.4585,2.5239,2.5767,2.6168,2.6461,2.6657,2.6755,2.6764,2.6735,2.6686,2.6618,2.6491,2.6325,2.61,2.5797,2.5406,2.4917,2.434,2.3705,2.3128,2.259,2.2023,2.1486,2.0987,2.0567,2.0215,1.9902,1.9609,1.9335,1.911,1.8935,1.8788,1.8671,1.8543,1.8407,1.825,1.8074,1.7879,1.7674,1.7458,1.7224,1.6999,1.6784,1.6559,1.6354,1.6207,1.6022,1.5826,1.563,1.5425,1.5249,1.5093,1.4966,1.4888,1.4809,1.4702,1.4614,1.4536,1.4428,1.4301,1.4174,1.4037,1.3881,1.3734,1.3627,1.3558,1.3558,1.3675,1.4018,1.4516,1.5181,1.6139,1.7341,1.871,2.0137,2.1544,2.2845,2.3959,2.4888,2.5611,2.6158,2.652,2.6716,2.6833,2.6891,2.6901,2.6891,2.6872,2.6823,2.6764,2.6706,2.6608,2.6452,2.6237,2.5953,2.5582,2.5122,2.4575,2.3959,2.3324,2.2688,2.2063,2.1437,2.086,2.0381,1.998,1.9677,1.9443,1.9238,1.9081,1.8964,1.8856,1.8739,1.8612,1.8456,1.828,1.8074,1.781,1.7576,1.7351,1.7097,1.6872,1.6657,1.6442,1.6217,1.5992,1.5816,1.566,1.5513,1.5367,1.522,1.5093,1.4966,1.478,1.4565,1.435,1.4145,1.3969,1.3842,1.3744,1.3685,1.3636,1.3607,1.3646,1.3715,1.3803,1.3969,1.433,1.4966,1.5855,1.6979,1.828,1.9677,2.1056,2.2317,2.3421,2.4233,2.4848,2.5415,2.5894,2.6266,2.654,2.6716,2.6804,2.6823,2.6804,2.6755,2.6696,2.6618,2.651,2.6364,2.6178,2.5904,2.5543,2.5103,2.4565,2.3949,2.3294,2.262,2.1935,2.1281,2.0743,2.0303,1.9912,1.958,1.9306,1.9101,1.8925,1.8768,1.8622,1.8485,1.8358,1.8231,1.8094,1.7957,1.7791,1.7595,1.738,1.7136,1.6872,1.6618,1.6403,1.6227,1.607,1.5924,1.5758,1.5611,1.5464,1.5288,1.5083,1.4878,1.4702,1.4545,1.436,1.4184,1.4057,1.393,1.3793,1.3724,1.3685,1.3636,1.3597,1.3607,1.3715,1.3959,1.4399,1.5054,1.5934,1.7028,1.8309,1.9658,2.0821,2.1857,2.2913,2.3851,2.4633,2.5269,2.5767,2.6139,2.6393,2.6549,2.6647,2.6676,2.6647,2.6579,2.651,2.6432,2.6325,2.6158,2.5914,2.5582,2.5171,2.4692,2.4115,2.35,2.2845,2.2239,2.1642,2.0997,2.0411,1.9902,1.9492,1.9159,1.8905,1.871,1.8543,1.8387,1.824,1.8133,1.8055,1.7947,1.781,1.7664,1.7507,1.7322,1.7126,1.6921,1.6706,1.65,1.6285,1.607,1.5914,1.5758,1.5582,1.5386,1.5181,1.5005,1.4848,1.4702,1.4555,1.4409,1.4262,1.4125,1.4018,1.393,1.3793,1.3656,1.3548,1.346,1.3382,1.3343,1.3412,1.3646,1.4096,1.478,1.5689,1.6657,1.7713,1.8944,2.0235,2.1505,2.2669,2.3675,2.4497,2.5142,2.5621,2.5963,2.6188,2.6305,2.6325,2.6305,2.6237,2.6149,2.6051,2.5934,2.5787,2.5591,2.5318,2.4946,2.4497,2.4018,2.35,2.2884,2.2219,2.1554,2.0919,2.0332,1.9834,1.9423,1.911,1.8886,1.87,1.8573,1.8485,1.8407,1.8338,1.826,1.8172,1.8074,1.7957,1.7771,1.7527,1.7224,1.6931,1.6676,1.6481,1.6315,1.6119,1.5934,1.5767,1.5582,1.5386,1.521,1.5054,1.4907,1.4761,1.4614,1.4457,1.4311,1.4184,1.4047,1.391,1.3783,1.3685,1.3597,1.3519,1.347,1.35,1.3656,1.3978,1.4418,1.5034,1.5924,1.7058,1.8368,1.9746,2.1095,2.2336,2.3441,2.4379,2.5171,2.5826,2.6354,2.6667,2.6843,2.697,2.7028,2.7038,2.6999,2.6921,2.6843,2.6735,2.6579,2.6354,2.6051,2.5709,2.5298,2.4809,2.4252,2.3617,2.2962,2.2317,2.1672,2.1065,2.0528,2.0088,1.9726,1.9433,1.9238,1.9091,1.8944,1.8798,1.8651,1.8514,1.8368,1.8231,1.8074,1.7889,1.7693,1.7468,1.7263,1.7058,1.6813,1.6549,1.6276,1.6051,1.5865,1.5689,1.5494,1.5308,1.5103,1.4897,1.4721,1.4604,1.4506,1.4389,1.4252,1.4115,1.3978,1.3842,1.3695,1.3539,1.3382,1.3294,1.3284,1.3382,1.3666,1.4194,1.5005,1.6109,1.7419,1.8837,2.0264,2.1642,2.2874,2.3939,2.4839,2.5591,2.6129,2.65,2.6794,2.7019,2.7175,2.7273,2.7322,2.7312,2.7234,2.7126,2.6989,2.6813,2.6618,2.6393,2.6109,2.5718,2.5239,2.4692,2.4066,2.3382,2.2688,2.2004,2.1359,2.0782,2.0323,1.998,1.9707,1.9462,1.9257,1.9062,1.8876,1.869,1.8534,1.8377,1.8231,1.8104,1.7996,1.7889,1.7761,1.7595,1.74,1.7195,1.6989,1.6764,1.651,1.6197,1.5865,1.5562,1.5279,1.4995,1.477,1.4565,1.433,1.4076,1.3822,1.3617,1.3441,1.3284,1.3138,1.3011,1.2913,1.2835,1.2796,1.2825,1.2981,1.3333,1.3939,1.4809,1.5914,1.7204,1.8583,1.998,2.132,2.2502,2.349,2.4203,2.4731,2.52,2.5591,2.5904,2.6119,2.6227,2.6256,2.6237,2.6197,2.6139,2.6061,2.5934,2.5767,2.5572,2.5318,2.4985,2.4555,2.4047,2.347,2.2835,2.219,2.1525,2.087,2.0332,1.9873,1.9423,1.9022,1.8719,1.8504,1.8338,1.8221,1.8113,1.7996,1.7869,1.7713,1.7537,1.738,1.7214,1.6999,1.6755,1.651,1.6246,1.5973,1.5738,1.5513,1.5298,1.5112,1.4946,1.4829,1.4741,1.4624,1.4497,1.436,1.4194,1.3988,1.3783,1.3597,1.3451,1.3343,1.3255,1.3177,1.3138,1.3118,1.3109,1.3187,1.3412,1.3851,1.4555,1.5523,1.6716,1.8035,1.9394,2.0714,2.1789,2.2669,2.35,2.4194,2.4731,2.5132,2.5406,2.5562,2.5621,2.5611,2.5572,2.5543,2.5503,2.5435,2.5347,2.5239,2.5064,2.48,2.4428,2.3949,2.3382,2.2737,2.2043,2.1329,2.0645,2.0078,1.9589,1.911,1.868,1.8309,1.8025,1.783,1.7732,1.7713,1.7722,1.7713,1.7674,1.7586,1.7468,1.7341,1.7175,1.6989,1.6764,1.651,1.6285,1.6061,1.5865,1.5699,1.5513,1.5298,1.5122,1.4966,1.479,1.4575,1.437,1.4174,1.3978,1.3793,1.3646,1.3539,1.3451,1.3372,1.3304,1.3255,1.3196,1.3109,1.305,1.3069,1.3216,1.3548,1.4145,1.4976,1.6012,1.7214,1.8485,1.9589,2.0547,2.1544,2.2473,2.3284,2.3969,2.4516,2.4946,2.5259,2.5455,2.5533,2.5523,2.5425,2.5259,2.5034,2.479,2.4526,2.4262,2.3959,2.3578,2.3109,2.2571,2.1955,2.1271,2.0606,2.0059,1.9599,1.915,1.8749,1.8446,1.824,1.8123,1.8035,1.7937,1.7849,1.7771,1.7703,1.7615,1.7517,1.74,1.7243,1.7058,1.6862,1.6667,1.6461,1.6256,1.6051,1.5865,1.5679,1.5484,1.5318,1.5191,1.5054,1.4917,1.478,1.4643,1.4506,1.437,1.4233,1.4096,1.3959,1.3822,1.3666,1.3548,1.349,1.3431,1.3363,1.3353,1.3431,1.3675,1.4174,1.4927,1.5885,1.7019,1.825,1.9335,2.0303,2.1457,2.259,2.3509,2.4242,2.4819,2.5259,2.5601,2.5846,2.5982,2.6031,2.6012,2.5924,2.5797,2.563,2.5425,2.5161,2.4858,2.4497,2.4057,2.3548,2.2981,2.2385,2.1769,2.1222,2.0733,2.0264,1.9824,1.9423,1.9101,1.8856,1.8671,1.8524,1.8416,1.8328,1.825,1.8172,1.8065,1.7928,1.7791,1.7634,1.7468,1.7322,1.7155,1.697,1.6774,1.6569,1.6383,1.6217,1.61,1.5992,1.5836,1.565,1.5435,1.522,1.5044,1.4888,1.4741,1.4594,1.4457,1.4321,1.4213,1.4106,1.3988,1.3891,1.3842,1.3871,1.4008,1.4321,1.4858,1.563,1.6618,1.7791,1.9071,2.0215,2.1261,2.2356,2.3392,2.4301,2.5073,2.5699,2.6188,2.654,2.6745,2.6833,2.6843,2.6794,2.6716,2.6608,2.6452,2.6266,2.6051,2.5787,2.5484,2.5142,2.4751,2.4252,2.3656,2.2991,2.2366,2.1799,2.1075,2.044,2.001,1.9629,1.9316,1.9071,1.8895,1.8759,1.8631,1.8524,1.8416,1.8328,1.825,1.8143,1.7986,1.7801,1.7605,1.74,1.7175,1.6931,1.6667,1.6393,1.6158,1.6002,1.5885,1.5728,1.5543,1.5386,1.52,1.5005,1.4839,1.4682,1.4536,1.4409,1.4291,1.4203,1.4125,1.4008,1.39,1.3812,1.3763,1.3812,1.4008,1.4438,1.5122,1.6041,1.7175,1.8465,1.9648,2.0743,2.1916,2.303,2.3988,2.4741,2.5288,2.5689,2.5953,2.6109,2.6168,2.6158,2.6109,2.5992,2.5826,2.564,2.5445,2.5239,2.5034,2.48,2.4487,2.4086,2.3578,2.2991,2.2346,2.175,2.1222,2.0684,2.0166,1.9717,1.9335,1.9013,1.8749,1.8543,1.8407,1.8338,1.8289,1.825,1.8211,1.8152,1.8074,1.7947,1.7781,1.7576,1.7322,1.7048,1.6813,1.6569,1.6344,1.6168,1.6041,1.5943,1.5826,1.5679,1.5523,1.5357,1.5161,1.4985,1.4829,1.4712,1.4692,1.48,1.5024,1.5396,1.5982,1.6784,1.7732,1.8778,1.9863,2.0909,2.1848,2.2649,2.3304,2.3822,2.4223,2.4477,2.4604,2.4673,2.4673,2.4585,2.434,2.4086,2.3871,2.3568,2.3196,2.2727,2.218,2.1652,2.1105,2.0518,1.9951,1.9384,1.8876,1.8475,1.8152,1.7918,1.7771,1.7674,1.7644,1.7664,1.7693,1.7713,1.7703,1.7664,1.7605,1.7507,1.7351,1.7175,1.6862,1.6491,1.6197,1.5943,1.5767,1.5601,1.5396,1.5181,1.4985,1.4809,1.4653,1.4506,1.436,1.4213,1.4066,1.3891,1.3724,1.3607,1.349,1.3431,1.3421,1.3421,1.3421,1.3421,1.3402,1.3353,1.3294,1.3226,1.3128,1.3021,1.2952,1.2874,1.2805,1.2786,1.2923,1.3265,1.3842,1.4731,1.5914,1.7351,1.8964,2.044,2.1789,2.3206,2.4545,2.5699,2.6598,2.7263,2.7742,2.8065,2.828,2.8426,2.8524,2.8573,2.8553,2.8514,2.8495,2.8446,2.8348,2.8211,2.8016,2.7742,2.737,2.6891,2.6315,2.564,2.4985,2.4311,2.3548,2.2766,2.2033,2.1378,2.0831,2.042,2.0117,1.9892,1.9717,1.955,1.9394,1.9267,1.911,1.8886,1.8631,1.8358,1.8104,1.7869,1.7644,1.7419,1.7204,1.697,1.6725,1.653,1.6364,1.6168,1.5963,1.5767,1.5601,1.5425,1.523,1.5044,1.4848,1.4673,1.4516,1.433,1.4184,1.4037,1.3832,1.3646,1.3509,1.3441,1.346,1.3597,1.392,1.4477,1.5279,1.6295,1.7302,1.8348,1.9531,2.0723,2.1857,2.2913,2.3832,2.4604,2.5239,2.5758,2.6158,2.6452,2.6637,2.6686,2.6657,2.6608,2.6549,2.6461,2.6334,2.6139,2.5885,2.5552,2.5152,2.4682,2.4125,2.3558,2.2972,2.2278,2.1574,2.0909,2.0313,1.9795,1.9374,1.9062,1.8827,1.8641,1.8475,1.8319,1.8192,1.8074,1.7928,1.7742,1.7546,1.7341,1.7126,1.6911,1.6696,1.6481,1.6266,1.6051,1.5865,1.5718,1.5572,1.5415,1.523,1.5024,1.4829,1.4624,1.4418,1.4223,1.4018,1.3822,1.3656,1.3539,1.346,1.3382,1.3314,1.3236,1.3187,1.3196,1.3304,1.3597,1.4135,1.4927,1.5973,1.7038,1.8143,1.9453,2.0792,2.2072,2.3216,2.4203,2.5034,2.5709,2.6207,2.6549,2.6755,2.6833,2.6823,2.6764,2.6696,2.6608,2.651,2.6393,2.6227,2.6031,2.5787,2.5474,2.5103,2.4663,2.4184,2.3656,2.3021,2.2336,2.1672,2.1036,2.0469,1.998,1.958,1.9247,1.8993,1.8798,1.8612,1.8465,1.8348,1.8221,1.8084,1.7947,1.7791,1.7605,1.739,1.7116,1.6794,1.6491,1.6197,1.5943,1.5758,1.5591,1.5445,1.5279,1.5093,1.4907,1.4741,1.4585,1.4438,1.4291,1.4145,1.4037,1.3939,1.3822,1.3636,1.3431,1.3294,1.3187,1.3099,1.3021,1.3001,1.3109,1.3402,1.392,1.4536,1.5288,1.6285,1.7449,1.869,1.9902,2.1026,2.2023,2.2884,2.3568,2.4096,2.4497,2.4751,2.4888,2.4976,2.5005,2.4985,2.4907,2.4761,2.4585,2.4399,2.4194,2.3949,2.3656,2.3294,2.2903,2.2454,2.1906,2.129,2.0626,1.999,1.9423,1.8915,1.8495,1.8182,1.7957,1.7791,1.7674,1.7576,1.7498,1.7429,1.7361,1.7292,1.7224,1.7146,1.7019,1.6852,1.6647,1.6422,1.6217,1.6041,1.5885,1.5689,1.5474,1.5249,1.5034,1.4819,1.4614,1.4409,1.4203,1.4037,1.3881,1.3783,1.3754,1.3705,1.3617,1.35,1.3382,1.3255,1.3138,1.304,1.2962,1.2923,1.2991,1.3206,1.3548,1.4096,1.4917,1.5953,1.7175,1.8524,1.9873,2.1163,2.2336,2.3343,2.4174,2.4819,2.5259,2.5552,2.5787,2.5953,2.6051,2.607,2.6012,2.5924,2.5846,2.5777,2.5709,2.564,2.5543,2.5376,2.5122,2.4751,2.4282,2.3724,2.3069,2.2356,2.1642,2.0958,2.0342,1.9814,1.9384,1.9062,1.8837,1.8661,1.8504,1.8358,1.8231,1.8113,1.7986,1.7859,1.7693,1.7498,1.7292,1.7087,1.6901,1.6686,1.6413,1.6129,1.5846,1.5601,1.5415,1.5249,1.5103,1.4946,1.4761,1.4585,1.4467,1.437,1.4252,1.4145,1.4037,1.392,1.3773,1.3578,1.3382,1.3216,1.3079,1.2981,1.2893,1.2874,1.2962,1.3177,1.3568,1.4213,1.5112,1.6237,1.7507,1.8856,2.0215,2.1486,2.261,2.346,2.4106,2.4702,2.5191,2.5552,2.5816,2.6022,2.6158,2.6227,2.6237,2.6207,2.6149,2.6031,2.5904,2.5806,2.5689,2.5513,2.5259,2.4868,2.437,2.3578,2.2796,2.2219,2.1574,2.0929,2.0362,1.9775,1.9257,1.8935,1.8641,1.8387,1.8192,1.8006,1.783,1.7625,1.7449,1.7341,1.7253,1.7136,1.6979,1.6794,1.6598,1.6354,1.6129,1.5963,1.5767,1.5533,1.5279,1.5015,1.478,1.4565,1.435,1.4213,1.4106,1.3949,1.3803,1.3666,1.3529,1.3412,1.3284,1.3206,1.3148,1.3069,1.2991,1.2903,1.2786,1.2747,1.2864,1.303,1.3265,1.3783,1.4946,1.654,1.7713,1.8651,1.9971,2.1417,2.2424,2.3304,2.4233,2.4907,2.5327,2.5621,2.6188,2.6843,2.7214,2.7361,2.74,2.7419,2.739,2.7302,2.7175,2.7019,2.6813,2.653,2.6139,2.564,2.5073,2.4457,2.3832,2.3187,2.2454,2.1711,2.1026,2.0401,1.9863,1.9423,1.9091,1.8856,1.8661,1.8456,1.826,1.8084,1.7889,1.7674,1.7478,1.7283,1.7077,1.6862,1.6637,1.6383,1.609,1.5806,1.5552,1.5357,1.5181,1.4976,1.4751,1.4487,1.4242,1.4047,1.3871,1.3705,1.3568,1.3441,1.3304,1.3206,1.3118,1.2981,1.2796,1.259,1.2414,1.2287,1.219,1.2102,1.2063,1.2131,1.2375,1.2835,1.3412,1.4154,1.5191,1.6491,1.7947,1.9443,2.088,2.219,2.3333,2.4262,2.4985,2.5533,2.5885,2.608,2.6217,2.6325,2.6393,2.6442,2.6471,2.6452,2.6403,2.6334,2.6227,2.6061,2.5836,2.5533,2.5152,2.4663,2.4066,2.3382,2.263,2.1838,2.1065,2.0362,1.9756,1.9247,1.8817,1.8514,1.8299,1.8123,1.7977,1.7869,1.7781,1.7703,1.7605,1.7458,1.7253,1.7009,1.6716,1.6403,1.6149,1.5934,1.5689,1.5474,1.5298,1.5132,1.4976,1.4819,1.4673,1.4516,1.437,1.4223,1.4106,1.4008,1.3871,1.3685,1.347,1.3265,1.3128,1.3021,1.2933,1.2845,1.2766,1.2688,1.261,1.259,1.2639,1.2757,1.2981,1.3392,1.4086,1.5054,1.6256,1.7664,1.9169,2.0665,2.2072,2.3187,2.4037,2.48,2.5445,2.5953,2.6334,2.6618,2.6833,2.6979,2.7058,2.7058,2.6999,2.6911,2.6774,2.6598,2.6383,2.6109,2.5748,2.5279,2.4731,2.4106,2.3412,2.2698,2.1965,2.1241,2.0635,2.0127,1.9638,1.9198,1.8847,1.8583,1.8377,1.8221,1.8104,1.7986,1.7869,1.7781,1.7722,1.7634,1.7478,1.7283,1.7077,1.6843,1.6559,1.6246,1.5943,1.564,1.5376,1.5171,1.4995,1.4868,1.477,1.4643,1.4506,1.436,1.4213,1.4066,1.392,1.3773,1.3627,1.347,1.3324,1.3216,1.3118,1.2991,1.2874,1.2786,1.2717,1.2737,1.2903,1.3265,1.391,1.4848,1.6022,1.739,1.868,1.9883,2.1173,2.2414,2.3519,2.4448,2.521,2.5836,2.6334,2.6696,2.6911,2.7019,2.7038,2.7009,2.6979,2.6921,2.6862,2.6794,2.6716,2.6608,2.6403,2.61,2.5679,2.5171,2.4585,2.3969,2.3333,2.26,2.1906,2.1281,2.0694,2.0205,1.9795,1.9482,1.9257,1.9071,1.8905,1.8768,1.8651,1.8485,1.8289,1.8104,1.7908,1.7703,1.7488,1.7273,1.7058,1.6843,1.6628,1.6413,1.6237,1.608,1.5875,1.5621,1.5357,1.5112,1.4917,1.4751,1.4594,1.4448,1.4301,1.4154,1.4047,1.392,1.3763,1.3656,1.3568,1.346,1.3343,1.3226,1.3148,1.3187,1.3402,1.3832,1.4536,1.5347,1.6315,1.7566,1.8964,2.0401,2.1799,2.3069,2.4154,2.5064,2.5787,2.6325,2.6696,2.6901,2.7019,2.7155,2.7273,2.7351,2.739,2.741,2.739,2.7302,2.7175,2.6999,2.6764,2.6471,2.6149,2.5767,2.5288,2.4712,2.4047,2.3314,2.2551,2.1779,2.1046,2.0411,1.9902,1.9501,1.9208,1.9013,1.8837,1.868,1.8534,1.8348,1.8172,1.8016,1.783,1.7625,1.7419,1.7185,1.695,1.6735,1.652,1.6285,1.6061,1.5846,1.5611,1.5386,1.5161,1.4946,1.4761,1.4604,1.4448,1.434,1.4242,1.4106,1.393,1.3754,1.3597,1.3431,1.3275,1.3138,1.3001,1.2874,1.2835,1.2923,1.3148,1.3558,1.4233,1.5161,1.6285,1.7586,1.8974,2.0352,2.1662,2.2845,2.3832,2.4614,2.5161,2.5562,2.5904,2.6188,2.6413,2.6598,2.6745,2.6843,2.6891,2.6911,2.6901,2.6823,2.6676,2.65,2.6266,2.5953,2.5562,2.5093,2.4536,2.3871,2.3118,2.2346,2.1584,2.088,2.0274,1.9814,1.9443,1.9091,1.8788,1.8553,1.8358,1.8192,1.8035,1.7869,1.7703,1.7546,1.738,1.7224,1.7077,1.6891,1.6686,1.6461,1.6207,1.5953,1.5718,1.5513,1.5337,1.5171,1.5024,1.4858,1.4702,1.4575,1.4399,1.4184,1.3969,1.3793,1.3666,1.3568,1.348,1.3372,1.3245,1.3109,1.3001,1.2952,1.2903,1.2952,1.3177,1.3646,1.4418,1.5474,1.6735,1.8113,1.956,2.0987,2.2307,2.3363,2.4174,2.4888,2.5464,2.5914,2.6266,2.651,2.6667,2.6784,2.6862,2.6901,2.6901,2.6843,2.6764,2.6667,2.653,2.6334,2.6061,2.567,2.5191,2.4624,2.3949,2.3196,2.2424,2.1681,2.1056,2.0528,2.0029,1.958,1.9198,1.8886,1.8631,1.8436,1.828,1.8172,1.8084,1.8006,1.7928,1.782,1.7634,1.738,1.7097,1.6813,1.654,1.6295,1.607,1.5826,1.565,1.5503,1.5327,1.52,1.5103,1.4995,1.4868,1.4741,1.4604,1.4457,1.4282,1.4125,1.4018,1.3891,1.3763,1.3685,1.3607,1.349,1.3363,1.3284,1.3294,1.347,1.3822,1.4399,1.523,1.6266,1.7449,1.869,1.9765,2.0723,2.172,2.2659,2.348,2.4164,2.4702,2.5103,2.5386,2.5582,2.5679,2.5699,2.566,2.5582,2.5494,2.5396,2.5288,2.5132,2.4917,2.4643,2.4301,2.3861,2.3324,2.2717,2.2082,2.1515,2.0997,2.045,1.9912,1.9404,1.8964,1.8592,1.8328,1.8162,1.8065,1.8016,1.7977,1.7937,1.7898,1.7849,1.7761,1.7615,1.7439,1.7253,1.7038,1.6784,1.652,1.6266,1.6041,1.5865,1.5738,1.564,1.5533,1.5406,1.5279,1.5142,1.5015,1.4878,1.4741,1.4575,1.4389,1.4233,1.4125,1.4047,1.3978,1.391,1.3842,1.3773,1.3724,1.3734,1.3851,1.4164,1.4721,1.5543,1.6422,1.7361,1.8495,1.9717,2.0938,2.2063,2.303,2.3812,2.4438,2.4936,2.5327,2.5582,2.5748,2.5826,2.5865,2.5885,2.5865,2.5816,2.5767,2.5689,2.5562,2.5367,2.5073,2.4692,2.4213,2.3705,2.3177,2.2561,2.1906,2.1261,2.0645,2.0088,1.9609,1.9238,1.8964,1.8778,1.8651,1.8543,1.8436,1.8328,1.8231,1.8113,1.7957,1.7781,1.7625,1.7478,1.7331,1.7195,1.7028,1.6843,1.6686,1.654,1.6344,1.6149,1.5963,1.5777,1.5582,1.5367,1.5142,1.4907,1.4692,1.4516,1.436,1.4252,1.4164,1.4066,1.3988,1.391,1.3842,1.3773,1.3734,1.3783,1.3949,1.4262,1.479,1.5406,1.6149,1.7136,1.8299,1.9589,2.089,2.2121,2.3245,2.4194,2.4966,2.5572,2.5992,2.6256,2.6373,2.6393,2.6403,2.6413,2.6393,2.6354,2.6305,2.6246,2.6149,2.5992,2.5787,2.5484,2.5132,2.4731,2.4233,2.3646,2.3001,2.2326,2.1672,2.1056,2.0479,1.9951,1.9511,1.914,1.8837,1.8612,1.8465,1.8348,1.824,1.8152,1.8074,1.8006,1.7918,1.7791,1.7625,1.7439,1.7253,1.7077,1.6882,1.6637,1.6364,1.6109,1.5894,1.5718,1.5572,1.5425,1.5288,1.5152,1.4995,1.4819,1.4682,1.4545,1.4379,1.4213,1.4047,1.391,1.3793,1.3675,1.3617,1.3675,1.3891,1.433,1.4927,1.5689,1.6745,1.7986,1.9374,2.0782,2.2072,2.3196,2.4145,2.4907,2.5494,2.5943,2.6295,2.65,2.6608,2.6676,2.6716,2.6735,2.6725,2.6686,2.6628,2.6569,2.6471,2.6315,2.61,2.5816,2.5455,2.4995,2.4448,2.3793,2.3069,2.2336,2.1584,2.088,2.0264,1.9736,1.9296,1.8954,1.8719,1.8563,1.8475,1.8407,1.8328,1.8221,1.8074,1.7898,1.7713,1.7517,1.7312,1.7107,1.6931,1.6764,1.654,1.6305,1.607,1.5846,1.566,1.5503,1.5357,1.521,1.5034,1.4848,1.4643,1.4477,1.434,1.4164,1.3978,1.3812,1.3675,1.3539,1.3421,1.3363,1.3421,1.3627,1.4018,1.4545,1.522,1.6178,1.737,1.869,2.0059,2.1378,2.259,2.3646,2.4506,2.5181,2.5689,2.6012,2.6207,2.6354,2.6461,2.654,2.6559,2.653,2.6481,2.6383,2.6237,2.6041,2.5787,2.5455,2.5093,2.4712,2.4223,2.3636,2.2962,2.2248,2.1505,2.0792,2.0137,1.957,1.9091,1.8719,1.8465,1.8299,1.8182,1.8123,1.8094,1.8045,1.7986,1.7889,1.7742,1.7566,1.737,1.7165,1.696,1.6794,1.6637,1.6442,1.6217,1.6002,1.5777,1.5543,1.5318,1.5093,1.4878,1.4692,1.4536,1.4418,1.433,1.4184,1.4018,1.3871,1.3705,1.3558,1.3431,1.3333,1.3284,1.3343,1.3568,1.3988,1.4526,1.5249,1.6266,1.7498,1.8856,2.0225,2.1515,2.2659,2.3627,2.4409,2.4985,2.5396,2.566,2.5806,2.5894,2.5924,2.5904,2.5855,2.5797,2.5738,2.564,2.5484,2.5288,2.5034,2.4692,2.4321,2.391,2.3392,2.2766,2.2072,2.1369,2.0704,2.0098,1.955,1.9101,1.8759,1.8504,1.8338,1.826,1.8221,1.8182,1.8123,1.8065,1.7986,1.7859,1.7693,1.7488,1.7263,1.7048,1.6804,1.6579,1.6393,1.6217,1.6061,1.5914,1.5767,1.5621,1.5484,1.5347,1.521,1.5054,1.4858,1.4673,1.4487,1.4291,1.4125,1.3988,1.3891,1.3822,1.3803,1.3832,1.3881,1.4008,1.4311,1.4848,1.5474,1.6237,1.7273,1.8465,1.9717,2.0948,2.2082,2.3079,2.391,2.4565,2.5064,2.5435,2.566,2.5767,2.5846,2.5865,2.5836,2.5787,2.5728,2.563,2.5474,2.5279,2.5024,2.4712,2.4311,2.3871,2.3372,2.2776,2.2111,2.1437,2.0802,2.0225,1.9717,1.9286,1.8954,1.87,1.8543,1.8446,1.8368,1.8289,1.8221,1.8133,1.8006,1.783,1.7644,1.7439,1.7234,1.7028,1.6823,1.6608,1.6432,1.6276,1.6109,1.5953,1.5806,1.566,1.5523,1.5386,1.5239,1.5083,1.4897,1.4682,1.4506,1.4379,1.4252,1.4115,1.3988,1.3891,1.3812,1.3734,1.3695,1.3744,1.3969,1.4448,1.5073,1.5855,1.6901,1.8143,1.9511,2.0899,2.2229,2.3412,2.4409,2.521,2.5826,2.6266,2.6559,2.6706,2.6774,2.6833,2.6843,2.6833,2.6804,2.6755,2.6696,2.6598,2.6422,2.6178,2.5846,2.5455,2.5015,2.4477,2.3861,2.3216,2.2571,2.1935,2.13,2.0723,2.0244,1.9844,1.9501,1.9208,1.8993,1.8837,1.8671,1.8495,1.8319,1.8162,1.8016,1.784,1.7644,1.7439,1.7214,1.696,1.6735,1.653,1.6305,1.609,1.5914,1.5718,1.5494,1.5279,1.5083,1.4897,1.4702,1.4516,1.435,1.4233,1.4135,1.4018,1.3891,1.3754,1.3636,1.3539,1.348,1.35,1.3646,1.3988,1.4575,1.5279,1.61,1.7175,1.8436,1.9765,2.1065,2.2278,2.3333,2.4213,2.4917,2.5464,2.5875,2.6168,2.6334,2.6413,2.6491,2.653,2.651,2.6471,2.6403,2.6295,2.6149,2.5953,2.5699,2.5367,2.5005,2.4614,2.4106,2.35,2.2854,2.2219,2.1584,2.0968,2.0411,1.9941,1.955,1.9247,1.9032,1.8866,1.8719,1.8524,1.8338,1.8172,1.7986,1.781,1.7644,1.7478,1.7292,1.7087,1.6882,1.6696,1.651,1.6315,1.6109,1.5904,1.5709,1.5513,1.5308,1.5132,1.4976,1.479,1.4594,1.4428,1.4311,1.4213,1.4096,1.3969,1.3832,1.3715,1.3617,1.3568,1.3627,1.3851,1.4301,1.5015,1.5816,1.6706,1.7849,1.9159,2.0508,2.1818,2.3021,2.4057,2.4907,2.5582,2.609,2.6452,2.6706,2.6852,2.6901,2.6931,2.6921,2.6882,2.6833,2.6774,2.6686,2.6559,2.6393,2.6168,2.5846,2.5455,2.4995,2.4428,2.3763,2.3021,2.2287,2.1584,2.0938,2.0352,1.9824,1.9384,1.9022,1.8719,1.8504,1.8358,1.825,1.8162,1.8084,1.8016,1.7928,1.7791,1.7625,1.7429,1.7234,1.6989,1.6745,1.65,1.6237,1.6002,1.5758,1.5533,1.5347,1.5191,1.5005,1.4809,1.4643,1.4487,1.434,1.4233,1.4135,1.4018,1.391,1.3734,1.349,1.3275,1.3109,1.305,1.3157,1.3519,1.4154,1.4897,1.5787,1.694,1.8201,1.9511,2.0782,2.1955,2.2981,2.3812,2.4448,2.4917,2.5279,2.5494,2.5601,2.5689,2.5738,2.5728,2.567,2.5552,2.5386,2.52,2.4956,2.4673,2.436,2.3959,2.3509,2.3011,2.2414,2.172,2.1007,2.0293,1.9599,1.8954,1.8416,1.8025,1.7761,1.7615,1.7556,1.7527,1.7498,1.7458,1.74,1.7322,1.7195,1.7028,1.6813,1.6588,1.6334,1.608,1.5885,1.5728,1.5582,1.5415,1.5249,1.5064,1.4878,1.4712,1.4555,1.4409,1.4262,1.4125,1.3969,1.3812,1.3705,1.3578,1.3421,1.3275,1.3148,1.3011,1.2874,1.2766,1.2678,1.262,1.2659,1.2893,1.3265,1.3803,1.4624,1.5689,1.694,1.828,1.9619,2.0909,2.2072,2.3079,2.39,2.4506,2.4878,2.5083,2.522,2.5288,2.5288,2.5249,2.52,2.5122,2.4995,2.4819,2.4604,2.434,2.4018,2.3675,2.3294,2.2796,2.2219,2.1554,2.087,2.0225,1.9619,1.9052,1.8573,1.8211,1.7957,1.781,1.7761,1.7732,1.7703,1.7664,1.7615,1.7537,1.7429,1.7302,1.7146,1.697,1.6774,1.6569,1.6393,1.6217,1.5982,1.5758,1.5582,1.5415,1.5279,1.52,1.5122,1.5015,1.4927,1.4848,1.477,1.4692,1.4585,1.4497,1.4418,1.4321,1.4242,1.4164,1.4086,1.4018,1.3969,1.3939,1.3978,1.4125,1.4409,1.4907,1.565,1.6637,1.7859,1.9267,2.0753,2.2219,2.3597,2.4819,2.5855,2.6579,2.7087,2.7517,2.784,2.8055,2.8182,2.8211,2.8152,2.8055,2.7928,2.7761,2.7537,2.7263,2.697,2.6647,2.6246,2.5787,2.5269,2.4692,2.4047,2.3372,2.2698,2.2072,2.1515,2.1026,2.0635,2.0352,2.0176,2.0088,2.0049,2.0029,2.002,2.001,1.9971,1.9883,1.9765,1.9619,1.9423,1.9218,1.9003,1.8759,1.8534,1.8309,1.8094,1.7918,1.7771,1.7634,1.7458,1.7263,1.7058,1.6901,1.6794,1.6647,1.65,1.6373,1.6256,1.6149,1.6041,1.5953,1.5875,1.5797,1.5718,1.567,1.566,1.5689,1.5758,1.5914,1.6256,1.6852,1.7703,1.8749,1.9961,2.131,2.2698,2.4027,2.5103,2.5953,2.6755,2.7439,2.7977,2.8368,2.8631,2.8788,2.8827,2.8778,2.8661,2.8143,2.74,2.6901,2.652,2.6207,2.5914,2.5621,2.5318,2.4966,2.4536,2.4027,2.346,2.2825,2.2151,2.1564,2.1046,2.0489,1.9971,1.9531,1.9169,1.8886,1.87,1.8592,1.8534,1.8475,1.8377,1.828,1.8182,1.8055,1.7879,1.7674,1.7478,1.7283,1.7087,1.6891,1.6667,1.6393,1.609,1.5797,1.5562,1.5367,1.5142,1.4927,1.4761,1.4604,1.4477,1.437,1.4252,1.4125,1.3998,1.3871,1.3773,1.3695,1.3587,1.349,1.3421,1.3402,1.3519,1.3871,1.4457,1.5269,1.6295,1.7449,1.8641,1.9668,2.0538,2.1388,2.216,2.2786,2.3265,2.3617,2.3861,2.3998,2.4047,2.4037,2.3998,2.393,2.3851,2.3763,2.3656,2.3539,2.3382,2.3157,2.2864,2.2493,2.2033,2.1486,2.087,2.0225,1.9658,1.913,1.8573,1.8055,1.7605,1.7234,1.6931,1.6686,1.65,1.6373,1.6256,1.6149,1.607,1.5963,1.5816,1.566,1.5513,1.5376,1.5239,1.5122,1.5034,1.4956,1.4907,1.4878,1.4848,1.4829,1.4839,1.4848,1.4848,1.4848,1.4829,1.4809,1.478,1.4731,1.4663,1.4555,1.4438,1.435,1.4262,1.4096,1.3891,1.3685,1.3539,1.346,1.349,1.3666,1.4066,1.4682,1.5513,1.651,1.7449,1.8338,1.9306,2.0205,2.0987,2.1632,2.2151,2.2542,2.2815,2.3001,2.3109,2.3167,2.3177,2.3167,2.3128,2.304,2.2923,2.2747,2.2512,2.2219,2.1857,2.1437,2.0948,2.0381,1.9756,1.9198,1.8671,1.8123,1.7605,1.7136,1.6725,1.6393,1.6129,1.5924,1.5787,1.5709,1.565,1.5611,1.5572,1.5513,1.5455,1.5376,1.5259,1.5083,1.4868,1.4643,1.4438,1.4252,1.4096,1.3949,1.3842,1.3724,1.3587,1.3451,1.3304,1.3167,1.305,1.2923,1.2796,1.2678,1.2561,1.2424,1.2317,1.2239,1.2131,1.2043,1.1965,1.1896,1.1857,1.1906,1.2082,1.2395,1.2854,1.3509,1.4242,1.5083,1.61,1.7195,1.828,1.9286,2.0196,2.0978,2.1632,2.2151,2.2551,2.2854,2.305,2.3148,2.3167,2.3128,2.304,2.2933,2.2786,2.2581,2.2346,2.2082,2.1789,2.1447,2.1036,2.0616,2.0176,1.9668,1.914,1.8612,1.8123,1.7722,1.741,1.7185,1.7038,1.695,1.6911,1.6891,1.6882,1.6872,1.6852,1.6804,1.6755,1.6852,1.6999,1.6979,1.6872,1.6725,1.6549,1.6383,1.6266,1.6168,1.6061,1.5943,1.5816,1.5689,1.5562,1.5415,1.5259,1.5112,1.4946,1.4761,1.4604,1.4497,1.4409,1.4301,1.4203,1.4106,1.3988,1.3881,1.3793,1.3734,1.3773,1.3969,1.436,1.4858,1.5503,1.6373,1.7429,1.8583,1.9765,2.0909,2.1955,2.2845,2.3568,2.4106,2.4477,2.4712,2.4809,2.479,2.4702,2.4565,2.4409,2.4272,2.4135,2.3969,2.3754,2.35,2.3196,2.2815,2.2434,2.2043,2.1574,2.1046,2.0479,1.9902,1.9355,1.8847,1.8416,1.8074,1.782,1.7644,1.7527,1.7468,1.7468,1.7507,1.7527,1.7498,1.7458,1.74,1.7312,1.7165,1.6999,1.6804,1.6588,1.6413,1.6276,1.6109,1.5934,1.5748,1.5552,1.5396,1.5249,1.5112,1.4976,1.4848,1.4731,1.4624,1.4536,1.4457,1.436,1.4262,1.4184,1.4106,1.4037,1.3998,1.4018,1.4057,1.4174,1.4497,1.4966,1.5591,1.6471,1.7546,1.8739,1.999,2.1183,2.2248,2.3138,2.3842,2.4389,2.48,2.5083,2.5239,2.5318,2.5386,2.5425,2.5415,2.5376,2.5308,2.5191,2.5034,2.4839,2.4594,2.4301,2.3969,2.3597,2.3138,2.261,2.2033,2.1437,2.087,2.0342,1.9863,1.9443,1.9091,1.8798,1.8573,1.8407,1.8309,1.826,1.824,1.8231,1.8211,1.8172,1.8113,1.8035,1.7918,1.7761,1.7586,1.7429,1.7292,1.7126,1.695,1.6764,1.6569,1.6393,1.6237,1.608,1.5914,1.5767,1.563,1.5494,1.5376,1.5259,1.5112,1.4976,1.4809,1.4633,1.4477,1.434,1.4223,1.4164,1.4213,1.4428,1.478,1.5298,1.608,1.7087,1.827,1.9531,2.0762,2.1906,2.2923,2.3754,2.4399,2.4878,2.5191,2.5357,2.5464,2.5494,2.5474,2.5415,2.5327,2.523,2.5122,2.4966,2.479,2.4604,2.4399,2.4164,2.3851,2.3421,2.2884,2.2258,2.1584,2.0909,2.0244,1.9619,1.9062,1.8622,1.8309,1.8104,1.7986,1.7898,1.7849,1.783,1.7801,1.7771,1.7703,1.7595,1.7439,1.7263,1.7058,1.6843,1.6676,1.6491,1.6285,1.6119,1.5973,1.5826,1.566,1.5484,1.5327,1.5181,1.5034,1.4858,1.4721,1.4624,1.4477,1.4321,1.4174,1.4037,1.3939,1.3851,1.3783,1.3715,1.3666,1.3666,1.3539,1.3392,1.3597,1.4213,1.5152,1.6334,1.7722,1.9208,2.0684,2.2033,2.3206,2.4174,2.4927,2.5406,2.5699,2.5934,2.609,2.6168,2.6168,2.6129,2.6022,2.5865,2.5709,2.5552,2.5347,2.5064,2.4741,2.435,2.3851,2.3255,2.2571,2.1818,2.1056,2.0323,1.9658,1.9062,1.8573,1.825,1.8074,1.7986,1.7937,1.7937,1.7937,1.7898,1.783,1.7713,1.7537,1.7322,1.7077,1.6813,1.6559,1.6344,1.6178,1.5992,1.5797,1.5621,1.5455,1.5288,1.5103,1.4907,1.4731,1.4555,1.4389,1.4262,1.4154,1.3978,1.3773,1.3587,1.3412,1.3265,1.3148,1.305,1.2962,1.2874,1.2835,1.2893,1.305,1.3314,1.3744,1.4409,1.5337,1.6491,1.784,1.9306,2.0802,2.2219,2.35,2.4604,2.5406,2.5973,2.6452,2.6813,2.7058,2.7185,2.7204,2.7175,2.7116,2.7009,2.6833,2.6618,2.6373,2.6109,2.5806,2.5435,2.4966,2.436,2.3666,2.2933,2.216,2.1408,2.0704,2.0068,1.955,1.9169,1.8895,1.8671,1.8485,1.8348,1.826,1.8182,1.8094,1.8016,1.7937,1.781,1.7625,1.741,1.7224,1.7048,1.6833,1.6608,1.6373,1.6178,1.5992,1.5797,1.5621,1.5455,1.5288,1.5122,1.4995,1.4897,1.4761,1.4614,1.4457,1.4301,1.4135,1.3969,1.3812,1.3646,1.348,1.3363,1.3324,1.3343,1.3431,1.3685,1.4174,1.4927,1.5963,1.7234,1.8641,2.0117,2.1574,2.2913,2.4115,2.5015,2.5689,2.6315,2.6813,2.7185,2.7449,2.7625,2.7732,2.7761,2.7742,2.7683,2.7615,2.7498,2.7322,2.7107,2.6843,2.6461,2.5982,2.5445,2.4809,2.4096,2.3372,2.2649,2.1955,2.1349,2.086,2.045,2.0059,1.9726,1.9453,1.9238,1.9052,1.8895,1.8759,1.8602,1.8426,1.8221,1.8035,1.7859,1.7654,1.7429,1.7195,1.695,1.6706,1.6461,1.6217,1.5992,1.5797,1.5621,1.5455,1.5327,1.522,1.5083,1.4936,1.478,1.4624,1.4457,1.4301,1.4135,1.3969,1.3812,1.3646,1.3529,1.3451,1.3412,1.3509,1.3861,1.4506,1.5445,1.6647,1.8084,1.9677,2.1271,2.2776,2.4164,2.523,2.6022,2.6745,2.7351,2.7801,2.8084,2.825,2.8328,2.8348,2.8319,2.826,2.8192,2.8094,2.7986,2.7869,2.7713,2.7507,2.7243,2.6667,2.5875,2.5132,2.437,2.3578,2.2747,2.1926,2.1222,2.0635,2.0088,1.9619,1.9247,1.8964,1.8739,1.8553,1.8377,1.8211,1.8055,1.7918,1.783,1.7752,1.7654,1.7527,1.7351,1.7126,1.6833,1.6491,1.6129,1.5767,1.5435,1.5152,1.4927,1.478,1.4663,1.4526,1.4379,1.4233,1.4076,1.392,1.3724,1.3509,1.3324,1.3157,1.3011,1.2942,1.2903,1.2845,1.2835,1.2952,1.3245,1.3803,1.4643,1.5748,1.7058,1.8514,2.002,2.1476,2.2678,2.3646,2.4545,2.5308,2.5924,2.6403,2.6745,2.695,2.7097,2.7204,2.7302,2.737,2.738,2.7351,2.7292,2.7204,2.7067,2.6862,2.6559,2.6139,2.5611,2.4995,2.4262,2.3441,2.26,2.1867,2.1232,2.0577,1.998,1.9482,1.912,1.8856,1.8651,1.8485,1.8348,1.8201,1.8045,1.7908,1.7771,1.7586,1.738,1.7136,1.6862,1.6569,1.6285,1.6022,1.5777,1.5552,1.5367,1.5191,1.5064,1.4966,1.4839,1.4673,1.4477,1.4242,1.3969,1.3675,1.3412,1.3196,1.303,1.2913,1.2854,1.2805,1.2717,1.2639,1.26,1.2678,1.2933,1.3412,1.4135,1.5122,1.6334,1.7742,1.9052,2.0254,2.1535,2.2766,2.3851,2.4741,2.5484,2.609,2.6549,2.6891,2.7146,2.7292,2.7341,2.7312,2.7234,2.7155,2.7077,2.696,2.6784,2.6559,2.6256,2.5826,2.5298,2.4682,2.3969,2.3275,2.26,2.1867,2.1173,2.0508,1.9902,1.9384,1.8954,1.8583,1.828,1.8045,1.7879,1.7761,1.7683,1.7625,1.7556,1.7478,1.7361,1.7185,1.6979,1.6745,1.6452,1.6149,1.5875,1.564,1.5484,1.5367,1.521,1.5015,1.4819,1.4643,1.4477,1.4321,1.4164,1.4008,1.3812,1.3597,1.3412,1.3275,1.3167,1.3021,1.2864,1.2727,1.2581,1.2473,1.2454,1.2581,1.2942,1.3607,1.4585,1.5621,1.6725,1.8055,1.9482,2.088,2.2141,2.3245,2.4164,2.4917,2.5533,2.5992,2.6325,2.6549,2.6657,2.6676,2.6647,2.6588,2.6481,2.6315,2.6109,2.5855,2.5533,2.5152,2.4673,2.4057,2.3441,2.2835,2.218,2.1505,2.085,2.0274,1.9746,1.9267,1.8856,1.8534,1.8289,1.8094,1.7937,1.784,1.7771,1.7664,1.7498,1.7312,1.7146,1.6979,1.6823,1.6647,1.6442,1.6217,1.5992,1.5924,1.5934,1.5855,1.5738,1.5611,1.5474,1.5337,1.52,1.5024,1.4809,1.4594,1.4399,1.4233,1.4115,1.4018,1.3891,1.3773,1.3705,1.3646,1.3587,1.3519,1.347,1.348,1.3587,1.3861,1.4262,1.4839,1.566,1.6696,1.7918,1.9267,2.0616,2.1896,2.305,2.4027,2.48,2.5396,2.5836,2.609,2.6217,2.6305,2.6325,2.6305,2.6256,2.6217,2.6178,2.6119,2.6041,2.5894,2.566,2.5367,2.5005,2.4536,2.3959,2.3333,2.2688,2.2023,2.1369,2.0753,2.0254,1.9863,1.956,1.9335,1.9169,1.9032,1.8935,1.8847,1.8729,1.8602,1.8465,1.8309,1.8123,1.7928,1.7703,1.7449,1.7214,1.7009,1.6784,1.653,1.6276,1.6061,1.5875,1.5718,1.5562,1.5435,1.5318,1.5191,1.5054,1.4946,1.4858,1.4741,1.4614,1.4477,1.434,1.4203,1.4047,1.3871,1.3734,1.3646,1.3656,1.3773,1.4037,1.4565,1.5347,1.6364,1.7556,1.8886,2.0264,2.1593,2.2815,2.3871,2.4751,2.5386,2.5865,2.6305,2.6628,2.6862,2.7048,2.7185,2.7253,2.7283,2.7302,2.7273,2.7185,2.7067,2.6921,2.6725,2.6452,2.6061,2.5543,2.4927,2.4252,2.3519,2.2796,2.2111,2.1447,2.085,2.0391,2.0039,1.9736,1.9492,1.9306,1.914,1.8983,1.8837,1.8671,1.8485,1.8299,1.8143,1.7977,1.782,1.7674,1.7488,1.7273,1.6999,1.6686,1.6393,1.6149,1.5963,1.5797,1.564,1.5494,1.5386,1.5288,1.5152,1.4985,1.477,1.4555,1.4379,1.4184,1.3978,1.3822,1.3705,1.3617,1.3539,1.35,1.3509,1.3587,1.3803,1.4272,1.5024,1.6041,1.7273,1.8641,2.0068,2.1476,2.2776,2.3783,2.4545,2.5249,2.5875,2.6383,2.6745,2.6989,2.7185,2.7322,2.739,2.7419,2.7439,2.741,2.7312,2.7155,2.697,2.6745,2.6481,2.6129,2.5689,2.5161,2.4565,2.3871,2.3118,2.2385,2.1769,2.1212,2.0665,2.0196,1.9795,1.9472,1.9218,1.9022,1.8856,1.87,1.8553,1.8407,1.826,1.8133,1.8006,1.783,1.7615,1.737,1.7126,1.6862,1.6588,1.6344,1.6129,1.5953,1.5758,1.5591,1.5435,1.521,1.4995,1.4809,1.4643,1.4497,1.435,1.4203,1.4057,1.39,1.3734,1.3558,1.3431,1.3372,1.3304,1.3236,1.3196,1.3275,1.35,1.391,1.4565,1.5435,1.6491,1.7703,1.8837,1.9902,2.1046,2.217,2.3196,2.4066,2.477,2.5327,2.5767,2.607,2.6237,2.6325,2.6344,2.6325,2.6315,2.6305,2.6285,2.6256,2.6197,2.6061,2.5826,2.5445,2.4966,2.4418,2.3783,2.3157,2.2542,2.1857,2.1153,2.0499,1.9892,1.9355,1.8915,1.8573,1.8319,1.8133,1.8025,1.7957,1.7908,1.7859,1.7801,1.7722,1.7595,1.7429,1.7214,1.6931,1.6618,1.6295,1.5992,1.5728,1.5503,1.5347,1.52,1.5054,1.4917,1.478,1.4643,1.4506,1.437,1.4233,1.4096,1.3959,1.3851,1.3763,1.3666,1.3587,1.348,1.3343,1.3206,1.3079,1.2981,1.2933,1.3001,1.3216,1.3636,1.4174,1.4848,1.5787,1.6921,1.8172,1.9462,2.0723,2.1887,2.2893,2.3724,2.4379,2.4878,2.52,2.5396,2.5543,2.565,2.5699,2.5689,2.565,2.5601,2.5523,2.5396,2.522,2.4976,2.4663,2.434,2.3969,2.349,2.2942,2.2326,2.1662,2.1007,2.0391,1.9844,1.9394,1.9071,1.8837,1.8671,1.8534,1.8397,1.826,1.8123,1.8006,1.7898,1.7752,1.7576,1.739,1.7195,1.6979,1.6735,1.651,1.6305,1.609,1.5855,1.566,1.5494,1.5337,1.5191,1.5054,1.4917,1.478,1.4643,1.4536,1.4448,1.434,1.4213,1.4086,1.3949,1.3812,1.3695,1.3617,1.3558,1.35,1.3431,1.3363,1.3333,1.3353,1.3431,1.3636,1.4047,1.4682,1.5562,1.6676,1.7947,1.9286,2.0567,2.176,2.2698,2.3421,2.4096,2.4673,2.5132,2.5474,2.5738,2.5914,2.6041,2.6119,2.6139,2.6119,2.607,2.5982,2.5836,2.566,2.5415,2.5073,2.4663,2.4164,2.3578,2.2942,2.2297,2.1662,2.1036,2.0508,2.0068,1.9677,1.9384,1.9169,1.9022,1.8954,1.8895,1.8817,1.871,1.8592,1.8446,1.825,1.8065,1.7908,1.7713,1.7478,1.7224,1.696,1.6686,1.6432,1.6197,1.6002,1.5836,1.5679,1.5572,1.5484,1.5367,1.5239,1.5112,1.4976,1.4839,1.4702,1.4565,1.4428,1.4291,1.4154,1.4018,1.392,1.3832,1.3734,1.3656,1.3617,1.3646,1.3783,1.4125,1.4721,1.5572,1.6628,1.7859,1.9022,2.0127,2.1349,2.2522,2.3587,2.4516,2.5288,2.5914,2.6403,2.6764,2.7028,2.7195,2.7283,2.7165,2.696,2.6823,2.6686,2.6559,2.6413,2.6227,2.6022,2.5787,2.5474,2.5054,2.4536,2.4018,2.348,2.2854,2.219,2.1515,2.087,2.0303,1.9863,1.9541,1.9345,1.9247,1.9198,1.914,1.9062,1.8974,1.8837,1.8641,1.8407,1.8162,1.7898,1.7605,1.7292,1.7009,1.6735,1.6471,1.6256,1.607,1.5894,1.5748,1.5601,1.5464,1.5337,1.521,1.5073,1.4946,1.4819,1.4653,1.4487,1.433,1.4135,1.3969,1.3851,1.3763,1.3685,1.3617,1.3568,1.3578,1.3695,1.3978,1.4506,1.5161,1.5943,1.6979,1.8182,1.9462,2.0733,2.1926,2.2991,2.39,2.4643,2.523,2.567,2.5953,2.6129,2.6276,2.6383,2.6442,2.6471,2.6452,2.6373,2.6266,2.6149,2.6012,2.5826,2.5591,2.5308,2.4956,2.4526,2.4018,2.3421,2.2786,2.2141,2.1505,2.0909,2.0391,1.9971,1.9629,1.9355,1.912,1.8905,1.8719,1.8534,1.8358,1.8172,1.7967,1.7771,1.7576,1.738,1.7185,1.697,1.6784,1.6608,1.6393,1.6178,1.5982,1.5806,1.5621,1.5415,1.52,1.4995,1.478,1.4575,1.4438,1.433,1.4213,1.4096,1.3988,1.39,1.3822,1.3734,1.3627,1.349,1.3353,1.3255,1.3196,1.3196,1.3304,1.3587,1.4086,1.4819,1.5787,1.695,1.8231,1.9521,2.0762,2.1935,2.3001,2.3803,2.4418,2.4985,2.5464,2.5816,2.6061,2.6217,2.6295,2.6315,2.6276,2.6188,2.608,2.5973,2.5855,2.5699,2.5513,2.5259,2.4897,2.4457,2.3949,2.3353,2.2698,2.2033,2.1388,2.0772,2.0254,1.9814,1.9384,1.9013,1.871,1.8475,1.8299,1.8143,1.8016,1.7928,1.7849,1.7742,1.7595,1.7458,1.7322,1.7155,1.6979,1.6755,1.6481,1.6197,1.5924,1.566,1.5415,1.521,1.5044,1.4927,1.4839,1.4731,1.4614,1.4487,1.434,1.4174,1.4008,1.3861,1.3724,1.3587,1.347,1.3382,1.3324,1.3255,1.3177,1.3099,1.305,1.306,1.3226,1.3597,1.4194,1.5024,1.6051,1.7234,1.8338,1.9384,2.0489,2.1554,2.2532,2.3372,2.4086,2.4673,2.5132,2.5474,2.5689,2.5797,2.5836,2.5806,2.5738,2.566,2.5543,2.5386,2.521,2.4985,2.4682,2.4291,2.3822,2.3275,2.2678,2.2121,2.1593,2.1036,2.0499,2.002,1.9619,1.9286,1.9032,1.8837,1.8671,1.8524,1.8387,1.825,1.8143,1.8055,1.7947,1.7801,1.7625,1.7439,1.7253,1.7048,1.6794,1.65,1.6246,1.6051,1.5924,1.5826,1.5728,1.563,1.5513,1.5396,1.5259,1.5073,1.4868,1.4673,1.4487,1.433,1.4223,1.4135,1.4037,1.3959,1.3851,1.3734,1.3646,1.3568,1.35,1.3431,1.3392,1.346,1.3656,1.3949,1.4399,1.5103,1.6022,1.7107,1.8309,1.956,2.0772,2.1877,2.2835,2.3646,2.4311,2.477,2.5103,2.5396,2.5601,2.5738,2.5806,2.5806,2.5777,2.5728,2.5679,2.5591,2.5445,2.5239,2.4976,2.4633,2.4184,2.3656,2.305,2.2385,2.173,2.1114,2.0547,2.0068,1.9677,1.9374,1.915,1.8993,1.8847,1.871,1.8583,1.8446,1.8319,1.8192,1.8065,1.7918,1.7752,1.7566,1.738,1.7224,1.7058,1.6852,1.6618,1.6373,1.6149,1.5973,1.5816,1.5679,1.5543,1.5406,1.5279,1.5181,1.5103,1.4995,1.4878,1.4751,1.4624,1.4497,1.4379,1.4272,1.4154,1.4037,1.3891,1.3724,1.3597,1.3509,1.347,1.3548,1.3812,1.4301,1.5015,1.5953,1.7087,1.8338,1.9629,2.089,2.1926,2.2786,2.3636,2.4399,2.5044,2.5543,2.5904,2.6168,2.6334,2.6422,2.6461,2.6481,2.6491,2.6461,2.6403,2.6325,2.6197,2.6041,2.5826,2.5533,2.5122,2.4614,2.3998,1.2278,1.2463,1.2854,1.3509,1.4418,1.5582,1.694,1.8377,1.9824,2.1202,2.2463,2.3568,2.4399,2.5034,2.5611,2.61,2.6452,2.6696,2.6852,2.6931,2.697,2.6989,2.6999,2.6989,2.6931,2.6794,2.6598,2.6364,2.6031,2.5582,2.5024,2.435,2.3587,2.2805,2.2023,2.1261,2.0557,2.001,1.9599,1.9228,1.8905,1.8641,1.8436,1.826,1.8065,1.7879,1.7722,1.7537,1.7341,1.7116,1.6911,1.6745,1.652,1.6246,1.5963,1.5699,1.5464,1.5259,1.5083,1.4927,1.478,1.4594,1.4438,1.4321,1.4154,1.3949,1.3724,1.35,1.3304,1.3128,1.3011,1.2884,1.2747,1.2639,1.2551,1.2512,1.2493,1.2463,1.2502,1.2678,1.303,1.3597,1.4399,1.5415,1.6628,1.7957,1.9316,2.0489,2.1515,2.2561,2.3509,2.4282,2.4888,2.5347,2.5679,2.5904,2.6031,2.608,2.607,2.6012,2.5836,2.564,2.5494,2.5318,2.5103,2.4819,2.4467,2.4037,2.3509,2.2884,2.2199,2.1476,2.0831,2.0274,1.9717,1.9189,1.8739,1.8397,1.8133,1.7937,1.7781,1.7674,1.7586,1.7507,1.741,1.7312,1.7195,1.7097,1.7009,1.6862,1.6676,1.6481,1.6266,1.6022,1.5758,1.5484,1.523,1.5034,1.4878,1.4731,1.4594,1.4457,1.4311,1.4174,1.4018,1.3851,1.3715,1.3617,1.3529,1.347,1.3451,1.3441,1.3402,1.3333,1.3245,1.3187,1.3226,1.3441,1.3861,1.4516,1.5425,1.652,1.7566,1.8612,1.9804,2.1026,2.2199,2.3236,2.4086,2.4751,2.5259,2.5621,2.5855,2.6002,2.6109,2.6149,2.6119,2.6061,2.6002,2.5904,2.5748,2.5533,2.5249,2.4917,2.4506,2.4008,2.3431,2.2864,2.2287,2.1652,2.1017,2.0401,1.9853,1.9404,1.9062,1.8798,1.8602,1.8446,1.8319,1.8192,1.8074,1.7977,1.7898,1.782,1.7732,1.7605,1.7439,1.7214,1.6931,1.6608,1.6295,1.6031,1.5865,1.5748,1.5621,1.5484,1.5318,1.5132,1.4966,1.4809,1.4663,1.4526,1.4389,1.4242,1.4135,1.4018,1.3851,1.3695,1.35,1.3314,1.3187,1.3069,1.303,1.3118,1.3353,1.3812,1.4545,1.5367,1.6295,1.7488,1.8847,2.0254,2.1623,2.2864,2.393,2.4829,2.5562,2.6119,2.652,2.6755,2.6872,2.695,2.6989,2.7009,2.7019,2.6989,2.6901,2.6784,2.6657,2.6491,2.6256,2.5924,2.5533,2.5064,2.4477,2.3803,2.3069,2.2336,2.1642,2.0997,2.043,1.9951,1.956,1.9238,1.9013,1.8847,1.869,1.8583,1.8495,1.8377,1.825,1.8104,1.7928,1.7703,1.7419,1.7097,1.6784,1.652,1.6285,1.6061,1.5885,1.5728,1.5572,1.5396,1.5181,1.4976,1.4761,1.4555,1.436,1.4233,1.4135,1.4018,1.3891,1.3773,1.3646,1.349,1.3343,1.3216,1.3118,1.306,1.3099,1.3304,1.3636,1.4145,1.4956,1.6022,1.7283,1.8661,2.0078,2.1466,2.2727,2.3832,2.4761,2.5523,2.6041,2.6393,2.6676,2.6882,2.7058,2.7175,2.7273,2.7361,2.74,2.7419,2.741,2.7351,2.7234,2.7058,2.6833,2.654,2.6158,2.565,2.5015,2.4282,2.35,2.2708,2.1965,2.1281,2.0655,2.0166,1.9785,1.9443,1.913,1.8837,1.8563,1.8328,1.8104,1.7947,1.7849,1.7752,1.7634,1.7488,1.7341,1.7195,1.7009,1.6755,1.6452,1.6149,1.5855,1.5572,1.5288,1.5005,1.4741,1.4506,1.434,1.4223,1.4096,1.3959,1.3822,1.3705,1.3578,1.3441,1.3304,1.2864,1.2278,1.1887,1.1613,1.1457,1.1398,1.1447,1.1701,1.2199,1.2991,1.4106,1.5464,1.6979,1.8573,2.0147,2.1632,2.2845,2.3842,2.478,2.5601,2.6266,2.6774,2.7146,2.741,2.7576,2.7664,2.7703,2.7703,2.7644,2.7527,2.737,2.7214,2.7038,2.6794,2.6432,2.5943,2.5327,2.4614,2.3812,2.2962,2.2102,2.1369,2.0743,2.0117,1.9541,1.9032,1.8602,1.825,1.7977,1.7761,1.7586,1.7419,1.7263,1.7107,1.697,1.6823,1.6628,1.6413,1.6168,1.5914,1.565,1.5367,1.5064,1.4761,1.4467,1.4184,1.3969,1.3822,1.3627,1.3402,1.3167,1.2933,1.2717,1.2532,1.2385,1.2248,1.2102,1.1975,1.1887,1.1789,1.1642,1.1496,1.1339,1.1202,1.1134,1.1202,1.1447,1.1877,1.2561,1.3548,1.478,1.5992,1.7243,1.87,2.0186,2.1613,2.2913,2.4008,2.4888,2.5562,2.6051,2.6432,2.6706,2.6823,2.6882,2.695,2.7019,2.7077,2.7087,2.7048,2.6989,2.6882,2.6676,2.6354,2.5904,2.5327,2.4751,2.4106,2.3343,2.2532,2.1701,2.087,2.0108,1.9453,1.8935,1.8534,1.824,1.8035,1.7889,1.7761,1.7634,1.7537,1.7439,1.7292,1.7077,1.6813,1.651,1.6158,1.5787,1.5435,1.5122,1.4907,1.4761,1.4604,1.4428,1.4223,1.4027,1.3851,1.3685,1.3529,1.3372,1.3216,1.306,1.2942,1.2825,1.2669,1.2512,1.2336,1.217,1.2043,1.1945,1.1857,1.1828,1.1935,1.2199,1.2678,1.3294,1.4047,1.5064,1.6295,1.7644,1.9022,2.0352,2.1584,2.2659,2.3548,2.4233,2.4731,2.5034,2.521,2.5318,2.5347,2.5327,2.5279,2.521,2.5103,2.4946,2.477,2.4526,2.4174,2.3685,2.3148,2.2571,2.1867,2.1095,2.0293,1.9531,1.8817,1.8211,1.7752,1.741,1.7155,1.6989,1.6891,1.6843,1.6794,1.6735,1.6667,1.6569,1.6422,1.6237,1.6022,1.5797,1.5572,1.5347,1.5093,1.4888,1.4731,1.4536,1.434,1.4125,1.3881,1.3636,1.3382,1.3138,1.2942,1.2786,1.2669,1.261,1.2561,1.2493,1.2444,1.2375,1.2307,1.2229,1.2151,1.2072,1.1994,1.1916,1.1838,1.176,1.172,1.1701,1.1652,1.1593,1.1525,1.1457,1.1398,1.1408,1.1564,1.1955,1.2639,1.3627,1.4682,1.5846,1.7322,1.9071,2.088,2.2483,2.3871,2.5034,2.6002,2.6764,2.7331,2.7752,2.8055,2.8211,2.825,2.827,2.828,2.825,2.8152,2.8035,2.7859,2.7634,2.741,2.7146,2.6813,2.6432,2.5982,2.5396,2.4721,2.3988,2.3206,2.2434,2.1711,2.1065,2.0557,2.0186,1.9922,1.9717,1.956,1.9423,1.9277,1.911,1.8935,1.8729,1.8495,1.8289,1.8094,1.7879,1.7664,1.7419,1.7185,1.6931,1.6618,1.6295,1.6002,1.5738,1.5513,1.5327,1.5152,1.4995,1.4839,1.4682,1.4565,1.4467,1.435,1.4213,1.4066,1.392,1.3773,1.3636,1.3539,1.3451,1.3343,1.3196,1.303,1.2913,1.2835,1.2776,1.2815,1.303,1.346,1.4125,1.5024,1.6178,1.7507,1.8944,2.044,2.172,2.2815,2.391,2.4907,2.5787,2.653,2.7126,2.7595,2.7957,2.824,2.8436,2.8553,2.8612,2.8583,2.8475,2.8348,2.8201,2.7996,2.7801,2.7625,2.7351,2.697,2.6471,2.5865,2.5161,2.4477,2.3793,2.303,2.2258,2.1525,2.088,2.0342,1.9922,1.958,1.9316,1.911,1.8935,1.8768,1.8631,1.8504,1.8368,1.8201,1.8006,1.7801,1.7546,1.7224,1.6882,1.652,1.6168,1.5836,1.5582,1.5396,1.523,1.5064,1.4907,1.4751,1.4604,1.4457,1.4301,1.4135,1.393,1.3734,1.3548,1.3412,1.3343,1.3275,1.3206,1.3128,1.305,1.2933,1.2805,1.2727,1.2717,1.2864,1.3245,1.3773,1.4497,1.5533,1.6823,1.826,1.9756,2.1222,2.262,2.39,2.5015,2.5953,2.6706,2.7273,2.7634,2.7849,2.8035,2.8201,2.8319,2.8397,2.8475,2.8534,2.8563,2.8543,2.8436,2.8231,2.7957,2.7615,2.7136,2.6559,2.5914,2.521,2.4477,2.3734,2.3001,2.2121,2.1349,2.0831,2.0342,1.9892,1.955,1.9345,1.9159,1.8993,1.8837,1.8661,1.8465,1.8201,1.7957,1.7771,1.7507,1.7263,1.7048,1.6774,1.6461,1.6139,1.5846,1.5582,1.5318,1.5054,1.4809,1.4594,1.437,1.4184,1.4096,1.4008,1.3851,1.3675,1.3578,1.3509,1.3412,1.3304,1.3177,1.3001,1.2796,1.2639,1.2561,1.2414,1.2209,1.2082,1.2092,1.2326,1.2825,1.3617,1.4692,1.6012,1.7498,1.9032,2.0352,2.1505,2.2688,2.3783,2.4731,2.5503,2.6119,2.6559,2.6833,2.6891,2.6813,2.6794,2.6784,2.6784,2.6784,2.6745,2.6686,2.6579,2.6403,2.6129,2.5748,2.5288,2.4741,2.4115,2.349,2.2854,2.2131,2.1378,2.0674,2.0059,1.955,1.913,1.8807,1.8573,1.8387,1.8221,1.8065,1.7957,1.7859,1.7722,1.7546,1.7341,1.7136,1.6921,1.6667,1.6354,1.6051,1.5787,1.5543,1.5367,1.522,1.5044,1.4858,1.4692,1.4575,1.4536,1.4565,1.4692,1.4907,1.5161,1.5415,1.565,1.5865,1.6022,1.6139,1.6237,1.6325,1.6403,1.6481,1.6559,1.6598,1.6559,1.6442,1.6256,1.6051,1.5865,1.5679,1.5562,1.5601,1.5836,1.6325,1.7048,1.7957,1.8983,2.0049,2.1095,2.2043,2.2757,2.3294,2.3783,2.4194,2.4487,2.4653,2.4721,2.4741,2.4751,2.4751,2.4751,2.4731,2.4663,2.4555,2.4428,2.4262,2.3988,2.3617,2.3157,2.261,2.1984,2.129,2.0596,1.9951,1.9355,1.8866,1.8475,1.8143,1.7859,1.7625,1.7458,1.7341,1.7243,1.7155,1.7077,1.696,1.6833,1.6735,1.6608,1.6432,1.6197,1.5934,1.567,1.5415,1.5171,1.4956,1.478,1.4604,1.4379,1.4125,1.39,1.3715,1.3529,1.3382,1.3255,1.3138,1.304,1.2962,1.2884,1.2805,1.2727,1.2649,1.261,1.259,1.2551,1.2493,1.2424,1.2336,1.2239,1.2151,1.2072,1.2033,1.2082,1.2278,1.2649,1.3128,1.3773,1.4702,1.5904,1.7312,1.8807,2.0283,2.1672,2.2913,2.3998,2.4888,2.5591,2.607,2.6422,2.6725,2.6931,2.7058,2.7116,2.7146,2.7165,2.7136,2.7067,2.6979,2.6843,2.6628,2.6334,2.5943,2.5455,2.4878,2.4223,2.3509,2.2766,2.2023,2.131,2.0674,2.0156,1.9726,1.9423,1.9218,1.9042,1.8876,1.8719,1.8573,1.8426,1.824,1.8025,1.7801,1.7586,1.7361,1.7146,1.696,1.6794,1.6598,1.6373,1.6129,1.5885,1.565,1.5425,1.52,1.4976,1.4751,1.4536,1.435,1.4223,1.4076,1.393,1.3803,1.3685,1.3558,1.3441,1.3343,1.3255,1.3177,1.3099,1.3021,1.2972,1.2923,1.2864,1.2815,1.2825,1.2962,1.3265,1.3803,1.4604,1.567,1.695,1.8368,1.9648,2.0841,2.2111,2.3324,2.4409,2.5337,2.607,2.6647,2.7077,2.738,2.7595,2.7722,2.7722,2.7722,2.7722,2.7722,2.7722,2.7791,2.7742,2.7605,2.738,2.7087,2.6676,2.6129,2.5474,2.4829,2.4154,2.3382,2.262,2.1896,2.1212,2.0606,2.0117,1.9746,1.9462,1.9267,1.915,1.9071,1.8974,1.8847,1.869,1.8485,1.825,1.8006,1.7732,1.7439,1.7126,1.6784,1.6442,1.6119,1.5865,1.5679,1.5513,1.5318,1.5103,1.4927,1.4761,1.4604,1.4448,1.4291,1.4145,1.3978,1.3812,1.3675,1.3509,1.3353,1.3236,1.3148,1.306,1.2962,1.2835,1.2717,1.262,1.259,1.2708,1.2952,1.3382,1.4086,1.5054,1.6276,1.7693,1.9208,2.0723,2.2151,2.3431,2.4526,2.5425,2.607,2.654,2.694,2.7243,2.7449,2.7566,2.7625,2.7654,2.7634,2.7546,2.7449,2.7361,2.7243,2.7067,2.6833,2.6491,2.6031,2.5484,2.4848,2.4154,2.3421,2.2678,2.1965,2.129,2.0684,2.0215,1.9844,1.9511,1.9228,1.9013,1.8837,1.8671,1.8495,1.8289,1.8094,1.7908,1.7703,1.7488,1.7302,1.7136,1.6901,1.6598,1.6256,1.5914,1.5611,1.5367,1.5171,1.4995,1.4829,1.4673,1.4555,1.4457,1.434,1.4203,1.4057,1.3891,1.3695,1.3509,1.3333,1.3196,1.3089,1.2991,1.2893,1.2805,1.2717,1.26,1.2483,1.2414,1.2454,1.2698,1.3216,1.4018,1.5064,1.6295,1.7703,1.8983,2.0156,2.1417,2.2649,2.3773,2.4731,2.5513,2.6129,2.6588,2.6891,2.7087,2.7185,2.7195,2.7136,2.7058,2.696,2.6813,2.6628,2.6403,2.6119,2.5758,2.5288,2.4741,2.4106,2.3392,2.2717,2.2092,2.1447,2.0802,2.0215,1.9697,1.9247,1.8876,1.8573,1.8348,1.8182,1.8065,1.7967,1.7898,1.7849,1.7781,1.7674,1.7507,1.7312,1.7067,1.6755,1.6413,1.607,1.5787,1.5533,1.5327,1.5191,1.5044,1.4897,1.4751,1.4594,1.4448,1.4291,1.4145,1.3978,1.3773,1.3578,1.3451,1.3363,1.3284,1.3167,1.303,1.2933,1.2805,1.2669,1.2561,1.2463,1.2405,1.2405,1.2561,1.2845,1.3284,1.3998,1.4976,1.6158,1.7478,1.8876,2.0254,2.1544,2.2717,2.3734,2.4585,2.5191,2.563,2.6002,2.6266,2.6432,2.653,2.6559,2.654,2.6491,2.6393,2.6227,2.6012,2.5738,2.5435,2.5093,2.4663,2.4106,2.347,2.2776,2.2053,2.1349,2.0674,2.0078,1.9531,1.9062,1.8749,1.8534,1.8348,1.8192,1.8074,1.7957,1.784,1.7742,1.7634,1.7488,1.7292,1.7077,1.6852,1.6667,1.6452,1.6168,1.5885,1.565,1.5474,1.5367,1.5308,1.5239,1.5132,1.4956,1.4712,1.4497,1.4291,1.4066,1.3871,1.3695,1.3529,1.3372,1.3216,1.3079,1.2972,1.2874,1.2786,1.2708,1.2669,1.2649,1.2659,1.2796,1.3138,1.3763,1.4702,1.5904,1.7302,1.8847,2.042,2.1975,2.3284,2.4389,2.5474,2.6432,2.7224,2.7859,2.8328,2.8661,2.8866,2.8974,2.9022,2.9052,2.9042,2.8983,2.8876,2.8739,2.8592,2.8407,2.8113,2.7713,2.7195,2.654,2.5806,2.5024,2.4223,2.3529,2.2903,2.2239,2.1593,2.1017,2.0528,2.0127,1.9804,1.957,1.9374,1.9198,1.9052,1.8915,1.8788,1.8671,1.8495,1.825,1.7967,1.7674,1.7351,1.7009,1.6667,1.6295,1.5953,1.564,1.5406,1.5249,1.5093,1.4936,1.478,1.4624,1.4428,1.4194,1.3939,1.3675,1.3441,1.3245,1.305,1.2913,1.2845,1.2776,1.2698,1.2639,1.2669,1.2845,1.3206,1.3842,1.4741,1.5904,1.7302,1.8651,1.9971,2.1457,2.2923,2.4272,2.5435,2.6393,2.7126,2.7674,2.8065,2.8338,2.8534,2.869,2.8768,2.8768,2.8768,2.8768,2.8768,2.8768,2.8729,2.8592,2.8319,2.7947,2.7488,2.6931,2.6334,2.5679,2.4897,2.4037,2.3157,2.2326,2.1554,2.088,2.0342,1.9932,1.9629,1.9404,1.9208,1.9052,1.8915,1.8768,1.8583,1.8328,1.8065,1.782,1.7537,1.7224,1.6911,1.6579,1.6256,1.5992,1.5738,1.5474,1.523,1.4966,1.4702,1.4428,1.4154,1.392,1.3724,1.3548,1.3382,1.3255,1.3157,1.305,1.2933,1.2776,1.2581,1.2366,1.216,1.2023,1.1994,1.2131,1.2512,1.3196,1.4027,1.4995,1.6246,1.7713,1.9267,2.0792,2.2219,2.3509,2.4604,2.5503,2.6227,2.6784,2.7146,2.7341,2.7458,2.7517,2.7546,2.7566,2.7556,2.7507,2.7449,2.7361,2.7214,2.697,2.6569,2.609,2.5562,2.4917,2.4164,2.3343,2.2493,2.1681,2.0938,2.0274,1.9687,1.9198,1.8817,1.8543,1.8348,1.8172,1.8006,1.7869,1.7761,1.7644,1.7488,1.7292,1.7077,1.6833,1.654,1.6217,1.5934,1.5689,1.5474,1.5249,1.4976,1.4692,1.4418,1.4154,1.3871,1.3578,1.3304,1.3069,1.2923,1.2825,1.2737,1.2659,1.2561,1.2444,1.2326,1.2229,1.2141,1.2063,1.1984,1.1935,1.1984,1.2151,1.2454,1.2981,1.3744,1.4741,1.5943,1.7283,1.8661,2,2.1241,2.2346,2.3275,2.392,2.4389,2.4809,2.5132,2.5347,2.5474,2.5523,2.5513,2.5425,2.5279,2.5093,2.4888,2.4673,2.4448,2.4174,2.3793,2.3324,2.2776,2.2151,2.1447,2.0723,2.0049,1.9413,1.8817,1.8299,1.7908,1.7634,1.7449,1.7341,1.7302,1.7283,1.7234,1.7175,1.7067,1.6901,1.6706,1.65,1.6285,1.6109,1.5904,1.5621,1.5327,1.5083,1.4888,1.4721,1.4565,1.4409,1.4233,1.4037,1.3851,1.3715,1.3607,1.348,1.3343,1.3206,1.304,1.2884,1.2747,1.261,1.2483,1.2385,1.2297,1.2219,1.218,1.2209,1.2336,1.261,1.3099,1.3861,1.4878,1.61,1.7507,1.8993,2.044,2.1779,2.2835,2.3666,2.4409,2.5044,2.5552,2.5934,2.6237,2.6442,2.6549,2.6598,2.6628,2.6618,2.6579,2.65,2.6364,2.6168,2.5904,2.5552,2.5093,2.4555,2.393,2.3206,2.2444,2.1691,2.0958,2.0362,1.9902,1.9482,1.915,1.8886,1.868,1.8524,1.8387,1.824,1.8094,1.7928,1.7742,1.7537,1.7361,1.7195,1.7009,1.6804,1.6569,1.6325,1.609,1.5826,1.5543,1.5288,1.5044,1.4829,1.4692,1.4545,1.436,1.4194,1.4018,1.3822,1.3627,1.346,1.3294,1.3138,1.3011,1.2884,1.2786,1.2698,1.2581,1.2473,1.2395,1.2434,1.2639,1.306,1.3763,1.477,1.6012,1.7449,1.8983,2.0332,2.1544,2.2776,2.391,2.4907,2.5718,2.6354,2.6833,2.7224,2.7527,2.7752,2.7928,2.7996,2.7986,2.7986,2.7947,2.7849,2.7713,2.7517,2.7263,2.697,2.6598,2.6139,2.5582,2.4907,2.4233,2.3548,2.2776,2.2004,2.1261,2.0577,1.9971,1.9462,1.9042,1.87,1.8436,1.8231,1.8094,1.7986,1.7859,1.7722,1.7566,1.738,1.7175,1.6921,1.6628,1.6315,1.6012,1.5709,1.5425,1.5249,1.5083,1.4888,1.4682,1.4467,1.4252,1.4027,1.3803,1.3558,1.3314,1.3079,1.2884,1.2757,1.2669,1.259,1.2512,1.2434,1.2356,1.2287,1.2248,1.2326,1.2561,1.3021,1.3842,1.4976,1.6051,1.7126,1.8358,1.9658,2.0909,2.2053,2.305,2.391,2.4653,2.5259,2.5738,2.609,2.6305,2.6413,2.6461,2.6442,2.6364,2.6266,2.6188,2.6109,2.6022,2.5894,2.5689,2.5406,2.5005,2.4545,2.4047,2.3412,2.2698,2.1984,2.13,2.0674,2.0088,1.9531,1.9032,1.8612,1.828,1.8045,1.7879,1.7742,1.7644,1.7546,1.741,1.7234,1.7048,1.6852,1.6647,1.6432,1.6197,1.5943,1.5718,1.5523,1.5288,1.5034,1.477,1.4497,1.4242,1.4027,1.3851,1.3695,1.3568,1.347,1.3421,1.3392,1.3343,1.3284,1.3206,1.3079,1.2913,1.2747,1.261,1.2502,1.2434,1.2434,1.2571,1.2835,1.3236,1.3881,1.4751,1.5826,1.7058,1.8358,1.9658,2.089,2.1994,2.2923,2.3646,2.4125,2.4448,2.4731,2.4936,2.5073,2.5181,2.5249,2.5269,2.5239,2.5191,2.5103,2.4956,2.4761,2.4526,2.4242,2.3861,2.3353,2.2776,2.2141,2.1447,2.0743,2.0088,1.9482,1.8944,1.8504,1.8182,1.7947,1.7781,1.7683,1.7615,1.7546,1.7478,1.739,1.7263,1.7097,1.6911,1.6716,1.6549,1.6383,1.6158,1.5914,1.567,1.5425,1.52,1.5024,1.4829,1.4614,1.4399,1.4213,1.4018,1.3851,1.3734,1.3607,1.349,1.3392,1.3314,1.3236,1.3167,1.3099,1.303,1.2962,1.2893,1.2854,1.2835,1.2796,1.2776,1.2854,1.306,1.3421,1.4008,1.4839,1.5865,1.7067,1.8328,1.958,2.0616,2.1476,2.2317,2.3069,2.3685,2.4164,2.4506,2.4721,2.4848,2.4897,2.4888,2.4848,2.478,2.4692,2.4614,2.4506,2.435,2.4154,2.3881,2.3509,2.303,2.2463,2.1818,2.1134,2.0489,1.9961,1.9492,1.9013,1.8602,1.826,1.7986,1.7801,1.7674,1.7576,1.7488,1.741,1.7322,1.7243,1.7175,1.7048,1.6882,1.6696,1.65,1.6285,1.6061,1.5846,1.565,1.5484,1.5337,1.5191,1.5083,1.4995,1.4888,1.4761,1.4633,1.4467,1.4282,1.4086,1.3881,1.3715,1.3578,1.347,1.3421,1.3392,1.3343,1.3284,1.3226,1.3157,1.3128,1.3196,1.3421,1.3842,1.4477,1.5347,1.6442,1.7537,1.8631,1.9863,2.1105,2.2258,2.3245,2.4047,2.4682,2.5171,2.5533,2.5806,2.6012,2.6129,2.6168,2.6168,2.6168,2.6168,2.6168,2.6168,2.6588,2.6471,2.6246,2.5914,2.5484,2.4956,2.4418,2.3861,2.3216,2.2551,2.1896,2.1261,2.0684,2.0196,1.9795,1.9462,1.9208,1.9042,1.8964,1.8925,1.8866,1.8759,1.8641,1.8475,1.826,1.8035,1.7752,1.7429,1.7107,1.6804,1.6481,1.6217,1.5992,1.5758,1.5533,1.5327,1.5152,1.4985,1.4829,1.4682,1.4536,1.4389,1.4242,1.4135,1.4047,1.393,1.3793,1.3675,1.3558,1.3431,1.3314,1.3236,1.3275,1.347,1.3881,1.4555,1.5327,1.6237,1.7449,1.8837,2.0293,2.173,2.304,2.4184,2.5142,2.5914,2.651,2.696,2.7214,2.7361,2.7507,2.7615,2.7703,2.7791,2.783,2.7849,2.7859,2.783,2.7722,2.7527,2.7243,2.6921,2.653,2.6002,2.5376,2.4663,2.3871,2.306,2.2258,2.1496,2.0821,2.0264,1.9824,1.9511,1.9306,1.915,1.9052,1.8964,1.8847,1.868,1.8456,1.8201,1.7908,1.7615,1.7361,1.7165,1.6999,1.6804,1.6598,1.6383,1.6168,1.5973,1.5767,1.5533,1.5288,1.5024,1.4761,1.4526,1.435,1.4223,1.4086,1.3949,1.3803,1.3675,1.3578,1.346,1.3314,1.3187,1.3079,1.305,1.3138,1.3382,1.3812,1.4487,1.5406,1.651,1.7771,1.9101,2.0459,2.1769,2.2972,2.4008,2.4848,2.5455,2.5885,2.6266,2.6579,2.6823,2.7019,2.7155,2.7224,2.7224,2.7165,2.7087,2.695,2.6774,2.6559,2.6276,2.5894,2.5435,2.4878,2.4223,2.349,2.2747,2.2014,2.132,2.0704,2.0156,1.9717,1.9355,1.9013,1.871,1.8465,1.8289,1.8172,1.8045,1.7869,1.7674,1.7468,1.7253,1.7077,1.6911,1.6706,1.6432,1.6139,1.5865,1.5621,1.5406,1.522,1.5064,1.4888,1.4692,1.4506,1.436,1.4213,1.4018,1.3822,1.3656,1.35,1.3382,1.3284,1.3206,1.3089,1.2923,1.2747,1.263,1.2551,1.2493,1.2502,1.2649,1.2972,1.35,1.4272,1.5279,1.6452,1.7742,1.9091,2.042,2.1515,2.2424,2.3314,2.4106,2.4761,2.5269,2.565,2.5924,2.6119,2.6237,2.6276,2.6256,2.6197,2.6109,2.6012,2.5875,2.5679,2.5396,2.5024,2.4565,2.4027,2.3412,2.2727,2.2014,2.1339,2.0762,2.0254,1.9746,1.9296,1.8905,1.8602,1.8377,1.8211,1.8113,1.8045,1.7977,1.7869,1.7742,1.7605,1.7439,1.7243,1.7038,1.6813,1.6549,1.6256,1.6002,1.5767,1.5543,1.5367,1.52,1.5064,1.4927,1.4761,1.4565,1.4379,1.4213,1.4076,1.3978,1.3891,1.3793,1.3695,1.3607,1.3568,1.3529,1.346,1.3353,1.3226,1.3109,1.2981,1.2864,1.2805,1.2864,1.3109,1.3568,1.4252,1.5015,1.5894,1.7019,1.826,1.9541,2.0762,2.1867,2.2835,2.3617,2.4184,2.4594,2.4868,2.5005,2.5044,2.5024,2.4976,2.4917,2.4858,2.479,2.4702,2.4594,2.4448,2.4213,2.3871,2.3412,2.2942,2.2424,2.1779,2.1085,2.042,1.9804,1.9247,1.8798,1.8446,1.8201,1.8045,1.7937,1.7869,1.783,1.7791,1.7742,1.7674,1.7576,1.7419,1.7234,1.6999,1.6745,1.651,1.6285,1.61,1.5963,1.5816,1.5679,1.5533,1.5396,1.5259,1.5112,1.4976,1.4829,1.4692,1.4555,1.4399,1.4242,1.4115,1.3978,1.3842,1.3715,1.3617,1.3539,1.348,1.3431,1.3372,1.3304,1.3236,1.3226,1.3284,1.3421,1.3705,1.4213,1.4966,1.5924,1.7067,1.8358,1.9707,2.1036,2.2317,2.349,2.437,2.5064,2.5709,2.6237,2.6628,2.6891,2.7077,2.7185,2.7243,2.7273,2.7253,2.7175,2.7048,2.6911,2.6804,2.6676,2.6481,2.6188,2.5806,2.5337,2.477,2.4135,2.346,2.2786,2.2131,2.1574,2.1105,2.0665,2.0283,1.9951,1.9658,1.9423,1.9238,1.9071,1.8905,1.871,1.8514,1.8338,1.8182,1.8006,1.781,1.7605,1.74,1.7175,1.6921,1.6647,1.6373,1.6109,1.5894,1.5679,1.5503,1.5376,1.5249,1.5112,1.4976,1.4829,1.4692,1.4555,1.4409,1.4272,1.4096,1.39,1.3763,1.3675,1.3597,1.3529,1.346,1.3412,1.3451,1.3666,1.4086,1.4741,1.563,1.6745,1.8035,1.9247,2.0362,2.1574,2.2776,2.3891,2.4858,2.566,2.6305,2.6784,2.7116,2.7351,2.7517,2.7586,2.7586,2.7586,2.7586,2.7586,2.7586,2.7566,2.7507,2.74,2.7243,2.6989,2.6618,2.6109,2.5543,2.4907,2.4164,2.3382,2.261,2.1867,2.1183,2.0577,2.0059,1.9629,1.9306,1.9071,1.8905,1.8768,1.8631,1.8485,1.8348,1.8211,1.8055,1.7869,1.7674,1.7468,1.7243,1.697,1.6657,1.6393,1.6178,1.5924,1.566,1.5425,1.5181,1.4936,1.4741,1.4575,1.4418,1.4252,1.4066,1.392,1.3773,1.3597,1.3441,1.3275,1.3099,1.2942,1.2805,1.2708,1.2639,1.2639,1.2786,1.3157,1.3675,1.436,1.5298,1.6432,1.7742,1.914,2.0489,2.172,2.2815,2.3763,2.4575,2.523,2.5679,2.5992,2.6256,2.6422,2.651,2.6569,2.6628,2.6676,2.6706,2.6716,2.6706,2.6647,2.653,2.6364,2.6139,2.5816,2.5376,2.4819,2.4174,2.3441,2.2669,2.1896,2.1144,2.045,1.9853,1.9394,1.9042,1.8729,1.8465,1.826,1.8074,1.7879,1.7674,1.7468,1.7263,1.7048,1.6833,1.6657,1.65,1.6315,1.61,1.5865,1.563,1.5386,1.5142,1.4917,1.4712,1.4506,1.4301,1.4086,1.393,1.3783,1.3617,1.348,1.3343,1.3226,1.3128,1.304,1.2962,1.2893,1.2825,1.2717,1.263,1.2561,1.2463,1.2356,1.2287,1.2287,1.2434,1.2766,1.3324,1.4145,1.523,1.6471,1.783,1.9052,2.0147,2.1271,2.2307,2.3196,2.391,2.4457,2.4868,2.5161,2.5367,2.5464,2.5484,2.5435,2.5357,2.5288,2.5239,2.5191,2.5132,2.5054,2.4927,2.4721,2.4409,2.3969,2.3392,2.2717,2.2082,2.1447,2.0743,2.0039,1.9384,1.8827,1.8377,1.8065,1.7869,1.7742,1.7644,1.7556,1.7498,1.7429,1.7312,1.7146,1.6989,1.6843,1.6667,1.6471,1.6266,1.6022,1.5738,1.5455,1.5171,1.4946,1.478,1.4614,1.4418,1.4233,1.4076,1.392,1.3773,1.3627,1.347,1.3324,1.3216,1.3157,1.3128,1.3079,1.3021,1.2952,1.2884,1.2815,1.2747,1.2678,1.261,1.2542,1.2463,1.2424,1.2483,1.263,1.2903,1.3372,1.4096,1.5064,1.6197,1.7449,1.8739,2,2.1183,2.2209,2.2991,2.3578,2.4076,2.4487,2.48,2.5005,2.5142,2.521,2.5249,2.5288,2.5288,2.5249,2.52,2.5103,2.4927,2.4702,2.4409,2.4037,2.3587,2.305,2.2444,2.1789,2.1105,2.0459,1.9863,1.9365,1.8954,1.8573,1.828,1.8065,1.7908,1.781,1.7742,1.7674,1.7605,1.7507,1.7351,1.7165,1.6999,1.6833,1.6588,1.6295,1.6002,1.5767,1.5582,1.5415,1.5259,1.5112,1.4966,1.4829,1.4721,1.4633,1.4516,1.4389,1.4252,1.4115,1.3978,1.3851,1.3744,1.3617,1.35,1.3402,1.3441,1.3539,1.3548,1.3519,1.347,1.3412,1.3343,1.3304,1.3363,1.3558,1.3969,1.4643,1.5582,1.6579,1.7674,1.9003,2.043,2.1838,2.3148,2.4311,2.5288,2.6109,2.6755,2.7243,2.7595,2.7791,2.7908,2.8025,2.8104,2.8143,2.8162,2.8152,2.8084,2.7977,2.7849,2.7683,2.7458,2.7155,2.6804,2.6373,2.5836,2.522,2.4506,2.3734,2.2981,2.2278,2.1593,2.0978,2.0489,2.0117,1.9863,1.9677,1.9511,1.9374,1.9257,1.912,1.8964,1.8759,1.8524,1.8309,1.8084,1.7869,1.7654,1.7449,1.7224,1.694,1.6657,1.6373,1.6119,1.5914,1.5738,1.5582,1.5425,1.5279,1.5132,1.5024,1.4936,1.4819,1.4663,1.4457,1.4213,1.3978,1.3812,1.3685,1.3587,1.35,1.3421,1.3382,1.3421,1.3529,1.3734,1.4086,1.4663,1.5484,1.653,1.7761,1.9081,2.044,2.1769,2.3021,2.4008,2.4809,2.5591,2.6295,2.6882,2.7341,2.7703,2.7977,2.8143,2.8231,2.827,2.827,2.824,2.8152,2.8016,2.7869,2.7722,2.7566,2.7361,2.7067,2.6667,2.6139,2.5513,2.48,2.4008,2.3284,2.261,2.1906,2.1271,2.0714,2.0254,1.9873,1.957,1.9335,1.912,1.8944,1.8768,1.8573,1.8416,1.8309,1.8162,1.7977,1.7761,1.7488,1.7165,1.6823,1.6491,1.6197,1.5953,1.5748,1.5572,1.5386,1.5171,1.4956,1.4751,1.4575,1.4418,1.4262,1.4135,1.4018,1.39,1.3783,1.3636,1.3529,1.3451,1.3343,1.3236,1.3148,1.3069,1.2991,1.2913,1.2874,1.2952,1.3206,1.3715,1.437,1.5191,1.6325,1.7693,1.9159,2.0626,2.2014,2.3275,2.434,2.52,2.5885,2.6413,2.6804,2.7048,2.7175,2.7234,2.7302,2.737,2.741,2.7429,2.74,2.7312,2.7175,2.6999,2.6764,2.6481,2.6139,2.5718,2.521,2.4614,2.393,2.3187,2.2434,2.1711,2.1046,2.044,1.9892,1.9443,1.9101,1.8827,1.8583,1.8407,1.826,1.8113,1.7986,1.7849,1.7674,1.7478,1.7273,1.7058,1.6882,1.6696,1.6481,1.6246,1.6002,1.5748,1.5494,1.5239,1.5005,1.4809,1.4643,1.4487,1.437,1.4282,1.4164,1.4027,1.391,1.3793,1.3656,1.35,1.3353,1.3245,1.3148,1.3069,1.2991,1.2952,1.2933,1.2845,1.2727,1.2639,1.261,1.2698,1.2981,1.3529,1.4321,1.5337,1.651,1.7615,1.8671,1.9844,2.0997,2.2043,2.2923,2.3627,2.4154,2.4536,2.4809,2.5005,2.5122,2.5181,2.5171,2.5152,2.5142,2.5122,2.5093,2.5024,2.4888,2.4663,2.4321,2.3861,2.3304,2.2678,2.2082,2.1505,2.089,2.0293,1.9717,1.9189,1.8729,1.8368,1.8104,1.7918,1.7791,1.7693,1.7625,1.7595,1.7556,1.7507,1.741,1.7263,1.7067,1.6843,1.6598,1.6334,1.608,1.5836,1.5591,1.5376,1.52,1.5015,1.4839,1.4682,1.4526,1.4379,1.4252,1.4145,1.4018,1.3891,1.3773,1.3675,1.3627,1.3607,1.3558,1.35,1.3431,1.3363,1.3294,1.3265,1.3245,1.3206,1.3148,1.3118,1.3157,1.3284,1.35,1.3871,1.4457,1.5249,1.6246,1.7419,1.8661,1.9883,2.1036,2.2063,2.2952,2.3627,2.4115,2.4536,2.4868,2.5122,2.5298,2.5415,2.5513,2.5562,2.5552,2.5513,2.5455,2.5376,2.5249,2.5083,2.4858,2.4545,2.4125,2.3607,2.3021,2.2375,2.1711,2.1065,2.0469,1.9941,1.9541,1.9238,1.8944,1.87,1.8504,1.8358,1.8231,1.8113,1.8025,1.7947,1.784,1.7683,1.7537,1.739,1.7214,1.7019,1.6823,1.6618,1.6413,1.6207,1.6022,1.5855,1.5709,1.5562,1.5406,1.5249,1.5122,1.4995,1.4858,1.4721,1.4585,1.4448,1.4311,1.4174,1.4037,1.39,1.3773,1.3715,1.3685,1.3636,1.3568,1.35,1.347,1.3529,1.3724,1.4135,1.477,1.565,1.6755,1.8055,1.9257,2.0391,2.1613,2.2766,2.3793,2.4663,2.5376,2.5924,2.6325,2.6608,2.6784,2.6872,2.6882,2.6852,2.6843,2.6833,2.6833,2.6833,2.6833,2.6794,2.6706,2.6559,2.6305,2.5943,2.5464,2.4966,2.4428,2.3754,2.3021,2.2278,2.1554,2.0919,2.0391,1.9971,1.9658,1.9433,1.9257,1.911,1.8983,1.8856,1.8719,1.8553,1.8368,1.8182,1.7986,1.7791,1.7586,1.7361,1.7097,1.6843,1.6618,1.6383,1.6158,1.5963,1.5797,1.564,1.5494,1.5347,1.521,1.5054,1.4868,1.4692,1.4575,1.4477,1.436,1.4233,1.4096,1.3959,1.3803,1.3656,1.3548,1.346,1.3431,1.3519,1.3705,1.4057,1.4682,1.5552,1.6608,1.7801,1.9091,2.0391,2.1652,2.2815,2.3832,2.4682,2.5386,2.6149,2.6882,2.7351,2.7664,2.7879,2.8006,2.8074,2.8104,2.8123,2.8133,2.8113,2.8045,2.7908,2.7742,2.7537,2.7234,2.6784,2.6178,2.5474,2.4702,2.39,2.3118,2.2366,2.1623,2.0909,2.0332,1.9863,1.9433,1.9052,1.8729,1.8465,1.825,1.8045,1.7849,1.7654,1.7429,1.7175,1.695,1.6716,1.6422,1.6109,1.5797,1.5503,1.5259,1.5015,1.477,1.4545,1.4311,1.4096,1.3891,1.3705,1.3558,1.3363,1.3118,1.2903,1.2717,1.2542,1.2395,1.2278,1.218,1.2092,1.2004,1.1965,1.1945,1.1896,1.1828,1.1799,1.1877,1.216,1.2678,1.346,1.4516,1.5777,1.7195,1.868,1.998,2.1134,2.2307,2.3421,2.4379,2.5132,2.5709,2.6119,2.6383,2.654,2.6598,2.6608,2.6569,2.6491,2.6413,2.6334,2.6256,2.6158,2.6002,2.5787,2.5474,2.5064,2.4536,2.3891,2.3187,2.2532,2.1887,2.1202,2.0547,1.9892,1.9267,1.869,1.8231,1.7879,1.7625,1.7458,1.7331,1.7253,1.7195,1.7126,1.7009,1.6833,1.6618,1.6393,1.6119,1.5806,1.5484,1.52,1.4946,1.4692,1.4526,1.4409,1.4223,1.4018,1.3832,1.3656,1.349,1.3324,1.3167,1.3001,1.2864,1.2757,1.2698,1.2669,1.262,1.2551,1.2434,1.2258,1.2092,1.1965,1.1867,1.1799,1.1799,1.1935,1.2268,1.2717,1.3324,1.4203,1.5347,1.6657,1.8025,1.9394,2.0684,2.1848,2.2874,2.3744,2.4438,2.4888,2.5171,2.5396,2.5543,2.5621,2.564,2.563,2.5601,2.5572,2.5513,2.5406,2.5249,2.5054,2.479,2.4457,2.3998,2.3402,2.2727,2.1965,2.1163,2.0401,1.9697,1.9071,1.8534,1.8113,1.784,1.7683,1.7566,1.7468,1.738,1.7292,1.7214,1.7087,1.6911,1.6696,1.6471,1.6237,1.6041,1.5865,1.563,1.5396,1.52,1.5005,1.478,1.4575,1.4389,1.4213,1.4008,1.3783,1.3568,1.3382,1.3236,1.3079,1.2942,1.2835,1.2737,1.2649,1.2571,1.2483,1.2405,1.2326,1.2268,1.2258,1.2248,1.2209,1.217,1.217,1.2248,1.2444,1.2864,1.3597,1.4624,1.5875,1.7283,1.8768,2.0068,2.1241,2.2463,2.3597,2.4545,2.5298,2.5894,2.6354,2.6667,2.6862,2.6979,2.7058,2.7097,2.7116,2.7165,2.7214,2.7234,2.7224,2.7155,2.6882,2.6422,2.5943,2.5406,2.4809,2.4145,2.35,2.2884,2.2248,2.1603,2.0968,2.0391,1.9922,1.956,1.9286,1.9091,1.8954,1.8837,1.8719,1.8602,1.8475,1.8338,1.8201,1.8045,1.7859,1.7654,1.7419,1.7136,1.6852,1.6598,1.6364,1.6149,1.5953,1.5748,1.5533,1.5337,1.5161,1.5005,1.4848,1.4721,1.4614,1.4526,1.4448,1.4409,1.437,1.4272,1.4154,1.4018,1.3881,1.3734,1.3607,1.3529,1.3548,1.3734,1.4145,1.479,1.5533,1.6393,1.7537,1.8876,2.0313,2.175,2.305,2.4164,2.5083,2.5836,2.6413,2.6852,2.7126,2.7302,2.7478,2.7634,2.7791,2.7937,2.8055,2.8113,2.8143,2.8113,2.8025,2.7898,2.7703,2.7458,2.7155,2.6745,2.6207,2.5552,2.4809,2.3998,2.3167,2.2356,2.1584,2.0899,2.0362,1.998,1.9697,1.9462,1.9306,1.9208,1.911,1.8983,1.8827,1.8622,1.8377,1.8113,1.784,1.7566,1.7341,1.7116,1.6882,1.6637,1.6364,1.61,1.5875,1.567,1.5455,1.5239,1.5024,1.4819,1.4682,1.4575,1.4448,1.4311,1.4174,1.4027,1.3881,1.3734,1.3607,1.3509,1.3421,1.3343,1.3265,1.3226,1.3245,1.3333,1.3578,1.4066,1.4819,1.5816,1.7028,1.8407,1.9844,2.1261,2.259,2.3636,2.4438,2.5171,2.5806,2.6344,2.6764,2.7058,2.7283,2.7468,2.7615,2.7713,2.7761,2.7722,2.7615,2.7488,2.7351,2.7195,2.6999,2.6755,2.6432,2.6022,2.5523,2.4936,2.4242,2.348,2.2786,2.2121,2.1408,2.0743,2.0186,1.9746,1.9413,1.9169,1.8974,1.8807,1.8651,1.8485,1.8309,1.8133,1.7937,1.7732,1.7517,1.7302,1.7067,1.6804,1.652,1.6217,1.5894,1.5591,1.5308,1.5093,1.4927,1.477,1.4624,1.4477,1.433,1.4184,1.4037,1.3891,1.3724,1.3548,1.3392,1.3294,1.3245,1.3187,1.3118,1.305,1.2981,1.2923,1.2933,1.305,1.3304,1.3763,1.4467,1.5425,1.6432,1.7527,1.8817,2.0176,2.1515,2.2766,2.3851,2.4712,2.5337,2.5777,2.607,2.6256,2.6354,2.6413,2.652,2.6628,2.6716,2.6804,2.6882,2.6921,2.6901,2.6823,2.6637,2.6325,2.5875,2.5367,2.4819,2.4145,2.3392,2.261,2.1818,2.1075,2.043,1.9883,1.9443,1.911,1.8876,1.87,1.8465,1.8172,1.7957,1.7781,1.7605,1.741,1.7185,1.6911,1.6598,1.6295,1.6002,1.5709,1.5494,1.5308,1.5132,1.4936,1.4721,1.4545,1.4389,1.4233,1.4086,1.391,1.3715,1.3539,1.3421,1.3304,1.3177,1.3079,1.2991,1.2913,1.2835,1.2757,1.2688,1.261,1.5591,1.5406,1.5239,1.5093,1.4927,1.4721,1.4477,1.4223,1.3959,1.3734,1.3548,1.3372,1.3216,1.3089,1.2991,1.2903,1.2825,1.2737,1.26,1.2444,1.2278,1.216,1.2102,1.2043,1.1975,1.1926,1.1935,1.2082,1.2414,1.2962,1.3754,1.48,1.6012,1.7312,1.8465,1.9511,2.0606,2.1642,2.2561,2.3333,2.3939,2.4389,2.4702,2.4907,2.5024,2.5103,2.5142,2.5142,2.5142,2.5142,2.5122,2.5064,2.4946,2.4751,2.4448,2.4027,2.3509,2.2903,2.2239,2.1603,2.0997,2.0362,1.9765,1.9218,1.8759,1.8368,1.8074,1.7859,1.7683,1.7527,1.739,1.7312,1.7253,1.7155,1.6999,1.6823,1.6628,1.6413,1.6178,1.5943,1.5679,1.5445,1.5239,1.5034,1.4878,1.4731,1.4555,1.436,1.4164,1.3998,1.3842,1.3695,1.3548,1.3372,1.3187,1.3021,1.2903,1.2805,1.2708,1.262,1.2542,1.2473,1.2405,1.2385,1.2512,1.2835,1.3382,1.4194,1.5279,1.6373,1.7507,1.8856,2.0244,2.1544,2.2688,2.3636,2.4428,2.5064,2.5552,2.5904,2.6149,2.6276,2.6305,2.6315,2.6325,2.6325,2.6325,2.6295,2.6207,2.609,2.5943,2.5738,2.5445,2.5054,2.4614,2.4115,2.35,2.2796,2.2023,2.1241,2.0499,1.9853,1.9316,1.8895,1.8583,1.8358,1.8192,1.8055,1.7918,1.7781,1.7644,1.7507,1.7351,1.7165,1.694,1.6647,1.6344,1.6041,1.5728,1.5474,1.5259,1.5044,1.4819,1.4604,1.4428,1.4262,1.4115,1.3939,1.3724,1.35,1.3284,1.3138,1.303,1.2884,1.2747,1.263,1.2502,1.2385,1.2287,1.2199,1.218,1.2268,1.2512,1.2981,1.3597,1.434,1.5337,1.654,1.7849,1.9189,2.0479,2.1681,2.2737,2.3607,2.4301,2.4848,2.521,2.5435,2.564,2.5777,2.5875,2.5963,2.6002,2.6022,2.6012,2.5973,2.5924,2.5826,2.5679,2.5464,2.5152,2.4712,2.4184,2.3587,2.2903,2.216,2.1408,2.0841,2.042,1.9951,1.9482,1.9091,1.8768,1.8475,1.8221,1.8045,1.7918,1.782,1.7742,1.7634,1.7468,1.7283,1.7087,1.6901,1.6716,1.6491,1.6237,1.6022,1.5806,1.5591,1.5396,1.5191,1.4966,1.4712,1.4467,1.4242,1.4076,1.3939,1.3783,1.3636,1.349,1.3343,1.3206,1.3069,1.2923,1.2766,1.262,1.2502,1.2463,1.2522,1.2688,1.3069,1.3715,1.4614,1.5728,1.7019,1.8416,1.9824,2.1153,2.2385,2.347,2.4282,2.4858,2.5376,2.5797,2.6109,2.6354,2.651,2.6588,2.6628,2.6647,2.6657,2.6647,2.6588,2.65,2.6393,2.6227,2.6022,2.5748,2.5347,2.4809,2.4174,2.3441,2.2649,2.1867,2.1124,2.0528,2.0049,1.9599,1.9198,1.8866,1.8592,1.8387,1.8211,1.8055,1.7928,1.7791,1.7634,1.7527,1.7419,1.7263,1.7077,1.6862,1.6598,1.6285,1.6012,1.5787,1.5562,1.5367,1.5181,1.4985,1.4809,1.4653,1.4457,1.4252,1.4076,1.392,1.3793,1.3675,1.3529,1.3353,1.3157,1.2972,1.2854,1.2766,1.2649,1.2561,1.2512,1.2581,1.2825,1.3275,1.3959,1.4878,1.6041,1.739,1.8817,2.0059,2.1134,2.2229,2.3255,2.4135,2.4839,2.5386,2.5797,2.609,2.6285,2.6422,2.653,2.6579,2.6569,2.653,2.6471,2.6413,2.6325,2.6197,2.5992,2.5679,2.5239,2.4702,2.4086,2.3392,2.2747,2.2111,2.1388,2.0674,2.002,1.9443,1.8983,1.8651,1.8416,1.8231,1.8084,1.7977,1.7908,1.7849,1.7771,1.7644,1.7478,1.7292,1.7067,1.6804,1.6491,1.6178,1.5885,1.563,1.5396,1.521,1.5083,1.4946,1.4809,1.4673,1.4536,1.4379,1.4194,1.4018,1.3842,1.3675,1.3558,1.35,1.347,1.3421,1.3363,1.3304,1.3236,1.3128,1.2991,1.2854,1.2727,1.2688,1.2805,1.3128,1.3587,1.4252,1.522,1.6383,1.7683,1.9032,2.0362,2.1603,2.2708,2.3666,2.4467,2.5093,2.5513,2.5777,2.5953,2.608,2.6158,2.6178,2.6158,2.6109,2.6051,2.5953,2.5797,2.5582,2.5318,2.5005,2.4604,2.4106,2.3529,2.2903,2.2278,2.1642,2.1026,2.0459,1.9951,1.9501,1.912,1.8827,1.8573,1.8338,1.8172,1.8055,1.7957,1.7879,1.7801,1.7713,1.7576,1.741,1.7214,1.7048,1.6901,1.6696,1.6559,1.6432,1.6197,1.5953,1.5718,1.5474,1.5239,1.5054,1.4888,1.4751,1.4663,1.4575,1.4457,1.433,1.4194,1.4047,1.392,1.3822,1.3734,1.3656,1.3578,1.35,1.346,1.3441,1.3421,1.3441,1.3578,1.391,1.4477,1.5298,1.6364,1.7674,1.912,2.0577,2.1965,2.3099,2.4018,2.4868,2.5562,2.61,2.6471,2.6716,2.6852,2.6901,2.6911,2.6921,2.694,2.6931,2.6872,2.6804,2.6716,2.6559,2.6295,2.5914,2.5425,2.4848,2.4194,2.348,2.2757,2.2063,2.1457,2.0929,2.045,2.0039,1.9707,1.9453,1.9247,1.9071,1.8915,1.8759,1.8612,1.8465,1.8338,1.8201,1.8025,1.784,1.7674,1.7498,1.7302,1.7097,1.6882,1.6667,1.6442,1.6237,1.6061,1.5943,1.5846,1.5718,1.5582,1.5445,1.5298,1.5152,1.5005,1.4858,1.4712,1.4565,1.4418,1.4311,1.4213,1.4076,1.3939,1.3832,1.3832,1.391,1.4076,1.4506,1.5239,1.6266,1.7527,1.8935,2.0205,2.1388,2.2669,2.3871,2.4936,2.5836,2.6559,2.7107,2.7507,2.7801,2.8025,2.8172,2.8211,2.8192,2.8143,2.8045,2.7928,2.7791,2.7674,2.7556,2.74,2.7155,2.6784,2.6266,2.5601,2.4917,2.4223,2.346,2.2708,2.2004,2.1369,2.0831,2.0381,2.001,1.9707,1.9482,1.9296,1.915,1.9022,1.8886,1.8749,1.8602,1.8475,1.8338,1.8162,1.7928,1.7625,1.7292,1.694,1.6598,1.6334,1.6149,1.5982,1.5826,1.567,1.5484,1.5269,1.5044,1.4809,1.4575,1.4389,1.4223,1.4106,1.4008,1.39,1.3812,1.3734,1.3656,1.3578,1.3539,1.3597,1.3773,1.4154,1.4819,1.5591,1.651,1.7742,1.915,2.0626,2.2063,2.3372,2.4506,2.5425,2.6139,2.6676,2.7058,2.7322,2.7449,2.7478,2.7498,2.7507,2.7488,2.7468,2.7439,2.738,2.7322,2.7214,2.7028,2.6755,2.6413,2.6002,2.5464,2.4809,2.4076,2.3304,2.2522,2.174,2.1017,2.0381,1.9844,1.9413,1.9052,1.8778,1.8602,1.8475,1.8377,1.827,1.8133,1.7986,1.784,1.7605,1.738,1.7185,1.6921,1.6686,1.6471,1.6237,1.5992,1.5718,1.5455,1.52,1.4956,1.4761,1.4585,1.4428,1.4272,1.4125,1.4018,1.3939,1.3832,1.3705,1.3607,1.348,1.3324,1.3167,1.304,1.2845,1.2639,1.261,1.2776,1.3157,1.3812,1.4751,1.5934,1.7292,1.8739,2.0176,2.1505,2.2669,2.3646,2.4399,2.4956,2.5308,2.5494,2.5621,2.5709,2.5767,2.5836,2.5885,2.5894,2.5865,2.5797,2.567,2.5464,2.52,2.4888,2.4497,2.4018,2.3441,2.2776,2.2053,2.13,2.0547,1.9844,1.9228,1.87,1.8299,1.8045,1.7898,1.781,1.7771,1.7752,1.7722,1.7674,1.7605,1.7507,1.7351,1.7165,1.6931,1.6686,1.6452,1.6197,1.5943,1.5709,1.5503,1.5327,1.5171,1.5015,1.4868,1.4721,1.4575,1.4428,1.4321,1.4233,1.4115,1.3969,1.3773,1.3568,1.3372,1.3187,1.3021,1.2884,1.2805,1.2796,1.2884,1.3069,1.3451,1.4066,1.4927,1.6041,1.7312,1.8641,1.998,2.1281,2.2444,2.3441,2.4262,2.4829,2.522,2.5562,2.5816,2.6002,2.6129,2.6227,2.6315,2.6354,2.6344,2.6285,2.6109,2.5914,2.5728,2.5415,2.5015,2.4545,2.3988,2.3353,2.2698,2.2023,2.1329,2.0665,2.0068,1.955,1.9169,1.8866,1.8612,1.8416,1.824,1.8084,1.7957,1.784,1.7713,1.7595,1.7468,1.7292,1.7136,1.6979,1.6794,1.6598,1.6393,1.6168,1.5924,1.5679,1.5415,1.5161,1.4936,1.4761,1.4594,1.4477,1.4379,1.4262,1.4096,1.391,1.3724,1.3558,1.3441,1.3343,1.3265,1.3187,1.3109,1.3089,1.3157,1.3275,1.3519,1.3998,1.4751,1.5777,1.7019,1.8387,1.9804,2.1193,2.2473,2.347,2.4252,2.4985,2.5601,2.609,2.6442,2.6667,2.6804,2.6872,2.6872,2.6813,2.6745,2.6676,2.6588,2.6461,2.6285,2.607,2.5806,2.5455,2.5034,2.4555,2.3998,2.3343,2.262,2.1867,2.1183,2.0577,1.9971,1.9433,1.9003,1.8661,1.8397,1.8201,1.8045,1.7937,1.7849,1.7771,1.7664,1.7537,1.74,1.7224,1.7028,1.6823,1.6598,1.6354,1.609,1.5836,1.564,1.5435,1.522,1.5083,1.4936,1.4761,1.4594,1.4409,1.4203,1.4037,1.3842,1.3656,1.349,1.3333,1.3187,1.304,1.2972,1.2933,1.2991,1.3109,1.3284,1.3715,1.4418,1.5357,1.65,1.7791,1.913,2.042,2.1466,2.2307,2.3118,2.3832,2.4399,2.4829,2.5132,2.5337,2.5455,2.5494,2.5484,2.5445,2.5367,2.5239,2.5073,2.4878,2.48,2.4751,2.4545,2.4184,2.3666,2.3021,2.2287,2.1535,2.0831,2.0254,1.9746,1.9228,1.8768,1.8397,1.8094,1.5054,1.5279,1.5709,1.6354,1.7077,1.7918,1.9013,2.0254,2.129,2.217,2.3167,2.4115,2.4917,2.5582,2.61,2.6471,2.6676,2.6745,2.6735,2.6696,2.6598,2.6442,2.6246,2.6041,2.5787,2.5474,2.5112,2.4673,2.4213,2.3705,2.3099,2.2444,2.176,2.1105,2.0479,1.9902,1.9433,1.9071,1.8798,1.8583,1.8416,1.8319,1.825,1.8182,1.8113,1.8045,1.7928,1.7761,1.7566,1.7361,1.7146,1.6921,1.6696,1.651,1.6325,1.6119,1.5943,1.5787,1.5611,1.5415,1.522,1.5034,1.4829,1.4633,1.4457,1.4301,1.4184,1.4086,1.3959,1.3822,1.3685,1.3558,1.346,1.3431,1.3548,1.3861,1.4428,1.523,1.608,1.7019,1.8231,1.9599,2.0987,2.2356,2.3636,2.4741,2.566,2.6403,2.6921,2.7234,2.741,2.7458,2.7429,2.738,2.7312,2.7224,2.7087,2.6911,2.6686,2.6413,2.609,2.5718,2.5279,2.4819,2.4311,2.3695,2.306,2.2405,2.174,2.1134,2.0606,2.0156,1.9785,1.9482,1.9257,1.9071,1.8925,1.8798,1.8661,1.8495,1.8319,1.8143,1.7947,1.7732,1.7517,1.7292,1.7067,1.6833,1.6618,1.6442,1.6217,1.5992,1.5806,1.5621,1.5415,1.522,1.5034,1.4829,1.4633,1.4457,1.4301,1.4184,1.4086,1.3959,1.3822,1.3705,1.3607,1.3578,1.3675,1.393,1.4428,1.521,1.6237,1.7263,1.8368,1.9726,2.1144,2.2522,2.3793,2.4888,2.5787,2.6481,2.696,2.7273,2.7468,2.7566,2.7576,2.7527,2.7458,2.739,2.7283,2.7116,2.6901,2.6628,2.6266,2.5826,2.5327,2.4761,2.4203,2.3646,2.303,2.2385,2.173,2.1085,2.0489,1.9951,1.9492,1.913,1.8856,1.8651,1.8475,1.8348,1.827,1.8192,1.8074,1.7908,1.7713,1.7507,1.7292,1.7107,1.694,1.6745,1.654,1.6364,1.6178,1.5943,1.5689,1.5435,1.5181,1.4936,1.4721,1.4526,1.4311,1.4115,1.3939,1.3803,1.3715,1.3646,1.3578,1.3509,1.3431,1.3392,1.347,1.3754,1.4301,1.5112,1.6188,1.7507,1.8778,2,2.1339,2.2639,2.3832,2.4868,2.5738,2.6442,2.696,2.7312,2.7527,2.7595,2.7556,2.7458,2.737,2.7331,2.7292,2.7234,2.7146,2.7009,2.6794,2.6461,2.6002,2.5435,2.478,2.4115,2.3451,2.2708,2.1935,2.1173,2.0479,1.9873,1.9384,1.9022,1.8768,1.8563,1.826,1.7937,1.7752,1.7625,1.7527,1.74,1.7214,1.7009,1.6784,1.6559,1.6334,1.608,1.5826,1.5582,1.5376,1.5181,1.4927,1.4663,1.4418,1.4194,1.4008,1.3842,1.3675,1.3519,1.3363,1.3206,1.3089,1.2972,1.2835,1.2688,1.2542,1.2444,1.2473,1.2659,1.306,1.3763,1.4761,1.5992,1.7419,1.8749,1.9971,2.1281,2.2532,2.3627,2.4526,2.5239,2.5797,2.6188,2.6442,2.6588,2.6647,2.6618,2.654,2.6442,2.6295,2.6109,2.5904,2.566,2.5367,2.5005,2.4555,2.3998,2.3372,2.2708,2.2092,2.1457,2.0772,2.0117,1.9482,1.8895,1.8407,1.8045,1.781,1.7674,1.7586,1.7527,1.7498,1.7458,1.74,1.7292,1.7126,1.6921,1.6706,1.6461,1.6188,1.5894,1.5591,1.5327,1.5112,1.4966,1.4858,1.4731,1.4585,1.4438,1.4262,1.4057,1.3842,1.3617,1.3392,1.3157,1.2972,1.2874,1.2805,1.2698,1.2581,1.2483,1.2414,1.2463,1.2698,1.3157,1.3891,1.4897,1.6139,1.7566,1.8895,2.0127,2.1437,2.2688,2.3803,2.4731,2.5464,2.6022,2.6422,2.6676,2.6804,2.6833,2.6784,2.6706,2.6628,2.6549,2.6452,2.6305,2.61,2.5777,2.5347,2.4819,2.4194,2.347,2.2678,2.1955,2.129,2.0606,1.999,1.9492,1.911,1.8817,1.8602,1.8416,1.826,1.8123,1.7996,1.7898,1.7791,1.7664,1.7507,1.7312,1.7097,1.6872,1.6628,1.6344,1.607,1.5816,1.5572,1.5357,1.521,1.5093,1.4956,1.478,1.4575,1.4389,1.4223,1.4057,1.39,1.3744,1.3587,1.3412,1.3245,1.3109,1.2981,1.2884,1.2796,1.2766,1.2845,1.3079,1.3548,1.4262,1.522,1.6393,1.7752,1.9032,2.0235,2.1535,2.2776,2.3861,2.4761,2.5474,2.6051,2.6491,2.6784,2.697,2.7087,2.7107,2.7058,2.7019,2.6979,2.6921,2.6833,2.6667,2.6413,2.6051,2.5582,2.4995,2.4321,2.3666,2.303,2.2307,2.1564,2.086,2.0235,1.9717,1.9277,1.8925,1.8651,1.8436,1.825,1.8084,1.7937,1.781,1.7693,1.7576,1.7419,1.7224,1.7009,1.6784,1.652,1.6217,1.5924,1.567,1.5464,1.5298,1.5142,1.4985,1.4829,1.4673,1.4477,1.4262,1.4037,1.3812,1.3627,1.3451,1.3284,1.3167,1.3069,1.2962,1.2874,1.2786,1.2766,1.2835,1.3011,1.3412,1.4115,1.5112,1.6373,1.7625,1.8876,2.0323,2.1828,2.3245,2.4477,2.5523,2.6383,2.7028,2.7488,2.781,2.8055,2.8231,2.8299,2.8338,2.8397,2.8407,2.8348,2.8221,2.8025,2.7752,2.7419,2.7019,2.652,2.5924,2.5308,2.4653,2.3871,2.305,2.2209,2.1398,2.0684,2.0088,1.9619,1.9247,1.8964,1.8739,1.8553,1.8397,1.826,1.8113,1.7947,1.7752,1.7517,1.7243,1.695,1.6647,1.6364,1.61,1.5855,1.565,1.5474,1.5288,1.5112,1.4946,1.479,1.4633,1.4477,1.4301,1.4096,1.3851,1.3578,1.3304,1.3109,1.2952,1.2776,1.263,1.2532,1.2561,1.2757,1.3167,1.3842,1.4761,1.5924,1.7263,1.8534,1.9756,2.1095,2.2424,2.3636,2.4673,2.5543,2.6237,2.6755,2.7136,2.7361,2.7478,2.7537,2.7546,2.7527,2.7517,2.7498,2.7429,2.7292,2.7087,2.6813,2.6461,2.6012,2.5455,2.48,2.4164,2.3509,2.2757,2.1945,2.1173,2.0489,1.9892,1.9404,1.9003,1.868,1.8426,1.8201,1.7996,1.782,1.7654,1.7449,1.7234,1.7009,1.6774,1.654,1.6305,1.607,1.5836,1.5601,1.5347,1.5142,1.4966,1.4721,1.4438,1.4184,1.3978,1.3793,1.3627,1.346,1.3304,1.3167,1.3021,1.2864,1.2786,1.2747,1.2649,1.2522,1.2424,1.2336,1.2248,1.219,1.2239,1.2473,1.2962,1.3773,1.4712,1.5806,1.7224,1.8827,2.0469,2.2033,2.346,2.4702,2.5738,2.6549,2.7146,2.7566,2.783,2.7947,2.7967,2.7977,2.7957,2.7928,2.7898,2.782,2.7703,2.7566,2.74,2.7185,2.6862,2.6461,2.5992,2.5386,2.4673,2.3881,2.306,2.2239,2.1457,2.0733,2.0098,1.956,1.912,1.8778,1.8495,1.8231,1.8045,1.7918,1.782,1.7713,1.7556,1.7361,1.7126,1.6833,1.6491,1.6149,1.5855,1.563,1.5406,1.5171,1.4936,1.4702,1.4506,1.433,1.4164,1.3988,1.3783,1.3558,1.3372,1.3216,1.306,1.2884,1.2698,1.2532,1.2385,1.2239,1.2082,1.1965,1.1906,1.1955,1.216,1.2473,1.2942,1.3685,1.4682,1.5885,1.7243,1.868,2.0127,2.1515,2.2776,2.3851,2.4721,2.5318,2.5709,2.6041,2.6285,2.6452,2.6549,2.6579,2.6559,2.651,2.6442,2.6334,2.6139,2.5611,2.4927,2.4409,2.39,2.3363,2.2747,2.2092,2.1408,2.0753,2.0166,1.9648,1.9208,1.8847,1.8583,1.8407,1.827,1.8172,1.8094,1.8025,1.7957,1.7889,1.782,1.7722,1.7576,1.741,1.7214,1.7019,1.6804,1.6549,1.6295,1.607,1.5894,1.5738,1.5601,1.5464,1.5337,1.52,1.5044,1.4897,1.478,1.4624,1.4457,1.4311,1.4194,1.4096,1.4018,1.3949,1.3881,1.3812,1.3744,1.3685,1.3666,1.3724,1.3861,1.4194,1.478,1.5601,1.6647,1.7859,1.9179,2.0518,2.1799,2.2952,2.3822,2.4487,2.5093,2.5572,2.5904,2.6139,2.6285,2.6364,2.6364,2.6305,2.6227,2.6139,2.6041,2.5934,2.5777,2.5591,2.5318,2.4936,2.4477,2.392,2.3275,2.2581,2.1896,2.1241,2.0635,2.0147,1.9736,1.9374,1.9091,1.8886,1.8749,1.8651,1.8553,1.8456,1.8338,1.8221,1.8084,1.7918,1.7771,1.7634,1.7449,1.7214,1.697,1.6745,1.654,1.6354,1.6197,1.6051,1.5914,1.5748,1.5601,1.5494,1.5347,1.5161,1.4976,1.478,1.4585,1.4409,1.4272,1.4194,1.4135,1.4066,1.4008,1.3978,1.3959,1.3939,1.3959,1.4076,1.437,1.4868,1.5601,1.6549,1.7683,1.8954,2.0274,2.1388,2.2346,2.3294,2.4125,2.4809,2.5347,2.5748,2.6031,2.6237,2.6383,2.6471,2.652,2.651,2.6461,2.6383,2.6266,2.6109,2.5904,2.564,2.5308,2.4897,2.4438,2.392,2.3304,2.262,2.2004,2.1447,2.087,2.0323,1.9824,1.9413,1.9101,1.8856,1.8671,1.8514,1.8368,1.824,1.8123,1.8016,1.7898,1.7761,1.7595,1.7419,1.7234,1.7028,1.6794,1.6549,1.6295,1.6061,1.5846,1.5689,1.5543,1.5376,1.5191,1.5005,1.4848,1.4702,1.4565,1.4428,1.4301,1.4174,1.4027,1.392,1.3832,1.3705,1.3578,1.347,1.3402,1.3402,1.3529,1.3832,1.437,1.5171,1.6217,1.7488,1.868,1.9814,2.1046,2.2219,2.3265,2.4145,2.4858,2.5406,2.5826,2.6129,2.6334,2.6452,2.6471,2.6452,2.6432,2.6373,2.6276,2.6178,2.608,2.5953,2.5758,2.5484,2.5122,2.4682,2.4174,2.3646,2.3069,2.2414,2.173,2.1065,2.0459,1.9932,1.9501,1.9189,1.8964,1.8788,1.8641,1.8514,1.8407,1.8289,1.8152,1.8016,1.7889,1.7654,1.737,1.7097,1.6794,1.6461,1.6129,1.5855,1.5679,1.5552,1.5415,1.5279,1.5132,1.4956,1.4741,1.4516,1.4282,1.4037,1.3803,1.3578,1.3421,1.3343,1.3275,1.3196,1.3128,1.305,1.2981,1.2913,1.2874,1.2942,1.3177,1.3627,1.433,1.5122,1.6051,1.7243,1.8583,1.999,2.1349,2.262,2.3724,2.4643,2.5396,2.5992,2.6442,2.6725,2.6862,2.6931,2.695,2.6921,2.6872,2.6804,2.6716,2.6579,2.6403,2.6168,2.5836,2.5396,2.4936,2.4428,2.3812,2.3118,2.2366,2.1623,2.0938,2.0303,1.9726,1.9257,1.8876,1.8573,1.8368,1.8211,1.8084,1.7986,1.7879,1.7742,1.7556,1.7361,1.7146,1.6931,1.6716,1.65,1.6266,1.6051,1.5855,1.563,1.5406,1.52,1.5024,1.4858,1.4702,1.4555,1.4409,1.4223,1.4018,1.3861,1.3715,1.3548,1.3392,1.3255,1.3138,1.3001,1.2884,1.2786,1.2698,1.262,1.26,1.2698,1.2913,1.3275,1.3861,1.4702,1.5806,1.7116,1.8563,2.0039,2.1447,2.2737,2.3861,2.479,2.5455,2.5914,2.6295,2.6588,2.6794,2.6901,2.695,2.6979,2.697,2.6891,2.6745,2.654,2.6295,2.6002,2.564,2.52,2.4712,2.4135,2.348,2.2805,2.2141,2.1476,2.085,2.0293,1.9814,1.9453,1.9159,1.8886,1.8651,1.8465,1.8299,1.8162,1.8055,1.7967,1.7889,1.7781,1.7595,1.741,1.7214,1.697,1.6735,1.651,1.6285,1.6061,1.5836,1.5621,1.5386,1.5122,1.4878,1.4682,1.4545,1.4438,1.4311,1.4174,1.4037,1.3891,1.3724,1.3548,1.3412,1.3304,1.3177,1.304,1.2972,1.2942,1.2923,1.3011,1.3275,1.3783,1.4575,1.5611,1.6862,1.825,1.9717,2.1163,2.2502,2.3558,2.4379,2.5161,2.5826,2.6344,2.6706,2.6931,2.7019,2.7028,2.6999,2.694,2.6882,2.6794,2.6696,2.6569,2.6383,2.6119,2.5767,2.5318,2.478,2.4164,2.348,2.2727,2.1965,2.1241,2.0645,2.0176,1.9775,1.9453,1.9198,1.8993,1.8817,1.8661,1.8504,1.8358,1.8211,1.8045,1.7898,1.7752,1.7566,1.7322,1.7038,1.6764,1.652,1.6256,1.5992,1.5787,1.5611,1.5445,1.5288,1.5181,1.5073,1.4907,1.4731,1.4565,1.4379,1.4174,1.3998,1.3832,1.3666,1.349,1.3304,1.3187,1.3109,1.3011,1.2952,1.2952,1.3089,1.3412,1.4027,1.4936,1.609,1.7449,1.8935,2.045,2.173,2.2815,2.3891,2.4839,2.563,2.6256,2.6735,2.7087,2.7341,2.7517,2.7625,2.7683,2.7674,2.7595,2.7498,2.739,2.7243,2.7038,2.6755,2.6325,2.5767,2.5142,2.4409,2.3617,2.2845,2.219,2.1603,2.0987,2.0401,1.9883,1.9453,1.911,1.8847,1.8641,1.8456,1.8289,1.8152,1.8074,1.8016,1.7908,1.7742,1.7546,1.7331,1.7116,1.6891,1.6667,1.6422,1.6149,1.5865,1.5591,1.5386,1.52,1.4976,1.4751,1.4565,1.4399,1.4242,1.4066,1.3871,1.3675,1.3519,1.3412,1.3353,1.3284,1.3177,1.3089,1.3001,1.2981,1.3079,1.3333,1.3803,1.4506,1.5474,1.6686,1.8084,1.9365,2.0528,2.1789,2.3021,2.4106,2.4985,2.567,2.6158,2.651,2.6764,2.6931,2.7038,2.7048,2.6999,2.694,2.6872,2.6755,2.6569,2.6305,2.5953,2.5513,2.4995,2.4379,2.3675,2.3001,2.2346,2.1642,2.0978,2.0362,1.9824,1.9384,1.9052,1.8817,1.8641,1.8514,1.8397,1.826,1.8162,1.8074,1.7937,1.7791,1.7644,1.7458,1.7253,1.7038,1.6813,1.6579,1.6325,1.608,1.5885,1.5738,1.5582,1.5435,1.5288,1.5132,1.4966,1.477,1.4536,1.4311,1.4125,1.3949,1.3793,1.3675,1.3597,1.3519,1.3441,1.3372,1.3333,1.3353,1.347,1.3793,1.4389,1.5269,1.6383,1.7478,1.8612,1.9961,2.1369,2.2708,2.391,2.4917,2.5767,2.6452,2.6979,2.7361,2.7586,2.7703,2.7703,2.7605,2.7498,2.739,2.7243,2.7058,2.6852,2.6618,2.6334,2.5963,2.5494,2.4927,2.434,2.3734,2.303,2.2307,2.1584,2.0929,2.0352,1.9873,1.9501,1.9228,1.9013,1.8837,1.8671,1.8553,1.8456,1.8328,1.8211,1.8074,1.7898,1.7693,1.7478,1.7263,1.7038,1.6804,1.651,1.6237,1.5982,1.5709,1.5425,1.5132,1.4848,1.4614,1.4428,1.4252,1.4096,1.3959,1.3832,1.3695,1.3587,1.3519,1.3441,1.3353,1.3226,1.3109,1.3069,1.3167,1.3451,1.4008,1.4848,1.5963,1.7107,1.8289,1.9687,2.1163,2.259,2.3891,2.5005,2.5924,2.6608,2.7058,2.7341,2.7507,2.7546,2.7488,2.741,2.7351,2.7322,2.7283,2.7224,2.7087,2.6862,2.6598,2.6246,2.5767,2.5181,2.4614,2.3988,2.3236,2.2444,2.1672,2.0968,2.0332,1.9804,1.9394,1.9052,1.8788,1.8583,1.8407,1.826,1.8133,1.7996,1.7869,1.7771,1.7644,1.7449,1.7185,1.6862,1.651,1.6149,1.5797,1.5533,1.5298,1.5034,1.479,1.4594,1.4418,1.4252,1.4096,1.3939,1.3754,1.3548,1.3363,1.3216,1.3128,1.304,1.2923,1.2805,1.2708,1.263,1.26,1.2717,1.304,1.3617,1.4497,1.565,1.6813,1.8016,1.9423,2.0899,2.2336,2.3617,2.4692,2.5572,2.6256,2.6735,2.7028,2.7195,2.7234,2.7224,2.7214,2.7214,2.7214,2.7195,2.7146,2.7048,2.6862,2.6598,2.6246,2.5767,2.5161,2.4545,2.3881,2.3109,2.2307,2.1515,2.0782,2.0127,1.956,1.9081,1.869,1.8387,1.8152,1.7986,1.7859,1.7761,1.7683,1.7566,1.739,1.7195,1.6979,1.6755,1.653,1.6276,1.5953,1.564,1.5415,1.522,1.4995,1.477,1.4565,1.434,1.4135,1.3939,1.3734,1.3519,1.3314,1.3157,1.3079,1.3001,1.2884,1.2786,1.2659,1.2522,1.2424,1.2336,1.2307,1.2405,1.2698,1.3265,1.4096,1.4995,1.6012,1.7312,1.8768,2.0235,2.1613,2.2845,2.3891,2.4741,2.5386,2.5865,2.6197,2.6383,2.6471,2.654,2.6549,2.654,2.654,2.652,2.6471,2.6364,2.6178,2.5885,2.5455,2.4878,2.4252,2.3578,2.2805,2.2004,2.1212,2.0479,1.9824,1.9257,1.8778,1.8407,1.8133,1.7937,1.782,1.7742,1.7674,1.7595,1.7478,1.7312,1.7116,1.6901,1.6686,1.6461,1.6237,1.5992,1.5738,1.5533,1.5376,1.522,1.5073,1.4917,1.477,1.4614,1.4448,1.4252,1.4057,1.3861,1.3656,1.348,1.3314,1.3118,1.2942,1.2776,1.262,1.2502,1.2414,1.2326,1.2307,1.2405,1.2678,1.3216,1.39,1.4731,1.5846,1.7175,1.8612,2.0059,2.1466,2.2776,2.392,2.4848,2.5572,2.6129,2.6481,2.6716,2.6891,2.6979,2.7019,2.7019,2.6979,2.6921,2.6813,2.6647,2.6422,2.61,2.567,2.521,2.4721,2.4115,2.3412,2.2669,2.1935,2.1251,2.0645,2.0117,1.9658,1.9286,1.8983,1.8778,1.8592,1.8407,1.824,1.8065,1.7898,1.7742,1.7556,1.7351,1.7136,1.6911,1.6686,1.6461,1.6334,1.6266,1.6119,1.5934,1.5709,1.5445,1.5171,1.4878,1.4624,1.4418,1.4242,1.4076,1.3959,1.3861,1.3744,1.3607,1.348,1.3402,1.3343,1.3275,1.3226,1.3196,1.3206,1.3245,1.3343,1.3519,1.3871,1.4497,1.5406,1.6588,1.7996,1.9541,2.1095,2.2561,2.3871,2.5015,2.5963,2.6608,2.7019,2.7341,2.7537,2.7595,2.7546,2.7449,2.7351,2.7263,2.7175,2.7097,2.6999,2.6862,2.6657,2.6393,2.6012,2.5523,2.4946,2.4242,2.347,2.2669,2.1896,2.1193,2.0577,2.0078,1.9736,1.9511,1.9326,1.9159,1.8983,1.8798,1.8612,1.8407,1.8201,1.7986,1.7761,1.7537,1.7351,1.7185,1.6989,1.6745,1.6432,1.6109,1.5797,1.5494,1.521,1.4976,1.478,1.4614,1.4457,1.434,1.4242,1.4115,1.3939,1.3744,1.3568,1.3412,1.3275,1.3167,1.3079,1.3001,1.2923,1.2884,1.2884,1.2952,1.3196,1.3685,1.4477,1.5543,1.6852,1.8328,1.9873,2.1388,2.2805,2.4037,2.4946,2.565,2.6276,2.6774,2.7136,2.74,2.7605,2.7742,2.781,2.7849,2.7869,2.784,2.7732,2.7586,2.7429,2.7263,2.7048,2.6735,2.6295,2.5748,2.5073,2.4311,2.35,2.2688,2.1887,2.1202,2.0655,2.0156,1.9726,1.9355,1.9022,1.8749,1.8534,1.8348,1.8182,1.8045,1.7928,1.783,1.7742,1.7605,1.7419,1.7185,1.6882,1.654,1.6188,1.5836,1.5513,1.522,1.4985,1.479,1.4653,1.4545,1.4399,1.4213,1.4027,1.3822,1.3607,1.3431,1.3245,1.3079,1.2923,1.2747,1.263,1.2551,1.2473,1.2395,1.2375,1.2512,1.2864,1.347,1.437,1.5523,1.6882,1.8368,1.9873,2.1153,2.2239,2.3343,2.434,2.5171,2.5855,2.6383,2.6755,2.6979,2.7097,2.7155,2.7185,2.7175,2.4242,2.3705,2.3069,2.2366,2.1662,2.0987,2.0371,1.9853,1.9443,1.913,1.8866,1.8612,1.8397,1.8221,1.8065,1.7918,1.7791,1.7674,1.7527,1.7351,1.7155,1.694,1.6745,1.6569,1.6344,1.609,1.5865,1.566,1.5455,1.5249,1.5073,1.4878,1.4673,1.4467,1.4291,1.4174,1.4047,1.391,1.3773,1.3636,1.3509,1.3431,1.3372,1.3304,1.3275,1.3255,1.3216,1.3196,1.3187,1.3148,1.3089,1.303,1.2962,1.2923,1.2962,1.3089,1.3372,1.39,1.4673,1.5523,1.6491,1.7722,1.9091,2.0479,2.1808,2.2991,2.3988,2.48,2.5474,2.6002,2.6373,2.6608,2.6706,2.6725,2.6716,2.6676,2.6608,2.652,2.6442,2.6364,2.6354,2.6344,2.6197,2.5885,2.5484,2.5015,2.4438,2.3754,2.304,2.2366,2.1701,2.1065,2.0499,2.002,1.9619,1.9306,1.9081,1.8915,1.8778,1.8641,1.8495,1.8358,1.8211,1.8074,1.7918,1.7732,1.7498,1.7195,1.6872,1.6579,1.6325,1.6061,1.5816,1.563,1.5464,1.5308,1.5161,1.5015,1.4868,1.4721,1.4575,1.4428,1.4301,1.4174,1.4018,1.3871,1.3724,1.3597,1.35,1.3431,1.3382,1.3314,1.3245,1.3177,1.3148,1.3128,1.3079,1.3021,1.3011,1.3118,1.3402,1.3939,1.4721,1.5777,1.7067,1.8485,1.9941,2.1183,2.2239,2.3304,2.4301,2.5191,2.5934,2.654,2.7028,2.738,2.7605,2.7732,2.7801,2.7781,2.7683,2.7556,2.7429,2.7292,2.7146,2.7009,2.6852,2.6628,2.6285,2.5806,2.523,2.4545,2.3861,2.3196,2.2473,2.174,2.1046,2.045,1.9961,1.955,1.9208,1.8925,1.871,1.8534,1.8387,1.826,1.8133,1.8016,1.7918,1.7801,1.7634,1.7429,1.7165,1.6852,1.652,1.6178,1.5846,1.5611,1.5455,1.5298,1.5152,1.5005,1.4858,1.4721,1.4575,1.4428,1.4291,1.4145,1.4008,1.39,1.3812,1.3675,1.3519,1.3382,1.3245,1.3109,1.2981,1.2854,1.2737,1.2639,1.259,1.2639,1.2825,1.3187,1.3793,1.4682,1.5806,1.7116,1.8543,2.001,2.1437,2.2737,2.3871,2.4829,2.5543,2.6041,2.6452,2.6764,2.6979,2.7107,2.7165,2.7195,2.7214,2.7224,2.7204,2.7146,2.7028,2.6862,2.6628,2.6315,2.5924,2.5445,2.4868,2.4223,2.3539,2.2825,2.2092,2.1388,2.0733,2.0205,1.9785,1.9374,1.9013,1.87,1.8456,1.826,1.8094,1.7947,1.7781,1.7595,1.739,1.7214,1.7058,1.6872,1.6657,1.6403,1.6129,1.5885,1.5699,1.5494,1.5288,1.5073,1.4858,1.4682,1.4555,1.4457,1.434,1.4213,1.4037,1.3822,1.3607,1.3412,1.3226,1.306,1.2942,1.2845,1.2796,1.2776,1.2727,1.2669,1.26,1.2551,1.2561,1.2708,1.303,1.3568,1.434,1.5318,1.65,1.7664,1.8778,2.001,2.1271,2.2463,2.35,2.436,2.5054,2.5601,2.6002,2.6285,2.6481,2.6569,2.6559,2.651,2.6422,2.6305,2.6178,2.6002,2.5806,2.5572,2.5239,2.48,2.4262,2.3617,2.2991,2.2385,2.1701,2.0987,2.0332,1.9765,1.9267,1.8847,1.8514,1.826,1.8065,1.7918,1.783,1.7761,1.7693,1.7625,1.7546,1.7419,1.7243,1.7038,1.6774,1.651,1.6266,1.6041,1.5846,1.5709,1.5591,1.5406,1.5171,1.4917,1.4673,1.4457,1.4282,1.4125,1.3978,1.3832,1.3695,1.3587,1.3519,1.3431,1.3314,1.3187,1.305,1.2933,1.2835,1.2757,1.2678,1.2659,1.2776,1.306,1.346,1.4047,1.4878,1.5924,1.7175,1.8514,1.9853,2.1144,2.2356,2.3412,2.4291,2.4985,2.5455,2.5777,2.6051,2.6217,2.6305,2.6325,2.6305,2.6256,2.6197,2.61,2.5943,2.5728,2.5445,2.5132,2.478,2.436,2.3842,2.3226,2.2551,2.1867,2.1212,2.0587,2.002,1.9521,1.913,1.8866,1.868,1.8524,1.8387,1.827,1.8143,1.8006,1.7889,1.7791,1.7693,1.7556,1.739,1.7234,1.7067,1.6823,1.6549,1.6276,1.6012,1.5797,1.5621,1.5455,1.5308,1.5161,1.5015,1.4858,1.4712,1.4585,1.4418,1.4233,1.4066,1.391,1.3763,1.3627,1.35,1.3402,1.3314,1.3236,1.3196,1.3216,1.3294,1.349,1.3891,1.4526,1.5396,1.6481,1.7732,1.911,2.0479,2.176,2.2884,2.3724,2.4389,2.5024,2.5552,2.5953,2.6246,2.6422,2.651,2.652,2.6471,2.6413,2.6344,2.6266,2.6139,2.5963,2.5777,2.5562,2.5279,2.4888,2.4399,2.3803,2.3118,2.2395,2.1672,2.0978,2.042,1.998,1.9589,1.9257,1.8944,1.869,1.8495,1.8319,1.8162,1.8016,1.7879,1.7722,1.7576,1.7429,1.7253,1.7058,1.6843,1.6608,1.6383,1.6168,1.5963,1.5767,1.5601,1.5415,1.522,1.5083,1.4946,1.477,1.4614,1.4467,1.4321,1.4184,1.4037,1.39,1.3763,1.3627,1.348,1.3372,1.3304,1.3236,1.3187,1.3196,1.3333,1.3705,1.434,1.5239,1.6364,1.7674,1.9081,2.0479,2.1652,2.2659,2.3656,2.4516,2.523,2.5777,2.6168,2.6452,2.6628,2.6716,2.6764,2.6784,2.6764,2.6716,2.6657,2.6559,2.6422,2.6227,2.5973,2.564,2.5191,2.4633,2.3988,2.3265,2.2502,2.1848,2.1271,2.0684,2.0137,1.9629,1.9198,1.8847,1.8573,1.8358,1.8182,1.8045,1.7928,1.783,1.7761,1.7664,1.7507,1.7322,1.7126,1.6891,1.6637,1.6364,1.6119,1.5894,1.565,1.5425,1.5239,1.5073,1.4858,1.4643,1.4418,1.4194,1.4008,1.3842,1.3685,1.3558,1.346,1.3372,1.3314,1.3245,1.3157,1.3069,1.2991,1.2933,1.2981,1.3206,1.3646,1.435,1.5308,1.6461,1.7791,1.9042,2.0225,2.1515,2.2766,2.3891,2.4858,2.563,2.6207,2.6598,2.6833,2.695,2.6989,2.696,2.6911,2.6862,2.6804,2.6735,2.6667,2.6559,2.6373,2.61,2.5699,2.5191,2.4585,2.3881,2.3196,2.2542,2.1808,2.1095,2.0459,1.9902,1.9443,1.9081,1.8807,1.8592,1.8416,1.825,1.8113,1.8016,1.7928,1.783,1.7693,1.7507,1.7312,1.7097,1.6882,1.6667,1.6442,1.6227,1.6041,1.5894,1.5748,1.5582,1.5367,1.5112,1.4839,1.4555,1.4272,1.3978,1.3705,1.349,1.3333,1.3216,1.3138,1.306,1.2972,1.2845,1.2727,1.2639,1.2571,1.261,1.2854,1.3324,1.4037,1.4839,1.5748,1.6921,1.8221,1.957,2.0909,2.2151,2.3226,2.4115,2.4839,2.5425,2.5865,2.6168,2.6344,2.6413,2.6432,2.6403,2.6354,2.6256,2.609,2.5904,2.5679,2.5396,2.5054,2.4624,2.4154,2.3607,2.2933,2.219,2.1427,2.0714,2.0078,1.9541,1.911,1.8768,1.8504,1.8299,1.8143,1.8045,1.7977,1.7908,1.784,1.7771,1.7664,1.7498,1.7302,1.7097,1.6882,1.6667,1.6442,1.6256,1.608,1.5846,1.5611,1.5386,1.5161,1.4936,1.4712,1.4526,1.433,1.4115,1.3939,1.3773,1.3656,1.3558,1.346,1.3372,1.3294,1.3216,1.3138,1.306,1.2991,1.2972,1.3069,1.3324,1.3705,1.4282,1.5142,1.6237,1.7517,1.8905,2.0323,2.1672,2.2884,2.3891,2.4692,2.5308,2.5787,2.61,2.6285,2.6442,2.654,2.6569,2.651,2.6364,2.6188,2.5982,2.5758,2.5474,2.5132,2.478,2.4379,2.3851,2.3216,2.2512,2.176,2.1026,2.0371,1.9785,1.9306,1.8925,1.8622,1.8397,1.8231,1.8104,1.8025,1.7986,1.7947,1.7898,1.781,1.7683,1.7507,1.7312,1.7087,1.6823,1.6598,1.6413,1.6207,1.5963,1.5748,1.5601,1.5455,1.5308,1.5122,1.4917,1.4741,1.4585,1.4409,1.4252,1.4115,1.3969,1.3822,1.3675,1.3548,1.3451,1.3363,1.3324,1.3343,1.3382,1.3519,1.3773,1.4223,1.4985,1.6022,1.7361,1.8925,2.0567,2.219,2.3705,2.5015,2.6119,2.6999,2.7625,2.7977,2.8172,2.8319,2.8387,2.8426,2.8446,2.8407,2.8309,2.8201,2.8084,2.7918,2.7713,2.7488,2.7195,2.6755,2.6188,2.5513,2.4731,2.3861,2.3021,2.2229,2.1505,2.088,2.0362,1.9932,1.9619,1.9394,1.9198,1.9022,1.8856,1.869,1.8524,1.8319,1.8074,1.783,1.7586,1.7341,1.7136,1.6931,1.6686,1.6393,1.608,1.5787,1.5474,1.5152,1.4868,1.4604,1.435,1.4135,1.3988,1.3881,1.3744,1.3587,1.3431,1.3265,1.3099,1.2962,1.2805,1.2649,1.2532,1.2473,1.2542,1.2747,1.3109,1.3783,1.48,1.607,1.7537,1.9159,2.0811,2.2414,2.39,2.5191,2.6246,2.6979,2.7478,2.7849,2.8074,2.8182,2.824,2.827,2.828,2.8289,2.827,2.8221,2.8152,2.8084,2.7967,2.7761,2.7458,2.7019,2.6442,2.5748,2.4702,2.3705,2.2962,2.2121,2.131,2.0616,2.0078,1.9668,1.9316,1.9042,1.8817,1.8631,1.8456,1.828,1.8133,1.8006,1.784,1.7625,1.738,1.7136,1.6872,1.6549,1.6207,1.5865,1.5591,1.5357,1.5112,1.4888,1.4692,1.4516,1.435,1.4223,1.4096,1.391,1.3695,1.346,1.3226,1.3001,1.2805,1.263,1.2454,1.2307,1.219,1.2131,1.219,1.2405,1.2854,1.3617,1.4673,1.5963,1.7429,1.9003,2.0587,2.2121,2.3529,2.4761,2.5689,2.6373,2.7028,2.7576,2.7977,2.826,2.8465,2.8583,2.8622,2.8583,2.8475,2.8319,2.8123,2.7898,2.7664,2.741,2.7067,2.6608,2.6051,2.5406,2.4633,2.3773,2.2893,2.2043,2.1271,2.0635,2.0108,1.9619,1.9208,1.8905,1.8671,1.8495,1.8338,1.8182,1.8025,1.7849,1.7634,1.738,1.7136,1.6891,1.6618,1.6344,1.6041,1.5728,1.5445,1.5181,1.4927,1.4712,1.4526,1.435,1.4223,1.4076,1.3881,1.3656,1.3402,1.3167,1.2991,1.2845,1.2688,1.2551,1.2444,1.2346,1.2258,1.2209,1.2209,1.2287,1.2551,1.306,1.3842,1.4907,1.6227,1.7742,1.9707,2.1457,2.2639,2.3656,2.4497,2.5288,2.5992,2.6569,2.6999,2.7322,2.7546,2.7674,2.7722,2.7703,2.7654,2.7546,2.737,2.7155,2.6921,2.6647,2.6256,2.5777,2.521,2.4536,2.3763,2.2825,2.1838,2.0978,2.0313,1.9756,1.9218,1.8749,1.8358,1.8045,1.783,1.7683,1.7566,1.7468,1.738,1.7292,1.7234,1.7146,1.6979,1.6774,1.6549,1.6315,1.608,1.5846,1.5582,1.5298,1.4995,1.4682,1.436,1.4106,1.3891,1.3666,1.3451,1.3265,1.3099,1.2933,1.2747,1.2581,1.2454,1.2346,1.2258,1.2209,1.219,1.2141,1.2092,1.2111,1.2278,1.2659,1.3294,1.4194,1.5347,1.6696,1.8152,1.9638,2.0929,2.2033,2.3138,2.4135,2.4956,2.5601,2.6109,2.65,2.6784,2.696,2.7048,2.7058,2.6979,2.6813,2.6618,2.6393,2.6139,2.5836,2.5464,2.4995,2.4428,2.3763,2.305,2.2307,2.1554,2.0919,2.0362,1.9785,1.9238,1.8739,1.8309,1.7977,1.7752,1.7605,1.7488,1.739,1.7302,1.7234,1.7146,1.7019,1.6872,1.6676,1.6461,1.6237,1.6002,1.5728,1.5406,1.5083,1.4761,1.4467,1.4174,1.3949,1.3793,1.3636,1.348,1.3324,1.3167,1.303,1.2893,1.2766,1.2669,1.2581,1.2532,1.2512,1.2434,1.2336,1.2248,1.219,1.2219,1.2414,1.2805,1.348,1.4448,1.565,1.7048,1.8348,1.958,2.0909,2.2219,2.3412,2.4438,2.5249,2.5855,2.6295,2.6598,2.6745,2.6784,2.6745,2.6657,2.6579,2.65,2.6422,2.6315,2.6168,2.5973,2.5709,2.5337,2.4858,2.4252,2.3529,2.2825,2.2141,2.1359,2.0567,1.9844,1.9238,1.8759,1.8397,1.8143,1.7977,1.7889,1.781,1.7732,1.7674,1.7605,1.7488,1.7312,1.7077,1.6804,1.653,1.6266,1.6022,1.5777,1.5552,1.5376,1.5269,1.52,1.5122,1.5064,1.4995,1.4878,1.4741,1.4594,1.4399,1.4145,1.3871,1.3597,1.3382,1.3236,1.3079,1.2923,1.2766,1.263,1.2522,1.2483,1.26,1.2942,1.3597,1.4585,1.5836,1.7077,1.8338,1.9795,2.1261,2.2639,2.3871,2.4927,2.5836,2.6588,2.7165,2.7576,2.784,2.7947,2.7967,2.7977,2.7977,2.7957,2.7889,2.7771,2.7615,2.7419,2.7155,2.6804,2.6354,2.5787,2.52,2.4545,2.3763,2.2747,2.1838,2.1222,2.0635,2.0137,1.9726,1.9404,1.914,1.8895,1.869,1.8485,1.8221,1.7957,1.7722,1.7527,1.7331,1.7107,1.6882,1.6647,1.6413,1.6168,1.5953,1.5718,1.5464,1.5191,1.4888,1.4575,1.4321,1.4115,1.393,1.3734,1.3509,1.3284,1.305,1.2874,1.2717,1.2561,1.2444,1.2346,1.2258,1.217,1.2082,1.2063,1.219,1.2542,1.3157,1.391,1.4858,1.6139,1.7644,1.9267,2.087,2.2336,2.3617,2.4702,2.5611,2.6325,2.6862,2.7253,2.7468,2.7595,2.7703,2.7761,2.7791,2.7801,2.7791,2.7722,2.7625,2.7498,2.7312,2.7038,2.6676,2.6237,2.567,2.4976,2.4164,2.3294,2.2434,2.1623,2.087,2.0196,1.9589,1.9052,1.8573,1.8211,1.7957,1.7771,1.7634,1.7527,1.7439,1.7351,1.7243,1.7087,1.6872,1.6598,1.6305,1.6031,1.5777,1.5484,1.52,1.4936,1.4682,1.4438,1.4213,1.4018,1.3842,1.3666,1.348,1.3265,1.3079,1.2903,1.2737,1.261,1.2512,1.2395,1.2258,1.2131,1.2023,1.1935,1.1867,1.1877,1.1994,1.2297,1.2874,1.3754,1.4897,1.6276,1.782,1.9824,2.1632,2.2884,2.4115,2.5191,2.61,2.6755,2.7204,2.7546,2.7781,2.7918,2.7967,2.7928,2.783,2.7722,2.7625,2.7517,2.7361,2.7165,2.694,2.6667,2.6285,2.5797,2.5181,2.4448,2.3636,2.2786,2.1916,2.1105,2.0371,1.9707,1.9169,1.8759,1.8407,1.8133,1.7918,1.7752,1.7625,1.7527,1.741,1.7253,1.7058,1.6833,1.6647,1.6393,1.6119,1.5904,1.563,1.5327,1.5015,1.4702,1.4301,1.3939,1.3715,1.3529,1.3353,1.3226,1.3118,1.2981,1.2815,1.263,1.2434,1.2278,1.2141,1.2014,1.1887,1.174,1.1584,1.1466,1.1408,1.1339,1.129,1.132,1.1544,1.2014,1.3118,1.4721,1.5934,1.696,1.8319,1.9804,2.1075,2.216,2.3431,2.4614,2.5327,2.5777,2.6207,2.653,2.6706,2.6833,2.6921,2.6921,2.6882,2.6843,2.6716,2.6579,2.6442,2.6217,2.5699,2.4956,2.4194,2.3392,2.2766,2.2111,2.1261,2.0489,1.9824,1.9267,1.8827,1.8504,1.826,1.8055,1.7879,1.7713,1.7566,1.7429,1.7322,1.7234,1.7087,1.6891,1.6667,1.6432,1.6197,1.5963,1.5699,1.5425,1.5152,1.4888,1.4702,1.4526,1.434,1.4164,1.3988,1.3822,1.3656,1.3451,1.3206,1.2991,1.2825,1.2737,1.2815,1.306,1.346,1.4086,1.4946,1.6002,1.7175,1.8387,1.958,2.0704,2.1691,2.2493,2.3109,2.3529,2.3812,2.4018,2.4145,2.4184,2.4154,2.4027,2.3822,2.3558,2.3226,2.2805,2.2287,2.1691,2.1114,2.0538,1.9873,1.9179,1.8534,1.7996,1.7595,1.7341,1.7204,1.7146,1.7155,1.7165,1.7165,1.7165,1.7126,1.7077,1.7009,1.694,1.6833,1.6676,1.6491,1.6266,1.6031,1.5806,1.5582,1.5396,1.5249,1.5073,1.4839,1.4594,1.437,1.4145,1.3939,1.3783,1.3666,1.3578,1.35,1.346,1.3441,1.3412,1.3392,1.3382,1.3363,1.3314,1.3294,1.3284,1.3236,1.3177,1.3138,1.3118,1.3118,1.3118,1.3109,1.3099,1.3079,1.303,1.2972,1.2903,1.2835,1.2766,1.2727,1.2766,1.2893,1.3157,1.3627,1.4389,1.5455,1.6774,1.8299,1.9961,2.1642,2.3226,2.4663,2.5924,2.697,2.7713,2.825,2.8729,2.911,2.9374,2.9541,2.9648,2.9677,2.9658,2.9619,2.9541,2.9433,2.9286,2.912,2.8954,2.8719,2.8387,2.7937,2.737,2.6686,2.5904,2.5083,2.4242,2.3441,2.2737,2.217,2.1701,2.1271,2.089,2.0596,2.0371,2.0186,1.999,1.9785,1.957,1.9316,1.9071,1.8876,1.868,1.8465,1.825,1.7996,1.7693,1.7361,1.7009,1.6676,1.6383,1.6139,1.5943,1.5777,1.566,1.5562,1.5445,1.5308,1.5152,1.4966,1.478,1.4624,1.4467,1.4321,1.4174,1.4027,1.392,1.3832,1.3715,1.3597,1.3509,1.348,1.3587,1.39,1.4467,1.5298,1.6354,1.7605,1.8935,2.0098,2.1173,2.2307,2.3363,2.4262,2.5005,2.5611,2.6109,2.652,2.6833,2.7067,2.7234,2.7302,2.7302,2.7283,2.7234,2.7175,2.7107,2.7019,2.6872,2.6618,2.6237,2.5718,2.5103,2.4487,2.3832,2.3089,2.2356,2.1672,2.1036,2.0489,2,1.957,1.9208,1.8886,1.8583,1.8328,1.8162,1.8065,1.7977,1.7898,1.782,1.7722,1.7586,1.741,1.7195,1.6931,1.6637,1.6344,1.6129,1.5982,1.5816,1.563,1.5406,1.5171,1.4946,1.4702,1.4467,1.4282,1.4115,1.3959,1.3832,1.3754,1.3695,1.3627,1.3558,1.347,1.3333,1.3177,1.304,1.2952,1.2981,1.3196,1.3666,1.4301,1.5142,1.6295,1.7683,1.9228,2.0772,2.2209,2.349,2.4585,2.5494,2.6197,2.6716,2.7097,2.7322,2.7449,2.7576,2.7654,2.7195,2.6461,2.6061,2.5806,2.5611,2.5455,2.5308,2.5161,2.4976,2.4702,2.433,2.3881,2.3333,2.2698,2.2014,2.132,2.0645,2.002,1.9472,1.9013,1.8641,1.8368,1.8182,1.8025,1.7889,1.7742,1.7576,1.74,1.7253,1.7116,1.695,1.6774,1.6588,1.6432,1.6256,1.6012,1.5748,1.5494,1.5239,1.4995,1.479,1.4624,1.4477,1.434,1.4213,1.4086,1.3978,1.3861,1.3724,1.3587,1.347,1.3382,1.3304,1.3216,1.3109,1.2991,1.2874,1.2766,1.2727,1.2776,1.2923,1.3236,1.3773,1.4565,1.5562,1.6706,1.7928,1.915,2.0323,2.1378,2.2287,2.2933,2.3382,2.3783,2.4106,2.437,2.4565,2.4692,2.477,2.479,2.477,2.4712,2.4604,2.4457,2.4272,2.4037,2.3763,2.3451,2.3089,2.2639,2.2092,2.1486,2.0821,2.0137,1.9501,1.8925,1.8485,1.8152,1.7869,1.7654,1.7498,1.739,1.7312,1.7234,1.7165,1.7097,1.7019,1.6901,1.6774,1.6647,1.6491,1.6315,1.6119,1.5914,1.5699,1.5494,1.5298,1.5103,1.4946,1.48,1.4663,1.4565,1.4487,1.4379,1.4262,1.4125,1.3969,1.3803,1.3656,1.3539,1.3421,1.3294,1.3167,1.3069,1.3021,1.2972,1.2933,1.2972,1.3167,1.3548,1.4154,1.4976,1.5973,1.7097,1.8309,1.9521,2.0538,2.1427,2.2317,2.3109,2.3793,2.435,2.4761,2.5015,2.5152,2.522,2.5259,2.5239,2.5191,2.5132,2.5073,2.5005,2.4907,2.4751,2.4526,2.4223,2.3842,2.3382,2.2845,2.2248,2.1681,2.1124,2.0528,1.9961,1.9462,1.9032,1.868,1.8377,1.8123,1.7937,1.7781,1.7634,1.7507,1.741,1.7351,1.7253,1.7116,1.695,1.6774,1.6569,1.6354,1.6158,1.5963,1.5767,1.5591,1.5474,1.5367,1.522,1.5054,1.4868,1.4702,1.4526,1.434,1.4184,1.4037,1.39,1.3773,1.3646,1.3548,1.349,1.3421,1.3363,1.3294,1.3236,1.3167,1.3138,1.3206,1.3431,1.3871,1.4545,1.5298,1.6149,1.7234,1.8456,1.9717,2.0938,2.2033,2.3001,2.3812,2.4457,2.4956,2.5327,2.5582,2.5689,2.5709,2.5718,2.5689,2.565,2.563,2.5591,2.5503,2.5396,2.5269,2.5093,2.4829,2.4487,2.4066,2.3519,2.2884,2.2199,2.1515,2.0841,2.0196,1.9638,1.9189,1.8817,1.869,1.8719,1.868,1.8602,1.8495,1.8328,1.8123,1.7918,1.7703,1.7488,1.7273,1.7058,1.6843,1.6608,1.6383,1.6168,1.5934,1.5709,1.5503,1.5327,1.5171,1.5024,1.4878,1.4731,1.4545,1.4311,1.4057,1.3851,1.3675,1.35,1.3382,1.3284,1.3196,1.3118,1.304,1.2933,1.2805,1.2727,1.2717,1.2845,1.3157,1.3705,1.4536,1.566,1.7009,1.8504,2.002,2.1466,2.2776,2.392,2.4888,2.5679,2.6217,2.6579,2.6901,2.7165,2.737,2.7527,2.7625,2.7674,2.7703,2.7713,2.7683,2.7576,2.74,2.7165,2.6901,2.6598,2.6188,2.5679,2.5083,2.4389,2.3617,2.2815,2.2014,2.1241,2.0528,1.998,1.9541,1.914,1.8837,1.8612,1.8426,1.826,1.8104,1.7937,1.7752,1.7556,1.7351,1.7175,1.7009,1.6804,1.6559,1.6285,1.6031,1.5806,1.563,1.5464,1.5308,1.5122,1.4907,1.4673,1.4467,1.4291,1.4076,1.3851,1.3627,1.3441,1.3314,1.3265,1.3333,1.3548,1.3978,1.4624,1.5318,1.6139,1.7195,1.8368,1.958,2.0743,2.1789,2.2708,2.347,2.4047,2.4448,2.4702,2.4829,2.4878,2.4878,2.4829,2.4712,2.4565,2.4399,2.4194,2.391,2.3539,2.306,2.2483,2.1818,2.1183,2.0577,1.9912,1.9238,1.8612,1.8084,1.7664,1.7331,1.7087,1.6931,1.6852,1.6852,1.6872,1.6862,1.6823,1.6745,1.6618,1.6442,1.6246,1.6041,1.5836,1.5601,1.5347,1.5073,1.479,1.4565,1.436,1.4135,1.393,1.3734,1.3548,1.3402,1.3294,1.3206,1.3118,1.306,1.3011,1.2991,1.2981,1.2942,1.2884,1.2796,1.2698,1.262,1.2542,1.2463,1.2395,1.2326,1.2248,1.218,1.2141,1.2121,1.2082,1.2043,1.2053,1.2209,1.259,1.3245,1.4184,1.5406,1.6862,1.8426,1.9824,2.1114,2.2483,2.3754,2.4878,2.5797,2.651,2.7048,2.7439,2.7722,2.7918,2.8035,2.8094,2.8074,2.7986,2.7889,2.7791,2.7683,2.7546,2.7351,2.7107,2.6784,2.6334,2.5767,2.5112,2.4457,2.3793,2.304,2.2278,2.1535,2.089,2.0371,1.9951,1.9629,1.9404,1.9218,1.9052,1.8895,1.8768,1.8651,1.8514,1.8358,1.8152,1.7928,1.7713,1.7478,1.7234,1.697,1.6696,1.6432,1.6188,1.5982,1.5787,1.5621,1.5464,1.5367,1.5288,1.5161,1.5034,1.4888,1.4712,1.4545,1.437,1.4223,1.4096,1.3969,1.3851,1.3763,1.3685,1.3627,1.3627,1.3715,1.393,1.435,1.5024,1.5797,1.6667,1.7781,1.9022,2.0264,2.1437,2.2483,2.3372,2.4086,2.4643,2.5073,2.5406,2.565,2.5797,2.5865,2.5904,2.5885,2.5826,2.5718,2.5562,2.5386,2.5161,2.4848,2.4457,2.4008,2.3568,2.3099,2.2551,2.1975,2.1369,2.0762,2.0215,1.9726,1.9296,1.8925,1.8641,1.8436,1.827,1.8152,1.8055,1.7967,1.7889,1.781,1.7742,1.7644,1.7488,1.7283,1.7009,1.6725,1.6432,1.6188,1.6012,1.5855,1.5709,1.5572,1.5435,1.5298,1.5171,1.5034,1.4897,1.477,1.4604,1.4418,1.4291,1.4184,1.4027,1.3881,1.3773,1.3685,1.3607,1.3558,1.3597,1.3803,1.4203,1.4848,1.5611,1.651,1.7683,1.9042,2.044,2.1769,2.2981,2.4047,2.4946,2.566,2.6197,2.6598,2.6833,2.697,2.7107,2.7204,2.7253,2.7283,2.7292,2.7283,2.7224,2.7136,2.6999,2.6804,2.652,2.6197,2.5797,2.5269,2.4624,2.39,2.3148,2.2444,2.1789,2.1163,2.0596,2.0147,1.9804,1.957,1.9404,1.9247,1.911,1.8974,1.8798,1.8583,1.8338,1.8104,1.7889,1.7683,1.7458,1.7214,1.6989,1.6794,1.6598,1.6403,1.6207,1.6022,1.5846,1.564,1.5406,1.5152,1.4897,1.4653,1.4477,1.434,1.4174,1.4008,1.3871,1.3754,1.3627,1.3509,1.3421,1.3363,1.3363,1.348,1.3773,1.4184,1.4761,1.5601,1.6647,1.7869,1.9179,2.0459,2.1632,2.2669,2.3539,2.4242,2.4809,2.521,2.5494,2.5748,2.5943,2.6061,2.6119,2.6149,2.6139,2.61,2.6051,2.5973,2.5836,2.5621,2.5347,2.4995,2.4545,2.4027,2.3402,2.2698,2.1984,2.129,2.0665,2.0098,1.9599,1.9179,1.8876,1.8631,1.8426,1.826,1.8113,1.7957,1.7781,1.7595,1.74,1.7204,1.7009,1.6804,1.6608,1.6442,1.6285,1.6109,1.5943,1.5777,1.5572,1.5337,1.5103,1.4888,1.4663,1.4448,1.4272,1.4154,1.4066,1.393,1.3803,1.3685,1.3558,1.3441,1.3324,1.3196,1.3069,1.2933,1.2854,1.2845,1.2962,1.3245,1.3754,1.4516,1.5513,1.6706,1.8016,1.9374,2.0704,2.1935,2.3021,2.3959,2.4663,2.5142,2.5533,2.5836,2.6031,2.6168,2.6256,2.6276,2.6256,2.6207,2.6149,2.6051,2.5904,2.5709,2.5455,2.5122,2.4712,2.4233,2.3666,2.304,2.2385,2.1711,2.1046,2.042,1.9853,1.9394,1.9022,1.869,1.8397,1.8172,1.8006,1.7908,1.784,1.7771,1.7703,1.7615,1.7488,1.7322,1.7165,1.7009,1.6774,1.6481,1.6158,1.5846,1.5591,1.5396,1.523,1.5073,1.4927,1.4761,1.4614,1.4467,1.4291,1.4086,1.3881,1.3724,1.3617,1.3529,1.3451,1.3372,1.3294,1.3226,1.3157,1.3138,1.3196,1.3353,1.3666,1.4203,1.4976,1.5973,1.7165,1.8426,1.9717,2.0958,2.2102,2.3001,2.3705,2.437,2.4956,2.5455,2.5846,2.6109,2.6256,2.6315,2.6305,2.6256,2.6139,2.5982,2.5797,2.5601,2.5396,2.5161,2.4839,2.4418,2.391,2.3294,2.259,2.1867,2.1124,2.0411,1.9824,1.9365,1.8964,1.8641,1.8397,1.8201,1.8074,1.7977,1.7869,1.7781,1.7703,1.7595,1.7478,1.7351,1.7185,1.6979,1.6745,1.6481,1.6217,1.5963,1.5718,1.5474,1.5249,1.5044,1.4878,1.4761,1.4663,1.4545,1.4418,1.4291,1.4154,1.4018,1.3881,1.3724,1.3578,1.3441,1.3294,1.3226,1.3187,1.3167,1.3245,1.3441,1.3803,1.4409,1.5249,1.6285,1.7527,1.8905,2.0313,2.1691,2.2825,2.3754,2.4633,2.5367,2.5934,2.6373,2.6706,2.6921,2.7048,2.7107,2.7136,2.7155,2.7126,2.7058,2.697,2.6862,2.6706,2.6491,2.6207,2.5806,2.5279,2.4673,2.3988,2.3236,2.2463,2.1789,2.1193,2.0596,2.0059,1.9619,1.9257,1.8974,1.8768,1.8592,1.8436,1.8289,1.8133,1.7986,1.784,1.7664,1.7478,1.7283,1.7067,1.6833,1.6579,1.6276,1.5992,1.5748,1.5523,1.5308,1.5132,1.4956,1.4741,1.4516,1.4301,1.4125,1.3969,1.3822,1.3695,1.3597,1.3519,1.3421,1.3343,1.3284,1.3216,1.3148,1.3138,1.3255,1.3548,1.4096,1.4917,1.6002,1.7283,1.8661,2.0039,2.1193,2.216,2.3109,2.3969,2.4702,2.5327,2.5836,2.6188,2.6413,2.6549,2.6618,2.6647,2.6628,2.6588,2.653,2.6452,2.6373,2.6266,2.61,2.5826,2.5425,2.4936,2.436,2.3715,2.3011,2.2366,2.1789,2.1193,2.0616,2.0108,1.9599,1.912,1.8739,1.8397,1.8113,1.7898,1.7722,1.7605,1.7507,1.737,1.7224,1.7077,1.6891,1.6696,1.6471,1.6188,1.5885,1.5601,1.5367,1.5181,1.5054,1.4927,1.4761,1.4545,1.4291,1.4018,1.3754,1.3509,1.3294,1.3099,1.2923,1.2786,1.2678,1.2571,1.2424,1.2278,1.2151,1.2092,1.217,1.2463,1.3011,1.3851,1.4985,1.6344,1.7644,1.8915,2.0323,2.1701,2.2952,2.4037,2.4927,2.563,2.6149,2.65,2.6716,2.6823,2.6872,2.6843,2.6755,2.6696,2.6647,2.6579,2.651,2.6422,2.6266,2.6002,2.5621,2.5093,2.4448,2.3793,2.3138,2.2414,2.1662,2.0938,2.0264,1.9658,1.913,1.87,1.8358,1.8094,1.7889,1.7732,1.7644,1.7546,1.739,1.7195,1.6989,1.6774,1.6559,1.6325,1.6041,1.5738,1.5455,1.52,1.5005,1.4829,1.4633,1.4409,1.4164,1.392,1.3666,1.3431,1.3216,1.304,1.2874,1.2737,1.2639,1.259,1.2561,1.2512,1.2454,1.2346,1.2219,1.2121,1.2053,1.2092,1.2336,1.2805,1.3529,1.435,1.5298,1.653,1.7918,1.9326,2.0665,2.1906,2.3001,2.392,2.4653,2.52,2.5582,2.5826,2.5953,2.6002,2.6002,2.5963,2.5914,2.5846,2.5758,2.5621,2.5425,2.5142,2.478,2.435,2.3871,2.3343,2.2717,2.2014,2.1261,2.0538,1.9883,1.9277,1.8739,1.8289,1.7957,1.7732,1.7586,1.7498,1.7458,1.7419,1.7361,1.7292,1.7185,1.7019,1.6833,1.6608,1.6354,1.6061,1.5748,1.5494,1.5279,1.5024,1.4751,1.4506,1.4311,1.4135,1.3978,1.3822,1.3675,1.3529,1.3382,1.3236,1.3128,1.305,1.2972,1.2884,1.2766,1.2649,1.2561,1.2473,1.2414,1.2424,1.2571,1.2923,1.3392,1.4027,1.4946,1.61,1.7439,1.8866,2.0254,2.1574,2.2766,2.3803,2.4682,2.5396,2.5943,2.6285,2.6471,2.6588,2.6628,2.6608,2.6559,2.65,2.6413,2.6285,2.6109,2.5875,2.5533,2.5142,2.4712,2.4203,2.3617,2.2981,2.2317,2.1593,2.087,2.0196,1.9599,1.912,1.8768,1.8524,1.8368,1.825,1.8133,1.8016,1.7889,1.7752,1.7595,1.741,1.7204,1.6999,1.6764,1.652,1.6325,1.6149,1.5914,1.565,1.5396,1.5152,1.4927,1.4702,1.4516,1.435,1.4194,1.4037,1.4057,1.4164,1.4106,1.3969,1.3822,1.3695,1.3558,1.3421,1.3314,1.3226,1.3167,1.3167,1.3294,1.3548,1.3969,1.4653,1.5601,1.6774,1.8113,1.956,2.0997,2.2356,2.3607,2.4712,2.567,2.6373,2.6852,2.7234,2.7498,2.7654,2.7713,2.7683,2.7595,2.7478,2.737,2.7243,2.7067,2.6862,2.6637,2.6354,2.5992,2.5543,2.5005,2.4379,2.3705,2.2972,2.2209,2.1457,2.0772,2.0166,1.9697,1.9335,1.9022,1.8778,1.8583,1.8397,1.8211,1.8045,1.7869,1.7674,1.7468,1.7253,1.7067,1.694,1.6804,1.6628,1.6422,1.6217,1.5982,1.5718,1.5435,1.5152,1.4878,1.4614,1.437,1.4194,1.4027,1.3851,1.3675,1.3519,1.3402,1.3284,1.3138,1.2952,1.2766,1.262,1.2532,1.2522,1.2639,1.2962,1.3529,1.4379,1.5523,1.6882,1.8348,1.9853,2.1349,2.2757,2.3998,2.5015,2.5767,2.6325,2.6794,2.7116,2.7331,2.7458,2.7527,2.7556,2.7576,2.7586,2.7566,2.7517,2.7439,2.7312,2.7116,2.6852,2.6481,2.5963,2.5337,2.4624,2.3822,2.2981,2.2141,2.1329,2.0577,1.9961,1.9462,1.9032,1.869,1.8426,1.824,1.8094,1.7928,1.7752,1.7595,1.7429,1.7234,1.7019,1.6843,1.6676,1.6471,1.6237,1.6012,1.5787,1.5543,1.5298,1.5044,1.479,1.4565,1.435,1.4164,1.4037,1.3861,1.3666,1.347,1.3265,1.3069,1.2893,1.2737,1.26,1.2483,1.2366,1.2287,1.2307,1.2444,1.2737,1.3265,1.4086,1.5171,1.6471,1.7908,1.9413,2.089,2.2248,2.3441,2.434,2.5005,2.5591,2.609,2.6491,2.6784,2.6979,2.7097,2.7136,2.7126,2.7077,2.6979,2.6823,2.6637,2.6432,2.6178,2.5816,2.5337,2.477,2.4096,2.3353,2.2581,2.1789,2.1026,2.0332,1.9765,1.9296,1.8856,1.8495,1.8221,1.8035,1.7898,1.7801,1.7713,1.7634,1.7517,1.7351,1.7155,1.6989,1.6823,1.6598,1.6305,1.6012,1.5728,1.5445,1.5171,1.4927,1.4712,1.4506,1.4301,1.4145,1.4027,1.3891,1.3754,1.3627,1.349,1.3333,1.3157,1.2962,1.2757,1.2542,1.2336,1.2219,1.216,1.2151,1.2258,1.2551,1.3099,1.393,1.5024,1.6325,1.7761,1.9247,2.0674,2.1975,2.2991,2.3783,2.4487,2.5083,2.5543,2.5865,2.6022,2.6041,2.6022,2.6012,2.6002,2.5963,2.5894,2.5806,2.5689,2.5494,2.522,2.4858,2.4399,2.3851,2.3226,2.2561,2.1877,2.1222,2.0616,2.0098,1.9668,1.9277,1.8954,1.871,1.8514,1.8368,1.826,1.8152,1.8016,1.7869,1.7732,1.7595,1.7449,1.7273,1.7048,1.6755,1.6452,1.6178,1.5924,1.5689,1.5503,1.5337,1.5152,1.4946,1.4809,1.4673,1.4497,1.434,1.4174,1.4018,1.3891,1.3763,1.3646,1.3548,1.346,1.3382,1.3343,1.3324,1.3284,1.3265,1.3343,1.3578,1.4008,1.4673,1.5591,1.6716,1.7977,1.9286,2.0587,2.1681,2.26,2.349,2.4272,2.4888,2.5337,2.565,2.5855,2.5963,2.5982,2.5953,2.5904,2.5826,2.5718,2.5582,2.5386,2.5152,2.4858,2.4487,2.4018,2.347,2.2864,2.219,2.1486,2.0811,2.0264,1.9804,1.9365,1.8983,1.869,1.8485,1.8348,1.825,1.8162,1.8084,1.8016,1.7947,1.7869,1.7761,1.7605,1.7419,1.7224,1.7019,1.6784,1.65,1.6217,1.5973,1.5767,1.5552,1.5367,1.5239,1.5132,1.5015,1.4878,1.4741,1.4604,1.4467,1.433,1.4194,1.4066,1.3969,1.3871,1.3783,1.3724,1.3656,1.3607,1.3617,1.3744,1.4086,1.4712,1.5611,1.6725,1.8016,1.9413,2.0811,2.1984,2.2991,2.3988,2.4858,2.5572,2.6158,2.6608,2.6921,2.7126,2.7253,2.7273,2.7214,2.7116,2.7019,2.6931,2.6833,2.6696,2.6491,2.6188,2.5777,2.5259,2.4663,2.3978,2.3236,2.2493,2.1838,2.1271,2.0704,2.0176,1.9726,1.9335,1.9042,1.8837,1.868,1.8534,1.8407,1.8309,1.825,1.8182,1.8065,1.7898,1.7713,1.7507,1.7283,1.7019,1.6745,1.6481,1.6227,1.6012,1.5836,1.5718,1.5582,1.5396,1.5181,1.4927,1.4663,1.4409,1.4194,1.4027,1.391,1.3822,1.3744,1.3705,1.3685,1.3636,1.3578,1.3529,1.3578,1.3793,1.4213,1.4897,1.5855,1.7038,1.8358,1.957,2.0714,2.1955,2.3118,2.4135,2.4995,2.5689,2.6237,2.6647,2.6921,2.7077,2.7136,2.7116,2.7028,2.6931,2.6813,2.6657,2.6471,2.6276,2.607,2.5826,2.5494,2.5083,2.4575,2.3949,2.3343,2.2737,2.2053,2.1359,2.0714,2.0147,1.9668,1.9277,1.8974,1.8749,1.8573,1.8426,1.8319,1.8133,1.7859,1.7615,1.74,1.7214,1.7028,1.6833,1.6618,1.6364,1.6051,1.5728,1.5435,1.5239,1.5103,1.4956,1.4809,1.4643,1.4448,1.4242,1.4027,1.3822,1.3646,1.348,1.3343,1.3216,1.3118,1.3011,1.2854,1.2659,1.2493,1.2405,1.2473,1.2766,1.3324,1.4145,1.522,1.652,1.7761,1.8974,2.0342,2.1711,2.2972,2.4057,2.4927,2.5621,2.6139,2.651,2.6764,2.6911,2.6989,2.6989,2.695,2.6911,2.6862,2.6794,2.6706,2.6569,2.6354,2.6022,2.5562,2.4995,2.436,2.3724,2.3069,2.2336,2.1564,2.0782,2.0059,1.9413,1.8856,1.8407,1.8113,1.7967,1.7908,1.7859,1.782,1.7781,1.7722,1.7625,1.7458,1.7263,1.7038,1.6764,1.6442,1.609,1.5767,1.5494,1.5298,1.5161,1.5024,1.4878,1.4731,1.4585,1.4399,1.4194,1.3978,1.3763,1.3558,1.3363,1.3216,1.3138,1.3099,1.3021,1.2913,1.2805,1.2708,1.2649,1.2688,1.2913,1.3363,1.4106,1.5122,1.6178,1.7273,1.8543,1.9844,2.1075,2.219,2.3196,2.4037,2.4692,2.521,2.5601,2.5885,2.608,2.6178,2.6197,2.6168,2.6119,2.6031,2.5894,2.5718,2.5503,2.523,2.4868,2.4409,2.3842,2.3265,2.2659,2.1965,2.1261,2.0596,1.998,1.9433,1.8974,1.8592,1.828,1.8045,1.7898,1.782,1.7801,1.7771,1.7722,1.7644,1.7507,1.7312,1.7067,1.6794,1.6491,1.6188,1.5924,1.566,1.5455,1.5318,1.5171,1.5024,1.4878,1.4731,1.4585,1.4418,1.4223,1.3998,1.3734,1.3509,1.3363,1.3284,1.3245,1.3187,1.3148,1.3109,1.305,1.2981,1.2952,1.2991,1.3177,1.3607,1.4301,1.5112,1.608,1.7341,1.8768,2.0244,2.1662,2.2952,2.4057,2.4966,2.566,2.6158,2.65,2.6686,2.6784,2.6852,2.6882,2.6901,2.6891,2.6852,2.6794,2.6686,2.6491,2.6188,2.5767,2.5259,2.4751,2.4203,2.3539,2.2796,2.2053,2.1339,2.0684,2.0117,1.9648,1.9267,1.8944,1.869,1.8514,1.8368,1.8221,1.8074,1.7947,1.783,1.7693,1.7566,1.7429,1.7253,1.7048,1.6843,1.6608,1.6393,1.6178,1.5924,1.566,1.5406,1.5161,1.4907,1.4673,1.4477,1.4291,1.4086,1.3891,1.3754,1.3646,1.3519,1.3402,1.3304,1.3216,1.3138,1.3118,1.3148,1.3206,1.3324,1.3578,1.4037,1.4624,1.5376,1.6413,1.7683,1.911,2.0596,2.2053,2.3402,2.4585,2.5572,2.6354,2.6911,2.7224,2.74,2.7527,2.7595,2.7625,2.7644,2.7615,2.7527,2.738,2.7155,2.6862,2.652,2.6149,2.5748,2.5327,2.4809,2.4194,2.349,2.2727,2.1926,2.1173,2.0489,1.9883,1.9394,1.9013,1.8749,1.8563,1.8397,1.826,1.8152,1.8065,1.7977,1.7898,1.782,1.7703,1.7556,1.739,1.7185,1.6989,1.6764,1.6442,1.609,1.5767,1.5494,1.5279,1.5112,1.4976,1.4829,1.4682,1.4536,1.4409,1.4262,1.4076,1.3871,1.3675,1.35,1.3343,1.3206,1.3099,1.303,1.303,1.3157,1.347,1.391,1.4545,1.5484,1.6647,1.8006,1.9492,2.0987,2.2414,2.3695,2.477,2.565,2.6373,2.6882,2.7214,2.7468,2.7634,2.7722,2.7761,2.7742,2.7683,2.7615,2.7546,2.7468,2.7351,2.7146,2.6872,2.653,2.6051,2.5474,2.4809,2.4047,2.3226,2.2405,2.1613,2.0899,2.0283,1.9785,1.9423,1.914,1.8905,1.8719,1.8543,1.8387,1.8231,1.8084,1.7937,1.7761,1.7566,1.7351,1.7097,1.6833,1.6569,1.6266,1.5963,1.5699,1.5494,1.5318,1.5152,1.4976,1.477,1.4555,1.4321,1.4106,1.393,1.3744,1.3597,1.348,1.3392,1.3324,1.3275,1.3206,1.3138,1.3069,1.3011,1.3021,1.3138,1.3402,1.3871,1.4624,1.564,1.6862,1.826,1.9756,2.1193,2.2522,2.3695,2.4673,2.5376,2.5894,2.6364,2.6725,2.6999,2.7195,2.7292,2.7302,2.7273,2.7224,2.7136,2.6999,2.6813,2.6588,2.6315,2.5953,2.5484,2.4907,2.4203,2.3421,2.261,2.1828,2.1124,2.0489,1.9941,1.9541,1.9238,1.8993,1.8798,1.8622,1.8465,1.8328,1.8201,1.8065,1.7928,1.7761,1.7566,1.739,1.7204,1.696,1.6696,1.6393,1.609,1.5826,1.5562,1.5318,1.5112,1.4936,1.477,1.4614,1.4506,1.4409,1.4282,1.4145,1.3998,1.3851,1.3705,1.3539,1.3363,1.3196,1.3021,1.2854,1.2776,1.2786,1.2903,1.3177,1.3666,1.4438,1.5464,1.6696,1.8104,1.9599,2.1065,2.2414,2.3597,2.4497,2.5191,2.5836,2.6403,2.6862,2.7165,2.7341,2.741,2.74,2.7361,2.7302,2.7234,2.7146,2.695,2.6686,2.6383,2.5973,2.5455,2.4839,2.4115,2.3324,2.2522,2.175,2.1046,2.043,1.9951,1.958,1.9247,1.8954,1.871,1.8514,1.8338,1.8182,1.8045,1.7947,1.7859,1.7781,1.7703,1.7586,1.741,1.7195,1.6921,1.6598,1.6266,1.5973,1.5709,1.5464,1.5249,1.5073,1.4907,1.479,1.4692,1.4565,1.4409,1.4203,1.3969,1.3734,1.3529,1.3372,1.3255,1.3157,1.3069,1.303,1.303,1.305,1.3128,1.3353,1.3803,1.4497,1.5445,1.6608,1.7947,1.9423,2.089,2.2278,2.3421,2.434,2.521,2.5982,2.6598,2.7019,2.7283,2.7429,2.7488,2.7458,2.737,2.7292,2.7214,2.7116,2.7028,2.6911,2.6745,2.651,2.6168,2.5699,2.5112,2.4428,2.3675,2.2884,2.2111,2.1466,2.0899,2.0332,1.9834,1.9413,1.9091,1.8856,1.8661,1.8504,1.8377,1.8231,1.8104,1.8025,1.7937,1.7781,1.7586,1.738,1.7146,1.6862,1.653,1.6197,1.5894,1.565,1.5455,1.5288,1.5161,1.5064,1.4917,1.4721,1.4487,1.4262,1.4037,1.3832,1.3656,1.3509,1.3402,1.3304,1.3255,1.3236,1.3187,1.3148,1.3177,1.3363,1.3773,1.4448,1.5415,1.6667,1.8094,1.9629,2.0968,2.216,2.3412,2.4585,2.5601,2.6422,2.7038,2.7458,2.7742,2.7928,2.8016,2.8045,2.8035,2.7996,2.7898,2.7781,2.7644,2.7478,2.7263,2.695,2.654,2.6031,2.5425,2.4751,2.3998,2.3284,2.261,2.1867,2.1114,2.042,1.9814,1.9326,1.8974,1.8719,1.8514,1.8358,1.8221,1.8104,1.8025,1.7937,1.7781,1.7586,1.738,1.7165,1.6921,1.6637,1.6325,1.6041,1.5787,1.5543,1.5347,1.5161,1.4917,1.4663,1.4399,1.4154,1.3959,1.3793,1.3636,1.35,1.3392,1.3304,1.3196,1.3109,1.3011,1.2884,1.2786,1.2737,1.2805,1.305,1.3509,1.4242,1.5239,1.6442,1.783,1.912,2.0323,2.1632,2.2903,2.4047,2.5015,2.5777,2.6344,2.6735,2.6989,2.7136,2.7214,2.7253,2.7253,2.7234,2.7224,2.7195,2.7146,2.7067,2.6931,2.6716,2.6383,2.5914,2.5327,2.4643,2.3969,2.3294,2.2542,2.1779,2.1056,2.0411,1.9853,1.9365,1.8954,1.8602,1.8309,1.8113,1.7957,1.7849,1.7752,1.7625,1.7488,1.7331,1.7136,1.6931,1.6628,1.6246,1.5894,1.5572,1.5288,1.5073,1.4907,1.4751,1.4565,1.437,1.4164,1.3949,1.3734,1.3519,1.3353,1.3196,1.305,1.2903,1.2796,1.2717,1.261,1.2502,1.2434,1.2414,1.2493,1.2717,1.3099,1.3724,1.4604,1.5689,1.6794,1.7947,1.9286,2.0635,2.1916,2.304,2.4008,2.48,2.5425,2.5924,2.6266,2.6452,2.6549,2.6559,2.651,2.6481,2.6471,2.6422,2.6364,2.6266,2.609,2.5816,2.5425,2.4946,2.4379,2.3783,2.3157,2.2454,2.172,2.1007,2.0342,1.9736,1.9218,1.8798,1.8456,1.8192,1.7986,1.783,1.7742,1.7674,1.7576,1.7419,1.7224,1.7019,1.6813,1.6579,1.6334,1.609,1.5816,1.5572,1.5415,1.5298,1.5171,1.5034,1.4878,1.4692,1.4487,1.4272,1.4037,1.3773,1.3539,1.3363,1.3236,1.3177,1.3148,1.3099,1.304,1.2972,1.2903,1.2864,1.2933,1.3167,1.3627,1.435,1.5308,1.6295,1.7351,1.8622,1.9961,2.129,2.2532,2.3627,2.4536,2.5279,2.5865,2.6285,2.6569,2.6706,2.6745,2.6745,2.6706,2.6657,2.6588,2.6481,2.6325,2.6119,2.5855,2.5523,2.5103,2.4604,2.4096,2.3539,2.2854,2.2111,2.1378,2.0704,2.0098,1.956,1.911,1.8759,1.8485,1.828,1.8123,1.7986,1.7849,1.7732,1.7615,1.7468,1.7292,1.7087,1.6882,1.6667,1.6432,1.6149,1.5846,1.5601,1.5396,1.5161,1.4956,1.4741,1.4526,1.4311,1.4076,1.3851,1.3646,1.347,1.3333,1.3245,1.3177,1.3079,1.2952,1.2854,1.2766,1.2688,1.2649,1.2717,1.2913,1.3284,1.393,1.4809,1.5728,1.6745,1.8006,1.9404,2.0821,2.219,2.3392,2.4399,2.521,2.5836,2.6276,2.6549,2.6667,2.6686,2.6676,2.6637,2.6579,2.652,2.6452,2.6344,2.6168,2.5894,2.5523,2.5064,2.4526,2.3988,2.3431,2.2766,2.2053,2.1339,2.0655,2.002,1.9433,1.8915,1.8514,1.8221,1.8025,1.7908,1.781,1.7713,1.7625,1.7546,1.7439,1.7273,1.7077,1.6872,1.6667,1.6452,1.6217,1.5973,1.5758,1.5562,1.5376,1.521,1.5015,1.479,1.4555,1.4291,1.4027,1.3812,1.3607,1.3412,1.3284,1.3196,1.3118,1.303,1.2913,1.2766,1.262,1.2502,1.2463,1.259,1.2942,1.3578,1.4487,1.5474,1.6628,1.8055,1.9531,2.0978,2.2336,2.3539,2.4555,2.5396,2.608,2.6588,2.6921,2.7087,2.7146,2.7155,2.7126,2.7077,2.6989,2.6852,2.6676,2.6471,2.6246,2.5963,2.5611,2.5171,2.4692,2.4154,2.348,2.2688,2.1867,2.1065,2.0323,1.9697,1.9159,1.87,1.8348,1.8074,1.7889,1.7732,1.7586,1.7449,1.7351,1.7263,1.7146,1.6989,1.6813,1.6618,1.6393,1.6129,1.5846,1.5611,1.5415,1.5191,1.4927,1.4682,1.4448,1.4223,1.4037,1.3871,1.3705,1.3548,1.3402,1.3284,1.3206,1.3118,1.3001,1.2864,1.2717,1.259,1.2493,1.2424,1.2424,1.261,1.306,1.3636,1.4379,1.5415,1.6706,1.8133,1.9589,2.0987,2.2268,2.3372,2.4282,2.4976,2.5494,2.5865,2.607,2.6158,2.6178,2.6149,2.61,2.6041,2.5973,2.5885,2.5738,2.5523,2.523,2.4839,2.4379,2.3851,2.3196,2.2454,2.1652,2.0841,2.0078,1.9384,1.8778,1.8309,1.7986,1.7761,1.7634,1.7586,1.7586,1.7566,1.7517,1.7458,1.737,1.7234,1.7048,1.6843,1.6618,1.6354,1.607,1.5855,1.5689,1.5494,1.5308,1.5132,1.4976,1.4819,1.4653,1.4457,1.4262,1.4057,1.3842,1.3656,1.3529,1.3441,1.3402,1.349,1.3803,1.435,1.5103,1.6061,1.7155,1.8299,1.9443,2.0538,2.1427,2.2131,2.2786,2.3333,2.3754,2.4027,2.4145,2.4145,2.4037,2.3832,2.3539,2.3167,2.2737,2.2317,2.1867,2.131,2.0694,2.0029,1.9326,1.8661,1.8065,1.7527,1.7067,1.6706,1.6452,1.6305,1.6256,1.6266,1.6305,1.6344,1.6344,1.6305,1.6256,1.6149,1.5982,1.5806,1.565,1.5494,1.5376,1.5279,1.5161,1.5024,1.4888,1.4721,1.4545,1.434,1.4115,1.3891,1.3685,1.3519,1.3421,1.3353,1.3284,1.3206,1.3138,1.306,1.2991,1.2933,1.2884,1.2864,1.2854,1.2845,1.2845,1.2845,1.2845,1.2805,1.2747,1.2678,1.261,1.2522,1.2414,1.2366,1.2434,1.2708,1.3255,1.3939,1.4829,1.6051,1.7537,1.9198,2.089,2.2512,2.4018,2.5347,2.6481,2.74,2.8123,2.869,2.9071,2.9277,2.9423,2.9511,2.9541,2.9531,2.9531,2.9531,2.9511,2.9443,2.9296,2.9032,2.868,2.8221,2.7654,2.6999,2.6266,2.5484,2.4682,2.3891,2.2874,2.1808,2.1065,2.0518,2.0078,1.9765,1.956,1.9394,1.9247,1.911,1.8974,1.8807,1.8602,1.8368,1.8104,1.781,1.7537,1.7331,1.7165,1.6989,1.6804,1.6618,1.6442,1.6276,1.607,1.5826,1.5562,1.5298,1.5034,1.477,1.4575,1.4448,1.4321,1.4194,1.4066,1.393,1.3803,1.3675,1.3558,1.347,1.3392,1.3353,1.3382,1.3509,1.3832,1.4399,1.52,1.6197,1.7322,1.8514,1.9717,2.087,2.1926,2.2854,2.3548,2.4076,2.4565,2.4956,2.523,2.5435,2.5572,2.564,2.567,2.567,2.5621,2.5543,2.5455,2.5337,2.5181,2.4966,2.4682,2.4321,2.3861,2.3324,2.2698,2.2014,2.132,2.0645,2.0029,1.9531,1.912,1.8759,1.8446,1.8192,1.7996,1.784,1.7674,1.7517,1.7361,1.7214,1.7077,1.6911,1.6764,1.6628,1.6461,1.6285,1.61,1.5875,1.5611,1.5357,1.5093,1.4839,1.4594,1.4389,1.4262,1.4164,1.4047,1.392,1.3793,1.3666,1.3558,1.347,1.3363,1.3226,1.3089,1.2942,1.2805,1.2737,1.2747,1.2874,1.3157,1.3656,1.4409,1.5396,1.6588,1.7928,1.9326,2.0704,2.1975,2.2942,2.3705,2.4428,2.5034,2.5494,2.5826,2.6041,2.6158,2.6217,2.6246,2.6266,2.6276,2.6276,2.6246,2.6197,2.6139,2.6022,2.5816,2.5533,2.5181,2.4741,2.4223,2.3607,2.2893,2.2111,2.1398,2.0753,2.0108,1.9541,1.9091,1.8759,1.8504,1.8319,1.8162,1.8016,1.7849,1.7654,1.7458,1.7292,1.7146,1.6979,1.6804,1.6579,1.6305,1.6022,1.5758,1.5523,1.5337,1.5181,1.5044,1.4946,1.4858,1.4721,1.4536,1.433,1.4096,1.3871,1.3675,1.3529,1.3421,1.3333,1.3265,1.3177,1.3099,1.3011,1.2884,1.2757,1.2649,1.261,1.2717,1.3021,1.3529,1.4252,1.5191,1.6325,1.74,1.8446,1.9599,2.0753,2.1838,2.2786,2.3558,2.4194,2.4702,2.5073,2.5318,2.5474,2.5552,2.5543,2.5474,2.5406,2.5347,2.5279,2.5181,2.5034,2.4848,2.4594,2.4223,2.3744,2.3187,2.262,2.2043,2.1398,2.0714,2.0049,1.9462,1.8954,1.8543,1.8221,1.7977,1.7791,1.7634,1.7498,1.738,1.7263,1.7107,1.694,1.6794,1.6637,1.6471,1.6285,1.608,1.5826,1.5562,1.5298,1.5083,1.4897,1.4829,1.4839,1.4761,1.4653,1.4536,1.4418,1.4291,1.4184,1.4096,1.4018,1.3978,1.3959,1.392,1.3861,1.3773,1.3666,1.3578,1.35,1.3431,1.3363,1.3294,1.3245,1.3255,1.3353,1.3578,1.3988,1.4624,1.5494,1.654,1.7742,1.9022,2.0274,2.1427,2.2463,2.3353,2.4008,2.4497,2.4927,2.5288,2.5591,2.5806,2.5924,2.5973,2.5963,2.5924,2.5875,2.5787,2.564,2.5474,2.5259,2.4956,2.4565,2.4076,2.3509,2.2923,2.2317,2.1711,2.1114,2.0557,2.0068,1.9677,1.9374,1.9091,1.8856,1.8671,1.8514,1.8368,1.8221,1.8055,1.7869,1.7683,1.7527,1.738,1.7243,1.7107,1.6931,1.6696,1.6432,1.6188,1.5953,1.5738,1.5533,1.5337,1.5171,1.5024,1.4917,1.4829,1.4721,1.4604,1.4477,1.435,1.4223,1.4115,1.4027,1.3969,1.392,1.3861,1.3803,1.3773,1.3763,1.3705,1.3597,1.348,1.3382,1.3304,1.3265,1.3324,1.3548,1.4008,1.4721,1.5513,1.6393,1.7488,1.87,1.9932,2.1095,2.2131,2.3001,2.3715,2.4282,2.4721,2.5093,2.5396,2.5572,2.566,2.5738,2.5806,2.5846,2.5836,2.5797,2.5709,2.5552,2.5327,2.5024,2.4633,2.4213,2.3744,2.3167,2.2551,2.1955,2.1369,2.0811,2.0323,1.9922,1.9589,1.9316,1.9091,1.8915,1.8778,1.8661,1.8543,1.8416,1.8289,1.8162,1.8025,1.7859,1.7664,1.7419,1.7165,1.6911,1.6686,1.6491,1.6285,1.61,1.5904,1.5709,1.5552,1.5406,1.5269,1.5132,1.5005,1.4878,1.4751,1.4653,1.4575,1.4467,1.435,1.4223,1.4135,1.4066,1.3998,1.3939,1.3871,1.3793,1.3675,1.3578,1.3529,1.349,1.3539,1.3773,1.4262,1.5024,1.6051,1.7283,1.8631,2,2.131,2.2493,2.3412,2.4135,2.4819,2.5386,2.5816,2.6139,2.6383,2.6569,2.6696,2.6755,2.6784,2.6804,2.6774,2.6735,2.6676,2.6569,2.6403,2.6178,2.5865,2.5455,2.4946,2.437,2.3724,2.304,2.2375,2.1799,2.129,2.0772,2.0323,1.9951,1.9658,1.9423,1.9247,1.9091,1.8944,1.8798,1.8622,1.8456,1.8289,1.8133,1.7977,1.7801,1.7586,1.7312,1.7028,1.6745,1.6461,1.6207,1.5992,1.5855,1.5758,1.564,1.5513,1.5386,1.5259,1.5132,1.5005,1.4878,1.4721,1.4526,1.4321,1.4135,1.4037,1.3988,1.393,1.3871,1.3812,1.3744,1.3685,1.3666,1.3754,1.3998,1.4457,1.5161,1.5943,1.6833,1.7977,1.9247,2.0538,2.1769,2.2893,2.3881,2.4731,2.5415,2.5924,2.6276,2.65,2.6598,2.6608,2.6618,2.6618,2.6618,2.6608,2.6549,2.6452,2.6325,2.6149,2.5894,2.5552,2.5171,2.4741,2.4213,2.3627,2.2991,2.2317,2.1632,2.0978,2.0391,1.9902,1.9511,1.9218,1.9003,1.8847,1.8719,1.8583,1.8397,1.8221,1.8074,1.7898,1.7752,1.7615,1.7449,1.7263,1.7058,1.6872,1.6676,1.6432,1.6197,1.5982,1.5777,1.5591,1.5435,1.5298,1.5161,1.5015,1.4839,1.4633,1.4467,1.435,1.4233,1.4125,1.4037,1.3959,1.3891,1.3793,1.3656,1.3519,1.3421,1.3402,1.349,1.3715,1.4145,1.4809,1.5728,1.6872,1.8162,1.9511,2.0831,2.2082,2.3196,2.4145,2.4946,2.5503,2.5865,2.6168,2.6393,2.654,2.6618,2.6657,2.6676,2.6667,2.6608,2.65,2.6354,2.6178,2.5963,2.5689,2.5376,2.4985,2.4536,2.4018,2.3412,2.2747,2.2063,2.1378,2.0743,2.0196,1.9785,1.9482,1.9238,1.9052,1.8895,1.8749,1.8612,1.8475,1.8338,1.8211,1.8065,1.7898,1.7752,1.7615,1.7429,1.7185,1.6901,1.6598,1.6315,1.608,1.5875,1.5709,1.5562,1.5425,1.5259,1.5093,1.4946,1.479,1.4643,1.4555,1.4575,1.4751,1.5103,1.5621,1.6315,1.7146,1.8065,1.8915,1.9717,2.0596,2.1437,2.217,2.2766,2.3226,2.3558,2.3754,2.3851,2.3871,2.3812,2.3685,2.349,2.3216,2.2796,2.2258,2.1652,2.1007,2.0362,1.9726,1.913,1.8602,1.8162,1.782,1.7576,1.741,1.7273,1.7175,1.7126,1.7097,1.7058,1.6999,1.694,1.6843,1.6696,1.653,1.6344,1.6188,1.6061,1.5934,1.5806,1.5679,1.5543,1.5415,1.5288,1.5142,1.4985,1.4809,1.4585,1.4409,1.4262,1.4086,1.393,1.3803,1.3715,1.3636,1.3558,1.349,1.3421,1.3353,1.3294,1.3265,1.3245,1.3226,1.3226,1.3226,1.3196,1.3128,1.303,1.2913,1.2805,1.2727,1.2649,1.2581,1.2542,1.2522,1.2483,1.2434,1.2424,1.2551,1.2874,1.3441,1.4311,1.5484,1.6882,1.8407,1.9775,2.1026,2.2336,2.3617,2.4751,2.565,2.6344,2.6882,2.7292,2.7605,2.784,2.7986,2.8065,2.8065,2.8006,2.7908,2.7801,2.7674,2.7498,2.7283,2.7019,2.6667,2.6227,2.5699,2.5083,2.4477,2.3891,2.3284,2.2698,2.216,2.1691,2.1281,2.0938,2.0674,2.0479,2.0303,2.0117,1.9951,1.9804,1.9638,1.9433,1.9208,1.8964,1.8739,1.8534,1.8338,1.8152,1.7957,1.7771,1.7566,1.739,1.7204,1.6989,1.6804,1.6618,1.6432,1.6276,1.6139,1.6002,1.5875,1.5748,1.5621,1.5484,1.5347,1.5239,1.5122,1.4995,1.4878,1.477,1.4682,1.4624,1.4624,1.4702,1.4888,1.5239,1.5699,1.6266,1.7067,1.8045,1.912,2.0235,2.13,2.2268,2.3118,2.3803,2.435,2.478,2.5103,2.5308,2.5425,2.5503,2.5523,2.5484,2.5386,2.5249,2.5054,2.479,2.4467,2.4106,2.3685,2.3275,2.2854,2.2366,2.1838,2.129,2.0753,2.0274,1.9863,1.9511,1.9208,1.8964,1.8788,1.8651,1.8573,1.8514,1.8456,1.8397,1.8338,1.826,1.8152,1.8035,1.7898,1.7742,1.7566,1.739,1.7243,1.7087,1.6901,1.6696,1.65,1.6344,1.6168,1.5992,1.5836,1.5699,1.5572,1.5445,1.5318,1.522,1.5142,1.5044,1.4927,1.4829,1.4741,1.4673,1.4604,1.4536,1.4516,1.4585,1.4809,1.5171,1.5679,1.6461,1.7507,1.8729,2.0049,2.1398,2.2649,2.3744,2.4663,2.5386,2.5953,2.6393,2.6657,2.6804,2.6921,2.6999,2.7019,2.6999,2.696,2.6921,2.6891,2.6823,2.6716,2.6549,2.6344,2.6051,2.564,2.5142,2.4565,2.392,2.3236,2.2571,2.1945,2.1359,2.087,2.0489,2.0215,2.0029,1.9892,1.9814,1.9756,1.9677,1.958,1.9453,1.9277,1.9052,1.8778,1.8495,1.8211,1.7977,1.7761,1.7537,1.7283,1.7028,1.6823,1.6657,1.651,1.6373,1.6246,1.6119,1.5992,1.5904,1.5826,1.5689,1.5533,1.5386,1.5259,1.5132,1.5005,1.4878,1.477,1.4682,1.4643,1.4682,1.4809,1.5073,1.5552,1.6246,1.7136,1.8201,1.9365,2.0557,2.1711,2.2786,2.3744,2.4565,2.5181,2.563,2.6022,2.6344,2.6579,2.6764,2.6891,2.695,2.6979,2.6979,2.6931,2.6843,2.6735,2.6608,2.6452,2.6266,2.6012,2.567,2.522,2.4682,2.4076,2.3412,2.2463,2.1388,2.0538,1.9892,1.9404,1.8983,1.8641,1.8348,1.8113,1.7908,1.7703,1.7488,1.7263,1.7048,1.6843,1.6637,1.6452,1.6256,1.6022,1.5777,1.5552,1.5337,1.5152,1.4956,1.4731,1.4506,1.4252,1.4008,1.3832,1.3675,1.35,1.3343,1.3196,1.304,1.2893,1.2747,1.261,1.2473,1.2336,1.2229,1.218,1.2219,1.2395,1.2776,1.3402,1.4282,1.5386,1.6667,1.8074,1.9511,2.0899,2.217,2.3265,2.4086,2.4682,2.521,2.564,2.5973,2.6227,2.6422,2.6569,2.6667,2.6716,2.6735,2.6745,2.6755,2.6706,2.6579,2.6373,2.607,2.566,2.5132,2.4497,2.3783,2.3021,2.2258,2.1554,2.0899,2.0332,1.9844,1.9374,1.8974,1.8631,1.8338,1.8113,1.7898,1.7664,1.7449,1.7243,1.7038,1.6833,1.6667,1.651,1.6334,1.6139,1.5924,1.5679,1.5425,1.5171,1.4927,1.4673,1.4409,1.4135,1.391,1.3666,1.3431,1.3255,1.3089,1.2952,1.2845,1.2757,1.2678,1.2571,1.2434,1.2297,1.216,1.2072,1.2053,1.2072,1.219,1.2463,1.2981,1.3734,1.4702,1.5855,1.7126,1.8446,1.9717,2.0762,2.1642,2.2493,2.3226,2.3851,2.435,2.4712,2.4985,2.5171,2.5259,2.5269,2.523,2.5152,2.5044,2.4888,2.4712,2.4526,2.4282,2.393,2.35,2.2981,2.2356,2.1672,2.0958,2.0254,1.9687,1.9198,1.868,1.8182,1.7761,1.7429,1.7204,1.7058,1.695,1.6862,1.6784,1.6706,1.6657,1.6579,1.6432,1.6256,1.607,1.5855,1.5591,1.5308,1.5034,1.477,1.4526,1.4301,1.4086,1.391,1.3783,1.3656,1.3519,1.3382,1.3255,1.3118,1.2981,1.2864,1.2766,1.2688,1.261,1.2561,1.2502,1.2385,1.2258,1.216,1.2131,1.2248,1.2561,1.3099,1.3871,1.4907,1.6158,1.7517,1.8729,1.9824,2.0968,2.2033,2.2962,2.3715,2.4291,2.4741,2.5064,2.5279,2.5435,2.5552,2.5572,2.5552,2.5523,2.5474,2.5396,2.5269,2.5093,2.4829,2.4477,2.4047,2.3529,2.2903,2.2219,2.1584,2.0978,2.0323,1.9687,1.9062,1.8573,1.8299,1.8094,1.7937,1.782,1.7713,1.7595,1.7478,1.7351,1.7195,1.7019,1.6823,1.6608,1.6364,1.6109,1.5846,1.5572,1.5318,1.5103,1.4907,1.4741,1.4614,1.4477,1.4487,1.4565,1.4536,1.4457,1.4311,1.4135,1.3939,1.3744,1.3558,1.3412,1.3304,1.3157,1.3001,1.2854,1.2727,1.2649,1.2678,1.2884,1.3304,1.3959,1.4858,1.5982,1.7097,1.8201,1.9482,2.0811,2.2063,2.3157,2.4086,2.4858,2.5474,2.5924,2.6237,2.6461,2.6588,2.6637,2.6657,2.6667,2.6676,2.6657,2.6598,2.6481,2.6305,2.6061,2.5728,2.5298,2.479,2.4282,2.3744,2.3118,2.2424,2.173,2.1075,2.045,1.9892,1.9443,1.9081,1.8778,1.8524,1.8328,1.8182,1.8016,1.7849,1.7713,1.7576,1.741,1.7224,1.7028,1.6804,1.654,1.6246,1.5963,1.5738,1.5543,1.5337,1.5161,1.4976,1.478,1.4614,1.4457,1.4291,1.4106,1.393,1.3773,1.3656,1.3568,1.347,1.3382,1.3284,1.3148,1.2981,1.2796,1.26,1.2444,1.2405,1.2522,1.2854,1.3314,1.393,1.479,1.5846,1.6989,1.8113,1.9159,2.0254,2.1153,2.1701,2.2151,2.2493,2.2717,2.2864,2.3011,2.3128,2.3245,2.3372,2.3539,2.3744,2.3969,2.4233,2.4506,2.4741,2.4946,2.5054,2.5054,2.4966,2.4751,2.4418,2.3988,2.348,2.2933,2.2405,2.1896,2.1427,2.1026,2.0704,2.0459,2.0264,2.0127,2.0029,1.9941,1.9863,1.9814,1.9765,1.9697,1.9589,1.9453,1.9306,1.9169,1.8993,1.8788,1.8543,1.827,1.7957,1.7634,1.7302,1.696,1.6618,1.6305,1.6051,1.5846,1.566,1.5445,1.522,1.4966,1.4702,1.4428,1.4174,1.3959,1.3783,1.3627,1.35,1.3431,1.347,1.3666,1.4066,1.4741,1.5699,1.6882,1.8201,1.955,2.086,2.2092,2.3157,2.4037,2.4663,2.5103,2.5474,2.5777,2.6002,2.6129,2.6227,2.6315,2.6354,2.6373,2.6383,2.6373,2.6315,2.6217,2.607,2.5816,2.5415,2.4848,2.4115,2.3196,2.2121,2.0938,1.9756,1.8651,1.7674,1.6921,1.6334,1.5816,1.5445,1.522,1.5112,1.5093,1.5152,1.5259,1.5415,1.5562,1.567,1.5767,1.5846,1.5924,1.5992,1.6061,1.6129,1.6197,1.6266,1.6334,1.6403,1.6471,1.6471,1.6422,1.6383,1.6295,1.6129,1.5885,1.5611,1.5337,1.5093,1.4907,1.4741,1.4594,1.4448,1.4321,1.4262,1.4252,1.4262,1.433,1.4545,1.4946,1.5552,1.6393,1.7468,1.8729,2.0235,2.1857,2.3333,2.4487,2.5425,2.6334,2.7136,2.781,2.8358,2.8739,2.8954,2.9062,2.9071,2.9003,2.8905,2.8749,2.8524,2.827,2.7996,2.7683,2.7312,2.6891,2.6393,2.5777,2.5064,2.4272,2.346,2.2649,2.1916,2.1261,2.0616,2.002,1.9492,1.9042,1.868,1.8387,1.8192,1.8035,1.7889,1.7732,1.7576,1.7429,1.7243,1.7028,1.6755,1.6442,1.6119,1.5816,1.5523,1.523,1.4966,1.4721,1.4497,1.4311,1.4164,1.3978,1.3783,1.3587,1.3402,1.3226,1.306,1.2942,1.2845,1.2766,1.2688,1.2649,1.263,1.2581,1.2493,1.2336,1.219,1.2092,1.2121,1.2346,1.2796,1.3509,1.4477,1.566,1.6804,1.7918,1.9179,2.043,2.1584,2.2571,2.3382,2.4027,2.4497,2.4839,2.5073,2.523,2.5308,2.5308,2.5279,2.521,2.5083,2.4927,2.478,2.4594,2.434,2.3998,2.3548,2.2981,2.2405,2.1808,2.0938,2.0127,1.9541,1.8925,1.8368,1.7928,1.7625,1.7419,1.7292,1.7234,1.7185,1.7146,1.7107,1.7028,1.694,1.6823,1.6657,1.6461,1.6237,1.5982,1.5738,1.5503,1.5298,1.5161,1.5054,1.4927,1.479,1.4653,1.4497,1.4311,1.4106,1.39,1.3724,1.3597,1.35,1.3412,1.3372,1.3353,1.3304,1.3245,1.3148,1.2991,1.2835,1.2717,1.2649,1.2678,1.2952,1.35,1.4164,1.4985,1.608,1.738,1.8798,2.0225,2.1584,2.2835,2.393,2.4839,2.5582,2.6168,2.6588,2.6813,2.6911,2.694,2.6921,2.6872,2.6813,2.6745,2.6676,2.6608,2.652,2.6383,2.6188,2.5953,2.563,2.52,2.4663,2.4018,2.3304,2.2551,2.1779,2.1036,2.0352,1.9765,1.9286,1.8905,1.8622,1.8426,1.826,1.8123,1.8025,1.7937,1.7859,1.7752,1.7586,1.738,1.7136,1.6843,1.6579,1.6315,1.6061,1.5826,1.5601,1.5415,1.5249,1.5093,1.4946,1.48,1.4643,1.4457,1.4252,1.4076,1.3939,1.3793,1.3666,1.3568,1.3451,1.3284,1.3128,1.2991,1.2874,1.2835,1.2952,1.3206,1.3627,1.4321,1.5298,1.65,1.825,1.9902,2.1046,2.2229,2.3343,2.4311,2.5122,2.5777,2.6227,2.653,2.6764,2.6921,2.6999,2.7058,2.7116,2.7165,2.7195,2.7204,2.7175,2.7087,2.696,2.6764,2.651,2.6168,2.5406,2.4418,2.3578,2.2796,2.2053,2.1339,2.0674,2.0068,1.955,1.915,1.8837,1.8553,1.8299,1.8094,1.7947,1.7849,1.7752,1.7634,1.7498,1.7341,1.7165,1.7019,1.6862,1.6676,1.6471,1.6227,1.5963,1.5709,1.5455,1.522,1.4995,1.478,1.4614,1.4467,1.435,1.4223,1.4086,1.3949,1.3803,1.3666,1.3568,1.347,1.3363,1.3265,1.3187,1.3109,1.3069,1.3099,1.3226,1.349,1.3949,1.4633,1.5543,1.6647,1.7849,1.911,2.0371,2.1535,2.2542,2.3284,2.3822,2.4311,2.4731,2.5083,2.5347,2.5543,2.5679,2.5748,2.5767,2.5728,2.566,2.5582,2.5474,2.5347,2.5181,2.4995,2.4741,2.4399,2.3959,2.3441,2.2835,2.217,2.1496,2.089,2.0352,1.9814,1.9326,1.8905,1.8553,1.826,1.8006,1.781,1.7664,1.7537,1.7419,1.7302,1.7175,1.7048,1.6891,1.6706,1.65,1.6276,1.6051,1.5846,1.5591,1.5367,1.5191,1.5005,1.4888,1.4761,1.4604,1.4467,1.4321,1.4145,1.3978,1.3832,1.3685,1.3529,1.3392,1.3275,1.3187,1.3148,1.3089,1.3001,1.2923,1.2874,1.2874,1.3001,1.3304,1.3832,1.4614,1.5601,1.6755,1.784,1.8876,1.999,2.1075,2.2072,2.2923,2.3597,2.4125,2.4526,2.4839,2.5054,2.52,2.5298,2.5347,2.5347,2.5298,2.522,2.5171,2.5132,2.5044,2.478,2.4477,2.4184,2.3744,2.3187,2.263,2.2072,2.1427,2.0743,2.0068,1.9453,1.8817,1.8299,1.7986,1.7752,1.7556,1.7498,1.7458,1.741,1.7331,1.7243,1.7107,1.694,1.6794,1.6579,1.6285,1.6031,1.5836,1.563,1.5435,1.5288,1.5122,1.4946,1.4809,1.4643,1.4399,1.4174,1.4008,1.3871,1.3763,1.3695,1.3666,1.3607,1.3568,1.35,1.3314,1.3148,1.3001,1.2893,1.2854,1.2933,1.3187,1.3578,1.4154,1.5005,1.6061,1.7263,1.8211,1.9277,2.0645,2.1769,2.2991,2.3587,2.4027,2.4448,2.4575,2.4673,2.4751,2.4848,2.4858,2.4819,2.4682,2.4526,2.4301,2.4018,2.3705,2.3343,2.2884,2.2336,2.173,2.1114,2.0538,2,1.9492,1.9042,1.8661,1.8358,1.8123,1.7967,1.7859,1.7771,1.7693,1.7605,1.7488,1.7331,1.7165,1.6989,1.6804,1.6667,1.653,1.6354,1.6178,1.5982,1.5797,1.563,1.5474,1.5327,1.5142,1.4936,1.477,1.4614,1.4457,1.4311,1.4203,1.4076,1.392,1.3803,1.3715,1.3636,1.3558,1.348,1.3402,1.3353,1.3304,1.3245,1.3216,1.3236,1.3304,1.346,1.3793,1.436,1.5161,1.6217,1.7478,1.8847,2.0235,2.1564,2.262,2.347,2.4282,2.4976,2.5533,2.5963,2.6266,2.6471,2.6569,2.6588,2.6559,2.6471,2.6325,2.6139,2.5943,2.5699,2.5415,2.5103,2.4731,2.4282,2.3734,2.3109,2.2434,2.172,2.1036,2.0479,1.999,1.9492,1.9062,1.8719,1.8475,1.8319,1.8211,1.8133,1.8074,1.8016,1.7947,1.7879,1.781,1.7703,1.7537,1.7351,1.7126,1.6891,1.6647,1.6403,1.6149,1.5894,1.566,1.5435,1.5249,1.5103,1.4956,1.4829,1.4712,1.4585,1.4448,1.4301,1.4125,1.393,1.3744,1.3578,1.3451,1.3392,1.3363,1.3314,1.3255,1.3226,1.3284,1.349,1.392,1.4604,1.5533,1.6706,1.8065,1.9326,2.0508,2.1828,2.3118,2.4262,2.52,2.5924,2.6461,2.6843,2.7067,2.7185,2.7243,2.7273,2.7263,2.7243,2.7214,2.7165,2.7097,2.6999,2.6843,2.6618,2.6285,2.5846,2.5327,2.4721,2.4115,2.348,2.2766,2.2053,2.1388,2.0762,2.0205,1.9726,1.9326,1.9013,1.8798,1.868,1.8622,1.8573,1.8495,1.8368,1.8182,1.7918,1.7625,1.7361,1.7116,1.6882,1.6618,1.6364,1.6129,1.5924,1.5728,1.5503,1.5269,1.5044,1.4858,1.4692,1.4536,1.4389,1.4242,1.4096,1.3949,1.3803,1.3715,1.3636,1.3519,1.3392,1.3255,1.3148,1.306,1.3001,1.3021,1.3196,1.3558,1.4135,1.4819,1.564,1.6735,1.8006,1.9345,2.0684,2.1926,2.3021,2.393,2.4633,2.5171,2.5562,2.5826,2.5963,2.5992,2.5973,2.5924,2.5865,2.5797,2.5728,2.563,2.5464,2.5259,2.4995,2.4643,2.4252,2.3783,2.3206,2.2561,2.1877,2.1222,2.0606,2.0029,1.9511,1.9071,1.8729,1.8465,1.828,1.8172,1.8094,1.8025,1.7977,1.7928,1.7869,1.7801,1.7693,1.7537,1.7351,1.7146,1.6921,1.6716,1.652,1.6295,1.609,1.5924,1.5767,1.5611,1.5464,1.5318,1.5171,1.4995,1.4761,1.4497,1.4272,1.4096,1.393,1.3812,1.3617,1.3402,1.3275,1.3216,1.3206,1.3216,1.3275,1.3441,1.3734,1.4233,1.5015,1.6022,1.7243,1.8583,1.9971,2.1329,2.2551,2.3617,2.4526,2.5288,2.5816,2.6178,2.6491,2.6716,2.6852,2.6901,2.6891,2.6804,2.6647,2.6461,2.6246,2.6031,2.5787,2.5513,2.5191,2.477,2.4252,2.3675,2.303,2.2307,2.1574,2.088,2.0235,1.9648,1.915,1.8768,1.8504,1.8309,1.8201,1.8123,1.8055,1.7977,1.7898,1.783,1.7713,1.7546,1.7351,1.7136,1.695,1.6784,1.6588,1.6373,1.6139,1.5904,1.5718,1.5543,1.5386,1.523,1.5073,1.4927,1.4809,1.4712,1.4594,1.4457,1.4311,1.4164,1.4018,1.3871,1.3715,1.3587,1.348,1.3392,1.3343,1.3382,1.3529,1.39,1.4565,1.5494,1.6676,1.8055,1.9541,2.0997,2.2366,2.3578,2.4604,2.5357,2.5924,2.6432,2.6843,2.7136,2.7322,2.7419,2.7468,2.7488,2.7537,2.7605,2.7634,2.7615,2.7527,2.739,2.7165,2.6833,2.6364,2.5787,2.5122,2.436,2.3539,2.2717,2.1887,2.1095,2.0459,1.9932,1.9443,1.9022,1.8661,1.8358,1.8094,1.7849,1.7615,1.738,1.7146,1.6921,1.6696,1.651,1.6315,1.607,1.5797,1.5513,1.5259,1.5054,1.4878,1.4712,1.4555,1.4399,1.4203,1.4037,1.391,1.3773,1.3627,1.35,1.3402,1.3314,1.3236,1.3138,1.2991,1.2805,1.262,1.2493,1.2463,1.2581,1.2884,1.3431,1.4272,1.5386,1.6716,1.8172,1.9697,2.1193,2.2561,2.3754,2.4653,2.5327,2.5953,2.6491,2.6911,2.7214,2.7419,2.7546,2.7586,2.7546,2.7478,2.74,2.7322,2.7224,2.7126,2.6999,2.6823,2.6579,2.6217,2.5738,2.5152,2.4467,2.3705,2.2913,2.2121,2.1437,2.085,2.0274,1.9765,1.9335,1.8993,1.8729,1.8514,1.8338,1.8192,1.8084,1.7996,1.7889,1.7781,1.7654,1.7478,1.7253,1.697,1.6647,1.6295,1.5943,1.566,1.5445,1.5259,1.5093,1.4976,1.4897,1.48,1.4673,1.4536,1.435,1.4106,1.3832,1.3568,1.3343,1.3128,1.2913,1.2727,1.2639,1.261,1.2639,1.2805,1.3167,1.3763,1.4643,1.5806,1.7175,1.8671,2.0166,2.1593,2.2747,2.3675,2.4555,2.5298,2.5894,2.6344,2.6686,2.6931,2.7087,2.7204,2.7302,2.7331,2.7292,2.7253,2.7214,2.7126,2.697,2.6764,2.6452,2.6022,2.5513,2.4927,2.4223,2.3441,2.2649,2.1935,2.132,2.0723,2.0166,1.9697,1.9335,1.9062,1.8847,1.869,1.8553,1.8407,1.825,1.8094,1.7947,1.7722,1.7449,1.7175,1.6931,1.6696,1.6471,1.6246,1.6022,1.5797,1.5591,1.5386,1.521,1.5044,1.4829,1.4614,1.4379,1.4125,1.3891,1.3675,1.35,1.3333,1.3196,1.3089,1.304,1.3011,1.2962,1.2903,1.2835,1.2766,1.2747,1.2884,1.3236,1.3832,1.4721,1.5875,1.7224,1.8504,1.9736,2.1095,2.2414,2.3597,2.4575,2.5337,2.5924,2.6364,2.6657,2.6843,2.6979,2.7048,2.7058,2.7067,2.7048,2.6999,2.694,2.6843,2.6657,2.6383,2.6002,2.5552,2.5015,2.4379,2.3744,2.3099,2.2366,2.1593,2.0841,2.0166,1.9589,1.9101,1.87,1.8426,1.826,1.8143,1.8065,1.8006,1.7918,1.782,1.7693,1.7527,1.7331,1.7116,1.6882,1.6618,1.6325,1.6022,1.5748,1.5533,1.5367,1.5181,1.4995,1.4819,1.4663,1.4506,1.436,1.4213,1.4066,1.392,1.3773,1.3656,1.3548,1.3382,1.3187,1.2991,1.2845,1.2737,1.2639,1.2551,1.2493,1.2502,1.2649,1.304,1.3587,1.4321,1.5357,1.6598,1.7986,1.9443,2.0811,2.2053,2.3138,2.4027,2.4731,2.5269,2.5601,2.5767,2.5865,2.5894,2.5875,2.5826,2.5728,2.5562,2.5376,2.5191,2.4985,2.4712,2.436,2.3959,2.35,2.2942,2.2307,2.1603,2.0899,2.0254,1.9629,1.9042,1.8543,1.8172,1.7908,1.7761,1.7674,1.7605,1.7556,1.7488,1.7419,1.7351,1.7243,1.7077,1.6882,1.6657,1.6413,1.6178,1.5992,1.5836,1.5689,1.5543,1.5396,1.523,1.5034,1.4839,1.4673,1.4516,1.436,1.4213,1.4106,1.4008,1.3891,1.3754,1.3627,1.3529,1.3441,1.3363,1.3284,1.3216,1.3138,1.306,1.3021,1.304,1.3128,1.3324,1.3695,1.434,1.5259,1.6373,1.7693,1.911,2.0499,2.1808,2.2942,2.3783,2.4389,2.4878,2.5249,2.5533,2.5728,2.5846,2.5885,2.5865,2.5816,2.5758,2.567,2.5533,2.5357,2.5142,2.4888,2.4575,2.4194,2.3744,2.3206,2.261,2.1975,2.1339,2.0733,2.0147,1.9668,1.9306,1.8993,1.8739,1.8563,1.8465,1.8397,1.8309,1.8231,1.8113,1.7937,1.7742,1.7566,1.741,1.7214,1.7009,1.6794,1.6569,1.6344,1.6139,1.5963,1.5806,1.565,1.5494,1.5347,1.5239,1.5142,1.5015,1.4878,1.4741,1.4594,1.4448,1.4301,1.4154,1.3998,1.3851,1.3724,1.3656,1.3627,1.3568,1.3539,1.3568,1.3675,1.3949,1.4477,1.5288,1.6344,1.7595,1.8983,2.043,2.1652,2.2737,2.3832,2.4809,2.564,2.6315,2.6813,2.7146,2.7331,2.7419,2.7449,2.7419,2.7351,2.7263,2.7185,2.7107,2.7028,2.6911,2.6725,2.6461,2.6109,2.565,2.5083,2.4428,2.3744,2.3148,2.2581,2.1965,2.1359,2.0811,2.0352,1.9971,1.9629,1.9345,1.913,1.8954,1.8788,1.8651,1.8524,1.8407,1.828,1.8104,1.7898,1.7683,1.7468,1.7243,1.7019,1.6774,1.653,1.6295,1.6119,1.5992,1.5816,1.5621,1.5445,1.5249,1.5034,1.4848,1.4682,1.4526,1.437,1.4223,1.4115,1.3998,1.3851,1.3724,1.3617,1.3548,1.3548,1.3685,1.4027,1.4643,1.5533,1.6647,1.7967,1.9228,2.044,2.1769,2.305,2.4194,2.5161,2.5943,2.6559,2.7019,2.7341,2.7556,2.7683,2.7713,2.7683,2.7674,2.7644,2.7595,2.7537,2.7468,2.7361,2.7175,2.6911,2.6559,2.608,2.5503,2.4936,2.4321,2.3578,2.2796,2.2014,2.129,2.0645,2.0078,1.9609,1.9228,1.8925,1.87,1.8534,1.8407,1.8309,1.8231,1.8113,1.7937,1.7742,1.7517,1.7253,1.695,1.6618,1.6295,1.6022,1.5816,1.565,1.5494,1.5327,1.5132,1.4936,1.477,1.4604,1.4448,1.4262,1.4057,1.3881,1.3754,1.3675,1.3558,1.3421,1.3324,1.3236,1.3148,1.3069,1.3011,1.306,1.3284,1.3734,1.433,1.5132,1.6246,1.7566,1.9013,2.0479,2.1887,2.3167,2.4272,2.5181,2.5894,2.6442,2.6843,2.7087,2.7204,2.7302,2.7351,2.7341,2.7292,2.7234,2.7165,2.7058,2.6891,2.6696,2.6452,2.6139,2.5758,2.5269,2.4673,2.3978,2.3226,2.2434,2.1662,2.0958,2.0332,1.9795,1.9355,1.9003,1.8759,1.8573,1.8426,1.8299,1.8162,1.8045,1.7908,1.7722,1.7527,1.7312,1.7097,1.6852,1.6637,1.6442,1.6207,1.6002,1.5806,1.5591,1.5376,1.5152,1.4946,1.4751,1.4545,1.433,1.3978,1.3607,1.3363,1.3167,1.3011,1.2893,1.2796,1.2708,1.263,1.2551,1.2473,1.2414,1.2424,1.2542,1.2805,1.3314,1.4115,1.5181,1.6442,1.7869,1.9394,2.089,2.2258,2.3451,2.4467,2.5279,2.5816,2.6158,2.6403,2.6559,2.6637,2.6647,2.6608,2.6549,2.6461,2.6325,2.6149,2.5943,2.5709,2.5406,2.5024,2.4575,2.4027,2.3412,2.2766,2.2063,2.1339,2.0655,2.001,1.9423,1.8905,1.8495,1.8201,1.7957,1.7781,1.7654,1.7556,1.7468,1.7361,1.7253,1.7126,1.695,1.6745,1.6569,1.6403,1.6207,1.5982,1.5758,1.5552,1.5327,1.5083,1.4848,1.4624,1.4399,1.4213,1.4037,1.392,1.3803,1.3627,1.3441,1.3294,1.3187,1.3099,1.3011,1.2933,1.2854,1.2776,1.2698,1.2659,1.2659,1.2698,1.2884,1.3314,1.4027,1.5005,1.6207,1.7595,1.9101,2.0587,2.1955,2.3167,2.4076,2.4721,2.5288,2.5738,2.6061,2.6276,2.6422,2.65,2.65,2.6461,2.6403,2.6334,2.6246,2.6129,2.5973,2.5748,2.5425,2.5015,2.4526,2.3949,2.3255,2.2502,2.173,2.0997,2.0332,1.9795,1.9355,1.8944,1.8612,1.8348,1.8143,1.8006,1.7918,1.784,1.7761,1.7683,1.7566,1.7429,1.7292,1.7107,1.6862,1.6588,1.6344,1.6109,1.5855,1.5621,1.5425,1.5249,1.5083,1.4966,1.4868,1.4741,1.4604,1.4428,1.4223,1.4047,1.3881,1.3724,1.3568,1.3412,1.3284,1.3177,1.3109,1.304,1.2942,1.2913,1.303,1.3392,1.4086,1.5093,1.6344,1.782,1.9423,2.0997,2.2297,2.3363,2.4379,2.5288,2.6022,2.6579,2.697,2.7243,2.7419,2.7507,2.7546,2.7546,2.7488,2.739,2.7283,2.7195,2.7087,2.694,2.6716,2.6403,2.5982,2.5445,2.4819,2.4106,2.3333,2.263,2.1955,2.1241,2.0567,1.9971,1.9501,1.9169,1.8925,1.8749,1.8602,1.8456,1.8309,1.8162,1.8025,1.7889,1.7703,1.7498,1.7283,1.7067,1.6843,1.6618,1.6373,1.6119,1.5875,1.564,1.5474,1.5308,1.5112,1.4946,1.478,1.4624,1.4467,1.4282,1.4076,1.3881,1.3666,1.346,1.3284,1.3167,1.3069,1.2962,1.2884,1.2884,1.3021,1.3353,1.393,1.477,1.5865,1.7185,1.8631,1.9941,2.1124,2.2356,2.35,2.4467,2.5259,2.5865,2.6295,2.6608,2.6823,2.696,2.7048,2.7097,2.7097,2.7097,2.7097,2.7067,2.6989,2.6862,2.6647,2.6334,2.5924,2.5396,2.4761,2.4018,2.3314,2.2649,2.1945,2.1251,2.0606,2.0049,1.958,1.9198,1.8895,1.8671,1.8485,1.8319,1.8162,1.8045,1.7967,1.7859,1.7693,1.7478,1.7243,1.7009,1.6745,1.6461,1.6217,1.5982,1.5767,1.563,1.5523,1.5376,1.5191,1.4966,1.4721,1.4487,1.4242,1.4008,1.3812,1.3646,1.349,1.3333,1.3236,1.3148,1.303,1.2933,1.2874,1.2874,1.3011,1.3372,1.3998,1.4868,1.5992,1.7312,1.8563,1.9765,2.1075,2.2346,2.348,2.4438,2.521,2.5826,2.6276,2.6618,2.6862,2.6999,2.7048,2.7019,2.695,2.6882,2.6774,2.6608,2.6413,2.6178,2.5894,2.5533,2.5073,2.4506,2.3832,2.3187,2.2542,2.1848,2.1183,2.0557,1.998,1.9492,1.9081,1.8749,1.8485,1.828,1.8123,1.8006,1.7918,1.783,1.7713,1.7586,1.7439,1.7263,1.7058,1.6843,1.6628,1.6393,1.6119,1.5855,1.565,1.5455,1.523,1.4985,1.4751,1.4526,1.4301,1.4115,1.391,1.3695,1.3529,1.3412,1.3353,1.3343,1.3314,1.3265,1.3206,1.3138,1.305,1.2942,1.2913,1.305,1.3431,1.4125,1.5142,1.6227,1.738,1.8749,2.0176,2.1544,2.2766,2.3783,2.4585,2.5191,2.563,2.5924,2.607,2.609,2.6041,2.5982,2.5914,2.5806,2.564,2.5445,2.522,2.4956,2.4633,2.4213,2.3685,2.3089,2.2512,2.1906,2.1232,2.0577,1.9961,1.9374,1.8856,1.8446,1.8172,1.7996,1.7889,1.784,1.783,1.783,1.7791,1.7732,1.7664,1.7556,1.739,1.7195,1.6989,1.6774,1.654,1.6256,1.5963,1.5738,1.5572,1.5415,1.5259,1.5112,1.4966,1.4819,1.4663,1.4516,1.437,1.4223,1.4076,1.3959,1.3861,1.3744,1.3607,1.349,1.3392,1.3304,1.3226,1.3196,1.3314,1.3636,1.4223,1.5112,1.608,1.7116,1.8397,1.9775,2.1134,2.2414,2.3548,2.4487,2.5239,2.5816,2.6237,2.652,2.6667,2.6696,2.6676,2.6628,2.6569,2.6461,2.6295,2.61,2.5894,2.565,2.5337,2.4956,2.4467,2.3949,2.3392,2.2737,2.2063,2.1388,2.0733,2.0147,1.9648,1.9238,1.8895,1.8631,1.8426,1.825,1.8113,1.8025,1.7967,1.7898,1.783,1.7761,1.7644,1.7468,1.7263,1.7028,1.6755,1.6461,1.6197,1.5934,1.564,1.5396,1.52,1.5024,1.4858,1.4712,1.4624,1.4536,1.4418,1.4282,1.4174,1.4047,1.3822,1.3578,1.3353,1.3187,1.306,1.3001,1.303,1.3177,1.3519,1.4145,1.5054,1.6061,1.7185,1.8553,2.0059,2.1584,2.303,2.4301,2.5327,2.6109,2.6696,2.7107,2.7351,2.7449,2.7478,2.7498,2.7507,2.7507,2.7488,2.7439,2.738,2.7273,2.7107,2.6862,2.651,2.6022,2.5503,2.4956,2.4291,2.3548,2.2747,2.1965,2.1241,2.0587,2.0049,1.9638,1.9335,1.911,1.8935,1.8788,1.8641,1.8485,1.8328,1.8152,1.7957,1.7742,1.7517,1.7273,1.7009,1.6764,1.652,1.6325,1.6129,1.5875,1.5591,1.5337,1.5093,1.4848,1.4653,1.4477,1.4311,1.4135,1.393,1.3763,1.3646,1.347,1.3284,1.3148,1.304,1.2952,1.2864,1.2825,1.2884,1.3109,1.3568,1.4184,1.5015,1.6168,1.7556,1.9091,2.0635,2.2111,2.3431,2.4536,2.5445,2.6168,2.6745,2.7185,2.7449,2.7595,2.7732,2.782,2.7859,2.7879,2.7889,2.7859,2.7761,2.7615,2.741,2.7116,2.6755,2.6315,2.5767,2.5122,2.437,2.3548,2.2747,2.2004,2.13,2.0674,2.0147,1.9707,1.9335,1.9052,1.8847,1.8671,1.8504,1.8319,1.8113,1.7898,1.7674,1.7449,1.7214,1.6979,1.6725,1.65,1.6295,1.6041,1.5777,1.5523,1.5259,1.4995,1.4741,1.4497,1.4262,1.4047,1.3861,1.3675,1.35,1.3353,1.3226,1.3079,1.2933,1.2815,1.2717,1.263,1.2551,1.2493,1.2522,1.2688,1.2991,1.3509,1.433,1.5445,1.6813,1.8348,1.9951,2.1496,2.2874,2.4027,2.4956,2.5709,2.6325,2.6725,2.6979,2.7204,2.7361,2.7439,2.7478,2.7478,2.7439,2.738,2.7312,2.7204,2.7028,2.6804,2.6481,2.6022,2.5484,2.4868,2.4145,2.3363,2.2542,2.174,2.1007,2.0332,1.9726,1.9228,1.8856,1.8573,1.8319,1.8113,1.7957,1.7801,1.7644,1.7488,1.7312,1.7146,1.6989,1.6794,1.6618,1.6452,1.6207,1.5914,1.5611,1.5327,1.5064,1.4819,1.4575,1.436,1.4174,1.4008,1.3842,1.3724,1.3587,1.3382,1.3196,1.3069,1.2962,1.2884,1.2825,1.2757,1.2688,1.262,1.2581,1.2639,1.2815,1.3187,1.3851,1.48,1.5992,1.738,1.8847,2.0293,2.1681,2.2923,2.3969,2.4819,2.5415,2.5846,2.6227,2.653,2.6735,2.6862,2.6901,2.6862,2.6755,2.6588,2.6393,2.6178,2.5953,2.5699,2.5357,2.4966,2.4506,2.393,2.3265,2.2542,2.1779,2.1065,2.0401,1.9785,1.9238,1.8807,1.8504,1.825,1.8055,1.7918,1.783,1.7752,1.7674,1.7556,1.739,1.7195,1.6979,1.6804,1.6637,1.6442,1.6227,1.6012,1.5787,1.5562,1.5337,1.5112,1.4888,1.4682,1.4477,1.4301,1.4154,1.4008,1.3861,1.3675,1.347,1.3314,1.3196,1.3099,1.3011,1.2933,1.2854,1.2776,1.2737,1.2737,1.2776,1.2923,1.3265,1.3871,1.477,1.5934,1.7312,1.8807,2.0293,2.1681,2.2786,2.3656,2.4448,2.5112,2.563,2.6022,2.6295,2.6471,2.6598,2.6696,2.6784,2.6862,2.6901,2.6862,2.6794,2.6676,2.6471,2.6158,2.5718,2.5161,2.4506,2.3744,2.2933,2.2111,2.132,2.0684,2.0176,1.9717,1.9335,1.9052,1.8847,1.871,1.8602,1.8495,1.8368,1.8221,1.8055,1.7859,1.7693,1.7517,1.7292,1.7067,1.6804,1.652,1.6227,1.5934,1.5689,1.5494,1.5318,1.5161,1.5044,1.4946,1.4819,1.4682,1.4536,1.4389,1.4242,1.4096,1.3939,1.3773,1.3578,1.3382,1.3187,1.306,1.2991,1.2923,1.2864,1.2874,1.305,1.348,1.4184,1.5191,1.6471,1.7898,1.9404,2.0743,2.1935,2.3138,2.4233,2.5171,2.5963,2.6608,2.7097,2.7458,2.7693,2.783,2.7898,2.7928,2.7889,2.7771,2.7644,2.7498,2.7331,2.7136,2.6891,2.654,2.608,2.5533,2.4897,2.4184,2.349,2.2825,2.2111,2.1398,2.0743,2.0186,1.9736,1.9374,1.9101,1.8895,1.871,1.8524,1.8319,1.8143,1.7996,1.783,1.7634,1.7429,1.7214,1.697,1.6676,1.6364,1.6061,1.5777,1.5523,1.5337,1.52,1.5064,1.4917,1.477,1.4624,1.4467,1.4321,1.4164,1.3978,1.3773,1.3578,1.3382,1.3245,1.3118,1.2942,1.2766,1.262,1.2532,1.2522,1.2669,1.3021,1.3646,1.4585,1.5767,1.695,1.8143,1.9531,2.0978,2.2375,2.3646,2.4712,2.5582,2.6266,2.6774,2.7146,2.74,2.7605,2.7595,2.7449,2.737,2.7312,2.7224,2.7107,2.6979,2.6823,2.6637,2.6403,2.6041,2.5552,2.5034,2.4487,2.3812,2.306,2.2278,2.1486,2.0743,2.0098,1.956,1.913,1.8788,1.8524,1.8319,1.8162,1.8025,1.7869,1.7683,1.7478,1.7273,1.7058,1.6843,1.6628,1.6403,1.6168,1.5924,1.5709,1.5494,1.5259,1.5015,1.478,1.4575,1.436,1.4164,1.3959,1.3744,1.3529,1.3324,1.3226,1.3177,1.3118,1.303,1.2913,1.2796,1.2708,1.259,1.2454,1.2356,1.2307,1.2375,1.262,1.3021,1.3617,1.4516,1.5679,1.7038,1.8504,1.998,2.1417,2.2717,2.3822,2.4731,2.5484,2.6002,2.6334,2.6598,2.6764,2.6843,2.6882,2.6901,2.6911,2.6901,2.6843,2.6735,2.6598,2.6383,2.609,2.5728,2.5249,2.4682,2.4057,2.3363,2.261,2.1838,2.1065,2.0352,1.9726,1.9169,1.8749,1.8426,1.8152,1.7947,1.7791,1.7683,1.7595,1.7488,1.7351,1.7165,1.697,1.6764,1.6549,1.6344,1.6139,1.5875,1.5572,1.5298,1.5034,1.479,1.4594,1.4428,1.4272,1.4115,1.3969,1.3861,1.3763,1.3607,1.3421,1.3255,1.3099,1.2942,1.2815,1.2717,1.263,1.2551,1.2473,1.2395,1.2356,1.2336,1.2346,1.2483,1.2786,1.3324,1.4115,1.5152,1.6393,1.7781,1.9218,2.0616,2.175,2.2698,2.3627,2.4457,2.5142,2.567,2.6022,2.6237,2.6344,2.6364,2.6354,2.6334,2.6285,2.6207,2.609,2.5943,2.5709,2.5357,2.4927,2.4418,2.3812,2.3167,2.2483,2.1769,2.1085,2.0508,2,1.9492,1.9032,1.8641,1.8319,1.8065,1.7889,1.7761,1.7664,1.7586,1.7488,1.7361,1.7243,1.7116,1.694,1.6745,1.654,1.6305,1.6051,1.5787,1.5562,1.5386,1.522,1.5034,1.4868,1.4712,1.4516,1.435,1.4194,1.4037,1.3891,1.3744,1.3597,1.3451,1.3324,1.3226,1.3138,1.3099,1.3079,1.303,1.2933,1.2805,1.2708,1.2649,1.2688,1.2884,1.3294,1.3988,1.4976,1.6022,1.7136,1.8495,1.9961,2.1408,2.2727,2.3881,2.4858,2.566,2.6256,2.6667,2.6911,2.7028,2.7028,2.694,2.6843,2.6755,2.6676,2.6598,2.653,2.6422,2.6237,2.5963,2.5552,2.5015,2.4477,2.39,2.3206,2.2483,2.1769,2.1085,2.045,1.998,1.9648,1.9355,1.912,1.8925,1.8759,1.8622,1.8495,1.8358,1.8221,1.8084,1.7928,1.7742,1.7517,1.7263,1.7009,1.6774,1.651,1.6266,1.607,1.5885,1.5718,1.5562,1.5415,1.5269,1.5083,1.4878,1.4702,1.4545,1.4399,1.4291,1.4194,1.4076,1.3939,1.3783,1.3617,1.3441,1.3284,1.3128,1.2981,1.2874,1.2796,1.2796,1.2903,1.3157,1.3607,1.4321,1.5318,1.654,1.7928,1.9404,2.088,2.2287,2.3558,2.4643,2.5445,2.6022,2.653,2.695,2.7263,2.7498,2.7654,2.7732,2.7732,2.7654,2.7546,2.7419,2.7263,2.7077,2.6872,2.6647,2.6334,2.5904,2.5386,2.478,2.4076,2.3304,2.2561,2.1857,2.1183,2.0626,2.0205,1.9834,1.9521,1.9267,1.9071,1.8905,1.8729,1.8553,1.8358,1.8133,1.7908,1.7693,1.7507,1.7341,1.7155,1.6931,1.6696,1.6471,1.6207,1.5953,1.5718,1.5494,1.5269,1.5044,1.4897,1.4751,1.4565,1.437,1.4164,1.3969,1.3763,1.3587,1.346,1.3363,1.3275,1.3196,1.3118,1.3079,1.306,1.3021,1.2981,1.3001,1.3128,1.349,1.4135,1.5064,1.6227,1.7625,1.914,2.0459,2.1642,2.2874,2.3998,2.4956,2.5748,2.6354,2.6804,2.7116,2.7351,2.7517,2.7625,2.7674,2.7664,2.7605,2.7517,2.74,2.7234,2.7028,2.6813,2.6579,2.6266,2.5836,2.5298,2.4643,2.3988,2.3333,2.261,2.1848,2.1124,2.0489,1.9951,1.9521,1.9159,1.8876,1.8661,1.8475,1.8299,1.8133,1.8006,1.7849,1.7664,1.7458,1.7253,1.7038,1.6823,1.6569,1.6256,1.5943,1.564,1.5396,1.5181,1.4946,1.4721,1.4516,1.434,1.4203,1.4076,1.3939,1.3803,1.3656,1.3519,1.3353,1.3236,1.3148,1.303,1.2893,1.2757,1.2649,1.2561,1.2483,1.2444,1.2493,1.2678,1.304,1.3519,1.4154,1.5083,1.6276,1.7644,1.911,2.0567,2.1955,2.3167,2.4174,2.4995,2.564,2.6158,2.651,2.6716,2.6891,2.7019,2.7087,2.7116,2.7136,2.7107,2.7038,2.6931,2.6764,2.654,2.6266,2.5924,2.5464,2.4927,2.433,2.3656,2.2913,2.218,2.1486,2.0831,2.0235,1.9717,1.9335,1.9032,1.8739,1.8485,1.827,1.8074,1.7898,1.7742,1.7576,1.738,1.7175,1.696,1.6706,1.6452,1.6217,1.5982,1.5758,1.5543,1.5367,1.521,1.5054,1.4868,1.4673,1.4506,1.435,1.4242,1.4154,1.4018,1.3842,1.3685,1.3568,1.348,1.3402,1.3324,1.3245,1.3177,1.3109,1.304,1.3001,1.2981,1.2903,1.2796,1.2737,1.2815,1.3099,1.3646,1.4487,1.5582,1.6862,1.826,1.9482,2.0577,2.172,2.2805,2.3754,2.4545,2.5171,2.564,2.5963,2.6158,2.6285,2.6383,2.6471,2.65,2.6461,2.6403,2.6305,2.6149,2.5934,2.5611,2.5191,2.4692,2.4125,2.349,2.2805,2.218,2.1623,2.1026,2.043,1.9883,1.9413,1.9022,1.8719,1.8495,1.8319,1.8172,1.8065,1.7977,1.7918,1.7859,1.7742,1.7576,1.739,1.7185,1.6979,1.6774,1.654,1.6266,1.5973,1.5699,1.5494,1.5318,1.5132,1.4946,1.478,1.4633,1.4487,1.434,1.4213,1.4096,1.3969,1.3842,1.3724,1.3646,1.3587,1.3519,1.3451,1.3382,1.3314,1.3245,1.3177,1.3109,1.304,1.3001,1.3069,1.3245,1.3578,1.4194,1.5073,1.6197,1.7517,1.8935,2.0352,2.1691,2.2874,2.3851,2.4643,2.5249,2.566,2.5934,2.6178,2.6364,2.65,2.6588,2.6628,2.6647,2.6637,2.6598,2.653,2.6403,2.6217,2.5934,2.5523,2.5015,2.4428,2.3754,2.303,2.2307,2.1613,2.0968,2.0381,1.9873,1.9462,1.9169,1.8974,1.8817,1.869,1.8553,1.8397,1.8211,1.8016,1.7781,1.7488,1.7165,1.6843,1.6579,1.6354,1.6139,1.5943,1.5777,1.5621,1.5474,1.5327,1.52,1.5083,1.4956,1.4829,1.4673,1.4545,1.4448,1.4321,1.4194,1.4057,1.392,1.3793,1.3695,1.3627,1.3578,1.3519,1.3451,1.3421,1.3402,1.3363,1.3324,1.3343,1.3451,1.3724,1.4223,1.4985,1.6002,1.7234,1.8583,2,2.1232,2.2326,2.346,2.4516,2.5435,2.6178,2.6755,2.7204,2.7537,2.7752,2.7879,2.7947,2.7928,2.783,2.7703,2.7576,2.7439,2.7283,2.7077,2.6833,2.6559,2.6207,2.5728,2.5142,2.4565,2.3959,2.3245,2.2502,2.1779,2.1134,2.0587,2.0137,1.9785,1.9521,1.9326,1.915,1.8993,1.8866,1.8729,1.8534,1.8299,1.8065,1.784,1.7605,1.7351,1.7077,1.6784,1.65,1.6217,1.5982,1.5836,1.5689,1.5503,1.5308,1.5142,1.4985,1.4839,1.4653,1.4438,1.4262,1.4106,1.3959,1.3871,1.3812,1.3715,1.3597,1.347,1.3353,1.3255,1.3167,1.3128,1.3196,1.3421,1.3842,1.4379,1.5093,1.609,1.7292,1.8671,2.0098,2.1476,2.2766,2.39,2.4829,2.5552,2.61,2.653,2.6813,2.6989,2.7146,2.7292,2.74,2.7458,2.7488,2.7498,2.7488,2.7429,2.7312,2.7116,2.6852,2.651,2.6061,2.5513,2.4878,2.4164,2.3392,2.261,2.1838,2.1114,2.0469,1.9941,1.9521,1.9208,1.8983,1.8807,1.8651,1.8485,1.8319,1.8143,1.7957,1.7781,1.7605,1.741,1.7175,1.694,1.6706,1.6413,1.6129,1.5865,1.563,1.5445,1.5288,1.5103,1.4888,1.4673,1.4487,1.4321,1.4203,1.4115,1.3969,1.3773,1.3568,1.3363,1.3157,1.2952,1.2766,1.26,1.2454,1.2326,1.2258,1.2258,1.2346,1.2581,1.3011,1.3675,1.4575,1.567,1.694,1.8319,1.9726,2.1105,2.2346,2.3294,2.4037,2.4761,2.5376,2.5855,2.6197,2.6442,2.6598,2.6676,2.6716,2.6735,2.6725,2.6647,2.653,2.6403,2.6246,2.6031,2.5718,2.5288,2.4761,2.4174,2.3539,2.2893,2.2258,2.1632,2.1075,2.0577,2.0088,1.9648,1.9277,1.8954,1.8651,1.8377,1.8162,1.7986,1.784,1.7732,1.7644,1.7566,1.7458,1.7302,1.7126,1.6931,1.6716,1.6452,1.6178,1.5924,1.5679,1.5474,1.5269,1.5093,1.4936,1.4721,1.4477,1.4252,1.4066,1.391,1.3763,1.3617,1.349,1.3392,1.3314,1.3275,1.3236,1.3148,1.3011,1.2874,1.2776,1.2688,1.263,1.2669,1.2893,1.3353,1.4086,1.4897,1.5797,1.697,1.8299,1.9648,2.0948,2.2131,2.3148,2.3988,2.4643,2.5161,2.5582,2.5894,2.6061,2.6129,2.6168,2.6168,2.6129,2.608,2.5982,2.5836,2.566,2.5435,2.5112,2.4692,2.4242,2.3744,2.3128,2.2444,2.172,2.0978,2.0283,1.9658,1.911,1.8661,1.8319,1.8065,1.7879,1.7771,1.7722,1.7674,1.7615,1.7537,1.741,1.7243,1.7058,1.6862,1.6628,1.6344,1.6022,1.5758,1.5543,1.5298,1.5054,1.4829,1.4633,1.4467,1.4311,1.4164,1.4027,1.3891,1.3754,1.3617,1.3509,1.3421,1.3304,1.3157,1.3021,1.2913,1.2825,1.2747,1.2698,1.2669,1.2659,1.2649,1.2678,1.2766,1.303,1.35,1.4096,1.4917,1.5973,1.7165,1.8416,1.9677,2.0899,2.2023,2.2981,2.3685,2.4223,2.4712,2.5103,2.5396,2.5591,2.5728,2.5797,2.5797,2.5777,2.5748,2.5709,2.564,2.5513,2.5318,2.5034,2.4653,2.4184,2.3627,2.2991,2.2307,2.1632,2.0987,2.0381,1.9844,1.9433,1.913,1.8876,1.868,1.8524,1.8377,1.8231,1.8094,1.7977,1.7869,1.7752,1.7605,1.7468,1.7331,1.7155,1.697,1.6764,1.651,1.6227,1.5963,1.5748,1.5582,1.5425,1.5279,1.5142,1.5034,1.4946,1.4839,1.4721,1.4594,1.4448,1.4272,1.4096,1.3939,1.3812,1.3715,1.3636,1.3578,1.3519,1.3431,1.3372,1.3392,1.3558,1.391,1.4506,1.5357,1.6422,1.7664,1.9003,2.0362,2.1515,2.2493,2.3451,2.4301,2.5034,2.5621,2.6061,2.6403,2.6657,2.6833,2.694,2.6989,2.697,2.6872,2.6755,2.6628,2.6481,2.6295,2.6051,2.5738,2.5347,2.4868,2.4301,2.3685,2.304,2.2463,2.1945,2.1378,2.0811,2.0293,1.9844,1.9472,1.9189,1.8993,1.8847,1.8719,1.8602,1.8495,1.8358,1.8172,1.7986,1.7791,1.7595,1.739,1.7185,1.6989,1.6784,1.6569,1.6305,1.6022,1.5816,1.564,1.5425,1.52,1.4985,1.479,1.4624,1.4477,1.434,1.4203,1.4066,1.393,1.3822,1.3754,1.3685,1.3617,1.3548,1.348,1.3451,1.3519,1.3754,1.4223,1.4946,1.5914,1.6901,1.7928,1.9169,2.0479,2.1779,2.2962,2.3988,2.4858,2.5543,2.6061,2.6422,2.6667,2.6833,2.6901,2.6901,2.6901,2.6901,2.6901,2.6872,2.6794,2.6686,2.653,2.6315,2.6041,2.567,2.5249,2.4761,2.4164,2.348,2.2757,2.2023,2.13,2.0635,2.0088,1.9658,1.9306,1.9013,1.8788,1.8602,1.8446,1.8299,1.8143,1.7986,1.782,1.7634,1.7429,1.7175,1.6882,1.6579,1.6295,1.607,1.5904,1.5758,1.5611,1.5445,1.5259,1.5064,1.4868,1.4663,1.4457,1.4262,1.4037,1.3842,1.3715,1.3597,1.346,1.3304,1.3157,1.305,1.2962,1.2884,1.2835,1.2874,1.306,1.3441,1.3949,1.4614,1.5533,1.6657,1.7947,1.9316,2.0655,2.1896,2.3001,2.3939,2.4712,2.5337,2.5816,2.6109,2.6276,2.6403,2.6491,2.653,2.6549,2.6559,2.6569,2.6647,2.6706,2.6628,2.6461,2.6227,2.5894,2.5445,2.4888,2.4252,2.3539,2.2815,2.2131,2.1476,2.086,2.0323,1.9844,1.9423,1.911,1.8847,1.8592,1.8377,1.8201,1.8055,1.7947,1.7849,1.7713,1.7517,1.7263,1.696,1.6676,1.6413,1.6119,1.5836,1.5572,1.5327,1.5103,1.4888,1.4682,1.4477,1.4272,1.4096,1.3939,1.3822,1.3715,1.3587,1.347,1.3343,1.3187,1.3001,1.2805,1.26,1.2424,1.2307,1.2229,1.2239,1.2405,1.2776,1.3382,1.4252,1.5376,1.6696,1.8123,1.956,2.0929,2.218,2.3255,2.4106,2.4712,2.5132,2.5484,2.5748,2.5934,2.6061,2.6129,2.6129,2.609,2.6041,2.5973,2.5904,2.5806,2.565,2.5425,2.5103,2.4692,2.4203,2.3627,2.3001,2.2356,2.1672,2.1017,2.042,1.9912,1.9531,1.9257,1.9022,1.8856,1.8759,1.871,1.8651,1.8543,1.8426,1.828,1.8094,1.7898,1.7732,1.7556,1.7331,1.7077,1.6804,1.653,1.6246,1.5963,1.5718,1.5494,1.5269,1.5093,1.4927,1.4809,1.4731,1.4643,1.4565,1.4526,1.4506,1.4497,1.4497,1.4497,1.4497,1.4497,1.4497,1.4506,1.4536,1.4604,1.479,1.5171,1.5787,1.6637,1.7703,1.8905,2.0176,2.1437,2.26,2.35,2.4194,2.4858,2.5435,2.5924,2.6295,2.653,2.6667,2.6735,2.6764,2.6784,2.6755,2.6686,2.6598,2.65,2.6383,2.6217,2.5992,2.5689,2.5308,2.4868,2.4379,2.3871,2.3392,2.2952,2.261,2.2405,2.2317,2.2307,2.2356,2.2454,2.2571,2.2669,2.2717,2.2717,2.2669,2.2571,2.2434,2.2278,2.2092,2.1848,2.1544,2.1212,2.0841,2.042,2.002,1.9619,1.9208,1.8788,1.8387,1.8065,1.7781,1.7458,1.7126,1.6764,1.6383,1.6002,1.563,1.5269,1.4907,1.4575,1.4242,1.3939,1.3715,1.3587,1.3519,1.3558,1.3793,1.4301,1.5064,1.6051,1.7195,1.8407,1.9599,2.0704,2.1554,2.2209,2.2805,2.3275,2.3636,2.391,2.4086,2.4174,2.4213,2.4233,2.4242,2.4252,2.4252,2.4213,2.4125,2.3998,2.3793,2.347,2.303,2.2493,2.1848,2.1105,2.0342,1.9609,1.8905,1.8338,1.7898,1.7488,1.7116,1.6813,1.6549,1.6354,1.6217,1.6109,1.6002,1.5885,1.5748,1.5591,1.5445,1.5279,1.5181,1.5122,1.4985,1.479,1.4555,1.4311,1.4096,1.39,1.3705,1.3539,1.3421,1.3324,1.3226,1.3099,1.2962,1.2864,1.2757,1.263,1.2512,1.2424,1.2336,1.2278,1.2268,1.2317,1.2454,1.2698,1.3109,1.3734,1.4585,1.564,1.6852,1.8172,1.9541,2.087,2.2102,2.306,2.3803,2.4487,2.5064,2.5533,2.5894,2.6149,2.6305,2.6383,2.6393,2.6373,2.6344,2.6295,2.6217,2.6109,2.5963,2.5748,2.5425,2.4985,2.4448,2.3793,2.3069,2.2317,2.1593,2.0938,2.0401,1.9932,1.9462,1.9052,1.8719,1.8465,1.828,1.8152,1.8055,1.7967,1.7859,1.7693,1.7498,1.7331,1.7155,1.694,1.6725,1.6491,1.6246,1.6022,1.5777,1.5513,1.5269,1.5044,1.4809,1.4614,1.4448,1.4233,1.4018,1.3861,1.3744,1.3646,1.3548,1.3421,1.3275,1.3109,1.2972,1.2903,1.2903,1.2991,1.3275,1.3812,1.4643,1.5738,1.7048,1.8475,1.9922,2.132,2.259,2.3695,2.4506,2.5093,2.5601,2.6012,2.6344,2.6618,2.6833,2.697,2.7077,2.7165,2.7234,2.7243,2.7195,2.7097,2.696,2.6764,2.651,2.6168,2.5718,2.5191,2.4545,2.3812,2.3011,2.218,2.1378,2.0723,2.0205,1.9707,1.9277,1.8915,1.8651,1.8485,1.8348,1.8221,1.8094,1.7957,1.781,1.7664,1.7527,1.7351,1.7146,1.6921,1.6647,1.6344,1.6051,1.5758,1.5464,1.5181,1.4907,1.4663,1.4467,1.4301,1.4106,1.39,1.3695,1.3519,1.3392,1.3314,1.3304,1.3451,1.3793,1.436,1.5044,1.5855,1.6891,1.8074,1.9306,2.0518,2.1652,2.263,2.3451,2.4115,2.4604,2.4956,2.521,2.5337,2.5357,2.5337,2.5269,2.5161,2.5034,2.4888,2.4682,2.4418,2.4066,2.3627,2.3079,2.2522,2.1916,2.1173,2.0391,1.9619,1.8915,1.8328,1.7869,1.7517,1.7273,1.7107,1.6989,1.6891,1.6833,1.6784,1.6725,1.6637,1.65,1.6344,1.6197,1.6051,1.5904,1.5718,1.5484,1.522,1.5005,1.48,1.4594,1.4418,1.4252,1.4106,1.3978,1.3842,1.3695,1.3587,1.346,1.3294,1.3118,1.2991,1.2913,1.2835,1.2766,1.2688,1.262,1.2542,1.2473,1.2405,1.2326,1.2287,1.2326,1.2454,1.2737,1.3255,1.4057,1.5122,1.6432,1.7928,1.9511,2.1056,2.2649,2.4184,2.5455,2.652,2.7292,2.783,2.827,2.8592,2.8807,2.8935,2.8964,2.8895,2.8788,2.8651,2.8514,2.8368,2.8211,2.8035,2.783,2.7556,2.7165,2.6657,2.6031,2.5308,2.4526,2.3724,2.2913,2.2121,2.1408,2.086,2.043,2.0039,1.9707,1.9443,1.9238,1.9052,1.8847,1.8612,1.8416,1.824,1.8035,1.7879,1.7761,1.7605,1.739,1.7107,1.6764,1.6422,1.61,1.5777,1.5503,1.5288,1.5083,1.4858,1.4692,1.4545,1.436,1.4174,1.3998,1.3851,1.3724,1.3578,1.3412,1.3245,1.3128,1.303,1.3001,1.3099,1.3324,1.3744,1.4467,1.5425,1.6588,1.7928,1.9355,2.0782,2.2141,2.3343,2.4262,2.4956,2.5552,2.6002,2.6305,2.65,2.6618,2.6676,2.6686,2.6667,2.6637,2.6569,2.6442,2.6256,2.6031,2.5718,2.5308,2.4809,2.4233,2.3578,2.2835,2.2063,2.13,2.0596,1.9932,1.9384,1.8974,1.8641,1.8397,1.8231,1.8113,1.8016,1.7947,1.7889,1.782,1.7752,1.7634,1.7458,1.7292,1.7097,1.6804,1.6481,1.6188,1.5924,1.565,1.5396,1.5171,1.4946,1.4731,1.4555,1.4428,1.4321,1.4174,1.3978,1.3803,1.3675,1.3578,1.349,1.3402,1.3284,1.3148,1.304,1.2962,1.2962,1.3079,1.3353,1.3861,1.4663,1.5738,1.7058,1.8563,2.0196,2.1808,2.3314,2.4633,2.5582,2.6276,2.6872,2.7331,2.7674,2.7908,2.8025,2.8065,2.8045,2.7996,2.7928,2.7859,2.7781,2.7683,2.7537,2.7331,2.7028,2.6608,2.607,2.5425,2.4682,2.3861,2.304,2.2258,2.1535,2.0938,2.043,1.9922,1.9472,1.911,1.8837,1.8641,1.8514,1.8407,1.8319,1.8192,1.8016,1.781,1.7625,1.7458,1.7253,1.7038,1.6774,1.6471,1.6158,1.5846,1.5552,1.5308,1.5112,1.4936,1.4809,1.4702,1.4575,1.4438,1.4272,1.4066,1.3871,1.3695,1.3529,1.3363,1.3187,1.3001,1.2825,1.2717,1.2688,1.2747,1.3011,1.3519,1.4272,1.5269,1.6491,1.7879,1.9326,2.0753,2.2092,2.3148,2.3969,2.4712,2.5318,2.5777,2.61,2.6315,2.6461,2.654,2.654,2.65,2.6422,2.6285,2.61,2.5914,2.5738,2.5513,2.5191,2.4731,2.4154,2.348,2.2717,2.1926,2.1153,2.044,1.9873,1.9413,1.9003,1.8495,1.7967,1.7664,1.7498,1.741,1.7351,1.7283,1.7214,1.7097,1.6921,1.6764,1.6569,1.6295,1.6002,1.5728,1.5494,1.5298,1.5122,1.4956,1.48,1.4663,1.4575,1.4536,1.4477,1.437,1.4213,1.4008,1.3754,1.347,1.3236,1.3079,1.2962,1.2864,1.2776,1.2688,1.2649,1.2669,1.2717,1.2796,1.2972,1.3324,1.3959,1.4878,1.6002,1.7331,1.8778,2.0254,2.1486,2.2532,2.3568,2.4467,2.5191,2.5758,2.6197,2.65,2.6686,2.6774,2.6784,2.6735,2.6628,2.6481,2.6334,2.6178,2.5982,2.5777,2.5513,2.5171,2.4731,2.4174,2.349,2.2727,2.1926,2.1193,2.0557,1.9951,1.9423,1.8983,1.8651,1.8407,1.8211,1.8035,1.7889,1.7781,1.7654,1.7527,1.7429,1.7302,1.7165,1.6999,1.6794,1.6579,1.6334,1.6061,1.5777,1.5513,1.5308,1.5132,1.5005,1.4897,1.477,1.4594,1.4389,1.4213,1.4047,1.3881,1.3724,1.3568,1.3431,1.3304,1.3206,1.3118,1.3021,1.2933,1.2864,1.2854,1.2903,1.306,1.3451,1.4125,1.5073,1.6256,1.7634,1.8935,2.0156,2.1476,2.2757,2.3871,2.477,2.5474,2.6002,2.6393,2.6667,2.6843,2.697,2.7038,2.7028,2.6989,2.6931,2.6862,2.6755,2.6579,2.6364,2.6061,2.564,2.5103,2.4467,2.3734,2.3021,2.2336,2.1613,2.0919,2.0283,1.9717,1.9247,1.8856,1.8543,1.8319,1.8123,1.7947,1.783,1.7752,1.7674,1.7556,1.738,1.7185,1.697,1.6745,1.652,1.6295,1.6041,1.5767,1.5494,1.5298,1.5161,1.5015,1.4868,1.4721,1.4565,1.4409,1.4213,1.4008,1.3803,1.3587,1.3382,1.3245,1.3138,1.303,1.2933,1.2805,1.2669,1.2561,1.2532,1.2649,1.2933,1.346,1.4282,1.5347,1.6413,1.7556,1.8954,2.0401,2.1789,2.306,2.4154,2.5073,2.5797,2.6354,2.6745,2.7019,2.7155,2.7185,2.7204,2.7214,2.7195,2.7146,2.7087,2.7019,2.6921,2.6784,2.6559,2.6237,2.5806,2.5337,2.4839,2.4223,2.3509,2.2737,2.1926,2.1114,2.0362,1.9697,1.914,1.869,1.8348,1.8123,1.7947,1.781,1.7703,1.7615,1.7527,1.741,1.7234,1.7028,1.6813,1.6549,1.6246,1.5924,1.565,1.5415,1.5181,1.4985,1.4809,1.4653,1.4497,1.4321,1.4115,1.3812,1.3431,1.3109,1.2913,1.2747,1.2581,1.2414,1.2209,1.1984,1.1789,1.1642,1.1535,1.1496,1.1623,1.1955,1.2434,1.3118,1.4086,1.5318,1.6764,1.8299,1.9863,2.1369,2.2766,2.3988,2.4956,2.5689,2.6227,2.6559,2.6745,2.6872,2.6979,2.7077,2.7165,2.7234,2.7243,2.7204,2.7107,2.6931,2.6676,2.6344,2.5943,2.5455,2.4848,2.4154,2.3392,2.2571,2.1701,2.085,2.0068,1.9365,1.8768,1.828,1.7957,1.7771,1.7634,1.7527,1.7429,1.7341,1.7253,1.7146,1.6989,1.6794,1.6569,1.6325,1.6119,1.5914,1.567,1.5396,1.5112,1.4848,1.4614,1.4389,1.4154,1.393,1.3715,1.348,1.3265,1.3118,1.3001,1.2854,1.2698,1.2532,1.2366,1.218,1.2004,1.1838,1.1672,1.1544,1.1437,1.1408,1.1515,1.1818,1.2366,1.3187,1.4282,1.564,1.7214,1.8895,2.0577,2.2121,2.348,2.4614,2.5415,2.5982,2.654,2.696,2.7195,2.7351,2.7429,2.7429,2.738,2.7322,2.7224,2.7077,2.6872,2.6647,2.6364,2.5992,2.5562,2.5034,2.437,2.3646,2.2884,2.2072,2.1261,2.0547,1.9922,1.9443,1.9071,1.8759,1.8524,1.8319,1.8133,1.7957,1.781,1.7703,1.7605,1.7488,1.7331,1.7165,1.6979,1.6725,1.6403,1.6061,1.5738,1.5455,1.521,1.5005,1.4819,1.4663,1.4516,1.436,1.4242,1.4145,1.3988,1.3763,1.3529,1.3304,1.3089,1.2903,1.2727,1.2571,1.2454,1.2356,1.2307,1.2297,1.2317,1.2414,1.2649,1.3118,1.3871,1.4917,1.6207,1.7683,1.9277,2.087,2.2356,2.3529,2.4457,2.5298,2.6002,2.6588,2.7048,2.7361,2.7556,2.7683,2.7722,2.7693,2.7664,2.7605,2.7517,2.7429,2.7302,2.7067,2.6725,2.6266,2.5699,2.5034,2.4272,2.3451,2.262,2.1808,2.1114,2.0518,1.9971,1.9501,1.912,1.8827,1.8602,1.8426,1.827,1.8113,1.7947,1.781,1.7703,1.7566,1.737,1.7126,1.6862,1.6559,1.6237,1.5914,1.5582,1.5298,1.5024,1.478,1.4575,1.4438,1.4321,1.4164,1.3959,1.3754,1.3529,1.3333,1.3187,1.303,1.2874,1.2708,1.2561,1.2493,1.2414,1.2287,1.219,1.2141,1.2219,1.2522,1.3138,1.4047,1.5259,1.6735,1.8368,1.9834,2.1173,2.259,2.392,2.5044,2.5953,2.6696,2.7234,2.7595,2.784,2.7977,2.8045,2.8084,2.8065,2.7996,2.7908,2.7801,2.7713,2.7615,2.7468,2.7243,2.6901,2.6432,2.5836,2.5132,2.4448,2.3763,2.3021,2.2287,2.1603,2.0978,2.0411,1.9941,1.955,1.9247,1.9022,1.8827,1.8661,1.8514,1.8407,1.828,1.8104,1.7859,1.7566,1.7273,1.697,1.6686,1.6432,1.6197,1.5963,1.5787,1.566,1.5484,1.5279,1.5103,1.4936,1.4741,1.4536,1.4311,1.4086,1.3881,1.3705,1.3578,1.3519,1.349,1.3451,1.3412,1.3353,1.3314,1.3304,1.3382,1.3607,1.4057,1.4761,1.5718,1.6745,1.7879,1.9257,2.0723,2.216,2.347,2.4594,2.5543,2.6315,2.695,2.7458,2.784,2.8133,2.828,2.8309,2.8289,2.8201,2.8084,2.7928,2.7771,2.7625,2.7429,2.7185,2.6833,2.6373,2.5894,2.5376,2.4741,2.4037,2.3324,2.263,2.1945,2.1281,2.0674,2.0088,1.9629,1.9345,1.9081,1.8876,1.8719,1.8563,1.8416,1.827,1.8094,1.7898,1.7683,1.7458,1.7214,1.6921,1.6588,1.6295,1.6031,1.5748,1.5455,1.5171,1.4936,1.4721,1.4506,1.4301,1.4086,1.3861,1.3695,1.3578,1.3519,1.349,1.3431,1.3343,1.3206,1.3021,1.2835,1.2688,1.2581,1.2522,1.261,1.2923,1.3382,1.4027,1.5005,1.6295,1.781,1.9453,2.1075,2.2571,2.3861,2.4907,2.5738,2.6373,2.6843,2.7136,2.7322,2.7468,2.7566,2.7615,2.7634,2.7644,2.7634,2.7595,2.7498,2.7331,2.7097,2.6813,2.6481,2.6051,2.5533,2.4927,2.4223,2.346,2.2659,2.1857,2.1124,2.0489,1.9961,1.9521,1.9189,1.8954,1.8759,1.8583,1.8436,1.8309,1.8152,1.7967,1.7752,1.7537,1.7312,1.7067,1.6852,1.6667,1.6422,1.6168,1.5963,1.5787,1.5621,1.5425,1.522,1.5034,1.4868,1.4712,1.4594,1.4497,1.437,1.4233,1.4086,1.3939,1.3793,1.3666,1.3539,1.3402,1.3236,1.3079,1.2962,1.2923,1.2981,1.3177,1.3597,1.4282,1.5249,1.6452,1.7849,1.9365,2.086,2.2248,2.349,2.4604,2.5415,2.5953,2.6442,2.6843,2.7136,2.7341,2.7478,2.7566,2.7615,2.7615,2.7586,2.7527,2.7419,2.7253,2.7019,2.6676,2.6207,2.565,2.5024,2.4311,2.3539,2.2737,2.1838,2.0958,2.0323,1.9844,1.9423,1.9071,1.8788,1.8583,1.8426,1.8289,1.8152,1.8035,1.7937,1.782,1.7654,1.7507,1.7341,1.7097,1.6804,1.651,1.6256,1.6041,1.5865,1.5709,1.5552,1.5406,1.5249,1.5093,1.4946,1.477,1.4594,1.4438,1.4252,1.4037,1.3822,1.3607,1.3392,1.3196,1.304,1.2933,1.2874,1.2864,1.2893,1.305,1.3382,1.392,1.4702,1.5728,1.696,1.8319,1.9746,2.1163,2.2336,2.3275,2.4164,2.4966,2.565,2.6188,2.6579,2.6862,2.7077,2.7234,2.7331,2.7361,2.7331,2.7224,2.7077,2.6921,2.6735,2.65,2.6188,2.5787,2.5298,2.4741,2.4106,2.3412,2.2698,2.2072,2.1515,2.0948,2.0459,2.0049,1.9707,1.9394,1.911,1.8886,1.87,1.8514,1.8319,1.8113,1.7947,1.7791,1.7605,1.741,1.7204,1.6999,1.6784,1.6549,1.6315,1.609,1.5855,1.5611,1.5415,1.523,1.5015,1.477,1.4555,1.4418,1.4272,1.4135,1.3988,1.3851,1.3705,1.3568,1.3421,1.3314,1.3245,1.3177,1.3109,1.3069,1.3138,1.3372,1.3842,1.4585,1.5591,1.6823,1.8182,1.9413,2.0538,2.176,2.2933,2.3978,2.4878,2.5591,2.6109,2.6452,2.6657,2.6764,2.6813,2.6843,2.6823,2.6774,2.6755,2.6725,2.6676,2.6608,2.651,2.6315,2.6002,2.5562,2.5024,2.4409,2.3783,2.3148,2.2444,2.1701,2.0978,2.0313,1.9726,1.9247,1.8847,1.8534,1.8309,1.8143,1.8025,1.7937,1.782,1.7654,1.7468,1.7273,1.7067,1.6852,1.6647,1.6432,1.6197,1.5982,1.5767,1.5591,1.5425,1.52,1.4946,1.4682,1.4438,1.4233,1.4027,1.3832,1.3646,1.346,1.3304,1.3206,1.3138,1.303,1.2923,1.2835,1.2757,1.2678,1.2639,1.2708,1.2962,1.3441,1.4194,1.522,1.6285,1.74,1.8719,2.0098,2.1447,2.2688,2.3754,2.4604,2.5288,2.5826,2.6227,2.6491,2.6628,2.6676,2.6706,2.6716,2.6706,2.6667,2.6608,2.651,2.6354,2.6129,2.5826,2.5425,2.4927,2.4409,2.3832,2.3138,2.2405,2.1681,2.1017,2.0313,1.9736,1.9355,1.9003,1.87,1.8465,1.8289,1.8152,1.8035,1.7937,1.7859,1.7752,1.7586,1.74,1.7204,1.696,1.6657,1.6334,1.6031,1.5806,1.5621,1.5406,1.5191,1.5005,1.479,1.4575,1.4399,1.4233,1.4086,1.3939,1.3793,1.3685,1.3607,1.35,1.3372,1.3275,1.3177,1.305,1.2933,1.2845,1.2786,1.2825,1.304,1.35,1.4125,1.4936,1.6061,1.739,1.8817,2.0244,2.1574,2.2737,2.3715,2.4487,2.5083,2.5543,2.5846,2.6031,2.6178,2.6285,2.6344,2.6354,2.6344,2.6295,2.6217,2.609,2.5885,2.5591,2.521,2.48,2.435,2.3763,2.3079,2.2346,2.1584,2.0841,2.0166,1.9599,1.9159,1.8827,1.8612,1.8485,1.8397,1.8299,1.8182,1.8074,1.7967,1.7859,1.7742,1.7576,1.738,1.7136,1.6843,1.651,1.6217,1.6002,1.5806,1.5621,1.5455,1.5298,1.5152,1.5005,1.4858,1.4712,1.4575,1.4428,1.4301,1.4154,1.3969,1.3793,1.3627,1.3509,1.3412,1.3333,1.3255,1.3177,1.3128,1.3138,1.3265,1.3509,1.392,1.4565,1.5464,1.6588,1.7898,1.9326,2.0733,2.2063,2.3441,2.4545,2.5239,2.5767,2.6158,2.651,2.6794,2.7009,2.7155,2.7224,2.7243,2.7195,2.7097,2.696,2.6784,2.6569,2.6325,2.6022,2.564,2.5161,2.4585,2.392,2.3196,2.2434,2.1701,2.1026,2.044,1.9971,1.9629,1.9365,1.915,1.8964,1.8798,1.8651,1.8485,1.8299,1.8113,1.7937,1.7742,1.7537,1.7322,1.7146,1.697,1.6755,1.6491,1.6246,1.6051,1.5836,1.563,1.5425,1.521,1.5034,1.4878,1.4741,1.4604,1.4428,1.4233,1.4008,1.3793,1.3607,1.346,1.3372,1.3314,1.3245,1.3177,1.3138,1.3138,1.3324,1.3597,1.393,1.4555,1.5865,1.7253,1.8719,2.0557,2.2121,2.3421,2.4282,2.4946,2.563,2.6178,2.652,2.6784,2.7019,2.7155,2.7224,2.7263,2.7263,2.7243,2.7146,2.695,2.6745,2.65,2.6178,2.5787,2.5327,2.479,2.4184,2.349,2.2747,2.2033,2.1359,2.0782,2.0323,1.9892,1.9511,1.9179,1.8905,1.87,1.8524,1.8348,1.8152,1.7957,1.7752,1.7576,1.7419,1.7234,1.7028,1.6823,1.6608,1.6373,1.6119,1.5846,1.5572,1.5288,1.5024,1.478,1.4604,1.4477,1.4311,1.4125,1.3959,1.3803,1.3666,1.3568,1.348,1.3402,1.3304,1.3167,1.305,1.2942,1.2815,1.2708,1.2678,1.2805,1.3138,1.3715,1.4575,1.5718,1.7077,1.8543,2.002,2.1261,2.2317,2.3363,2.4291,2.5054,2.565,2.607,2.6344,2.651,2.6598,2.6637,2.6657,2.6637,2.6579,2.651,2.6442,2.6373,2.6276,2.6129,2.5924,2.5621,2.52,2.4692,2.4086,2.3363,2.2669,2.2004,2.129,2.0596,1.998,1.9472,1.9071,1.8768,1.8553,1.8377,1.824,1.8143,1.8074,1.8025,1.7947,1.783,1.7634,1.737,1.7067,1.6764,1.65,1.6285,1.6109,1.5953,1.5797,1.565,1.5523,1.5357,1.5181,1.4985,1.479,1.4624,1.4448,1.4252,1.4096,1.3949,1.3803,1.3705,1.3597,1.3451,1.3294,1.3148,1.3021,1.2942,1.2933,1.306,1.3382,1.391,1.4673,1.566,1.6647,1.7674,1.8856,2.0078,2.129,2.2414,2.3392,2.4203,2.4839,2.5347,2.5728,2.6002,2.6158,2.6237,2.6295,2.6305,2.6276,2.6227,2.6168,2.607,2.5904,2.566,2.5298,2.4858,2.4321,2.3744,2.3157,2.2493,2.1799,2.1134,2.0538,2,1.955,1.9179,1.8886,1.868,1.8504,1.8368,1.827,1.8192,1.8113,1.8006,1.7859,1.7683,1.7498,1.7283,1.7058,1.6813,1.6559,1.6364,1.6217,1.6061,1.5885,1.5689,1.5494,1.5279,1.5073,1.4868,1.4663,1.4477,1.4291,1.4125,1.4047,1.4008,1.3949,1.3891,1.3822,1.3763,1.3666,1.3548,1.3451,1.3372,1.3304,1.3265,1.3314,1.349,1.3861,1.4477,1.5337,1.6403,1.7634,1.8964,2.0303,2.1554,2.2678,2.3646,2.4428,2.4985,2.5396,2.5767,2.6061,2.6237,2.6305,2.6305,2.6256,2.6188,2.608,2.5934,2.5758,2.5572,2.5357,2.5083,2.4731,2.4301,2.3793,2.3187,2.2512,2.1808,2.1124,2.0499,1.9951,1.9492,1.915,1.8905,1.8719,1.8592,1.8534,1.8485,1.8407,1.8299,1.8182,1.8045,1.7859,1.7634,1.7419,1.7214,1.6979,1.6706,1.6442,1.6227,1.6051,1.5894,1.5748,1.5591,1.5415,1.5239,1.5083,1.4976,1.4888,1.4741,1.4575,1.4418,1.4262,1.4096,1.3959,1.3861,1.3783,1.3705,1.3636,1.3597,1.3578,1.3539,1.35,1.3519,1.3675,1.4057,1.4682,1.5562,1.6667,1.7937,1.9286,2.0616,2.1711,2.2639,2.3558,2.4389,2.5083,2.563,2.6022,2.6266,2.6413,2.6481,2.652,2.654,2.651,2.6442,2.6373,2.6276,2.6129,2.61,2.6061,2.5767,2.5337,2.479,2.4154,2.346,2.2708,2.2043,2.1457,2.086,2.0293,1.9785,1.9384,1.9091,1.8876,1.8719,1.8602,1.8485,1.8377,1.8309,1.825,1.8172,1.8045,1.7849,1.7586,1.7273,1.694,1.6608,1.6334,1.6129,1.5953,1.5787,1.567,1.5543,1.5367,1.521,1.5024,1.4819,1.4643,1.4477,1.433,1.4184,1.4037,1.3891,1.3783,1.3705,1.3597,1.347,1.3372,1.3304,1.3304,1.3431,1.3783,1.4428,1.5357,1.65,1.784,1.9091,2.0274,2.1593,2.2884,2.4076,2.5103,2.5943,2.6618,2.7116,2.7458,2.7683,2.782,2.7849,2.783,2.782,2.7791,2.7722,2.7595,2.7429,2.7195,2.6882,2.6491,2.6022,2.5494,2.4907,2.4321,2.3724,2.303,2.2297,2.1584,2.0958,2.044,2.002,1.9707,1.9472,1.9267,1.9052,1.8876,1.8719,1.8534,1.8348,1.8182,1.8016,1.782,1.7644,1.7488,1.7302,1.7077,1.6804,1.6559,1.6344,1.6129,1.5953,1.5777,1.5572,1.5376,1.5171,1.4946,1.4721,1.4487,1.4262,1.4076,1.3949,1.3861,1.3783,1.3675,1.3548,1.3441,1.3353,1.3294,1.3304,1.3412,1.3685,1.4184,1.4809,1.5601,1.6647,1.7889,1.9257,2.0645,2.1994,2.3236,2.4321,2.5249,2.6002,2.6579,2.697,2.7185,2.7273,2.7322,2.7312,2.7253,2.7185,2.7116,2.7038,2.6931,2.6764,2.654,2.6227,2.5855,2.5415,2.4868,2.4194,2.3441,2.2669,2.1877,2.1144,2.0479,1.9902,1.9413,1.9003,1.869,1.8475,1.8338,1.8231,1.8143,1.8084,1.8035,1.7977,1.7889,1.7752,1.7576,1.7341,1.7048,1.6774,1.651,1.6237,1.5973,1.5709,1.5455,1.52,1.4956,1.4751,1.4575,1.4409,1.4252,1.4106,1.3998,1.39,1.3763,1.3627,1.3519,1.3431,1.3314,1.3187,1.3079,1.2991,1.2933,1.2972,1.3157,1.3519,1.4154,1.5073,1.6237,1.7595,1.9052,2.0528,2.1916,2.3138,2.4145,2.4936,2.5552,2.5973,2.6276,2.6549,2.6755,2.6901,2.7009,2.7058,2.7048,2.6989,2.6872,2.6706,2.651,2.6285,2.5992,2.5611,2.5132,2.4545,2.3871,2.3138,2.2366,2.1623,2.0938,2.0342,1.9844,1.9433,1.914,1.8935,1.8759,1.8622,1.8495,1.8377,1.8289,1.8192,1.8055,1.7879,1.7674,1.737,1.7048,1.6813,1.6588,1.6373,1.6158,1.5924,1.5679,1.5425,1.5191,1.5005,1.4839,1.4682,1.4536,1.4428,1.433,1.4213,1.4047,1.3851,1.3685,1.3509,1.3353,1.3236,1.3109,1.2972,1.2864,1.2825,1.2923,1.3128,1.3519,1.4184,1.5112,1.6256,1.7586,1.9013,2.0411,2.1701,2.2854,2.3851,2.4565,2.5064,2.5513,2.5885,2.6158,2.6344,2.6442,2.6452,2.6403,2.6285,2.6119,2.5934,2.5709,2.5435,2.5103,2.4721,2.4272,2.3724,2.3089,2.2395,2.1652,2.0938,2.0293,1.9717,1.9247,1.8905,1.8641,1.8416,1.8231,1.8074,1.7937,1.784,1.7752,1.7654,1.7517,1.7341,1.7146,1.697,1.6813,1.6628,1.6422,1.6217,1.5982,1.5728,1.5484,1.5298,1.5132,1.4976,1.4819,1.4712,1.4614,1.4457,1.4262,1.4057,1.3822,1.3617,1.348,1.3372,1.3284,1.3226,1.3177,1.3148,1.3187,1.3265,1.3372,1.3568,1.3939,1.4555,1.5445,1.6549,1.784,1.9267,2.0684,2.2023,2.3109,2.3969,2.478,2.5464,2.6002,2.6393,2.6647,2.6794,2.6862,2.6882,2.6852,2.6804,2.6706,2.6549,2.6364,2.6158,2.5914,2.5591,2.52,2.4731,2.4174,2.3509,2.2805,2.2092,2.1388,2.0802,2.0332,1.9892,1.9511,1.9198,1.8954,1.8778,1.8651,1.8534,1.8397,1.826,1.8123,1.7996,1.7898,1.7781,1.7615,1.7429,1.7224,1.7009,1.6774,1.654,1.6276,1.6002,1.5738,1.5474,1.5269,1.5093,1.4917,1.4741,1.4545,1.436,1.4194,1.4037,1.3871,1.3675,1.3509,1.3382,1.3255,1.3148,1.3099,1.3069,1.3148,1.3421,1.3959,1.4751,1.5797,1.7058,1.8436,1.9883,2.1329,2.2522,2.35,2.4457,2.5318,2.6022,2.6569,2.697,2.7204,2.7322,2.7341,2.7283,2.7175,2.7067,2.696,2.6852,2.6764,2.6686,2.6579,2.6373,2.6061,2.5611,2.5044,2.436,2.3587,2.2786,2.2102,2.1505,2.0899,2.0342,1.9863,1.9462,1.915,1.8925,1.8739,1.8573,1.8416,1.827,1.8113,1.7957,1.781,1.7634,1.7439,1.7234,1.6979,1.6676,1.6344,1.6031,1.5748,1.5494,1.5298,1.5171,1.5064,1.4927,1.4741,1.4526,1.4291,1.4066,1.3861,1.3685,1.3548,1.3441,1.3333,1.3206,1.3109,1.304,1.2991,1.3001,1.3128,1.3421,1.3978,1.4858,1.5982,1.7292,1.8739,2.0196,2.1427,2.2502,2.3587,2.4555,2.5367,2.6012,2.65,2.6852,2.7107,2.7292,2.74,2.7458,2.7488,2.7458,2.741,2.7351,2.7243,2.7097,2.6901,2.6618,2.6237,2.5728,2.5112,2.4418,2.3646,2.2923,2.2268,2.1593,2.0948,2.0342,1.9824,1.9394,1.9032,1.8729,1.8485,1.8289,1.8094,1.7928,1.7791,1.7634,1.7439,1.7234,1.7019,1.6804,1.6569,1.6325,1.6051,1.5748,1.5464,1.52,1.4976,1.479,1.4585,1.4389,1.4223,1.4066,1.3871,1.3666,1.347,1.3304,1.3177,1.304,1.2942,1.2893,1.2786,1.2659,1.2561,1.2473,1.2454,1.261,1.3021,1.3695,1.4682,1.5943,1.74,1.8759,2.0029,2.1398,2.2708,2.3861,2.4839,2.564,2.6246,2.6676,2.696,2.7126,2.7204,2.7204,2.7155,2.7077,2.6979,2.6891,2.6813,2.6716,2.6579,2.6383,2.608,2.564,2.5064,2.4389,2.3724,2.306,2.2356,2.1672,2.1007,2.0391,1.9863,1.9413,1.9042,1.871,1.8436,1.8192,1.7977,1.7801,1.7595,1.739,1.7175,1.696,1.6735,1.65,1.6237,1.5953,1.5699,1.5484,1.5259,1.5093,1.4976,1.4839,1.4702,1.4545,1.435,1.4125,1.3871,1.3597,1.3324,1.3079,1.2845,1.2688,1.261,1.2542,1.2463,1.2395,1.2336,1.2326,1.2375,1.2532,1.2835,1.3353,1.4125,1.5122,1.6149,1.7253,1.8553,1.9922,2.1271,2.2532,2.3617,2.4497,2.521,2.5767,2.6178,2.6471,2.6657,2.6755,2.6804,2.6804,2.6774,2.6696,2.6569,2.6393,2.6197,2.5953,2.5611,2.5161,2.4624,2.4076,2.347,2.2747,2.2023,2.1329,2.0665,2.0078,1.958,1.9169,1.8817,1.8524,1.8309,1.8143,1.8006,1.7869,1.7722,1.7556,1.737,1.7165,1.695,1.6735,1.651,1.6295,1.607,1.5855,1.567,1.5523,1.5337,1.5103,1.4839,1.4575,1.435,1.4164,1.3998,1.3842,1.3685,1.3539,1.3431,1.3314,1.3187,1.3089,1.3001,1.2884,1.2747,1.2639,1.2551,1.2522,1.262,1.2874,1.3372,1.4027,1.4848,1.5934,1.7234,1.8671,2.0127,2.1515,2.2786,2.3881,2.479,2.5543,2.6119,2.6481,2.6696,2.6843,2.6901,2.6891,2.6852,2.6794,2.6725,2.6657,2.6549,2.6383,2.6158,2.5865,2.5513,2.5064,2.4516,2.3861,2.3128,2.2366,2.1623,2.0938,2.0342,1.9844,1.9433,1.9101,1.8866,1.869,1.8534,1.8397,1.828,1.8143,1.8025,1.7928,1.7849,1.7732,1.7566,1.7341,1.7097,1.6852,1.6549,1.6217,1.5904,1.564,1.5415,1.523,1.5064,1.4878,1.4673,1.4497,1.4321,1.4154,1.4018,1.3881,1.3734,1.3587,1.346,1.3363,1.3284,1.3206,1.3128,1.3069,1.3079,1.3177,1.3402,1.3842,1.4516,1.5435,1.6579,1.7908,1.9316,2.0694,2.2023,2.3245,2.4311,2.522,2.5914,2.6422,2.6862,2.7204,2.7449,2.7595,2.7625,2.7566,2.7468,2.7341,2.7204,2.7067,2.6911,2.6706,2.6442,2.609,2.5621,2.5044,2.4389,2.3685,2.2952,2.2219,2.1515,2.085,2.0244,1.9765,1.9374,1.9042,1.8778,1.8612,1.8495,1.8377,1.827,1.8143,1.7986,1.7801,1.7586,1.737,1.7155,1.6882,1.6579,1.6266,1.5982,1.5748,1.5523,1.5318,1.5132,1.4927,1.4731,1.4565,1.4448,1.435,1.4223,1.4086,1.391,1.3695,1.348,1.3265,1.305,1.2835,1.262,1.2434,1.2346,1.2356,1.2502,1.2854,1.3441,1.4282,1.5357,1.6647,1.8074,1.955,2.1007,2.2395,2.3627,2.4555,2.5269,2.5943,2.6471,2.6843,2.7107,2.7273,2.7361,2.74,2.7419,2.7429,2.7439,2.74,2.7312,2.7175,2.6979,2.6706,2.6295,2.5748,2.5112,2.4389,2.3597,2.2786,2.2014,2.13,2.0704,2.0215,1.9726,1.9306,1.8964,1.87,1.8504,1.8309,1.8123,1.7977,1.784,1.7664,1.7498,1.7341,1.7155,1.695,1.6745,1.651,1.6246,1.5973,1.5709,1.5455,1.52,1.4966,1.4721,1.4526,1.437,1.4184,1.3998,1.3832,1.3656,1.348,1.3343,1.3196,1.303,1.2874,1.2708,1.259,1.2532,1.2463,1.2414,1.2463,1.2708,1.3167,1.3871,1.4819,1.5982,1.7322,1.8778,2.0225,2.1437,2.2483,2.3529,2.4467,2.5269,2.5924,2.6413,2.6745,2.695,2.7048,2.7077,2.7077,2.7028,2.6931,2.6843,2.6764,2.6647,2.6461,2.6207,2.5865,2.5406,2.4848,2.4223,2.3509,2.2825,2.218,2.1476,2.0792,2.0166,1.958,1.9091,1.87,1.8377,1.8143,1.7986,1.784,1.7674,1.7556,1.7449,1.7283,1.7087,1.6882,1.6676,1.65,1.6305,1.6051,1.5787,1.5533,1.5318,1.5171,1.5064,1.4907,1.4721,1.4555,1.437,1.4174,1.3969,1.3744,1.3529,1.3333,1.3167,1.303,1.2962,1.2923,1.2874,1.2805,1.2737,1.2669,1.262,1.2669,1.2864,1.3265,1.392,1.4819,1.5777,1.6833,1.8113,1.9492,2.087,2.2141,2.3245,2.4145,2.4839,2.5367,2.5748,2.6012,2.6178,2.6266,2.6295,2.6285,2.6246,2.6188,2.6129,2.6031,2.5875,2.566,2.5337,2.4917,2.4409,2.3891,2.3314,2.262,2.1887,2.1173,2.0518,1.9922,1.9394,1.8964,1.8622,1.8368,1.8182,1.8055,1.7957,1.784,1.7713,1.7576,1.741,1.7214,1.7019,1.6813,1.6608,1.6393,1.6168,1.5914,1.5718,1.5562,1.5386,1.5191,1.4985,1.48,1.4633,1.4477,1.4291,1.4096,1.391,1.3744,1.3627,1.3568,1.3539,1.349,1.3431,1.3353,1.3245,1.3118,1.2981,1.2864,1.2805,1.2864,1.3099,1.347,1.3988,1.479,1.5855,1.7126,1.8514,1.9922,2.1281,2.2512,2.3587,2.4457,2.5122,2.5591,2.5885,2.6061,2.6207,2.6315,2.6403,2.6461,2.6471,2.6442,2.6393,2.6334,2.6237,2.6061,2.5836,2.5513,2.5073,2.4516,2.3842,2.3099,2.2336,2.1574,2.0841,2.0196,1.9658,1.9228,1.8915,1.87,1.8543,1.8407,1.8289,1.8182,1.8094,1.8016,1.7928,1.7791,1.7605,1.7351,1.7048,1.6794,1.6559,1.6305,1.609,1.5914,1.5748,1.5601,1.5455,1.5308,1.5171,1.5015,1.4809,1.4565,1.436,1.4184,1.3988,1.3822,1.3705,1.3607,1.3529,1.347,1.3421,1.3363,1.3304,1.3255,1.3265,1.3372,1.3617,1.4057,1.4731,1.565,1.6774,1.8074,1.9472,2.086,2.217,2.3343,2.435,2.5103,2.567,2.6188,2.6588,2.6872,2.7048,2.7136,2.7185,2.7185,2.7155,2.7087,2.6979,2.6862,2.6716,2.653,2.6295,2.5992,2.5591,2.5093,2.4506,2.3832,2.3089,2.2336,2.1574,2.0929,2.0411,1.9922,1.9501,1.9169,1.8915,1.8719,1.8553,1.8397,1.8231,1.8045,1.7849,1.7644,1.7478,1.7322,1.7136,1.694,1.6735,1.653,1.6305,1.607,1.5846,1.5611,1.5386,1.521,1.5064,1.4927,1.477,1.4604,1.4409,1.4223,1.4066,1.39,1.3744,1.3627,1.3519,1.3392,1.3275,1.3206,1.3157,1.3118,1.3128,1.3265,1.3597,1.4213,1.5122,1.6266,1.7625,1.9101,2.0557,2.1769,2.2805,2.3832,2.4731,2.5494,2.609,2.6549,2.6882,2.7126,2.7312,2.7478,2.7615,2.7703,2.7693,2.7595,2.7458,2.7263,2.7028,2.6745,2.6413,2.6012,2.5523,2.4956,2.433,2.3617,2.2942,2.2297,2.1574,2.0841,2.0147,1.955,1.9071,1.871,1.8436,1.825,1.8123,1.8025,1.7918,1.781,1.7693,1.7527,1.7331,1.7126,1.6901,1.6657,1.6393,1.61,1.5826,1.5582,1.5337,1.5142,1.5005,1.4848,1.4663,1.4477,1.4311,1.4145,1.3949,1.3783,1.3627,1.348,1.3363,1.3236,1.3138,1.3089,1.2991,1.2874,1.2776,1.2727,1.2796,1.304,1.3539,1.433,1.5376,1.6598,1.7761,1.8895,2.0166,2.1466,2.2727,2.3861,2.48,2.5562,2.6158,2.6579,2.6843,2.6999,2.7038,2.6979,2.6921,2.6891,2.6872,2.6843,2.6794,2.6716,2.6569,2.6325,2.5943,2.5464,2.4907,2.434,2.3734,2.3011,2.2278,2.1554,2.087,2.0254,1.9717,1.9267,1.8895,1.8583,1.8338,1.8162,1.8065,1.7996,1.7928,1.784,1.7703,1.7527,1.7312,1.7048,1.6735,1.6393,1.6061,1.5777,1.5562,1.5396,1.5239,1.5093,1.4946,1.48,1.4624,1.4428,1.4242,1.4037,1.3832,1.3656,1.3529,1.346,1.3431,1.3343,1.3226,1.3099,1.2923,1.2766,1.2649,1.2581,1.261,1.2845,1.3304,1.3871,1.4585,1.5572,1.6784,1.8143,1.9541,2.088,2.2131,2.3216,2.4125,2.4848,2.5406,2.5826,2.609,2.6256,2.6393,2.65,2.6588,2.6637,2.6618,2.6559,2.6442,2.6256,2.6002,2.5679,2.5318,2.4907,2.4379,2.3734,2.3011,2.2258,2.1505,2.0802,2.0186,1.9648,1.9198,1.8847,1.8592,1.8416,1.826,1.8123,1.8006,1.7859,1.7674,1.7507,1.7361,1.7175,1.6979,1.6774,1.6559,1.6364,1.6158,1.5914,1.566,1.5425,1.52,1.4995,1.479,1.4575,1.4399,1.4242,1.4086,1.3978,1.3891,1.3773,1.3656,1.3568,1.348,1.3402,1.3324,1.3255,1.3148,1.3021,1.2923,1.2854,1.2854,1.2962,1.3216,1.3666,1.436,1.5298,1.6452,1.7761,1.915,2.0528,2.1828,2.3001,2.3871,2.4506,2.5073,2.5533,2.5875,2.61,2.6246,2.6276,2.6207,2.6139,2.607,2.6002,2.5894,2.5738,2.5533,2.5249,2.4897,2.4477,2.3949,2.3314,2.261,2.1867,2.1144,2.0489,1.9892,1.9423,1.9062,1.8759,1.8514,1.8338,1.824,1.8172,1.8084,1.7986,1.7889,1.7752,1.7576,1.739,1.7224,1.7048,1.6804,1.652,1.6237,1.5973,1.5738,1.5533,1.5357,1.52,1.5054,1.4907,1.48,1.4673,1.4506,1.435,1.4203,1.4057,1.393,1.3822,1.3715,1.3617,1.3539,1.346,1.3392,1.3353,1.3333,1.3294,1.3275,1.3314,1.346,1.3812,1.4448,1.5347,1.6481,1.782,1.9267,2.0538,2.1681,2.2854,2.391,2.4829,2.5611,2.6227,2.6696,2.7038,2.7253,2.738,2.7449,2.7458,2.74,2.7283,2.7155,2.7019,2.6882,2.6725,2.652,2.6237,2.5836,2.5318,2.4721,2.4057,2.3402,2.2776,2.2131,2.1486,2.087,2.0313,1.9844,1.9443,1.914,1.8925,1.8739,1.8583,1.8426,1.8299,1.8162,1.7996,1.781,1.7605,1.74,1.7195,1.696,1.6706,1.6442,1.6168,1.5924,1.5767,1.565,1.5523,1.5386,1.5249,1.5112,1.4976,1.48,1.4604,1.4418,1.4223,1.4037,1.3851,1.3705,1.3578,1.3431,1.3284,1.3157,1.306,1.3011,1.3079,1.3304,1.3734,1.4409,1.5327,1.6295,1.7361,1.8651,2.0029,2.1408,2.2698,2.3851,2.4839,2.563,2.6237,2.6676,2.6989,2.7165,2.7234,2.7273,2.7292,2.7302,2.7283,2.7224,2.7126,2.6999,2.6852,2.6657,2.6383,2.5992,2.5552,2.5054,2.4428,2.3715,2.2952,2.218,2.1447,2.0782,2.0196,1.9717,1.9316,1.8974,1.871,1.8534,1.8368,1.8221,1.8094,1.7996,1.7908,1.7801,1.7634,1.7449,1.7253,1.7009,1.6716,1.6442,1.6188,1.5894,1.5611,1.5327,1.5044,1.48,1.4585,1.4379,1.4184,1.4018,1.3861,1.3754,1.3656,1.3539,1.3392,1.3236,1.3079,1.2952,1.2854,1.2766,1.2688,1.263,1.2639,1.2786,1.3069,1.3548,1.4311,1.5367,1.6647,1.8084,1.9589,2.1065,2.2434,2.3666,2.4712,2.5513,2.6031,2.6344,2.6579,2.6725,2.6804,2.6843,2.6862,2.6852,2.6794,2.6716,2.6637,2.653,2.6373,2.6188,2.5973,2.567,2.5249,2.4721,2.4086,2.3382,2.2649,2.1887,2.1144,2.045,1.9853,1.9413,1.9081,1.8759,1.8495,1.8289,1.8123,1.7967,1.782,1.7674,1.7517,1.7331,1.7136,1.6931,1.6755,1.6579,1.6334,1.607,1.5846,1.566,1.5494,1.5327,1.5142,1.4956,1.479,1.4633,1.4506,1.437,1.4203,1.4008,1.3803,1.3617,1.3451,1.3275,1.3099,1.2923,1.2766,1.262,1.2473,1.2395,1.2395,1.2483,1.2727,1.3167,1.3842,1.477,1.5904,1.7214,1.8622,2.0039,2.1378,2.2463,2.3324,2.4125,2.4809,2.5367,2.5787,2.61,2.6325,2.6471,2.6569,2.6618,2.6637,2.6628,2.6569,2.6471,2.6334,2.6139,2.5865,2.5484,2.5015,2.4457,2.3783,2.304,2.2278,2.1515,2.086,2.0323,1.9785,1.9306,1.8905,1.8583,1.8338,1.8143,1.8016,1.7928,1.7849,1.7781,1.7713,1.7644,1.7537,1.738,1.7175,1.6911,1.6598,1.6266,1.5943,1.564,1.5386,1.5181,1.5015,1.4897,1.48,1.4682,1.4545,1.437,1.4184,1.4018,1.3861,1.3715,1.3548,1.3402,1.3284,1.3196,1.3138,1.3069,1.2942,1.2815,1.2708,1.2639,1.2639,1.2786,1.3118,1.3675,1.4506,1.5591,1.6667,1.7771,1.9062,2.0381,2.1623,2.2747,2.3734,2.4555,2.522,2.5748,2.6129,2.6373,2.65,2.653,2.65,2.6452,2.6393,2.6315,2.6188,2.5992,2.5718,2.5357,2.4907,2.4399,2.3832,2.3265,2.2708,2.2111,2.1496,2.089,2.0342,1.9853,1.9433,1.9081,1.8798,1.8583,1.8407,1.826,1.8143,1.8025,1.7898,1.7752,1.7605,1.7449,1.7263,1.7058,1.6852,1.6647,1.6403,1.6119,1.5885,1.5699,1.5513,1.5357,1.5171,1.4956,1.4741,1.4506,1.4282,1.4106,1.3939,1.3793,1.3685,1.3607,1.3529,1.346,1.3392,1.3324,1.3245,1.3177,1.3089,1.2972,1.2864,1.2776,1.2727,1.2776,1.2991,1.3441,1.4154,1.5171,1.6422,1.784,1.9345,2.0841,2.2258,2.3539,2.4604,2.5367,2.5904,2.6334,2.6637,2.6823,2.6921,2.695,2.6911,2.6823,2.6745,2.6686,2.6618,2.6549,2.6442,2.6266,2.6002,2.5601,2.5083,2.4477,2.3763,2.3001,2.2229,2.1466,2.0772,2.0196,1.9775,1.9462,1.9198,1.9013,1.8905,1.8817,1.87,1.8573,1.8397,1.8192,1.7986,1.7781,1.7546,1.7341,1.7136,1.6891,1.6647,1.6383,1.6129,1.5894,1.5738,1.564,1.5484,1.5298,1.5132,1.5015,1.4917,1.479,1.4663,1.4526,1.4379,1.4233,1.4086,1.3949,1.3793,1.3636,1.3519,1.3431,1.3382,1.3363,1.3314,1.3284,1.3314,1.3412,1.3627,1.4008,1.4643,1.5562,1.6686,1.7986,1.9208,2.0381,2.1691,2.2981,2.4145,2.5142,2.5982,2.6676,2.7204,2.7576,2.783,2.7996,2.8084,2.8084,2.8055,2.8016,2.7947,2.784,2.7693,2.7498,2.7253,2.695,2.654,2.6031,2.5435,2.4848,2.4252,2.3568,2.2854,2.2131,2.1447,2.0831,2.0342,1.9961,1.9658,1.9433,1.9247,1.9081,1.8925,1.8778,1.8592,1.8377,1.8172,1.7957,1.7742,1.7507,1.7224,1.6921,1.6628,1.6334,1.6119,1.5953,1.5767,1.5582,1.5376,1.5171,1.4995,1.4829,1.4682,1.4536,1.437,1.4174,1.3988,1.3861,1.3744,1.3617,1.3509,1.3392,1.3255,1.3148,1.306,1.2981,1.2903,1.2864,1.2942,1.3138,1.3529,1.4194,1.5142,1.6334,1.7722,1.9228,2.0733,2.217,2.347,2.4565,2.5455,2.608,2.652,2.6872,2.7116,2.7283,2.7361,2.74,2.7419,2.7429,2.7439,2.74,2.7312,2.7175,2.6999,2.6764,2.6452,2.6041,2.5533,2.4936,2.4252,2.3519,2.2757,2.1975,2.1241,2.0606,2.0108,1.9726,1.9394,1.912,1.8915,1.8739,1.8612,1.8514,1.8397,1.828,1.8152,1.7986,1.7752,1.7507,1.7263,1.696,1.6628,1.6295,1.5992,1.5689,1.5396,1.5142,1.4946,1.477,1.4614,1.4497,1.4399,1.4301,1.4194,1.4066,1.3939,1.3783,1.3597,1.3392,1.3196,1.305,1.2942,1.2854,1.2805,1.2786,1.2737,1.2678,1.2669,1.2786,1.3099,1.3656,1.4467,1.5562,1.6882,1.8319,1.9599,2.0772,2.2033,2.3206,2.4203,2.5024,2.5689,2.6217,2.6628,2.6911,2.7067,2.7146,2.7165,2.7116,2.7038,2.697,2.6901,2.6804,2.6667,2.6452,2.6149,2.5748,2.5259,2.4692,2.4027,2.3392,2.2766,2.2053,2.1339,2.0674,2.0088,1.9609,1.9247,1.8974,1.8768,1.8592,1.8436,1.8299,1.8221,1.8123,1.7967,1.7781,1.7586,1.7361,1.7097,1.6823,1.6559,1.6325,1.609,1.5865,1.5679,1.5503,1.5269,1.5005,1.477,1.4575,1.4409,1.4252,1.4096,1.3949,1.3822,1.3724,1.3636,1.3597,1.3548,1.346,1.3382,1.3304,1.3236,1.3167,1.3099,1.303,1.2991,1.306,1.3324,1.3734,1.4321,1.5191,1.6276,1.7517,1.8807,2.0098,2.132,2.2414,2.3363,2.4145,2.48,2.5337,2.5689,2.5885,2.6022,2.609,2.607,2.5992,2.5885,2.5777,2.565,2.5484,2.5279,2.5005,2.4692,2.433,2.3851,2.3265,2.259,2.1867,2.1144,2.0469,1.9873,1.9365,1.8954,1.8641,1.8416,1.825,1.8123,1.8006,1.7908,1.783,1.7752,1.7683,1.7595,1.7468,1.7292,1.7087,1.6843,1.6618,1.6383,1.6129,1.5885,1.565,1.5464,1.5308,1.5161,1.5015,1.4868,1.4731,1.4575,1.4428,1.4301,1.4164,1.4027,1.3891,1.3773,1.3675,1.3597,1.3519,1.3441,1.3372,1.3304,1.3236,1.3196,1.3236,1.3353,1.3646,1.4174,1.4936,1.5943,1.7155,1.8495,1.9873,2.1222,2.2493,2.349,2.4282,2.5044,2.5689,2.6168,2.6491,2.6686,2.6764,2.6755,2.6676,2.6588,2.651,2.6432,2.6344,2.6217,2.6041,2.5816,2.5494,2.5073,2.4555,2.3949,2.3275,2.2571,2.1877,2.1202,2.0635,2.0176,1.9756,1.9394,1.911,1.8895,1.8739,1.8622,1.8524,1.8426,1.8309,1.8182,1.8035,1.7889,1.7732,1.7498,1.7204,1.6901,1.6618,1.6334,1.607,1.5855,1.564,1.5425,1.5249,1.5132,1.5073,1.5024,1.4946,1.4839,1.4712,1.4545,1.4321,1.4086,1.3891,1.3734,1.3627,1.3529,1.348,1.346,1.3412,1.3353,1.3314,1.3343,1.3509,1.3891,1.4536,1.5435,1.6559,1.7859,1.9071,2.0215,2.1466,2.2659,2.3724,2.4643,2.5415,2.6041,2.653,2.6882,2.7107,2.7243,2.7312,2.7302,2.7243,2.7165,2.7058,2.694,2.6804,2.6667,2.651,2.6295,2.5982,2.5543,2.4995,2.4428,2.3812,2.3109,2.2375,2.1642,2.0958,2.0371,1.9892,1.9492,1.9169,1.8925,1.8729,1.8563,1.8426,1.8289,1.8123,1.7937,1.7771,1.7625,1.7449,1.7253,1.7048,1.6823,1.6559,1.6285,1.608,1.5894,1.5699,1.5494,1.5288,1.5073,1.4868,1.4692,1.4536,1.4389,1.4242,1.4106,1.393,1.3773,1.3675,1.3558,1.3431,1.3294,1.3148,1.3001,1.2874,1.2796,1.2825,1.305,1.349,1.4037,1.477,1.5806,1.7067,1.8465,1.9912,2.131,2.2581,2.3715,2.4682,2.5474,2.6061,2.6461,2.6676,2.6784,2.6862,2.6901,2.6921,2.6891,2.6823,2.6755,2.6686,2.6618,2.651,2.6334,2.61,2.5787,2.5367,2.4839,2.4213,2.3509,2.2747,2.1994,2.1281,2.0626,2.0029,1.9511,1.9091,1.8798,1.8592,1.8426,1.825,1.8074,1.7918,1.7752,1.7566,1.7361,1.7155,1.695,1.6716,1.651,1.6305,1.6041,1.5787,1.5562,1.5347,1.5132,1.4956,1.478,1.4585,1.4399,1.4233,1.4115,1.3998,1.3842,1.3666,1.349,1.3314,1.3157,1.3011,1.2884,1.2776,1.2688,1.261,1.2542,1.2522,1.2581,1.2757,1.3109,1.3675,1.4477,1.5513,1.6745,1.8084,1.9482,2.086,2.2141,2.3148,2.3959,2.4721,2.5367,2.5885,2.6266,2.653,2.6696,2.6784,2.6784,2.6735,2.6676,2.6608,2.651,2.6354,2.6149,2.5885,2.5533,2.5093,2.4575,2.3959,2.3265,2.2522,2.1779,2.1065,2.0479,2.001,1.956,1.9159,1.8817,1.8534,1.8319,1.8143,1.7986,1.7859,1.7761,1.7644,1.7478,1.7322,1.7175,1.697,1.6706,1.6413,1.6129,1.5846,1.5591,1.5357,1.5142,1.4956,1.48,1.4682,1.4585,1.4467,1.4321,1.4145,1.3949,1.3744,1.3548,1.3382,1.3245,1.3138,1.305,1.2972,1.2933,1.2913,1.2864,1.2805,1.2737,1.2708,1.2776,1.3011,1.347,1.4194,1.5161,1.6315,1.7449,1.8563,1.9814,2.1065,2.2219,2.3265,2.4154,2.4888,2.5464,2.5914,2.6227,2.6422,2.652,2.651,2.6452,2.6393,2.6295,2.6139,2.5953,2.5748,2.5503,2.5191,2.48,2.4321,2.3744,2.3148,2.2532,2.1848,2.1173,2.0528,1.9941,1.9423,1.8983,1.8622,1.8328,1.8113,1.7957,1.784,1.7771,1.7713,1.7654,1.7586,1.7478,1.7322,1.7136,1.694,1.6716,1.6442,1.6158,1.5894,1.5689,1.5552,1.5415,1.5279,1.5132,1.4985,1.4848,1.4702,1.4565,1.4418,1.4282,1.4135,1.3998,1.3891,1.3803,1.3685,1.3539,1.3392,1.3245,1.3099,1.2991,1.2903,1.2845,1.2884,1.3079,1.3392,1.3891,1.4653,1.5679,1.6921,1.828,1.9687,2.1056,2.2307,2.3392,2.4291,2.5024,2.5611,2.5992,2.6237,2.6422,2.654,2.6598,2.6628,2.6618,2.6579,2.653,2.6432,2.6276,2.607,2.5826,2.5503,2.5298,2.5103,2.4604,2.392,2.3138,2.2326,2.1544,2.0831,2.0235,1.9756,1.9423,1.9189,1.8993,1.8837,1.8719,1.8602,1.8465,1.8319,1.8162,1.8006,1.783,1.7625,1.74,1.7214,1.6999,1.6706,1.6383,1.6061,1.5806,1.5591,1.5406,1.5239,1.5073,1.4868,1.4624,1.4428,1.4272,1.4066,1.3851,1.3666,1.349,1.3324,1.3177,1.3069,1.2972,1.2884,1.2796,1.2717,1.2678,1.2659,1.2669,1.2766,1.306,1.3646,1.4536,1.5718,1.7165,1.8798,2.0499,2.2141,2.348,2.4575,2.564,2.6569,2.7331,2.7928,2.8368,2.869,2.8886,2.8983,2.9013,2.9013,2.8974,2.8876,2.8739,2.8592,2.8397,2.8162,2.7869,2.7458,2.694,2.6315,2.563,2.4848,2.4018,2.3304,2.2669,2.1994,2.1329,2.0743,2.0254,1.9844,1.9501,1.9228,1.9013,1.8827,1.8651,1.8485,1.8328,1.8152,1.7947,1.7722,1.7488,1.7234,1.6931,1.6579,1.6197,1.5875,1.563,1.5425,1.5288,1.52,1.5132,1.5083,1.5015,1.4917,1.479,1.4653,1.4497,1.4301,1.4047,1.3754,1.3451,1.3226,1.305,1.2845,1.262,1.2424,1.2307,1.2326,1.2542,1.2991,1.3734,1.4761,1.6051,1.7331,1.8602,2.0078,2.1593,2.303,2.4301,2.5396,2.6325,2.7048,2.7586,2.7996,2.8299,2.8534,2.8651,2.8671,2.868,2.869,2.869,2.8651,2.8534,2.8328,2.8074,2.7742,2.7322,2.6794,2.6207,2.5572,2.4839,2.4037,2.3196,2.2336,2.1525,2.0802,2.0156,1.9619,1.9169,1.8807,1.8524,1.8328,1.8172,1.8035,1.7928,1.781,1.7654,1.7458,1.7234,1.697,1.6657,1.6315,1.5992,1.5748,1.5543,1.5308,1.5044,1.48,1.4536,1.4282,1.4076,1.3891,1.3724,1.3558,1.3392,1.3216,1.3089,1.3001,1.2874,1.2717,1.2532,1.2346,1.2151,1.1955,1.1779,1.1652,1.1603,1.174,1.2043,1.2542,1.3304,1.436,1.5709,1.7273,1.8935,2.0587,2.2151,2.3548,2.4741,2.5738,2.6559,2.7126,2.7507,2.782,2.8055,2.825,2.8387,2.8456,2.8495,2.8514,2.8504,2.8436,2.8299,2.8113,2.7879,2.7566,2.7146,2.6618,2.5982,2.522,2.436,2.348,2.26,2.176,2.0997,2.0401,1.9922,1.9482,1.9101,1.8768,1.8485,1.825,1.8074,1.7928,1.7752,1.7576,1.741,1.7234,1.7077,1.6911,1.6657,1.6344,1.6022,1.5738,1.5484,1.5239,1.4995,1.4721,1.4438,1.4154,1.3939,1.3754,1.3548,1.3392,1.3275,1.3206,1.3148,1.3079,1.3011,1.2942,1.2874,1.2796,1.2717,1.2669,1.26,1.2493,1.2385,1.2297,1.2248,1.2317,1.259,1.3138,1.3978,1.5103,1.6432,1.7703,1.8925,2.0293,2.1652,2.2903,2.3988,2.4897,2.563,2.6178,2.6569,2.6804,2.6921,2.696,2.694,2.6891,2.6833,2.6764,2.6696,2.6618,2.651,2.6325,2.6051,2.566,2.5171,2.4575,2.3939,2.3294,2.2561,2.1799,2.1046,2.0371,1.9795,1.9326,1.8964,1.869,1.8475,1.8299,1.8133,1.7996,1.7898,1.7771,1.7605,1.741,1.7204,1.695,1.6657,1.6344,1.6022,1.5738,1.5503,1.5347,1.523,1.5083,1.4897,1.4712,1.4545,1.435,1.4145,1.3969,1.3803,1.3646,1.35,1.3372,1.3304,1.3275,1.3187,1.3069,1.2972,1.2864,1.2737,1.262,1.2522,1.2434,1.2356,1.2278,1.2239,1.2219,1.2229,1.2385,1.2737,1.3324,1.4145,1.522,1.653,1.7967,1.9462,2.0909,2.2239,2.3304,2.4135,2.4878,2.5513,2.6031,2.6442,2.6716,2.6872,2.695,2.6989,2.6989,2.695,2.6882,2.6794,2.6686,2.654,2.6325,2.5992,2.5533,2.4976,2.434,2.3627,2.2845,2.2043,2.1261,2.0616,2.0068,1.9521,1.9042,1.8671,1.8397,1.8221,1.8113,1.8025,1.7947,1.7869,1.7801,1.7722,1.7615,1.7449,1.7253,1.7048,1.6833,1.6618,1.6403,1.6178,1.5963,1.5738,1.5533,1.5357,1.5239,1.5142,1.5015,1.4878,1.4741,1.4565,1.4321,1.4076,1.3842,1.3627,1.347,1.3353,1.3294,1.3265,1.3177,1.306,1.2962,1.2845,1.2708,1.2571,1.2424,1.2317,1.2248,1.2248,1.2395,1.2688,1.3167,1.3939,1.5005,1.6325,1.783,1.9433,2.1046,2.2551,2.3871,2.5005,2.5924,2.653,2.694,2.7292,2.7566,2.7771,2.7937,2.8035,2.8084,2.8113,2.8123,2.8094,2.8006,2.7869,2.7674,2.741,2.7067,2.6647,2.6119,2.5503,2.4829,2.4106,2.3382,2.2688,2.2023,2.1417,2.0909,2.0489,2.0117,1.9814,1.9589,1.9404,1.9238,1.9081,1.8895,1.8661,1.8397,1.8133,1.7928,1.7752,1.7556,1.7263,1.6911,1.6588,1.6237,1.5875,1.5543,1.5269,1.5015,1.478,1.4545,1.436,1.4203,1.4057,1.39,1.3754,1.3607,1.3431,1.3255,1.3109,1.3001,1.2913,1.2825,1.2786,1.2766,1.2678,1.2522,1.2366,1.2278,1.2307,1.2522,1.2972,1.3675,1.4653,1.5846,1.7214,1.8456,1.9609,2.0841,2.2014,2.3089,2.4018,2.48,2.5474,2.607,2.6579,2.6979,2.7331,2.7566,2.7703,2.781,2.7859,2.7869,2.781,2.7674,2.7419,2.7067,2.6628,2.607,2.5396,2.4633,2.3891,2.3148,2.2287,2.1388,2.0528,1.9756,1.913,1.8671,1.8368,1.8192,1.8143,1.8192,1.827,1.8368,1.8475,1.8524,1.8475,1.8319,1.8074,1.7752,1.7361,1.696,1.6579,1.6217,1.5904,1.567,1.5513,1.5425,1.5376,1.5337,1.5259,1.5142,1.5005,1.4848,1.4633,1.4379,1.4106,1.3871,1.3666,1.3431,1.3236,1.3099,1.2991,1.2903,1.2825,1.2747,1.2669,1.259,1.2551,1.263,1.2815,1.3148,1.3763,1.4692,1.5885,1.7331,1.8954,2.0606,2.218,2.3587,2.478,2.5748,2.6403,2.6862,2.7273,2.7605,2.7869,2.8055,2.8172,2.8231,2.826,2.827,2.826,2.8201,2.8074,2.7879,2.7615,2.7273,2.6862,2.6354,2.5748,2.5064,2.433,2.3539,2.2708,2.1916,2.1183,2.0596,2.0147,1.9756,1.9433,1.9179,1.8954,1.8749,1.8534,1.828,1.8016,1.7771,1.7576,1.7429,1.7312,1.7195,1.7028,1.6833,1.6588,1.6276,1.5934,1.5591,1.5269,1.4976,1.4741,1.4545,1.4389,1.4242,1.4037,1.3822,1.3636,1.3431,1.3236,1.3099,1.2991,1.2903,1.2825,1.2747,1.2708,1.2669,1.2571,1.2473,1.2385,1.2356,1.2493,1.2845,1.3451,1.433,1.5464,1.6804,1.825,1.9541,2.0694,2.1906,2.304,2.3998,2.477,2.5386,2.5885,2.6276,2.6569,2.6755,2.6843,2.6872,2.6882,2.6891,2.6862,2.6784,2.6657,2.6461,2.6197,2.5836,2.5376,2.4829,2.4194,2.347,2.2766,2.2102,2.1369,2.0665,2.0039,1.9501,1.9062,1.8729,1.8485,1.8289,1.8113,1.7957,1.782,1.7713,1.7625,1.7527,1.738,1.7195,1.6989,1.6774,1.654,1.6266,1.5963,1.564,1.5337,1.5093,1.4868,1.4614,1.433,1.4076,1.3881,1.3705,1.3539,1.3382,1.3157,1.2923,1.2766,1.2688,1.2649,1.259,1.2522,1.2454,1.2336,1.219,1.2033,1.1906,1.1799,1.175,1.1818,1.2082,1.2473,1.303,1.3861,1.4956,1.6276,1.7722,1.9247,2.0743,2.2111,2.3314,2.4291,2.5064,2.5601,2.5963,2.6276,2.651,2.6647,2.6716,2.6725,2.6696,2.6647,2.6579,2.651,2.6393,2.6207,2.5943,2.5582,2.5103,2.4506,2.3822,2.3109,2.2395,2.1691,2.0997,2.0332,1.9736,1.9247,1.8905,1.868,1.8495,1.8328,1.8162,1.8006,1.783,1.7634,1.7429,1.7214,1.6989,1.6764,1.654,1.6354,1.6178,1.5982,1.5767,1.5543,1.5318,1.5112,1.4936,1.477,1.4614,1.4457,1.4301,1.4194,1.4096,1.3988,1.3881,1.3754,1.3656,1.3568,1.3441,1.3324,1.3226,1.3118,1.3011,1.2923,1.2854,1.2825,1.2825,1.2903,1.3128,1.3587,1.4321,1.5357,1.6628,1.8055,1.958,2.1134,2.2444,2.3548,2.4653,2.5621,2.6413,2.7028,2.7488,2.781,2.8016,2.8152,2.826,2.8319,2.8309,2.8201,2.8055,2.7908,2.7742,2.7527,2.7263,2.696,2.6569,2.6031,2.5367,2.4594,2.3754,2.3001,2.2336,2.1662,2.1026,2.0479,2.0029,1.9658,1.9345,1.9052,1.8788,1.8563,1.8338,1.8133,1.7957,1.7771,1.7586,1.74,1.7195,1.6979,1.6755,1.651,1.6256,1.6022,1.5767,1.5494,1.5259,1.5044,1.479,1.4506,1.4213,1.3939,1.3685,1.347,1.3245,1.3021,1.2835,1.2659,1.2551,1.2463,1.2326,1.216,1.1965,1.1769,1.1623,1.1525,1.1554,1.1799,1.2317,1.3138,1.4252,1.5396,1.6588,1.7996,1.9492,2.0978,2.2346,2.3519,2.4487,2.5279,2.5894,2.6373,2.6725,2.6921,2.7019,2.7087,2.7126,2.7146,2.7136,2.7067,2.696,2.6833,2.6676,2.6442,2.6119,2.5689,2.521,2.4692,2.4027,2.3265,2.2463,2.1652,2.087,2.0156,1.9531,1.8993,1.8534,1.8152,1.7849,1.7625,1.7458,1.7341,1.7224,1.7067,1.6882,1.6667,1.6452,1.6188,1.5885,1.5572,1.5239,1.4985,1.4761,1.4516,1.4301,1.4115,1.3949,1.3783,1.3607,1.3412,1.3196,1.2991,1.2796,1.2659,1.259,1.2483,1.2356,1.2209,1.2043,1.1867,1.1672,1.1457,1.1251,1.1095,1.1036,1.1153,1.1447,1.1945,1.2766,1.4057,1.564,1.7204,1.8739,2.0196,2.1525,2.2698,2.3695,2.4487,2.5044,2.5445,2.5787,2.6041,2.6227,2.6354,2.6452,2.654,2.6598,2.6608,2.6579,2.653,2.6452,2.6325,2.6119,2.5806,2.5367,2.4829,2.4194,2.3451,2.2659,2.1857,2.1085,2.0371,1.9717,1.9189,1.8788,1.8426,1.8162,1.7996,1.7879,1.7761,1.7634,1.7488,1.7302,1.7107,1.6901,1.6696,1.652,1.6364,1.6178,1.6002,1.5826,1.5611,1.5396,1.5191,1.4966,1.4741,1.4545,1.4379,1.4262,1.4125,1.3949,1.3793,1.3646,1.35,1.3363,1.3236,1.3138,1.305,1.2972,1.2864,1.2727,1.262,1.2551,1.2483,1.2424,1.2434,1.261,1.304,1.3715,1.4643,1.5836,1.7204,1.8641,1.9902,2.1026,2.219,2.3265,2.4164,2.4878,2.5415,2.5787,2.6031,2.6168,2.6217,2.6227,2.6227,2.6197,2.6129,2.6061,2.5973,2.5836,2.565,2.5376,2.5015,2.4545,2.3773,2.3001,2.2414,2.1828,2.1232,2.0577,1.9971,1.9443,1.9003,1.8661,1.8397,1.8201,1.8045,1.7937,1.7849,1.7771,1.7693,1.7586,1.7429,1.7243,1.7028,1.6764,1.6452,1.6139,1.5855,1.5611,1.5367,1.5142,1.4995,1.4878,1.4751,1.4614,1.4477,1.434,1.4203,1.4066,1.392,1.3783,1.3627,1.346,1.3343,1.3265,1.3187,1.3109,1.304,1.2972,1.2903,1.2835,1.2757,1.2688,1.2649,1.2717,1.2972,1.3343,1.3861,1.4653,1.5699,1.6921,1.8231,1.957,2.088,2.2082,2.3118,2.3988,2.4702,2.52,2.5543,2.5816,2.6002,2.6119,2.6158,2.6139,2.608,2.5963,2.5797,2.5611,2.5396,2.5112,2.479,2.4418,2.3939,2.3363,2.2737,2.2111,2.1476,2.086,2.0303,1.9834,1.9443,1.911,1.8856,1.8671,1.8514,1.8358,1.8211,1.8084,1.7986,1.7908,1.7801,1.7634,1.7449,1.7214,1.6921,1.6657,1.6403,1.6109,1.5826,1.5582,1.5347,1.5132,1.4946,1.479,1.4604,1.4409,1.4233,1.4115,1.4018,1.392,1.3812,1.3705,1.3597,1.349,1.3402,1.3324,1.3255,1.3187,1.3109,1.306,1.3089,1.3157,1.3206,1.3314,1.3548,1.393,1.4545,1.5396,1.6432,1.7674,1.9052,2.043,2.1574,2.2561,2.3548,2.4438,2.5181,2.5758,2.6168,2.6432,2.6579,2.6657,2.7048,2.7595,2.7849,2.7918,2.7889,2.7791,2.7625,2.738,2.7058,2.6657,2.6178,2.564,2.5015,2.4301,2.3548,2.2874,2.2258,2.1613,2.0987,2.043,2,1.9687,1.9443,1.9247,1.9071,1.8895,1.871,1.8504,1.8319,1.8152,1.7947,1.7722,1.7488,1.7253,1.7019,1.6784,1.6549,1.6285,1.6012,1.5738,1.5503,1.5308,1.5093,1.4878,1.4692,1.4526,1.436,1.4194,1.4037,1.3881,1.3715,1.3558,1.3402,1.3284,1.3157,1.2981,1.2815,1.2688,1.262,1.2688,1.2942,1.3451,1.4262,1.5367,1.6716,1.8025,1.9335,2.0821,2.2326,2.3734,2.4976,2.6041,2.6911,2.7586,2.8084,2.8426,2.8661,2.8798,2.8827,2.8798,2.8788,2.8778,2.8778,2.8739,2.8641,2.8485,2.827,2.7967,2.7537,2.6979,2.6403,2.5777,2.5005,2.4154,2.3294,2.2424,2.1613,2.0929,2.0362,1.9902,1.955,1.9296,1.911,1.8964,1.8807,1.8631,1.8368,1.8113,1.7928,1.7693,1.74,1.7097,1.6823,1.6569,1.6315,1.6109,1.5953,1.5787,1.563,1.5425,1.5171,1.4878,1.4575,1.4282,1.4018,1.3783,1.3587,1.3451,1.3363,1.3236,1.3099,1.2991,1.2874,1.2737,1.261,1.2502,1.2434,1.2473,1.2698,1.3148,1.3754,1.4536,1.564,1.7009,1.8524,2.0117,2.1691,2.3157,2.4448,2.5533,2.6432,2.7146,2.7605,2.7889,2.8113,2.825,2.8319,2.8309,2.8221,2.8143,2.8084,2.8016,2.7937,2.782,2.7615,2.7361,2.6989,2.6461,2.5846,2.5142,2.435,2.3509,2.2649,2.1828,2.1075,2.0401,1.9824,1.9394,1.9062,1.8778,1.8553,1.8387,1.8221,1.8025,1.7801,1.7576,1.7341,1.7107,1.6862,1.6608,1.6373,1.6158,1.5914,1.567,1.5425,1.521,1.5005,1.478,1.4565,1.4379,1.4184,1.3969,1.3803,1.3636,1.346,1.3304,1.3148,1.3011,1.2884,1.2737,1.261,1.2463,1.2287,1.2121,1.1984,1.1935,1.1984,1.217,1.2561,1.3196,1.4135,1.5376,1.6852,1.8446,2.0078,2.1672,2.3128,2.4252,2.5122,2.5914,2.6569,2.7058,2.74,2.7625,2.7801,2.7928,2.7996,2.8025,2.8025,2.7986,2.7898,2.7781,2.7595,2.7331,2.696,2.6452,2.5855,2.52,2.4457,2.3646,2.2805,2.1945,2.1212,2.0606,2,1.9443,1.8905,1.8436,1.8133,1.7937,1.782,1.7742,1.7674,1.7595,1.7517,1.7439,1.7331,1.7155,1.696,1.6745,1.6491,1.6168,1.5836,1.5523,1.521,1.4907,1.4643,1.4477,1.435,1.4252,1.4164,1.4047,1.3891,1.3675,1.3441,1.3226,1.305,1.2903,1.2786,1.2698,1.2649,1.263,1.2581,1.2512,1.2444,1.2395,1.2385,1.2473,1.2708,1.3109,1.3724,1.4614,1.5591,1.6647,1.7967,1.9404,2.0821,2.2151,2.3324,2.4311,2.5093,2.5689,2.6139,2.6442,2.6628,2.6725,2.6755,2.6745,2.6706,2.6647,2.654,2.6373,2.6158,2.5865,2.5494,2.5044,2.4477,2.3891,2.3294,2.259,2.1867,2.1183,2.0538,1.9951,1.9453,1.9032,1.871,1.8465,1.827,1.8113,1.8006,1.7918,1.783,1.7713,1.7537,1.7341,1.7126,1.6901,1.6676,1.6452,1.6207,1.5953,1.5758,1.5582,1.5376,1.5142,1.4907,1.4721,1.4545,1.4389,1.4213,1.4008,1.3773,1.3587,1.349,1.3402,1.3304,1.3216,1.3138,1.306,1.3001,1.2952,1.2893,1.2825,1.2747,1.2678,1.26,1.2581,1.2649,1.2815,1.3167,1.3754,1.4594,1.5699,1.7038,1.8524,2.002,2.1447,2.2766,2.3783,2.4565,2.5279,2.5855,2.6295,2.6588,2.6735,2.6774,2.6755,2.6706,2.6647,2.6598,2.6598,2.6579,2.651,2.6432,2.6325,2.61,2.5718,2.5171,2.4457,2.3627,2.2727,2.1799,2.0938,2.0264,1.9736,1.9267,1.8856,1.8543,1.8309,1.8133,1.8016,1.7918,1.783,1.7752,1.7674,1.7595,1.7517,1.74,1.7214,1.695,1.6647,1.6344,1.6061,1.5826,1.563,1.5455,1.5298,1.5142,1.5024,1.4927,1.48,1.4663,1.4516,1.437,1.4223,1.4076,1.393,1.3773,1.3627,1.347,1.3343,1.3275,1.3245,1.3187,1.3118,1.3089,1.3148,1.3343,1.3763,1.4448,1.5396,1.6569,1.7928,1.9208,2.042,2.173,2.2991,2.4106,2.5044,2.5797,2.6383,2.6843,2.7185,2.7419,2.7556,2.7625,2.7615,2.7556,2.7488,2.7419,2.7341,2.7224,2.7038,2.6755,2.6373,2.5875,2.5269,2.4585,2.392,2.3099,2.2326,2.1769,2.1173,2.0606,2.0117,1.9697,1.9355,1.9091,1.8886,1.871,1.8543,1.8407,1.828,1.8143,1.7977,1.7781,1.7576,1.7361,1.7116,1.6823,1.653,1.6256,1.6002,1.5846,1.5728,1.5562,1.5367,1.5191,1.5024,1.4868,1.4702,1.4506,1.4282,1.4057,1.3832,1.3627,1.3509,1.3431,1.3353,1.3275,1.3206,1.3128,1.3089,1.3109,1.3196,1.3363,1.3675,1.4213,1.4878,1.5689,1.6794,1.8123,1.958,2.1046,2.2444,2.3695,2.4751,2.5611,2.6295,2.6823,2.7146,2.7322,2.7468,2.7566,2.7615,2.7634,2.7625,2.7566,2.7458,2.7331,2.7175,2.6989,2.6745,2.6461,2.6109,2.564,2.5054,2.436,2.3587,2.2786,2.1984,2.1232,2.0577,2.0029,1.9589,1.9277,1.9062,1.8886,1.8719,1.8563,1.8397,1.8201,1.7996,1.7781,1.7566,1.7341,1.7107,1.6852,1.6657,1.6452,1.6197,1.5943,1.5699,1.5464,1.5239,1.5015,1.479,1.4604,1.4438,1.4282,1.4164,1.4066,1.391,1.3724,1.3578,1.346,1.3372,1.3265,1.3138,1.3001,1.2864,1.2737,1.2659,1.2649,1.2776,1.3099,1.3666,1.4878,1.6168,1.7214,1.8534,1.9951,2.1339,2.261,2.3685,2.4467,2.5044,2.5552,2.5953,2.6227,2.6403,2.653,2.6588,2.6618,2.6657,2.6657,2.6618,2.6559,2.6461,2.6295,2.607,2.5748,2.5367,2.4917,2.4379,2.3744,2.3021,2.2229,2.1408,2.0606,1.9951,1.9423,1.8935,1.8543,1.827,1.8123,1.8025,1.7947,1.7869,1.7791,1.7713,1.7644,1.7527,1.74,1.7243,1.6999,1.6696,1.6354,1.6022,1.5709,1.5415,1.5181,1.4985,1.4819,1.4643,1.4497,1.4389,1.4223,1.4027,1.3851,1.3695,1.3558,1.3421,1.3255,1.3099,1.2933,1.2776,1.2659,1.26,1.2571,1.2542,1.2561,1.2717,1.305,1.3607,1.4409,1.5415,1.6618,1.7957,1.9345,2.0538,2.1564,2.259,2.3529,2.4311,2.4927,2.5406,2.5748,2.5982,2.6119,2.6168,2.6149,2.609,2.5963,2.5787,2.5591,2.5367,2.5103,2.4809,2.4438,2.3978,2.3431,2.2825,2.2151,2.1408,2.0762,2.0215,1.9658,1.9159,1.8749,1.8426,1.8211,1.8074,1.7986,1.7928,1.7859,1.7791,1.7693,1.7595,1.7468,1.7292,1.7097,1.6891,1.6676,1.6452,1.6178,1.5934,1.5767,1.5611,1.5464,1.5357,1.5259,1.5132,1.4995,1.4858,1.4712,1.4545,1.435,1.4145,1.3949,1.3783,1.3627,1.349,1.3421,1.3382,1.3333,1.3265,1.3216,1.3226,1.3324,1.3558,1.3998,1.4702,1.565,1.6823,1.7957,1.9091,2.0391,2.1681,2.2874,2.391,2.4761,2.5425,2.5904,2.6227,2.6452,2.6559,2.6559,2.65,2.6442,2.6373,2.6305,2.6207,2.607,2.5855,2.5533,2.5112,2.4624,2.4066,2.3441,2.2854,2.2287,2.1623,2.0938,2.0303,1.9726,1.9257,1.8915,1.8671,1.8514,1.8436,1.8358,1.826,1.8162,1.8055,1.7957,1.781,1.7634,1.7429,1.7224,1.7009,1.6794,1.6569,1.6354,1.6129,1.5943,1.5777,1.5572,1.5337,1.5112,1.4907,1.4731,1.4565,1.4428,1.4311,1.4174,1.4037,1.393,1.3822,1.3675,1.3548,1.3451,1.3363,1.3304,1.3304,1.3431,1.3754,1.4321,1.5152,1.6227,1.7292,1.8387,1.9707,2.1085,2.2395,2.3578,2.4594,2.5435,2.609,2.6579,2.6931,2.7185,2.7312,2.7341,2.7331,2.7273,2.7175,2.7048,2.6891,2.6706,2.65,2.6256,2.5934,2.5367,2.479,2.4389,2.3881,2.3226,2.2493,2.176,2.1085,2.0469,1.9922,1.9472,1.9101,1.8768,1.8485,1.8289,1.8143,1.8016,1.7918,1.783,1.7752,1.7674,1.7566,1.74,1.7204,1.6979,1.6706,1.6383,1.609,1.5855,1.5611,1.5376,1.5171,1.4956,1.4741,1.4516,1.4311,1.4135,1.3978,1.3822,1.3715,1.3617,1.3519,1.3431,1.3353,1.3255,1.3177,1.3138,1.3275,1.3509,1.3832,1.4467,1.5611,1.6735,1.7693,1.9326,2.1202,2.2454,2.3333,2.436,2.5298,2.5934,2.6373,2.6686,2.6862,2.6931,2.697,2.697,2.6931,2.6891,2.6833,2.6755,2.6696,2.6569,2.6364,2.6109,2.5748,2.5327,2.4829,2.4154,2.3363,2.2512,2.1662,2.089,2.0244,1.9717,1.9306,1.9013,1.8788,1.8622,1.8485,1.8348,1.8201,1.8074,1.7947,1.7771,1.7576,1.7419,1.7214,1.6931,1.6637,1.6344,1.6109,1.5904,1.5689,1.5474,1.5269,1.5093,1.4936,1.478,1.4594,1.437,1.4154,1.392,1.3705,1.3529,1.3343,1.3167,1.2962,1.2786,1.2669,1.261,1.2649,1.2835,1.3236,1.391,1.4839,1.5797,1.6823,1.8084,1.9443,2.0802,2.2092,2.3226,2.4174,2.4946,2.5533,2.5953,2.6237,2.6383,2.6432,2.6461,2.6452,2.6413,2.6354,2.6295,2.6227,2.6119,2.5934,2.5679,2.5327,2.4936,2.4487,2.3891,2.3196,2.2444,2.1662,2.089,2.0156,1.9492,1.8925,1.8475,1.8143,1.7889,1.7722,1.7625,1.7556,1.7527,1.7488,1.7429,1.7351,1.7214,1.7038,1.6823,1.6549,1.6266,1.6051,1.5855,1.563,1.5406,1.5161,1.4927,1.4741,1.4536,1.4321,1.4125,1.392,1.3705,1.3509,1.3392,1.3333,1.3265,1.3196,1.3128,1.305,1.2981,1.2913,1.2835,1.2815,1.2952,1.3294,1.3763,1.4399,1.5318,1.6452,1.7732,1.9091,2.044,2.172,2.2854,2.3793,2.4516,2.5064,2.5445,2.565,2.5758,2.5826,2.5846,2.5836,2.5816,2.5767,2.5689,2.5552,2.5337,2.5034,2.4643,2.4223,2.3783,2.3245,2.2649,2.2004,2.1329,2.0684,2.0068,1.9501,1.9022,1.8612,1.8299,1.8094,1.7977,1.7898,1.782,1.7742,1.7674,1.7595,1.7527,1.7419,1.7253,1.7038,1.6764,1.6481,1.6266,1.609,1.5904,1.5738,1.5582,1.5435,1.5288,1.5122,1.4927,1.4741,1.4575,1.4418,1.4262,1.4154,1.4027,1.3851,1.3685,1.3548,1.3451,1.3363,1.3284,1.3206,1.3167,1.3216,1.3412,1.3724,1.4233,1.5015,1.6051,1.7283,1.8602,1.9961,2.13,2.2551,2.3656,2.4594,2.5376,2.6002,2.6432,2.6676,2.6852,2.696,2.6999,2.6979,2.6931,2.6872,2.6804,2.6696,2.654,2.6344,2.6119,2.5806,2.5396,2.4878,2.4233,2.3509,2.2747,2.1994,2.129,2.0645,2.0108,1.9668,1.9326,1.9081,1.8895,1.8729,1.8563,1.8368,1.8182,1.8016,1.7879,1.7752,1.7605,1.7419,1.7214,1.7038,1.6862,1.6608,1.6334,1.607,1.5826,1.5611,1.5396,1.5191,1.5015,1.4839,1.4643,1.4448,1.4321,1.4213,1.4106,1.4037,1.3969,1.3861,1.3734,1.3597,1.3431,1.3275,1.3187,1.3196,1.3304,1.3578,1.4125,1.4927,1.5973,1.7224,1.8612,2.0078,2.1525,2.2854,2.4008,2.4985,2.5699,2.6188,2.6579,2.6843,2.6999,2.7077,2.7116,2.7136,2.7146,2.7146,2.7107,2.7038,2.694,2.6804,2.6608,2.6344,2.5992,2.5523,2.4936,2.4242,2.3441,2.26,2.1779,2.0997,2.0332,1.9834,1.9462,1.9159,1.8935,1.8749,1.8583,1.8426,1.828,1.8133,1.7977,1.7791,1.7586,1.737,1.7195,1.7009,1.6794,1.654,1.6266,1.5992,1.5718,1.5464,1.522,1.4985,1.477,1.4555,1.437,1.4233,1.4096,1.3949,1.3803,1.3607,1.3421,1.3245,1.3069,1.2903,1.2766,1.2659,1.2581,1.26,1.2757,1.3089,1.3656,1.4487,1.5572,1.6872,1.8319,1.9824,2.13,2.2688,2.392,2.4839,2.5543,2.6178,2.6686,2.7058,2.7302,2.7449,2.7517,2.7556,2.7576,2.7586,2.7566,2.7498,2.739,2.7283,2.7165,2.6989,2.6716,2.6315,2.5767,2.5073,2.4272,2.3412,2.2542,2.1691,2.0978,2.0391,1.9834,1.9345,1.8925,1.8602,1.8368,1.8172,1.8025,1.7898,1.7752,1.7586,1.739,1.7214,1.7048,1.6852,1.6618,1.6334,1.6022,1.5709,1.5406,1.5132,1.4927,1.4741,1.4555,1.4389,1.4223,1.4027,1.3803,1.3548,1.3333,1.3167,1.303,1.2884,1.2757,1.2649,1.2561,1.2473,1.2434,1.2414,1.2385,1.2444,1.2669,1.3099,1.3812,1.48,1.6012,1.7419,1.8944,2.0469,2.174,2.2815,2.3851,2.4731,2.5435,2.5992,2.6422,2.6735,2.695,2.7097,2.7204,2.7283,2.7322,2.7302,2.7234,2.7146,2.6999,2.6813,2.6588,2.6285,2.5865,2.5357,2.4741,2.3969,2.3089,2.2287,2.1564,2.0821,2.0127,1.9511,1.8993,1.8563,1.825,1.8065,1.7918,1.7781,1.7634,1.7449,1.7283,1.7126,1.6931,1.6716,1.65,1.6276,1.6051,1.5816,1.5611,1.5386,1.5142,1.4907,1.4731,1.4565,1.437,1.4203,1.4037,1.3861,1.3656,1.3441,1.3236,1.306,1.2874,1.2708,1.259,1.2532,1.2502,1.2444,1.2375,1.2307,1.2239,1.2199,1.2258,1.2454,1.2845,1.349,1.4448,1.5455,1.6549,1.7918,1.9404,2.085,2.218,2.3363,2.435,2.5132,2.5728,2.6178,2.65,2.6686,2.6774,2.6823,2.6804,2.6735,2.6647,2.653,2.6354,2.6149,2.5914,2.5621,2.5249,2.478,2.4272,2.3715,2.304,2.2307,2.1574,2.088,2.0254,1.9687,1.9179,1.8729,1.8377,1.8123,1.7986,1.7898,1.781,1.7732,1.7654,1.7556,1.741,1.7224,1.7019,1.6804,1.6579,1.6354,1.6129,1.5914,1.5718,1.5503,1.5298,1.5122,1.4956,1.48,1.4682,1.4604,1.4545,1.4477,1.437,1.4272,1.4184,1.4047,1.3842,1.3607,1.3402,1.3236,1.3118,1.2981,1.2835,1.2727,1.2678,1.2698,1.2796,1.306,1.3597,1.4418,1.5513,1.6823,1.828,1.9785,2.1261,2.2639,2.3851,2.4858,2.5601,2.6149,2.6647,2.7058,2.7341,2.7517,2.7654,2.7761,2.783,2.7849,2.782,2.7742,2.7576,2.7341,2.6999,2.653,2.5973,2.5337,2.4614,2.3832,2.3021,2.2219,2.1457,2.0753,2.0098,1.957,1.9169,1.8827,1.8553,1.8338,1.8172,1.8055,1.7957,1.7869,1.7761,1.7605,1.741,1.7195,1.7009,1.6833,1.6598,1.6305,1.5973,1.567,1.5396,1.5142,1.4897,1.4653,1.4389,1.4135,1.3949,1.3773,1.3587,1.3421,1.3255,1.3109,1.3001,1.2903,1.2815,1.2727,1.2649,1.2571,1.2493,1.2454,1.2434,1.2424,1.2473,1.2639,1.3001,1.3627,1.4536,1.5738,1.7175,1.8749,2.0362,2.173,2.2874,2.3988,2.4966,2.5767,2.6432,2.697,2.737,2.7634,2.7771,2.782,2.7801,2.7771,2.7713,2.7664,2.7644,2.7595,2.7527,2.741,2.7175,2.6774,2.6237,2.5591,2.4819,2.3978,2.3216,2.2512,2.1779,2.1075,2.044,1.9922,1.9521,1.9228,1.8993,1.8798,1.8622,1.8456,1.827,1.8104,1.7937,1.7732,1.7517,1.7283,1.7048,1.6794,1.652,1.6266,1.6002,1.5728,1.5494,1.5308,1.5142,1.4917,1.4663,1.4418,1.4174,1.393,1.3705,1.3519,1.3343,1.3196,1.3099,1.305,1.3011,1.2952,1.2884,1.2786,1.2678,1.2581,1.2551,1.2678,1.3021,1.3636,1.4526,1.5689,1.6872,1.8104,1.956,2.1046,2.2473,2.3744,2.48,2.565,2.6315,2.6823,2.7224,2.7507,2.7644,2.7713,2.7771,2.7801,2.7791,2.7742,2.7683,2.7615,2.7498,2.7302,2.7019,2.6637,2.6149,2.564,2.5093,2.437,2.3548,2.2698,2.1857,2.1075,2.0381,1.9775,1.9267,1.8876,1.8583,1.8377,1.8211,1.8074,1.7967,1.7869,1.7742,1.7556,1.7341,1.7116,1.6882,1.6647,1.6364,1.6051,1.5787,1.5582,1.5337,1.5093,1.4888,1.4692,1.4467,1.4262,1.4076,1.39,1.3734,1.3568,1.3451,1.3353,1.3216,1.3069,1.2923,1.2747,1.2561,1.2405,1.2287,1.2248,1.2385,1.2757,1.3382,1.4135,1.5054,1.6266,1.7693,1.9208,2.0714,2.2121,2.3392,2.4467,2.5318,2.6012,2.6559,2.6911,2.7107,2.7243,2.7351,2.7429,2.7488,2.7566,2.7625,2.7615,2.7546,2.739,2.7097,2.6667,2.6188,2.566,2.4995,2.4233,2.3392,2.2522,2.1652,2.085,2.0117,1.9443,1.8837,1.8348,1.8045,1.7869,1.7781,1.7781,1.7781,1.7742,1.7654,1.7507,1.7292,1.6999,1.6667,1.6354,1.608,1.5836,1.5611,1.5376,1.5132,1.4868,1.4614,1.436,1.4106,1.39,1.3715,1.3539,1.3324,1.3138,1.2981,1.2825,1.2698,1.26,1.2512,1.2424,1.2336,1.2248,1.217,1.2082,1.2063,1.2219,1.2522,1.3001,1.3783,1.4858,1.6149,1.7595,1.913,2.0665,2.2092,2.3333,2.437,2.5181,2.5709,2.6012,2.6227,2.6334,2.6344,2.6315,2.6256,2.6188,2.607,2.5885,2.5689,2.5503,2.5288,2.5015,2.4653,2.4164,2.3568,2.2874,2.2102,2.13,2.0547,1.9844,1.9198,1.8651,1.8211,1.7918,1.7722,1.7586,1.7498,1.7478,1.7468,1.7419,1.7351,1.7234,1.7058,1.6843,1.6608,1.6354,1.61,1.5846,1.5591,1.5386,1.52,1.5024,1.4858,1.4692,1.4506,1.4282,1.4066,1.3842,1.3646,1.348,1.3275,1.3069,1.2903,1.2786,1.2678,1.259,1.2502,1.2414,1.2356,1.2346,1.2405,1.2532,1.2805,1.3333,1.4174,1.5298,1.6637,1.8152,1.9756,2.132,2.2766,2.4008,2.4995,2.5699,2.6197,2.6588,2.6843,2.7019,2.7107,2.7107,2.7067,2.6979,2.6872,2.6735,2.6549,2.6334,2.6061,2.5718,2.5298,2.478,2.4145,2.3412,2.261,2.1799,2.1046,2.0342,1.9717,1.9218,1.8847,1.8553,1.8309,1.8123,1.7996,1.7889,1.7771,1.7634,1.7498,1.739,1.7253,1.7107,1.6989,1.6852,1.6657,1.6432,1.6197,1.5934,1.566,1.5396,1.5161,1.4927,1.4682,1.4477,1.4291,1.4164,1.4057,1.392,1.3763,1.3607,1.3441,1.3275,1.3109,1.2972,1.2854,1.2757,1.2669,1.262,1.2659,1.2825,1.3196,1.3881,1.4907,1.6217,1.7761,1.9394,2.0997,2.2483,2.3783,2.4868,2.563,2.6178,2.6657,2.7048,2.7341,2.7556,2.7703,2.7801,2.782,2.7791,2.7732,2.7625,2.7449,2.7234,2.6979,2.6667,2.6266,2.5758,2.5152,2.4457,2.3715,2.2972,2.2209,2.1457,2.0753,2.0166,1.9687,1.9247,1.8886,1.8592,1.8368,1.8172,1.8016,1.7898,1.7801,1.7713,1.7625,1.7595,1.7566,1.7429,1.7224,1.695,1.6637,1.6325,1.6051,1.5816,1.5582,1.5367,1.5181,1.5015,1.4888,1.479,1.4663,1.4516,1.437,1.4223,1.4066,1.391,1.3754,1.3578,1.3412,1.3294,1.3236,1.3245,1.3343,1.3646,1.4242,1.5161,1.6364,1.7771,1.9316,2.089,2.2395,2.3734,2.4848,2.566,2.6237,2.6725,2.7097,2.738,2.7566,2.7654,2.7703,2.7703,2.7664,2.7605,2.7537,2.7449,2.7312,2.7126,2.6872,2.651,2.6041,2.5474,2.4819,2.4086,2.3294,2.2502,2.176,2.1056,2.0469,1.999,1.955,1.9179,1.8876,1.8641,1.8446,1.8289,1.8182,1.8074,1.7937,1.7771,1.7615,1.7458,1.7243,1.6979,1.6686,1.6403,1.6149,1.5904,1.567,1.5455,1.5249,1.5024,1.478,1.4555,1.437,1.4145,1.391,1.3715,1.3539,1.3392,1.3284,1.3187,1.3079,1.2952,1.2825,1.2766,1.2776,1.2874,1.3157,1.3705,1.4545,1.567,1.7028,1.8514,2.0059,2.1554,2.2903,2.3949,2.4741,2.5445,2.6031,2.65,2.6872,2.7136,2.7302,2.739,2.74,2.7361,2.7283,2.7185,2.7058,2.6882,2.6676,2.6413,2.607,2.565,2.5142,2.4536,2.3851,2.3099,2.2287,2.1476,2.0802,2.0235,1.9658,1.913,1.869,1.8377,1.8192,1.8055,1.7947,1.7859,1.7771,1.7693,1.7576,1.7439,1.7292,1.7097,1.6882,1.6637,1.6344,1.6022,1.5709,1.5435,1.522,1.5034,1.4858,1.4731,1.4633,1.4467,1.4272,1.4057,1.3812,1.3587,1.3402,1.3226,1.3079,1.2933,1.2776,1.2659,1.26,1.259,1.263,1.2786,1.3118,1.3685,1.4516,1.5591,1.6891,1.8328,1.9824,2.1281,2.2473,2.346,2.4379,2.5132,2.5699,2.6119,2.6432,2.6647,2.6755,2.6764,2.6735,2.6676,2.6608,2.652,2.6393,2.6237,2.6002,2.5689,2.5279,2.4741,2.4106,2.3382,2.259,2.1769,2.0987,2.0362,1.9834,1.9335,1.8915,1.8583,1.8358,1.8211,1.8104,1.8016,1.7928,1.783,1.7703,1.7537,1.738,1.7224,1.7028,1.6813,1.6588,1.6354,1.6129,1.5914,1.5728,1.5543,1.5347,1.5132,1.4946,1.478,1.4575,1.436,1.4135,1.3949,1.3734,1.3529,1.3392,1.3284,1.3187,1.3099,1.304,1.305,1.3148,1.3372,1.3773,1.4409,1.5269,1.6315,1.7507,1.8798,2.0108,2.1359,2.2463,2.3304,2.3949,2.4545,2.5015,2.5367,2.5621,2.5767,2.5816,2.5806,2.5758,2.5699,2.5591,2.5425,2.5239,2.5034,2.4741,2.434,2.3861,2.3294,2.2669,2.1965,2.1232,2.0518,1.9844,1.9238,1.8778,1.8456,1.8221,1.8065,1.7947,1.7849,1.7761,1.7683,1.7605,1.7507,1.738,1.7224,1.7048,1.6921,1.6804,1.6628,1.6422,1.6207,1.5982,1.5758,1.5533,1.5288,1.5024,1.48,1.4614,1.4477,1.437,1.4242,1.4125,1.4008,1.391,1.3822,1.3636,1.35,1.3382,1.3206,1.3148,1.3079,1.2962,1.2874,1.2805,1.2805,1.2942,1.3324,1.4008,1.5015,1.6325,1.7859,1.9531,2.0997,2.2297,2.3636,2.4868,2.5924,2.6755,2.7361,2.7781,2.8035,2.8162,2.8221,2.8211,2.8133,2.8016,2.7898,2.7801,2.7693,2.7586,2.7449,2.7253,2.696,2.653,2.5963,2.5318,2.4575,2.3842,2.3148,2.2434,2.174,2.1105,2.0557,2.0088,1.9697,1.9394,1.9159,1.8974,1.8798,1.8651,1.8524,1.8368,1.8172,1.7967,1.7595,1.7341,1.7107,1.6755,1.653,1.6295,1.6051,1.5836,1.567,1.5464,1.5249,1.5044,1.4829,1.4604,1.4379,1.4008,1.3754,1.3539,1.3314,1.3255,1.3187,1.3079,1.3021,1.3011,1.3089,1.3314,1.3773,1.4477,1.5445,1.6637,1.7781,1.8954,2.0303,2.1662,2.2942,2.4057,2.4976,2.5689,2.6197,2.6549,2.6784,2.6921,2.695,2.6911,2.6852,2.6804,2.6755,2.6696,2.6628,2.653,2.6373,2.61,2.5709,2.523,2.4643,2.4027,2.3372,2.263,2.1838,2.1056,2.0362,1.9765,1.9277,1.8876,1.8563,1.8328,1.8152,1.8055,1.7986,1.7908,1.7791,1.7615,1.7419,1.7204,1.6979,1.6755,1.653,1.6295,1.607,1.5836,1.567,1.5523,1.5337,1.5152,1.4976,1.4819,1.4643,1.4438,1.4242,1.4027,1.3803,1.3597,1.3441,1.3304,1.3138,1.2972,1.2796,1.263,1.2512,1.2454,1.2522,1.2786,1.3314,1.4154,1.5288,1.6442,1.7654,1.9081,2.0557,2.1984,2.3294,2.4409,2.5308,2.6022,2.6579,2.697,2.7224,2.7351,2.741,2.7458,2.7468,2.7429,2.74,2.7361,2.7302,2.7195,2.7009,2.6725,2.6315,2.5787,2.5093,2.4301,2.3509,2.2708,2.1935,2.1202,2.0528,1.9922,1.9384,1.8935,1.8602,1.8368,1.8192,1.8055,1.7928,1.783,1.7752,1.7634,1.7468,1.7283,1.7077,1.6872,1.6657,1.6442,1.6227,1.6041,1.5885,1.5689,1.5464,1.523,1.5005,1.477,1.4526,1.4291,1.4047,1.3812,1.3627,1.35,1.3421,1.3343,1.3265,1.3196,1.3118,1.305,1.2972,1.2923,1.2913,1.3001,1.3245,1.3597,1.4115,1.4878,1.5855,1.7028,1.8319,1.9629,2.0899,2.2072,2.3109,2.3969,2.4653,2.5181,2.5513,2.5718,2.5855,2.5904,2.5894,2.5836,2.5718,2.5552,2.5357,2.5152,2.4927,2.4643,2.434,2.3978,2.349,2.2923,2.2307,2.1681,2.1036,2.0411,1.9824,1.9296,1.8837,1.8446,1.8143,1.7957,1.7849,1.7761,1.7674,1.7595,1.7527,1.7449,1.738,1.7292,1.7155,1.6979,1.6784,1.6608,1.6452,1.6246,1.6002,1.5748,1.5533,1.5357,1.5191,1.5034,1.4888,1.4741,1.4594,1.4448,1.434,1.4213,1.4047,1.3891,1.3734,1.3587,1.3441,1.3294,1.3167,1.3069,1.3001,1.3001,1.3118,1.3372,1.3842,1.4585,1.5582,1.6804,1.8172,1.9589,2.0987,2.2278,2.3412,2.434,2.5064,2.5543,2.5855,2.61,2.6285,2.6373,2.6383,2.6354,2.6295,2.6237,2.6168,2.6061,2.5904,2.5718,2.5474,2.5142,2.4702,2.4154,2.35,2.2776,2.2023,2.1271,2.0587,2.001,1.9541,1.9179,1.8925,1.8739,1.8573,1.8416,1.827,1.8123,1.7986,1.784,1.7713,1.7586,1.741,1.7214,1.7048,1.6891,1.6706,1.65,1.6276,1.6012,1.5738,1.5455,1.5191,1.4966,1.478,1.4614,1.4457,1.435,1.4262,1.4145,1.4008,1.3871,1.3724,1.3597,1.35,1.3421,1.3343,1.3304,1.3324,1.3363,1.346,1.3685,1.4145,1.4878,1.5875,1.7097,1.8456,1.9883,2.1281,2.2571,2.3705,2.4653,2.5327,2.5787,2.6158,2.6432,2.6608,2.6676,2.6676,2.6637,2.6588,2.653,2.6461,2.6393,2.6285,2.6119,2.5894,2.5582,2.5191,2.4712,2.4125,2.3431,2.2669,2.1935,2.1241,2.0587,1.999,1.9531,1.9189,1.8895,1.8651,1.8495,1.8416,1.8338,1.8231,1.8104,1.7957,1.7781,1.7576,1.74,1.7243,1.7058,1.6843,1.6569,1.6266,1.5992,1.5728,1.5484,1.5279,1.5103,1.4936,1.477,1.4653,1.4555,1.4428,1.4282,1.4115,1.39,1.3636,1.3363,1.3109,1.2884,1.2717,1.259,1.2551,1.261,1.2776,1.3128,1.3773,1.4731,1.5934,1.7331,1.8866,2.0411,2.1877,2.3216,2.4233,2.5015,2.5758,2.6403,2.6901,2.7243,2.7458,2.7566,2.7615,2.7644,2.7654,2.7664,2.7625,2.7527,2.74,2.7243,2.7028,2.6725,2.6325,2.5826,2.523,2.4506,2.3695,2.2864,2.2063,2.1388,2.0811,2.0274,1.9814,1.9423,1.911,1.8856,1.8631,1.8426,1.8201,1.8016,1.7869,1.7722,1.7586,1.7439,1.7253,1.7038,1.6774,1.6452,1.61,1.5767,1.5503,1.5288,1.5083,1.4868,1.4702,1.4575,1.4438,1.4272,1.4076,1.3861,1.3636,1.3421,1.3255,1.3138,1.304,1.2952,1.2864,1.2825,1.2805,1.2757,1.2708,1.2727,1.2874,1.3255,1.3949,1.4936,1.6149,1.7546,1.9091,2.044,2.1623,2.2835,2.3949,2.4897,2.566,2.6256,2.6706,2.7028,2.7253,2.738,2.7449,2.7458,2.741,2.7322,2.7243,2.7126,2.695,2.6725,2.6422,2.5992,2.5474,2.4858,2.4145,2.3363,2.2639,2.1945,2.1232,2.0557,1.9932,1.9365,1.8886,1.8534,1.828,1.8094,1.7967,1.7869,1.7781,1.7713,1.7625,1.7458,1.7263,1.7048,1.6823,1.6588,1.6354,1.6119,1.5894,1.5679,1.5455,1.5249,1.5044,1.4809,1.4575,1.4321,1.4076,1.3881,1.3705,1.3539,1.3372,1.3236,1.3128,1.3011,1.2913,1.2845,1.2757,1.263,1.2512,1.2414,1.2366,1.2434,1.2688,1.3167,1.391,1.4917,1.5992,1.7165,1.8583,2.0088,2.1564,2.2923,2.4106,2.5073,2.5826,2.6403,2.6804,2.7058,2.7224,2.7292,2.7263,2.7214,2.7155,2.7067,2.6921,2.6735,2.65,2.6207,2.5826,2.5347,2.478,2.4203,2.3607,2.2893,2.2151,2.1427,2.0753,2.0166,1.9677,1.9277,1.8964,1.8729,1.8534,1.8377,1.826,1.8143,1.8025,1.7908,1.7781,1.7634,1.7468,1.7263,1.7048,1.6804,1.652,1.6227,1.5963,1.5738,1.5523,1.5337,1.521,1.5142,1.5112,1.5112,1.5171,1.5279,1.5396,1.5513,1.563,1.5728,1.5777,1.5758,1.5689,1.5582,1.5445,1.5298,1.5152,1.5015,1.4946,1.4995,1.5191,1.5484,1.5953,1.6696,1.7644,1.8807,2.0108,2.1437,2.2708,2.3851,2.4809,2.5533,2.6061,2.6403,2.6618,2.6784,2.6901,2.696,2.695,2.6911,2.6852,2.6745,2.6579,2.6383,2.6149,2.5846,2.5503,2.5083,2.4516,2.3812,2.3021,2.2209,2.1408,2.0645,1.9961,1.9374,1.8895,1.8543,1.8309,1.8152,1.8055,1.8006,1.7967,1.7908,1.784,1.7752,1.7615,1.741,1.7155,1.6872,1.6569,1.6305,1.609,1.5894,1.5718,1.5513,1.5298,1.5112,1.4946,1.477,1.4565,1.437,1.4174,1.4008,1.3842,1.3646,1.3451,1.3284,1.3138,1.303,1.2942,1.2854,1.2776,1.2698,1.262,1.2581,1.2639,1.2796,1.3109,1.3656,1.4487,1.5582,1.6901,1.8358,1.9863,2.132,2.263,2.3763,2.4594,2.522,2.5797,2.6276,2.6647,2.6931,2.7126,2.7224,2.7234,2.7204,2.7146,2.7077,2.6989,2.6852,2.6667,2.6422,2.607,2.5611,2.5044,2.4379,2.3685,2.3001,2.2317,2.1632,2.1007,2.0518,2.0127,1.9756,1.9423,1.914,1.8925,1.8739,1.8573,1.8397,1.8211,1.8045,1.7869,1.7674,1.7498,1.7331,1.7136,1.6921,1.6686,1.6432,1.6178,1.5914,1.567,1.5435,1.5181,1.4946,1.479,1.4673,1.4536,1.4389,1.4242,1.4115,1.3988,1.3851,1.3705,1.3539,1.3382,1.3226,1.3079,1.3001,1.2981,1.303,1.3206,1.3558,1.4145,1.4995,1.608,1.738,1.8827,2.0323,2.1779,2.2962,2.391,2.48,2.5591,2.6246,2.6745,2.7087,2.7322,2.7458,2.7527,2.7556,2.7556,2.7498,2.739,2.7283,2.7165,2.7019,2.6804,2.651,2.6119,2.564,2.5073,2.4438,2.3734,2.3001,2.2356,2.1769,2.1153,2.0557,2.001,1.955,1.9208,1.8983,1.8847,1.8739,1.8612,1.8475,1.8309,1.8152,1.7996,1.781,1.7586,1.7322,1.7019,1.6696,1.6383,1.607,1.5806,1.5601,1.5415,1.5288,1.5181,1.5054,1.4917,1.477,1.4604,1.4389,1.4125,1.3861,1.3617,1.3421,1.3284,1.3216,1.3187,1.3128,1.306,1.2991,1.2942,1.2991,1.3226,1.3675,1.4379,1.5357,1.6598,1.8035,1.9365,2.0616,2.1994,2.3314,2.4467,2.5455,2.6276,2.6872,2.7263,2.7498,2.7595,2.7605,2.7537,2.7449,2.738,2.7331,2.7292,2.7234,2.7146,2.7009,2.6716,2.6276,2.5758,2.5142,2.4418,2.3705,2.3011,2.2258,2.1505,2.0831,2.0254,1.9775,1.9404,1.912,1.8905,1.8729,1.8563,1.8426,1.8299,1.8162,1.8025,1.7879,1.7713,1.7517,1.7312,1.7058,1.6745,1.6403,1.6061,1.5738,1.5484,1.5298,1.5132,1.4976,1.4829,1.4673,1.4526,1.4379,1.4194,1.3969,1.3744,1.3539,1.3402,1.3314,1.3226,1.3148,1.3069,1.2991,1.2923,1.2864,1.2913,1.3138,1.3587,1.4301,1.5269,1.6276,1.7341,1.8602,1.9922,2.1193,2.2356,2.3382,2.4252,2.4927,2.5415,2.5758,2.5982,2.607,2.6061,2.6022,2.5963,2.5894,2.5787,2.5621,2.5425,2.52,2.4917,2.4575,2.4135,2.3597,2.3069,2.2542,2.1926,2.1261,2.0616,2.0029,1.9531,1.913,1.8837,1.8622,1.8436,1.827,1.8133,1.8025,1.7937,1.7859,1.7761,1.7615,1.7429,1.7224,1.7009,1.6794,1.6569,1.6344,1.6129,1.5943,1.5797,1.565,1.5474,1.5279,1.5073,1.4878,1.4702,1.4536,1.4379,1.4223,1.4076,1.3969,1.3832,1.3656,1.349,1.3353,1.3245,1.3157,1.3099,1.3079,1.3128,1.3284,1.3627,1.4203,1.4907,1.5777,1.694,1.827,1.9677,2.1075,2.2366,2.3519,2.4487,2.5269,2.5885,2.6344,2.6608,2.6725,2.6764,2.6745,2.6696,2.6618,2.65,2.6373,2.6217,2.6022,2.5777,2.5435,2.4976,2.4487,2.3949,2.3284,2.2581,2.1887,2.1202,2.0567,2.0029,1.9589,1.9238,1.8964,1.8759,1.8602,1.8465,1.8319,1.8152,1.7977,1.782,1.7664,1.7517,1.7361,1.7195,1.6999,1.6784,1.6588,1.6373,1.61,1.5797,1.5513,1.5259,1.5024,1.4809,1.4633,1.4467,1.4311,1.4154,1.3998,1.3891,1.3793,1.3675,1.3539,1.3412,1.3314,1.3226,1.3148,1.3069,1.303,1.3089,1.3284,1.3607,1.4125,1.4927,1.5992,1.7312,1.8788,2.0313,2.1799,2.3157,2.433,2.5308,2.607,2.6637,2.6979,2.7175,2.7312,2.738,2.741,2.7429,2.7439,2.74,2.7302,2.7185,2.7028,2.6804,2.65,2.6129,2.564,2.5044,2.437,2.3646,2.2874,2.2111,2.1398,2.0743,2.0186,1.9736,1.9384,1.913,1.8954,1.8788,1.8631,1.8475,1.8328,1.8172,1.8045,1.7908,1.7732,1.7527,1.7292,1.7087,1.6872,1.6637,1.6432,1.6188,1.5963,1.5738,1.5503,1.5269,1.5024,1.48,1.4585,1.4389,1.4252,1.4145,1.4027,1.3891,1.3754,1.3636,1.3539,1.346,1.3382,1.3324,1.3353,1.3509,1.3763,1.4184,1.4848,1.5748,1.6882,1.8182,1.957,2.0958,2.2287,2.348,2.4497,2.5337,2.5953,2.6295,2.6452,2.653,2.6549,2.652,2.6471,2.6413,2.6354,2.6285,2.6217,2.6109,2.5914,2.566,2.5337,2.4936,2.4457,2.3861,2.3177,2.2454,2.172,2.1036,2.043,1.9922,1.9501,1.9189,1.8983,1.8827,1.868,1.8534,1.8387,1.825,1.8113,1.7957,1.7771,1.7576,1.737,1.7126,1.6882,1.6657,1.6403,1.6139,1.5894,1.5709,1.5543,1.5386,1.5239,1.5103,1.4956,1.4819,1.4682,1.4575,1.4487,1.433,1.4135,1.391,1.3675,1.347,1.3314,1.3206,1.3138,1.3138,1.3255,1.3509,1.3969,1.4712,1.5679,1.6823,1.8094,1.9413,2.0714,2.1926,2.2981,2.3842,2.4516,2.5054,2.5406,2.5621,2.5777,2.5855,2.5855,2.5826,2.5777,2.5738,2.5699,2.5621,2.5494,2.5279,2.4976,2.4614,2.4135,2.3548,2.2884,2.216,2.1437,2.0753,2.0127,1.957,1.9101,1.871,1.8407,1.8201,1.8084,1.8006,1.7937,1.7869,1.7781,1.7654,1.7478,1.7292,1.7087,1.6882,1.6676,1.65,1.6344,1.6139,1.5934,1.5758,1.5572,1.5367,1.52,1.5044,1.4897,1.4731,1.4526,1.434,1.4154,1.392,1.3705,1.3519,1.3372,1.3265,1.3177,1.3099,1.303,1.2972,1.2981,1.3128,1.3372,1.3763,1.4409,1.5318,1.6413,1.7644,1.8944,2.0244,2.1476,2.2561,2.348,2.4194,2.4682,2.4995,2.5239,2.5415,2.5503,2.5513,2.5474,2.5425,2.5347,2.522,2.5034,2.48,2.4526,2.4233,2.3871,2.3392,2.2835,2.2239,2.1632,2.1007,2.0401,1.9834,1.9316,1.8886,1.8553,1.8309,1.8143,1.8006,1.7898,1.781,1.7732,1.7664,1.7576,1.7439,1.7273,1.7077,1.6882,1.6676,1.65,1.6344,1.6158,1.5982,1.5816,1.565,1.5484,1.5327,1.5181,1.5034,1.4888,1.4751,1.4643,1.4536,1.4379,1.4213,1.4037,1.3851,1.3685,1.3568,1.347,1.3392,1.3333,1.3333,1.346,1.3715,1.4174,1.4897,1.5836,1.697,1.8221,1.9511,2.0792,2.2053,2.3187,2.4106,2.4848,2.5357,2.5699,2.5982,2.6168,2.6285,2.6325,2.6305,2.6266,2.6207,2.6109,2.5953,2.5758,2.5464,2.5122,2.4741,2.4252,2.3675,2.305,2.2424,2.1799,2.1183,2.0626,2.0137,1.9707,1.9326,1.9052,1.8866,1.87,1.8543,1.8397,1.827,1.8172,1.8094,1.7986,1.783,1.7644,1.7439,1.7234,1.7058,1.6882,1.6676,1.6432,1.6188,1.5992,1.5826,1.5679,1.5533,1.5386,1.5239,1.5064,1.4888,1.4731,1.4565,1.4409,1.4262,1.4115,1.3978,1.3871,1.3803,1.3763,1.3783,1.3861,1.4076,1.4428,1.4976,1.5797,1.6833,1.8074,1.9413,2.0723,2.1975,2.3099,2.4047,2.4839,2.5494,2.5963,2.6305,2.6628,2.6901,2.7087,2.7185,2.7175,2.7107,2.6979,2.6813,2.6628,2.6403,2.6139,2.5826,2.5464,2.5015,2.4497,2.39,2.3275,2.263,2.1965,2.1339,2.0782,2.0283,1.9863,1.955,1.9326,1.914,1.8974,1.8827,1.868,1.8534,1.8397,1.826,1.8104,1.7918,1.7722,1.7517,1.7341,1.7185,1.6989,1.6735,1.6432,1.6139,1.5885,1.567,1.5494,1.5337,1.5181,1.5034,1.4927,1.4858,1.477,1.4653,1.4526,1.4389,1.4252,1.4096,1.3949,1.3842,1.3783,1.3861,1.4076,1.4467,1.5132,1.61,1.7302,1.8651,2.0098,2.1564,2.2942,2.4174,2.5249,2.6139,2.6813,2.7234,2.7478,2.7644,2.7703,2.7683,2.7615,2.7566,2.7546,2.7537,2.7507,2.7449,2.7341,2.7185,2.695,2.6637,2.6217,2.5679,2.5054,2.436,2.3607,2.2845,2.2111,2.1427,2.0821,2.0342,2,1.9736,1.9521,1.9345,1.9189,1.9032,1.8886,1.8729,1.8524,1.8299,1.8084,1.7879,1.7703,1.7546,1.7361,1.7146,1.6891,1.6628,1.6354,1.61,1.5865,1.566,1.5484,1.5308,1.5112,1.4966,1.4839,1.4673,1.4497,1.434,1.4194,1.4037,1.3871,1.3734,1.3627,1.3578,1.3617,1.3763,1.4096,1.4721,1.565,1.6833,1.8192,1.9658,2.1114,2.2473,2.3675,2.4682,2.5503,2.6129,2.651,2.6755,2.696,2.7097,2.7165,2.7204,2.7224,2.7234,2.7214,2.7155,2.7058,2.6921,2.6745,2.652,2.6207,2.5806,2.5298,2.4692,2.3998,2.3245,2.2483,2.174,2.1046,2.044,1.9902,1.9501,1.9189,1.8778,1.8348,1.8065,1.7849,1.7703,1.7556,1.738,1.7195,1.6999,1.6804,1.6618,1.6442,1.6217,1.5953,1.5709,1.5464,1.522,1.5005,1.4809,1.4614,1.4409,1.4242,1.4096,1.3988,1.3881,1.3724,1.3548,1.3372,1.3216,1.3069,1.2933,1.2776,1.263,1.2522,1.2454,1.2473,1.263,1.2962,1.3519,1.434,1.5406,1.6657,1.8025,1.9433,2.0802,2.2033,2.3089,2.3939,2.4516,2.4907,2.5239,2.5503,2.5699,2.5816,2.5875,2.5904,2.5924,2.5914,2.5875,2.5826,2.5728,2.5582,2.5386,2.5122,2.4751,2.4282,2.3724,2.3079,2.2346,2.1593,2.085,2.0137,1.9511,1.9032,1.8661,1.8338,1.8094,1.7918,1.781,1.7742,1.7674,1.7615,1.7537,1.741,1.7214,1.6999,1.6764,1.6481,1.6168,1.5865,1.5582,1.5318,1.5083,1.4888,1.4702,1.4506,1.4321,1.4203,1.4106,1.3959,1.3783,1.3607,1.3421,1.3226,1.303,1.2825,1.2659,1.2542,1.2444,1.2366,1.2326,1.2307,1.2278,1.2297,1.2444,1.2766,1.3304,1.4076,1.5073,1.6227,1.7478,1.8759,1.9873,2.085,2.1848,2.2766,2.3539,2.4164,2.4643,2.5005,2.5269,2.5455,2.5582,2.564,2.564,2.5591,2.5474,2.5318,2.5142,2.4917,2.4614,2.4262,2.3851,2.3363,2.2796,2.219,2.1584,2.1046,2.0538,2.002,1.9541,1.9101,1.869,1.8338,1.8025,1.7791,1.7634,1.7507,1.739,1.7263,1.7136,1.7009,1.6843,1.6657,1.6442,1.6217,1.5973,1.5718,1.5484,1.5249,1.4995,1.4751,1.4565,1.4418,1.4282,1.4145,1.4008,1.3871,1.3715,1.3558,1.3431,1.3294,1.3157,1.306,1.2972,1.2933,1.2913,1.2864,1.2815,1.2757,1.2688,1.262,1.2571,1.2581,1.2717,1.304,1.3578,1.4233,1.5034,1.607,1.7263,1.8514,1.9746,2.0899,2.1916,2.2747,2.3412,2.3949,2.435,2.4643,2.48,2.4878,2.4917,2.4907,2.4868,2.478,2.4633,2.4457,2.4272,2.4057,2.3783,2.3412,2.3001,2.2542,2.1975,2.1359,2.0694,2.0039,1.9443,1.8895,1.8416,1.8045,1.7781,1.7595,1.7468,1.739,1.7302,1.7155,1.7019,1.6901,1.6784,1.6696,1.6618,1.653,1.6403,1.6217,1.5973,1.5748,1.5552,1.5298,1.5024,1.4751,1.4477,1.4213,1.3978,1.3793,1.3715,1.3695,1.3617,1.3519,1.347,1.3451,1.3402,1.3363,1.3363,1.3363,1.3324,1.3265,1.3196,1.3109,1.3011,1.2923,1.2884,1.2913,1.3079,1.346,1.4106,1.5044,1.6227,1.7615,1.9101,2.0587,2.1975,2.3226,2.4311,2.5112,2.5699,2.6237,2.6686,2.7038,2.7292,2.7439,2.7507,2.7546,2.7546,2.7527,2.7498,2.7429,2.7341,2.7234,2.7058,2.6764,2.6364,2.5846,2.523,2.4536,2.3822,2.3128,2.2454,2.1799,2.1271,2.088,2.0547,2.0293,2.0108,2,1.9922,1.9834,1.9717,1.956,1.9355,1.9101,1.8866,1.8622,1.8319,1.7986,1.7634,1.7273,1.6901,1.6549,1.6266,1.6051,1.5865,1.5699,1.5582,1.5484,1.5357,1.522,1.5083,1.4956,1.4839,1.4702,1.4565,1.4438,1.434,1.4272,1.4203,1.4135,1.4057,1.3949,1.3851,1.3803,1.3832,1.4057,1.4555,1.5376,1.654,1.8045,1.9834,2.1525,2.3167,2.5005,2.6833,2.8534,3.0039,3.1271,3.2239,3.2981,3.3519,3.3861,3.4027,3.4037,3.39,3.3666,3.3363,3.2972,3.2512,3.2023,3.1486,3.085,3.0117,2.9326,2.8485,2.7605,2.6764,2.5914,2.4976,2.4008,2.3079,2.2209,2.1417,2.0743,2.0186,1.9746,1.9413,1.913,1.8847,1.8612,1.8426,1.8221,1.8006,1.7791,1.7566,1.7341,1.7107,1.6823,1.651,1.6207,1.5904,1.566,1.5455,1.52,1.4946,1.4721,1.4536,1.437,1.4213,1.4057,1.3891,1.3695,1.349,1.3275,1.3128,1.306,1.2981,1.2913,1.2835,1.2757,1.2688,1.263,1.2678,1.2923,1.3392,1.4145,1.5024,1.6041,1.7341,1.8798,2.0323,2.1808,2.3157,2.433,2.5308,2.609,2.6706,2.7165,2.7488,2.7664,2.7771,2.7898,2.8035,2.8143,2.8192,2.8182,2.8104,2.7967,2.7791,2.7556,2.7214,2.6823,2.6373,2.5797,2.5112,2.435,2.3539,2.2727,2.1916,2.1163,2.0508,1.9961,1.9521,1.9189,1.8944,1.8749,1.8563,1.8358,1.8152,1.7957,1.7781,1.7605,1.74,1.7185,1.697,1.6755,1.6549,1.6334,1.608,1.5806,1.5523,1.5249,1.5005,1.479,1.4585,1.4379,1.4164,1.3959,1.3763,1.3636,1.3548,1.3431,1.3314,1.3226,1.3109,1.2952,1.2786,1.259,1.2395,1.2248,1.219,1.2268,1.2532,1.3021,1.3636,1.437,1.5269,1.6266,1.7283,1.827,1.9179,1.9971,2.0616,2.1124,2.1476,2.172,2.1926,2.2082,2.218,2.2258,2.2297,2.2287,2.2258,2.2219,2.217,2.2111,2.2023,2.1877,2.1681,2.1437,2.1114,2.0714,2.0244,1.9726,1.9169,1.8612,1.8104,1.7664,1.7292,1.7038,1.6882,1.6784,1.6706,1.6647,1.6588,1.654,1.6491,1.6442,1.6373,1.6276,1.6158,1.6051,1.5943,1.5816,1.5679,1.5533,1.5396,1.5279,1.5171,1.5064,1.4976,1.4907,1.4839,1.478,1.4721,1.4643,1.4555,1.4457,1.436,1.4262,1.4164,1.4066,1.3978,1.391,1.3842,1.3783,1.3754,1.3754,1.3783,1.391,1.4194,1.4653,1.5279,1.608,1.7009,1.8006,1.9013,1.9971,2.0723,2.132,2.1887,2.2375,2.2737,2.3011,2.3206,2.3333,2.3402,2.3421,2.3392,2.3324,2.3245,2.3138,2.3021,2.2903,2.2747,2.2512,2.2209,2.1848,2.1427,2.0958,2.044,1.9912,1.9374,1.8905,1.8495,1.8074,1.7683,1.7351,1.7087,1.6911,1.6794,1.6716,1.6647,1.6588,1.653,1.6432,1.6334,1.6237,1.6109,1.5963,1.5777,1.5572,1.5376,1.522,1.5064,1.4917,1.4761,1.4585,1.4448,1.433,1.4194,1.4047,1.39,1.3793,1.3715,1.3627,1.3529,1.3441,1.3353,1.3265,1.3196,1.3167,1.3148,1.3118,1.3099,1.3167,1.3363,1.3715,1.4242,1.4927,1.5738,1.6647,1.7586,1.8407,1.912,1.9824,2.0479,2.1026,2.1457,2.1779,2.2004,2.2141,2.2239,2.2307,2.2366,2.2424,2.2454,2.2454,2.2444,2.2414,2.2346,2.2229,2.2043,2.1789,2.1476,2.1075,2.0606,2.0098,1.9629,1.9179,1.8719,1.8289,1.7908,1.7605,1.7351,1.7155,1.7009,1.6882,1.6784,1.6686,1.6579,1.6481,1.6383,1.6256,1.6119,1.5953,1.5767,1.5591,1.5415,1.5259,1.5132,1.5024,1.4888,1.477,1.4663,1.4536,1.4399,1.4252,1.4135,1.3998,1.3851,1.3734,1.3627,1.3509,1.3372,1.3245,1.3157,1.3099,1.304,1.3011,1.306,1.3236,1.3558,1.4047,1.4702,1.5503,1.6432,1.7429,1.8319,1.911,1.9922,2.0665,2.13,2.1818,2.2239,2.2571,2.2815,2.2991,2.3128,2.3216,2.3265,2.3265,2.3236,2.3226,2.3206,2.3157,2.3069,2.2952,2.2776,2.2532,2.304,2.3842,2.3881,2.3597,2.3138,2.2512,2.1808,2.1114,2.0489,1.9922,1.9443,1.9042,1.87,1.8407,1.8182,1.8035,1.7898,1.7722,1.7527,1.7322,1.7107,1.6891,1.6686,1.6471,1.6237,1.5973,1.5738,1.5513,1.5327,1.52,1.5064,1.4888,1.4692,1.4506,1.4311,1.4086,1.3861,1.3685,1.3519,1.3363,1.3255,1.3177,1.3069,1.2913,1.2757,1.2649,1.261,1.2698,1.2972,1.35,1.4301,1.5367,1.6647,1.7879,1.9062,2.0371,2.1672,2.2874,2.39,2.4741,2.5406,2.5914,2.6295,2.6579,2.6794,2.6921,2.6999,2.7077,2.7116,2.7116,2.7097,2.7048,2.695,2.6852,2.6735,2.651,2.6149,2.563,2.5044,2.4418,2.3636,2.2766,2.1887,2.1046,2.0293,1.9629,1.9062,1.8602,1.827,1.8045,1.7918,1.782,1.7683,1.7507,1.7312,1.7087,1.6833,1.6559,1.6305,1.607,1.5855,1.5679,1.5523,1.5406,1.5298,1.5112,1.4878,1.4633,1.4389,1.4125,1.3871,1.3636,1.3412,1.3206,1.3021,1.2884,1.2815,1.2747,1.2678,1.261,1.2522,1.2385,1.2229,1.2092,1.2014,1.2043,1.2268,1.2727,1.3294,1.4057,1.5152,1.6471,1.7908,1.9365,2.0733,2.1994,2.3089,2.3998,2.4731,2.5318,2.5699,2.5943,2.6149,2.6305,2.6422,2.652,2.6598,2.6657,2.6686,2.6686,2.6647,2.6559,2.6373,2.6119,2.5797,2.5347,2.478,2.4106,2.3353,2.259,2.1808,2.1065,2.0391,1.9785,1.9247,1.8837,1.8524,1.826,1.8074,1.7947,1.7849,1.7771,1.7674,1.7537,1.7361,1.7165,1.696,1.6755,1.6559,1.6334,1.6061,1.5777,1.5494,1.521,1.4966,1.477,1.4604,1.4448,1.4301,1.4135,1.3978,1.3851,1.3715,1.3558,1.3402,1.3255,1.3089,1.2942,1.2796,1.2649,1.2522,1.2424,1.2336,1.2297,1.2297,1.2326,1.2483,1.2835,1.3441,1.4291,1.5367,1.6647,1.8055,1.9472,2.0811,2.1867,2.2717,2.3519,2.4194,2.4721,2.5132,2.5445,2.5689,2.5865,2.5992,2.607,2.609,2.608,2.6041,2.5973,2.5865,2.5699,2.5474,2.5152,2.4741,2.4262,2.3705,2.305,2.2326,2.1574,2.0929,2.0391,1.9853,1.9374,1.8974,1.8631,1.8348,1.8152,1.8025,1.7928,1.784,1.7761,1.7683,1.7576,1.7419,1.7214,1.7155,1.7175,1.7038,1.6843,1.6667,1.6481,1.6295,1.6139,1.5992,1.5885,1.5797,1.5689,1.5572,1.5455,1.5327,1.52,1.5073,1.4946,1.4819,1.4702,1.4633,1.4594,1.4575,1.4545,1.4497,1.4448,1.437,1.4252,1.4115,1.4018,1.3998,1.4115,1.4418,1.4956,1.5611,1.6413,1.7468,1.8671,1.9932,2.1183,2.2356,2.3392,2.4282,2.5034,2.564,2.61,2.6383,2.652,2.6608,2.6647,2.6657,2.6628,2.6598,2.6569,2.652,2.6442,2.6325,2.6139,2.5865,2.5552,2.5181,2.4712,2.4154,2.3529,2.2884,2.2248,2.1642,2.1065,2.0547,2.0117,1.9756,1.9472,1.9238,1.9022,1.8847,1.8719,1.8622,1.8543,1.8456,1.8328,1.8172,1.7996,1.781,1.7605,1.74,1.7204,1.696,1.6696,1.6432,1.6168,1.5914,1.565,1.5396,1.5171,1.4956,1.477,1.4663,1.4594,1.4526,1.4457,1.4389,1.4311,1.4203,1.4106,1.4027,1.3949,1.3881,1.3783,1.3666,1.3607,1.3578,1.3568,1.3646,1.391,1.4409,1.5142,1.6119,1.7302,1.8622,1.999,2.132,2.2405,2.3284,2.4145,2.4917,2.5562,2.6061,2.6422,2.6686,2.6882,2.7019,2.7087,2.7136,2.7185,2.7195,2.7175,2.7165,2.7136,2.7058,2.6891,2.6628,2.6285,2.5855,2.5337,2.4721,2.4027,2.3392,2.2825,2.2258,2.1681,2.1153,2.0704,2.0342,2.0029,1.9756,1.9521,1.9326,1.915,1.8944,1.8768,1.8612,1.8446,1.826,1.8055,1.782,1.7576,1.7322,1.7067,1.6813,1.6559,1.6295,1.609,1.5904,1.5679,1.5445,1.521,1.5015,1.4848,1.4721,1.4594,1.4457,1.436,1.4282,1.4203,1.4164,1.4145,1.4106,1.4057,1.3998,1.391,1.3793,1.3705,1.3646,1.3685,1.3891,1.4301,1.4819,1.5464,1.6354,1.7439,1.8661,1.9932,2.1183,2.2356,2.3392,2.4272,2.4995,2.5572,2.5953,2.6207,2.6413,2.6569,2.6667,2.6716,2.6735,2.6745,2.6735,2.6676,2.6608,2.652,2.6383,2.6178,2.5914,2.5562,2.5122,2.4614,2.4008,2.3333,2.2639,2.1935,2.1241,2.0587,2.002,1.9589,1.9267,1.9003,1.8807,1.8671,1.8563,1.8485,1.8407,1.8309,1.8162,1.7986,1.781,1.7586,1.7361,1.7136,1.6882,1.6628,1.6364,1.6109,1.5846,1.5621,1.5445,1.5288,1.4927,1.4438,1.4125,1.391,1.3715,1.3548,1.3431,1.3333,1.3236,1.3118,1.3001,1.2913,1.2835,1.2727,1.2581,1.2473,1.2405,1.2326,1.2278,1.2317,1.2551,1.3001,1.3705,1.4653,1.5816,1.7116,1.8456,1.9619,2.0655,2.1701,2.2669,2.35,2.4184,2.4741,2.5161,2.5474,2.5699,2.5846,2.5924,2.5924,2.5875,2.5797,2.5718,2.564,2.5552,2.5425,2.522,2.4917,2.4526,2.4008,2.3382,2.2678,2.2023,2.1398,2.0733,2.0108,1.9531,1.9042,1.8661,1.8368,1.8162,1.8025,1.7928,1.784,1.7761,1.7703,1.7654,1.7595,1.7517,1.739,1.7204,1.695,1.6647,1.6325,1.6002,1.5699,1.5406,1.5191,1.5015,1.4819,1.4653,1.4497,1.436,1.4242,1.4115,1.3978,1.3842,1.3715,1.3617,1.3539,1.35,1.348,1.3431,1.3372,1.3304,1.3236,1.3167,1.3099,1.303,1.2981,1.2991,1.3138,1.3402,1.3812,1.4457,1.5327,1.6383,1.7908,1.9365,2.0411,2.1525,2.261,2.3597,2.4457,2.5191,2.5699,2.6041,2.6295,2.6442,2.65,2.6491,2.6452,2.6403,2.6325,2.6217,2.607,2.5894,2.5699,2.5445,2.5103,2.4702,2.4203,2.3597,2.2962,2.2326,2.1691,2.1075,2.0489,1.9941,1.9482,1.913,1.8866,1.8641,1.8456,1.8309,1.8201,1.8113,1.8035,1.7967,1.7898,1.7791,1.7634,1.7468,1.7263,1.6979,1.6667,1.6344,1.6061,1.5836,1.565,1.5484,1.5337,1.5191,1.5044,1.4907,1.48,1.4712,1.4594,1.4467,1.433,1.4194,1.4057,1.39,1.3734,1.3597,1.346,1.3314,1.3245,1.3206,1.3157,1.3099,1.3089,1.3216,1.3548,1.4115,1.4966,1.6061,1.7351,1.8749,1.999,2.1124,2.2326,2.346,2.4428,2.5249,2.5904,2.6393,2.6745,2.6989,2.7165,2.7273,2.7322,2.7312,2.7273,2.7253,2.7243,2.7214,2.7155,2.7019,2.6794,2.6461,2.6012,2.5455,2.4829,2.4213,2.3568,2.2864,2.216,2.1466,2.0821,2.0254,1.9775,1.9374,1.9032,1.8759,1.8553,1.8377,1.824,1.8133,1.8045,1.7937,1.7781,1.7576,1.7351,1.7136,1.6843,1.6579,1.6373,1.6149,1.5982,1.5846,1.567,1.5494,1.5318,1.5132,1.4907,1.4673,1.4457,1.4242,1.4027,1.3851,1.3724,1.3656,1.3627,1.3578,1.3519,1.3519,1.3548,1.3529,1.347,1.3372,1.3265,1.3216,1.3294,1.3509,1.39,1.4545,1.5445,1.6569,1.7918,1.9394,2.087,2.2248,2.348,2.4536,2.5396,2.607,2.651,2.6784,2.7009,2.7165,2.7263,2.7312,2.7341,2.7331,2.7292,2.7243,2.7165,2.7058,2.6911,2.6716,2.6442,2.6061,2.5582,2.5005,2.435,2.3636,2.2913,2.2229,2.1564,2.0938,2.0362,1.9902,1.9531,1.9189,1.8915,1.871,1.8534,1.8397,1.828,1.8133,1.7957,1.7761,1.7556,1.738,1.7214,1.697,1.6676,1.6383,1.6139,1.5924,1.5748,1.5591,1.5445,1.5269,1.5054,1.4839,1.4682,1.4536,1.436,1.4203,1.4066,1.3969,1.3842,1.3695,1.3548,1.3412,1.3275,1.3148,1.3089,1.306,1.3011,1.2972,1.2981,1.3089,1.3314,1.3715,1.4311,1.5132,1.6188,1.7419,1.871,1.9844,2.088,2.1975,2.3011,2.393,2.4692,2.5279,2.5709,2.6012,2.6217,2.6354,2.6393,2.6354,2.6334,2.6305,2.6256,2.6197,2.6119,2.5992,2.5787,2.5474,2.5054,2.4555,2.3949,2.3265,2.263,2.1994,2.129,2.0606,1.9971,1.9404,1.8954,1.8622,1.8407,1.828,1.8201,1.8123,1.8074,1.8025,1.7937,1.7781,1.7605,1.741,1.7204,1.6979,1.6716,1.6442,1.6197,1.5992,1.5816,1.5699,1.5601,1.5484,1.5357,1.522,1.5083,1.4946,1.4809,1.4653,1.4467,1.4252,1.4057,1.3959,1.3891,1.3793,1.3685,1.3597,1.3519,1.3451,1.3372,1.3304,1.3236,1.3167,1.3128,1.3177,1.3363,1.3715,1.4311,1.5152,1.6197,1.7419,1.871,2,2.1241,2.2385,2.3372,2.4184,2.4761,2.5171,2.5533,2.5836,2.6061,2.6207,2.6276,2.6276,2.6227,2.6129,2.5992,2.5826,2.564,2.5435,2.523,2.4985,2.4663,2.4213,2.3627,2.2933,2.218,2.1417,2.0694,2.0029,1.9472,1.9052,1.8759,1.8524,1.8358,1.826,1.8211,1.8182,1.8172,1.8143,1.8094,1.8025,1.7898,1.7761,1.7625,1.7439,1.7185,1.6921,1.6647,1.6393,1.6158,1.5934,1.5758,1.5601,1.5445,1.5318,1.5239,1.5161,1.5015,1.4878,1.477,1.4653,1.4516,1.4379,1.4282,1.4194,1.4086,1.3978,1.392,1.3891,1.3842,1.3763,1.3675,1.3646,1.3734,1.3988,1.4487,1.5239,1.6227,1.7361,1.8612,1.9775,2.085,2.2023,2.3167,2.4213,2.5132,2.5924,2.6549,2.7009,2.7331,2.7546,2.7674,2.7693,2.7674,2.7644,2.7576,2.7468,2.7341,2.7204,2.7067,2.6901,2.6676,2.6364,2.5934,2.5396,2.4858,2.4282,2.3587,2.2864,2.216,2.1476,2.086,2.0352,1.9941,1.9609,1.9345,1.915,1.8993,1.8856,1.8719,1.8563,1.8387,1.8211,1.8025,1.782,1.7605,1.739,1.7155,1.6911,1.6647,1.6403,1.6178,1.5894,1.563,1.5386,1.5142,1.4907,1.4721,1.4555,1.4438,1.436,1.4262,1.4184,1.4106,1.3988,1.3861,1.3724,1.3587,1.346,1.3324,1.3187,1.3079,1.303,1.3089,1.3343,1.3734,1.433,1.523,1.6364,1.7693,1.914,2.0606,2.2004,2.3265,2.437,2.5298,2.6061,2.6569,2.6891,2.7185,2.7419,2.7605,2.7742,2.781,2.784,2.7859,2.7869,2.783,2.7742,2.7605,2.741,2.7165,2.6882,2.652,2.6051,2.5308,2.4594,2.4018,2.3314,2.2561,2.1808,2.1105,2.0547,2.0108,1.9707,1.9384,1.913,1.8925,1.8749,1.8592,1.8446,1.8299,1.8133,1.7947,1.7781,1.7586,1.7312,1.6989,1.6667,1.6344,1.6051,1.5816,1.5591,1.5386,1.5191,1.4985,1.479,1.4663,1.4545,1.4379,1.4203,1.4037,1.3881,1.3734,1.3607,1.3509,1.3421,1.3343,1.3245,1.3167,1.3109,1.304,1.2972,1.2933,1.3021,1.3324,1.3871,1.4673,1.5728,1.7019,1.8436,1.9902,2.1163,2.2248,2.3333,2.4291,2.5103,2.5758,2.6285,2.6676,2.6931,2.7077,2.7146,2.7185,2.7165,2.7116,2.7097,2.7067,2.7019,2.6931,2.6804,2.6588,2.6266,2.5836,2.5308,2.4702,2.3998,2.3324,2.2678,2.1955,2.1212,2.0499,1.9853,1.9306,1.8905,1.8631,1.8465,1.8358,1.825,1.8143,1.8055,1.7947,1.7781,1.7576,1.7322,1.7048,1.6755,1.6461,1.6188,1.5924,1.5679,1.5455,1.5269,1.5103,1.4888,1.4673,1.4497,1.433,1.4174,1.4027,1.3881,1.3734,1.3587,1.3441,1.3353,1.3275,1.3157,1.3069,1.2981,1.2864,1.2737,1.2639,1.2551,1.2542,1.259,1.2747,1.3109,1.3597,1.4301,1.5308,1.653,1.7918,1.9394,2.086,2.2239,2.346,2.4467,2.5259,2.5836,2.6197,2.6413,2.6579,2.6696,2.6755,2.6843,2.694,2.697,2.696,2.6921,2.6823,2.6657,2.6422,2.6129,2.5758,2.5269,2.4682,2.3969,2.3167,2.2326,2.1466,2.0655,1.9932,1.9316,1.8837,1.8504,1.828,1.8133,1.8055,1.7977,1.7879,1.7801,1.7683,1.7507,1.7292,1.7028,1.6745,1.6471,1.6256,1.6031,1.5767,1.5503,1.522,1.4946,1.4692,1.4467,1.4282,1.4115,1.3949,1.3812,1.3724,1.3646,1.3529,1.3392,1.3245,1.3079,1.2903,1.2717,1.2551,1.2424,1.2326,1.2239,1.2151,1.2111,1.2092,1.2082,1.2151,1.2356,1.2786,1.35,1.4467,1.566,1.7009,1.8426,1.9844,2.1026,2.2023,2.3001,2.3871,2.4585,2.5152,2.5591,2.5924,2.6168,2.6334,2.6432,2.6461,2.6442,2.6373,2.6266,2.6109,2.5904,2.5621,2.5269,2.4848,2.433,2.3715,2.3021,2.2278,2.1486,2.0802,2.0235,1.9658,1.914,1.871,1.8368,1.8094,1.7908,1.7781,1.7674,1.7605,1.7546,1.7478,1.7429,1.738,1.7302,1.7165,1.697,1.6696,1.6364,1.6012,1.5699,1.5474,1.5279,1.5103,1.4985,1.4888,1.4761,1.4614,1.4428,1.4184,1.3988,1.3851,1.3705,1.3558,1.3402,1.3255,1.3138,1.306,1.2923,1.2786,1.2698,1.263,1.2678,1.2776,1.2942,1.3636,1.4819,1.5758,1.6598,1.7615,1.913,2.0694,2.2141,2.3803,2.5112,2.6109,2.6833,2.7351,2.7703,2.7918,2.7986,2.7986,2.7986,2.7986,2.7986,2.7947,2.7849,2.7722,2.7546,2.7283,2.694,2.653,2.6012,2.5484,2.4936,2.4282,2.3578,2.2864,2.216,2.1466,2.0811,2.0235,1.9756,1.9365,1.9052,1.8837,1.8671,1.8514,1.8358,1.8172,1.7947,1.7722,1.7488,1.7263,1.7038,1.6784,1.653,1.6285,1.609,1.5894,1.566,1.5455,1.523,1.5005,1.4819,1.4643,1.4467,1.4262,1.4066,1.3851,1.3666,1.3539,1.3392,1.3245,1.3118,1.3011,1.2884,1.2747,1.2639,1.2561,1.26,1.2835,1.3294,1.39,1.4721,1.5855,1.7224,1.8729,2.0264,2.1779,2.3157,2.435,2.5347,2.6149,2.6774,2.7185,2.7449,2.7674,2.7849,2.7957,2.8006,2.8035,2.8045,2.8055,2.8016,2.7918,2.7781,2.7576,2.7322,2.6999,2.6579,2.6022,2.5337,2.4565,2.3695,2.2805,2.1935,2.1144,2.044,1.9795,1.9306,1.8964,1.869,1.8475,1.8319,1.8182,1.8035,1.7879,1.7732,1.7566,1.7361,1.7146,1.6882,1.6637,1.6393,1.608,1.5758,1.5455,1.5171,1.4917,1.4712,1.4506,1.4291,1.4086,1.3871,1.3685,1.3519,1.3275,1.3021,1.2776,1.2542,1.2307,1.2072,1.1877,1.174,1.1642,1.1574,1.1574,1.1672,1.1887,1.2307,1.3001,1.3969,1.5161,1.6559,1.8084,1.9619,2.1085,2.2414,2.3539,2.435,2.4946,2.5484,2.5924,2.6276,2.6549,2.6745,2.6882,2.6989,2.7038,2.7028,2.697,2.6843,2.6657,2.6452,2.6217,2.5904,2.5494,2.4985,2.436,2.3627,2.2815,2.1984,2.1183,2.0459,1.9883,1.9423,1.9003,1.8631,1.8319,1.8065,1.7879,1.7752,1.7654,1.7566,1.7478,1.7361,1.7224,1.7058,1.6843,1.6579,1.6295,1.6031,1.5787,1.5572,1.5347,1.5112,1.4927,1.4712,1.4487,1.434,1.4233,1.4057,1.3851,1.3636,1.3412,1.3226,1.3069,1.2962,1.2864,1.2737,1.2581,1.2463,1.2385,1.2307,1.2248,1.2258,1.2414,1.2786,1.3431,1.437,1.5552,1.6931,1.8407,1.9902,2.1144,2.219,2.3255,2.4194,2.4927,2.5494,2.5894,2.6149,2.6315,2.6413,2.6442,2.6461,2.6452,2.6393,2.6325,2.6207,2.6012,2.5728,2.5347,2.4907,2.436,2.3705,2.3011,2.2297,2.1574,2.0938,2.0371,1.9785,1.9218,1.8719,1.8299,1.7996,1.781,1.7703,1.7625,1.7546,1.7468,1.741,1.7341,1.7214,1.7038,1.6813,1.652,1.6207,1.5894,1.5621,1.5406,1.522,1.5054,1.4858,1.4682,1.4555,1.4409,1.4262,1.4115,1.3959,1.3803,1.3656,1.35,1.3343,1.3187,1.305,1.2972,1.2874,1.2747,1.2639,1.2551,1.2502,1.2561,1.2737,1.3099,1.3705,1.4565,1.567,1.697,1.8192,1.9365,2.0665,2.1975,2.3167,2.4184,2.5044,2.5758,2.6344,2.6774,2.7048,2.7204,2.7243,2.7204,2.7146,2.7087,2.7019,2.694,2.6823,2.6647,2.6413,2.6061,2.5591,2.5015,2.434,2.3675,2.2991,2.2268,2.1554,2.087,2.0244,1.9677,1.9208,1.8817,1.8504,1.827,1.8094,1.7986,1.7898,1.7791,1.7703,1.7625,1.7507,1.7331,1.7107,1.6843,1.6559,1.6246,1.5894,1.5582,1.5386,1.5249,1.5083,1.4907,1.4741,1.4692,1.4712,1.4643,1.4526,1.4389,1.4223,1.4037,1.391,1.3783,1.3607,1.3392,1.3187,1.3011,1.2884,1.2854,1.2981,1.3324,1.3969,1.4936,1.6168,1.74,1.8661,2.0166,2.174,2.3265,2.4594,2.5699,2.6559,2.7195,2.7625,2.7898,2.8055,2.8113,2.8143,2.8182,2.8201,2.8211,2.8211,2.8211,2.8172,2.8055,2.784,2.7517,2.7077,2.6579,2.6012,2.5337,2.4565,2.3724,2.2893,2.2102,2.1388,2.0772,2.0274,1.9883,1.9589,1.9365,1.9189,1.9042,1.8876,1.869,1.8504,1.8289,1.8065,1.784,1.7605,1.737,1.7136,1.6901,1.6706,1.6481,1.6197,1.5894,1.5611,1.5327,1.5064,1.4839,1.4585,1.4321,1.4066,1.3822,1.3607,1.346,1.3363,1.3294,1.3245,1.3177,1.3079,1.2972,1.2884,1.2854,1.2981,1.3324,1.392,1.4653,1.5552,1.6735,1.8133,1.9677,2.1222,2.2688,2.4008,2.5142,2.609,2.6833,2.741,2.781,2.8035,2.8123,2.8172,2.8192,2.8201,2.8211,2.8172,2.8094,2.7996,2.7849,2.7634,2.7331,2.697,2.651,2.5924,2.5249,2.4477,2.3646,2.2796,2.1975,2.1222,2.0557,1.9961,1.9472,1.911,1.8866,1.869,1.8524,1.8377,1.827,1.8133,1.7947,1.7742,1.7517,1.7283,1.7048,1.6774,1.65,1.6227,1.5934,1.567,1.5435,1.5239,1.5064,1.4897,1.4712,1.4477,1.4203,1.393,1.3675,1.349,1.3382,1.3284,1.3157,1.2991,1.2815,1.263,1.2473,1.2356,1.2278,1.2278,1.2434,1.2727,1.3196,1.3939,1.4966,1.6246,1.7732,1.9326,2.089,2.2346,2.3646,2.4712,2.5513,2.6139,2.6549,2.6813,2.7058,2.7263,2.741,2.7478,2.7478,2.7429,2.7351,2.7214,2.7028,2.6794,2.652,2.6168,2.5689,2.5093,2.4379,2.3597,2.2766,2.1916,2.1114,2.042,1.9814,1.9316,1.8935,1.8661,1.8465,1.8328,1.824,1.8162,1.8084,1.8006,1.7889,1.7713,1.7498,1.7273,1.7048,1.6852,1.6676,1.6471,1.6227,1.5992,1.5758,1.5494,1.5249,1.5024,1.48,1.4526,1.4233,1.393,1.3675,1.349,1.3343,1.3265,1.3304,1.3519,1.3978,1.4663,1.5543,1.6588,1.7742,1.8915,1.9892,2.0714,2.1525,2.2248,2.2825,2.3255,2.3568,2.3763,2.3861,2.3871,2.3773,2.3587,2.3245,2.2805,2.2326,2.1769,2.1144,2.0459,1.9736,1.9003,1.8309,1.7674,1.7136,1.6696,1.6354,1.6129,1.6012,1.5973,1.5992,1.6031,1.609,1.6158,1.6188,1.6168,1.609,1.5953,1.5797,1.564,1.5494,1.5288,1.5073,1.4897,1.4702,1.4487,1.4301,1.4135,1.3978,1.3812,1.3656,1.3539,1.348,1.3451,1.3402,1.3343,1.3275,1.3206,1.3138,1.306,1.3001,1.2952,1.2933,1.2962,1.303,1.3118,1.3187,1.3196,1.3187,1.3157,1.3109,1.303,1.2893,1.2717,1.2542,1.2395,1.2307,1.2297,1.2405,1.2678,1.3196,1.4008,1.5132,1.654,1.8143,1.9863,2.1603,2.3245,2.4712,2.5836,2.6676,2.7429,2.8055,2.8553,2.8915,2.9169,2.9355,2.9482,2.958,2.9629,2.9619,2.958,2.9482,2.9345,2.9169,2.8895,2.8495,2.8006,2.7429,2.6755,2.6012,2.5249,2.4506,2.3763,2.3118,2.2571,2.2063,2.1603,2.1193,2.0841,2.0567,2.0362,2.0186,2.002,1.9863,1.9697,1.9482,1.9267,1.9052,1.8798,1.8524,1.826,1.7977,1.7693,1.7439,1.7204,1.695,1.6676,1.6413,1.6207,1.6051,1.5894,1.5748,1.5601,1.5455,1.5308,1.5161,1.4995,1.48,1.4594,1.4379,1.4174,1.4037,1.393,1.3803,1.3685,1.3627,1.3715,1.4018,1.4575,1.5386,1.6432,1.7683,1.9081,2.0352,2.1505,2.2708,2.3822,2.477,2.5533,2.6139,2.6588,2.6882,2.7048,2.7136,2.7175,2.7195,2.7185,2.7185,2.7204,2.7214,2.7175,2.7067,2.6862,2.654,2.6109,2.5582,2.4966,2.4272,2.3587,2.2933,2.2239,2.1544,2.089,2.0303,1.9824,1.9453,1.9179,1.8964,1.8788,1.8622,1.8465,1.8338,1.8201,1.8035,1.7879,1.7713,1.7517,1.7292,1.7038,1.6764,1.6481,1.6207,1.5973,1.5826,1.5709,1.5543,1.5347,1.5161,1.4956,1.4731,1.4506,1.4282,1.4057,1.3871,1.3724,1.3617,1.3558,1.3509,1.3412,1.3314,1.3226,1.3167,1.3206,1.3431,1.3871,1.4565,1.5543,1.6764,1.7957,1.915,2.0518,2.1916,2.3206,2.433,2.5279,2.6061,2.6696,2.7175,2.7527,2.7771,2.7898,2.7928,2.7937,2.7947,2.7928,2.7889,2.781,2.7693,2.7546,2.7351,2.7087,2.6725,2.6276,2.5767,2.52,2.4516,2.3754,2.2962,2.218,2.1222,2.0254,1.956,1.9062,1.868,1.8377,1.8152,1.7977,1.781,1.7634,1.7488,1.7351,1.7185,1.7009,1.6823,1.6637,1.6452,1.6266,1.6061,1.5875,1.5709,1.5523,1.5357,1.5181,1.4995,1.4809,1.4604,1.4409,1.4242,1.4066,1.3881,1.3763,1.3685,1.3617,1.3548,1.349,1.3421,1.3324,1.3196,1.3069,1.2962,1.2874,1.2845,1.2942,1.3167,1.3548,1.4184,1.5083,1.6178,1.74,1.8671,1.9892,2.0987,2.1926,2.2698,2.3294,2.3685,2.3939,2.4145,2.4301,2.4409,2.4497,2.4555,2.4565,2.4536,2.4497,2.4428,2.4311,2.4164,2.3978,2.3744,2.3431,2.303,2.2493,2.1867,2.1202,2.0528,1.9892,1.9335,1.8847,1.8446,1.8152,1.7908,1.7713,1.7586,1.7507,1.7468,1.7449,1.7419,1.738,1.7312,1.7195,1.7028,1.6804,1.6579,1.6373,1.6149,1.5924,1.5728,1.5572,1.5425,1.5259,1.5083,1.4927,1.479,1.4653,1.4555,1.4477,1.434,1.4184,1.4008,1.3822,1.3666,1.3548,1.3451,1.3372,1.3324,1.3275,1.3226,1.3196,1.3216,1.3255,1.3333,1.35,1.3812,1.4311,1.5015,1.5934,1.7038,1.825,1.9501,2.0577,2.1486,2.2385,2.3187,2.3851,2.4389,2.4819,2.5122,2.5327,2.5445,2.5503,2.5513,2.5474,2.5406,2.5337,2.5269,2.521,2.5112,2.4976,2.4761,2.4428,2.3998,2.3451,2.2796,2.2111,2.1496,2.0938,2.0362,1.9834,1.9413,1.9091,1.8856,1.8671,1.8514,1.8377,1.824,1.8113,1.7967,1.782,1.7674,1.7507,1.7322,1.7136,1.695,1.6745,1.65,1.6256,1.6002,1.5767,1.5591,1.5474,1.5376,1.5269,1.5152,1.5024,1.4897,1.4741,1.4565,1.4418,1.4282,1.4154,1.4027,1.39,1.3803,1.3724,1.3617,1.349,1.3363,1.3265,1.3206,1.3236,1.3421,1.3803,1.4399,1.522,1.607,1.697,1.8065,1.9257,2.045,2.1584,2.262,2.3539,2.4311,2.4917,2.5367,2.5679,2.5855,2.5924,2.5963,2.5982,2.5992,2.5992,2.5992,2.5992,2.5982,2.5914,2.5748,2.5513,2.52,2.4839,2.4428,2.392,2.3333,2.2678,2.1984,2.131,2.0674,2.0117,1.9668,1.9296,1.9003,1.8798,1.8641,1.8504,1.8368,1.824,1.8094,1.7918,1.7722,1.7527,1.7331,1.7126,1.6882,1.6637,1.6481,1.6344,1.6149,1.5943,1.5738,1.5543,1.5376,1.522,1.5034,1.4839,1.4673,1.4516,1.4399,1.4311,1.4174,1.3998,1.3822,1.3675,1.3568,1.348,1.3402,1.3324,1.3275,1.3245,1.3245,1.3324,1.347,1.3715,1.4174,1.4907,1.5914,1.7146,1.8504,1.9932,2.1359,2.2669,2.3812,2.4663,2.5318,2.5914,2.6393,2.6755,2.7028,2.7234,2.741,2.7566,2.7683,2.7742,2.7771,2.7761,2.7693,2.7546,2.7351,2.7097,2.6774,2.6364,2.5836,2.52,2.4467,2.3675,2.2874,2.2102,2.1447,2.089,2.0371,1.9951,1.9599,1.9326,1.911,1.8915,1.871,1.8504,1.828,1.8045,1.7801,1.7595,1.74,1.7155,1.6891,1.6618,1.6364,1.6109,1.5855,1.5601,1.5337,1.5064,1.478,1.4555,1.435,1.4125,1.392,1.3744,1.3607,1.35,1.3412,1.3333,1.3255,1.3187,1.3079,1.2952,1.2893,1.2864,1.2805,1.2747,1.2678,1.261,1.2542,1.2522,1.2639,1.2942,1.349,1.4301,1.5181,1.6178,1.7439,1.8827,2.0235,2.1544,2.2698,2.3666,2.4418,2.4966,2.5367,2.566,2.5855,2.5953,2.5982,2.6002,2.6012,2.6012,2.6012,2.5992,2.5953,2.5865,2.5679,2.5367,2.4946,2.4487,2.3969,2.3343,2.2639,2.1896,2.1163,2.0499,1.9892,1.9384,1.8964,1.8651,1.8416,1.827,1.8192,1.8133,1.8055,1.7967,1.7869,1.7732,1.7556,1.7331,1.7038,1.6725,1.6413,1.6119,1.5894,1.5718,1.5523,1.5298,1.5073,1.4897,1.4731,1.4585,1.4438,1.4291,1.4145,1.3998,1.3861,1.3754,1.3666,1.3568,1.348,1.3402,1.3324,1.3255,1.3187,1.3109,1.304,1.2952,1.2854,1.2825,1.2884,1.305,1.3402,1.3969,1.477,1.5806,1.7038,1.8358,1.9717,2.1036,2.2248,2.3187,2.391,2.4536,2.5044,2.5445,2.5728,2.5924,2.6061,2.6158,2.6227,2.6246,2.6217,2.6168,2.608,2.5924,2.5718,2.5455,2.5112,2.4673,2.4135,2.349,2.2776,2.2033,2.1281,2.0587,2.0049,1.9619,1.9228,1.8905,1.8651,1.8456,1.8289,1.8133,1.8006,1.7908,1.782,1.7742,1.7634,1.7507,1.737,1.7195,1.7009,1.6804,1.6579,1.6344,1.6119,1.5914,1.5738,1.5582,1.5435,1.5327,1.522,1.5054,1.4888,1.4731,1.4545,1.434,1.4174,1.3998,1.3812,1.3666,1.3558,1.348,1.348,1.3519,1.3519,1.348,1.346,1.349,1.3539,1.3666,1.4008,1.4614,1.5474,1.6559,1.7634,1.8729,2.001,2.1339,2.262,2.3763,2.4731,2.5513,2.609,2.6491,2.6755,2.6921,2.7009,2.7019,2.6989,2.697,2.696,2.694,2.6882,2.6774,2.6657,2.6491,2.6256,2.5924,2.5503,2.5044,2.4536,2.3939,2.3275,2.2561,2.1857,2.1193,2.0577,2.0049,1.9609,1.9286,1.9052,1.8866,1.8719,1.8592,1.8465,1.8328,1.8162,1.7957,1.7752,1.7546,1.7341,1.7126,1.6921,1.6716,1.654,1.6344,1.609,1.5826,1.5552,1.5279,1.5044,1.4848,1.4682,1.4536,1.4389,1.4242,1.4106,1.3998,1.391,1.3803,1.3695,1.3587,1.3441,1.3265,1.3109,1.3001,1.2913,1.2864,1.2933,1.3138,1.3539,1.4184,1.5103,1.6256,1.7605,1.9062,2.0508,2.1887,2.3138,2.4194,2.5054,2.5709,2.6119,2.6383,2.6618,2.6823,2.7009,2.7195,2.7351,2.7498,2.7644,2.7752,2.7801,2.7791,2.7703,2.7537,2.7283,2.694,2.6549,2.607,2.5503,2.4868,2.4194,2.3451,2.2717,2.2043,2.1388,2.0821,2.0323,1.9883,1.9521,1.9208,1.8944,1.8729,1.8534,1.8328,1.8104,1.7889,1.7683,1.7507,1.7351,1.7136,1.6872,1.6579,1.6295,1.6051,1.5846,1.565,1.5455,1.5249,1.5024,1.4819,1.4633,1.4399,1.4145,1.39,1.3705,1.3578,1.347,1.3382,1.3304,1.3196,1.3079,1.2981,1.2933,1.2874,1.2776,1.2688,1.261,1.2571,1.2639,1.2903,1.3421,1.4194,1.523,1.6452,1.7615,1.8759,2.0039,2.132,2.2522,2.3587,2.4487,2.522,2.5787,2.6217,2.652,2.6735,2.6891,2.697,2.7009,2.7048,2.7067,2.7077,2.7067,2.7009,2.6872,2.6667,2.6413,2.607,2.564,2.5171,2.4633,2.4008,2.3294,2.2532,2.1769,2.1026,2.0342,1.9736,1.9228,1.8817,1.8485,1.824,1.8065,1.7937,1.784,1.7742,1.7625,1.7478,1.7302,1.7107,1.6891,1.6628,1.6325,1.6012,1.5767,1.5562,1.5318,1.5054,1.479,1.4516,1.4242,1.3978,1.3783,1.3646,1.3548,1.346,1.3382,1.3343,1.3284,1.3177,1.305,1.2933,1.2835,1.2757,1.2669,1.2551,1.2424,1.2287,1.217,1.2131,1.2297,1.263,1.304,1.3607,1.4389,1.5376,1.65,1.7752,1.9062,2.0323,2.1515,2.2581,2.3382,2.3959,2.4477,2.4907,2.5239,2.5464,2.5611,2.5718,2.5836,2.5982,2.61,2.6178,2.6197,2.6197,2.6158,2.6041,2.5836,2.5533,2.5122,2.4614,2.4037,2.3363,2.2649,2.1935,2.1232,2.0645,2.0156,1.9687,1.9286,1.8954,1.869,1.8485,1.8319,1.8192,1.8094,1.7986,1.783,1.7683,1.7546,1.7361,1.7116,1.6872,1.6647,1.6432,1.6207,1.5982,1.5758,1.5513,1.5259,1.4995,1.478,1.4624,1.4487,1.435,1.4213,1.4096,1.4008,1.393,1.3861,1.3793,1.3724,1.3656,1.3617,1.3597,1.3558,1.3509,1.3451,1.3353,1.3206,1.3069,1.2981,1.2972,1.3099,1.3412,1.393,1.4545,1.5298,1.6305,1.7458,1.868,1.9902,2.1075,2.2131,2.304,2.3793,2.4379,2.4809,2.5054,2.5181,2.5269,2.5318,2.5337,2.5367,2.5386,2.5396,2.5376,2.5337,2.5269,2.5132,2.4907,2.4614,2.4262,2.3822,2.3294,2.2688,2.2004,2.1261,2.0528,1.9873,1.9306,1.8856,1.8534,1.8328,1.8211,1.8152,1.8104,1.8055,1.7996,1.7928,1.7849,1.7732,1.7566,1.739,1.7165,1.694,1.6716,1.6432,1.6149,1.5904,1.5718,1.5562,1.5415,1.5279,1.5142,1.5005,1.4868,1.4751,1.4682,1.4614,1.4516,1.4399,1.4242,1.4047,1.3871,1.3715,1.3568,1.3441,1.3353,1.3275,1.3236,1.3216,1.3206,1.3265,1.3441,1.3773,1.4311,1.5054,1.6012,1.7165,1.8436,1.9746,2.1026,2.2072,2.2942,2.3793,2.4565,2.523,2.5758,2.6168,2.6471,2.6696,2.6872,2.7009,2.7107,2.7146,2.7126,2.7116,2.7116,2.7077,2.696,2.6755,2.6471,2.6119,2.5679,2.5132,2.4497,2.3793,2.3128,2.2502,2.1848,2.1202,2.0616,2.0108,1.9687,1.9365,1.912,1.8954,1.8837,1.8729,1.8622,1.8524,1.8387,1.8221,1.8045,1.784,1.7595,1.7322,1.7048,1.6784,1.65,1.6227,1.5992,1.5826,1.5679,1.5503,1.5357,1.521,1.5073,1.4907,1.4721,1.4565,1.4389,1.4203,1.4057,1.3988,1.392,1.3803,1.3675,1.3529,1.3392,1.3294,1.3245,1.3284,1.349,1.3881,1.4487,1.5337,1.6246,1.7224,1.8397,1.9658,2.0919,2.2102,2.3157,2.4115,2.4976,2.566,2.6178,2.6569,2.6813,2.696,2.7097,2.7214,2.7312,2.738,2.741,2.7429,2.7439,2.741,2.7302,2.7136,2.6882,2.6559,2.6178,2.5699,2.5142,2.4516,2.3832,2.3089,2.2346,2.1603,2.0909,2.0303,1.9775,1.9374,1.9071,1.8817,1.8622,1.8456,1.8309,1.8162,1.8025,1.7898,1.7742,1.7566,1.7341,1.7058,1.6794,1.653,1.6207,1.5894,1.5601,1.5318,1.5054,1.4839,1.4624,1.4399,1.4184,1.3978,1.3842,1.3773,1.3705,1.3636,1.3568,1.348,1.3372,1.3245,1.3118,1.2962,1.2815,1.2708,1.262,1.2581,1.259,1.2698,1.3011,1.3558,1.436,1.5425,1.6696,1.8074,1.9501,2.088,2.2151,2.3138,2.3891,2.4575,2.5171,2.567,2.6061,2.6344,2.653,2.6647,2.6706,2.6735,2.6745,2.6755,2.6706,2.6608,2.653,2.6442,2.6305,2.609,2.5738,2.5259,2.4682,2.4018,2.3284,2.2551,2.1906,2.1349,2.0782,2.0254,1.9804,1.9423,1.911,1.8876,1.869,1.8524,1.8377,1.8231,1.8113,1.8006,1.7869,1.7693,1.7488,1.7263,1.7019,1.6755,1.652,1.6305,1.609,1.5865,1.5621,1.5406,1.522,1.4985,1.4731,1.4506,1.433,1.4174,1.4027,1.39,1.3803,1.3715,1.3636,1.3597,1.3568,1.346,1.3324,1.3167,1.3021,1.2933,1.2942,1.3118,1.348,1.4066,1.4888,1.5914,1.694,1.7957,1.913,2.0352,2.1525,2.259,2.3529,2.433,2.4985,2.5513,2.5914,2.6178,2.6315,2.6364,2.6393,2.6403,2.6413,2.6393,2.6373,2.6344,2.6276,2.6139,2.5904,2.5543,2.5073,2.4585,2.4047,2.3392,2.2669,2.1935,2.1212,2.0538,1.9961,1.9482,1.911,1.8837,1.8631,1.8495,1.8397,1.828,1.8152,1.8006,1.783,1.7644,1.7449,1.7243,1.7028,1.6764,1.6461,1.6158,1.5934,1.5787,1.565,1.5494,1.5308,1.5132,1.4976,1.4829,1.4692,1.4555,1.4379,1.4174,1.4008,1.3851,1.3705,1.3597,1.35,1.3382,1.3265,1.3177,1.3099,1.304,1.3079,1.3284,1.3695,1.4223,1.4897,1.5855,1.7048,1.8368,1.9746,2.1114,2.2405,2.3529,2.4457,2.523,2.5836,2.6227,2.6491,2.6725,2.6911,2.7058,2.7146,2.7195,2.7214,2.7195,2.7116,2.7009,2.6862,2.6686,2.6481,2.6227,2.5855,2.5347,2.4721,2.3988,2.3216,2.2434,2.1662,2.0958,2.0362,1.9873,1.9511,1.9267,1.9071,1.8905,1.8759,1.8592,1.8407,1.8211,1.8016,1.781,1.7605,1.74,1.7185,1.697,1.6764,1.652,1.6266,1.6002,1.5748,1.5503,1.5259,1.5015,1.479,1.4614,1.4418,1.4252,1.4115,1.3969,1.3803,1.3656,1.3548,1.3421,1.3294,1.3196,1.3089,1.2981,1.2913,1.2933,1.3069,1.3324,1.3754,1.4418,1.5318,1.6413,1.7664,1.8993,2.0303,2.1564,2.2727,2.3734,2.4477,2.5015,2.5513,2.5934,2.6246,2.6471,2.6628,2.6725,2.6774,2.6804,2.6784,2.6706,2.6598,2.6452,2.6276,2.6051,2.5738,2.5308,2.477,2.4135,2.3421,2.2669,2.1916,2.1202,2.0557,2.0039,1.9629,1.9238,1.8886,1.8573,1.8319,1.8133,1.7996,1.7859,1.7703,1.7556,1.741,1.7273,1.7136,1.695,1.6696,1.6403,1.61,1.5816,1.5572,1.5357,1.5152,1.4966,1.477,1.4536,1.433,1.4145,1.3949,1.3763,1.3597,1.3451,1.3304,1.3196,1.3109,1.303,1.2952,1.2884,1.2845,1.2825,1.2786,1.2786,1.2923,1.3245,1.3783,1.4555,1.5533,1.6696,1.7957,1.9257,2.0518,2.1544,2.2385,2.3206,2.39,2.4477,2.4946,2.5318,2.5591,2.5777,2.5894,2.5934,2.5914,2.5855,2.5777,2.5699,2.563,2.5523,2.5337,2.5034,2.4633,2.4125,2.3509,2.2786,2.2014,2.1251,2.0596,2.0049,1.9531,1.9081,1.8719,1.8436,1.8231,1.8074,1.7947,1.783,1.7722,1.7634,1.7556,1.7478,1.737,1.7214,1.7038,1.6833,1.6569,1.6285,1.6012,1.5738,1.5464,1.52,1.4966,1.48,1.4682,1.4555,1.4438,1.433,1.4213,1.4086,1.3949,1.3832,1.3705,1.3568,1.347,1.3421,1.3382,1.3294,1.3196,1.3109,1.3069,1.3138,1.3353,1.3773,1.4457,1.5406,1.654,1.7849,1.9052,2.0147,2.129,2.2375,2.3333,2.4125,2.4741,2.5181,2.5503,2.5738,2.5885,2.5982,2.6012,2.5992,2.5943,2.5885,2.5826,2.5748,2.5621,2.5415,2.5132,2.4761,2.4301,2.3744,2.3109,2.2502,2.1906,2.1232,2.0567,1.998,1.9482,1.9091,1.8817,1.8622,1.8475,1.8348,1.824,1.8133,1.8045,1.7928,1.7771,1.7586,1.739,1.7195,1.6989,1.6794,1.6579,1.6334,1.608,1.5846,1.565,1.5503,1.5318,1.5112,1.4936,1.478,1.4624,1.4477,1.4291,1.4096,1.392,1.3783,1.3695,1.3627,1.3558,1.349,1.3421,1.3363,1.3353,1.3421,1.3607,1.3969,1.4585,1.5455,1.6549,1.7644,1.8768,2.0098,2.1505,2.2884,2.4145,2.523,2.61,2.6735,2.7175,2.7488,2.7703,2.7791,2.7801,2.7801,2.7801,2.7801,2.7801,2.7761,2.7674,2.7537,2.7361,2.7107,2.6745,2.6325,2.5806,2.5152,2.4399,2.3607,2.2805,2.2004,2.1261,2.0635,2.0137,1.9746,1.9433,1.9208,1.9042,1.8905,1.8749,1.8543,1.8309,1.8084,1.7869,1.7644,1.7429,1.7195,1.695,1.6676,1.6432,1.6237,1.6012,1.5777,1.5543,1.5298,1.5054,1.4819,1.4614,1.4399,1.4184,1.3998,1.3822,1.3695,1.3627,1.3558,1.349,1.3421,1.3343,1.3275,1.3216,1.3226,1.3363,1.3685,1.4242,1.4907,1.5709,1.6823,1.8162,1.9589,2.0997,2.2346,2.3558,2.4585,2.5425,2.6119,2.6667,2.7067,2.7312,2.7449,2.7556,2.7605,2.7634,2.7605,2.7517,2.741,2.7302,2.7185,2.7038,2.6823,2.653,2.6149,2.565,2.5054,2.435,2.3578,2.2796,2.2004,2.1261,2.0596,2.001,1.9511,1.9101,1.8788,1.8543,1.8348,1.8211,1.8113,1.7986,1.782,1.7625,1.7419,1.7204,1.6989,1.6774,1.6588,1.6422,1.6217,1.5963,1.5699,1.5415,1.5152,1.4907,1.4653,1.4399,1.4164,1.3959,1.3803,1.3705,1.3636,1.3568,1.349,1.3421,1.3314,1.3148,1.2991,1.2874,1.2805,1.2845,1.3079,1.3451,1.3978,1.479,1.5875,1.7155,1.8563,2.001,2.1408,2.2698,2.3832,2.48,2.5611,2.6266,2.6706,2.696,2.7126,2.7214,2.7214,2.7165,2.7107,2.7038,2.697,2.6872,2.6735,2.6559,2.6364,2.61,2.5709,2.521,2.4575,2.3822,2.303,2.2229,2.1447,2.0694,1.999,1.9365,1.8827,1.8456,1.8211,1.8035,1.7918,1.782,1.7732,1.7654,1.7537,1.737,1.7185,1.6979,1.6764,1.6569,1.6344,1.607,1.5787,1.5513,1.5269,1.5054,1.4878,1.4712,1.4555,1.4409,1.4223,1.3988,1.3793,1.3646,1.35,1.3382,1.3294,1.3206,1.3128,1.3021,1.2854,1.2698,1.2581,1.2512,1.2532,1.2688,1.303,1.3597,1.4409,1.5445,1.6647,1.7957,1.9296,2.0587,2.176,2.2805,2.3607,2.4203,2.4731,2.5152,2.5464,2.5689,2.5826,2.5875,2.5865,2.5826,2.5767,2.5709,2.564,2.5533,2.5357,2.5093,2.4712,2.4213,2.3587,2.2884,2.2151,2.1398,2.0684,2.0049,1.9462,1.8993,1.8622,1.8289,1.8055,1.7908,1.7801,1.7703,1.7625,1.7537,1.74,1.7224,1.7028,1.6833,1.6657,1.65,1.6295,1.6061,1.5797,1.5562,1.5337,1.5122,1.4946,1.478,1.4633,1.4467,1.4311,1.4184,1.4047,1.391,1.3793,1.3695,1.3607,1.3529,1.346,1.3392,1.3304,1.3187,1.3079,1.3021,1.3011,1.304,1.3196,1.3539,1.4135,1.4976,1.6031,1.7263,1.8563,1.9883,2.1153,2.218,2.3011,2.3793,2.4467,2.5005,2.5396,2.5679,2.5875,2.6002,2.607,2.607,2.6031,2.5973,2.5894,2.5787,2.564,2.5435,2.5132,2.4731,2.4223,2.3597,2.2893,2.2151,2.1398,2.0684,2.0117,1.9658,1.9247,1.8925,1.8671,1.8475,1.8309,1.8172,1.8065,1.7977,1.7898,1.781,1.7674,1.7537,1.74,1.7224,1.7028,1.6833,1.6628,1.6413,1.6207,1.6012,1.5846,1.5689,1.5543,1.5435,1.5347,1.523,1.5103,1.4966,1.479,1.4585,1.435,1.4135,1.3939,1.3754,1.3607,1.35,1.3441,1.3412,1.3402,1.346,1.3636,1.3949,1.4477,1.5239,1.6197,1.7341,1.8641,1.999,2.1144,2.216,2.3216,2.4164,2.4976,2.566,2.6197,2.6588,2.6872,2.7087,2.7234,2.7302,2.7302,2.7214,2.7077,2.6921,2.6735,2.654,2.6305,2.6012,2.565,2.521,2.4682,2.4066,2.3372,2.2727,2.2141,2.1525,2.0919,2.0371,1.9922,1.956,1.9267,1.9052,1.8876,1.8719,1.8573,1.8387,1.8211,1.8055,1.7869,1.7674,1.7468,1.7263,1.7048,1.6843,1.6628,1.6403,1.6149,1.5894,1.5699,1.5543,1.5376,1.5191,1.5015,1.4848,1.4682,1.4497,1.4311,1.4145,1.3959,1.3773,1.3646,1.3587,1.3558,1.3509,1.347,1.348,1.3587,1.3871,1.4409,1.5181,1.6188,1.739,1.8729,1.9951,2.1065,2.2258,2.3402,2.4418,2.5259,2.5924,2.6422,2.6755,2.697,2.7097,2.7165,2.7165,2.7126,2.7107,2.7097,2.7077,2.7028,2.695,2.6823,2.6618,2.6344,2.5953,2.5415,2.4761,2.4106,2.3431,2.2669,2.1887,2.1124,2.044,1.9834,1.9335,1.8915,1.8592,1.8358,1.8172,1.8025,1.7918,1.783,1.7752,1.7634,1.7468,1.7273,1.7067,1.6852,1.6618,1.6334,1.6012,1.5689,1.5435,1.523,1.5005,1.478,1.4575,1.436,1.4164,1.3988,1.3832,1.3675,1.3529,1.3402,1.3324,1.3245,1.3128,1.2981,1.2835,1.2727,1.2669,1.2737,1.2991,1.35,1.4282,1.5337,1.6608,1.783,1.9022,2.0352,2.1681,2.2913,2.3969,2.4829,2.5513,2.6051,2.6471,2.6774,2.696,2.7019,2.7009,2.697,2.6891,2.6813,2.6725,2.6588,2.6413,2.6178,2.5855,2.5435,2.4917,2.4291,2.3646,2.3001,2.2268,2.1505,2.0772,2.0117,1.9531,1.9013,1.8573,1.8231,1.7986,1.783,1.7732,1.7664,1.7595,1.7527,1.7419,1.7253,1.7058,1.6852,1.6637,1.6422,1.6168,1.5875,1.5582,1.5347,1.5152,1.4946,1.4751,1.4575,1.4399,1.4203,1.4008,1.3842,1.3685,1.3529,1.3402,1.3324,1.3265,1.3157,1.3001,1.2825,1.2669,1.2532,1.2483,1.2581,1.2893,1.3451,1.4262,1.5327,1.6403,1.7527,1.8856,2.0235,2.1544,2.2717,2.3705,2.4467,2.5034,2.5445,2.5728,2.5904,2.5992,2.6041,2.608,2.61,2.609,2.6051,2.5992,2.5894,2.5718,2.5445,2.5064,2.4604,2.4027,2.3412,2.2766,2.2023,2.1232,2.045,1.9746,1.9159,1.868,1.8319,1.8065,1.7898,1.7781,1.7713,1.7654,1.7586,1.7517,1.741,1.7243,1.7058,1.6852,1.6618,1.6373,1.6139,1.5914,1.5709,1.5572,1.5464,1.5337,1.5181,1.4995,1.4809,1.4614,1.4399,1.4223,1.4057,1.39,1.3754,1.3646,1.3529,1.3382,1.3216,1.304,1.2884,1.2747,1.2669,1.2698,1.2874,1.3255,1.392,1.4829,1.5758,1.6764,1.7996,1.9326,2.0674,2.1965,2.3128,2.4106,2.4907,2.5533,2.5992,2.6295,2.6442,2.652,2.6598,2.6637,2.6618,2.6569,2.6491,2.6364,2.6149,2.5836,2.5445,2.4995,2.4545,2.4047,2.3431,2.2747,2.2033,2.1349,2.0694,2.0108,1.9638,1.9267,1.8993,1.8778,1.8602,1.8456,1.8328,1.8192,1.8055,1.7928,1.7801,1.7625,1.7429,1.7224,1.7009,1.6794,1.6569,1.6383,1.6217,1.6031,1.5875,1.5748,1.5611,1.5464,1.5298,1.5122,1.4966,1.4809,1.4663,1.4516,1.4399,1.4301,1.4184,1.4047,1.391,1.3763,1.3617,1.3509,1.3509,1.3695,1.4125,1.48,1.5562,1.6461,1.7674,1.9081,2.0547,2.1984,2.3314,2.4477,2.5474,2.6285,2.6921,2.738,2.7703,2.7869,2.7908,2.7928,2.7918,2.7898,2.7869,2.7801,2.7693,2.7546,2.7361,2.7097,2.6725,2.6315,2.5836,2.522,2.4545,2.3832,2.3128,2.2434,2.1769,2.1163,2.0616,2.0156,1.9785,1.9482,1.9277,1.912,1.8964,1.8817,1.8661,1.8514,1.8348,1.8152,1.7947,1.7732,1.7498,1.7243,1.7028,1.6813,1.6569,1.6334,1.609,1.5836,1.5621,1.5435,1.5269,1.5073,1.4868,1.4692,1.4526,1.4409,1.4311,1.4184,1.4047,1.391,1.3763,1.3617,1.349,1.3421,1.35,1.3822,1.4448,1.52,1.6119,1.7361,1.8788,2.0303,2.1808,2.3206,2.4428,2.5445,2.6276,2.6911,2.74,2.7752,2.7947,2.8045,2.8113,2.8143,2.8162,2.8152,2.8094,2.7986,2.7859,2.7683,2.7468,2.7195,2.6852,2.6432,2.5894,2.523,2.4477,2.3666,2.2874,2.2121,2.1417,2.0782,2.0264,1.9834,1.9492,1.9247,1.9062,1.8895,1.8719,1.8543,1.8348,1.8152,1.7986,1.7791,1.7576,1.7361,1.7146,1.696,1.6794,1.6598,1.6373,1.6109,1.5826,1.5543,1.5249,1.4956,1.4673,1.4438,1.4252,1.4086,1.3969,1.3871,1.3744,1.3607,1.348,1.3382,1.3294,1.3216,1.3157,1.3167,1.3333,1.3754,1.4321,1.5083,1.6168,1.7488,1.8964,2.0489,2.1975,2.3353,2.4536,2.5543,2.6344,2.6931,2.7292,2.7507,2.7654,2.7732,2.7752,2.7703,2.7605,2.7478,2.7361,2.7234,2.7058,2.6852,2.6608,2.6295,2.5894,2.5396,2.4819,2.4115,2.3343,2.2542,2.174,2.0968,2.0283,1.9717,1.9267,1.8925,1.868,1.8485,1.8328,1.8201,1.8084,1.7986,1.7898,1.7781,1.7615,1.7419,1.7204,1.697,1.6764,1.6569,1.6325,1.607,1.5826,1.5611,1.5396,1.5171,1.4985,1.48,1.4594,1.437,1.4184,1.4008,1.3812,1.3656,1.3578,1.3617,1.3822,1.4262,1.4927,1.5797,1.6843,1.8016,1.9228,2.0264,2.1153,2.2023,2.2796,2.3441,2.3969,2.4379,2.4663,2.4819,2.4721,2.4467,2.4291,2.4106,2.3891,2.3597,2.3187,2.2669,2.2072,2.1408,2.0684,1.999,1.9345,1.8729,1.8152,1.7625,1.7214,1.6911,1.6667,1.6491,1.6383,1.6354,1.6373,1.6422,1.6461,1.6461,1.6422,1.6334,1.6217,1.608,1.5904,1.5689,1.5445,1.523,1.5054,1.4868,1.4653,1.4389,1.4115,1.3832,1.3558,1.3363,1.3226,1.3089,1.2962,1.2864,1.2776,1.2698,1.2639,1.261,1.2581,1.2561,1.2551,1.2561,1.261,1.261,1.2581,1.2522,1.2463,1.2395,1.2317,1.2248,1.219,1.218,1.2248,1.2434,1.2708,1.3138,1.3861,1.4888,1.6188,1.7703,1.9355,2.1007,2.2561,2.393,2.5073,2.5992,2.6618,2.7048,2.7429,2.7732,2.7918,2.8016,2.8065,2.8045,2.7977,2.7889,2.7771,2.7644,2.7488,2.7283,2.7009,2.6647,2.6178,2.5572,2.4878,2.4145,2.3353,2.2571,2.1848,2.1183,2.0616,2.0176,1.9853,1.958,1.9365,1.9208,1.9091,1.8974,1.8837,1.868,1.8475,1.8221,1.7967,1.7732,1.7537,1.737,1.7175,1.697,1.6755,1.653,1.6315,1.609,1.5865,1.565,1.5425,1.522,1.5083,1.4976,1.4848,1.4731,1.4633,1.4545,1.4467,1.437,1.4252,1.4115,1.3978,1.3832,1.3705,1.3646,1.3666,1.3812,1.4154,1.477,1.565,1.6755,1.8045,1.9462,2.0919,2.2307,2.3578,2.4545,2.5288,2.5953,2.6471,2.6862,2.7146,2.7361,2.7546,2.7674,2.7742,2.7752,2.7703,2.7586,2.7419,2.7204,2.6931,2.6608,2.6227,2.5758,2.521,2.4604,2.3949,2.3236,2.2512,2.1818,2.1212,2.0665,2.0166,1.9775,1.9443,1.9189,1.8983,1.8807,1.8631,1.8446,1.828,1.8104,1.7947,1.7791,1.7605,1.74,1.7195,1.6979,1.6755,1.653,1.6295,1.6041,1.5787,1.5513,1.5269,1.5112,1.4995,1.4858,1.4721,1.4575,1.4428,1.4282,1.4154,1.4027,1.3891,1.3754,1.3607,1.35,1.3412,1.3314,1.3245,1.3265,1.348,1.3969,1.477,1.5855,1.7195,1.871,2.0303,2.1877,2.3177,2.4272,2.5318,2.6207,2.695,2.7527,2.7947,2.825,2.8475,2.8641,2.8759,2.8837,2.8856,2.8847,2.8847,2.8847,2.8807,2.869,2.8485,2.8162,2.7713,2.7146,2.6491,2.5738,2.4927,2.4164,2.3431,2.2678,2.1828,2.0968,2.0323,1.9844,1.9511,1.9277,1.9091,1.8954,1.8866,1.8807,1.8729,1.8602,1.8426,1.8201,1.7928,1.7615,1.7312,1.7028,1.6755,1.65,1.6276,1.6061,1.5885,1.5738,1.5562,1.5386,1.522,1.5034,1.4858,1.4712,1.4565,1.4428,1.4291,1.4154,1.4057,1.3978,1.3871,1.3754,1.3627,1.35,1.3382,1.3343,1.3451,1.3773,1.433,1.5122,1.6129,1.7136,1.8172,1.9384,2.0635,2.1808,2.2845,2.3724,2.4448,2.4985,2.5376,2.565,2.5836,2.5914,2.5924,2.5924,2.5894,2.5806,2.5679,2.5523,2.5347,2.5152,2.4927,2.4614,2.4194,2.3666,2.3138,2.2581,2.1916,2.1222,2.0528,1.9883,1.9316,1.8817,1.8397,1.8074,1.783,1.7644,1.7517,1.7419,1.7322,1.7243,1.7175,1.7107,1.7038,1.694,1.6794,1.6618,1.6432,1.6217,1.5963,1.5718,1.5503,1.5279,1.5044,1.4829,1.4663,1.4506,1.437,1.4233,1.4096,1.3959,1.3832,1.3734,1.3646,1.3539,1.3421,1.3314,1.3226,1.3148,1.3069,1.3001,1.2952,1.2942,1.3001,1.3216,1.3568,1.4115,1.4936,1.5973,1.7175,1.8495,1.9814,2.1065,2.2199,2.3196,2.4047,2.4721,2.5171,2.5464,2.5689,2.5855,2.5953,2.5973,2.5914,2.5816,2.5689,2.5523,2.5347,2.5122,2.4858,2.4585,2.4242,2.3842,2.3372,2.2825,2.2229,2.1584,2.0909,2.0254,1.9668,1.9179,1.8778,1.8485,1.827,1.8094,1.7937,1.7801,1.7664,1.7527,1.739,1.7283,1.7155,1.6999,1.6852,1.6745,1.6628,1.6471,1.6295,1.61,1.5904,1.5689,1.5474,1.5259,1.5073,1.4917,1.477,1.4633,1.4526,1.4438,1.435,1.4252,1.4154,1.4076,1.3998,1.393,1.3881,1.3822,1.3724,1.3607,1.3519,1.346,1.3412,1.3402,1.35,1.3783,1.4272,1.4976,1.5904,1.7028,1.8289,1.9589,2.089,2.1965,2.2854,2.3715,2.4438,2.4985,2.5357,2.5591,2.5728,2.5797,2.5826,2.5806,2.5728,2.5611,2.5484,2.5357,2.5191,2.4976,2.4702,2.437,2.3969,2.3529,2.3011,2.2405,2.173,2.1036,2.042,1.9902,1.9404,1.8993,1.869,1.8475,1.8328,1.826,1.8201,1.8123,1.8025,1.7908,1.7801,1.7664,1.7478,1.7292,1.7097,1.6901,1.6706,1.651,1.6315,1.61,1.5865,1.564,1.5406,1.5239,1.5152,1.5093,1.5044,1.5005,1.4946,1.4858,1.4741,1.4604,1.4457,1.4311,1.4164,1.4047,1.3949,1.3871,1.3793,1.3695,1.3627,1.3627,1.3763,1.4096,1.4653,1.5503,1.6628,1.7937,1.9198,2.045,2.1887,2.3333,2.4702,2.5934,2.6979,2.7849,2.8524,2.9013,2.9355,2.958,2.9677,2.9707,2.9717,2.9687,2.9619,2.9482,2.9286,2.9042,2.8768,2.8456,2.8094,2.7654,2.7126,2.6559,2.6618,2.6647,2.6647,2.6618,2.6569,2.6481,2.6354,2.6197,2.5982,2.5709,2.5396,2.5034,2.4555,2.3988,2.3343,2.2649,2.1955,2.129,2.0674,2.0147,1.9707,1.9355,1.913,1.8993,1.8866,1.8768,1.868,1.8583,1.8465,1.8309,1.8143,1.7977,1.7801,1.7615,1.74,1.7214,1.7038,1.6843,1.6667,1.651,1.6383,1.6266,1.6139,1.6012,1.5865,1.5689,1.5494,1.5347,1.5249,1.5122,1.4976,1.4858,1.478,1.4712,1.4653,1.4594,1.4536,1.4487,1.4418,1.434,1.433,1.4389,1.4526,1.4819,1.5327,1.6061,1.6989,1.8094,1.9306,2.0528,2.1691,2.2766,2.3607,2.4262,2.4868,2.5386,2.5797,2.608,2.6256,2.6344,2.6364,2.6344,2.6295,2.6217,2.6129,2.6031,2.5914,2.5767,2.5562,2.5269,2.4897,2.4448,2.392,2.3333,2.2727,2.2121,2.1535,2.1036,2.0616,2.0205,1.9853,1.956,1.9335,1.9169,1.9052,1.8954,1.8847,1.8739,1.8631,1.8514,1.8407,1.828,1.8133,1.7967,1.7761,1.7537,1.7322,1.7107,1.6911,1.6725,1.6569,1.6442,1.6364,1.6305,1.6227,1.6139,1.6041,1.5914,1.5767,1.563,1.5494,1.5367,1.5259,1.5152,1.5044,1.4976,1.4927,1.4858,1.48,1.4751,1.4721,1.4761,1.4917,1.5259,1.5836,1.6657,1.7683,1.87,1.9697,2.0821,2.1935,2.2952,2.3832,2.4555,2.5142,2.5621,2.5973,2.6217,2.6383,2.6452,2.6442,2.6403,2.6325,2.6237,2.6139,2.6022,2.5855,2.5621,2.5298,2.4897,2.4418,2.3881,2.3372,2.2874,2.2326,2.1789,2.1281,2.0821,2.042,2.0098,1.9873,1.9717,1.9629,1.957,1.9541,1.9511,1.9443,1.9355,1.9238,1.9071,1.8886,1.868,1.8475,1.827,1.8074,1.7879,1.7693,1.7556,1.7449,1.7312,1.7165,1.7019,1.6862,1.6706,1.6559,1.6422,1.6285,1.6168,1.6051,1.5982,1.5934,1.5855,1.5767,1.567,1.5582,1.5503,1.5455,1.5435,1.5435,1.5513,1.5767,1.6227,1.6774,1.7439,1.8328,1.9394,2.0587,2.1848,2.3138,2.435,2.5406,2.6285,2.697,2.7488,2.781,2.8006,2.8152,2.824,2.827,2.825,2.8211,2.8143,2.8025,2.7859,2.7634,2.7351,2.6999,2.6637,2.6207,2.565,2.4995,2.4252,2.349,2.2737,2.2014,2.1369,2.085,2.043,2.0098,1.9863,1.9687,1.9501,1.9345,1.9218,1.9091,1.8964,1.8827,1.8651,1.8436,1.8201,1.7957,1.7713,1.7507,1.7341,1.7165,1.6979,1.6794,1.6608,1.6422,1.6217,1.6012,1.5777,1.5533,1.5318,1.5171,1.5044,1.4907,1.477,1.4643,1.4516,1.4389,1.4282,1.4194,1.4135,1.4115,1.4184,1.4409,1.4761,1.5279,1.607,1.7126,1.8397,1.9785,2.1183,2.2522,2.3754,2.4848,2.5767,2.651,2.7038,2.741,2.7742,2.8016,2.8231,2.8387,2.8465,2.8475,2.8426,2.8328,2.8182,2.7986,2.7713,2.7419,2.7097,2.6686,2.6168,2.5562,2.4897,2.4194,2.348,2.2796,2.2141,2.1544,2.1046,2.0665,2.0371,2.0098,1.9863,1.9648,1.9462,1.9306,1.9169,1.9022,1.8837,1.8622,1.8387,1.8143,1.7947,1.7771,1.7566,1.737,1.7185,1.6989,1.6774,1.652,1.6266,1.6022,1.5787,1.5591,1.5464,1.5347,1.521,1.5083,1.4956,1.4829,1.4702,1.4575,1.4448,1.4321,1.4213,1.4145,1.4154,1.4291,1.4575,1.5083,1.5855,1.6891,1.8152,1.9531,2.0958,2.2366,2.3666,2.48,2.5758,2.6461,2.6979,2.7449,2.782,2.8113,2.8328,2.8465,2.8553,2.8583,2.8563,2.8485,2.8338,2.8143,2.7908,2.7595,2.7204,2.6745,2.6197,2.5582,2.4907,2.4194,2.348,2.2796,2.2141,2.1525,2.1046,2.0655,2.0274,1.9941,1.9658,1.9443,1.9306,1.9218,1.913,1.9022,1.8905,1.8749,1.8592,1.8436,1.8201,1.7928,1.7654,1.739,1.7155,1.6931,1.6706,1.65,1.6305,1.6119,1.5914,1.5728,1.5572,1.5406,1.5239,1.5093,1.4956,1.4829,1.4702,1.4575,1.4448,1.4321,1.4194,1.4135,1.4154,1.4252,1.4526,1.5024,1.5777,1.6764,1.7947,1.9257,2.0616,2.1975,2.3245,2.437,2.523,2.5914,2.6549,2.7077,2.7468,2.7742,2.7918,2.8006,2.8006,2.7928,2.7791,2.7634,2.7458,2.7273,2.7087,2.6872,2.6588,2.6217,2.5728,2.5142,2.4457,2.3715,2.2972,2.1926,2.0762,1.9971,1.9413,1.8964,1.8622,1.8358,1.8162,1.7986,1.7849,1.7732,1.7605,1.7468,1.7331,1.7224,1.7136,1.6989,1.6774,1.653,1.6246,1.5953,1.5679,1.5435,1.521,1.4995,1.478,1.4575,1.4418,1.4282,1.4096,1.3881,1.3666,1.347,1.3304,1.3157,1.305,1.2952,1.2835,1.2708,1.263,1.259,1.2551,1.2581,1.2786,1.3245,1.3959,1.4966,1.6237,1.7683,1.9247,2.0811,2.2297,2.349,2.4467,2.5396,2.6168,2.6784,2.7234,2.7527,2.7713,2.7801,2.781,2.7781,2.7732,2.7654,2.7527,2.7361,2.7155,2.6882,2.652,2.6041,2.5415,2.4663,2.3832,2.2981,2.216,2.1378,2.0743,2.0235,1.9775,1.9394,1.9091,1.8886,1.8749,1.8651,1.8553,1.8416,1.824,1.8025,1.783,1.7644,1.7419,1.7165,1.6901,1.6628,1.6354,1.607,1.5806,1.5572,1.5347,1.5132,1.4936,1.4819,1.4731,1.4594,1.4438,1.4262,1.4066,1.3861,1.3636,1.346,1.3333,1.3236,1.3167,1.3138,1.3138,1.3138,1.3177,1.3294,1.3597,1.4184,1.5073,1.6237,1.7615,1.914,2.0704,2.2043,2.3206,2.436,2.5415,2.6325,2.7077,2.7664,2.8094,2.8397,2.8583,2.868,2.869,2.8622,2.8524,2.8387,2.8211,2.7986,2.7664,2.7234,2.6725,2.6139,2.5484,2.477,2.4027,2.3275,2.2639,2.2072,2.1476,2.0899,2.0352,1.9873,1.9472,1.915,1.8905,1.8729,1.8573,1.8387,1.8192,1.8025,1.7869,1.7664,1.7429,1.7165,1.6901,1.6628,1.6354,1.607,1.5806,1.5572,1.5347,1.5191,1.5054,1.4878,1.4692,1.4487,1.4282,1.4076,1.3871,1.3666,1.347,1.3304,1.3157,1.3011,1.2913,1.2854,1.2786,1.2786,1.2923,1.3275,1.3871,1.4731,1.5855,1.7224,1.8739,2.0313,2.1691,2.2923,2.4184,2.5337,2.6315,2.7107,2.7713,2.8133,2.8377,2.8504,2.8534,2.8495,2.8436,2.8338,2.8182,2.8006,2.781,2.7586,2.7302,2.694,2.6471,2.5894,2.522,2.4457,2.3627,2.2903,2.2278,2.1613,2.0948,2.0342,1.9834,1.9404,1.9042,1.8759,1.8514,1.8309,1.8084,1.7879,1.7781,1.7693,1.7586,1.7439,1.7243,1.7009,1.6745,1.6481,1.6207,1.5934,1.567,1.5415,1.522,1.5054,1.4829,1.4594,1.437,1.3998,1.3548,1.3216,1.2962,1.2805,1.2688,1.2561,1.2424,1.2346,1.2287,1.2199,1.216,1.2209,1.2424,1.2884,1.3617,1.4653,1.5953,1.7439,1.9003,2.0352,2.1574,2.2845,2.4008,2.4985,2.5777,2.6364,2.6755,2.7009,2.7155,2.7204,2.7165,2.7038,2.6872,2.6676,2.6442,2.6149,2.5846,2.5523,2.5112,2.4614,2.4018,2.3333,2.2571,2.176,2.1036,2.0391,1.9765,1.9189,1.869,1.8299,1.8016,1.782,1.7693,1.7595,1.7507,1.74,1.7253,1.7146,1.7058,1.6931,1.6774,1.6608,1.6403,1.6168,1.5904,1.563,1.5376,1.5142,1.4956,1.4848,1.4741,1.4585,1.4399,1.4203,1.3998,1.3793,1.3607,1.3441,1.3284,1.3118,1.2952,1.2815,1.2747,1.2727,1.2717,1.2717,1.2786,1.305,1.3578,1.4418,1.5523,1.6843,1.8338,1.9902,2.1281,2.2493,2.3724,2.4848,2.5787,2.6579,2.7165,2.7546,2.7752,2.782,2.7801,2.7722,2.7615,2.7468,2.7243,2.7028,2.6862,2.6657,2.6383,2.6002,2.5513,2.4917,2.4223,2.3441,2.261,2.1877,2.1212,2.0518,1.9892,1.9394,1.9003,1.8719,1.8524,1.8397,1.8299,1.8211,1.8133,1.8074,1.7996,1.7849,1.7654,1.7419,1.7165,1.6891,1.6618,1.6344,1.6061,1.5787,1.5503,1.5239,1.5064,1.4917,1.4741,1.4545,1.434,1.4154,1.3988,1.3822,1.3636,1.3441,1.3236,1.303,1.2874,1.2757,1.2649,1.259,1.262,1.2805,1.3245,1.3939,1.4917,1.6168,1.7634,1.9218,2.0831,2.2199,2.3333,2.4438,2.5415,2.6197,2.6794,2.7234,2.7527,2.7693,2.7771,2.781,2.783,2.782,2.7781,2.7713,2.7586,2.74,2.7116,2.6735,2.6276,2.5738,2.5083,2.436,2.3578,2.2766,2.2082,2.1496,2.0899,2.0342,1.9853,1.9472,1.9179,1.8935,1.8719,1.8563,1.8416,1.8231,1.8074,1.7908,1.7664,1.739,1.7107,1.6833,1.6549,1.6276,1.6012,1.5777,1.5552,1.5337,1.5122,1.4966,1.4839,1.4653,1.4399,1.4115,1.3851,1.3617,1.3412,1.3255,1.3109,1.2942,1.2796,1.2698,1.2639,1.2571,1.2571,1.2698,1.3284,1.4008,1.4702,1.5767,1.7097,1.8602,2.0156,2.1652,2.2864,2.3871,2.4809,2.5601,2.6217,2.6686,2.7028,2.7243,2.739,2.7478,2.7507,2.7644,2.7801,2.7761,2.7586,2.7292,2.6891,2.6422,2.5904,2.5298,2.4585,2.3793,2.2913,2.2014,2.1163,2.045,1.9844,1.9277,1.8778,1.8377,1.8104,1.7928,1.7801,1.7693,1.7605,1.7478,1.7302,1.7136,1.6979,1.6764,1.652,1.6266,1.5982,1.5689,1.5396,1.5093,1.479,1.4497,1.4242,1.3998,1.3812,1.3666,1.348,1.3265,1.305,1.2825,1.26,1.2366,1.2151,1.1994,1.1857,1.173,1.1662,1.1632,1.1613,1.1681,1.1887,1.2297,1.2981,1.3978,1.5249,1.6725,1.8368,2.0049,2.1662,2.2981,2.4086,2.5112,2.5973,2.6637,2.7107,2.7419,2.7595,2.7664,2.7654,2.7615,2.7537,2.74,2.7195,2.6921,2.6569,2.6129,2.5582,2.4927,2.4174,2.3372,2.2551,2.174,2.0948,2.0283,1.9765,1.9316,1.8974,1.8739,1.8592,1.8475,1.8377,1.8289,1.8211,1.8113,1.7967,1.7781,1.7605,1.7449,1.7234,1.697,1.6686,1.6393,1.609,1.5787,1.5474,1.5249,1.5093,1.4936,1.4809,1.4643,1.4428,1.4203,1.3978,1.3724,1.347,1.3206,1.2942,1.2688,1.2473,1.2307,1.218,1.2121,1.2111,1.2141,1.2307,1.2737,1.347,1.4516,1.5846,1.739,1.9062,2.0743,2.2317,2.3558,2.4565,2.5513,2.6325,2.6999,2.7537,2.7918,2.8162,2.8289,2.8319,2.8289,2.8201,2.8035,2.782,2.7537,2.7185,2.6764,2.6266,2.567,2.4966,2.4194,2.3382,2.2571,2.1789,2.1046,2.045,1.9951,1.9541,1.9218,1.8944,1.871,1.8495,1.8309,1.8143,1.7947,1.7732,1.7507,1.7283,1.7087,1.694,1.6784,1.6608,1.6393,1.6129,1.5846,1.5543,1.5239,1.4936,1.4673,1.4438,1.4272,1.4125,1.3978,1.3822,1.3675,1.3539,1.3392,1.3226,1.303,1.2835,1.2659,1.2473,1.2307,1.2239,1.2287,1.2463,1.2854,1.3509,1.4477,1.5728,1.7195,1.8827,2.0528,2.217,2.3656,2.4819,2.5748,2.6618,2.7341,2.7898,2.8289,2.8524,2.8602,2.8583,2.8514,2.8387,2.8211,2.8006,2.7791,2.7546,2.7234,2.6823,2.6315,2.5689,2.4956,2.4115,2.3226,2.2385,2.1574,2.0753,2.0108,1.9687,1.9306,1.8983,1.8749,1.8592,1.8475,1.8377,1.8289,1.8192,1.8045,1.7859,1.7644,1.7449,1.7234,1.6989,1.6735,1.6491,1.6197,1.5865,1.5562,1.5269,1.4985,1.4692,1.4409,1.4203,1.4047,1.3871,1.3685,1.347,1.3284,1.3118,1.2952,1.2796,1.262,1.2454,1.2307,1.2219,1.2209,1.2326,1.262,1.3138,1.392,1.4995,1.6334,1.7879,1.955,2.1241,2.2874,2.433,2.5435,2.6276,2.7048,2.7693,2.8152,2.8416,2.8534,2.8553,2.8524,2.8465,2.8358,2.8192,2.7986,2.7752,2.7439,2.7009,2.6481,2.5865,2.5122,2.4262,2.3324,2.2405,2.1554,2.0762,2.0049,1.9521,1.912,1.8768,1.8495,1.8299,1.8162,1.8055,1.7967,1.7879,1.7781,1.7654,1.7488,1.7331,1.7175,1.694,1.6647,1.6266,1.5914,1.566,1.5376,1.5083,1.48,1.4516,1.4282,1.4086,1.3949,1.3842,1.3666,1.348,1.3314,1.3167,1.3021,1.2845,1.2659,1.2454,1.2229,1.2004,1.1828,1.174,1.174,1.1916,1.2375,1.3167,1.4311,1.5718,1.7322,1.9013,2.1036,2.2786,2.3959,2.4936,2.5718,2.652,2.7136,2.7498,2.7761,2.7908,2.7967,2.7957,2.7869,2.7693,2.7429,2.7116,2.6764,2.6354,2.5738,2.5142,2.4448,2.35,2.2805,2.2268,2.1427,2.0479,1.9756,1.9286,1.8974,1.8719,1.8553,1.8426,1.8309,1.8211,1.8123,1.8035,1.7937,1.7791,1.7595,1.7419,1.7253,1.7116,1.6931,1.6676,1.6432,1.6158,1.5865,1.5562,1.5249,1.4917,1.4575,1.4272,1.4057,1.391,1.3783,1.3675,1.3587,1.35,1.3421,1.3343,1.3324,1.3451,1.3763,1.433,1.5044,1.5934,1.7116,1.8504,1.998,2.1437,2.2796,2.3959,2.4917,2.565,2.6168,2.653,2.6745,2.6813,2.6774,2.6657,2.6461,2.6188,2.5836,2.5386,2.4809,2.4125,2.3372,2.2571,2.176,2.1056,2.045,1.9834,1.9277,1.8827,1.8465,1.8172,1.7928,1.7742,1.7615,1.7507,1.7419,1.7331,1.7273,1.7224,1.7155,1.7067,1.6921,1.6755,1.6588,1.6393,1.6139,1.5855,1.5552,1.5249,1.4995,1.479,1.4555,1.4321,1.4125,1.3949,1.3803,1.3685,1.3587,1.35,1.3421,1.3363,1.3314,1.3284,1.3314,1.3324,1.3294,1.3236,1.3167,1.306,1.2884,1.2678,1.2483,1.2326,1.2229,1.2239,1.2414,1.2874,1.3695,1.4868,1.6383,1.8192,2.0176,2.218,2.4106,2.5846,2.7322,2.826,2.8837,2.9443,2.9932,3.0254,3.044,3.0508,3.0508,3.0489,3.044,3.0362,3.0264,3.0117,2.9902,2.9619,2.9247,2.8768,2.8201,2.7546,2.6813,2.6041,2.523,2.4399,2.3617,2.2874,2.2229,2.1681,2.1193,2.0792,2.0459,2.0176,1.9892,1.9619,1.9365,1.9101,1.8837,1.8612,1.8407,1.8221,1.8035,1.7761,1.7439,1.7077,1.6706,1.6344,1.6031,1.5758,1.5503,1.5239,1.4976,1.478,1.4604,1.4399,1.4184,1.3959,1.3773,1.3597,1.3431,1.3255,1.305,1.2835,1.263,1.2463,1.2405,1.2493,1.2766,1.3284,1.4106,1.5259,1.6686,1.8309,2.0029,2.172,2.3284,2.4663,2.5709,2.6481,2.7155,2.7703,2.8133,2.8446,2.8661,2.8788,2.8837,2.8798,2.87,2.8534,2.8319,2.8094,2.783,2.7478,2.7038,2.65,2.5885,2.5191,2.4438,2.3636,2.2805,2.1984,2.1202,2.0567,2.0029,1.9531,1.911,1.8798,1.8612,1.8485,1.8377,1.8289,1.8162,1.7986,1.7781,1.7556,1.737,1.7185,1.695,1.6696,1.6432,1.6188,1.5934,1.565,1.5367,1.5093,1.4819,1.4545,1.4311,1.4106,1.3861,1.3627,1.3392,1.3157,1.2923,1.2688,1.2454,1.2219,1.1994,1.1799,1.172,1.1799,1.2111,1.2727,1.3675,1.4946,1.6471,1.8182,1.998,2.176,2.3402,2.4858,2.6129,2.7077,2.7761,2.8377,2.8856,2.9198,2.9404,2.9492,2.9472,2.9384,2.9267,2.913,2.8983,2.8798,2.8524,2.8201,2.7781,2.7224,2.6559,2.5797,2.4936,2.4018,2.3118,2.2239,2.1408,2.0665,2.0078,1.9638,1.9238,1.8905,1.8661,1.8504,1.8368,1.8201,1.8006,1.7791,1.7566,1.7322,1.7038,1.6784,1.6559,1.6315,1.607,1.5836,1.5582,1.5337,1.5103,1.4868,1.4614,1.433,1.4057,1.3861,1.3685,1.346,1.3206,1.2952,1.2708,1.2483,1.2317,1.219,1.2092,1.2004,1.1945,1.1945,1.2063,1.2356,1.2913,1.3773,1.4917,1.6295,1.7879,1.9541,2.1163,2.2698,2.4066,2.523,2.609,2.6725,2.7302,2.7742,2.8055,2.825,2.8309,2.826,2.8182,2.8065,2.7889,2.7664,2.74,2.7097,2.6706,2.6227,2.563,2.4927,2.4135,2.3245,2.2317,2.1427,2.0616,1.9902,1.9296,1.8856,1.8563,1.8338,1.8192,1.8074,1.7977,1.7683,1.7302,1.7038,1.6804,1.6579,1.6354,1.6168,1.6012,1.5806,1.5562,1.5298,1.5024,1.4741,1.4457,1.4174,1.3891,1.3607,1.3343,1.3099,1.2942,1.2864,1.2786,1.2717,1.2649,1.2571,1.2463,1.2307,1.2121,1.1955,1.1838,1.1779,1.1818,1.2004,1.2395,1.305,1.3988,1.5191,1.6608,1.8143,1.9697,2.1183,2.2532,2.3685,2.4653,2.5357,2.5816,2.6149,2.6373,2.65,2.6549,2.652,2.6432,2.6295,2.6119,2.5904,2.564,2.5337,2.4966,2.4516,2.3969,2.3304,2.2561,2.1779,2.0978,2.0205,1.9501,1.8876,1.8358,1.7957,1.7703,1.7556,1.7449,1.7361,1.7263,1.7146,1.6999,1.6852,1.6706,1.653,1.6334,1.6129,1.5953,1.5777,1.5543,1.5308,1.5064,1.48,1.4545,1.4291,1.4018,1.3773,1.3568,1.3372,1.3187,1.306,1.2962,1.2825,1.2678,1.2532,1.2395,1.2268,1.217,1.2082,1.2004,1.1935,1.1896,1.1955,1.2141,1.2532,1.3196,1.4115,1.5288,1.6647,1.8094,1.956,2.0978,2.2248,2.3372,2.4301,2.4966,2.5425,2.5797,2.607,2.6227,2.6266,2.6246,2.6168,2.6022,2.5846,2.563,2.5367,2.5054,2.4682,2.4213,2.3627,2.2942,2.2199,2.1437,2.0684,1.9971,1.9316,1.8719,1.8221,1.7849,1.7615,1.7478,1.737,1.7302,1.7273,1.7234,1.7185,1.7126,1.7058,1.695,1.6774,1.653,1.6276,1.6031,1.5748,1.5455,1.5171,1.4888,1.4604,1.4321,1.4057,1.3832,1.3627,1.3441,1.3255,1.3109,1.3001,1.2874,1.2737,1.262,1.2522,1.2405,1.2278,1.218,1.2092,1.2043,1.2111,1.2307,1.2688,1.3363,1.434,1.5591,1.7048,1.8612,2.0176,2.1672,2.3011,2.4106,2.4976,2.564,2.6061,2.6325,2.6549,2.6696,2.6764,2.6764,2.6696,2.6588,2.6481,2.6373,2.6237,2.6061,2.5846,2.5562,2.5152,2.4624,2.3988,2.3245,2.2444,2.1632,2.085,2.0127,1.9472,1.8954,1.8592,1.8338,1.8143,1.7967,1.781,1.7683,1.7586,1.7478,1.7341,1.7165,1.697,1.6745,1.6471,1.6217,1.5963,1.5689,1.5425,1.5152,1.4917,1.4692,1.4448,1.4223,1.3988,1.3763,1.3539,1.3363,1.3236,1.3099,1.2942,1.2757,1.2561,1.2356,1.2141,1.1926,1.175,1.1681,1.1789,1.2131,1.261,1.3333,1.4497,1.5992,1.7732,1.9638,2.1554,2.3324,2.4878,2.6207,2.7283,2.8104,2.8641,2.8964,2.9228,2.9443,2.9589,2.9668,2.9687,2.9648,2.957,2.9453,2.9306,2.911,2.8817,2.8465,2.8045,2.7449,2.6676,2.5767,2.4761,2.3724,2.2698,2.174,2.0909,2.0235,1.9687,1.9296,1.9022,1.8798,1.8602,1.8426,1.828,1.8123,1.7928,1.7703,1.7449,1.7146,1.6784,1.6403,1.607,1.5777,1.5474,1.5171,1.4927,1.4682,1.4409,1.4135,1.3832,1.3539,1.3275,1.3021,1.2854,1.2727,1.2542,1.2346,1.217,1.1994,1.1828,1.1681,1.1574,1.1476,1.1427,1.1525,1.1877,1.2405,1.3128,1.4223,1.567,1.741,1.9316,2.1232,2.304,2.4682,2.609,2.7243,2.8143,2.8739,2.912,2.9433,2.9629,2.9726,2.9756,2.9707,2.9599,2.9462,2.9316,2.914,2.8905,2.8612,2.826,2.782,2.7234,2.651,2.566,2.4702,2.3695,2.2669,2.1681,2.0821,2.0088,1.9472,1.9022,1.87,1.8456,1.8299,1.8182,1.8074,1.7986,1.7879,1.7722,1.7498,1.7204,1.6852,1.6432,1.6061,1.5777,1.5474,1.5152,1.4848,1.4575,1.4321,1.4047,1.3773,1.3509,1.3255,1.3011,1.2825,1.2669,1.2473,1.2268,1.2082,1.1916,1.175,1.1603,1.1447,1.129,1.1193,1.1183,1.1339,1.1681,1.2258,1.3157,1.4379,1.5885,1.7595,1.9413,2.1212,2.2913,2.4409,2.567,2.6686,2.74,2.7879,2.824,2.8485,2.8622,2.869,2.871,2.8651,2.8543,2.8426,2.8289,2.8094,2.784,2.7507,2.7058,2.6461,2.5758,2.4917,2.3969,2.2981,2.2043,2.1163,2.0362,1.9658,1.9062,1.8641,1.8368,1.8172,1.8035,1.7928,1.783,1.7742,1.7615,1.7429,1.7214,1.696,1.6657,1.6354,1.608,1.5787,1.5474,1.5152,1.4848,1.4594,1.437,1.4115,1.3822,1.3539,1.3275,1.3021,1.2835,1.2678,1.2512,1.2346,1.219,1.2023,1.1867,1.174,1.1593,1.1427,1.1261,1.1114,1.1065,1.1114,1.131,1.1769,1.2551,1.3675,1.5112,1.6764,1.8543,2.0352,2.2092,2.3675,2.5054,2.609,2.6852,2.7498,2.7967,2.826,2.8426,2.8495,2.8465,2.8387,2.8289,2.8133,2.7898,2.7595,2.7263,2.6852,2.6364,2.5806,2.5161,2.4418,2.3431,2.2366,2.1466,2.0665,1.9951,1.9345,1.8886,1.8553,1.8299,1.8123,1.7996,1.7898,1.782,1.7722,1.7586,1.7419,1.7224,1.7028,1.6852,1.6696,1.65,1.6256,1.6012,1.5787,1.5552,1.5298,1.5024,1.4751,1.4477,1.4213,1.3998,1.3871,1.3783,1.3675,1.3529,1.3353,1.3196,1.3069,1.2933,1.2805,1.2678,1.2512,1.2317,1.219,1.2121,1.2072,1.2121,1.2356,1.2835,1.3617,1.4673,1.5973,1.7468,1.9032,2.0567,2.1984,2.3099,2.3969,2.477,2.5435,2.5943,2.6325,2.6579,2.6706,2.6735,2.6716,2.6667,2.6608,2.653,2.6422,2.6276,2.608,2.5797,2.5376,2.4829,2.4174,2.3402,2.2561,2.172,2.0929,2.0205,1.9609,1.914,1.871,1.8377,1.8162,1.8035,1.7977,1.7947,1.7908,1.7859,1.7801,1.7693,1.7576,1.741,1.7155,1.6852,1.652,1.6217,1.5973,1.5748,1.5533,1.5318,1.5093,1.4868,1.4633,1.4448,1.4301,1.4125,1.3969,1.3822,1.3675,1.3568,1.348,1.3402,1.3324,1.3245,1.3157,1.3079,1.3021,1.2962,1.2913,1.2962,1.3206,1.3754,1.4643,1.5855,1.7331,1.8964,2.0626,2.2209,2.347,2.4487,2.5455,2.6266,2.6921,2.7419,2.7781,2.8006,2.8143,2.8211,2.8211,2.8143,2.8016,2.7869,2.7722,2.7576,2.74,2.7175,2.6882,2.6471,2.5934,2.5279,2.4516,2.3675,2.2913,2.2199,2.1437,2.0723,2.0098,1.9599,1.9228,1.8954,1.8739,1.8563,1.8407,1.828,1.8143,1.8006,1.7869,1.7683,1.7429,1.7126,1.6804,1.6461,1.6129,1.5826,1.5552,1.5308,1.5103,1.4966,1.4829,1.4653,1.4457,1.4223,1.3978,1.3754,1.3558,1.3382,1.3226,1.306,1.2874,1.2678,1.2522,1.2395,1.2258,1.218,1.217,1.2307,1.2688,1.3372,1.434,1.5601,1.7107,1.871,2.0108,2.1369,2.2688,2.391,2.4976,2.5855,2.654,2.7058,2.7458,2.7761,2.7986,2.8162,2.8309,2.8368,2.8358,2.8319,2.8211,2.8035,2.7801,2.7507,2.7155,2.6755,2.6256,2.564,2.4946,2.4282,2.3597,2.2796,2.1975,2.1202,2.0499,1.9902,1.9413,1.9003,1.868,1.8436,1.824,1.8055,1.7898,1.7742,1.7566,1.737,1.7165,1.696,1.6735,1.6481,1.6237,1.5982,1.5718,1.5464,1.5269,1.5044,1.4741,1.4457,1.4174,1.391,1.3675,1.3451,1.3236,1.303,1.2815,1.261,1.2434,1.2346,1.2287,1.219,1.2072,1.1945,1.1828,1.1789,1.1906,1.2239,1.2854,1.3803,1.5064,1.6315,1.7556,1.8993,2.045,2.1818,2.304,2.4086,2.4956,2.565,2.6188,2.6588,2.6882,2.7058,2.7116,2.7077,2.6989,2.6872,2.6745,2.6608,2.6452,2.6276,2.6051,2.5728,2.5288,2.4741,2.4194,2.3607,2.2884,2.2072,2.1232,2.0411,1.9658,1.8983,1.8426,1.8006,1.7713,1.7517,1.738,1.7302,1.7243,1.7155,1.7028,1.6862,1.6676,1.6481,1.6276,1.6051,1.5806,1.5543,1.5269,1.5044,1.4848,1.4614,1.436,1.4096,1.3842,1.3627,1.3451,1.3275,1.3099,1.2942,1.2776,1.261,1.2493,1.2414,1.2307,1.218,1.2053,1.1916,1.1779,1.1642,1.1554,1.1544,1.1681,1.2063,1.261,1.3372,1.4467,1.5787,1.7253,1.8788,2.0264,2.1623,2.2805,2.3773,2.4555,2.5171,2.565,2.5963,2.6149,2.6295,2.6373,2.6373,2.6334,2.6246,2.61,2.5924,2.5699,2.5396,2.5024,2.4624,2.4184,2.3617,2.2952,2.2239,2.1505,2.0772,2.0078,1.9433,1.8876,1.8436,1.8113,1.7908,1.7781,1.7683,1.7605,1.7527,1.7439,1.7312,1.7146,1.694,1.6676,1.6393,1.6129,1.5875,1.5679,1.5513,1.5288,1.5044,1.48,1.4565,1.433,1.4115,1.392,1.3744,1.3587,1.3441,1.3372,1.3324,1.3226,1.3128,1.303,1.2903,1.2757,1.26,1.2434,1.2248,1.2063,1.1916,1.1848,1.1887,1.2092,1.2542,1.3236,1.4184,1.5406,1.6823,1.8348,1.9892,2.1369,2.2698,2.3822,2.4663,2.5308,2.5875,2.6315,2.6637,2.6872,2.7038,2.7136,2.7185,2.7175,2.7107,2.6999,2.6862,2.6686,2.6481,2.6207,2.5826,2.5318,2.4721,2.4037,2.3304,2.2561,2.1808,2.1085,2.042,1.9883,1.9443,1.9032,1.8671,1.8368,1.8152,1.8006,1.7898,1.781,1.7732,1.7625,1.7458,1.7214,1.697,1.6725,1.6452,1.6188,1.5973,1.5797,1.5621,1.5435,1.522,1.4976,1.4712,1.4457,1.4262,1.4096,1.391,1.3724,1.3548,1.3353,1.3177,1.3021,1.2884,1.2776,1.2688,1.261,1.2542,1.2502,1.2483,1.2463,1.2522,1.2757,1.3216,1.3969,1.5181,1.6735,1.8387,2.0108,2.1799,2.3196,2.434,2.5455,2.6422,2.7185,2.7781,2.824,2.8602,2.8847,2.8993,2.9062,2.9081,2.9052,2.8983,2.8876,2.8759,2.8622,2.8446,2.8182,2.782,2.7331,2.6696,2.5953,2.5132,2.4262,2.349,2.2796,2.2063,2.1339,2.0684,2.0127,1.9668,1.9335,1.9101,1.8905,1.8739,1.8602,1.8485,1.8377,1.825,1.8055,1.782,1.7546,1.7224,1.6891,1.6559,1.6266,1.5992,1.5738,1.5484,1.5269,1.5073,1.4829,1.4565,1.4311,1.4076,1.3851,1.3666,1.3539,1.3402,1.3265,1.3138,1.3011,1.2913,1.2805,1.2649,1.2473,1.2336,1.2287,1.2405,1.2766,1.3412,1.437,1.564,1.7126,1.8543,1.9912,2.1398,2.2854,2.4194,2.5347,2.6295,2.7038,2.7605,2.8035,2.8338,2.8524,2.8592,2.8563,2.8456,2.8328,2.8192,2.8055,2.7918,2.7761,2.7556,2.7253,2.6823,2.6227,2.5503,2.479,2.4057,2.3226,2.2366,2.1535,2.0782,2.0108,1.9521,1.9062,1.8749,1.8543,1.8407,1.8319,1.825,1.8182,1.8094,1.7967,1.7791,1.7566,1.7273,1.695,1.6608,1.6256,1.5924,1.5611,1.5367,1.5152,1.4907,1.4643,1.4399,1.4194,1.3998,1.3832,1.3656,1.35,1.3353,1.3206,1.3128,1.3069,1.2972,1.2835,1.2659,1.2463,1.2258,1.2082,1.1984,1.1945,1.2014,1.2268,1.2747,1.3343,1.4106,1.5181,1.65,1.7996,1.957,2.1085,2.2483,2.3744,2.4819,2.5689,2.6373,2.6843,2.7126,2.7312,2.738,2.738,2.7341,2.7253,2.7107,2.694,2.6784,2.6618,2.6413,2.6129,2.5797,2.5376,2.4809,2.4115,2.3343,2.2512,2.1672,2.087,2.0147,1.9541,1.9062,1.87,1.8465,1.8328,1.8221,1.8133,1.8055,1.7977,1.7908,1.782,1.7683,1.7478,1.7195,1.6872,1.6549,1.6295,1.608,1.5836,1.5572,1.5288,1.5005,1.4761,1.4555,1.436,1.4203,1.4096,1.3969,1.3871,1.3803,1.3695,1.3558,1.3392,1.3245,1.3118,1.3011,1.2923,1.2845,1.2766,1.2698,1.263,1.261,1.2669,1.2825,1.3167,1.3754,1.4585,1.566,1.694,1.8377,1.9883,2.1329,2.2659,2.3724,2.4555,2.5327,2.6002,2.6549,2.695,2.7224,2.739,2.7458,2.7439,2.737,2.7273,2.7116,2.6931,2.652,2.5963,2.5503,2.5054,2.4565,2.3978,2.3314,2.262,2.1896,2.1183,2.0528,2.001,1.9599,1.9218,1.8876,1.8583,1.8358,1.8192,1.8074,1.7986,1.7908,1.783,1.7761,1.7674,1.7586,1.7468,1.7283,1.7019,1.6716,1.6413,1.6129,1.5855,1.5582,1.5308,1.5054,1.4848,1.4712,1.4604,1.4487,1.436,1.4233,1.4115,1.4018,1.391,1.3783,1.3656,1.3519,1.3421,1.3304,1.3216,1.3157,1.306,1.2972,1.2962,1.3089,1.3421,1.4008,1.4878,1.6022,1.739,1.8895,2.0235,2.1466,2.2747,2.3959,2.5024,2.5894,2.6559,2.7028,2.7351,2.7556,2.7683,2.7742,2.7742,2.7703,2.7683,2.7654,2.7605,2.7537,2.74,2.7165,2.6823,2.6373,2.5797,2.5132,2.4418,2.3744,2.3079,2.2366,2.1642,2.0958,2.0362,1.9863,1.9462,1.914,1.8895,1.871,1.8553,1.8416,1.8299,1.8201,1.8084,1.7918,1.7742,1.7517,1.7234,1.6931,1.6608,1.6295,1.6002,1.5718,1.5494,1.5298,1.5103,1.4917,1.4721,1.4545,1.436,1.4145,1.3949,1.3793,1.3627,1.347,1.3392,1.3353,1.3304,1.3216,1.3089,1.2942,1.2786,1.2649,1.2571,1.263,1.2923,1.349,1.4379,1.5376,1.6481,1.7869,1.9394,2.089,2.2307,2.3607,2.4731,2.564,2.6364,2.695,2.741,2.7703,2.7889,2.8025,2.8113,2.8162,2.8182,2.8172,2.8123,2.8025,2.7879,2.7674,2.74,2.7028,2.6608,2.6129,2.5503,2.477,2.3969,2.3128,2.2326,2.1564,2.088,2.0303,1.9834,1.9453,1.9159,1.8944,1.8749,1.8573,1.8397,1.8231,1.8065,1.7879,1.7683,1.7488,1.7253,1.697,1.6657,1.6383,1.6149,1.5894,1.563,1.5367,1.5122,1.4878,1.4643,1.4409,1.4203,1.4066,1.393,1.3832,1.3744,1.3597,1.3431,1.3245,1.305,1.2854,1.2688,1.2571,1.2473,1.2395,1.2356,1.2424,1.261,1.2981,1.3627,1.4516,1.565,1.6989,1.8446,1.9951,2.1408,2.2727,2.3851,2.478,2.5455,2.5885,2.6217,2.6471,2.6667,2.6813,2.6901,2.695,2.695,2.6901,2.6813,2.6686,2.65,2.6276,2.5992,2.564,2.5171,2.4604,2.3949,2.3216,2.2434,2.1623,2.085,2.0147,1.9501,1.8993,1.8622,1.8328,1.8113,1.7967,1.7859,1.7771,1.7693,1.7517,1.7253,1.7019,1.6794,1.6569,1.6354,1.6119,1.5855,1.5582,1.5308,1.5034,1.4761,1.4487,1.4213,1.3949,1.3715,1.3529,1.3441,1.3363,1.3255,1.3167,1.3089,1.3011,1.2942,1.2874,1.2786,1.2659,1.2493,1.2307,1.2111,1.1965,1.1838,1.1691,1.1584,1.1574,1.176,1.2199,1.2913,1.392,1.5181,1.6618,1.8133,1.9482,2.0665,2.1877,2.2981,2.391,2.4663,2.5249,2.5679,2.5963,2.6119,2.6178,2.6178,2.6129,2.6051,2.5973,2.5904,2.5797,2.564,2.5445,2.5161,2.4761,2.4233,2.3578,2.2815,2.1994,2.1251,2.0606,1.9961,1.9365,1.8856,1.8456,1.8152,1.7947,1.781,1.7703,1.7634,1.7586,1.7546,1.7468,1.7331,1.7155,1.695,1.6716,1.6461,1.6178,1.5885,1.5601,1.5318,1.5044,1.4761,1.4536,1.434,1.4115,1.392,1.3773,1.3627,1.349,1.3382,1.3265,1.3138,1.304,1.2952,1.2913,1.2893,1.2845,1.2786,1.2727,1.2649,1.2542,1.2395,1.2258,1.2151,1.2102,1.218,1.2473,1.2913,1.3509,1.4389,1.5533,1.6891,1.8377,1.9873,2.131,2.261,2.3724,2.4624,2.5318,2.5777,2.6061,2.6237,2.6325,2.6354,2.6334,2.6285,2.6227,2.6149,2.6022,2.5855,2.564,2.5347,2.5005,2.4633,2.4164,2.3587,2.2923,2.2219,2.1486,2.0772,2.0147,1.9609,1.9169,1.8847,1.8631,1.8475,1.8348,1.8231,1.8104,1.7986,1.7879,1.7742,1.7566,1.738,1.7146,1.6862,1.6569,1.6315,1.609,1.5855,1.565,1.5464,1.5269,1.5083,1.4907,1.4712,1.4506,1.4301,1.4115,1.3969,1.3832,1.3695,1.3587,1.35,1.3421,1.3353,1.3284,1.3216,1.3148,1.304,1.2903,1.2766,1.2678,1.2659,1.2678,1.2825,1.3187,1.3832,1.478,1.5982,1.739,1.8935,2.0518,2.2023,2.3245,2.4213,2.5122,2.5924,2.6598,2.7146,2.7556,2.7849,2.8065,2.8221,2.8319,2.8368,2.8387,2.8348,2.824,2.8123,2.7977,2.7761,2.7468,2.7058,2.653,2.5904,2.52,2.4438,2.3656,2.2981,2.2366,2.173,2.1105,2.0518,2,1.957,1.9257,1.9032,1.8847,1.869,1.8524,1.8319,1.8113,1.7928,1.7732,1.7517,1.7253,1.695,1.6628,1.6295,1.5973,1.5679,1.5396,1.5132,1.4927,1.478,1.4712,1.4682,1.4594,1.4487,1.437,1.4213,1.4037,1.3861,1.3675,1.35,1.3382,1.3275,1.3138,1.2991,1.2815,1.2659,1.2551,1.2512,1.262,1.2962,1.3558,1.4428,1.5562,1.6686,1.783,1.9198,2.0626,2.1994,2.3226,2.4262,2.5112,2.5767,2.6276,2.6676,2.6979,2.7146,2.7243,2.7341,2.741,2.7449,2.7468,2.7439,2.7361,2.7224,2.7009,2.6716,2.6354,2.5914,2.5425,2.4907,2.4282,2.3558,2.2766,2.1955,2.1173,2.0469,1.9892,1.9423,1.9032,1.8739,1.8543,1.8397,1.825,1.8113,1.7977,1.781,1.7625,1.7439,1.7243,1.7028,1.6774,1.6481,1.6188,1.5963,1.5767,1.5533,1.5288,1.5034,1.479,1.4585,1.4418,1.4272,1.4115,1.3969,1.3832,1.3715,1.3607,1.347,1.3333,1.3196,1.3079,1.2962,1.2796,1.262,1.2434,1.2268,1.2151,1.2092,1.2131,1.2336,1.2766,1.346,1.4428,1.566,1.7097,1.8651,2.0196,2.1662,2.2991,2.4115,2.4927,2.5474,2.5914,2.6256,2.65,2.6696,2.6823,2.6891,2.6921,2.6921,2.6872,2.6774,2.6628,2.6442,2.6237,2.5982,2.566,2.5249,2.4751,2.4154,2.348,2.2727,2.1935,2.1163,2.045,1.9883,1.9413,1.9003,1.8661,1.8377,1.8172,1.8035,1.7937,1.7859,1.7752,1.7595,1.7419,1.7234,1.7077,1.6931,1.6745,1.65,1.6227,1.5963,1.567,1.5357,1.5064,1.479,1.4516,1.4272,1.4096,1.3988,1.39,1.3832,1.3763,1.3666,1.3509,1.3333,1.3148,1.2962,1.2796,1.2678,1.259,1.2551,1.2532,1.2483,1.2424,1.2366,1.2307,1.2258,1.2297,1.2532,1.303,1.3822,1.4897,1.5992,1.7126,1.8446,1.9814,2.1124,2.2307,2.3343,2.4203,2.4897,2.5425,2.5797,2.6012,2.61,2.61,2.6051,2.5992,2.5924,2.5826,2.5679,2.5513,2.5298,2.4985,2.4585,2.4106,2.3519,2.2913,2.2317,2.1632,2.0929,2.0264,1.9658,1.912,1.8671,1.8319,1.8074,1.7928,1.782,1.7752,1.7713,1.7674,1.7625,1.7546,1.7429,1.7273,1.7058,1.6794,1.6491,1.6207,1.5973,1.5738,1.5533,1.5347,1.5122,1.4878,1.4643,1.4448,1.4282,1.4135,1.3998,1.3861,1.3724,1.3587,1.349,1.3412,1.3304,1.3187,1.3079,1.2991,1.2884,1.2757,1.2659,1.2551,1.2444,1.2375,1.2375,1.2454,1.2649,1.3011,1.3568,1.437,1.5406,1.6647,1.8065,1.9589,2.1075,2.2444,2.3666,2.4585,2.5308,2.6031,2.6725,2.738,2.7996,2.8573,2.9062,2.9433,2.9668,2.9785,2.9795,2.9707,2.9541,2.9306,2.8983,2.8543,2.7947,2.7155,2.6207,2.5132,2.4008,2.2903,2.1848,2.089,2.0137,1.9531,1.8993,1.8563,1.828,1.8104,1.7986,1.7889,1.781,1.7732,1.7664,1.7556,1.74,1.7253,1.7097,1.6862,1.6569,1.6246,1.5914,1.5572,1.5249,1.4946,1.4673,1.4457,1.4282,1.4154,1.4076,1.3998,1.392,1.3851,1.3783,1.3695,1.3587,1.3441,1.3284,1.3118,1.2933,1.2757,1.263,1.2551,1.2473,1.2424,1.2434,1.2571,1.2913,1.3519,1.4409,1.5582,1.6979,1.8524,1.9922,2.1193,2.2551,2.3851,2.5005,2.5982,2.6784,2.7429,2.7918,2.8309,2.8602,2.8798,2.8915,2.8944,2.8925,2.8915,2.8905,2.8866,2.8759,2.8583,2.8309,2.7908,2.74,2.6784,2.6061,2.5347,2.4663,2.391,2.3138,2.2405,2.174,2.1153,2.0635,2.0196,1.9853,1.9599,1.9404,1.9238,1.9101,1.8964,1.8788,1.8602,1.8407,1.8201,1.7996,1.7781,1.7517,1.7204,1.6882,1.654,1.6266,1.6051,1.5797,1.5533,1.5279,1.5073,1.4897,1.4741,1.4594,1.4448,1.4272,1.4066,1.3851,1.3695,1.3587,1.3441,1.3304,1.3167,1.3021,1.2884,1.2747,1.2659,1.2688,1.2903,1.3343,1.391,1.4663,1.5728,1.7038,1.8524,2.0098,2.1642,2.3089,2.4399,2.5523,2.6432,2.7165,2.7742,2.8113,2.8348,2.8553,2.871,2.8807,2.8856,2.8876,2.8866,2.8817,2.8719,2.8602,2.8436,2.8221,2.7937,2.7556,2.7048,2.6413,2.567,2.4829,2.392,2.3021,2.217,2.1398,2.0753,2.0244,1.9863,1.957,1.9316,1.912,1.8954,1.8807,1.8661,1.8485,1.828,1.8074,1.7869,1.7625,1.738,1.7136,1.6843,1.652,1.6207,1.5914,1.563,1.5347,1.5064,1.479,1.4516,1.4252,1.4066,1.392,1.3783,1.3666,1.3539,1.3421,1.3324,1.3245,1.3148,1.3011,2.61,2.6041,2.5943,2.5816,2.565,2.5455,2.5239,2.4976,2.4624,2.4154,2.3587,2.2942,2.2258,2.1544,2.0821,2.0196,1.9658,1.915,1.869,1.8299,1.7977,1.7703,1.7507,1.7361,1.7224,1.7107,1.6989,1.6833,1.6696,1.6549,1.6325,1.6061,1.5787,1.5523,1.5239,1.4956,1.4692,1.4428,1.4174,1.393,1.3763,1.3646,1.3539,1.346,1.3382,1.3314,1.3216,1.3069,1.2903,1.2727,1.2542,1.2356,1.2199,1.2121,1.2082,1.2014,1.1916,1.1799,1.1701,1.1632,1.1662,1.1867,1.2287,1.2962,1.3871,1.48,1.5787,1.6979,1.826,1.9531,2.0743,2.1838,2.2786,2.3558,2.4154,2.4575,2.4868,2.5044,2.5103,2.5083,2.5044,2.4985,2.4927,2.4848,2.4731,2.4565,2.434,2.4037,2.3646,2.3157,2.2649,2.2111,2.1486,2.0831,2.0166,1.9531,1.8944,1.8426,1.8016,1.7713,1.7517,1.737,1.7243,1.7155,1.7077,1.6989,1.6882,1.6745,1.6588,1.6413,1.6227,1.6012,1.5758,1.5503,1.5249,1.5044,1.4858,1.4643,1.4409,1.4164,1.391,1.3675,1.349,1.3353,1.3216,1.3109,1.3021,1.2942,1.2903,1.2884,1.2845,1.2796,1.2717,1.26,1.2463,1.2317,1.2151,1.1965,1.1808,1.172,1.172,1.1867,1.219,1.2747,1.3568,1.4633,1.5865,1.7175,1.8514,1.9785,2.0929,2.1935,2.2786,2.3402,2.3832,2.4223,2.4545,2.479,2.4956,2.5044,2.5054,2.5024,2.4976,2.4907,2.479,2.4643,2.4467,2.4242,2.392,2.3519,2.303,2.2444,2.1779,2.1105,2.0411,1.9765,1.9208,1.8768,1.8416,1.8104,1.783,1.7615,1.7468,1.7361,1.7292,1.7243,1.7185,1.7126,1.7028,1.6872,1.6696,1.65,1.6237,1.5953,1.567,1.5425,1.5239,1.5083,1.4946,1.48,1.4624,1.4457,1.435,1.4262,1.4154,1.4018,1.3842,1.3636,1.3441,1.3265,1.3128,1.303,1.2952,1.2874,1.2805,1.2776,1.2757,1.2717,1.2678,1.2727,1.2942,1.3363,1.4047,1.5024,1.6246,1.7605,1.9013,2.0244,2.1349,2.2502,2.3578,2.4506,2.5279,2.5904,2.6403,2.6764,2.6989,2.7126,2.7175,2.7195,2.7195,2.7165,2.7146,2.7136,2.7116,2.7038,2.6891,2.6657,2.6325,2.6188,2.608,2.5591,2.4995,2.434,2.3568,2.2776,2.1994,2.1251,2.0606,2.0108,1.9717,1.9413,1.9198,1.9013,1.8856,1.8719,1.8563,1.8348,1.8094,1.7849,1.7625,1.74,1.7165,1.6891,1.6579,1.6237,1.5904,1.565,1.5435,1.5191,1.4927,1.4673,1.4438,1.4213,1.4008,1.3803,1.3597,1.3421,1.3265,1.3128,1.306,1.303,1.2972,1.2874,1.2757,1.2649,1.2542,1.2463,1.2483,1.2669,1.3079,1.3744,1.4526,1.5464,1.6706,1.8143,1.9677,2.1202,2.2639,2.3949,2.5083,2.6022,2.6774,2.7361,2.781,2.8094,2.825,2.8397,2.8524,2.8612,2.8651,2.8671,2.8661,2.8602,2.8465,2.826,2.7977,2.7625,2.7185,2.6628,2.5953,2.5181,2.4311,2.3402,2.2502,2.1642,2.086,2.0186,1.9619,1.9159,1.8817,1.8583,1.8387,1.8221,1.8065,1.7918,1.7781,1.7625,1.7439,1.7234,1.6989,1.6696,1.6422,1.6158,1.5836,1.5494,1.5171,1.4848,1.4545,1.4252,1.3959,1.3685,1.346,1.3294,1.3177,1.3118,1.3089,1.3011,1.2874,1.2717,1.2542,1.2356,1.218,1.2023,1.1867,1.172,1.1613,1.1574,1.1632,1.1779,1.2121,1.2717,1.3597,1.477,1.6168,1.7693,1.9277,2.0811,2.2219,2.3451,2.437,2.5064,2.567,2.6168,2.654,2.6804,2.697,2.7048,2.7087,2.7107,2.7116,2.7087,2.6989,2.6833,2.6628,2.6344,2.5963,2.5445,2.4839,2.4145,2.3372,2.2581,2.1769,2.0978,2.0313,1.9756,1.9208,1.87,1.827,1.7967,1.7781,1.7654,1.7556,1.7468,1.738,1.7243,1.7067,1.6891,1.6676,1.6393,1.609,1.5816,1.5552,1.5298,1.5054,1.4809,1.4555,1.4311,1.4076,1.391,1.3793,1.3627,1.3451,1.3324,1.3196,1.306,1.2952,1.2864,1.2757,1.263,1.2493,1.2336,1.2219,1.2131,1.2014,1.1867,1.172,1.1613,1.1554,1.1613,1.1896,1.2444,1.3284,1.4438,1.5611,1.6833,1.826,1.9736,2.1144,2.2414,2.3529,2.4457,2.521,2.5797,2.6237,2.654,2.6745,2.6833,2.6843,2.6843,2.6813,2.6725,2.6628,2.653,2.6393,2.6178,2.5875,2.5474,2.4976,2.4457,2.3881,2.3187,2.2414,2.1603,2.0821,2.0098,1.9453,1.8895,1.8436,1.8104,1.7889,1.7761,1.7713,1.7693,1.7644,1.7556,1.741,1.7234,1.7038,1.6813,1.654,1.6217,1.5894,1.5591,1.5347,1.5171,1.4976,1.477,1.4555,1.434,1.4125,1.391,1.3695,1.348,1.3324,1.3206,1.3148,1.3167,1.3255,1.3402,1.3627,1.3861,1.4086,1.433,1.4594,1.4888,1.523,1.565,1.6207,1.6804,1.7498,1.8475,1.9756,2.132,2.3109,2.5064,2.7087,2.9062,3.085,3.2366,3.3548,3.4409,3.4878,3.5064,3.5083,3.4927,3.4633,3.4233,3.3803,3.3372,3.2942,3.2512,3.2072,3.1642,3.1222,3.0831,3.042,2.9951,2.9394,2.87,2.7859,2.6921,2.5894,2.48,2.3695,2.26,2.1515,2.0577,1.9765,1.8964,1.826,1.7693,1.7243,1.6901,1.6618,1.6383,1.6178,1.5963,1.5748,1.5572,1.5415,1.521,1.4956,1.4692,1.4409,1.4125,1.3822,1.3509,1.3226,1.2981,1.2747,1.2522,1.2356,1.2219,1.2063,1.1906,1.176,1.1593,1.1408,1.1202,1.1007,1.0841,1.0684,1.0567,1.0547,1.0557,1.0528,1.0469,1.0411,1.0362,1.0342,1.0342,1.045,1.0743,1.1251,1.2023,1.3099,1.4233,1.5464,1.6979,1.8592,2.0196,2.1701,2.303,2.4145,2.5064,2.5797,2.6344,2.6725,2.6931,2.7048,2.7146,2.7195,2.7224,2.7234,2.7224,2.7175,2.7097,2.6989,2.6823,2.6579,2.6276,2.5894,2.5376,2.4741,2.3988,2.3148,2.2258,2.1349,2.0479,1.9697,1.9022,1.8465,1.8045,1.7781,1.7634,1.7527,1.7419,1.7292,1.7175,1.7038,1.6862,1.6667,1.6442,1.6168,1.5855,1.5591,1.5367,1.5112,1.4839,1.4555,1.4272,1.3988,1.3705,1.3431,1.3206,1.304,1.2923,1.2786,1.2688,1.26,1.2444,1.2278,1.2121,1.1994,1.1857,1.1711,1.1584,1.1457,1.13,1.1134,1.1026,1.0978,1.0948,1.1046,1.1369,1.1975,1.2893,1.4057,1.5406,1.6891,1.8407,1.9892,2.1241,2.2297,2.3128,2.3891,2.4536,2.5073,2.5494,2.5787,2.5992,2.6129,2.6197,2.6197,2.6158,2.609,2.5982,2.5836,2.566,2.5445,2.5152,2.477,2.4311,2.3744,2.306,2.2307,2.1496,2.0694,2.002,1.9433,1.8847,1.8338,1.7947,1.7683,1.7507,1.739,1.7292,1.7195,1.7087,1.696,1.6823,1.6686,1.651,1.6276,1.6002,1.5718,1.5435,1.5161,1.4917,1.4673,1.4379,1.4106,1.39,1.3754,1.3656,1.3548,1.3421,1.3275,1.3138,1.3011,1.2874,1.2737,1.263,1.2551,1.2493,1.2463,1.2463,1.2512,1.2659,1.2942,1.3412,1.4047,1.4829,1.5728,1.6637,1.7507,1.8299,1.8983,1.9492,1.9873,2.0225,2.0528,2.0743,2.087,2.0938,2.0958,2.0948,2.089,2.0811,2.0694,2.0547,2.0362,2.0108,1.9795,1.9404,1.8954,1.8446,1.7908,1.7361,1.6862,1.6442,1.609,1.5826,1.567,1.5582,1.5533,1.5523,1.5503,1.5474,1.5435,1.5386,1.5327,1.5239,1.5112,1.4976,1.4868,1.479,1.4692,1.4565,1.4418,1.4252,1.4086,1.393,1.3793,1.3666,1.3529,1.3382,1.3245,1.3157,1.3099,1.304,1.2981,1.2933,1.2884,1.2835,1.2796,1.2766,1.2727,1.2678,1.263,1.261,1.26,1.2561,1.2522,1.2473,1.2424,1.2375,1.2326,1.2278,1.2229,1.2199,1.2278,1.2463,1.2786,1.3324,1.4106,1.5103,1.6246,1.7498,1.8778,2,2.1105,2.2033,2.2776,2.3343,2.3715,2.3949,2.4154,2.434,2.4497,2.4604,2.4682,2.4721,2.4721,2.4692,2.4653,2.4614,2.4526,2.4399,2.4242,2.4037,2.3763,2.3402,2.2952,2.2444,2.1877,2.1261,2.0645,2.0049,1.9482,1.9013,1.8612,1.825,1.7957,1.7742,1.7576,1.7458,1.737,1.7302,1.7234,1.7146,1.7028,1.6901,1.6735,1.651,1.6276,1.6031,1.5787,1.5543,1.5288,1.5054,1.4858,1.4712,1.4585,1.4457,1.435,1.4242,1.4106,1.393,1.3744,1.3548,1.3382,1.3255,1.3167,1.3099,1.304,1.2981,1.2952,1.2942,1.2913,1.2893,1.2952,1.3118,1.3451,1.3988,1.4682,1.5513,1.6452,1.7449,1.8446,1.9286,1.999,2.0684,2.131,2.1838,2.2248,2.2551,2.2766,2.2913,2.3001,2.305,2.306,2.3021,2.2952,2.2874,2.2776,2.2669,2.2542,2.2375,2.2131,2.1799,2.1388,2.0909,2.0371,1.9785,1.9238,1.8739,1.8231,1.7732,1.7283,1.6911,1.6628,1.6422,1.6285,1.6188,1.6119,1.6061,1.6002,1.5943,1.5865,1.5758,1.5621,1.5455,1.5249,1.5034,1.4829,1.4624,1.4418,1.4213,1.4018,1.3851,1.3705,1.3529,1.3382,1.3284,1.3206,1.3148,1.3089,1.304,1.2962,1.2845,1.2717,1.261,1.2522,1.2405,1.2268,1.1906,1.1447,1.1183,1.1085,1.1202,1.1603,1.2287,1.3275,1.4506,1.5689,1.6882,1.825,1.9629,2.0919,2.2043,2.2991,2.3754,2.436,2.4839,2.5191,2.5435,2.5562,2.5611,2.563,2.564,2.565,2.563,2.5591,2.5503,2.5357,2.5142,2.4829,2.4399,2.3871,2.3353,2.2776,2.2092,2.1339,2.0518,1.9707,1.8954,1.827,1.7703,1.7273,1.695,1.6735,1.6598,1.6461,1.6285,1.61,1.5885,1.5621,1.5347,1.5093,1.4858,1.4673,1.4526,1.4409,1.4282,1.4184,1.4096,1.3988,1.3861,1.3695,1.347,1.3226,1.2981,1.2757,1.2542,1.2346,1.219,1.2111,1.2072,1.2023,1.1965,1.1916,1.1877,1.1818,1.176,1.1691,1.1623,1.1554,1.1525,1.1574,1.176,1.2131,1.2747,1.3617,1.4731,1.6022,1.741,1.8807,2.0127,2.129,2.2248,2.2991,2.348,2.3793,2.4047,2.4262,2.4418,2.4536,2.4614,2.4633,2.4604,2.4555,2.4467,2.4321,2.4145,2.392,2.3597,2.3157,2.26,2.1906,2.1105,2.0313,1.957,1.8876,1.825,1.7732,1.7331,1.7067,1.6882,1.6735,1.6647,1.6588,1.6559,1.654,1.65,1.6413,1.6266,1.607,1.5816,1.5572,1.5347,1.5112,1.4868,1.4643,1.4467,1.4311,1.4164,1.4018,1.3842,1.3636,1.3421,1.3236,1.3109,1.3011,1.2903,1.2854,1.2845,1.2845,1.2825,1.2776,1.2717,1.2639,1.2551,1.2473,1.2434,1.2414,1.2424,1.2542,1.2825,1.3333,1.4106,1.5122,1.6354,1.7713,1.912,2.0508,2.1808,2.2815,2.3617,2.4409,2.5122,2.5679,2.6119,2.6442,2.6647,2.6774,2.6833,2.6862,2.6882,2.6852,2.6774,2.6667,2.652,2.6334,2.608,2.5748,2.5308,2.4761,2.4125,2.3412,2.2639,2.1867,2.1222,2.0665,2.0088,1.9541,1.9062,1.8671,1.8368,1.8152,1.7977,1.782,1.7674,1.7527,1.74,1.7292,1.7165,1.7019,1.6823,1.6569,1.6276,1.5973,1.5679,1.5415,1.5181,1.4936,1.4692,1.4506,1.433,1.4115,1.3891,1.3675,1.348,1.3275,1.3089,1.2942,1.2835,1.2717,1.2571,1.2463,1.2375,1.2258,1.2151,1.2111,1.2239,1.2551,1.3089,1.3891,1.4966,1.6256,1.7693,1.9179,2.043,2.1525,2.2639,2.3666,2.4536,2.523,2.5767,2.6178,2.6471,2.6667,2.7243,2.8006,2.8348,2.8485,2.8553,2.8583,2.8563,2.8475,2.8338,2.8133,2.7859,2.7478,2.695,2.6285,2.5503,2.4721,2.393,2.304,2.2141,2.132,2.0606,2,1.9511,1.913,1.8847,1.8631,1.8446,1.8299,1.8192,1.8104,1.7986,1.781,1.7605,1.737,1.7087,1.6774,1.6452,1.6139,1.5865,1.566,1.5494,1.5337,1.5181,1.5034,1.4839,1.4614,1.4389,1.4145,1.3891,1.3666,1.35,1.3382,1.3324,1.3294,1.3216,1.3109,1.2991,1.2903,1.2835,1.2874,1.3109,1.3597,1.4409,1.5552,1.6745,1.7996,1.9511,2.1095,2.2649,2.4086,2.5327,2.6325,2.7087,2.7664,2.8084,2.8387,2.8592,2.868,2.869,2.869,2.8671,2.8622,2.8543,2.8426,2.8289,2.8133,2.7898,2.7576,2.7136,2.6608,2.6002,2.5249,2.437,2.3412,2.2444,2.1505,2.0645,1.9873,1.9218,1.871,1.8319,1.8055,1.7908,1.781,1.7722,1.7644,1.7527,1.7351,1.7155,1.6921,1.6637,1.6305,1.5973,1.565,1.5415,1.522,1.4995,1.477,1.4545,1.4321,1.4086,1.3842,1.3587,1.3343,1.3109,1.2903,1.2698,1.2542,1.2424,1.2297,1.2151,1.2004,1.1857,1.1691,1.1535,1.1417,1.1339,1.1339,1.1505,1.1857,1.2405,1.3245,1.433,1.5611,1.7019,1.8456,1.9873,2.1202,2.2395,2.3431,2.4272,2.4936,2.5376,2.565,2.5865,2.5973,2.5992,2.5963,2.5914,2.5846,2.5738,2.5572,2.5376,2.5142,2.4897,2.4604,2.4213,2.3715,2.3109,2.2405,2.1623,2.0792,1.998,1.9218,1.8534,1.7986,1.7586,1.7312,1.7136,1.7009,1.6911,1.6823,1.6716,1.6569,1.6383,1.6178,1.5982,1.5806,1.5611,1.5415,1.5239,1.5024,1.4761,1.4497,1.4252,1.4018,1.3812,1.3627,1.3441,1.3255,1.3069,1.2864,1.2717,1.261,1.2483,1.2375,1.2287,1.2209,1.2111,1.1984,1.1828,1.1632,1.1466,1.1339,1.1281,1.1271,1.13,1.1466,1.1848,1.2493,1.3421,1.4604,1.5982,1.7507,1.9042,2.0508,2.1867,2.2923,2.3724,2.4448,2.5015,2.5415,2.5679,2.5806,2.5836,2.5806,2.5758,2.566,2.5533,2.5396,2.523,2.5054,2.4829,2.4536,2.4125,2.3597,2.2952,2.2209,2.1427,2.0635,1.9863,1.914,1.8592,1.8192,1.784,1.7566,1.738,1.7273,1.7204,1.7146,1.7097,1.7038,1.695,1.6813,1.6667,1.652,1.6334,1.6109,1.5846,1.5601,1.5376,1.5152,1.4927,1.4702,1.4506,1.434,1.4223,1.4125,1.3998,1.3881,1.3763,1.3627,1.347,1.3275,1.3069,1.2893,1.2766,1.2659,1.2571,1.2532,1.2512,1.2483,1.2502,1.262,1.2923,1.349,1.4321,1.5425,1.6774,1.827,1.9824,2.1163,2.2326,2.348,2.4526,2.5425,2.6178,2.6774,2.7243,2.7586,2.783,2.8016,2.8123,2.8162,2.8104,2.7977,2.784,2.7703,2.7537,2.7341,2.7097,2.6745,2.6276,2.5699,2.5054,2.434,2.3646,2.2962,2.2209,2.1437,2.0714,2.0098,1.9599,1.9238,1.8983,1.8817,1.8719,1.8612,1.8485,1.8358,1.824,1.8113,1.7957,1.7752,1.7478,1.7155,1.6804,1.6461,1.6158,1.5894,1.565,1.5474,1.5347,1.5171,1.4966,1.479,1.4633,1.4457,1.4252,1.4057,1.3851,1.3656,1.348,1.3324,1.3226,1.3138,1.2981,1.2825,1.2727,1.2678,1.2747,1.2991,1.3451,1.4184,1.521,1.6461,1.7683,1.8935,2.0381,2.1857,2.3245,2.4487,2.5533,2.6373,2.7019,2.7517,2.7879,2.8133,2.8328,2.8446,2.8495,2.8514,2.8524,2.8534,2.8534,2.8495,2.8368,2.8113,2.7761,2.7302,2.6706,2.6051,2.5347,2.4545,2.3715,2.2884,2.2063,2.129,2.0606,2,1.9472,1.9022,1.8651,1.8368,1.8211,1.8113,1.8016,1.7908,1.7781,1.7605,1.738,1.7107,1.6784,1.6432,1.609,1.5787,1.5562,1.5357,1.5122,1.4888,1.4643,1.4409,1.4174,1.3949,1.3744,1.3548,1.3372,1.3206,1.305,1.2933,1.2854,1.2786,1.2669,1.2542,1.2405,1.2239,1.2082,1.1945,1.1857,1.1887,1.2131,1.2532,1.3128,1.4037,1.5239,1.6647,1.8152,1.9677,2.1134,2.2454,2.3587,2.4467,2.5152,2.566,2.5973,2.6168,2.6325,2.6442,2.652,2.654,2.651,2.6413,2.6256,2.6061,2.5816,2.5513,2.5191,2.4819,2.435,2.3783,2.3109,2.2356,2.1574,2.0821,2.0147,1.9531,1.8983,1.8543,1.8231,1.8035,1.7918,1.782,1.7732,1.7674,1.7625,1.7566,1.7498,1.7429,1.7312,1.7146,1.6911,1.6667,1.6413,1.6109,1.5816,1.5513,1.522,1.4917,1.4653,1.4448,1.4272,1.4106,1.3861,1.3617,1.3451,1.3294,1.3138,1.3001,1.2893,1.2796,1.2708,1.263,1.2512,1.2375,1.2268,1.217,1.2141,1.2209,1.2395,1.2815,1.3539,1.4575,1.5914,1.7468,1.9169,2.087,2.2502,2.392,2.4946,2.5689,2.6315,2.6804,2.7165,2.74,2.7537,2.7605,2.7644,2.7644,2.7586,2.7498,2.741,2.7292,2.7116,2.6891,2.6579,2.6158,2.563,2.5015,2.4282,2.347,2.263,2.1789,2.0997,2.0371,1.9863,1.9394,1.8983,1.8641,1.8368,1.8152,1.7986,1.7869,1.7781,1.7654,1.7478,1.7273,1.7087,1.6921,1.6716,1.6481,1.6188,1.5865,1.5572,1.5308,1.5054,1.4809,1.4575,1.4321,1.4115,1.3969,1.3803,1.3597,1.3402,1.3226,1.306,1.2903,1.2747,1.261,1.2502,1.2405,1.2297,1.2209,1.2141,1.2072,1.2033,1.2092,1.2297,1.2698,1.3343,1.4282,1.5513,1.6989,1.8612,2.0088,2.1427,2.2815,2.4096,2.5181,2.608,2.6764,2.7243,2.7576,2.7801,2.7937,2.8006,2.8035,2.8016,2.7947,2.7849,2.7722,2.7586,2.74,2.7126,2.6755,2.6266,2.565,2.4927,2.4125,2.3372,2.2659,2.1896,2.1163,2.0508,1.9932,1.9443,1.9062,1.8778,1.8553,1.8368,1.8192,1.8025,1.7889,1.7752,1.7566,1.7351,1.7107,1.6852,1.6608,1.6364,1.6129,1.5894,1.5679,1.5494,1.5367,1.5239,1.5064,1.4839,1.4565,1.4272,1.3969,1.3666,1.3382,1.3157,1.3011,1.2893,1.2796,1.2747,1.2727,1.2678,1.261,1.2542,1.2463,1.2405,1.2414,1.2581,1.2952,1.3587,1.4487,1.5445,1.652,1.7889,1.9413,2.0958,2.2424,2.3724,2.4809,2.5679,2.6344,2.6813,2.7107,2.7273,2.7322,2.7283,2.7224,2.7155,2.7067,2.6921,2.6735,2.653,2.6285,2.5992,2.563,2.5191,2.4721,2.4174,2.349,2.2717,2.1887,2.1046,2.0254,1.9531,1.8895,1.8397,1.8035,1.7781,1.7634,1.7546,1.7458,1.74,1.7351,1.7283,1.7195,1.7048,1.6862,1.6608,1.6285,1.5934,1.5582,1.5308,1.5073,1.48,1.4506,1.4242,1.4037,1.3851,1.3646,1.3431,1.3226,1.3001,1.2815,1.2659,1.2542,1.2463,1.2346,1.2209,1.2102,1.1994,1.1857,1.173,1.1632,1.1544,1.1515,1.1662,1.1965,1.2483,1.3333,1.4438,1.5728,1.7234,1.8837,2.0401,2.1857,2.3118,2.4115,2.4839,2.5288,2.5552,2.5728,2.5787,2.5777,2.5709,2.5601,2.5464,2.5308,2.5152,2.4995,2.479,2.4487,2.4106,2.3666,2.3118,2.2444,2.1672,2.088,2.0068,1.9296,1.8631,1.8094,1.7703,1.7449,1.7302,1.7243,1.7253,1.7302,1.7331,1.7302,1.7243,1.7136,1.696,1.6745,1.6491,1.6207,1.5894,1.564,1.5435,1.52,1.4966,1.4741,1.4555,1.4379,1.4203,1.4037,1.3871,1.3724,1.3675,1.3754,1.3959,1.4321,1.4848,1.5523,1.6334,1.7185,1.8016,1.8847,1.9609,2.0215,2.0635,2.089,2.0978,2.088,2.0606,2.0156,1.955,1.8817,1.8006,1.7146,1.6325,1.5591,1.4936,1.4409,1.4057,1.3842,1.3695,1.3636,1.3675,1.3773,1.3949,1.4154,1.434,1.4497,1.4594,1.4643,1.4624,1.4575,1.4506,1.4389,1.4252,1.4106,1.3949,1.3783,1.3627,1.346,1.3294,1.3128,1.2991,1.2923,1.2884,1.2825,1.2229,1.2209,1.216,1.2092,1.2023,1.1945,1.1887,1.1857,1.1818,1.176,1.173,1.172,1.173,1.1877,1.2239,1.2933,1.4018,1.5474,1.7273,1.9296,2.1408,2.347,2.5152,2.653,2.7869,2.9052,3.001,3.0772,3.1388,3.1857,3.2209,3.2473,3.262,3.2678,3.2659,3.2571,3.2444,3.2317,3.2151,3.1945,3.1701,3.1378,3.0948,3.0411,2.9726,2.8935,2.8094,2.7283,2.6491,2.566,2.4839,2.4037,2.3284,2.26,2.1994,2.1466,2.1036,2.0723,2.0528,2.0411,2.0283,2.0137,1.9961,1.9736,1.9462,1.914,1.8768,1.8387,1.7996,1.7595,1.7185,1.6794,1.6481,1.6197,1.5914,1.567,1.5464,1.5279,1.5132,1.4995,1.4839,1.4682,1.4565,1.4467,1.4379,1.4291,1.4164,1.4018,1.3861,1.3685,1.347,1.3236,1.3021,1.2835,1.2678,1.26,1.2639,1.2786,1.306,1.3568,1.433,1.5367,1.6667,1.8514,2.0244,2.1457,2.2717,2.39,2.4917,2.565,2.6178,2.6667,2.7058,2.7312,2.7488,2.7595,2.7625,2.7595,2.7546,2.7478,2.7361,2.6432,2.5083,2.4252,2.3636,2.3089,2.2542,2.1935,2.1251,2.0538,1.9814,1.911,1.8465,1.7889,1.7429,1.7087,1.6794,1.6588,1.6452,1.6344,1.6276,1.6246,1.6246,1.6246,1.6207,1.6158,1.6061,1.5943,1.5816,1.565,1.5455,1.5239,1.5015,1.4761,1.4497,1.4262,1.4047,1.3842,1.3666,1.3548,1.3451,1.3333,1.3206,1.306,1.2884,1.2717,1.2561,1.2434,1.2336,1.2248,1.217,1.2102,1.2063,1.2063,1.2102,1.2239,1.2542,1.3069,1.3842,1.4839,1.6012,1.7312,1.8641,1.9932,2.0997,2.1857,2.2659,2.3333,2.3842,2.4194,2.4418,2.4555,2.4604,2.4594,2.4555,2.4487,2.4379,2.4242,2.4076,2.3891,2.3675,2.3412,2.3099,2.2708,2.2199,2.1613,2.0958,2.0254,1.957,1.9003,1.8514,1.7996,1.7507,1.7087,1.6794,1.6618,1.65,1.6442,1.6432,1.6403,1.6354,1.6295,1.6256,1.6178,1.6041,1.5865,1.566,1.5425,1.5171,1.4927,1.4702,1.4467,1.4282,1.4145,1.4008,1.3891,1.3763,1.3627,1.349,1.3353,1.3216,1.3079,1.2942,1.2815,1.2678,1.2542,1.2424,1.2346,1.2307,1.2307,1.2375,1.2561,1.2942,1.3558,1.437,1.5367,1.6559,1.7889,1.9218,2.0323,2.1281,2.2248,2.3128,2.3851,2.4409,2.48,2.5083,2.5269,2.5386,2.5445,2.5474,2.5455,2.5406,2.5347,2.5249,2.5122,2.4936,2.4692,2.437,2.3949,2.3451,2.2864,2.218,2.1447,2.0792,2.0196,1.957,1.9003,1.8534,1.8143,1.783,1.7595,1.741,1.7243,1.7097,1.697,1.6872,1.6774,1.6657,1.6549,1.6432,1.6266,1.608,1.5885,1.5689,1.5474,1.521,1.4946,1.4712,1.4545,1.4428,1.4301,1.4164,1.4037,1.39,1.3763,1.3627,1.349,1.3353,1.3216,1.3079,1.2981,1.2893,1.2786,1.2678,1.2659,1.2825,1.3206,1.3842,1.4751,1.5934,1.7341,1.8876,2.0411,2.1662,2.2698,2.3695,2.4545,2.523,2.5758,2.6168,2.6481,2.6706,2.6862,2.6979,2.7067,2.7077,2.7038,2.7019,2.7009,2.6999,2.696,2.6872,2.6716,2.6452,2.6061,2.5523,2.4848,2.4057,2.306,2.2209,2.1593,2.0929,2.0274,1.9677,1.9179,1.8778,1.8475,1.825,1.8074,1.7928,1.783,1.7732,1.7615,1.7449,1.7234,1.6989,1.6735,1.6461,1.6149,1.5836,1.5523,1.521,1.4936,1.4721,1.4536,1.433,1.4047,1.3793,1.3587,1.3324,1.304,1.2737,1.2454,1.219,1.1965,1.1808,1.1711,1.1642,1.1613,1.1593,1.1642,1.1828,1.2229,1.2923,1.393,1.523,1.6735,1.8348,1.9746,2.0968,2.2209,2.3314,2.4262,2.5044,2.565,2.607,2.6364,2.6549,2.6637,2.6686,2.6667,2.6618,2.6598,2.6588,2.6559,2.6471,2.6305,2.607,2.5718,2.5249,2.4663,2.3939,2.3109,2.2317,2.132,2.0352,1.9668,1.8974,1.8338,1.7801,1.738,1.7009,1.6716,1.6471,1.6276,1.6139,1.6031,1.5894,1.5709,1.5503,1.522,1.4966,1.4741,1.4448,1.4145,1.3861,1.3578,1.3324,1.3138,1.2962,1.2757,1.2542,1.2258,1.1994,1.1828,1.1623,1.1408,1.1261,1.1144,1.1007,1.088,1.0802,1.0723,1.0626,1.0538,1.045,1.0411,1.0489,1.1036,1.174,1.2444,1.3978,1.5582,1.6598,1.7752,1.9462,2.13,2.2493,2.35,2.4545,2.5288,2.5738,2.6041,2.6266,2.6344,2.6344,2.6305,2.6227,2.6149,2.607,2.5992,2.5875,2.5679,2.5406,2.5015,2.4487,2.393,2.3294,2.2512,2.1632,2.0723,1.9853,1.9071,1.8407,1.7879,1.7498,1.7224,1.7009,1.6823,1.6676,1.6559,1.6471,1.6373,1.6246,1.61,1.5934,1.5728,1.5474,1.5152,1.4809,1.4487,1.4242,1.4086,1.3891,1.3675,1.349,1.3314,1.3109,1.2893,1.2708,1.2532,1.2366,1.2209,1.2053,1.1935,1.1838,1.173,1.1632,1.1544,1.1447,1.132,1.1193,1.1134,1.1202,1.1447,1.1945,1.26,1.346,1.4643,1.609,1.7713,1.9384,2.1007,2.2502,2.3832,2.4985,2.5934,2.6686,2.7253,2.7615,2.784,2.8025,2.8201,2.8328,2.8387,2.8416,2.8416,2.8358,2.825,2.8074,2.781,2.7488,2.7048,2.6481,2.5787,2.4966,2.4086,2.3177,2.2278,2.1417,2.0616,1.9902,1.9306,1.8837,1.8485,1.8231,1.8025,1.784,1.7674,1.7507,1.7331,1.7107,1.6833,1.6569,1.6305,1.5992,1.5718,1.5484,1.521,1.4917,1.4594,1.4262,1.3939,1.3617,1.3324,1.3079,1.2874,1.2698,1.2532,1.2405,1.2307,1.216,1.1965,1.175,1.1525,1.13,1.1065,1.0831,1.0616,1.0469,1.0479,1.1026,1.1926,1.2796,1.3812,1.5024,1.6413,1.7908,1.9433,2.087,2.217,2.3314,2.4291,2.5073,2.5601,2.5953,2.6256,2.6491,2.6686,2.6852,2.6989,2.7107,2.7204,2.7253,2.7253,2.7204,2.7077,2.6872,2.6579,2.6168,2.564,2.5015,2.4301,2.3519,2.2688,2.1857,2.1056,2.0303,1.9648,1.914,1.8749,1.8397,1.8113,1.7898,1.7722,1.7566,1.7439,1.7302,1.7136,1.694,1.6725,1.653,1.6325,1.608,1.5855,1.5601,1.5357,1.5122,1.4907,1.4721,1.4526,1.4321,1.4154,1.3959,1.3793,1.3646,1.3431,1.3196,1.2972,1.2796,1.2669,1.2571,1.2454,1.2307,1.216,1.2033,1.1975,1.1965,1.2023,1.2268,1.2757,1.3529,1.4565,1.5797,1.7165,1.8602,2.002,2.1339,2.2512,2.3392,2.4066,2.4682,2.522,2.564,2.5943,2.6149,2.6266,2.6305,2.6276,2.6188,2.609,2.5992,2.5885,2.5767,2.5572,2.5259,2.4819,2.4282,2.3666,2.2962,2.2199,2.1417,2.0645,1.999,1.9413,1.8827,1.8289,1.7869,1.7556,1.7331,1.7185,1.7077,1.6979,1.6862,1.6706,1.652,1.6354,1.6207,1.5992,1.5709,1.5406,1.5132,1.4888,1.4663,1.4467,1.4262,1.4057,1.3842,1.3666,1.3509,1.3304,1.3118,1.2933,1.2757,1.26,1.2434,1.2278,1.2131,1.1984,1.1877,1.1789,1.175,1.173,1.1681,1.1623,1.1593,1.1681,1.1994,1.2551,1.3392,1.4506,1.5816,1.7263,1.8563,1.9736,2.0958,2.2072,2.304,2.3832,2.4457,2.4927,2.5269,2.5494,2.564,2.5709,2.5709,2.566,2.5582,2.5503,2.5396,2.522,2.4976,2.4643,2.4233,2.3744,2.3148,2.2463,2.174,2.1085,2.0479,1.9834,1.9218,1.8661,1.8192,1.782,1.7566,1.74,1.7302,1.7253,1.7214,1.7155,1.7116,1.7038,1.6891,1.6696,1.6461,1.6207,1.5934,1.566,1.5386,1.5122,1.4888,1.4663,1.4477,1.434,1.4164,1.3969,1.3763,1.3558,1.3382,1.3226,1.3099,1.2962,1.2825,1.2717,1.263,1.259,1.2571,1.2502,1.2405,1.2297,1.2209,1.2151,1.216,1.2336,1.2757,1.3421,1.435,1.5337,1.6413,1.7722,1.913,2.0508,2.1799,2.2933,2.3891,2.4663,2.5259,2.5679,2.5924,2.6051,2.608,2.6041,2.5982,2.5914,2.5846,2.5777,2.5894,2.6061,2.5992,2.5758,2.5406,2.4946,2.4448,2.391,2.3255,2.2532,2.1789,2.1095,2.0459,1.9883,1.9413,1.9052,1.8788,1.8602,1.8485,1.8426,1.8358,1.827,1.8172,1.8055,1.7908,1.7713,1.7449,1.7136,1.6804,1.6452,1.6119,1.5855,1.567,1.5503,1.5347,1.52,1.5054,1.4907,1.4751,1.4565,1.4379,1.4174,1.3969,1.3754,1.3578,1.3451,1.3314,1.3177,1.303,1.2903,1.2805,1.2717,1.2678,1.2747,1.2981,1.3441,1.4047,1.4839,1.5924,1.7243,1.8729,2.0264,2.176,2.3138,2.435,2.5376,2.6178,2.6755,2.7116,2.7331,2.7498,2.7595,2.7644,2.7674,2.7644,2.7566,2.7449,2.7322,2.7146,2.6921,2.6637,2.6315,2.5924,2.5415,2.4819,2.4125,2.3363,2.2581,2.1799,2.1046,2.0362,1.9765,1.9267,1.8895,1.8631,1.8426,1.825,1.8094,1.7967,1.7869,1.7752,1.7576,1.738,1.7175,1.695,1.6667,1.6422,1.6188,1.5914,1.567,1.5435,1.5171,1.4917,1.4682,1.4438,1.4203,1.4018,1.3851,1.3734,1.3636,1.35,1.3353,1.3216,1.3069,1.2962,1.2835,1.2678,1.2512,1.2336,1.2199,1.2141,1.2229,1.2502,1.304,1.3891,1.5034,1.6393,1.7908,1.9482,2.1007,2.2414,2.3646,2.4663,2.5386,2.5894,2.6325,2.6647,2.6882,2.7067,2.7234,2.737,2.7458,2.7507,2.7498,2.7419,2.7273,2.7067,2.6823,2.652,2.6149,2.5689,2.5161,2.4536,2.3803,2.3001,2.217,2.1339,2.0547,1.9892,1.9365,1.8886,1.8485,1.8192,1.8016,1.7889,1.7791,1.7703,1.7625,1.7537,1.74,1.7224,1.7048,1.6852,1.6608,1.6334,1.6061,1.5797,1.5552,1.5308,1.5034,1.4761,1.4477,1.4194,1.3978,1.3793,1.3607,1.348,1.3382,1.3294,1.3216,1.3138,1.303,1.2884,1.2737,1.2581,1.2424,1.2346,1.2346,1.2434,1.2698,1.3177,1.39,1.4917,1.6178,1.7615,1.915,2.0674,2.2111,2.3245,2.4135,2.4956,2.566,2.6207,2.6608,2.6882,2.7038,2.7116,2.7136,2.7107,2.7038,2.695,2.6852,2.6735,2.6588,2.6383,2.61,2.5709,2.52,2.4604,2.391,2.3148,2.2346,2.1535,2.0841,2.0235,1.9648,1.912,1.8671,1.8328,1.8045,1.783,1.7693,1.7566,1.7449,1.7341,1.7214,1.7107,1.6989,1.6813,1.6598,1.6334,1.6061,1.5767,1.5474,1.5181,1.4878,1.4575,1.4282,1.4037,1.3842,1.3646,1.35,1.3382,1.3284,1.3187,1.306,1.2942,1.2845,1.2757,1.2678,1.2561,1.2444,1.2326,1.216,1.1965,1.1808,1.1808,1.2033,1.2542,1.3353,1.4457,1.5797,1.7283,1.8622,1.9853,2.1163,2.2424,2.3539,2.4448,2.5171,2.5718,2.61,2.6354,2.652,2.6598,2.6579,2.654,2.65,2.6442,2.6373,2.6266,2.608,2.5777,2.5367,2.4839,2.4184,2.3441,2.2659,2.1955,2.13,2.0596,1.9912,1.9306,1.8798,1.8407,1.8162,1.8025,1.7967,1.7957,1.7937,1.7908,1.7879,1.7801,1.7674,1.7498,1.7253,1.695,1.6608,1.6266,1.5982,1.5767,1.5562,1.5347,1.5191,1.5073,1.4917,1.4731,1.4545,1.436,1.4154,1.392,1.3666,1.3451,1.3284,1.3167,1.3109,1.3079,1.3021,1.2962,1.2893,1.2815,1.2747,1.2688,1.2698,1.2854,1.3206,1.3832,1.477,1.5777,1.6882,1.824,1.9726,2.1212,2.261,2.3842,2.4868,2.5718,2.6383,2.6862,2.7204,2.737,2.74,2.7361,2.7283,2.7185,2.7058,2.6901,2.6716,2.651,2.6295,2.6041,2.567,2.5181,2.4673,2.4106,2.3402,2.2639,2.1848,2.1075,2.0371,1.9756,1.9267,1.8905,1.8671,1.8534,1.8465,1.8416,1.8328,1.8211,1.8065,1.7879,1.7674,1.7458,1.7204,1.6901,1.6588,1.6237,1.5914,1.5679,1.5503,1.5337,1.5181,1.5034,1.4878,1.4731,1.4585,1.4428,1.4242,1.4018,1.3793,1.3607,1.346,1.3304,1.3157,1.303,1.2923,1.2835,1.2757,1.2678,1.2639,1.2708,1.2952,1.3412,1.3998,1.478,1.5875,1.7214,1.87,2.0254,2.176,2.3109,2.4272,2.5249,2.6022,2.6569,2.6901,2.7107,2.7253,2.7322,2.7361,2.738,2.737,2.7322,2.7263,2.7195,2.7087,2.6901,2.6637,2.6325,2.5924,2.5396,2.478,2.4066,2.3275,2.2463,2.1681,2.0978,2.0342,1.9785,1.9316,1.8964,1.8719,1.8524,1.8348,1.8182,1.8045,1.7947,1.784,1.7693,1.7507,1.7302,1.7087,1.6843,1.6608,1.6383,1.6139,1.5885,1.5621,1.5367,1.5083,1.4809,1.4545,1.4282,1.4037,1.3822,1.3675,1.3568,1.346,1.3343,1.3216,1.3089,1.2972,1.304,1.3177,1.3177,1.3157,1.3216,1.346,1.3822,1.436,1.5191,1.6315,1.7664,1.915,2.0665,2.2111,2.3402,2.4487,2.5367,2.6051,2.651,2.6833,2.7097,2.7302,2.7478,2.7615,2.7703,2.7752,2.7732,2.7654,2.7527,2.7361,2.7165,2.6931,2.6618,2.6237,2.5758,2.5191,2.4536,2.3822,2.306,2.2248,2.1457,2.0723,2.0059,1.9541,1.915,1.8837,1.8612,1.8465,1.8358,1.827,1.8192,1.8113,1.8035,1.7947,1.7849,1.7761,1.7654,1.7498,1.7292,1.7028,1.6725,1.6413,1.6109,1.5816,1.5533,1.5269,1.5015,1.4741,1.4516,1.434,1.4145,1.3939,1.3734,1.3529,1.3314,1.3099,1.2893,1.2678,1.2502,1.2414,1.2444,1.261,1.3011,1.3695,1.4633,1.5826,1.7195,1.8651,2.0137,2.1564,2.2864,2.3988,2.4907,2.5543,2.5982,2.6344,2.6608,2.6794,2.6921,2.7019,2.7087,2.7126,2.7146,2.7136,2.7077,2.696,2.6774,2.651,2.6149,2.5699,2.5161,2.4516,2.3812,2.303,2.2219,2.1447,2.0723,2.0078,1.958,1.9208,1.8895,1.8671,1.8524,1.8416,1.8328,1.825,1.8143,1.7986,1.7801,1.7605,1.7429,1.7253,1.7028,1.6774,1.654,1.6315,1.61,1.5924,1.5728,1.5503,1.5288,1.5054,1.48,1.4604,1.4438,1.4233,1.4057,1.393,1.3832,1.3744,1.3666,1.3597,1.3529,1.3421,1.3294,1.3236,1.3255,1.3412,1.3773,1.4389,1.5279,1.6432,1.781,1.9306,2.0802,2.2219,2.349,2.4545,2.5308,2.5846,2.6285,2.6628,2.6872,2.7019,2.7087,2.7126,2.7126,2.7087,2.7028,2.6931,2.6774,2.6579,2.6325,2.5982,2.5562,2.5073,2.4477,2.3793,2.306,2.2307,2.1564,2.085,2.0196,1.9677,1.9277,1.8954,1.8719,1.8573,1.8495,1.8436,1.8377,1.8309,1.8211,1.8055,1.7869,1.7703,1.7556,1.737,1.7136,1.6843,1.6559,1.6295,1.6051,1.5865,1.5699,1.5543,1.5357,1.5161,1.5015,1.4868,1.4673,1.4467,1.4282,1.4115,1.3998,1.39,1.3783,1.3656,1.3519,1.3382,1.3314,1.3314,1.3402,1.3636,1.4096,1.4829,1.5855,1.7107,1.8514,2.001,2.1486,2.2854,2.393,2.4731,2.5455,2.6041,2.6471,2.6755,2.694,2.7048,2.7107,2.7136,2.7126,2.7087,2.7028,2.6931,2.6716,2.6432,2.61,2.5679,2.52,2.4653,2.4018,2.3324,2.262,2.1926,2.1271,2.0743,2.0303,1.9892,1.9541,1.9257,1.9052,1.8876,1.8719,1.8592,1.8504,1.8446,1.8397,1.8338,1.8289,1.8211,1.8055,1.782,1.7537,1.7224,1.6891,1.6579,1.6285,1.6012,1.5797,1.5621,1.5494,1.5396,1.5279,1.5122,1.4927,1.4721,1.4516,1.435,1.4233,1.4135,1.4057,1.3978,1.391,1.3871,1.3871,1.391,1.4047,1.433,1.4829,1.5611,1.6667,1.7947,1.9365,2.0831,2.2239,2.3392,2.433,2.522,2.5973,2.6549,2.696,2.7214,2.7361,2.7439,2.7458,2.7419,2.7331,2.7214,2.7087,2.694,2.6764,2.654,2.6237,2.5865,2.5425,2.4897,2.4272,2.3587,2.2874,2.216,2.1544,2.1017,2.0479,1.9971,1.9541,1.9208,1.8954,1.8759,1.8612,1.8514,1.8426,1.8338,1.8201,1.8065,1.7928,1.7761,1.7576,1.7361,1.7116,1.6843,1.6549,1.6266,1.6002,1.5787,1.5611,1.5494,1.5396,1.5259,1.5093,1.4888,1.4653,1.4418,1.4194,1.4018,1.3891,1.3793,1.3715,1.3636,1.3587,1.3529,1.3441,1.3382,1.3421,1.3646,1.4086,1.478,1.5758,1.696,1.8348,1.9844,2.1134,2.2258,2.3382,2.436,2.5152,2.5787,2.6276,2.6618,2.6823,1.263,1.2551,1.2542,1.2639,1.2913,1.3392,1.4135,1.5122,1.6305,1.7615,1.8983,2.0342,2.1593,2.2688,2.35,2.4115,2.4643,2.5054,2.5357,2.5572,2.5709,2.5777,2.5816,2.5816,2.5767,2.5679,2.5543,2.5367,2.5181,2.4956,2.4673,2.4301,2.3842,2.3284,2.262,2.1887,2.1124,2.0371,1.9658,1.9081,1.8622,1.8182,1.782,1.7556,1.738,1.7263,1.7165,1.7087,1.7019,1.6931,1.6813,1.6686,1.6559,1.6383,1.6158,1.5885,1.5601,1.5337,1.5073,1.4809,1.4585,1.4409,1.4242,1.4066,1.393,1.3793,1.3617,1.3431,1.3255,1.3089,1.2913,1.2727,1.2571,1.2463,1.2375,1.2326,1.2366,1.2561,1.2972,1.3587,1.4418,1.5455,1.6676,1.8025,1.9394,2.0723,2.1935,2.2972,2.3822,2.4418,2.4829,2.5152,2.5376,2.5523,2.5591,2.5611,2.5572,2.5484,2.5376,2.5259,2.5122,2.4956,2.4751,2.4457,2.4057,2.3568,2.3021,2.2395,2.1711,2.1017,2.0459,1.998,1.9443,1.8935,1.8534,1.8211,1.7937,1.7722,1.7566,1.7439,1.7312,1.7195,1.7067,1.6901,1.6725,1.652,1.6325,1.6129,1.5904,1.5709,1.5543,1.5396,1.5249,1.5093,1.4897,1.4663,1.4418,1.4164,1.39,1.3705,1.3558,1.3382,1.3226,1.3079,1.2942,1.2805,1.2669,1.2532,1.2405,1.2307,1.2268,1.2356,1.26,1.303,1.3715,1.4673,1.5855,1.7214,1.8661,2.0068,2.1369,2.2522,2.348,2.4242,2.4761,2.5122,2.5435,2.565,2.5777,2.5826,2.5816,2.5758,2.565,2.5494,2.5318,2.5112,2.4878,2.4575,2.4194,2.3734,2.3187,2.2581,2.1926,2.1232,2.0538,1.9883,1.9286,1.8759,1.8358,1.8074,1.7869,1.7752,1.7693,1.7664,1.7654,1.7634,1.7576,1.7458,1.7302,1.7087,1.6813,1.6559,1.6315,1.6031,1.5738,1.5455,1.521,1.5024,1.4868,1.4721,1.4585,1.4448,1.4291,1.4145,1.4027,1.3861,1.3685,1.3529,1.3402,1.3304,1.3216,1.3138,1.3069,1.3001,1.2952,1.2991,1.3148,1.3441,1.3959,1.4731,1.5787,1.7067,1.8465,1.9883,2.1241,2.2493,2.3568,2.4457,2.5083,2.5513,2.5875,2.6158,2.6344,2.6461,2.652,2.653,2.65,2.6442,2.6344,2.6207,2.6022,2.5797,2.5503,2.5103,2.4624,2.4066,2.3421,2.2708,2.2004,2.1339,2.0704,2.0137,1.9668,1.9316,1.9042,1.8768,1.8514,1.8309,1.8123,1.7928,1.7732,1.7537,1.7341,1.7146,1.694,1.6745,1.6579,1.6422,1.6246,1.6061,1.5865,1.567,1.5474,1.5259,1.5054,1.4878,1.4692,1.4497,1.435,1.4194,1.3998,1.3803,1.3636,1.349,1.3343,1.3236,1.3148,1.3079,1.303,1.303,1.3138,1.3324,1.3627,1.4145,1.4927,1.5953,1.7175,1.8553,2,2.1417,2.2727,2.3881,2.4839,2.5484,2.5914,2.6276,2.6559,2.6745,2.6862,2.6921,2.6931,2.6882,2.6794,2.6686,2.6559,2.6403,2.6207,2.5973,2.566,2.523,2.4702,2.4086,2.3392,2.2659,2.1926,2.1232,2.0596,2.0029,1.958,1.9228,1.8895,1.8612,1.8387,1.8211,1.8055,1.7908,1.7752,1.7576,1.739,1.7195,1.6979,1.6774,1.6559,1.6285,1.5992,1.5718,1.5445,1.5171,1.4917,1.4673,1.4418,1.4164,1.3939,1.3793,1.3685,1.3558,1.3656,1.3881,1.3959,1.3949,1.3881,1.3773,1.3627,1.349,1.3402,1.3421,1.3578,1.39,1.4477,1.5327,1.6413,1.7703,1.9101,2.0499,2.1818,2.3021,2.4057,2.4897,2.5474,2.5875,2.6227,2.6491,2.6686,2.6823,2.6891,2.6921,2.694,2.695,2.6931,2.6882,2.6764,2.6579,2.6344,2.6041,2.566,2.5171,2.4585,2.3939,2.3216,2.2434,2.1672,2.0978,2.0371,1.9892,1.9521,1.9179,1.8876,1.8631,1.8456,1.8319,1.8221,1.8143,1.8035,1.7889,1.7722,1.7586,1.7419,1.7185,1.6911,1.6637,1.6393,1.6158,1.5934,1.5728,1.5513,1.5298,1.5103,1.4907,1.4751,1.4624,1.4487,1.434,1.4203,1.4057,1.391,1.3754,1.3587,1.3421,1.3265,1.3118,1.306,1.3099,1.3255,1.3627,1.4233,1.5064,1.6109,1.7351,1.868,2.001,2.1261,2.2385,2.3353,2.4047,2.4565,2.5044,2.5425,2.5689,2.5855,2.5924,2.5924,2.5894,2.5846,2.5826,2.5816,2.5767,2.5689,2.5611,2.5494,2.5288,2.4976,2.4555,2.4037,2.3421,2.2737,2.2043,2.1349,2.0674,2.0127,1.9677,1.9257,1.8886,1.8592,1.8377,1.8192,1.8016,1.7869,1.7713,1.7546,1.737,1.7224,1.7087,1.6921,1.6735,1.653,1.6325,1.6109,1.5924,1.5748,1.5572,1.5406,1.5259,1.5122,1.5024,1.4946,1.4848,1.4702,1.4526,1.434,1.4154,1.3969,1.3783,1.3597,1.3412,1.3255,1.3177,1.3138,1.3138,1.3265,1.3587,1.4164,1.5015,1.6119,1.741,1.8788,2.0176,2.1515,2.2747,2.3685,2.4418,2.5083,2.5582,2.5924,2.6139,2.6266,2.6334,2.6364,2.6344,2.6276,2.6178,2.607,2.5953,2.5816,2.5621,2.5357,2.5005,2.4565,2.4037,2.3402,2.2678,2.1935,2.1202,2.0508,1.9951,1.9501,1.9071,1.87,1.8407,1.8201,1.8074,1.7977,1.7898,1.7791,1.7644,1.7478,1.7341,1.7204,1.7019,1.6784,1.6569,1.6403,1.6256,1.6119,1.5973,1.5806,1.5621,1.5396,1.5161,1.4985,1.4839,1.4673,1.4506,1.436,1.4262,1.4184,1.4076,1.3959,1.3861,1.3734,1.3578,1.3451,1.3333,1.3216,1.3148,1.3138,1.3245,1.3529,1.4027,1.4761,1.5718,1.6852,1.8133,1.9472,2.0626,2.1603,2.2561,2.3392,2.4066,2.4575,2.4936,2.5181,2.5327,2.5367,2.5347,2.5308,2.5239,2.5161,2.5064,2.4927,2.4761,2.4545,2.4242,2.3842,2.3353,2.2786,2.217,2.1525,2.0948,2.043,1.9932,1.9482,1.9101,1.8807,1.8583,1.8426,1.8348,1.8309,1.826,1.8211,1.8123,1.8016,1.7898,1.7752,1.7576,1.738,1.7185,1.6999,1.6784,1.6569,1.6373,1.6149,1.5934,1.5767,1.5621,1.5455,1.5298,1.5161,1.5024,1.4897,1.477,1.4663,1.4565,1.4457,1.436,1.4282,1.4242,1.4223,1.4184,1.4125,1.4066,1.4008,1.3969,1.4008,1.4213,1.4633,1.5318,1.6266,1.7234,1.825,1.9472,2.0743,2.1945,2.3001,2.3881,2.4594,2.5142,2.5543,2.5816,2.6002,2.6109,2.6129,2.608,2.5992,2.5904,2.5797,2.565,2.5494,2.5308,2.5064,2.4721,2.4311,2.3832,2.3343,2.2845,2.2258,2.1632,2.1026,2.0489,1.999,1.9541,1.9159,1.8847,1.8602,1.8436,1.8328,1.826,1.8211,1.8152,1.8094,1.8006,1.7869,1.7703,1.7537,1.7341,1.7107,1.6843,1.6588,1.6393,1.6256,1.6109,1.5943,1.5758,1.5552,1.5357,1.5191,1.5044,1.4907,1.478,1.4673,1.4585,1.4545,1.4526,1.4487,1.4438,1.4379,1.4321,1.4262,1.4233,1.4291,1.4487,1.4878,1.5494,1.6197,1.7019,1.8094,1.9335,2.0626,2.1887,2.305,2.4057,2.4878,2.5533,2.6041,2.6403,2.6647,2.6764,2.6794,2.6774,2.6706,2.6608,2.65,2.6383,2.6266,2.6129,2.5973,2.5777,2.5494,2.5152,2.4741,2.4213,2.3597,2.2942,2.2278,2.1613,2.0987,2.045,1.998,1.9589,1.9277,1.9032,1.8866,1.8729,1.8622,1.8524,1.8426,1.8348,1.825,1.8113,1.7947,1.7742,1.7488,1.7214,1.697,1.6755,1.652,1.6305,1.609,1.5885,1.5728,1.5582,1.5455,1.5327,1.52,1.5083,1.4927,1.479,1.4673,1.4545,1.4399,1.4233,1.4057,1.39,1.3773,1.3695,1.3715,1.391,1.433,1.4878,1.5591,1.6598,1.781,1.913,2.0459,2.174,2.2893,2.3881,2.4702,2.5337,2.5806,2.6149,2.6354,2.6471,2.6588,2.6676,2.6716,2.6735,2.6745,2.6735,2.6686,2.6569,2.6393,2.6168,2.5904,2.5572,2.5132,2.4604,2.4008,2.3343,2.2659,2.1984,2.1329,2.0723,2.0196,1.9736,1.9384,1.913,1.8925,1.8759,1.8534,1.828,1.8094,1.7928,1.7742,1.7556,1.737,1.7185,1.6999,1.6843,1.6667,1.6422,1.6158,1.5904,1.565,1.5415,1.5191,1.4966,1.4761,1.4555,1.4379,1.4262,1.4184,1.4115,1.4037,1.393,1.3803,1.3656,1.3519,1.3372,1.3236,1.3138,1.3079,1.3109,1.3265,1.3558,1.4066,1.4829,1.5836,1.7058,1.8407,1.9785,2.1124,2.2326,2.3353,2.4174,2.4741,2.5142,2.5464,2.5709,2.5855,2.5934,2.5973,2.5992,2.5982,2.5934,2.5865,2.5767,2.5601,2.5396,2.5122,2.4731,2.4252,2.3715,2.3099,2.2434,2.175,2.1065,2.0391,1.9756,1.9189,1.8749,1.8416,1.8162,1.7986,1.7869,1.7781,1.7683,1.7556,1.74,1.7234,1.7058,1.6872,1.6686,1.653,1.6354,1.6129,1.5904,1.5679,1.5474,1.5308,1.5161,1.5015,1.4848,1.4653,1.4428,1.4252,1.4135,1.3998,1.3861,1.3763,1.3685,1.3578,1.347,1.3363,1.3236,1.3079,1.2913,1.2786,1.2727,1.2708,1.2727,1.2884,1.3255,1.3871,1.4702,1.5738,1.696,1.8299,1.9658,2.0948,2.1984,2.2835,2.3636,2.4321,2.4868,2.5269,2.5533,2.5679,2.5738,2.5728,2.5699,2.563,2.5523,2.5376,2.52,2.5024,2.4809,2.4526,2.4184,2.3763,2.3236,2.263,2.1965,2.1271,2.0596,2.0039,1.958,1.9169,1.8837,1.8592,1.8407,1.825,1.8113,1.7967,1.7801,1.7634,1.7488,1.7341,1.7214,1.7126,1.6999,1.6843,1.6657,1.6432,1.6197,1.5953,1.5709,1.5455,1.522,1.4995,1.4819,1.4702,1.4575,1.4448,1.4321,1.4213,1.4096,1.3978,1.3891,1.3812,1.3744,1.3675,1.3607,1.3578,1.3529,1.3441,1.3363,1.3343,1.346,1.3754,1.4282,1.5073,1.6119,1.7361,1.87,1.9873,2.0919,2.2004,2.3001,2.3842,2.4516,2.5015,2.5357,2.5562,2.564,2.565,2.5621,2.5562,2.5484,2.5415,2.5318,2.5171,2.4995,2.4761,2.4457,2.4066,2.3597,2.3011,2.2356,2.1681,2.1075,2.0528,1.9971,1.9453,1.9013,1.8651,1.8368,1.8182,1.8074,1.8025,1.7996,1.7967,1.7937,1.7908,1.783,1.7693,1.7507,1.7253,1.697,1.6667,1.6393,1.6178,1.5973,1.5777,1.5621,1.5513,1.5425,1.5318,1.52,1.5073,1.4956,1.4829,1.4673,1.4487,1.4301,1.4115,1.393,1.3783,1.3656,1.3519,1.3412,1.3324,1.3304,1.3412,1.3695,1.4213,1.4976,1.5992,1.7243,1.8661,1.9961,2.1173,2.2483,2.3744,2.4868,2.5855,2.6667,2.7292,2.7771,2.8094,2.8289,2.8368,2.8338,2.824,2.8123,2.7986,2.7849,2.7713,2.7537,2.7312,2.7019,2.6628,2.6119,2.5513,2.4819,2.4135,2.346,2.2717,2.1955,2.1241,2.0635,2.0137,1.9736,1.9413,1.9159,1.8944,1.8749,1.8602,1.8495,1.8387,1.826,1.8113,1.7937,1.7722,1.7458,1.7146,1.6833,1.6549,1.6325,1.6139,1.6012,1.5875,1.5699,1.5513,1.5279,1.5034,1.4809,1.4575,1.437,1.4223,1.4115,1.4027,1.3988,1.393,1.3832,1.3715,1.3568,1.3421,1.3314,1.3294,1.3421,1.3754,1.434,1.522,1.6364,1.7527,1.8729,2.0137,2.1623,2.303,2.4282,2.5327,2.6149,2.6794,2.7292,2.7644,2.7889,2.8016,2.8045,2.8055,2.8065,2.8035,2.7947,2.783,2.7703,2.7537,2.7312,2.7038,2.6686,2.6217,2.5699,2.5122,2.4389,2.3568,2.2717,2.1887,2.1114,2.0469,1.9951,1.9531,1.9218,1.8993,1.8827,1.869,1.8553,1.8397,1.8211,1.8016,1.781,1.7605,1.74,1.7185,1.6979,1.6735,1.6471,1.6266,1.607,1.5855,1.564,1.5425,1.52,1.4976,1.48,1.4633,1.4487,1.434,1.4194,1.4106,1.4027,1.3881,1.3705,1.3509,1.3324,1.3157,1.3021,1.2952,1.3011,1.3245,1.3705,1.4428,1.5259,1.6237,1.7517,1.8974,2.0489,2.1984,2.3372,2.4575,2.5582,2.6383,2.6999,2.7449,2.7703,2.783,2.7918,2.7957,2.7977,2.7986,2.7957,2.7869,2.7742,2.7556,2.7302,2.6979,2.6628,2.6197,2.565,2.4995,2.4242,2.3421,2.2571,2.176,2.1036,2.0411,1.9873,1.9423,1.9062,1.8788,1.8622,1.8504,1.8407,1.8328,1.8221,1.8094,1.7957,1.7781,1.7576,1.7312,1.7009,1.6725,1.6481,1.6217,1.5943,1.567,1.5406,1.5191,1.5005,1.4809,1.4585,1.4389,1.4203,1.4037,1.3959,1.39,1.3803,1.3695,1.3607,1.35,1.3333,1.3148,1.2952,1.2776,1.2659,1.262,1.2688,1.2893,1.3314,1.3978,1.4897,1.6061,1.7429,1.8925,2.045,2.1896,2.3206,2.433,2.5249,2.5885,2.6325,2.6686,2.694,2.6989,2.6921,2.6862,2.6804,2.6735,2.6647,2.652,2.6344,2.6129,2.5846,2.5455,2.4956,2.436,2.3675,2.2903,2.2082,2.1281,2.0518,1.9834,1.9277,1.8856,1.8573,1.8416,1.8338,1.828,1.8192,1.8094,1.7977,1.782,1.7634,1.739,1.7087,1.6764,1.6471,1.6217,1.5973,1.5758,1.5572,1.5415,1.5249,1.5054,1.4868,1.4702,1.4545,1.4399,1.4252,1.4145,1.4057,1.39,1.3695,1.3519,1.3363,1.3216,1.3109,1.3011,1.2933,1.2854,1.2776,1.2737,1.2717,1.2698,1.2757,1.3001,1.346,1.4164,1.5142,1.6373,1.781,1.9374,2.0948,2.2434,2.3607,2.4516,2.5357,2.6051,2.6559,2.6921,2.7136,2.7243,2.7302,2.7292,2.7214,2.7107,2.6979,2.6862,2.6735,2.654,2.6266,2.5894,2.5425,2.4848,2.4184,2.346,2.2698,2.1926,2.1163,2.0528,2.002,1.955,1.915,1.8847,1.8622,1.8436,1.8309,1.8211,1.8104,1.8016,1.7908,1.7781,1.7644,1.7468,1.7273,1.7048,1.6774,1.6461,1.6139,1.5855,1.5611,1.5357,1.5122,1.4936,1.4809,1.4712,1.4585,1.4448,1.4311,1.4135,1.392,1.3724,1.3539,1.3372,1.3255,1.3157,1.3109,1.3089,1.304,1.2962,1.2874,1.2805,1.2825,1.303,1.348,1.4174,1.5142,1.6354,1.7771,1.9101,2.0362,2.174,2.3118,2.4379,2.5455,2.6315,2.696,2.7429,2.7732,2.7898,2.7986,2.7986,2.7957,2.7937,2.7898,2.7801,2.7683,2.7517,2.7273,2.6931,2.65,2.5963,2.5327,2.4712,2.4066,2.3324,2.2581,2.1867,2.1193,2.0547,1.9971,1.9501,1.915,1.8876,1.8671,1.8495,1.8358,1.8231,1.8104,1.7967,1.781,1.7625,1.7429,1.7204,1.6931,1.6608,1.6266,1.5934,1.5699,1.5543,1.5396,1.5249,1.5073,1.4858,1.4624,1.436,1.4086,1.3842,1.3666,1.3548,1.3451,1.3402,1.3372,1.3294,1.3157,1.3021,1.2864,1.2678,1.2512,1.2395,1.2336,1.2414,1.2717,1.3177,1.3842,1.4829,1.608,1.7537,1.915,2.0782,2.2346,2.3773,2.4985,2.5973,2.6735,2.7292,2.7625,2.781,2.7937,2.8006,2.8035,2.8055,2.8065,2.8025,2.7937,2.782,2.7654,2.741,2.7126,2.6794,2.6334,2.5748,2.5064,2.4291,2.3441,2.2571,2.172,2.0938,2.0254,1.9638,1.9101,1.8739,1.8504,1.8338,1.8211,1.8094,1.7967,1.7849,1.7713,1.7537,1.7302,1.6999,1.6667,1.6373,1.6119,1.5846,1.5572,1.5327,1.5112,1.4927,1.4761,1.4604,1.4438,1.4242,1.4018,1.3763,1.3539,1.3372,1.3196,1.304,1.2884,1.2727,1.2581,1.2414,1.2258,1.2121,1.2023,1.1935,1.1887,1.1867,1.1857,1.1926,1.216,1.263,1.3382,1.4438,1.5748,1.7273,1.8895,2.0518,2.2043,2.3245,2.4184,2.5054,2.5806,2.6403,2.6843,2.7155,2.737,2.7498,2.7556,2.7566,2.7517,2.74,2.7253,2.7087,2.6891,2.6667,2.6373,2.5953,2.5406,2.4761,2.4018,2.3226,2.2424,2.1623,2.0929,2.0342,1.9746,1.9208,1.8778,1.8436,1.8172,1.7986,1.7879,1.7801,1.7732,1.7654,1.7605,1.7517,1.737,1.7146,1.6852,1.652,1.6168,1.5826,1.5513,1.521,1.4907,1.4624,1.4389,1.4242,1.4125,1.3998,1.3861,1.3695,1.3509,1.3324,1.3157,1.2981,1.2815,1.2659,1.2512,1.2434,1.2375,1.2278,1.217,1.2043,1.1906,1.1799,1.173,1.173,1.1896,1.2326,1.3079,1.3969,1.5024,1.6393,1.7977,1.9648,2.1261,2.2688,2.39,2.4897,2.567,2.6227,2.6588,2.6813,2.6882,2.6862,2.6823,2.6764,2.6696,2.6628,2.652,2.6334,2.608,2.5728,2.5298,2.4819,2.436,2.3851,2.3236,2.2542,2.1789,2.1026,2.0293,1.9629,1.9081,1.8661,1.8358,1.8152,1.7996,1.7879,1.7801,1.7732,1.7654,1.7586,1.7478,1.7312,1.7116,1.6911,1.6657,1.6344,1.6012,1.5728,1.5494,1.5249,1.5015,1.4809,1.4633,1.4467,1.433,1.4252,1.4213,1.4194,1.4184,1.4135,1.4076,1.4008,1.39,1.3773,1.3636,1.348,1.3304,1.3128,1.2923,1.2727,1.2581,1.2473,1.2434,1.2522,1.2776,1.3265,1.4066,1.5142,1.6452,1.7898,1.9394,2.086,2.2199,2.3343,2.4291,2.4966,2.5425,2.5826,2.6149,2.6393,2.6549,2.6647,2.6676,2.6657,2.6569,2.6413,2.6227,2.6022,2.5777,2.5445,2.5044,2.4545,2.393,2.3216,2.2454,2.1672,2.0909,2.0235,1.9677,1.9238,1.8925,1.871,1.8543,1.8446,1.8377,1.8289,1.8172,1.8035,1.7898,1.7742,1.7537,1.7263,1.6999,1.6745,1.6452,1.6168,1.5924,1.5777,1.5699,1.5572,1.5396,1.521,1.5044,1.4888,1.4731,1.4614,1.4516,1.4399,1.4262,1.4115,1.3969,1.3822,1.3675,1.3548,1.3441,1.3353,1.3275,1.3236,1.3216,1.3187,1.3226,1.3392,1.3744,1.433,1.5181,1.6285,1.7625,1.915,2.0733,2.2297,2.3587,2.4643,2.5679,2.6569,2.7263,2.7752,2.8074,2.826,2.8309,2.826,2.8162,2.8035,2.7879,2.7703,2.7566,2.7439,2.7283,2.7058,2.6716,2.6266,2.5699,2.5024,2.4262,2.3441,2.262,2.1916,2.132,2.0714,2.0156,1.9687,1.9316,1.9042,1.8847,1.8729,1.8631,1.8514,1.8377,1.825,1.8133,1.7986,1.7801,1.7556,1.7243,1.6901,1.6549,1.6217,1.5924,1.566,1.5435,1.521,1.5044,1.4907,1.4721,1.4536,1.437,1.4194,1.3988,1.3773,1.3578,1.3382,1.3216,1.3089,1.303,1.2962,1.2854,1.2757,1.2678,1.262,1.2659,1.2903,1.3382,1.4125,1.5171,1.6481,1.7771,1.9071,2.0528,2.1994,2.3363,2.4555,2.5562,2.6364,2.697,2.7439,2.7791,2.8035,2.8221,2.8289,2.8289,2.8289,2.825,2.8152,2.8035,2.7859,2.7644,2.738,2.7028,2.6549,2.5953,2.5357,2.4741,2.4008,2.3206,2.2395,2.1593,2.085,2.0225,1.9717,1.9335,1.9052,1.8837,1.8651,1.8504,1.8377,1.8221,1.8065,1.7908,1.7761,1.7615,1.7429,1.7204,1.6921,1.6588,1.6256,1.6002,1.5777,1.5513,1.5249,1.4985,1.4702,1.4428,1.4184,1.3969,1.3763,1.3587,1.346,1.3324,1.3216,1.3167,1.3109,1.3001,1.2874,1.2727,1.2581,1.2473,1.2434,1.2551,1.2874,1.3441,1.4154,1.5073,1.6325,1.781,1.9413,2.0997,2.2502,2.3861,2.5005,2.5953,2.6706,2.7273,2.7664,2.7879,2.7967,2.8016,2.8035,2.8045,2.8016,2.7928,2.781,2.7654,2.7458,2.7234,2.694,2.6569,2.61,2.5503,2.4819,2.4047,2.3206,2.2356,2.1535,2.0792,2.0156,1.9629,1.9198,1.8866,1.8651,1.8485,1.8328,1.8192,1.8094,1.7967,1.7791,1.7586,1.737,1.7116,1.6804,1.6461,1.6158,1.5914,1.566,1.5396,1.5171,1.4946,1.4721,1.4536,1.435,1.4145,1.391,1.3685,1.349,1.3363,1.3255,1.3148,1.306,1.2972,1.2874,1.2747,1.263,1.2532,1.2454,1.2414,1.2356,1.2366,1.263,1.3177,1.3998,1.5093,1.6413,1.7869,1.9384,2.0899,2.2307,2.3519,2.4516,2.5318,2.5875,2.6246,2.6559,2.6794,2.6931,2.7019,2.7038,2.7019,2.694,2.6833,2.6647,2.6403,2.608,2.563,2.5064,2.4399,2.3675,2.2893,2.2092,2.131,2.0596,1.9961,1.9394,1.8915,1.8563,1.828,1.8025,1.784,1.7713,1.7615,1.7527,1.7449,1.7351,1.7204,1.7019,1.6813,1.6637,1.6452,1.6188,1.5865,1.5533,1.522,1.4907,1.4604,1.434,1.4125,1.3949,1.3783,1.3627,1.349,1.3343,1.3196,1.3089,1.2991,1.2903,1.2825,1.2747,1.2649,1.2522,1.2405,1.2307,1.2258,1.2297,1.2463,1.2835,1.3431,1.4321,1.5523,1.697,1.8563,2.0186,2.176,2.3187,2.4282,2.5112,2.5865,2.6676,2.7019,2.7253,2.7449,2.7449,2.74,2.7195,2.7048,2.6872,2.654,2.6237,2.5826,2.5318,2.4721,2.4008,2.3216,2.2405,2.1427,2.0577,2.0078,1.9638,1.9228,1.8915,1.868,1.8524,1.8407,1.828,1.8133,1.7967,1.7771,1.7566,1.7351,1.7165,1.6999,1.6784,1.652,1.6217,1.5885,1.5562,1.5288,1.5054,1.4848,1.4624,1.4418,1.4262,1.4106,1.3939,1.3734,1.3519,1.3343,1.3196,1.3089,1.2991,1.2903,1.2825,1.2708,1.2571,1.2502,1.2473,1.2424,1.2414,1.2561,1.2933,1.3597,1.4585,1.5875,1.739,1.9032,2.0684,2.2082,2.3275,2.4457,2.5503,2.6344,2.6989,2.7468,2.7801,2.8006,2.8104,2.8152,2.8182,2.8192,2.8162,2.8094,2.7996,2.784,2.7605,2.7322,2.695,2.6461,2.5836,2.5112,2.4291,2.3412,2.263,2.1916,2.1163,2.0469,1.9873,1.9384,1.9013,1.8729,1.8514,1.8328,1.8162,1.7986,1.7801,1.7674,1.7556,1.738,1.7185,1.697,1.6745,1.652,1.6276,1.5982,1.567,1.5376,1.5122,1.4936,1.4809,1.4643,1.4448,1.4223,1.3959,1.3675,1.3402,1.3187,1.3001,1.2835,1.2717,1.262,1.2571,1.2542,1.2493,1.2434,1.2414,1.2561,1.2923,1.3519,1.4399,1.5572,1.6989,1.8573,2,2.1662,2.3236,2.4282,2.5259,2.607,2.6725,2.7234,2.7605,2.7869,2.8074,2.825,2.8377,2.8407,2.8387,2.8377,2.8328,2.8211,2.7928,2.7507,2.7048,2.654,2.5943,2.5269,2.4516,2.3783,2.3079,2.2317,2.1515,2.0762,2.0098,1.9541,1.9091,1.8719,1.8416,1.8192,1.7986,1.7791,1.7634,1.7517,1.739,1.7214,1.7009,1.6794,1.654,1.6227,1.5885,1.5543,1.5239,1.4976,1.478,1.4614,1.4379,1.4125,1.3891,1.3636,1.3402,1.3167,1.2962,1.2815,1.2669,1.2522,1.2444,1.2366,1.2239,1.2102,1.1975,1.1867,1.1818,1.1887,1.217,1.2727,1.3568,1.4682,1.6031,1.7341,1.8631,2.0068,2.1505,2.2845,2.4037,2.5073,2.5914,2.654,2.6979,2.7273,2.7439,2.7488,2.7478,2.7429,2.7351,2.7253,2.7126,2.697,2.6784,2.654,2.6188,2.5709,2.5132,2.4487,2.3842,2.3167,2.2395,2.1593,2.0821,2.0108,1.9453,1.8866,1.8377,1.7986,1.7683,1.7478,1.7351,1.7273,1.7195,1.7077,1.6911,1.6706,1.6491,1.6276,1.6022,1.5699,1.5367,1.5054,1.4751,1.4506,1.4282,1.4037,1.3783,1.347,1.3206,1.3011,1.2845,1.2717,1.262,1.2532,1.2454,1.2414,1.2395,1.2346,1.2248,1.2082,1.1887,1.1711,1.1593,1.1544,1.1691,1.2102,1.2815,1.3851,1.4956,1.6129,1.7537,1.9052,2.0547,2.1935,2.3157,2.4174,2.5005,2.565,2.6119,2.6413,2.654,2.6608,2.6637,2.6637,2.6637,2.6618,2.6569,2.6491,2.6354,2.6119,2.5738,2.522,2.4604,2.3978,2.3314,2.2542,2.174,2.0929,2.0147,1.9433,1.8798,1.827,1.7879,1.7605,1.7439,1.7331,1.7263,1.7185,1.7116,1.7038,1.6921,1.6755,1.6559,1.6344,1.6109,1.5855,1.5582,1.5308,1.5122,1.4946,1.4731,1.4477,1.4213,1.3949,1.3685,1.346,1.3236,1.3011,1.2845,1.2717,1.2659,1.263,1.2571,1.2512,1.2444,1.2346,1.2229,1.2072,1.1916,1.1857,1.1984,1.2326,1.2933,1.3685,1.4633,1.5894,1.7361,1.8944,2.0508,2.1965,2.3284,2.4389,2.5269,2.5914,2.6344,2.6559,2.6637,2.6676,2.6696,2.6706,2.6706,2.6686,2.6637,2.6579,2.6471,2.6285,2.6002,2.5601,2.5142,2.4604,2.392,2.3148,2.2346,2.1535,2.0733,1.9883,1.9189,1.8749,1.8358,1.8055,1.784,1.7683,1.7566,1.7488,1.7429,1.738,1.7322,1.7253,1.7185,1.7077,1.6911,1.6706,1.6647,1.6667,1.6559,1.6373,1.6109,1.5806,1.5523,1.5269,1.5015,1.4731,1.4438,1.4145,1.3842,1.3597,1.3402,1.3187,1.2991,1.2835,1.2717,1.262,1.2532,1.2454,1.2395,1.2405,1.2542,1.2796,1.3226,1.3939,1.4936,1.6188,1.7664,1.9286,2.0929,2.2493,2.3881,2.5044,2.5982,2.6716,2.7204,2.7517,2.7791,2.8006,2.8182,2.8309,2.8377,2.8407,2.8387,2.8299,2.8182,2.8006,2.7752,2.7429,2.7048,2.6549,2.5924,2.5171,2.433,2.3431,2.2551,2.1691,2.0909,2.0244,1.9707,1.9306,1.9013,1.8768,1.8573,1.8397,1.8231,1.8074,1.7928,1.7761,1.7566,1.7351,1.7107,1.6891,1.6716,1.6471,1.6178,1.5904,1.563,1.5347,1.5073,1.4819,1.4575,1.4321,1.4066,1.3803,1.3578,1.3412,1.3255,1.3099,1.2962,1.2854,1.2747,1.262,1.2454,1.2297,1.218,1.2111,1.2131,1.2307,1.2678,1.3324,1.4262,1.5494,1.6979,1.8602,2.0244,2.1828,2.3265,2.4702,2.5855,2.6481,2.697,2.7419,2.7801,2.8084,2.826,2.8348,2.8358,2.8289,2.8172,2.8045,2.7879,2.7664,2.7429,2.7195,2.6931,2.6569,2.609,2.5484,2.479,2.4008,2.3138,2.2248,2.1408,2.0626,1.999,1.9472,1.8983,1.8563,1.824,1.8025,1.7889,1.7781,1.7664,1.7517,1.7331,1.7116,1.694,1.6755,1.651,1.6217,1.5904,1.5591,1.5288,1.4985,1.4682,1.4399,1.4145,1.39,1.3685,1.3519,1.3382,1.3255,1.3157,1.303,1.2893,1.2786,1.2669,1.2522,1.2336,1.2131,1.1926,1.1808,1.1769,1.1828,1.2121,1.2698,1.3578,1.477,1.6217,1.781,1.9472,2.1114,2.2659,2.4037,2.5064,2.5826,2.6471,2.694,2.7273,2.7498,2.7625,2.7693,2.7722,2.7742,2.7713,2.7625,2.7478,2.7331,2.7185,2.6979,2.6686,2.6276,2.5748,2.5103,2.435,2.35,2.2581,2.1672,2.0821,2.0127,1.956,1.9003,1.8534,1.8192,1.7967,1.782,1.7703,1.7615,1.7527,1.7429,1.7283,1.7136,1.697,1.6735,1.6461,1.6197,1.5953,1.5689,1.5406,1.5112,1.4819,1.4526,1.4223,1.3978,1.3763,1.348,1.3245,1.3109,1.3001,1.2913,1.2796,1.2659,1.2551,1.2444,1.2317,1.2151,1.2033,1.1975,1.1906,1.1896,1.2043,1.2414,1.3069,1.4008,1.52,1.6579,1.8065,1.9599,2.0899,2.2004,2.3109,2.4086,2.4888,2.5503,2.5953,2.6256,2.6403,2.6442,2.6422,2.6383,2.6325,2.6237,2.6139,2.6051,2.5943,2.5758,2.5464,2.5044,2.4497,2.3842,2.3109,2.2307,2.1447,2.0704,2.0059,1.9404,1.8807,1.8309,1.7947,1.7713,1.7586,1.7517,1.7488,1.7449,1.739,1.7292,1.7116,1.695,1.6794,1.6549,1.6266,1.5982,1.5709,1.5445,1.5122,1.4858,1.4653,1.4438,1.4291,1.4184,1.4057,1.392,1.3773,1.3627,1.35,1.3363,1.3187,1.303,1.2874,1.2727,1.261,1.2551,1.2522,1.2473,1.2414,1.2346,1.2424,1.259,1.2835,1.3363,1.4194,1.5327,1.6901,1.8309,1.9413,2.0714,2.2023,2.3245,2.4497,2.5513,2.6129,2.6618,2.697,2.7185,2.7292,2.7312,2.7214,2.7087,2.7009,2.6872,2.6676,2.6452,2.6178,2.5816,2.5347,2.4946,2.434,2.3509,2.2766,2.1984,2.1212,2.0499,1.9883,1.9374,1.8954,1.8671,1.8456,1.824,1.8074,1.7957,1.7889,1.783,1.7732,1.7576,1.737,1.7136,1.6911,1.6647,1.6334,1.6012,1.5709,1.5425,1.521,1.5044,1.4888,1.4721,1.4526,1.434,1.4135,1.39,1.3675,1.349,1.3363,1.3265,1.3177,1.3128,1.3109,1.306,1.3001,1.2933,1.2864,1.2796,1.2737,1.2747,1.2893,1.3226,1.3783,1.4457,1.5327,1.653,1.7957,1.9511,2.1095,2.26,2.3939,2.5083,2.6022,2.6725,2.7243,2.7615,2.782,2.7918,2.7986,2.8025,2.8045,2.8055,2.8016,2.7928,2.781,2.7644,2.739,2.7087,2.6745,2.6344,2.5806,2.5161,2.4418,2.3587,2.2708,2.1848,2.1056,2.0362,1.9775,1.9306,1.8935,1.868,1.8495,1.8328,1.8172,1.8045,1.7928,1.7781,1.7595,1.739,1.7185,1.695,1.6667,1.6393,1.6129,1.5836,1.5543,1.5249,1.4976,1.4741,1.4536,1.4321,1.4125,1.3939,1.3734,1.3578,1.348,1.3392,1.3314,1.3236,1.3157,1.3089,1.3011,1.2942,1.2864,1.2796,1.2717,1.2649,1.263,1.2727,1.2981,1.347,1.4272,1.5386,1.6764,1.8289,1.9863,2.1378,2.2776,2.4008,2.4936,2.565,2.6305,2.6813,2.7175,2.7419,2.7556,2.7625,2.7664,2.7683,2.7693,2.7654,2.7566,2.7439,2.7283,2.7087,2.6843,2.6471,2.5963,2.5357,2.4643,2.3832,2.2991,2.2141,2.1281,2.0547,1.9941,1.9355,1.8837,1.8407,1.8074,1.7859,1.7713,1.7605,1.7507,1.7429,1.7351,1.7234,1.7077,1.6872,1.6579,1.6246,1.5894,1.5543,1.522,1.4907,1.4614,1.436,1.4115,1.3881,1.3715,1.3587,1.3451,1.3284,1.3109,1.2923,1.2717,1.2502,1.2287,1.2102,1.1935,1.1779,1.1662,1.1603,1.1574,1.1525,1.1457,1.1388,1.1369,1.1515,1.1906,1.259,1.3597,1.4907,1.6442,1.7889,1.9267,2.0743,2.216,2.3421,2.4457,2.5318,2.6012,2.6549,2.6931,2.7195,2.738,2.7498,2.7517,2.7468,2.739,2.7273,2.7116,2.6931,2.6686,2.6373,2.5992,2.5523,2.4985,2.4379,2.3754,2.3099,2.2366,2.1584,2.0792,2.0039,1.9345,1.8749,1.8289,1.7947,1.7722,1.7566,1.7419,1.7292,1.7185,1.7038,1.6872,1.6716,1.654,1.6334,1.6119,1.5865,1.5572,1.5269,1.4966,1.4721,1.4506,1.4252,1.3969,1.3695,1.3451,1.3255,1.3118,1.3011,1.2913,1.2835,1.2757,1.2659,1.2571,1.2512,1.2444,1.2375,1.2278,1.2151,1.2014,1.1877,1.1711,1.1554,1.1457,1.1447,1.1554,1.1867,1.2463,1.3343,1.4516,1.5924,1.7507,1.9169,2.0772,2.2248,2.3539,2.4594,2.5464,2.609,2.651,2.6833,2.7058,2.7165,2.7165,2.7107,2.7019,2.6921,2.6813,2.6686,2.653,2.6334,2.609,2.5738,2.5279,2.4712,2.4037,2.3245,2.2395,2.1535,2.0714,1.998,1.9355,1.8847,1.8504,1.828,1.8084,1.7918,1.7781,1.7674,1.7586,1.7478,1.7331,1.7146,1.694,1.6725,1.6549,1.6344,1.607,1.5787,1.5513,1.5259,1.5015,1.478,1.4536,1.4301,1.4066,1.3842,1.3695,1.3558,1.3382,1.3216,1.3099,1.3001,1.2913,1.2835,1.2757,1.2678,1.26,1.2483,1.2356,1.2287,1.2258,1.2199,1.2131,1.2102,1.218,1.2424,1.2884,1.3607,1.4585,1.5787,1.7185,1.8485,1.9717,2.1085,2.2444,2.3695,2.477,2.566,2.6354,2.6833,2.7146,2.7341,2.7439,2.7488,2.7458,2.737,2.7263,2.7155,2.7028,2.6833,2.6559,2.6197,2.5738,2.5191,2.4555,2.3822,2.3118,2.2444,2.1691,2.0938,2.0244,1.9638,1.914,1.8905,1.8837,1.8729,1.8592,1.8456,1.8328,1.825,1.8172,1.8055,1.7928,1.7771,1.7576,1.737,1.7155,1.6891,1.6579,1.6246,1.5953,1.5728,1.5543,1.5357,1.5191,1.5034,1.4878,1.4721,1.4575,1.4389,1.4145,1.3891,1.3646,1.3451,1.3353,1.3304,1.3245,1.3177,1.3109,1.304,1.2962,1.2884,1.2815,1.2776,1.2874,1.3177,1.3636,1.4291,1.5298,1.6588,1.8094,1.9726,2.1339,2.2864,2.4223,2.5396,2.6373,2.7146,2.7732,2.8123,2.8348,2.8504,2.8583,2.8622,2.8622,2.8563,2.8456,2.8328,2.8192,2.8016,2.7791,2.7546,2.7243,2.6804,2.6217,2.5503,2.4721,2.3881,2.303,2.219,2.1398,2.0684,2.0059,1.956,1.9218,1.8993,1.8827,1.8719,1.8651,1.8553,1.8436,1.828,1.8094,1.7849,1.7546,1.7204,1.6901,1.6637,1.6354,1.608,1.5836,1.5601,1.5347,1.5093,1.4848,1.4614,1.4409,1.4233,1.4066,1.3969,1.39,1.3783,1.3656,1.35,1.3304,1.3099,1.2903,1.2727,1.2581,1.2473,1.2385,1.2336,1.2336,1.2405,1.2669,1.3187,1.4008,1.5132,1.652,1.8094,1.9756,2.1398,2.2913,2.4233,2.521,2.5924,2.6559,2.7087,2.7458,2.7722,2.7928,2.8065,2.8133,2.8172,2.8172,2.8113,2.7986,2.781,2.7595,2.7322,2.6979,2.6559,2.6051,2.5464,2.4809,2.4076,2.3275,2.2463,2.174,2.1075,2.0411,1.9814,1.9326,1.8954,1.8671,1.8475,1.8338,1.824,1.8133,1.7986,1.7801,1.7634,1.7468,1.7273,1.7048,1.6784,1.65,1.6246,1.6031,1.5806,1.5562,1.5288,1.5024,1.4819,1.4624,1.4409,1.4194,1.3969,1.3763,1.3568,1.3392,1.3255,1.3109,1.2962,1.2854,1.2757,1.2708,1.2688,1.2639,1.2581,1.2551,1.263,1.2903,1.346,1.4301,1.5396,1.6686,1.8133,1.9462,2.0704,2.2063,2.3353,2.4506,2.5494,2.6325,2.697,2.74,2.7674,2.783,2.7889,2.7859,2.7752,2.7625,2.7527,2.7439,2.7312,2.7136,2.6901,2.6579,2.6158,2.565,2.5054,2.435,2.3656,2.2991,2.2248,2.1476,2.0753,2.0137,1.9619,1.9208,1.8915,1.869,1.8504,1.8358,1.825,1.8172,1.8094,1.7967,1.7791,1.7586,1.7351,1.7067,1.6755,1.6432,1.6119,1.5836,1.5582,1.5396,1.5132,1.478,1.4497,1.4262,1.4066,1.3861,1.3646,1.347,1.3284,1.3118,1.3001,1.2903,1.2854,1.2825,1.2776,1.2698,1.2561,1.2405,1.2287,1.2268,1.2405,1.2786,1.346,1.4409,1.5425,1.653,1.7869,1.9345,2.0802,2.218,2.3451,2.4526,2.5396,2.61,2.6618,2.695,2.7136,2.7185,2.7136,2.7058,2.6979,2.6901,2.6833,2.6716,2.6549,2.6354,2.6109,2.5748,2.5269,2.477,2.4203,2.3509,2.2757,2.1975,2.1212,2.0508,1.9902,1.9394,1.8974,1.8631,1.8368,1.8162,1.8006,1.7889,1.7801,1.7713,1.7634,1.7517,1.7351,1.7155,1.695,1.6735,1.6481,1.6168,1.5875,1.5621,1.5347,1.5064,1.4809,1.4604,1.4428,1.4262,1.4106,1.3978,1.3851,1.3715,1.3578,1.347,1.3382,1.3275,1.3167,1.304,1.2903,1.2776,1.2678,1.263,1.2698,1.2923,1.3343,1.391,1.4653,1.5748,1.7136,1.868,2.0283,2.1867,2.3333,2.4585,2.5621,2.6432,2.7019,2.7449,2.7693,2.784,2.7947,2.8006,2.8035,2.8045,2.8035,2.7967,2.7859,2.7732,2.7556,2.7302,2.6989,2.6579,2.6002,2.5308,2.4526,2.3695,2.2854,2.2043,2.1281,2.0606,2.0039,1.9589,1.9277,1.9062,1.8915,1.8807,1.868,1.8543,1.8358,1.8143,1.7928,1.7683,1.7419,1.7136,1.6862,1.6657,1.6471,1.6276,1.6061,1.5846,1.5611,1.5337,1.5054,1.4761,1.4467,1.4194,1.3959,1.3793,1.3636,1.346,1.3284,1.3099,1.2913,1.2727,1.2542,1.2375,1.2258,1.218,1.219,1.2366,1.2678,1.3148,1.3891,1.4927,1.6207,1.7674,1.9277,2.0899,2.2454,2.3861,2.5064,2.6061,2.6745,2.7214,2.7634,2.7957,2.8192,2.8348,2.8426,2.8465,2.8485,2.8456,2.8368,2.8231,2.8035,2.7791,2.7498,2.7146,2.6706,2.6158,2.5494,2.4731,2.391,2.3069,2.2239,2.1457,2.0743,2.0186,1.9736,1.9326,1.9013,1.8778,1.8592,1.8426,1.825,1.8065,1.7889,1.7683,1.7468,1.7253,1.7048,1.6823,1.652,1.6188,1.5855,1.5533,1.523,1.4946,1.4692,1.4438,1.4164,1.3871,1.3656,1.349,1.3314,1.3167,1.306,1.2972,1.2884,1.2786,1.2669,1.2512,1.2326,1.216,1.2033,1.1975,1.1994,1.216,1.2522,1.3148,1.4066,1.5269,1.6686,1.8221,1.9804,2.1339,2.2708,2.3715,2.4457,2.5122,2.567,2.6109,2.6432,2.6667,2.6843,2.695,2.6979,2.694,2.6852,2.6716,2.654,2.6344,2.6129,2.5875,2.5533,2.5093,2.4565,2.392,2.3138,2.2278,2.1398,2.0557,1.9883,1.9345,1.8837,1.8407,1.8084,1.7869,1.7722,1.7615,1.7527,1.7449,1.7351,1.7214,1.7038,1.6872,1.6716,1.6491,1.6197,1.5894,1.5591,1.5337,1.5103,1.4858,1.4624,1.4399,1.4174,1.4008,1.3851,1.3666,1.348,1.3314,1.3157,1.3011,1.2903,1.2805,1.2727,1.2649,1.2571,1.2502,1.2463,1.2444,1.2395,1.2336,1.2326,1.2463,1.2805,1.3402,1.4272,1.5455,1.6891,1.8465,1.9853,2.1075,2.2317,2.347,2.4457,2.5279,2.5924,2.6373,2.6657,2.6813,2.6852,2.6804,2.6725,2.6628,2.653,2.6442,2.6344,2.6207,2.6012,2.5728,2.5357,2.4897,2.434,2.3695,2.2991,2.2336,2.1701,2.0997,2.0303,1.9648,1.9062,1.8592,1.8231,1.7977,1.781,1.7732,1.7693,1.7654,1.7615,1.7546,1.7419,1.7243,1.7028,1.6764,1.6442,1.61,1.5767,1.5455,1.5161,1.4897,1.4731,1.4614,1.4477,1.434,1.4203,1.4057,1.391,1.3763,1.3607,1.3431,1.3255,1.3099,1.3021,1.2981,1.2923,1.2854,1.2786,1.2717,1.2649,1.263,1.2727,1.2981,1.347,1.4233,1.5249,1.6285,1.738,1.8729,2.0166,2.1574,2.2874,2.4018,2.4985,2.5758,2.6344,2.6784,2.7097,2.7273,2.738,2.7468,2.7517,2.7498,2.7419,2.7292,2.7097,2.6852,2.6569,2.6207,2.5758,2.5239,2.4731,2.4184,2.3509,2.2757,2.1984,2.1212,2.0499,1.9892,1.9404,1.9013,1.871,1.8446,1.8231,1.8045,1.7849,1.7664,1.7498,1.7322,1.7126,1.6921,1.6706,1.6491,1.6256,1.5973,1.5689,1.5474,1.5279,1.5054,1.4829,1.4604,1.4389,1.4174,1.3959,1.3734,1.3519,1.3333,1.3167,1.305,1.2991,1.2923,1.2854,1.2766,1.2649,1.2522,1.2385,1.2229,1.2072,1.1994,1.2063,1.2375,1.2835,1.35,1.4506,1.5767,1.7234,1.8817,2.0371,2.1818,2.3128,2.4252,2.5191,2.5934,2.6422,2.6716,2.695,2.7146,2.7292,2.739,2.7439,2.7419,2.7341,2.7214,2.7019,2.6794,2.6559,2.6295,2.6109,2.5885,2.5445,2.4848,2.4125,2.3304,2.2463,2.1632,2.0841,2.0137,1.956,1.914,1.8837,1.8592,1.8397,1.8201,1.8035,1.7879,1.7683,1.7478,1.7253,1.7028,1.6804,1.6579,1.6393,1.6207,1.5963,1.5689,1.5406,1.5112,1.4809,1.4516,1.4252,1.4008,1.3773,1.3578,1.3451,1.3343,1.3216,1.306,1.2864,1.2659,1.2454,1.2278,1.2121,1.1965,1.1789,1.1632,1.1535,1.1515,1.1623,1.1906,1.2444,1.3275,1.4389,1.5748,1.7312,1.8974,2.0596,2.2092,2.3421,2.4418,2.5152,2.5797,2.6344,2.6755,2.7028,2.7204,2.7292,2.7341,2.7361,2.7351,2.7312,2.7234,2.7136,2.7019,2.6823,2.654,2.6149,2.566,2.5034,2.4291,2.3451,2.2542,2.1613,2.0733,2.001,1.9404,1.8837,1.8387,1.8094,1.7908,1.7771,1.7693,1.7634,1.7566,1.7468,1.7331,1.7185,1.7019,1.6764,1.6471,1.6168,1.5865,1.5582,1.5308,1.5044,1.478,1.4536,1.4321,1.4096,1.393,1.3793,1.3607,1.3441,1.3284,1.3128,1.3011,1.2913,1.2835,1.2717,1.2542,1.2346,1.219,1.2053,1.1896,1.176,1.1691,1.1769,1.2092,1.2688,1.3548,1.4673,1.6002,1.7478,1.9022,2.0381,2.1564,2.2747,2.3783,2.4643,2.5337,2.5894,2.6315,2.6628,2.6833,2.696,2.7019,2.7009,2.695,2.6882,2.6813,2.6706,2.652,2.6237,2.5836,2.5308,2.4673,2.392,2.3109,2.2287,2.1564,2.0919,2.0274,1.9687,1.9189,1.8768,1.8407,1.8113,1.7918,1.7742,1.7556,1.739,1.7253,1.7126,1.6989,1.6823,1.6628,1.6422,1.6207,1.5982,1.5777,1.5582,1.5347,1.5083,1.4819,1.4614,1.4448,1.4291,1.4145,1.3969,1.3773,1.3558,1.3343,1.3138,1.2942,1.2766,1.2649,1.259,1.2561,1.2502,1.2434,1.2346,1.2248,1.216,1.2131,1.2248,1.2571,1.3148,1.4018,1.5191,1.6373,1.7605,1.9052,2.0547,2.1984,2.3275,2.437,2.5279,2.5992,2.654,2.6921,2.7155,2.7234,2.7234,2.7214,2.7146,2.7019,2.6843,2.6637,2.6422,2.6168,2.5816,2.5376,2.4858,2.4233,2.3627,2.3001,2.2278,2.1515,2.0802,2.0176,1.9658,1.9228,1.8886,1.8612,1.8407,1.8231,1.8084,1.7977,1.7889,1.7781,1.7634,1.7449,1.7243,1.7028,1.694,1.6901,1.6716,1.6452,1.6158,1.5924,1.5709,1.5464,1.5249,1.5064,1.4897,1.4731,1.4575,1.4418,1.4262,1.4066,1.3861,1.3715,1.3627,1.3539,1.346,1.3382,1.3324,1.3275,1.3216,1.3148,1.3069,1.303,1.3109,1.3382,1.3803,1.4457,1.5474,1.6784,1.8319,1.999,2.1662,2.3255,2.4663,2.5865,2.6852,2.7595,2.8065,2.8348,2.8592,2.8749,2.8827,2.8866,2.8886,2.8856,2.8768,2.8651,2.8475,2.825,2.8006,2.7713,2.7331,2.6833,2.6217,2.5513,2.4721,2.3881,2.304,2.2229,2.1505,2.085,2.0274,1.9834,1.9501,1.9218,1.9003,1.8817,1.8661,1.8553,1.8465,1.8358,1.8211,1.8025,1.7791,1.7566,1.7331,1.7048,1.6706,1.6383,1.6109,1.5855,1.5611,1.5357,1.5093,1.4848,1.4633,1.4448,1.4321,1.4213,1.4086,1.393,1.3773,1.3617,1.346,1.3324,1.3177,1.303,1.2884,1.2747,1.2678,1.2649,1.2649,1.2825,1.3255,1.3969,1.4976,1.6266,1.7791,1.9453,2.1134,2.2737,2.4174,2.5259,2.609,2.6843,2.7488,2.8006,2.8397,2.869,2.8895,2.9013,2.9071,2.9101,2.912,2.9071,2.8954,2.8817,2.8631,2.8368,2.8006,2.7517,2.6911,2.6207,2.5406,2.4545,2.3695,2.2903,2.2239,2.1662,2.1085,2.0547,2.0068,1.9658,1.9335,1.9101,1.8905,1.8729,1.8583,1.8436,1.8289,1.8133,1.7947,1.7713,1.7449,1.7155,1.6843,1.653,1.6256,1.6031,1.5836,1.5621,1.5386,1.5191,1.4995,1.4741,1.4467,1.4174,1.393,1.3773,1.3656,1.3519,1.3353,1.3196,1.3021,1.2893,1.2835,1.2766,1.2688,1.261,1.2571,1.2649,1.2903,1.3372,1.4145,1.5239,1.6588,1.8143,1.9589,2.0968,2.2483,2.393,2.521,2.6295,2.7155,2.782,2.8309,2.8631,2.8807,2.8895,2.8905,2.8827,2.871,2.8583,2.8436,2.8289,2.8162,2.8035,2.7859,2.7576,2.7165,2.6618,2.5924,2.521,2.4467,2.3597,2.2669,2.176,2.0938,2.0225,1.9658,1.9238,1.8935,1.8719,1.8583,1.8495,1.8436,1.8368,1.8289,1.8211,1.8113,1.7977,1.7771,1.7498,1.7165,1.6784,1.6403,1.6041,1.5748,1.5503,1.5249,1.5024,1.4839,1.4663,1.4506,1.435,1.4194,1.4037,1.39,1.3773,1.3675,1.3568,1.3245,1.2805,1.2493,1.2278,1.2141,1.2033,1.1935,1.1877,1.1877,1.2033,1.2336,1.2805,1.3519,1.4497,1.5718,1.7136,1.8641,2.0147,2.1574,2.2874,2.3988,2.4936,2.5767,2.6373,2.6764,2.7077,2.7273,2.7351,2.7331,2.7243,2.7146,2.7038,2.6911,2.6755,2.6549,2.6295,2.5982,2.5582,2.5103,2.4526,2.3842,2.3089,2.2278,2.1447,2.0635,1.9892,1.9257,1.8749,1.8407,1.8172,1.8006,1.7879,1.7801,1.7742,1.7683,1.7595,1.7458,1.7273,1.7048,1.6784,1.654,1.6305,1.6041,1.5777,1.5513,1.5269,1.5054,1.4839,1.4633,1.4457,1.4272,1.4066,1.3832,1.3646,1.348,1.3304,1.3177,1.3069,1.2981,1.2903,1.2825,1.2747,1.2669,1.259,1.2483,1.2375,1.2278,1.217,1.2082,1.2023,1.2063,1.2307,1.2825,1.3666,1.4839,1.6266,1.7859,1.955,2.1036,2.2317,2.3617,2.479,2.5767,2.654,2.7116,2.7537,2.784,2.8025,2.8123,2.8172,2.8152,2.8074,2.7957,2.7801,2.7595,2.7361,2.7097,2.6755,2.6325,2.5767,2.5103,2.434,2.3519,2.2796,2.2111,2.1398,2.0723,2.0127,1.9619,1.9198,1.8876,1.8631,1.8436,1.827,1.8104,1.7967,1.7859,1.7732,1.7556,1.7361,1.7146,1.6911,1.6628,1.6315,1.6012,1.5709,1.5445,1.522,1.5034,1.4878,1.4731,1.4585,1.4399,1.4174,1.3949,1.3705,1.347,1.3294,1.3167,1.3069,1.3001,1.2933,1.2835,1.2757,1.2678,1.26,1.2502,1.2375,1.2258,1.218,1.218,1.2336,1.2688,1.3187,1.39,1.4956,1.6266,1.7761,1.9374,2.0987,2.2502,2.3861,2.5005,2.5914,2.6598,2.7009,2.7234,2.741,2.7517,2.7566,2.7595,2.7605,2.7576,2.7478,2.7361,2.7204,2.6999,2.6706,2.6354,2.5934,2.5406,2.477,2.4018,2.3196,2.2356,2.1515,2.0743,2.0078,1.9501,1.9022,1.869,1.8465,1.828,1.8113,1.7977,1.7869,1.7781,1.7664,1.7488,1.7273,1.6999,1.6667,1.6315,1.6012,1.5767,1.5533,1.5318,1.5132,1.4966,1.479,1.4594,1.4379,1.4164,1.3939,1.3715,1.3548,1.3431,1.3294,1.3167,1.3069,1.2942,1.2805,1.2698,1.261,1.2532,1.2454,1.2375,1.2336,1.2317,1.2268,1.2229,1.2278,1.2532,1.3011,1.3773,1.4829,1.6109,1.7556,1.9081,2.0567,2.1769,2.2786,2.3793,2.4682,2.5425,2.6002,2.6422,2.6686,2.6823,2.6872,2.6833,2.6725,2.6559,2.6364,2.6158,2.5943,2.5709,2.5425,2.5073,2.4653,2.4135,2.35,2.2796,2.2033,2.1261,2.0616,2.0068,1.9511,1.8993,1.8553,1.8201,1.7957,1.7801,1.7703,1.7654,1.7625,1.7595,1.7566,1.7507,1.739,1.7214,1.7019,1.6794,1.651,1.6188,1.5855,1.5543,1.5239,1.4976,1.4761,1.4624,1.4516,1.4389,1.4252,1.4106,1.3959,1.3812,1.3666,1.348,1.3294,1.3167,1.306,1.3011,1.2981,1.2933,1.2874,1.2805,1.2737,1.2659,1.261,1.262,1.2766,1.3157,1.3842,1.479,1.5806,1.6921,1.8299,1.9785,2.1271,2.2659,2.3871,2.4888,2.5699,2.6266,2.6647,2.6872,2.695,2.695,2.6931,2.6882,2.6823,2.6735,2.6618,2.6471,2.6285,2.6041,2.5699,2.5269,2.4751,2.4213,2.3617,2.2884,2.2111,2.132,2.0547,1.9863,1.9306,1.8856,1.8524,1.8299,1.8172,1.8104,1.8074,1.8016,1.7918,1.7791,1.7644,1.7458,1.7253,1.7038,1.6784,1.65,1.6217,1.5904,1.566,1.5464,1.523,1.4985,1.477,1.4585,1.4418,1.4262,1.4115,1.3959,1.3812,1.3646,1.349,1.3353,1.3226,1.3128,1.304,1.2962,1.2884,1.2805,1.2737,1.2659,1.261,1.262,1.2766,1.3069,1.3568,1.4379,1.5474,1.6813,1.8338,1.9932,2.1496,2.2923,2.4154,2.5181,2.6012,2.6559,2.6901,2.7185,2.74,2.7566,2.7664,2.7713,2.7703,2.7625,2.7507,2.738,2.7224,2.7009,2.6755,2.6461,2.609,2.5611,2.5015,2.433,2.3558,2.2747,2.1935,2.1153,2.0469,1.9883,1.9443,1.913,1.8876,1.868,1.8504,1.8348,1.8192,1.8035,1.7869,1.7683,1.7478,1.7263,1.7028,1.6813,1.6628,1.6393,1.6109,1.5836,1.5572,1.5327,1.5093,1.4858,1.4673,1.4506,1.434,1.4223,1.4096,1.3881,1.3627,1.3363,1.3157,1.3021,1.2913,1.2825,1.2747,1.2669,1.259,1.2551,1.2571,1.2669,1.2903,1.3343,1.4047,1.5005,1.6207,1.7644,1.9228,2.0821,2.2346,2.3744,2.4809,2.564,2.6403,2.7048,2.7556,2.7937,2.8221,2.8407,2.8495,2.8543,2.8524,2.8446,2.8309,2.8152,2.7996,2.7693,2.7263,2.6852,2.6422,2.5914,2.5279,2.4536,2.3715,2.2835,2.1945,2.1183,2.0518,1.9863,1.9257,1.8729,1.8299,1.7947,1.7683,1.7478,1.7322,1.7204,1.7107,1.7038,1.6989,1.6911,1.6774,1.6579,1.6305,1.5982,1.564,1.5298,1.4976,1.4663,1.436,1.4076,1.3861,1.3675,1.349,1.3324,1.3167,1.3011,1.2854,1.2708,1.2551,1.2385,1.219,1.1975,1.1818,1.1681,1.1515,1.1378,1.129,1.132,1.1564,1.2043,1.2805,1.3881,1.5181,1.6676,1.8299,1.9736,2.0997,2.2278,2.3451,2.4448,2.5259,2.5875,2.6315,2.6628,2.6852,2.7048,2.7185,2.7214,2.7185,2.7155,2.7087,2.697,2.6823,2.6637,2.6393,2.6051,2.5552,2.4936,2.4213,2.3402,2.2659,2.1965,2.1212,2.0459,1.9765,1.914,1.8583,1.8113,1.7742,1.7488,1.7322,1.7204,1.7126,1.7067,1.696,1.6794,1.6598,1.6393,1.6178,1.5943,1.565,1.5337,1.5034,1.4751,1.4497,1.4311,1.4145,1.393,1.3705,1.348,1.3255,1.305,1.2874,1.2737,1.263,1.2493,1.2336,1.2219,1.2102,1.1935,1.176,1.1593,1.1417,1.1251,1.1134,1.1056,1.1095,1.1339,1.1818,1.2581,1.349,1.4555,1.5914,1.7419,1.8974,2.0459,2.1808,2.2972,2.39,2.4614,2.5142,2.5533,2.5787,2.5963,2.6129,2.6266,2.6373,2.6432,2.6461,2.6452,2.6393,2.6256,2.6012,2.567,2.52,2.4702,2.4174,2.3529,2.2815,2.2043,2.1281,2.0567,1.9892,1.9277,1.8739,1.8299,1.7947,1.7703,1.7527,1.738,1.7273,1.7185,1.7097,1.6979,1.6804,1.6588,1.6315,1.6012,1.5709,1.5464,1.5249,1.5005,1.477,1.4526,1.4252,1.3969,1.3715,1.3509,1.3333,1.3167,1.3011,1.2854,1.2747,1.2669,1.2551,1.2424,1.2317,1.2229,1.2151,1.2072,1.1994,1.1896,1.1779,1.1623,1.1505,1.1408,1.129,1.1212,1.1222,1.1398,1.1789,1.2454,1.3402,1.4604,1.6031,1.7566,1.912,2.0459,2.1623,2.2766,2.3763,2.4604,2.5269,2.5748,2.6061,2.6256,2.6373,2.6432,2.6461,2.6471,2.652,2.6598,2.6657,2.6667,2.6618,2.6481,2.6227,2.5816,2.523,2.4506,2.3695,2.2825,2.2033,2.13,2.0518,1.9756,1.9003,1.8289,1.7644,1.7107,1.6686,1.6579,1.6637,1.6549,1.6432,1.6295,1.61,1.5855,1.5582,1.5298,1.5005,1.4712,1.4418,1.4115,1.3851,1.3666,1.3539,1.347,1.3441,1.3392,1.3324,1.3255,1.3187,1.3109,1.305,1.3001,1.2942,1.2874,1.2766,1.2659,1.2551,1.2424,1.2317,1.2229,1.2151,1.2092,1.2043,1.1984,1.1916,1.1838,1.1769,1.175,1.1828,1.2043,1.2463,1.3157,1.4125,1.5357,1.6804,1.8348,1.9883,2.1339,2.2669,2.3832,2.4692,2.5308,2.5846,2.6266,2.6569,2.6774,2.6872,2.6891,2.6862,2.6813,2.6706,2.652,2.6266,2.5973,2.5621,2.52,2.4731,2.4174,2.3558,2.2884,2.2131,2.1398,2.0733,2.0127,1.9599,1.9198,1.8925,1.8719,1.8543,1.8416,1.8309,1.8221,1.8162,1.8094,1.8025,1.7918,1.7752,1.7556,1.739,1.7195,1.6911,1.6579,1.6246,1.5924,1.563,1.5396,1.52,1.5034,1.4878,1.4721,1.4604,1.4506,1.4389,1.4252,1.4106,1.3978,1.3861,1.3724,1.3607,1.3509,1.3421,1.3343,1.3265,1.3226,1.3245,1.3255,1.3216,1.3167,1.3099,1.305,1.306,1.3196,1.3529,1.4125,1.5015,1.6002,1.7107,1.8485,1.9971,2.1476,2.2923,2.4223,2.5357,2.6295,2.7028,2.7566,2.7928,2.8162,2.826,2.827,2.826,2.8201,2.8094,2.7967,2.783,2.7683,2.7517,2.7322,2.7097,2.6794,2.6422,2.5934,2.5298,2.4555,2.3734,2.2893,2.2063,2.129,2.0645,2.0117,1.9707,1.9404,1.9198,1.9081,1.9022,1.8954,1.8847,1.87,1.8495,1.826,1.7996,1.7713,1.7429,1.7116,1.6813,1.6549,1.6305,1.6031,1.5748,1.5494,1.5249,1.5015,1.4829,1.4663,1.4497,1.434,1.4194,1.4086,1.3988,1.3861,1.3724,1.3607,1.349,1.3353,1.3236,1.3138,1.305,1.2972,1.2854,1.2717,1.2649,1.2639,1.2669,1.2835,1.3196,1.3822,1.4751,1.5963,1.741,1.8983,2.0596,2.2141,2.3402,2.4448,2.5474,2.6373,2.7126,2.7703,2.8123,2.8426,2.8651,2.8807,2.8886,2.8905,2.8856,2.8739,2.8583,2.8416,2.8201,2.7947,2.7664,2.7341,2.694,2.6422,2.5787,2.5054,2.4242,2.35,2.2815,2.2063,2.1349,2.0753,2.0264,1.9892,1.9609,1.9394,1.9189,1.8964,1.8719,1.8485,1.8289,1.8143,1.7996,1.7791,1.7546,1.7292,1.6989,1.6657,1.6315,1.5992,1.5689,1.5396,1.5161,1.4995,1.4839,1.4692,1.4565,1.4487,1.4409,1.4301,1.4174,1.4027,1.3861,1.3724,1.3627,1.3578,1.3548,1.347,1.3343,1.3187,1.3001,1.2825,1.2678,1.263,1.2747,1.3069,1.3607,1.4282,1.5152,1.6315,1.7703,1.9198,2.0684,2.2082,2.3324,2.4379,2.5239,2.5894,2.6383,2.6735,2.6921,2.7038,2.7165,2.7263,2.7312,2.7341,2.7331,2.7273,2.7146,2.694,2.6716,2.6461,2.6158,2.5777,2.5269,2.4673,2.3988,2.3226,2.2424,2.1613,2.088,2.0244,1.9717,1.9296,1.8964,1.8729,1.8563,1.8407,1.826,1.8113,1.7977,1.782,1.7634,1.7439,1.7234,1.7009,1.6755,1.652,1.6285,1.6012,1.5748,1.5513,1.5288,1.5073,1.4839,1.4624,1.4409,1.4194,1.4018,1.3861,1.3744,1.3666,1.3597,1.3529,1.3451,1.3382,1.3314,1.3245,1.3177,1.3109,1.303,1.2923,1.2825,1.2737,1.26,1.2463,1.2414,1.2532,1.2874,1.346,1.4311,1.5425,1.6735,1.8162,1.9629,2.088,2.1984,2.3099,2.4106,2.4976,2.5679,2.6188,2.651,2.6696,2.6764,2.6745,2.6686,2.6598,2.652,2.6461,2.6403,2.6305,2.6129,2.5885,2.5533,2.5083,2.4536,2.3881,2.3148,2.2483,2.1857,2.1193,2.0577,2.0059,1.9638,1.9306,1.9062,1.8866,1.87,1.8543,1.8358,1.8162,1.8035,1.7918,1.7752,1.7566,1.737,1.7165,1.696,1.6745,1.652,1.6246,1.5953,1.567,1.5435,1.523,1.5005,1.477,1.4555,1.437,1.4213,1.4066,1.392,1.3773,1.3646,1.3568,1.3509,1.348,1.347,1.3421,1.3353,1.3265,1.3187,1.3109,1.303,1.2962,1.2854,1.2737,1.2639,1.259,1.26,1.2698,1.2952,1.3412,1.4115,1.5083,1.6266,1.7605,1.9032,2.045,2.1769,2.2923,2.3773,2.4428,2.5034,2.5552,2.5963,2.6256,2.6422,2.651,2.653,2.651,2.6461,2.6403,2.6305,2.6149,2.5963,2.5718,2.5367,2.4927,2.4389,2.3734,2.3001,2.2248,2.1525,2.087,2.0293,1.9863,1.9541,1.9277,1.9081,1.8905,1.8788,1.869,1.8592,1.8495,1.8368,1.8221,1.8045,1.7889,1.7742,1.7556,1.7341,1.7097,1.6833,1.6549,1.6246,1.5953,1.567,1.5357,1.5015,1.4731,1.4555,1.4428,1.4291,1.4164,1.4066,1.3998,1.3939,1.3861,1.3744,1.3607,1.346,1.3333,1.3275,1.3245,1.3187,1.3118,1.305,1.2981,1.2903,1.2825,1.2747,1.2708,1.2747,1.2903,1.3245,1.3734,1.4438,1.5464,1.6774,1.828,1.9902,2.1525,2.303,2.437,2.5533,2.65,2.7243,2.7752,2.8074,2.8328,2.8514,2.8631,2.869,2.8719,2.8729,2.8719,2.8651,2.8543,2.8377,2.8123,2.781,2.7429,2.6931,2.6325,2.564,2.4888,2.4057,2.3245,2.2493,2.1779,2.1124,2.0587,2.0205,1.9892,1.9629,1.9443,1.9286,1.9179,1.9081,1.8954,1.8778,1.8543,1.8289,1.8016,1.7713,1.7449,1.7195,1.694,1.6696,1.6461,1.6237,1.5992,1.5718,1.5425,1.5132,1.4829,1.4545,1.435,1.4213,1.4066,1.392,1.3773,1.3627,1.347,1.3343,1.3236,1.3148,1.306,1.2981,1.2942,1.2923,1.2874,1.2815,1.2747,1.2708,1.2786,1.303,1.3519,1.4291,1.5357,1.6696,1.824,1.9648,2.0958,2.2375,2.3744,2.4956,2.5963,2.6764,2.739,2.7859,2.8192,2.8426,2.8583,2.8641,2.8671,2.871,2.8729,2.8739,2.8719,2.8631,2.8456,2.8182,2.782,2.739,2.6872,2.6237,2.5601,2.4936,2.4154,2.3324,2.2493,2.1681,2.0958,2.0371,1.9941,1.9668,1.9521,1.9404,1.9286,1.9169,1.9003,1.8768,1.8495,1.8211,1.7898,1.7576,1.7263,1.694,1.6608,1.6285,1.5992,1.5777,1.5611,1.5445,1.5249,1.5044,1.4858,1.4692,1.4536,1.434,1.4135,1.3959,1.3773,1.3607,1.346,1.3314,1.3148,1.2991,1.2874,1.2776,1.2688,1.261,1.2532,1.2454,1.2375,1.2356,1.2463,1.2717,1.3226,1.4066,1.521,1.6588,1.8143,1.9795,2.1427,2.2933,2.4252,2.5396,2.6256,2.6872,2.741,2.7849,2.8201,2.8475,2.8671,2.8788,2.8847,2.8876,2.8886,2.8895,2.8856,2.8739,2.8553,2.8289,2.7928,2.7468,2.6872,2.6139,2.5318,2.4418,2.35,2.262,2.1789,2.1105,2.0577,2.0098,1.9707,1.9423,1.9208,1.9042,1.8895,1.8749,1.8563,1.8319,1.8065,1.783,1.7634,1.7439,1.7195,1.6921,1.6618,1.6276,1.5953,1.5679,1.5425,1.5181,1.4946,1.4721,1.4555,1.4389,1.4194,1.4018,1.3754,1.3441,1.3216,1.305,1.2893,1.2737,1.26,1.2463,1.2336,1.2278,1.2248,1.219,1.2131,1.2063,1.1975,1.1857,1.176,1.175,1.1906,1.2317,1.304,1.39,1.4927,1.6285,1.783,1.9453,2.1046,2.2463,2.3675,2.4682,2.5503,2.6119,2.654,2.6804,2.6911,2.6931,2.6901,2.6813,2.6716,2.6647,2.6598,2.654,2.6432,2.6246,2.5973,2.5572,2.5112,2.4614,2.3988,2.3255,2.2463,2.1662,2.089,2.0186,1.958,1.9091,1.8719,1.8436,1.8221,1.8055,1.7918,1.7781,1.7654,1.7556,1.7468,1.7351,1.7185,1.697,1.6696,1.6373,1.6051,1.5777,1.5533,1.5279,1.5044,1.479,1.4555,1.433,1.4106,1.392,1.3754,1.3578,1.3372,1.3216,1.3099,1.2991,1.2903,1.2815,1.2737,1.2659,1.2551,1.2424,1.2317,1.2229,1.2151,1.2072,1.2033,1.1975,1.1877,1.1789,1.173,1.1769,1.1975,1.2385,1.3079,1.4037,1.5249,1.6686,1.8035,1.9296,2.0684,2.2063,2.3304,2.435,2.521,2.5894,2.6403,2.6755,2.6979,2.7116,2.7165,2.7136,2.7048,2.6931,2.6813,2.6716,2.6628,2.6549,2.6442,2.6237,2.5914,2.5455,2.4878,2.4291,2.3666,2.2923,2.2151,2.1388,2.0694,2.0088,1.957,1.912,1.8749,1.8436,1.8182,1.7986,1.783,1.7693,1.7556,1.7439,1.7302,1.7126,1.6921,1.6696,1.6413,1.609,1.5738,1.5396,1.5132,1.4917,1.4653,1.4379,1.4106,1.3881,1.3695,1.3529,1.3392,1.3265,1.3128,1.3001,1.2903,1.2835,1.2786,1.2717,1.2649,1.2581,1.2512,1.2454,1.2405,1.2346,1.2278,1.2209,1.216,1.217,1.2287,1.2542,1.3001,1.3754,1.4809,1.6119,1.7605,1.9198,2.0782,2.2258,2.3568,2.4702,2.5572,2.6227,2.6813,2.7292,2.7664,2.7937,2.8133,2.825,2.8309,2.8319,2.826,2.8162,2.8016,2.784,2.7615,2.7322,2.695,2.653,2.6022,2.5396,2.4673,2.3891,2.3079,2.2258,2.1486,2.086,2.0362,1.9922,1.9589,1.9355,1.9159,1.8993,1.8837,1.8661,1.8465,1.824,1.7977,1.7732,1.7527,1.7273,1.696,1.6618,1.6266,1.5904,1.5552,1.5249,1.5005,1.479,1.4575,1.437,1.4233,1.4125,1.3998,1.3842,1.3656,1.347,1.3304,1.3148,1.2991,1.2845,1.2766,1.2698,1.263,1.26,1.2542,1.2463,1.2356,1.2248,1.217,1.217,1.2317,1.2659,1.3226,1.4066,1.5171,1.6276,1.7419,1.8768,2.0176,2.1564,2.2874,2.4066,2.5112,2.5992,2.6706,2.7243,2.7615,2.7801,2.7859,2.7889,2.7908,2.7918,2.7879,2.781,2.7722,2.7605,2.7439,2.7195,2.6872,2.651,2.61,2.5552,2.4897,2.4174,2.3382,2.2571,2.1789,2.1056,2.042,1.9892,1.9423,1.9032,1.8749,1.8543,1.8377,1.8221,1.8065,1.7918,1.7771,1.7615,1.7429,1.7195,1.6891,1.6559,1.6276,1.6002,1.5709,1.5415,1.5122,1.4829,1.4575,1.4379,1.4213,1.4057,1.39,1.3754,1.3607,1.35,1.3412,1.3275,1.3118,1.2952,1.2757,1.2551,1.2356,1.219,1.2053,1.1926,1.1799,1.1711,1.1672,1.1672,1.1789,1.2121,1.2708,1.3578,1.4731,1.607,1.7537,1.9042,2.0518,2.1877,2.2952,2.3822,2.4633,2.5327,2.5885,2.6315,2.6618,2.6823,2.694,2.6999,2.7028,2.7028,2.695,2.6823,2.6686,2.653,2.6344,2.6109,2.5777,2.5298,2.4702,2.4008,2.3216,2.2366,2.1525,2.0802,2.0186,1.9609,1.9101,1.869,1.8377,1.8143,1.7977,1.784,1.7703,1.7576,1.7449,1.7312,1.7175,1.696,1.6706,1.6452,1.6178,1.5924,1.567,1.5415,1.5161,1.4907,1.4673,1.4428,1.4233,1.4066,1.3842,1.3578,1.3343,1.3138,1.2962,1.2835,1.2737,1.2649,1.2551,1.2434,1.2356,1.2317,1.2258,1.2199,1.2131,1.2063,1.1994,1.1916,1.1877,1.1955,1.2229,1.2757,1.3558,1.4448,1.5445,1.6716,1.8123,1.957,2.0958,2.2229,2.3324,2.4233,2.4976,2.5562,2.5982,2.6217,2.6315,2.6364,2.6364,2.6334,2.6285,2.6217,2.6149,2.608,2.5973,2.5797,2.5543,2.5181,2.477,2.4311,2.3705,2.2991,2.2239,2.1466,2.0714,2.0049,1.9492,1.9032,1.869,1.8446,1.8289,1.8172,1.8045,1.7908,1.7771,1.7615,1.7429,1.7234,1.7028,1.6813,1.6579,1.6295,1.5973,1.5689,1.5464,1.5259,1.5083,1.4917,1.477,1.4624,1.4477,1.433,1.4184,1.4037,1.3891,1.3783,1.3695,1.3548,1.3343,1.3148,1.3001,1.2893,1.2805,1.2717,1.261,1.2444,1.2287,1.219,1.2199,1.2366,1.2737,1.3372,1.434,1.5591,1.7038,1.8592,2.0147,2.1632,2.3001,2.4184,2.5054,2.5689,2.6217,2.6637,2.6979,2.7234,2.7429,2.7566,2.7634,2.7674,2.7693,2.7664,2.7556,2.7439,2.7322,2.7155,2.6911,2.6579,2.6109,2.5474,2.4673,2.3773,2.2845,2.1955,2.1134,2.0479,1.9971,1.9521,1.914,1.8837,1.8631,1.8495,1.8397,1.8289,1.8172,1.8035,1.7879,1.7732,1.7595,1.7419,1.7204,1.694,1.6647,1.6354,1.6051,1.5738,1.5455,1.521,1.4995,1.478,1.4604,1.4487,1.435,1.4213,1.4076,1.3939,1.3763,1.3568,1.3382,1.3196,1.305,1.2923,1.2825,1.2757,1.2688,1.262,1.2581,1.2639,1.2825,1.3206,1.3832,1.4731,1.5875,1.7224,1.87,2.001,2.1193,2.2444,2.3617,2.4663,2.5562,2.6295,2.6891,2.737,2.7732,2.8006,2.8211,2.8328,2.8377,2.8397,2.8368,2.8289,2.8162,2.7967,2.7732,2.7439,2.7058,2.6579,2.6002,2.5327,2.4653,2.3978,2.3216,2.2424,2.1652,2.0929,2.0303,1.9795,1.9404,1.911,1.8915,1.8768,1.8641,1.8524,1.8377,1.8172,1.7947,1.7732,1.7498,1.7263,1.7019,1.6755,1.6461,1.6139,1.5816,1.5572,1.5357,1.5103,1.4858,1.4643,1.4467,1.4291,1.4096,1.391,1.3744,1.3578,1.3402,1.3275,1.3196,1.3089,1.2962,1.2864,1.2776,1.2698,1.262,1.2551,1.2502,1.2542,1.2776,1.3245,1.3861,1.4643,1.5748,1.7116,1.8631,2.0166,2.1623,2.2923,2.4037,2.4985,2.5738,2.6315,2.6696,2.6931,2.7136,2.7292,2.739,2.7439,2.7449,2.74,2.7302,2.7185,2.7058,2.6882,2.6637,2.6334,2.5934,2.5396,2.4761,2.4027,2.3236,2.2414,2.1603,2.0821,2.0108,1.9501,1.9022,1.868,1.8436,1.824,1.8074,1.7918,1.7771,1.7644,1.7517,1.7341,1.7146,1.694,1.6716,1.6442,1.6188,1.5934,1.564,1.5357,1.5073,1.4809,1.4585,1.437,1.4154,1.3978,1.3812,1.3666,1.3558,1.346,1.3343,1.3216,1.306,1.2874,1.2678,1.2512,1.2356,1.2199,1.2092,1.2004,1.1926,1.1887,1.1887,1.1916,1.2033,1.2346,1.2913,1.3724,1.479,1.6061,1.7517,1.9042,2.0518,2.173,2.2747,2.3734,2.4604,2.5318,2.5875,2.6256,2.65,2.6647,2.6716,2.6716,2.6569,2.6344,2.6178,2.6061,2.5934,2.5767,2.5562,2.5288,2.4878,2.4311,2.3627,2.2884,2.2131,2.1398,2.0772,2.0244,1.9756,1.9306,1.8905,1.8573,1.8299,1.8113,1.8006,1.7918,1.7801,1.7693,1.7605,1.7488,1.7292,1.7028,1.6735,1.6432,1.6109,1.5797,1.5503,1.521,1.4927,1.4682,1.4497,1.437,1.4262,1.4145,1.3998,1.3822,1.3627,1.3441,1.3265,1.3109,1.2991,1.2903,1.2825,1.2786,1.2766,1.2717,1.2659,1.26,1.2512,1.2405,1.2297,1.2209,1.218,1.2307,1.2649,1.3216,1.3881,1.4692,1.5797,1.7107,1.8534,1.998,2.1339,2.2551,2.3597,2.4448,2.5112,2.5601,2.5904,2.6051,2.6109,2.6119,2.6119,2.6119,2.6119,2.61,2.6061,2.6002,2.5904,2.5758,2.5523,2.522,2.4829,2.4301,2.3656,2.2933,2.216,2.1359,2.0606,1.9971,1.9462,1.9071,1.8788,1.8592,1.8446,1.8309,1.8172,1.8035,1.7898,1.7771,1.7674,1.7556,1.74,1.7214,1.6989,1.6686,1.6393,1.6129,1.5836,1.5552,1.5288,1.5073,1.4897,1.4741,1.4594,1.4448,1.4301,1.4164,1.4057,1.3949,1.3793,1.3617,1.3451,1.3304,1.3157,1.305,1.2962,1.2884,1.2776,1.2659,1.2561,1.2532,1.259,1.2757,1.3099,1.3646,1.4457,1.5552,1.6882,1.8338,1.9844,2.1339,2.2747,2.3851,2.4712,2.5503,2.6178,2.6706,2.7087,2.737,2.7556,2.7674,2.7732,2.7761,2.7771,2.7761,2.7683,2.7566,2.7439,2.7283,2.7067,2.6755,2.6334,2.5816,2.5171,2.4438,2.3656,2.2864,2.219,2.1613,2.1017,2.0459,1.9971,1.955,1.9218,1.8974,1.8778,1.8612,1.8436,1.8231,1.7996,1.7791,1.7615,1.7429,1.7234,1.7009,1.6745,1.6442,1.6119,1.5816,1.5562,1.5347,1.5171,1.5024,1.4888,1.4702,1.4467,1.4223,1.3998,1.3803,1.3636,1.35,1.3392,1.3304,1.3216,1.3138,1.3079,1.2981,1.2825,1.2678,1.2571,1.2522,1.2581,1.2815,1.3294,1.4057,1.5093,1.6373,1.7615,1.8837,2.0235,2.1662,2.2991,2.4164,2.5132,2.5875,2.6413,2.6804,2.7087,2.7302,2.741,2.7429,2.7439,2.7439,2.7439,2.7439,2.7439,2.741,2.7283,2.7048,2.6706,2.6276,2.5738,2.5152,2.4545,2.3842,2.3079,2.2287,2.1515,2.0792,2.0127,1.955,1.9081,1.8719,1.8446,1.826,1.8113,1.7967,1.782,1.7664,1.7478,1.7283,1.7077,1.6843,1.6569,1.6246,1.5904,1.5611,1.5415,1.5239,1.5044,1.4819,1.4565,1.4301,1.4037,1.3783,1.3548,1.3372,1.3255,1.3157,1.3109,1.3089,1.304,1.2962,1.2835,1.2659,1.2463,1.2258,1.2072,1.1926,1.1808,1.1769,1.1857,1.2082,1.2502,1.3196,1.4184,1.5435,1.6882,1.8446,2.001,2.1515,2.2874,2.4037,2.4995,2.567,2.6109,2.6461,2.6725,2.6891,2.6979,2.7019,2.7038,2.7048,2.7058,2.7058,2.7058,2.7019,2.6911,2.6755,2.653,2.6188,2.5689,2.5064,2.434,2.3519,2.2639,2.1789,2.0987,2.0264,1.9707,1.9267,1.8866,1.8543,1.8289,1.8084,1.7898,1.7722,1.7546,1.7351,1.7146,1.6931,1.6696,1.6471,1.6256,1.5982,1.5709,1.5445,1.5191,1.4936,1.4682,1.4448,1.4242,1.4066,1.39,1.3783,1.3695,1.3578,1.3431,1.3265,1.3109,1.2942,1.2786,1.2639,1.2493,1.2385,1.2278,1.2151,1.2072,1.2014,1.1906,1.1799,1.173,1.1769,1.1984,1.2414,1.3099,1.4047,1.5259,1.6647,1.7928,1.915,2.044,2.1672,2.2796,2.3734,2.4506,2.5122,2.5591,2.5953,2.6197,2.6344,2.6393,2.6364,2.6295,2.6227,2.6158,2.609,2.5982,2.5826,2.5582,2.521,2.4721,2.4135,2.3451,2.2786,2.2151,2.1437,2.0704,2,1.9335,1.8759,1.8289,1.7967,1.7771,1.7654,1.7576,1.7507,1.7458,1.738,1.7234,1.7048,1.6852,1.6628,1.6354,1.6031,1.5709,1.5406,1.5112,1.4858,1.4692,1.4575,1.4428,1.4252,1.4066,1.39,1.3754,1.3607,1.346,1.3333,1.3216,1.3069,1.2942,1.2825,1.2688,1.259,1.2502,1.2424,1.2346,1.2278,1.2199,1.2131,1.2082,1.2072,1.2151,1.2356,1.2708,1.3294,1.4164,1.5318,1.6696,1.8201,1.9746,2.1222,2.2551,2.3695,2.4663,2.5357,2.5855,2.6276,2.6598,2.6813,2.694,2.6999,2.7028,2.7048,2.7058,2.7058,2.7019,2.6911,2.6755,2.6549,2.6266,2.5875,2.5376,2.479,2.4096,2.3324,2.2326,2.1437,2.0811,2.0196,1.9707,1.9335,1.9022,1.8778,1.8583,1.8416,1.8221,1.7986,1.7781,1.7605,1.741,1.7204,1.7116,1.7126,1.7038,1.6843,1.6588,1.6315,1.6041,1.5797,1.5543,1.5279,1.5015,1.477,1.4575,1.4438,1.433,1.4203,1.4066,1.392,1.3754,1.3597,1.348,1.3382,1.3294,1.3216,1.3118,1.2991,1.2893,1.2786,1.2639,1.2502,1.2405,1.2366,1.2502,1.2874,1.3529,1.4487,1.5738,1.7253,1.8661,2.001,2.1496,2.2962,2.4301,2.5464,2.6442,2.7234,2.7859,2.8319,2.8641,2.8866,2.9032,2.911,2.912,2.912,2.912,2.912,2.912,2.9081,2.8964,2.8759,2.8426,2.7996,2.7478,2.6921,2.6295,2.5552,2.4721,2.3851,2.2981,2.2151,2.1417,2.0802,2.0293,1.9863,1.9521,1.9247,1.9042,1.8856,1.8651,1.8436,1.824,1.8025,1.7791,1.7517,1.7234,1.696,1.6686,1.6403,1.6149,1.5904,1.563,1.5347,1.5054,1.4751,1.4448,1.4164,1.393,1.3734,1.3587,1.347,1.3372,1.3343,1.3353,1.3314,1.3255,1.3157,1.2991,1.2796,1.2581,1.2366,1.2141,1.1975,1.1926,1.2033,1.2375,1.3021,1.3978,1.5239,1.6735,1.8368,2.002,2.1584,2.3011,2.4252,2.5288,2.6168,2.6813,2.7283,2.7713,2.8055,2.8319,2.8534,2.868,2.8749,2.8788,2.8807,2.8798,2.8729,2.8602,2.8407,2.8123,2.7732,2.7234,2.6608,2.5855,2.5024,2.4145,2.3245,2.2375,2.1584,2.0958,2.0459,2,1.9599,1.9247,1.8925,1.8612,1.8348,1.8123,1.7937,1.7761,1.7566,1.7351,1.7165,1.6999,1.6764,1.6461,1.6158,1.5875,1.5601,1.5347,1.5083,1.4809,1.4516,1.4242,1.4027,1.3842,1.3656,1.349,1.3324,1.3187,1.3079,1.2991,1.2913,1.2835,1.2757,1.2678,1.2581,1.2493,1.2395,1.2268,1.217,1.2082,1.2053,1.219,1.2581,1.3275,1.4242,1.5484,1.6931,1.828,1.956,2.0958,2.2317,2.3519,2.4545,2.5396,2.609,2.6598,2.697,2.7234,2.738,2.7458,2.7478,2.7468,2.7439,2.739,2.7331,2.7243,2.7107,2.6882,2.6549,2.61,2.5533,2.4848,2.4164,2.346,2.2678,2.1867,2.1085,2.0391,1.9804,1.9316,1.8944,1.8661,1.8446,1.828,1.8162,1.8084,1.8025,1.7869,1.7674,1.7517,1.7312,1.7038,1.6706,1.6354,1.6012,1.5689,1.5376,1.5142,1.4946,1.4721,1.4497,1.4282,1.4106,1.393,1.3754,1.3607,1.348,1.3353,1.3236,1.3109,1.3001,1.2933,1.2835,1.2727,1.2639,1.2561,1.2454,1.2326,1.2229,1.2141,1.2121,1.2248,1.2522,1.2962,1.3675,1.4682,1.5924,1.7331,1.8807,2.0254,2.1574,2.2727,2.3685,2.4448,2.5064,2.5494,2.5777,2.6022,2.6217,2.6354,2.6442,2.6461,2.6442,2.6393,2.6334,2.6266,2.6178,2.6051,2.5885,2.564,2.5269,2.478,2.4174,2.3431,2.26,2.176,2.0968,2.0254,1.9658,1.9169,1.8798,1.8543,1.8338,1.8172,1.8016,1.7889,1.7791,1.7703,1.7595,1.7429,1.7243,1.7028,1.6833,1.6628,1.6364,1.608,1.5777,1.5503,1.5239,1.5005,1.4819,1.4653,1.4497,1.435,1.4213,1.4086,1.3949,1.3763,1.3578,1.3451,1.3353,1.3265,1.3187,1.3118,1.305,1.2972,1.2903,1.2864,1.2845,1.2825,1.2845,1.3001,1.3343,1.39,1.4721,1.5816,1.7126,1.8563,2.0039,2.1447,2.259,2.3529,2.4457,2.5298,2.6002,2.6618,2.7067,2.7322,2.7517,2.7674,2.7801,2.7898,2.7918,2.7869,2.7791,2.7683,2.7527,2.7292,2.6999,2.6637,2.6188,2.565,2.5034,2.433,2.3646,2.2991,2.2287,2.1603,2.0948,2.0332,1.9834,1.9443,1.913,1.8886,1.869,1.8504,1.8309,1.8123,1.7977,1.783,1.7654,1.7458,1.7263,1.7058,1.6813,1.651,1.6168,1.5816,1.5503,1.5259,1.5054,1.4829,1.4624,1.4448,1.4252,1.4057,1.3891,1.3734,1.3597,1.346,1.3324,1.3216,1.3148,1.3079,1.2972,1.2854,1.2708,1.2561,1.2454,1.2414,1.2532,1.2854,1.3421,1.4272,1.521,1.6256,1.7586,1.9081,2.0596,2.2063,2.3372,2.4487,2.5396,2.608,2.6579,2.694,2.7185,2.7331,2.7419,2.7537,2.7664,2.7781,2.7859,2.7898,2.7918,2.7889,2.7801,2.7634,2.7361,2.7028,2.6637,2.6119,2.5474,2.4731,2.39,2.3011,2.2141,2.1339,2.173,2.26,2.3265,2.3881,2.4379,2.4761,2.5054,2.5269,2.5425,2.5513,2.5562,2.5582,2.5591,2.5552,2.5464,2.5357,2.5249,2.5103,2.4897,2.4624,2.4252,2.3773,2.3206,2.259,2.1926,2.1261,2.0674,2.0137,1.957,1.9052,1.8602,1.8231,1.7947,1.7732,1.7566,1.7439,1.7341,1.7253,1.7165,1.7058,1.6921,1.6764,1.6579,1.6383,1.6197,1.6002,1.5806,1.563,1.5484,1.5357,1.5259,1.5152,1.5015,1.4858,1.4673,1.4477,1.4262,1.4057,1.3881,1.3734,1.3597,1.346,1.3304,1.3177,1.2805,1.2287,1.2033,1.2014,1.2248,1.2766,1.3587,1.4692,1.6012,1.7449,1.8915,2.0156,2.1222,2.2278,2.3206,2.3988,2.4624,2.5112,2.5464,2.5709,2.5885,2.5992,2.6051,2.608,2.6061,2.5973,2.5865,2.5718,2.5543,2.5318,2.5005,2.4624,2.4194,2.3675,2.3069,2.2395,2.176,2.1144,2.045,1.9736,1.9042,1.8436,1.7937,1.7546,1.7283,1.7116,1.6999,1.6911,1.6833,1.6774,1.6725,1.6637,1.6481,1.6305,1.6109,1.5904,1.5699,1.5494,1.5279,1.5083,1.4917,1.478,1.4624,1.4409,1.4174,1.3959,1.3724,1.349,1.3265,1.305,1.2854,1.2698,1.2551,1.2375,1.2248,1.2151,1.2033,1.1935,1.1877,1.1916,1.2141,1.259,1.3284,1.4233,1.5386,1.6716,1.7937,1.9062,2.0254,2.1388,2.2375,2.3187,2.3822,2.4282,2.4575,2.4741,2.4809,2.4809,2.477,2.4702,2.4614,2.4536,2.4428,2.4262,2.4057,2.3803,2.3441,2.2962,2.2375,2.1691,2.0968,2.0313,1.9736,1.9169,1.8602,1.8035,1.7527,1.7136,1.6872,1.6745,1.6716,1.6716,1.6696,1.6657,1.6618,1.654,1.6403,1.6227,1.6031,1.5826,1.5621,1.5415,1.521,1.5015,1.4848,1.4692,1.4585,1.4497,1.4379,1.4213,1.4008,1.3783,1.3529,1.3304,1.3118,1.2952,1.2815,1.2717,1.263,1.259,1.2571,1.2522,1.2493,1.2532,1.2678,1.3001,1.3578,1.4448,1.5562,1.6911,1.8407,1.9726,2.0929,2.2199,2.3382,2.437,2.5152,2.5748,2.6207,2.654,2.6755,2.6882,2.695,2.696,2.6921,2.6823,2.6706,2.6579,2.6442,2.6276,2.6051,2.5758,2.5367,2.4839,2.4194,2.347,2.2766,2.2102,2.1398,2.0714,2.0078,1.9511,1.9022,1.8602,1.825,1.7967,1.7761,1.7605,1.7488,1.739,1.7292,1.7155,1.6989,1.6804,1.6598,1.6373,1.6139,1.5904,1.564,1.5357,1.5073,1.4858,1.4702,1.4555,1.4409,1.4262,1.4125,1.3988,1.3842,1.3705,1.3568,1.3392,1.3196,1.305,1.2903,1.2737,1.259,1.2463,1.2414,1.2512,1.2805,1.3372,1.4233,1.5347,1.6696,1.8192,1.9521,2.0694,2.1887,2.2991,2.3949,2.4731,2.5327,2.5767,2.607,2.6266,2.6364,2.6413,2.6393,2.6354,2.6334,2.6305,2.6237,2.6119,2.5953,2.5728,2.567,2.5611,2.523,2.4633,2.3881,2.3157,2.2454,2.1691,2.0919,2.0196,1.956,1.9003,1.8534,1.8152,1.7849,1.7644,1.7527,1.7478,1.7458,1.741,1.7351,1.7283,1.7175,1.7009,1.6774,1.6471,1.6139,1.5787,1.5435,1.5112,1.4858,1.4633,1.4389,1.4154,1.3949,1.3734,1.3519,1.3294,1.3069,1.2884,1.2698,1.2532,1.2434,1.2346,1.2229,1.2092,1.1965,1.1906,1.1965,1.2219,1.2737,1.3558,1.4663,1.5992,1.7478,1.8817,2.0059,2.1388,2.263,2.3724,2.4624,2.5337,2.5855,2.6227,2.6471,2.6598,2.6657,2.6667,2.6657,2.6628,2.6579,2.652,2.6413,2.6246,2.6051,2.5806,2.5464,2.5005,2.4457,2.3812,2.3157,2.2493,2.175,2.0968,2.0205,1.9501,1.8895,1.8368,1.7937,1.7615,1.7341,1.7107,1.694,1.6794,1.6647,1.6481,1.6285,1.608,1.5846,1.5582,1.5298,1.5005,1.4751,1.4506,1.4272,1.4125,1.3969,1.3744,1.35,1.3245,1.3011,1.2815,1.2649,1.2502,1.2395,1.2307,1.2229,1.219,1.217,1.2121,1.2014,1.1887,1.1789,1.176,1.1896,1.2239,1.2825,1.3675,1.479,1.6109,1.737,1.8592,1.9951,2.1281,2.2502,2.3568,2.4418,2.5044,2.5474,2.5738,2.5875,2.5904,2.5865,2.5748,2.5582,2.5386,2.5171,2.4956,2.4731,2.4497,2.4194,2.3793,2.3275,2.263,2.1877,2.1144,2.044,1.9697,1.8993,1.8377,1.7908,1.7556,1.7292,1.7107,1.697,1.6901,1.6911,1.6931,1.6921,1.6882,1.6823,1.6716,1.654,1.6285,1.5963,1.564,1.5347,1.5103,1.4907,1.477,1.4663,1.4536,1.4379,1.4194,1.4008,1.3842,1.3685,1.3529,1.3343,1.3138,1.2972,1.2854,1.2796,1.2766,1.2678,1.2561,1.2463,1.2375,1.2336,1.2424,1.2727,1.3294,1.4135,1.5288,1.6471,1.7693,1.9169,2.0704,2.216,2.3431,2.4477,2.5337,2.5992,2.6452,2.6774,2.697,2.7067,2.7077,2.7009,2.6901,2.6794,2.6676,2.653,2.6344,2.6139,2.5885,2.5513,2.5034,2.4438,2.3803,2.3157,2.2424,2.1642,2.086,2.0127,1.9482,1.8954,1.8563,1.828,1.8055,1.7889,1.7752,1.7625,1.7527,1.7449,1.7331,1.7155,1.696,1.6755,1.654,1.6315,1.609,1.5865,1.564,1.5455,1.5269,1.5142,1.5064,1.4907,1.4731,1.4565,1.4399,1.4242,1.4086,1.393,1.3773,1.3617,1.35,1.3402,1.3275,1.3128,1.3001,1.2893,1.2845,1.2913,1.3206,1.3803,1.4721,1.5943,1.7175,1.8436,1.9902,2.1417,2.2884,2.4203,2.5327,2.6285,2.7058,2.7615,2.7996,2.8221,2.8338,2.8338,2.824,2.8133,2.8016,2.7898,2.7801,2.7713,2.7595,2.74,2.7107,2.6706,2.6188,2.564,2.5034,2.4282,2.3451,2.261,2.1779,2.1007,2.0332,1.9736,1.9247,1.8847,1.8504,1.826,1.8123,1.8035,1.7957,1.7879,1.7801,1.7703,1.7556,1.7361,1.7146,1.6882,1.6559,1.6197,1.5904,1.566,1.5376,1.5083,1.4819,1.4604,1.4418,1.4233,1.4018,1.3793,1.3568,1.3372,1.3236,1.3167,1.3138,1.306,1.2942,1.2825,1.2727,1.2678,1.2757,1.3011,1.349,1.4233,1.5269,1.6373,1.7586,1.9091,2.0704,2.2287,2.3744,2.5005,2.6061,2.6882,2.7468,2.7879,2.8162,2.8387,2.8495,2.8514,2.8524,2.8524,2.8524,2.8504,2.8436,2.8328,2.8152,2.7908,2.7595,2.7165,2.6676,2.6139,2.5455,2.4643,2.3793,2.2933,2.2072,2.1251,2.0508,1.9863,1.9306,1.8837,1.8465,1.8221,1.8084,1.7977,1.7889,1.7801,1.7722,1.7605,1.7429,1.7204,1.6911,1.6569,1.6227,1.5953,1.5758,1.5582,1.5415,1.522,1.4966,1.4682,1.4379,1.4076,1.3763,1.347,1.3245,1.3138,1.306,1.2942,1.2825,1.2688,1.2542,1.2434,1.2336,1.2268,1.2278,1.2434,1.2845,1.3558,1.4389,1.5367,1.6657,1.8133,1.9717,2.129,2.2757,2.4037,2.5093,2.5934,2.6588,2.7067,2.737,2.7517,2.7595,2.7615,2.7586,2.7527,2.7458,2.739,2.7292,2.7146,2.696,2.6706,2.6364,2.5982,2.5513,2.4907,2.4174,2.3343,2.2454,2.1584,2.0753,1.999,1.9335,1.8768,1.8319,1.8035,1.7879,1.7761,1.7664,1.7576,1.7488,1.741,1.7292,1.7116,1.6911,1.6647,1.6325,1.5982,1.5718,1.5484,1.521,1.4936,1.4682,1.4457,1.4233,1.3998,1.3803,1.3627,1.346,1.3324,1.3236,1.3148,1.3011,1.2845,1.2659,1.2493,1.2346,1.2199,1.2063,1.1955,1.1887,1.1926,1.218,1.2581,1.3157,1.4027,1.521,1.6657,1.825,1.9892,2.1476,2.2805,2.3851,2.4692,2.5357,2.5826,2.6129,2.6393,2.6608,2.6755,2.6862,2.6911,2.6901,2.6862,2.6784,2.6647,2.6471,2.6246,2.5982,2.565,2.52,2.4673,2.4066,2.3372,2.261,2.1818,2.1065,2.0381,1.9775,1.9286,1.8925,1.8631,1.8377,1.8172,1.7996,1.7859,1.7732,1.7595,1.7429,1.7234,1.7019,1.6784,1.65,1.6246,1.6002,1.5748,1.5543,1.5367,1.52,1.5044,1.4868,1.4653,1.4409,1.4164,1.393,1.3773,1.3656,1.3519,1.3372,1.3245,1.3148,1.306,1.2981,1.2884,1.2757,1.2639,1.2542,1.2493,1.2542,1.2717,1.3069,1.3666,1.4506,1.5601,1.6921,1.8368,1.9883,2.1369,2.2737,2.393,2.4809,2.5455,2.6041,2.652,2.6872,2.7107,2.7243,2.7312,2.7331,2.7283,2.7204,2.7126,2.7009,2.6833,2.6618,2.6344,2.6002,2.5562,2.5044,2.4428,2.3685,2.2874,2.2063,2.1281,2.0567,2,1.955,1.912,1.8729,1.8407,1.8152,1.7967,1.784,1.7742,1.7654,1.7537,1.7361,1.7155,1.6979,1.6823,1.6628,1.6403,1.6139,1.5875,1.5611,1.5347,1.5103,1.4888,1.4702,1.4536,1.4409,1.4311,1.4184,1.4047,1.3861,1.3656,1.348,1.3324,1.3167,1.303,1.2923,1.2835,1.2786,1.2766,1.2717,1.2698,1.2776,1.306,1.3636,1.4526,1.5728,1.7195,1.8847,2.0557,2.218,2.346,2.4477,2.5435,2.6237,2.6862,2.7351,2.7703,2.7918,2.8025,2.8084,2.8113,2.8123,2.8094,2.8016,2.7928,2.7801,2.7644,2.7458,2.7234,2.6911,2.6452,2.5846,2.5122,2.433,2.35,2.2766,2.2082,2.1339,2.0655,2.0068,1.956,1.914,1.8817,1.8583,1.8368,1.8172,1.7977,1.781,1.7683,1.7546,1.737,1.7165,1.695,1.6725,1.6481,1.6217,1.5934,1.564,1.5337,1.5034,1.479,1.4575,1.4321,1.4037,1.3744,1.349,1.3304,1.3177,1.3069,1.2981,1.2903,1.2825,1.2766,1.2698,1.2571,1.2414,1.2258,1.2121,1.2072,1.218,1.2502,1.3079,1.3949,1.5112,1.652,1.7889,1.9228,2.0723,2.2229,2.3597,2.4731,2.564,2.6325,2.6774,2.7077,2.7273,2.737,2.738,2.7341,2.7322,2.7312,2.7312,2.7312,2.7292,2.7243,2.7146,2.694,2.6618,2.6168,2.563,2.5073,2.4457,2.3646,2.2747,2.1896,2.1105,2.0381,1.9717,1.9159,1.8729,1.8407,1.8192,1.8074,1.7996,1.7918,1.7849,1.7742,1.7586,1.739,1.7146,1.6882,1.6598,1.6315,1.609,1.5904,1.5758,1.5621,1.5425,1.5191,1.4927,1.4663,1.4389,1.4125,1.391,1.3754,1.3597,1.3441,1.3324,1.3226,1.3109,1.3001,1.2913,1.2835,1.2757,1.2669,1.2551,1.2444,1.2385,1.2444,1.2708,1.3118,1.3705,1.4594,1.5748,1.7126,1.8631,2.0156,2.1613,2.2923,2.4027,2.4946,2.567,2.6139,2.6422,2.6657,2.6804,2.6882,2.6921,2.694,2.6931,2.6891,2.6823,2.6735,2.6637,2.65,2.6305,2.6031,2.565,2.5171,2.4594,2.392,2.3167,2.2385,2.1593,2.0821,2.0098,1.9462,1.8964,1.8573,1.824,1.8006,1.7859,1.7752,1.7664,1.7566,1.7429,1.7253,1.7058,1.6862,1.6696,1.652,1.6276,1.6012,1.5777,1.5543,1.5298,1.5073,1.4839,1.4614,1.4399,1.4164,1.3949,1.3793,1.3695,1.3607,1.3529,1.3441,1.3324,1.3177,1.3021,1.2874,1.2747,1.2639,1.2551,1.2493,1.2434,1.2346,1.2268,1.2199,1.218,1.2307,1.2688,1.3343,1.4252,1.5406,1.6784,1.827,1.957,2.0733,2.1926,2.3011,2.393,2.4712,2.5327,2.5787,2.6129,2.6344,2.6452,2.6471,2.6432,2.6383,2.6334,2.6276,2.6207,2.6109,2.5934,2.566,2.5239,2.4721,2.4125,2.3441,2.2698,2.2033,2.1417,2.0782,2.0166,1.958,1.9042,1.8602,1.826,1.8016,1.7859,1.7752,1.7664,1.7605,1.7556,1.7488,1.7419,1.7341,1.7214,1.7028,1.6774,1.6471,1.6168,1.5875,1.5621,1.5386,1.52,1.5073,1.4946,1.477,1.4585,1.4418,1.4262,1.4115,1.3978,1.3842,1.3715,1.3578,1.348,1.3431,1.3372,1.3304,1.3236,1.3167,1.3099,1.303,1.2962,1.2893,1.2845,1.2854,1.2991,1.3255,1.3705,1.4448,1.5464,1.6706,1.8113,1.958,2.1017,2.2366,2.3558,2.4555,2.5367,2.5953,2.6344,2.6647,2.6852,2.697,2.7028,2.7038,2.7028,2.6989,2.6901,2.6784,2.6637,2.6442,2.6207,2.5914,2.5543,2.5083,2.4516,2.3871,2.3157,2.2414,2.1662,2.0958,2.0342,1.9824,1.9443,1.915,1.8895,1.87,1.8534,1.8377,1.8231,1.8104,1.7977,1.7918,1.7889,1.7761,1.7595,1.7439,1.7283,1.7077,1.6852,1.6598,1.6334,1.608,1.5846,1.5611,1.5386,1.5191,1.4985,1.4829,1.4721,1.4594,1.4457,1.436,1.4291,1.4203,1.4106,1.4018,1.3939,1.3832,1.3695,1.3558,1.3451,1.3382,1.3314,1.3245,1.3226,1.3353,1.3685,1.4262,1.5152,1.6305,1.7683,1.9198,2.0547,2.176,2.3011,2.4184,2.52,2.6022,2.6647,2.7097,2.741,2.7615,2.7742,2.7801,2.783,2.781,2.7771,2.7752,2.7742,2.7703,2.7595,2.74,2.7107,2.6716,2.6227,2.565,2.4995,2.435,2.3715,2.3011,2.2278,2.1544,2.086,2.0293,1.9853,1.9511,1.9257,1.9052,1.8886,1.8749,1.8631,1.8514,1.8407,1.827,1.8094,1.7869,1.7595,1.7302,1.7019,1.6774,1.654,1.6325,1.6168,1.6051,1.5885,1.5699,1.5503,1.5298,1.5093,1.4868,1.4633,1.4389,1.4184,1.4008,1.39,1.3851,1.3793,1.3724,1.3656,1.3568,1.3441,1.3294,1.3167,1.306,1.303,1.3157,1.3509,1.4018,1.4731,1.5767,1.7048,1.8495,2.002,2.1535,2.2923,2.4135,2.5181,2.6012,2.6637,2.7038,2.7292,2.7507,2.7654,2.7722,2.7761,2.7781,2.7791,2.7791,2.7761,2.7674,2.7527,2.7312,2.7067,2.6764,2.6373,2.5865,2.5239,2.4526,2.3763,2.3001,2.2239,2.1525,2.0909,2.0371,1.9961,1.9648,1.9355,1.9091,1.8866,1.869,1.8543,1.8436,1.8319,1.8152,1.7967,1.7732,1.7439,1.7175,1.6921,1.6637,1.6393,1.6197,1.6031,1.5855,1.567,1.5455,1.522,1.4995,1.48,1.4673,1.4565,1.4448,1.4321,1.4203,1.4076,1.392,1.3773,1.3646,1.3548,1.3431,1.3304,1.3206,1.3157,1.3128,1.3118,1.3216,1.3509,1.4037,1.4829,1.5885,1.7175,1.8622,2.0117,2.1544,2.2698,2.3636,2.4545,2.5347,2.6012,2.652,2.6891,2.7165,2.7341,2.7429,2.7468,2.7458,2.738,2.7253,2.7116,2.6999,2.6852,2.6657,2.6403,2.6051,2.5591,2.5054,2.4399,2.3666,2.2923,2.2248,2.1613,2.0948,2.0323,1.9765,1.9306,1.8954,1.87,1.8514,1.8387,1.8289,1.8211,1.8133,1.8084,1.8006,1.7859,1.7664,1.741,1.7107,1.6784,1.6481,1.6207,1.5943,1.5689,1.5425,1.523,1.5093,1.4956,1.4712,1.4418,1.4194,1.3978,1.3783,1.3617,1.346,1.3353,1.3255,1.3177,1.3138,1.3099,1.3011,1.2884,1.2727,1.26,1.2512,1.2502,1.2639,1.2972,1.3558,1.4448,1.5425,1.65,1.7869,1.9355,2.0831,2.2219,2.3421,2.4389,2.5161,2.5767,2.6237,2.6559,2.6764,2.6852,2.6862,2.6852,2.6813,2.6755,2.6696,2.6628,2.654,2.6393,2.6139,2.5767,2.5288,2.478,2.4233,2.3558,2.2815,2.2072,2.1369,2.0723,2.0137,1.9609,1.9169,1.8827,1.8573,1.8387,1.825,1.8113,1.7977,1.784,1.7683,1.7527,1.738,1.7204,1.7009,1.6804,1.6579,1.6315,1.607,1.5885,1.567,1.5435,1.521,1.5015,1.4809,1.4604,1.4428,1.4272,1.4125,1.3978,1.3871,1.3783,1.3685,1.3587,1.347,1.3353,1.3255,1.3177,1.3089,1.2972,1.2854,1.2766,1.2708,1.2727,1.2874,1.3196,1.3744,1.4545,1.5611,1.6891,1.8309,1.9765,2.1202,2.2532,2.3685,2.4526,2.5142,2.5679,2.608,2.6354,2.651,2.6588,2.6628,2.6628,2.6588,2.654,2.6481,2.6393,2.6266,2.6061,2.5767,2.5376,2.4897,2.434,2.3715,2.303,2.2336,2.1672,2.1046,2.0469,2.001,1.9638,1.9296,1.9013,1.8807,1.8651,1.8514,1.8377,1.824,1.8123,1.7996,1.783,1.7634,1.7468,1.7302,1.7097,1.6882,1.6676,1.6432,1.6149,1.5865,1.5601,1.5367,1.5161,1.4985,1.4868,1.477,1.4653,1.4526,1.4389,1.4252,1.4115,1.3978,1.3832,1.3705,1.3607,1.3529,1.3441,1.3363,1.3304,1.3236,1.3167,1.3128,1.3236,1.3548,1.4115,1.4956,1.608,1.7429,1.8905,2.0225,2.1408,2.2649,2.3812,2.4848,2.5718,2.6383,2.6872,2.7224,2.7449,2.7586,2.7654,2.7683,2.7664,2.7586,2.7478,2.7351,2.7204,2.7009,2.6764,2.6471,2.6061,2.5523,2.4897,2.4223,2.3568,2.2923,2.2209,2.1486,2.0831,2.0274,1.9824,1.9492,1.9257,1.9081,1.8944,1.8807,1.8671,1.8543,1.8397,1.8221,1.8045,1.7849,1.7644,1.7439,1.7195,1.6931,1.6667,1.6393,1.6129,1.5934,1.5758,1.5572,1.5367,1.5161,1.4985,1.4829,1.4682,1.4536,1.4399,1.4262,1.4115,1.3939,1.3783,1.3666,1.3539,1.3392,1.3206,1.3011,1.2845,1.2757,1.2805,1.305,1.3548,1.4321,1.5171,1.6139,1.74,1.8827,2.0293,2.1711,2.3011,2.4145,2.5103,2.5875,2.6481,2.6979,2.7312,2.7517,2.7683,2.782,2.7908,2.7947,2.7947,2.7898,2.781,2.7664,2.7449,2.7155,2.6764,2.6344,2.5855,2.5269,2.4594,2.3851,2.3079,2.2317,2.1593,2.0948,2.042,2.001,1.9677,1.9443,1.9277,1.912,1.8974,1.8798,1.8573,1.8328,1.8084,1.784,1.7595,1.737,1.7155,1.6911,1.6686,1.6471,1.6207,1.5943,1.567,1.5415,1.5161,1.4897,1.4663,1.4448,1.4233,1.4057,1.3939,1.3842,1.3744,1.3627,1.349,1.3372,1.3245,1.3099,1.2923,1.2727,1.2561,1.2444,1.2385,1.2424,1.262,1.303,1.3675,1.4565,1.5699,1.7058,1.8543,2.0029,2.1447,2.2737,2.3851,2.4682,2.5308,2.5836,2.6227,2.6491,2.6657,2.6735,2.6774,2.6794,2.6804,2.6813,2.6784,2.6696,2.6588,2.6442,2.6237,2.5924,2.5494,2.4956,2.4321,2.3607,2.2835,2.2053,2.1281,2.0557,1.9971,1.9482,1.9052,1.87,1.8426,1.8221,1.8065,1.7947,1.7859,1.7781,1.7703,1.7595,1.7439,1.7292,1.7116,1.6862,1.6559,1.6256,1.5963,1.5718,1.5494,1.5279,1.5083,1.4878,1.4692,1.4565,1.4467,1.435,1.4223,1.4086,1.3949,1.3793,1.3617,1.3421,1.3255,1.3138,1.304,1.2962,1.2942,1.2942,1.2933,1.2962,1.3079,1.3324,1.3793,1.4545,1.5572,1.6823,1.8201,1.9638,2.087,2.1935,2.3001,2.3978,2.4809,2.5474,2.5953,2.6266,2.6442,2.653,2.6569,2.6559,2.65,2.6422,2.6325,2.6207,2.6031,2.5787,2.5455,2.5054,2.4575,2.4008,2.3363,2.2659,2.1935,2.1281,2.0694,2.0108,1.957,1.913,1.8778,1.8495,1.8289,1.8133,1.8035,1.7967,1.7898,1.782,1.7722,1.7605,1.7449,1.7253,1.7019,1.6755,1.65,1.6276,1.6041,1.5826,1.565,1.5455,1.5288,1.5152,1.4976,1.4809,1.4653,1.4506,1.435,1.4164,1.3969,1.3793,1.3617,1.3451,1.3324,1.3226,1.3157,1.3089,1.3021,1.2981,1.305,1.3275,1.3695,1.437,1.5318,1.6471,1.782,1.9101,2.0293,2.1593,2.2864,2.4018,2.5024,2.5855,2.651,2.7009,2.7361,2.7576,2.7683,2.7703,2.7654,2.7586,2.7478,2.7243,2.6911,2.6618,2.6334,2.6031,2.565,2.5181,2.4653,2.4057,2.346,2.2884,2.2248,2.1603,2.0987,2.0411,1.9912,1.9492,1.9169,1.8925,1.8739,1.8583,1.8475,1.8397,1.8309,1.8182,1.8025,1.7849,1.7644,1.74,1.7107,1.6804,1.6481,1.6168,1.5904,1.5699,1.5552,1.5415,1.5259,1.5083,1.4917,1.4731,1.4526,1.4321,1.4135,1.3959,1.3812,1.3734,1.3695,1.3646,1.3587,1.3539,1.3548,1.3666,1.3988,1.4575,1.5435,1.652,1.7781,1.914,2.0332,2.1408,2.2502,2.3509,2.4389,2.5112,2.567,2.608,2.6364,2.654,2.6628,2.6676,2.6667,2.6608,2.653,2.6432,2.6295,2.6129,2.5914,2.5611,2.521,2.4731,2.4174,2.3539,2.2845,2.2219,2.1623,2.0958,2.0313,1.9765,1.9306,1.8925,1.8602,1.8328,1.8113,1.7957,1.783,1.7742,1.7674,1.7595,1.7488,1.7351,1.7185,1.6989,1.6745,1.6452,1.6158,1.5875,1.5601,1.5337,1.5122,1.4936,1.4721,1.4536,1.4379,1.4233,1.4096,1.3978,1.3881,1.3783,1.3675,1.3539,1.3431,1.3343,1.3236,1.3118,1.2981,1.2845,1.2727,1.263,1.2581,1.2659,1.2942,1.35,1.435,1.5308,1.6393,1.7752,1.9257,2.0782,2.2199,2.347,2.4565,2.5445,2.6119,2.6618,2.697,2.7155,2.7263,2.739,2.7517,2.7644,2.7742,2.7791,2.782,2.7801,2.7683,2.7478,2.7195,2.6823,2.6413,2.5943,2.5357,2.4692,2.3949,2.3148,2.2336,2.1544,2.0841,2.0254,1.9795,1.9433,1.9179,1.9003,1.8847,1.87,1.8524,1.8309,1.8084,1.7879,1.7683,1.7468,1.7224,1.697,1.6696,1.6461,1.6256,1.6041,1.5816,1.5611,1.5406,1.521,1.5005,1.477,1.4526,1.4272,1.4027,1.3861,1.3744,1.3636,1.3548,1.347,1.3402,1.3333,1.3245,1.3138,1.304,1.2972,1.3001,1.3167,1.348,1.4018,1.4809,1.5826,1.7028,1.8338,1.9677,2.1007,2.2229,2.3255,2.4066,2.4682,2.5073,2.5318,2.5503,2.563,2.5728,2.5816,2.5855,2.5846,2.5806,2.5718,2.5582,2.5376,2.5122,2.4819,2.4418,2.392,2.3314,2.263,2.1926,2.1212,2.0508,1.9863,1.9286,1.8807,1.8436,1.8182,1.8025,1.7918,1.7859,1.783,1.7781,1.7732,1.7634,1.7488,1.7322,1.7097,1.6813,1.6579,1.6383,1.6149,1.5934,1.5767,1.5621,1.5464,1.5288,1.5122,1.4936,1.4751,1.4565,1.437,1.4223,1.4086,1.392,1.3773,1.3666,1.3587,1.3509,1.3441,1.3372,1.3304,1.3255,1.3265,1.3382,1.3666,1.4184,1.4956,1.5982,1.7224,1.8583,1.9951,2.1251,2.2434,2.346,2.433,2.5034,2.5513,2.5836,2.609,2.6266,2.6373,2.6422,2.6452,2.6461,2.6452,2.6403,2.6315,2.6168,2.5973,2.5709,2.5347,2.4897,2.437,2.3763,2.3109,2.2424,2.176,2.1134,2.0547,2.002,1.9541,1.9179,1.8895,1.8661,1.8465,1.828,1.8094,1.7908,1.7752,1.7595,1.7419,1.7263,1.7126,1.6989,1.6862,1.6696,1.6481,1.6217,1.5943,1.567,1.5425,1.522,1.5034,1.4848,1.4643,1.4428,1.4252,1.4086,1.392,1.3812,1.3724,1.3617,1.35,1.3392,1.3265,1.3157,1.3069,1.3011,1.303,1.3157,1.3431,1.392,1.4633,1.5572,1.6716,1.7977,1.9277,2.0577,2.1808,2.2903,2.3822,2.4487,2.4985,2.5406,2.5718,2.5924,2.6041,2.6061,2.6012,2.5924,2.5826,2.5718,2.5572,2.5396,2.521,2.5005,2.4761,2.4448,2.4027,2.3509,2.2893,2.2199,2.1466,2.0753,2.0108,1.9541,1.9091,1.8739,1.8416,1.8143,1.7947,1.782,1.7722,1.7644,1.7576,1.7507,1.7439,1.7341,1.7224,1.7087,1.6872,1.6608,1.6315,1.6002,1.5699,1.5425,1.5171,1.4966,1.477,1.4555,1.434,1.4145,1.3998,1.3861,1.3744,1.3656,1.3578,1.3509,1.3441,1.3343,1.3216,1.3089,1.2972,1.2913,1.2923,1.3001,1.3255,1.3734,1.4467,1.5484,1.6716,1.8065,1.9462,2.0831,2.2072,2.303,2.3783,2.4506,2.5103,2.5562,2.5894,2.609,2.6188,2.6207,2.6168,2.6109,2.6051,2.5973,2.5875,2.5758,2.5621,2.5415,2.5122,2.4721,2.4213,2.3617,2.2952,2.2248,2.1544,2.0841,2.0225,1.9707,1.9208,1.8768,1.8407,1.8123,1.7937,1.781,1.7722,1.7615,1.7458,1.7283,1.7097,1.694,1.6804,1.6618,1.6413,1.6197,1.5982,1.5787,1.5591,1.5367,1.5142,1.4917,1.4682,1.4477,1.4311,1.4135,1.3959,1.3812,1.3685,1.3597,1.3519,1.3451,1.3382,1.3294,1.3187,1.306,1.2942,1.2854,1.2757,1.2708,1.261,1.2659,1.3138,1.4008,1.52,1.6598,1.8113,1.9668,2.0987,2.2102,2.3206,2.4194,2.5015,2.565,2.6119,2.6452,2.6667,2.6774,2.6794,2.6784,2.6764,2.6696,2.6608,2.65,2.6354,2.6129,2.5787,2.5318,2.4721,2.4008,2.3216,2.2405,2.1584,2.087,2.0244,1.9638,1.9081,1.8612,1.827,1.8045,1.7898,1.7781,1.7693,1.7605,1.7527,1.7449,1.737,1.7253,1.7087,1.6882,1.6628,1.6334,1.6041,1.5738,1.5455,1.52,1.4976,1.479,1.4663,1.4555,1.4428,1.4291,1.4145,1.3978,1.3763,1.3519,1.3284,1.3079,1.2874,1.2698,1.2571,1.2512,1.2483,1.2434,1.2385,1.2395,1.2551,1.2903,1.347,1.4301,1.5396,1.6716,1.8172,1.9482,2.0704,2.2023,2.3265,2.4379,2.5337,2.61,2.6667,2.7048,2.7253,2.7361,2.737,2.7322,2.7234,2.7136,2.7048,2.697,2.6872,2.6706,2.6461,2.6109,2.565,2.5083,2.4379,2.3587,2.2874,2.2199,2.1447,2.0704,2.0049,1.9501,1.9052,1.8719,1.8475,1.828,1.8143,1.8055,1.7977,1.7918,1.7849,1.7722,1.7546,1.7341,1.7087,1.6794,1.6471,1.6158,1.5875,1.5621,1.5415,1.5279,1.5171,1.5044,1.4878,1.4663,1.4409,1.4125,1.3832,1.3578,1.3353,1.3167,1.304,1.2933,1.2884,1.2854,1.2805,1.2737,1.2688,1.2698,1.2815,1.3089,1.3558,1.4311,1.5367,1.6686,1.7986,1.9296,2.0762,2.2239,2.3597,2.477,2.5738,2.6461,2.6999,2.738,2.7644,2.784,2.7918,2.7918,2.7918,2.7898,2.783,2.7722,2.7566,2.738,2.7155,2.6852,2.6442,2.5914,2.5288,2.4653,2.3978,2.3206,2.2395,2.1593,2.086,2.0186,1.9589,1.9101,1.87,1.8387,1.8172,1.8055,1.7977,1.7898,1.782,1.7742,1.7654,1.7507,1.7302,1.7048,1.6755,1.6432,1.6139,1.5865,1.565,1.5503,1.5357,1.5171,1.4946,1.4702,1.4448,1.4184,1.392,1.3675,1.346,1.3275,1.3167,1.3109,1.3021,1.2903,1.2766,1.263,1.2502,1.2454,1.2581,1.2933,1.3539,1.4448,1.566,1.6891,1.8143,1.9638,2.1183,2.2639,2.3949,2.5064,2.5963,2.6657,2.7155,2.7498,2.7703,2.7771,2.7771,2.7771,2.7771,2.7771,2.7752,2.7683,2.7546,2.737,2.7146,2.6852,2.6452,2.5943,2.5396,2.479,2.4037,2.3177,2.2278,2.1398,2.0567,1.9834,1.9218,1.871,1.8299,1.7986,1.7791,1.7634,1.7478,1.7322,1.7165,1.7048,1.6931,1.6794,1.6628,1.6432,1.6197,1.5904,1.5582,1.5318,1.5093,1.4819,1.4526,1.4242,1.3988,1.3744,1.348,1.3236,1.3011,1.2825,1.2688,1.262,1.2571,1.2463,1.2336,1.217,1.1975,1.176,1.1554,1.1408,1.1417,1.1652,1.2141,1.2933,1.3881,1.4995,1.6413,1.7977,1.9599,2.1153,2.2551,2.3744,2.4692,2.5415,2.5953,2.6364,2.6608,2.6725,2.6823,2.6891,2.6911,2.6882,2.6843,2.6804,2.6725,2.6588,2.6383,2.607,2.564,2.5171,2.4624,2.392,2.3099,2.2219,2.1349,2.0518,1.9775,1.915,1.8622,1.8201,1.7918,1.7761,1.7664,1.7576,1.7527,1.7507,1.7458,1.739,1.7283,1.7107,1.6862,1.6549,1.6217,1.5894,1.5611,1.5396,1.521,1.5034,1.4868,1.4673,1.4457,1.4252,1.4027,1.3783,1.35,1.3245,1.306,1.2903,1.2766,1.2659,1.2551,1.2414,1.608,1.5376,1.479,1.434,1.4057,1.2239,1.2199,1.2141,1.2072,1.1984,1.1838,1.1691,1.1574,1.1476,1.1388,1.131,1.1232,1.1193,1.1193,1.1173,1.1124,1.1056,1.1007,1.0978,1.0968,1.0958,1.0958,1.0958,1.0958,1.0997,1.1036,1.1056,1.1085,1.1114,1.1173,1.1241,1.131,1.1369,1.1378,1.1339,1.1261,1.1144,1.1065,1.1026,1.1007,1.1114,1.1466,1.2131,1.3167,1.4565,1.6256,1.8192,2.0235,2.2248,2.392,2.5327,2.6716,2.7918,2.8905,2.9658,3.0147,3.045,3.0606,3.0645,3.0626,3.0538,3.043,3.0342,3.0215,3.0117,3.0029,2.9902,2.9726,2.9443,2.9022,2.8485,2.782,2.7038,2.6178,2.5396,2.4653,2.3871,2.3128,2.2444,2.1867,2.1408,2.1056,2.0821,2.0684,2.0577,2.045,2.0323,2.0205,2.0049,1.9834,1.9492,1.9159,1.8895,1.8592,1.8289,1.7986,1.7674,1.738,1.7116,1.6911,1.6725,1.652,1.6295,1.609,1.5904,1.5846,1.5865,1.5816,1.5728,1.5621,1.5513,1.5425,1.5367,1.5298,1.522,1.5152,1.5073,1.4976,1.4868,1.4751,1.4633,1.4516,1.4428,1.4399,1.4448,1.4614,1.4966,1.5513,1.6266,1.7234,1.8338,1.9511,2.0684,2.1818,2.2864,2.3773,2.4457,2.4966,2.5396,2.5748,2.6012,2.6188,2.6285,2.6334,2.6364,2.6373,2.6383,2.6354,2.6285,2.6158,2.5982,2.5738,2.5445,2.5093,2.4663,2.4184,2.3656,2.3069,2.2434,2.1808,2.1212,2.0714,2.0274,1.9844,1.9482,1.9198,1.8983,1.8817,1.8671,1.8543,1.8416,1.8299,1.8182,1.8065,1.7957,1.7849,1.7703,1.7546,1.7361,1.7136,1.6901,1.6686,1.6471,1.6295,1.6149,1.6012,1.5914,1.5836,1.5738,1.5611,1.5464,1.5318,1.5181,1.5054,1.4936,1.4819,1.4682,1.4545,1.4399,1.4291,1.4242,1.4213,1.4262,1.4438,1.48,1.5396,1.6227,1.7263,1.8426,1.9668,2.0929,2.1975,2.2854,2.3705,2.4438,2.5044,2.5513,2.5836,2.608,2.6266,2.6373,2.6452,2.654,2.6608,2.6618,2.6588,2.6549,2.6471,2.6344,2.6158,2.5914,2.5621,2.5249,2.478,2.4242,2.3617,2.2991,2.2385,2.174,2.1105,2.0528,2.0029,1.9619,1.9277,1.9022,1.8837,1.87,1.8583,1.8485,1.8407,1.8319,1.8201,1.8055,1.7879,1.7693,1.7507,1.7331,1.7136,1.6921,1.6676,1.6422,1.6227,1.6051,1.5846,1.5621,1.5406,1.523,1.5083,1.4946,1.4819,1.4702,1.4585,1.4477,1.4379,1.4301,1.4213,1.4086,1.3959,1.3881,1.39,1.4076,1.4428,1.5015,1.5855,1.6882,1.8025,1.9091,2.0078,2.1144,2.218,2.3099,2.3891,2.4516,2.4966,2.5259,2.5455,2.5572,2.563,2.566,2.5621,2.5533,2.5445,2.5367,2.5298,2.521,2.5064,2.4858,2.4555,2.4154,2.3656,2.3069,2.2493,2.1945,2.1339,2.0733,2.0166,1.9658,1.9208,1.8837,1.8553,1.8338,1.8182,1.8074,1.8006,1.7957,1.7908,1.7849,1.7761,1.7634,1.7468,1.7253,1.7019,1.6784,1.6549,1.6364,1.6207,1.609,1.5973,1.5836,1.5689,1.5533,1.5376,1.521,1.5024,1.4829,1.4633,1.4409,1.4223,1.4145,1.4106,1.4057,1.4008,1.3949,1.3891,1.3861,1.3891,1.4027,1.4321,1.479,1.5464,1.6344,1.7116,1.7908,1.9042,2.0303,2.1544,2.2688,2.3675,2.4497,2.5142,2.5621,2.5943,2.6139,2.6207,2.6188,2.6129,2.6041,2.5963,2.5875,2.5748,2.5582,2.5376,2.5122,2.48,2.4418,2.3949,2.346,2.2923,2.2278,2.1574,2.0841,2.0127,1.9482,1.8915,1.8426,1.8016,1.7683,1.7449,1.7322,1.7234,1.7195,1.7195,1.7175,1.7126,1.7058,1.6931,1.6755,1.653,1.6276,1.6012,1.5738,1.5513,1.5337,1.5142,1.4966,1.4809,1.4663,1.4536,1.4418,1.4291,1.4154,1.4018,1.3881,1.3783,1.3675,1.3509,1.3324,1.3157,1.2991,1.2815,1.2659,1.2532,1.2483,1.26,1.2913,1.347,1.4164,1.5005,1.6109,1.74,1.8788,2.0176,2.1486,2.2659,2.3636,2.4438,2.5083,2.5552,2.5826,2.5963,2.6031,2.6012,2.5953,2.5875,2.5748,2.5611,2.5474,2.5308,2.5103,2.4829,2.4448,2.4037,2.3587,2.3001,2.2317,2.1593,2.085,2.0156,1.955,1.9022,1.8583,1.8231,1.7947,1.7752,1.7605,1.7498,1.7429,1.7361,1.7292,1.7224,1.7116,1.696,1.6784,1.6588,1.6354,1.608,1.5846,1.5621,1.5376,1.5152,1.4966,1.4809,1.4663,1.4516,1.437,1.4213,1.4027,1.3822,1.3646,1.3529,1.3402,1.3284,1.3187,1.3109,1.303,1.2942,1.2825,1.2717,1.2649,1.2678,1.2884,1.3216,1.3744,1.4575,1.566,1.696,1.8377,1.9814,2.1202,2.2483,2.3587,2.4516,2.5259,2.5728,2.6012,2.6246,2.6413,2.652,2.6549,2.651,2.6422,2.6315,2.6188,2.6041,2.5865,2.567,2.5474,2.5239,2.4907,2.4487,2.3969,2.3343,2.2659,2.1935,2.1193,2.0479,1.9844,1.9306,1.8876,1.8543,1.826,1.8035,1.7889,1.7781,1.7674,1.7566,1.7449,1.7302,1.7126,1.6921,1.6725,1.653,1.6276,1.5992,1.5699,1.5415,1.5132,1.4858,1.4594,1.4379,1.4203,1.4057,1.3939,1.3842,1.3763,1.3656,1.3529,1.3402,1.3284,1.3187,1.3109,1.3011,1.2893,1.2766,1.2649,1.261,1.2659,1.2805,1.3157,1.3783,1.4663,1.5738,1.6979,1.8338,1.9687,2.0968,2.2141,2.3177,2.3949,2.4526,2.5034,2.5425,2.5709,2.5885,2.5953,2.5953,2.5943,2.5914,2.5865,2.5806,2.5728,2.5601,2.5425,2.5161,2.479,2.4311,2.3744,2.3245,2.2747,2.2102,2.1378,2.0674,2.0049,1.955,1.9159,1.8817,1.8553,1.8368,1.826,1.8192,1.8065,1.7928,1.781,1.7644,1.7449,1.7283,1.7126,1.694,1.6735,1.652,1.6305,1.6051,1.5767,1.5494,1.5249,1.5034,1.4819,1.4643,1.4555,1.4467,1.435,1.4223,1.4057,1.3861,1.3685,1.3529,1.3392,1.3294,1.3206,1.3128,1.3089,1.3089,1.3138,1.3529,1.4037,1.4536,1.5367,1.6491,1.7849,1.9345,2.085,2.2297,2.3597,2.477,2.563,2.6188,2.6686,2.7136,2.7498,2.7722,2.7849,2.7937,2.7977,2.7977,2.7918,2.7761,2.7595,2.741,2.7136,2.6921,2.654,2.5904,2.5406,2.4721,2.3724,2.2805,2.2151,2.1564,2.087,2.0274,1.9775,1.9365,1.9052,1.8817,1.8631,1.8465,1.8289,1.8094,1.7889,1.7713,1.7556,1.737,1.7165,1.696,1.6745,1.653,1.6295,1.6012,1.5709,1.5415,1.5142,1.4897,1.4721,1.4555,1.436,1.4154,1.3949,1.3754,1.3558,1.3412,1.3265,1.3118,1.3011,1.2923,1.2874,1.2854,1.2805,1.2796,1.2923,1.3236,1.3793,1.4633,1.5748,1.7077,1.8573,2.0117,2.1613,2.2854,2.3881,2.4839,2.567,2.6315,2.6804,2.7155,2.74,2.7595,2.7732,2.7801,2.784,2.782,2.7752,2.7664,2.7546,2.7419,2.7243,2.7028,2.6774,2.6413,2.5914,2.5279,2.4526,2.3763,2.3011,2.218,2.1349,2.0587,1.9951,1.9433,1.9013,1.8671,1.8407,1.8201,1.8035,1.7879,1.7771,1.7654,1.7488,1.7302,1.7097,1.6882,1.6628,1.6325,1.6012,1.5709,1.5445,1.523,1.5044,1.4878,1.4692,1.4467,1.4213,1.3939,1.3675,1.3451,1.3265,1.3118,1.3011,1.2923,1.2845,1.2805,1.2766,1.2669,1.2571,1.2483,1.2434,1.2502,1.2757,1.3265,1.4076,1.521,1.6588,1.7908,1.9208,2.0635,2.2043,2.3343,2.4477,2.5425,2.6178,2.6735,2.7116,2.738,2.7556,2.7644,2.7644,2.7615,2.7595,2.7546,2.7458,2.7341,2.7204,2.7048,2.6843,2.6559,2.6158,2.5621,2.5024,2.4379,2.3587,2.2698,2.1818,2.0997,2.0244,1.958,1.9052,1.8661,1.8368,1.8152,1.8006,1.7918,1.784,1.7761,1.7674,1.7537,1.7361,1.7146,1.6872,1.6559,1.6217,1.5885,1.5572,1.5327,1.5015,1.4633,1.435,1.4125,1.39,1.3675,1.349,1.3324,1.3148,1.2981,1.2845,1.2678,1.2542,1.2414,1.2258,1.2102,1.1935,1.1779,1.1662,1.1584,1.1613,1.1857,1.2336,1.3069,1.39,1.4888,1.6149,1.7586,1.911,2.0606,2.2014,2.3265,2.4301,2.5142,2.5787,2.6266,2.6598,2.6764,2.6813,2.6833,2.6843,2.6852,2.6833,2.6784,2.6686,2.652,2.6305,2.6031,2.567,2.5249,2.4731,2.4096,2.3363,2.2561,2.175,2.0968,2.0254,1.9638,1.912,1.869,1.8328,1.8016,1.7781,1.7615,1.7478,1.7351,1.7214,1.7048,1.6852,1.6637,1.6422,1.6178,1.5914,1.563,1.5415,1.5249,1.5054,1.4819,1.4575,1.434,1.4086,1.3851,1.3636,1.3412,1.3187,1.2981,1.2805,1.2678,1.26,1.2522,1.2444,1.2366,1.2287,1.2199,1.2072,1.1916,1.1769,1.1652,1.1554,1.1525,1.1603,1.1838,1.2287,1.3021,1.4066,1.5376,1.6901,1.8504,2.0059,2.1515,2.2825,2.393,2.4731,2.5298,2.5797,2.6188,2.6461,2.6637,2.6745,2.6784,2.6764,2.6716,2.6657
104.45,104.68,104.8,104.8,104.62,104.27,103.8,103.04,102.16,101.17,100.05,98.939,97.708,96.594,95.422,94.308,93.194,92.257,91.377,90.615,89.912,89.385,88.857,88.388,87.802,87.275,86.747,86.102,85.458,84.813,84.227,83.699,83.172,82.761,82.351,82.117,81.882,81.53,81.296,81.296,81.882,83.934,88.681,96.711,107.91,120.92,133.99,146,156.26,164.17,169.63,172.79,173.9,173.61,172.15,169.98,167.57,165.11,162.89,160.72,158.84,157.2,155.56,153.98,152.28,150.34,147.94,144.95,141.2,136.63,131.35,125.84,120.51,115.7,111.6,108.43,106.09,104.57,103.69,103.33,103.33,103.57,103.86,104.16,104.27,104.21,104.04,103.63,102.98,102.16,101.28,100.29,99.173,98.001,96.77,95.656,94.543,93.429,92.432,91.495,90.615,89.912,89.326,88.74,88.212,87.743,87.275,86.864,86.337,85.809,85.223,84.637,83.992,83.347,82.82,82.41,82.117,81.824,81.53,81.296,81.003,80.944,81.589,83.934,89.15,97.883,109.66,123.03,136.39,148.35,158.43,166.11,171.38,174.26,175.14,174.43,172.79,170.56,168.1,165.7,163.41,161.48,159.66,158.14,156.67,155.27,153.8,152.1,149.93,147.18,143.6,139.21,134.11,128.66,123.26,118.34,114.24,110.9,108.38,106.62,105.62,105.09,104.98,105.09,105.39,105.56,105.68,105.62,105.39,104.92,104.39,103.63,102.81,101.87,100.81,99.759,98.587,97.415,96.36,95.363,94.425,93.605,92.843,92.257,91.671,91.084,90.557,89.912,89.385,88.74,88.095,87.509,86.864,86.161,85.575,85.047,84.637,84.285,84.051,83.816,83.465,83.289,83.582,85.047,88.681,95.539,105.68,118.05,131.12,143.54,154.5,163.47,170.15,174.61,176.95,177.6,177.13,175.72,173.9,171.85,169.8,167.87,165.99,164.23,162.53,160.95,159.31,157.49,155.44,152.92,149.81,145.95,141.32,136.04,130.41,124.85,119.86,115.58,112.3,109.72,107.96,106.91,106.38,106.27,106.32,106.5,106.68,106.68,106.56,106.32,105.8,105.21,104.45,103.57,102.57,101.46,100.35,99.232,98.118,97.063,96.125,95.305,94.484,93.722,92.96,92.315,91.612,90.909,90.264,89.502,88.74,87.978,87.216,86.571,85.926,85.399,85.047,84.754,84.403,84.109,83.934,84.051,85.164,88.447,94.718,104.62,117.05,130.47,143.48,155.03,164.64,171.79,176.42,178.89,179.41,178.77,177.25,175.25,173.14,171.03,169.1,167.28,165.7,164.23,162.83,161.36,159.72,157.9,155.68,152.92,149.35,145.01,139.79,134.05,128.07,122.38,117.34,113.36,110.37,108.26,106.85,106.09,105.85,105.91,106.15,106.44,106.56,106.56,106.44,106.03,105.56,104.86,103.98,102.98,101.93,100.81,99.7,98.587,97.59,96.653,95.773,95.011,94.191,93.37,92.608,91.846,91.026,90.147,89.326,88.447,87.626,86.806,86.102,85.458,85.047,84.696,84.344,84.109,83.875,83.582,83.816,84.871,87.861,93.781,103.04,114.88,127.78,140.32,151.51,160.78,167.93,172.61,175.19,175.84,175.19,173.61,171.5,169.16,166.93,164.82,162.94,161.19,159.49,157.9,156.26,154.44,152.39,149.87,146.77,142.78,138.09,132.82,127.13,121.68,116.76,112.65,109.49,107.2,105.62,104.68,104.21,104.16,104.39,104.57,104.74,104.86,104.74,104.51,103.98,103.33,102.57,101.63,100.64,99.466,98.411,97.297,96.301,95.422,94.543,93.781,92.96,92.257,91.495,90.733,89.971,89.15,88.447,87.626,86.864,86.102,85.399,84.871,84.344,83.992,83.758,83.523,83.347,83.113,83.113,83.699,85.751,90.147,97.883,108.55,121.04,133.93,146,156.32,164.41,170.09,173.38,174.61,174.31,172.85,170.74,168.28,165.82,163.41,161.13,159.08,157.14,155.32,153.51,151.51,149.17,146.36,142.84,138.56,133.64,128.24,122.85,117.93,113.71,110.43,107.91,106.27,105.21,104.74,104.68,104.86,105.15,105.44,105.62,105.62,105.5,105.09,104.57,103.8,102.92,101.93,100.93,99.876,98.821,97.708,96.77,95.949,95.129,94.425,93.663,92.901,92.198,91.436,90.615,89.795,88.916,88.095,87.275,86.571,85.926,85.34,84.93,84.696,84.403,84.227,84.051,84.051,84.813,87.157,92.432,101.05,112.54,125.61,138.62,150.52,160.48,168.1,173.38,176.25,177.25,176.72,175.25,173.2,170.92,168.63,166.34,164.29,162.36,160.54,158.78,156.91,154.91,152.63,149.76,146.18,141.84,136.86,131.23,125.61,120.39,115.82,112.19,109.43,107.5,106.27,105.62,105.39,105.44,105.62,105.8,105.91,105.91,105.74,105.39,104.8,104.04,103.16,102.16,101.11,100.05,99.056,98.059,97.063,96.184,95.305,94.484,93.605,92.726,91.846,90.967,90.029,89.092,88.154,87.275,86.571,85.809,85.223,84.754,84.403,84.168,83.934,83.699,83.465,83.523,84.637,87.509,93.194,102.1,113.71,126.6,139.32,150.81,160.31,167.52,172.2,174.55,175.14,174.37,172.61,170.39,167.87,165.41,163,160.78,158.72,156.79,154.91,152.98,150.87,148.35,145.36,141.61,137.1,131.94,126.49,121.04,116.17,112.13,108.9,106.56,104.92,104.04,103.69,103.74,103.98,104.39,104.68,104.8,104.8,104.62,104.16,103.57,102.75,101.81,100.76,99.7,98.587,97.532,96.594,95.656,94.777,94.015,93.136,92.257,91.377,90.44,89.619,88.74,87.919,87.157,86.395,85.751,85.164,84.696,84.285,84.051,83.758,83.406,83.172,83.113,83.875,86.22,91.202,99.232,110.19,122.74,135.63,147.41,157.55,165.23,170.45,173.26,174.08,173.38,171.68,169.45,166.87,164.29,161.89,159.6,157.49,155.62,153.8,151.98,149.99,147.7,144.77,141.26,136.86,131.88,126.43,121.15,116.35,112.3,109.08,106.68,105.09,104.21,103.98,104.04,104.39,104.74,105.09,105.44,105.5,105.39,104.98,104.45,103.69,102.75,101.75,100.76,99.7,98.645,97.649,96.711,95.949,95.07,94.249,93.37,92.491,91.612,90.733,89.854,89.033,88.212,87.509,86.806,86.22,85.868,85.458,85.223,84.93,84.52,84.461,85.047,87.275,92.198,100.46,111.83,124.96,138.33,150.52,160.89,168.98,174.55,177.66,178.83,178.42,177.01,174.9,172.61,170.27,168.04,165.99,164.12,162.3,160.6,158.9,157.2,155.21,152.75,149.7,145.95,141.37,136.16,130.53,125.14,120.1,115.94,112.6,110.13,108.43,107.38,106.91,106.85,106.97,107.2,107.32,107.38,107.26,106.91,106.44,105.74,104.92,103.98,103.04,102.05,101.11,100.23,99.349,98.47,97.59,96.711,95.832,94.894,94.015,92.96,92.022,91.026,90.147,89.326,88.505,87.861,87.275,86.923,86.63,86.278,85.985,85.809,86.161,87.919,92.022,99.407,110.07,122.74,135.98,148.53,159.49,168.28,174.67,178.65,180.47,180.64,179.53,177.71,175.49,173.2,170.92,168.86,166.99,165.23,163.59,162.06,160.42,158.61,156.55,153.92,150.64,146.53,141.67,136.1,130.18,124.44,119.28,115.06,111.77,109.43,107.91,107.09,106.79,106.91,107.2,107.44,107.61,107.61,107.44,107.03,106.5,105.74,104.92,103.98,102.98,101.99,100.99,100.11,99.349,98.528,97.708,96.887,96.008,95.07,93.898,92.726,91.612,90.498,89.502,88.623,87.802,87.04,86.395,86.044,85.751,85.575,85.223,85.106,85.633,87.45,91.729,99.349,110.31,123.38,136.92,149.81,161.13,170.27,176.6,180.41,181.93,181.7,180.23,178.12,175.55,172.91,170.45,168.16,166.17,164.41,162.94,161.48,160.07,158.43,156.44,153.98,150.81,146.77,141.73,135.98,130,124.32,119.28,115.17,112.01,109.66,108.2,107.38,107.2,107.32,107.44,107.5,107.44,107.32,107.09,106.68,106.09,105.39,104.51,103.57,102.63,101.75,100.87,99.994,99.173,98.411,97.59,96.711,95.773,94.836,93.839,92.784,91.788,90.791,89.854,89.033,88.212,87.509,86.864,86.513,86.395,86.571,86.513,86.513,86.981,88.974,93.312,100.64,110.66,122.56,134.93,146.53,156.85,165.29,171.56,175.49,177.36,177.48,176.48,174.67,172.44,170.09,167.93,165.93,164,162.18,160.42,158.72,156.91,154.74,151.92,148.35,144.07,138.91,133.34,127.6,122.15,117.23,113.12,109.78,107.44,105.91,105.03,104.74,104.86,105.15,105.5,105.8,105.97,106.03,105.85,105.5,104.92,104.16,103.28,102.34,101.46,100.52,99.7,98.645,97.649,96.653,95.656,94.777,93.839,92.726,91.553,90.381,89.092,87.919,86.864,86.044,85.458,85.106,84.989,85.047,85.164,85.164,84.989,84.93,85.751,88.271,93.37,101.46,112.36,124.85,137.51,149.11,159.02,166.64,171.79,174.9,176.13,175.66,174.02,171.56,169.04,166.58,164,161.42,158.9,156.55,154.15,151.63,148.99,146.41,143.6,139.97,135.34,129.94,124.49,119.63,115.41,112.07,109.31,107.09,105.68,105.03,105.03,105.33,105.44,105.39,105.44,105.5,105.44,104.8,103.74,102.63,101.69,101.05,100.35,99.466,98.528,97.883,97.297,96.77,96.125,95.187,94.191,93.312,92.667,92.139,91.377,90.381,89.326,88.095,87.04,86.161,85.633,85.047,84.52,84.168,83.875,83.406,82.644,81.999,82.234,84.813,90.674,99.7,110.9,123.03,135.16,146.3,155.68,163.06,168.22,171.27,172.26,171.68,170.09,167.93,165.46,162.94,160.48,158.14,155.91,153.86,151.98,150.05,147.76,144.89,141.2,136.8,131.76,126.37,121.09,116.41,112.54,109.43,106.97,105.39,104.51,104.1,104.16,104.45,104.8,105.21,105.5,105.56,105.39,105.03,104.51,103.69,102.81,101.81,100.87,99.876,98.88,97.942,97.004,96.184,95.305,94.425,93.605,92.726,91.846,90.909,90.029,89.209,88.447,87.685,86.981,86.395,85.985,85.633,85.34,85.164,84.989,84.813,84.93,86.161,89.502,95.949,105.68,117.99,131.29,144.13,155.44,164.7,171.5,175.78,177.89,178.12,177.07,175.19,172.85,170.39,167.98,165.76,163.76,161.83,160.01,158.2,156.38,154.27,151.69,148.47,144.6,139.91,134.69,129.12,123.79,119.1,115.23,112.19,109.9,108.49,107.61,107.26,107.26,107.38,107.55,107.61,107.61,107.5,107.2,106.62,105.85,105.03,104.1,103.1,102.1,101.11,100.17,99.29,98.411,97.532,96.711,95.832,94.894,93.898,92.901,91.964,90.967,90.088,89.209,88.505,87.802,87.216,86.864,86.571,86.278,86.044,85.926,86.278,87.861,91.612,98.411,108.49,120.68,133.7,146.06,157.08,166.05,172.67,176.78,178.77,179.06,178.07,176.31,174.08,171.68,169.39,167.16,165.11,163.24,161.36,159.49,157.49,155.32,152.75,149.7,145.71,141.08,135.69,129.89,124.2,118.98,114.76,111.54,109.43,108.14,107.09,106.27,105.97,106.38,106.91,107.32,107.44,107.5,107.38,107.03,106.38,105.5,104.45,103.28,102.22,101.22,100.23,99.29,98.411,97.473,96.535,95.48,94.367,93.253,92.139,91.084,90.029,89.033,88.037,87.157,86.513,85.926,85.692,85.399,85.047,84.637,84.168,84.168,85.223,88.095,93.839,102.87,114.35,127.25,140.2,151.98,161.95,169.45,174.37,176.89,177.36,176.31,174.2,171.44,168.63,165.82,163.24,160.95,158.78,156.85,154.97,153.16,151.16,148.76,145.59,141.73,137.04,131.76,126.13,120.74,115.99,112.13,109.14,106.85,105.39,104.57,104.21,104.27,104.57,104.86,105.15,105.33,105.15,104.92,104.51,103.86,103.04,102.1,101.11,100.17,99.173,98.235,97.356,96.477,95.598,94.718,93.781,92.843,91.964,91.026,90.088,89.209,88.447,87.743,87.04,86.513,85.985,85.633,85.282,84.93,84.52,84.227,84.051,84.637,86.747,91.26,98.645,108.9,120.92,133.4,145.13,155.21,163.12,168.75,171.97,173.26,172.85,171.44,169.22,166.75,164.17,161.65,159.43,157.43,155.5,153.62,151.75,149.64,147.12,143.95,139.85,135.1,129.71,124.14,118.81,114.12,110.37,107.5,105.44,104.16,103.63,103.63,103.92,104.39,104.8,105.15,105.44,105.5,105.21,104.8,104.16,103.33,102.34,101.4,100.4,99.466,98.47,97.473,96.477,95.539,94.601,93.781,92.96,92.257,91.495,90.674,89.854,89.092,88.564,87.978,87.509,86.981,86.688,86.337,86.044,85.692,85.458,85.868,87.802,92.139,99.583,110.25,122.85,135.98,148.35,159.08,167.69,173.9,177.71,179.36,179.36,178.24,176.42,174.2,171.79,169.45,167.22,165.23,163.3,161.48,159.72,158.02,155.97,153.51,150.34,146.53,141.9,136.63,130.82,125.2,120.1,115.94,112.54,110.13,108.49,107.67,107.32,107.32,107.55,107.91,108.26,108.43,108.38,108.14,107.67,107.03,106.15,105.21,104.27,103.33,102.4,101.58,100.64,99.818,98.939,97.942,96.946,95.832,94.836,93.781,92.726,91.671,90.791,89.912,89.15,88.623,88.271,88.037,87.802,87.568,87.333,87.626,89.15,92.901,99.818,109.9,122.15,135.22,147.88,159.19,168.51,175.37,179.77,181.93,182.34,181.58,179.94,177.89,175.66,173.49,171.5,169.68,167.98,166.4,164.88,163.3,161.6,159.6,157.08,153.86,149.81,144.95,139.32,133.29,127.48,122.15,117.75,114.24,111.66,109.9,108.84,108.38,108.26,108.38,108.55,108.73,108.84,108.79,108.55,107.96,107.2,106.27,105.21,104.39,103.63,102.75,101.69,100.7,99.7,98.763,97.708,96.711,95.656,94.601,93.546,92.55,91.612,90.791,89.971,89.385,88.857,88.447,88.095,87.802,87.509,87.333,87.861,89.736,94.015,101.4,111.95,124.32,137.15,149.4,160.13,168.81,175.08,178.95,180.64,180.7,179.53,177.71,175.55,173.38,171.27,169.33,167.57,165.93,164.35,162.89,161.24,159.37,157.2,154.5,151.05,146.83,141.61,135.75,129.48,123.38,117.87,113.36,109.9,107.44,105.74,104.86,104.62,104.74,105.03,105.5,105.8,105.97,105.91,105.62,105.15,104.57,103.74,102.81,101.87,100.93,99.994,99.056,98.118,97.122,96.125,95.07,94.074,92.96,91.905,90.909,89.971,89.092,88.388,87.685,87.157,86.806,86.513,86.22,85.985,85.692,85.399,85.575,86.747,89.971,96.125,105.33,116.99,129.59,141.9,152.8,161.6,168.1,172.2,174.14,174.31,173.26,171.38,169.04,166.58,164.17,161.95,159.84,157.9,156.03,154.27,152.22,149.99,147.24,143.78,139.62,134.69,129.18,123.56,118.16,113.47,109.78,106.97,105.03,103.86,103.45,103.57,103.92,104.51,105.03,105.5,105.74,105.74,105.56,105.03,104.45,103.63,102.69,101.69,100.7,99.759,98.821,97.942,97.122,96.242,95.422,94.601,93.781,92.901,92.022,91.26,90.44,89.678,88.916,88.271,87.743,87.216,86.864,86.571,86.22,85.926,85.751,86.278,88.681,93.898,102.63,114.18,127.42,140.67,152.86,163.18,171.21,176.54,179.41,180.29,179.71,178.12,175.84,173.38,170.86,168.57,166.4,164.47,162.77,161.07,159.43,157.55,155.44,152.86,149.64,145.54,140.67,135.22,129.53,124.14,119.28,115.35,112.3,110.07,108.55,107.79,107.5,107.55,107.73,107.85,107.96,107.96,107.73,107.38,106.79,106.09,105.21,104.39,103.45,102.51,101.63,100.7,99.876,98.997,98.118,97.18,96.242,95.305,94.367,93.37,92.374,91.436,90.615,89.795,89.092,88.623,88.212,87.919,87.626,87.275,87.04,87.333,88.974,92.96,100.23,110.66,123.2,136.22,148.76,160.01,169.22,175.96,180,181.93,182.05,181,179.12,176.95,174.67,172.5,170.56,168.81,167.22,165.76,164.23,162.59,160.89,158.72,155.97,152.57,148.29,143.25,137.45,131.23,125.37,120.1,115.88,112.48,110.07,108.49,107.67,107.32,107.38,107.61,107.91,108.14,108.2,108.02,107.67,107.2,106.44,105.62,104.74,103.8,102.87,101.99,101.11,100.23,99.29,98.235,97.239,96.184,95.07,93.898,92.843,91.846,90.85,89.971,89.15,88.623,88.154,87.861,87.626,87.333,87.157,87.216,88.154,90.967,96.594,105.5,117.11,130.12,143.19,155.21,165.35,173.26,178.48,181.35,182.17,181.58,180,177.95,175.6,173.38,171.27,169.39,167.69,166.05,164.41,162.83,161.07,158.9,156.26,152.92,148.82,143.72,137.97,131.88,125.78,120.27,115.7,112.07,109.49,107.79,106.79,106.44,106.44,106.68,106.97,107.26,107.38,107.32,106.97,106.5,105.74,104.92,103.98,102.92,101.87,100.93,99.994,99.114,98.177,97.239,96.301,95.305,94.191,93.136,92.022,90.967,89.912,88.974,88.095,87.45,86.923,86.513,86.22,85.985,85.809,85.575,85.458,86.161,88.388,93.136,100.93,111.66,124.14,136.86,148.76,159.08,167.22,172.97,176.25,177.36,176.95,175.37,173.14,170.5,167.87,165.41,163.18,161.19,159.25,157.49,155.68,153.68,151.28,148.29,144.6,140.2,134.93,129.24,123.56,118.34,114,110.49,107.91,106.27,105.21,104.8,104.8,105.03,105.39,105.68,105.8,105.8,105.62,105.15,104.57,103.69,102.75,101.75,100.7,99.525,98.47,97.532,96.653,95.773,94.894,94.074,93.194,92.257,91.26,90.381,89.56,88.681,87.802,87.04,86.337,85.809,85.34,84.989,84.754,84.52,84.285,84.051,84.168,85.223,88.212,94.249,103.51,115.35,128.54,141.43,152.92,162.24,169.16,173.49,175.55,175.72,174.61,172.61,170.27,167.63,165.11,162.89,160.78,158.9,157.14,155.32,153.51,151.46,148.82,145.48,141.37,136.51,131,125.26,119.8,115.06,111.19,108.2,106.09,104.86,104.39,104.39,104.62,105.09,105.68,106.03,106.15,106.15,105.91,105.5,104.8,103.86,102.81,101.75,100.7,99.525,98.47,97.473,96.594,95.773,94.894,94.074,93.312,92.491,91.612,90.733,89.971,89.209,88.564,87.802,87.157,86.688,86.22,85.985,85.751,85.458,85.223,85.106,85.399,87.099,91.319,98.763,109.43,122.15,135.63,148.35,159.43,168.1,174.31,178.01,179.47,179.3,177.89,175.72,173.32,170.86,168.51,166.23,164.29,162.47,160.78,159.08,157.26,155.21,152.63,149.29,145.24,140.38,134.93,129.3,123.79,118.93,114.94,111.77,109.55,108.14,107.38,107.2,107.26,107.5,107.73,107.91,107.91,107.79,107.44,106.85,106.09,105.15,104.1,103.1,102.1,101.11,100.17,99.232,98.352,97.532,96.711,95.832,95.011,94.132,93.253,92.374,91.436,90.498,89.619,88.857,88.154,87.568,87.099,86.747,86.513,86.22,85.985,86.102,87.275,90.615,97.063,106.97,119.51,132.99,146.12,157.9,167.75,175.08,179.77,182.05,182.4,181.47,179.59,177.3,174.84,172.56,170.45,168.51,166.75,165.11,163.59,162.01,160.25,158.2,155.62,152.28,148.23,143.25,137.62,131.59,125.72,120.51,116.17,112.89,110.43,108.84,107.91,107.55,107.55,107.73,107.91,108.14,108.2,107.96,107.67,107.09,106.44,105.56,104.62,103.57,102.57,101.58,100.64,99.759,98.821,97.883,96.946,96.008,95.07,94.074,93.077,92.022,91.084,90.147,89.385,88.564,87.919,87.45,87.04,86.806,86.571,86.278,86.22,86.806,88.857,93.37,101.17,111.95,124.61,137.68,149.99,160.72,169.22,175.25,178.77,180.12,179.94,178.59,176.66,174.43,172.2,170.04,168.04,166.23,164.64,163,161.36,159.6,157.49,154.86,151.63,147.59,142.72,137.21,131.23,125.37,120.04,115.58,112.19,109.61,107.85,106.85,106.38,106.32,106.44,106.62,106.79,106.85,106.79,106.5,105.91,105.21,104.39,103.33,102.34,101.28,100.29,99.29,98.352,97.415,96.477,95.598,94.66,93.663,92.726,91.729,90.733,89.736,88.74,87.919,87.099,86.513,85.985,85.633,85.34,85.106,84.871,84.52,84.637,85.458,88.095,93.488,102.22,113.83,126.78,139.79,151.63,161.54,169.04,173.9,176.37,176.89,175.84,173.9,171.44,168.81,166.23,163.88,161.71,159.78,158.02,156.32,154.5,152.51,150.05,147.06,143.25,138.62,133.29,127.54,121.86,116.7,112.3,108.9,106.5,104.86,103.98,103.74,103.86,104.16,104.62,104.98,105.15,105.15,104.92,104.45,103.74,102.87,101.87,100.81,99.759,98.587,97.532,96.535,95.598,94.718,93.839,93.077,92.198,91.377,90.44,89.56,88.681,87.802,87.04,86.278,85.633,85.047,84.52,84.168,83.934,83.758,83.465,83.172,83.113,83.699,85.809,90.557,98.587,109.66,122.62,135.86,148.17,158.49,166.34,171.74,174.61,175.43,174.61,172.73,170.33,167.69,165.05,162.53,160.36,158.43,156.67,154.97,153.33,151.46,149.17,146.36,142.72,138.33,133.17,127.6,122.09,117.11,112.89,109.55,107.03,105.39,104.45,104.04,104.1,104.45,104.86,105.21,105.5,105.56,105.44,105.03,104.51,103.74,102.81,101.81,100.7,99.583,98.528,97.473,96.535,95.656,94.836,94.074,93.253,92.432,91.671,90.85,90.029,89.209,88.447,87.743,87.04,86.513,85.985,85.692,85.399,85.223,84.989,84.754,84.696,85.399,88.037,93.605,102.75,114.88,128.42,141.84,154.09,164.29,172.03,177.19,179.82,180.41,179.53,177.71,175.43,172.97,170.68,168.51,166.58,164.76,163.06,161.48,159.84,158.14,156.03,153.51,150.22,146.18,141.37,135.86,130.24,124.73,119.86,115.76,112.54,110.19,108.61,107.73,107.38,107.26,107.38,107.5,107.61,107.55,107.44,107.03,106.5,105.74,104.8,103.8,102.81,101.75,100.7,99.7,98.763,97.942,97.122,96.301,95.422,94.601,93.781,92.901,92.022,91.202,90.264,89.385,88.564,87.802,87.216,86.747,86.395,86.161,85.868,85.633,85.458,85.985,87.978,92.667,100.81,112.19,125.37,138.8,151.28,162.12,170.68,176.72,180.23,181.7,181.58,180.23,178.3,176.07,173.79,171.74,169.86,168.16,166.64,165.11,163.71,162.18,160.48,158.43,155.79,152.51,148.35,143.37,137.74,131.7,125.72,120.45,116.05,112.6,110.13,108.43,107.44,106.97,106.85,106.97,107.2,107.32,107.32,107.2,106.79,106.32,105.62,104.74,103.8,102.81,101.75,100.7,99.7,98.763,97.883,97.004,96.125,95.305,94.484,93.546,92.608,91.671,90.733,89.795,88.916,88.095,87.45,86.806,86.278,85.985,85.751,85.458,85.223,85.164,85.751,87.802,92.491,100.46,111.77,125.08,138.74,151.51,162.42,171.09,177.13,180.53,181.82,181.29,179.77,177.48,175.08,172.61,170.39,168.39,166.58,165,163.41,161.95,160.31,158.43,156.2,153.39,149.81,145.36,140.14,134.28,128.24,122.56,117.58,113.53,110.49,108.32,106.91,106.15,105.91,105.97,106.27,106.5,106.68,106.68,106.5,106.09,105.56,104.8,103.86,102.87,101.81,100.7,99.525,98.47,97.473,96.535,95.715,95.011,94.249,93.546,92.726,91.905,91.026,90.088,89.209,88.271,87.509,86.747,86.044,85.458,85.106,84.871,84.696,84.461,84.227,84.285,85.164,87.802,93.312,102.16,114.06,127.37,140.61,152.75,163.06,170.97,176.37,179.24,180.06,179.3,177.42,175.02,172.32,169.68,167.28,165.11,163.12,161.3,159.54,157.79,155.85,153.68,151.05,147.76,143.6,138.74,133.23,127.48,121.91,117.05,113.01,109.84,107.67,106.15,105.39,105.03,104.98,105.15,105.39,105.56,105.56,105.44,105.03,104.51,103.74,102.87,101.81,100.7,99.466,98.294,97.122,96.008,94.836,93.839,92.96,92.198,91.495,90.85,90.264,89.678,88.974,88.271,87.626,86.864,86.102,85.399,84.813,84.168,83.699,83.23,82.937,82.644,82.41,82.234,82.058,82.234,83.347,86.571,92.901,102.87,115.53,129.18,142.25,153.74,163.12,169.98,174.26,176.19,176.31,175.08,173.08,170.5,167.87,165.17,162.77,160.48,158.43,156.55,154.74,152.86,150.75,148.23,145.13,141.2,136.57,131.29,125.78,120.45,115.7,111.72,108.67,106.44,104.98,104.16,103.86,103.86,104.1,104.39,104.57,104.68,104.57,104.21,103.74,103.04,102.16,101.22,100.23,99.173,98.059,96.887,95.715,94.66,93.663,92.726,91.905,91.26,90.615,89.971,89.443,88.857,88.271,87.685,87.099,86.513,85.868,85.164,84.637,84.109,83.699,83.347,83.054,82.879,82.644,82.41,82.351,82.937,85.106,89.971,98.352,109.9,123.2,136.57,148.76,159.02,166.81,172.03,174.84,175.6,174.78,172.97,170.62,168.04,165.46,163.06,160.95,158.9,157.14,155.44,153.68,151.81,149.58,146.83,143.37,139.09,134.16,128.77,123.5,118.69,114.47,111.19,108.61,106.79,105.62,105.03,104.8,104.86,105.03,105.21,105.39,105.33,105.09,104.74,104.1,103.33,102.51,101.46,100.4,99.29,98.177,97.063,96.008,95.011,94.074,93.253,92.491,91.788,91.202,90.557,89.912,89.209,88.564,87.861,87.099,86.337,85.692,84.989,84.403,83.934,83.582,83.347,83.23,82.996,82.761,82.879,83.875,86.923,93.136,102.87,115.35,129.07,142.25,153.98,163.71,170.97,175.66,178.07,178.53,177.71,175.96,173.73,171.33,168.92,166.75,164.7,162.89,161.07,159.31,157.49,155.62,153.45,150.75,147.47,143.48,138.68,133.23,127.54,121.97,117.05,113.01,109.78,107.55,106.09,105.33,104.98,105.03,105.33,105.56,105.74,105.74,105.62,105.33,104.74,104.04,103.16,102.22,101.17,100.05,98.997,97.883,96.77,95.773,94.894,94.132,93.37,92.608,91.905,91.202,90.498,89.736,88.974,88.154,87.333,86.571,85.809,85.106,84.52,84.109,83.875,83.582,83.406,83.172,83.172,83.816,85.985,90.791,98.997,110.37,123.5,136.74,148.88,159.25,167.28,172.85,175.96,177.07,176.6,175.14,172.97,170.62,168.28,166.05,164,162.18,160.42,158.78,157.14,155.38,153.33,150.75,147.7,143.78,139.09,133.81,128.13,122.5,117.46,113.3,110.07,107.55,105.91,104.92,104.51,104.39,104.57,104.74,104.92,104.98,104.86,104.62,104.1,103.45,102.63,101.69,100.7,99.583,98.47,97.415,96.36,95.363,94.425,93.605,92.843,92.139,91.377,90.557,89.736,88.916,88.037,87.157,86.337,85.575,84.813,84.109,83.582,83.172,82.879,82.644,82.41,82.234,82.234,82.879,84.989,89.678,97.708,108.96,121.97,135.22,147.47,157.9,166.05,171.62,174.61,175.55,174.9,173.14,170.68,167.93,165.17,162.53,160.25,158.2,156.32,154.56,152.8,150.87,148.7,146.06,142.72,138.68,133.81,128.36,122.79,117.46,112.89,109.2,106.38,104.39,103.1,102.57,102.34,102.57,102.87,103.16,103.45,103.51,103.33,102.98,102.34,101.63,100.7,99.7,98.587,97.473,96.36,95.305,94.249,93.312,92.432,91.612,90.909,90.264,89.502,88.74,87.919,87.157,86.395,85.692,84.93,84.168,83.465,82.996,82.527,82.234,81.999,81.706,81.472,81.179,81.12,81.648,83.582,88.037,95.715,106.56,119.45,132.64,144.72,154.97,162.89,168.16,171.09,171.91,171.21,169.39,166.87,164.12,161.42,158.84,156.5,154.39,152.51,150.69,148.82,146.83,144.42,141.55,137.86,133.46,128.48,123.26,118.16,113.65,109.9,106.97,104.74,103.22,102.4,102.05,102.1,102.34,102.69,102.98,103.1,103.1,102.98,102.63,102.05,101.28,100.4,99.466,98.411,97.356,96.301,95.305,94.367,93.488,92.726,91.964,91.26,90.557,89.795,89.092,88.447,87.685,86.981,86.278,85.692,85.047,84.52,84.109,83.758,83.465,83.347,83.172,82.996,82.996,83.758,86.161,91.495,100.23,112.01,125.43,138.8,150.87,160.95,168.57,173.61,176.25,176.78,175.96,174.08,171.68,169.1,166.64,164.29,162.24,160.36,158.61,156.91,155.21,153.16,150.87,148,144.48,140.2,135.1,129.65,124.26,119.22,114.94,111.36,108.73,106.91,105.8,105.15,104.98,105.03,105.33,105.5,105.62,105.62,105.44,104.98,104.39,103.63,102.75,101.81,100.76,99.7,98.645,97.649,96.711,95.832,95.011,94.249,93.429,92.667,91.846,91.084,90.381,89.56,88.681,87.861,87.099,86.395,85.751,85.164,84.813,84.52,84.285,83.992,83.699,83.875,85.106,88.623,95.422,105.85,118.87,132.76,145.89,157.43,166.87,173.73,178.01,179.88,179.94,178.65,176.6,174.14,171.56,169.16,167.11,165.23,163.41,161.83,160.25,158.61,156.79,154.62,151.98,148.82,144.77,139.97,134.4,128.66,123.2,118.28,114.24,111.07,108.73,107.26,106.38,105.91,105.8,105.91,106.09,106.15,106.09,105.85,105.56,105.03,104.39,103.45,102.51,101.58,100.52,99.525,98.528,97.649,96.77,96.008,95.187,94.367,93.546,92.667,91.788,90.85,89.912,88.974,88.095,87.216,86.513,85.868,85.34,84.989,84.813,84.637,84.344,84.227,84.754,86.806,91.436,99.349,110.43,123.44,136.8,149.23,160.01,168.39,174.2,177.54,178.83,178.36,176.72,174.43,171.97,169.57,167.22,165.11,163.18,161.42,159.78,158.14,156.26,154.03,151.46,148.23,144.36,139.67,134.28,128.6,122.97,117.93,113.65,110.43,107.96,106.38,105.39,104.92,104.92,105.09,105.39,105.62,105.68,105.68,105.39,104.86,104.16,103.45,102.51,101.46,100.35,99.349,98.411,97.473,96.594,95.715,94.894,94.191,93.429,92.55,91.612,90.674,89.795,88.798,87.861,86.923,86.161,85.458,84.989,84.637,84.344,84.109,83.875,83.758,83.992,85.399,88.916,95.48,105.44,117.81,130.94,143.37,154.39,163.3,169.92,174.08,175.96,176.07,174.9,172.97,170.68,168.16,165.76,163.41,161.3,159.25,157.32,155.38,153.33,150.99,148.23,144.89,140.67,135.86,130.41,124.79,119.34,114.53,110.54,107.55,105.44,104.04,103.28,103.1,103.22,103.57,103.86,104.16,104.27,104.21,103.92,103.45,102.75,101.87,100.81,99.759,98.645,97.59,96.594,95.656,94.777,94.015,93.136,92.315,91.495,90.674,89.795,88.916,87.978,87.04,86.161,85.34,84.696,84.109,83.582,83.289,83.054,82.879,82.586,82.41,82.351,82.937,84.93,89.385,97.122,107.96,120.68,133.7,145.65,155.79,163.53,168.81,171.62,172.44,171.62,169.74,167.22,164.47,161.65,159.02,156.55,154.33,152.16,150.11,147.94,145.54,142.72,139.26,135.04,130.24,124.9,119.63,114.59,110.37,106.97,104.51,102.75,101.81,101.4,101.46,101.87,102.28,102.81,103.16,103.33,103.28,102.98,102.57,101.87,101.05,100.11,99.114,98.059,97.004,96.008,95.129,94.191,93.312,92.491,91.671,90.85,89.971,89.15,88.271,87.45,86.63,85.868,85.164,84.52,84.051,83.582,83.289,83.054,82.879,82.644,82.468,82.586,83.699,86.747,92.784,102.22,114.18,127.25,139.79,150.99,160.13,166.75,170.86,172.73,172.79,171.5,169.39,166.75,164,161.3,158.72,156.5,154.44,152.57,150.64,148.47,146.06,143.13,139.56,135.22,130.3,125.2,120.1,115.58,111.83,108.84,106.68,105.09,104.21,103.86,103.92,104.16,104.51,104.74,104.86,104.86,104.62,104.16,103.57,102.81,101.93,100.99,99.994,99.056,98.118,97.239,96.36,95.598,94.836,94.132,93.312,92.432,91.495,90.557,89.619,88.681,87.802,86.981,86.161,85.458,84.989,84.637,84.285,84.051,83.875,83.758,84.051,85.458,89.385,96.594,107.32,120.16,133.7,146.36,157.43,166.17,172.32,175.96,177.42,177.19,175.66,173.49,171.03,168.57,166.11,163.88,161.89,160.01,158.14,156.2,154.09,151.87,149.17,145.83,141.67,136.8,131.47,125.78,120.39,115.47,111.48,108.49,106.38,104.92,104.16,104.04,104.16,104.45,104.74,104.98,105.15,105.15,104.86,104.39,103.69,102.81,101.87,100.81,99.818,98.88,97.942,96.946,96.066,95.246,94.367,93.429,92.432,91.436,90.44,89.443,88.447,87.509,86.688,85.985,85.34,84.871,84.461,84.227,83.992,83.699,83.406,83.523,84.637,87.568,93.312,102.4,114.24,127.37,140.2,151.63,161.13,168.1,172.61,174.67,174.84,173.67,171.62,168.98,166.23,163.53,161.13,158.84,156.73,154.74,152.86,150.87,148.7,145.95,142.66,138.74,134.05,128.89,123.44,118.28,113.83,110.13,107.32,105.21,103.98,103.33,103.22,103.33,103.69,104.1,104.39,104.51,104.45,104.21,103.8,103.16,102.4,101.63,100.76,99.935,99.056,98.177,97.356,96.477,95.48,94.425,93.37,92.198,90.967,89.795,88.798,87.861,87.04,86.571,86.63,87.568,89.795,93.898,100.35,108.9,118.93,129.3,139.21,147.82,154.68,159.66,162.65,164,163.94,162.83,160.95,158.67,156.2,153.57,150.81,148,144.89,141.32,137.15,132.35,127.13,121.68,116.29,111.48,107.5,104.27,101.93,100.35,99.407,99.173,99.29,99.818,100.46,101.17,101.69,102.05,102.22,102.22,101.99,101.58,100.93,100.17,99.232,98.235,97.18,96.125,95.011,93.839,92.667,91.553,90.498,89.443,88.447,87.568,86.806,86.102,85.575,85.164,84.93,84.754,84.52,84.403,84.227,83.992,83.699,83.347,82.937,82.41,81.882,81.296,80.769,80.417,80.124,79.831,79.655,79.538,79.714,81.179,85.399,93.839,106.73,122.44,138.38,152.92,165.17,174.72,181.17,184.63,185.63,184.75,182.81,180.18,177.36,174.67,172.26,170.09,168.28,166.75,165.23,163.76,162.12,160.25,158.14,155.38,151.98,147.82,142.78,137.21,131.41,125.78,120.86,116.76,113.47,111.13,109.49,108.61,108.2,107.96,108.02,108.2,108.2,108.02,107.73,107.32,106.62,105.85,104.92,103.92,102.92,101.93,100.99,100.05,99.173,98.352,97.59,96.77,96.008,95.129,94.191,93.253,92.315,91.319,90.381,89.502,88.623,87.919,87.275,86.864,86.513,86.22,85.985,85.751,85.692,86.22,88.388,92.843,100.4,110.78,122.91,135.22,146.65,156.55,164.47,170.15,173.61,175.19,175.25,174.31,172.67,170.74,168.75,166.75,164.88,163,161.19,159.43,157.55,155.5,153.16,150.4,147.06,142.9,137.97,132.52,126.78,121.33,116.41,112.42,109.37,107.09,105.62,104.86,104.62,104.74,105.03,105.39,105.68,105.8,105.74,105.5,105.09,104.45,103.63,102.69,101.75,100.76,99.759,98.763,97.883,97.004,96.125,95.187,94.249,93.253,92.198,91.084,89.971,88.974,88.037,87.099,86.337,85.751,85.282,84.93,84.696,84.461,84.168,84.051,84.461,86.337,90.733,98.587,109.84,123.2,136.86,149.64,160.54,169.16,175.19,178.48,179.59,179.12,177.48,175.19,172.56,169.98,167.63,165.41,163.41,161.65,160.01,158.31,156.55,154.62,152.22,149.35,145.71,141.32,136.1,130.41,124.73,119.51,115.06,111.42,108.73,106.85,105.74,105.15,104.98,105.09,105.44,105.68,105.8,105.74,105.5,105.09,104.45,103.57,102.63,101.58,100.46,99.407,98.352,97.415,96.477,95.598,94.718,93.898,93.077,92.139,91.26,90.322,89.443,88.564,87.743,86.981,86.278,85.692,85.164,84.871,84.52,84.227,83.992,83.699,83.582,84.168,86.102,90.615,98.294,108.9,121.45,134.22,146.12,156.32,164.23,169.68,172.73,173.79,173.2,171.56,169.22,166.69,164,161.48,159.19,157.08,155.21,153.33,151.46,149.4,147.06,144.13,140.44,135.98,130.94,125.49,120.16,115.35,111.36,108.2,105.85,104.27,103.51,103.22,103.33,103.74,104.16,104.62,104.86,104.92,104.8,104.51,103.92,103.16,102.22,101.22,100.17,98.997,97.883,96.711,95.715,94.777,93.898,93.136,92.374,91.671,90.909,90.147,89.502,88.798,88.037,87.333,86.747,86.161,85.633,85.106,84.813,84.52,84.285,83.992,83.758,83.758,84.52,87.333,93.312,102.92,115.47,129.53,143.31,155.68,165.82,173.32,178.01,180.29,180.64,179.47,177.42,174.9,172.38,169.92,167.69,165.7,163.94,162.3,160.72,159.25,157.55,155.68,153.33,150.22,146.36,141.73,136.27,130.47,124.79,119.75,115.53,112.19,109.72,108.02,107.09,106.73,106.68,106.79,107.09,107.38,107.44,107.32,106.97,106.5,105.85,105.03,104.1,103.1,102.1,100.99,99.876,98.88,97.942,97.063,96.184,95.363,94.543,93.781,92.96,92.198,91.377,90.615,89.854,89.033,88.271,87.626,86.981,86.513,86.102,85.868,85.692,85.399,85.164,85.399,86.923,90.733,97.825,108.32,121.15,134.87,147.88,159.19,168.39,175.02,179.06,180.88,180.94,179.88,178.12,175.96,173.73,171.62,169.74,168.04,166.4,165,163.59,162.24,160.66,158.72,156.44,153.51,149.7,145.01,139.56,133.7,127.78,122.44,117.75,114.06,111.31,109.43,108.2,107.55,107.38,107.5,107.73,107.85,107.91,107.85,107.61,107.2,106.5,105.74,104.92,103.92,102.81,101.69,100.52,99.466,98.47,97.473,96.653,95.949,95.187,94.425,93.605,92.843,92.139,91.319,90.381,89.56,88.798,88.037,87.333,86.806,86.337,86.044,85.868,85.575,85.282,85.34,86.278,88.974,94.601,103.8,115.94,129.48,142.78,154.97,165.35,173.44,178.83,181.76,182.75,182.29,180.94,178.95,176.66,174.43,172.38,170.5,168.75,167.11,165.64,164.17,162.59,160.78,158.61,155.97,152.69,148.41,143.31,137.56,131.53,125.67,120.39,116.05,112.77,110.43,108.79,107.79,107.38,107.38,107.55,107.73,107.85,107.91,107.85,107.55,106.97,106.32,105.44,104.51,103.45,102.22,101.05,99.876,98.821,97.708,96.711,95.832,95.129,94.367,93.605,92.784,92.139,91.377,90.615,89.736,88.857,87.978,87.216,86.513,85.868,85.282,84.93,84.696,84.344,84.051,83.816,83.992,85.164,88.505,94.894,104.74,117.05,130.36,143.31,154.86,164.35,171.44,175.84,178.01,178.36,177.36,175.49,173.14,170.68,168.39,166.17,164.17,162.3,160.54,158.9,157.26,155.44,153.33,150.69,147.35,143.37,138.56,133.05,127.31,121.68,116.7,112.54,109.37,107.03,105.56,104.74,104.51,104.57,104.8,105.09,105.39,105.5,105.44,105.09,104.62,103.92,103.04,102.05,100.99,99.818,98.587,97.415,96.301,95.246,94.249,93.37,92.608,91.905,91.26,90.557,89.854,89.15,88.564,87.861,87.157,86.513,85.809,85.164,84.637,84.168,83.816,83.523,83.347,83.113,82.879,82.644,83.113,84.93,89.15,96.77,107.73,120.8,134.28,146.88,157.67,166.05,171.85,175.19,176.37,175.84,174.26,171.85,169.22,166.64,164.17,161.95,159.95,158.2,156.55,154.91,153.16,151.22,148.76,145.59,141.67,136.92,131.53,125.9,120.45,115.53,111.54,108.43,106.15,104.74,103.98,103.8,103.92,104.27,104.74,105.09,105.39,105.39,105.09,104.62,103.92,103.1,102.16,101.11,99.935,98.763,97.532,96.418,95.363,94.425,93.605,92.784,92.139,91.436,90.733,90.088,89.502,88.798,88.154,87.509,86.806,86.161,85.633,85.106,84.754,84.461,84.227,84.051,83.816,83.523,83.582,84.637,87.568,93.546,102.92,115.06,128.48,141.61,153.39,163,170.33,175.08,177.48,178.01,177.13,175.43,173.2,170.8,168.45,166.23,164.29,162.59,161.07,159.54,158.08,156.44,154.56,152.04,148.94,144.95,140.14,134.69,129.01,123.44,118.57,114.41,111.31,108.96,107.44,106.56,106.15,106.15,106.38,106.62,106.79,106.85,106.79,106.5,105.97,105.33,104.51,103.57,102.57,101.46,100.4,99.349,98.294,97.297,96.36,95.539,94.777,94.074,93.312,92.55,91.788,90.967,90.147,89.385,88.564,87.802,87.099,86.513,85.985,85.633,85.34,85.106,84.871,84.696,84.93,86.22,89.854,96.711,107.2,120.04,133.81,146.88,158.37,167.69,174.43,178.65,180.76,181.11,180.29,178.77,176.66,174.55,172.5,170.62,168.86,167.22,165.76,164.23,162.77,161.13,159.19,156.85,153.98,150.22,145.71,140.38,134.52,128.54,122.97,118.16,114.35,111.42,109.31,107.85,107.09,106.79,106.79,106.97,107.09,107.09,107.03,106.79,106.38,105.8,105.03,104.16,103.22,102.16,101.11,100.11,99.114,98.177,97.297,96.418,95.598,94.718,93.898,93.136,92.257,91.319,90.44,89.502,88.623,87.861,87.099,86.63,86.161,85.868,85.633,85.34,85.047,84.871,85.223,86.864,90.674,97.649,107.91,120.45,133.7,146.3,157.49,166.58,173.2,177.36,179.3,179.47,178.48,176.66,174.49,172.26,170.04,167.98,166.11,164.41,162.89,161.36,159.78,158.14,156.03,153.51,150.22,146.24,141.37,135.81,129.94,124.2,119.04,114.76,111.42,109.08,107.44,106.5,106.03,106.03,106.15,106.44,106.62,106.68,106.56,106.27,105.74,105.03,104.21,103.28,102.28,101.22,100.23,99.173,98.235,97.297,96.418,95.656,94.836,94.132,93.312,92.432,91.553,90.615,89.678,88.798,87.978,87.157,86.571,85.985,85.633,85.34,85.164,84.93,84.754,84.813,85.692,88.212,93.722,102.69,114.41,127.54,140.61,152.51,162.53,170.33,175.55,178.48,179.36,178.89,177.3,175.25,172.91,170.62,168.51,166.58,164.82,163.18,161.48,159.78,158.02,155.85,153.39,150.22,146.3,141.61,136.22,130.41,124.73,119.51,115.12,111.6,109.08,107.32,106.27,105.74,105.62,105.74,105.91,106.09,106.15,106.03,105.8,105.39,104.74,103.92,102.98,101.93,100.87,99.759,98.645,97.649,96.711,95.832,95.07,94.249,93.37,92.55,91.671,90.791,89.912,88.974,88.095,87.275,86.513,85.868,85.282,84.871,84.461,84.227,83.992,83.758,83.465,83.699,84.754,87.743,93.605,102.87,114.76,127.78,140.5,151.87,161.24,168.16,172.56,174.67,174.84,173.79,171.85,169.45,166.93,164.47,162.24,160.19,158.31,156.55,154.86,153.1,151.1,148.76,145.71,142.02,137.45,132.17,126.6,121.15,116.23,112.19,108.84,106.5,104.86,103.98,103.63,103.69,103.86,104.16,104.45,104.57,104.57,104.27,103.86,103.16,102.34,101.4,100.35,99.29,98.235,97.18,96.184,95.246,94.425,93.605,92.784,91.905,91.084,90.264,89.385,88.564,87.743,86.923,86.22,85.575,84.989,84.461,84.109,83.816,83.523,83.347,83.113,82.879,83.054,84.168,87.333,93.488,102.92,115.06,128.3,141.32,152.8,162.18,169.04,173.32,175.37,175.49,174.26,172.2,169.68,167.05,164.47,162.12,159.95,158.02,156.26,154.5,152.75,150.75,148.29,145.24,141.37,136.74,131.47,126.02,120.68,116.05,112.19,109.2,107.03,105.68,104.92,104.68,104.8,105.09,105.5,105.74,105.91,105.85,105.68,105.21,104.62,103.8,102.87,101.81,100.76,99.759,98.763,97.708,96.887,96.008,95.187,94.367,93.488,92.667,91.846,90.967,90.088,89.326,88.447,87.685,86.981,86.337,85.868,85.575,85.223,85.047,84.754,84.52,84.696,85.809,88.974,95.305,104.98,117.28,130.59,143.48,154.97,164.41,171.5,176.01,178.24,178.77,177.95,176.25,174.14,171.85,169.68,167.63,165.76,164.06,162.42,160.78,159.13,157.26,154.97,152.28,148.94,144.72,139.79,134.16,128.36,122.85,117.99,114,110.9,108.73,107.32,106.56,106.27,106.32,106.56,106.79,106.97,106.97,106.85,106.5,105.91,105.21,104.39,103.45,102.4,101.46,100.52,99.583,98.645,97.708,96.887,95.949,95.07,94.191,93.37,92.55,91.671,90.85,89.971,89.092,88.271,87.626,87.216,87.04,86.806,86.278,85.751,85.399,85.809,87.685,92.198,99.994,111.07,124.2,137.74,150.52,161.54,170.27,176.31,179.82,181.11,180.7,179.12,176.78,174.26,171.62,169.33,167.16,165.29,163.71,162.18,160.66,159.19,157.38,155.21,152.45,148.99,144.66,139.5,133.81,128.01,122.5,117.75,113.94,111.07,108.96,107.67,106.97,106.73,106.73,106.97,107.2,107.32,107.32,107.03,106.68,106.03,105.33,104.51,103.57,102.63,101.69,100.81,99.876,98.939,98.001,97.063,96.066,95.07,94.015,92.901,91.788,90.733,89.736,88.798,88.037,87.45,86.864,86.571,86.22,86.044,85.868,85.809,86.395,88.447,92.96,100.81,111.6,124.38,137.51,149.7,160.19,168.51,174.37,177.89,179.3,179.12,177.89,175.96,173.67,171.38,169.1,167.05,165.11,163.3,161.54,159.72,157.84,155.68,153.04,149.81,145.83,140.96,135.51,129.53,123.61,118.22,113.71,110.31,107.79,106.09,105.15,104.8,104.86,105.15,105.56,105.85,106.03,105.97,105.8,105.33,104.68,103.8,102.92,101.93,100.93,99.935,98.939,98.001,97.063,96.066,95.07,94.074,92.901,91.846,90.791,89.736,88.74,87.861,87.099,86.395,85.985,85.575,85.282,85.047,84.813,84.52,84.461,85.106,87.157,91.788,99.7,110.6,123.44,136.51,148.64,158.84,166.69,171.97,174.9,175.78,175.19,173.55,171.33,168.75,166.23,163.88,161.65,159.72,158.02,156.26,154.44,152.51,150.11,147.18,143.54,139.09,133.93,128.3,122.74,117.64,113.3,109.84,107.38,105.68,104.68,104.27,104.39,104.62,104.98,105.39,105.56,105.56,105.44,104.98,104.45,103.69,102.81,101.87,100.93,99.994,99.056,98.118,97.18,96.242,95.305,94.308,93.312,92.315,91.319,90.322,89.385,88.505,87.685,86.923,86.278,85.809,85.34,85.047,84.813,84.403,84.227,84.403,85.868,89.443,96.125,106.09,118.4,131.47,143.95,154.74,163.35,169.57,173.26,174.78,174.61,173.26,171.09,168.63,166.05,163.53,161.24,159.19,157.32,155.62,153.86,151.98,149.81,147.12,143.72,139.62,134.69,129.3,123.73,118.57,114.12,110.54,107.85,105.97,104.92,104.45,104.45,104.74,105.09,105.5,105.8,105.85,105.8,105.5,104.92,104.21,103.45,102.51,101.46,100.4,99.407,98.411,97.473,96.535,95.656,94.777,93.898,92.96,92.022,91.084,90.147,89.326,88.564,87.802,87.157,86.688,86.278,86.044,85.809,85.458,85.223,85.164,85.985,88.681,94.425,103.74,115.94,129.42,142.78,154.8,164.76,172.26,177.07,179.47,179.94,179,177.07,174.67,172.26,169.8,167.63,165.64,163.82,162.18,160.6,158.9,157.08,154.86,152.1,148.64,144.3,139.26,133.58,127.72,122.15,117.34,113.42,110.49,108.43,107.2,106.56,106.44,106.62,106.91,107.32,107.55,107.61,107.5,107.2,106.62,105.85,104.98,104.04,103.1,102.16,101.22,100.35,99.407,98.528,97.59,96.711,95.715,94.718,93.722,92.726,91.788,90.909,90.088,89.385,88.74,88.212,87.861,87.626,87.333,87.099,86.923,87.216,88.857,92.901,100.23,110.84,123.67,137.1,149.76,160.66,169.45,175.6,179.3,180.88,180.82,179.59,177.71,175.55,173.26,171.09,169.16,167.34,165.76,164.12,162.53,160.78,158.72,156.32,153.21,149.46,145.07,139.79,134.11,128.3,122.91,118.22,114.59,111.83,110.02,108.84,108.32,108.26,108.43,108.67,108.9,109.08,108.96,108.67,108.26,107.55,106.68,105.74,104.68,103.57,102.57,101.63,100.76,99.818,98.88,97.942,97.004,96.066,95.129,94.191,93.312,92.374,91.436,90.557,89.795,89.033,88.505,88.095,87.861,87.568,87.157,87.04,87.568,89.736,94.66,103.1,114.65,128.01,141.55,154.09,165,173.44,179.24,182.4,183.58,183.05,181.47,179.3,176.89,174.43,172.2,170.09,168.22,166.4,164.76,163.06,161.19,159.08,156.44,153.21,149.17,144.36,138.74,132.82,126.84,121.56,117.11,113.65,111.13,109.37,108.38,107.85,107.85,107.96,108.26,108.38,108.38,108.2,107.85,107.32,106.62,105.74,104.8,103.8,102.87,101.87,100.99,100.05,99.232,98.352,97.473,96.594,95.656,94.66,93.605,92.55,91.553,90.615,89.678,88.857,88.154,87.626,87.216,86.923,86.688,86.395,86.22,86.688,88.623,92.96,100.64,111.31,123.85,136.92,149.11,159.78,168.28,174.37,178.01,179.47,179.24,177.83,175.66,173.14,170.45,167.87,165.46,163.3,161.3,159.31,157.32,155.09,152.57,149.4,145.65,141.14,135.86,130.12,124.26,118.81,114.24,110.6,107.96,106.15,105.15,104.74,104.68,104.98,105.44,105.74,105.91,105.97,105.8,105.44,104.74,103.86,102.87,101.87,100.7,99.466,98.352,97.239,96.242,95.305,94.425,93.663,92.901,92.139,91.319,90.498,89.619,88.74,87.861,87.04,86.22,85.633,84.989,84.403,84.051,83.816,83.582,83.347,83.172,83.172,83.816,86.044,90.909,99.349,111.01,124.38,137.8,150.05,160.31,167.98,173.08,175.55,176.07,174.9,172.79,170.09,167.22,164.41,161.83,159.37,157.2,155.09,153.1,151.05,148.7,145.95,142.49,138.27,133.34,128.01,122.5,117.4,113.01,109.55,106.85,105.03,103.92,103.51,103.51,103.74,104.16,104.57,104.86,104.98,104.86,104.51,103.98,103.22,102.28,101.22,100.11,98.939,97.708,96.535,95.48,94.543,93.605,92.784,92.022,91.377,90.674,89.971,89.209,88.505,87.802,87.04,86.278,85.633,84.989,84.403,83.934,83.523,83.289,83.113,82.879,82.586,82.41,82.761,84.227,87.978,94.894,105.21,117.81,131.18,143.95,154.97,163.71,169.68,173.14,174.31,173.67,171.85,169.33,166.52,163.59,160.89,158.43,156.26,154.39,152.63,150.81,148.88,146.53,143.54,139.85,135.34,130.24,124.79,119.51,114.82,111.01,108.02,105.91,104.62,103.92,103.74,103.98,104.45,104.86,105.33,105.56,105.62,105.39,104.92,104.39,103.57,102.57,101.58,100.46,99.407,98.235,97.18,96.184,95.305,94.425,93.605,92.843,92.198,91.436,90.674,89.912,89.209,88.505,87.743,87.04,86.337,85.751,85.164,84.754,84.461,84.285,84.109,83.875,83.758,84.285,86.571,91.612,100.4,112.48,126.25,139.91,152.28,162.77,170.68,175.96,178.65,179.36,178.59,176.78,174.43,171.85,169.39,166.99,164.76,162.77,160.95,159.19,157.38,155.44,153.21,150.64,147.29,143.19,138.38,132.99,127.37,122.03,117.28,113.47,110.6,108.49,107.03,106.32,106.03,106.03,106.27,106.44,106.62,106.62,106.44,105.97,105.39,104.62,103.69,102.69,101.58,100.46,99.407,98.294,97.297,96.418,95.598,94.777,94.015,93.194,92.432,91.612,90.733,89.912,89.033,88.212,87.45,86.63,85.985,85.399,85.047,84.696,84.403,84.227,84.051,84.109,85.047,87.978,93.898,103.28,115.41,128.71,141.84,153.57,163.24,170.56,175.37,177.89,178.42,177.54,175.78,173.61,171.21,168.81,166.58,164.47,162.65,160.95,159.19,157.43,155.5,153.39,150.69,147.41,143.43,138.62,133.05,127.25,121.62,116.52,112.42,109.25,106.91,105.5,104.74,104.51,104.57,104.92,105.21,105.56,105.62,105.5,105.21,104.68,103.92,102.98,102.05,101.05,99.994,98.939,97.942,97.004,96.125,95.187,94.367,93.546,92.726,91.846,90.909,89.971,89.033,88.154,87.216,86.395,85.751,85.106,84.696,84.344,84.109,83.992,83.816,83.816,84.461,86.864,91.964,100.4,111.77,124.9,137.97,149.99,160.07,167.93,173.32,176.25,177.19,176.48,174.78,172.56,169.98,167.46,165,162.77,160.66,158.72,156.79,154.86,152.8,150.34,147.41,143.84,139.62,134.69,129.18,123.56,118.28,113.83,110.13,107.32,105.39,104.16,103.63,103.51,103.57,103.8,104.1,104.39,104.39,104.16,103.8,103.22,102.51,101.58,100.46,99.466,98.47,97.415,96.418,95.539,94.718,93.839,93.077,92.198,91.319,90.44,89.443,88.447,87.45,86.571,85.692,84.93,84.285,83.816,83.406,83.172,82.937,82.644,82.468,82.41,82.996,85.106,89.736,97.59,108.55,121.33,134.28,146.24,156.26,164,169.33,172.26,173.08,172.32,170.45,167.87,165.11,162.24,159.6,157.2,154.97,152.98,150.99,148.94,146.77,144.19,140.96,137.04,132.41,127.25,121.86,116.76,112.3,108.67,105.85,103.92,102.69,102.05,101.87,101.93,102.22,102.57,102.81,102.87,102.81,102.57,102.05,101.34,100.46,99.525,98.47,97.415,96.301,95.246,94.308,93.429,92.608,91.788,91.026,90.264,89.443,88.623,87.802,86.981,86.102,85.282,84.637,83.992,83.406,82.937,82.527,82.292,82.058,81.706,81.472,81.296,81.53,82.996,86.747,93.781,104.16,116.87,130.12,142.61,153.33,161.65,167.52,170.92,172.2,171.74,170.09,167.75,165.05,162.3,159.6,157.2,154.97,152.92,151.05,149.11,147.06,144.66,141.61,137.92,133.46,128.54,123.32,118.16,113.59,109.84,106.91,104.8,103.33,102.57,102.28,102.4,102.75,103.1,103.51,103.74,103.8,103.63,103.28,102.75,102.05,101.17,100.29,99.29,98.294,97.297,96.36,95.422,94.601,93.781,93.077,92.257,91.377,90.557,89.736,88.857,87.978,87.157,86.337,85.692,84.989,84.403,84.051,83.758,83.523,83.347,83.113,83.054,83.699,85.926,90.909,99.407,111.01,124.2,137.45,149.4,159.43,167.11,172.32,175.14,175.96,175.25,173.55,171.27,168.75,166.11,163.59,161.36,159.31,157.32,155.38,153.45,151.28,148.88,145.95,142.25,137.92,132.93,127.54,122.27,117.34,113.24,110.02,107.55,105.85,104.92,104.57,104.51,104.74,105.03,105.33,105.5,105.44,105.21,104.8,104.16,103.28,102.34,101.4,100.4,99.349,98.411,97.473,96.535,95.656,94.836,94.074,93.253,92.315,91.377,90.44,89.502,88.564,87.685,86.864,86.161,85.575,85.106,84.813,84.52,84.344,84.051,83.934,84.344,86.102,90.264,97.708,108.55,121.45,134.69,147,157.79,166.4,172.61,176.31,177.89,177.83,176.54,174.43,171.91,169.33,166.81,164.41,162.24,160.31,158.37,156.5,154.5,152.28,149.7,146.47,142.55,137.8,132.41,126.66,120.98,115.88,111.6,108.38,105.97,104.45,103.63,103.28,103.45,103.74,104.1,104.51,104.68,104.68,104.45,103.98,103.28,102.4,101.4,100.35,99.349,98.294,97.297,96.36,95.48,94.543,93.605,92.608,91.671,90.674,89.678,88.681,87.685,86.747,85.926,85.106,84.461,84.051,83.699,83.406,83.23,83.054,82.82,82.644,83.113,84.813,88.916,96.184,106.56,119.04,132.11,144.36,154.8,163,168.69,171.85,172.91,172.26,170.45,167.93,165.05,162.18,159.49,157.08,154.86,152.8,150.93,149.05,147,144.6,141.67,138.03,133.7,128.54,123.09,117.81,113.06,109.14,105.97,103.74,102.28,101.58,101.28,101.4,101.81,102.22,102.63,102.81,102.87,102.75,102.34,101.75,100.87,99.935,98.939,97.825,96.594,95.48,94.484,93.546,92.667,91.788,90.967,90.147,89.326,88.505,87.626,86.806,85.985,85.223,84.461,83.875,83.347,82.879,82.468,82.234,81.999,81.648,81.355,81.179,81.472,83.054,86.806,93.839,104.27,117.05,130.53,143.19,153.98,162.47,168.39,171.68,172.79,172.2,170.45,167.87,165,162.18,159.54,157.14,154.91,152.98,151.22,149.58,147.7,145.48,142.78,139.5,135.28,130.36,125.08,119.69,114.76,110.54,107.2,104.74,103.04,102.05,101.69,101.75,102.1,102.63,103.04,103.45,103.69,103.74,103.51,103.04,102.4,101.58,100.52,99.407,98.352,97.297,96.242,95.246,94.308,93.488,92.608,91.729,90.85,90.029,89.326,88.564,87.743,87.04,86.395,85.809,85.223,84.813,84.461,84.285,84.051,83.758,83.406,83.289,83.816,85.926,90.733,98.997,110.31,123.32,136.51,148.64,158.9,166.93,172.44,175.55,176.54,176.07,174.43,172.15,169.57,166.99,164.64,162.36,160.36,158.55,156.79,155.09,153.33,151.22,148.76,145.54,141.55,136.92,131.76,126.43,121.45,116.93,113.3,110.49,108.38,106.91,106.09,105.8,105.8,105.85,105.97,106.03,106.03,105.85,105.5,104.92,104.27,103.57,102.63,101.63,100.7,99.759,98.88,97.942,97.122,96.301,95.48,94.543,93.605,92.667,91.788,90.85,89.912,88.974,88.154,87.45,86.806,86.278,85.926,85.692,85.399,85.106,84.93,85.223,86.806,90.674,97.942,108.73,121.86,135.57,148.41,159.72,168.81,175.31,179.12,180.76,180.7,179.47,177.54,175.19,172.85,170.74,168.86,167.11,165.58,164.12,162.65,161.19,159.43,157.43,154.97,151.98,148.11,143.43,137.97,132.17,126.37,121.04,116.52,113.06,110.43,108.61,107.44,106.79,106.62,106.68,106.79,106.91,106.97,106.91,106.68,106.15,105.5,104.68,103.74,102.81,101.81,100.81,99.935,98.997,98.059,97.18,96.301,95.48,94.543,93.546,92.608,91.612,90.674,89.678,88.681,87.919,87.216,86.688,86.22,85.926,85.751,85.458,85.223,85.223,86.161,88.916,94.484,103.33,115.06,128.19,141.2,153.1,163.18,171.03,176.48,179.41,180.23,179.53,177.95,175.66,173.2,170.68,168.45,166.4,164.53,162.89,161.24,159.66,158.08,156.14,153.74,150.75,147.06,142.49,137.1,131.23,125.43,120.04,115.47,111.77,109.14,107.32,106.27,105.74,105.68,105.8,106.09,106.38,106.5,106.5,106.27,105.74,105.09,104.27,103.45,102.4,101.4,100.4,99.407,98.47,97.59,96.711,95.949,95.129,94.249,93.37,92.432,91.377,90.381,89.443,88.564,87.685,86.923,86.278,85.868,85.575,85.282,85.047,84.871,84.813,85.282,87.216,91.612,99.349,110.31,123.09,136.22,148.41,159.08,167.52,173.49,177.01,178.42,178.24,176.95,174.84,172.44,169.98,167.69,165.46,163.47,161.6,159.72,157.9,155.97,153.86,151.28,148.11,144.25,139.62,134.22,128.48,122.79,117.58,113.12,109.66,107.2,105.5,104.51,104.04,104.04,104.27,104.68,104.98,105.09,105.09,104.92,104.51,103.86,102.98,102.05,100.99,99.818,98.645,97.532,96.535,95.598,94.718,93.898,93.136,92.257,91.436,90.615,89.736,88.857,87.978,87.099,86.337,85.692,85.047,84.52,84.109,83.816,83.582,83.347,83.113,82.879,83.054,84.344,87.802,94.249,103.98,116.17,129.18,141.67,152.57,161.3,167.63,171.5,173.14,172.97,171.56,169.39,166.75,164.12,161.48,159.19,157.08,155.09,153.39,151.63,149.7,147.47,144.77,141.37,137.15,132.29,126.84,121.45,116.35,112.01,108.55,105.91,104.1,102.98,102.4,102.34,102.63,102.98,103.33,103.63,103.74,103.63,103.22,102.69,101.99,101.11,100.05,98.997,97.825,96.594,95.422,94.425,93.429,92.55,91.671,90.909,90.147,89.443,88.681,87.919,87.216,86.571,85.868,85.164,84.52,83.992,83.523,83.172,82.879,82.586,82.351,82.117,81.941,81.882,82.586,84.989,90.029,98.47,109.9,122.97,136.1,148,157.9,165.58,170.68,173.49,174.31,173.61,171.85,169.57,166.99,164.41,162.01,159.78,157.84,156.03,154.39,152.69,150.87,148.7,145.95,142.43,138.09,133.11,127.66,122.38,117.46,113.42,110.19,107.73,106.09,105.15,104.74,104.74,104.98,105.33,105.62,105.85,105.85,105.68,105.21,104.62,103.86,102.98,101.99,100.93,99.876,98.821,97.825,96.887,96.066,95.246,94.484,93.722,92.96,92.257,91.436,90.557,89.678,88.857,88.037,87.275,86.571,85.926,85.399,85.106,84.871,84.696,84.403,84.227,84.344,85.575,88.798,95.246,105.15,117.75,131.35,144.54,156.14,165.58,172.38,176.66,178.77,179,178.01,176.19,174.02,171.68,169.45,167.46,165.64,164,162.47,161.01,159.43,157.61,155.5,152.86,149.58,145.42,140.5,134.99,129.18,123.61,118.63,114.53,111.36,109.14,107.61,106.79,106.5,106.5,106.68,106.85,107.03,107.03,106.91,106.62,106.09,105.5,104.68,103.74,102.69,101.63,100.52,99.466,98.47,97.532,96.653,95.832,95.129,94.308,93.488,92.608,91.729,90.85,89.971,89.092,88.271,87.568,86.923,86.395,86.044,85.751,85.575,85.282,85.047,85.106,86.22,89.326,95.363,104.92,117.11,130.47,143.43,155.03,164.82,172.26,177.13,179.71,180.35,179.77,178.18,176.13,173.85,171.62,169.63,167.75,166.05,164.47,163,161.42,159.78,157.84,155.44,152.39,148.53,143.84,138.44,132.47,126.55,121.04,116.35,112.71,110.02,108.14,106.97,106.44,106.32,106.5,106.73,106.97,107.09,107.03,106.79,106.38,105.74,104.92,103.98,102.98,101.87,100.81,99.7,98.587,97.59,96.711,95.832,95.07,94.367,93.605,92.843,92.139,91.319,90.44,89.56,88.681,87.802,87.04,86.395,85.868,85.399,85.164,84.989,84.813,84.637,84.637,85.34,87.685,92.667,101.05,112.48,125.61,138.74,150.75,160.95,168.81,174.31,177.36,178.48,178.07,176.54,174.43,172.15,169.68,167.46,165.29,163.35,161.6,159.95,158.25,156.44,154.33,151.75,148.53,144.6,139.79,134.28,128.48,122.79,117.69,113.42,110.13,107.67,106.03,105.09,104.74,104.8,104.98,105.33,105.5,105.62,105.5,105.21,104.74,104.04,103.22,102.22,101.17,99.994,98.88,97.649,96.535,95.48,94.543,93.663,92.843,92.139,91.436,90.733,90.029,89.326,88.564,87.802,87.04,86.278,85.633,84.989,84.403,83.992,83.582,83.347,83.113,82.879,82.586,82.527,83.054,84.989,89.385,97.063,107.85,120.68,133.93,146.24,156.67,164.88,170.45,173.55,174.55,173.9,172.2,169.8,167.11,164.35,161.89,159.54,157.43,155.56,153.8,151.98,150.11,147.82,145.01,141.43,137.1,132.05,126.6,121.21,116.29,112.13,108.84,106.44,104.8,103.8,103.45,103.45,103.69,103.98,104.27,104.51,104.51,104.21,103.8,103.16,102.34,101.4,100.35,99.232,98.059,96.887,95.656,94.484,93.429,92.491,91.612,90.85,90.264,89.619,89.033,88.447,87.861,87.216,86.688,86.102,85.458,84.93,84.344,83.816,83.347,82.996,82.644,82.41,82.175,81.941,81.648,81.706,82.879,85.868,91.846,101.11,113.12,126.31,139.26,150.69,160.13,167.05,171.62,173.79,174.14,172.97,170.92,168.45,165.76,163.12,160.66,158.55,156.61,154.86,153.21,151.51,149.64,147.24,144.19,140.44,135.86,130.65,125.31,120.16,115.76,112.07,109.2,107.09,105.74,104.98,104.68,104.8,105.03,105.39,105.56,105.68,105.62,105.33,104.86,104.16,103.45,102.51,101.46,100.35,99.232,98.118,97.004,95.949,94.894,94.132,93.37,92.667,91.964,91.377,90.733,90.088,89.502,88.857,88.212,87.626,86.923,86.278,85.692,85.164,84.871,84.637,84.344,84.168,83.875,83.758,84.168,86.102,90.674,98.821,110.25,123.61,137.33,149.93,160.66,169.1,174.84,178.07,179.18,178.77,177.3,175.31,173.08,170.86,168.86,167.05,165.35,163.88,162.36,160.95,159.37,157.55,155.44,152.69,149.23,144.95,139.85,134.16,128.36,122.79,117.99,114.12,111.13,108.96,107.61,106.91,106.73,106.79,106.97,107.2,107.38,107.38,107.2,106.73,106.09,105.39,104.51,103.51,102.4,101.28,100.23,99.114,98.118,97.122,96.242,95.422,94.66,93.898,93.194,92.432,91.612,90.85,90.029,89.209,88.505,87.743,87.04,86.395,85.985,85.692,85.34,85.106,84.813,84.637,84.93,86.513,90.322,97.356,107.85,120.68,134.28,147.24,158.49,167.57,174.08,178.07,179.77,179.77,178.53,176.66,174.43,172.2,170.04,168.16,166.52,165,163.53,162.12,160.66,159.08,157.14,154.68,151.57,147.59,142.78,137.21,131.29,125.43,120.1,115.76,112.3,109.78,108.02,106.97,106.5,106.44,106.56,106.73,106.91,106.97,106.85,106.62,106.09,105.44,104.62,103.69,102.69,101.63,100.46,99.349,98.235,97.18,96.242,95.363,94.601,93.839,93.194,92.491,91.729,90.967,90.147,89.385,88.564,87.685,86.923,86.22,85.751,85.282,84.989,84.813,84.637,84.403,84.344,84.989,87.04,91.671,99.759,110.9,124.14,137.51,149.87,160.48,168.81,174.55,177.89,179.18,178.95,177.6,175.66,173.49,171.27,169.1,167.16,165.35,163.71,162.06,160.42,158.67,156.67,154.39,151.46,147.82,143.37,138.15,132.47,126.6,121.15,116.46,112.71,109.84,107.85,106.62,105.97,105.74,105.8,105.97,106.15,106.32,106.27,106.03,105.62,104.98,104.21,103.28,102.22,101.17,99.994,98.88,97.649,96.535,95.48,94.543,93.722,93.077,92.374,91.729,91.084,90.44,89.678,88.916,88.095,87.333,86.571,85.868,85.164,84.637,84.109,83.758,83.465,83.289,83.054,82.82,82.879,83.758,86.278,91.671,100.4,112.07,125.14,138.03,149.76,159.54,166.99,171.91,174.49,175.08,174.2,172.32,169.86,167.28,164.7,162.3,160.13,158.2,156.38,154.62,152.86,150.93,148.7,145.89,142.31,137.92,132.88,127.31,121.74,116.7,112.3,108.9,106.44,104.8,103.8,103.33,103.45,103.74,104.1,104.45,104.62,104.62,104.45,103.98,103.33,102.57,101.58,100.46,99.349,98.177,97.004,95.832,94.718,93.663,92.667,91.788,91.026,90.381,89.736,89.15,88.623,87.978,87.333,86.747,86.044,85.399,84.754,84.109,83.523,83.054,82.586,82.292,82.058,81.882,81.648,81.413,81.413,82.117,84.461,89.619,98.177,109.72,122.97,136.16,148.11,158.02,165.46,170.39,172.85,173.44,172.44,170.5,168.1,165.58,163.06,160.66,158.61,156.67,154.91,153.21,151.51,149.58,147.24,144.3,140.61,136.16,131.06,125.55,120.16,115.35,111.36,108.2,105.85,104.39,103.57,103.28,103.45,103.8,104.27,104.68,104.86,104.86,104.68,104.21,103.69,102.92,101.99,100.99,99.818,98.587,97.415,96.242,95.07,94.015,92.96,92.139,91.377,90.733,90.147,89.678,89.15,88.681,88.095,87.626,87.099,86.571,85.926,85.34,84.813,84.285,83.934,83.582,83.347,83.172,82.937,82.644,82.82,84.051,87.509,94.191,104.39,117.05,130.59,143.54,154.91,164,170.62,174.72,176.6,176.66,175.49,173.55,171.33,168.98,166.75,164.7,162.89,161.13,159.54,158.08,156.44,154.68,152.51,149.81,146.3,142.08,137.04,131.47,125.78,120.57,115.99,112.3,109.55,107.55,106.32,105.74,105.56,105.68,105.91,106.27,106.38,106.38,106.15,105.8,105.21,104.51,103.63,102.63,101.58,100.4,99.29,98.235,97.18,96.125,95.187,94.367,93.605,92.843,92.198,91.553,90.85,122.03,117.11,113.24,110.31,108.32,106.97,106.38,106.27,106.32,106.56,106.79,106.97,106.97,106.73,106.32,105.74,104.98,104.04,103.04,101.93,100.81,99.7,98.587,97.59,96.711,95.832,95.07,94.249,93.429,92.608,91.729,90.733,89.795,88.916,88.037,87.216,86.513,85.926,85.399,85.047,84.754,84.461,84.227,83.992,83.934,84.344,86.161,90.264,97.415,107.73,120.1,132.99,145.07,155.5,163.76,169.57,172.91,174.2,173.85,172.44,170.33,167.87,165.35,163.12,161.01,159.02,157.2,155.5,153.74,151.87,149.64,146.88,143.48,139.26,134.22,128.71,123.2,117.93,113.36,109.66,106.91,105.09,103.98,103.51,103.45,103.74,104.16,104.57,104.86,104.98,104.92,104.62,104.04,103.28,102.34,101.28,100.11,98.939,97.825,96.711,95.656,94.66,93.781,92.96,92.257,91.436,90.674,89.971,89.326,88.564,87.802,87.04,86.337,85.751,85.106,84.52,84.109,83.816,83.465,83.113,82.82,82.527,82.527,83.23,85.575,90.498,98.821,109.9,122.62,135.51,147.24,157.08,164.47,169.57,172.38,173.26,172.61,170.97,168.75,166.23,163.82,161.42,159.19,157.26,155.44,153.8,152.04,150.22,148.06,145.36,141.9,137.68,132.7,127.25,121.74,116.64,112.24,108.84,106.38,104.68,103.74,103.51,103.69,104.16,104.68,105.09,105.56,105.8,105.74,105.44,104.92,104.16,103.28,102.22,101.05,99.876,98.763,97.59,96.535,95.598,94.777,94.132,93.37,92.667,91.905,91.202,90.498,89.795,89.033,88.388,87.685,87.04,86.395,85.926,85.633,85.399,85.164,84.871,84.52,84.403,85.106,87.333,92.432,100.93,112.6,125.84,139.21,151.22,161.42,169.33,174.61,177.48,178.48,178.07,176.66,174.72,172.5,170.33,168.28,166.52,164.76,163.18,161.65,160.25,158.67,156.79,154.56,151.69,148.11,143.6,138.44,132.82,127.19,121.91,117.46,113.88,111.19,109.31,108.14,107.5,107.38,107.5,107.73,107.91,107.91,107.85,107.67,107.26,106.56,105.74,104.86,103.86,102.87,101.75,100.7,99.583,98.645,97.883,97.004,96.125,95.305,94.484,93.663,92.784,91.964,91.202,90.322,89.502,88.74,87.978,87.333,86.923,86.63,86.337,86.044,85.751,85.633,85.985,87.802,92.139,99.818,110.78,123.91,137.62,150.52,161.65,170.62,176.95,180.7,182.23,182.17,180.94,179,176.78,174.67,172.73,170.97,169.45,168.04,166.81,165.58,164.17,162.59,160.78,158.49,155.62,151.92,147.35,142.08,136.1,130.12,124.49,119.63,115.7,112.65,110.49,109.14,108.32,107.96,107.96,108.14,108.2,108.2,108.02,107.73,107.38,106.79,106.03,105.09,104.1,103.04,101.99,100.93,99.876,98.821,97.883,97.063,96.242,95.422,94.66,93.898,93.136,92.315,91.436,90.557,89.678,88.857,88.095,87.509,86.981,86.63,86.278,86.044,85.809,85.575,85.633,86.571,89.385,95.187,104.27,116.23,129.48,142.61,154.56,164.64,172.26,177.3,180.06,180.82,180.18,178.65,176.6,174.49,172.38,170.45,168.75,167.22,165.82,164.41,163,161.42,159.54,157.32,154.5,150.87,146.36,141.14,135.22,129.24,123.56,118.63,114.59,111.54,109.37,107.96,107.26,106.91,106.97,107.2,107.44,107.55,107.55,107.32,106.91,106.38,105.62,104.74,103.74,102.63,101.46,100.35,99.29,98.235,97.239,96.36,95.539,94.777,94.074,93.37,92.667,91.905,91.084,90.264,89.443,88.623,87.802,86.981,86.337,85.809,85.34,85.106,84.871,84.637,84.344,84.227,84.871,86.864,91.377,99.173,110.25,123.26,136.57,148.94,159.54,167.93,173.73,177.13,178.42,178.12,176.66,174.61,172.32,169.92,167.69,165.7,163.88,162.24,160.72,159.25,157.67,155.91,153.8,151.1,147.59,143.31,138.15,132.47,126.55,120.98,116.23,112.36,109.49,107.44,106.09,105.39,105.15,105.15,105.39,105.56,105.68,105.68,105.5,105.03,104.45,103.69,102.75,101.69,100.52,99.349,98.177,97.063,95.832,94.718,93.722,92.843,92.139,91.495,90.909,90.381,89.736,89.092,88.447,87.685,86.981,86.22,85.575,84.93,84.344,83.934,83.582,83.465,83.465,83.875,85.047,87.919,93.312,101.58,112.3,124.32,136.16,146.88,155.68,162.24,166.64,168.86,169.33,168.51,166.75,164.53,162.12,159.72,157.49,155.5,153.62,151.81,149.99,148,145.54,142.55,138.8,134.22,129.01,123.32,117.75,112.6,108.43,105.15,102.81,101.34,100.64,100.46,100.81,101.28,101.93,102.4,102.81,102.98,102.87,102.51,101.93,101.11,100.17,99.114,98.001,96.711,95.48,94.249,92.96,91.729,90.557,89.502,88.505,87.568,86.747,85.926,85.223,84.696,84.285,83.992,83.875,83.816,83.816,83.758,83.523,83.347,83.113,82.82,82.41,81.999,81.472,81.062,80.651,80.3,80.065,79.831,79.655,79.479,79.303,79.538,80.944,84.754,92.198,103.45,117.34,132,145.65,157.43,166.75,173.44,177.48,179.18,178.95,177.48,175.25,172.67,170.09,167.81,165.7,163.88,162.3,160.89,159.49,158.14,156.61,154.68,152.22,149.05,145.07,140.26,134.75,129.01,123.44,118.4,114.35,111.25,108.9,107.44,106.56,106.27,106.32,106.56,106.79,106.97,107.03,106.91,106.62,106.09,105.44,104.62,103.63,102.57,101.46,100.35,99.173,98.001,96.77,95.715,94.66,93.663,92.784,92.022,91.377,90.85,90.381,89.854,89.502,89.033,88.623,88.095,87.626,86.981,86.395,85.809,85.223,84.754,84.285,83.992,83.758,83.406,83.172,83.054,83.523,85.633,90.322,98.352,109.61,122.56,135.69,147.82,158.2,166.52,172.44,176.07,177.66,177.83,176.95,175.49,173.79,172.03,170.45,168.86,167.46,166.11,164.82,163.47,162.12,160.6,158.72,156.5,153.62,149.99,145.59,140.44,134.63,128.6,122.91,117.93,113.94,110.78,108.61,107.2,106.44,106.15,106.27,106.44,106.68,106.79,106.79,106.68,106.32,105.8,105.09,104.21,103.22,102.16,100.99,99.818,98.645,97.473,96.418,95.422,94.543,93.722,92.96,92.315,91.671,91.026,90.44,89.795,89.15,88.505,87.743,87.04,86.337,85.751,85.164,84.754,84.403,84.168,83.934,83.699,83.523,84.109,86.044,90.615,98.587,109.78,122.91,136.22,148.64,159.31,167.81,173.9,177.66,179.41,179.59,178.65,177.19,175.31,173.44,171.62,169.92,168.39,166.99,165.64,164.35,163.06,161.54,159.84,157.67,154.91,151.46,147.12,142.02,136.22,130.12,124.26,118.98,114.76,111.42,109.08,107.5,106.56,106.09,106.03,106.15,106.38,106.5,106.5,106.38,106.03,105.56,104.86,103.98,102.98,101.93,100.76,99.525,98.294,97.122,95.949,94.836,93.898,93.077,92.315,91.671,91.026,90.498,89.854,89.209,88.564,87.861,87.099,86.337,85.575,84.871,84.227,83.758,83.347,83.054,82.82,82.468,82.234,82.117,82.527,84.109,87.919,94.894,105.21,117.81,130.94,143.25,153.92,162.47,168.75,172.67,174.61,174.78,173.85,172.26,170.27,168.1,166.05,164.12,162.24,160.54,159.02,157.43,155.85,154.15,152.16,149.7,146.53,142.55,137.8,132.29,126.55,120.86,115.82,111.6,108.38,106.03,104.57,103.69,103.33,103.45,103.69,103.98,104.21,104.39,104.27,104.04,103.57,102.87,101.99,100.99,99.935,98.821,97.59,96.418,95.246,94.015,92.843,91.729,90.733,89.795,88.974,88.212,87.685,87.216,86.864,86.513,86.102,85.751,85.282,84.813,84.227,83.699,83.054,82.527,82.058,81.589,81.237,81.003,80.769,80.593,80.358,80.241,80.534,82.117,85.926,92.901,103.33,116.11,129.3,141.67,152.39,161.07,167.52,171.5,173.38,173.38,172.2,170.15,167.69,165.17,162.77,160.48,158.43,156.61,154.86,153.33,151.63,149.76,147.41,144.48,140.85,136.45,131.35,126.02,120.74,116.05,112.07,108.84,106.44,104.8,103.86,103.51,103.45,103.57,103.86,104.1,104.21,104.21,104.04,103.69,103.04,102.22,101.34,100.35,99.232,98.118,96.946,95.773,94.601,93.429,92.374,91.319,90.381,89.502,88.74,88.154,87.685,87.333,87.04,86.806,86.571,86.22,85.926,85.458,84.989,84.461,83.934,83.347,82.82,82.351,81.999,81.706,81.472,81.296,81.062,80.944,81.237,82.937,86.981,94.425,105.21,118.05,131.35,143.6,154.15,162.53,168.63,172.38,174.08,174.2,173.2,171.44,169.39,167.16,165.11,163.12,161.3,159.66,158.14,156.61,154.97,153.16,150.99,148.29,144.95,140.79,135.86,130.41,124.9,119.69,115.17,111.54,108.79,106.85,105.62,104.98,104.8,104.86,105.09,105.33,105.5,105.5,105.33,104.92,104.45,103.74,102.87,101.93,100.87,99.818,98.645,97.473,96.301,95.187,94.132,93.136,92.257,91.495,90.791,90.264,89.736,89.326,88.798,88.271,87.802,87.216,86.571,85.926,85.223,84.52,83.992,83.523,83.172,82.879,82.586,82.41,82.175,82.117,82.761,84.93,89.736,97.942,109.31,122.38,135.57,147.76,158.2,166.34,172.26,175.66,177.13,177.01,175.84,174.08,171.97,169.92,167.98,166.23,164.7,163.3,161.95,160.6,159.13,157.49,155.5,152.98,149.81,145.89,141.2,135.75,129.94,124.2,118.93,114.53,111.13,108.61,106.85,105.85,105.39,105.33,105.5,105.74,105.91,106.03,105.91,105.68,105.21,104.62,103.86,102.98,101.93,100.87,99.7,98.47,97.356,96.242,95.187,94.191,93.312,92.55,91.846,91.319,90.733,90.147,89.619,88.974,88.388,87.685,86.923,86.161,85.458,84.871,84.344,83.992,83.699,83.406,83.172,82.879,82.82,83.289,85.106,89.443,97.063,107.79,120.51,133.4,145.36,155.68,164,169.92,173.67,175.37,175.55,174.61,173.08,171.09,169.04,166.99,165.05,163.3,161.65,160.07,158.43,156.73,154.86,152.63,149.87,146.41,142.25,137.33,131.82,126.13,120.63,115.82,111.83,108.84,106.73,105.33,104.57,104.27,104.27,104.51,104.68,104.86,104.86,104.74,104.45,103.92,103.22,102.34,101.4,100.35,99.232,98.059,96.887,95.656,94.543,93.546,92.608,91.788,90.967,90.322,89.678,89.033,88.447,87.743,86.981,86.278,85.575,84.871,84.227,83.582,83.054,82.586,82.292,82.058,81.824,81.53,81.296,81.237,81.824,83.758,88.095,95.598,106.27,118.69,131.47,143.37,153.62,161.65,167.22,170.5,171.62,171.21,169.63,167.34,164.88,162.3,159.78,157.55,155.56,153.74,152.04,150.34,148.7,146.65,144.19,140.96,137.04,132.35,127.07,121.56,116.29,111.66,107.91,105.03,103.04,101.81,101.17,101.05,101.22,101.63,102.1,102.4,102.63,102.57,102.28,101.81,101.05,100.11,99.114,98.001,96.711,95.48,94.249,93.077,91.846,90.733,89.736,88.974,88.271,87.685,87.157,86.688,86.161,85.633,85.047,84.461,83.992,83.347,82.82,82.234,81.824,81.413,81.062,80.71,80.475,80.3,80.007,79.655,79.596,80.3,82.351,86.864,94.425,105.03,117.4,130.12,141.73,151.57,159.13,164.29,167.11,167.98,167.34,165.7,163.41,160.78,158.25,155.91,153.86,152.04,150.34,148.94,147.53,145.95,143.95,141.37,138.03,133.99,129.12,123.91,118.81,114.18,110.31,107.2,104.86,103.28,102.4,102.05,102.05,102.34,102.81,103.16,103.45,103.51,103.51,103.16,102.69,101.93,101.11,100.17,99.114,97.942,96.77,95.656,94.718,93.781,92.843,92.022,91.377,90.733,90.088,89.502,88.857,88.388,87.802,87.157,86.571,85.926,85.282,84.696,84.109,83.699,83.347,83.172,82.937,82.586,82.41,82.527,83.523,86.513,92.315,101.69,113.65,126.72,139.38,150.75,160.31,167.69,172.67,175.49,176.54,176.31,175.14,173.38,171.38,169.39,167.52,165.76,164,162.36,160.72,159.19,157.49,155.56,153.21,150.4,146.94,142.55,137.51,131.88,126.25,120.92,116.29,112.6,109.78,107.85,106.68,106.03,105.85,105.91,106.15,106.44,106.56,106.56,106.38,106.03,105.5,104.8,103.86,102.87,101.87,100.76,99.7,98.587,97.532,96.594,95.773,95.011,94.249,93.488,92.726,91.905,91.084,90.264,89.385,88.564,87.743,87.04,86.337,85.868,85.458,85.223,85.047,84.754,84.52,84.637,85.692,88.505,94.074,102.92,114.53,127.48,140.38,151.98,161.89,169.51,174.72,177.66,178.77,178.3,176.95,175.08,172.97,170.92,169.04,167.28,165.82,164.41,163.06,161.65,160.13,158.43,156.44,153.8,150.52,146.3,141.37,135.81,129.94,124.2,119.04,114.88,111.6,109.31,107.67,106.73,106.38,106.38,106.56,106.73,106.85,106.85,106.73,106.44,105.91,105.21,104.45,103.51,102.4,101.4,100.4,99.407,98.47,97.59,96.711,95.949,95.129,94.249,93.312,92.374,91.377,90.381,89.385,88.447,87.568,86.747,86.102,85.575,85.106,84.813,84.52,84.227,84.051,84.227,85.458,88.798,95.07,104.51,116.35,129.3,141.84,153.1,162.3,169.16,173.61,175.84,176.37,175.43,173.67,171.5,169.1,166.87,164.76,162.89,161.19,159.6,158.14,156.61,154.86,152.86,150.34,147.24,143.31,138.56,133.11,127.37,121.68,116.52,112.3,109.14,106.73,105.15,104.21,103.92,103.92,104.16,104.45,104.68,104.8,104.74,104.45,103.86,103.1,102.22,101.22,100.17,98.997,97.883,96.77,95.715,94.777,93.898,93.136,92.315,91.495,90.615,89.678,88.798,87.919,87.04,86.22,85.399,84.754,84.168,83.699,83.289,82.937,82.644,82.468,82.234,82.117,82.351,83.523,86.688,92.491,101.34,112.6,124.96,137.04,147.82,156.61,163.18,167.34,169.51,169.74,168.69,166.69,164.23,161.65,159.13,156.79,154.62,152.75,150.99,149.35,147.53,145.48,142.9,139.67,135.63,130.77,125.37,119.86,114.82,110.43,106.91,104.21,102.4,101.34,100.93,100.99,101.28,101.81,102.28,102.69,102.87,102.81,102.57,101.99,101.28,100.35,99.29,98.177,97.004,95.773,94.718,93.663,92.784,92.022,91.377,90.733,90.147,89.678,89.15,88.681,88.095,87.626,87.099,86.63,86.102,85.692,85.223,84.93,84.637,84.344,84.051,83.758,83.406,83.289,83.992,86.22,91.319,99.7,111.01,123.85,136.8,148.64,158.61,166.4,171.79,174.84,176.01,175.66,174.37,172.32,169.98,167.69,165.41,163.35,161.36,159.54,157.79,156.14,154.39,152.22,149.58,146.24,142.14,137.21,131.82,126.25,120.98,116.52,113.01,110.25,108.32,107.09,106.5,106.38,106.5,106.73,106.97,107.2,107.26,107.09,106.73,106.09,105.39,104.45,103.45,102.34,101.22,100.17,99.114,98.118,97.18,96.301,95.539,94.836,94.132,93.37,92.608,91.846,91.026,90.264,89.443,88.681,87.919,87.275,86.747,86.278,85.985,85.751,85.575,85.223,85.106,85.458,87.275,91.495,98.997,109.72,122.56,135.92,148.41,159.43,168.22,174.67,178.65,180.7,181.06,180.23,178.65,176.78,174.84,172.97,171.27,169.63,168.22,166.93,165.64,164.17,162.53,160.72,158.55,155.73,152.04,147.53,142.25,136.27,130.18,124.38,119.34,115.35,112.36,110.25,108.84,108.14,107.91,108.02,108.26,108.43,108.55,108.49,108.32,107.91,107.32,106.56,105.62,104.62,103.57,102.4,101.28,100.29,99.407,98.528,97.708,96.887,96.066,95.246,94.367,93.488,92.55,91.553,90.674,89.795,88.974,88.212,87.626,87.216,86.981,86.747,86.513,86.161,86.161,86.806,88.857,93.37,101.05,111.77,124.38,137.39,149.46,160.07,168.63,174.72,178.48,180.12,180.06,179,177.19,175.14,172.91,170.86,169.04,167.52,165.99,164.53,163.12,161.54,159.72,157.55,154.74,151.16,146.83,141.61,135.81,129.65,123.85,118.81,114.65,111.54,109.31,107.79,106.97,106.68,106.68,106.85,107.03,107.2,107.09,106.91,106.56,105.97,105.15,104.27,103.22,102.05,100.93,99.759,98.645,97.59,96.653,95.773,95.07,94.249,93.429,92.608,91.788,90.909,90.029,89.092,88.212,87.45,86.747,86.102,85.575,85.106,84.871,84.696,84.461,84.227,84.051,84.168,85.223,87.978,93.429,102.05,113.36,126.08,138.56,149.93,159.49,166.75,171.68,174.26,174.9,174.26,172.67,170.56,168.16,165.82,163.53,161.48,159.66,158.02,156.38,154.74,152.92,150.75,148,144.48,140.26,135.16,129.59,123.91,118.75,114.3,110.78,108.2,106.32,105.21,104.8,104.74,104.92,105.15,105.44,105.62,105.62,105.39,104.86,104.16,103.33,102.34,101.22,100.05,98.88,97.649,96.477,95.363,94.308,93.429,92.667,91.846,91.202,90.44,89.736,89.033,88.388,87.626,86.923,86.278,85.692,85.047,84.461,83.992,83.582,83.289,83.054,82.82,82.468,82.234,82.292,83.054,85.399,90.381,98.528,109.49,122.03,134.75,146.3,156.03,163.53,168.75,171.62,172.61,172.15,170.5,168.28,165.93,163.53,161.36,159.31,157.49,155.85,154.39,152.8,150.99,148.82,146.12,142.61,138.27,133.05,127.37,121.68,116.41,112.01,108.49,105.85,104.16,103.22,102.92,103.04,103.45,103.92,104.51,104.8,104.92,104.86,104.57,103.98,103.16,102.22,101.11,100.05,98.88,97.708,96.653,95.656,94.777,94.015,93.312,92.726,92.198,91.671,91.084,90.498,89.912,89.385,88.798,88.154,87.568,86.981,86.513,86.102,85.751,85.399,85.164,84.93,84.696,84.637,85.223,87.626,92.726,101.17,112.48,125.37,138.38,150.22,160.36,168.22,173.73,176.89,178.12,177.83,176.48,174.55,172.44,170.39,168.39,166.58,164.94,163.41,162.06,160.6,159.02,157.2,154.86,151.98,148.29,143.72,138.44,132.64,126.84,121.5,116.99,113.47,110.78,108.96,107.91,107.44,107.38,107.61,107.91,108.2,108.32,108.26,108.02,107.61,106.85,106.03,105.09,104.1,103.04,101.93,100.87,99.876,98.939,98.001,97.18,96.36,95.598,94.836,94.074,93.253,92.374,91.553,90.733,89.912,89.15,88.564,87.978,87.568,87.216,86.923,86.63,86.278,86.102,86.513,88.095,92.198,99.466,110.02,122.68,136.04,148.82,160.07,169.22,176.01,180.18,182.17,182.52,181.64,180,178.01,175.96,174.14,172.44,170.92,169.57,168.39,167.16,165.93,164.47,162.77,160.6,157.79,154.33,149.87,144.54,138.56,132.35,126.43,121.21,116.99,113.71,111.42,109.9,109.08,108.73,108.73,108.9,109.14,109.25,109.2,109.08,108.67,108.02,107.26,106.38,105.39,104.27,103.22,102.16,101.17,100.29,99.349,98.47,97.532,96.653,95.832,95.011,94.015,92.96,92.022,91.202,90.381,89.619,88.916,88.447,88.037,87.802,87.626,87.216,86.981,87.099,88.095,90.85,96.301,104.92,116.23,129.01,141.67,153.39,163.35,171.21,176.54,179.53,180.7,180.29,179,177.19,175.08,172.97,171.03,169.39,167.87,166.4,165.05,163.59,162.01,160.19,157.79,154.8,150.99,146.36,140.91,134.99,128.95,123.32,118.57,114.76,111.77,109.78,108.55,107.85,107.67,107.73,107.85,108.02,108.02,107.96,107.67,107.09,106.44,105.62,104.62,103.57,102.34,101.22,100.11,98.997,97.942,96.946,96.066,95.246,94.484,93.722,92.901,91.964,91.084,90.147,89.209,88.388,87.568,86.806,86.22,85.751,85.282,84.989,84.813,84.637,84.285,84.168,84.52,86.044,89.678,96.242,106.03,118.1,131.06,143.43,154.39,163.12,169.57,173.61,175.49,175.6,174.49,172.5,170.15,167.81,165.41,163.3,161.42,159.72,158.25,156.73,155.09,153.21,150.99,148.11,144.42,139.85,134.52,128.71,123.03,117.81,113.42,110.02,107.5,105.8,104.86,104.51,104.51,104.74,105.09,105.5,105.62,105.5,105.15,104.68,103.98,103.04,101.93,100.76,99.466,98.294,97.063,95.773,94.66,93.663,92.784,91.964,91.319,90.733,90.264,89.736,89.209,88.623,88.037,87.509,86.923,86.278,85.692,85.164,84.696,84.344,83.992,83.699,83.347,83.113,82.879,82.586,82.761,83.758,86.571,92.139,100.76,111.83,124.26,136.51,147.53,156.67,163.41,167.81,170.09,170.62,169.8,167.98,165.7,163.24,160.95,158.72,156.79,155.03,153.57,152.1,150.58,148.64,146.12,142.9,138.91,134.16,128.71,123.03,117.75,113.12,109.43,106.62,104.57,103.22,102.69,102.69,102.92,103.33,103.74,104.1,104.39,104.39,104.1,103.57,102.87,101.99,101.05,99.935,98.821,97.59,96.535,95.539,94.543,93.663,92.901,92.432,91.964,91.612,91.26,90.909,90.615,90.264,89.795,89.209,88.681,88.037,87.509,86.923,86.278,85.809,85.458,85.282,85.047,84.754,84.403,84.227,84.637,86.278,90.264,97.532,108.2,121.15,134.75,147.47,158.61,167.57,174.14,178.24,180.18,180.41,179.53,178.01,176.13,174.14,172.2,170.45,168.92,167.63,166.4,165.17,164,162.65,161.01,158.78,155.85,152.16,147.7,142.43,136.63,130.65,125.08,120.27,116.46,113.59,111.54,110.25,109.55,109.37,109.49,109.61,109.78,109.84,109.84,109.61,109.2,108.49,107.67,106.73,105.8,104.74,103.57,102.28,101.11,100.05,98.997,98.059,97.122,96.301,95.598,95.011,94.308,93.605,92.901,92.257,91.612,90.967,90.264,89.502,88.857,88.447,87.978,87.685,87.275,86.923,86.63,86.513,87.099,89.385,94.425,102.87,114.41,127.6,140.96,153.39,164.06,172.5,178.42,181.88,183.28,183.22,182.23,180.7,178.89,177.07,175.49,174.14,172.91,171.91,170.92,169.92,168.86,167.63,166.05,164,161.3,157.84,153.62,148.41,142.43,135.98,129.59,123.79,118.98,115.23,112.54,110.66,109.61,109.2,109.14,109.31,109.55,109.78,109.9,109.84,109.55,109.08,108.38,107.5,106.5,105.33,104.1,102.87,101.75,100.7,99.7,98.763,97.883,97.063,96.301,95.539,94.777,94.015,93.194,92.374,91.553,90.733,89.971,89.326,88.681,88.212,87.919,87.685,87.333,87.099,86.923,87.157,88.447,91.729,98.001,107.5,119.45,132.41,145.18,156.79,166.64,174.14,179.18,181.93,182.81,182.34,181,179.18,177.3,175.49,173.79,172.38,171.09,169.92,168.81,167.69,166.34,164.82,162.83,160.25,156.97,152.86,147.76,141.9,135.63,129.42,123.73,118.98,115.23,112.54,110.66,109.55,108.96,108.84,108.96,109.14,109.25,109.2,108.96,108.61,108.02,107.32,106.38,105.33,104.16,102.92,101.63,100.35,99.114,97.942,96.887,95.832,95.07,94.249,93.546,92.843,92.198,91.495,90.733,89.971,89.092,88.271,87.45,86.747,86.102,85.575,85.106,84.813,84.52,84.285,83.992,83.758,83.816,84.696,87.216,92.491,101.11,112.6,125.61,138.74,150.64,160.48,167.98,172.97,175.6,176.37,175.6,174.02,171.85,169.63,167.34,165.41,163.76,162.3,161.01,159.78,158.61,157.32,155.73,153.62,150.93,147.35,142.9,137.62,131.76,125.67,120.04,115.23,111.42,108.55,106.56,105.39,104.8,104.74,104.98,105.33,105.56,105.74,105.68,105.39,104.86,104.16,103.28,102.22,101.05,99.876,98.528,97.297,96.066,94.777,93.663,92.55,91.553,90.733,90.029,89.443,88.916,88.505,88.095,87.743,87.275,86.806,86.278,85.751,85.164,84.637,84.109,83.523,83.113,82.761,82.41,82.175,81.941,81.648,81.413,81.413,82.058,84.109,88.681,96.36,106.97,119.45,132.17,144.07,154.27,162.18,167.81,171.21,172.5,172.32,170.97,169.04,166.87,164.7,162.65,160.89,159.37,158.14,156.91,155.79,154.5,152.92,150.81,148,144.3,139.67,134.34,128.71,123.2,118.22,114.18,111.01,108.61,107.03,106.15,105.8,105.85,106.15,106.56,106.85,107.03,107.03,106.85,106.44,105.74,104.92,103.92,102.87,101.75,100.52,99.349,98.118,97.004,95.832,94.836,94.015,93.194,92.491,91.964,91.495,91.084,90.674,90.322,89.854,89.443,88.916,88.447,87.861,87.275,86.688,86.161,85.751,85.399,85.164,84.93,84.637,84.344,84.403,85.34,88.271,94.249,103.74,115.99,129.48,142.66,154.56,164.47,171.97,177.07,179.94,180.88,180.53,179.3,177.66,175.84,174.2,172.61,171.21,169.98,168.86,167.75,166.69,165.58,164.17,162.42,160.19,157.2,153.45,148.76,143.25,137.21,131.12,125.49,120.63,116.7,113.65,111.6,110.31,109.61,109.37,109.43,109.55,109.66,109.72,109.66,109.37,108.9,108.26,107.5,106.56,105.5,104.39,103.22,102.05,100.87,99.7,98.587,97.59,96.653,95.949,95.246,94.543,94.015,93.429,92.843,92.257,91.612,90.909,90.147,89.443,88.74,88.154,87.685,87.216,86.923,86.688,86.337,86.044,86.044,86.688,88.916,93.781,101.93,113.01,125.84,139.09,151.51,162.3,170.97,177.25,181.11,182.93,183.17,182.23,180.76,178.89,177.01,175.25,173.67,172.38,171.21,170.09,169.04,167.98,166.75,165.23,163.35,160.89,157.67,153.51,148.41,142.61,136.39,130.18,124.55,119.86,116.11,113.3,111.42,110.25,109.66,109.49,109.55,109.66,109.78,109.78,109.61,109.25,108.67,107.91,107.03,106.03,104.92,103.74,102.51,101.22,100.05,98.939,97.883,96.887,96.008,95.246,94.601,94.015,93.429,92.843,92.315,91.671,91.026,90.381,89.678,88.974,88.271,87.685,87.099,86.747,86.395,86.161,85.985,85.751,85.633,85.868,87.099,90.44,96.711,106.38,118.57,131.76,144.54,156.14,165.82,173.2,178.01,180.53,181.29,180.76,179.3,177.36,175.37,173.38,171.56,169.92,168.51,167.16,165.93,164.7,163.3,161.65,159.66,157.14,153.8,149.7,144.66,138.97,132.88,126.84,121.39,116.76,113.18,110.49,108.67,107.61,107.03,106.91,107.03,107.26,107.38,107.38,107.2,106.73,106.15,105.44,104.51,103.45,102.28,101.11,99.818,98.47,97.239,96.008,94.777,93.722,92.726,91.846,91.084,90.557,90.029,89.56,88.974,88.505,87.861,87.216,86.63,85.985,85.34,84.754,84.168,83.699,83.289,82.996,82.761,82.468,82.234,82.058,82.117,82.879,85.047,89.736,97.532,108.32,120.8,133.7,145.54,155.68,163.53,168.98,172.15,173.26,172.79,171.33,169.16,166.87,164.64,162.53,160.66,159.13,157.67,156.44,155.21,153.74,152.04,149.81,146.94,143.19,138.5,133.05,127.13,121.15,115.88,111.42,108.02,105.68,104.1,103.33,103.16,103.45,103.86,104.39,104.8,104.98,104.98,104.74,104.16,103.45,102.4,101.28,100.11,98.88,97.473,96.184,94.894,93.663,92.55,91.553,90.615,89.854,89.15,88.681,88.212,87.861,87.509,87.04,86.63,86.161,85.692,85.164,84.637,84.109,83.699,83.23,82.937,82.586,82.292,82.058,81.648,81.296,81.062,81.355,82.82,86.395,92.96,102.63,114.47,127.31,139.56,150.28,158.9,165.29,169.33,171.27,171.38,170.39,168.69,166.64,164.41,162.42,160.66,159.25,158.08,156.97,155.97,154.97,153.74,152.1,149.81,146.77,142.66,137.74,132.23,126.6,121.33,116.7,112.89,110.02,107.91,106.62,105.91,105.74,105.91,106.27,106.62,106.91,107.03,106.97,106.73,106.27,105.56,104.74,103.8,102.75,101.63,100.4,99.29,98.177,97.122,96.125,95.187,94.367,93.605,92.901,92.315,91.729,91.202,90.674,90.029,89.443,88.857,88.212,87.626,87.04,86.571,86.161,85.926,85.692,85.34,85.106,84.93,85.223,86.747,90.498,97.415,107.67,120.27,133.75,146.65,158.25,167.69,174.67,179.24,181.47,181.99,181.29,179.82,178.01,176.19,174.43,172.91,171.62,170.45,169.45,168.51,167.57,166.4,165.11,163.35,161.07,158.02,154.09,149.35,143.84,137.8,131.59,125.78,120.74,116.76,113.71,111.6,110.31,109.61,109.37,109.49,109.66,109.78,109.84,109.66,109.37,108.9,108.26,107.5,106.56,105.5,104.39,103.22,102.05,100.93,99.876,98.88,97.942,97.122,96.36,95.598,94.836,94.132,93.37,92.608,91.846,91.026,90.322,89.56,88.916,88.388,87.919,87.626,87.333,87.099,86.864,86.688,87.099,88.798,92.726,99.759,110.02,122.38,135.57,148.17,159.49,168.75,175.6,180,182.23,182.7,181.99,180.53,178.83,177.07,175.43,174.02,172.73,171.62,170.62,169.68,168.69,167.57,166.11,164.35,162.01,159.02,155.03,150.17,144.48,138.33,132.05,126.19,121.21,117.23,114.18,112.07,110.66,109.9,109.61,109.55,109.61,109.72,109.72,109.55,109.2,108.61,107.85,106.97,105.97,104.86,103.69,102.4,101.17,99.994,98.88,97.883,96.946,96.066,95.246,94.484,93.722,92.96,92.198,91.377,90.557,89.736,88.916,88.154,87.45,86.864,86.395,86.044,85.809,85.575,85.223,84.989,84.989,85.809,88.095,92.901,100.93,111.77,124.44,137.21,149.17,159.43,167.52,173.2,176.54,177.95,177.83,176.54,174.67,172.56,170.39,168.28,166.52,164.94,163.47,162.18,161.01,159.78,158.37,156.55,154.15,150.99,146.94,142.02,136.22,130.18,124.26,118.87,114.35,110.9,108.49,106.91,106.09,105.85,105.91,106.27,106.56,106.73,106.79,106.62,106.15,105.5,104.62,103.57,102.34,101.11,99.818,98.411,97.18,96.008,94.836,93.839,92.901,92.139,91.495,90.85,90.381,89.854,89.326,88.681,88.037,87.45,86.806,86.22,85.692,85.164,84.754,84.344,84.109,83.875,83.699,83.465,83.172,83.054,83.465,85.164,88.974,95.715,105.5,117.23,129.71,141.61,151.98,160.42,166.64,170.5,172.32,172.44,171.38,169.57,167.46,165.17,163.06,161.24,159.6,158.25,156.91,155.68,154.39,152.8,150.75,148,144.42,139.91,134.63,128.77,122.97,117.75,113.24,109.72,107.2,105.5,104.57,104.16,104.21,104.62,105.03,105.39,105.56,105.56,105.21,104.74,103.98,103.04,101.93,100.7,99.349,98.059,96.653,95.363,94.191,92.96,91.964,91.084,90.44,89.854,89.385,88.857,88.505,87.978,87.568,87.04,86.571,86.044,85.575,85.106,84.754,84.344,83.992,83.699,83.406,83.172,82.937,82.586,82.527,83.054,84.813,88.74,95.773,105.97,118.34,131.41,143.95,154.91,163.82,170.33,174.43,176.42,176.66,175.66,174.02,171.91,169.92,168.04,166.4,165.17,164.17,163.35,162.59,161.83,160.78,159.49,157.55,154.86,151.22,146.59,141.14,135.1,129.18,123.67,118.98,115.17,112.36,110.43,109.31,108.67,108.55,108.67,108.96,109.25,109.37,109.37,109.2,108.73,108.02,107.2,106.27,105.21,104.1,102.98,101.87,100.81,99.818,98.821,98.001,97.239,96.535,95.832,95.246,94.543,93.898,93.253,92.55,91.788,91.026,90.322,89.619,88.974,88.564,88.212,87.861,87.509,87.157,86.923,87.04,88.095,91.202,97.297,106.85,119.1,132.52,145.71,157.73,167.81,175.37,180.35,183.17,184.16,183.75,182.58,180.88,179.12,177.42,175.84,174.55,173.49,172.56,171.62,170.62,169.57,168.28,166.69,164.53,161.71,158.14,153.68,148.23,142.08,135.57,129.3,123.85,119.28,115.82,113.3,111.72,110.84,110.49,110.43,110.6,110.84,111.01,110.9,110.6,110.19,109.61,108.79,107.79,106.73,105.62,104.45,103.22,102.05,100.93,99.935,98.997,98.177,97.297,96.535,95.832,95.187,94.425,93.546,92.726,91.905,91.084,90.381,89.678,89.092,88.74,88.447,88.154,87.919,87.685,87.45,87.568,88.681,91.788,97.883,107.38,119.45,132.76,145.89,157.84,168.04,175.96,181.23,184.22,185.22,184.86,183.58,181.76,179.82,177.89,176.19,174.72,173.55,172.44,171.38,170.33,169.16,167.87,166.17,163.88,160.89,157.08,152.28,146.77,140.44,133.87,127.66,122.38,118.1,114.82,112.48,111.13,110.49,110.31,110.43,110.54,110.66,110.78,110.78,110.54,110.02,109.25,108.38,107.38,106.32,105.03,103.8,102.63,101.58,100.46,99.407,98.411,97.532,96.946,96.301,95.598,94.894,94.249,93.488,92.784,91.964,91.202,90.44,89.736,89.092,88.564,88.154,87.919,87.743,87.509,87.216,87.216,87.802,89.854,94.367,102.16,112.95,125.55,138.62,150.99,162.01,170.92,177.36,181.23,182.99,183.11,182.05,180.18,177.95,175.6,173.61,171.79,170.15,168.69,167.28,166.05,164.7,163.06,161.07,158.55,155.27,151.05,146.06,140.32,134.11,127.95,122.33,117.69,114.12,111.54,109.72,108.73,108.38,108.38,108.55,108.73,108.84,108.9,108.67,108.26,107.55,106.73,105.85,104.74,103.57,102.28,101.11,99.876,98.645,97.59,96.535,95.539,94.66,94.015,93.429,92.784,92.198,91.612,90.967,90.381,89.619,88.916,88.212,87.626,86.923,86.278,85.809,85.399,85.106,84.871,84.696,84.461,84.227,84.403,85.458,88.447,94.191,103.1,114.65,127.54,140.26,151.75,161.36,168.69,173.61,176.31,177.07,176.37,174.67,172.5,170.04,167.69,165.46,163.53,161.89,160.31,158.9,157.49,155.79,153.74,151.1,147.76,143.43,110.78,123.38,136.04,147.76,157.61,165.29,170.74,173.85,175.19,175.08,174.02,172.38,170.5,168.63,166.87,165.23,163.76,162.36,161.13,159.72,158.25,156.44,154.15,151.22,147.53,143.07,137.8,132.17,126.55,121.5,117.11,113.59,111.01,109.2,108.02,107.5,107.44,107.55,107.73,107.91,108.02,107.96,107.73,107.32,106.68,105.85,104.98,103.98,102.92,101.93,100.87,99.876,98.939,98.059,97.239,96.477,95.715,94.894,94.191,93.37,92.55,91.671,90.85,90.088,89.326,88.623,87.978,87.509,87.099,86.864,86.63,86.278,86.161,86.688,88.74,93.429,101.46,112.65,125.67,138.97,151.51,162.3,170.92,177.13,180.82,182.4,182.52,181.47,179.88,178.01,176.07,174.31,172.67,171.21,169.86,168.63,167.34,165.99,164.47,162.65,160.31,157.26,153.45,148.82,143.37,137.45,131.35,125.67,120.74,116.76,113.71,111.6,110.31,109.55,109.31,109.31,109.43,109.55,109.55,109.37,109.08,108.55,107.85,107.03,106.09,105.09,103.98,102.92,101.93,100.99,100.05,99.173,98.411,97.59,96.77,95.949,95.07,94.132,93.253,92.315,91.436,90.615,89.795,89.092,88.564,88.154,87.861,87.568,87.216,87.04,87.275,88.74,92.315,98.997,108.84,121.04,134.11,146.83,158.31,167.81,175.02,179.71,182.11,182.81,182.17,180.82,179,177.07,175.25,173.61,172.15,170.8,169.68,168.57,167.46,166.11,164.53,162.47,159.84,156.55,152.28,147.18,141.32,135.04,128.89,123.26,118.57,114.88,112.19,110.37,109.31,108.73,108.61,108.67,108.79,108.9,108.9,108.73,108.38,107.85,107.09,106.27,105.21,104.21,103.16,102.1,101.11,100.17,99.232,98.352,97.532,96.77,96.008,95.246,94.367,93.488,92.55,91.612,90.733,89.854,89.092,88.447,87.861,87.509,87.157,86.923,86.688,86.395,86.63,87.919,91.319,97.708,107.5,119.69,132.82,145.65,157.38,167.22,174.72,179.71,182.29,183.17,182.7,181.29,179.47,177.54,175.66,173.9,172.38,170.97,169.68,168.39,166.99,165.46,163.71,161.48,158.67,155.21,150.81,145.59,139.67,133.34,127.25,121.74,117.23,113.71,111.25,109.61,108.67,108.32,108.26,108.43,108.61,108.79,108.79,108.61,108.26,107.67,106.97,106.09,105.09,103.98,102.87,101.69,100.64,99.525,98.587,97.708,97.004,96.242,95.539,94.836,94.132,93.312,92.491,91.671,90.791,89.912,89.033,88.271,87.685,87.157,86.806,86.571,86.278,86.044,85.926,86.22,87.685,91.26,97.883,107.79,120.04,133.17,145.89,157.26,166.75,173.79,178.42,180.82,181.35,180.64,179.06,177.01,174.78,172.73,170.86,169.16,167.69,166.17,164.76,163.24,161.48,159.31,156.61,153.16,148.99,144.01,138.33,132.23,126.37,121.04,116.7,113.24,110.66,108.96,107.91,107.38,107.26,107.32,107.44,107.5,107.5,107.26,106.85,106.27,105.5,104.62,103.57,102.4,101.22,100.05,98.88,97.649,96.535,95.539,94.601,93.722,93.077,92.432,91.788,91.202,90.498,89.795,89.092,88.447,87.743,86.981,86.278,85.692,85.164,84.696,84.344,84.109,83.875,83.582,83.406,83.347,83.992,86.102,90.967,99.173,110.54,123.67,136.98,149.23,159.6,167.69,173.26,176.37,177.48,177.01,175.43,173.26,170.8,168.45,166.17,164.12,162.24,160.54,158.9,157.32,155.5,153.39,150.69,147.29,143.13,138.09,132.52,126.78,121.21,116.41,112.48,109.49,107.38,105.97,105.33,105.09,105.21,105.56,105.85,106.03,106.03,105.91,105.5,104.92,104.16,103.22,102.16,101.05,99.818,98.587,97.415,96.301,95.246,94.308,93.429,92.608,91.905,91.319,90.674,90.088,89.502,88.916,88.271,87.685,87.04,86.395,85.868,85.34,84.93,84.52,84.285,84.109,83.875,83.699,83.465,83.582,84.813,87.978,94.132,103.57,115.53,128.6,141.37,152.69,162.06,169.04,173.73,176.19,176.78,176.01,174.31,172.2,169.8,167.52,165.29,163.35,161.54,160.01,158.49,156.91,155.27,153.1,150.34,146.94,142.61,137.56,131.94,126.31,121.09,116.7,113.12,110.43,108.55,107.38,106.79,106.62,106.68,106.85,107.03,107.09,106.97,106.62,106.09,105.39,104.57,103.63,102.57,101.46,100.4,99.407,98.47,97.59,96.887,96.184,95.539,95.011,94.367,93.663,93.077,92.374,91.612,90.85,90.088,89.326,88.505,87.685,86.981,86.513,86.044,85.692,85.223,84.813,84.461,84.754,86.513,90.909,99.056,110.54,124.02,137.92,150.93,162.18,171.03,177.25,180.76,182.05,181.82,180.35,178.36,176.13,174.02,172.15,170.45,168.98,167.75,166.58,165.35,164.06,162.47,160.48,158.02,154.8,150.87,146.12,140.55,134.58,128.6,123.03,118.34,114.59,111.72,109.66,108.43,107.73,107.5,107.55,107.67,107.85,107.91,107.85,107.67,107.26,106.62,105.8,104.92,103.92,102.92,101.87,100.93,100.05,99.232,98.352,97.356,96.36,95.363,94.367,93.488,92.55,91.612,90.674,89.795,88.857,88.037,87.275,86.688,86.161,85.809,85.458,85.223,85.047,85.282,86.571,89.854,96.477,106.5,119.04,132.47,145.42,157.08,166.69,173.85,178.48,180.76,181.11,180.18,178.48,176.37,174.2,172.03,170.09,168.39,166.87,165.46,164.23,162.94,161.42,159.66,157.43,154.62,150.99,146.47,141.2,135.22,129.18,123.38,118.34,114.24,111.13,108.84,107.38,106.5,106.09,105.97,106.03,106.09,106.09,105.91,105.62,105.09,104.45,103.63,102.63,101.58,100.52,99.466,98.47,97.532,96.594,95.715,94.894,94.132,93.253,92.374,91.495,90.498,89.56,88.564,87.626,86.806,85.985,85.34,84.813,84.344,84.109,83.875,83.699,83.406,83.406,84.168,86.571,91.729,100.29,111.83,125.14,138.38,150.4,160.54,168.28,173.44,176.13,176.89,176.13,174.43,172.2,169.74,167.28,165.11,163.12,161.3,159.6,158.02,156.38,154.62,152.51,149.93,146.59,142.55,137.68,132.23,126.43,120.8,115.76,111.54,108.38,106.09,104.62,103.8,103.57,103.74,104.1,104.51,104.86,105.03,104.98,104.74,104.21,103.57,102.75,101.81,100.76,99.583,98.47,97.415,96.477,95.539,94.718,94.015,93.194,92.374,91.495,90.615,89.736,88.857,88.037,87.275,86.571,85.809,85.164,84.754,84.344,84.168,83.992,83.816,83.699,83.934,85.282,88.916,95.773,105.97,118.52,131.7,144.19,155.09,164.06,170.62,174.78,176.78,177.07,176.19,174.43,172.32,170.04,167.93,165.93,164.06,162.3,160.66,159.08,157.32,155.32,152.92,149.93,146.12,141.61,136.39,130.82,125.26,120.16,115.88,112.42,109.84,108.02,106.91,106.38,106.15,106.27,106.38,106.56,106.62,106.5,106.15,105.74,105.09,104.27,103.33,102.34,101.28,100.23,99.173,98.177,97.297,96.418,95.598,94.777,94.074,93.253,92.491,91.612,90.733,89.854,88.974,88.154,87.333,86.688,86.044,85.633,85.282,85.047,84.754,84.461,84.52,85.458,88.388,94.367,103.92,116.23,129.71,142.9,154.74,164.76,172.38,177.42,180.18,181,180.47,179.12,177.19,175.14,172.97,170.92,168.98,167.16,165.41,163.82,162.12,160.31,158.31,155.79,152.75,148.94,144.36,139.03,133.23,127.42,122.03,117.4,113.71,111.01,108.96,107.73,107.03,106.79,106.73,106.79,106.85,106.85,106.73,106.44,105.97,105.39,104.57,103.63,102.63,101.69,100.76,99.818,98.939,98.059,97.239,96.36,95.539,94.718,93.781,92.843,91.788,90.791,89.795,88.857,87.978,87.216,86.688,86.22,85.985,85.751,85.458,85.282,85.34,86.337,89.209,95.011,103.92,115.41,128.13,140.61,152.04,161.83,169.39,174.49,177.3,178.3,177.89,176.37,174.31,171.85,169.51,167.16,165.05,163.12,161.24,159.43,157.55,155.5,153.04,150.17,146.59,142.31,137.15,131.47,125.61,120.04,115.17,111.25,108.32,106.09,104.68,103.92,103.63,103.69,103.92,104.16,104.39,104.39,104.21,103.92,103.33,102.69,101.81,100.81,99.759,98.763,97.649,96.711,95.773,95.011,94.132,93.253,92.374,91.436,90.44,89.443,88.388,87.333,86.395,85.633,84.871,84.227,83.758,83.289,118.28,113.83,110.13,107.38,105.44,104.1,103.51,103.33,103.63,103.98,104.39,104.68,104.86,104.92,104.68,104.16,103.51,102.75,101.81,100.87,99.876,98.939,98.001,97.063,96.125,95.246,94.308,93.429,92.432,91.436,90.498,89.56,88.564,87.626,86.806,86.102,85.575,85.047,84.696,84.461,84.344,84.168,83.992,84.227,85.809,89.619,96.77,107.44,120.51,134.22,147.18,158.31,167.05,173.32,176.95,178.24,177.89,176.37,174.14,171.5,168.81,166.23,163.94,161.89,159.95,158.02,156.03,154.03,151.75,148.94,145.42,141.2,136.22,130.77,125.2,119.98,115.58,112.13,109.37,107.5,106.38,105.91,105.8,105.91,106.09,106.44,106.62,106.62,106.38,105.97,105.44,104.74,103.86,102.92,102.05,101.11,100.23,99.29,98.411,97.59,96.77,95.832,94.836,93.898,92.96,91.964,90.909,89.971,89.15,88.447,87.743,87.157,86.806,86.571,86.278,86.044,85.868,86.278,87.978,92.139,99.583,110.37,123.26,136.57,148.99,159.78,168.51,174.61,178.24,179.71,179.59,178.42,176.54,174.31,171.91,169.68,167.69,165.76,163.88,162.06,160.31,158.37,156.03,153.33,149.93,145.95,141.14,135.63,129.83,124.26,119.28,115.12,111.77,109.43,107.91,107.03,106.68,106.68,106.85,107.2,107.38,107.38,107.2,106.85,106.38,105.68,104.8,103.92,103.04,102.16,101.28,100.35,99.525,98.645,97.825,96.711,95.656,94.66,93.663,92.55,91.495,90.44,89.56,88.74,88.037,87.45,86.981,86.806,86.571,86.278,86.22,86.923,89.326,94.308,102.69,114.18,127.42,140.91,153.39,163.94,172.15,177.83,181,182.05,181.47,179.94,177.71,175.25,172.67,170.33,168.22,166.34,164.64,162.89,161.19,159.31,157.2,154.5,151.16,147.06,142.19,136.63,130.59,124.79,119.63,115.29,111.95,109.49,107.85,106.97,106.68,106.68,106.85,107.2,107.44,107.5,107.32,107.03,106.56,105.91,105.03,104.1,103.16,102.28,101.4,100.46,99.583,98.763,97.825,96.887,95.773,94.66,93.546,92.432,91.26,90.147,89.15,88.271,87.626,87.04,86.63,86.278,86.044,85.809,85.633,85.868,87.333,90.967,97.825,107.91,120.39,133.58,146.12,157.26,166.23,172.73,176.66,178.36,178.3,177.07,175.02,172.5,169.86,167.28,164.94,162.83,160.89,159.02,157.08,155.03,152.8,150.05,146.65,142.55,137.62,132.05,126.31,120.8,115.99,112.07,109.08,106.97,105.62,104.92,104.68,104.74,104.98,105.33,105.5,105.62,105.5,105.15,104.62,103.86,102.98,101.93,100.93,99.935,98.939,98.001,97.063,96.184,95.305,94.425,93.488,92.55,91.495,90.498,89.502,88.564,87.685,86.923,86.22,85.692,85.223,84.871,84.52,84.285,84.109,83.875,83.992,85.047,88.154,94.484,104.21,116.76,130.36,143.48,154.97,164.23,170.86,174.78,176.37,176.13,174.55,172.26,169.57,166.81,164.23,161.89,159.66,157.73,155.91,154.09,152.1,149.81,146.94,143.37,138.97,133.93,128.36,122.74,117.64,113.18,109.72,107.09,105.39,104.27,103.86,103.92,104.21,104.62,104.92,105.15,105.21,105.09,104.74,104.16,103.33,102.4,101.34,100.29,99.232,98.235,97.297,96.36,95.422,94.543,93.663,92.843,91.964,91.202,90.322,89.502,88.681,87.919,87.216,86.571,86.044,85.575,85.164,84.93,84.696,84.403,84.168,84.227,85.164,88.037,93.898,103.22,115.35,128.89,142.08,153.8,163.35,170.39,174.84,177.01,177.25,176.19,174.2,171.68,169.04,166.52,164.06,161.89,159.84,158.08,156.32,154.44,152.39,149.87,146.65,142.72,137.97,132.64,127.01,121.68,116.93,113.06,110.07,107.85,106.44,105.68,105.44,105.56,105.8,106.09,106.38,106.5,106.44,106.09,105.62,104.92,104.1,103.16,102.16,101.17,100.17,99.232,98.294,97.415,96.535,95.656,94.836,94.015,93.136,92.198,91.319,90.381,89.56,88.798,88.037,87.45,86.864,86.395,86.161,85.985,85.809,85.633,85.692,86.806,90.088,96.653,106.97,120.04,134.16,147.76,159.72,169.33,176.25,180.47,182.34,182.4,181.29,179.3,177.01,174.61,172.38,170.39,168.57,166.93,165.35,163.88,162.3,160.6,158.55,155.97,152.75,148.7,143.72,138.15,132.23,126.49,121.39,117.05,113.65,111.25,109.55,108.55,108.02,107.91,108.02,108.14,108.2,108.14,107.91,107.55,106.91,106.15,105.39,104.45,103.51,102.51,101.46,100.64,99.759,98.88,98.059,97.18,96.301,95.363,94.367,93.429,92.432,91.495,90.498,89.619,88.857,88.212,87.802,87.45,87.099,86.923,87.04,88.095,91.202,97.122,106.38,118.05,130.94,143.6,155.09,164.94,172.44,177.42,180.18,181.11,180.7,179.24,177.36,175.25,173.2,171.21,169.33,167.57,165.93,164.23,162.53,160.66,158.55,155.91,152.63,148.64,143.78,138.27,132.17,126.25,120.86,116.35,112.89,110.25,108.49,107.44,106.91,106.85,106.97,107.2,107.38,107.44,107.32,106.97,106.5,105.8,104.98,104.04,103.04,101.93,100.81,99.583,98.587,97.59,96.711,95.949,95.187,94.425,93.663,92.901,92.198,91.319,90.498,89.619,88.798,87.978,87.216,86.63,86.102,85.692,85.399,85.223,84.989,84.871,85.223,86.981,91.377,99.349,111.01,124.85,139.21,152.57,164.17,173.44,180,183.75,185.1,184.81,183.17,180.94,178.36,175.84,173.67,171.74,170.04,168.63,167.22,165.82,164.29,162.59,160.54,157.9,154.62,150.52,145.48,139.73,133.58,127.48,121.91,117.28,113.71,111.07,109.2,108.02,107.44,107.26,107.32,107.44,107.5,107.44,107.26,106.85,106.38,105.62,104.68,103.74,102.69,101.63,100.52,99.525,98.587,97.708,96.946,96.125,95.305,94.425,93.488,92.491,91.495,90.498,89.502,88.505,87.626,86.864,86.22,85.692,85.282,85.047,84.813,84.52,84.285,84.285,85.106,87.626,92.901,101.46,112.89,125.72,138.5,150.11,159.78,167.16,172.15,174.72,175.43,174.67,172.91,170.68,168.22,165.82,163.53,161.42,159.49,157.61,155.85,153.98,151.87,149.23,146.06,142.19,137.51,132.11,126.43,120.86,115.82,111.66,108.43,106.09,104.62,103.74,103.51,103.57,103.92,104.27,104.62,104.8,104.74,104.57,104.1,103.45,102.63,101.63,100.52,99.407,98.235,97.122,96.066,95.07,94.191,93.312,92.608,91.846,91.202,90.44,89.736,88.974,88.212,87.45,86.688,85.985,85.34,84.813,84.344,83.992,83.699,83.406,83.23,82.996,82.879,83.172,84.93,89.209,97.18,108.67,122.44,136.57,149.64,160.66,169.22,175.02,178.12,179.06,178.24,176.42,173.9,171.27,168.63,166.17,164,162.06,160.31,158.67,156.97,155.21,153.04,150.52,147.18,143.13,138.27,132.7,126.84,121.33,116.46,112.54,109.61,107.55,106.27,105.62,105.44,105.62,105.91,106.27,106.5,106.56,106.44,106.03,105.5,104.74,103.86,102.92,101.87,100.81,99.759,98.645,97.59,96.653,95.773,95.011,94.249,93.488,92.784,92.022,91.319,90.557,89.736,88.974,88.154,87.45,86.747,86.102,85.692,85.282,85.047,84.871,84.696,84.461,84.696,85.985,89.56,96.477,106.91,119.75,133.29,146.18,157.49,166.69,173.44,177.66,179.71,180,179.06,177.3,175.14,172.79,170.56,168.51,166.69,164.94,163.35,161.65,159.95,158.02,155.68,152.75,149.05,144.6,139.38,133.7,127.83,122.44,117.75,113.94,111.01,108.9,107.61,106.91,106.73,106.79,106.97,107.2,107.26,107.09,106.85,106.44,105.85,105.03,104.16,103.16,102.1,100.99,99.935,98.88,97.883,97.004,96.125,95.363,94.543,93.781,92.96,92.198,91.377,90.557,89.736,88.857,88.037,87.275,86.688,86.161,85.809,85.575,85.34,85.106,84.93,85.047,86.337,89.795,96.594,106.97,119.98,133.75,146.94,158.55,168.1,175.14,179.47,181.47,181.7,180.53,178.65,176.42,174.08,171.85,169.8,167.98,166.34,164.82,163.24,161.6,159.78,157.61,154.91,151.63,147.41,142.49,136.86,130.88,124.96,119.75,115.41,112.07,109.66,108.02,107.09,106.73,106.68,106.79,106.91,107.03,107.03,106.91,106.56,105.97,105.21,104.39,103.33,102.28,101.22,100.17,99.114,98.118,97.18,96.36,95.539,94.836,94.132,93.37,92.55,91.671,90.733,89.795,88.916,88.037,87.275,86.571,85.926,85.458,85.164,84.989,84.813,84.637,84.637,85.164,87.157,91.671,99.583,110.72,123.73,136.98,149.29,159.84,168.22,174.08,177.42,178.77,178.42,177.01,174.9,172.56,170.09,167.75,165.58,163.59,161.71,160.01,158.2,156.2,153.86,151.16,147.82,143.6,138.68,133.17,127.37,121.74,116.82,112.71,109.55,107.26,105.74,104.86,104.57,104.51,104.68,104.92,105.15,105.21,105.09,104.8,104.21,103.51,102.63,101.63,100.52,99.407,98.294,97.122,96.066,95.129,94.249,93.429,92.726,91.964,91.26,90.44,89.678,88.857,88.095,87.275,86.571,85.868,85.223,84.696,84.168,83.816,83.523,83.289,83.054,82.82,82.761,83.113,84.813,88.974,96.594,107.61,120.74,134.28,146.88,157.67,166.17,172.15,175.49,176.72,176.37,174.72,172.44,169.8,167.11,164.64,162.36,160.25,158.31,156.44,154.56,152.57,150.17,147.24,143.6,139.26,134.11,128.6,123.09,118.05,113.83,110.43,107.85,106.15,105.09,104.68,104.62,104.8,105.09,105.39,105.56,105.62,105.44,104.98,104.45,103.63,102.75,101.75,100.76,99.583,98.528,97.473,96.535,95.598,94.777,94.074,93.37,92.726,92.022,91.319,90.615,89.854,89.092,88.271,87.509,86.747,86.044,85.458,84.989,84.637,84.344,84.227,84.051,83.875,83.875,84.696,87.45,93.194,102.51,114.59,128.01,141.08,152.69,162.36,169.68,174.43,176.95,177.54,176.78,175.14,172.85,170.45,168.1,165.87,163.82,161.83,159.95,158.08,156.03,153.86,151.16,147.94,144.01,139.32,134.05,128.42,122.97,118.16,114.12,111.01,108.67,107.2,106.32,105.97,106.03,106.27,106.5,106.68,106.73,106.62,106.38,105.8,105.09,104.16,103.16,102.1,101.05,99.994,98.939,97.942,97.004,96.125,95.305,94.484,93.722,92.96,92.257,91.377,90.498,89.619,88.74,87.919,87.099,86.395,85.751,85.164,84.813,84.52,84.285,83.992,83.875,84.168,85.751,89.678,97.063,107.85,121.04,134.87,147.76,158.84,167.75,173.9,177.6,179.06,178.83,177.3,175.19,172.61,170.09,167.69,165.46,163.47,161.6,159.84,158.2,156.32,154.15,151.69,148.53,144.72,140.03,134.69,128.89,123.09,117.87,113.47,110.13,107.67,106.09,105.15,104.86,104.92,105.15,105.44,105.68,105.74,105.68,105.39,104.86,104.1,103.28,102.28,101.34,100.29,99.29,98.294,97.297,96.418,95.598,94.718,93.898,93.136,92.257,91.319,90.44,89.502,88.564,87.685,86.923,86.22,85.633,85.106,84.696,84.344,84.168,83.934,83.699,83.699,84.52,87.099,92.432,101.17,112.71,125.72,138.56,150.17,159.84,167.11,171.85,174.31,174.72,173.85,171.91,169.51,166.87,164.23,161.83,159.54,157.49,155.62,153.8,151.81,149.58,146.88,143.54,139.44,134.58,129.18,123.73,118.57,114.06,110.43,107.73,105.8,104.57,103.92,103.74,103.92,104.21,104.57,104.74,104.86,104.8,104.51,103.92,103.28,102.4,101.46,100.4,99.349,98.294,97.356,96.418,95.48,94.66,93.898,93.194,92.315,91.436,90.557,89.736,88.916,88.037,87.216,86.63,85.985,85.399,84.93,84.696,84.461,84.285,84.051,83.875,84.168,85.692,89.56,96.77,107.61,120.86,134.75,147.7,158.84,167.69,173.85,177.36,178.59,178.12,176.48,174.2,171.56,168.92,166.52,164.35,162.36,160.48,158.72,156.97,155.21,153.04,150.34,147,142.84,138.03,132.64,127.01,121.68,117.05,113.3,110.43,108.32,106.97,106.38,106.15,106.27,106.44,106.68,106.85,106.85,106.62,106.27,105.68,104.92,104.04,103.1,102.1,101.11,100.11,99.232,98.294,97.473,96.594,95.773,94.894,94.074,93.136,92.139,91.26,90.322,89.443,88.564,87.743,87.099,86.571,86.161,85.926,85.633,85.34,85.164,85.458,87.04,90.967,98.352,109.25,122.38,135.98,148.76,159.72,168.57,174.78,178.36,179.77,179.47,178.18,176.25,174.02,171.68,169.45,167.46,165.7,164,162.3,160.6,158.78,156.79,154.39,151.16,147.29,142.61,137.33,131.53,125.72,120.39,115.88,112.36,109.78,108.14,107.03,106.62,106.56,106.73,106.97,107.2,107.26,107.09,106.79,106.38,105.74,104.92,103.92,102.92,101.99,101.05,100.17,99.173,98.294,97.473,96.653,95.773,94.718,93.722,92.784,91.905,90.909,89.912,89.033,88.271,87.626,87.04,86.63,86.278,86.102,85.868,85.633,85.926,87.626,91.729,99.29,110.25,123.5,137.33,150.22,161.48,170.5,176.89,180.47,181.88,181.58,180.12,178.01,175.49,172.97,170.62,168.51,166.64,164.88,163.18,161.6,159.95,158.02,155.62,152.57,148.76,144.13,138.68,132.82,126.84,121.39,116.76,113.12,110.37,108.38,107.2,106.62,106.5,106.62,106.73,106.85,106.91,106.85,106.62,106.15,105.5,104.68,103.74,102.75,101.69,100.7,99.7,98.763,97.883,97.004,96.125,95.187,94.308,93.37,92.432,91.377,90.322,89.326,88.447,87.568,86.864,86.22,85.751,85.34,85.106,84.93,84.696,84.52,84.989,86.63,90.498,97.649,108.14,120.86,134.22,146.88,157.73,166.4,172.56,176.13,177.48,177.13,175.6,173.44,170.8,168.16,165.7,163.35,161.3,159.43,157.67,155.91,154.09,151.92,149.23,145.89,141.67,136.74,131.18,125.49,120.04,115.35,111.54,108.67,106.62,105.39,104.68,104.51,104.62,104.86,105.15,105.39,105.44,105.33,104.92,104.39,103.57,102.63,101.63,100.46,99.349,98.294,97.297,96.36,95.48,94.66,93.839,93.077,92.257,91.436,90.557,89.736,88.857,87.978,87.157,86.395,85.809,85.223,84.813,84.461,84.168,83.934,83.758,83.465,83.406,84.109,86.513,91.846,100.76,112.65,126.19,139.62,151.63,161.54,168.92,173.73,176.19,176.66,175.72,173.85,171.44,168.75,166.11,163.71,161.48,159.43,157.55,155.79,153.92,151.87,149.29,146.12,142.31,137.68,132.47,127.07,121.8,117.11,113.18,110.13,107.85,106.44,105.62,105.33,105.33,105.56,105.85,106.03,106.09,106.03,105.8,105.33,104.62,103.8,102.87,101.87,100.81,99.7,98.587,97.532,96.594,95.715,94.894,94.249,93.488,92.726,91.964,91.26,90.557,89.795,89.033,88.388,87.685,87.04,86.513,85.985,85.692,85.399,85.164,84.93,84.754,84.871,85.985,89.385,96.066,106.44,119.57,133.58,146.94,158.67,168.1,174.78,178.83,180.53,180.47,179.24,177.13,174.61,172.2,169.86,167.69,165.76,164,162.36,160.78,159.08,157.14,154.8,151.92,148.17,143.6,138.38,132.76,127.13,121.86,117.34,113.88,111.25,109.37,108.2,107.61,107.5,107.67,107.85,107.91,107.96,107.91,107.61,107.09,106.38,105.62,104.68,103.69,102.57,101.46,100.4,99.349,98.352,97.473,96.653,96.008,95.246,94.425,93.663,92.901,92.139,91.319,90.381,89.56,88.798,88.037,87.45,86.864,86.513,86.278,85.985,85.751,85.458,85.751,87.099,90.85,98.001,108.73,122.15,136.39,149.87,161.65,171.27,178.12,182.23,183.93,183.87,182.52,180.41,177.95,175.49,173.32,171.38,169.63,167.98,166.52,165.11,163.71,162.01,159.95,157.43,154.33,150.28,145.36,139.73,133.75,127.83,122.5,117.87,114.3,111.72,110.02,108.9,108.32,108.2,108.32,108.49,108.55,108.49,108.32,107.91,107.38,106.62,105.8,104.86,103.8,102.69,101.58,100.52,99.525,98.587,97.708,96.946,96.184,95.422,94.601,93.781,92.96,92.139,91.202,90.322,89.502,88.681,87.919,87.275,86.864,86.571,86.337,86.102,85.868,85.809,86.278,88.388,93.136,101.28,112.65,125.84,139.32,151.87,162.65,171.27,177.13,180.53,181.82,181.41,179.94,177.83,175.43,173.14,170.86,168.92,167.16,165.64,164.06,162.47,160.78,158.78,156.38,153.39,149.64,145.07,139.67,133.81,127.95,122.44,117.75,114.06,111.25,109.31,108.02,107.38,107.09,107.2,107.32,107.44,107.44,107.32,106.91,106.44,105.74,104.92,103.98,102.98,101.87,88.447,87.743,87.157,86.747,86.395,86.161,85.985,85.692,85.399,85.047,84.696,84.285,83.816,83.23,82.761,82.292,81.882,81.472,81.237,81.003,80.769,80.593,80.651,81.589,84.461,90.615,100.4,113.3,127.37,140.96,152.98,162.65,169.8,174.43,176.6,177.01,175.96,174.02,171.62,169.1,166.75,164.7,162.89,161.24,159.78,158.43,157.08,155.56,153.68,151.46,148.41,144.66,140.14,134.87,129.3,123.85,118.98,114.88,111.6,109.2,107.5,106.44,105.85,105.74,105.8,105.97,106.09,106.09,106.03,105.74,105.33,104.68,103.86,102.92,101.93,100.93,99.876,98.763,97.649,96.535,95.422,94.367,93.312,92.374,91.553,90.791,90.147,89.678,89.209,88.798,88.447,88.037,87.685,87.275,86.864,86.278,85.751,85.106,84.461,83.934,83.347,82.996,82.644,82.351,82.117,81.824,81.882,82.937,86.102,92.726,102.98,116.05,130,143.19,154.74,164.12,171.21,175.78,178.3,179,178.48,177.13,175.37,173.49,171.62,169.92,168.39,166.93,165.58,164.12,162.65,161.13,159.37,157.26,154.56,151.22,147.12,142.19,136.63,130.65,124.79,119.51,115.12,111.66,109.2,107.5,106.5,105.97,105.91,106.03,106.32,106.44,106.5,106.38,106.03,105.62,104.92,104.16,103.22,102.16,101.11,99.994,98.88,97.708,96.535,95.422,94.367,93.37,92.55,91.788,91.202,90.615,90.088,89.619,89.092,88.623,88.037,87.45,86.747,86.102,85.399,84.813,84.168,83.758,83.406,83.172,82.996,82.644,82.586,83.054,84.989,89.502,97.532,108.9,122.33,135.81,148.23,158.78,167.22,173.26,176.95,178.59,178.77,177.71,176.13,174.2,172.15,170.15,168.39,166.75,165.23,163.82,162.36,160.89,159.25,157.26,154.86,151.81,148,143.37,137.97,132.11,126.13,120.51,115.58,111.77,108.9,106.91,105.62,104.98,104.74,104.74,104.92,105.09,105.21,105.15,104.92,104.51,103.92,103.22,102.34,101.34,100.23,99.114,98.001,96.77,95.656,94.66,93.722,92.843,92.139,91.436,90.791,90.264,89.619,88.974,88.271,87.626,86.864,86.161,85.458,84.813,84.227,83.699,83.289,82.996,82.761,82.527,82.292,82.117,82.468,84.109,88.095,95.363,105.91,118.4,131.23,143.13,153.33,161.54,167.63,171.5,173.44,173.79,172.97,171.38,169.39,167.11,164.94,162.89,160.89,159.13,157.38,155.68,153.92,151.92,149.64,146.77,143.19,138.85,133.87,128.36,122.74,117.58,113.12,109.55,106.85,104.98,103.86,103.22,103.1,103.22,103.51,103.8,103.98,103.98,103.8,103.45,102.87,102.1,101.17,100.23,99.114,98.001,96.77,95.656,94.601,93.605,92.726,91.905,91.202,90.44,89.795,89.15,88.505,87.802,87.157,86.513,85.809,85.106,84.461,83.934,83.406,83.054,82.82,82.527,82.351,82.117,81.882,81.882,82.527,84.93,90.029,98.528,110.07,123.09,136.1,147.82,157.55,164.94,169.86,172.5,173.26,172.56,170.86,168.69,166.23,163.82,161.48,159.37,157.43,155.68,153.98,152.28,150.4,148.17,145.42,142.02,137.74,132.88,127.54,122.27,117.23,113.01,109.55,106.91,105.09,103.92,103.33,103.22,103.28,103.57,103.8,103.92,103.98,103.86,103.51,102.98,102.28,101.4,100.46,99.466,98.411,97.356,96.301,95.305,94.367,93.488,92.726,91.964,91.319,90.615,89.912,89.209,88.564,87.861,87.157,86.513,85.809,85.164,84.637,84.168,83.875,83.699,83.523,83.347,83.113,83.113,83.934,86.571,92.022,101.05,112.95,126.13,138.97,150.58,160.13,167.46,172.44,175.19,176.13,175.6,174.26,172.32,170.09,167.81,165.64,163.53,161.6,159.78,158.08,156.32,154.44,152.22,149.58,146.24,142.19,137.39,132,126.43,121.21,116.7,112.95,110.02,107.85,106.5,105.74,105.5,105.5,105.68,105.85,105.97,105.97,105.8,105.44,104.86,104.16,103.33,102.4,101.4,100.35,99.29,98.294,97.297,96.418,95.656,94.894,94.191,93.429,92.608,91.788,90.967,90.088,89.209,88.447,87.568,86.806,86.044,85.458,85.047,84.754,84.52,84.344,84.109,84.051,84.813,87.275,92.667,101.63,113.53,126.9,140.26,152.28,162.42,170.27,175.49,178.42,179.3,178.83,177.3,175.25,172.97,170.74,168.63,166.69,164.88,163.12,161.54,159.95,158.25,156.32,153.92,150.99,147.24,142.72,137.45,131.7,125.9,120.63,116.11,112.48,109.78,107.91,106.79,106.15,105.97,106.03,106.27,106.44,106.44,106.32,105.97,105.56,104.92,104.16,103.22,102.28,101.22,100.23,99.232,98.352,97.473,96.594,95.715,94.894,94.132,93.312,92.491,91.612,90.674,89.736,88.798,87.919,87.099,86.395,85.868,85.458,85.106,84.871,84.696,84.403,84.52,85.399,88.037,93.429,102.1,113.59,126.43,139.26,150.87,160.78,168.51,173.67,176.66,177.66,177.3,175.96,174.02,171.74,169.51,167.28,165.23,163.35,161.54,159.72,157.9,155.97,153.62,150.81,147.35,143.13,138.09,132.52,126.78,121.33,116.41,112.48,109.49,107.32,105.91,105.15,104.86,104.86,105.03,105.21,105.44,105.5,105.33,104.98,104.45,103.74,102.87,101.93,100.87,99.818,98.763,97.708,96.711,95.773,94.894,94.191,93.37,92.55,91.671,90.791,89.854,88.916,87.978,87.099,86.278,85.633,84.93,84.403,84.051,83.758,83.465,83.289,83.113,83.113,83.934,86.571,91.964,100.81,112.36,125.31,137.97,149.46,159.08,166.4,171.33,174.02,174.67,174.02,172.26,169.98,167.46,164.88,162.42,160.25,158.14,156.2,154.33,152.39,150.17,147.59,144.54,140.73,136.16,130.94,125.31,119.8,114.88,110.72,107.61,105.44,103.98,103.16,102.92,103.1,103.45,103.86,104.16,104.45,104.45,104.21,103.74,103.1,102.22,101.22,100.17,99.056,97.942,96.887,95.832,94.894,94.074,93.253,92.374,91.553,90.674,89.795,88.916,88.095,87.275,86.571,85.809,85.106,84.52,84.051,83.582,83.289,83.054,82.761,82.41,82.175,82.351,83.875,87.568,94.191,103.98,116.17,129.24,141.67,152.45,161.01,167.11,170.74,172.15,171.85,170.39,168.16,165.58,162.83,160.25,157.84,155.73,153.74,151.92,150.17,148.23,145.95,143.07,139.5,135.16,130.12,124.73,119.51,114.82,110.9,107.79,105.5,103.98,103.1,102.87,102.92,103.28,103.8,104.16,104.45,104.45,104.39,104.04,103.45,102.69,101.81,100.87,99.818,98.645,97.532,96.594,95.656,94.777,94.015,93.253,92.491,91.729,90.909,90.264,89.56,88.798,88.095,87.333,86.747,86.161,85.692,85.223,84.871,84.696,84.344,84.051,83.816,84.227,86.22,90.909,99.056,110.49,123.79,137.39,149.87,160.48,168.86,174.67,178.07,179.24,178.83,177.3,175.14,172.67,170.09,167.69,165.58,163.53,161.71,160.01,158.37,156.61,154.62,152.1,148.99,145.13,140.5,135.1,129.48,123.97,119.16,115.17,112.01,109.61,108.14,107.32,106.91,106.91,107.03,107.32,107.44,107.44,107.26,106.85,106.38,105.62,104.68,103.74,102.75,101.81,100.81,99.876,98.939,98.118,97.297,96.418,95.539,94.718,93.898,93.077,92.022,91.084,90.264,89.443,88.564,87.802,87.157,86.806,86.513,86.22,85.926,85.692,85.809,86.923,89.912,96.008,105.5,117.64,130.88,143.84,155.68,165.58,173.08,177.89,180.41,181.11,180.41,178.83,176.66,174.37,172.26,170.27,168.39,166.64,165.05,163.59,162.01,160.31,158.31,155.85,152.8,148.94,144.19,138.74,132.82,126.9,121.62,117.11,113.59,111.07,109.2,108.02,107.55,107.44,107.5,107.61,107.79,107.85,107.73,107.38,106.79,106.15,105.39,104.45,103.45,102.4,101.46,100.52,99.7,98.821,97.942,97.122,96.301,95.363,94.425,93.488,92.491,91.495,90.498,89.56,88.74,88.037,87.509,87.04,86.747,86.513,86.22,85.985,86.044,86.923,89.56,95.011,103.86,115.7,128.95,142.08,153.98,164.17,172.15,177.48,180.41,181.41,181,179.53,177.48,175.19,172.91,170.86,168.92,167.11,165.46,163.94,162.3,160.48,158.31,155.73,152.57,148.53,143.66,138.03,132,126.02,120.51,115.88,112.36,109.84,108.26,107.26,106.79,106.79,107.03,107.32,107.5,107.61,107.55,107.38,106.85,106.15,105.39,104.45,103.33,102.28,101.22,100.29,99.349,98.47,97.59,96.77,96.008,95.187,94.308,93.312,92.315,91.319,90.381,89.385,88.505,87.802,87.157,86.688,86.278,86.044,85.926,85.751,85.633,86.102,87.919,92.198,99.583,110.13,122.68,135.81,148.11,158.84,167.46,173.61,177.3,178.83,178.59,177.36,175.37,172.97,170.5,168.1,165.93,163.94,162.06,160.13,158.31,156.38,154.09,151.51,148.23,144.3,139.5,133.99,128.13,122.44,117.4,113.3,110.07,107.73,106.27,105.44,105.15,105.21,105.5,105.8,106.09,106.15,106.03,105.68,105.15,104.51,103.57,102.57,101.46,100.4,99.349,98.235,97.239,96.36,95.598,94.718,93.839,93.077,92.198,91.319,90.381,89.443,88.564,87.802,87.099,86.395,85.809,85.34,85.106,84.871,84.637,84.344,84.168,84.168,84.871,87.099,92.139,100.46,111.77,124.73,137.8,149.81,159.84,167.52,172.56,175.25,175.96,175.19,173.26,170.74,168.04,165.41,162.94,160.6,158.49,156.67,154.91,153.04,150.99,148.41,145.36,141.43,136.69,131.23,125.67,120.39,115.7,111.72,108.73,106.56,105.21,104.51,104.21,104.21,104.57,104.92,105.15,105.21,105.09,104.8,104.27,103.57,102.63,101.63,100.52,99.349,98.177,97.063,96.066,95.129,94.249,93.312,92.491,91.729,90.967,90.147,89.326,88.505,87.743,86.981,86.278,85.633,85.047,84.637,84.227,83.875,83.523,83.23,82.996,82.761,82.82,83.699,86.395,91.905,100.64,112.01,124.79,137.62,149.17,158.72,165.99,170.92,173.55,174.2,173.38,171.62,169.33,166.87,164.35,162.01,159.78,157.9,156.32,154.62,152.92,150.99,148.76,145.89,142.14,137.56,132.35,126.78,121.45,116.52,112.48,109.43,107.2,105.62,104.74,104.51,104.62,105.03,105.44,105.74,105.97,106.03,105.85,105.44,104.8,104.1,103.22,102.16,101.05,99.994,98.997,98.059,97.122,96.184,95.363,94.601,93.781,92.96,92.139,91.319,90.557,89.736,88.916,88.154,87.568,86.981,86.395,85.985,85.751,85.633,85.34,85.106,85.164,86.044,88.857,94.601,103.92,116.17,129.83,143.19,155.09,165.05,172.61,177.6,180.23,180.94,180.23,178.77,176.66,174.43,172.26,170.15,168.39,166.69,165,163.41,161.95,160.31,158.31,155.91,152.98,149.23,144.66,139.32,133.46,127.78,122.56,118.05,114.41,111.72,109.9,108.79,108.2,107.96,108.14,108.26,108.38,108.38,108.32,107.96,107.5,106.73,105.85,104.98,103.98,102.92,101.87,100.87,99.935,98.997,98.118,97.239,96.418,95.598,94.66,93.722,92.843,91.964,91.026,90.147,89.385,88.623,87.978,87.509,87.099,86.864,86.63,86.278,86.161,86.747,88.857,93.488,101.4,112.48,125.55,138.91,151.51,162.36,171.09,177.36,181.11,182.58,182.34,181.06,179.06,176.72,174.37,172.26,170.39,168.69,167.16,165.76,164.29,162.83,161.07,158.9,156.26,152.92,148.76,143.6,137.92,131.94,126.13,120.98,116.76,113.47,111.13,109.55,108.55,108.02,107.96,108.14,108.26,108.32,108.26,108.02,107.61,106.97,106.27,105.39,104.45,103.33,102.28,101.22,100.23,99.232,98.235,97.415,96.653,95.832,95.07,94.249,93.429,92.55,91.671,90.733,89.795,88.974,88.212,87.568,86.923,86.571,86.337,86.161,85.926,85.751,85.809,86.864,89.854,95.773,105.33,117.64,131.12,144.3,156.2,166.11,173.67,178.65,181.35,182.17,181.64,180,177.89,175.49,173.26,171.09,169.16,167.46,165.87,164.29,162.83,161.07,159.08,156.61,153.51,149.58,144.72,139.21,133.23,127.25,121.74,117.11,113.47,110.78,108.79,107.61,106.97,106.85,106.85,106.97,107.03,107.09,106.97,106.62,106.03,105.44,104.62,103.69,102.57,101.4,100.29,99.173,98.001,96.887,95.832,95.011,94.191,93.37,92.667,91.964,91.319,90.557,89.795,88.974,88.154,87.45,86.63,85.926,85.34,84.93,84.461,84.168,83.934,83.758,83.523,83.347,83.582,85.047,88.623,95.363,105.44,117.93,131.23,143.95,154.97,163.88,170.39,174.37,176.25,176.25,175.14,173.2,170.8,168.28,165.87,163.59,161.54,159.6,157.73,155.91,154.09,152.1,149.76,146.65,142.84,138.38,133.05,127.31,121.56,116.41,112.19,108.79,106.38,104.86,104.1,103.86,103.92,104.21,104.68,105.03,105.21,105.15,104.92,104.51,103.8,102.98,101.99,100.99,99.994,98.997,97.942,96.946,96.066,95.246,94.367,93.488,92.55,91.612,90.615,89.56,88.564,87.743,86.981,86.337,86.044,86.395,87.802,90.674,95.422,102.51,111.48,121.74,132.05,141.55,149.64,155.85,160.13,162.47,163.24,162.77,161.3,159.13,156.55,153.8,150.99,148,144.72,140.96,136.8,132.11,126.9,121.45,115.99,111.13,106.97,103.69,101.17,99.525,98.645,98.352,98.528,98.997,99.759,100.52,101.22,101.75,102.05,102.16,102.1,101.69,101.05,100.23,99.349,98.411,97.297,96.184,95.07,93.898,92.784,91.612,90.557,89.56,88.623,87.685,86.806,85.985,85.34,84.813,84.168,83.699,83.289,82.996,82.644,82.351,82.175,82.175,82.234,82.292,82.292,82.292,82.234,82.058,81.706,81.355,80.944,80.417,79.831,79.245,78.717,78.365,78.131,77.779,77.545,77.369,77.603,79.127,83.523,92.608,106.38,122.74,139.09,153.8,166.05,175.49,181.99,185.57,186.68,186.04,184.4,181.99,179.41,176.95,174.72,172.85,171.21,169.57,168.1,166.75,165.35,163.76,161.83,159.43,156.5,152.75,148.11,142.78,137.04,131.29,125.9,121.21,117.4,114.53,112.48,111.01,110.07,109.55,109.37,109.25,109.14,108.84,108.61,108.26,107.73,106.97,106.09,105.21,104.27,103.22,102.1,101.05,100.05,99.056,98.118,97.18,96.36,95.656,95.011,94.249,93.488,92.726,92.022,91.319,90.498,89.619,88.857,88.212,87.626,86.981,86.513,86.161,85.926,85.633,85.223,84.989,85.282,86.63,89.912,96.184,105.56,117.17,129.59,141.55,152.39,161.42,168.51,173.26,175.84,176.95,176.78,175.78,174.26,172.38,170.56,168.81,167.16,165.46,163.94,162.42,160.95,159.25,157.2,154.74,151.81,148.17,143.66,138.44,132.7,126.84,121.5,116.82,113.01,110.13,108.14,106.85,106.09,105.8,105.85,106.03,106.32,106.38,106.38,106.15,105.85,105.33,104.57,103.69,102.75,101.75,100.64,99.466,98.352,97.415,96.477,95.598,94.718,94.074,93.37,92.608,91.788,90.909,90.088,89.385,88.505,87.685,86.864,86.22,85.751,85.282,84.989,84.754,84.52,84.344,84.285,84.93,87.157,92.315,100.93,112.65,126.08,139.5,151.87,162.53,170.92,176.89,180.35,181.93,181.82,180.7,178.89,176.89,174.78,172.85,171.03,169.39,167.87,166.52,165.05,163.53,161.89,160.01,157.67,154.68,150.93,146.36,140.91,134.93,128.71,122.85,117.81,113.71,110.6,108.38,106.91,106.15,105.85,105.85,105.97,106.09,106.15,106.15,105.97,105.62,104.98,104.21,103.33,102.34,101.22,100.17,99.114,98.118,97.122,96.242,95.363,94.543,93.781,92.901,92.022,91.084,90.088,89.15,88.212,87.45,86.688,85.985,85.399,84.989,84.696,84.403,84.168,83.875,83.699,83.816,84.696,87.216,92.432,100.99,112.24,124.85,137.39,148.76,158.25,165.58,170.5,173.26,174.14,173.67,172.32,170.33,168.04,165.76,163.59,161.65,159.84,158.14,156.44,154.74,152.92,150.75,148.06,144.72,140.61,135.81,130.36,124.67,119.22,114.47,110.6,107.67,105.56,104.16,103.33,103.1,103.22,103.57,103.86,104.1,104.21,104.16,103.86,103.45,102.75,101.87,100.87,99.818,98.645,97.532,96.418,95.363,94.425,93.546,92.726,91.964,91.26,90.557,89.854,89.15,88.447,87.685,86.981,86.278,85.633,84.989,84.403,83.934,83.582,83.347,83.172,82.996,82.761,82.586,82.996,84.754,88.916,96.477,107.38,120.21,133.46,145.89,156.5,165,170.97,174.61,176.13,175.96,174.55,172.5,170.09,167.69,165.35,163.24,161.36,159.6,158.08,156.55,154.97,153.21,151.1,148.29,144.72,140.38,135.16,129.59,124.02,118.93,114.53,111.07,108.43,106.68,105.62,105.09,105.03,105.21,105.56,105.8,105.97,106.03,105.91,105.56,104.98,104.21,103.33,102.34,101.34,100.23,99.114,98.059,97.004,96.066,95.187,94.425,93.663,92.96,92.315,91.612,90.909,90.264,89.56,88.798,88.095,87.45,86.747,86.102,85.575,85.164,84.93,84.696,84.461,84.227,84.227,85.047,87.626,93.194,102.34,114.35,127.72,140.91,152.8,162.83,170.56,175.72,178.65,179.71,179.24,177.89,176.01,173.9,171.85,169.92,168.1,166.4,164.88,163.3,161.83,160.13,158.25,155.91,153.04,149.35,144.95,139.73,133.99,128.19,122.74,118.05,114.24,111.31,109.25,107.91,107.2,106.91,106.91,107.09,107.32,107.38,107.26,106.97,106.62,106.03,105.33,104.51,103.51,102.4,101.28,100.17,99.114,98.059,97.122,96.242,95.422,94.66,93.898,93.253,92.55,91.788,91.026,90.264,89.443,88.681,87.919,87.216,86.688,86.161,85.868,85.575,85.282,84.989,84.813,85.164,86.806,90.909,98.528,109.61,122.85,136.69,149.58,160.89,169.98,176.6,180.7,182.58,182.75,181.76,180.06,178.07,176.01,174.08,172.26,170.62,169.1,167.69,166.28,164.94,163.35,161.54,159.37,156.55,152.98,148.53,143.37,137.45,131.23,125.37,120.1,115.88,112.6,110.31,108.73,107.79,107.44,107.38,107.5,107.61,107.67,107.67,107.5,107.09,106.56,105.8,104.98,104.04,103.04,102.1,101.17,100.23,99.349,98.528,97.708,96.887,96.008,95.011,94.015,92.901,91.846,90.909,90.029,89.326,88.681,88.447,88.798,90.264,93.37,98.763,106.56,116.29,127.01,137.74,147.7,156.14,162.77,167.34,169.98,170.97,170.74,169.57,167.75,165.64,163.35,161.13,158.84,156.61,154.33,151.81,148.88,145.36,141.2,136.27,130.82,125.08,119.34,114.24,110.07,106.73,104.39,102.81,101.99,101.75,101.93,102.28,102.81,103.22,103.63,103.86,103.8,103.57,103.04,102.4,101.58,100.64,99.466,98.352,97.122,95.949,94.66,93.546,92.432,91.319,90.264,89.209,88.271,87.509,86.688,86.102,85.633,85.223,84.989,84.754,84.52,84.344,84.109,83.758,83.406,82.996,82.468,81.941,81.355,80.886,80.417,80.065,79.772,79.596,79.42,79.245,79.42,80.769,84.813,92.784,105.15,120.39,135.98,150.28,162.36,171.74,178.18,181.82,182.99,182.34,180.53,178.07,175.31,172.61,170.15,167.98,166.05,164.41,162.94,161.48,160.07,158.43,156.44,153.86,150.58,146.41,141.43,135.86,130,124.26,119.16,115,111.72,109.37,107.79,106.85,106.5,106.44,106.56,106.68,106.73,106.62,106.38,105.91,105.39,104.62,103.69,102.75,101.69,100.64,99.525,98.587,97.649,96.77,96.008,95.187,94.367,93.546,92.784,91.964,91.202,90.381,89.56,88.74,87.978,87.275,86.747,86.22,85.926,85.633,85.399,85.106,84.871,84.696,84.93,86.22,89.502,95.48,104.51,115.76,128.01,139.91,150.58,159.31,165.87,170.27,172.56,173.2,172.5,171.03,169.04,166.93,164.7,162.53,160.54,158.72,156.97,155.27,153.45,151.28,148.7,145.42,141.43,136.63,131.29,125.78,120.57,115.99,112.24,109.31,107.2,105.85,105.15,104.92,105.03,105.39,105.68,105.85,105.97,105.91,105.68,105.21,104.62,103.8,102.87,101.93,100.93,99.935,98.939,98.059,97.18,96.301,95.539,94.718,93.898,93.077,92.198,91.319,90.381,89.502,88.623,87.802,87.099,86.513,85.985,85.692,85.34,85.106,84.871,84.871,85.458,87.919,93.253,102.34,114.82,128.89,142.84,155.56,166.23,174.37,179.82,182.75,183.63,182.99,181.41,179.36,177.07,174.9,172.91,171.21,169.57,168.1,166.75,165.35,163.88,162.18,160.07,157.43,154.09,149.93,144.95,139.26,133.17,127.31,121.97,117.58,114.12,111.54,109.78,108.79,108.26,108.14,108.14,108.2,108.26,108.26,108.02,107.67,107.09,106.44,105.56,104.68,103.69,102.69,101.69,100.76,99.876,98.997,98.177,97.297,96.418,95.48,94.543,93.488,92.491,91.553,90.615,89.736,88.916,88.212,87.743,87.275,87.04,86.806,86.571,86.337,86.63,88.037,91.553,98.059,107.73,119.8,132.76,145.18,156.38,165.58,172.44,176.95,179.12,179.59,178.77,177.07,174.9,172.67,170.45,168.39,166.52,164.82,163.18,161.54,159.78,157.84,155.62,152.8,149.23,144.95,139.79,134.05,128.13,122.44,117.46,113.42,110.37,108.26,106.79,106.03,105.74,105.8,105.97,106.15,106.32,106.32,106.09,105.74,105.15,104.45,103.51,102.4,101.4,100.35,99.349,98.352,97.415,96.535,95.656,94.836,93.898,92.96,92.022,91.026,90.029,89.092,88.212,87.333,86.63,85.985,85.458,85.047,84.813,84.52,84.344,84.109,84.051,84.637,86.688,91.436,99.583,111.01,124.2,137.56,149.87,160.25,168.28,173.73,176.72,177.66,177.13,175.49,173.26,170.8,168.39,166.11,164,162.06,160.25,158.55,156.85,155.03,152.92,150.34,147.12,143.02,138.03,132.52,126.72,121.09,116.11,112.07,108.9,106.68,105.33,104.57,104.27,104.45,104.68,104.98,105.21,105.39,105.21,104.92,104.45,103.69,102.75,101.75,100.64,99.466,98.352,97.297,96.301,95.363,94.484,93.605,92.726,91.905,91.084,90.322,89.502,88.74,87.919,87.157,86.513,85.868,85.34,84.93,84.52,84.227,83.992,83.582,83.289,83.172,83.816,85.985,90.674,98.645,109.61,122.33,135.16,147,156.97,164.76,170.04,173.08,174.14,173.73,172.32,170.27,167.98,165.76,163.53,161.54,159.72,158.08,156.44,154.74,152.86,150.69,147.88,144.36,139.97,134.81,129.18,123.56,118.34,114,110.43,107.79,105.97,104.92,104.45,104.45,104.74,105.15,105.62,105.91,106.03,105.91,105.62,105.09,104.39,103.51,102.51,101.46,100.4,99.29,98.294,97.297,96.418,95.539,94.66,93.781,92.901,92.022,91.202,90.381,89.56,88.74,87.978,87.275,86.688,86.102,85.751,85.399,85.223,84.989,84.754,84.754,85.399,87.978,93.488,102.57,114.65,128.36,141.9,154.15,164.53,172.44,177.71,180.7,181.64,181.11,179.71,177.6,175.37,173.14,170.97,168.98,167.22,165.64,164.06,162.53,160.95,159.08,156.85,154.03,150.52,146.12,140.96,135.22,129.36,123.73,118.87,114.94,111.95,109.84,108.49,107.73,107.44,107.44,107.55,107.73,107.79,107.73,107.5,107.09,106.5,105.74,104.8,103.86,102.87,101.87,100.87,99.935,99.056,98.177,97.297,96.477,95.598,94.66,93.781,92.843,91.905,90.967,90.088,89.326,88.505,87.861,87.45,87.099,86.864,86.571,86.22,86.161,86.806,89.092,94.191,102.69,114.06,127.07,140.03,152.04,162.47,170.68,176.48,179.88,181.23,181.11,180,178.18,176.07,173.9,171.79,169.86,168.04,166.4,164.88,163.3,161.71,159.84,157.67,154.86,151.34,147.06,141.84,136.1,130.12,124.44,119.51,115.41,112.36,110.13,108.67,107.91,107.61,107.55,107.67,107.79,107.85,107.79,107.55,107.09,106.5,105.74,104.86,103.92,102.92,101.93,100.99,100.11,99.232,98.411,97.59,96.77,95.832,94.894,93.898,92.901,91.905,90.85,89.912,89.033,88.212,87.568,86.981,86.63,86.337,86.161,85.926,85.809,86.337,88.564,93.37,101.75,113.24,126.66,140.38,153.04,164,172.61,178.59,182.05,183.28,182.87,181.35,179.18,176.72,174.2,171.85,169.74,167.87,166.11,164.53,163,161.3,159.43,157.14,154.27,150.58,146.06,140.79,134.87,128.77,123.03,118.1,114.12,111.07,108.84,107.44,106.68,106.32,106.32,106.38,106.56,106.56,106.5,106.27,105.74,105.09,104.21,103.33,102.34,101.28,100.17,99.114,98.118,97.122,96.242,95.363,94.543,93.605,92.726,91.788,90.85,89.912,89.033,88.154,87.45,86.63,85.985,85.399,84.989,84.637,84.403,84.168,83.934,83.758,83.992,85.282,88.798,95.363,105.15,117.4,130.47,142.9,153.86,162.65,169.1,173.14,175.02,175.19,174.14,172.26,169.92,167.52,165.05,162.77,160.6,158.67,156.79,154.91,152.98,150.81,148.17,144.89,140.73,135.86,130.47,124.79,119.28,114.47,110.54,107.55,105.5,104.16,103.63,103.51,103.63,103.98,104.39,104.68,104.86,104.8,104.57,104.04,103.28,102.34,101.28,100.17,99.056,97.883,96.711,95.715,94.777,93.898,93.077,92.257,91.436,90.615,89.795,88.974,88.154,87.45,86.63,85.868,85.223,84.696,84.168,83.816,83.465,83.289,83.054,82.761,82.586,82.996,84.813,89.033,96.77,107.79,120.92,134.4,146.88,157.49,165.82,171.5,174.67,175.78,175.31,173.73,171.56,169.04,166.58,164.23,162.12,160.19,158.43,156.79,155.27,153.45,151.22,148.7,145.42,141.37,136.51,131.06,125.49,120.21,115.58,111.72,108.84,106.79,105.56,104.86,104.68,104.8,105.15,105.56,105.8,105.91,105.91,105.68,105.21,104.57,103.74,102.81,101.81,100.76,99.7,98.587,97.708,96.887,95.949,95.129,94.308,93.488,92.608,91.729,90.85,90.088,89.385,88.623,87.861,87.157,86.688,86.22,85.926,85.692,85.399,85.164,85.047,85.399,87.157,91.553,99.407,110.6,123.73,137.33,149.93,160.78,169.33,175.25,178.59,179.94,179.71,178.36,176.31,174.02,171.68,169.51,167.46,165.64,163.88,162.24,160.6,158.9,156.97,154.62,151.63,147.88,143.31,138.03,132.35,126.66,121.5,117.17,113.65,111.07,109.14,107.96,107.44,107.32,107.38,107.55,107.73,107.85,107.79,107.44,106.85,106.09,105.33,104.45,103.51,102.4,101.34,100.4,99.525,98.645,97.708,96.887,96.008,95.246,94.367,93.429,92.491,91.553,90.733,89.854,88.916,88.095,87.45,86.923,86.63,86.22,85.926,85.633,85.633,86.513,89.326,95.187,104.68,117.17,131.06,144.72,157.14,167.46,175.19,180.18,182.75,183.28,182.4,180.64,178.36,176.13,173.9,171.85,169.98,168.45,166.99,165.7,164.23,162.59,160.78,158.61,155.79,152.1,147.47,142.19,136.16,129.94,123.97,118.75,114.53,111.42,109.2,107.73,106.97,106.79,106.91,107.09,107.44,107.55,107.55,107.38,106.91,106.44,105.68,104.74,103.74,102.75,101.81,100.93,99.994,99.056,98.118,97.297,96.36,95.422,94.367,93.37,92.374,91.377,90.381,89.385,88.505,87.685,87.04,86.63,86.22,85.985,85.692,85.458,85.575,86.63,89.502,95.363,104.62,116.52,129.83,142.84,154.62,164.41,171.85,176.72,179.3,180,179.3,177.71,175.66,173.38,171.09,168.92,166.99,165.17,163.47,161.83,160.13,158.31,156.03,153.33,149.87,145.59,140.61,134.93,128.95,123.09,118.05,113.83,110.6,108.38,106.85,106.03,105.74,105.85,106.09,106.38,106.56,106.56,106.5,106.09,105.56,104.86,103.98,103.04,101.99,100.87,99.876,98.939,98.001,97.122,96.242,95.363,94.484,93.546,92.608,91.612,90.615,89.56,88.623,87.685,86.864,86.102,85.458,85.106,84.813,84.52,84.227,83.992,83.992,84.696,87.099,92.315,100.93,112.6,125.84,139.09,151.16,161.24,168.98,174.26,177.13,177.95,177.25,175.55,173.32,170.8,168.22,165.87,163.59,161.54,159.66,157.79,155.91,153.86,151.51,148.53,144.89,140.5,135.28,129.65,123.91,118.63,114.18,110.54,107.85,106.03,104.98,104.51,104.45,104.62,104.92,105.21,105.39,105.39,105.09,104.68,104.04,103.16,102.16,101.05,99.935,98.88,97.825,96.887,96.008,95.187,94.308,93.488,92.667,91.729,90.791,89.912,88.974,88.095,87.275,86.571,85.868,85.282,84.813,84.403,84.227,84.051,83.758,83.406,83.347,83.875,85.751,90.088,97.825,108.61,121.39,134.4,146.47,156.79,164.76,170.15,173.2,174.14,173.55,171.91,169.57,166.99,164.41,162.01,159.72,157.73,155.85,154.03,152.16,150.05,147.53,144.42,140.61,135.92,130.65,125.26,119.98,115.23,111.36,108.32,106.27,104.86,104.1,103.86,104.04,104.45,104.8,105.09,105.39,105.39,105.15,104.74,104.1,103.28,102.4,101.34,100.23,99.173,98.177,97.239,96.301,95.422,94.601,93.781,92.901,92.022,91.26,90.44,89.619,88.74,87.919,87.216,86.63,86.044,85.633,85.282,85.106,84.93,84.696,84.403,84.52,85.868,89.385,96.242,106.73,119.86,133.81,146.94,158.25,167.46,174.08,178.07,179.88,179.88,178.65,176.72,174.37,171.85,169.45,167.28,165.35,163.47,161.83,160.19,158.49,156.5,153.98,150.87,147.12,142.55,137.33,131.53,125.84,120.68,116.23,112.65,110.07,108.32,107.38,106.85,106.73,106.85,107.09,107.38,107.5,107.38,107.09,106.73,106.03,105.15,104.16,103.16,102.16,101.11,100.11,99.173,98.294,97.473,96.594,95.715,94.894,94.074,93.136,92.139,91.202,90.322,89.443,88.564,87.802,87.099,86.688,86.278,85.985,85.751,85.575,85.458,85.985,87.978,92.608,100.76,112.01,124.96,138.27,150.58,161.19,169.57,175.43,178.95,180.41,180.29,179.06,177.25,175.14,172.97,170.92,168.98,167.22,165.58,163.88,162.18,160.36,158.37,155.85,152.8,149.05,144.48,139.21,133.29,127.37,121.8,117.05,113.3,110.49,108.55,107.38,106.73,106.62,106.73,107.03,107.26,107.38,107.32,107.03,106.62,105.97,105.15,104.27,103.28,102.22,101.22,100.23,99.349,98.411,97.532,96.653,95.773,94.894,94.015,92.96,92.022,91.026,90.088,89.15,88.388,87.626,86.981,86.513,86.161,85.926,85.633,85.399,85.34,86.102,88.505,93.546,102.16,113.94,127.37,140.85,153.33,163.88,172.03,177.6,180.7,181.76,181.23,179.71,177.48,175.19,172.79,170.56,168.51,166.69,164.94,163.24,161.48,159.66,157.55,154.91,151.75,147.82,143.02,137.39,131.29,125.2,119.63,115,111.42,108.79,107.03,106.03,105.56,105.56,105.85,106.15,106.5,106.62,106.62,106.38,105.85,105.21,104.45,103.57,102.57,101.46,100.4,99.407,98.47,97.532,96.653,95.773,94.836,93.839,92.843,91.788,90.791,89.795,88.798,87.919,87.04,86.337,85.751,85.282,84.989,84.754,84.52,84.344,84.285,84.871,86.981,91.612,99.525,110.6,123.5,136.63,148.7,159.08,167.11,172.73,175.96,177.13,176.66,175.19,173.08,170.56,168.04,165.64,163.3,161.19,159.19,157.26,155.27,153.1,150.75,147.82,144.25,139.79,134.75,129.18,123.67,118.57,114.12,110.6,107.91,106.03,104.92,104.39,104.27,104.45,104.74,104.98,105.15,105.09,104.92,104.57,103.92,103.16,102.22,101.22,100.17,99.114,98.118,97.18,96.242,95.422,94.543,93.722,92.901,92.022,91.084,90.264,89.385,88.447,87.626,86.864,86.161,85.575,85.047,84.696,84.403,84.168,83.934,83.758,83.582,83.992,85.751,89.912,97.473,108.32,121.15,134.58,147.06,157.79,166.28,172.26,175.72,177.13,176.89,175.37,173.2,170.68,168.04,165.58,163.3,161.19,159.31,157.49,155.73,153.86,151.69,148.99,145.54,141.37,136.27,130.82,125.14,119.86,115.29,111.6,108.84,106.85,105.68,105.15,105.09,105.33,105.74,106.03,106.32,106.38,106.27,105.91,105.39,104.62,103.74,102.81,101.75,100.7,99.583,98.587,97.649,96.77,96.008,95.187,94.367,93.546,92.726,91.846,90.967,90.088,89.326,88.447,87.685,86.981,86.395,86.044,85.751,85.458,85.223,84.989,84.871,85.164,86.981,91.436,99.349,110.54,123.73,137.15,149.7,160.36,168.69,174.55,178.01,179.36,179.18,177.95,176.07,173.85,171.62,169.45,167.46,165.64,163.82,162.12,160.36,158.43,156.26,153.62,150.34,146.41,141.61,136.16,130.41,124.73,119.57,115.29,111.95,109.49,107.85,106.91,106.56,106.56,106.79,107.03,107.32,107.38,107.32,106.97,106.5,105.8,104.92,103.98,102.92,101.87,100.87,99.935,98.997,98.118,97.239,96.418,95.598,94.777,93.898,93.077,92.022,91.026,90.088,89.15,88.388,87.685,87.04,86.63,86.278,86.044,85.809,85.575,85.575,86.278,88.798,94.074,102.87,114.76,128.13,141.49,153.8,164.35,172.5,178.07,181.17,182.29,181.93,180.41,178.3,176.01,173.55,171.33,169.16,167.16,165.41,163.71,161.95,160.19,158.2,155.79,152.75,148.94,144.3,138.85,132.93,126.9,121.45,116.76,113.06,110.31,108.43,107.32,106.79,106.68,106.85,107.03,107.26,107.32,107.2,106.91,106.5,105.85,104.98,104.04,103.1,102.05,100.99,99.935,98.939,98.059,97.18,96.301,95.422,94.543,93.605,92.608,91.553,90.557,89.56,88.623,87.743,86.981,86.337,85.868,85.575,85.282,85.047,84.813,84.637,84.813,86.161,89.736,96.36,106.38,118.75,132,144.66,155.85,164.94,171.62,175.78,177.71,177.89,176.66,174.72,172.38,169.8,167.28,165.05,162.94,161.01,159.13,157.32,155.44,153.33,150.69,147.47,143.66,139.03,133.75,128.07,122.44,117.34,113.12,109.72,107.32,105.74,104.86,104.51,104.51,104.68,105.03,105.44,105.56,105.5,105.33,104.86,104.1,103.22,102.22,101.22,100.17,99.056,98.001,97.063,96.242,95.363,94.543,93.722,92.901,92.022,91.202,90.147,89.326,88.505,87.685,86.923,86.22,85.692,85.223,84.813,84.461,84.227,84.051,83.875,83.816,84.461,87.04,92.491,101.28,113.12,126.43,139.73,151.75,161.65,169.16,174.08,176.54,177.07,176.01,174.14,171.74,169.16,166.58,164.12,161.95,160.01,158.2,156.38,154.56,152.51,150.11,147.06,143.25,138.68,133.46,127.83,122.38,117.34,113.24,110.02,107.61,105.97,105.09,104.8,104.86,105.09,105.39,105.68,105.85,105.8,105.56,105.09,104.51,103.74,102.81,101.75,100.7,99.7,98.645,97.59,96.594,95.715,94.894,94.132,93.253,92.374,91.495,90.674,89.795,88.916,88.037,87.275,86.63,85.985,85.399,85.106,84.871,84.696,84.344,84.051,83.934,84.696,87.099,92.315,100.99,112.71,126.13,139.5,151.63,161.83,169.68,174.9,177.6,178.36,177.6,175.96,173.67,171.27,168.75,166.58,164.53,162.65,160.89,159.13,157.49,155.68,153.57,150.87,147.53,143.48,138.62,133.11,127.31,121.8,116.93,112.95,109.84,107.67,106.32,105.62,105.44,105.56,105.85,106.15,106.44,106.5,106.38,106.03,105.56,104.86,103.98,103.04,102.05,101.05,99.994,98.997,98.059,97.18,96.36,95.48,94.601,93.781,92.901,92.022,91.202,90.264,89.385,88.564,87.802,87.099,86.63,86.161,85.926,85.692,85.399,85.164,85.106,85.868,88.447,94.015,103.16,115.41,129.07,142.55,154.74,165.05,172.79,177.95,180.7,181.35,180.7,179,176.89,174.61,172.38,170.33,168.45,166.69,165,163.41,161.83,160.07,158.02,155.5,152.39,148.47,143.84,138.44,132.64,126.78,121.45,116.87,113.18,110.49,108.61,107.5,106.91,106.73,106.85,107.03,107.26,107.32,107.26,106.91,106.5,105.85,105.03,104.16,103.16,102.16,101.17,100.23,99.29,98.411,97.59,96.711,95.832,95.011,94.074,93.077,92.022,91.026,90.029,89.092,88.271,87.568,86.923,86.513,86.161,85.868,85.633,85.34,85.282,86.102,88.681,94.191,103.22,115.23,128.48,141.61,153.51,163.47,171.09,176.25,179.12,180.06,179.59,178.18,176.13,173.85,171.56,169.45,167.52,165.76,164.12,162.47,160.95,159.19,157.2,154.74,151.69,147.82,143.19,137.8,132,126.13,120.74,116.17,112.48,109.72,107.85,106.68,106.09,105.91,105.91,106.09,106.27,106.32,106.27,105.97,105.5,104.86,104.04,103.16,102.16,101.17,100.17,99.232,98.352,97.415,96.594,95.715,94.777,93.898,92.96,92.022,91.026,90.088,89.15,88.271,87.509,86.864,86.278,85.926,85.633,85.34,85.164,84.93,84.813,85.34,87.45,92.257,100.46,111.77,124.73,137.8,149.81,160.13,168.16,173.9,177.25,178.59,178.42,177.07,175.08,172.67,170.27,167.93,165.82,163.88,162.01,160.31,158.55,156.73,154.68,152.16,149.05,145.13,140.38,134.93,129.12,123.44,118.28,114.12,110.84,108.49,106.85,105.97,105.62,105.56,105.74,105.91,106.15,106.27,106.09,105.85,105.39,104.68,103.86,102.92,101.99,100.99,99.994,99.056,98.177,97.297,96.477,95.656,94.777,93.898,92.96,91.964,90.967,90.029,89.092,88.212,87.45,86.747,86.161,85.751,85.399,85.223,85.047,84.871,84.989,86.044,89.033,95.011,104.27,116.29,129.3,142.02,153.45,162.94,170.15,175.02,177.48,178.12,177.36,175.6,173.26,170.68,168.16,165.82,163.71,161.83,160.07,158.37,156.67,154.8,152.57,149.76,146.18,141.78,136.69,131.06,125.37,120.16,115.76,112.24,109.55,107.61,106.5,105.91,105.8,105.85,106.09,106.38,106.5,106.44,106.15,105.74,105.15,104.45,103.57,102.63,101.63,100.64,99.7,98.763,97.883,97.063,96.242,95.363,94.484,93.605,92.608,91.671,90.733,89.795,88.974,88.212,87.568,87.04,86.688,86.337,86.161,85.926,85.751,85.751,86.513,88.916,94.249,103.04,114.82,127.95,140.96,152.75,162.59,170.27,175.31,178.12,179.06,178.48,176.95,174.78,172.44,169.98,167.75,165.7,163.76,161.89,160.07,158.2,156.14,153.68,150.69,147.06,142.61,137.45,131.82,126.13,120.74,116.17,112.54,109.72,107.85,106.68,106.09,105.91,106.09,106.38,106.68,106.79,106.85,106.68,106.27,105.62,104.86,103.98,102.98,101.99,100.99,99.994,99.056,98.177,97.356,96.535,95.715,94.836,93.898,92.901,91.964,90.967,90.029,89.15,88.388,87.685,87.04,86.571,86.22,85.985,85.809,85.575,85.458,85.985,88.095,92.901,101.17,112.54,125.67,138.85,150.93,161.24,169.33,174.78,178.01,179.06,178.59,177.07,174.84,172.38,169.86,167.52,165.23,163.18,161.24,159.37,157.49,155.44,152.98,150.11,146.59,142.37,137.39,131.76,126.02,120.63,115.88,112.07,109.14,106.97,105.68,104.92,104.68,104.74,104.92,105.09,105.15,105.15,104.98,104.62,104.04,103.33,102.51,101.58,100.46,99.407,98.411,97.415,96.535,95.656,94.777,94.015,93.136,92.198,91.26,90.264,89.209,88.271,87.45,86.63,85.926,85.282,84.813,84.403,84.109,83.875,83.582,83.347,83.347,84.227,86.923,92.374,101.22,113.06,126.25,139.21,150.87,160.48,167.75,172.38,174.67,175.02,173.85,171.79,169.16,166.4,163.71,161.13,158.78,156.61,154.56,152.63,150.58,148.29,145.59,142.31,138.15,133.34,127.95,122.38,117.11,112.48,108.79,105.97,104.1,102.98,102.51,102.51,102.75,103.16,103.57,103.86,104.04,104.04,103.8,103.33,102.69,101.87,100.99,100.11,99.173,98.235,97.356,96.418,95.48,94.484,93.37,92.257,91.026,89.854,88.798,87.802,86.923,86.22,85.809,85.809,86.571,88.388,91.905,97.649,105.5,114.88,124.79,134.4,142.9,149.81,154.86,158.25,159.95,160.31,159.54,158.08,155.91,153.51,150.81,147.94,144.72,141.26,137.15,132.7,127.54,122.09,116.52,111.31,106.73,103.04,100.29,98.352,97.18,96.594,96.653,97.122,97.825,98.587,99.349,100.05,100.52,100.81,100.81,100.52,100.05,99.349,98.528,97.532,96.477,95.363,94.249,93.136,91.964,90.791,89.736,88.681,87.685,86.747,85.868,85.106,84.403,83.875,83.406,83.172,82.996,82.937,82.937,82.937,82.879,82.82,82.644,82.41,82.117,81.648,81.179,80.71,80.241,79.772,79.479,79.186,79.01,78.717,78.6,79.127,81.413,87.275,97.942,112.6,129.07,144.95,158.67,169.92,178.18,183.46,185.92,186.15,184.86,182.58,179.88,177.07,174.43,172.03,169.98,168.22,166.69,165.23,163.88,162.42,160.72,158.55,155.73,152.16,147.82,142.61,136.86,131,125.43,120.63,116.76,113.71,111.48,110.07,109.2,108.79,108.67,108.67,108.61,108.55,108.32,107.96,107.5,106.85,106.03,105.15,104.16,103.1,102.1,101.11,100.11,99.232,98.352,97.473,96.594,95.773,94.894,94.074,93.194,92.315,91.436,90.557,89.736,88.916,88.212,87.626,87.099,86.747,86.513,86.161,85.868,85.633,85.692,86.864,90.029,96.184,105.62,117.4,130.24,142.61,153.68,162.94,169.86,174.55,177.13,178.01,177.54,176.31,174.55,172.61,170.68,168.81,167.05,165.35,163.76,162.12,160.42,158.55,156.32,153.62,150.34,146.36,141.55,135.98,130.06,124.2,118.93,114.53,111.13,108.67,107.03,106.09,105.68,105.74,105.97,106.32,106.56,106.62,106.62,106.38,105.85,105.15,104.45,103.57,102.57,101.58,100.46,99.466,98.47,97.532,96.711,95.949,95.129,94.308,93.429,92.491,91.553,90.615,89.678,88.798,87.919,87.157,86.571,86.044,85.692,85.458,85.223,85.047,84.989,85.633,87.861,92.96,101.87,114,127.83,141.84,154.62,165.58,174.02,179.77,182.93,183.99,183.52,181.93,179.77,177.36,175.08,172.97,171.09,169.57,168.04,166.75,165.35,163.94,162.3,160.36,157.9,154.8,150.87,145.95,140.26,134.05,127.83,122.27,117.4,113.65,110.84,108.9,107.67,107.03,106.91,107.03,107.26,107.44,107.5,107.44,107.2,106.68,106.03,105.21,104.21,103.16,102.05,100.93,99.876,98.763,97.708,96.77,96.008,95.246,94.543,93.839,93.194,92.432,91.612,90.733,89.854,88.974,88.095,87.333,86.747,86.161,85.751,85.399,85.223,85.047,84.813,84.754,85.282,87.333,92.022,100.11,111.25,124.26,137.45,149.7,160.25,168.63,174.43,177.89,179.18,178.89,177.42,175.31,172.85,170.5,168.22,166.23,164.41,162.77,161.24,159.6,157.9,155.91,153.51,150.52,146.77,142.14,136.8,130.94,124.9,119.45,114.76,111.07,108.32,106.5,105.39,104.86,104.8,104.98,105.21,105.56,105.74,105.68,105.44,104.98,104.27,103.51,102.51,101.4,100.29,99.114,97.942,96.711,95.539,94.484,93.488,92.608,91.788,91.084,90.498,89.912,89.385,88.857,88.212,87.626,86.981,86.278,85.633,84.989,84.344,83.758,83.289,82.996,82.82,82.586,82.41,82.175,82.117,82.644,84.696,89.443,97.649,109.14,122.5,136.04,148.64,159.25,167.46,173.08,176.19,177.13,176.48,174.67,172.26,169.51,166.81,164.29,162.06,160.07,158.37,156.73,155.21,153.45,151.46,148.88,145.59,141.49,136.63,131.12,125.43,120.1,115.41,111.66,108.79,106.73,105.44,104.68,104.51,104.57,104.86,105.09,105.33,105.39,105.15,104.74,104.1,103.28,102.28,101.22,100.05,98.939,97.649,96.477,95.246,94.074,92.843,91.671,90.674,89.795,89.033,88.447,87.919,87.568,87.216,86.923,86.63,86.22,85.809,85.34,84.871,84.344,83.816,83.23,82.82,82.41,82.117,81.882,81.589,81.355,81.062,80.886,81.296,82.996,87.216,94.777,105.68,118.69,132.05,144.3,154.68,162.77,168.45,171.79,173.2,172.91,171.62,169.63,167.28,165,162.89,160.89,159.13,157.55,156.14,154.68,153.16,151.34,149.05,146.06,142.19,137.56,132.23,126.72,121.45,116.76,112.77,109.66,107.5,106.03,105.21,104.98,105.09,105.39,105.68,105.97,106.09,106.09,105.91,105.5,104.86,104.04,103.04,101.99,100.87,99.759,98.587,97.415,96.301,95.187,94.132,93.136,92.315,91.553,90.85,90.322,89.854,89.443,88.974,88.564,88.095,87.685,87.157,86.63,85.985,85.399,84.871,84.403,84.051,83.816,83.523,83.23,82.996,82.996,83.582,86.044,91.436,100.46,112.65,126.43,139.85,151.92,162.01,169.8,175.19,178.3,179.47,179.24,178.07,176.31,174.31,172.26,170.27,168.51,166.87,165.29,163.88,162.42,161.01,159.31,157.26,154.62,151.28,147.18,142.25,136.63,130.65,124.96,119.86,115.7,112.42,110.13,108.55,107.67,107.32,107.32,107.44,107.61,107.73,107.79,107.67,107.32,106.73,106.03,105.15,104.21,103.16,102.05,100.87,99.759,98.587,97.532,96.535,95.656,94.836,94.132,93.429,92.784,92.198,91.495,90.733,90.029,89.385,88.681,87.919,87.216,86.63,86.102,85.692,85.34,85.106,84.813,84.52,84.403,85.106,87.568,92.843,101.63,113.36,126.6,139.67,151.57,161.48,169.22,174.55,177.6,178.83,178.59,177.42,175.66,173.67,171.62,169.68,167.93,166.28,164.76,163.18,161.65,160.13,158.31,156.03,153.33,149.87,145.59,140.55,134.81,128.95,123.38,118.57,114.53,111.54,109.43,108.14,107.38,107.03,107.03,107.32,107.5,107.55,107.5,107.32,106.91,106.38,105.62,104.68,103.69,102.69,101.58,100.35,99.232,98.235,97.297,96.418,95.539,94.777,94.132,93.429,92.667,91.905,91.202,90.44,89.619,88.798,87.978,87.275,86.688,86.161,85.751,85.399,85.223,84.989,84.754,84.637,85.399,88.037,93.546,102.51,114.35,127.72,140.91,152.8,162.65,170.15,175.31,178.18,179.12,178.59,177.19,175.31,173.2,170.97,168.92,167.05,165.35,163.76,162.18,160.54,158.9,156.97,154.56,151.46,147.59,143.07,137.74,132,126.25,121.09,116.82,113.42,110.9,109.2,108.14,107.67,107.55,107.61,107.79,107.96,108.02,107.85,107.5,106.97,106.44,105.74,104.86,104.04,103.22,102.4,101.63,100.7,99.818,98.88,97.883,96.711,95.598,94.543,93.546,92.491,91.436,90.674,90.44,90.967,92.55,95.598,100.76,107.85,116.46,125.72,134.87,143.31,150.52,156.03,159.95,162.12,163,162.65,161.42,159.54,157.32,154.74,151.92,148.64,144.95,140.73,135.98,130.65,124.96,119.22,114,109.37,105.56,102.69,100.76,99.583,99.114,99.114,99.525,100.29,101.11,101.81,102.28,102.69,102.87,102.87,102.57,101.99,101.22,100.4,99.466,98.411,97.356,96.301,95.187,94.074,92.901,91.788,90.733,89.678,88.623,87.626,86.747,85.985,85.282,84.52,83.934,83.347,82.937,82.468,82.175,81.999,81.941,81.941,81.941,81.882,81.882,81.882,81.648,81.355,80.944,80.475,79.948,79.303,78.658,78.131,77.721,77.369,77.076,76.783,76.783,77.545,80.417,87.099,98.645,114,130.41,145.71,158.84,169.39,177.01,181.64,183.58,183.46,181.88,179.47,176.72,173.85,171.27,168.92,166.93,165.11,163.41,161.89,160.31,158.55,156.38,153.62,150.22,146.06,141.08,135.45,129.59,124.02,119.16,115.12,111.95,109.66,108.32,107.5,107.03,106.97,107.09,107.26,107.32,107.09,106.79,106.38,105.74,104.92,103.92,102.87,101.81,100.76,99.525,98.411,97.415,96.477,95.598,94.718,93.898,93.253,92.55,91.788,90.967,90.264,89.56,88.798,88.095,87.333,86.747,86.22,85.751,85.282,84.989,84.754,84.461,84.168,83.875,83.875,84.637,86.747,91.084,98.235,108.02,119.51,131.06,141.78,150.93,158.25,163.41,166.58,167.81,167.69,166.64,164.82,162.53,160.13,157.79,155.56,153.51,151.46,149.35,147.18,144.72,141.67,137.92,133.4,128.36,123.03,117.87,113.3,109.49,106.56,104.45,102.98,102.1,101.87,102.05,102.4,102.87,103.22,103.57,103.74,103.69,103.33,102.87,102.16,101.34,100.35,99.29,98.118,97.004,95.949,94.777,93.839,92.96,92.198,91.436,90.557,89.736,88.974,88.271,87.626,86.923,86.22,85.692,85.164,84.754,84.285,83.992,83.816,83.699,83.406,83.172,83.113,83.758,86.102,91.377,100.23,112.3,126.08,139.73,152.1,162.36,170.15,175.37,178.12,178.89,178.07,176.37,174.14,171.62,169.16,166.93,164.94,163.24,161.6,160.13,158.72,157.32,155.62,153.45,150.64,147,142.49,137.21,131.59,126.08,121.04,116.82,113.36,110.72,108.84,107.79,107.32,107.2,107.26,107.44,107.61,107.73,107.61,107.32,106.85,106.27,105.5,104.57,103.57,102.51,101.46,100.46,99.525,98.645,97.825,97.004,96.184,95.305,94.425,93.546,92.726,91.846,91.026,90.147,89.443,88.798,88.154,87.743,87.45,87.099,86.864,86.571,86.337,86.63,88.154,92.022,99.114,109.37,121.8,134.87,147.24,158.14,166.81,173.26,177.25,179.24,179.53,178.77,177.25,175.37,173.32,171.33,169.45,167.69,166.11,164.53,163,161.36,159.6,157.49,154.8,151.34,147.18,142.31,136.74,130.94,125.31,120.27,116.23,113.06,110.78,109.31,108.49,108.26,108.26,108.32,108.49,108.61,108.61,108.38,107.91,107.38,106.68,105.8,104.86,103.8,102.81,101.87,100.93,99.994,99.056,98.177,97.356,96.418,95.48,94.601,93.722,92.843,91.846,90.909,90.088,89.385,88.681,88.095,87.743,87.509,87.157,86.864,86.571,86.864,88.681,93.077,100.81,112.01,125.31,139.09,152.1,163.35,172.44,178.89,182.7,184.16,184.04,182.81,181,178.83,176.54,174.43,172.61,170.97,169.45,167.93,166.58,165.17,163.53,161.54,159.02,155.79,151.81,146.88,141.08,134.87,128.77,123.32,118.75,115.06,112.36,110.54,109.43,108.73,108.49,108.43,108.55,108.55,108.43,108.26,107.85,107.32,106.56,105.62,104.62,103.63,102.51,101.4,100.4,99.525,98.645,97.708,96.711,95.773,94.894,93.898,92.843,91.788,90.791,89.912,89.033,88.212,87.626,87.099,86.747,86.395,86.161,85.985,85.751,85.633,85.985,87.802,91.846,98.997,109.08,121.09,133.75,145.71,156.14,164.41,170.39,174.14,175.78,175.78,174.61,172.79,170.62,168.22,165.93,163.76,161.89,160.13,158.37,156.61,154.8,152.75,150.11,146.83,142.66,137.86,132.35,126.55,120.92,116.05,112.07,109.08,106.91,105.56,104.86,104.68,104.8,105.09,105.56,105.85,105.97,105.85,105.5,104.98,104.27,103.33,102.22,101.05,99.935,98.821,97.649,96.594,95.598,94.777,94.015,93.194,92.374,91.553,90.791,89.971,89.15,88.388,87.743,87.099,86.395,85.868,85.399,85.106,84.871,84.52,84.227,83.992,83.875,84.168,85.809,89.971,97.532,108.38,121.33,134.87,147.53,158.49,166.99,172.85,176.37,177.66,177.3,175.72,173.44,170.92,168.57,166.23,164.17,162.42,160.89,159.49,158.14,156.61,154.86,152.69,149.76,146,141.32,135.92,130.18,124.49,119.28,114.94,111.6,109.2,107.5,106.56,106.27,106.38,106.73,107.03,107.38,107.55,107.55,107.32,106.85,106.27,105.5,104.57,103.51,102.28,101.17,100.05,99.056,98.059,97.18,96.418,95.598,94.777,94.015,93.253,92.55,91.788,91.026,90.264,89.56,88.974,88.388,87.802,87.333,87.099,86.923,86.688,86.337,86.161,86.63,88.388,92.608,100.23,111.13,124.02,137.51,150.11,161.07,169.86,176.13,179.88,181.47,181.58,180.53,178.83,176.66,174.43,172.38,170.56,168.81,167.16,165.7,164.23,162.77,161.01,158.78,156.14,152.8,148.53,143.48,137.8,131.94,126.37,121.45,117.28,114.12,111.83,110.49,109.66,109.31,109.25,109.43,109.55,109.61,109.49,109.2,108.79,108.2,107.32,106.38,105.44,104.45,103.28,102.16,101.11,100.17,99.29,98.411,97.532,96.711,96.008,95.246,94.367,93.488,92.608,91.788,90.967,90.147,89.443,88.798,88.388,87.919,87.626,87.275,87.04,86.864,86.981,88.388,92.139,99.173,109.78,122.85,136.86,150.4,162.42,172.15,179.12,183.46,185.51,185.69,184.63,182.81,180.76,178.59,176.54,174.67,172.97,171.56,170.27,168.98,167.63,166.23,164.7,162.59,160.01,156.5,152.22,147.06,141.08,134.63,128.3,122.68,118.05,114.47,111.83,110.13,109.2,108.84,108.79,108.96,109.25,109.43,109.49,109.37,108.9,108.38,107.67,106.79,105.74,104.68,103.57,102.57,101.46,100.4,99.466,98.587,97.825,96.946,96.008,95.07,94.191,93.312,92.374,91.436,90.557,89.795,89.092,88.505,88.037,87.743,87.568,87.275,86.923,86.806,87.45,89.56,94.249,102.16,113.24,126.13,139.26,151.51,162.06,170.5,176.54,180.12,181.64,181.47,180.35,178.65,176.66,174.61,172.67,170.86,169.22,167.69,166.17,164.7,163.06,161.24,159.02,156.14,152.57,148.11,142.84,136.86,130.53,124.49,119.1,114.82,111.42,109.08,107.5,106.68,106.44,106.56,106.79,107.09,107.38,107.44,107.26,106.85,106.32,105.62,104.68,103.63,102.57,101.4,100.29,99.232,98.235,97.297,96.477,95.656,94.836,94.074,93.253,92.432,91.553,90.674,89.795,88.857,88.095,87.333,86.688,86.102,85.751,85.458,85.282,85.047,84.754,84.52,84.989,86.806,91.026,98.763,109.72,122.85,136.39,148.88,159.54,167.98,173.79,177.19,178.42,178.07,176.66,174.61,172.26,169.86,167.63,165.64,163.82,162.18,160.6,159.08,157.38,155.44,152.98,149.93,146.06,141.37,135.92,130,124.14,118.69,114.12,110.54,107.91,106.15,105.09,104.68,104.68,104.92,105.21,105.56,105.74,105.74,105.5,104.92,104.16,103.28,102.28,101.17,99.994,98.821,97.59,96.477,95.48,94.543,93.663,92.843,92.198,91.436,90.674,89.912,89.209,88.564,87.861,87.157,86.571,86.044,85.575,85.164,84.813,84.461,84.227,84.051,83.758,83.523,83.758,84.989,88.271,94.601,104.16,116.29,129.36,141.84,152.75,161.48,167.81,171.62,173.38,173.32,172.03,169.98,167.63,165.05,162.59,160.36,158.37,156.61,154.97,153.39,151.69,149.76,147.29,144.19,140.26,135.45,129.94,124.2,118.63,113.65,109.61,106.5,104.27,102.98,102.34,102.16,102.4,102.92,103.51,103.92,104.16,104.16,103.98,103.63,102.92,102.1,101.05,99.994,98.939,97.825,96.594,95.48,94.484,93.605,92.784,92.139,91.436,90.733,90.088,89.56,88.974,88.388,87.743,87.157,86.63,86.102,85.692,85.282,84.989,84.813,84.52,84.227,83.934,83.875,84.754,87.568,93.312,102.63,114.88,128.54,142.19,154.44,164.53,172.15,177.13,179.71,180.23,179.41,177.66,175.49,173.2,170.92,168.81,166.93,165.23,163.76,162.42,161.07,159.6,157.84,155.68,152.86,149.23,144.72,139.38,133.58,127.66,122.33,117.69,114,111.19,109.25,108.02,107.5,107.32,107.38,107.55,107.79,107.91,107.85,107.55,107.03,106.44,105.62,104.68,103.69,102.69,101.69,100.7,99.7,98.763,97.883,97.004,96.184,95.363,94.543,93.663,92.726,91.905,91.026,90.264,89.502,88.74,88.095,87.685,87.275,86.981,86.688,86.278,86.044,86.22,87.568,91.084,97.942,108.2,120.86,134.52,147.59,159.31,168.92,176.01,180.41,182.64,182.99,182.11,180.47,178.53,176.48,174.55,172.79,171.21,169.74,168.45,167.16,165.93,164.53,162.94,160.89,158.25,154.86,150.75,145.71,139.97,133.87,127.72,122.27,117.69,114.12,111.48,109.66,108.55,108.02,107.91,107.96,108.14,108.2,108.2,107.96,107.61,107.09,106.44,105.68,104.74,103.74,102.69,101.63,100.64,99.7,98.763,97.825,96.946,96.066,95.129,94.249,93.37,92.432,91.495,90.557,89.736,88.916,88.212,87.626,87.157,86.864,86.688,86.395,86.161,86.044,86.688,88.916,94.015,102.63,114.35,127.95,141.61,154.27,165.05,173.49,179.3,182.64,183.81,183.46,182.11,180.18,178.07,176.01,174.08,172.38,170.86,169.51,168.16,166.93,165.64,164.12,162.24,159.84,156.85,152.98,148.29,142.72,136.63,130.3,124.44,119.28,115.23,112.13,110.02,108.55,107.79,107.5,107.5,107.61,107.73,107.79,107.73,107.5,107.09,106.56,105.8,104.86,103.86,102.75,101.63,100.46,99.407,98.411,97.473,96.653,95.949,95.187,94.425,93.663,92.843,91.964,91.084,90.264,89.385,88.564,87.802,87.099,86.63,86.22,85.926,85.751,85.458,85.223,85.282,86.102,88.74,94.191,103.16,115,128.24,141.37,153.33,163.47,171.38,176.66,179.71,180.7,180.23,178.95,177.07,174.9,172.85,170.86,169.04,167.34,165.82,164.29,162.83,161.13,159.19,156.79,153.8,150.11,145.48,140.2,134.28,128.3,122.62,117.75,113.71,110.72,108.55,107.2,106.44,106.03,106.03,106.09,106.27,106.32,106.27,105.97,105.56,104.98,104.21,103.33,102.28,101.22,100.11,98.939,97.825,96.711,95.773,94.894,94.132,93.37,92.667,91.905,91.202,90.498,89.736,88.916,88.154,87.45,86.688,85.985,85.399,84.989,84.637,84.344,84.109,83.934,83.699,83.465,83.934,85.692,89.854,97.415,108.32,121.33,134.69,147.18,157.9,166.4,172.5,176.01,177.48,177.25,175.84,173.67,171.21,168.63,166.23,164,162.06,160.25,158.55,156.91,155.27,153.21,150.75,147.59,143.6,138.74,133.23,127.42,121.8,116.87,112.77,109.61,107.32,105.85,105.03,104.74,104.74,104.98,105.21,105.44,105.56,105.44,105.15,104.62,103.92,103.04,102.05,100.93,99.759,98.528,97.356,96.184,95.129,94.132,93.253,92.432,91.671,91.026,90.498,89.854,89.326,88.681,88.095,87.509,86.864,86.278,85.692,85.164,84.813,84.461,84.285,84.109,83.934,83.758,83.582,83.816,85.047,88.388,94.718,104.51,116.82,130.06,142.72,153.92,163,169.68,173.9,176.01,176.31,175.31,173.55,171.38,169.04,166.81,164.7,162.83,161.07,159.43,157.79,156.03,154.03,151.63,148.53,144.66,139.97,134.63,128.89,123.32,118.28,114.12,110.9,108.49,106.91,106.03,105.74,105.8,106.03,106.38,106.62,106.73,106.68,106.38,105.91,105.33,104.51,103.57,102.51,101.4,100.29,99.114,98.059,97.004,96.066,95.246,94.484,93.781,93.136,92.432,91.671,90.967,90.322,89.619,88.798,88.037,87.275,86.63,85.926,85.399,85.047,84.813,84.637,84.403,84.227,84.344,85.399,88.564,94.718,104.45,116.87,130.36,143.43,155.21,165,172.44,177.42,180.06,180.88,180.23,178.83,176.78,174.67,172.56,170.56,168.69,166.93,165.29,163.71,162.01,160.19,158.14,155.56,152.39,148.41,143.6,138.09,132.17,126.25,120.8,116.23,112.6,109.9,108.02,106.91,106.38,106.15,106.27,106.44,106.5,106.56,106.44,106.09,105.68,104.98,104.1,103.16,102.1,100.99,99.876,98.763,97.649,96.653,95.715,94.777,94.015,93.194,92.432,91.553,90.674,89.736,88.857,87.978,87.157,86.395,85.751,85.164,84.754,84.344,84.168,83.934,83.582,83.289,83.23,83.816,85.926,90.557,98.47,109.37,121.91,134.75,146.47,156.55,164.29,169.68,172.73,173.85,173.49,172.03,169.98,167.69,165.29,163.12,161.13,159.31,157.61,156.03,154.44,152.63,150.58,148.06,144.89,140.91,136.1,130.65,124.9,119.45,114.47,110.49,107.5,105.33,103.92,103.16,102.98,103.1,103.51,103.86,104.16,104.27,104.21,103.92,103.45,102.75,101.87,100.87,99.818,98.645,97.532,96.418,95.422,94.425,93.546,92.726,91.905,91.026,90.147,89.326,88.505,87.685,86.923,86.22,85.633,84.989,84.403,83.992,83.699,83.347,83.054,82.761,82.41,82.41,83.23,85.868,91.377,100.17,111.77,124.96,138.03,149.81,159.54,166.87,171.74,174.26,174.84,174.02,172.26,169.92,167.46,165,162.65,160.66,158.84,157.26,155.68,154.09,152.45,150.34,147.76,144.42,140.26,135.28,129.83,124.26,118.93,114.35,110.66,107.79,105.8,104.51,103.86,103.74,103.86,104.16,104.51,104.74,104.86,104.8,104.57,104.04,103.33,102.57,101.58,100.46,99.349,98.294,97.18,96.184,95.246,94.367,93.488,92.667,91.788,91.026,90.264,89.502,88.798,88.037,87.333,86.747,86.22,85.751,85.399,85.106,84.93,84.637,84.227,84.051,84.344,86.102,90.381,98.001,108.96,122.09,135.75,148.47,159.37,167.98,174.08,177.66,179.24,179.06,177.83,175.78,173.55,171.33,169.16,167.22,165.58,164.06,162.59,161.3,159.78,158.2,156.14,153.57,150.22,146.06,141.14,135.63,130,124.55,119.75,115.76,112.65,110.37,108.84,107.96,107.55,107.44,107.55,107.67,107.67,107.55,107.32,106.85,106.27,105.5,104.62,103.69,102.69,101.69,100.76,99.818,98.939,98.118,97.297,96.418,95.598,94.777,93.898,92.96,92.022,91.202,90.264,89.443,88.681,87.978,87.45,87.04,86.688,86.337,85.985,85.868,86.395,88.681,93.663,102.22,114,127.48,141.14,153.68,164.35,172.61,178.24,181.41,182.58,182.23,181,179.18,177.19,175.25,173.38,171.74,170.27,168.81,167.52,166.11,164.76,163.12,161.19,158.67,155.56,151.69,146.88,141.2,135.04,128.89,123.2,118.34,114.53,111.66,109.66,108.38,107.73,107.55,107.55,107.73,107.85,107.85,107.73,107.44,106.91,106.27,105.44,104.51,103.51,102.51,101.46,100.46,99.525,98.645,97.825,96.946,96.066,95.187,94.249,93.312,92.315,91.377,90.44,89.56,88.74,88.037,87.45,86.923,86.63,86.278,86.044,85.751,85.809,86.806,89.736,95.715,105.15,117.46,131.06,144.48,156.55,166.64,174.2,179.12,181.64,182.23,181.41,179.71,177.54,175.25,172.97,170.97,169.22,167.63,166.17,164.82,163.35,161.83,159.84,157.49,154.56,150.81,146.24,140.79,134.87,128.71,122.97,118.05,114.06,111.13,108.96,107.67,106.97,106.68,106.73,106.97,107.2,107.32,107.26,106.97,106.56,105.85,105.03,104.16,103.1,102.05,100.99,99.876,98.821,97.883,97.004,96.184,95.422,94.601,93.839,93.077,92.257,91.436,90.557,89.619,88.681,87.861,87.04,86.395,85.868,85.458,85.223,85.047,84.871,84.637,84.754,85.809,88.974,95.305,105.03,117.4,131,144.19,156.14,165.99,173.44,178.24,180.76,181.35,180.64,178.95,176.72,174.37,171.97,169.74,167.63,165.7,163.94,162.3,160.6,158.78,156.67,154.03,150.75,146.53,141.49,135.75,129.59,123.67,118.34,114,110.6,108.26,106.68,105.8,105.44,105.44,105.62,105.8,106.03,106.03,105.91,105.62,105.03,104.27,103.51,102.51,101.34,100.23,99.056,97.942,96.887,95.832,94.894,94.132,93.37,92.608,91.846,91.084,90.264,89.443,88.505,87.626,86.747,85.926,85.164,84.52,83.992,83.523,83.23,82.996,82.761,82.527,82.41,82.761,84.168,87.743,94.367,104.27,116.64,129.71,142.31,153.33,162.12,168.45,172.32,174.02,173.9,172.61,170.56,168.04,165.46,163.06,160.72,158.67,156.79,155.03,153.39,151.51,149.29,146.65,143.31,139.21,134.22,128.77,123.2,117.93,113.36,109.66,106.85,104.86,103.57,102.87,102.69,102.75,102.98,103.28,103.57,103.63,103.51,103.16,102.69,101.93,100.99,99.935,98.821,97.59,96.418,95.305,94.249,93.194,92.257,91.436,90.615,89.912,89.326,88.623,87.978,87.333,86.688,86.044,85.399,84.813,84.227,83.758,83.23,82.879,82.468,82.234,82.058,81.824,81.472,81.355,81.824,83.582,87.978,95.715,106.79,119.8,133.11,145.42,155.73,163.76,169.16,172.2,173.2,172.56,170.92,168.63,165.99,163.41,161.01,158.67,156.55,154.68,152.92,151.1,149.11,146.77,143.78,140.14,135.69,130.53,125.2,119.98,115.35,111.48,108.43,106.27,104.68,103.74,103.33,103.45,103.69,103.98,104.21,104.45,104.51,104.27,103.86,103.22,102.51,101.63,100.64,99.525,98.47,97.356,96.301,95.187,94.249,93.37,92.608,91.788,91.026,90.381,89.736,89.033,88.388,87.743,87.099,86.513,85.868,85.282,84.871,84.461,84.168,83.934,83.699,83.347,83.113,83.113,84.109,87.216,93.546,103.45,115.99,129.71,143.07,154.86,164.47,171.5,175.84,178.07,178.3,177.25,175.37,173.14,170.8,168.57,166.4,164.53,162.89,161.3,159.72,158.2,156.5,154.56,152.04,148.82,144.77,140.14,134.81,129.24,123.79,118.98,115.06,112.01,109.66,108.14,107.2,106.79,106.73,106.79,106.85,106.91,106.91,106.68,106.27,105.56,104.8,103.92,102.98,101.99,100.93,99.876,98.88,98.001,97.122,96.301,95.539,94.777,94.074,93.253,92.374,91.436,90.557,89.678,88.857,87.978,87.216,86.513,85.926,85.458,85.164,84.93,84.696,84.403,84.52,85.692,88.798,95.246,105.33,118.16,132.17,145.65,157.61,167.46,174.67,179.18,181.29,181.64,180.64,178.89,176.66,174.31,172.03,170.04,168.45,166.93,165.46,164.12,162.65,161.24,159.54,157.38,154.56,150.99,146.65,141.49,135.69,129.53,123.67,118.63,114.53,111.36,109.08,107.5,106.73,106.44,106.5,106.68,106.79,106.91,106.91,106.73,106.32,105.68,104.86,103.98,103.04,102.05,100.99,99.935,98.939,98.001,97.18,96.301,95.422,94.543,93.722,92.901,92.022,91.084,90.088,89.209,88.388,87.568,86.747,86.044,85.633,85.34,85.106,84.813,84.52,84.52,85.34,87.743,92.784,101.34,113.12,126.49,139.91,152.22,162.65,170.74,176.13,179.06,180.06,179.53,178.07,176.07,173.85,171.74,169.8,167.98,166.28,164.76,163.18,161.6,159.95,158.08,155.79,152.92,149.35,144.95,139.73,133.93,127.95,122.15,117.23,113.18,110.13,107.91,106.56,105.74,105.44,105.39,105.56,105.74,105.85,105.8,105.62,105.21,104.68,103.92,102.98,101.93,100.87,99.759,98.645,97.649,96.653,95.715,94.836,94.132,93.312,92.491,91.612,90.733,89.795,88.857,87.861,86.981,86.161,85.458,84.871,84.344,83.992,83.758,83.465,83.23,83.054,83.172,84.168,87.099,93.136,102.69,115.06,128.71,142.14,154.03,163.76,170.8,175.25,177.3,177.48,176.31,174.2,171.56,168.86,166.23,163.94,161.83,160.01,158.25,156.55,154.86,152.98,150.75,147.94,144.42,140.14,135.04,129.48,123.85,118.57,114.06,110.43,107.73,105.85,104.8,104.21,104.16,104.39,104.68,104.98,105.09,105.09,104.92,104.57,103.92,103.16,102.22,101.17,100.11,98.997,97.942,96.946,95.949,95.07,94.249,93.488,92.726,91.905,91.084,90.322,89.502,88.74,87.919,87.157,86.513,85.868,85.223,84.813,84.461,84.227,83.992,83.816,83.523,83.523,84.403,87.099,92.843,102.16,114.3,127.72,140.91,152.69,162.3,169.57,174.2,176.54,177.01,176.13,174.26,171.97,169.51,167.05,164.82,162.77,160.95,159.25,157.61,155.91,154.03,151.87,149.05,145.48,141.14,136.04,130.47,124.9,119.8,115.41,111.95,109.31,107.5,106.38,105.85,105.74,105.85,106.09,106.44,106.56,106.5,106.27,105.8,105.21,104.45,103.51,102.57,101.46,100.46,99.407,98.411,97.532,96.711,95.949,95.129,94.367,93.546,92.726,91.846,90.967,90.147,89.385,88.505,87.743,87.04,86.395,85.926,85.633,85.34,85.164,84.93,84.754,85.106,86.981,91.612,99.818,111.42,125.14,139.09,151.98,163,171.56,177.42,180.7,181.82,181.35,179.88,177.83,175.55,173.32,171.21,169.33,167.63,166.05,164.47,162.94,161.24,159.37,156.97,154.09,150.58,146.24,141.14,135.28,129.24,123.38,118.22,114,110.84,108.73,107.5,106.79,106.68,106.85,107.26,107.55,107.73,107.73,107.55,107.26,106.62,105.74,104.8,103.8,102.75,101.69,100.64,99.583,98.763,97.883,96.946,96.066,95.246,94.367,93.488,92.491,91.553,90.674,89.854,88.974,88.154,87.509,86.981,86.63,86.22,85.926,85.692,85.458,85.692,86.864,90.322,96.946,106.91,119.51,133.05,146.18,157.84,167.28,174.2,178.48,180.53,180.88,179.88,178.07,175.84,173.55,171.33,169.16,167.22,165.46,163.88,162.24,160.54,158.67,156.44,153.74,150.28,146.12,141.14,135.45,129.36,123.44,118.22,114.12,111.01,108.73,107.32,106.62,106.44,106.62,106.85,107.03,107.32,107.38,107.2,106.73,106.15,105.5,104.62,103.63,102.57,101.58,100.64,99.759,98.821,97.883,97.004,96.184,95.246,94.367,93.488,92.491,91.495,90.498,89.56,88.681,87.919,87.216,86.688,86.278,86.044,85.809,85.575,85.399,85.751,87.216,91.084,98.235,108.73,121.56,135.04,147.94,159.31,168.45,174.84,178.83,180.41,180.29,179,176.89,174.49,171.97,169.68,167.52,165.58,163.76,162.01,160.25,158.37,156.2,153.57,150.28,146.24,141.43,135.92,130.06,124.32,119.16,114.88,111.48,108.96,107.38,106.38,105.97,105.91,106.09,106.38,106.56,106.56,106.44,106.09,105.62,104.86,104.04,103.04,101.99,100.99,99.935,98.997,98.059,97.122,96.242,95.363,94.484,93.546,92.608,91.671,90.674,89.678,88.681,87.802,86.981,86.337,85.751,85.282,84.93,84.696,84.403,84.109,83.934,84.109,85.282,88.447,94.484,103.86,115.7,128.6,141.26,152.45,161.48,168.1,172.26,174.14,174.14,172.85,170.74,168.22,165.58,163,160.6,158.43,156.5,154.62,152.69,150.64,148.17,145.24,141.55,137.1,131.94,126.43,120.98,116.05,111.83,108.55,106.15,104.57,103.63,103.22,103.28,103.63,103.98,104.27,104.51,104.57,104.45,103.98,103.45,102.63,101.69,100.64,99.525,98.47,97.415,96.477,95.48,94.601,93.781,92.901,91.964,91.084,90.147,89.326,88.505,87.685,86.864,86.161,85.458,84.93,84.461,84.051,83.758,83.465,83.23,82.996,82.879,83.289,85.164,89.619,97.356,108.38,121.45,134.87,147.24,157.67,165.76,171.27,174.37,175.37,174.72,173.14,170.8,168.16,165.58,163.06,160.72,158.67,156.67,154.8,152.92,150.87,148.47,145.54,141.84,137.39,132.23,126.72,121.33,116.46,112.42,109.25,106.91,105.44,104.57,104.27,104.51,104.8,105.21,105.62,105.85,105.91,105.74,105.39,104.74,103.92,102.98,102.05,100.99,99.935,98.939,97.942,97.004,96.125,95.246,94.367,93.488,92.667,91.729,90.85,90.029,89.15,88.447,87.685,86.981,86.395,85.985,85.692,85.458,85.223,84.93,84.754,85.164,87.157,91.788,99.935,111.42,124.9,138.74,151.46,162.18,170.45,176.01,179,179.88,179.24,177.54,175.37,172.91,170.56,168.39,166.34,164.53,162.94,161.24,159.6,157.84,155.85,153.51,150.4,146.59,141.9,136.63,130.88,125.31,120.21,115.99,112.65,110.19,108.55,107.55,107.03,106.97,107.09,107.38,107.55,107.55,107.44,107.03,106.56,105.8,104.98,104.04,103.04,101.99,101.05,100.11,99.232,98.352,97.473,96.594,95.773,94.894,94.015,93.077,92.139,91.202,90.264,89.385,88.564,87.861,87.275,86.806,86.513,86.22,85.985,85.692,85.692,86.63,89.443,95.305,104.8,117.23,131.06,144.6,156.97,167.28,175.14,180.18,182.75,183.28,182.52,180.76,178.48,176.07,173.73,171.62,169.68,167.93,166.34,164.88,163.35,161.71,159.95,157.73,154.91,151.28,146.94,141.67,135.81,129.71,124.02,119.04,115.06,112.01,109.84,108.49,107.79,107.55,107.55,107.67,107.85,107.91,107.79,107.55,107.09,106.5,105.74,104.86,103.86,102.92,101.87,100.93,99.994,99.056,98.177,97.297,96.418,95.539,94.601,93.605,92.608,91.671,90.733,89.795,88.916,88.154,87.626,87.099,86.806,86.571,86.278,85.985,85.985,86.806,89.385,94.836,103.74,115.53,128.95,142.19,154.15,164.29,172.03,177.25,180.06,180.94,180.35,178.89,176.89,174.67,172.5,170.5,168.69,166.99,165.29,163.76,162.12,160.31,158.2,155.68,152.57,148.7,144.01,138.5,132.52,126.6,121.09,116.41,112.71,110.02,108.14,106.97,106.44,106.27,106.44,106.62,106.73,106.79,106.68,106.44,105.97,105.33,104.51,103.57,102.57,101.4,100.35,99.407,98.47,97.532,96.594,95.773,94.894,94.074,93.077,92.022,91.026,90.088,89.092,88.154,87.275,86.63,85.985,85.458,85.164,84.93,84.696,84.403,84.168,84.461,85.985,89.619,96.418,106.5,118.98,132.23,144.95,156.03,165.05,171.68,175.66,177.42,177.36,176.13,174.08,171.56,168.86,166.34,164.12,162.06,160.07,158.25,156.5,154.62,152.51,149.87,146.65,142.72,138.03,132.64,126.84,121.33,116.35,112.24,108.9,106.62,105.15,104.39,104.04,104.1,104.45,104.8,105.09,105.15,105.03,104.8,104.27,103.63,102.63,101.63,100.64,99.466,98.352,97.18,96.125,95.246,94.308,93.429,92.608,91.846,91.084,90.322,89.443,88.564,87.802,87.04,86.278,85.575,84.989,84.52,84.109,83.758,83.406,83.172,82.937,82.586,82.527,83.406,86.22,91.964,101.05,113.01,126.31,139.56,151.46,161.19,168.45,173.2,175.49,175.84,174.72,172.67,170.27,167.57,164.94,162.42,160.31,158.49,156.73,155.03,153.33,151.46,149.17,146.24,142.49,137.97,132.93,127.48,122.03,117.11,113.06,109.84,107.5,105.85,104.92,104.62,104.74,104.98,105.39,105.68,105.91,105.97,105.74,105.33,104.68,103.92,103.04,101.99,100.87,99.818,98.763,97.59,96.594,95.656,94.894,94.249,93.488,92.726,91.964,91.26,90.557,89.736,88.974,88.212,87.568,86.923,86.337,85.809,85.458,85.282,85.106,84.813,84.52,84.52,85.575,88.623,95.011,104.98,117.75,131.53,144.77,156.55,166.23,173.44,178.07,180.35,180.94,180.18,178.53,176.42,174.08,171.79,169.63,167.63,165.76,164,162.24,160.54,158.67,156.5,153.86,150.69,146.77,142.02,136.57,130.77,125.14,119.98,115.76,112.36,109.9,108.32,107.44,107.03,107.03,107.26,107.5,107.67,107.67,107.55,107.2,106.68,105.97,105.09,104.1,103.04,101.93,100.87,99.818,98.763,97.883,97.004,96.125,95.363,94.601,93.839,93.077,92.257,91.377,90.498,89.619,88.74,87.919,87.216,86.63,86.102,85.751,85.458,85.223,84.989,84.871,85.458,87.685,92.667,101.28,113.06,126.6,140.26,152.8,163.47,171.74,177.42,180.7,181.93,181.7,180.29,178.3,176.07,173.79,171.74,169.86,168.16,166.64,165.05,163.53,162.01,160.19,158.08,155.38,152.04,147.88,142.84,137.15,131.12,125.2,119.92,115.53,112.19,109.72,108.14,107.09,106.73,106.68,106.79,106.97,107.09,107.09,106.97,106.68,106.09,105.44,104.62,103.69,102.69,101.58,100.46,99.349,98.294,97.297,96.418,95.656,94.894,94.249,93.488,92.726,91.905,91.026,90.147,89.326,88.505,87.685,86.981,86.337,85.868,85.458,85.223,85.047,84.871,84.754,85.047,86.63,90.557,97.942,108.67,121.62,135.04,147.82,159.02,168.1,174.72,178.89,180.82,181,179.94,178.01,175.72,173.32,171.03,168.98,167.05,165.35,163.76,162.18,160.54,158.72,156.61,153.92,150.52,146.24,141.14,135.45,129.36,123.61,118.52,114.35,111.13,108.79,107.26,106.32,105.85,105.8,105.85,105.97,106.03,106.03,105.85,105.44,104.86,104.16,103.28,102.34,101.22,100.11,98.997,97.883,96.77,95.773,94.836,94.074,93.312,92.55,91.846,91.202,90.44,89.619,88.798,87.919,87.099,86.337,85.692,85.047,84.461,83.992,83.582,83.347,83.113,82.879,82.644,82.82,83.816,86.747,92.608,101.93,114,127.25,140.14,151.46,160.72,167.75,172.26,174.61,175.08,174.26,172.5,170.27,167.81,165.29,163,160.78,158.78,156.91,155.03,153.16,151.1,148.7,145.65,142.08,137.56,132.41,126.9,121.39,116.29,112.01,108.67,106.27,104.62,103.69,103.22,103.16,103.45,103.74,103.98,104.16,104.16,103.98,103.57,102.87,102.1,101.17,100.11,98.997,97.883,96.653,95.48,94.425,93.429,92.491,91.671,90.909,90.322,89.678,89.092,88.623,88.037,87.509,86.923,86.337,85.751,85.106,84.52,84.051,83.523,83.23,82.937,82.761,82.468,82.234,82.058,82.175,83.23,86.395,92.784,102.81,115.53,129.3,142.43,153.86,163,169.63,173.79,175.66,175.78,174.61,172.61,170.27,167.75,165.29,163.12,161.13,159.25,157.55,155.91,154.27,152.28,149.99,147,143.31,138.74,133.46,127.95,122.44,117.58,113.42,110.19,107.73,106.09,105.09,104.68,104.68,104.8,105.09,105.33,105.44,105.44,105.15,104.74,104.16,103.45,102.57,101.63,100.64,99.466,98.352,97.239,96.125,95.129,94.132,93.312,92.55,91.905,91.319,90.733,90.147,89.619,89.033,88.505,87.861,87.157,86.571,85.868,85.282,84.813,84.344,84.051,83.875,83.582,83.406,83.23,83.699,85.633,90.147,98.294,109.72,123.09,136.69,149.11,159.78,168.16,174.08,177.54,179.06,179,177.89,176.07,173.9,171.74,169.68,167.81,166.05,164.47,162.94,161.3,159.6,157.73,155.5,152.75,149.23,144.95,139.91,134.28,128.48,122.85,117.99,114,110.9,108.73,107.38,106.62,106.38,106.44,106.62,106.79,106.91,106.91,106.73,106.38,105.8,105.09,104.21,103.22,102.16,101.05,99.935,98.88,97.825,96.711,95.832,95.011,94.249,93.546,92.901,92.257,91.553,90.85,90.088,89.385,88.623,87.802,87.04,86.337,85.751,85.223,84.93,84.637,84.344,84.109,83.992,84.285,85.926,89.971,97.473,108.43,121.56,135.1,147.94,159.19,168.16,174.67,178.65,180.47,180.64,179.53,177.71,175.55,173.32,171.09,169.16,167.34,165.82,164.29,162.83,161.3,159.6,157.61,155.09,151.98,148.11,143.37,137.92,132,126.19,120.8,116.29,112.71,110.19,108.38,107.26,106.73,106.56,106.62,106.79,106.91,106.91,106.79,106.44,105.91,105.21,104.45,103.51,102.51,101.4,100.29,99.173,98.059,96.946,95.832,95.011,94.132,93.429,92.726,92.198,91.553,90.967,90.381,89.736,88.974,88.212,87.509,86.747,86.044,85.399,84.93,84.52,84.285,84.109,83.875,83.582,83.582,84.344,86.864,92.315,101.28,113.36,126.9,140.26,152.39,162.53,170.45,175.78,178.77,179.71,179.12,177.54,175.43,173.14,170.8,168.75,166.81,165.05,163.41,161.89,160.31,158.55,156.55,154.09,151.1,147.29,142.72,137.45,131.53,125.61,120.1,115.35,111.66,108.84,106.91,105.74,105.15,105.03,105.15,105.44,105.62,105.68,105.68,105.44,104.98,104.39,103.57,102.63,101.58,100.4,99.29,98.118,96.946,95.715,94.543,93.488,92.55,91.729,91.026,90.44,89.854,89.326,88.798,88.212,87.626,86.981,86.278,85.692,84.989,84.344,83.758,83.23,82.879,82.527,82.292,81.999,81.706,81.53,81.706,82.82,85.868,92.022,101.69,114,127.42,140.26,151.57,160.78,167.63,172.03,174.26,174.61,173.67,171.85,169.57,167.05,164.53,162.24,160.07,158.08,156.2,154.44,152.57,150.58,148.17,145.24,141.55,137.04,131.94,126.43,120.98,115.99,111.83,108.55,106.15,104.57,103.69,103.28,103.28,103.57,103.86,104.1,104.21,104.16,103.98,103.57,102.92,102.1,101.17,100.11,98.939,97.708,96.535,95.305,94.132,92.901,91.846,90.909,90.029,89.326,88.681,88.095,87.685,87.216,86.806,86.337,85.926,85.399,84.93,84.344,83.816,83.289,82.82,82.351,82.058,81.882,81.589,81.355,81.12,81.003,81.53,83.465,88.095,96.125,107.38,120.63,134.05,146.36,156.55,164.47,169.92,173.14,174.26,173.79,172.32,170.09,167.63,165.11,162.77,160.6,158.67,156.91,155.32,153.68,152.04,150.11,147.7,144.54,140.61,135.86,130.47,124.9,119.69,115.06,111.31,108.43,106.38,105.09,104.45,104.16,104.39,104.68,104.98,105.21,105.39,105.33,105.03,104.57,103.86,103.04,102.05,100.99,99.876,98.645,97.473,96.36,95.246,94.249,93.253,92.374,91.553,90.909,90.322,89.795,89.385,88.857,88.388,87.919,87.333,86.806,86.22,85.692,85.047,84.461,84.051,83.758,83.465,83.289,83.054,82.761,82.761,83.582,86.571,92.784,102.75,115.53,129.42,142.66,154.33,163.82,170.8,175.37,177.83,178.48,177.89,176.42,174.49,172.44,170.39,168.45,166.69,165.05,163.53,162.12,160.66,159.19,157.38,155.27,152.51,148.99,144.66,139.62,134.05,128.24,122.79,118.05,114.12,111.07,108.9,107.5,106.73,106.44,106.38,106.5,106.62,106.68,106.62,106.44,105.97,105.5,104.74,103.86,102.87,101.81,100.76,99.525,98.411,97.356,96.301,95.422,94.543,93.781,93.136,92.432,91.788,91.202,90.498,89.795,89.033,88.271,87.626,86.864,86.22,85.633,85.164,84.871,84.637,84.344,84.109,83.934,84.109,85.458,89.15,96.242,106.79,119.69,133.23,146.06,157.26,166.23,172.79,176.95,178.95,179.24,178.36,176.72,174.72,172.61,170.62,168.75,167.05,165.58,164.23,162.94,161.54,160.07,158.25,155.97,153.16,149.58,145.18,139.91,134.16,128.19,122.56,117.69,113.71,110.72,108.61,107.2,106.44,106.15,106.09,106.32,106.44,106.5,106.44,106.15,105.8,105.15,104.51,103.57,102.63,101.58,100.46,99.349,98.235,97.18,96.184,95.305,94.484,93.722,93.077,92.374,91.671,90.967,90.264,89.56,88.798,87.978,87.157,86.513,85.809,85.223,84.813,84.461,84.285,84.051,83.875,83.816,84.285,86.337,91.026,99.173,110.6,123.85,137.21,149.58,160.01,168.22,173.9,177.19,178.36,178.12,176.89,175.08,172.91,170.8,168.92,167.16,165.64,164.12,162.65,161.24,159.66,157.9,155.79,153.1,149.76,145.59,140.73,135.22,129.48,123.85,118.93,114.88,111.66,109.25,107.55,106.44,105.8,105.5,105.44,105.44,105.44,105.33,105.09,104.8,104.39,103.74,102.92,101.99,100.99,99.818,98.528,97.297,96.008,94.718,93.605,92.667,91.788,91.026,90.44,89.854,89.385,88.916,88.505,88.037,87.626,87.099,86.63,86.102,85.575,85.047,84.637,84.227,83.934,83.582,83.347,82.996,82.879,83.465,85.751,90.615,98.939,110.19,122.91,135.69,147.35,157.26,164.94,170.33,173.49,174.67,174.43,173.14,171.09,168.75,166.34,164.12,161.95,159.84,157.9,156.14,154.33,152.45,150.17,147.47,144.19,140.03,135.22,129.89,124.32,119.04,114.35,110.6,107.67,105.68,104.27,103.63,103.45,103.51,103.74,103.98,104.16,104.21,104.1,103.74,103.1,102.34,101.4,100.35,99.232,98.001,96.77,95.598,94.484,93.429,92.432,91.495,90.674,89.912,89.326,88.681,88.037,87.45,86.806,86.102,85.575,84.93,84.285,83.758,83.172,82.761,82.351,82.058,81.824,81.53,81.296,81.12,81.062,81.824,84.051,88.974,97.297,108.67,121.74,134.93,146.83,156.61,164.06,168.92,171.5,172.15,171.21,169.39,166.99,164.47,162.06,159.84,157.79,156.03,154.44,152.92,151.28,149.64,147.47,144.77,141.37,137.15,132.23,126.84,121.39,116.29,112.01,108.55,105.91,104.1,102.98,102.51,102.4,102.69,103.04,103.45,103.74,103.86,103.86,103.63,103.16,102.51,101.69,100.76,99.7,98.587,97.473,96.36,95.305,94.249,93.312,92.432,91.729,91.026,90.381,89.678,89.033,88.447,87.861,87.157,86.571,85.926,85.282,84.754,84.285,83.992,83.816,83.582,83.347,83.172,83.054,83.347,85.106,89.443,97.18,108.26,121.45,134.99,147.53,158.25,166.58,172.32,175.66,177.01,176.72,175.37,173.38,171.09,168.86,166.64,164.64,162.89,161.24,159.72,158.31,156.73,155.03,152.92,150.17,146.65,142.37,137.39,131.88,126.31,121.15,116.76,113.12,110.31,108.32,107.09,106.44,106.15,106.15,106.32,106.5,106.56,106.44,106.15,105.8,105.21,104.51,103.57,102.57,101.58,100.52,99.466,98.411,97.532,96.653,95.832,95.011,94.249,93.488,92.726,91.905,91.084,90.322,89.502,88.681,87.861,87.099,86.513,85.985,85.633,85.282,85.047,84.871,84.637,84.696,85.809,89.033,95.48,105.39,117.81,131.29,144.42,156.14,165.76,172.91,177.66,180.18,180.88,180.18,178.59,176.54,174.43,172.32,170.39,168.63,167.11,165.76,164.35,163,161.48,159.78,157.67,154.91,151.51,147.24,142.19,136.45,130.41,124.67,119.69,115.53,112.3,109.9,108.43,107.61,107.2,107.03,107.09,107.26,107.32,107.2,106.85,106.44,105.85,105.15,104.27,103.28,102.34,101.34,100.35,99.29,98.352,97.532,96.711,95.949,95.07,94.249,93.488,92.667,91.729,90.791,89.912,89.033,88.212,87.45,86.864,86.513,86.161,85.868,85.633,85.34,85.282,85.692,87.333,91.436,98.88,109.55,122.38,135.81,148.41,159.43,168.1,174.26,177.95,179.59,179.59,178.36,176.37,174.14,171.68,169.22,166.93,164.94,163.3,161.95,160.48,159.08,157.49,155.68,153.39,150.34,146.53,142.02,136.8,131.23,125.72,120.68,116.41,113.06,110.54,108.84,107.85,107.44,107.32,107.32,107.38,107.32,107.03,106.62,105.85,105.03,104.1,103.1,102.05,100.99,99.994,99.056,98.118,97.356,96.653,96.125,95.539,94.894,94.249,93.546,92.726,91.846,90.909,89.971,89.033,88.095,87.157,86.395,85.809,85.223,84.813,84.344,83.992,83.699,83.699,84.52,87.216,92.901,101.93,113.71,126.78,139.79,151.57,161.36,168.81,173.73,176.37,177.07,176.31,174.49,172.2,169.68,167.16,164.88,162.77,160.89,159.08,157.32,155.44,153.45,151.05,148.17,144.6,140.2,135.1,129.48,123.73,118.34,113.83,110.31,107.73,105.97,104.86,104.39,104.21,104.39,104.68,104.98,105.21,105.33,105.21,104.8,104.21,103.45,102.51,101.28,100.11,98.997,97.883,96.77,95.715,94.718,93.839,92.96,92.198,91.26,90.44,89.619,88.857,88.037,87.275,86.688,86.161,85.751,85.282,84.989,84.754,84.461,84.168,83.875,83.582,83.875,85.282,88.857,95.363,104.98,116.76,129.18,141.08,151.51,159.84,165.93,169.63,171.33,171.33,170.09,168.16,165.82,163.3,160.95,158.72,156.67,154.74,152.98,151.22,149.23,146.59,143.43,139.5,134.81,129.48,123.85,118.52,113.65,109.72,106.68,104.51,103.1,102.34,102.1,102.16,102.63,103.1,103.57,103.74,103.74,103.57,103.16,102.57,101.69,100.64,99.583,98.528,97.415,96.36,95.305,94.308,93.37,92.432,91.553,90.615,89.795,88.974,88.212,87.509,86.864,86.278,85.809,85.34,84.989,84.696,84.403,84.168,83.875,83.582,83.347,83.406,84.52,87.568,93.605,102.87,114.53,127.37,139.91,151.05,160.25,167.05,171.5,173.73,174.26,173.38,171.56,169.22,166.87,164.47,162.36,160.36,158.61,157.08,155.62,154.03,152.28,150.17,147.41,143.95,139.5,134.28,128.71,123.26,118.22,114,110.6,108.14,106.5,105.5,104.98,104.92,105.15,105.56,105.85,106.03,106.09,105.97,105.62,104.98,104.16,103.28,102.34,101.34,100.29,99.232,98.294,97.356,96.418,95.422,94.425,93.488,92.55,91.553,90.615,89.795,89.033,88.388,87.743,87.157,86.806,86.63,86.395,86.161,85.868,85.926,86.747,89.15,94.367,102.87,114.41,127.54,140.67,152.57,162.65,170.56,176.01,179.12,180.23,179.94,178.59,176.72,174.55,172.38,170.39,168.51,166.81,165.23,163.82,162.36,160.72,158.84,156.55,153.74,150.11,145.59,140.32,134.52,128.66,123.32,118.69,114.88,112.07,110.13,108.9,108.26,107.96,108.02,108.32,108.49,108.55,108.38,108.14,107.67,107.03,106.27,105.39,104.51,103.63,102.69,101.81,100.93,100.05,99.173,98.177,97.239,96.242,95.305,94.249,93.194,92.198,91.319,90.498,89.795,89.209,88.857,88.623,88.212,87.802,87.685,88.447,90.909,96.36,105.15,116.99,130.3,143.54,155.79,166.23,174.43,180,183.05,184.16,183.81,182.52,180.53,178.42,176.31,174.43,172.73,171.21,169.74,168.39,166.99,165.46,163.76,161.65,159.13,155.85,151.69,146.59,140.73,134.58,128.42,122.79,118.16,114.53,111.95,110.07,108.9,108.43,108.32,108.43,108.61,108.73,108.73,108.61,108.32,107.79,107.2,106.5,105.68,104.86,103.98,103.16,102.22,101.22,100.23,99.114,98.001,96.77,95.539,94.425,93.37,92.374,91.553,90.791,90.322,89.971,90.147,91.377,94.191,99.349,107.09,116.99,128.01,139.09,149.58,158.61,165.76,170.8,173.79,175.14,175.08,174.02,172.32,170.33,168.16,165.99,163.94,161.95,159.84,157.55,154.97,151.98,148.29,143.95,138.68,132.99,127.01,121.15,115.94,111.6,108.38,106.09,104.68,103.92,103.74,103.98,104.45,104.92,105.39,105.62,105.74,105.62,105.15,104.57,103.8,102.87,101.75,100.52,99.29,98.059,96.77,95.539,94.425,93.429,92.491,91.671,90.909,90.322,89.795,89.326,88.798,88.212,87.743,87.099,86.513,85.809,85.164,84.637,84.051,83.582,83.289,83.054,82.879,82.586,82.468,82.937,84.871,89.56,98.352,111.01,126.02,141.2,155.03,166.81,175.84,181.93,185.1,185.92,185.1,183.22,180.82,178.12,175.55,173.38,171.44,169.74,168.28,167.11,165.93,164.7,163.12,161.19,158.67,155.44,151.22,146.12,140.38,134.16,128.13,122.68,118.16,114.65,112.19,110.43,109.43,108.96,108.9,108.96,109.14,109.2,109.2,108.96,108.55,107.91,107.26,106.38,105.44,104.39,103.33,102.4,101.58,100.7,99.818,98.997,98.235,97.356,96.418,95.422,94.425,93.488,92.491,91.553,90.674,89.912,89.209,88.681,88.271,87.978,87.743,87.45,87.216,87.568,89.092,92.843,99.407,108.96,120.63,132.99,144.72,155.27,163.88,170.27,174.37,176.42,176.89,176.19,174.61,172.56,170.33,168.16,166.11,164.17,162.3,160.42,158.55,156.5,153.98,150.99,147.35,142.9,137.74,132.05,126.31,121.04,116.46,112.77,110.02,108.14,106.97,106.44,106.32,106.5,106.79,107.09,107.32,107.32,107.2,106.85,106.32,105.5,104.62,103.69,102.69,101.69,100.7,99.759,98.88,98.001,97.122,96.242,95.363,94.484,93.605,92.608,91.612,90.674,89.795,88.916,88.154,87.568,87.099,86.747,86.395,86.161,85.985,85.926,86.395,88.505,93.37,101.93,113.71,127.37,141.14,153.8,164.7,173.2,179,182.29,183.58,183.22,181.82,179.59,177.3,175.02,172.79,170.8,168.92,167.28,165.76,164.12,162.36,160.48,158.2,155.27,151.57,147,141.67,135.75,129.59,123.73,118.69,114.65,111.66,109.55,108.2,107.44,107.26,107.38,107.55,107.73,107.91,107.91,107.73,107.26,106.56,105.74,104.8,103.74,102.69,101.63,100.64,99.7,98.763,97.942,97.122,96.242,95.246,94.191,93.136,92.022,90.967,89.912,88.916,88.095,87.45,86.806,86.278,85.926,85.751,85.575,85.282,85.106,85.458,87.157,90.909,97.649,107.55,119.57,132.23,144.25,154.68,163.18,169.33,173.2,174.84,174.9,173.79,171.91,169.63,167.11,164.76,162.59,160.6,158.72,156.85,154.97,153.04,150.69,147.82,144.25,139.91,134.93,129.36,123.67,118.4,113.94,110.43,107.79,105.91,104.8,104.27,104.27,104.51,104.8,105.15,105.44,105.5,105.33,104.86,104.27,103.63,102.75,101.69,100.52,99.466,98.411,97.356,96.36,95.422,94.601,93.839,92.96,92.139,91.26,90.44,89.619,88.74,87.861,87.099,86.395,85.809,85.164,84.754,84.403,84.168,83.934,83.699,83.465,83.582,84.754,87.861,94.132,104.04,116.82,130.65,144.01,155.73,165.29,172.26,176.42,178.24,178.18,176.78,174.67,171.97,169.33,166.75,164.47,162.42,160.54,158.78,157.14,155.5,153.51,151.05,148.06,144.3,139.73,134.4,128.77,123.32,118.4,114.3,111.01,108.55,106.85,105.91,105.56,105.5,105.68,105.97,106.32,106.38,106.27,105.91,105.5,104.92,104.04,103.04,102.05,100.99,99.876,98.763,97.649,96.711,95.832,95.07,94.249,93.429,92.667,91.905,91.202,90.44,89.678,88.974,88.271,87.685,87.04,86.571,86.161,85.985,85.809,85.633,85.34,85.164,85.282,86.513,89.795,96.301,106.27,118.81,132.17,145.13,156.55,165.99,172.85,177.3,179.47,179.94,179.06,177.3,175.08,172.67,170.39,168.1,166.11,164.23,162.59,161.01,159.37,157.43,155.21,152.45,148.99,144.72,139.56,133.87,128.07,122.56,117.81,113.88,110.9,108.84,107.61,106.91,106.73,106.85,107.2,107.44,107.61,107.55,107.32,106.91,106.38,105.56,104.62,103.57,102.51,101.4,100.35,99.29,98.352,97.473,96.653,95.773,95.011,94.249,93.429,92.608,91.729,90.791,89.912,89.033,88.271,87.626,86.981,86.513,86.161,85.926,85.692,85.34,85.223,85.751,87.626,92.139,100.17,111.54,124.96,138.74,151.57,162.59,171.44,177.6,181.35,182.99,182.99,181.82,180.06,177.95,175.84,173.85,172.03,170.39,168.81,167.46,166.05,164.53,162.89,160.89,158.37,155.32,151.34,146.47,140.85,134.81,128.6,122.85,117.93,114.06,111.19,109.2,107.96,107.32,107.2,107.26,107.5,107.73,107.85,107.73,107.5,106.97,106.44,105.62,104.74,103.74,102.69,101.63,100.52,99.525,98.587,97.708,96.946,96.125,95.246,94.308,93.37,92.432,91.495,90.557,89.619,88.798,87.978,87.333,86.806,86.395,86.161,85.926,85.692,85.458,85.751,87.216,90.967,97.942,108.2,120.63,133.7,146.24,157.38,166.52,173.26,177.54,179.77,180.18,179.36,177.66,175.55,173.26,170.92,168.81,166.87,165.05,163.35,161.65,159.95,158.08,155.79,153.04,149.64,145.42,140.38,134.63,128.6,122.79,117.58,113.24,109.9,107.55,105.97,105.09,104.86,104.92,105.15,105.5,105.74,105.85,105.74,105.44,104.92,104.21,103.28,102.28,101.22,100.05,98.939,97.883,96.77,95.832,95.011,94.191,93.312,92.491,91.612,90.733,89.912,89.033,88.154,87.333,86.63,85.926,85.34,84.871,84.461,84.168,83.934,83.758,83.465,83.406,84.051,86.337,91.495,100.05,111.66,124.9,138.33,150.4,160.6,168.45,173.67,176.54,177.42,176.78,175.19,172.97,170.5,168.04,165.76,163.71,161.83,160.07,158.43,156.79,155.03,152.98,150.52,147.29,143.31,138.5,133.05,127.31,121.74,116.82,112.65,109.49,107.2,105.68,104.8,104.45,104.45,104.68,104.92,105.09,105.15,105.09,104.74,104.21,103.51,102.63,101.63,100.46,99.349,98.235,97.18,96.184,95.246,94.367,93.488,92.667,91.905,91.084,90.322,89.502,88.681,87.919,87.216,86.571,85.926,85.34,84.93,84.52,84.285,84.051,83.875,83.582,83.465,83.875,85.458,89.56,96.887,107.5,120.21,133.64,146.06,156.79,165.23,171.33,174.9,176.42,176.25,174.84,172.79,170.39,167.87,165.46,163.41,161.48,159.78,158.25,156.67,154.97,153.1,150.75,147.7,143.84,139.26,133.99,128.36,122.85,117.93,113.71,110.49,108.02,106.44,105.5,105.09,105.03,105.15,105.44,105.62,105.68,105.62,105.39,104.92,104.21,103.45,102.57,101.58,100.46,99.407,98.411,97.415,96.477,95.598,94.718,94.015,93.194,92.315,91.495,90.615,89.736,88.857,88.037,87.216,86.571,85.868,85.282,84.93,84.696,84.403,84.227,83.992,83.992,84.754,87.333,93.077,102.34,114.76,128.54,142.19,154.39,164.47,172.2,177.19,179.88,180.53,179.88,178.24,176.07,173.73,171.44,169.33,167.46,165.7,164.06,162.53,161.07,159.49,157.61,155.38,152.57,148.99,144.54,139.38,133.7,127.78,122.33,117.46,113.59,110.66,108.55,107.26,106.56,106.32,106.32,106.5,106.68,106.79,106.73,106.56,106.09,105.56,104.8,103.92,102.92,101.87,100.81,99.759,98.763,97.825,96.946,96.125,95.305,94.484,93.722,92.901,92.022,91.202,90.322,89.502,88.681,87.919,87.216,86.63,86.161,85.809,85.575,85.34,85.047,84.93,85.34,87.333,91.905,99.994,111.19,124.38,137.8,150.34,161.3,169.98,176.13,179.71,181.17,181,179.59,177.6,175.31,172.97,170.8,168.86,167.16,165.64,164.23,162.89,161.42,159.72,157.67,154.97,151.63,147.47,142.49,136.8,130.82,124.9,119.75,115.41,112.13,109.66,108.02,107.09,106.68,106.62,106.68,106.85,106.91,106.91,106.73,106.44,105.85,105.15,104.27,103.28,102.28,101.22,100.17,99.114,98.059,97.122,96.242,95.363,94.601,93.781,92.96,92.139,91.26,90.322,89.443,88.564,87.685,86.864,86.161,85.633,85.164,84.813,84.461,84.168,83.934,83.875,84.696,87.216,92.726,101.75,113.71,127.07,140.32,152.28,162.47,170.39,175.78,178.77,179.71,179.12,177.48,175.31,172.85,170.45,168.16,166.11,164.23,162.53,161.01,159.49,157.84,156.03,153.74,150.93,147.29,142.78,137.51,131.7,125.72,120.16,115.47,111.66,108.84,106.79,105.56,104.86,104.68,104.8,104.98,105.15,105.33,105.33,105.03,104.62,103.98,103.22,102.28,101.28,100.23,99.114,98.001,96.946,96.008,95.129,94.308,93.488,92.726,91.905,91.084,90.322,89.502,88.681,87.861,87.099,86.337,85.633,84.989,84.461,84.109,83.816,83.465,83.23,82.937,82.937,83.582,85.926,91.084,99.7,111.25,124.38,137.56,149.46,159.54,167.16,172.26,174.9,175.66,175.08,173.44,171.33,168.92,166.64,164.41,162.42,160.54,158.78,157.2,155.5,153.62,151.46,148.64,145.18,140.85,135.86,130.36,124.73,119.51,115,111.36,108.61,106.73,105.56,104.98,104.8,104.92,105.15,105.44,105.62,105.68,105.56,105.15,104.57,103.8,102.92,101.93,100.93,99.876,98.821,97.825,96.77,95.832,95.07,94.308,93.546,92.784,91.964,91.26,90.44,89.619,88.857,88.037,87.216,86.571,85.926,85.34,84.989,84.754,84.52,84.285,84.109,84.168,85.223,88.271,94.484,104.21,116.7,130.3,143.43,155.09,164.76,171.85,176.54,179,179.59,178.89,177.19,175.08,172.79,170.56,168.45,166.52,164.7,163,161.36,159.72,157.84,155.62,152.92,149.7,145.54,140.73,135.22,129.48,123.97,119.04,114.94,111.77,109.49,107.96,107.09,106.73,106.73,106.91,107.09,107.26,107.26,107.03,106.68,106.03,105.33,104.39,103.33,102.28,101.17,100.11,99.056,98.059,97.18,96.36,95.539,94.777,94.132,93.37,92.608,91.788,90.909,90.088,89.209,88.447,87.685,86.981,86.337,85.926,85.633,85.34,85.106,84.871,84.93,85.926,88.857,94.836,104.39,116.52,129.94,143.13,155.03,164.94,172.38,177.3,179.88,180.53,179.88,178.24,176.19,174.02,171.79,169.86,168.04,166.4,164.82,163.24,161.54,159.78,157.67,155.03,151.87,147.88,143.13,137.68,131.7,125.67,120.21,115.58,112.07,109.43,107.67,106.62,106.15,106.09,106.32,106.56,106.79,106.91,106.85,106.62,106.09,105.44,104.57,103.63,102.63,101.58,100.46,99.407,98.47,97.532,96.653,95.832,95.07,94.249,93.429,92.55,91.612,90.674,89.795,88.916,88.037,87.216,86.571,86.044,85.692,85.34,85.106,84.813,84.637,84.754,85.868,89.092,95.48,105.33,117.75,131.18,144.13,155.62,165.05,172.15,176.54,178.77,179.06,178.07,176.19,173.85,171.44,169.04,166.87,164.88,163.06,161.36,159.66,158.02,156.14,153.86,151.1,147.7,143.37,138.33,132.76,127.01,121.56,116.82,112.95,109.9,107.79,106.38,105.56,105.21,105.21,105.39,105.56,105.62,105.62,105.39,104.92,104.39,103.57,102.69,101.69,100.64,99.466,98.352,97.356,96.418,95.48,94.66,93.839,93.136,92.315,91.495,90.615,89.736,88.798,87.978,87.099,86.337,85.751,85.164,84.754,84.403,84.168,83.934,83.699,83.406,83.465,84.403,87.099,92.608,101.46,113.18,126.13,138.91,150.4,160.01,167.16,171.91,174.37,174.9,174.08,172.2,169.86,167.22,164.7,162.24,160.07,158.02,156.14,154.27,152.39,150.22,147.59,144.42,140.44,135.69,130.3,124.73,119.51,114.88,111.07,108.02,105.97,104.68,103.98,103.74,103.86,104.1,104.45,104.68,104.74,104.62,104.27,103.8,103.1,102.22,101.22,100.17,99.114,98.001,96.946,95.832,94.836,94.074,93.253,92.491,91.729,90.967,90.264,89.502,88.74,87.919,87.157,86.395,85.809,85.164,84.637,84.227,83.934,83.758,83.582,83.406,83.23,83.23,84.109,86.747,92.432,101.69,113.83,127.25,140.44,152.16,162.01,169.39,174.31,176.89,177.54,176.78,175.08,172.73,170.27,167.69,165.29,163.18,161.19,159.37,157.67,155.91,153.98,151.63,148.76,145.13,140.73,135.63,130.06,124.44,119.16,114.76,111.19,108.61,106.79,105.8,105.39,105.33,105.5,105.8,106.03,106.27,106.32,106.03,105.68,105.03,104.21,103.33,102.4,101.34,100.23,99.173,98.118,97.18,96.301,95.48,94.66,93.898,93.194,92.432,91.612,90.791,89.912,89.092,88.271,87.568,86.806,86.161,85.692,85.282,85.106,84.93,84.754,84.52,84.696,85.868,89.209,95.715,105.68,118.1,131.53,144.42,155.85,165.23,172.26,176.72,179.06,179.53,178.77,177.07,174.9,172.61,170.45,168.39,166.52,164.7,163,161.3,159.54,157.61,155.38,152.69,149.23,145.07,140.14,134.63,128.89,123.32,118.4,114.47,111.42,109.25,107.79,106.97,106.68,106.68,106.85,107.03,107.09,107.09,106.85,106.44,105.85,105.09,104.16,103.16,102.1,101.05,99.994,98.939,97.942,97.004,96.184,95.363,94.601,93.839,93.194,92.432,91.612,90.791,89.912,89.033,88.212,87.509,86.747,86.102,85.692,85.34,85.106,84.871,84.637,84.52,85.047,87.157,91.964,100.29,111.77,125.14,138.56,151.05,161.83,170.45,176.54,180.12,181.58,181.35,180.06,178.01,175.6,173.32,171.03,168.92,167.05,165.41,163.88,162.3,160.66,158.78,156.61,153.86,150.34,146,140.79,134.99,128.95,123.03,117.99,113.94,110.78,108.61,107.26,106.5,106.15,106.27,106.5,106.73,106.85,106.85,106.68,106.32,105.74,104.98,104.04,103.04,101.99,100.81,99.7,98.587,97.59,96.653,95.832,95.07,94.367,93.663,92.901,92.139,91.377,90.557,89.619,88.74,87.861,87.099,86.337,85.751,85.223,84.989,84.754,84.52,84.285,84.168,84.52,86.161,90.147,97.415,107.96,120.63,133.7,145.95,156.67,165.41,171.74,175.66,177.54,177.66,176.54,174.61,172.26,169.74,167.34,165.17,163.18,161.36,159.66,157.84,156.03,153.98,151.57,148.53,144.77,140.26,134.99,129.24,123.5,118.1,113.65,110.19,107.61,105.8,104.68,104.16,104.1,104.21,104.51,104.74,104.92,104.92,104.68,104.21,103.63,102.87,101.93,100.81,99.7,98.47,97.356,96.125,95.011,94.015,93.136,92.374,91.553,90.791,90.147,89.502,88.798,87.978,87.216,86.513,85.751,84.989,84.227,83.699,83.172,82.879,82.527,82.234,82.058,81.882,81.648,81.824,82.761,85.692,91.553,100.93,113.01,126.31,139.26,150.87,160.36,167.57,172.26,174.67,175.25,174.31,172.38,169.92,167.28,164.76,162.36,160.13,158.14,156.32,154.5,152.69,150.64,148.17,145.13,141.37,136.8,131.47,125.9,120.45,115.47,111.42,108.26,105.97,104.57,103.8,103.69,103.8,104.16,104.57,104.92,105.15,105.15,104.92,104.45,103.8,103.04,102.1,100.99,99.818,98.645,97.532,96.477,95.363,94.308,93.429,92.667,92.022,91.436,90.733,90.088,89.56,88.974,88.271,87.626,86.923,86.278,85.751,85.106,84.52,84.109,83.875,83.699,83.465,83.172,82.996,83.113,84.227,87.509,93.781,103.69,116.11,129.36,142.14,153.45,162.65,169.57,174.08,176.31,176.72,175.84,174.08,171.79,169.39,166.99,164.76,162.59,160.66,158.84,157.14,155.32,153.16,150.69,147.76,144.07,139.56,134.28,128.77,123.44,118.57,114.41,111.13,108.67,107.03,106.03,105.56,105.44,105.56,105.74,105.91,105.97,105.97,105.68,105.15,104.51,103.69,102.81,101.87,100.76,99.583,98.528,97.532,96.594,95.656,94.777,94.132,93.37,92.608,91.846,91.084,90.381,89.56,88.74,87.919,87.099,86.337,85.692,85.164,84.754,84.461,84.227,84.051,83.816,83.758,84.285,86.513,91.495,99.994,111.6,124.85,138.33,150.69,161.13,169.22,174.78,177.95,179.12,178.77,177.36,175.31,172.97,170.62,168.39,166.28,164.41,162.65,161.01,159.31,157.49,155.44,152.92,149.93,146.18,141.67,136.45,130.77,124.96,119.69,115.23,111.66,109.08,107.26,106.09,105.62,105.56,105.68,105.91,106.09,106.27,106.15,105.91,105.44,104.8,104.04,103.1,102.05,100.99,99.876,98.821,97.708,96.887,96.008,95.187,94.367,93.605,92.843,92.022,91.26,90.381,89.56,88.681,87.861,87.04,86.278,85.692,85.164,84.813,84.637,84.344,84.168,83.992,84.285,85.809,89.56,96.535,106.85,119.57,132.88,145.42,156.44,165.35,171.79,175.72,177.48,177.54,176.42,174.55,172.2,169.8,167.57,165.41,163.47,161.6,159.84,158.08,156.2,154.03,151.57,148.53,144.89,140.38,135.22,129.71,124.2,119.04,114.65,111.25,108.61,106.79,105.62,105.09,104.98,105.09,105.33,105.56,105.62,105.56,105.33,104.86,104.27,103.57,102.63,101.63,100.64,99.525,98.47,97.415,96.477,95.598,94.718,93.898,93.136,92.257,91.436,90.498,89.56,88.681,87.743,86.806,85.985,85.282,84.696,84.168,83.816,83.523,83.289,83.054,82.879,83.172,84.696,88.388,95.246,105.5,117.99,131.18,143.54,154.39,163.12,169.57,173.49,175.19,175.19,173.9,171.85,169.39,166.75,164.17,161.89,159.66,157.73,155.85,154.09,152.22,150.11,147.47,144.36,140.5,135.86,130.59,125.14,119.8,115.17,111.25,108.26,106.03,104.68,103.86,103.57,103.57,103.8,104.1,104.39,104.45,104.27,104.04,103.51,102.81,101.93,100.99,100.05,98.997,97.883,96.887,96.008,95.129,94.308,93.488,92.726,91.905,91.084,90.264,89.443,88.623,87.743,86.864,86.044,85.282,84.754,84.109,83.582,83.289,83.054,82.82,82.527,82.351,82.644,84.227,87.919,94.718,104.92,117.4,130.47,142.78,153.39,161.83,167.81,171.38,172.79,172.61,171.27,169.1,166.64,163.94,161.36,159.02,156.67,154.56,152.45,150.4,148.17,145.59,142.49,138.74,134.28,129.3,123.97,118.93,114.47,110.78,107.85,105.62,104.16,103.33,103.04,102.98,103.1,103.33,103.57,103.69,103.63,103.33,102.98,102.34,101.63,100.7,99.7,98.645,97.649,96.594,95.598,94.66,93.839,92.96,92.139,91.26,90.44,89.619,88.74,87.861,87.04,86.278,85.575,84.871,84.285,83.875,83.523,83.172,82.879,82.527,82.292,82.058,82.175,83.465,87.099,94.015,104.16,116.76,130.12,142.78,153.8,162.47,168.81,172.67,174.37,174.31,172.97,170.92,168.51,165.93,163.35,161.01,158.84,156.85,155.03,153.33,151.51,149.4,146.94,143.72,139.85,135.1,129.89,124.38,119.16,114.53,110.78,107.85,105.8,104.57,103.86,103.74,103.98,104.39,104.8,105.09,105.33,105.33,105.03,104.62,103.98,103.16,102.28,101.28,100.23,99.232,98.294,97.356,96.477,95.598,94.718,93.898,93.077,92.257,91.436,90.557,89.619,88.74,87.919,87.216,86.571,85.985,85.575,85.223,85.047,84.813,84.52,84.461,85.047,87.275,92.374,100.93,112.48,125.67,138.85,150.87,161.07,168.92,174.37,177.48,178.65,178.36,177.07,175.14,172.85,170.62,168.45,166.52,164.7,162.94,161.24,159.54,157.73,155.62,153.1,150.05,146.24,141.61,136.39,130.77,125.2,120.04,115.76,112.3,109.78,107.96,106.85,106.32,106.09,106.15,106.38,106.5,106.56,106.44,106.15,105.74,105.09,104.27,103.51,102.57,101.63,100.64,99.7,98.763,97.883,97.004,96.066,95.187,94.308,93.312,92.315,91.319,90.381,89.443,88.623,87.802,87.157,86.688,86.278,85.985,85.751,85.458,85.223,85.282,86.22,89.15,95.07,104.51,116.7,130.18,143.43,155.5,165.58,173.14,178.12,180.76,181.41,180.76,179.18,177.01,174.61,172.38,170.15,168.22,166.52,164.88,163.24,161.65,160.01,158.08,155.73,152.8,149.17,144.72,139.5,133.64,127.66,122.09,117.28,113.47,110.54,108.55,107.26,106.62,106.38,106.5,106.73,106.85,106.97,106.85,106.68,106.27,105.68,104.92,104.04,103.04,102.05,100.99,100.05,99.056,98.177,97.297,96.477,95.656,94.777,93.898,92.96,92.022,91.026,90.029,89.15,88.271,87.509,86.864,86.337,86.044,85.809,85.575,85.282,85.106,85.458,87.216,91.377,98.821,109.37,121.91,134.99,147.29,158.14,166.93,173.44,177.48,179.36,179.59,178.65,177.01,174.9,172.73,170.62,168.63,166.75,165,163.3,161.6,159.84,157.9,155.62,152.8,149.23,144.95,139.85,134.16,128.3,122.62,117.69,113.65,110.6,108.38,106.85,106.03,105.74,105.74,105.85,106.09,106.27,106.15,105.97,105.62,105.03,104.39,103.45,102.51,101.4,100.35,99.349,98.352,97.415,96.535,95.656,94.777,94.015,93.077,92.022,91.084,90.088,89.15,88.212,87.333,86.63,85.985,85.458,85.106,84.813,84.52,84.227,83.934,83.875,84.461,86.747,91.553,99.7,110.78,123.61,136.57,148.53,158.78,166.75,172.15,175.19,176.25,175.72,174.26,172.15,169.68,167.22,164.94,162.77,160.78,159.02,157.2,155.44,153.51,151.22,148.47,145.07,140.79,135.86,130.41,124.79,119.57,115.06,111.36,108.55,106.62,105.39,104.8,104.62,104.68,104.92,105.15,105.39,105.39,105.21,104.98,104.51,103.74,102.81,101.87,100.81,99.759,98.645,97.649,96.711,95.832,95.011,94.249,93.488,92.726,91.905,91.026,90.264,89.443,88.623,87.861,87.099,86.395,85.809,85.282,84.871,84.52,84.285,83.992,83.758,83.582,84.051,85.926,90.381,98.294,109.49,122.62,135.86,148.06,158.43,166.52,172.15,175.31,176.54,176.25,174.72,172.61,170.27,167.75,165.29,163.06,161.01,159.13,157.38,155.56,153.68,151.57,148.99,145.71,141.67,136.92,131.53,125.9,120.63,115.94,112.13,109.2,106.97,105.68,104.98,104.74,104.86,105.09,105.5,105.74,105.85,105.68,105.39,104.86,104.21,103.33,102.34,101.34,100.29,99.173,98.059,97.122,96.242,95.363,94.543,93.781,92.96,92.257,91.436,90.615,89.795,89.033,88.271,87.568,86.923,86.337,85.868,85.458,85.223,85.047,84.813,84.637,84.52,85.164,87.45,92.55,101.17,112.95,126.49,140.14,152.51,162.89,170.86,176.19,179,179.77,179.06,177.42,175.25,172.79,170.45,168.28,166.4,164.7,163.06,161.48,160.01,158.37,156.44,153.98,150.99,147.18,142.43,136.98,131.23,125.67,120.63,116.29,112.89,110.37,108.61,107.55,106.97,106.91,107.03,107.32,107.44,107.44,107.32,107.03,106.56,105.85,105.03,104.16,103.16,102.1,100.99,99.994,99.056,98.235,97.356,96.535,95.773,95.011,94.191,93.312,92.432,91.612,90.733,89.795,88.916,88.154,87.509,86.923,86.395,86.044,85.868,85.633,85.34,85.399,86.395,89.385,95.246,104.68,116.93,130.47,143.72,155.68,165.64,173.2,178.18,180.76,181.35,180.7,179.18,177.25,175.08,172.97,171.03,169.39,167.81,166.23,164.76,163.24,161.6,159.66,157.32,154.39,150.75,146.24,140.96,135.04,129.12,123.61,118.81,114.88,111.83,109.78,108.49,107.73,107.44,107.44,107.61,107.79,107.85,107.79,107.55,107.26,106.68,105.85,104.92,103.98,102.98,101.99,100.93,99.935,98.997,98.177,97.297,96.477,95.656,94.894,94.132,93.136,92.198,91.26,90.381,89.502,88.623,87.919,87.333,86.923,86.571,86.22,86.044,85.868,85.809,86.278,88.271,92.96,101.05,112.24,125.31,138.68,151.22,162.06,170.62,176.6,180.18,181.7,181.58,180.23,178.24,176.01,173.73,171.56,169.51,167.63,165.99,164.41,162.89,161.19,159.25,157.08,154.33,150.81,146.41,141.26,135.51,129.42,123.61,118.57,114.47,111.31,109.08,107.55,106.73,106.44,106.5,106.68,106.85,107.03,107.09,106.97,106.62,106.03,105.39,104.51,103.51,102.34,101.22,100.17,99.114,98.118,97.122,96.184,95.363,94.543,93.722,92.843,91.905,90.967,90.088,89.15,88.271,87.509,86.806,86.161,85.692,85.34,85.106,84.871,84.637,84.285,84.227,84.871,87.04,91.846,100.05,111.25,123.97,136.92,148.82,159.02,166.99,172.5,175.66,176.95,176.66,175.31,173.38,171.03,168.69,166.4,164.29,162.3,160.48,158.72,157.08,155.21,153.04,150.4,147.18,143.13,138.33,132.82,127.01,121.33,116.23,112.13,108.9,106.68,105.15,104.45,104.16,104.27,104.62,104.98,105.21,105.39,105.39,105.03,104.57,103.86,102.98,102.05,100.93,99.759,98.528,97.356,96.301,95.305,94.367,93.488,92.667,91.905,91.202,90.44,89.678,88.857,88.095,87.275,86.63,85.926,85.34,84.871,84.403,84.109,83.816,83.523,83.289,82.996,82.879,83.347,85.282,89.736,97.532,108.55,121.5,134.75,147,157.43,165.58,171.21,174.43,175.6,175.14,173.61,171.38,168.86,166.34,164,161.83,159.84,158.14,156.44,154.8,153.1,151.05,148.53,145.3,141.26,136.39,130.94,125.26,119.92,115.23,111.36,108.49,106.44,105.09,104.51,104.39,104.57,104.86,105.21,105.56,105.68,105.68,105.44,104.92,104.21,103.33,102.4,101.34,100.23,99.114,98.001,96.946,95.949,95.011,94.191,93.429,92.726,92.022,91.377,90.674,89.971,89.326,88.564,87.861,87.216,86.688,86.102,85.692,85.34,85.106,84.93,84.696,84.403,84.344,85.106,87.861,93.546,102.81,114.88,128.24,141.49,153.57,163.59,171.33,176.42,179.18,180,179.3,177.66,175.49,173.14,170.74,168.57,166.64,164.88,163.3,161.83,160.31,158.72,156.85,154.56,151.57,147.82,143.19,137.8,132,126.25,120.98,116.64,113.12,110.6,108.84,107.85,107.38,107.32,107.44,107.61,107.73,107.79,107.61,107.32,106.79,106.09,105.21,104.39,103.28,102.28,101.22,100.17,99.173,98.235,97.356,96.594,95.773,95.07,94.249,93.488,92.667,91.788,90.967,90.088,89.326,88.505,87.743,87.157,86.688,86.337,86.102,85.809,85.575,85.399,85.926,87.978,92.726,100.93,112.3,125.55,139.03,151.63,162.47,171.09,177.19,180.7,182.11,181.93,180.7,178.77,176.54,174.43,172.5,170.68,169.1,167.63,166.23,164.88,163.35,161.65,159.66,157.08,153.74,149.58,144.54,138.74,132.47,126.31,120.74,116.11,112.54,110.02,108.26,107.32,106.91,106.91,107.09,107.38,107.61,107.73,107.61,107.38,106.91,106.27,105.44,104.51,103.51,102.4,101.34,100.29,99.29,98.352,97.473,96.594,95.715,94.894,94.074,93.253,92.315,91.377,90.44,89.56,88.74,87.978,87.333,86.864,86.513,86.22,85.985,85.809,85.575,85.692,86.688,89.56,95.422,104.68,116.7,129.94,143.02,154.8,164.82,172.38,177.36,180.06,180.88,180.23,178.65,176.6,174.31,172.03,169.98,168.1,166.52,164.94,163.41,161.95,160.25,158.25,155.79,152.69,148.82,144.07,138.56,132.64,126.66,121.33,116.82,113.24,110.6,108.79,107.67,107.09,106.85,106.91,107.03,107.2,107.2,106.97,106.68,106.15,105.5,104.62,103.69,102.63,101.46,100.4,99.29,98.235,97.18,96.301,95.48,94.718,94.074,93.37,92.608,91.729,90.85,89.912,89.033,88.154,87.275,86.63,85.985,85.458,85.106,84.871,84.637,84.344,84.109,83.992,84.637,86.806,91.671,99.876,111.07,123.97,137.1,149.23,159.54,167.63,173.2,176.37,177.42,176.95,175.37,173.2,170.74,168.22,165.93,163.82,161.89,160.07,158.37,156.67,154.86,152.75,150.17,146.88,142.78,137.86,132.29,126.6,121.15,116.35,112.48,109.55,107.38,105.97,105.21,104.92,104.98,105.21,105.5,105.68,105.68,105.56,105.15,104.57,103.8,102.92,101.87,100.76,99.583,98.411,97.356,96.301,95.363,94.484,93.605,92.843,92.139,91.436,90.674,89.912,89.15,88.447,87.685,86.981,86.278,85.692,85.106,84.637,84.227,83.934,83.699,83.406,83.172,82.996,83.113,84.285,87.509,93.722,103.33,115.47,128.54,141.14,152.16,161.13,167.69,171.79,173.73,173.9,172.85,170.92,168.57,166.11,163.71,161.42,159.37,157.49,155.79,154.03,152.22,150.17,147.7,144.42,140.38,135.57,130.18,124.55,119.22,114.53,110.78,107.85,105.8,104.51,103.8,103.69,103.86,104.27,104.74,105.03,105.21,105.21,105.03,104.57,103.92,103.04,102.05,100.99,99.876,98.763,97.59,96.477,95.422,94.484,93.605,92.843,92.198,91.495,90.85,90.322,89.678,89.033,88.447,87.802,87.216,86.63,86.044,85.458,85.106,84.813,84.52,84.344,84.168,83.934,83.875,84.52,86.923,92.315,101.28,113.3,126.9,140.5,152.75,162.94,170.74,176.01,178.89,179.82,179.24,177.71,175.66,173.44,171.27,169.16,167.22,165.46,163.94,162.42,160.89,159.25,157.43,155.09,152.1,148.35,143.72,138.44,132.7,127.01,121.8,117.4,113.94,111.36,109.55,108.49,107.96,107.85,107.91,108.02,108.2,108.2,108.02,107.73,107.2,106.5,105.62,104.68,103.63,102.57,101.46,100.4,99.349,98.411,97.473,96.653,95.832,95.129,94.425,93.722,92.901,92.198,91.377,90.557,89.736,88.916,88.212,87.568,87.04,86.63,86.278,86.044,85.809,85.575,85.458,86.22,88.74,94.132,102.98,114.88,128.3,141.67,153.92,164.29,172.38,177.83,180.82,181.82,181.41,180.06,178.12,175.96,173.79,171.85,170.15,168.63,167.16,165.87,164.53,163.12,161.42,159.37,156.73,153.39,149.17,144.13,138.33,132.17,126.31,121.04,116.76,113.42,111.01,109.37,108.43,107.96,107.85,107.91,108.02,108.2,108.14,107.91,107.55,106.97,106.27,105.39,104.45,103.45,102.34,101.28,100.23,99.232,98.294,97.415,96.594,95.773,95.011,94.249,93.429,92.608,91.729,90.909,90.029,89.209,88.505,87.802,87.216,86.806,86.513,86.22,86.044,85.809,85.692,86.278,88.564,93.488,101.87,113.24,126.31,139.56,151.81,162.36,170.74,176.66,180.12,181.58,181.29,180.06,178.12,175.84,173.61,171.56,169.74,168.04,166.52,165.05,163.59,162.06,160.25,158.08,155.27,151.69,147.35,142.19,136.51,130.47,124.73,119.69,115.58,112.42,110.13,108.61,107.79,107.5,107.44,107.55,107.67,107.73,107.67,107.5,107.09,106.5,105.8,104.92,103.92,102.87,101.75,100.64,99.525,98.528,97.59,96.711,96.008,95.246,94.543,93.839,93.136,92.315,91.495,90.615,89.678,88.798,87.978,87.216,86.63,86.102,85.751,85.399,85.223,85.047,84.93,85.106,86.22,89.209,95.305,104.8,116.87,130,142.72,154.09,163.71,170.92,175.78,178.42,179.24,178.65,177.19,175.14,172.91,170.68,168.51,166.52,164.64,162.89,161.13,159.31,157.32,155.03,152.22,148.76,144.42,139.38,133.75,127.83,122.33,117.4,113.42,110.43,108.26,106.85,106.15,105.91,105.97,106.15,106.44,106.56,106.62,106.44,105.97,105.44,104.68,103.74,102.69,101.58,100.4,99.232,98.059,96.946,95.832,94.836,94.074,93.312,92.608,91.905,91.26,90.498,89.795,89.033,88.271,87.568,86.806,86.102,85.458,84.93,84.52,84.168,83.992,83.758,83.465,83.23,83.172,83.758,85.692,90.088,97.942,108.9,121.86,135.1,147.29,157.73,165.82,171.44,174.61,175.66,175.25,173.67,171.44,168.92,166.4,164.06,161.89,159.84,158.02,156.26,154.44,152.51,150.17,147.35,143.78,139.44,134.34,128.89,123.38,118.34,114.06,110.66,108.14,106.38,105.21,104.8,104.74,104.86,105.15,105.39,105.5,105.5,105.21,104.86,104.21,103.45,102.51,101.4,100.29,99.114,97.883,96.653,95.539,94.425,93.37,92.432,91.612,90.909,90.322,89.736,89.209,88.681,88.095,87.568,86.981,86.395,85.809,85.223,84.696,84.168,83.758,83.347,83.172,82.996,82.82,82.527,82.351,82.644,84.109,87.802,94.718,105.03,117.75,131.23,144.07,155.27,164.23,170.8,174.9,176.78,176.95,175.78,173.85,171.5,169.04,166.64,164.35,162.3,160.42,158.67,156.91,155.09,153.04,150.58,147.47,143.6,138.91,133.64,128.13,122.74,117.99,114.12,111.07,108.79,107.38,106.56,106.32,106.38,106.62,106.85,107.03,107.09,106.91,106.56,106.03,105.39,104.57,103.63,102.57,101.46,100.29,99.173,98.001,96.946,95.832,94.836,94.015,93.194,92.432,91.788,91.26,90.733,90.264,89.678,89.15,88.564,87.919,87.275,86.688,86.044,85.458,85.047,84.754,84.461,84.227,84.051,83.816,83.816,84.52,87.157,92.784,102.05,114.24,127.83,141.32,153.51,163.71,171.62,177.01,180,181.06,180.64,179.18,177.13,174.78,172.56,170.45,168.51,166.75,165.17,163.71,162.24,160.66,158.9,156.73,153.92,150.34,146,140.79,135.1,129.24,123.67,118.87,115,112.01,109.9,108.55,107.85,107.55,107.55,107.73,107.85,107.91,107.79,107.55,107.09,106.5,105.68,104.8,103.8,102.69,101.58,100.35,99.232,98.118,97.004,96.066,95.187,94.425,93.663,93.077,92.491,91.905,91.377,90.733,90.088,89.443,88.623,87.861,87.099,86.395,85.868,85.34,85.047,84.813,84.52,84.285,84.168,84.52,86.161,90.147,97.59,108.43,121.5,134.93,147.47,158.31,167.05,173.44,177.42,179.3,179.59,178.77,177.13,175.19,173.2,171.21,169.33,167.63,166.05,164.47,163,161.48,159.78,157.73,155.21,151.98,148.06,143.31,137.8,131.88,126.02,120.74,116.29,112.89,110.31,108.55,107.55,107.03,106.85,106.97,107.2,107.32,107.32,107.09,106.79,106.32,105.62,104.8,103.86,102.87,101.81,100.64,99.466,98.411,97.297,96.242,95.246,94.425,93.722,93.077,92.432,91.846,91.319,90.733,90.029,89.326,88.623,87.861,87.04,86.278,85.751,85.223,84.871,84.52,84.285,84.109,83.875,83.875,84.52,86.981,92.257,100.99,112.65,126.08,139.38,151.57,161.71,169.63,175.02,178.12,179.12,178.59,177.13,175.08,172.73,170.39,168.16,166.17,164.41,162.77,161.19,159.54,157.9,156.03,153.68,150.69,146.94,142.37,137.04,131.18,125.26,119.75,115.12,111.42,108.61,106.73,105.62,105.09,104.98,105.09,105.39,105.62,105.8,105.74,105.44,104.98,104.45,103.63,102.57,101.46,100.35,99.232,98.118,96.887,95.715,94.718,93.781,92.96,92.198,91.495,90.909,90.322,89.619,88.916,88.271,87.685,86.981,86.22,85.575,85.047,84.52,84.109,83.758,83.523,83.347,83.113,82.761,82.586,83.113,84.93,89.092,96.535,107.09,119.63,132.52,144.42,154.68,162.77,168.57,171.85,173.14,172.79,171.44,169.39,166.87,164.23,161.83,159.66,157.73,155.85,154.09,152.45,150.69,148.47,145.71,142.31,138.15,133.23,127.78,122.38,117.34,113.18,109.78,107.09,105.33,104.27,103.8,103.69,103.8,104.16,104.51,104.74,104.68,104.51,104.1,103.57,102.81,101.81,100.81,99.759,98.587,97.415,96.242,95.187,94.191,93.253,92.374,91.612,90.967,90.44,89.736,89.092,88.564,87.919,87.275,86.688,86.102,85.575,84.989,84.461,84.051,83.758,83.523,83.347,83.113,82.82,82.761,83.406,85.633,90.615,99.114,110.66,123.97,137.33,149.46,159.72,167.63,172.85,175.66,176.54,175.96,174.26,171.97,169.51,167.05,164.88,162.83,160.89,159.19,157.61,156.03,154.33,152.16,149.64,146.36,142.25,137.33,131.82,126.25,120.98,116.41,112.71,109.9,107.96,106.68,105.97,105.74,105.85,106.09,106.38,106.56,106.62,106.5,106.09,105.56,104.8,103.98,103.04,101.99,100.87,99.7,98.528,97.473,96.418,95.48,94.66,93.898,93.253,92.491,91.788,91.202,90.498,89.795,89.092,88.447,87.743,87.099,86.395,85.809,85.34,85.106,84.93,84.637,84.344,84.168,84.344,85.575,88.798,95.363,105.44,117.99,131.41,144.3,155.73,165.17,172.2,176.72,179.06,179.59,178.95,177.3,175.31,173.2,171.21,169.33,167.52,165.87,164.41,163,161.42,159.72,157.79,155.44,152.51,148.7,144.13,138.8,133.05,127.25,121.8,117.17,113.53,110.84,108.9,107.67,107.09,106.97,107.09,107.26,107.38,107.44,107.38,107.03,106.56,105.91,105.15,104.27,103.16,102.05,100.93,99.876,98.821,97.649,96.711,95.832,95.129,94.367,93.605,92.901,92.257,91.553,90.733,89.912,89.15,88.447,87.685,86.923,86.278,85.868,85.575,85.282,84.989,84.754,84.696,84.93,86.22,89.795,96.594,106.91,119.69,133.23,146.24,157.73,167.16,174.08,178.3,180.35,180.64,179.59,177.83,175.55,173.32,171.27,169.33,167.57,165.99,164.53,163.18,161.71,160.07,158.14,155.79,152.86,149.05,144.42,139.03,133.17,127.31,121.74,117.05,113.42,110.72,108.84,107.61,106.97,106.79,106.91,107.09,107.2,107.26,107.2,106.97,106.5,105.8,104.98,104.1,103.16,102.05,100.93,99.818,98.821,97.708,96.711,95.832,95.129,94.484,93.722,92.96,92.257,91.495,90.674,89.795,88.916,88.095,87.45,86.747,86.044,85.633,85.34,85.164,84.93,84.696,84.461,84.813,86.161,89.678,96.242,106.27,118.63,131.7,144.13,155.21,164.35,171.27,175.72,178.07,178.59,177.89,176.31,174.26,171.91,169.63,167.57,165.64,163.82,162.06,160.36,158.72,156.85,154.62,151.87,148.41,144.3,139.32,133.7,127.78,122.15,117.28,113.24,110.13,107.85,106.44,105.68,105.39,105.39,105.56,105.85,106.03,106.03,105.8,105.44,104.92,104.16,103.22,102.16,101.05,99.935,98.763,97.532,96.418,95.363,94.425,93.546,92.726,92.022,91.436,90.791,90.029,89.326,88.564,87.861,87.099,86.337,85.692,85.047,84.52,84.051,83.699,83.406,83.289,83.113,82.82,82.644,83.172,85.223,89.736,97.532,108.49,121.45,134.69,146.83,156.97,164.94,170.5,173.67,174.78,174.37,172.85,170.8,168.39,165.82,163.35,161.24,159.37,157.55,155.85,154.09,152.39,150.22,147.53,144.19,140.03,135.16,129.83,124.2,118.93,114.47,110.84,108.14,106.09,104.86,104.27,104.1,104.21,104.45,104.68,104.92,104.92,104.68,104.27,103.74,102.98,102.05,101.05,99.994,98.88,97.649,96.477,95.363,94.367,93.429,92.55,91.788,91.084,90.557,89.912,89.326,88.681,88.095,87.509,86.806,86.102,85.399,84.871,84.285,83.816,83.406,83.113,82.879,82.586,82.292,82.058,82.175,83.23,86.161,92.198,101.69,113.88,127.19,139.97,151.34,160.66,167.63,172.03,174.31,174.78,173.9,172.2,169.86,167.46,165.11,162.94,160.89,159.02,157.32,155.73,154.09,152.22,149.99,147.24,143.72,139.38,134.22,128.6,122.97,117.75,113.24,109.72,107.26,105.56,104.57,104.1,104.21,104.57,105.03,105.44,105.74,105.91,105.85,105.56,104.92,104.16,103.28,102.28,101.17,99.994,98.821,97.649,96.477,95.422,94.425,93.663,92.901,92.257,91.553,90.909,90.322,89.678,89.092,88.505,87.861,87.216,86.513,85.868,85.34,84.989,84.696,84.403,84.227,83.992,83.816,83.875,85.047,88.505,95.246,105.56,118.4,132.23,145.42,156.97,166.4,173.38,177.83,180,180.35,179.47,177.89,175.84,173.73,171.68,169.74,167.98,166.4,164.88,163.35,161.89,160.31,158.49,156.2,153.21,149.64,145.13,139.85,134.05,128.19,122.74,118.05,114.24,111.36,109.37,108.2,107.55,107.32,107.38,107.55,107.73,107.79,107.67,107.44,107.03,106.44,105.62,104.68,103.74,102.75,101.63,100.46,99.407,98.352,97.415,96.477,95.598,94.836,94.191,93.429,92.608,91.905,91.202,90.44,89.619,88.798,88.037,87.45,86.806,86.278,85.985,85.692,85.399,85.106,84.93,85.34,87.275,91.671,99.525,110.66,123.85,137.45,149.93,160.72,169.45,175.66,179.41,181.06,181.11,180.12,178.42,176.37,174.26,172.32,170.56,168.98,167.46,166.05,164.76,163.41,161.89,160.01,157.67,154.86,151.16,146.59,141.2,135.22,129.18,123.44,118.4,114.47,111.54,109.49,108.02,107.32,107.09,107.2,107.38,107.5,107.55,107.5,107.26,106.79,106.27,105.56,104.68,103.69,102.57,101.4,100.29,99.232,98.118,97.063,96.125,95.363,94.601,93.839,93.136,92.491,91.788,91.026,90.264,89.502,88.798,87.978,87.216,86.571,86.044,85.692,85.34,85.106,84.871,84.696,84.637,85.164,87.216,92.022,100.46,112.07,125.43,138.91,151.51,162.36,170.86,176.89,180.41,181.88,181.64,180.23,178.24,176.01,173.79,171.74,169.86,168.16,166.75,165.35,164,162.47,160.89,158.9,156.44,153.1,149.11,144.25,138.74,132.7,126.66,121.21,116.76,113.24,110.54,108.73,107.67,107.2,107.03,106.97,107.09,107.32,107.32,107.2,106.79,106.27,105.62,104.74,103.74,102.69,101.63,100.46,99.349,98.118,96.946,95.949,95.011,94.132,93.312,92.667,92.139,91.495,90.791,90.088,89.443,88.74,87.978,87.157,86.395,85.809,85.223,84.696,84.227,83.934,83.816,83.582,83.289,83.054,83.289,84.696,88.095,94.66,104.68,117.23,130.59,143.25,154.33,163.41,170.27,174.55,176.66,177.07,176.19,174.49,172.38,169.98,167.69,165.58,163.71,161.89,160.19,158.55,156.91,155.09,152.92,150.28,147,142.84,137.92,132.35,126.49,120.98,116.05,112.07,108.9,106.79,105.5,104.86,104.62,104.68,104.92,105.21,105.5,105.5,105.33,104.92,104.45,103.69,102.75,101.63,100.52,99.407,98.235,97.063,95.773,94.66,93.546,92.432,91.436,90.498,89.736,89.092,88.564,88.095,87.802,87.509,87.099,86.747,86.278,85.868,85.34,84.754,84.109,83.465,82.996,82.586,82.234,81.882,81.589,81.355,81.12,80.769,81.003,82.41,86.161,93.194,103.63,116.64,130.41,143.48,154.68,163.53,169.86,173.79,175.43,175.19,173.61,171.44,168.92,166.4,164,161.83,159.95,158.31,156.85,155.38,153.86,152.16,150.05,147.24,143.6,139.21,134.05,128.48,122.85,117.69,113.36,110.02,107.44,105.62,104.57,104.04,104.04,104.39,104.68,104.98,105.21,105.39,105.21,104.92,104.39,103.69,102.87,101.87,100.81,99.7,98.587,97.532,96.36,95.246,94.191,93.194,92.257,91.377,90.557,89.854,89.385,88.974,88.623,88.212,87.978,87.685,87.45,86.981,86.63,86.102,85.692,85.106,84.637,84.168,83.875,83.523,83.23,82.996,82.644,82.41,82.586,83.875,87.509,94.425,104.92,117.81,131.41,144.3,155.56,164.82,171.74,176.25,178.53,179.12,178.48,177.01,175.08,172.97,170.97,169.1,167.34,165.82,164.35,163.06,161.6,160.13,158.31,156.14,153.39,149.87,145.59,140.5,134.93,129.3,123.97,119.45,115.58,112.6,110.43,108.96,108.14,107.67,107.55,107.61,107.67,107.67,107.5,107.26,106.79,106.27,105.56,104.74,103.8,102.87,101.81,100.76,99.583,98.47,97.415,96.418,95.48,94.66,93.898,93.312,92.667,92.022,91.495,90.85,90.264,89.56,88.857,88.212,87.568,86.864,86.278,85.809,85.34,85.047,84.754,84.344,84.168,84.285,85.458,88.798,95.363,105.5,118.16,131.76,144.72,156.26,165.82,172.91,177.6,180,180.64,180,178.53,176.72,174.78,172.97,171.33,169.86,168.51,167.28,166.05,164.82,163.47,161.89,159.95,157.43,154.27,150.28,145.42,139.79,133.64,127.48,121.86,117.17,113.47,110.72,108.84,107.67,107.09,106.97,107.03,107.32,107.55,107.67,107.73,107.55,107.09,106.56,105.74,104.86,103.8,102.69,101.46,100.23,99.056,97.883,96.711,95.656,94.66,93.781,93.077,92.374,91.729,91.084,90.498,89.912,89.385,88.681,88.037,87.45,86.864,86.278,85.868,85.575,85.282,84.989,84.696,84.344,84.285,85.047,87.802,93.605,102.98,115.29,128.89,142.19,154.09,164.06,171.68,176.78,179.59,180.53,180.12,178.83,176.95,174.9,172.91,170.97,169.22,167.63,166.05,164.53,163.12,161.54,159.84,157.79,155.27,151.98,148,143.13,137.51,131.53,125.84,120.68,116.41,113.06,110.54,108.79,107.73,107.2,106.85,106.85,106.91,106.91,106.85,106.68,106.32,105.8,105.09,104.39,103.51,102.51,101.4,100.29,99.173,98.059,97.004,96.008,95.129,94.308,93.546,92.843,92.139,91.436,90.674,89.912,89.092,88.271,87.509,86.688,85.926,85.282,84.754,84.285,83.992,83.758,83.465,83.23,83.172,83.699,85.458,89.619,97.004,107.5,120.04,133.05,145.24,155.85,164.41,170.62,174.49,176.31,176.42,175.31,173.38,170.97,168.57,166.17,164,162.06,160.25,158.55,156.97,155.32,153.51,151.22,148.41,144.89,140.5,135.45,129.83,124.14,118.81,114.24,110.66,107.91,106.03,104.92,104.27,104.1,104.16,104.51,104.74,104.86,104.86,104.68,104.27,103.74,102.98,102.05,100.99,99.876,98.645,97.473,96.301,95.187,94.074,93.136,92.257,91.436,90.733,90.088,89.56,88.916,88.271,87.626,86.981,86.395,85.809,85.164,84.52,83.934,83.406,82.996,82.644,82.468,82.234,81.999,81.706,81.648,82.292,84.52,89.443,97.649,108.9,121.86,134.87,146.77,156.67,164.29,169.57,172.5,173.44,172.91,171.44,169.33,166.99,164.64,162.36,160.36,158.55,156.85,155.32,153.74,152.1,150.17,147.76,144.66,140.73,135.98,130.65,125.14,119.86,115.23,111.48,108.49,106.38,104.92,104.16,103.92,103.98,104.16,104.51,104.8,104.92,104.86,104.68,104.21,103.63,102.81,101.87,100.87,99.818,98.645,97.473,96.418,95.422,94.484,93.605,92.901,92.257,91.612,91.026,90.557,90.029,89.502,88.916,88.212,87.626,86.923,86.22,85.633,85.047,84.637,84.344,84.109,83.934,83.699,83.465,83.699,85.047,88.623,95.363,105.56,118.05,131.35,144.01,155.21,164.35,171.21,175.55,177.83,178.24,177.48,175.96,173.9,171.74,169.63,167.63,165.82,164.17,162.59,161.13,159.54,157.84,155.79,153.39,150.22,146.3,141.55,136.16,130.53,125.08,120.16,116.11,112.95,110.49,108.79,107.73,107.26,106.97,106.97,107.03,107.2,107.2,106.97,106.62,106.03,105.39,104.57,103.69,102.69,101.63,100.52,99.407,98.352,97.356,96.418,95.539,94.777,94.074,93.429,92.726,92.022,91.377,90.615,89.912,89.15,88.447,87.743,87.04,86.395,85.926,85.575,85.223,84.93,84.637,84.285,84.461,85.868,89.56,96.477,106.91,119.69,133.11,145.95,157.26,166.58,173.49,178.01,180.29,180.94,180.23,178.83,176.95,174.9,172.97,171.21,169.57,168.04,166.69,165.29,163.88,162.36,160.54,158.37,155.62,152.16,147.94,142.84,137.15,131.18,125.37,120.21,115.99,112.65,110.31,108.61,107.61,107.2,107.03,107.09,107.2,107.26,107.2,106.97,106.56,106.03,105.39,104.57,103.63,102.63,101.58,100.46,99.349,98.235,97.239,96.301,95.422,94.543,93.605,92.608,91.612,90.967,90.615,90.147,89.385,88.271,87.275,86.571,86.161,85.985,85.868,85.751,85.458,85.164,85.047,85.399,86.864,90.381,96.887,106.73,119.22,132.76,145.65,157.2,166.58,173.49,178.01,180.23,180.47,179.41,177.48,175.19,172.67,170.33,168.16,166.34,164.76,163.35,162.12,160.72,159.25,157.38,154.97,152.04,148.29,143.66,138.33,132.41,126.55,121.09,116.52,112.89,110.07,108.02,106.85,106.27,105.97,106.03,106.09,106.27,106.27,106.09,105.74,105.21,104.57,103.74,102.75,101.69,100.46,99.349,98.235,97.122,96.125,95.187,94.367,93.605,92.901,92.315,91.729,91.084,90.44,89.678,88.857,88.037,87.216,86.395,85.751,85.047,84.461,84.051,83.758,83.465,83.289,83.054,82.937,83.113,84.403,87.802,94.191,103.98,116.29,129.53,142.19,153.39,162.47,169.22,173.61,175.66,175.96,174.9,173.08,170.68,168.22,165.82,163.53,161.54,159.66,157.9,156.26,154.5,152.57,150.22,147.35,143.72,139.32,134.16,128.6,122.97,117.75,113.3,109.78,107.26,105.44,104.39,103.86,103.74,103.92,104.16,104.51,104.68,104.68,104.51,104.04,103.45,102.63,101.63,100.52,99.407,98.235,97.063,95.832,94.718,93.663,92.667,91.788,90.967,90.264,89.619,88.974,88.505,87.919,87.333,86.806,86.161,85.575,84.93,84.285,83.699,83.113,82.644,82.292,81.999,81.706,81.472,81.237,81.003,81.179,82.351,85.633,91.905,101.69,113.94,127.19,139.91,151.05,160.07,166.64,170.8,172.73,172.97,171.85,169.92,167.52,164.94,162.36,160.07,157.84,155.97,154.27,152.57,150.81,148.88,146.47,143.48,139.73,135.22,130.06,124.61,119.28,114.59,110.72,107.67,105.44,103.92,103.04,102.69,102.69,102.87,103.16,103.33,103.51,103.51,103.22,102.81,102.1,101.22,100.29,99.173,98.059,96.946,95.715,94.543,93.429,92.432,91.495,90.733,90.029,89.502,88.974,88.505,88.037,87.568,87.099,86.63,86.102,85.633,85.106,84.637,84.168,83.816,83.465,83.23,82.996,82.644,82.351,82.117,82.292,83.523,86.981,93.546,103.51,115.94,129.3,142.19,153.45,162.53,169.33,173.61,175.66,175.96,174.9,173.08,170.74,168.28,165.99,163.88,162.01,160.19,158.61,157.08,155.56,153.86,151.87,149.29,146.06,141.9,137.1,131.76,126.37,121.33,116.99,113.42,110.66,108.67,107.32,106.56,106.27,106.15,106.27,106.38,106.44,106.44,106.27,105.85,105.33,104.57,103.74,102.81,101.75,100.7,99.583,98.587,97.59,96.653,95.832,95.07,94.308,93.546,92.784,92.022,91.319,90.557,89.795,89.033,88.271,87.568,86.864,86.278,85.868,85.458,85.223,84.989,84.696,84.403,84.52,85.692,88.974,95.48,105.44,117.93,131.41,144.42,156.03,165.64,172.85,177.6,180.12,180.88,180.29,178.89,176.95,174.84,172.85,170.86,169.1,167.52,166.05,164.7,163.35,161.89,160.25,158.2,155.68,152.45,148.35,143.48,137.86,131.76,125.78,120.51,116.11,112.65,110.19,108.43,107.44,106.91,106.79,106.85,107.03,107.2,107.2,107.03,106.68,106.15,105.5,104.68,103.8,102.75,101.75,100.7,99.583,98.645,97.708,96.887,96.066,95.246,94.484,93.605,92.784,91.846,90.967,90.088,89.209,88.388,87.626,86.864,86.337,85.985,85.751,85.458,85.223,84.989,85.047,86.102,89.033,95.011,104.39,116.35,129.59,142.61,154.44,164.29,171.85,176.95,179.77,180.64,180.06,178.53,176.54,174.37,172.2,170.27,168.45,166.87,165.35,164,162.59,161.13,159.31,157.2,154.44,150.93,146.59,141.49,135.69,129.65,123.85,118.87,114.76,111.54,109.31,107.73,106.91,106.56,106.56,106.68,106.85,106.97,106.91,106.73,106.38,105.8,105.09,104.21,103.22,102.1,101.05,99.935,98.88,97.942,97.004,96.184,95.363,94.66,94.015,93.312,92.608,91.846,90.967,90.029,89.15,88.388,87.568,86.806,86.102,85.633,85.164,84.93,84.754,84.52,84.344,84.52,85.809,88.974,95.246,104.86,117.11,130.3,143.13,154.62,164.17,171.38,176.07,178.53,179.24,178.59,177.07,175.02,172.67,170.45,168.22,166.23,164.35,162.65,161.07,159.43,157.67,155.62,153.16,150.05,146.18,141.43,135.98,130.06,124.14,118.69,114.12,110.54,107.96,106.27,105.15,104.68,104.57,104.74,105.03,105.33,105.5,105.44,105.09,104.68,103.98,103.16,102.16,101.11,99.935,98.763,97.532,96.301,95.187,94.191,93.253,92.432,91.671,90.967,90.44,89.854,89.326,88.681,88.037,87.333,86.747,85.985,85.282,84.696,84.168,83.699,83.289,83.054,82.879,82.644,82.41,82.292,82.527,83.816,86.981,93.136,102.63,114.59,127.66,140.32,151.46,160.54,167.28,171.62,173.73,174.14,173.14,171.27,168.86,166.34,164,161.83,159.78,158.02,156.38,154.74,153.04,151.1,148.7,145.59,141.78,137.1,131.82,126.25,120.8,115.94,111.95,108.84,106.68,105.15,104.39,104.04,104.1,104.39,104.62,104.86,104.98,104.92,104.68,104.16,103.57,102.69,101.75,100.76,99.583,98.47,97.297,96.125,95.011,93.839,92.843,91.905,91.26,90.557,89.971,89.443,88.916,88.388,87.743,87.157,86.571,85.985,85.34,84.696,84.109,83.523,83.054,82.644,82.351,82.175,81.999,81.648,81.472,81.706,82.937,86.102,92.374,101.99,114.24,127.48,140.32,151.57,160.66,167.28,171.5,173.49,173.67,172.56,170.62,168.22,165.76,163.35,161.13,159.08,157.32,155.73,154.33,152.75,150.93,148.82,146,142.43,137.97,132.88,127.42,121.91,116.93,112.71,109.43,106.97,105.39,104.39,103.92,103.98,104.16,104.51,104.74,104.98,105.03,104.92,104.62,104.1,103.45,102.57,101.58,100.46,99.407,98.352,97.239,96.184,95.187,94.367,93.605,92.901,92.315,91.671,91.084,90.498,89.795,89.15,88.623,87.978,87.275,86.63,86.044,85.458,85.047,84.754,84.52,84.344,84.168,83.934,84.051,85.34,88.798,95.422,105.33,117.64,130.88,143.54,154.62,163.71,170.45,174.9,177.25,177.83,177.13,175.6,173.73,171.62,169.45,167.34,165.46,163.82,162.18,160.6,159.02,157.26,155.21,152.69,149.4,145.36,140.55,135.1,129.3,123.73,118.81,114.76,111.6,109.25,107.73,106.85,106.56,106.62,106.73,106.91,107.09,107.2,107.03,106.73,106.27,105.56,104.74,103.86,102.87,101.81,100.7,99.525,98.47,97.415,96.477,95.598,94.777,94.132,93.37,92.608,91.846,91.026,90.322,89.56,88.74,87.919,87.157,86.571,86.102,85.751,85.399,85.164,84.93,84.754,84.813,85.633,88.212,93.781,102.92,115,128.36,141.55,153.62,163.88,171.74,177.07,180,181,180.64,179.3,177.42,175.31,173.26,171.44,169.74,168.16,166.75,165.35,164,162.53,160.89,158.84,156.32,153.1,149.05,144.25,138.62,132.52,126.6,121.21,116.82,113.3,110.72,108.84,107.79,107.32,107.2,107.26,107.38,107.44,107.5,107.44,107.03,106.5,105.8,105.03,104.1,103.04,101.93,100.87,99.818,98.821,97.883,97.004,96.242,95.48,94.66,93.839,93.077,92.257,91.319,90.381,89.502,88.623,87.802,87.04,86.337,85.926,85.692,85.399,85.223,84.989,84.93,85.223,86.747,90.498,97.297,107.38,119.57,132.41,144.72,155.68,164.7,171.5,175.96,178.24,178.77,177.95,176.31,174.2,171.91,169.63,167.52,165.58,163.76,162.01,160.25,158.49,156.55,154.33,151.57,148.11,144.01,138.97,133.34,127.54,121.91,116.99,112.95,109.78,107.55,106.09,105.33,104.98,105.03,105.33,105.5,105.68,105.68,105.56,105.21,104.68,103.92,103.04,102.05,100.93,99.818,98.645,97.532,96.535,95.598,94.718,94.015,93.194,92.432,91.612,90.85,89.971,89.092,88.271,87.45,86.63,85.868,85.223,84.696,84.168,83.816,83.523,83.289,83.054,82.82,82.82,83.758,86.337,91.671,100.29,111.72,124.55,137.33,148.82,158.37,165.64,170.39,172.85,173.44,172.67,170.86,168.51,165.99,163.41,161.01,158.72,156.67,154.74,152.86,150.93,148.82,146.24,143.13,139.26,134.63,129.36,123.91,118.63,113.88,109.9,106.91,104.74,103.28,102.57,102.28,102.4,102.75,103.1,103.45,103.63,103.63,103.33,102.92,102.28,101.46,100.46,99.407,98.352,97.239,96.125,95.129,94.191,93.253,92.374,91.553,90.733,89.971,89.209,88.505,87.802,87.099,86.513,85.868,85.282,84.754,84.285,83.875,83.465,83.172,82.937,82.586,82.292,82.175,82.761,84.754,89.15,96.887,107.5,119.98,132.88,144.66,154.86,162.83,168.39,171.68,172.91,172.61,171.27,169.1,166.64,164.12,161.65,159.37,157.26,155.38,153.57,151.75,149.76,147.35,144.48,140.85,136.45,131.35,126.02,120.68,115.94,111.95,108.79,106.56,104.98,104.1,103.8,103.86,104.21,104.68,105.03,105.39,105.5,105.44,105.03,104.51,103.8,102.98,101.99,100.99,99.994,98.997,98.001,97.063,96.184,95.363,94.543,93.722,92.843,92.022,91.319,90.44,89.619,88.798,88.037,87.275,86.688,86.102,85.692,85.399,85.164,84.871,84.52,84.637,85.575,88.447,94.308,103.8,116.11,129.59,142.72,154.56,164.29,171.62,176.31,178.65,179.18,178.42,176.78,174.72,172.5,170.33,168.28,166.4,164.76,163.12,161.54,159.95,158.08,155.85,153.21,149.99,146,141.14,135.69,130.06,124.49,119.51,115.23,112.07,109.72,108.14,107.2,106.73,106.73,106.91,107.09,107.2,107.2,107.03,106.73,106.27,105.5,104.74,103.86,102.92,101.87,100.93,100.05,99.173,98.235,97.297,96.36,95.48,94.484,93.488,92.432,91.495,90.557,89.619,88.74,87.978,87.333,86.923,86.571,86.22,85.985,85.751,85.692,86.22,88.271,92.96,100.87,111.77,124.55,137.68,149.93,160.54,168.92,174.84,178.42,180,180,178.77,176.95,174.78,172.61,170.5,168.57,166.81,165.23,163.71,162.12,160.48,158.72,156.61,153.92,150.52,146.3,141.37,135.69,129.65,123.85,118.87,114.82,111.66,109.43,107.96,107.26,106.97,106.97,107.2,107.5,107.61,107.61,107.44,107.03,106.44,105.68,104.74,103.8,102.81,101.87,100.93,100.05,99.232,98.352,97.473,96.535,95.598,94.66,93.605,92.608,91.553,90.615,89.619,88.798,88.037,87.568,87.099,86.806,86.513,86.22,86.044,86.337,87.978,91.729,98.587,108.67,120.92,133.93,146.36,157.49,166.64,173.44,177.71,179.82,180.12,179.18,177.42,175.19,172.79,170.5,168.22,166.23,164.35,162.59,160.95,159.13,157.14,154.74,151.87,148.23,143.78,138.62,132.82,126.78,121.04,116.05,112.07,108.96,106.85,105.5,104.86,104.74,104.92,105.21,105.56,105.8,105.85,105.74,105.44,104.86,104.1,103.16,102.16,101.05,99.994,98.997,98.001,97.063,96.066,95.129,94.132,93.136,92.022,90.967,89.971,88.974,88.037,87.099,86.337,85.751,85.164,84.813,84.461,84.168,83.934,83.523,83.347,83.582,84.93,88.212,94.543,104.16,116.29,129.3,141.78,152.8,161.65,168.04,171.97,173.73,173.73,172.5,170.5,168.04,165.46,163.06,160.78,158.72,156.91,155.21,153.45,151.57,149.35,146.59,143.25,139.03,134.11,128.66,123.2,117.99,113.53,109.9,107.26,105.33,104.1,103.57,103.45,103.63,103.98,104.39,104.62,104.74,104.68,104.39,103.86,103.16,102.28,101.22,100.17,99.056,98.001,97.004,96.008,95.129,94.249,93.37,92.491,91.612,90.791,89.971,89.15,88.388,87.626,86.864,86.22,85.692,85.223,84.871,84.52,84.285,83.992,83.699,83.523,83.816,85.34,89.092,96.066,106.27,118.81,132.11,144.77,155.85,164.82,171.33,175.25,177.01,177.01,175.66,173.61,171.03,168.51,165.99,163.71,161.54,159.72,158.08,156.44,154.68,152.69,150.17,147,143.02,138.27,132.88,127.25,121.86,117.17,113.3,110.25,107.96,106.62,105.85,105.62,105.74,105.97,106.32,106.56,106.62,106.56,106.32,105.8,105.09,104.21,103.22,102.22,101.17,100.05,99.056,98.059,97.122,96.184,95.363,94.484,93.546,92.667,91.788,90.967,90.147,89.385,88.623,87.919,87.275,86.806,86.513,86.22,85.985,85.751,85.458,85.34,85.751,87.333,91.436,98.88,109.61,122.62,136.22,149.17,160.36,169.16,175.49,179.24,180.82,180.7,179.47,177.6,175.43,173.26,171.09,169.22,167.57,165.99,164.47,163,161.48,159.72,157.67,155.03,151.75,147.53,142.61,136.92,130.94,125.14,119.86,115.53,112.3,110.02,108.55,107.73,107.5,107.67,107.91,108.26,108.49,108.61,108.49,108.14,107.5,106.68,105.74,104.74,103.74,102.69,101.69,100.7,99.7,98.821,98.001,97.122,96.301,95.422,94.543,93.605,92.726,91.788,90.909,90.088,89.326,88.623,87.978,87.568,87.216,86.923,86.63,86.337,86.571,87.802,91.26,98.001,108.14,120.8,134.34,147.47,159.25,168.92,176.07,180.64,182.93,183.46,182.7,181.06,179.06,177.01,174.9,173.14,171.5,169.98,168.63,167.22,165.87,164.29,162.47,160.25,157.43,153.86,149.46,144.25,138.27,132,126.08,120.8,116.52,113.3,110.9,109.43,108.55,108.26,108.26,108.49,108.67,108.79,108.73,108.55,108.2,107.61,106.85,105.97,104.98,103.86,102.81,101.75,100.76,99.818,98.939,98.059,97.239,96.418,95.539,94.66,93.781,92.784,91.846,90.909,90.029,89.326,88.564,87.919,87.45,87.157,86.923,86.688,86.337,86.337,87.157,89.619,94.836,103.51,115.06,128.13,141.26,153.51,164,172.32,178.07,181.41,182.81,182.64,181.23,179.24,177.01,174.78,172.73,170.74,168.98,167.34,165.87,164.29,162.59,160.78,158.55,155.79,152.16,147.82,142.55,136.69,130.41,124.44,119.16,115,111.72,109.43,107.91,107.2,106.97,106.97,107.2,107.44,107.67,107.73,107.55,107.09,106.56,105.8,104.8,103.69,102.51,101.34,100.23,99.114,98.001,97.063,96.184,95.305,94.543,93.781,93.136,92.315,91.436,90.498,89.678,88.798,87.919,87.099,86.395,85.926,85.458,85.106,84.813,84.637,84.344,84.109,84.109,84.93,87.509,92.843,101.58,113.24,126.49,139.67,151.69,161.6,169.22,174.37,177.07,177.71,176.95,175.25,172.97,170.56,168.16,165.93,164,162.3,160.6,159.02,157.43,155.79,153.8,151.22,148,144.01,139.26,133.75,127.95,122.33,117.28,113.24,110.02,107.67,106.15,105.44,105.09,105.15,105.5,105.85,106.15,106.32,106.15,105.85,105.44,104.74,103.8,102.81,101.69,100.52,99.349,98.177,97.122,96.125,95.246,94.367,93.605,92.96,92.491,91.905,91.319,90.733,90.147,89.619,88.974,88.271,87.626,86.981,86.395,85.868,85.399,85.106,84.871,84.637,84.285,84.051,84.285,85.809,89.56,96.535,106.97,119.8,133.29,146,157.14,166.11,172.73,176.89,178.77,178.95,178.01,176.25,174.08,171.68,169.45,167.28,165.29,163.41,161.6,159.95,158.2,156.2,153.8,150.87,147.24,142.78,137.62,131.88,126.13,120.86,116.29,112.6,109.72,107.79,106.68,106.09,105.91,105.97,106.15,106.44,106.56,106.5,106.15,105.74,105.09,104.27,103.28,102.22,101.11,99.994,98.821,97.59,96.477,95.48,94.484,93.605,92.843,92.139,91.377,90.557,89.736,88.974,88.212,87.568,86.864,86.161,85.633,85.047,84.696,84.344,84.109,83.992,83.758,83.347,83.172,83.523,85.282,89.502,97.004,107.67,120.57,133.93,146.53,157.49,166.28,172.61,176.54,178.36,178.42,177.25,175.37,173.14,170.74,168.51,166.4,164.64,162.94,161.36,159.95,158.43,156.73,154.74,152.16,148.94,144.89,139.91,134.34,128.48,122.79,117.81,113.65,110.54,108.38,106.97,106.27,106.03,106.27,106.56,106.85,107.09,107.2,107.03,106.68,106.09,105.39,104.51,103.45,102.22,101.11,99.935,98.88,97.883,96.946,96.125,95.363,94.601,93.839,93.136,92.374,91.553,90.733,89.854,88.974,88.095,87.275,86.571,85.926,85.458,85.106,84.871,84.52,84.227,84.051,84.52,86.571,91.26,99.232,110.37,123.32,136.51,148.82,159.54,168.1,174.26,178.01,179.71,179.77,178.65,176.89,174.72,172.5,170.39,168.39,166.64,164.94,163.41,161.95,160.42,158.72,156.67,154.09,150.93,146.94,142.19,136.74,130.94,125.26,120.1,115.82,112.36,109.84,108.2,107.2,106.68,106.56,106.68,106.79,106.91,106.91,106.73,106.38,105.85,105.15,104.27,103.33,102.34,101.28,100.29,99.29,98.411,97.532,96.711,96.008,95.246,94.484,93.663,92.726,91.846,90.909,89.971,89.033,88.095,87.275,86.63,86.044,85.633,85.282,85.047,84.754,84.637,84.93,86.395,90.264,97.297,107.61,120.1,133.34,146,157.2,166.28,173.08,177.3,179.3,179.59,178.65,177.01,174.84,172.56,170.39,168.28,166.4,164.76,163.12,161.48,159.84,158.02,155.85,153.16,149.81,145.65,140.67,134.99,129.01,123.2,118.05,113.83,110.43,107.96,106.32,105.39,104.86,104.8,104.92,105.09,105.33,105.39,105.21,104.86,104.39,103.69,102.87,101.99,100.99,99.994,98.939,97.942,97.063,96.184,95.305,94.425,93.488,92.55,91.553,90.498,89.502,88.564,87.626,86.747,85.985,85.282,84.754,84.285,83.992,83.758,83.406,83.113,82.996,83.582,85.692,90.088,97.708,108.38,120.86,133.7,145.54,155.73,163.76,169.22,172.44,173.61,173.2,171.68,169.45,166.87,164.23,161.65,159.37,157.26,155.27,153.39,151.51,149.4,147,144.07,140.44,136.04,131.06,125.61,120.21,115.35,111.19,107.91,105.5,103.86,102.81,102.28,102.22,102.34,102.75,103.04,103.22,103.22,103.04,102.69,102.1,101.34,100.46,99.466,98.47,97.473,96.418,95.422,94.484,93.605,92.784,91.905,91.026,90.147,89.326,88.447,87.626,86.806,85.985,85.223,84.52,83.992,83.523,83.172,82.879,82.586,82.292,82.058,81.882,82.351,84.403,89.092,97.18,108.38,121.39,134.52,146.47,156.55,164.29,169.57,172.56,173.55,172.97,171.33,168.98,166.4,163.76,161.19,158.84,156.79,154.86,153.04,151.22,149.23,146.88,143.95,140.38,135.98,130.94,125.49,120.16,115.35,111.31,108.14,105.68,104.04,103.04,102.69,102.69,102.98,103.33,103.74,103.92,103.92,103.74,103.45,102.92,102.22,101.34,100.35,99.349,98.294,97.239,96.242,95.305,94.425,93.605,92.726,91.846,90.967,90.147,89.326,88.505,87.685,86.981,86.278,85.692,85.106,84.754,84.403,84.168,83.934,83.582,83.289,83.347,84.344,87.45,93.546,103.16,115.7,129.36,142.66,154.5,164.06,171.09,175.49,177.54,177.71,176.54,174.49,172.03,169.51,166.99,164.7,162.65,160.89,159.19,157.61,155.97,154.27,152.16,149.46,146.12,141.84,136.92,131.35,125.72,120.51,115.94,112.19,109.37,107.38,106.03,105.44,105.15,105.21,105.5,105.68,105.8,105.8,105.62,105.15,104.62,103.86,102.98,102.1,101.17,100.23,99.29,98.411,97.532,96.653,95.773,94.894,94.074,93.136,92.198,91.202,90.264,89.326,88.447,87.626,86.864,86.278,85.926,85.633,85.282,85.047,84.813,84.93,86.102,89.56,96.125,106.03,118.52,131.88,144.66,156.14,165.58,172.56,177.07,179.36,179.88,179.12,177.54,175.55,173.38,171.33,169.33,167.52,165.82,164.17,162.65,161.13,159.43,157.43,154.97,151.92,148.06,143.43,138.03,132.23,126.43,120.98,116.41,112.77,110.07,108.14,106.91,106.32,106.09,106.15,106.32,106.44,106.5,106.44,106.15,105.74,105.09,104.27,103.45,102.51,101.58,100.64,99.7,98.821,97.942,97.063,96.125,95.187,94.249,93.253,92.198,91.084,90.088,89.092,88.212,87.509,86.864,86.395,86.044,85.751,85.399,85.106,85.047,85.809,88.271,93.546,102.28,114,127.19,140.2,152.04,162.12,169.92,175.25,178.24,179.36,179,177.66,175.66,173.44,171.21,168.98,167.05,165.17,163.47,161.89,160.25,158.43,156.44,153.92,150.87,147,142.31,136.92,131.06,125.14,119.69,115.06,111.36,108.61,106.73,105.56,104.98,104.86,104.92,105.09,105.33,105.44,105.44,105.21,104.8,104.1,103.28,102.34,101.34,100.35,99.29,98.352,97.415,96.535,95.656,94.718,93.839,92.901,91.905,90.85,89.854,88.798,87.802,86.923,86.102,85.399,84.93,84.461,84.168,83.934,83.699,83.347,83.347,83.992,86.161,90.967,99.173,110.37,123.38,136.57,148.76,159.08,167.11,172.56,175.6,176.54,175.96,174.31,171.91,169.33,166.64,164.06,161.71,159.66,157.79,155.97,154.15,152.22,150.05,147.29,143.84,139.62,134.69,129.12,123.38,117.93,113.18,109.43,106.68,104.8,103.69,103.1,103.04,103.22,103.57,103.92,104.16,104.21,104.1,103.74,103.1,102.28,101.4,100.4,99.349,98.294,97.239,96.301,95.363,94.425,93.605,92.726,91.846,90.909,89.971,89.033,88.095,87.157,86.278,85.575,84.871,84.403,84.051,83.758,83.523,83.465,83.875,85.164,88.271,94.191,103.04,114.3,126.55,138.56,149.23,158.02,164.47,168.69,170.74,170.97,169.98,168.16,165.82,163.3,160.72,158.31,156.03,153.98,151.98,149.99,147.82,145.3,142.19,138.33,133.7,128.54,123.2,118.05,113.53,109.78,106.91,104.74,103.33,102.63,102.4,102.57,102.87,103.22,103.63,103.8,103.86,103.69,103.28,102.75,102.05,101.17,100.17,99.114,98.001,96.887,95.715,94.66,93.663,92.726,91.905,91.202,90.557,89.912,89.385,88.798,88.154,87.568,86.981,86.337,85.751,85.106,84.461,83.934,83.406,83.113,82.879,82.644,82.527,82.351,82.468,83.699,87.099,94.249,105.39,119.22,133.99,147.82,159.66,169.16,176.01,180.12,181.88,181.88,180.53,178.48,176.07,173.61,171.33,169.22,167.34,165.7,164.12,162.53,161.07,159.31,157.32,154.8,151.69,147.76,143.07,137.62,131.82,126.13,120.92,116.52,113.06,110.49,108.67,107.55,106.97,106.85,106.91,107.03,107.09,107.09,106.91,106.62,106.03,105.39,104.51,103.57,102.57,101.46,100.46,99.466,98.587,97.708,96.946,96.125,95.305,94.425,93.605,92.667,91.729,90.85,89.912,89.033,88.212,87.45,86.806,86.22,85.926,85.633,85.34,85.106,84.93,85.282,86.923,90.85,98.059,108.38,120.92,134.05,146.41,157.26,165.99,172.32,176.25,178.01,178.12,177.13,175.31,173.14,170.92,168.81,166.87,165.05,163.35,161.71,160.19,158.49,156.61,154.39,151.57,148.06,143.72,138.68,133.05,127.25,121.74,116.99,113.18,110.25,108.14,106.73,105.97,105.68,105.74,105.91,106.09,106.27,106.15,105.97,105.56,105.03,104.27,103.45,102.4,101.4,100.4,99.407,98.528,97.649,96.77,96.008,95.129,94.308,93.429,92.491,91.553,90.557,89.56,88.623,87.685,86.864,86.161,85.692,85.282,85.047,84.871,84.637,84.403,84.813,86.395,90.44,97.942,108.79,121.91,135.57,148.29,159.43,168.45,174.84,178.77,180.35,180.23,178.95,176.95,174.55,172.15,169.86,167.87,165.99,164.29,162.65,161.13,159.43,157.49,155.27,152.45,148.94,144.6,139.5,133.81,127.83,122.15,117.17,113.18,110.19,107.96,106.56,105.74,105.39,105.33,105.44,105.62,105.68,105.62,105.44,105.03,104.51,103.69,102.75,101.75,100.76,99.7,98.645,97.649,96.77,95.949,95.129,94.249,93.429,92.55,91.612,90.674,89.678,88.681,87.685,86.806,86.044,85.34,84.754,84.285,83.992,83.758,83.465,83.289,83.172,83.523,85.106,88.857,95.715,105.85,118.1,131,143.13,153.68,162.12,168.22,171.91,173.55,173.55,172.32,170.33,167.81,165.17,162.65,160.31,158.14,156.14,154.27,152.39,150.28,147.94,145.13,141.61,137.39,132.41,127.07,121.68,116.7,112.36,108.84,106.27,104.45,103.33,102.87,102.75,102.87,103.16,103.51,103.69,103.69,103.57,103.16,102.63,101.81,100.93,99.935,98.88,97.883,96.77,95.773,94.836,93.898,93.136,92.315,91.495,90.674,89.854,89.033,88.154,87.333,86.571,85.868,85.164,84.52,84.051,83.582,83.289,83.054,82.82,82.527,82.292,82.351,83.23,85.985,91.671,100.76,112.65,126.02,138.97,150.58,160.19,167.28,171.97,174.31,174.72,173.79,171.91,169.51,166.81,164.17,161.65,159.37,157.26,155.32,153.39,151.34,149.17,146.59,143.48,139.67,135.1,130,124.67,119.63,115.12,111.42,108.61,106.56,105.15,104.39,104.1,104.16,104.39,104.68,104.92,104.98,104.86,104.57,104.1,103.51,102.63,101.69,100.7,99.7,98.645,97.649,96.653,95.773,95.07,94.249,93.429,92.667,91.846,91.026,90.147,89.385,88.623,87.802,87.04,86.278,85.751,85.282,84.989,84.754,84.461,84.285,84.109,84.168,85.223,88.271,94.425,103.86,115.99,129.18,142.08,153.51,162.94,169.92,174.55,176.89,177.3,176.42,174.72,172.56,170.15,167.81,165.58,163.47,161.48,159.6,157.79,155.91,153.86,151.46,148.47,144.89,140.55,135.45,129.89,124.32,119.22,115,111.54,108.96,107.26,106.15,105.74,105.62,105.8,106.03,106.38,106.44,106.38,106.09,105.68,105.03,104.16,103.22,102.22,101.22,100.17,99.114,98.177,97.297,96.477,95.656,94.836,94.132,93.37,92.491,91.612,90.674,89.795,88.974,88.095,87.216,86.571,85.985,85.575,85.223,84.989,84.813,84.637,84.637,85.575,88.505,94.543,104.1,116.41,129.94,143.19,155.21,165.17,172.67,177.66,180.23,180.94,180.18,178.42,176.19,173.85,171.62,169.45,167.46,165.64,163.94,162.36,160.66,158.9,156.91,154.5,151.46,147.59,142.9,137.62,131.88,126.02,120.68,116.17,112.71,110.13,108.32,107.2,106.68,106.62,106.73,106.85,106.97,107.03,106.97,106.68,106.09,105.44,104.68,103.74,102.75,101.63,100.52,99.525,98.587,97.649,96.77,96.066,95.305,94.543,93.663,92.726,91.846,90.967,90.088,89.092,88.212,87.509,86.806,86.161,85.692,85.399,85.223,85.047,84.813,84.754,85.458,87.802,92.667,100.93,112.24,125.26,138.33,150.22,160.36,168.45,174.14,177.42,178.59,178.36,177.07,175.08,172.73,170.39,168.1,166.05,164.23,162.47,160.89,159.25,157.49,155.44,152.86,149.76,145.95,141.37,135.98,130.24,124.49,119.34,115.06,111.6,109.08,107.32,106.38,105.91,105.8,105.85,106.09,106.32,106.32,106.09,105.8,105.39,104.74,103.8,102.81,101.81,100.76,99.7,98.528,97.473,96.535,95.656,94.836,94.074,93.312,92.608,91.788,90.85,89.912,89.033,88.154,87.216,86.337,85.633,85.047,84.52,84.109,83.816,83.699,83.465,83.23,83.172,83.934,86.337,91.553,100.05,111.48,124.49,137.51,149.29,159.25,166.87,172.15,175.08,175.96,175.25,173.55,171.38,168.86,166.34,164,161.83,159.78,157.84,155.97,154.03,152.04,149.81,146.94,143.31,138.97,133.93,128.42,122.79,117.58,113.18,109.66,107.03,105.21,104.16,103.74,103.74,103.92,104.21,104.57,104.8,104.8,104.57,104.04,103.45,102.69,101.75,100.7,99.466,98.352,97.297,96.184,95.187,94.249,93.429,92.667,91.905,91.202,90.44,89.736,88.916,88.154,87.333,86.688,85.985,85.223,84.52,83.992,83.523,83.23,82.937,82.586,82.41,82.234,82.117,82.468,84.051,87.919,95.011,105.33,117.75,130.88,143.25,153.92,162.3,168.1,171.56,172.85,172.44,170.8,168.51,165.87,163.24,160.66,158.31,156.2,154.33,152.57,150.75,148.82,146.53,143.78,140.32,135.92,130.94,125.55,120.27,115.47,111.42,108.32,106.03,104.51,103.63,103.22,103.28,103.69,104.04,104.45,104.62,104.62,104.57,104.16,103.57,102.81,101.93,101.05,99.994,98.88,97.708,96.711,95.773,94.836,94.015,93.253,92.608,91.905,91.202,90.44,89.678,89.033,88.271,87.568,86.864,86.22,85.692,85.164,84.754,84.403,84.285,84.109,83.875,83.582,83.875,85.34,89.15,96.301,106.85,119.75,133.23,145.89,156.67,165.35,171.68,175.6,177.36,177.48,176.48,174.78,172.67,170.39,168.04,165.99,164.06,162.24,160.42,158.61,156.73,154.8,152.45,149.4,145.65,141.26,136.16,130.77,125.26,120.21,116.05,112.71,110.25,108.49,107.44,106.97,106.85,106.91,107.09,107.32,107.44,107.38,107.03,106.56,105.85,105.09,104.16,103.1,102.05,100.99,99.935,98.88,97.883,97.004,96.125,95.363,94.543,93.781,92.96,92.198,91.377,90.557,89.678,88.857,88.095,87.333,86.747,86.22,85.868,85.575,85.34,85.047,84.813,84.93,86.278,89.912,96.77,107.2,119.92,133.58,146.41,157.73,166.87,173.61,177.95,179.94,180.23,179.3,177.54,175.37,172.97,170.68,168.57,166.75,165.05,163.41,161.89,160.25,158.43,156.38,153.74,150.52,146.41,141.61,136.1,130.3,124.61,119.63,115.47,112.36,110.13,108.55,107.73,107.44,107.44,107.61,107.79,107.91,107.85,107.61,107.26,106.68,105.91,105.03,103.98,102.92,101.81,100.76,99.759,98.763,97.708,96.946,96.184,95.363,94.543,93.722,92.96,92.198,91.319,90.44,89.56,88.74,87.978,87.275,86.688,86.22,85.985,85.692,85.34,85.047,85.047,85.926,88.623,94.249,103.51,115.76,129.36,142.72,154.74,164.88,172.5,177.48,180,180.47,179.71,177.95,175.66,173.2,170.74,168.51,166.52,164.64,162.83,161.07,159.37,157.49,155.21,152.45,149.11,145.01,140.14,134.58,128.71,123.32,118.57,114.59,111.6,109.43,108.14,107.32,106.91,106.85,106.97,107.2,107.2,107.03,106.73,106.32,105.68,104.8,103.8,102.81,101.81,100.7,99.525,98.528,97.649,96.887,96.066,95.246,94.425,93.663,92.843,91.846,90.909,89.971,89.033,88.154,87.275,86.571,85.868,85.34,84.93,84.52,84.344,84.109,83.875,83.934,84.754,87.157,92.315,100.64,111.77,124.67,137.62,149.35,159.13,166.52,171.38,173.85,174.37,173.44,171.56,169.1,166.52,163.82,161.36,159.19,157.26,155.44,153.62,151.81,149.76,147.24,144.07,140.14,135.51,130.3,124.79,119.57,114.94,111.19,108.26,106.15,104.8,104.04,103.86,103.98,104.21,104.57,104.86,105.03,104.92,104.68,104.21,103.63,102.81,101.87,100.87,99.876,98.88,97.825,96.77,95.949,95.187,94.425,93.663,92.784,91.964,91.26,90.381,89.56,88.681,87.861,87.099,86.337,85.751,85.223,84.871,84.52,84.344,84.168,84.051,83.992,84.344,86.161,90.557,98.177,108.9,121.5,134.34,146.36,156.67,164.82,170.56,174.02,175.49,175.31,173.85,171.68,169.22,166.75,164.23,161.89,159.66,157.67,155.73,153.74,151.51,148.99,146.06,142.31,137.8,132.76,127.42,122.38,117.81,113.94,110.9,108.79,107.44,106.56,106.15,106.15,106.44,106.68,106.79,106.79,106.73,106.44,105.85,105.09,104.27,103.45,102.4,101.28,100.29,99.349,98.47,97.59,96.711,95.949,95.187,94.367,93.488,92.608,91.788,91.026,90.147,89.326,88.447,87.743,87.099,86.571,86.102,85.809,85.575,85.282,84.93,84.813,85.399,87.919,93.253,101.99,113.71,127.07,140.38,152.39,162.42,170.27,175.55,178.42,179.3,178.59,177.07,174.9,172.5,169.98,167.69,165.64,163.76,161.89,160.07,158.31,156.38,154.09,151.28,147.88,143.66,138.8,133.29,127.66,122.33,117.75,114.06,111.19,109.2,107.91,107.38,107.26,107.38,107.61,107.85,108.02,108.02,107.73,107.32,106.73,105.97,105.03,103.98,102.92,101.99,101.05,100.05,99.173,98.352,97.532,96.653,95.715,94.777,93.839,92.96,92.022,91.026,90.147,89.385,88.564,87.802,87.157,86.806,86.571,86.22,85.868,85.633,85.926,87.626,91.671,99.056,109.72,122.56,135.86,148.41,159.31,167.98,174.26,177.95,179.36,179.18,177.89,175.96,173.55,171.03,168.69,166.58,164.53,162.59,160.66,158.78,156.85,154.62,151.81,148.35,144.3,139.5,134.05,128.3,122.91,118.22,114.41,111.48,109.37,108.02,107.44,107.26,107.32,107.5,107.73,107.91,107.85,107.61,107.2,106.62,105.85,104.92,103.86,102.87,101.93,100.99,100.05,99.114,98.235,97.473,96.594,95.656,94.718,93.839,92.96,92.022,91.084,90.147,89.326,88.564,87.861,87.216,86.864,86.63,86.278,85.985,85.692,85.985,87.568,91.495,98.47,108.73,121.15,134.28,146.65,157.49,166.11,172.38,176.13,177.66,177.48,176.13,174.02,171.56,168.98,166.4,164.12,162.06,160.13,158.2,156.14,153.98,151.57,148.64,144.95,140.55,135.51,130,124.49,119.34,115,111.54,108.9,107.09,105.91,105.44,105.39,105.56,105.8,106.03,106.15,106.15,105.91,105.5,104.8,103.98,103.1,102.1,101.11,100.05,99.114,98.235,97.356,96.418,95.48,94.543,93.605,92.608,91.612,90.615,89.678,88.798,87.919,87.157,86.513,85.926,85.575,85.223,84.93,84.696,84.403,84.285,84.52,85.926,89.443,95.949,105.62,117.64,130.47,142.9,153.8,162.53,168.81,172.56,174.08,173.85,172.44,170.09,167.46,164.76,162.12,159.6,157.26,155.09,153.1,151.05,148.82,146.12,142.9,139.03,134.4,129.24,123.85,118.87,114.53,111.01,108.2,106.15,104.92,104.27,104.1,104.21,104.51,104.8,105.09,105.21,105.15,104.86,104.39,103.69,102.81,101.87,100.81,99.818,98.88,97.883,96.946,96.008,95.129,94.308,93.37,92.432,91.436,90.557,89.678,88.798,87.919,87.099,86.513,85.926,85.458,85.106,84.813,84.52,84.285,84.051,83.875,84.285,86.161,90.44,97.883,108.38,120.86,133.93,146.12,156.61,164.76,170.39,173.61,174.72,174.26,172.56,170.27,167.57,164.94,162.36,159.95,157.79,155.85,154.03,152.22,150.22,147.94,145.01,141.37,136.92,131.82,126.43,121.15,116.46,112.54,109.43,107.09,105.56,104.68,104.27,104.27,104.57,104.86,105.15,105.33,105.33,105.09,104.74,104.1,103.33,102.4,101.46,100.52,99.583,98.587,97.649,96.711,95.773,94.836,93.898,92.96,92.022,91.26,90.44,89.619,88.857,88.154,87.568,87.04,86.688,86.337,86.102,85.809,85.458,85.164,85.223,86.395,89.736,96.184,106.03,118.4,132,145.13,156.61,165.93,172.73,177.01,179,179.18,178.01,175.96,173.49,170.97,168.57,166.34,164.29,162.53,160.95,159.43,157.9,156.2,154.03,151.34,147.94,143.6,138.62,133.05,127.42,122.33,117.93,114.35,111.54,109.61,108.43,107.85,107.73,107.85,108.02,108.32,108.49,108.43,108.2,107.67,107.03,106.32,105.44,104.51,103.51,102.57,101.63,100.7,99.759,98.821,97.942,97.004,96.066,95.129,94.191,93.253,92.374,91.495,90.674,89.912,89.326,88.798,88.447,88.154,87.861,87.509,87.157,87.568,89.502,94.249,102.4,113.94,127.25,140.85,153.57,164.47,173.08,179.06,182.58,183.99,183.87,182.64,180.76,178.59,176.48,174.43,172.5,170.74,169.16,167.75,166.28,164.76,162.94,160.89,158.31,155.03,150.99,146.12,140.55,134.58,128.77,123.56,119.22,115.82,113.3,111.6,110.54,110.07,109.9,110.02,110.13,110.19,110.13,109.84,109.43,108.84,108.14,107.26,106.27,105.21,104.27,103.33,102.4,101.58,100.64,99.7,98.763,97.708,96.711,95.715,94.718,93.781,92.843,91.905,91.026,90.381,89.736,89.326,88.974,88.623,88.212,87.919,88.154,89.912,94.308,102.05,113.12,126.31,140.03,152.98,164.29,173.26,179.53,183.17,184.63,184.51,183.17,181.17,178.89,176.6,174.49,172.61,170.92,169.51,168.04,166.69,165.17,163.41,161.3,158.55,155.09,150.87,145.59,139.73,133.58,127.48,122.15,117.81,114.47,112.13,110.49,109.61,109.25,109.2,109.31,109.43,109.49,109.43,109.25,108.79,108.26,107.44,106.56,105.56,104.51,103.45,102.4,101.4,100.52,99.583,98.763,97.883,97.004,96.125,95.246,94.308,93.37,92.432,91.495,90.615,89.795,89.092,88.564,88.154,87.861,87.626,87.275,87.099,87.157,88.388,91.553,97.883,107.61,120.04,133.64,146.94,158.78,168.63,175.96,180.47,182.75,183.05,182.05,180.23,178.07,175.72,173.61,171.62,169.86,168.22,166.75,165.29,163.76,162.01,159.84,157.26,153.92,149.76,144.72,138.97,132.88,126.78,121.39,116.87,113.47,111.01,109.43,108.49,108.14,108.14,108.32,108.49,108.67,108.67,108.49,108.02,107.5,106.73,105.8,104.74,103.69,102.51,101.34,100.29,99.232,98.235,97.356,96.477,95.715,95.011,94.249,93.546,92.726,91.905,91.026,90.147,89.326,88.505,87.802,87.099,86.571,86.102,85.868,85.633,85.399,85.164,85.164,85.985,88.447,93.663,102.28,113.94,127.19,140.44,152.57,162.89,170.8,176.19,179.12,180,179.3,177.54,175.25,172.67,170.15,167.87,165.76,163.94,162.24,160.54,158.84,157.08,154.86,152.16,148.82,144.48,139.44,133.81,127.95,122.44,117.64,113.71,110.78,108.73,107.38,106.73,106.56,106.62,106.85,107.03,107.2,107.09,106.79,106.32,105.62,104.74,103.74,102.69,101.46,100.23,98.997,97.708,96.594,95.539,94.543,93.722,92.96,92.315,91.671,90.967,90.322,89.619,88.916,88.212,87.568,86.864,86.22,85.633,85.106,84.637,84.227,83.934,83.699,83.465,83.23,83.054,83.172,84.109,86.806,92.257,100.99,112.36,125.14,137.74,149.17,158.72,166.05,170.86,173.44,174.08,173.26,171.44,169.1,166.58,164,161.54,159.31,157.32,155.5,153.74,151.98,149.99,147.47,144.36,140.5,135.75,130.41,124.85,119.57,115,111.19,108.26,106.09,104.74,104.04,103.86,103.98,104.21,104.57,104.8,104.86,104.74,104.45,103.8,103.04,102.1,101.05,99.876,98.587,97.356,96.125,94.836,93.663,92.608,91.612,90.85,90.147,89.619,89.092,88.564,88.037,87.509,86.981,86.571,86.044,85.575,85.047,84.637,84.227,83.934,83.758,83.523,83.347,83.113,82.879,82.82,83.23,84.871,88.798,95.832,106.03,118.4,131.53,144.01,154.86,163.76,170.27,174.43,176.37,176.66,175.66,174.02,171.85,169.63,167.46,165.35,163.41,161.6,160.07,158.49,156.85,155.03,152.8,149.93,146.18,141.55,136.16,130.47,124.96,120.04,115.99,112.71,110.31,108.67,107.73,107.32,107.26,107.44,107.73,107.91,107.96,107.85,107.61,107.09,106.44,105.62,104.62,103.57,102.4,101.28,100.17,99.056,98.001,97.063,96.242,95.422,94.66,94.015,93.312,92.608,91.846,91.202,90.498,89.736,89.033,88.447,87.802,87.216,86.806,86.395,86.161,85.926,85.633,85.34,85.34,86.337,89.443,95.598,105.39,117.93,131.59,145.07,157.08,167.11,174.67,179.71,182.29,183.11,182.52,181,179.06,176.95,174.9,173.2,171.56,170.09,168.81,167.57,166.28,165,163.47,161.6,159.19,156.03,152.1,147.24,141.55,135.34,129.18,123.5,118.75,114.94,112.19,110.25,109.08,108.43,108.32,108.38,108.55,108.73,108.79,108.67,108.43,107.91,107.26,106.44,105.44,104.39,103.22,102.05,100.93,99.935,98.939,98.001,97.122,96.301,95.48,94.718,94.015,93.194,92.374,91.553,90.674,89.854,89.092,88.505,87.861,87.45,87.099,86.864,86.63,86.22,86.044,86.513,88.388,92.784,100.64,111.66,124.79,138.38,151.05,162.12,170.97,177.36,181.17,182.87,182.93,181.82,180.06,177.95,175.84,174.02,172.26,170.62,169.16,167.81,166.4,165,163.35,161.36,158.84,155.68,151.69,146.83,141.14,134.93,128.6,122.79,117.81,113.88,110.9,108.79,107.55,106.97,106.85,106.97,107.09,107.26,107.32,107.2,106.85,106.27,105.5,104.57,103.51,102.34,101.17,99.994,98.939,97.942,97.004,96.125,95.305,94.543,93.839,93.136,92.374,91.553,90.733,89.912,89.092,88.388,87.685,87.099,86.63,86.22,85.926,85.633,85.34,85.047,84.813,84.93,85.985,88.974,94.836,103.98,115.58,128.3,140.73,151.98,161.36,168.51,173.32,175.84,176.6,175.96,174.37,172.2,169.86,167.52,165.29,163.35,161.54,160.01,158.49,156.91,155.27,153.1,150.52,147.06,142.78,137.8,132.11,126.31,120.68,115.76,111.77,108.79,106.68,105.39,104.68,104.51,104.68,104.98,105.39,105.68,105.8,105.68,105.33,104.74,103.98,103.04,101.99,100.87,99.759,98.587,97.59,96.594,95.656,94.777,94.015,93.194,92.432,91.553,90.733,89.912,89.15,88.447,87.802,87.216,86.688,86.22,85.868,85.575,85.223,84.989,84.637,84.168,83.992,84.461,86.513,91.026,98.939,110.02,122.97,136.27,148.7,159.25,167.46,173.08,176.25,177.3,176.72,175.14,172.91,170.45,167.93,165.7,163.59,161.83,160.19,158.67,157.26,155.73,153.98,151.75,148.82,145.13,140.55,135.22,129.53,123.85,118.69,114.24,110.78,108.2,106.38,105.21,104.74,104.62,104.8,105.03,105.33,105.5,105.44,105.15,104.68,103.98,103.1,102.1,101.05,99.935,98.88,97.825,96.77,95.832,94.894,94.074,93.136,92.257,91.377,90.498,89.619,88.74,87.919,87.157,86.571,85.985,85.458,85.164,84.93,84.754,84.52,84.285,83.992,84.109,85.223,88.212,94.132,103.22,115.06,128.19,141.2,152.98,162.94,170.39,175.25,177.71,178.24,177.36,175.49,173.2,170.74,168.51,166.4,164.7,163.12,161.83,160.48,159.25,157.79,156.03,153.8,150.87,147.06,142.43,137.1,131.47,125.84,120.8,116.41,113.01,110.37,108.55,107.5,106.97,106.91,106.97,107.26,107.44,107.55,107.5,107.26,106.79,106.09,105.33,104.45,103.45,102.4,101.4,100.46,99.466,98.587,97.708,96.887,96.008,95.129,94.191,93.253,92.374,91.495,90.615,89.795,89.033,88.447,87.919,87.568,87.275,86.981,86.63,86.337,86.571,87.861,91.436,98.352,108.79,121.86,135.98,149.7,161.71,171.44,178.3,182.52,184.28,184.28,183.11,181.23,179.06,176.89,174.84,173.14,171.56,170.15,168.92,167.63,166.28,164.88,163.12,160.95,158.2,154.62,150.22,145.01,139.21,132.99,127.07,121.8,117.46,114.24,111.83,110.31,109.37,108.96,108.9,109.08,109.25,109.31,109.25,108.9,108.49,107.79,106.97,106.03,105.09,104.04,103.04,102.05,101.17,100.29,99.407,98.587,97.708,96.887,95.949,95.011,94.074,93.136,92.198,91.319,90.44,89.678,89.033,88.623,88.212,87.919,87.626,87.275,87.216,87.919,90.44,95.949,104.98,117.11,130.94,144.72,157.38,167.98,176.07,181.35,184.1,184.86,184.16,182.52,180.35,178.12,176.07,174.2,172.61,171.21,169.92,168.75,167.57,166.23,164.7,162.77,160.31,157.2,153.1,148.23,142.49,136.1,129.65,123.61,118.52,114.47,111.54,109.55,108.32,107.79,107.73,107.96,108.32,108.55,108.67,108.61,108.38,107.91,107.32,106.5,105.56,104.45,103.28,102.16,101.05,99.994,98.997,98.118,97.239,96.418,95.598,94.777,94.015,93.194,92.315,91.377,90.44,89.56,88.74,88.037,87.45,86.981,86.63,86.337,86.044,85.751,85.633,86.278,88.623,93.781,102.57,114.41,128.07,141.73,154.33,165,173.26,178.83,181.88,182.81,182.17,180.64,178.48,176.19,173.9,171.85,170.09,168.51,166.99,165.7,164.41,163.06,161.42,159.43,156.91,153.68,149.64,144.66,139.03,132.93,126.9,121.39,116.82,113.18,110.49,108.67,107.61,107.09,106.91,107.03,107.2,107.32,107.32,107.09,106.79,106.27,105.56,104.62,103.57,102.34,101.17,99.994,98.763,97.532,96.477,95.48,94.543,93.722,93.077,92.432,91.788,91.202,90.498,89.736,88.974,88.154,87.45,86.747,86.044,85.458,84.989,84.637,84.285,84.051,83.816,83.523,83.347,83.758,85.34,89.385,96.653,107.26,120.1,133.64,146.41,157.43,166.17,172.38,176.13,177.6,177.42,176.13,174.08,171.62,169.16,166.87,164.82,163.06,161.42,159.95,158.49,157.08,155.44,153.33,150.64,147.12,142.84,137.8,132.17,126.37,120.98,116.23,112.42,109.43,107.38,106.09,105.5,105.21,105.39,105.62,105.85,105.97,105.91,105.74,105.39,104.74,103.86,102.87,101.81,100.7,99.407,98.177,96.946,95.715,94.601,93.488,92.491,91.671,90.967,90.381,89.736,89.209,88.74,88.271,87.802,87.275,86.747,86.161,85.692,85.106,84.52,84.168,83.875,83.699,83.406,83.113,82.879,82.644,82.82,83.934,87.099,93.546,103.45,116.05,129.71,143.13,154.97,164.76,172.03,176.72,179.18,179.77,178.83,177.01,174.61,172.2,169.92,167.87,166.05,164.47,163.12,161.89,160.66,159.31,157.61,155.5,152.75,149.11,144.6,139.32,133.58,127.72,122.44,117.87,114.18,111.36,109.37,108.2,107.55,107.38,107.44,107.67,107.85,107.96,107.85,107.55,107.09,106.5,105.74,104.8,103.74,102.63,101.58,100.35,99.173,97.942,96.77,95.773,94.836,94.074,93.312,92.608,92.022,91.495,90.967,90.44,89.795,89.209,88.681,88.095,87.45,86.747,86.161,85.751,85.399,85.106,84.871,84.52,84.285,84.285,85.106,87.861,93.839,103.63,116.35,130.36,144.07,156.38,166.58,174.31,179.36,181.99,182.7,182.05,180.64,178.77,176.78,174.84,173.14,171.62,170.33,169.1,167.93,166.69,165.35,163.82,161.95,159.49,156.38,152.51,147.88,142.43,136.39,130.24,124.61,119.8,115.94,113.01,110.78,109.49,108.79,108.49,108.38,108.43,108.49,108.49,108.32,107.96,107.5,106.79,105.91,104.92,103.92,102.87,101.75,100.46,99.349,98.235,97.18,96.125,95.187,94.425,93.722,93.136,92.432,91.788,91.319,90.733,90.029,89.385,88.681,87.978,87.275,86.688,86.102,85.692,85.282,85.047,84.813,84.52,84.344,84.813,86.747,91.26,99.173,110.25,123.38,136.8,149.46,160.54,169.57,176.13,180.18,182.11,182.34,181.41,179.77,177.71,175.6,173.61,171.79,170.15,168.75,167.34,166.11,164.76,163.24,161.48,159.25,156.44,152.8,148.29,143.02,136.92,130.59,124.44,119.04,114.65,111.36,108.9,107.38,106.5,106.15,106.15,106.38,106.62,106.73,106.73,106.56,106.15,105.62,104.8,103.92,102.87,101.75,100.46,99.232,98.059,96.887,95.656,94.601,93.605,92.784,92.022,91.377,90.733,90.088,89.502,88.798,88.095,87.333,86.571,85.809,85.106,84.461,83.934,83.523,83.172,82.937,82.586,82.292,81.999,81.999,82.879,85.34,90.615,99.173,110.72,123.73,136.74,148.47,158.37,165.87,171.03,173.9,174.84,174.43,172.97,170.92,168.69,166.52,164.35,162.42,160.66,159.19,157.73,156.38,154.86,153.16,150.93,148.11,144.48,140.03,134.87,129.12,123.2,117.64,113.01,109.31,106.62,104.74,103.69,103.1,103.04,103.28,103.63,103.98,104.16,104.16,103.98,103.57,102.87,101.99,100.93,99.876,98.645,97.415,96.184,95.011,93.781,92.667,91.671,90.733,89.971,89.385,88.798,88.212,87.802,87.275,86.806,86.161,85.633,85.047,84.403,83.816,83.23,82.82,82.41,82.117,81.882,81.589,81.413,81.179,81.062,81.413,82.996,86.688,93.546,103.8,116.41,129.83,142.43,153.39,162.24,168.75,172.73,174.67,174.84,173.85,172.2,169.98,167.75,165.64,163.59,161.89,160.25,158.84,157.55,156.14,154.56,152.57,149.99,146.65,142.55,137.56,132,126.43,121.09,116.46,112.71,109.9,107.91,106.56,105.8,105.56,105.68,105.85,106.09,106.27,106.32,106.15,105.8,105.21,104.51,103.63,102.69,101.63,100.46,99.349,98.177,97.063,95.949,94.836,94.015,93.194,92.432,91.729,91.202,90.615,90.029,89.502,88.916,88.447,87.802,87.099,86.513,85.868,85.282,84.813,84.403,84.109,83.934,83.582,83.289,83.054,83.406,85.223,89.56,97.415,108.73,122.09,135.81,148.41,159.31,168.04,174.43,178.3,180.06,180.23,179.36,177.83,175.96,173.9,172.03,170.45,168.92,167.52,166.17,164.88,163.53,162.06,160.25,158.02,155.27,151.69,147.24,142.02,136.22,130.24,124.49,119.34,115.23,112.13,109.84,108.32,107.38,106.97,106.97,107.09,107.26,107.26,107.26,107.03,106.68,106.03,105.33,104.51,103.57,102.4,101.28,100.11,98.997,97.825,96.594,95.598,94.66,93.898,93.136,92.491,91.905,91.377,90.791,90.147,89.56,88.857,88.154,87.45,86.688,86.044,85.458,85.047,84.754,84.403,84.227,83.934,83.699,83.992,85.575,89.443,96.653,107.32,120.27,133.81,146.41,157.55,166.64,173.44,177.71,179.94,180.41,179.77,178.3,176.48,174.55,172.67,170.97,169.45,167.93,166.58,165.23,163.94,162.42,160.66,158.55,155.85,152.45,148.17,143.07,137.33,131.12,125.2,119.86,115.47,112.13,109.61,107.91,106.91,106.44,106.32,106.38,106.56,106.62,106.56,106.32,105.91,105.33,104.57,103.69,102.63,101.58,100.35,99.173,98.059,96.887,95.715,94.66,93.722,92.901,92.198,91.495,90.85,90.264,89.56,88.798,88.095,87.333,86.63,85.868,85.164,84.52,83.992,83.523,83.172,82.937,82.644,82.351,82.117,82.175,83.113,85.809,91.495,100.52,112.3,125.31,137.97,149.4,158.9,166.17,171.03,173.73,174.61,174.08,172.61,170.68,168.51,166.23,164.17,162.24,160.48,158.84,157.32,155.73,154.09,152.16,149.81,146.83,143.07,138.5,133.17,127.42,121.62,116.17,111.6,108.02,105.44,103.69,102.63,102.16,102.16,102.4,102.81,103.16,103.45,103.45,103.22,102.81,102.16,101.28,100.29,99.173,98.001,96.711,95.422,94.191,92.96,91.846,90.791,89.854,89.033,88.388,87.802,87.275,86.864,86.337,85.868,85.34,84.871,84.285,83.816,83.23,82.761,82.234,81.824,81.413,81.179,80.944,80.651,80.358,80.124,80.241,81.355,84.461,90.733,100.29,112.48,125.61,138.27,149.35,158.43,165.11,169.45,171.62,171.97,171.03,169.33,167.11,164.7,162.36,160.19,158.31,156.55,155.03,153.62,152.22,150.64,148.7,146.12,142.78,138.68,133.75,128.24,122.68,117.34,112.77,109.14,106.32,104.39,103.16,102.57,102.51,102.75,103.16,103.69,104.04,104.27,104.27,103.98,103.57,102.87,102.05,101.05,100.05,98.939,97.825,96.535,95.422,94.367,93.312,92.374,91.553,90.85,90.322,89.736,89.326,88.857,88.447,87.919,87.45,86.864,86.278,85.692,85.047,84.461,83.992,83.582,83.289,83.113,82.879,82.586,82.351,82.586,84.168,88.095,95.539,106.56,119.8,133.46,146.24,157.2,165.93,172.2,176.13,178.01,178.36,177.6,176.13,174.26,172.38,170.56,168.81,167.22,165.82,164.41,163.12,161.71,160.25,158.55,156.38,153.68,150.17,145.83,140.67,134.93,129.07,123.44,118.4,114.35,111.25,108.96,107.5,106.68,106.38,106.38,106.56,106.73,106.85,106.91,106.79,106.5,105.91,105.21,104.39,103.33,102.28,101.17,100.05,98.939,97.825,96.711,95.773,94.894,94.132,93.429,92.726,92.139,91.495,90.85,90.147,89.502,88.74,88.037,87.275,86.63,85.985,85.458,85.164,84.871,84.637,84.227,83.992,84.227,85.692,89.385,96.418,106.91,119.86,133.4,146.3,157.67,166.93,173.85,178.3,180.64,181.29,180.7,179.3,177.54,175.72,174.02,172.32,170.86,169.57,168.39,167.16,165.99,164.7,163.18,161.24,158.84,155.79,151.92,147.18,141.55,135.45,129.18,123.38,118.34,114.35,111.36,109.25,107.91,107.2,106.91,106.97,107.09,107.26,107.32,107.32,107.03,106.68,106.09,105.39,104.51,103.45,102.34,101.22,100.11,98.997,97.942,96.946,96.125,95.305,94.484,93.781,93.136,92.432,91.671,90.909,90.088,89.326,88.505,87.626,86.864,86.22,85.751,85.282,84.989,84.813,84.637,84.344,84.403,85.282,87.919,93.37,102.22,114,127.25,140.26,152.04,162.12,169.98,175.43,178.53,179.77,179.53,178.42,176.72,174.78,172.85,171.03,169.39,167.75,166.23,164.82,163.41,161.89,160.07,157.9,155.38,152.04,148,143.07,137.39,131.29,125.2,119.57,114.82,111.13,108.43,106.62,105.56,105.09,105.09,105.21,105.56,105.85,106.03,106.03,105.8,105.39,104.74,103.98,102.98,101.87,100.76,99.525,98.294,97.122,96.008,94.894,94.015,93.136,92.374,91.671,91.084,90.44,89.678,88.916,88.212,87.509,86.747,85.985,85.282,84.754,84.227,83.816,83.465,83.289,83.172,82.879,82.586,82.879,84.051,87.216,93.37,102.87,114.82,127.72,140.2,151.28,160.54,167.57,172.26,174.67,175.37,174.72,173.2,171.03,168.69,166.34,164.23,162.24,160.42,158.84,157.43,155.91,154.33,152.28,149.87,146.65,142.72,137.8,132.29,126.55,120.92,115.94,111.72,108.49,106.15,104.62,103.69,103.28,103.33,103.69,103.98,104.16,104.27,104.21,103.98,103.51,102.81,101.93,100.93,99.818,98.528,97.297,96.125,95.011,93.839,92.784,91.846,91.084,90.44,89.795,89.15,88.623,88.037,87.45,86.747,86.044,85.458,84.871,84.227,83.582,83.172,82.761,82.351,82.058,81.824,81.53,81.296,81.179,81.589,83.406,87.626,94.836,105.03,117.23,130,142.08,152.39,160.48,166.28,169.86,171.38,171.27,169.86,167.93,165.64,163.24,160.95,158.84,157.08,155.5,154.03,152.63,151.05,149.23,147.06,144.13,140.38,135.75,130.53,125.14,119.75,114.94,111.01,107.91,105.68,104.16,103.28,103.04,103.16,103.51,103.86,104.21,104.57,104.68,104.57,104.1,103.57,102.81,101.87,100.81,99.7,98.528,97.473,96.418,95.422,94.543,93.781,93.136,92.432,91.729,91.084,90.498,89.795,89.092,88.388,87.743,87.04,86.337,85.692,85.164,84.754,84.403,84.109,83.875,83.582,83.406,83.582,84.871,88.212,94.836,104.92,117.34,130.65,143.54,154.97,164.41,171.44,176.07,178.48,179.18,178.53,177.07,175.08,172.97,170.92,169.04,167.34,165.82,164.35,162.94,161.48,159.95,158.2,155.91,153.04,149.4,145.01,139.79,134.05,128.19,122.62,117.81,113.88,110.84,108.79,107.44,106.79,106.56,106.62,106.85,107.03,107.2,107.26,107.03,106.68,106.09,105.39,104.51,103.57,102.51,101.4,100.35,99.349,98.352,97.473,96.594,95.832,95.129,94.308,93.546,92.667,91.846,90.967,90.088,89.326,88.505,87.743,87.099,86.63,86.278,85.985,85.692,85.399,85.223,85.575,87.157,91.026,98.235,108.61,121.21,134.52,147.12,158.25,167.46,174.14,178.42,180.53,181,180.18,178.59,176.66,174.67,172.73,170.97,169.45,168.04,166.69,165.35,164,162.42,160.6,158.37,155.56,151.98,147.47,142.19,136.22,130.12,124.2,118.98,114.82,111.6,109.31,107.79,106.97,106.68,106.73,106.91,107.2,107.32,107.32,107.09,106.73,106.15,105.5,104.68,103.69,102.63,101.58,100.46,99.407,98.47,97.59,96.711,95.949,95.07,94.249,93.312,92.374,91.377,90.381,89.443,88.505,87.685,86.864,86.22,85.751,85.34,85.047,84.754,84.403,84.227,84.637,86.22,90.088,97.239,107.55,120.04,133.11,145.42,156.2,165,171.44,175.43,177.3,177.48,176.48,174.72,172.56,170.39,168.22,166.23,164.41,162.83,161.24,159.66,158.08,156.32,154.15,151.51,148.11,143.84,138.85,133.23,127.31,121.62,116.64,112.54,109.43,107.2,105.74,104.92,104.62,104.62,104.8,105.03,105.21,105.21,105.09,104.8,104.27,103.69,102.81,101.81,100.76,99.583,98.528,97.473,96.535,95.656,94.836,94.132,93.37,92.608,91.846,91.084,90.322,89.502,88.681,87.802,87.04,86.278,85.633,85.106,84.696,84.285,84.051,83.758,83.406,83.23,83.523,85.047,88.798,95.656,105.74,118.05,131,143.25,153.92,162.36,168.51,172.26,173.9,173.85,172.61,170.62,168.16,165.7,163.24,161.01,159.02,157.2,155.44,153.68,151.87,149.7,147.06,143.66,139.56,134.63,129.18,123.56,118.28,113.65,110.02,107.2,105.15,103.92,103.28,103.04,103.16,103.45,103.69,103.92,103.98,103.86,103.63,103.04,102.34,101.4,100.46,99.407,98.352,97.297,96.242,95.305,94.484,93.663,92.901,92.257,91.553,90.909,90.264,89.56,88.916,88.212,87.626,86.981,86.337,85.868,85.34,84.989,84.696,84.403,84.168,83.875,83.582,83.699,84.754,87.802,93.722,103.04,114.82,127.66,140.2,151.51,160.95,168.1,172.91,175.55,176.37,175.78,174.26,172.2,169.86,167.52,165.17,163.06,161.07,159.25,157.43,155.68,153.68,151.22,148.29,144.6,140.14,134.93,129.36,123.85,118.87,114.65,111.31,108.79,107.09,106.09,105.68,105.62,105.8,106.03,106.32,106.44,106.44,106.27,105.85,105.33,104.57,103.69,102.69,101.69,100.7,99.7,98.645,97.825,97.004,96.184,95.363,94.543,93.722,92.843,91.964,91.084,90.264,89.443,88.623,87.861,87.216,86.747,86.337,86.044,85.868,85.633,85.282,85.282,86.22,88.974,94.718,103.92,115.94,129.3,142.49,154.44,164.35,171.91,177.01,179.82,180.7,180.12,178.59,176.6,174.49,172.32,170.33,168.51,166.81,165.23,163.76,162.24,160.54,158.55,156.2,153.1,149.29,144.66,139.32,133.4,127.6,122.27,117.69,114.06,111.36,109.49,108.38,107.85,107.67,107.79,107.91,107.96,107.96,107.85,107.55,107.03,106.38,105.56,104.62,103.63,102.57,101.58,100.64,99.759,98.88,98.059,97.239,96.477,95.598,94.718,93.839,92.843,91.905,90.909,90.029,89.209,88.564,87.919,87.509,87.099,86.864,86.571,86.22,86.278,87.157,89.795,95.246,104.04,115.53,128.42,141.2,152.86,162.94,170.86,176.42,179.59,180.94,180.76,179.53,177.83,175.78,173.73,171.79,169.92,168.16,166.58,164.94,163.3,161.54,159.54,157.14,154.03,150.22,145.54,140.03,134.05,128.01,122.44,117.75,114,111.19,109.2,107.91,107.32,107.03,107.09,107.26,107.44,107.5,107.38,107.09,106.62,105.91,105.09,104.16,103.1,102.1,101.05,100.05,99.173,98.235,97.415,96.535,95.656,94.777,93.781,92.784,91.788,90.733,89.736,88.798,87.919,87.099,86.513,85.985,85.633,85.34,85.106,84.813,84.637,84.813,85.926,88.798,94.484,103.45,114.88,127.6,140.26,151.69,161.24,168.45,173.26,175.78,176.48,175.78,174.08,171.85,169.45,167.05,164.82,162.77,160.89,159.08,157.38,155.56,153.57,151.05,147.88,143.84,139.09,133.64,127.78,122.09,117.11,112.95,109.72,107.38,105.8,104.98,104.68,104.74,104.98,105.33,105.62,105.8,105.8,105.56,105.09,104.51,103.74,102.87,101.93,101.05,100.17,99.29,98.411,97.532,96.535,95.422,94.249,92.96,91.729,90.615,89.502,88.564,87.802,87.275,87.275,87.978,89.678,92.726,97.708,104.74,113.36,122.74,132.11,140.67,147.88,153.39,157.14,159.19,159.72,159.19,157.67,155.5,152.92,149.93,146.59,142.78,138.62,133.87,128.66,123.03,117.34,111.77,106.79,102.81,99.759,97.532,96.242,95.539,95.48,95.949,96.653,97.532,98.47,99.232,99.818,100.17,100.23,100.11,99.759,99.173,98.411,97.532,96.477,95.422,94.308,93.194,92.022,90.909,89.854,88.857,87.919,87.099,86.278,85.633,84.989,84.461,83.992,83.699,83.347,83.172,83.113,83.113,83.172,83.23,83.289,83.289,83.23,82.996,82.761,82.351,81.882,81.355,80.886,80.358,79.948,79.538,79.303,79.127,78.893,78.834,79.186,81.12,86.161,95.773,109.66,125.67,141.49,155.56,167.16,176.07,182.05,185.22,186.15,185.45,183.63,181.17,178.59,176.13,173.9,171.97,170.33,168.81,167.34,165.93,164.35,162.53,160.31,157.43,153.8,149.4,144.25,138.5,132.64,127.07,122.27,118.34,115.35,113.24,111.83,111.01,110.6,110.49,110.49,110.49,110.31,110.07,109.66,109.14,108.43,107.55,106.56,105.56,104.51,103.45,102.34,101.34,100.35,99.466,98.587,97.883,97.063,96.301,95.48,94.66,93.839,93.136,92.257,91.436,90.615,89.912,89.209,88.74,88.271,87.919,87.626,87.216,86.806,86.63,86.981,88.681,92.608,99.583,109.55,121.56,133.93,145.59,155.97,164.53,170.97,175.25,177.54,178.3,177.89,176.72,175.14,173.38,171.68,170.04,168.51,167.05,165.7,164.23,162.59,160.89,158.67,155.97,152.63,148.41,143.48,137.86,131.88,126.08,120.8,116.41,113.06,110.6,108.9,107.96,107.55,107.5,107.67,107.91,108.14,108.2,108.14,107.79,107.38,106.68,105.85,104.86,103.86,102.81,101.81,100.76,99.818,98.88,97.942,97.063,96.242,95.422,94.484,93.605,92.608,91.671,90.674,89.795,89.033,88.388,87.802,87.45,87.099,86.923,86.688,86.395,86.337,87.04,89.326,94.367,102.87,114.47,127.78,141.32,153.8,164.64,173.14,179.06,182.58,183.93,183.81,182.58,180.76,178.53,176.42,174.37,172.5,170.86,169.39,167.93,166.58,165.11,163.47,161.54,159.19,156.03,152.16,147.41,141.78,135.69,129.53,123.85,118.98,115.06,112.19,110.07,108.73,107.91,107.61,107.61,107.73,107.79,107.73,107.55,107.09,106.56,105.8,104.98,103.98,102.92,101.75,100.64,99.466,98.352,97.356,96.418,95.598,94.777,94.074,93.253,92.432,91.612,90.791,89.971,89.15,88.388,87.626,86.981,86.395,85.985,85.633,85.34,85.106,84.871,84.637,84.403,84.754,86.161,89.736,96.242,105.85,117.75,130.3,142.43,153.16,162.06,168.63,172.85,175.08,175.49,174.67,173.14,171.03,168.75,166.52,164.29,162.36,160.54,158.9,157.38,155.73,153.86,151.57,148.53,144.77,140.2,134.87,129.12,123.38,118.16,113.88,110.43,107.96,106.38,105.44,105.03,105.03,105.33,105.62,105.91,106.09,106.03,105.8,105.33,104.57,103.69,102.57,101.34,100.11,98.88,97.649,96.477,95.363,94.308,93.37,92.55,91.788,91.084,90.557,89.912,89.385,88.74,88.095,87.509,86.864,86.337,85.809,85.34,84.93,84.637,84.344,84.168,84.051,83.875,83.699,83.699,84.403,86.864,92.022,100.7,112.19,125.31,138.38,150.28,160.42,168.28,173.79,177.07,178.36,178.12,176.89,175.08,172.97,170.92,168.98,167.22,165.7,164.29,162.94,161.6,160.19,158.43,156.2,153.21,149.4,144.72,139.21,133.23,127.37,122.03,117.58,114,111.42,109.66,108.61,108.2,108.2,108.38,108.67,108.9,109.08,108.96,108.67,108.2,107.5,106.68,105.74,104.68,103.57,102.34,101.22,100.11,99.056,98.118,97.239,96.477,95.715,95.07,94.367,93.722,93.077,92.374,91.612,90.909,90.147,89.443,88.681,88.037,87.568,87.099,86.806,86.63,86.337,86.044,85.926,86.513,88.564,93.37,101.69,113.18,126.43,139.91,152.39,163.12,171.56,177.48,181,182.52,182.52,181.41,179.82,177.95,176.07,174.31,172.73,171.38,170.09,168.86,167.63,166.17,164.64,162.59,160.19,157.08,153.16,148.35,142.72,136.74,130.77,125.26,120.63,116.93,114.12,112.19,111.01,110.31,110.13,110.13,110.19,110.25,110.25,110.07,109.66,109.14,108.43,107.55,106.62,105.62,104.51,103.33,102.16,101.05,99.935,98.939,98.001,97.122,96.301,95.598,95.011,94.367,93.663,92.96,92.315,91.553,90.791,90.029,89.385,88.74,88.154,87.743,87.509,87.216,86.923,86.63,86.513,86.981,88.916,93.488,101.63,112.95,125.9,139.32,151.98,163.24,172.32,178.83,182.87,184.75,184.92,183.99,182.29,180.29,178.3,176.37,174.55,172.97,171.56,170.27,168.98,167.63,166.17,164.41,162.12,159.19,155.44,150.81,145.3,139.21,132.93,127.13,122.03,117.99,114.88,112.6,111.25,110.43,110.07,110.02,110.13,110.19,110.19,109.9,109.61,109.08,108.32,107.38,106.38,105.21,104.04,102.81,101.58,100.35,99.173,98.001,96.946,95.949,95.187,94.484,93.781,93.194,92.608,91.964,91.377,90.615,89.854,89.092,88.447,87.685,86.981,86.337,85.926,85.575,85.164,84.93,84.637,84.344,84.285,84.989,87.275,92.198,100.35,111.31,123.97,136.8,148.7,158.78,166.81,172.5,175.84,177.25,177.07,175.78,173.85,171.74,169.57,167.34,165.41,163.71,162.18,160.66,159.19,157.61,155.79,153.57,150.58,146.77,142.14,136.74,130.82,124.79,119.34,114.82,111.31,108.73,106.97,106.09,105.8,105.85,106.15,106.5,106.79,106.91,106.79,106.44,105.85,105.15,104.21,103.1,101.93,100.7,99.525,98.294,97.063,95.949,94.836,93.898,92.96,92.198,91.495,90.967,90.44,89.795,89.15,88.623,88.037,87.45,86.747,86.102,85.633,85.106,84.696,84.285,84.051,83.816,83.523,83.23,82.996,82.937,83.699,86.044,91.084,99.466,110.66,123.38,136.16,147.88,157.67,165.29,170.45,173.26,174.2,173.67,172.2,170.09,167.81,165.58,163.41,161.48,159.78,158.31,156.85,155.44,153.74,151.81,149.29,146.06,141.84,136.86,131.29,125.61,120.21,115.53,111.77,108.96,107.03,105.74,105.15,105.09,105.39,105.74,106.03,106.38,106.5,106.44,106.03,105.56,104.8,103.92,102.87,101.75,100.52,99.407,98.235,97.063,95.949,95.07,94.249,93.546,92.901,92.374,91.905,91.495,90.909,90.44,89.854,89.385,88.798,88.154,87.568,87.04,86.63,86.22,85.868,85.633,85.34,85.047,84.754,84.813,85.809,88.798,94.66,104.04,116.29,129.65,142.66,154.33,163.94,171.38,176.42,179.18,180.12,179.77,178.48,176.72,174.72,172.73,170.92,169.39,167.87,166.52,165.29,164.12,162.83,161.24,159.25,156.61,153.21,148.94,143.66,137.86,132,126.37,121.5,117.4,114.35,112.19,110.66,109.78,109.43,109.43,109.61,109.72,109.72,109.66,109.43,108.96,108.38,107.55,106.68,105.74,104.68,103.51,102.34,101.22,100.11,98.997,98.001,97.18,96.418,95.656,94.894,94.249,93.663,93.136,92.432,91.729,91.026,90.44,89.736,89.033,88.447,87.978,87.626,87.275,86.981,86.688,86.395,86.571,87.743,91.084,97.825,108.2,121.09,135.04,148.53,160.66,170.62,178.01,182.75,185.1,185.74,185.04,183.52,181.64,179.82,178.07,176.54,175.25,174.2,173.26,172.38,171.5,170.45,169.22,167.75,165.76,163,159.49,155.09,149.81,143.66,137.1,130.77,124.96,120.16,116.29,113.47,111.6,110.54,109.9,109.72,109.78,110.07,110.25,110.25,110.07,109.66,109.2,108.49,107.5,106.44,105.39,104.16,102.92,101.63,100.4,99.349,98.294,97.356,96.477,95.715,95.129,94.484,93.839,93.194,92.608,91.964,91.26,90.44,89.736,89.092,88.564,87.978,87.626,87.333,87.099,86.806,86.395,86.22,86.747,88.681,93.136,100.87,112.01,125.14,138.62,151.28,162.42,171.5,178.12,182.17,184.04,184.4,183.58,182.11,180.18,178.24,176.42,174.84,173.49,172.2,170.92,169.86,168.86,167.69,166.17,164.29,161.95,158.72,154.68,149.64,143.72,137.51,131.23,125.43,120.45,116.46,113.59,111.54,110.19,109.37,109.08,108.96,108.96,108.96,108.9,108.79,108.49,107.85,107.03,106.15,105.15,104.04,102.81,101.58,100.29,99.114,97.942,96.653,95.598,94.718,93.898,93.253,92.608,92.022,91.553,90.967,90.381,89.619,88.916,88.212,87.568,86.806,86.161,85.633,85.223,84.871,84.52,84.227,83.992,83.758,83.699,84.227,86.513,91.436,99.818,111.25,124.44,137.86,150.28,160.89,169.04,174.78,178.12,179.41,179.18,177.66,175.66,173.44,171.21,169.04,167.16,165.7,164.35,163.24,162.01,160.72,159.37,157.67,155.32,152.22,148.29,143.54,137.92,131.88,125.78,120.39,115.88,112.3,109.66,107.85,106.85,106.44,106.32,106.38,106.62,106.85,106.85,106.68,106.32,105.74,104.98,104.04,102.92,101.81,100.64,99.349,98.001,96.653,95.48,94.308,93.253,92.257,91.436,90.733,90.088,89.56,88.974,88.505,88.037,87.509,86.864,86.337,85.809,85.223,84.696,84.109,83.758,83.406,83.113,82.879,82.586,82.351,82.117,82.058,82.644,84.93,89.795,97.942,108.96,121.8,134.87,146.88,156.97,164.82,170.15,173.26,174.26,173.73,172.2,170.04,167.69,165.23,163.06,161.19,159.54,158.2,156.97,155.91,154.8,153.39,151.34,148.82,145.36,141.14,135.92,130.12,124.32,118.87,114.18,110.43,107.67,105.85,104.8,104.27,104.27,104.62,105.09,105.62,105.97,106.15,106.15,105.91,105.39,104.62,103.74,102.75,101.69,100.46,99.29,98.118,97.004,95.832,94.836,94.015,93.312,92.608,92.022,91.553,91.084,90.674,90.088,89.56,88.974,88.447,87.743,87.099,86.513,85.926,85.458,85.164,84.93,84.696,84.403,84.168,84.109,84.871,87.509,93.194,102.4,114.65,128.36,141.84,154.03,164.29,172.2,177.54,180.7,181.88,181.7,180.47,178.89,177.01,175.14,173.38,171.85,170.5,169.22,168.1,166.99,165.87,164.47,162.77,160.6,157.79,154.09,149.64,144.25,138.33,132.11,126.19,120.92,116.76,113.53,111.25,109.66,108.73,108.38,108.38,108.43,108.55,108.67,108.67,108.49,107.96,107.44,106.68,105.8,104.74,103.63,102.51,101.34,100.23,99.173,98.177,97.239,96.418,95.598,94.836,94.191,93.546,92.784,92.022,91.319,90.615,89.912,89.15,88.505,87.919,87.509,87.099,86.747,86.395,86.102,85.809,85.751,86.63,89.502,95.422,104.86,116.99,130.41,143.66,155.62,165.76,173.49,178.89,181.99,183.17,182.93,181.76,180.06,178.24,176.37,174.67,173.26,171.97,170.86,169.74,168.63,167.52,166.17,164.53,162.47,159.84,156.55,152.22,147,141.08,134.81,128.54,122.85,118.05,114.35,111.66,109.84,108.67,108.2,108.14,108.26,108.38,108.49,108.49,108.43,108.14,107.55,106.85,106.03,105.03,103.98,102.81,101.63,100.4,99.232,98.059,97.063,96.184,95.363,94.543,93.722,93.077,92.374,91.612,90.791,89.912,89.092,88.271,87.509,86.747,86.044,85.633,85.223,84.93,84.637,84.285,84.109,84.227,85.34,88.681,95.305,105.39,117.99,131.53,144.6,156.32,165.82,172.85,177.36,179.59,180.18,179.36,177.71,175.72,173.73,171.85,170.04,168.57,167.22,166.11,164.94,163.76,162.47,161.13,159.37,156.97,153.86,149.99,145.24,139.67,133.58,127.37,121.74,116.99,113.18,110.31,108.32,107.09,106.5,106.32,106.38,106.62,106.85,106.97,106.79,106.5,106.03,105.44,104.62,103.63,102.57,101.46,100.35,99.232,98.177,97.239,96.36,95.48,94.66,93.898,93.253,92.55,91.788,90.967,90.147,89.443,88.681,87.802,87.04,86.337,85.809,85.282,84.871,84.637,84.403,84.168,83.934,84.051,85.164,88.388,94.484,103.86,115.82,128.89,141.55,152.92,162.3,169.45,174.2,176.66,177.3,176.54,175.02,172.97,170.74,168.51,166.52,164.76,163.3,161.95,160.66,159.43,158.14,156.44,154.15,151.22,147.53,143.07,137.74,131.88,126.08,120.8,116.29,112.71,110.07,108.26,107.09,106.62,106.44,106.5,106.73,106.97,107.09,106.97,106.79,106.5,105.91,105.09,104.16,103.16,102.16,101.11,99.994,98.88,97.942,97.063,96.242,95.422,94.66,94.015,93.253,92.432,91.553,90.733,90.029,89.326,88.564,87.802,87.216,86.747,86.337,86.044,85.809,85.633,85.399,85.575,86.864,90.557,97.59,108.14,120.92,134.58,147.53,159.02,168.22,174.9,179.24,181.35,181.82,181,179.41,177.48,175.55,173.67,171.85,170.33,168.86,167.57,166.17,164.7,163.12,161.24,159.02,155.97,152.16,147.53,142.19,136.22,130.12,124.38,119.45,115.47,112.48,110.37,108.96,108.32,108.14,108.2,108.32,108.43,108.49,108.43,108.2,107.67,107.03,106.32,105.44,104.39,103.22,102.16,101.17,100.17,99.114,98.235,97.415,96.653,95.832,95.07,94.191,93.37,92.55,91.612,90.674,89.795,88.974,88.271,87.685,87.157,86.864,86.63,86.337,86.044,85.985,86.864,89.443,94.777,103.45,114.88,127.83,140.79,152.75,162.94,171.03,176.66,180,181.23,181,179.77,178.01,175.96,173.85,171.85,170.15,168.69,167.22,165.87,164.41,162.94,161.13,158.84,155.97,152.39,147.94,142.72,136.86,130.65,124.79,119.63,115.41,112.19,109.84,108.38,107.55,107.26,107.26,107.44,107.61,107.73,107.73,107.5,106.97,106.32,105.5,104.51,103.45,102.22,101.17,100.05,98.997,98.001,97.063,96.242,95.422,94.601,93.722,92.784,91.905,90.967,89.971,89.033,88.212,87.45,86.747,86.102,85.633,85.223,84.989,84.754,84.403,84.168,84.344,85.692,89.033,95.48,105.21,117.58,130.88,143.6,154.91,164.17,170.97,175.37,177.42,177.6,176.54,174.61,172.26,169.68,167.16,164.94,163,161.24,159.66,158.2,156.55,154.8,152.63,149.81,146.24,141.78,136.63,130.94,125.08,119.57,114.82,111.07,108.26,106.32,105.09,104.62,104.51,104.68,105.03,105.39,105.56,105.56,105.33,104.92,104.27,103.45,102.34,101.22,100.11,98.939,97.825,96.653,95.598,94.66,93.781,93.077,92.257,91.436,90.615,89.795,89.033,88.212,87.509,86.806,86.102,85.458,84.989,84.461,84.168,83.875,83.465,83.172,82.82,82.644,83.289,85.458,90.264,98.294,109.37,122.27,135.45,147.53,157.79,165.76,171.09,174.2,175.25,174.72,173.26,171.03,168.69,166.34,164.17,162.24,160.48,158.9,157.43,155.91,154.33,152.28,149.76,146.47,142.37,137.39,131.82,126.02,120.51,115.76,111.95,108.96,106.91,105.68,105.03,104.98,105.21,105.62,106.03,106.44,106.62,106.56,106.32,105.8,105.09,104.21,103.22,102.16,101.05,99.935,98.88,97.942,97.004,96.184,95.363,94.543,93.781,92.96,92.198,91.377,90.615,89.854,89.092,88.388,87.626,86.981,86.571,86.22,85.985,85.751,85.575,85.34,85.633,87.04,90.85,98.059,108.73,121.8,135.45,148.35,159.72,168.92,175.66,179.88,181.93,182.23,181.41,179.88,177.95,175.84,173.9,172.15,170.5,168.98,167.57,166.17,164.76,163.12,161.19,158.78,155.73,151.87,147.12,141.61,135.69,129.71,124.26,119.51,115.7,112.89,110.84,109.66,109.08,108.79,108.73,108.84,108.9,108.96,108.79,108.43,107.85,107.2,106.32,105.39,104.39,103.33,102.34,101.34,100.4,99.525,98.645,97.825,96.946,96.125,95.187,94.249,93.37,92.432,91.495,90.557,89.736,89.033,88.447,87.978,87.685,87.333,87.04,86.806,86.864,87.978,91.026,97.122,106.56,118.57,131.88,145.01,157.08,167.16,174.9,180.12,182.87,183.75,183.11,181.64,179.47,177.3,175.14,173.14,171.33,169.74,168.39,167.05,165.76,164.29,162.59,160.48,157.84,154.44,150.17,145.01,139.09,132.82,126.66,121.15,116.7,113.24,110.78,109.14,108.2,107.79,107.79,107.91,108.14,108.26,108.26,108.02,107.67,107.09,106.38,105.5,104.51,103.51,102.4,101.4,100.46,99.583,98.763,97.942,97.063,96.125,95.187,94.249,93.253,92.257,91.319,90.381,89.502,88.74,88.037,87.568,87.157,86.923,86.688,86.337,86.278,86.864,89.092,94.074,102.4,113.94,127.13,140.55,152.98,163.76,172.2,178.07,181.47,182.81,182.52,181.11,179.18,176.95,174.67,172.56,170.68,168.98,167.52,165.99,164.53,162.94,161.13,158.78,155.85,152.22,147.7,142.31,136.22,130,123.97,118.75,114.53,111.36,109.14,107.67,106.85,106.62,106.62,106.79,107.03,107.2,107.2,106.97,106.62,105.97,105.15,104.21,103.16,102.1,101.05,99.935,98.939,98.001,97.122,96.242,95.363,94.484,93.546,92.55,91.553,90.557,89.56,88.681,87.802,86.981,86.337,85.868,85.399,85.106,84.871,84.637,84.285,84.227,84.754,86.747,91.26,98.939,109.66,122.33,135.28,147.41,157.79,165.93,171.62,174.9,176.19,175.84,174.43,172.38,169.92,167.57,165.23,163.18,161.3,159.54,157.9,156.26,154.44,152.16,149.4,145.95,141.67,136.63,131,125.26,119.8,115.17,111.42,108.61,106.62,105.39,104.8,104.68,104.8,105.09,105.44,105.62,105.62,105.44,105.03,104.45,103.63,102.63,101.46,100.35,99.232,98.118,97.004,96.008,95.129,94.249,93.429,92.608,91.788,90.967,90.147,89.385,88.564,87.802,87.04,86.278,85.692,85.164,84.696,84.285,84.051,83.758,83.465,83.172,82.996,83.523,85.633,90.322,98.294,109.37,122.15,135.28,147.41,157.67,165.76,171.33,174.43,175.49,175.08,173.44,171.21,168.63,166.05,163.59,161.48,159.54,157.79,156.32,154.8,153.16,151.1,148.47,145.07,140.79,135.81,130.3,124.67,119.51,115.06,111.48,108.79,106.91,105.8,105.33,105.21,105.5,105.85,106.15,106.44,106.56,106.44,106.03,105.44,104.68,103.69,102.69,101.63,100.52,99.466,98.47,97.532,96.711,95.949,95.187,94.425,93.663,92.901,92.198,91.377,90.615,89.854,89.092,88.447,87.743,87.099,86.688,86.278,86.044,85.809,85.458,85.223,85.575,87.04,90.909,98.177,108.84,121.86,135.51,148.35,159.6,168.63,175.14,179.12,180.94,181.11,180.12,178.42,176.37,174.26,172.2,170.39,168.75,167.22,165.87,164.47,163,161.3,159.25,156.61,153.21,149.05,144.07,138.44,132.47,126.78,121.68,117.34,114.06,111.66,110.07,109.14,108.67,108.55,108.61,108.67,108.73,108.67,108.49,108.14,107.55,106.79,105.91,104.98,103.92,102.87,101.87,100.93,99.994,99.114,98.294,97.415,96.535,95.656,94.718,93.781,92.843,91.905,90.967,90.147,89.385,88.681,88.095,87.743,87.45,87.157,86.806,86.63,86.923,88.564,92.608,99.994,110.66,123.56,137.04,149.93,161.3,170.62,177.42,181.64,183.63,183.87,182.93,181.23,179.24,177.13,175.14,173.32,171.74,170.33,168.98,167.69,166.28,164.76,162.83,160.42,157.43,153.68,148.94,143.37,137.1,130.77,124.73,119.57,115.41,112.36,110.25,108.84,108.2,108.02,108.2,108.43,108.67,108.73,108.67,108.49,107.96,107.38,106.56,105.68,104.68,103.69,102.69,101.75,100.81,99.876,99.056,98.118,97.239,96.242,95.246,94.249,93.194,92.139,91.202,90.264,89.502,88.74,88.212,87.861,87.568,87.275,87.04,86.923,87.275,88.974,92.901,100.05,110.37,122.79,135.92,148.47,159.6,168.75,175.49,179.77,181.88,182.29,181.41,179.82,177.6,175.37,173.14,171.03,169.16,167.46,165.87,164.23,162.65,160.89,158.67,155.97,152.57,148.23,143.07,137.21,131.06,125.14,119.86,115.53,112.3,110.02,108.43,107.61,107.26,107.26,107.44,107.61,107.73,107.73,107.5,107.03,106.44,105.68,104.74,103.74,102.69,101.63,100.64,99.7,98.821,97.942,97.004,96.125,95.187,94.191,93.136,91.964,90.909,89.912,88.974,88.154,87.45,86.747,86.22,85.868,85.633,85.282,84.989,84.871,85.223,86.864,90.909,98.118,108.55,121.15,134.28,146.83,157.73,166.52,172.67,176.37,177.83,177.54,176.07,173.85,171.38,168.75,166.28,164.17,162.24,160.54,158.9,157.38,155.56,153.45,150.81,147.41,143.19,138.15,132.47,126.55,120.92,116.05,112.13,109.14,107.03,105.8,105.15,105.03,105.33,105.68,106.03,106.38,106.44,106.32,105.91,105.33,104.45,103.45,102.34,101.22,100.11,99.056,98.118,97.18,96.36,95.48,94.601,93.663,92.784,91.905,91.026,90.147,89.326,88.447,87.685,86.923,86.278,85.809,85.399,85.106,84.93,84.696,84.403,84.285,84.813,86.747,91.26,98.939,109.66,122.27,135.16,147.18,157.49,165.46,171.03,174.37,175.55,175.25,173.85,171.74,169.33,166.87,164.47,162.36,160.36,158.61,156.91,155.21,153.21,150.93,148.06,144.42,139.97,134.75,129.07,123.38,118.1,113.71,110.31,107.79,106.09,105.21,104.92,105.09,105.56,105.97,106.44,106.68,106.68,106.5,106.09,105.56,104.74,103.8,102.75,101.69,100.64,99.525,98.587,97.649,96.77,95.949,95.129,94.249,93.37,92.491,91.553,90.733,89.912,89.092,88.447,87.802,87.216,86.864,86.63,86.395,86.161,85.868,85.751,86.22,88.447,93.429,101.93,113.47,126.84,140.38,152.92,163.71,172.03,177.83,181.06,182.17,181.88,180.41,178.36,176.13,173.79,171.68,169.74,167.98,166.34,164.88,163.35,161.65,159.72,157.38,154.39,150.52,145.89,140.44,134.63,128.71,123.38,118.87,115.23,112.54,110.72,109.72,109.25,109.2,109.31,109.49,109.55,109.55,109.37,108.96,108.43,107.67,106.79,105.85,104.8,103.74,102.75,101.75,100.87,99.994,99.173,98.294,97.473,96.535,95.656,94.66,93.722,92.784,91.846,90.909,90.029,89.326,88.74,88.388,88.037,87.743,87.45,87.275,87.919,90.147,95.187,103.74,115.35,128.6,142.08,154.44,165.05,173.44,179.24,182.52,183.75,183.52,182.17,180.23,178.12,176.01,174.08,172.32,170.74,169.33,167.87,166.52,164.94,163.06,160.89,158.08,154.44,149.99,144.72,138.8,132.47,126.43,121.04,116.76,113.47,111.19,109.72,108.96,108.73,108.79,108.96,109.2,109.31,109.2,108.9,108.49,107.79,106.97,106.09,105.09,104.1,103.16,102.22,101.34,100.4,99.525,98.587,97.708,96.77,95.773,94.777,93.781,92.784,91.788,90.85,90.029,89.326,88.74,88.271,87.978,87.743,87.45,87.216,87.45,88.74,92.198,98.821,108.79,121.33,134.75,147.88,159.6,169.33,176.42,180.94,183.05,183.34,182.4,180.7,178.48,176.19,174.02,171.97,170.33,168.69,167.16,165.76,164.17,162.3,160.07,157.2,153.51,148.99,143.6,137.62,131.35,125.37,120.04,115.82,112.54,110.25,108.79,108.02,107.73,107.73,107.91,108.2,108.32,108.32,108.02,107.67,107.03,106.27,105.39,104.39,103.45,102.4,101.46,100.64,99.7,98.763,97.825,96.711,95.598,94.425,93.253,92.022,90.967,89.971,89.15,88.623,88.388,88.681,89.795,92.432,97.004,103.92,113.01,123.32,133.93,144.01,152.75,159.6,164.47,167.28,168.39,167.98,166.69,164.7,162.24,159.6,156.91,154.33,151.57,148.53,145.24,141.37,136.86,131.7,126.13,120.51,115.17,110.49,106.73,103.92,101.99,100.87,100.29,100.35,100.81,101.34,101.99,102.57,102.92,103.1,103.1,102.81,102.34,101.69,100.81,99.759,98.587,97.415,96.242,95.011,93.781,92.608,91.495,90.381,89.326,88.271,87.45,86.63,85.868,85.282,84.93,84.637,84.403,84.285,84.168,84.109,83.875,83.523,83.113,82.644,82.175,81.589,81.062,80.593,80.182,79.772,79.479,79.186,78.893,78.776,79.069,80.593,85.106,93.839,106.73,122.09,137.74,151.92,163.71,172.56,178.42,181.58,182.29,181.29,179.12,176.37,173.49,170.8,168.28,166.23,164.53,163.18,162.01,160.78,159.43,157.84,155.85,153.1,149.46,145.01,139.73,133.99,128.13,122.74,118.16,114.59,111.95,110.07,108.84,108.26,108.14,108.26,108.43,108.55,108.61,108.55,108.26,107.61,106.85,106.03,105.09,104.04,102.98,101.87,100.87,99.935,98.939,98.059,97.239,96.477,95.715,94.894,94.132,93.312,92.491,91.671,90.909,90.147,89.443,88.798,88.212,87.802,87.45,87.157,86.923,86.688,86.395,86.63,87.861,91.26,97.708,107.55,119.69,132.52,145.01,155.97,165.05,171.79,176.13,178.36,178.95,178.36,176.95,175.08,173.08,171.21,169.45,167.81,166.23,164.7,163.18,161.65,159.84,157.67,154.86,151.46,147.24,142.25,136.57,130.53,124.85,119.8,115.76,112.54,110.25,108.73,107.96,107.73,107.79,107.91,108.2,108.38,108.43,108.32,107.91,107.38,106.62,105.74,104.8,103.74,102.63,101.58,100.4,99.407,98.528,97.649,96.887,96.066,95.246,94.484,93.605,92.667,91.729,90.85,90.088,89.385,88.564,87.919,87.509,87.216,86.981,86.688,86.337,86.22,86.864,89.033,94.191,103.1,115.53,129.71,144.01,156.97,168.16,176.95,182.81,186.04,187.21,186.68,185.1,182.99,180.7,178.42,176.42,174.61,173.08,171.74,170.68,169.57,168.45,167.05,165.46,163.41,160.66,157.08,152.57,147.12,140.96,134.58,128.3,122.85,118.34,114.94,112.42,110.78,109.84,109.37,109.31,109.37,109.49,109.49,109.31,109.08,108.61,107.96,107.2,106.27,105.21,104.16,103.1,101.99,100.93,99.994,99.114,98.235,97.473,96.711,95.949,95.07,94.191,93.312,92.374,91.436,90.557,89.736,88.974,88.388,87.861,87.568,87.275,87.099,86.923,86.747,87.099,88.74,92.784,100.05,110.49,123.03,136.1,148.64,159.6,168.51,175.02,179.12,181,181.17,180.18,178.48,176.42,174.26,172.15,170.15,168.45,166.81,165.23,163.71,162.06,160.19,157.9,155.21,151.69,147.35,142.19,136.22,130.06,123.97,118.63,114.3,111.01,108.73,107.26,106.38,106.03,106.09,106.38,106.62,106.79,106.85,106.68,106.38,105.74,104.92,103.98,102.87,101.69,100.46,99.29,98.118,97.004,96.008,95.129,94.308,93.488,92.726,91.964,91.26,90.498,89.678,88.857,88.037,87.275,86.571,85.926,85.399,84.93,84.52,84.285,84.051,83.816,83.465,83.406,83.992,85.985,90.615,98.645,110.07,123.38,136.86,149.23,159.72,167.81,173.32,176.37,177.36,176.89,175.31,173.14,170.62,168.22,165.93,163.88,162.01,160.25,158.67,157.14,155.38,153.21,150.69,147.35,143.19,138.15,132.52,126.66,121.04,116.05,112.01,108.9,106.73,105.39,104.62,104.51,104.62,104.92,105.15,105.44,105.5,105.44,105.03,104.51,103.74,102.81,101.75,100.52,99.349,98.177,97.004,95.773,94.718,93.781,92.901,92.139,91.436,90.791,90.147,89.56,88.916,88.271,87.743,87.099,86.513,85.926,85.34,84.871,84.403,83.992,83.758,83.523,83.289,82.996,82.937,83.347,85.164,89.385,96.887,107.67,120.63,133.93,146.3,156.85,165.17,170.97,174.37,175.66,175.43,174.08,171.91,169.57,167.16,164.94,162.94,161.07,159.43,157.9,156.44,154.8,152.86,150.4,147.29,143.25,138.33,132.82,127.13,121.8,117.11,113.24,110.37,108.32,106.97,106.27,105.91,106.03,106.32,106.62,106.85,106.91,106.85,106.56,105.97,105.21,104.45,103.51,102.4,101.22,100.11,98.997,97.883,96.711,95.715,94.894,94.249,93.488,92.726,92.022,91.436,90.791,90.147,89.56,88.916,88.388,87.685,86.981,86.395,85.985,85.751,85.458,85.223,85.047,84.871,84.871,85.809,88.857,95.187,105.21,118.16,132.17,145.89,158.14,168.16,175.6,180.35,182.81,183.46,182.7,181.06,179.06,177.01,175.14,173.38,171.74,170.39,169.1,167.87,166.52,165.05,163.41,161.42,158.78,155.38,151.16,146.18,140.5,134.28,128.24,122.79,118.28,114.76,112.07,110.25,109.25,108.79,108.67,108.67,108.84,108.96,109.08,108.84,108.49,107.96,107.32,106.44,105.44,104.39,103.28,102.1,100.93,99.818,98.763,97.825,96.946,96.184,95.422,94.718,94.015,106.09,105.21,104.27,103.22,102.1,100.93,99.7,98.47,97.415,96.36,95.422,94.543,93.781,93.194,92.55,91.846,91.202,90.44,89.619,88.798,87.978,87.157,86.395,85.809,85.223,84.871,84.461,84.227,84.051,83.816,83.699,84.109,85.868,90.147,97.883,108.9,122.03,135.63,148.29,159.25,167.98,174.2,177.71,179.12,178.83,177.36,175.19,172.67,170.09,167.75,165.58,163.71,161.95,160.31,158.72,157.08,155.09,152.75,149.87,146.24,141.73,136.57,130.82,124.9,119.45,114.82,111.19,108.49,106.62,105.5,104.92,104.86,105.09,105.44,105.74,105.91,105.91,105.74,105.21,104.57,103.74,102.75,101.63,100.46,99.232,98.059,96.887,95.715,94.66,93.781,92.96,92.315,91.671,90.967,90.381,89.678,88.974,88.388,87.685,86.981,86.278,85.633,84.989,84.344,83.934,83.523,83.23,83.054,82.82,82.527,82.468,82.996,84.989,89.678,97.708,109.08,122.15,135.51,147.7,158.02,165.87,171.33,174.31,175.25,174.67,173.08,170.74,168.22,165.7,163.24,161.07,159.08,157.2,155.5,153.74,151.92,149.76,147.06,143.54,139.38,134.4,129.01,123.56,118.52,114.18,110.6,107.91,106.03,104.92,104.39,104.21,104.45,104.74,105.03,105.21,105.33,105.09,104.8,104.21,103.51,102.57,101.58,100.4,99.349,98.235,97.122,96.125,95.129,94.249,93.429,92.726,92.022,91.377,90.674,89.971,89.326,88.623,87.919,87.275,86.63,86.044,85.458,85.047,84.696,84.403,84.227,83.992,83.816,83.816,84.696,87.509,93.37,102.75,115,128.54,141.9,153.8,163.59,170.92,175.66,178.12,178.59,177.66,175.96,173.61,171.21,168.81,166.58,164.47,162.65,161.01,159.37,157.67,155.73,153.51,150.75,147.24,142.9,137.92,132.35,126.78,121.56,117.05,113.42,110.66,108.67,107.44,106.73,106.56,106.62,106.79,106.97,107.03,106.91,106.68,106.15,105.56,104.8,103.92,102.92,101.93,100.87,99.876,98.88,97.942,97.063,96.301,95.539,94.718,93.898,93.077,92.198,91.319,90.381,89.502,88.623,87.802,87.099,86.513,86.044,85.692,85.34,85.106,84.871,84.813,85.34,87.45,92.257,100.52,112.07,125.37,138.85,151.28,161.95,170.15,175.96,179.18,180.35,180.06,178.65,176.6,174.37,172.15,169.98,168.04,166.28,164.64,163,161.42,159.72,157.79,155.56,152.8,149.29,144.95,139.73,134.05,128.19,122.68,117.93,114.06,111.13,108.9,107.55,106.79,106.5,106.5,106.62,106.79,106.91,106.85,106.62,106.27,105.62,104.86,103.98,103.04,102.05,101.05,100.05,99.056,98.118,97.297,96.418,95.598,94.718,93.839,92.901,91.964,91.026,90.088,89.209,88.388,87.568,86.864,86.278,85.926,85.633,85.399,85.164,84.989,85.282,86.747,90.498,97.473,107.91,120.74,134.34,147.29,158.61,167.81,174.49,178.53,180.35,180.35,179.12,177.07,174.61,172.2,169.86,167.81,165.99,164.29,162.65,161.13,159.43,157.55,155.27,152.39,148.82,144.42,139.32,133.58,127.54,121.91,116.99,113.06,110.13,107.96,106.56,105.85,105.62,105.74,105.91,106.15,106.32,106.27,106.03,105.62,105.03,104.21,103.33,102.28,101.28,100.23,99.173,98.177,97.18,96.301,95.422,94.601,93.722,92.843,91.905,90.909,89.912,88.974,88.037,87.216,86.395,85.751,85.164,84.813,84.461,84.227,83.934,83.758,83.875,84.813,87.626,93.429,102.69,114.82,128.24,141.32,152.98,162.53,169.63,174.14,176.25,176.42,175.25,173.2,170.74,168.1,165.64,163.3,161.24,159.37,157.67,155.91,154.09,152.04,149.64,146.53,142.72,138.15,132.99,127.42,121.91,116.99,112.71,109.49,107.03,105.44,104.51,104.1,104.1,104.27,104.62,104.86,104.92,104.86,104.62,104.16,103.51,102.63,101.63,100.64,99.525,98.47,97.415,96.477,95.598,94.777,94.015,93.253,92.432,91.553,90.674,89.854,88.974,88.095,87.275,86.571,85.868,85.223,84.754,84.344,84.109,83.875,83.582,83.289,83.23,83.816,85.985,90.967,99.407,111.07,124.55,138.15,150.64,161.01,168.75,173.79,176.31,176.78,175.66,173.61,170.92,168.04,165.29,162.77,160.36,158.31,156.38,154.56,152.75,150.69,148.23,145.24,141.49,136.92,131.82,126.37,121.09,116.41,112.48,109.43,107.2,105.74,104.92,104.62,104.68,104.92,105.33,105.56,105.68,105.56,105.33,104.8,104.1,103.22,102.22,101.22,100.23,99.173,98.177,97.239,96.36,95.539,94.718,93.898,93.136,92.257,91.436,90.557,89.736,88.857,88.037,87.275,86.688,86.044,85.575,85.164,84.93,84.754,84.461,84.285,84.461,85.926,89.736,96.946,107.67,120.86,134.75,147.88,159.19,168.16,174.43,178.01,179.24,178.83,177.19,174.84,172.2,169.57,167.05,164.82,162.83,161.01,159.31,157.61,155.79,153.74,151.22,148.06,144.13,139.38,133.99,128.48,123.2,118.4,114.53,111.48,109.25,107.73,106.91,106.56,106.56,106.68,106.79,106.85,106.85,106.68,106.27,105.62,104.86,103.98,103.04,102.05,101.05,100.11,99.173,98.294,97.473,96.594,95.773,95.011,94.132,93.253,92.374,91.436,90.498,89.56,88.681,87.919,87.157,86.63,86.22,85.926,85.692,85.34,85.106,85.282,86.63,90.147,97.063,107.38,120.1,133.7,146.65,158.08,167.28,174.08,178.24,180.12,180.23,179.12,177.13,174.78,172.38,170.04,167.93,165.99,164.17,162.42,160.66,158.84,156.85,154.44,151.51,147.76,143.25,137.92,132.11,126.19,120.68,115.99,112.24,109.49,107.5,106.32,105.68,105.5,105.56,105.8,106.03,106.09,106.03,105.8,105.44,104.74,103.98,103.04,102.05,101.05,100.05,99.114,98.235,97.297,96.36,95.422,94.425,93.429,92.374,91.319,90.322,89.326,88.388,87.509,86.747,86.102,85.633,85.223,84.93,84.696,84.403,84.168,84.168,85.106,87.861,93.546,102.63,114.53,127.72,140.73,152.22,161.71,168.69,173.14,175.19,175.31,174.2,172.2,169.74,167.22,164.76,162.47,160.36,158.37,156.55,154.68,152.75,150.52,147.88,144.54,140.55,135.81,130.36,124.73,119.22,114.35,110.37,107.44,105.33,104.04,103.45,103.33,103.63,104.04,104.51,104.86,105.09,105.03,104.8,104.39,103.69,102.81,101.81,100.81,99.759,98.645,97.649,96.711,95.773,95.011,94.132,93.253,92.374,91.495,90.615,89.678,88.798,87.978,87.216,86.571,85.926,85.399,85.106,84.871,84.637,84.403,84.168,84.227,85.282,88.388,94.543,104.21,116.7,130.3,143.54,155.38,165.05,172.15,176.54,178.59,178.83,177.6,175.55,172.91,170.27,167.57,165,162.65,160.6,158.67,156.85,154.91,152.75,150.11,146.94,142.9,138.15,132.88,127.37,122.09,117.4,113.53,110.6,108.49,107.2,106.44,106.15,106.27,106.5,106.73,106.91,106.91,106.73,106.38,105.8,105.03,104.16,103.16,102.22,101.22,100.29,99.407,98.528,97.708,96.887,96.008,95.129,94.191,93.194,92.198,91.202,90.147,89.15,88.271,87.568,86.864,86.395,86.044,85.809,85.633,85.34,85.282,85.985,88.388,93.605,102.34,114.12,127.48,140.79,153.04,163.41,171.38,176.72,179.59,180.41,179.77,178.01,175.66,173.14,170.62,168.22,166.11,164.23,162.42,160.66,158.9,156.91,154.62,151.75,148.17,143.84,138.8,133.17,127.42,122.03,117.4,113.71,110.9,108.96,107.73,107.09,106.85,106.91,107.03,107.2,107.2,107.09,106.85,106.44,105.74,104.98,104.04,103.1,102.16,101.22,100.35,99.466,98.587,97.708,96.887,95.949,95.011,94.015,92.901,91.846,90.791,89.795,88.857,88.037,87.333,86.747,86.278,86.044,85.809,85.575,85.399,85.868,87.626,91.788,99.232,109.84,122.56,135.86,148.35,159.31,168.1,174.43,178.18,179.71,179.36,177.89,175.55,172.85,170.09,167.52,165.05,162.83,160.72,158.72,156.79,154.68,152.22,149.35,145.83,141.43,136.39,130.82,125.14,119.8,115.17,111.48,108.73,106.73,105.56,104.92,104.8,104.92,105.15,105.39,105.56,105.56,105.33,104.92,104.27,103.57,102.63,101.58,100.46,99.466,98.528,97.59,96.711,95.832,94.894,94.015,92.96,91.964,90.967,89.912,88.857,87.861,86.923,86.161,85.575,84.989,84.461,84.168,83.875,83.582,83.289,83.23,83.816,85.751,90.147,97.942,108.9,121.86,135.04,147.18,157.38,165.17,170.39,173.08,173.73,172.79,170.8,168.22,165.41,162.59,160.01,157.55,155.44,153.39,151.28,149.17,146.77,143.72,140.14,135.75,130.82,125.55,120.27,115.47,111.48,108.38,106.03,104.57,103.74,103.51,103.57,103.92,104.39,104.74,104.98,105.09,104.98,104.62,103.98,103.16,102.22,101.28,100.23,99.29,98.352,97.473,96.594,95.773,94.894,94.132,93.253,92.374,91.436,90.498,89.56,88.623,87.743,86.981,86.278,85.692,85.164,84.871,84.637,84.344,84.168,84.109,84.637,86.63,91.319,99.525,111.01,124.26,137.68,150.05,160.6,168.69,174.14,177.01,177.66,176.78,174.78,172.15,169.33,166.4,163.82,161.36,159.13,157.08,154.91,152.75,150.22,147.35,143.78,139.5,134.52,129.07,123.67,118.69,114.41,111.07,108.49,106.73,105.68,105.21,105.15,105.44,105.68,105.91,106.09,106.09,105.91,105.5,104.86,104.1,103.1,102.05,101.05,100.11,99.232,98.352,97.473,96.594,95.715,94.836,93.898,92.96,92.139,91.084,90.029,89.033,88.095,87.333,86.63,85.926,85.399,85.106,84.93,84.696,84.461,84.403,85.047,87.04,91.612,99.525,110.72,123.79,137.15,149.64,160.25,168.51,174.14,177.13,178.07,177.36,175.49,172.97,170.15,167.46,164.88,162.42,160.25,158.25,156.38,154.39,152.1,149.58,146.41,142.61,137.97,132.7,127.13,121.74,116.87,112.89,109.72,107.55,106.09,105.33,105.03,105.09,105.44,105.8,106.03,106.09,106.03,105.8,105.33,104.51,103.57,102.63,101.63,100.64,99.525,98.645,97.883,97.004,96.184,95.305,94.484,93.605,92.667,91.612,90.615,89.619,88.681,87.743,86.864,86.161,85.692,85.282,84.989,84.754,84.637,84.52,84.696,85.751,88.798,95.011,104.51,116.64,129.89,142.72,154.15,163.53,170.5,174.84,177.01,177.25,176.13,174.08,171.56,168.92,166.28,163.82,161.42,159.31,157.26,155.09,152.75,150.17,147.18,143.54,139.03,133.93,128.36,122.79,117.64,113.12,109.66,107.2,105.5,104.51,104.04,104.04,104.27,104.68,104.98,105.15,105.21,105.09,104.74,104.04,103.22,102.28,101.22,100.17,99.056,98.118,97.297,96.418,95.48,94.601,93.781,92.901,91.905,90.909,89.912,88.974,87.978,87.04,86.161,85.575,85.047,84.52,84.168,83.875,83.699,83.347,83.113,83.172,84.227,87.099,92.726,101.75,113.53,126.6,139.38,150.81,160.25,167.22,171.62,173.55,173.55,172.15,169.8,166.93,163.94,160.95,158.25,155.79,153.51,151.28,149.11,146.88,144.19,140.85,136.8,132.17,127.01,121.62,116.52,112.19,108.73,106.09,104.21,103.1,102.57,102.51,102.75,103.04,103.51,103.8,103.98,103.92,103.63,103.1,102.4,101.58,100.52,99.466,98.47,97.59,96.653,95.773,95.011,94.191,93.37,92.432,91.436,90.498,89.443,88.388,87.333,86.395,85.751,85.106,84.637,84.344,84.52,85.575,87.919,92.374,99.466,109.08,120.04,131.23,141.61,150.52,157.32,161.83,164.12,164.7,163.94,162.12,159.66,156.85,154.03,151.34,148.7,145.95,143.07,139.79,136.04,131.59,126.49,121.09,115.82,110.9,106.85,103.69,101.34,99.818,98.88,98.528,98.763,99.29,100.05,100.76,101.34,101.81,102.05,102.05,101.75,101.28,100.76,99.935,98.939,97.825,96.594,95.422,94.249,92.901,91.671,90.557,89.502,88.564,87.626,86.864,86.337,85.985,85.633,85.282,85.106,84.989,84.813,84.461,84.168,83.875,83.465,83.054,82.527,82.117,81.882,81.589,81.355,81.12,80.944,80.886,81.355,83.523,89.15,99.173,113.01,128.42,143.48,156.79,167.69,175.66,180.7,183.05,183.22,181.93,179.59,176.72,173.85,171.21,168.69,166.4,164.41,162.59,161.01,159.25,157.32,155.03,152.28,148.94,144.66,139.67,134.28,128.89,123.79,119.34,115.76,113.01,111.07,109.72,108.9,108.61,108.61,108.67,108.67,108.55,108.38,107.96,107.5,106.73,105.8,104.86,103.86,102.81,101.75,100.76,99.876,99.056,98.235,97.356,96.535,95.715,94.836,93.839,92.901,91.964,91.084,90.264,89.326,88.505,87.861,87.45,86.981,86.63,86.278,86.044,85.809,86.044,87.568,91.377,98.294,108.32,120.27,132.93,145.07,155.85,164.64,170.97,175.02,176.95,177.19,176.19,174.37,172.2,169.86,167.57,165.35,163.3,161.42,159.72,158.02,156.03,153.92,151.46,148.29,144.36,139.62,134.22,128.6,123.09,118.16,114.06,110.84,108.55,107.03,106.15,105.8,105.85,106.09,106.38,106.5,106.56,106.44,106.15,105.62,104.92,104.1,103.22,102.28,101.4,100.46,99.583,98.821,98.001,97.063,96.066,95.129,94.132,93.077,91.905,90.85,89.854,88.916,88.037,87.216,86.63,86.278,86.044,85.868,85.633,85.399,85.809,87.568,91.729,99.349,110.43,123.61,137.21,149.99,161.07,169.98,176.31,179.94,181.23,180.88,179.41,177.25,174.67,172.03,169.63,167.46,165.41,163.53,161.71,160.01,158.2,156.03,153.51,150.34,146.53,142.02,136.57,130.77,125.08,119.98,115.7,112.3,109.78,108.2,107.2,106.73,106.62,106.68,106.91,107.03,107.03,106.85,106.56,106.09,105.44,104.62,103.63,102.69,101.75,100.87,99.935,99.114,98.352,97.532,96.594,95.598,94.601,93.605,92.55,91.436,90.381,89.443,88.623,87.861,87.157,86.747,86.513,86.22,85.985,85.751,85.751,86.395,88.564,93.136,100.93,111.66,124.26,136.92,148.82,159.08,167.16,172.79,176.01,177.13,176.66,175.14,172.79,170.15,167.63,165.17,162.94,160.78,158.78,156.85,154.86,152.63,149.93,146.65,142.78,138.09,132.82,127.13,121.68,116.82,112.77,109.61,107.38,105.97,105.15,104.92,104.98,105.33,105.68,105.91,105.97,105.91,105.74,105.21,104.57,103.69,102.75,101.81,100.76,99.759,98.88,98.059,97.297,96.418,95.539,94.601,93.663,92.608,91.436,90.381,89.385,88.447,87.568,86.806,86.161,85.751,85.399,85.106,84.93,84.696,84.52,84.813,86.161,89.736,96.36,106.27,118.57,131.7,144.19,155.21,164.06,170.39,174.26,175.72,175.49,173.85,171.56,168.86,166.11,163.35,160.89,158.61,156.55,154.5,152.39,150.11,147.47,144.3,140.32,135.63,130.36,124.9,119.69,115,111.13,108.2,105.97,104.57,103.8,103.63,103.8,104.1,104.51,104.8,104.98,104.92,104.68,104.1,103.45,102.63,101.63,100.52,99.525,98.587,97.649,96.711,95.832,95.011,94.191,93.312,92.315,91.377,90.44,89.502,88.564,87.685,86.864,86.161,85.575,85.047,84.637,84.285,84.051,83.816,83.523,83.406,83.816,85.282,88.974,95.715,105.74,117.93,130.77,142.9,153.45,161.83,167.69,171.03,172.32,171.91,170.39,167.93,165.17,162.3,159.6,157.08,154.68,152.45,150.34,148.23,145.89,143.07,139.67,135.63,130.82,125.55,120.27,115.47,111.42,108.2,105.62,103.92,102.98,102.63,102.63,102.87,103.28,103.8,104.1,104.16,104.1,103.86,103.33,102.69,101.75,100.87,99.876,98.88,97.825,96.887,96.008,95.187,94.249,93.37,92.432,91.612,90.674,89.736,88.916,88.095,87.333,86.688,86.044,85.633,85.223,84.989,84.696,84.403,84.227,84.051,84.285,85.809,89.678,96.887,107.44,120.16,133.58,146.3,157.32,165.99,171.97,175.49,176.89,176.48,174.78,172.44,169.8,167.16,164.64,162.24,160.07,158.08,156.2,154.27,152.22,149.93,147.24,143.72,139.44,134.52,129.18,123.97,119.16,115.06,111.77,109.43,107.79,106.79,106.32,106.32,106.5,106.79,106.91,106.97,106.97,106.73,106.27,105.56,104.74,103.92,102.98,101.99,101.05,100.11,99.29,98.411,97.532,96.653,95.715,94.777,93.722,92.667,91.729,90.791,89.854,88.974,88.154,87.568,87.099,86.747,86.395,86.22,86.044,85.926,86.22,87.978,92.315,100.05,111.07,124.14,137.51,150.11,161.01,169.51,175.49,179.06,180.47,180.23,178.83,176.72,174.43,172.03,169.8,167.69,165.82,164.06,162.3,160.48,158.55,156.44,153.92,150.81,146.88,142.19,136.86,131.23,125.67,120.63,116.46,113.24,110.78,109.08,108.02,107.61,107.55,107.67,107.79,107.85,107.85,107.73,107.38,106.73,106.03,105.21,104.27,103.28,102.28,101.34,100.46,99.525,98.587,97.708,96.946,96.125,95.187,94.191,93.194,92.257,91.319,90.322,89.385,88.564,87.919,87.45,86.981,86.747,86.571,86.337,86.161,86.513,88.154,92.491,100.29,111.36,124.55,138.27,151.1,162.3,171.03,177.19,180.76,182.11,181.76,180.18,177.95,175.43,172.91,170.62,168.51,166.64,164.94,163.24,161.54,159.72,157.73,155.32,152.28,148.41,143.72,138.38,132.47,126.6,121.33,116.82,113.36,110.78,108.96,107.85,107.44,107.44,107.61,107.79,107.91,108.02,107.91,107.55,106.97,106.32,105.5,104.57,103.51,102.4,101.4,100.52,99.7,98.763,97.942,97.122,96.301,95.422,94.425,93.429,92.432,91.436,90.44,89.502,88.681,87.978,87.45,86.923,86.63,86.395,86.278,86.102,86.044,86.747,89.092,94.308,102.81,114.24,127.31,140.38,152.28,162.36,170.15,175.43,178.36,179.18,178.48,176.78,174.61,172.2,169.74,167.28,165.11,163.18,161.3,159.49,157.55,155.5,153.16,150.22,146.53,142.08,136.86,131.23,125.49,120.1,115.58,112.07,109.43,107.61,106.5,105.91,105.85,106.09,106.38,106.62,106.73,106.68,106.5,105.97,105.33,104.45,103.51,102.4,101.28,100.17,99.114,98.177,97.356,96.477,95.656,94.894,94.132,93.312,92.374,91.436,90.498,89.619,88.74,87.861,87.099,86.513,85.985,85.575,85.223,84.93,84.754,84.52,84.403,84.754,86.337,90.381,97.649,108.2,120.86,134.11,146.59,157.38,165.87,171.79,175.31,176.54,176.19,174.55,172.26,169.57,166.81,164.12,161.6,159.37,157.38,155.44,153.57,151.46,149.05,146.18,142.61,138.27,133.11,127.66,122.27,117.34,113.24,109.9,107.5,105.85,104.92,104.57,104.57,104.8,105.09,105.39,105.5,105.44,105.21,104.74,104.04,103.16,102.16,101.05,99.935,98.821,97.708,96.653,95.656,94.777,94.015,93.194,92.374,91.553,90.733,89.912,89.092,88.271,87.568,86.864,86.22,85.633,85.106,84.754,84.403,84.168,83.934,83.582,83.347,83.23,83.816,85.926,90.498,98.352,109.31,122.03,135.16,147.29,157.43,165.17,170.45,173.26,174.08,173.32,171.44,169.04,166.52,163.88,161.42,159.19,157.14,155.32,153.51,151.63,149.58,147.12,144.19,140.44,135.86,130.59,125.14,119.8,115.17,111.36,108.43,106.32,104.92,104.21,104.04,104.16,104.57,104.98,105.39,105.62,105.62,105.44,104.98,104.39,103.57,102.63,101.58,100.46,99.349,98.294,97.297,96.36,95.48,94.66,93.839,93.077,92.315,91.495,90.733,89.971,89.326,88.623,87.978,87.45,86.923,86.571,86.22,85.985,85.751,85.399,85.164,85.223,86.337,89.678,96.242,106.38,119.16,132.93,146.06,157.61,166.93,173.79,178.07,180.06,180.23,179.18,177.3,175.14,172.73,170.5,168.39,166.52,164.82,163.24,161.71,160.25,158.49,156.44,153.8,150.4,146.24,141.26,135.63,129.83,124.38,119.69,115.76,112.71,110.49,109.08,108.26,107.85,107.85,108.02,108.26,108.38,108.38,108.14,107.73,107.09,106.32,105.44,104.45,103.45,102.34,101.34,100.35,99.466,98.587,97.825,97.063,96.242,95.363,94.484,93.546,92.667,91.729,90.85,89.971,89.15,88.505,87.861,87.509,87.099,86.864,86.63,86.278,86.395,87.568,90.909,97.532,107.61,120.27,133.93,147.06,158.78,168.45,175.55,180.12,182.29,182.75,181.82,180.12,178.07,175.84,173.79,171.85,170.15,168.69,167.28,165.93,164.47,162.89,161.01,158.61,155.68,151.92,147.29,141.9,136.04,130.06,124.55,119.86,116.05,113.12,111.07,109.66,108.9,108.61,108.55,108.61,108.67,108.61,108.43,108.14,107.61,106.97,106.15,105.21,104.21,103.16,102.1,101.05,100.11,99.232,98.352,97.532,96.711,95.832,95.011,94.074,93.136,92.139,91.202,90.147,89.326,88.505,87.802,87.216,86.864,86.571,86.278,85.926,85.692,85.868,87.099,90.557,97.18,107.26,119.8,133.23,146.18,157.67,166.99,173.79,178.07,180,180.18,179.12,177.3,175.08,172.67,170.5,168.51,166.69,165,163.41,161.95,160.36,158.61,156.55,153.98,150.75,146.65,141.78,136.16,130.24,124.44,119.22,114.88,111.48,109.08,107.44,106.5,106.09,106.03,106.27,106.5,106.68,106.68,106.56,106.15,105.68,104.92,103.98,102.98,101.87,100.76,99.583,98.528,97.532,96.594,95.715,94.894,94.132,93.312,92.491,91.671,90.791,89.912,88.974,88.154,87.45,86.747,86.102,85.633,85.164,84.871,84.637,84.285,84.051,83.934,84.227,85.751,89.502,96.477,106.73,119.16,132.29,144.77,155.68,164.35,170.62,174.37,175.96,175.78,174.43,172.32,169.74,167.16,164.7,162.47,160.48,158.67,156.97,155.38,153.62,151.63,149.11,146,142.14,137.39,131.94,126.25,120.74,115.88,111.83,108.79,106.62,105.21,104.51,104.27,104.39,104.68,105.03,105.33,105.44,105.39,105.03,104.51,103.74,102.81,101.75,100.64,99.349,98.177,97.004,95.832,94.836,93.898,93.136,92.374,91.671,90.967,90.322,89.678,88.916,88.212,87.568,86.923,86.337,85.809,85.282,84.93,84.637,84.344,84.168,83.934,83.699,83.465,83.875,85.575,89.619,97.063,107.91,120.98,134.75,147.76,158.9,167.87,174.2,178.01,179.53,179.3,177.95,175.72,173.26,170.68,168.28,166.11,164.17,162.47,160.95,159.43,157.84,156.14,153.86,151.05,147.41,142.9,137.62,131.88,126.19,120.98,116.64,113.18,110.54,108.79,107.73,107.32,107.26,107.44,107.67,107.91,107.96,107.85,107.55,106.97,106.32,105.5,104.51,103.51,102.4,101.28,100.23,99.173,98.177,97.297,96.477,95.715,95.011,94.249,93.488,92.726,91.905,91.084,90.381,89.56,88.74,88.037,87.45,86.923,86.571,86.22,86.044,85.809,85.575,85.575,86.513,89.385,95.305,104.8,117.11,130.77,144.07,156.14,166.17,173.79,178.83,181.47,182.23,181.7,180.23,178.3,176.25,174.2,172.32,170.62,169.04,167.63,166.23,164.76,163.12,161.24,159.02,156.14,152.51,148.06,142.72,136.86,130.65,124.85,119.75,115.58,112.54,110.37,108.96,108.26,107.96,107.96,108.2,108.43,108.49,108.43,108.2,107.79,107.2,106.38,105.44,104.45,103.45,102.28,101.22,100.17,99.232,98.294,97.415,96.594,95.832,95.07,94.191,93.312,92.432,91.553,90.674,89.795,89.033,88.388,87.802,87.275,86.981,86.747,86.513,86.22,86.102,86.395,88.095,92.198,99.525,110.31,123.09,136.51,149.11,160.25,169.22,175.78,179.82,181.64,181.76,180.7,178.95,176.78,174.61,172.61,170.74,169.1,167.63,166.17,164.7,163.18,161.42,159.37,156.79,153.51,149.35,144.36,138.62,132.41,126.31,120.86,116.29,112.89,110.31,108.61,107.67,107.2,107.09,107.26,107.38,107.5,107.55,107.38,106.97,106.44,105.68,104.74,103.74,102.63,101.46,100.29,99.114,98.059,97.063,96.125,95.305,94.543,93.839,93.136,92.315,91.495,90.674,89.795,88.857,87.978,87.099,86.337,85.692,85.164,84.754,84.461,84.285,84.051,83.816,83.699,84.109,85.868,90.088,97.649,108.43,121.33,134.58,147,157.67,166.11,172.03,175.55,176.95,176.6,175.19,172.97,170.56,167.98,165.46,163.3,161.3,159.54,157.84,156.32,154.62,152.69,150.22,147.18,143.31,138.62,133.23,127.54,121.91,116.93,112.71,109.49,107.2,105.62,104.74,104.39,104.39,104.62,104.86,105.09,105.15,105.03,104.74,104.1,103.33,102.4,101.4,100.23,99.114,97.942,96.711,95.598,94.543,93.605,92.784,91.964,91.319,90.674,90.029,89.385,88.74,88.037,87.45,86.747,86.102,85.458,84.93,84.403,83.992,83.582,83.289,83.054,82.82,82.468,82.234,82.41,83.816,87.333,94.074,104.16,116.7,130,142.66,153.74,162.59,169.04,172.97,174.72,174.67,173.44,171.38,168.86,166.34,164,161.71,159.72,157.9,156.32,154.74,153.04,151.1,148.76,145.65,141.84,137.15,131.88,126.31,120.98,116.29,112.42,109.43,107.26,105.8,105.03,104.8,104.92,105.21,105.62,105.91,106.03,105.97,105.68,105.15,104.51,103.63,102.69,101.69,100.52,99.407,98.352,97.297,96.36,95.422,94.601,93.898,93.253,92.55,91.846,91.202,90.498,89.795,89.15,88.505,87.861,87.157,86.63,86.102,85.692,85.399,85.164,84.93,84.696,84.403,84.696,86.102,89.971,97.239,107.96,120.98,134.75,147.7,159.08,168.16,174.72,178.65,180.35,180.29,179.12,177.3,175.08,172.79,170.68,168.75,166.99,165.41,164,162.53,161.07,159.37,157.32,154.74,151.34,147.24,142.25,136.57,130.59,124.9,119.86,115.7,112.48,110.19,108.67,107.85,107.55,107.55,107.73,107.91,108.02,108.02,107.85,107.5,106.91,106.15,105.33,104.27,103.16,102.05,100.93,99.818,98.763,97.825,96.887,96.066,95.305,94.543,93.839,93.194,92.432,91.612,90.85,90.029,89.209,88.505,87.743,87.099,86.571,86.161,85.868,85.633,85.34,85.106,85.282,86.63,90.029,96.711,106.97,119.86,133.75,147.06,158.84,168.57,175.6,180.12,182.23,182.58,181.64,179.88,177.83,175.66,173.73,171.97,170.45,168.98,167.69,166.28,164.88,163.24,161.36,159.08,156.14,152.51,147.94,142.55,136.63,130.53,124.79,119.86,115.88,112.77,110.6,109.14,108.32,107.96,107.96,108.02,108.2,108.26,108.02,107.73,107.32,106.68,105.85,104.98,103.98,102.87,101.81,100.7,99.7,98.645,97.708,96.946,96.184,95.422,94.601,93.839,93.077,92.257,91.377,90.498,89.619,88.798,87.978,87.275,86.806,86.337,86.044,85.868,85.633,85.34,85.34,86.161,88.623,93.839,102.4,113.94,126.84,139.85,151.81,162.06,170.09,175.72,178.95,180.12,179.77,178.3,176.31,174.02,171.68,169.51,167.52,165.7,163.94,162.24,160.54,158.67,156.5,153.92,150.75,146.88,142.14,136.63,130.65,124.73,119.28,114.65,111.07,108.43,106.68,105.62,105.21,105.15,105.39,105.68,105.91,106.03,105.91,105.68,105.09,104.45,103.57,102.51,101.34,100.23,99.056,97.825,96.594,95.48,94.484,93.605,92.784,92.022,91.436,90.791,90.147,89.56,88.857,88.095,87.333,86.688,85.926,85.223,84.637,84.109,83.699,83.347,83.054,82.82,82.468,82.292,82.292,83.172,85.809,91.319,100.29,112.19,125.49,138.5,150.11,159.72,166.99,171.74,174.2,174.61,173.67,171.79,169.51,166.99,164.47,162.18,160.07,158.14,156.44,154.74,153.04,151.1,148.88,146,142.37,137.86,132.7,127.13,121.56,116.52,112.3,108.9,106.5,104.8,103.86,103.45,103.45,103.69,103.98,104.21,104.39,104.27,104.04,103.57,102.92,102.05,100.99,99.876,98.645,97.473,96.242,95.011,93.781,92.667,91.671,90.791,89.971,89.385,88.857,88.388,87.919,87.45,86.923,86.337,85.809,85.223,84.696,84.051,83.523,83.054,82.527,82.175,81.882,81.589,81.296,81.003,80.769,81.003,82.175,85.399,91.788,101.63,114.06,127.31,140.03,151.1,160.01,166.58,170.74,172.73,172.91,171.85,169.92,167.69,165.23,162.94,160.78,158.84,157.2,155.56,154.03,152.51,150.64,148.29,145.36,141.67,137.15,132,126.49,121.21,116.52,112.6,109.55,107.32,105.8,105.03,104.74,104.74,104.98,105.33,105.62,105.74,105.74,105.56,105.15,104.51,103.69,102.75,101.75,100.64,99.466,98.294,97.18,96.066,95.07,94.132,93.37,92.667,92.022,91.436,90.909,90.381,89.795,89.209,88.623,87.978,87.333,86.747,86.102,85.633,85.164,84.754,84.461,84.227,84.051,83.758,83.582,84.285,86.806,92.257,101.28,113.42,127.07,140.55,152.69,162.89,170.74,176.19,179.24,180.29,180,178.83,177.07,175.14,173.08,171.09,169.39,167.75,166.17,164.7,163.24,161.83,160.01,157.84,155.21,151.81,147.59,142.55,136.86,131,125.31,120.27,116.11,112.95,110.6,109.08,108.14,107.67,107.61,107.73,107.85,107.85,107.79,107.55,107.26,106.68,105.85,104.98,104.04,102.98,101.87,100.7,99.466,98.47,97.473,96.477,95.598,94.777,94.191,93.488,92.784,92.139,91.436,90.733,89.971,89.15,88.388,87.685,87.04,86.513,85.985,85.692,85.399,85.164,84.93,84.754,85.047,86.688,90.733,98.059,108.61,121.39,134.69,147.29,158.37,167.46,174.08,178.24,180.29,180.64,179.71,178.01,175.96,173.79,171.79,169.98,168.39,166.87,165.58,164.17,162.77,161.13,159.19,156.79,153.8,149.99,145.3,139.85,133.93,128.07,122.56,117.87,114.06,111.25,109.37,108.14,107.44,107.09,107.09,107.26,107.44,107.44,107.26,106.85,106.5,105.91,105.15,104.16,103.1,102.05,100.93,99.818,98.587,97.473,96.477,95.539,94.718,94.074,93.37,92.726,92.139,91.495,90.791,90.029,89.209,88.447,87.685,86.923,86.278,85.692,85.164,84.871,84.637,84.403,84.168,83.992,84.285,85.692,89.092,95.656,105.68,118.16,131.59,144.48,155.85,165.29,172.5,177.19,179.53,180.06,179.18,177.48,175.31,172.85,170.56,168.39,166.4,164.53,162.94,161.36,159.72,157.9,155.79,153.21,149.99,146,141.14,135.57,129.65,123.79,118.52,114.12,110.66,108.26,106.56,105.56,105.09,105.03,105.21,105.5,105.68,105.74,105.62,105.33,104.8,104.04,103.16,102.1,100.99,99.818,98.528,97.297,96.066,94.894,93.839,92.843,91.964,91.26,90.615,90.029,89.502,88.974,88.447,87.802,87.157,86.571,85.868,85.223,84.52,83.934,83.465,83.054,82.761,82.41,82.175,81.941,81.589,81.472,81.999,83.875,88.271,96.066,106.91,119.63,132.64,144.66,154.97,163.06,168.63,171.79,172.85,172.44,170.8,168.51,165.87,163.18,160.72,158.49,156.44,154.68,152.98,151.34,149.58,147.41,144.72,141.37,137.15,132.23,126.84,121.45,116.29,112.01,108.55,105.97,104.16,103.04,102.57,102.51,102.69,102.98,103.28,103.51,103.57,103.33,103.04,102.4,101.63,100.7,99.525,98.411,97.18,95.949,94.66,93.488,92.374,91.319,90.44,89.678,89.033,88.505,87.978,87.568,87.099,86.688,86.161,85.633,85.047,84.403,83.816,83.23,82.761,82.292,81.941,81.589,81.296,81.003,80.651,80.358,80.417,81.296,83.816,89.033,97.59,109.08,121.91,134.63,146.12,155.68,163.06,168.04,170.8,171.68,171.09,169.63,167.57,165.23,162.94,160.72,158.72,156.97,155.44,153.92,152.45,150.69,148.64,145.95,142.43,138.09,133.11,127.6,122.15,117.23,113.12,109.78,107.38,105.62,104.62,104.21,104.21,104.51,104.92,105.33,105.62,105.68,105.56,105.21,104.74,103.98,103.04,102.05,100.99,99.876,98.645,97.532,96.477,95.48,94.484,93.605,92.901,92.257,91.612,91.026,90.498,89.912,89.385,88.798,88.154,87.626,86.981,86.337,85.751,85.282,84.93,84.696,84.403,84.168,83.875,83.758,84.109,85.985,90.674,98.88,110.37,123.73,137.39,149.99,160.78,169.33,175.25,178.83,180.23,180.12,178.89,177.13,175.14,173.08,171.09,169.39,167.87,166.4,165.11,163.76,162.42,161.01,159.13,156.67,153.62,149.81,145.13,139.67,133.7,127.72,122.33,117.64,113.88,111.07,109.25,108.14,107.55,107.44,107.55,107.79,107.91,107.91,107.79,107.55,107.2,106.56,105.74,104.86,103.86,102.75,101.63,100.4,99.349,98.294,97.239,96.242,95.422,94.777,94.132,93.37,92.667,91.964,91.319,90.557,89.736,88.974,88.271,87.626,86.981,86.395,86.102,85.868,85.633,85.223,84.989,85.106,86.044,88.798,94.543,103.8,115.94,129.24,142.25,154.09,164.29,172.2,177.42,180.41,181.47,181.29,180.18,178.42,176.48,174.61,172.79,171.09,169.51,168.04,166.75,165.35,163.88,162.18,160.25,157.84,154.74,150.75,145.95,140.38,134.34,128.24,122.62,117.99,114.3,111.48,109.49,108.32,107.67,107.55,107.61,107.73,107.91,107.91,107.79,107.5,106.97,106.44,105.68,104.68,103.63,102.51,101.34,100.29,99.232,98.235,97.415,96.594,95.832,95.187,94.425,93.663,92.843,91.964,91.084,90.322,89.385,88.564,87.743,87.099,86.63,86.161,85.926,85.692,85.399,85.106,85.047,85.751,88.037,92.901,101.17,112.3,125.14,138.03,149.99,160.31,168.51,174.26,177.6,178.95,178.77,177.42,175.43,173.14,170.74,168.57,166.52,164.64,163,161.42,159.84,158.31,156.5,154.27,100.52,99.407,98.294,97.18,96.066,95.011,94.074,93.194,92.432,91.729,91.026,90.44,89.736,88.974,88.212,87.509,86.747,85.985,85.282,84.637,84.051,83.582,83.23,82.996,82.761,82.527,82.234,82.117,82.351,83.758,87.216,93.781,103.63,115.82,128.89,141.32,152.28,161.24,167.75,171.79,173.67,173.67,172.5,170.45,167.93,165.29,162.89,160.66,158.67,156.91,155.38,153.92,152.39,150.58,148.29,145.42,141.67,137.04,131.7,125.9,120.21,115.17,111.01,107.73,105.39,103.8,102.98,102.75,102.81,103.16,103.57,103.92,104.1,104.04,103.8,103.33,102.69,101.75,100.7,99.466,98.235,96.946,95.656,94.484,93.37,92.315,91.319,90.557,89.854,89.326,88.857,88.388,87.861,87.275,86.688,86.102,85.575,84.989,84.403,83.875,83.406,82.937,82.527,82.234,81.999,81.706,81.413,81.237,81.413,82.527,85.575,91.436,100.46,112.07,124.73,137.1,148.11,157.14,163.88,168.45,170.86,171.44,170.74,169.1,166.99,164.76,162.42,160.36,158.55,156.97,155.56,154.27,152.86,151.34,149.4,146.88,143.43,139.21,134.11,128.6,123.03,117.99,113.71,110.31,107.73,105.91,104.86,104.45,104.45,104.68,105.03,105.5,105.74,105.85,105.74,105.39,104.8,104.04,103.16,102.16,101.11,99.994,98.88,97.708,96.653,95.715,94.836,94.132,93.429,92.784,92.198,91.553,90.85,90.264,89.619,88.857,88.154,87.509,86.806,86.22,85.751,85.34,85.047,84.813,84.637,84.344,84.227,84.696,86.395,90.615,98.294,109.31,122.38,135.92,148.7,159.78,168.81,175.31,179.41,181.35,181.64,180.76,179.12,177.13,175.02,172.97,171.21,169.51,167.93,166.58,165.29,164,162.53,160.89,158.78,156.03,152.57,148.17,143.02,137.15,131.06,125.2,120.1,115.99,112.77,110.54,109.08,108.26,107.91,107.85,108.02,108.32,108.43,108.38,108.2,107.79,107.32,106.56,105.62,104.62,103.57,102.4,101.28,100.11,99.056,98.118,97.239,96.418,95.656,95.011,94.249,93.488,92.726,91.905,91.084,90.322,89.443,88.681,87.919,87.275,86.864,86.571,86.337,86.102,85.809,85.692,85.926,87.333,90.909,97.649,107.85,120.39,133.75,146.59,158.08,167.57,174.61,179.24,181.64,182.17,181.47,180,178.07,176.01,174.02,172.26,170.68,169.22,167.87,166.64,165.29,163.88,162.18,160.01,157.38,153.92,149.64,144.42,138.56,132.29,126.25,120.8,116.29,112.77,110.25,108.49,107.44,106.97,106.85,106.91,107.09,107.26,107.26,107.09,106.73,106.15,105.5,104.62,103.57,102.4,101.28,100.11,98.939,97.708,96.711,95.773,95.011,94.191,93.429,92.667,91.964,91.202,90.381,89.56,88.798,87.978,87.216,86.63,86.044,85.575,85.164,84.93,84.696,84.461,84.168,83.934,84.168,85.575,89.033,95.598,105.56,117.93,131.12,143.66,154.74,163.76,170.33,174.43,176.48,176.89,176.07,174.43,172.32,170.09,167.98,165.99,164.06,162.36,160.89,159.37,157.84,156.26,154.27,151.87,148.76,144.72,139.85,134.34,128.42,122.62,117.34,113.06,109.72,107.32,105.68,104.8,104.45,104.51,104.68,104.98,105.21,105.44,105.39,104.98,104.51,103.8,102.87,101.81,100.64,99.407,98.235,97.004,95.715,94.601,93.605,92.667,91.846,91.084,90.498,89.912,89.326,88.681,88.037,87.45,86.864,86.22,85.633,85.047,84.637,84.168,83.758,83.465,83.23,82.937,82.527,82.175,82.175,82.879,85.106,89.971,98.177,109.43,122.38,135.34,147.24,157.32,165.11,170.5,173.49,174.61,174.31,172.91,170.97,168.75,166.52,164.41,162.47,160.72,159.31,158.14,156.97,155.62,153.98,151.87,149.17,145.71,141.37,136.16,130.53,124.85,119.57,114.94,111.31,108.61,106.85,105.74,105.21,105.21,105.5,105.91,106.32,106.62,106.73,106.68,106.38,105.74,104.98,104.16,103.16,102.05,100.93,99.759,98.528,97.356,96.184,95.187,94.367,93.605,92.901,92.315,91.788,91.377,90.85,90.322,89.736,89.209,88.681,88.037,87.333,86.747,86.22,85.751,85.282,84.989,84.813,84.637,84.344,84.168,84.696,86.864,91.788,100.4,112.24,125.9,139.67,152.28,163,171.44,177.36,180.88,182.34,182.23,181.23,179.71,177.89,175.96,174.08,172.38,170.86,169.51,168.16,166.87,165.64,164.17,162.42,160.19,157.38,153.86,149.46,144.19,138.33,132.23,126.55,121.45,117.23,114,111.66,110.19,109.31,108.84,108.79,108.9,109.2,109.25,109.2,108.9,108.55,107.96,107.26,106.38,105.39,104.27,103.1,101.93,100.7,99.466,98.294,97.18,96.184,95.363,94.601,93.898,93.253,92.667,92.198,91.671,91.084,90.498,89.795,89.092,88.447,87.685,86.981,86.395,86.044,85.751,85.458,85.164,84.93,84.813,85.282,87.216,91.729,99.818,111.13,124.44,138.03,150.75,161.71,170.56,176.89,180.7,182.34,182.52,181.58,179.94,178.07,176.13,174.31,172.67,171.21,169.8,168.57,167.28,165.99,164.47,162.77,160.6,157.9,154.44,150.05,144.77,138.85,132.64,126.55,121.09,116.7,113.24,110.72,109.08,108.02,107.55,107.38,107.44,107.55,107.61,107.55,107.38,106.97,106.38,105.62,104.74,103.74,102.63,101.4,100.23,99.056,97.883,96.711,95.715,94.777,94.015,93.253,92.491,91.729,90.967,90.147,89.443,88.623,87.802,87.04,86.337,85.692,85.106,84.696,84.285,83.992,83.758,83.465,83.172,82.996,83.23,84.637,87.919,94.308,103.92,116.05,129.07,141.61,152.75,161.83,168.45,172.61,174.67,175.02,174.08,172.32,170.09,167.81,165.58,163.47,161.65,160.07,158.61,157.32,155.91,154.44,152.63,150.17,147.06,143.13,138.33,132.82,127.01,121.21,116.11,111.77,108.49,106.03,104.51,103.63,103.22,103.28,103.57,103.92,104.16,104.27,104.16,103.92,103.45,102.69,101.75,100.7,99.525,98.352,97.122,95.949,94.836,93.839,92.901,92.198,91.553,90.909,90.322,89.619,88.916,88.095,87.333,86.513,85.751,85.047,84.461,84.051,83.758,83.816,84.285,85.692,88.564,93.546,100.93,110.43,120.92,131.47,141.14,149.29,155.68,160.19,162.83,163.82,163.53,162.42,160.66,158.67,156.55,154.44,152.39,150.28,148.23,145.95,143.19,139.91,135.92,131.23,126.02,120.51,115.17,110.49,106.73,103.86,101.87,100.7,100.11,100.11,100.52,101.17,101.87,102.57,103.04,103.33,103.33,103.1,102.57,101.87,100.93,99.935,98.88,97.825,96.594,95.48,94.425,93.37,92.374,91.377,90.44,89.56,88.74,87.919,87.275,86.688,86.22,85.926,85.633,85.399,85.282,85.223,85.106,84.93,84.696,84.285,83.875,83.406,82.937,82.351,81.941,81.472,81.179,80.944,80.71,80.534,80.475,81.179,83.758,89.854,100.35,114.35,129.83,144.6,157.67,168.63,176.95,182.52,185.57,186.51,185.98,184.57,182.64,180.53,178.53,176.78,175.31,174.02,172.85,171.79,170.8,169.74,168.57,167.05,165.17,162.65,159.37,155.27,150.22,144.48,138.33,131.94,126.02,120.86,116.76,113.65,111.42,110.07,109.25,108.9,108.84,108.96,109.14,109.14,108.96,108.67,108.26,107.61,106.79,105.97,104.98,103.98,102.92,101.87,100.81,99.818,98.939,98.118,97.297,96.477,95.656,94.836,94.015,93.194,92.315,91.495,90.674,89.912,89.209,88.681,88.212,87.978,87.685,87.333,86.981,86.747,86.923,88.154,91.319,97.18,105.97,117.17,129.3,141.26,152.1,161.42,168.69,173.79,176.78,178.18,178.3,177.48,176.13,174.55,172.85,171.27,169.68,168.22,166.81,165.41,163.94,162.24,160.31,157.84,154.86,151.05,146.41,140.91,134.87,128.54,122.62,117.4,113.24,110.13,107.79,106.32,105.56,105.33,105.44,105.68,106.03,106.27,106.32,106.15,105.8,105.15,104.45,103.51,102.4,101.28,100.05,98.88,97.708,96.711,95.715,94.836,94.015,93.136,92.315,91.377,90.44,89.502,88.564,87.685,86.864,86.044,85.399,84.871,84.461,84.109,83.875,83.582,83.347,83.054,82.937,83.347,85.047,89.092,96.535,107.2,119.92,133.23,145.71,156.55,165.11,171.33,175.02,176.54,176.48,175.25,173.26,170.92,168.63,166.52,164.53,162.94,161.54,160.31,159.19,158.02,156.67,154.91,152.69,149.7,145.89,141.26,135.81,129.89,123.79,118.22,113.53,109.84,107.09,105.21,104.04,103.51,103.45,103.63,103.98,104.27,104.51,104.51,104.21,103.74,102.92,101.99,100.93,99.818,98.587,97.415,96.242,95.187,94.191,93.312,92.491,91.788,91.202,90.557,89.912,89.326,88.681,88.095,87.509,86.864,86.278,85.868,85.458,85.164,84.93,84.754,84.403,84.109,83.699,83.289,83.347,84.403,87.275,92.901,101.58,112.6,124.79,136.8,147.76,156.91,163.94,168.69,171.27,171.91,171.21,169.57,167.34,165,162.59,160.36,158.43,156.67,155.09,153.62,152.1,150.34,148.17,145.42,141.84,137.51,132.41,126.9,121.39,116.17,111.77,108.32,105.68,103.86,102.69,102.16,102.1,102.28,102.63,102.92,103.16,103.22,103.1,102.69,102.05,101.22,100.23,99.114,97.942,96.711,95.48,94.367,93.312,92.432,91.671,90.967,90.381,89.795,89.326,88.74,88.212,87.743,87.216,86.806,86.337,85.985,85.692,85.399,85.282,85.164,85.047,84.871,84.637,84.461,84.871,86.571,90.498,97.532,107.85,120.27,133.4,146,157.14,166.17,172.97,177.42,179.77,180.29,179.71,178.24,176.42,174.43,172.5,170.68,169.1,167.69,166.34,165.11,163.88,162.47,160.89,158.78,156.14,152.57,148.11,142.84,136.98,131,125.37,120.51,116.46,113.42,111.25,109.78,109.08,108.73,108.73,108.84,108.96,109.08,108.96,108.79,108.38,107.73,106.91,105.97,104.98,103.92,102.87,101.87,100.87,99.935,99.056,98.177,97.356,96.535,95.715,94.836,93.898,93.077,92.198,91.319,90.498,89.736,89.033,88.564,88.154,87.802,87.509,87.157,86.923,87.216,88.74,92.55,99.466,109.66,121.97,134.99,147.47,158.61,167.87,174.84,179.41,181.88,182.64,182.23,181,179.41,177.6,175.96,174.43,173.08,171.79,170.62,169.39,168.1,166.75,165.17,163.24,160.72,157.55,153.45,148.41,142.66,136.45,130.24,124.49,119.57,115.7,112.71,110.72,109.43,108.79,108.67,108.73,108.9,109.08,109.14,109.08,108.73,108.26,107.61,106.79,105.85,104.86,103.86,102.81,101.81,100.87,99.935,99.114,98.235,97.415,96.535,95.656,94.777,93.839,92.843,91.964,91.084,90.322,89.678,89.092,88.74,88.447,88.154,87.802,87.509,87.626,88.74,91.846,98.059,107.55,119.63,132.82,145.71,157.55,167.57,175.19,180.29,183.11,183.99,183.58,182.23,180.35,178.42,176.42,174.61,172.97,171.5,170.15,168.92,167.69,166.28,164.7,162.65,160.07,156.67,152.39,147.18,141.2,134.69,128.19,122.27,117.23,113.3,110.49,108.67,107.61,107.2,107.09,107.32,107.55,107.73,107.85,107.73,107.44,106.85,106.15,105.21,104.16,103.04,101.87,100.76,99.583,98.587,97.649,96.77,95.949,95.129,94.249,93.37,92.491,91.495,90.498,89.502,88.564,87.685,86.981,86.337,85.868,85.458,85.106,84.813,84.461,84.109,84.051,84.696,86.747,91.26,98.939,109.43,121.68,134.22,146,156.14,164.17,169.86,173.38,174.9,174.84,173.73,171.85,169.68,167.46,165.29,163.35,161.65,160.19,158.72,157.38,155.79,154.03,151.87,149.05,145.36,140.79,135.45,129.48,123.5,117.93,113.24,109.61,106.91,105.09,104.04,103.63,103.63,103.98,104.39,104.74,104.92,104.86,104.57,104.04,103.22,102.28,101.17,99.994,98.763,97.473,96.301,95.246,94.249,93.312,92.491,91.729,91.026,90.381,89.619,88.857,88.095,87.333,86.63,85.926,85.223,84.696,84.109,83.699,83.23,82.996,82.761,82.468,82.234,82.058,82.234,83.289,86.161,91.612,100.17,111.31,123.61,135.86,147,156.26,163.3,168.04,170.62,171.38,170.68,169.04,166.93,164.64,162.36,160.31,158.49,156.85,155.5,154.15,152.75,151.1,148.94,146.12,142.49,137.97,132.76,127.13,121.5,116.35,112.13,108.73,106.27,104.62,103.74,103.51,103.63,104.04,104.57,104.98,105.39,105.5,105.39,105.03,104.45,103.69,102.69,101.63,100.52,99.407,98.411,97.356,96.477,95.656,94.836,94.191,93.429,92.667,91.964,91.26,90.557,89.795,89.033,88.271,87.568,86.923,86.395,85.985,85.692,85.399,85.164,84.93,84.813,85.106,86.63,90.44,97.356,107.73,120.51,133.87,146.53,157.79,166.93,173.61,177.95,180.06,180.47,179.71,178.18,176.31,174.31,172.38,170.62,169.1,167.75,166.4,165.11,163.82,162.3,160.42,158.08,154.97,151.1,146.36,140.85,134.93,128.89,123.38,118.69,115,112.24,110.37,109.2,108.61,108.43,108.55,108.73,108.9,108.96,108.9,108.67,108.2,107.5,106.62,105.62,104.57,103.51,102.4,101.28,100.29,99.349,98.47,97.708,97.004,96.242,95.422,94.601,93.722,92.843,91.964,91.084,90.264,89.56,88.857,88.271,87.919,87.626,87.45,87.157,86.923,86.923,87.685,90.147,95.48,104.21,115.94,129.18,142.43,154.62,165.11,173.44,179.18,182.64,184.04,183.93,182.81,181.06,179.06,177.07,175.19,173.49,171.97,170.62,169.39,168.04,166.69,165.17,163.3,161.01,157.84,153.92,149.05,143.31,136.98,130.53,124.61,119.45,115.29,112.19,110.07,108.67,107.91,107.61,107.55,107.67,107.79,107.79,107.61,107.32,106.73,105.97,105.09,104.1,102.98,101.81,100.7,99.583,98.528,97.532,96.594,95.715,94.836,94.015,93.077,92.139,91.084,90.147,89.15,88.271,87.509,86.747,86.102,85.692,85.282,84.989,84.754,84.461,84.168,84.051,84.285,85.633,88.798,94.836,104.04,115.82,128.66,141.26,152.45,161.65,168.51,172.91,175.08,175.43,174.49,172.79,170.56,168.16,165.93,163.88,162.01,160.36,158.84,157.49,155.91,154.15,151.98,149.17,145.59,141.14,135.92,130.24,124.49,119.1,114.47,110.78,108.14,106.32,105.21,104.74,104.8,105.03,105.39,105.68,105.91,105.97,105.8,105.39,104.74,103.92,102.98,101.93,100.81,99.583,98.47,97.297,96.242,95.305,94.484,93.722,93.077,92.315,91.671,90.909,90.147,89.502,88.74,88.037,87.333,86.688,86.102,85.633,85.223,84.93,84.754,84.637,84.403,84.227,84.344,85.34,88.388,94.308,103.63,115.82,129.24,142.43,154.27,164.06,171.5,176.37,178.95,179.47,178.77,177.07,174.84,172.44,170.04,167.93,166.05,164.29,162.77,161.24,159.78,158.2,156.2,153.68,150.34,146.3,141.37,135.75,129.94,124.38,119.51,115.35,112.24,110.02,108.61,107.79,107.44,107.5,107.73,108.02,108.2,108.2,107.96,107.67,107.03,106.27,105.33,104.27,103.16,101.99,100.76,99.583,98.587,97.649,96.77,96.066,95.363,94.66,94.015,93.253,92.491,91.729,90.967,90.147,89.326,88.505,87.802,87.099,86.513,86.044,85.809,85.633,85.34,85.106,85.106,85.868,88.271,93.488,101.99,113.42,126.43,139.38,151.22,161.48,169.63,175.37,178.77,180.12,180.12,179.12,177.42,175.43,173.38,171.38,169.57,167.81,166.11,164.53,163,161.24,159.19,156.67,153.57,149.76,145.07,139.62,133.75,127.83,122.56,117.99,114.35,111.72,110.07,109.08,108.49,108.43,108.55,108.79,108.9,108.84,108.67,108.43,107.85,107.09,106.15,105.15,104.1,102.98,101.81,100.76,99.7,98.763,97.825,97.004,96.301,95.656,95.011,94.191,93.37,92.55,91.671,90.733,89.795,88.916,88.154,87.509,86.864,86.395,86.161,85.985,85.809,85.633,85.751,86.571,88.916,93.898,102.1,113.18,125.9,138.74,150.64,160.89,169.1,174.9,178.42,179.88,179.77,178.53,176.66,174.37,172.15,169.92,167.98,166.05,164.29,162.53,160.78,158.84,156.61,153.92,150.69,146.59,141.67,136.04,130.18,124.38,119.16,114.88,111.48,109.08,107.5,106.5,106.03,105.97,106.09,106.32,106.44,106.44,106.32,105.97,105.44,104.68,103.8,102.81,101.75,100.52,99.407,98.352,97.356,96.418,95.48,94.66,93.898,93.194,92.315,91.377,90.44,89.56,88.623,87.685,86.806,86.044,85.399,84.871,84.344,83.992,83.758,83.406,83.054,82.82,82.879,83.582,85.868,90.44,98.059,108.55,120.63,132.82,144.13,153.8,161.36,166.52,169.39,170.33,169.86,168.28,165.99,163.41,160.89,158.43,156.14,153.98,152.1,150.22,148.29,145.95,143.02,139.44,135.16,130.18,124.61,119.1,114.06,109.84,106.56,104.1,102.63,101.93,101.93,102.34,102.98,103.8,104.62,105.09,105.21,104.98,104.51,103.63,102.51,101.17,99.818,98.47,97.239,96.008,94.836,93.898,93.136,92.374,91.729,91.377,91.319,91.436,91.671,92.257,93.605,96.184,99.994,105.03,111.01,117.4,123.73,129.53,134.4,138.33,140.91,142.19,141.9,140.32,137.39,133.29,128.19,122.44,116.23,110.07,104.21,99.056,94.836,91.788,89.795,88.74,88.271,88.505,89.092,90.029,91.026,91.964,92.901,93.663,94.308,94.601,94.718,94.66,94.484,94.191,93.605,92.901,92.257,91.495,90.674,89.736,88.74,87.802,86.864,85.926,84.989,84.109,83.347,82.586,81.941,81.237,80.71,80.3,79.831,79.479,79.069,78.717,78.483,78.248,77.897,77.603,77.369,77.135,76.841,76.548,76.373,76.255,76.255,76.197,76.255,76.373,76.431,76.431,76.255,76.021,75.845,75.552,75.024,74.556,74.028,73.618,171.68,170.04,168.69,167.34,165.99,164.53,162.89,160.72,157.9,154.44,150.11,145.13,139.56,133.75,128.07,122.97,118.81,115.53,113.12,111.31,110.19,109.61,109.31,109.08,108.79,108.55,108.26,107.79,107.2,106.44,105.56,104.62,103.57,102.4,101.28,100.17,99.056,97.942,96.711,95.539,94.484,93.546,92.667,91.846,91.202,90.615,90.029,89.443,88.74,88.095,87.509,86.806,86.044,85.34,84.813,84.285,83.875,83.465,83.113,82.879,82.468,82.117,81.648,81.589,82.234,84.285,88.623,95.949,106.03,117.87,129.94,141.14,150.87,158.61,164.23,167.69,169.16,169.16,168.16,166.4,164.35,162.12,160.07,158.2,156.44,154.8,153.33,151.92,150.4,148.64,146.3,143.43,139.79,135.34,130.18,124.49,118.93,113.83,109.43,105.85,103.22,101.46,100.4,99.935,99.876,100.11,100.52,100.99,101.22,101.28,101.22,100.93,100.4,99.759,98.88,98.001,97.004,96.008,95.011,94.132,93.312,92.55,91.788,91.084,90.498,89.795,89.033,88.271,87.626,86.923,86.161,85.399,84.754,84.109,83.582,83.113,82.586,82.234,81.941,81.472,81.237,81.472,82.996,86.688,93.253,102.87,114.65,127.42,139.5,150.05,158.49,164.7,168.57,170.39,170.5,169.45,167.69,165.41,163,160.66,158.61,156.73,155.09,153.62,152.16,150.75,149.11,147,144.3,140.91,136.74,131.76,126.19,120.63,115.41,111.01,107.38,104.62,102.69,101.46,100.81,100.7,100.81,101.17,101.46,101.75,101.87,101.81,101.58,101.05,100.35,99.525,98.645,97.708,96.711,95.715,94.777,94.015,93.194,92.374,91.553,90.791,90.029,89.326,88.623,87.978,87.45,86.864,86.395,86.102,85.868,85.633,85.223,84.871,84.461,84.109,83.934,84.285,85.985,89.912,96.77,106.62,118.52,131.12,143.19,153.68,162.12,168.45,172.56,174.67,175.25,174.61,173.26,171.38,169.39,167.46,165.7,164.12,162.65,161.3,160.07,158.72,157.32,155.5,153.16,150.05,146,141.08,135.45,129.59,123.97,118.98,114.82,111.42,108.79,106.97,105.91,105.5,105.44,105.62,105.85,106.09,106.27,106.32,106.27,105.91,105.5,104.92,104.27,103.63,102.81,101.99,101.17,100.35,99.466,98.47,97.415,96.418,95.363,94.249,93.194,92.198,91.26,90.381,89.56,88.857,88.388,87.978,87.626,87.216,86.923,86.806,87.333,89.502,94.425,102.81,114.3,127.48,140.91,153.57,164.47,173.2,179.3,182.93,184.51,184.63,183.63,181.99,180.18,178.36,176.66,175.19,173.9,172.79,171.79,170.8,169.68,168.51,166.99,165.11,162.53,159.25,155.21,150.11,144.3,137.92,131.53,125.72,120.8,116.82,113.83,111.72,110.49,109.78,109.55,109.61,109.78,109.9,110.02,109.84,109.61,109.25,108.61,107.79,106.91,106.03,105.09,104.16,103.16,102.28,101.4,100.46,99.407,98.294,97.18,96.125,95.011,93.898,92.901,92.139,91.436,90.791,90.381,90.029,89.795,89.502,89.092,88.974,89.736,92.022,96.77,104.62,115.17,127.31,139.62,151.22,161.48,169.74,175.78,179.47,181.35,181.76,181.06,179.71,177.89,175.96,174.14,172.44,170.8,169.22,167.81,166.4,164.88,163.12,161.07,158.49,155.38,151.46,146.53,140.91,134.93,128.89,123.2,118.28,114.41,111.6,109.61,108.26,107.55,107.38,107.44,107.61,107.73,107.79,107.73,107.5,106.91,106.15,105.39,104.45,103.45,102.28,101.22,100.29,99.349,98.411,97.473,96.535,95.656,94.66,93.663,92.667,91.729,90.791,89.912,89.033,88.271,87.743,87.275,86.864,86.571,86.278,85.985,85.751,85.633,86.278,88.681,93.722,102.05,113.36,126.43,139.73,152.04,162.47,170.5,175.84,178.83,179.77,179.06,177.36,175.14,172.73,170.45,168.22,166.34,164.82,163.41,162.06,160.66,159.25,157.49,155.27,152.22,148.41,143.78,138.44,132.47,126.49,120.92,116.29,112.6,109.84,107.91,106.79,106.32,106.27,106.44,106.73,107.09,107.38,107.38,107.09,106.73,106.09,105.39,104.27,103.22,102.1,101.11,100.11,99.173,98.294,97.473,96.77,96.125,95.422,94.777,94.249,93.663,93.136,92.491,91.905,91.436,90.85,90.264,89.736,89.385,89.092,88.916,88.681,88.388,88.212,88.447,89.795,93.253,99.935,110.02,122.5,135.98,149.11,160.95,170.56,177.54,181.88,183.93,184.28,183.46,181.76,179.71,177.54,175.55,173.67,171.85,170.15,168.57,166.99,165.35,163.47,161.3,158.61,155.27,151.1,146.12,140.61,134.87,129.48,124.73,120.74,117.64,115.29,113.71,112.77,112.24,112.01,111.95,111.95,111.72,111.48,111.13,110.66,110.02,109.14,108.14,107.09,106.09,105.09,104.04,103.1,102.28,101.46,100.7,99.876,99.056,98.235,97.356,96.418,95.422,94.484,93.546,92.608,91.671,90.791,90.088,89.619,89.15,88.798,88.564,88.271,88.154,88.564,90.147,94.191,101.46,111.95,124.49,137.86,150.75,162.36,171.85,178.83,183.17,185.33,185.69,184.81,183.11,181.11,179.06,177.13,175.37,173.79,172.5,171.33,170.04,168.75,167.16,165.35,163.06,160.19,156.44,151.81,146.3,140.2,133.87,127.83,122.68,118.52,115.29,113.06,111.54,110.72,110.43,110.49,110.6,110.66,110.72,110.66,110.43,109.9,109.25,108.43,107.55,106.56,105.5,104.45,103.45,102.51,101.63,100.76,99.935,99.173,98.352,97.473,96.535,95.539,94.543,93.605,92.667,91.729,90.909,90.264,89.736,89.385,89.033,88.857,88.623,88.505,88.681,89.795,92.784,98.528,107.38,118.69,131.23,143.72,155.38,165.35,173.2,178.59,181.76,182.87,182.64,181.29,179.41,177.3,175.19,173.14,171.27,169.51,167.87,166.34,164.88,163.24,161.24,158.78,155.73,151.81,147,141.37,135.28,129.24,123.61,118.87,115.12,112.3,110.37,109.25,108.67,108.61,108.79,108.96,109.25,109.31,109.2,108.84,108.32,107.55,106.62,105.56,104.45,103.22,102.1,101.05,99.994,99.056,98.177,97.356,96.594,95.773,94.894,94.015,93.077,92.139,91.26,90.322,89.443,88.681,88.037,87.509,87.04,86.688,86.337,86.102,85.868,85.751,86.161,87.919,91.905,99.056,109.37,121.8,134.87,147.24,158.2,166.99,173.32,177.13,178.83,178.77,177.54,175.55,173.2,170.68,168.28,166.11,164.23,162.47,160.78,159.13,157.38,155.27,152.57,149.23,145.07,140.03,134.52,128.6,123.03,118.1,114.12,111.01,108.79,107.38,106.68,106.44,106.5,106.73,106.97,107.2,107.26,107.03,106.68,106.09,105.33,104.27,103.22,102.1,100.93,99.759,98.587,97.59,96.653,95.773,95.011,94.249,93.488,92.784,92.022,91.319,90.557,89.795,89.033,88.388,87.685,87.099,86.571,86.102,85.751,85.399,85.106,84.813,84.461,84.344,84.871,86.864,91.319,99.056,109.72,122.44,135.57,147.82,158.25,166.34,172.15,175.43,176.66,176.37,174.9,172.85,170.45,168.04,165.76,163.59,161.71,160.07,158.43,156.85,155.09,153.04,150.34,147,142.66,137.62,132.11,126.6,121.5,117.17,113.65,111.01,109.14,107.91,107.44,107.32,107.5,107.79,108.14,108.32,108.32,108.2,107.79,107.26,106.44,105.56,104.51,103.33,102.22,101.11,99.994,98.997,98.059,97.239,96.418,95.656,94.894,94.191,93.429,92.667,91.905,91.26,90.498,89.736,88.974,88.388,87.861,87.45,87.099,86.864,86.688,86.337,86.22,86.747,88.681,93.37,101.58,113.01,126.19,139.67,152.16,162.94,171.44,177.36,180.88,182.29,182.17,181.06,179.24,177.19,175.08,173.08,171.21,169.51,167.93,166.52,165.05,163.47,161.65,159.49,156.67,153.1,148.7,143.43,137.62,131.53,125.84,120.86,116.76,113.59,111.36,110.02,109.25,109.08,109.14,109.31,109.43,109.55,109.49,109.25,108.79,108.2,107.38,106.38,105.39,104.21,103.1,101.99,100.93,99.876,98.939,98.059,97.239,96.418,95.656,94.836,94.132,93.253,92.432,91.553,90.674,89.854,89.092,88.505,87.978,87.626,87.333,87.099,86.806,86.63,86.806,88.095,91.495,98.001,107.85,120.16,133.4,146.41,158.2,167.98,175.43,180.23,182.75,183.46,182.75,181.11,179.06,176.89,174.78,172.85,171.21,169.63,168.22,166.93,165.58,164,162.12,159.84,156.91,153.33,148.76,143.43,137.51,131.29,125.37,120.1,115.94,112.77,110.6,109.25,108.49,108.26,108.38,108.55,108.79,108.9,108.84,108.67,108.2,107.55,106.73,105.8,104.74,103.69,102.63,101.58,100.52,99.583,98.763,97.942,97.122,96.242,95.363,94.484,93.605,92.608,91.671,90.733,89.854,89.092,88.447,87.861,87.509,87.216,87.04,86.806,86.63,86.747,87.861,90.909,96.887,106.09,117.99,131.06,143.84,155.62,165.64,173.32,178.53,181.41,182.34,181.93,180.47,178.48,176.25,174.08,171.91,170.04,168.28,166.75,165.23,163.76,162.01,160.01,157.55,154.44,150.4,145.59,140.03,133.93,127.78,122.03,117.17,113.36,110.54,108.61,107.44,106.91,106.85,106.97,107.32,107.5,107.61,107.55,107.26,106.79,106.09,105.21,104.16,103.04,101.87,100.76,99.583,98.528,97.532,96.594,95.773,94.894,94.132,93.253,92.374,91.436,90.557,89.619,88.74,87.861,87.099,86.513,85.926,85.458,85.106,84.871,84.637,84.285,84.109,84.227,85.282,88.212,94.074,103.16,115.06,128.3,141.32,153.04,162.59,169.74,174.26,176.42,176.72,175.66,173.79,171.5,168.98,166.64,164.35,162.42,160.66,159.02,157.38,155.68,153.68,151.22,148.17,144.42,139.85,134.63,128.95,123.2,117.99,113.53,110.13,107.67,105.97,105.09,104.8,104.86,105.15,105.5,105.85,105.97,105.97,105.8,105.33,104.68,103.8,102.75,101.69,100.46,99.29,98.177,97.063,96.066,95.129,94.191,93.37,92.55,91.846,91.084,90.381,89.619,88.857,88.095,87.45,86.747,86.102,85.575,85.047,84.637,84.285,84.051,83.758,83.465,83.289,83.582,85.164,89.033,96.184,106.62,119.45,133.05,146,157.14,165.87,172.15,175.78,177.3,177.13,175.66,173.49,170.92,168.39,165.93,163.76,161.83,160.07,158.43,156.91,155.27,153.39,150.93,147.88,144.07,139.38,133.99,128.36,122.91,118.1,114.06,110.84,108.55,106.97,106.09,105.74,105.74,105.97,106.32,106.56,106.62,106.5,106.27,105.74,105.09,104.21,103.28,102.28,101.22,100.17,99.114,98.118,97.122,96.242,95.363,94.601,93.839,93.077,92.315,91.553,90.791,90.029,89.326,88.623,87.919,87.275,86.806,86.337,86.102,85.868,85.575,85.223,85.106,85.575,87.626,92.315,100.46,111.77,124.96,138.44,150.87,161.48,169.8,175.55,178.89,180.12,179.77,178.36,176.37,174.2,171.97,169.92,168.04,166.34,164.82,163.41,161.95,160.36,158.49,156.26,153.39,149.76,145.24,139.97,134.28,128.6,123.32,118.75,115,112.19,110.13,108.79,108.14,107.79,107.79,107.91,107.96,107.96,107.85,107.55,107.03,106.38,105.56,104.68,103.74,102.75,101.75,100.76,99.876,98.997,98.177,97.356,96.477,95.598,94.718,93.722,92.784,91.846,90.909,90.029,89.15,88.447,87.802,87.275,86.923,86.688,86.337,86.102,86.044,86.747,89.209,94.601,103.45,115.29,128.89,142.49,154.97,165.58,173.73,179.24,182.23,183.17,182.64,181.11,179.06,176.95,174.78,172.91,171.27,169.68,168.22,166.87,165.46,164,162.24,160.13,157.49,154.09,149.99,144.95,139.21,133.05,126.9,121.39,116.76,113.18,110.54,108.79,107.79,107.38,107.32,107.5,107.67,107.85,107.91,107.79,107.44,106.91,106.27,105.39,104.51,103.51,102.51,101.58,100.64,99.759,98.821,97.883,97.004,96.066,95.07,94.074,92.96,91.964,90.909,89.971,89.033,88.271,87.685,87.157,86.864,86.63,86.337,86.102,86.161,87.099,89.854,95.422,104.45,116.29,129.53,142.66,154.68,164.94,172.79,178.07,180.88,181.7,181.06,179.41,177.3,175.02,172.73,170.68,168.81,167.16,165.64,164.17,162.65,161.07,159.13,156.73,153.74,149.99,145.36,139.91,134.05,128.01,122.44,117.64,113.71,110.78,108.79,107.55,106.85,106.62,106.62,106.79,106.91,106.97,106.91,106.62,106.15,105.56,104.74,103.8,102.87,101.87,100.87,99.935,99.056,98.177,97.297,96.418,95.48,94.543,93.488,92.374,91.319,90.264,89.209,88.271,87.568,86.864,86.278,85.926,85.692,85.399,85.106,84.93,85.047,86.22,89.443,95.656,105.33,117.69,131.06,144.07,155.68,165.17,172.26,176.72,178.95,179.24,178.24,176.31,173.9,171.38,168.86,166.58,164.41,162.47,160.66,158.9,157.14,155.09,152.69,149.76,146.06,141.55,136.27,130.53,124.73,119.34,114.82,111.19,108.49,106.62,105.56,105.03,104.98,105.09,105.44,105.68,105.8,105.8,105.56,105.09,104.51,103.63,102.69,101.63,100.64,99.525,98.528,97.59,96.711,95.832,95.011,94.132,93.312,92.374,91.495,90.615,89.678,88.798,87.919,87.157,86.513,85.868,85.34,84.989,84.696,84.344,84.109,83.934,84.109,85.282,88.564,94.836,104.62,116.99,130.53,143.66,155.38,164.88,171.85,176.25,178.3,178.36,177.13,175.02,172.44,169.8,167.22,164.88,162.77,160.78,158.9,157.14,155.09,152.92,150.22,146.88,142.72,137.86,132.47,126.9,121.62,117.05,113.3,110.43,108.38,107.03,106.38,106.15,106.27,106.44,106.68,106.79,106.79,106.62,106.15,105.62,104.8,103.86,102.87,101.87,100.81,99.818,98.88,98.001,97.122,96.301,95.539,94.777,94.015,93.194,92.315,91.436,90.557,89.619,88.798,87.978,87.216,86.688,86.161,85.809,85.575,85.34,85.164,85.164,85.751,87.978,92.96,101.58,113.36,127.01,140.73,153.45,164.06,172.32,177.83,180.76,181.7,181,179.36,177.13,174.61,172.2,169.92,167.81,165.99,164.23,162.47,160.72,158.84,156.67,153.98,150.64,146.47,141.55,136.04,130.24,124.67,119.75,115.7,112.54,110.25,108.67,107.79,107.44,107.44,107.5,107.61,107.73,107.67,107.44,106.97,106.44,105.62,104.74,103.74,102.69,101.63,100.52,99.466,98.587,97.649,96.887,96.125,95.305,94.484,93.663,92.843,91.964,91.084,90.147,89.326,88.505,87.743,87.04,86.571,86.102,85.868,85.633,85.34,85.223,85.458,86.923,90.557,97.473,107.79,120.63,134.16,147.12,158.55,167.93,174.72,179,181,181.11,179.94,177.89,175.49,172.97,170.62,168.45,166.52,164.76,163.12,161.54,159.95,158.08,155.79,152.92,149.35,144.95,139.67,133.87,127.95,122.33,117.4,113.47,110.54,108.55,107.26,106.56,106.44,106.5,106.68,106.85,107.03,107.03,106.85,106.56,106.03,105.39,132.88,127.13,121.8,117.28,113.59,110.78,108.73,107.38,106.68,106.38,106.32,106.5,106.68,106.79,106.79,106.62,106.32,105.8,105.15,104.39,103.63,102.87,102.1,101.28,100.4,99.583,98.645,97.649,96.594,95.48,94.367,93.253,92.139,91.026,90.088,89.326,88.564,87.978,87.626,87.275,86.981,86.688,86.63,87.275,89.619,94.601,102.92,114.06,126.78,139.62,151.69,162.18,170.56,176.37,179.71,180.94,180.64,179.12,177.01,174.49,172.03,169.63,167.28,165.11,163.12,161.19,159.25,157.08,154.62,151.75,148.23,144.07,139.09,133.7,128.13,122.74,117.99,114.12,111.13,108.9,107.5,106.56,106.03,105.97,106.09,106.27,106.32,106.27,106.09,105.8,105.21,104.57,103.8,102.92,101.99,101.11,100.23,99.407,98.528,97.649,96.711,95.773,94.718,93.663,92.55,91.436,90.44,89.385,88.505,87.743,87.157,86.688,86.278,85.926,85.633,85.282,85.047,85.164,86.278,89.443,95.422,104.57,116.05,128.66,141.14,152.22,161.48,168.39,172.85,175.08,175.43,174.43,172.56,170.27,167.69,165.17,162.77,160.6,158.55,156.55,154.56,152.45,150.05,147.18,143.6,139.32,134.34,129.07,123.61,118.52,114.12,110.6,107.91,105.91,104.68,104.04,103.98,104.1,104.45,104.68,104.92,105.03,104.98,104.62,104.1,103.45,102.63,101.69,100.64,99.583,98.587,97.649,96.711,95.773,95.011,94.191,93.253,92.374,91.436,90.557,89.736,88.798,87.919,87.216,86.688,86.161,85.751,85.34,85.106,84.871,84.461,84.227,84.403,85.868,89.678,96.594,106.91,119.63,133.05,145.71,156.73,165.35,171.56,175.37,176.95,176.78,175.43,173.38,170.92,168.39,165.87,163.59,161.54,159.72,157.9,156.2,154.33,152.1,149.46,146.12,142.02,137.15,131.88,126.37,121.09,116.52,112.89,110.02,107.85,106.5,105.74,105.5,105.56,105.85,106.15,106.44,106.56,106.56,106.27,105.8,105.15,104.45,103.51,102.51,101.58,100.52,99.583,98.645,97.708,96.887,96.008,95.07,94.132,93.194,92.257,91.319,90.44,89.56,88.74,88.095,87.568,87.04,86.747,86.513,86.22,85.985,85.868,86.337,88.505,93.253,101.46,112.77,125.84,139.21,151.51,162.06,170.33,176.01,179.24,180.41,180.06,178.59,176.54,174.26,171.85,169.68,167.69,165.82,164.06,162.42,160.72,159.02,156.97,154.44,151.28,147.35,142.66,137.45,131.82,126.31,121.39,117.11,113.71,111.25,109.43,108.32,107.67,107.44,107.44,107.5,107.61,107.61,107.5,107.26,106.73,106.09,105.39,104.51,103.63,102.75,101.81,100.87,100.05,99.173,98.294,97.415,96.477,95.539,94.543,93.488,92.491,91.495,90.557,89.736,88.974,88.447,87.919,87.626,87.275,86.981,86.747,86.864,87.978,91.202,97.532,107.2,119.22,132.35,145.18,156.79,166.64,174.14,179.06,181.82,182.7,182.23,180.94,179.12,177.07,174.9,172.85,170.97,169.33,167.75,166.23,164.64,162.94,160.95,158.61,155.68,152.04,147.53,142.31,136.51,130.41,124.67,119.69,115.58,112.42,110.19,108.67,107.79,107.44,107.38,107.5,107.67,107.73,107.73,107.61,107.26,106.68,105.91,105.09,104.16,103.22,102.22,101.28,100.35,99.407,98.528,97.59,96.653,95.715,94.718,93.722,92.726,91.788,90.85,90.029,89.326,88.623,88.095,87.743,87.509,87.216,86.981,86.806,86.923,88.154,91.553,98.059,107.85,120.04,133.11,145.83,157.38,167.05,174.37,179.18,181.76,182.4,181.76,180.18,178.18,176.01,173.79,171.74,169.8,168.04,166.34,164.76,163.12,161.3,159.25,156.61,153.39,149.35,144.48,138.91,132.88,126.78,121.33,116.7,113.01,110.25,108.38,107.2,106.62,106.5,106.68,107.03,107.38,107.61,107.61,107.44,106.97,106.38,105.5,104.57,103.51,102.34,101.28,100.23,99.29,98.352,97.473,96.594,95.715,94.836,93.898,92.96,91.964,91.026,90.147,89.385,88.623,87.978,87.509,87.157,86.923,86.747,86.571,86.337,86.395,87.333,90.147,95.949,105.09,116.93,129.94,142.78,154.56,164.53,172.32,177.6,180.53,181.58,181.06,179.53,177.48,175.19,172.85,170.56,168.45,166.4,164.53,162.59,160.66,158.55,156.2,153.33,149.87,145.59,140.61,135.04,129.18,123.5,118.52,114.35,111.19,108.84,107.32,106.32,105.85,105.74,105.8,105.97,106.09,106.09,105.97,105.68,105.09,104.45,103.57,102.63,101.63,100.64,99.525,98.587,97.649,96.887,96.066,95.246,94.425,93.546,92.726,91.846,90.967,90.029,89.15,88.271,87.509,86.806,86.161,85.692,85.282,84.989,84.754,84.461,84.168,84.051,84.696,86.864,91.612,99.7,110.6,123.38,136.27,148.35,158.61,166.64,172.15,175.25,176.31,175.78,174.26,171.97,169.51,166.93,164.53,162.3,160.31,158.43,156.67,154.86,152.86,150.58,147.59,143.84,139.32,134.11,128.48,122.91,117.87,113.53,110.13,107.5,105.62,104.57,104.1,104.04,104.21,104.51,104.74,104.92,104.92,104.74,104.39,103.8,103.04,102.1,101.11,100.11,98.997,97.942,96.887,95.949,95.011,94.132,93.312,92.55,91.788,91.026,90.322,89.56,88.798,88.095,87.45,86.806,86.161,85.633,85.164,84.813,84.52,84.285,83.992,83.699,83.465,83.875,85.575,89.678,97.122,107.67,120.39,133.4,145.71,156.44,165,171.27,175.19,177.07,177.25,176.25,174.37,172.03,169.57,167.11,164.88,162.83,160.95,159.19,157.49,155.73,153.74,151.22,148.17,144.3,139.62,134.28,128.71,123.32,118.52,114.47,111.31,108.96,107.38,106.44,106.03,106.03,106.27,106.5,106.73,106.85,106.85,106.62,106.15,105.56,104.74,103.8,102.81,101.75,100.64,99.525,98.528,97.532,96.653,95.832,95.07,94.249,93.429,92.608,91.788,90.909,90.088,89.385,88.681,87.978,87.333,86.923,86.571,86.278,86.044,85.809,85.575,85.575,86.63,89.619,95.715,105.39,117.69,131.06,144.13,155.79,165.41,172.67,177.42,179.94,180.53,179.88,178.24,176.19,173.9,171.74,169.8,167.98,166.28,164.7,163.12,161.48,159.66,157.61,154.97,151.81,147.88,143.13,137.68,131.94,126.25,121.15,116.87,113.42,110.9,109.2,108.02,107.5,107.32,107.38,107.55,107.61,107.61,107.44,107.09,106.62,105.91,105.09,104.21,103.22,102.22,101.22,100.29,99.349,98.47,97.59,96.77,96.008,95.129,94.249,93.37,92.491,91.553,90.733,89.854,89.092,88.447,87.802,87.275,86.981,86.688,86.337,86.044,85.926,86.571,88.974,94.308,103.22,115.23,128.71,142.25,154.62,165.11,173.32,178.89,181.93,182.99,182.64,181.17,179.18,176.95,174.67,172.56,170.62,168.81,167.11,165.46,163.88,162.18,160.19,157.84,154.91,151.34,146.94,141.73,135.98,130.18,124.67,119.86,115.94,112.95,110.72,109.25,108.38,107.96,107.91,107.96,108.02,108.02,107.85,107.55,107.09,106.5,105.74,104.8,103.86,102.81,101.75,100.76,99.876,98.997,98.177,97.297,96.477,95.656,94.777,94.015,93.077,92.198,91.26,90.322,89.443,88.623,87.919,87.275,86.864,86.571,86.278,85.985,85.751,85.868,86.923,89.971,96.066,105.62,117.75,131.06,144.01,155.79,165.64,173.08,177.95,180.41,181,180.12,178.36,176.13,173.67,171.38,169.16,167.16,165.35,163.59,161.89,160.13,158.14,155.79,152.92,149.35,145.01,139.91,134.28,128.6,123.26,118.52,114.59,111.6,109.37,107.79,106.85,106.38,106.27,106.27,106.38,106.38,106.32,106.09,105.74,105.15,104.45,103.57,102.63,101.58,100.4,99.349,98.294,97.297,96.36,95.539,94.777,94.132,93.37,92.608,91.788,90.967,90.029,89.092,88.212,87.333,86.63,85.926,85.282,84.813,84.461,84.168,83.992,83.816,83.582,83.816,84.989,88.388,94.836,104.8,117.34,130.88,143.78,155.09,164.23,170.8,174.78,176.54,176.54,175.31,173.2,170.74,168.16,165.76,163.53,161.54,159.66,157.9,156.14,154.15,151.98,149.29,146,141.9,137.04,131.59,126.08,120.68,116.05,112.19,109.2,106.97,105.56,104.74,104.39,104.39,104.57,104.8,105.03,105.15,105.03,104.8,104.27,103.63,102.81,101.81,100.81,99.759,98.645,97.649,96.711,95.773,95.011,94.191,93.37,92.608,91.788,90.967,90.147,89.326,88.564,87.802,87.04,86.337,85.751,85.164,84.754,84.403,84.109,83.875,83.523,83.289,83.406,84.637,87.861,94.132,103.63,115.53,128.54,141.2,152.39,161.42,168.16,172.44,174.43,174.72,173.61,171.68,169.33,166.69,164.12,161.71,159.54,157.55,155.68,153.74,151.75,149.4,146.59,143.19,138.97,134.11,128.77,123.44,118.4,114.12,110.6,107.91,105.97,104.8,104.21,104.04,104.21,104.57,104.92,105.15,105.39,105.33,105.03,104.57,103.92,103.1,102.16,101.17,100.11,99.056,98.001,97.063,96.184,95.363,94.543,93.722,92.96,92.198,91.377,90.615,89.795,88.974,88.271,87.568,86.923,86.337,85.926,85.633,85.34,85.164,84.871,84.696,84.871,86.278,90.264,97.532,108.38,121.45,135.1,148.06,159.37,168.39,174.84,178.83,180.53,180.53,179.36,177.42,175.08,172.61,170.27,167.98,165.99,164.17,162.42,160.72,159.02,156.97,154.56,151.63,147.88,143.37,138.15,132.64,127.07,121.91,117.58,114,111.31,109.37,108.2,107.55,107.32,107.32,107.44,107.5,107.55,107.44,107.09,106.68,106.03,105.33,104.39,103.33,102.28,101.28,100.23,99.29,98.352,97.532,96.653,95.832,95.07,94.249,93.429,92.55,91.671,90.85,89.971,89.092,88.388,87.626,87.04,86.63,86.278,85.985,85.751,85.458,85.399,86.22,88.74,94.191,103.1,115,128.36,141.67,153.92,164.35,172.44,177.95,181,182.05,181.64,180.12,178.12,175.84,173.67,171.56,169.68,167.98,166.34,164.88,163.41,161.83,159.95,157.67,154.8,151.16,146.77,141.49,135.63,129.48,123.73,118.69,114.59,111.54,109.37,107.91,107.09,106.85,106.85,107.03,107.26,107.38,107.32,107.09,106.73,106.15,105.44,104.57,103.63,102.63,101.63,100.64,99.583,98.763,97.883,97.063,96.242,95.363,94.484,93.546,92.608,91.612,90.674,89.736,88.798,88.037,87.333,86.806,86.337,86.102,85.868,85.692,85.458,85.751,87.099,90.615,97.239,107.32,119.75,133.11,146.12,157.79,167.57,174.72,179.41,181.76,182.11,181.11,179.3,176.95,174.49,172.15,169.92,167.93,166.11,164.35,162.65,160.89,158.84,156.5,153.62,150.05,145.65,140.5,134.69,128.6,122.74,117.58,113.36,110.19,107.91,106.5,105.74,105.5,105.56,105.8,106.09,106.38,106.44,106.32,105.91,105.39,104.62,103.69,102.69,101.58,100.35,99.232,98.177,97.18,96.242,95.363,94.601,93.781,93.077,92.198,91.377,90.44,89.502,88.623,87.743,86.923,86.161,85.575,84.989,84.637,84.285,84.109,83.934,83.758,83.582,84.168,86.044,90.498,98.118,108.84,121.56,134.63,146.88,157.38,165.76,171.56,174.9,176.25,175.84,174.37,172.15,169.57,166.87,164.35,162.01,159.84,157.9,156.03,154.09,152.04,149.64,146.65,143.02,138.56,133.4,127.83,122.38,117.28,113.06,109.66,107.2,105.44,104.45,103.98,103.98,104.21,104.57,104.92,105.09,105.09,104.98,104.62,104.04,103.22,102.28,101.28,100.17,99.056,97.883,96.653,95.598,94.601,93.722,92.901,92.198,91.495,90.733,90.029,89.385,88.681,87.919,87.216,86.63,85.985,85.34,84.813,84.344,84.051,83.758,83.465,83.289,83.113,82.996,83.406,85.164,89.502,97.18,108.14,121.15,134.69,147.24,158.02,166.4,172.32,175.72,177.13,176.78,175.31,173.2,170.68,168.1,165.64,163.3,161.19,159.31,157.49,155.68,153.68,151.46,148.53,145.07,140.79,135.86,130.47,125.08,119.98,115.7,112.19,109.43,107.55,106.44,105.91,105.74,105.8,106.03,106.38,106.56,106.56,106.38,106.03,105.5,104.74,103.86,102.87,101.87,100.76,99.525,98.352,97.297,96.301,95.363,94.484,93.722,93.136,92.491,91.729,91.084,90.44,89.795,89.092,88.447,87.743,87.099,86.513,85.926,85.458,85.223,85.106,84.93,84.696,84.461,84.754,86.22,90.029,97.356,108.2,121.21,134.93,147.76,158.9,168.04,174.55,178.48,180.29,180.41,179.41,177.6,175.37,173.14,170.97,168.98,167.11,165.29,163.53,161.89,160.13,158.14,155.73,152.92,149.4,145.01,139.85,134.16,128.48,123.09,118.34,114.47,111.54,109.49,108.14,107.38,107.09,107.26,107.5,107.67,107.73,107.67,107.5,107.03,106.44,105.62,104.74,103.8,102.69,101.46,100.35,99.232,98.177,97.18,96.242,95.48,94.777,94.132,93.429,92.784,92.198,91.495,90.674,89.795,89.033,88.271,87.568,86.806,86.22,85.809,85.575,85.282,85.047,84.813,84.813,85.399,87.568,92.432,100.93,112.6,126.02,139.56,152.04,162.83,171.21,176.95,180.29,181.58,181.29,180,178.07,175.84,173.67,171.5,169.51,167.69,166.05,164.47,162.94,161.19,159.19,156.85,153.92,150.22,145.83,140.61,134.81,128.77,123.2,118.28,114.35,111.36,109.25,107.79,107.09,106.85,106.91,107.09,107.32,107.44,107.44,107.2,106.73,106.15,105.44,104.51,103.45,102.28,101.17,99.994,98.821,97.649,96.653,95.773,94.894,94.191,93.546,92.96,92.374,91.729,91.026,90.44,89.678,88.857,87.978,87.216,86.571,85.926,85.399,85.106,84.93,84.754,84.52,84.285,84.227,84.989,87.333,92.432,100.99,112.6,125.84,139.09,151.22,161.6,169.74,175.43,178.53,179.77,179.41,178.07,176.01,173.61,171.27,168.98,166.93,164.94,163.12,161.36,159.6,157.61,155.38,152.75,149.46,145.48,140.67,135.16,129.36,123.79,118.75,114.47,111.19,108.79,107.26,106.32,105.91,105.91,106.09,106.38,106.44,106.44,106.38,105.97,105.44,104.68,103.8,102.87,101.81,100.64,99.407,98.235,97.122,96.008,94.894,94.074,93.312,92.608,91.964,91.377,90.791,90.147,89.502,88.74,87.978,87.216,86.571,85.868,85.164,84.52,84.051,83.699,83.347,83.113,82.937,82.761,82.586,82.996,84.637,88.564,95.715,106.03,118.63,131.82,144.3,155.27,163.94,170.27,174.08,175.66,175.55,174.08,171.85,169.33,166.64,164,161.48,159.31,157.32,155.32,153.21,151.16,148.88,146.06,142.49,138.15,133.23,127.95,122.5,117.46,113.24,109.9,107.44,105.74,104.62,104.16,104.1,104.39,104.62,104.86,105.09,105.15,104.98,104.57,103.92,103.16,102.22,101.22,100.11,98.939,97.825,96.653,95.539,94.484,93.605,92.784,92.139,91.377,90.674,90.029,89.443,88.74,88.037,87.45,86.806,86.102,85.399,84.813,84.285,83.875,83.406,83.054,82.82,82.586,82.351,82.175,82.41,83.934,87.685,94.425,104.45,116.76,129.89,142.49,153.33,161.95,167.98,171.79,173.38,173.26,171.85,169.8,167.28,164.7,162.06,159.6,157.49,155.5,153.62,151.75,149.76,147.47,144.72,141.2,136.8,131.88,126.43,120.98,115.94,111.66,108.38,105.91,104.27,103.28,102.98,103.1,103.51,103.92,104.39,104.68,104.92,104.92,104.62,104.04,103.33,102.57,101.58,100.4,99.232,98.118,97.004,95.832,94.718,93.781,93.077,92.315,91.612,90.909,90.264,89.619,89.033,88.388,87.685,87.04,86.513,85.926,85.282,84.813,84.403,84.168,83.992,83.758,83.465,83.347,83.758,85.282,89.326,96.711,107.61,120.68,134.22,146.94,157.9,166.69,172.85,176.54,178.12,178.12,176.95,174.9,172.56,170.15,167.93,165.82,163.82,162.01,160.31,158.67,156.85,154.86,152.39,149.4,145.65,141.08,135.81,130.24,124.73,119.8,115.58,112.24,109.78,108.2,107.26,106.73,106.62,106.73,107.03,107.2,107.2,107.03,106.79,106.38,105.68,104.8,103.86,102.87,101.81,100.64,99.525,98.528,97.59,96.653,95.832,95.129,94.425,93.663,92.901,92.198,91.436,90.674,89.854,88.974,88.154,87.509,86.864,86.278,85.809,85.575,85.34,85.106,84.813,84.754,85.399,87.685,92.667,101.05,112.6,125.78,138.97,151.05,161.36,169.57,175.25,178.53,179.88,179.77,178.65,176.95,174.78,172.67,170.68,168.75,166.93,165.17,163.59,162.06,160.36,158.37,156.03,153.16,149.58,145.18,139.97,134.28,128.48,122.97,118.16,114.3,111.36,109.31,107.91,107.2,106.91,106.97,107.09,107.32,107.38,107.32,107.09,106.68,106.03,105.33,104.45,103.45,102.34,101.22,100.17,99.173,98.177,97.297,96.477,95.715,95.011,94.249,93.488,92.726,91.846,90.909,90.029,89.15,88.388,87.626,86.923,86.395,86.044,85.809,85.458,85.223,85.106,85.282,86.571,89.736,96.125,105.91,118.28,131.7,144.54,156.2,165.76,172.91,177.54,179.94,180.47,179.71,178.01,175.84,173.67,171.5,169.45,167.52,165.82,164.17,162.53,160.72,158.78,156.61,153.92,150.52,146.3,141.37,135.75,129.71,123.91,118.81,114.59,111.42,109.08,107.44,106.56,106.27,106.27,106.32,106.5,106.68,106.73,106.56,106.15,105.62,104.92,104.04,102.98,101.93,100.87,99.818,98.763,97.708,96.887,96.125,95.305,94.484,93.663,92.843,91.964,91.026,90.088,89.209,88.388,87.568,86.747,86.102,85.575,85.164,84.871,84.637,84.403,84.227,84.227,84.754,86.688,91.084,98.763,109.43,122.03,135.1,147.24,157.67,165.87,171.62,175.02,176.25,175.84,174.43,172.38,169.92,167.46,165,162.77,160.66,158.67,156.73,154.8,152.8,150.4,147.53,143.95,139.62,134.58,129.07,123.5,118.28,114,110.49,107.85,106.03,104.92,104.51,104.45,104.57,104.86,105.15,105.39,105.39,105.15,104.8,104.21,103.51,102.57,101.46,100.4,99.349,98.294,97.239,96.301,95.422,94.543,93.722,92.901,92.198,91.436,90.615,89.736,88.916,88.154,87.509,86.747,86.102,85.575,85.106,84.813,84.461,84.285,84.168,83.992,83.934,84.344,86.278,90.733,98.528,109.61,122.68,136.16,148.7,159.31,167.52,173.26,176.54,177.71,177.25,175.6,173.32,170.74,168.1,165.46,163.18,161.13,159.31,157.55,155.73,153.8,151.63,148.88,145.36,141.14,136.04,130.53,124.96,119.8,115.47,112.07,109.43,107.5,106.38,105.8,105.74,105.85,106.09,106.38,106.62,106.68,106.5,106.03,105.56,104.8,103.92,102.87,101.81,100.81,99.759,98.645,97.649,96.77,96.066,95.246,94.425,93.722,92.96,92.257,91.436,90.557,89.795,89.033,88.271,87.568,86.864,86.337,85.985,85.751,85.575,85.34,85.164,85.164,85.868,88.212,93.546,102.51,114.35,127.78,141.26,153.51,163.82,171.62,176.89,179.77,180.7,180.12,178.53,176.42,174.2,171.91,169.8,167.81,166.05,164.41,162.94,161.3,159.54,157.55,155.21,152.16,148.35,143.72,138.38,132.7,126.84,121.56,117.11,113.59,111.01,109.14,107.91,107.38,107.32,107.38,107.5,107.61,107.73,107.67,107.38,106.85,106.15,105.5,104.62,103.63,102.63,101.63,100.64,99.7,98.763,97.883,97.122,96.301,95.422,94.484,93.546,92.667,91.729,90.733,89.795,88.974,88.271,87.685,87.157,86.864,86.688,86.571,86.278,86.161,86.63,88.564,93.077,100.87,111.83,124.9,138.38,150.93,161.83,170.5,176.66,180.35,181.88,181.76,180.47,178.65,176.48,174.26,172.15,170.15,168.51,166.81,165.17,163.53,161.95,160.13,157.84,155.03,151.57,147.29,142.14,136.27,130.24,124.55,119.63,115.53,112.36,110.13,108.67,107.91,107.61,107.55,107.73,107.96,108.14,108.02,107.79,107.44,106.91,106.15,105.21,104.16,103.22,102.22,101.28,100.29,99.407,98.645,97.883,97.004,96.125,95.187,94.249,93.253,92.198,91.202,90.264,89.385,88.623,87.861,87.333,87.04,86.806,86.63,86.278,86.102,86.571,88.154,92.139,99.173,109.66,122.5,135.92,148.76,160.01,169.22,176.01,180.06,181.88,181.82,180.64,178.59,176.19,173.67,171.33,169.22,167.46,165.7,164.06,162.47,160.78,158.9,156.55,153.62,150.05,145.65,140.5,134.75,128.77,123.32,118.57,114.65,111.6,109.49,108.14,107.44,107.03,106.97,107.09,107.32,107.38,107.26,106.91,106.44,105.85,105.09,104.16,103.16,102.16,101.17,100.23,99.29,98.411,97.59,96.887,96.008,95.07,94.132,93.194,92.198,91.202,90.088,89.15,88.388,87.626,86.981,86.513,86.044,85.809,85.575,85.223,84.989,84.989,85.926,88.623,94.132,102.92,114.53,127.66,140.61,152.39,162.18,169.63,174.55,177.07,177.6,176.78,175.08,172.79,170.27,167.69,165.29,163.18,161.3,159.49,157.73,155.85,153.86,151.46,148.41,144.6,140.03,134.81,129.12,123.44,118.16,113.71,110.31,107.79,106.09,105.09,104.74,104.8,105.03,105.39,105.68,105.8,105.85,105.62,105.15,104.51,103.63,102.69,101.69,100.52,99.466,98.47,97.532,96.653,95.715,94.894,94.132,93.312,92.432,91.612,90.733,89.854,89.033,88.212,87.568,86.864,86.278,85.809,85.399,85.164,84.93,84.754,84.461,84.344,84.871,86.688,90.909,98.411,109.14,121.91,135.16,147.47,158.08,166.28,172.2,175.6,176.95,176.6,175.19,173.14,170.68,168.16,165.82,163.59,161.65,159.84,158.2,156.44,154.56,152.45,149.76,146.3,142.14,137.1,131.59,126.02,120.8,116.29,112.6,109.84,107.85,106.68,106.09,105.97,106.09,106.44,106.73,106.97,107.09,106.97,106.68,106.09,105.44,104.57,103.57,102.57,101.46,100.46,99.407,98.411,97.532,96.653,95.949,95.187,94.367,93.546,92.726,91.846,91.026,90.264,89.443,88.681,87.978,87.45,86.923,86.63,86.337,86.102,85.868,85.633,85.809,87.157,90.85,98.001,108.61,121.68,135.57,148.82,160.36,169.74,176.48,180.7,182.58,182.64,181.41,179.47,177.13,174.72,172.5,170.45,168.63,166.93,165.35,163.94,162.47,160.78,158.72,156.2,152.92,148.82,143.84,138.15,132.17,126.43,121.33,117.05,113.65,111.25,109.61,108.67,108.26,108.2,108.32,108.43,108.49,108.49,108.32,107.91,107.38,106.62,105.74,104.86,103.86,102.87,101.87,100.93,99.994,99.114,98.294,97.415,96.594,95.715,94.836,93.898,92.96,92.022,91.202,90.264,89.443,88.74,88.154,87.743,87.45,87.157,86.923,86.688,86.688,87.743,90.791,97.004,106.62,118.93,132.35,145.48,157.26,167.05,174.49,179.36,181.93,182.64,181.88,180.29,178.18,176.01,173.85,171.91,170.15,168.57,167.05,165.64,164.17,162.53,160.66,158.25,155.27,151.46,146.83,141.37,135.34,129.3,123.67,118.81,115,112.07,110.02,108.73,108.02,107.79,107.85,107.96,108.14,108.2,108.14,107.79,107.38,106.73,105.91,105.03,104.1,103.1,102.16,101.22,100.35,99.466,98.587,97.708,96.887,96.008,95.129,94.132,93.136,92.139,91.084,90.147,89.326,88.505,87.861,87.45,87.099,86.864,86.63,86.337,86.278,86.923,89.092,94.074,102.4,113.94,127.25,140.79,153.39,164.12,172.56,178.36,181.7,182.93,182.58,181.06,178.95,176.6,174.2,171.91,169.86,167.98,166.28,164.7,163.06,161.36,159.37,156.97,154.03,150.28,145.71,140.32,134.34,128.3,122.68,117.81,113.94,111.01,108.9,107.61,106.97,106.79,106.85,107.09,107.26,107.32,107.26,106.91,106.5,105.85,105.03,104.1,103.04,101.99,100.93,99.935,98.997,98.118,97.297,96.477,95.656,94.777,93.839,92.901,91.846,90.85,89.854,88.916,88.095,87.333,86.806,86.278,85.926,85.633,85.282,85.047,84.813,84.93,85.985,88.916,94.777,103.98,115.88,128.89,141.67,153.21,162.83,169.92,174.49,176.72,177.19,176.25,174.31,171.91,169.33,166.75,164.29,162.18,160.19,158.37,156.55,154.74,152.75,150.22,147.18,143.31,138.62,133.23,127.54,121.97,116.99,112.89,109.66,107.38,105.8,104.98,104.68,104.68,104.86,105.15,105.44,105.5,105.44,105.09,104.68,103.92,103.1,102.1,101.05,99.994,98.88,97.825,96.711,95.773,94.894,94.132,93.37,92.608,91.905,91.202,90.44,89.678,88.974,88.271,87.685,87.04,86.513,85.926,85.458,85.164,84.871,84.696,84.403,84.227,84.168,84.813,86.923,91.788,100.05,111.54,124.79,138.33,150.64,161.01,169.04,174.55,177.66,178.65,178.18,176.54,174.31,171.74,169.16,166.81,164.64,162.59,160.78,159.13,157.43,155.62,153.45,150.69,147.24,143.02,137.92,132.29,126.66,121.45,116.87,113.24,110.43,108.38,107.09,106.44,106.27,106.44,106.68,106.97,107.09,107.2,106.91,106.56,105.91,105.15,104.27,103.33,102.28,101.17,100.05,98.997,97.942,97.004,96.125,95.305,94.484,93.781,93.136,92.432,91.729,91.026,90.322,89.56,88.857,88.095,87.45,86.806,86.278,85.926,85.751,85.575,85.399,85.164,85.047,85.633,87.685,92.491,100.93,112.6,126.31,140.26,153.1,164.12,172.67,178.53,181.82,182.93,182.4,180.88,178.77,176.37,174.08,171.91,169.98,168.22,166.64,165.05,163.53,162.01,160.13,157.9,155.09,151.63,147.29,142.19,136.45,130.47,124.73,119.69,115.58,112.48,110.31,108.79,108.02,107.73,107.73,107.85,108.02,108.2,108.2,107.91,107.55,106.91,106.15,105.33,104.39,103.28,102.16,101.11,99.994,98.997,98.001,97.063,96.242,95.48,94.777,94.074,93.312,92.55,91.788,90.967,90.264,89.443,88.623,87.861,87.216,86.688,86.278,86.044,85.868,85.633,85.34,85.399,86.513,89.56,95.832,105.8,118.57,132.47,146,158.08,167.98,175.49,180.35,182.81,183.28,182.52,180.88,178.77,176.54,174.49,172.67,171.03,169.57,168.1,166.69,165.23,163.71,161.89,159.6,156.79,153.33,148.88,143.6,137.62,131.41,125.37,120.04,115.7,112.3,109.9,108.43,107.55,107.26,107.26,107.44,107.67,107.79,107.79,107.67,107.32,106.73,106.03,105.15,104.16,103.04,101.93,100.76,99.583,98.47,97.415,96.477,95.656,94.894,94.249,93.605,92.901,92.315,91.553,90.791,90.029,89.209,88.447,87.685,86.923,86.337,85.868,85.575,85.282,85.106,84.871,84.696,84.93,86.161,89.619,96.301,106.5,119.22,132.93,145.95,157.55,167.11,174.26,178.83,181.06,181.47,180.64,178.95,176.78,174.55,172.44,170.45,168.63,166.93,165.41,163.94,162.42,160.66,158.61,156.14,152.98,149.05,144.25,138.68,132.64,126.6,121.04,116.35,112.65,109.9,108.02,106.85,106.27,106.09,106.15,106.38,106.56,106.62,106.5,106.27,105.8,105.09,104.27,103.33,102.34,101.22,100.11,98.939,97.649,96.535,95.422,94.425,93.546,92.726,92.022,91.436,90.85,90.322,89.736,89.033,88.388,87.685,86.981,86.278,85.692,85.106,84.52,84.168,83.875,83.699,83.465,83.23,83.113,83.23,84.344,87.333,93.546,103.33,115.99,129.59,142.72,154.39,163.82,170.8,175.31,177.54,178.01,177.07,175.19,172.85,170.33,167.87,165.58,163.47,161.6,159.84,158.25,156.55,154.74,152.45,149.64,146.06,141.61,136.45,130.82,125.14,119.8,115.23,111.6,108.84,106.97,105.8,105.21,105.03,105.15,105.39,105.62,105.8,105.74,105.5,105.03,104.45,103.69,102.81,101.81,100.76,99.583,98.411,97.297,96.125,95.011,94.015,93.077,92.315,91.612,90.967,90.44,89.912,89.443,88.916,88.388,87.861,87.275,86.747,86.161,85.633,85.047,84.52,84.168,83.875,83.699,83.465,83.23,83.054,83.289,84.696,88.447,95.48,105.91,118.69,132.05,144.66,155.68,164.41,170.86,174.84,176.78,177.01,176.07,174.26,172.03,169.68,167.34,165.11,163.12,161.19,159.43,157.67,155.91,153.92,151.51,148.41,144.6,139.97,134.75,129.12,123.61,118.69,114.53,111.25,108.84,107.26,106.38,106.03,105.97,106.15,106.5,106.68,106.79,106.68,106.44,105.97,105.39,104.57,103.63,102.57,101.4,100.29,99.173,98.059,96.946,95.949,95.07,94.249,93.488,92.784,92.198,91.553,90.909,90.322,89.678,88.974,88.271,87.626,86.864,86.161,85.575,85.047,84.754,84.461,84.285,84.109,83.934,83.875,84.696,87.157,92.608,101.58,113.42,126.72,139.97,151.98,162.24,170.15,175.72,178.95,180.18,179.94,178.65,176.72,174.55,172.32,170.09,168.1,166.28,164.64,163,161.36,159.66,157.79,155.5,152.57,148.94,144.42,139.09,133.29,127.37,121.86,117.17,113.42,110.6,108.55,107.32,106.68,106.44,106.56,106.73,106.97,107.03,107.03,106.79,106.44,105.85,105.09,104.21,103.28,102.16,101.11,99.994,98.88,97.825,96.77,95.949,95.129,94.425,93.722,93.077,92.315,91.612,90.791,89.971,89.15,88.388,87.626,86.923,86.278,85.809,85.458,85.223,84.989,84.754,84.52,84.637,85.633,88.388,94.132,103.22,115.17,128.36,141.32,153.04,162.89,170.45,175.49,178.36,179.36,179,177.6,175.6,173.49,171.33,169.22,167.34,165.64,164,162.36,160.66,158.84,156.73,154.15,150.99,147.12,142.43,136.98,131.18,125.43,120.1,115.58,112.07,109.37,107.55,106.44,105.85,105.74,105.8,105.97,106.15,106.27,106.15,105.91,105.5,104.92,104.1,103.16,102.16,101.05,99.994,98.88,97.883,96.887,95.949,95.129,94.367,93.605,92.843,92.022,91.202,90.322,89.385,88.505,87.626,86.864,86.161,85.575,85.106,84.813,84.637,84.403,84.168,83.992,83.992,84.813,87.216,92.491,101.11,112.71,125.9,139.09,151.16,161.24,168.92,174.2,177.07,177.95,177.36,175.72,173.55,171.21,168.75,166.4,164.29,162.36,160.54,158.84,157.14,155.32,153.16,150.58,147.29,143.19,138.33,132.76,127.01,121.39,116.41,112.36,109.31,107.09,105.68,104.92,104.68,104.8,105.09,105.44,105.74,105.8,105.68,105.33,104.74,103.98,103.04,102.05,100.99,99.876,98.763,97.59,96.594,95.656,94.777,94.015,93.194,92.432,91.612,90.791,89.971,89.092,88.212,87.333,86.63,85.926,85.282,84.754,84.344,84.109,83.934,83.699,83.406,83.23,83.406,84.637,87.919,94.308,104.1,116.35,129.53,142.25,153.45,162.42,168.98,173.2,175.14,175.37,174.26,172.32,169.92,167.52,165.11,162.89,160.95,159.13,157.49,155.85,154.27,152.45,150.17,147.29,143.66,139.21,133.99,128.42,122.85,117.75,113.47,110.07,107.55,105.85,104.92,104.51,104.51,104.8,105.21,105.56,105.8,105.85,105.68,105.33,104.68,103.8,102.87,101.87,100.81,99.7,98.528,97.532,96.594,95.656,94.777,94.015,93.253,92.432,91.612,90.791,90.088,89.443,88.681,87.919,87.275,86.806,86.337,85.926,85.692,85.575,85.34,85.164,84.989,85.399,87.216,91.553,99.173,110.19,123.32,136.98,149.7,160.6,169.16,175.31,178.95,180.41,180.23,179,177.13,174.84,172.5,170.27,168.22,166.34,164.7,163.06,161.54,159.95,158.14,155.85,152.98,149.4,145.07,139.85,134.11,128.19,122.68,117.87,114.06,111.07,109.08,107.79,107.26,107.09,107.2,107.44,107.73,107.91,107.91,107.73,107.32,106.73,105.91,104.98,103.92,102.87,101.87,100.81,99.818,98.88,98.001,97.239,96.418,95.598,94.718,93.898,93.077,92.139,91.202,90.322,89.502,88.681,87.978,87.45,86.981,86.747,86.571,86.278,86.044,86.102,87.099,90.029,96.125,105.62,117.87,131.29,144.48,156.38,166.28,173.73,178.65,181.29,182.11,181.58,180,178.01,175.78,173.73,171.85,170.04,168.39,166.87,165.41,164,162.3,160.36,158.02,155.21,151.63,147.06,141.61,135.63,129.53,123.85,118.81,114.65,111.48,109.31,107.91,107.2,106.79,106.79,106.97,107.26,107.38,107.32,107.03,106.62,106.03,105.33,104.39,103.28,102.22,101.11,100.05,99.056,98.118,97.239,96.418,95.539,94.718,93.839,92.901,91.964,91.026,90.147,89.326,88.447,87.626,86.981,86.571,86.161,85.868,85.575,85.282,85.164,85.106,85.692,87.743,92.432,100.46,111.66,124.67,138.03,150.58,161.3,169.68,175.31,178.48,179.53,179.06,177.42,175.14,172.56,169.92,167.52,165.23,163.35,161.65,160.07,158.43,156.73,154.74,152.28,149.11,145.13,140.44,134.99,129.18,123.38,118.22,114,110.72,108.38,106.73,105.85,105.56,105.56,105.8,106.09,106.38,106.44,106.38,106.03,105.56,104.8,103.92,102.87,101.81,100.7,99.407,98.294,97.239,96.242,95.305,94.484,93.663,92.901,92.198,91.495,90.733,89.912,89.15,88.388,87.685,87.04,86.395,85.926,85.458,85.164,84.989,84.754,84.461,84.285,84.227,84.754,86.747,91.377,99.407,110.54,123.67,137.04,149.35,159.78,167.93,173.44,176.54,177.54,177.01,175.43,173.2,170.62,168.04,165.58,163.41,161.48,159.78,158.25,156.67,154.91,152.92,150.34,147.12,143.13,138.33,132.88,127.25,121.86,117.11,113.12,110.13,107.96,106.62,105.85,105.62,105.74,105.97,106.38,106.62,106.68,106.62,106.38,105.8,105.09,104.27,103.28,102.22,101.11,100.05,98.939,97.825,96.77,95.949,95.187,94.425,93.722,92.96,92.315,91.612,90.85,90.147,89.56,88.857,88.212,87.626,87.04,86.63,86.22,85.985,85.809,85.633,85.34,85.223,85.985,88.564,93.839,102.63,114.35,127.72,141.2,153.45,163.76,171.74,177.13,180.12,181,180.41,178.89,176.66,174.31,171.85,169.68,167.57,165.7,163.88,162.18,160.54,158.72,156.67,154.09,150.93,146.88,142.08,136.51,130.77,125.2,120.16,115.99,112.77,110.43,108.79,107.85,107.5,107.5,107.67,107.79,107.91,107.96,107.79,107.44,106.85,106.15,105.39,104.45,103.28,102.16,101.11,100.05,98.997,98.059,97.18,96.418,95.656,94.894,94.191,93.488,92.667,91.846,90.967,90.147,89.385,88.564,87.861,87.216,86.747,86.337,86.102,85.868,85.692,85.458,85.692,86.864,90.264,96.77,106.79,119.28,132.82,145.95,157.61,167.22,174.49,179.18,181.58,182.11,181.29,179.59,177.6,175.37,173.14,171.03,169.16,167.57,165.93,164.35,162.77,161.07,159.08,156.55,153.45,149.64,144.95,139.5,133.64,127.66,122.38,117.87,114.24,111.48,109.61,108.49,107.85,107.61,107.61,107.79,107.91,107.85,107.67,107.38,106.91,106.27,105.39,104.39,103.45,102.4,101.28,100.23,99.232,98.352,97.473,96.594,95.773,95.129,94.425,93.663,92.784,91.905,91.026,90.147,89.326,88.447,87.743,87.157,86.688,86.22,85.985,85.868,85.633,85.399,85.633,87.04,90.791,97.708,108.02,120.68,134.11,146.94,158.25,167.46,174.31,178.77,180.94,181.23,180.29,178.53,176.37,174.08,171.74,169.63,167.69,165.99,164.23,162.53,160.72,158.84,156.67,153.86,150.4,146.24,141.26,135.57,129.53,123.79,118.75,114.59,111.36,109.08,107.55,106.73,106.44,106.44,106.56,106.79,106.97,106.91,106.73,106.32,105.8,105.09,104.16,103.16,102.1,101.05,99.935,98.821,97.825,96.887,96.066,95.246,94.425,93.663,92.901,92.139,91.202,90.264,89.385,88.447,87.568,86.747,86.044,85.458,85.047,84.754,84.461,84.227,83.934,83.816,84.168,85.809,89.736,96.77,107.26,119.86,133.11,145.54,156.38,165,171.21,174.9,176.54,176.54,175.37,173.38,170.97,168.57,166.17,163.94,161.89,160.01,158.2,156.44,154.56,152.45,149.87,146.65,142.72,137.97,132.7,127.07,121.62,116.82,112.77,109.66,107.32,105.74,104.86,104.51,104.51,104.62,104.8,104.98,105.03,104.92,104.68,104.16,103.57,102.69,101.69,100.7,99.583,98.47,97.415,96.477,95.539,94.66,93.781,93.077,92.374,91.612,90.85,90.088,89.385,88.564,87.802,87.04,86.337,85.692,85.106,84.637,84.285,84.051,83.875,83.582,83.347,83.23,83.582,85.282,89.443,96.77,107.5,120.45,133.93,146.65,157.55,166.11,172.03,175.49,176.66,176.19,174.55,172.15,169.39,166.64,164.06,161.83,159.78,158.02,156.38,154.68,152.92,150.75,148.11,144.72,140.5,135.51,130.06,124.55,119.45,115,111.42,108.67,106.73,105.56,104.92,104.74,104.86,105.09,105.39,105.56,105.62,105.5,105.09,104.57,103.8,102.92,101.99,100.99,99.935,98.821,97.649,96.594,95.598,94.66,93.839,93.136,92.374,91.729,91.026,90.44,89.854,89.15,88.505,87.802,87.099,86.513,85.868,85.34,84.989,84.696,84.403,84.227,83.992,83.816,83.934,85.223,88.681,95.539,106.03,119.16,133.17,146.36,157.84,167.11,173.79,177.89,179.77,179.88,178.77,176.89,174.55,172.2,169.92,167.81,165.93,164.17,162.53,161.01,159.43,157.61,155.56,152.98,149.7,145.54,140.55,134.99,129.12,123.38,118.28,114.12,110.9,108.61,107.09,106.38,106.09,106.15,106.44,106.73,106.97,107.03,106.91,106.62,106.03,105.39,104.51,103.51,102.4,101.28,100.17,99.114,98.059,97.063,96.184,95.363,94.66,93.898,93.253,92.55,91.788,90.967,90.147,89.385,88.623,87.861,87.099,86.571,86.044,85.633,85.282,85.106,84.93,84.754,84.754,85.575,88.212,93.898,103.22,115.47,129.07,142.49,154.56,164.7,172.44,177.66,180.53,181.41,180.94,179.47,177.48,175.31,173.2,171.21,169.45,167.81,166.28,164.88,163.35,161.71,159.78,157.55,154.68,151.1,146.65,141.43,135.63,129.59,123.91,118.98,115,111.83,109.66,108.2,107.38,107.03,106.97,107.2,107.38,107.5,107.5,107.32,106.91,106.38,105.68,104.8,103.8,102.75,101.63,100.4,99.29,98.294,97.356,96.477,95.656,95.011,94.367,93.605,92.843,92.022,91.319,90.44,89.56,88.681,87.919,87.157,86.571,86.102,85.809,85.633,85.34,85.164,84.989,85.164,86.337,89.619,96.066,105.85,118.22,131.59,144.66,156.5,166.34,173.85,178.89,181.47,182.17,181.47,179.82,177.66,175.37,173.08,170.86,168.86,167.11,165.46,163.88,162.24,160.48,158.43,155.85,152.69,148.82,144.07,138.56,132.64,126.66,121.21,116.52,112.77,110.07,108.14,106.91,106.32,106.15,106.32,106.5,106.68,106.79,106.73,106.56,106.09,105.5,104.68,103.8,102.75,101.58,100.35,99.232,98.059,96.946,95.949,95.011,94.249,93.488,92.726,92.022,91.436,90.733,89.971,89.15,88.447,87.685,86.923,86.161,85.633,85.106,84.754,84.403,84.227,84.051,83.875,83.758,84.109,85.633,89.326,96.066,106.03,118.52,131.76,144.42,155.62,164.82,171.56,175.84,177.95,178.18,177.13,175.31,172.97,170.56,168.16,166.05,164.06,162.24,160.48,158.9,157.26,155.38,153.1,150.22,146.65,142.31,137.1,131.41,125.78,120.63,116.17,112.54,109.84,107.96,106.85,106.32,106.15,106.38,106.68,106.91,106.97,106.97,106.79,106.44,105.8,104.98,104.1,103.16,102.05,100.93,99.759,98.645,97.532,96.418,95.422,94.601,93.839,93.194,92.55,91.964,91.495,90.909,90.322,89.678,89.033,88.447,87.743,87.04,86.337,85.751,85.223,84.754,84.344,84.168,83.992,83.816,83.699,84.051,85.809,90.088,97.883,108.96,122.38,136.1,148.99,160.07,168.92,175.31,179.18,180.82,180.76,179.47,177.54,175.19,172.73,170.39,168.22,166.28,164.47,162.77,161.07,159.25,157.26,154.8,151.75,148.06,143.54,138.33,132.52,126.78,121.5,116.93,113.24,110.49,108.67,107.55,107.03,106.91,107.03,107.38,107.67,107.79,107.67,107.44,107.03,106.44,105.62,104.62,103.63,102.57,101.34,100.17,98.997,97.883,96.77,95.773,94.836,94.132,93.429,92.843,92.257,91.671,91.202,90.615,89.971,89.326,88.564,87.861,87.157,86.513,85.868,85.34,85.047,84.813,84.461,84.285,84.168,84.285,85.047,87.275,92.432,101.11,112.89,126.25,139.56,151.81,162.24,170.33,175.72,178.77,179.88,179.41,178.01,175.84,173.55,171.33,169.1,166.99,165.05,163.24,161.54,159.72,157.67,155.38,152.69,149.4,145.36,140.55,135.1,129.42,123.91,118.93,114.82,111.6,109.31,107.67,106.73,106.32,106.32,106.5,106.68,106.73,106.73,106.68,106.44,105.85,105.09,104.16,103.28,102.22,101.11,99.994,98.821,97.649,96.594,95.598,94.718,94.015,93.312,92.608,91.846,91.202,90.557,89.795,89.033,88.271,87.626,86.864,86.102,85.399,84.871,84.461,84.109,83.875,83.582,83.347,83.172,83.113,83.582,85.399,89.736,97.239,107.79,120.27,133.23,145.36,155.79,164.06,169.8,173.26,174.55,174.31,172.79,170.56,167.87,165.11,162.47,160.07,157.73,155.68,153.62,151.69,149.58,147.12,144.19,140.55,136.16,131.12,125.67,120.27,115.41,111.36,108.14,105.8,104.27,103.45,103.1,103.16,103.51,103.86,104.16,104.39,104.45,104.27,103.92,103.28,102.57,101.58,100.52,99.407,98.294,97.122,95.949,94.777,93.722,92.784,91.905,91.202,90.557,89.912,89.326,88.74,88.154,87.626,87.04,86.395,85.868,85.223,84.696,84.168,83.758,83.289,82.996,82.761,82.468,82.234,82.058,82.117,83.113,86.044,91.964,101.28,113.36,126.6,139.5,150.87,160.07,166.81,171.09,173.2,173.44,172.32,170.39,167.93,165.35,162.83,160.42,158.31,156.38,154.56,152.8,150.93,148.88,146.36,143.19,139.26,134.58,129.24,123.73,118.4,113.83,110.07,107.2,105.09,103.8,103.16,102.98,103.22,103.63,104.04,104.45,104.68,104.68,104.57,104.16,103.63,102.87,101.93,100.93,99.876,98.645,97.532,96.418,95.363,94.367,93.488,92.667,91.964,91.319,90.615,90.029,89.502,88.916,88.271,87.685,87.04,86.337,85.809,85.282,84.93,84.637,84.403,84.168,83.934,83.582,83.465,84.168,86.63,91.846,100.7,112.54,126.13,139.67,151.92,162.06,169.74,174.78,177.6,178.42,177.89,176.25,174.14,171.79,169.45,167.16,165.11,163.24,161.48,159.84,158.31,156.61,154.68,152.22,149.23,145.42,140.85,135.57,130,124.44,119.45,115.23,111.83,109.37,107.67,106.68,106.15,106.09,106.15,106.38,106.56,106.68,106.56,106.32,105.85,105.21,104.51,103.63,102.69,101.69,100.64,99.525,98.528,97.59,96.711,95.949,95.187,94.425,93.663,92.901,92.139,91.26,90.44,89.56,88.74,87.978,87.275,86.747,86.278,85.985,85.751,85.458,85.164,85.047,85.458,87.275,91.788,99.7,110.84,123.97,137.56,150.17,161.07,169.74,175.84,179.47,181.11,181.11,180.06,178.3,176.19,174.02,171.97,170.09,168.45,166.87,165.41,164,162.47,160.89,159.02,156.61,153.62,149.87,145.24,139.79,133.81,127.78,122.15,117.4,113.59,110.72,108.67,107.38,106.68,106.56,106.68,106.85,107.09,107.26,107.2,106.97,106.62,105.97,105.33,104.39,103.45,102.34,101.28,100.17,99.173,98.235,97.356,96.535,95.715,94.894,94.132,93.312,92.491,91.612,90.733,89.854,88.974,88.154,87.45,86.864,86.337,86.044,85.809,85.633,85.282,85.106,85.458,87.216,91.495,99.173,110.19,123.2,136.51,148.99,159.95,168.69,175.02,178.89,180.64,180.82,179.77,177.95,175.72,173.55,171.44,169.45,167.69,166.05,164.47,162.94,161.36,159.54,157.43,154.8,151.51,147.41,142.49,136.86,130.94,125.2,119.92,115.58,112.24,109.78,108.14,107.09,106.68,106.56,106.68,106.85,106.97,107.03,106.91,106.62,106.09,105.5,104.68,103.74,102.69,101.58,100.4,99.29,98.235,97.239,96.36,95.598,94.894,94.249,93.546,92.843,92.198,91.436,90.615,89.795,88.974,88.154,87.45,86.688,86.044,85.575,85.223,84.989,84.813,84.637,84.461,84.754,86.161,89.912,97.004,107.44,120.16,133.58,146.36,157.67,166.93,173.73,178.07,180.06,180.23,179.18,177.25,174.84,172.38,169.98,167.75,165.7,163.76,162.01,160.25,158.43,156.44,153.98,151.1,147.47,143.07,137.8,132.05,126.19,120.68,115.99,112.24,109.49,107.55,106.38,105.74,105.56,105.68,105.91,106.15,106.32,106.27,105.97,105.56,104.92,104.1,103.16,102.1,100.93,99.759,98.528,97.356,96.184,95.07,94.015,93.077,92.139,91.377,90.674,90.147,89.736,89.326,88.798,88.212,87.685,87.04,86.395,85.809,85.164,84.52,83.992,83.465,83.054,82.761,82.527,82.351,82.117,82.058,82.351,83.758,87.333,94.132,104.39,116.99,130.47,143.31,154.44,163.3,169.68,173.49,175.14,174.9,173.38,171.03,168.28,165.46,162.77,160.19,157.9,155.79,153.86,151.92,149.93,147.53,144.66,141.14,136.8,131.82,126.43,121.09,116.29,112.24,108.96,106.68,105.03,104.16,103.74,103.69,103.86,104.16,104.45,104.57,104.57,104.27,103.86,103.28,102.51,101.63,100.52,99.407,98.294,97.122,95.949,94.66,93.546,92.432,91.377,90.381,89.443,88.623,87.919,87.333,86.981,86.688,86.395,86.161,85.868,85.575,85.164,84.813,84.285,83.816,83.23,82.644,82.175,81.706,81.355,81.062,80.71,80.475,80.241,80.124,80.593,82.468,86.864,94.66,105.74,118.81,132.17,144.48,154.86,162.94,168.51,171.62,172.61,172.03,170.33,167.93,165.29,162.59,160.13,157.79,155.68,153.74,151.98,150.17,148.23,145.89,142.9,139.32,134.93,129.89,124.55,119.34,114.76,110.9,107.96,105.8,104.39,103.57,103.28,103.45,103.8,104.21,104.68,104.92,104.98,104.8,104.45,103.86,103.16,102.22,101.22,100.11,98.939,97.708,96.535,95.363,94.249,93.194,92.139,91.202,90.381,89.619,89.033,88.623,88.271,87.978,87.685,87.45,87.04,86.747,86.337,85.868,85.34,84.813,84.227,83.758,83.289,82.996,82.761,82.527,82.292,82.058,82.058,82.996,85.809,91.671,101.22,113.71,127.48,140.91,152.86,162.65,169.98,174.78,177.3,177.89,177.07,175.37,173.14,170.74,168.45,166.28,164.29,162.53,160.89,159.37,157.79,156.14,154.15,151.75,148.7,144.89,140.26,134.93,129.3,123.73,118.75,114.59,111.31,108.9,107.32,106.38,106.03,106.03,106.27,106.56,106.73,106.85,106.85,106.62,106.15,105.5,104.68,103.74,102.75,101.63,100.4,99.232,98.001,96.77,95.656,94.601,93.663,92.843,92.198,91.612,91.026,90.615,90.147,89.678,89.15,88.623,87.978,87.333,86.747,86.044,85.399,84.93,84.461,84.168,83.934,83.758,83.465,83.347,83.758,85.34,89.443,96.887,107.73,120.8,134.4,147.24,158.43,167.52,174.08,178.18,180.18,180.47,179.53,177.95,175.84,173.73,171.74,169.86,168.16,166.69,165.23,163.94,162.53,161.07,159.31,157.14,154.33,150.75,146.36,141.2,135.28,129.3,123.56,118.52,114.41,111.31,109.08,107.61,106.79,106.56,106.62,106.73,106.97,107.09,107.2,107.03,106.68,106.09,105.44,104.62,103.63,102.57,101.34,100.17,98.997,97.883,96.77,95.715,94.836,94.074,93.37,92.726,92.198,91.612,90.967,90.381,89.736,89.033,88.388,87.626,86.923,86.161,85.575,85.106,84.813,84.52,84.403,84.168,83.992,84.109,85.164,88.154,94.249,103.63,115.58,128.66,141.32,152.75,162.36,169.8,174.84,177.71,178.77,178.36,177.13,175.25,173.2,171.03,169.04,167.22,165.58,163.94,162.36,160.72,159.08,157.14,154.8,151.92,148.29,143.84,138.62,132.82,126.9,121.45,116.76,113.01,110.19,108.2,106.85,106.15,105.91,105.91,106.15,106.38,106.5,106.5,106.27,105.8,105.15,104.45,103.51,102.51,101.34,100.17,98.939,97.708,96.535,95.422,94.308,93.312,92.374,91.612,90.967,90.44,89.912,89.502,88.974,88.505,87.861,87.216,86.571,85.868,85.164,84.461,83.875,83.347,82.996,82.644,82.41,82.175,81.882,81.706,82.117,83.816,87.802,95.07,105.68,118.57,132.05,144.66,155.5,164.06,170.04,173.61,175.08,174.84,173.55,171.56,169.22,166.81,164.53,162.42,160.42,158.55,156.85,155.21,153.39,151.28,148.88,145.83,142.08,137.51,132.29,126.72,121.33,116.35,112.24,108.96,106.62,105.03,104.1,103.74,103.74,103.92,104.21,104.51,104.62,104.62,104.39,103.86,103.16,102.34,101.34,100.29,99.173,98.001,96.77,95.598,94.425,93.253,92.139,91.026,90.029,89.15,88.447,87.802,87.275,86.923,86.63,86.278,86.044,85.751,85.34,85.047,84.637,84.109,83.523,82.996,82.41,81.941,81.53,81.179,80.886,80.593,80.3,80.065,80.124,80.944,83.582,89.15,98.177,110.13,123.44,136.51,148.06,157.49,164.47,169.04,171.38,171.74,170.68,168.69,166.17,163.53,160.95,158.55,156.38,154.44,152.69,151.05,149.35,147.41,145.07,142.14,138.44,133.99,128.95,123.73,118.69,114.3,110.6,107.79,105.74,104.39,103.69,103.45,103.57,103.92,104.27,104.57,104.68,104.68,104.51,104.1,103.57,102.81,101.93,100.93,99.876,98.821,97.649,96.477,95.363,94.249,93.136,92.139,91.202,90.322,89.56,88.916,88.388,87.978,87.626,87.333,87.099,86.864,86.63,86.22,85.868,85.34,84.871,84.344,83.816,83.23,82.879,82.468,82.234,81.999,81.648,81.472,81.648,82.879,86.278,92.96,103.22,115.99,129.53,142.43,153.74,163.06,169.92,174.37,176.6,177.13,176.37,174.72,172.67,170.45,168.22,166.17,164.23,162.42,160.78,159.19,157.49,155.68,153.68,151.1,148,144.07,139.5,134.22,128.66,123.32,118.52,114.47,111.36,109.08,107.55,106.68,106.32,106.32,106.44,106.62,106.73,106.73,106.62,106.32,105.8,105.09,104.27,103.45,102.34,101.28,100.17,98.997,97.883,96.653,95.598,94.601,93.663,92.843,92.198,91.612,91.084,90.615,90.088,89.678,89.15,88.623,87.978,87.333,86.747,86.044,85.399,84.871,84.403,84.109,83.816,83.523,83.289,83.172,83.406,84.754,88.271,95.011,105.03,117.4,130.59,143.13,154.27,163.41,170.33,174.9,177.42,178.12,177.6,176.37,174.61,172.61,170.68,168.81,167.11,165.46,164,162.47,161.07,159.49,157.67,155.5,152.75,149.29,145.01,139.91,134.22,128.42,122.91,118.05,114.06,111.07,108.9,107.5,106.68,106.44,106.44,106.62,106.79,106.91,106.91,106.79,106.44,105.85,105.15,104.39,103.33,102.22,101.17,99.994,98.821,97.59,96.418,95.363,94.425,93.546,92.843,92.315,91.788,91.26,90.674,90.147,89.56,88.916,88.154,87.45,86.688,86.044,85.399,84.871,84.461,84.285,84.109,83.875,83.582,83.523,84.051,85.926,90.264,97.942,108.84,121.68,134.75,146.94,157.61,166.28,172.61,176.54,178.53,178.95,178.18,176.6,174.67,172.56,170.56,168.57,166.75,165.05,163.47,162.01,160.36,158.61,156.67,154.39,151.46,147.59,143.02,137.74,132,126.25,120.92,116.41,112.95,110.31,108.43,107.2,106.56,106.32,106.32,106.44,106.5,106.5,106.44,106.03,105.56,104.86,104.1,103.16,102.16,100.99,99.876,98.645,97.415,96.242,95.07,94.015,93.077,92.198,91.319,90.674,90.147,89.736,89.209,88.74,88.271,87.802,87.157,86.513,85.809,85.164,84.52,83.934,83.347,82.937,82.644,82.41,82.117,81.824,81.589,81.824,82.879,85.633,91.377,100.64,112.6,125.84,138.8,150.4,160.01,167.11,171.74,174.2,174.78,174.02,172.2,169.92,167.52,165.05,162.77,160.6,158.72,157.08,155.38,153.74,151.92,149.87,147.35,144.19,140.14,135.28,129.94,124.32,118.87,114.12,110.31,107.44,105.44,104.1,103.51,103.45,103.63,103.92,104.27,104.57,104.68,104.57,104.16,103.63,102.87,101.99,100.99,99.818,98.645,97.473,96.301,95.129,93.898,92.784,91.729,90.733,89.795,88.974,88.271,87.802,87.275,86.981,86.688,86.395,86.044,85.692,85.34,84.989,84.461,83.934,83.347,82.879,82.41,81.999,81.589,81.355,81.12,80.886,80.534,80.534,81.296,83.816,89.033,97.59,109.25,122.44,135.57,147.41,157.32,164.94,170.15,173.14,174.02,173.44,171.85,169.68,167.16,164.7,162.3,160.19,158.25,156.44,154.8,153.16,151.51,149.4,146.88,143.6,139.67,134.93,129.59,124.26,119.34,115.17,111.72,109.08,107.2,105.97,105.39,105.15,105.33,105.62,105.97,106.15,106.15,106.03,105.74,105.21,104.57,103.69,102.69,101.69,100.52,99.349,98.177,97.004,95.832,94.777,93.722,92.784,91.964,91.26,90.615,90.029,89.678,89.326,88.916,88.505,88.037,87.626,87.157,86.63,86.044,85.458,84.93,84.403,83.992,83.699,83.465,83.289,83.054,82.82,82.996,84.344,87.978,94.777,105.15,118.05,131.7,144.48,155.56,164.47,170.97,175.19,177.13,177.36,176.54,175.08,173.08,170.97,168.98,167.22,165.64,164,162.47,161.07,159.66,158.08,156.03,153.62,150.64,146.83,142.19,136.86,131.18,125.67,120.63,116.29,112.89,110.31,108.55,107.55,106.97,106.79,106.91,107.2,107.32,107.32,107.2,106.91,106.5,105.8,104.98,104.04,103.1,102.05,100.87,99.7,98.528,97.415,96.242,95.187,94.249,93.488,92.784,92.257,91.671,91.202,90.733,90.147,89.619,88.974,88.388,87.743,87.04,86.278,85.692,85.164,84.813,84.403,84.168,83.992,83.758,83.699,83.992,85.751,90.029,97.708,108.73,121.74,135.22,147.94,158.78,167.52,173.79,177.66,179.47,179.71,178.59,176.89,174.84,172.79,170.8,168.98,167.34,165.99,164.7,163.35,161.95,160.42,158.67,156.5,153.68,150.11,145.71,140.61,134.87,128.89,123.26,118.4,114.53,111.6,109.43,108.02,107.38,107.09,107.09,107.2,107.38,107.44,107.32,106.97,106.56,106.03,105.39,104.45,103.45,102.34,101.28,100.23,99.056,97.883,96.711,95.715,94.777,93.898,93.194,92.55,91.964,91.377,90.733,90.088,89.502,88.798,88.037,87.275,86.571,85.926,85.34,84.871,84.403,84.109,83.934,83.699,83.347,83.289,83.992,86.22,91.084,99.232,110.49,123.5,136.63,148.7,159.02,167.05,172.67,176.01,177.3,177.01,175.66,173.73,171.5,169.22,167.05,165.05,163.35,161.71,160.25,158.67,157.2,155.5,153.45,150.75,147.41,143.37,138.5,132.88,126.84,121.15,116.17,112.13,108.96,106.79,105.44,104.74,104.51,104.57,104.86,105.21,105.5,105.56,105.39,104.98,104.51,103.74,102.81,101.75,100.7,99.525,98.294,97.122,95.949,94.894,93.898,92.96,92.198,91.436,90.85,90.322,89.736,89.033,88.447,87.802,87.099,86.337,85.692,85.106,84.637,84.109,83.699,83.406,83.23,82.996,82.644,82.41,82.351,82.879,84.52,88.564,95.715,106.15,118.63,131.47,143.6,154.03,162.3,168.1,171.62,173.14,173.08,171.85,169.86,167.57,165.23,163.06,161.01,159.13,157.43,155.97,154.56,152.98,151.22,149.11,146.36,142.78,138.38,133.23,127.72,122.33,117.4,113.3,110.13,107.79,106.15,105.21,104.86,104.92,105.09,105.44,105.68,105.91,105.91,105.74,105.21,104.68,103.92,102.98,101.99,100.87,99.759,98.587,97.532,96.418,95.48,94.66,93.898,93.194,92.55,91.964,91.377,90.733,90.029,89.443,88.798,88.154,87.509,86.806,86.22,85.751,85.282,84.989,84.813,84.637,84.403,84.168,84.285,85.458,88.623,94.718,104.21,116.29,129.48,142.25,153.62,163.06,170.27,175.02,177.42,178.12,177.48,176.07,174.08,171.85,169.74,167.81,166.05,164.35,162.77,161.3,159.84,158.31,156.38,154.03,151.16,147.53,143.07,137.74,132.05,126.37,121.04,116.46,112.89,110.31,108.55,107.5,106.97,106.91,107.09,107.44,107.61,107.73,107.67,107.44,106.97,106.32,105.56,104.68,103.69,102.57,101.4,100.29,99.173,98.118,97.122,96.301,95.539,94.836,94.132,93.37,92.726,92.022,91.319,90.498,89.736,89.033,88.271,87.568,86.923,86.395,86.044,85.751,85.458,85.223,85.047,85.106,85.985,88.74,94.543,103.92,116.05,129.53,142.84,154.91,165.05,172.67,177.71,180.53,181.35,180.82,179.36,177.42,175.43,173.38,171.5,169.8,168.28,166.87,165.41,163.94,162.36,160.6,158.49,155.79,152.51,148.35,143.37,137.68,131.59,125.78,120.74,116.46,113.18,110.72,109.25,108.38,107.96,107.91,108.02,108.26,108.38,108.32,107.96,107.61,107.09,106.44,105.56,104.62,103.63,102.57,101.46,100.35,99.349,98.411,97.473,96.653,95.949,95.246,94.601,93.839,93.136,92.374,91.553,90.733,89.854,88.974,88.212,87.568,86.923,86.513,86.161,85.926,85.751,85.399,85.282,85.809,87.685,91.905,99.466,110.25,123.2,136.45,148.82,159.49,168.04,174.26,178.01,179.59,179.71,178.77,177.07,175.02,172.79,170.74,168.92,167.22,165.64,164.12,162.59,161.13,159.31,157.14,154.5,151.22,147.12,142.08,136.27,130.3,124.49,119.28,115.06,111.77,109.49,107.96,107.09,106.73,106.79,107.03,107.32,107.44,107.44,107.32,106.91,106.38,105.56,104.62,103.63,102.57,101.34,100.17,98.997,97.883,96.77,95.773,94.836,94.191,93.488,92.784,92.139,91.495,90.85,90.147,89.385,88.564,87.802,87.099,86.337,85.692,85.164,84.813,84.461,84.227,83.992,83.816,83.699,83.816,84.696,87.45,93.136,102.22,114,127.01,139.79,151.34,161.07,168.28,173.2,175.78,176.6,176.01,174.37,172.32,170.09,167.87,165.7,163.59,161.83,160.19,158.55,156.85,155.03,153.04,150.58,147.35,143.31,138.5,133.11,127.48,122.03,117.17,113.3,110.37,108.2,106.73,105.85,105.62,105.68,105.8,105.91,106.03,106.09,105.97,105.62,104.98,104.21,103.45,102.34,101.22,100.11,98.997,97.883,96.653,95.48,94.425,93.488,92.726,91.964,91.319,90.733,90.264,89.678,89.092,88.505,87.919,87.45,86.806,86.102,85.575,85.047,84.637,84.168,83.875,83.582,83.406,83.172,82.879,82.82,83.582,86.102,91.319,99.7,110.9,123.73,136.51,148.11,157.9,165.58,170.86,173.85,174.84,174.31,172.79,170.8,168.45,165.99,163.76,161.71,159.95,158.31,156.79,155.32,153.8,151.92,149.58,146.41,142.55,137.86,132.52,127.01,121.68,117.05,113.36,110.43,108.26,106.85,106.27,106.03,106.09,106.38,106.68,106.91,107.03,106.91,106.62,106.15,105.5,104.62,103.63,102.51,101.4,100.29,99.173,98.059,96.946,96.008,95.129,94.249,93.546,92.901,92.374,91.729,91.084,90.557,89.912,89.385,88.74,88.037,87.45,86.864,86.337,85.926,85.575,85.34,85.223,84.989,84.696,84.696,85.633,88.564,94.543,103.98,116.17,129.53,142.72,154.5,164.35,171.91,177.13,180.06,181.11,180.76,179.47,177.66,175.66,173.61,171.68,169.92,168.39,166.93,165.58,164.12,162.77,161.13,159.19,156.67,153.51,149.46,144.66,139.21,133.23,127.37,122.09,117.69,114.18,111.6,109.84,108.84,108.38,108.26,108.38,108.61,108.79,108.79,108.61,108.32,107.79,107.2,106.32,105.33,104.16,103.1,101.99,100.87,99.818,98.821,97.883,97.063,96.242,95.48,94.718,94.074,93.37,92.608,91.788,90.967,90.264,89.502,88.74,88.037,87.568,87.216,86.981,86.688,86.337,86.102,86.102,86.923,89.385,94.543,103.22,114.82,127.83,140.85,152.75,163,171.09,176.78,180.18,181.64,181.58,180.53,178.89,176.89,174.9,173.2,171.56,170.09,168.75,167.52,166.23,164.88,163.3,161.42,159.13,156.14,152.45,147.82,142.31,136.27,130.12,124.38,119.45,115.41,112.48,110.43,109.14,108.43,108.2,108.26,108.43,108.55,108.67,108.61,108.38,107.85,107.26,106.5,105.56,104.57,103.45,102.28,101.17,100.05,98.997,98.001,97.122,96.36,95.656,95.011,94.249,93.488,92.726,91.964,91.202,90.322,89.443,88.623,87.861,87.157,86.63,86.161,85.868,85.692,85.399,85.164,85.106,85.751,87.978,92.901,101.28,112.71,125.84,139.21,151.46,162.06,170.39,176.19,179.53,180.88,180.76,179.47,177.6,175.49,173.44,171.44,169.68,168.04,166.64,165.29,164.06,162.83,161.24,159.43,157.14,154.15,150.52,145.89,140.44,134.4,128.3,122.56,117.64,113.65,110.66,108.61,107.32,106.68,106.5,106.56,106.79,107.03,107.2,107.03,106.79,106.32,105.62,104.8,103.86,102.81,101.63,100.46,99.29,98.118,96.946,95.832,95.011,94.191,93.429,92.667,91.964,91.319,90.615,89.912,89.209,88.505,87.802,87.099,86.513,85.926,85.399,85.047,84.813,84.637,84.403,84.168,83.934,83.934,84.754,87.099,92.139,100.35,111.42,123.91,136.51,148.06,157.84,165.58,170.97,174.14,175.43,175.25,174.08,172.2,169.98,167.69,165.41,163.35,161.48,159.84,158.37,156.91,155.44,153.62,151.46,148.47,144.72,140.2,134.87,129.18,123.61,118.57,114.24,110.84,108.38,106.68,105.74,105.33,105.21,105.44,105.62,105.85,105.97,105.91,105.62,105.15,104.51,103.69,102.75,101.63,100.46,99.29,98.118,96.887,95.715,94.601,93.605,92.726,91.964,91.377,90.791,90.322,89.854,89.385,88.916,88.447,87.861,87.275,86.747,86.22,85.751,85.282,84.871,84.637,84.344,84.109,83.875,83.582,83.465,84.051,86.102,90.791,98.997,110.43,123.67,137.15,149.58,160.07,168.28,174.08,177.42,178.83,178.65,177.48,175.66,173.61,171.56,169.63,167.81,166.17,164.7,163.3,162.06,160.72,159.25,157.43,155.09,151.98,148.06,143.25,137.74,131.88,126.19,121.04,116.82,113.42,110.9,109.25,108.26,107.79,107.73,107.79,108.02,108.2,108.26,108.02,107.67,107.09,106.44,105.56,104.62,103.63,102.57,101.4,100.23,99.114,98.001,96.946,96.008,95.129,94.367,93.722,93.194,92.608,92.022,91.495,90.85,90.322,89.619,88.974,88.271,87.685,87.04,86.513,86.044,85.751,85.575,85.282,85.047,84.813,85.047,86.571,90.322,97.473,108.02,121.04,134.63,147.47,158.78,168.1,175.02,179.41,181.76,182.34,181.82,180.41,178.77,176.95,175.19,173.49,171.97,170.68,169.39,168.1,166.87,165.46,163.94,162.06,159.66,156.55,152.69,147.94,142.43,136.45,130.36,124.73,119.98,116.11,113.24,111.19,109.78,108.96,108.67,108.67,108.73,108.79,108.73,108.61,108.32,107.79,107.2,106.44,105.5,104.51,103.45,102.22,101.11,99.994,98.88,97.883,96.887,96.066,95.305,94.601,94.015,93.37,92.726,92.139,91.436,90.674,89.912,89.15,88.505,87.802,87.157,86.688,86.278,85.985,85.751,85.399,85.223,85.458,86.923,90.674,97.59,107.79,120.27,133.46,146.18,157.49,166.93,174.02,178.53,181,181.7,181.06,179.59,177.66,175.55,173.49,171.56,169.86,168.28,166.93,165.64,164.29,162.89,161.24,159.19,156.55,153.1,148.88,143.78,137.97,131.88,125.84,120.57,116.11,112.65,110.13,108.38,107.32,106.79,106.73,106.79,106.97,107.03,106.97,106.73,106.38,105.85,105.15,104.27,103.28,102.22,101.05,99.876,98.763,97.59,96.594,95.656,94.777,94.074,93.37,92.667,92.022,91.377,90.674,89.912,89.15,88.447,87.743,87.04,86.513,85.926,85.458,85.164,84.93,84.696,84.344,84.109,83.992,84.461,86.337,90.557,97.883,108.32,120.74,133.7,145.89,156.5,165,171.03,174.72,176.42,176.42,175.31,173.44,171.27,168.98,166.81,164.82,163.06,161.48,160.01,158.61,157.2,155.62,153.68,151.16,147.94,143.84,138.91,133.29,127.48,121.86,116.93,112.89,109.72,107.55,106.15,105.39,105.09,105.15,105.44,105.68,105.85,105.91,105.74,105.44,104.86,104.16,103.28,102.28,101.22,100.05,98.88,97.649,96.477,95.422,94.425,93.546,92.784,92.022,91.436,90.733,90.088,89.443,88.798,88.095,87.509,86.806,86.102,85.399,84.871,84.403,84.051,83.758,83.465,83.172,82.879,82.586,82.644,83.816,86.923,93.077,102.57,114.53,127.66,140.38,151.57,160.72,167.63,172.03,174.43,175.02,174.26,172.67,170.68,168.57,166.52,164.47,162.77,161.24,159.78,158.49,157.2,155.73,153.98,151.75,148.82,145.01,140.38,135.04,129.24,123.5,118.16,113.71,110.19,107.61,105.85,104.92,104.62,104.68,104.98,105.33,105.62,105.8,105.85,105.74,105.44,104.8,103.98,103.04,102.05,100.99,99.818,98.645,97.532,96.535,95.598,94.777,94.074,93.37,92.726,92.139,91.553,90.909,90.322,89.736,89.092,88.505,87.861,87.216,86.688,86.22,85.926,85.692,85.399,85.223,84.93,84.813,85.223,87.099,91.553,99.29,110.19,123.03,136.27,148.7,159.43,167.98,174.2,178.01,179.77,180,179.06,177.48,175.6,173.73,171.91,170.33,168.81,167.46,166.17,164.94,163.59,162.24,160.54,158.37,155.5,151.87,147.35,142.14,136.27,130.3,124.73,119.98,116.05,113.12,110.9,109.55,108.79,108.49,108.55,108.67,108.79,108.84,108.79,108.49,108.02,107.44,106.68,105.74,104.74,103.74,102.63,101.46,100.4,99.407,98.47,97.532,96.711,95.949,95.246,94.543,93.839,93.136,92.374,91.612,90.85,90.088,89.385,88.681,88.037,87.568,87.157,86.864,86.63,86.22,85.985,86.22,87.626,91.26,98.059,108.32,120.98,134.63,147.7,159.37,168.98,176.19,180.88,183.28,183.93,183.28,181.93,180.12,178.18,176.31,174.67,173.2,171.85,170.68,169.63,168.51,167.28,165.87,164.12,161.83,158.78,154.91,150.17,144.48,138.33,132,126.19,121.09,117.11,114.06,111.77,110.37,109.55,109.2,109.14,109.25,109.37,109.43,109.31,108.96,108.49,107.79,106.91,105.97,104.92,103.86,102.75,101.63,100.46,99.466,98.528,97.59,96.77,96.066,95.363,94.718,94.074,93.312,92.608,91.788,91.026,90.264,103.86,103.92,104.04,104.21,104.27,104.16,103.98,103.57,103.04,102.34,101.58,100.76,99.876,98.997,98.118,97.297,96.418,95.48,94.601,93.663,92.667,91.612,90.498,89.443,88.388,87.275,86.278,85.399,84.696,84.051,83.523,83.054,82.586,82.175,82.117,83.054,86.102,92.257,101.93,114.24,127.48,140.26,151.51,160.89,167.98,172.73,175.31,176.13,175.66,174.37,172.56,170.5,168.45,166.4,164.53,162.83,161.24,159.66,158.08,156.38,154.5,152.28,149.58,146.18,142.08,137.1,131.59,125.78,120.16,115.17,111.07,107.79,105.39,103.74,102.75,102.22,102.1,102.28,102.51,102.69,102.81,102.75,102.57,102.16,101.63,100.93,100.17,99.29,98.411,97.532,96.653,95.773,94.836,93.898,92.96,92.022,91.026,90.029,89.033,88.095,87.216,86.395,85.751,85.047,84.461,83.992,83.582,83.23,82.82,82.468,82.41,83.113,85.34,90.147,98.059,108.67,120.63,132.47,143.31,152.51,159.6,164.76,167.93,169.39,169.51,168.63,167.11,165.23,163.18,161.19,159.25,157.43,155.62,153.86,151.98,149.93,147.35,144.3,140.55,136.04,130.94,125.43,120.04,115.17,111.01,107.67,105.21,103.51,102.4,101.93,101.81,101.99,102.34,102.75,102.98,103.1,103.1,102.92,102.57,101.99,101.22,100.4,99.583,98.821,97.942,97.122,96.301,95.48,94.601,93.781,92.901,91.964,91.084,90.264,89.385,88.505,87.685,86.923,86.278,85.751,85.34,85.047,84.813,84.403,84.168,84.168,85.34,88.916,95.949,106.44,119.34,132.99,145.95,157.26,166.4,173.14,177.36,179.41,179.88,179.06,177.54,175.55,173.49,171.44,169.57,167.75,166.05,164.41,162.83,161.07,159.13,156.85,154.15,150.87,146.77,141.9,136.51,130.77,125.14,120.04,115.82,112.48,110.07,108.32,107.32,106.85,106.73,106.79,106.97,107.09,107.09,106.97,106.68,106.27,105.62,104.8,103.98,103.04,102.1,101.17,100.23,99.407,98.587,97.825,96.946,96.008,95.07,94.132,93.136,92.139,91.202,90.322,89.443,88.681,88.037,87.626,87.216,86.864,86.571,86.22,86.337,87.568,90.791,97.18,106.79,118.75,131.47,143.95,155.09,164.41,171.5,176.25,178.83,179.71,179.3,178.07,176.37,174.43,172.5,170.68,168.92,167.34,165.76,164.17,162.53,160.66,158.49,155.73,152.39,148.23,143.31,137.62,131.7,125.84,120.57,116.11,112.6,110.13,108.32,107.26,106.68,106.56,106.68,106.85,106.97,107.03,106.97,106.73,106.32,105.68,104.98,104.16,103.22,102.28,101.4,100.64,99.759,98.939,98.059,97.18,96.242,95.246,94.249,93.194,92.198,91.084,90.147,89.326,88.505,87.802,87.216,86.923,86.688,86.337,86.102,86.102,87.04,89.912,95.598,104.62,116.23,129.01,141.55,153.04,162.89,170.62,175.96,179,180.18,179.94,178.65,176.78,174.55,172.32,170.04,167.87,165.76,163.82,161.95,160.07,158.02,155.73,153.1,149.87,145.83,140.91,135.51,129.59,123.85,118.63,114.24,110.78,108.32,106.56,105.5,104.98,104.92,105.03,105.33,105.5,105.56,105.44,105.09,104.62,103.98,103.22,102.28,101.28,100.29,99.407,98.47,97.59,96.77,95.949,95.011,94.015,92.96,92.022,91.026,90.088,89.092,88.212,87.509,86.806,86.161,85.692,85.282,84.989,84.696,84.227,83.992,84.168,85.34,88.564,94.543,103.74,115.12,127.42,139.38,150.05,158.9,165.46,169.74,171.85,172.38,171.56,169.86,167.75,165.35,163.06,160.78,158.67,156.73,154.86,152.86,150.69,148.11,145.07,141.32,136.8,131.59,126.25,120.86,115.94,111.66,108.32,105.74,104.04,103.04,102.63,102.57,102.87,103.22,103.63,103.86,103.98,103.98,103.69,103.16,102.51,101.69,100.81,99.818,98.763,97.708,96.887,96.008,95.07,94.191,93.37,92.491,91.612,90.733,89.912,89.092,88.271,87.509,86.747,86.102,85.575,85.047,84.637,84.285,84.051,83.758,83.406,83.406,84.403,87.333,93.194,102.28,114.18,127.31,140.32,151.92,161.54,168.98,174.02,176.72,177.42,176.72,175.19,173.08,170.62,168.1,165.76,163.71,161.71,159.95,158.14,156.44,154.56,152.22,149.23,145.54,141.14,135.98,130.47,124.9,119.86,115.58,112.24,109.61,107.73,106.68,106.15,106.09,106.27,106.56,106.85,107.09,107.09,106.91,106.56,105.97,105.33,104.39,103.33,102.34,101.4,100.46,99.525,98.587,97.825,97.004,96.066,95.187,94.249,93.37,92.491,91.553,90.615,89.795,89.033,88.388,87.743,87.275,86.981,86.806,86.513,86.102,86.161,87.157,90.088,96.066,105.21,117.05,130.06,142.72,154.27,164,171.5,176.66,179.59,180.7,180.41,179.3,177.54,175.55,173.49,171.56,169.68,167.93,166.23,164.47,162.83,160.95,158.84,156.32,153.1,149.23,144.54,139.26,133.46,127.72,122.5,117.99,114.35,111.6,109.72,108.55,107.91,107.67,107.73,107.91,108.02,108.14,107.96,107.73,107.26,106.62,105.8,104.92,104.04,103.16,102.22,101.28,100.35,99.466,98.587,97.825,96.887,95.949,94.894,94.015,92.96,91.964,90.967,90.088,89.326,88.623,88.037,87.626,87.275,86.923,86.63,86.513,87.04,89.209,94.191,102.63,114.18,127.42,140.91,153.51,164.41,173.14,179.18,182.75,184.16,183.99,182.75,180.88,178.65,176.54,174.55,172.73,171.09,169.68,168.28,166.99,165.64,164.06,162.12,159.66,156.55,152.69,147.88,142.37,136.27,130.12,124.44,119.51,115.53,112.48,110.31,108.9,108.2,107.85,107.85,107.91,108.02,108.02,107.91,107.67,107.26,106.62,105.85,105.03,104.16,103.22,102.28,101.34,100.52,99.7,98.821,97.942,97.004,96.066,95.07,94.015,92.901,91.846,90.85,89.971,89.092,88.447,87.861,87.45,87.099,86.806,86.513,86.337,86.864,88.681,92.901,100.35,110.84,123.26,136.1,148.35,159.13,167.81,174.2,178.18,180.06,180.23,179.24,177.48,175.37,173.2,171.03,169.1,167.28,165.7,164.12,162.47,160.78,158.84,156.55,153.8,150.28,146.06,140.96,135.22,129.3,123.56,118.4,114.18,110.9,108.55,106.97,106.09,105.74,105.68,105.8,105.97,106.09,106.15,106.03,105.68,105.15,104.45,103.57,102.63,101.58,100.52,99.466,98.528,97.59,96.653,95.832,95.011,94.132,93.253,92.374,91.495,90.498,89.56,88.681,87.802,87.04,86.337,85.868,85.458,85.164,84.93,84.696,84.344,84.168,84.461,86.22,90.44,98.001,108.67,121.45,134.69,147.12,157.9,166.52,172.56,176.19,177.6,177.42,176.13,174.08,171.68,169.22,166.93,164.82,163,161.3,159.72,158.2,156.44,154.39,151.81,148.7,144.72,140.03,134.69,129.07,123.56,118.57,114.35,111.07,108.55,106.85,105.85,105.39,105.21,105.39,105.56,105.74,105.74,105.62,105.33,104.8,104.1,103.28,102.34,101.34,100.29,99.232,98.235,97.239,96.301,95.422,94.601,93.781,92.901,92.139,91.319,90.498,89.678,88.916,88.154,87.509,86.747,86.161,85.692,85.282,84.989,84.754,84.403,84.109,83.934,84.227,85.809,89.736,96.946,107.26,119.69,132.7,145.13,155.97,164.82,171.33,175.49,177.48,177.71,176.72,175.02,172.73,170.39,168.04,165.87,164,162.24,160.66,159.19,157.55,155.73,153.51,150.75,147.18,142.84,137.8,132.17,126.55,121.33,116.76,113.01,110.19,108.14,106.85,106.15,105.97,106.09,106.38,106.56,106.73,106.73,106.56,106.27,105.74,105.09,104.27,103.33,102.28,101.28,100.23,99.173,98.177,97.297,96.418,95.598,94.836,94.074,93.312,92.432,91.612,90.791,89.971,89.15,88.447,87.743,87.157,86.63,86.22,85.985,85.751,85.458,85.223,85.575,87.099,91.26,98.821,109.78,122.97,136.69,149.64,160.95,170.04,176.66,180.82,182.81,183.17,182.4,180.88,178.95,176.89,174.84,172.97,171.33,169.74,168.28,166.93,165.46,163.88,162.06,159.72,156.85,153.21,148.82,143.54,137.74,131.59,125.84,120.74,116.64,113.42,111.07,109.49,108.61,108.2,108.14,108.2,108.26,108.32,108.2,107.91,107.5,106.85,106.09,105.21,104.21,103.22,102.16,101.11,100.05,99.056,98.177,97.356,96.535,95.715,95.011,94.191,93.37,92.491,91.553,90.674,89.795,88.974,88.212,87.568,87.04,86.688,86.395,86.161,85.868,85.692,85.926,87.45,91.202,98.177,108.67,121.45,134.99,147.88,159.25,168.63,175.6,180.06,182.23,182.75,181.99,180.47,178.53,176.54,174.67,172.91,171.33,169.8,168.45,167.05,165.76,164.23,162.53,160.42,157.67,154.27,149.99,144.89,139.03,132.88,126.84,121.45,116.93,113.42,110.78,109.08,107.91,107.44,107.26,107.32,107.44,107.5,107.44,107.32,106.91,106.44,105.8,104.98,103.98,102.98,101.87,100.76,99.583,98.587,97.649,96.77,96.008,95.305,94.601,93.898,93.194,92.432,91.553,90.674,89.795,88.916,88.037,87.275,86.63,86.102,85.751,85.399,85.223,84.989,84.754,84.871,85.926,89.092,95.422,105.44,118.05,131.76,145.01,156.85,166.81,174.37,179.3,181.93,182.7,182.05,180.53,178.53,176.42,174.31,172.32,170.56,168.92,167.52,166.05,164.64,163.06,161.19,159.02,156.2,152.63,148.23,142.9,137.04,130.88,124.85,119.57,115.23,111.83,109.43,107.73,106.73,106.32,106.15,106.27,106.38,106.5,106.5,106.27,105.85,105.33,104.62,103.74,102.75,101.69,100.46,99.29,98.059,96.946,95.773,94.777,93.898,93.136,92.432,91.729,91.084,90.498,89.795,89.15,88.505,87.743,86.981,86.22,85.458,84.871,84.285,83.816,83.465,83.23,83.054,82.82,82.527,82.527,83.347,85.926,91.377,100.23,112.01,125.2,138.27,149.99,159.95,167.57,172.79,175.72,176.78,176.37,174.9,172.91,170.62,168.28,166.05,163.94,162.01,160.25,158.61,156.91,155.21,153.1,150.58,147.35,143.37,138.56,133.11,127.31,121.68,116.52,112.36,109.08,106.68,105.09,104.21,103.86,103.86,104.1,104.39,104.68,104.8,104.74,104.51,103.98,103.28,102.4,101.46,100.35,99.232,98.001,96.711,95.539,94.367,93.253,92.257,91.377,90.615,89.912,89.326,88.74,88.212,87.743,87.216,86.806,86.278,85.751,85.164,84.637,84.051,83.523,83.054,82.644,82.351,82.117,81.941,81.589,81.413,81.648,83.113,86.864,94.015,104.51,117.4,131.06,144.01,155.21,164.17,170.68,174.72,176.54,176.72,175.66,173.85,171.62,169.22,166.99,164.88,162.89,161.13,159.49,157.9,156.38,154.62,152.51,149.81,146.36,142.14,137.1,131.47,125.72,120.27,115.58,111.77,108.84,106.85,105.56,104.92,104.8,104.92,105.15,105.44,105.62,105.68,105.56,105.21,104.74,104.04,103.22,102.22,101.17,100.05,98.939,97.825,96.653,95.539,94.543,93.605,92.784,92.022,91.377,90.791,90.264,89.678,89.092,88.564,87.978,87.333,86.747,86.102,85.399,84.871,84.344,83.992,83.816,83.582,83.347,83.113,83.113,83.758,85.985,91.202,99.876,111.66,125.08,138.33,150.4,160.78,168.92,174.67,178.07,179.41,179.36,178.3,176.6,174.61,172.67,170.74,168.92,167.28,165.82,164.41,162.94,161.42,159.66,157.55,154.91,151.69,147.53,142.72,137.21,131.41,125.72,120.51,116.11,112.6,110.02,108.26,107.09,106.62,106.44,106.5,106.62,106.73,106.73,106.62,106.32,105.8,105.15,104.27,103.33,102.34,101.28,100.23,99.114,98.001,96.946,95.949,95.011,94.191,93.488,92.784,92.198,91.495,90.791,90.088,89.385,88.623,87.802,87.04,86.278,85.633,85.047,84.637,84.285,84.109,83.875,83.699,83.523,84.109,86.22,91.026,99.407,111.07,124.44,137.92,150.4,161.13,169.57,175.55,179.06,180.53,180.53,179.41,177.71,175.72,173.67,171.74,169.92,168.39,166.87,165.46,164.06,162.59,161.01,159.13,156.79,153.86,150.11,145.54,140.2,134.22,128.19,122.5,117.64,113.65,110.6,108.49,107.03,106.32,105.97,105.97,106.09,106.27,106.27,106.15,105.97,105.56,104.98,104.21,103.33,102.4,101.34,100.23,99.114,98.059,97.004,96.066,95.129,94.367,93.605,92.901,92.315,91.612,90.909,90.147,89.326,88.447,87.626,86.806,86.044,85.34,84.813,84.403,84.109,83.934,83.758,83.465,83.465,84.227,86.688,91.905,100.7,112.3,125.37,138.27,150.05,160.13,167.98,173.55,176.89,178.3,178.18,177.13,175.43,173.38,171.27,169.22,167.34,165.64,163.94,162.36,160.78,159.13,157.2,154.86,152.04,148.53,144.25,139.09,133.4,127.54,121.91,117.05,113.12,110.07,107.85,106.44,105.56,105.21,105.15,105.33,105.44,105.56,105.5,105.39,104.98,104.45,103.69,102.81,101.87,100.81,99.7,98.528,97.356,96.242,95.246,94.308,93.429,92.667,91.964,91.319,90.615,89.971,89.209,88.505,87.743,86.923,86.161,85.458,84.813,84.227,83.758,83.347,83.113,82.879,82.586,82.351,82.351,82.996,85.282,90.381,98.88,110.31,123.38,136.45,148.41,158.67,166.75,172.44,175.66,176.89,176.54,175.14,172.97,170.56,168.04,165.7,163.41,161.42,159.6,157.84,156.14,154.33,152.22,149.7,146.53,142.66,137.97,132.7,127.07,121.68,116.76,112.65,109.55,107.26,105.68,104.74,104.27,104.16,104.27,104.51,104.62,104.68,104.62,104.27,103.86,103.16,102.28,101.34,100.35,99.29,98.235,97.122,96.066,95.011,94.015,93.136,92.374,91.671,90.967,90.381,89.736,89.033,88.388,87.626,86.864,86.161,85.399,84.754,84.109,83.523,83.054,82.761,82.468,82.292,82.058,81.824,81.824,82.644,85.282,90.909,99.994,111.83,125.08,137.92,149.46,159.08,166.23,170.97,173.49,174.14,173.38,171.62,169.45,166.99,164.47,162.12,159.95,157.9,156.14,154.39,152.57,150.58,148.17,145.18,141.49,137.04,132,126.6,121.33,116.52,112.54,109.37,106.91,105.33,104.27,103.74,103.63,103.74,103.98,104.16,104.27,104.27,104.04,103.69,103.1,102.4,101.63,100.7,99.583,98.47,97.415,96.242,95.187,94.132,93.253,92.432,91.671,90.967,90.381,89.795,89.15,88.564,87.978,87.333,86.747,86.044,85.399,84.871,84.344,83.875,83.465,83.23,83.054,82.82,82.527,82.468,83.172,85.633,90.967,99.994,112.07,125.55,138.8,150.75,160.78,168.57,173.79,176.72,177.66,177.19,175.66,173.61,171.33,168.98,166.81,164.82,163,161.36,159.72,158.14,156.26,154.15,151.63,148.41,144.42,139.73,134.34,128.71,123.32,118.34,114.24,111.07,108.61,106.97,106.03,105.68,105.62,105.74,105.91,106.09,106.15,106.03,105.74,105.33,104.68,103.86,102.87,101.87,100.81,99.7,98.528,97.415,96.477,95.539,94.718,94.015,93.312,92.667,91.905,91.202,90.44,89.736,88.974,88.154,87.333,86.688,86.044,85.399,84.93,84.637,84.403,84.227,83.992,83.816,83.992,85.34,88.916,95.773,106.09,118.87,132.23,144.77,155.79,164.94,171.74,176.13,178.36,178.95,178.3,176.95,175.02,172.85,170.86,168.92,167.16,165.41,163.88,162.36,160.89,159.19,157.14,154.62,151.57,147.59,142.84,137.39,131.53,125.78,120.57,116.05,112.48,109.84,108.02,106.91,106.32,106.15,106.27,106.44,106.5,106.5,106.44,106.15,105.68,104.98,104.16,103.22,102.28,101.17,100.05,98.939,97.883,96.887,95.949,95.07,94.308,93.605,92.901,92.139,91.319,90.557,89.795,88.916,87.978,87.099,86.337,85.692,85.047,84.52,84.227,83.992,83.758,83.406,83.23,83.582,85.164,89.092,96.418,107.2,120.27,133.87,146.41,157.26,165.87,172.15,175.84,177.54,177.6,176.54,174.72,172.5,170.27,168.04,166.11,164.29,162.59,161.01,159.43,157.79,155.97,153.74,150.99,147.59,143.43,138.44,132.82,127.07,121.5,116.52,112.48,109.43,107.26,105.8,104.92,104.57,104.57,104.74,104.92,105.03,104.98,104.86,104.51,103.92,103.16,102.34,101.4,100.4,99.29,98.177,97.122,96.184,95.246,94.425,93.663,92.96,92.257,91.436,90.557,89.736,88.974,88.154,87.275,86.571,85.868,85.223,84.696,84.227,83.934,83.758,83.465,83.23,82.996,83.113,84.168,87.04,92.96,102.22,114.18,127.25,139.85,151.1,160.31,167.11,171.56,173.79,174.31,173.49,171.79,169.57,167.11,164.76,162.53,160.42,158.49,156.73,155.03,153.33,151.22,148.88,146,142.31,137.8,132.64,127.13,121.74,116.82,112.54,109.2,106.68,105.03,104.04,103.57,103.57,103.8,104.1,104.39,104.51,104.57,104.45,104.04,103.51,102.69,101.87,100.87,99.818,98.645,97.532,96.594,95.656,94.777,93.898,93.194,92.432,91.612,90.733,89.971,89.209,88.564,87.743,86.981,86.337,85.809,85.223,84.754,84.403,84.168,83.992,83.699,83.406,83.582,84.989,88.623,95.48,105.85,118.75,132.35,145.24,156.5,165.64,172.32,176.42,178.3,178.48,177.42,175.55,173.32,170.92,168.63,166.64,164.76,163,161.36,159.78,158.31,156.61,154.44,151.75,148.35,144.25,139.32,133.7,128.07,122.74,118.05,114.24,111.19,109.08,107.73,107.03,106.68,106.62,106.79,106.97,107.09,107.03,106.79,106.44,105.85,105.03,104.16,103.22,102.28,101.28,100.29,99.29,98.411,97.649,96.887,96.066,95.246,94.425,93.546,92.608,91.671,90.733,89.854,88.974,88.212,87.626,87.157,86.864,86.513,86.278,86.806,88.798,93.253,100.81,111.25,123.56,136.27,148.29,158.61,166.87,172.79,176.48,178.24,178.36,177.48,176.01,174.14,172.03,169.92,167.93,166.11,164.35,162.59,160.72,158.84,156.73,154.09,150.87,146.94,142.31,136.92,131.18,125.37,120.04,115.7,112.24,109.61,107.79,106.73,106.32,106.27,106.32,106.56,106.73,106.85,106.79,106.5,106.03,105.44,104.68,103.8,102.81,101.69,100.64,99.525,98.411,97.297,96.242,95.363,94.543,93.781,93.077,92.432,91.846,91.26,90.557,89.795,89.033,88.388,87.685,86.923,86.22,85.692,85.164,84.813,84.461,84.285,84.109,84.051,84.813,87.333,93.253,103.04,116.05,130.47,144.6,157.43,168.22,176.42,181.88,184.75,185.63,184.86,183.11,180.76,178.24,175.78,173.61,171.62,169.86,168.28,166.93,165.64,164.17,162.47,160.48,158.02,154.68,150.52,145.42,139.67,133.46,127.31,121.68,116.99,113.36,110.66,108.84,107.79,107.32,107.2,107.32,107.44,107.5,107.5,107.32,106.97,106.44,105.68,104.8,103.86,102.81,101.75,100.76,99.818,98.939,98.059,97.122,96.242,95.305,94.425,93.37,92.315,91.319,90.322,89.385,88.447,87.568,86.864,86.337,85.985,85.692,85.34,85.106,84.871,84.754,85.34,87.509,92.022,99.759,110.19,122.27,134.69,146.36,156.44,164.35,169.92,173.38,174.84,174.78,173.61,171.79,169.68,167.34,165.11,162.83,160.72,158.72,156.85,154.8,152.69,150.22,147.29,143.6,139.21,134.05,128.6,123.2,118.1,113.71,110.31,107.85,106.09,105.09,104.62,104.68,104.98,105.33,105.5,105.68,105.74,105.56,105.09,104.45,103.69,102.81,101.87,100.81,99.759,98.88,98.001,97.122,96.242,95.422,94.66,93.898,93.077,92.139,91.319,90.44,89.56,88.74,87.978,87.333,86.806,86.278,85.926,85.692,85.575,85.282,84.989,85.164,86.63,90.381,97.415,107.91,120.92,134.75,147.82,159.25,168.45,175.19,179.3,181.11,181.23,180.12,178.24,175.96,173.44,171.03,168.86,166.87,165,163.18,161.48,159.78,157.84,155.5,152.63,148.99,144.54,139.38,133.7,128.01,122.74,118.28,114.59,111.77,109.9,108.67,108.02,107.79,107.79,107.96,108.14,108.02,107.91,107.61,107.2,106.5,105.62,104.68,103.69,102.69,101.69,100.7,99.876,99.056,98.177,97.356,96.594,95.832,95.011,94.074,93.077,92.022,91.202,90.322,89.443,88.623,87.978,87.509,87.099,86.747,86.513,86.278,86.161,86.513,87.978,91.788,98.821,108.84,121.09,134.05,146.41,157.38,166.34,173.08,177.36,179.53,180,179.18,177.6,175.55,173.32,171.03,168.98,167.16,165.41,163.82,162.12,160.36,158.43,156.03,153.1,149.4,145.01,139.73,133.93,128.01,122.5,117.81,114.06,111.19,109.14,107.91,107.32,107.03,107.09,107.32,107.5,107.61,107.5,107.26,106.79,106.27,105.44,104.45,103.51,102.51,101.58,100.52,99.583,98.763,97.942,97.122,96.301,95.48,94.601,93.722,92.726,91.671,90.733,89.854,88.974,88.154,87.568,87.099,86.806,86.513,86.161,85.985,85.868,86.102,87.626,91.377,98.411,108.84,121.62,134.99,147.76,159.08,168.22,174.9,179.12,181.23,181.58,180.64,178.83,176.6,174.37,172.15,169.98,168.04,166.28,164.64,163,161.3,159.37,157.08,154.15,150.52,146,140.73,134.93,129.01,123.32,118.4,114.53,111.6,109.49,108.02,107.26,106.97,106.97,107.03,107.2,107.26,107.26,106.97,106.5,105.85,105.09,104.21,103.16,102.05,100.99,100.05,99.056,98.059,97.18,96.36,95.539,94.718,93.781,92.784,91.846,90.909,89.854,88.857,88.037,87.275,86.63,86.044,85.633,85.34,85.164,84.871,84.461,84.344,84.813,86.513,90.44,97.473,107.73,120.04,132.88,144.95,155.56,164.17,170.33,173.9,175.43,175.37,174.14,172.2,169.68,167.16,164.82,162.53,160.48,158.61,156.85,155.21,153.39,151.1,148.29,144.89,140.67,135.75,130.18,124.55,119.28,114.82,111.13,108.32,106.44,105.33,104.8,104.68,104.86,105.21,105.62,105.85,105.8,105.62,105.21,104.68,103.92,102.98,101.93,100.93,99.876,98.763,97.649,96.711,95.949,95.129,94.308,93.488,92.726,91.905,91.084,90.264,89.443,88.681,87.978,87.216,86.571,85.985,85.633,85.282,84.989,84.696,84.403,84.168,84.168,85.106,87.978,93.898,103.45,115.58,129.07,142.31,154.27,164.12,171.44,176.25,178.65,179.3,178.36,176.42,174.02,171.38,168.81,166.28,164,162.01,160.19,158.49,156.79,154.86,152.69,149.93,146.36,141.84,136.69,131.06,125.49,120.27,115.82,112.3,109.72,107.96,106.85,106.38,106.38,106.62,106.85,107.03,107.2,107.2,106.97,106.56,105.91,105.09,104.21,103.22,102.1,100.99,99.994,99.056,98.177,97.297,96.418,95.656,94.894,94.132,93.194,92.315,91.495,90.674,89.854,89.033,88.271,87.743,87.216,86.864,86.571,86.337,86.161,85.926,85.868,86.747,89.56,95.422,104.74,116.82,130.18,143.43,155.5,165.41,172.85,177.71,180.29,180.94,180.18,178.53,176.42,174.26,172.15,170.09,168.22,166.58,165.05,163.59,162.06,160.36,158.37,155.85,152.69,148.7,143.84,138.38,132.52,126.78,121.56,117.23,113.88,111.31,109.55,108.49,108.02,107.91,108.02,108.14,108.2,108.2,108.02,107.73,107.2,106.5,105.68,104.8,103.86,102.81,101.81,100.87,100.05,99.173,98.294,97.473,96.594,95.715,94.718,93.722,92.726,91.788,90.85,89.971,89.092,88.447,87.919,87.509,87.216,86.923,86.688,86.513,86.747,88.095,91.729,98.528,108.79,121.39,134.69,147.47,158.9,168.45,175.49,180,182.34,182.99,182.29,180.7,178.59,176.48,174.37,172.38,170.5,168.81,167.22,165.76,164.12,162.42,160.36,157.9,154.74,150.81,145.95,140.32,134.11,128.01,122.38,117.58,113.83,111.07,109.2,108.02,107.5,107.32,107.44,107.67,107.85,107.91,107.85,107.55,107.03,106.32,105.44,104.51,103.45,102.4,101.4,100.4,99.466,98.528,97.649,96.77,95.832,94.894,93.839,92.843,91.729,90.674,89.736,88.857,88.095,87.45,86.864,86.395,86.161,85.868,85.575,85.282,85.282,86.161,88.916,94.425,103.28,114.94,127.95,140.79,152.45,162.24,169.74,174.72,177.42,178.24,177.6,176.13,174.02,171.62,169.22,167.05,165,163.18,161.42,159.72,158.08,156.2,154.03,151.51,148.17,144.07,139.03,133.46,127.66,122.03,117.11,113.06,110.02,107.79,106.44,105.68,105.44,105.56,105.8,106.15,106.38,106.38,106.15,105.85,105.33,104.57,103.63,102.63,101.58,100.46,99.466,98.47,97.473,96.594,95.773,95.011,94.191,93.312,92.491,91.612,90.791,89.971,89.15,88.447,87.802,87.157,86.688,86.278,85.985,85.751,85.458,85.164,84.989,85.399,87.45,92.139,100.23,111.6,124.9,138.5,150.99,161.6,169.74,175.37,178.48,179.59,179.12,177.54,175.37,172.85,170.39,167.98,165.87,163.94,162.24,160.6,159.13,157.49,155.68,153.39,150.34,146.53,79.01,78.483,78.072,77.662,77.31,71.977,71.625,71.332,71.097,70.922,70.746,70.863,72.563,77.545,87.626,102.63,120.16,137.39,152.39,164.47,173.73,179.94,183.22,184.04,183.11,181,178.3,175.37,172.56,170.04,167.98,166.23,164.7,163.3,162.06,160.72,159.25,157.38,154.97,151.98,148.17,143.48,138.15,132.52,127.01,121.8,117.34,113.88,111.25,109.31,107.96,107.26,106.85,106.73,106.73,106.68,106.56,106.32,105.91,105.44,104.8,104.04,103.22,102.22,101.11,100.05,99.056,97.942,96.77,95.656,94.66,93.722,92.784,91.905,91.202,90.615,90.147,89.678,89.209,88.798,88.447,87.978,87.509,86.923,86.337,85.809,85.164,84.637,84.109,83.816,83.523,83.289,82.996,82.644,82.527,83.054,84.93,89.502,97.415,108.55,121.56,134.75,146.88,157.38,165.7,171.62,175.25,176.89,177.07,176.13,174.49,172.44,170.39,168.39,166.52,164.7,163.06,161.6,160.25,158.84,157.38,155.56,153.33,150.4,146.88,142.43,137.21,131.7,126.02,120.8,116.23,112.6,109.78,107.79,106.44,105.68,105.33,105.21,105.33,105.5,105.62,105.62,105.39,104.92,104.39,103.69,102.87,101.93,100.93,99.935,98.939,97.942,96.946,96.066,95.246,94.543,93.722,92.901,92.139,91.319,90.498,89.678,88.798,87.919,87.157,86.513,85.926,85.399,85.047,84.754,84.52,84.285,84.168,84.696,86.806,91.788,100.29,111.83,124.96,138.27,150.52,161.13,169.57,175.49,179.12,180.76,180.88,179.88,178.18,176.19,174.14,172.26,170.45,168.86,167.34,165.99,164.64,163.18,161.65,159.95,157.79,155.09,151.69,147.47,142.43,136.63,130.41,124.55,119.28,114.94,111.48,108.9,107.2,106.15,105.68,105.5,105.56,105.74,105.91,105.91,105.74,105.44,104.98,104.45,103.69,102.75,101.87,100.93,99.994,99.056,98.235,97.415,96.653,95.773,94.894,94.015,93.077,92.022,90.967,89.971,89.033,88.154,87.333,86.688,86.161,85.868,85.575,85.223,84.93,84.871,85.458,87.568,92.315,100.4,111.54,124.14,136.74,148.41,158.49,166.58,172.32,175.78,177.42,177.54,176.6,175.02,173.14,171.21,169.22,167.34,165.7,164.06,162.47,160.89,159.25,157.32,155.03,152.22,148.76,144.48,139.44,133.75,127.95,122.38,117.4,113.3,110.13,107.85,106.32,105.33,104.8,104.74,104.8,104.92,104.98,105.03,104.98,104.68,104.21,103.57,102.81,101.93,100.99,99.994,99.114,98.177,97.297,96.477,95.656,94.777,93.898,92.901,91.964,91.026,90.029,89.033,88.037,87.157,86.395,85.751,85.223,84.871,84.637,84.403,84.168,84.051,84.168,85.282,88.271,94.367,103.8,115.82,128.89,141.61,152.98,162.42,169.51,174.14,176.54,177.19,176.37,174.72,172.61,170.39,168.04,165.87,163.88,162.06,160.31,158.55,156.79,154.86,152.57,149.64,146.06,141.67,136.57,130.88,125.14,119.69,115.06,111.25,108.38,106.32,105.09,104.45,104.21,104.27,104.57,104.8,104.98,105.03,104.98,104.74,104.16,103.51,102.63,101.69,100.7,99.583,98.587,97.649,96.711,95.832,95.011,94.249,93.429,92.491,91.612,90.733,89.795,88.916,87.978,87.216,86.571,85.926,85.282,84.813,84.461,84.285,83.992,83.758,83.523,83.816,85.047,88.271,94.543,104.21,116.35,129.36,141.9,153.04,162.12,168.81,173.14,175.31,175.72,174.9,173.32,171.27,168.98,166.81,164.64,162.59,160.66,158.84,157.08,155.09,152.98,150.4,147.29,143.43,138.74,133.4,127.83,122.38,117.46,113.42,110.31,108.02,106.5,105.62,105.33,105.33,105.5,105.74,105.91,106.09,105.97,105.68,105.15,104.57,103.8,102.87,101.87,100.81,99.876,98.88,97.942,97.004,96.242,95.48,94.718,93.898,93.194,92.374,91.495,90.615,89.678,88.857,88.037,87.216,86.513,85.868,85.399,85.106,84.871,84.637,84.403,84.285,84.754,86.688,91.26,99.29,110.54,123.61,136.98,149.35,160.13,168.51,174.37,177.89,179.36,179.18,177.89,175.84,173.61,171.38,169.16,167.11,165.17,163.41,161.83,160.13,158.31,156.38,154.03,151.1,147.41,143.02,137.86,132.23,126.43,120.98,116.35,112.65,109.84,107.79,106.5,105.8,105.56,105.56,105.62,105.8,105.91,105.85,105.62,105.09,104.45,103.69,102.81,101.81,100.76,99.759,98.821,97.825,96.887,95.949,95.07,94.249,93.312,92.374,91.436,90.557,89.678,88.798,87.978,87.333,86.747,86.161,85.692,85.34,85.106,84.871,84.461,84.168,84.051,84.637,86.513,90.733,98.118,108.67,121.15,134.11,146.24,156.67,164.94,170.74,174.14,175.49,175.37,174.08,172.03,169.74,167.28,165,162.89,160.89,159.08,157.43,155.91,154.27,152.22,149.87,146.83,143.02,138.33,132.99,127.37,121.91,117.05,112.95,109.72,107.5,105.91,105.03,104.68,104.68,104.92,105.21,105.56,105.68,105.74,105.5,105.09,104.51,103.74,102.81,101.87,100.87,99.876,98.88,97.942,97.063,96.184,95.305,94.425,93.546,92.667,91.788,90.909,90.029,89.209,88.564,87.861,87.275,86.806,86.337,86.102,85.809,85.575,85.282,85.164,85.868,88.212,93.488,102.22,114.06,127.48,140.96,153.39,163.82,171.74,177.13,180.06,181,180.41,179,176.95,174.72,172.56,170.5,168.63,166.93,165.35,163.88,162.36,160.78,158.9,156.67,153.8,150.17,145.71,140.55,134.87,129.12,123.67,118.93,115.06,112.13,110.02,108.55,107.79,107.55,107.55,107.67,107.79,107.91,107.79,107.61,107.2,106.62,105.8,104.92,103.92,102.92,101.93,100.99,100.05,99.173,98.294,97.473,96.653,95.832,95.07,94.132,93.194,92.257,91.319,90.44,89.56,88.798,88.095,87.626,87.157,86.923,86.688,86.337,86.161,86.571,88.154,92.315,99.759,110.49,123.38,136.69,149.23,160.31,169.33,175.84,180,181.99,182.4,181.7,180.12,178.18,176.19,174.2,172.32,170.62,169.1,167.69,166.23,164.76,163.12,161.24,159.02,156.14,152.57,148.17,142.84,136.92,130.77,124.9,119.86,115.76,112.6,110.37,108.9,108.02,107.67,107.67,107.79,107.96,108.02,108.02,107.79,107.44,106.85,106.09,105.21,104.27,103.22,102.22,101.22,100.29,99.349,98.47,97.649,96.77,96.008,95.07,94.191,93.194,92.198,91.26,90.322,89.443,88.681,87.978,87.509,87.099,86.806,86.63,86.337,86.161,86.337,87.685,91.202,97.883,107.96,120.51,133.93,146.94,158.49,168.1,175.25,179.88,182.23,182.81,182.05,180.53,178.59,176.54,174.49,172.61,170.92,169.33,167.75,166.23,164.7,163,161.01,158.61,155.68,151.98,147.47,142.14,136.16,130,124.14,118.98,114.94,111.77,109.55,108.2,107.44,107.2,107.2,107.38,107.61,107.73,107.67,107.5,107.09,106.62,105.85,104.98,104.04,102.98,101.93,100.93,99.994,99.056,98.177,97.356,96.535,95.773,94.894,94.074,93.194,92.257,91.319,90.322,89.443,88.623,87.861,87.216,86.806,86.571,86.278,85.985,85.751,85.692,86.161,88.095,92.55,100.35,111.25,123.97,137.1,149.35,160.01,168.45,174.43,178.01,179.53,179.47,178.3,176.42,174.26,171.97,169.8,167.81,165.99,164.29,162.77,161.19,159.54,157.73,155.44,152.57,148.94,144.54,139.38,133.58,127.6,121.91,116.93,112.89,109.84,107.73,106.32,105.56,105.21,105.33,105.56,105.8,105.97,106.03,105.91,105.56,104.98,104.21,103.33,102.34,101.22,100.11,98.997,97.883,96.711,95.715,94.777,94.074,93.253,92.55,91.788,91.084,90.381,89.56,88.857,88.095,87.333,86.63,85.985,85.399,84.93,84.52,84.227,83.992,83.816,83.465,83.289,83.523,84.871,88.271,95.011,105.03,117.64,131,143.72,154.97,164.06,170.68,174.78,176.72,176.89,175.72,173.79,171.44,168.92,166.64,164.41,162.47,160.66,159.08,157.49,155.73,153.86,151.57,148.7,144.95,140.38,135.1,129.42,123.73,118.57,114.24,110.84,108.38,106.56,105.44,104.92,104.92,105.03,105.33,105.62,105.8,105.8,105.56,105.03,104.39,103.63,102.63,101.58,100.4,99.232,98.118,96.946,95.773
0.3651,0.34995,0.31965,0.29472,0.28983,0.29472,0.29472,0.28983,0.28495,0.21994,0.19501,0.37488,0.8651,1.3055,1.1202,0.76002,0.54985,0.45015,0.35973,0.28006,0.24976,0.24976,0.26002,0.26979,0.26979,0.28006,0.28006,0.3001,0.30499,0.31965,0.33969,0.3651,0.38514,0.3998,0.42473,0.45015,0.49022,0.52493,0.56989,0.62023,0.65494,0.68035,0.69013,0.68035,0.65005,0.61486,0.56989,0.52493,0.47996,0.435,0.3998,0.36999,0.34995,0.3348,0.32502,0.31965,0.30987,0.30499,0.30499,0.3001,0.30499,0.30499,0.30499,0.30987,0.32991,0.32991,0.32991,0.34506,0.35484,0.35973,0.35973,0.3651,0.38514,0.41496,0.43011,0.42473,0.45015,0.49022,0.47507,0.45992,0.43011,0.39492,0.35973,0.34506,0.30987,0.3001,0.3001,0.3001,0.29472,0.28983,0.26979,0.19501,0.17986,0.43988,0.96041,1.3407,1.0753,0.71505,0.51515,0.41984,0.33969,0.26491,0.24487,0.24976,0.26002,0.26002,0.27468,0.28006,0.28983,0.3001,0.31476,0.32991,0.34995,0.3651,0.39003,0.40469,0.43011,0.45992,0.49022,0.53519,0.58993,0.6349,0.67498,0.69501,0.70528,0.69013,0.66031,0.62023,0.56989,0.52004,0.47996,0.435,0.39492,0.35973,0.33969,0.32991,0.31965,0.30987,0.30499,0.3001,0.3001,0.3001,0.29472,0.28983,0.3001,0.30499,0.30987,0.32502,0.32991,0.3348,0.34506,0.34995,0.34995,0.36999,0.40469,0.41496,0.40469,0.43988,0.47507,0.46481,0.43988,0.40469,0.3651,0.34506,0.31476,0.28495,0.28006,0.28006,0.28006,0.28006,0.27468,0.2346,0.15494,0.21994,0.54008,1.1153,1.3157,0.95552,0.6002,0.44477,0.35973,0.28983,0.2346,0.22972,0.22972,0.2346,0.24487,0.26002,0.26002,0.26979,0.28495,0.3001,0.31476,0.32991,0.34995,0.36999,0.39003,0.41496,0.44477,0.49022,0.53519,0.58016,0.62512,0.65494,0.67009,0.67498,0.65005,0.61486,0.56989,0.52004,0.47507,0.43011,0.39003,0.35484,0.32502,0.30499,0.28983,0.28495,0.28495,0.28006,0.27468,0.27468,0.27468,0.27468,0.26979,0.28006,0.28006,0.28495,0.29472,0.3001,0.30987,0.31965,0.34506,0.38514,0.41007,0.40469,0.3998,0.47019,0.45992,0.44477,0.41496,0.37488,0.34506,0.32502,0.28983,0.27468,0.26979,0.26979,0.26491,0.26491,0.24976,0.1696,0.15494,0.38514,0.91007,1.3255,1.1056,0.71505,0.5,0.39003,0.31965,0.23998,0.21994,0.21994,0.22483,0.2346,0.23998,0.25464,0.26491,0.27468,0.28006,0.3001,0.31476,0.3348,0.35484,0.37488,0.39492,0.42473,0.45992,0.5,0.54985,0.6002,0.6349,0.65494,0.6652,0.65005,0.62023,0.58016,0.53519,0.47996,0.435,0.39492,0.35484,0.32991,0.30987,0.29472,0.28983,0.28006,0.28006,0.27468,0.26979,0.27468,0.27468,0.27468,0.28006,0.28006,0.28495,0.28495,0.3001,0.30499,0.32991,0.35484,0.3998,0.42473,0.41496,0.43988,0.47507,0.47019,0.45015,0.41496,0.37488,0.34995,0.32502,0.28983,0.28006,0.27468,0.26979,0.26491,0.26979,0.24976,0.15494,0.14467,0.40469,0.95552,1.2908,1.0503,0.69013,0.52004,0.41007,0.32502,0.24487,0.22483,0.22972,0.2346,0.24487,0.25464,0.26002,0.26979,0.28006,0.29472,0.30499,0.32502,0.34995,0.36999,0.39003,0.41007,0.435,0.47507,0.50978,0.56012,0.60997,0.64027,0.66031,0.66031,0.64027,0.61486,0.57527,0.52493,0.47996,0.43988,0.39492,0.3651,0.3348,0.32991,0.30987,0.30499,0.3001,0.3001,0.29472,0.28495,0.28983,0.29472,0.28983,0.29472,0.30499,0.30987,0.31965,0.32991,0.33969,0.36999,0.40469,0.435,0.42473,0.45015,0.49511,0.49022,0.47019,0.43988,0.3998,0.36999,0.34506,0.31476,0.30499,0.29472,0.29472,0.29472,0.28983,0.27468,0.1999,0.17498,0.34506,0.82502,1.2708,1.0953,0.73998,0.52493,0.435,0.34995,0.26979,0.2346,0.2346,0.24487,0.25464,0.26002,0.26979,0.28006,0.28495,0.30499,0.31476,0.33969,0.35484,0.37488,0.39492,0.41984,0.44477,0.47996,0.52004,0.56989,0.60997,0.65005,0.6652,0.67009,0.65494,0.63001,0.58993,0.54497,0.5,0.45015,0.41007,0.37488,0.34506,0.32991,0.30987,0.30499,0.3001,0.28983,0.28006,0.28495,0.28495,0.28983,0.29472,0.30499,0.30499,0.31965,0.32991,0.3348,0.35973,0.3998,0.42473,0.41984,0.43988,0.48485,0.47996,0.46481,0.43011,0.38514,0.34995,0.3348,0.30499,0.28495,0.28006,0.28006,0.28006,0.27468,0.26002,0.17986,0.14956,0.32502,0.82014,1.2708,1.1105,0.73509,0.50978,0.40469,0.3348,0.24976,0.22483,0.22483,0.2346,0.24487,0.25464,0.26002,0.27468,0.28006,0.3001,0.30987,0.32991,0.34995,0.36999,0.39003,0.41496,0.44477,0.47996,0.52004,0.56989,0.61486,0.64516,0.6652,0.67009,0.65005,0.62512,0.58016,0.53519,0.48485,0.43988,0.39492,0.35973,0.3348,0.31965,0.30499,0.3001,0.29472,0.29472,0.28983,0.28495,0.28495,0.28495,0.28495,0.28006,0.28983,0.30499,0.30987,0.32991,0.35973,0.40469,0.41984,0.42473,0.46481,0.48485,0.47996,0.45015,0.41007,0.37488,0.34995,0.3348,0.30499,0.28495,0.28006,0.28006,0.28006,0.28006,0.24487,0.1696,0.20968,0.49511,1.0352,1.2757,0.97556,0.65494,0.50489,0.41007,0.31476,0.24976,0.2346,0.23998,0.23998,0.25464,0.26002,0.26979,0.28495,0.3001,0.30987,0.31965,0.34506,0.36999,0.39003,0.41007,0.43011,0.46481,0.5,0.54008,0.58993,0.6349,0.6652,0.68035,0.67009,0.65005,0.62512,0.57527,0.52981,0.48485,0.45015,0.41007,0.37488,0.35484,0.33969,0.32991,0.32502,0.30987,0.30987,0.30499,0.30987,0.31476,0.30987,0.31965,0.32502,0.3348,0.34995,0.35484,0.38514,0.43011,0.44477,0.44477,0.48485,0.50489,0.49511,0.47019,0.435,0.39492,0.37488,0.33969,0.31965,0.30499,0.30499,0.30499,0.30499,0.30499,0.26979,0.18475,0.17986,0.54497,1.0953,1.2957,0.9653,0.64027,0.49511,0.41007,0.32502,0.26002,0.23998,0.24487,0.26002,0.28006,0.28006,0.29472,0.3001,0.30987,0.31965,0.33969,0.35973,0.37977,0.3998,0.42473,0.44477,0.47507,0.51515,0.56012,0.60997,0.65005,0.68035,0.69013,0.68035,0.65494,0.62023,0.56989,0.52981,0.48485,0.43988,0.40469,0.37488,0.34995,0.32991,0.32502,0.31965,0.30987,0.30499,0.3001,0.3001,0.29472,0.3001,0.3001,0.30987,0.32502,0.3348,0.34995,0.39003,0.41496,0.42473,0.41984,0.48485,0.47507,0.47019,0.435,0.39492,0.3651,0.33969,0.30499,0.28006,0.27468,0.26979,0.26979,0.26491,0.25464,0.17986,0.14467,0.28495,0.7654,1.2757,1.3006,0.79032,0.52493,0.40469,0.32502,0.24976,0.20968,0.20968,0.20968,0.21994,0.2346,0.23998,0.24976,0.26002,0.27468,0.28983,0.30499,0.32502,0.34506,0.3651,0.38514,0.41007,0.44477,0.49022,0.52981,0.58504,0.61486,0.64027,0.64516,0.63001,0.6002,0.56012,0.52004,0.47019,0.42473,0.37977,0.34506,0.31965,0.3001,0.28495,0.28006,0.27468,0.27468,0.26979,0.26979,0.26491,0.26979,0.27468,0.27468,0.28006,0.28495,0.30499,0.33969,0.37977,0.39492,0.3998,0.43988,0.46481,0.45503,0.435,0.3998,0.3651,0.32991,0.30499,0.27468,0.26979,0.26491,0.26491,0.26002,0.26002,0.21994,0.13978,0.1349,0.49511,1.0806,1.2908,0.97019,0.61486,0.45992,0.35973,0.28495,0.21994,0.20968,0.20968,0.21457,0.22972,0.23998,0.24976,0.26002,0.26979,0.28495,0.30499,0.31965,0.3348,0.35973,0.37977,0.41007,0.43988,0.47507,0.52493,0.56989,0.60508,0.6349,0.64516,0.6349,0.62023,0.58016,0.53519,0.49022,0.43988,0.3998,0.3651,0.32991,0.30987,0.29472,0.28495,0.28006,0.28006,0.27468,0.26979,0.26491,0.26979,0.26979,0.26979,0.27468,0.28006,0.28006,0.30499,0.3348,0.38514,0.3998,0.3998,0.435,0.47019,0.45992,0.43988,0.40469,0.36999,0.34506,0.31965,0.28983,0.28006,0.28006,0.27468,0.27468,0.26491,0.2346,0.15494,0.14467,0.435,1.0005,1.2957,1.0303,0.66031,0.49022,0.38514,0.30499,0.22972,0.21457,0.21457,0.21994,0.22972,0.2346,0.23998,0.26002,0.27468,0.28006,0.29472,0.31965,0.32991,0.35484,0.37977,0.40469,0.435,0.47507,0.52004,0.565,0.60508,0.63001,0.64516,0.6349,0.62023,0.58016,0.54497,0.5,0.45015,0.41007,0.37488,0.34506,0.31965,0.30499,0.3001,0.29472,0.28983,0.28983,0.28495,0.28006,0.28006,0.28006,0.28006,0.28495,0.28983,0.3001,0.32502,0.3651,0.40469,0.41984,0.41984,0.47019,0.47996,0.46481,0.43988,0.3998,0.36999,0.34506,0.31476,0.28983,0.28006,0.27468,0.27468,0.26979,0.26979,0.22972,0.15494,0.21457,0.54497,1.1056,1.2556,0.91007,0.59531,0.46481,0.37977,0.28495,0.22483,0.21994,0.22483,0.22972,0.2346,0.24976,0.26002,0.26979,0.28495,0.3001,0.31476,0.32991,0.34995,0.36999,0.39003,0.41984,0.44477,0.49022,0.52981,0.57527,0.60508,0.63001,0.6349,0.62023,0.60508,0.56989,0.52493,0.47996,0.43988,0.3998,0.36999,0.33969,0.32502,0.31476,0.30499,0.3001,0.29472,0.28983,0.28495,0.28495,0.28495,0.28495,0.29472,0.3001,0.30987,0.32502,0.34506,0.39003,0.42473,0.42473,0.45015,0.49511,0.49511,0.47019,0.435,0.39492,0.36999,0.34506,0.31476,0.29472,0.29472,0.28983,0.28495,0.28006,0.27468,0.20479,0.17498,0.31476,0.77028,1.2405,1.1202,0.78006,0.56012,0.46481,0.3651,0.26979,0.2346,0.2346,0.24487,0.24976,0.26002,0.26979,0.28006,0.29472,0.30987,0.32502,0.33969,0.35484,0.37977,0.39492,0.41984,0.44477,0.49022,0.52493,0.56989,0.60508,0.64027,0.65494,0.65494,0.6349,0.60508,0.56989,0.52981,0.49022,0.45015,0.41007,0.37488,0.35484,0.3348,0.32991,0.31476,0.30987,0.30499,0.3001,0.3001,0.3001,0.30499,0.31476,0.32991,0.33969,0.33969,0.3651,0.39492,0.43011,0.44477,0.43988,0.49511,0.50489,0.49511,0.47019,0.42473,0.39003,0.36999,0.33969,0.31476,0.30499,0.29472,0.29472,0.29472,0.28983,0.24976,0.17498,0.21994,0.52981,1.0606,1.2405,0.92522,0.62512,0.49022,0.41007,0.31476,0.24976,0.23998,0.24487,0.24976,0.26002,0.26491,0.28006,0.28983,0.30499,0.30987,0.32991,0.34506,0.36999,0.39003,0.41007,0.43988,0.47019,0.50489,0.54985,0.58993,0.61486,0.64027,0.65005,0.64027,0.61486,0.58993,0.54497,0.5,0.45992,0.42473,0.37977,0.35484,0.3348,0.32502,0.30987,0.30499,0.3001,0.3001,0.29472,0.3001,0.29472,0.30499,0.30499,0.31965,0.32991,0.34506,0.37488,0.41496,0.42473,0.42473,0.46481,0.49022,0.47019,0.45503,0.41984,0.37977,0.34995,0.32502,0.3001,0.28495,0.28006,0.28006,0.28006,0.28006,0.24976,0.15982,0.14956,0.41496,0.97556,1.2757,1.0054,0.6652,0.5,0.40469,0.31965,0.24976,0.22972,0.22483,0.23998,0.25464,0.24487,0.26002,0.27468,0.28495,0.30499,0.31476,0.32991,0.34995,0.36999,0.39003,0.41984,0.45015,0.49022,0.52981,0.57527,0.60997,0.6349,0.64516,0.6349,0.61486,0.58016,0.54497,0.49511,0.45015,0.41007,0.36999,0.34506,0.32502,0.30499,0.3001,0.29472,0.28495,0.28006,0.28006,0.28006,0.28006,0.28006,0.28983,0.3001,0.30499,0.31476,0.34995,0.3998,0.41496,0.41496,0.45992,0.47996,0.47019,0.45015,0.41496,0.37488,0.34506,0.32502,0.29472,0.28006,0.27468,0.27468,0.26979,0.26979,0.23998,0.15494,0.14467,0.42473,0.97556,1.2556,1.0103,0.65005,0.48485,0.38514,0.30499,0.22483,0.20968,0.20968,0.21994,0.2346,0.2346,0.24487,0.26002,0.27468,0.28495,0.30499,0.32502,0.33969,0.3651,0.38514,0.41007,0.43988,0.47996,0.52493,0.57527,0.60508,0.63001,0.64027,0.63001,0.60508,0.57527,0.52981,0.48485,0.43988,0.39492,0.3651,0.33969,0.31476,0.30499,0.28983,0.28495,0.28495,0.28495,0.28006,0.28006,0.27468,0.28006,0.28495,0.29472,0.30499,0.32502,0.35484,0.40469,0.42473,0.43011,0.47507,0.50489,0.50489,0.47996,0.44477,0.41984,0.39492,0.36999,0.32991,0.30987,0.30499,0.30499,0.3001,0.30499,0.26979,0.17986,0.1696,0.42473,0.96041,1.2556,0.9956,0.67009,0.52004,0.41984,0.31965,0.2346,0.20968,0.21457,0.22972,0.23998,0.24976,0.25464,0.26491,0.28495,0.30499,0.32502,0.34506,0.36999,0.39492,0.42473,0.45503,0.48485,0.52004,0.56989,0.61486,0.65494,0.68035,0.70039,0.69013,0.67009,0.6349,0.58993,0.54985,0.50489,0.45992,0.41984,0.37977,0.3651,0.34506,0.32991,0.30987,0.30499,0.3001,0.29472,0.29472,0.28983,0.28983,0.29472,0.30499,0.30987,0.32991,0.35484,0.3998,0.42473,0.42473,0.47507,0.5,0.49511,0.47996,0.44477,0.41007,0.38514,0.35484,0.32991,0.32502,0.31965,0.32502,0.32502,0.30987,0.3001,0.21994,0.20968,0.46481,0.9956,1.3006,1.0054,0.6652,0.5,0.41984,0.33969,0.26979,0.24487,0.24976,0.26002,0.26002,0.26979,0.28006,0.28983,0.30987,0.31476,0.32991,0.35484,0.37488,0.37977,0.41007,0.43988,0.47019,0.51515,0.55523,0.60508,0.64027,0.6652,0.67498,0.67009,0.65005,0.62023,0.57527,0.53519,0.49022,0.45015,0.41007,0.37488,0.34995,0.34506,0.32991,0.31965,0.30499,0.30987,0.30987,0.30987,0.30499,0.30499,0.31476,0.32991,0.3348,0.34995,0.39003,0.41984,0.43011,0.45503,0.50489,0.5,0.49022,0.45992,0.42473,0.39492,0.36999,0.33969,0.31965,0.30987,0.30499,0.30499,0.30499,0.29472,0.22483,0.17986,0.28983,0.71505,1.2454,1.3206,0.82502,0.55523,0.43988,0.35484,0.26979,0.22483,0.21457,0.22483,0.22972,0.2346,0.24976,0.25464,0.26491,0.27468,0.28495,0.30499,0.32991,0.34506,0.35973,0.38514,0.41984,0.45503,0.49511,0.54008,0.58993,0.63001,0.64027,0.64516,0.6349,0.60508,0.565,0.52004,0.46481,0.41984,0.37488,0.33969,0.31476,0.28983,0.27468,0.26491,0.26002,0.26002,0.25464,0.24976,0.25464,0.25464,0.26002,0.26002,0.27468,0.28006,0.30987,0.35484,0.37488,0.37488,0.41496,0.45015,0.44477,0.42473,0.39492,0.35973,0.32502,0.30499,0.26979,0.26002,0.25464,0.25464,0.24487,0.24487,0.21994,0.1349,0.11486,0.35973,0.90029,1.2854,1.0352,0.65005,0.43988,0.33969,0.26979,0.1999,0.18475,0.18475,0.18964,0.18964,0.20479,0.20968,0.21994,0.2346,0.24976,0.26491,0.28495,0.30499,0.32991,0.34995,0.37488,0.41007,0.45503,0.5,0.54497,0.58504,0.61486,0.62512,0.62023,0.6002,0.56989,0.52493,0.47507,0.43011,0.38514,0.34995,0.32502,0.29472,0.28006,0.26979,0.26491,0.26002,0.25464,0.24976,0.24487,0.24487,0.23998,0.23998,0.24976,0.25464,0.26002,0.29472,0.35484,0.37488,0.35973,0.39492,0.435,0.42473,0.41007,0.37977,0.34506,0.32502,0.3001,0.27468,0.26002,0.25464,0.25464,0.25464,0.24976,0.22483,0.13978,0.12463,0.41496,0.95552,1.2757,1.0205,0.67009,0.49511,0.39003,0.30499,0.22972,0.20968,0.21457,0.21994,0.22483,0.23998,0.24976,0.26002,0.26979,0.28495,0.3001,0.31476,0.3348,0.34995,0.36999,0.39492,0.435,0.46481,0.50489,0.55523,0.6002,0.62512,0.6349,0.64027,0.60997,0.58016,0.54008,0.49511,0.45503,0.41984,0.37977,0.35484,0.34506,0.32502,0.31476,0.30987,0.30499,0.30499,0.30987,0.30499,0.3001,0.3001,0.30499,0.30987,0.32502,0.34506,0.37977,0.41496,0.42473,0.43988,0.5,0.50978,0.49511,0.46481,0.43988,0.3998,0.36999,0.33969,0.31476,0.30499,0.3001,0.30499,0.3001,0.28983,0.24487,0.17498,0.25464,0.60997,1.1706,1.2854,0.90029,0.63001,0.50489,0.40469,0.30987,0.25464,0.24487,0.25464,0.26002,0.26979,0.28495,0.28983,0.3001,0.32502,0.33969,0.34995,0.37488,0.3998,0.41984,0.44477,0.47019,0.5,0.54497,0.59531,0.6349,0.65494,0.67498,0.68524,0.67498,0.64516,0.60997,0.565,0.52004,0.47996,0.43988,0.41984,0.39003,0.36999,0.34995,0.34506,0.34995,0.33969,0.32991,0.32991,0.32502,0.32991,0.3348,0.34506,0.34995,0.3651,0.39492,0.42473,0.44477,0.44477,0.47019,0.52004,0.52493,0.50978,0.47996,0.43988,0.41496,0.39003,0.35973,0.32991,0.31965,0.31476,0.30987,0.30499,0.3001,0.21994,0.1696,0.30499,0.7654,1.2757,1.3055,0.81525,0.56012,0.43011,0.33969,0.26979,0.2346,0.2346,0.2346,0.24487,0.26002,0.26002,0.26979,0.28006,0.29472,0.30987,0.32991,0.34506,0.3651,0.38514,0.40469,0.435,0.46481,0.50978,0.55523,0.6002,0.63001,0.64516,0.64516,0.62512,0.59531,0.56012,0.51515,0.47019,0.41984,0.37977,0.33969,0.31476,0.29472,0.28006,0.26979,0.26979,0.26491,0.26491,0.26002,0.26002,0.26002,0.26002,0.26002,0.26979,0.28495,0.30987,0.35973,0.37488,0.37977,0.42473,0.45992,0.44477,0.43988,0.3998,0.35973,0.32991,0.30499,0.27468,0.26002,0.25464,0.24976,0.24487,0.24487,0.21994,0.1349,0.11975,0.3651,0.91544,1.2757,1.0254,0.6349,0.44477,0.33969,0.26979,0.1999,0.17986,0.17498,0.18964,0.18964,0.20479,0.20968,0.21994,0.2346,0.25464,0.26002,0.28006,0.3001,0.31476,0.33969,0.36999,0.3998,0.43988,0.48485,0.52493,0.565,0.58993,0.60508,0.6002,0.58016,0.54497,0.5,0.45503,0.41007,0.36999,0.33969,0.30499,0.28983,0.28006,0.26491,0.26002,0.26002,0.26002,0.26002,0.24976,0.25464,0.25464,0.26002,0.26002,0.26979,0.28983,0.3348,0.36999,0.37977,0.37488,0.44477,0.45015,0.44477,0.41984,0.38514,0.35484,0.32991,0.3001,0.27468,0.26979,0.26002,0.26002,0.26002,0.25464,0.1999,0.13978,0.22972,0.62512,1.1554,1.2654,0.84506,0.565,0.45503,0.35973,0.26979,0.21457,0.20968,0.20968,0.21994,0.22972,0.23998,0.24976,0.26002,0.27468,0.28983,0.30499,0.32502,0.34506,0.36999,0.39492,0.41984,0.45503,0.49022,0.53519,0.57527,0.60997,0.62512,0.6349,0.62023,0.58993,0.54985,0.50978,0.45992,0.42473,0.39492,0.35484,0.3348,0.31965,0.30499,0.30499,0.3001,0.29472,0.29472,0.3001,0.28983,0.28983,0.29472,0.29472,0.3001,0.31476,0.34506,0.39003,0.42473,0.42473,0.45015,0.5,0.5,0.49022,0.45015,0.41007,0.38514,0.36999,0.33969,0.30987,0.3001,0.3001,0.3001,0.30499,0.29472,0.2346,0.18475,0.29472,0.70528,1.2356,1.2908,0.84018,0.57527,0.47996,0.3998,0.29472,0.25464,0.24976,0.25464,0.26491,0.27468,0.28006,0.28983,0.30499,0.30987,0.3348,0.34995,0.37488,0.39492,0.40469,0.43011,0.45992,0.49511,0.53519,0.58016,0.62023,0.65005,0.6652,0.67009,0.65494,0.63001,0.58504,0.54497,0.50489,0.46481,0.435,0.39492,0.36999,0.34995,0.33969,0.32991,0.31965,0.31965,0.31476,0.30987,0.31476,0.31476,0.31965,0.32991,0.3348,0.33969,0.35973,0.39492,0.435,0.44477,0.44477,0.49022,0.51515,0.50978,0.48485,0.44477,0.41496,0.38514,0.3651,0.32991,0.30499,0.30499,0.30499,0.30987,0.30499,0.27468,0.18964,0.18475,0.47019,1.0103,1.3006,1.0205,0.68035,0.52493,0.43011,0.33969,0.26979,0.25464,0.24976,0.26002,0.26491,0.28006,0.28495,0.3001,0.30499,0.32502,0.3348,0.34995,0.37488,0.39492,0.41984,0.44477,0.47996,0.51515,0.55523,0.59531,0.63001,0.6652,0.67498,0.6652,0.65005,0.60997,0.565,0.52004,0.48485,0.435,0.3998,0.36999,0.35484,0.34506,0.32991,0.32502,0.31965,0.30987,0.30499,0.3001,0.30499,0.30499,0.30987,0.31965,0.32502,0.3348,0.34995,0.37977,0.41496,0.42473,0.42473,0.47996,0.49511,0.47507,0.45015,0.41007,0.37488,0.34995,0.32502,0.29472,0.28006,0.27468,0.27468,0.26491,0.26002,0.21457,0.13978,0.21457,0.58993,1.1457,1.2908,0.87048,0.57527,0.435,0.34995,0.26491,0.20968,0.1999,0.1999,0.20968,0.21994,0.22972,0.2346,0.24487,0.26002,0.27468,0.28983,0.30499,0.32502,0.34506,0.36999,0.39492,0.43011,0.47507,0.52004,0.56012,0.59531,0.62023,0.62512,0.60997,0.58504,0.55523,0.50978,0.46481,0.41984,0.37488,0.33969,0.31476,0.29472,0.28006,0.28006,0.26979,0.26491,0.26002,0.26002,0.26002,0.25464,0.26002,0.26491,0.26491,0.28006,0.28983,0.31476,0.35484,0.39003,0.39003,0.38514,0.45992,0.45503,0.43988,0.41007,0.36999,0.3348,0.30987,0.28006,0.26002,0.26002,0.26002,0.25464,0.25464,0.2346,0.16471,0.12952,0.3001,0.77517,1.2556,1.1202,0.73509,0.49022,0.38514,0.30987,0.22972,0.20479,0.1999,0.20968,0.21457,0.22483,0.2346,0.23998,0.26002,0.26979,0.28495,0.30499,0.32502,0.33969,0.3651,0.38514,0.41496,0.45015,0.5,0.54497,0.58504,0.61486,0.63001,0.6349,0.60997,0.58016,0.54008,0.5,0.45015,0.41496,0.36999,0.3348,0.31476,0.29472,0.28495,0.28006,0.28006,0.28006,0.27468,0.26979,0.26979,0.26979,0.26979,0.27468,0.28006,0.28983,0.30499,0.33969,0.38514,0.3998,0.3998,0.45015,0.47019,0.46481,0.43988,0.40469,0.36999,0.34506,0.31965,0.28983,0.28006,0.28006,0.27468,0.27468,0.26491,0.22972,0.15494,0.19501,0.48485,1.0503,1.2507,0.95015,0.60997,0.46481,0.37488,0.29472,0.22972,0.21457,0.21994,0.22972,0.2346,0.24487,0.25464,0.26491,0.27468,0.28983,0.30987,0.32991,0.34506,0.35973,0.38514,0.41496,0.44477,0.47996,0.52493,0.56989,0.60508,0.62023,0.63001,0.62023,0.6002,0.565,0.52004,0.47996,0.435,0.3998,0.36999,0.33969,0.31476,0.30499,0.29472,0.28983,0.28495,0.28983,0.28006,0.28006,0.28006,0.28495,0.28983,0.29472,0.3001,0.30987,0.34506,0.39003,0.41984,0.41496,0.45015,0.49511,0.49022,0.47019,0.43988,0.40469,0.36999,0.34506,0.31476,0.3001,0.30499,0.3001,0.28983,0.28006,0.27468,0.20968,0.18475,0.34506,0.8304,1.2708,1.1153,0.76002,0.54985,0.45503,0.35973,0.26979,0.23998,0.23998,0.23998,0.24976,0.26491,0.28006,0.28495,0.29472,0.30499,0.32502,0.33969,0.36999,0.38514,0.3998,0.42473,0.45015,0.48485,0.53519,0.58016,0.62023,0.65005,0.6652,0.65494,0.64516,0.61486,0.58016,0.53519,0.49022,0.45503,0.41496,0.38514,0.35973,0.33969,0.3348,0.32991,0.32502,0.32502,0.31965,0.30987,0.30499,0.31476,0.32502,0.32991,0.33969,0.34506,0.35484,0.38514,0.42473,0.45015,0.44477,0.47996,0.52004,0.51515,0.49511,0.45992,0.41984,0.39003,0.3651,0.32991,0.30987,0.30499,0.30499,0.30499,0.30499,0.3001,0.22483,0.19501,0.3651,0.85044,1.2957,1.1105,0.75513,0.52981,0.44477,0.35973,0.28495,0.26002,0.25464,0.26491,0.28006,0.26979,0.28006,0.3001,0.31476,0.32502,0.33969,0.35484,0.37488,0.39492,0.41496,0.43988,0.47507,0.50489,0.54985,0.6002,0.64027,0.6652,0.67498,0.68035,0.65494,0.63001,0.59531,0.54985,0.50489,0.45503,0.41496,0.38514,0.3651,0.34506,0.32991,0.32502,0.31965,0.31476,0.30987,0.30987,0.30987,0.30987,0.31476,0.31965,0.32991,0.32991,0.33969,0.36999,0.3998,0.42473,0.42473,0.41984,0.49022,0.48485,0.47019,0.43988,0.40469,0.36999,0.34506,0.31476,0.28983,0.28006,0.28006,0.27468,0.26979,0.26002,0.19501,0.14956,0.28983,0.73021,1.2556,1.2805,0.78543,0.52493,0.41007,0.32991,0.24976,0.21457,0.20968,0.21457,0.22483,0.2346,0.23998,0.25464,0.26491,0.28006,0.28983,0.30499,0.32502,0.34506,0.35973,0.38514,0.41496,0.45503,0.5,0.54497,0.58993,0.62512,0.64027,0.64027,0.62512,0.6002,0.565,0.52004,0.47019,0.43011,0.39492,0.35484,0.32991,0.30987,0.29472,0.28983,0.28495,0.28006,0.28006,0.27468,0.28006,0.27468,0.27468,0.28006,0.28006,0.28983,0.3001,0.31476,0.34506,0.39003,0.40469,0.3998,0.43988,0.47019,0.45992,0.43988,0.40469,0.3651,0.33969,0.31965,0.28006,0.26491,0.26491,0.26002,0.26491,0.26002,0.2346,0.15494,0.14956,0.42473,0.99022,1.3006,1.0254,0.64516,0.46481,0.36999,0.29472,0.22483,0.20968,0.20968,0.20968,0.21994,0.2346,0.24487,0.25464,0.26002,0.27468,0.28983,0.30987,0.32991,0.34995,0.37488,0.3998,0.435,0.46481,0.51515,0.55523,0.59531,0.62512,0.6349,0.63001,0.60997,0.58016,0.53519,0.49022,0.43988,0.3998,0.35973,0.32991,0.30987,0.28983,0.28983,0.28006,0.28006,0.28006,0.27468,0.27468,0.26979,0.26979,0.26491,0.27468,0.28006,0.28495,0.29472,0.30499,0.33969,0.38514,0.40469,0.3998,0.43988,0.47019,0.46481,0.44477,0.41007,0.36999,0.34506,0.32502,0.3001,0.28006,0.28006,0.28006,0.28006,0.27468,0.24487,0.1696,0.15494,0.44477,0.98045,1.2757,1.0054,0.65005,0.48485,0.38514,0.30987,0.2346,0.21994,0.21994,0.22483,0.2346,0.24487,0.25464,0.26491,0.28006,0.28983,0.30499,0.32502,0.33969,0.35973,0.38514,0.41007,0.43988,0.47507,0.52004,0.56012,0.60508,0.62512,0.6349,0.6349,0.60997,0.58504,0.54497,0.5,0.45503,0.41496,0.37977,0.34995,0.32991,0.31476,0.30499,0.30499,0.3001,0.29472,0.28983,0.28983,0.28983,0.28495,0.28495,0.28983,0.3001,0.30499,0.30987,0.32991,0.34506,0.38514,0.41984,0.43011,0.42473,0.47507,0.49022,0.47019,0.43988,0.3998,0.3651,0.34995,0.31476,0.29472,0.28495,0.28495,0.28006,0.28006,0.27468,0.22972,0.15982,0.22972,0.56989,1.1202,1.2556,0.89052,0.58993,0.47996,0.38514,0.28983,0.2346,0.22972,0.2346,0.24487,0.25464,0.26002,0.26491,0.28006,0.28983,0.30499,0.32502,0.33969,0.35484,0.37488,0.3998,0.42473,0.45503,0.49022,0.53519,0.58016,0.60508,0.63001,0.64027,0.62512,0.6002,0.565,0.52981,0.49022,0.44477,0.40469,0.36999,0.34995,0.32991,0.31476,0.30499,0.30499,0.30499,0.29472,0.29472,0.3001,0.29472,0.29472,0.3001,0.30499,0.30987,0.32502,0.32991,0.3348,0.33969,0.35484,0.37977,0.41007,0.435,0.43011,0.45015,0.49022,0.49022,0.47019,0.435,0.39003,0.3651,0.34506,0.31476,0.3001,0.29472,0.29472,0.3001,0.28495,0.27468,0.1999,0.18964,0.3998,0.91007,1.2957,1.0704,0.72532,0.54008,0.45015,0.35973,0.28006,0.24976,0.24976,0.26002,0.26979,0.27468,0.28006,0.28983,0.3001,0.30987,0.32991,0.34995,0.3651,0.38514,0.3998,0.42473,0.46481,0.49022,0.52493,0.56989,0.61486,0.65005,0.6652,0.66031,0.64516,0.62512,0.58993,0.54497,0.5,0.45992,0.41984,0.39003,0.36999,0.34995,0.32991,0.32502,0.30987,0.30987,0.30987,0.30499,0.31476,0.31476,0.32502,0.32991,0.3348,0.34995,0.35484,0.3651,0.37488,0.37977,0.39492,0.41984,0.44477,0.45503,0.44477,0.5,0.50489,0.49022,0.45992,0.41984,0.39003,0.3651,0.32991,0.31965,0.30987,0.30499,0.30499,0.30499,0.3001,0.2346,0.1999,0.32991,0.77517,1.2654,1.3055,0.81036,0.565,0.45503,0.37488,0.29472,0.25464,0.25464,0.26002,0.26002,0.27468,0.28006,0.28983,0.3001,0.30987,0.32502,0.33969,0.35973,0.37977,0.40469,0.42473,0.45015,0.49022,0.52004,0.565,0.60508,0.64027,0.65494,0.65494,0.65005,0.62512,0.58504,0.54008,0.49511,0.45015,0.41007,0.37488,0.34506,0.32991,0.31476,0.30499,0.3001,0.28983,0.28983,0.28006,0.28495,0.28495,0.29472,0.28983,0.30499,0.30499,0.31965,0.32502,0.32991,0.3348,0.34995,0.38514,0.41007,0.40469,0.3998,0.46481,0.45992,0.45015,0.41496,0.37488,0.34506,0.32502,0.28983,0.27468,0.26979,0.26979,0.26979,0.26979,0.25464,0.17986,0.15494,0.32991,0.81036,1.2654,1.1153,0.73998,0.51515,0.41007,0.33969,0.24976,0.21994,0.22483,0.22972,0.2346,0.23998,0.24976,0.26002,0.26979,0.28495,0.3001,0.31476,0.32991,0.35484,0.37977,0.40469,0.435,0.46481,0.50978,0.55523,0.6002,0.63001,0.64027,0.65005,0.6349,0.60508,0.56989,0.52493,0.47996,0.43988,0.3998,0.3651,0.3348,0.31965,0.30499,0.30499,0.29472,0.29472,0.28983,0.28495,0.28006,0.28495,0.28495,0.28495,0.29472,0.30499,0.31476,0.32991,0.3348,0.34995,0.37977,0.41984,0.42473,0.42473,0.47507,0.49022,0.46481,0.43988,0.3998,0.3651,0.33969,0.30987,0.28006,0.28006,0.28006,0.28006,0.27468,0.26979,0.21994,0.15982,0.2346,0.60508,1.1505,1.2708,0.8651,0.57527,0.45503,0.36999,0.28495,0.2346,0.22972,0.2346,0.2346,0.23998,0.25464,0.26491,0.27468,0.28495,0.3001,0.31965,0.3348,0.35484,0.37488,0.39492,0.41984,0.45503,0.5,0.53519,0.58016,0.61486,0.64027,0.64516,0.6349,0.60997,0.57527,0.53519,0.48485,0.43988,0.3998,0.36999,0.33969,0.31965,0.30499,0.30499,0.28983,0.28983,0.28983,0.28495,0.28006,0.28495,0.28006,0.28983,0.29472,0.30499,0.30987,0.32502,0.32991,0.34506,0.39003,0.42473,0.43011,0.42473,0.48485,0.49511,0.47996,0.45015,0.40469,0.36999,0.34995,0.31965,0.30499,0.28495,0.28495,0.28495,0.28495,0.28006,0.22483,0.1696,0.27468,0.6652,1.2004,1.2708,0.83529,0.58016,0.47996,0.37977,0.28006,0.24487,0.23998,0.24487,0.25464,0.26002,0.26979,0.28006,0.28495,0.3001,0.31476,0.32991,0.34995,0.37488,0.39492,0.41984,0.43988,0.47507,0.51515,0.56012,0.60508,0.64027,0.66031,0.6652,0.65494,0.63001,0.59531,0.56012,0.50978,0.46481,0.43011,0.39492,0.36999,0.34995,0.32991,0.32502,0.31965,0.30987,0.30499,0.30499,0.30499,0.30987,0.32502,0.32502,0.32991,0.32991,0.34995,0.35484,0.36999,0.38514,0.42473,0.45015,0.44477,0.47019,0.51515,0.5,0.49022,0.45015,0.40469,0.37977,0.35484,0.32502,0.30499,0.30987,0.30499,0.30499,0.3001,0.28495,0.20968,0.18475,0.39003,0.8651,1.2957,1.0904,0.75513,0.52981,0.44477,0.35973,0.28495,0.26002,0.26002,0.26002,0.26979,0.28006,0.28983,0.3001,0.30987,0.32991,0.33969,0.35484,0.37488,0.39492,0.41984,0.43988,0.46481,0.49022,0.54008,0.58504,0.63001,0.66031,0.68035,0.68035,0.66031,0.6349,0.58993,0.54985,0.50978,0.47019,0.42473,0.3998,0.37977,0.35484,0.34995,0.34995,0.3348,0.32991,0.32502,0.32502,0.32991,0.33969,0.3348,0.34506,0.35484,0.3651,0.36999,0.37977,0.39492,0.43011,0.45015,0.45015,0.47019,0.51515,0.50489,0.49511,0.45992,0.41984,0.39003,0.36999,0.3348,0.30987,0.30499,0.30499,0.30499,0.3001,0.28983,0.21457,0.18475,0.32991,0.80499,1.3006,1.1457,0.7654,0.52004,0.41496,0.33969,0.26491,0.2346,0.2346,0.23998,0.24976,0.26002,0.26491,0.27468,0.28006,0.29472,0.30499,0.31965,0.33969,0.35484,0.37488,0.3998,0.43011,0.46481,0.50489,0.54985,0.58993,0.63001,0.64516,0.64516,0.63001,0.6002,0.55523,0.50978,0.45992,0.41496,0.36999,0.33969,0.30987,0.29472,0.28006,0.26979,0.26491,0.26002,0.26002,0.26002,0.26002,0.26002,0.26002,0.26979,0.28006,0.28983,0.29472,0.30499,0.32502,0.3651,0.39003,0.39003,0.41496,0.45503,0.44477,0.43011,0.39492,0.35484,0.32502,0.30499,0.27468,0.26002,0.25464,0.25464,0.24976,0.24487,0.22972,0.14956,0.12463,0.34995,0.87537,1.3006,1.1007,0.69501,0.47019,0.3651,0.29472,0.21994,0.19501,0.1999,0.20479,0.20968,0.21994,0.2346,0.23998,0.25464,0.26491,0.28006,0.3001,0.31965,0.3348,0.35973,0.38514,0.41496,0.45015,0.5,0.54497,0.58993,0.61486,0.6349,0.63001,0.60997,0.58016,0.54008,0.49511,0.44477,0.40469,0.3651,0.32991,0.30987,0.3001,0.28983,0.28006,0.28006,0.28006,0.27468,0.26979,0.26979,0.26979,0.27468,0.27468,0.28006,0.28983,0.30499,0.31965,0.35484,0.39492,0.41007,0.40469,0.45503,0.47019,0.46481,0.43988,0.3998,0.36999,0.33969,0.31476,0.28495,0.27468,0.26979,0.26979,0.26491,0.26002,0.22483,0.14956,0.1999,0.52004,1.0704,1.2507,0.93548,0.60997,0.47019,0.37977,0.29472,0.22972,0.21994,0.22483,0.2346,0.23998,0.24976,0.26002,0.26979,0.28006,0.29472,0.30987,0.32991,0.34995,0.36999,0.39492,0.41984,0.45015,0.48485,0.52981,0.56989,0.60508,0.63001,0.6349,0.63001,0.60508,0.56989,0.52981,0.47996,0.43988,0.3998,0.3651,0.33969,0.31965,0.30499,0.30499,0.29472,0.28983,0.29472,0.28983,0.29472,0.28983,0.28983,0.29472,0.30499,0.30987,0.31965,0.32991,0.35484,0.3998,0.42473,0.42473,0.45015,0.49022,0.47507,0.46481,0.42473,0.38514,0.34995,0.32991,0.3001,0.28495,0.28006,0.28006,0.28006,0.27468,0.25464,0.17986,0.15494,0.37488,0.88025,1.2405,1.0352,0.69501,0.50978,0.41984,0.33969,0.24976,0.22483,0.22972,0.2346,0.24487,0.25464,0.26002,0.26979,0.28006,0.29472,0.30499,0.32991,0.33969,0.3651,0.37977,0.40469,0.435,0.47019,0.50978,0.55523,0.59531,0.62023,0.6349,0.63001,0.60997,0.58016,0.54008,0.49511,0.45015,0.41496,0.38514,0.35484,0.3348,0.31965,0.31476,0.30499,0.30499,0.30499,0.30499,0.3001,0.29472,0.30499,0.30499,0.30987,0.31965,0.3348,0.34506,0.3651,0.40469,0.435,0.435,0.45015,0.49511,0.49511,0.47996,0.435,0.3998,0.37488,0.34995,0.32502,0.30499,0.30499,0.29472,0.29472,0.3001,0.28495,0.21994,0.17986,0.31476,0.76002,1.2356,1.2507,0.79032,0.565,0.47019,0.38514,0.28983,0.25464,0.24976,0.26002,0.26002,0.26491,0.28006,0.3001,0.30499,0.31476,0.32991,0.34995,0.36999,0.39003,0.41007,0.42473,0.45992,0.49022,0.52493,0.56989,0.60997,0.6349,0.65494,0.65494,0.6349,0.60997,0.57527,0.53519,0.49022,0.45015,0.41496,0.39003,0.36999,0.34995,0.3348,0.32991,0.32502,0.31965,0.31965,0.31965,0.32502,0.32991,0.34506,0.34995,0.35973,0.36999,0.38514,0.41496,0.45015,0.45992,0.45015,0.5,0.51515,0.5,0.47507,0.435,0.3998,0.37488,0.34506,0.32502,0.30499,0.30499,0.3001,0.30499,0.3001,0.26002,0.17986,0.22483,0.52981,1.1007,1.2757,0.93548,0.63001,0.49511,0.40469,0.31476,0.25464,0.24976,0.24976,0.26002,0.26491,0.28006,0.28983,0.3001,0.30499,0.31965,0.3348,0.34995,0.37488,0.39003,0.41496,0.43988,0.46481,0.50489,0.54497,0.58993,0.62023,0.6349,0.64027,0.62512,0.6002,0.565,0.52004,0.47996,0.43011,0.39003,0.35484,0.32991,0.30987,0.29472,0.28983,0.28006,0.28006,0.26979,0.28006,0.27468,0.28006,0.28006,0.28983,0.30499,0.31476,0.32991,0.35973,0.39492,0.40469,0.3998,0.44477,0.47019,0.45992,0.435,0.39492,0.35484,0.32991,0.30499,0.26979,0.26002,0.25464,0.25464,0.25464,0.24976,0.21994,0.1349,0.12463,0.41496,0.97556,1.2405,0.97556,0.62023,0.46481,0.36999,0.28495,0.21457,0.20479,0.1999,0.20968,0.21994,0.22972,0.2346,0.24487,0.26002,0.27468,0.29472,0.30987,0.32991,0.34995,0.37488,0.3998,0.43011,0.47019,0.50978,0.56012,0.58993,0.60997,0.62512,0.61486,0.59531,0.56012,0.52004,0.47507,0.435,0.39492,0.35973,0.32991,0.31476,0.30499,0.29472,0.28983,0.29472,0.28983,0.28983,0.28495,0.29472,0.28983,0.29472,0.3001,0.30499,0.32502,0.35484,0.3998,0.41984,0.41984,0.45503,0.47996,0.47507,0.45503,0.41496,0.37488,0.34506,0.32502,0.29472,0.28495,0.28006,0.28006,0.28006,0.27468,0.25464,0.17498,0.16471,0.44477,0.97556,1.2757,1.0054,0.67498,0.51515,0.42473,0.3348,0.25464,0.2346,0.2346,0.24487,0.25464,0.26979,0.27468,0.28495,0.3001,0.31476,0.32991,0.34995,0.36999,0.39003,0.41496,0.435,0.46481,0.5,0.54497,0.58993,0.62512,0.64516,0.65494,0.65494,0.6349,0.59531,0.55523,0.50978,0.46481,0.42473,0.39003,0.36999,0.34506,0.32991,0.32502,0.30987,0.30987,0.30499,0.30499,0.30499,0.30499,0.30987,0.31476,0.28006,0.26491,0.25464,0.28495,0.31965,0.33969,0.36999,0.38514,0.37977,0.37977,0.37488,0.37488,0.35973,0.3001,0.29472,0.60997,1.1457,1.3656,1.0455,0.64027,0.50978,0.47996,0.41496,0.30987,0.28006,0.28006,0.28006,0.28495,0.28983,0.30499,0.30987,0.32502,0.3348,0.34995,0.3651,0.37977,0.3998,0.42473,0.44477,0.48485,0.52004,0.565,0.60508,0.63001,0.6349,0.64027,0.61486,0.58016,0.54008,0.5,0.45015,0.41007,0.37488,0.34506,0.32991,0.30499,0.3001,0.28983,0.28983,0.28495,0.28006,0.28006,0.28983,0.28983,0.3001,0.30499,0.31476,0.32502,0.32991,0.32991,0.32991,0.3348,0.3348,0.32991,0.32991,0.32991,0.32502,0.32991,0.34506,0.37488,0.39492,0.38514,0.41984,0.44477,0.44477,0.43011,0.39492,0.35484,0.32991,0.31476,0.28006,0.27468,0.26979,0.26491,0.26491,0.26002,0.21994,0.15982,0.22972,0.54985,1.0855,1.2654,0.91544,0.58993,0.44477,0.35484,0.28495,0.22483,0.21457,0.21457,0.22483,0.22972,0.2346,0.23998,0.26002,0.26979,0.28006,0.3001,0.31476,0.32991,0.35484,0.37488,0.39492,0.43011,0.46481,0.50489,0.55523,0.59531,0.62512,0.64027,0.64027,0.63001,0.60508,0.565,0.52004,0.47996,0.435,0.39492,0.3651,0.33969,0.31965,0.30499,0.28983,0.28983,0.28006,0.28006,0.28006,0.28006,0.28006,0.28983,0.28983,0.29472,0.30499,0.32502,0.3651,0.3998,0.3998,0.41007,0.46481,0.47019,0.45015,0.41984,0.38514,0.34995,0.32502,0.29472,0.26979,0.26002,0.26002,0.25464,0.25464,0.24487,0.18475,0.12952,0.24487,0.66031,1.1755,1.2556,0.80499,0.53519,0.42473,0.34506,0.25464,0.20968,0.20968,0.20968,0.21994,0.2346,0.23998,0.24487,0.26002,0.27468,0.28495,0.30499,0.32502,0.33969,0.35973,0.39003,0.41984,0.44477,0.49022,0.53519,0.58016,0.60508,0.62023,0.60997,0.59531,0.565,0.52493,0.48485,0.43988,0.3998,0.36999,0.3348,0.31476,0.3001,0.29472,0.28006,0.28006,0.27468,0.27468,0.26979,0.26979,0.27468,0.27468,0.28006,0.28983,0.3001,0.31476,0.34995,0.39492,0.41496,0.41496,0.45015,0.47019,0.46481,0.44477,0.40469,0.37488,0.34995,0.32502,0.3001,0.28495,0.28495,0.28495,0.28006,0.27468,0.24976,0.1696,0.16471,0.45992,1.0152,1.2757,1.0054,0.67498,0.52493,0.41007,0.31965,0.24976,0.2346,0.23998,0.23998,0.24976,0.26002,0.28006,0.28006,0.28495,0.3001,0.32502,0.33969,0.3651,0.37977,0.3998,0.43011,0.45992,0.5,0.54497,0.58016,0.62512,0.65005,0.66031,0.65494,0.6349,0.6002,0.55523,0.50978,0.47019,0.43011,0.39492,0.36999,0.34506,0.32991,0.31965,0.31476,0.31476,0.30499,0.30499,0.30499,0.3001,0.30499,0.31476,0.32502,0.32991,0.33969,0.35484,0.37488,0.41496,0.44477,0.44477,0.47019,0.50489,0.5,0.49511,0.45015,0.40469,0.38514,0.3651,0.32502,0.30987,0.31476,0.3001,0.29472,0.3001,0.30499,0.21994,0.18964,0.35484,0.85533,1.2957,1.1007,0.74536,0.52981,0.435,0.35973,0.28495,0.24976,0.24976,0.26491,0.27468,0.28006,0.28495,0.30499,0.31476,0.32502,0.32991,0.35973,0.37977,0.3998,0.41496,0.44477,0.46481,0.50489,0.54497,0.58993,0.63001,0.65494,0.67009,0.67498,0.65005,0.61486,0.56989,0.53519,0.49511,0.45015,0.41496,0.37488,0.35484,0.33969,0.32991,0.32502,0.31476,0.30499,0.30987,0.31476,0.31476,0.31476,0.32502,0.32991,0.3348,0.3348,0.34995,0.3651,0.38514,0.41984,0.44477,0.435,0.45503,0.50489,0.49511,0.47996,0.45015,0.41496,0.37977,0.35973,0.32502,0.30987,0.30499,0.3001,0.29472,0.28983,0.27468,0.20968,0.17986,0.34506,0.79521,1.2957,1.1505,0.79521,0.54497,0.43011,0.33969,0.26491,0.2346,0.22972,0.2346,0.2346,0.23998,0.25464,0.26002,0.27468,0.28495,0.3001,0.31965,0.3348,0.35484,0.37488,0.39492,0.43011,0.46481,0.50489,0.55523,0.59531,0.63001,0.65005,0.64516,0.63001,0.6002,0.56012,0.51515,0.46481,0.42473,0.37977,0.34506,0.32502,0.29472,0.28495,0.28006,0.28006,0.27468,0.27468,0.26979,0.26002,0.26491,0.27468,0.27468,0.28006,0.29472,0.30499,0.30499,0.31476,0.33969,0.37977,0.40469,0.3998,0.42473,0.46481,0.45015,0.43988,0.40469,0.3651,0.33969,0.30987,0.28495,0.26002,0.26002,0.26002,0.26002,0.24976,0.2346,0.15494,0.1349,0.35973,0.88514,1.3055,1.0855,0.70039,0.49022,0.38514,0.30987,0.2346,0.20968,0.20968,0.21457,0.21994,0.22972,0.23998,0.25464,0.26979,0.28495,0.3001,0.31965,0.3348,0.35484,0.37977,0.40469,0.43988,0.47019,0.51515,0.56012,0.60508,0.6349,0.64516,0.65005,0.62512,0.58993,0.54497,0.5,0.45015,0.41007,0.36999,0.33969,0.30987,0.3001,0.28495,0.28006,0.28006,0.28006,0.28006,0.27468,0.26491,0.26491,0.26491,0.26979,0.27468,0.28006,0.28983,0.30499,0.30987,0.32502,0.35484,0.39492,0.41007,0.3998,0.45503,0.47019,0.45992,0.435,0.3998,0.35973,0.33969,0.30987,0.28006,0.27468,0.26979,0.26491,0.26491,0.26491,0.22483,0.15494,0.21457,0.54497,1.1153,1.2854,0.93548,0.59531,0.45503,0.36999,0.28983,0.22972,0.21457,0.21994,0.22972,0.2346,0.24487,0.25464,0.26491,0.28006,0.29472,0.31476,0.32502,0.34506,0.3651,0.39003,0.41496,0.44477,0.48485,0.52493,0.57527,0.61486,0.64516,0.65005,0.6349,0.60997,0.58016,0.53519,0.49511,0.44477,0.3998,0.36999,0.33969,0.31476,0.30499,0.28983,0.28495,0.28006,0.28006,0.28006,0.28006,0.28006,0.27468,0.28006,0.28006,0.28983,0.3001,0.30499,0.31476,0.32502,0.33969,0.3651,0.40469,0.43011,0.42473,0.44477,0.48485,0.47507,0.45503,0.42473,0.37977,0.34506,0.32502,0.29472,0.28006,0.27468,0.26979,0.26979,0.27468,0.26491,0.18475,0.16471,0.36999,0.86022,1.2757,1.0953,0.75024,0.54008,0.43011,0.33969,0.26002,0.2346,0.2346,0.2346,0.2346,0.24976,0.26491,0.27468,0.28495,0.3001,0.30987,0.32502,0.34506,0.36999,0.39003,0.40469,0.435,0.47019,0.51515,0.55523,0.6002,0.6349,0.65494,0.65005,0.63001,0.60508,0.56989,0.52004,0.47996,0.43988,0.40469,0.37488,0.34506,0.31965,0.31965,0.31476,0.30499,0.30499,0.30499,0.30499,0.29472,0.29472,0.30499,0.3001,0.30987,0.31965,0.31965,0.32991,0.33969,0.34995,0.36999,0.40469,0.43988,0.44477,0.43988,0.49022,0.49511,0.49022,0.45503,0.41007,0.37488,0.35973,0.3348,0.30987,0.30499,0.30499,0.30499,0.30499,0.28983,0.22972,0.18964,0.31476,0.71994,1.2307,1.3006,0.84018,0.58504,0.47019,0.38514,0.30499,0.26002,0.26002,0.26002,0.26491,0.27468,0.28495,0.29472,0.30987,0.32502,0.3348,0.34995,0.3651,0.38514,0.41007,0.43011,0.45015,0.49022,0.52981,0.58016,0.62512,0.66031,0.68035,0.68524,0.67498,0.65005,0.60508,0.56989,0.52004,0.47507,0.435,0.3998,0.36999,0.34995,0.32991,0.32991,0.32502,0.31965,0.31965,0.30987,0.30499,0.30499,0.30499,0.31476,0.32991,0.32991,0.3348,0.34506,0.34995,0.36999,0.39492,0.42473,0.44477,0.43988,0.45992,0.49511,0.49022,0.47019,0.43011,0.39492,0.3651,0.34506,0.31965,0.30499,0.29472,0.28983,0.28983,0.28495,0.26002,0.17986,0.1696,0.44477,0.97556,1.3358,1.0503,0.69501,0.5,0.3998,0.31476,0.24487,0.22972,0.2346,0.23998,0.24976,0.25464,0.26491,0.28006,0.28495,0.3001,0.30987,0.32991,0.34506,0.36999,0.39003,0.41496,0.44477,0.48485,0.52493,0.57527,0.61486,0.65005,0.6652,0.65494,0.64027,0.60997,0.565,0.52004,0.46481,0.41984,0.38514,0.34995,0.32502,0.3001,0.28983,0.28006,0.28006,0.27468,0.26979,0.26979,0.26491,0.26979,0.27468,0.26979,0.28006,0.28006,0.3001,0.30499,0.31965,0.33969,0.37488,0.3998,0.39492,0.39003,0.45503,0.45015,0.435,0.40469,0.35973,0.3348,0.30987,0.28006,0.26002,0.26002,0.25464,0.25464,0.24976,0.2346,0.15494,0.1349,0.34995,0.87048,1.3006,1.0953,0.71017,0.49511,0.38514,0.30987,0.22972,0.20479,0.20479,0.20968,0.22483,0.2346,0.24487,0.25464,0.26491,0.28006,0.29472,0.30499,0.32991,0.34506,0.36999,0.3998,0.42473,0.45992,0.5,0.54985,0.58993,0.62512,0.64516,0.65005,0.63001,0.6002,0.54985,0.50978,0.45992,0.41496,0.36999,0.33969,0.30987,0.29472,0.28006,0.28006,0.28006,0.27468,0.27468,0.26491,0.26491,0.26979,0.26979,0.26491,0.26979,0.28006,0.28983,0.30499,0.31476,0.34995,0.39003,0.41007,0.40469,0.44477,0.47019,0.46481,0.45015,0.41496,0.36999,0.34506,0.31965,0.28495,0.27468,0.26491,0.26979,0.26491,0.26002,0.2346,0.15494,0.14467,0.41984,0.97019,1.2908,1.0254,0.67009,0.49511,0.39492,0.30987,0.2346,0.21457,0.21994,0.22483,0.2346,0.24487,0.25464,0.26002,0.28006,0.28983,0.30987,0.32502,0.34506,0.3651,0.38514,0.41007,0.43988,0.47507,0.52493,0.56989,0.60508,0.6349,0.65005,0.64027,0.62023,0.58993,0.54497,0.5,0.45015,0.41007,0.36999,0.34506,0.31965,0.30499,0.28983,0.28495,0.28006,0.28006,0.28006,0.27468,0.28006,0.28006,0.28006,0.28006,0.28983,0.3001,0.30987,0.31965,0.33969,0.37488,0.41984,0.42473,0.41496,0.47507,0.47996,0.47019,0.435,0.3998,0.35973,0.34506,0.31476,0.28983,0.28495,0.28006,0.27468,0.28006,0.26979,0.21994,0.15982,0.24487,0.61486,1.1403,1.2654,0.87048,0.58504,0.45992,0.37488,0.28495,0.2346,0.22972,0.2346,0.23998,0.24487,0.25464,0.26491,0.28006,0.29472,0.30499,0.32502,0.3348,0.35484,0.37488,0.3998,0.41984,0.45992,0.50489,0.54497,0.58993,0.63001,0.65005,0.65494,0.64516,0.61486,0.58016,0.54008,0.5,0.45015,0.41496,0.37488,0.34995,0.32991,0.31476,0.30499,0.30499,0.3001,0.3001,0.28983,0.29472,0.28983,0.29472,0.28983,0.30499,0.30987,0.32502,0.32991,0.34506,0.37488,0.41984,0.43988,0.43011,0.46481,0.49511,0.48485,0.46481,0.42473,0.37977,0.3651,0.3348,0.30987,0.29472,0.29472,0.29472,0.28983,0.28495,0.26491,0.18475,0.17498,0.43011,0.97019,1.2908,1.0303,0.69013,0.52981,0.43011,0.32991,0.26002,0.23998,0.23998,0.24487,0.26002,0.26002,0.26979,0.28006,0.3001,0.30499,0.31965,0.32991,0.35973,0.38514,0.40469,0.42473,0.45503,0.5,0.54008,0.58016,0.62023,0.65005,0.65494,0.65005,0.6349,0.60508,0.56989,0.52004,0.47507,0.43011,0.39492,0.36999,0.34506,0.3348,0.31965,0.30987,0.30499,0.3001,0.29472,0.28983,0.3001,0.30499,0.30499,0.31476,0.32991,0.32991,0.33969,0.36999,0.39492,0.43011,0.44477,0.43988,0.49511,0.50978,0.49511,0.47019,0.43011,0.39003,0.37488,0.33969,0.31476,0.30499,0.30499,0.30499,0.3001,0.29472,0.26002,0.18475,0.2346,0.54985,1.1153,1.2908,0.95015,0.6349,0.5,0.40469,0.31965,0.26491,0.25464,0.25464,0.26002,0.26979,0.28006,0.28983,0.30499,0.31476,0.3348,0.34995,0.3651,0.38514,0.3998,0.42473,0.44477,0.47996,0.52004,0.565,0.60508,0.65005,0.67498,0.68524,0.67009,0.64516,0.60997,0.56989,0.52493,0.47996,0.43988,0.3998,0.37488,0.34995,0.3348,0.32502,0.31476,0.30499,0.30499,0.3001,0.3001,0.3001,0.30499,0.30987,0.31476,0.32502,0.32991,0.34506,0.36999,0.40469,0.42473,0.41496,0.44477,0.47996,0.47019,0.46481,0.42473,0.39003,0.34995,0.32991,0.3001,0.28495,0.28006,0.28006,0.27468,0.26979,0.24976,0.1696,0.13978,0.3651,0.89052,1.3006,1.0753,0.70039,0.49022,0.38514,0.31476,0.23998,0.21457,0.20968,0.21994,0.22972,0.23998,0.24487,0.25464,0.26979,0.28495,0.29472,0.31476,0.32991,0.34995,0.37488,0.3998,0.43011,0.47019,0.51515,0.56012,0.60508,0.6349,0.64516,0.64516,0.63001,0.6002,0.55523,0.50978,0.45992,0.41496,0.37488,0.34506,0.31476,0.30499,0.29472,0.28983,0.28495,0.28006,0.28006,0.27468,0.27468,0.27468,0.26979,0.27468,0.28006,0.29472,0.31476,0.34995,0.39003,0.3998,0.39492,0.45503,0.47019,0.45992,0.435,0.39492,0.35973,0.33969,0.30499,0.28006,0.27468,0.26979,0.26979,0.26491,0.26002,0.21994,0.14956,0.21994,0.565,1.1403,1.2957,0.91007,0.58993,0.45503,0.35973,0.28006,0.21994,0.20968,0.21994,0.22972,0.2346,0.23998,0.25464,0.26002,0.28006,0.28983,0.30499,0.32502,0.34506,0.3651,0.39492,0.42473,0.45503,0.49022,0.53519,0.58016,0.61486,0.64027,0.64516,0.63001,0.60508,0.56989,0.52981,0.48485,0.43988,0.3998,0.36999,0.34506,0.32502,0.30499,0.29472,0.29472,0.28495,0.28495,0.28006,0.28006,0.27468,0.27468,0.28006,0.28006,0.29472,0.30987,0.34995,0.39492,0.40469,0.3998,0.45992,0.47019,0.46481,0.43988,0.40469,0.3651,0.34506,0.31476,0.28495,0.28006,0.28006,0.28006,0.27468,0.26491,0.22972,0.15494,0.20968,0.50978,1.0704,1.2556,0.94526,0.60997,0.47996,0.39003,0.29472,0.22972,0.21994,0.21994,0.2346,0.24487,0.25464,0.26002,0.27468,0.28495,0.3001,0.31965,0.32991,0.34995,0.36999,0.39003,0.41984,0.45503,0.49511,0.53519,0.58016,0.61486,0.6349,0.6349,0.63001,0.60508,0.56989,0.53519,0.49022,0.45015,0.41007,0.36999,0.33969,0.32502,0.31476,0.30499,0.29472,0.28983,0.28983,0.28495,0.28006,0.28495,0.29472,0.29472,0.3001,0.30987,0.33969,0.38514,0.41007,0.41984,0.43988,0.49022,0.47996,0.47019,0.45015,0.41007,0.37977,0.35973,0.31965,0.3001,0.28983,0.28983,0.28495,0.28495,0.27468,0.21994,0.16471,0.27468,0.70039,1.2307,1.2854,0.82502,0.57527,0.47507,0.37488,0.28983,0.23998,0.23998,0.2346,0.24487,0.26002,0.26979,0.28495,0.28983,0.30499,0.31965,0.3348,0.34995,0.37488,0.39492,0.41496,0.43988,0.47996,0.52004,0.56989,0.61486,0.64027,0.66031,0.66031,0.64027,0.61486,0.58016,0.53519,0.5,0.45015,0.41496,0.38514,0.35973,0.3348,0.32991,0.32991,0.32502,0.31965,0.30987,0.30499,0.30499,0.30987,0.31476,0.31965,0.32991,0.34995,0.39003,0.42473,0.43988,0.44477,0.5,0.50978,0.50489,0.47996,0.435,0.39492,0.37488,0.34995,0.31965,0.30987,0.30499,0.3001,0.29472,0.28983,0.24976,0.17986,0.24487,0.59531,1.1505,1.3006,0.90518,0.60997,0.48485,0.39492,0.31476,0.25464,0.23998,0.24976,0.26002,0.26002,0.27468,0.28495,0.29472,0.30499,0.31965,0.33969,0.35973,0.37488,0.41007,0.42473,0.45015,0.48485,0.52004,0.56012,0.60997,0.6349,0.65494,0.66031,0.65005,0.62023,0.58993,0.54008,0.5,0.45992,0.41984,0.37977,0.35973,0.3348,0.32502,0.32502,0.30987,0.30499,0.30499,0.3001,0.30499,0.30499,0.30499,0.30987,0.31476,0.32991,0.34995,0.39003,0.41984,0.42473,0.45015,0.49511,0.48485,0.47996,0.44477,0.3998,0.37488,0.35484,0.31965,0.30499,0.3001,0.29472,0.28983,0.28495,0.27468,0.1999,0.16471,0.30499,0.7654,1.2805,1.3055,0.80499,0.54985,0.43988,0.33969,0.25464,0.22483,0.21994,0.2346,0.23998,0.24487,0.26491,0.27468,0.26979,0.30987,0.31965,0.30499,0.3348,0.35973,0.37977,0.40469,0.43988,0.46481,0.50978,0.55523,0.6002,0.6349,0.65005,0.64516,0.63001,0.60508,0.565,0.52004,0.47507,0.43011,0.39492,0.35973,0.32991,0.31965,0.30987,0.30499,0.3001,0.29472,0.28983,0.28006,0.28495,0.29472,0.30499,0.28006,0.28495,0.31476,0.34506,0.37977,0.3998,0.39492,0.44477,0.47507,0.45992,0.43011,0.39492,0.36999,0.34506,0.31965,0.28983,0.26979,0.26491,0.26002,0.26002,0.24976,0.22483,0.14956,0.13978,0.42473,0.98045,1.2854,1.0054,0.65005,0.47996,0.37977,0.3001,0.21457,0.20968,0.21457,0.20479,0.21457,0.2346,0.24976,0.26002,0.26491,0.28006,0.3001,0.31476,0.32991,0.35484,0.37977,0.40469,0.44477,0.47019,0.52004,0.565,0.6002,0.62512,0.6349,0.62512,0.6002,0.56012,0.52004,0.47507,0.43988,0.39003,0.34506,0.31965,0.30499,0.28983,0.28495,0.28495,0.28006,0.26979,0.27468,0.28006,0.26002,0.26979,0.28006,0.28006,0.29472,0.30987,0.34506,0.38514,0.3998,0.40469,0.45503,0.47507,0.47019,0.45503,0.41984,0.39003,0.35973,0.32502,0.3001,0.28983,0.28006,0.28006,0.28495,0.26979,0.23998,0.15982,0.20968,0.50978,1.0953,1.3104,1.0005,0.6349,0.47507,0.37977,0.3001,0.22972,0.21994,0.22483,0.2346,0.23998,0.24976,0.26002,0.26979,0.28006,0.28983,0.30499,0.32502,0.34506,0.3651,0.39003,0.41496,0.44477,0.49022,0.52981,0.56989,0.60997,0.6349,0.64027,0.6349,0.60508,0.565,0.52004,0.47507,0.43011,0.39492,0.35973,0.33969,0.31965,0.30499,0.3001,0.28983,0.28495,0.28006,0.28006,0.28006,0.28006,0.28006,0.28495,0.28495,0.28983,0.30987,0.34506,0.39003,0.3998,0.3998,0.45503,0.47019,0.47019,0.43988,0.41007,0.37488,0.34506,0.31965,0.28495,0.27468,0.26979,0.26979,0.26979,0.26491,0.22483,0.14467,0.18964,0.49511,1.0406,1.2405,0.96041,0.62512,0.47019,0.37977,0.29472,0.22483,0.21457,0.21457,0.22483,0.2346,0.23998,0.24976,0.26002,0.27468,0.28983,0.30499,0.31965,0.33969,0.35973,0.38514,0.40469,0.43988,0.47507,0.51515,0.56012,0.59531,0.60997,0.61486,0.6002,0.58016,0.54985,0.50489,0.46481,0.42473,0.39003,0.35973,0.3348,0.31965,0.30499,0.3001,0.28983,0.28983,0.28983,0.28495,0.28006,0.28006,0.27468,0.28983,0.30499,0.30499,0.31476,0.32991,0.35484,0.39492,0.42473,0.42473,0.43988,0.49511,0.48485,0.47507,0.43988,0.39492,0.3651,0.34506,0.30987,0.28983,0.28983,0.29472,0.28006,0.28006,0.28006,0.21994,0.1696,0.29472,0.71994,1.2204,1.2454,0.81525,0.57527,0.47019,0.37488,0.28983,0.24976,0.24487,0.24976,0.26002,0.26979,0.28006,0.28983,0.3001,0.30499,0.32991,0.34995,0.3651,0.37977,0.3998,0.42473,0.45015,0.49022,0.52493,0.56989,0.60997,0.64516,0.65494,0.65494,0.6349,0.60997,0.58016,0.54008,0.50489,0.45992,0.41984,0.39492,0.36999,0.35973,0.34995,0.32991,0.32991,0.32502,0.31965,0.32991,0.32502,0.32991,0.3348,0.34506,0.35484,0.35973,0.36999,0.37977,0.39492,0.43011,0.45992,0.46481,0.45015,0.51515,0.51515,0.50489,0.47507,0.41984,0.39492,0.37488,0.34506,0.31476,0.30987,0.30499,0.30987,0.30499,0.3001,0.24976,0.20479,0.29472,0.69013,1.2253,1.3157,0.85044,0.58504,0.46481,0.38514,0.30499,0.26002,0.26491,0.26979,0.27468,0.28006,0.28495,0.30499,0.31476,0.31965,0.3348,0.34995,0.3651,0.38514,0.3998,0.43011,0.45503,0.47996,0.52004,0.56989,0.60997,0.6349,0.65494,0.66031,0.64516,0.61486,0.58504,0.54497,0.5,0.45992,0.41984,0.39003,0.35973,0.3348,0.32991,0.31965,0.30987,0.30499,0.30499,0.3001,0.30987,0.30499,0.30987,0.32502,0.32991,0.32991,0.33969,0.34995,0.3651,0.39492,0.42473,0.41984,0.41496,0.47507,0.47996,0.45992,0.43011,0.39492,0.35973,0.33969,0.30987,0.28495,0.27468,0.28006,0.28006,0.26491,0.24976,0.19501,0.13978,0.24487,0.65005,1.2004,1.3006,0.8304,0.54008,0.41984,0.3348,0.25464,0.22972,0.21457,0.21457,0.2346,0.24976,0.25464,0.24487,0.26002,0.26002,0.28495,0.29472,0.31476,0.32991,0.35484,0.37977,0.40469,0.43988,0.47507,0.52981,0.56989,0.61486,0.6349,0.62023,0.60997,0.58993,0.565,0.50978,0.45992,0.41496,0.37488,0.34995,0.32502,0.30499,0.3001,0.30499,0.28495,0.26002,0.26002,0.26491,0.26002,0.26979,0.26002,0.26491,0.28006,0.28006,0.29472,0.30499,0.32502,0.3651,0.39492,0.3998,0.39003,0.45503,0.45015,0.435,0.3998,0.3651,0.32991,0.30987,0.27468,0.26002,0.25464,0.23998,0.24487,0.24976,0.23998,0.17498,0.14467,0.30987,0.77028,1.2507,1.1256,0.75024,0.51515,0.41007,0.3348,0.24976,0.21457,0.20968,0.22483,0.2346,0.2346,0.24487,0.26002,0.26491,0.28006,0.29472,0.31476,0.32991,0.34995,0.37488,0.39492,0.42473,0.45992,0.50978,0.54985,0.58993,0.62023,0.6349,0.6349,0.60997,0.58016,0.54008,0.49511,0.45015,0.40469,0.36999,0.33969,0.31476,0.3001,0.3001,0.28983,0.28983,0.28006,0.28006,0.28006,0.28006,0.27468,0.28006,0.28495,0.29472,0.30499,0.31476,0.33969,0.37977,0.41496,0.41984,0.43011,0.47996,0.48485,0.45992,0.43011,0.39492,0.35973,0.3348,0.30499,0.28495,0.28006,0.27468,0.27468,0.28006,0.26491,0.20479,0.15494,0.26002,0.65005,1.1755,1.2405,0.82014,0.54985,0.43988,0.35973,0.26979,0.22972,0.22483,0.22972,0.2346,0.23998,0.25464,0.26002,0.28006,0.28983,0.30499,0.32502,0.33969,0.35973,0.37488,0.3998,0.435,0.46481,0.5,0.54985,0.58993,0.62023,0.64027,0.64027,0.62512,0.58993,0.55523,0.50978,0.47019,0.43011,0.39003,0.35973,0.32991,0.32991,0.30987,0.30499,0.29472,0.29472,0.28983,0.29472,0.28983,0.3001,0.29472,0.30499,0.31476,0.32502,0.33969,0.35973,0.40469,0.435,0.43011,0.45992,0.5,0.49511,0.48485,0.43988,0.40469,0.37488,0.34995,0.32502,0.30499,0.3001,0.29472,0.3001,0.29472,0.28006,0.21457,0.17498,0.30987,0.73509,1.2204,1.2405,0.79032,0.56989,0.47996,0.38514,0.28495,0.23998,0.24487,0.24976,0.25464,0.26002,0.27468,0.28983,0.3001,0.31476,0.32991,0.34506,0.3651,0.39003,0.41007,0.43011,0.46481,0.49022,0.53519,0.57527,0.61486,0.64516,0.65494,0.65494,0.6349,0.60508,0.56989,0.52493,0.47996,0.43988,0.40469,0.36999,0.34995,0.34995,0.32991,0.30987,0.31476,0.31476,0.30499,0.30499,0.30499,0.30987,0.32502,0.32991,0.32502,0.33969,0.35484,0.37488,0.41007,0.435,0.44477,0.45503,0.5,0.50489,0.49511,0.46481,0.42473,0.39003,0.36999,0.34506,0.32502,0.30987,0.30499,0.30499,0.30499,0.3001,0.24976,0.18964,0.27468,0.62023,1.1657,1.2854,0.88514,0.59531,0.48485,0.3998,0.30987,0.24976,0.25464,0.26002,0.26491,0.27468,0.28006,0.29472,0.31476,0.32502,0.32991,0.34995,0.36999,0.38514,0.41007,0.42473,0.45992,0.49022,0.52493,0.56989,0.61486,0.64516,0.66031,0.6652,0.65005,0.63001,0.58993,0.54985,0.50489,0.46481,0.41984,0.39003,0.35973,0.33969,0.32991,0.31476,0.30987,0.30499,0.30499,0.3001,0.3001,0.30499,0.31476,0.31965,0.3348,0.33969,0.34506,0.35973,0.3998,0.42473,0.42473,0.41984,0.48485,0.47019,0.45992,0.42473,0.37977,0.34506,0.32502,0.28983,0.27468,0.26491,0.26002,0.26002,0.26002,0.24976,0.17498,0.12463,0.26491,0.69501,1.2107,1.2405,0.76002,0.50489,0.39492,0.32502,0.24487,0.20968,0.20968,0.21457,0.22483,0.22483,0.23998,0.25464,0.26491,0.28006,0.29472,0.30499,0.32502,0.34506,0.36999,0.39003,0.41496,0.45503,0.49022,0.54497,0.58016,0.60997,0.62512,0.62023,0.6002,0.56989,0.52981,0.47996,0.43988,0.3998,0.35973,0.32991,0.30499,0.29472,0.28006,0.28006,0.27468,0.26979,0.27468,0.26491,0.27468,0.28006,0.26979,0.28495,0.29472,0.30499,0.31965,0.35484,0.39492,0.40469,0.40469,0.45503,0.47019,0.46481,0.435,0.3998,0.35973,0.33969,0.30499,0.28006,0.26979,0.26491,0.26491,0.26002,0.26002,0.22483,0.13978,0.17986,0.47507,1.0103,1.2356,0.95015,0.62512,0.47996,0.38514,0.3001,0.22972,0.21457,0.21457,0.21994,0.22972,0.2346,0.24976,0.26002,0.27468,0.28495,0.30499,0.31965,0.33969,0.35973,0.39003,0.41007,0.43988,0.47996,0.52004,0.565,0.60508,0.63001,0.63001,0.61486,0.59531,0.56012,0.52004,0.47507,0.43011,0.39492,0.3651,0.3348,0.32502,0.31476,0.3001,0.29472,0.3001,0.3001,0.3001,0.3001,0.3001,0.30499,0.30499,0.30499,0.31965,0.33969,0.35484,0.3998,0.42473,0.435,0.45015,0.49511,0.49022,0.47996,0.435,0.39492,0.36999,0.34506,0.30987,0.29472,0.28495,0.28983,0.29472,0.28983,0.28006,0.20968,0.16471,0.28495,0.72532,1.2307,1.2605,0.79032,0.565,0.46481,0.37488,0.28983,0.24976,0.24487,0.24487,0.25464,0.26491,0.27468,0.28495,0.30499,0.31476,0.32991,0.34506,0.36999,0.39003,0.40469,0.42473,0.45015,0.48485,0.52493,0.56989,0.60997,0.64027,0.65494,0.66031,0.6349,0.60508,0.56989,0.52981,0.48485,0.44477,0.41496,0.38514,0.35484,0.34995,0.3348,0.32991,0.31476,0.30987,0.30499,0.30987,0.31965,0.32502,0.32991,0.3348,0.34995,0.35484,0.3651,0.39003,0.42473,0.45015,0.45503,0.44477,0.50978,0.50489,0.49022,0.45015,0.41007,0.38514,0.3651,0.32502,0.30987,0.30987,0.30499,0.30499,0.3001,0.3001,0.23998,0.18964,0.30499,0.73998,1.2605,1.3006,0.81525,0.565,0.47019,0.37488,0.3001,0.26491,0.26491,0.26002,0.26002,0.27468,0.29472,0.30499,0.30987,0.32502,0.33969,0.34995,0.37488,0.40469,0.41984,0.435,0.46481,0.5,0.54497,0.59531,0.63001,0.66031,0.68035,0.68035,0.67009,0.64027,0.59531,0.55523,0.52004,0.47507,0.435,0.39492,0.37977,0.35484,0.34506,0.3348,0.32991,0.31476,0.31965,0.32502,0.32502,0.32991,0.32991,0.32991,0.34995,0.35973,0.36999,0.39492,0.42473,0.45015,0.45015,0.47507,0.51515,0.5,0.49022,0.45992,0.41007,0.37488,0.35973,0.32991,0.31476,0.30499,0.29472,0.29472,0.28495,0.27468,0.1999,0.1696,0.3348,0.82014,1.3104,1.1457,0.7654,0.52004,0.41007,0.32502,0.24976,0.21457,0.21457,0.22483,0.2346,0.2346,0.23998,0.25464,0.26979,0.28006,0.28983,0.3001,0.32502,0.34506,0.36999,0.39003,0.41984,0.45015,0.5,0.54497,0.58016,0.61486,0.63001,0.6349,0.60997,0.56989,0.52981,0.48485,0.43988,0.39003,0.34995,0.32991,0.30499,0.28495,0.27468,0.27468,0.26979,0.26491,0.26002,0.26002,0.26002,0.26491,0.26979,0.27468,0.28006,0.28983,0.30499,0.3348,0.37488,0.3998,0.39492,0.43011,0.46481,0.45015,0.43988,0.3998,0.35484,0.32991,0.30987,0.27468,0.26002,0.26002,0.25464,0.25464,0.24976,0.2346,0.15494,0.1349,0.35484,0.90029,1.3157,1.0806,0.68524,0.47507,0.37488,0.3001,0.22483,0.19501,0.19501,0.20968,0.21457,0.22972,0.2346,0.24487,0.26002,0.26979,0.28495,0.3001,0.31476,0.33969,0.3651,0.39003,0.41984,0.45992,0.50489,0.54985,0.58504,0.61486,0.63001,0.62023,0.60508,0.56989,0.52493,0.47996,0.43011,0.39003,0.35484,0.32502,0.3001,0.28006,0.27468,0.26491,0.26491,0.26002,0.26002,0.26002,0.25464,0.26002,0.26002,0.26002,0.26491,0.26979,0.28495,0.30987,0.35484,0.39003,0.3998,0.41496,0.45992,0.46481,0.45015,0.41984,0.37977,0.34995,0.31965,0.28983,0.26979,0.26002,0.26491,0.26002,0.26002,0.25464,0.18964,0.13978,0.24976,0.6652,1.2004,1.2805,0.82014,0.54497,0.43011,0.33969,0.25464,0.20968,0.20479,0.20968,0.21994,0.22972,0.2346,0.24976,0.26002,0.27468,0.28983,0.30499,0.32502,0.34506,0.36999,0.38514,0.41984,0.45015,0.49022,0.53519,0.58016,0.60997,0.62512,0.63001,0.60997,0.58016,0.54497,0.5,0.45503,0.41007,0.36999,0.33969,0.31965,0.30499,0.29472,0.28983,0.28495,0.28006,0.28006,0.28006,0.28006,0.28006,0.27468,0.28006,0.28495,0.3001,0.30499,0.32502,0.3651,0.40469,0.42473,0.41984,0.46481,0.47996,0.47019,0.44477,0.41007,0.36999,0.34506,0.31965,0.28983,0.28006,0.28006,0.28006,0.28006,0.27468,0.24487,0.16471,0.15982,0.47507,1.0205,1.2454,0.96041,0.62512,0.48485,0.39003,0.30987,0.2346,0.22483,0.22483,0.2346,0.24976,0.26002,0.26002,0.27468,0.28495,0.29472,0.31476,0.3348,0.35484,0.36999,0.39492,0.42473,0.45992,0.49511,0.53519,0.57527,0.62023,0.64027,0.65005,0.64027,0.62023,0.58993,0.54497,0.5,0.45503,0.41984,0.37977,0.35484,0.3348,0.31965,0.30987,0.31476,0.30987,0.3001,0.29472,0.3001,0.3001,0.30499,0.30499,0.30499,0.31476,0.32991,0.33969,0.35484,0.38514,0.42473,0.435,0.43011,0.49022,0.5,0.49511,0.46481,0.42473,0.37977,0.3651,0.3348,0.30499,0.30499,0.3001,0.3001,0.3001,0.29472,0.24976,0.17986,0.24487,0.56989,1.1056,1.2708,0.92033,0.63001,0.49511,0.41007,0.31965,0.25464,0.24487,0.25464,0.25464,0.26002,0.28006,0.28495,0.28983,0.3001,0.31965,0.3348,0.35484,0.37977,0.3998,0.41984,0.44477,0.47996,0.52004,0.565,0.6002,0.6349,0.65494,0.6652,0.65005,0.62023,0.58993,0.54985,0.50489,0.46481,0.435,0.39492,0.37488,0.34995,0.33969,0.32991,0.31965,0.30987,0.30499,0.30499,0.30499,0.30987,0.32502,0.31965,0.32991,0.34506,0.34995,0.3651,0.36999,0.39492,0.43011,0.44477,0.44477,0.47996,0.5,0.49022,0.47019,0.43988,0.3998,0.37488,0.34506,0.31965,0.30987,0.30499,0.30987,0.30499,0.29472,0.27468,0.20479,0.18964,0.41496,0.94526,1.3104,1.0503,0.69501,0.50978,0.43011,0.33969,0.26979,0.25464,0.25464,0.26002,0.26979,0.26979,0.28006,0.29472,0.30987,0.31965,0.33969,0.34995,0.37488,0.38514,0.41007,0.435,0.46481,0.5,0.54497,0.58504,0.62512,0.65005,0.66031,0.65494,0.6349,0.60508,0.565,0.52004,0.47507,0.43011,0.39492,0.3651,0.33969,0.31476,0.3001,0.29472,0.28983,0.28006,0.28006,0.28006,0.28006,0.28006,0.28983,0.3001,0.30499,0.31476,0.32991,0.33969,0.35973,0.39492,0.41496,0.41007,0.435,0.47019,0.45992,0.44477,0.40469,0.3651,0.33969,0.31476,0.28006,0.26491,0.26002,0.26002,0.26002,0.25464,0.2346,0.14956,0.12952,0.35484,0.89052,1.2908,1.0552,0.68524,0.47996,0.37488,0.30499,0.22972,0.20968,0.20479,0.20968,0.21994,0.22483,0.2346,0.24487,0.26002,0.27468,0.28983,0.30987,0.32991,0.34995,0.36999,0.39492,0.43011,0.46481,0.50978,0.56012,0.60508,0.63001,0.64027,0.6349,0.62023,0.58504,0.54008,0.49511,0.44477,0.40469,0.3651,0.3348,0.30499,0.28983,0.28006,0.28006,0.26979,0.26491,0.26002,0.26491,0.26002,0.26491,0.26002,0.26491,0.26979,0.28006,0.28006,0.3001,0.32502,0.36999,0.3998,0.3998,0.41496,0.45992,0.45503,0.44477,0.41496,0.36999,0.33969,0.31476,0.28983,0.26979,0.26002,0.26002,0.26002,0.26002,0.24976,0.18475,0.14467,0.28495,0.71017,1.2307,1.2757,0.80499,0.53519,0.43011,0.33969,0.25464,0.20968,0.20968,0.21457,0.22483,0.2346,0.24487,0.25464,0.26491,0.28006,0.29472,0.30987,0.32991,0.34995,0.36999,0.39492,0.42473,0.45992,0.5,0.54497,0.58993,0.62512,0.64027,0.64516,0.62512,0.58993,0.56012,0.51515,0.47019,0.42473,0.38514,0.34995,0.32502,0.30987,0.3001,0.29472,0.28495,0.28495,0.28006,0.28006,0.28006,0.26979,0.27468,0.28006,0.28495,0.28983,0.30499,0.30987,0.32502,0.34506,0.37977,0.41496,0.42473,0.41984,0.47507,0.47996,0.47019,0.43988,0.3998,0.3651,0.33969,0.30987,0.28983,0.28006,0.28006,0.28006,0.27468,0.26491,0.21994,0.15494,0.22972,0.56989,1.1007,1.2507,0.89052,0.58993,0.46481,0.38514,0.28495,0.22972,0.22972,0.2346,0.2346,0.23998,0.24976,0.26002,0.26979,0.28495,0.3001,0.31965,0.3348,0.34995,0.36999,0.39492,0.41984,0.45015,0.49022,0.53519,0.58016,0.60508,0.63001,0.64027,0.6349,0.60508,0.57527,0.53519,0.48485,0.43988,0.41007,0.36999,0.34506,0.32502,0.31476,0.30987,0.30499,0.29472,0.29472,0.3001,0.30499,0.28983,0.28983,0.29472,0.30499,0.30499,0.31476,0.32502,0.3348,0.34506,0.3651,0.3998,0.43011,0.435,0.43011,0.49511,0.49022,0.47996,0.43988,0.39003,0.3651,0.34995,0.31476,0.30499,0.3001,0.3001,0.3001,0.3001,0.28495,0.22483,0.18964,0.32502,0.75513,1.2356,1.2654,0.80499,0.57527,0.47507,0.37977,0.28983,0.25464,0.24976,0.26002,0.26002,0.26979,0.28006,0.28495,0.3001,0.30499,0.32502,0.33969,0.35973,0.37977,0.3998,0.42473,0.45503,0.49511,0.52493,0.565,0.60997,0.64516,0.6652,0.67009,0.65494,0.63001,0.58993,0.55523,0.50978,0.46481,0.41984,0.39492,0.36999,0.34995,0.33969,0.32991,0.32502,0.31965,0.30499,0.30499,0.30987,0.31965,0.32502,0.32991,0.33969,0.34506,0.34995,0.35973,0.36999,0.37488,0.39003,0.41496,0.43988,0.44477,0.43988,0.49511,0.5,0.48485,0.46481,0.41984,0.38514,0.3651,0.33969,0.30987,0.30499,0.30499,0.30499,0.3001,0.29472,0.24976,0.1999,0.28006,0.62023,1.1755,1.3157,0.90029,0.6002,0.47507,0.39003,0.30499,0.26002,0.24976,0.24976,0.26002,0.26979,0.27468,0.29472,0.30499,0.30987,0.32502,0.33969,0.35973,0.37977,0.3998,0.41984,0.44477,0.47996,0.52004,0.56989,0.60997,0.65005,0.67009,0.68035,0.67009,0.65005,0.61486,0.56989,0.52004,0.47507,0.435,0.40469,0.37488,0.34506,0.32991,0.31476,0.30987,0.30499,0.3001,0.3001,0.29472,0.30499,0.30499,0.30987,0.31965,0.32991,0.3348,0.33969,0.34506,0.34995,0.35973,0.38514,0.41496,0.42473,0.41496,0.46481,0.47507,0.45992,0.43988,0.39492,0.35484,0.3348,0.31476,0.28495,0.28006,0.27468,0.26979,0.26979,0.26491,0.21457,0.14956,0.2346,0.6002,1.1755,1.3157,0.89541,0.57527,0.43988,0.35484,0.27468,0.21994,0.21457,0.21457,0.22483,0.2346,0.23998,0.25464,0.26491,0.27468,0.28983,0.30499,0.32991,0.34506,0.36999,0.39492,0.41984,0.45015,0.49022,0.54008,0.58993,0.63001,0.65494,0.66031,0.65494,0.63001,0.58993,0.54008,0.49511,0.44477,0.39492,0.3651,0.3348,0.30987,0.3001,0.28983,0.28495,0.28006,0.28006,0.28006,0.28006,0.27468,0.27468,0.28006,0.28006,0.28495,0.29472,0.30499,0.30987,0.32991,0.35484,0.39492,0.41496,0.40469,0.43988,0.47019,0.45992,0.43988,0.3998,0.3651,0.3348,0.31476,0.28006,0.26979,0.26491,0.26002,0.26002,0.26002,0.22972,0.15494,0.14956,0.46481,1.0005,1.3006,1.0152,0.65005,0.47507,0.37488,0.3001,0.22972,0.20968,0.21457,0.21994,0.2346,0.2346,0.24976,0.25464,0.26979,0.28495,0.30499,0.31965,0.3348,0.35973,0.37488,0.40469,0.43988,0.47019,0.51515,0.565,0.60508,0.6349,0.65005,0.64027,0.61486,0.58993,0.54497,0.5,0.45015,0.40469,0.3651,0.32991,0.30987,0.3001,0.29472,0.28495,0.28006,0.28006,0.28006,0.28006,0.27468,0.27468,0.27468,0.28006,0.28006,0.28983,0.29472,0.30499,0.31476,0.33969,0.36999,0.41007,0.42473,0.41984,0.45992,0.47507,0.46481,0.43988,0.40469,0.36999,0.34506,0.31476,0.28495,0.27468,0.27468,0.27468,0.27468,0.26491,0.2346,0.15982,0.20968,0.52493,1.0655,1.2556,0.96041,0.62512,0.47996,0.39003,0.30499,0.2346,0.22972,0.2346,0.23998,0.24487,0.26002,0.26491,0.27468,0.28495,0.30499,0.31965,0.32991,0.35484,0.37488,0.39492,0.42473,0.45015,0.48485,0.52981,0.57527,0.61486,0.64516,0.65005,0.64516,0.62512,0.58993,0.54985,0.5,0.45992,0.41984,0.37977,0.34995,0.32991,0.31965,0.30987,0.30499,0.30499,0.30499,0.29472,0.29472,0.29472,0.3001,0.29472,0.30499,0.30499,0.31965,0.32502,0.32991,0.34506,0.34995,0.36999,0.41007,0.435,0.42473,0.45015,0.49511,0.48485,0.46481,0.43011,0.38514,0.35484,0.3348,0.3001,0.28495,0.28006,0.28006,0.28495,0.28983,0.27468,0.1999,0.17498,0.3651,0.8651,1.2708,1.0753,0.73998,0.54497,0.45015,0.35973,0.27468,0.24487,0.23998,0.24976,0.26002,0.26002,0.27468,0.28006,0.28983,0.30499,0.31476,0.32991,0.35484,0.37977,0.3998,0.41984,0.45015,0.47996,0.52493,0.56989,0.61486,0.64027,0.65494,0.66031,0.64027,0.60508,0.56989,0.52493,0.48485,0.43988,0.3998,0.36999,0.34995,0.32991,0.31476,0.30987,0.30499,0.30499,0.30499,0.30499,0.3001,0.30499,0.30499,0.31476,0.31476,0.32502,0.3348,0.34995,0.34995,0.35484,0.37488,0.39003,0.42473,0.43988,0.43011,0.45992,0.49511,0.47996,0.46481,0.43011,0.39492,0.3651,0.32991,0.30499,0.3001,0.3001,0.29472,0.29472,0.29472,0.26979,0.19501,0.18475,0.45015,0.98045,1.3104,1.0352,0.69013,0.50978,0.43011,0.34995,0.27468,0.26002,0.25464,0.26002,0.27468,0.28495,0.29472,0.30499,0.30499,0.32991,0.33969,0.35973,0.37488,0.3998,0.41496,0.44477,0.47019,0.50978,0.55523,0.59531,0.6349,0.66031,0.67498,0.68035,0.67009,0.63001,0.58993,0.54985,0.50489,0.46481,0.42473,0.39003,0.3651,0.34995,0.32991,0.31965,0.31476,0.31965,0.30987,0.31476,0.30987,0.31965,0.32991,0.3348,0.34506,0.35484,0.35973,0.36999,0.37488,0.37488,0.37977,0.40469,0.43011,0.43988,0.435,0.47996,0.49511,0.48485,0.46481,0.42473,0.38514,0.3651,0.3348,0.30987,0.30499,0.3001,0.29472,0.28983,0.28495,0.24976,0.17498,0.23998,0.565,1.1056,1.3006,0.94037,0.62512,0.47507,0.37977,0.3001,0.24487,0.2346,0.2346,0.24487,0.24976,0.26002,0.26491,0.27468,0.28983,0.30499,0.31965,0.32991,0.34995,0.37488,0.3998,0.41984,0.45015,0.49022,0.53519,0.58504,0.62512,0.65494,0.66031,0.65494,0.6349,0.60508,0.56012,0.50978,0.45992,0.41496,0.37488,0.34506,0.32502,0.3001,0.29472,0.28983,0.28495,0.28006,0.28006,0.27468,0.27468,0.28006,0.28006,0.28006,0.28983,0.3001,0.30499,0.30987,0.31965,0.32991,0.34995,0.38514,0.41007,0.40469,0.3998,0.46481,0.45992,0.43988,0.40469,0.3651,0.33969,0.32502,0.28983,0.27468,0.26979,0.26491,0.26491,0.26002,0.24487,0.17498,0.15494,0.38514,0.89541,1.3055,1.0953,0.71505,0.5,0.39492,0.31965,0.24487,0.21994,0.22483,0.2346,0.2346,0.23998,0.49022,0.47996,0.47019,0.43988,0.3998,0.3651,0.34506,0.31476,0.29472,0.28495,0.28006,0.28006,0.28006,0.26979,0.20479,0.16471,0.29472,0.72532,1.2307,1.2605,0.81525,0.56989,0.46481,0.36999,0.28006,0.23998,0.23998,0.24487,0.24976,0.26491,0.28006,0.28495,0.28983,0.30499,0.32991,0.33969,0.35484,0.38514,0.3998,0.42473,0.45015,0.48485,0.52981,0.56989,0.61486,0.65005,0.6652,0.67009,0.65494,0.62512,0.58993,0.54497,0.50978,0.47019,0.43011,0.39003,0.35484,0.3348,0.32991,0.31476,0.30987,0.31965,0.30499,0.30987,0.30499,0.30987,0.30499,0.31476,0.32991,0.3348,0.34506,0.35484,0.36999,0.39492,0.42473,0.44477,0.44477,0.47996,0.5,0.48485,0.47019,0.43011,0.39492,0.37488,0.34506,0.31476,0.30499,0.30499,0.30499,0.30499,0.3001,0.27468,0.1999,0.19501,0.47996,1.0152,1.3006,0.9956,0.6652,0.5,0.41007,0.3348,0.26491,0.24487,0.26002,0.26491,0.27468,0.28006,0.28495,0.30499,0.31965,0.32502,0.34506,0.35484,0.37977,0.39492,0.41007,0.44477,0.47996,0.51515,0.55523,0.60508,0.65005,0.67009,0.68524,0.67498,0.65494,0.6349,0.58993,0.54497,0.49511,0.45992,0.41984,0.39003,0.3651,0.3348,0.32991,0.32991,0.31965,0.31965,0.31476,0.30987,0.30987,0.30499,0.31965,0.32502,0.32991,0.34506,0.34995,0.35973,0.37488,0.41007,0.43988,0.43011,0.42473,0.49022,0.47996,0.47019,0.43988,0.39492,0.3651,0.34506,0.30987,0.28983,0.28006,0.27468,0.27468,0.27468,0.26002,0.18964,0.14956,0.30987,0.76002,1.2757,1.2908,0.78006,0.52004,0.40469,0.31965,0.24487,0.20968,0.20968,0.20968,0.22483,0.22972,0.2346,0.24976,0.26002,0.26979,0.28006,0.3001,0.31476,0.33969,0.35973,0.39003,0.41984,0.44477,0.49022,0.54497,0.58993,0.62512,0.64516,0.65005,0.63001,0.6002,0.56012,0.50978,0.46481,0.41984,0.37977,0.34506,0.31476,0.29472,0.28006,0.27468,0.26979,0.26491,0.26002,0.26002,0.26002,0.26002,0.26002,0.26491,0.27468,0.28006,0.28983,0.3001,0.30987,0.3348,0.37488,0.39492,0.39492,0.43011,0.45992,0.45015,0.43011,0.39492,0.35973,0.32991,0.30499,0.28006,0.26491,0.26002,0.26002,0.25464,0.24976,0.22483,0.14467,0.13978,0.45503,1.0205,1.3055,1.0054,0.6349,0.45503,0.35973,0.28983,0.21994,0.20479,0.20479,0.20968,0.21994,0.2346,0.24487,0.25464,0.26491,0.28006,0.28983,0.31476,0.3348,0.35484,0.37488,0.3998,0.435,0.47507,0.52004,0.565,0.60997,0.6349,0.65494,0.65005,0.63001,0.58993,0.54985,0.5,0.45015,0.40469,0.36999,0.3348,0.31476,0.29472,0.28006,0.28006,0.28006,0.27468,0.26979,0.26979,0.26491,0.26979,0.26491,0.26979,0.27468,0.28006,0.28495,0.3001,0.30499,0.32991,0.36999,0.41007,0.41496,0.40469,0.46481,0.47019,0.45992,0.43011,0.39003,0.35973,0.33969,0.30499,0.28006,0.28006,0.27468,0.26979,0.26491,0.26002,0.20479,0.15494,0.26979,0.69013,1.2204,1.2957,0.8304,0.55523,0.435,0.34995,0.26979,0.21457,0.21457,0.21994,0.22972,0.2346,0.24487,0.26002,0.26491,0.28006,0.29472,0.31476,0.32991,0.34995,0.36999,0.39492,0.41984,0.45015,0.49511,0.54008,0.58504,0.62512,0.64027,0.65005,0.6349,0.60997,0.56989,0.52981,0.47996,0.435,0.39003,0.35484,0.32991,0.31476,0.30499,0.29472,0.28495,0.28006,0.28006,0.28006,0.28006,0.28006,0.28006,0.28006,0.28006,0.28983,0.29472,0.30499,0.30987,0.32502,0.33969,0.36999,0.41496,0.42473,0.42473,0.46481,0.47996,0.47019,0.44477,0.41007,0.36999,0.34506,0.31965,0.29472,0.28006,0.28006,0.27468,0.28006,0.26979,0.2346,0.16471,0.21994,0.54008,1.0806,1.2654,0.94526,0.62512,0.49022,0.3998,0.30499,0.23998,0.2346,0.2346,0.23998,0.24487,0.25464,0.26491,0.28006,0.29472,0.3001,0.31476,0.3348,0.35973,0.37488,0.39492,0.41984,0.45015,0.49022,0.53519,0.58993,0.62512,0.65005,0.65494,0.65005,0.63001,0.6002,0.56012,0.51515,0.47019,0.42473,0.39003,0.35484,0.32991,0.32991,0.30987,0.30499,0.30499,0.30499,0.30499,0.30499,0.29472,0.30499,0.30499,0.30987,0.30987,0.31965,0.32991,0.33969,0.34506,0.34995,0.3651,0.37488,0.40469,0.42473,0.38514,0.35484,0.38514,0.3998,0.37488,0.3651,0.35973,0.34506,0.33969,0.3348,0.32991,0.32991,0.26979,0.2346,0.35973,0.75513,1.2507,1.2908,0.78543,0.54985,0.48485,0.41496,0.31476,0.26491,0.26002,0.26491,0.26979,0.28006,0.28983,0.30499,0.30987,0.32991,0.3348,0.34995,0.35973,0.37977,0.3998,0.42473,0.45015,0.47507,0.52004,0.56989,0.6002,0.64027,0.66031,0.6652,0.64027,0.62023,0.58016,0.54008,0.49511,0.45015,0.40469,0.37488,0.34995,0.33969,0.32502,0.31476,0.30499,0.30499,0.3001,0.29472,0.29472,0.29472,0.30499,0.30987,0.31965,0.32991,0.32991,0.33969,0.34506,0.34995,0.35484,0.35484,0.35973,0.35484,0.34995,0.34995,0.34995,0.35484,0.3651,0.39492,0.41984,0.41496,0.45015,0.49511,0.47996,0.47019,0.43011,0.39492,0.36999,0.34995,0.32502,0.30987,0.30499,0.3001,0.30499,0.30987,0.28983,0.21457,0.25464,0.50489,1.0103,1.3255,1.0205,0.68524,0.5,0.41007,0.33969,0.27468,0.26002,0.25464,0.26002,0.26979,0.28006,0.28983,0.3001,0.30499,0.31476,0.32991,0.34506,0.35484,0.37488,0.3998,0.41984,0.45015,0.48485,0.52004,0.565,0.61486,0.65005,0.67498,0.68035,0.67009,0.65005,0.61486,0.56989,0.52004,0.47507,0.435,0.39492,0.35973,0.32991,0.31476,0.30499,0.29472,0.28983,0.28006,0.28006,0.28006,0.28006,0.28006,0.28983,0.3001,0.30499,0.30987,0.32502,0.32991,0.3348,0.33969,0.33969,0.33969,0.33969,0.36999,0.3998,0.41007,0.3998,0.44477,0.45503,0.44477,0.41984,0.37977,0.34506,0.32991,0.3001,0.27468,0.26979,0.26979,0.26979,0.26491,0.26002,0.20479,0.16471,0.28983,0.70039,1.2507,1.3255,0.85044,0.54985,0.43011,0.34506,0.26979,0.21994,0.21994,0.21994,0.22972,0.2346,0.24487,0.26002,0.26979,0.28006,0.29472,0.30987,0.32991,0.34506,0.3651,0.39492,0.41984,0.44477,0.47996,0.53519,0.58016,0.63001,0.65494,0.66031,0.65005,0.63001,0.58993,0.54497,0.5,0.45015,0.40469,0.36999,0.32991,0.30987,0.29472,0.28983,0.28006,0.28006,0.26491,0.26491,0.26002,0.26002,0.26002,0.26002,0.26002,0.26002,0.26979,0.28006,0.28495,0.29472,0.30499,0.31476,0.32991,0.35484,0.39492,0.41496,0.3998,0.435,0.46481,0.45503,0.435,0.3998,0.35484,0.32991,0.31476,0.28006,0.26491,0.26491,0.26979,0.26979,0.26491,0.22972,0.16471,0.2346,0.54008,1.0953,1.2908,0.98045,0.63001,0.47996,0.38514,0.3001,0.2346,0.21994,0.22483,0.22972,0.2346,0.24976,0.26002,0.26491,0.28006,0.29472,0.30499,0.32991,0.34506,0.3651,0.38514,0.41496,0.43988,0.47996,0.52493,0.57527,0.61486,0.65005,0.67498,0.67009,0.65005,0.61486,0.56989,0.52004,0.47507,0.43011,0.39003,0.35973,0.32991,0.30987,0.30499,0.29472,0.28983,0.28495,0.28495,0.28006,0.28006,0.28006,0.28006,0.28006,0.28495,0.28983,0.3001,0.30499,0.30987,0.32502,0.32991,0.3348,0.34995,0.37488,0.41496,0.43011,0.42473,0.45503,0.47507,0.46481,0.43988,0.40469,0.36999,0.33969,0.31476,0.28983,0.28006,0.27468,0.28006,0.28006,0.27468,0.2346,0.17498,0.24487,0.565,1.1153,1.2854,0.96041,0.64516,0.50978,0.41007,0.31476,0.24487,0.2346,0.2346,0.24976,0.25464,0.26002,0.26979,0.28983,0.29472,0.30499,0.31476,0.33969,0.35973,0.37977,0.39492,0.42473,0.45503,0.49022,0.53519,0.58504,0.63001,0.65494,0.67498,0.6652,0.65005,0.62023,0.57527,0.52981,0.48485,0.43988,0.3998,0.36999,0.34995,0.32991,0.30987,0.30499,0.30987,0.30499,0.3001,0.29472,0.29472,0.28983,0.29472,0.3001,0.30987,0.30987,0.31965,0.32502,0.32991,0.34995,0.34995,0.34995,0.34995,0.35484,0.35973,0.39003,0.41984,0.43011,0.41984,0.46481,0.47996,0.47507,0.45015,0.40469,0.37488,0.35484,0.32502,0.30499,0.3001,0.3001,0.29472,0.3001,0.28983,0.24487,0.19501,0.3001,0.66031,1.2004,1.3006,0.87048,0.58993,0.47507,0.38514,0.3001,0.25464,0.24976,0.26002,0.26002,0.26002,0.27468,0.28006,0.29472,0.30499,0.31965,0.33969,0.34995,0.37488,0.39492,0.41496,0.43988,0.46481,0.50489,0.54497,0.58993,0.64027,0.67009,0.68035,0.68524,0.65494,0.62512,0.58016,0.53519,0.49022,0.44477,0.40469,0.37488,0.34995,0.32991,0.31476,0.30499,0.30499,0.3001,0.29472,0.28983,0.3001,0.3001,0.30499,0.31476,0.32502,0.32991,0.32991,0.33969,0.34995,0.34995,0.35484,0.34995,0.34995,0.34995,0.35484,0.37977,0.40469,0.41496,0.41007,0.45992,0.47019,0.46481,0.43988,0.3998,0.3651,0.34506,0.31965,0.29472,0.28983,0.28495,0.28495,0.28495,0.28006,0.22483,0.18475,0.30987,0.70039,1.2405,1.3055,0.85044,0.56989,0.45503,0.3651,0.28495,0.23998,0.23998,0.24487,0.24487,0.25464,0.26002,0.27468,0.28006,0.3001,0.30499,0.32991,0.34506,0.3651,0.37977,0.40469,0.43011,0.46481,0.50489,0.54985,0.59531,0.6349,0.67009,0.68524,0.68035,0.65494,0.62023,0.58016,0.52493,0.47996,0.435,0.39492,0.3651,0.3348,0.31476,0.30499,0.3001,0.29472,0.28495,0.28495,0.28006,0.28006,0.28495,0.28495,0.28983,0.29472,0.3001,0.30499,0.31476,0.32502,0.32502,0.32991,0.3348,0.34995,0.37977,0.41496,0.41984,0.40469,0.45503,0.47019,0.45503,0.43011,0.39003,0.35973,0.33969,0.30987,0.28495,0.28006,0.28006,0.28006,0.28006,0.26491,0.20479,0.17498,0.30987,0.74536,1.2654,1.3006,0.82014,0.54985,0.43988,0.35973,0.26979,0.2346,0.22972,0.2346,0.23998,0.24487,0.26002,0.26491,0.27468,0.28495,0.3001,0.31965,0.3348,0.35484,0.37488,0.39492,0.42473,0.45503,0.5,0.54985,0.59531,0.6349,0.66031,0.68035,0.67009,0.64516,0.60508,0.56012,0.50978,0.45992,0.41007,0.37488,0.34506,0.31965,0.30499,0.3001,0.29472,0.28006,0.28495,0.28006,0.28006,0.27468,0.26979,0.28006,0.28006,0.28006,0.28983,0.3001,0.30499,0.31965,0.32991,0.3348,0.34995,0.37488,0.41984,0.42473,0.41984,0.46481,0.47507,0.46481,0.435,0.3998,0.3651,0.3348,0.31476,0.28495,0.28006,0.28006,0.28006,0.28006,0.27468,0.21994,0.16471,0.26979,0.64027,1.1804,1.2854,0.87537,0.58504,0.45992,0.37977,0.28983,0.2346,0.2346,0.2346,0.23998,0.24976,0.26002,0.26491,0.27468,0.28495,0.30499,0.31476,0.3348,0.35484,0.37977,0.3998,0.43011,0.45992,0.49511,0.54008,0.58504,0.62512,0.65494,0.67009,0.65494,0.6349,0.6002,0.55523,0.50489,0.46481,0.41984,0.37977,0.34995,0.32502,0.31476,0.30499,0.29472,0.3001,0.29472,0.29472,0.28983,0.28983,0.28495,0.28495,0.3001,0.3001,0.30499,0.30499,0.31965,0.32991,0.33969,0.34995,0.36999,0.3998,0.42473,0.42473,0.44477,0.48485,0.47996,0.45992,0.42473,0.38514,0.34995,0.32991,0.30499,0.28983,0.28006,0.28495,0.28006,0.28006,0.26979,0.19501,0.16471,0.37977,0.87048,1.2757,1.0753,0.73998,0.54985,0.45503,0.35973,0.26979,0.24487,0.24487,0.24487,0.24976,0.26002,0.27468,0.28006,0.29472,0.30499,0.31476,0.33969,0.35484,0.37488,0.39492,0.41496,0.44477,0.48485,0.52004,0.565,0.60508,0.64516,0.67009,0.68035,0.66031,0.6349,0.59531,0.55523,0.51515,0.46481,0.41984,0.39003,0.35973,0.33969,0.32502,0.31476,0.30499,0.3001,0.3001,0.29472,0.3001,0.28983,0.3001,0.30499,0.32502,0.32991,0.3348,0.34506,0.34995,0.35484,0.3651,0.3651,0.39492,0.42473,0.43011,0.41496,0.46481,0.49022,0.47507,0.44477,0.40469,0.3651,0.34995,0.32502,0.30499,0.29472,0.28495,0.29472,0.28983,0.28006,0.24487,0.18964,0.24976,0.54985,1.0855,1.2605,0.91544,0.6002,0.46481,0.38514,0.29472,0.24976,0.23998,0.23998,0.24976,0.26002,0.26491,0.28006,0.28983,0.28983,0.30499,0.32502,0.34506,0.3651,0.37488,0.39492,0.42473,0.45015,0.49022,0.52981,0.56989,0.61486,0.65005,0.65494,0.65494,0.64027,0.60997,0.56989,0.52981,0.49022,0.45015,0.40469,0.36999,0.34506,0.32991,0.31965,0.30499,0.3001,0.28983,0.28983,0.28983,0.29472,0.30499,0.30987,0.31476,0.32502,0.3348,0.34506,0.34995,0.34995,0.35973,0.38514,0.41496,0.435,0.42473,0.45503,0.49511,0.48485,0.46481,0.43011,0.39003,0.3651,0.33969,0.30987,0.29472,0.28983,0.28495,0.28495,0.28495,0.26491,0.17986,0.16471,0.42473,0.9653,1.3206,1.0606,0.69501,0.50489,0.3998,0.31965,0.25464,0.22972,0.22972,0.2346,0.23998,0.25464,0.26002,0.26979,0.28006,0.29472,0.30987,0.32991,0.34995,0.36999,0.38514,0.41496,0.44477,0.47996,0.52004,0.56989,0.61486,0.65494,0.67498,0.68035,0.65494,0.63001,0.58504,0.54008,0.48485,0.43988,0.3998,0.36999,0.33969,0.31965,0.30499,0.29472,0.28983,0.28983,0.28495,0.28495,0.28006,0.28006,0.27468,0.28006,0.28495,0.28495,0.29472,0.30499,0.31965,0.34506,0.38514,0.41496,0.41984,0.41496,0.47507,0.46481,0.45015,0.41984,0.37977,0.34995,0.32502,0.3001,0.28006,0.27468,0.27468,0.26979,0.26979,0.25464,0.18964,0.15982,0.33969,0.83529,1.2854,1.1354,0.75024,0.52004,0.41496,0.33969,0.24976,0.21994,0.21994,0.22972,0.2346,0.24487,0.25464,0.26491,0.26979,0.28006,0.29472,0.30987,0.32991,0.34995,0.36999,0.39492,0.42473,0.45992,0.5,0.54497,0.59531,0.63001,0.65494,0.66031,0.64516,0.61486,0.57527,0.52981,0.47507,0.43011,0.39003,0.35484,0.32991,0.30987,0.29472,0.28983,0.28495,0.28006,0.28006,0.28006,0.27468,0.27468,0.27468,0.27468,0.28006,0.28006,0.28983,0.30499,0.31476,0.34995,0.3998,0.42473,0.41007,0.44477,0.47019,0.46481,0.44477,0.40469,0.36999,0.34995,0.32502,0.28495,0.27468,0.26979,0.26979,0.26491,0.26491,0.23998,0.16471,0.15494,0.45503,0.99022,1.2757,1.0205,0.68524,0.52493,0.41984,0.32991,0.24487,0.2346,0.2346,0.23998,0.24976,0.26002,0.27468,0.28006,0.28983,0.30499,0.31476,0.33969,0.35484,0.37488,0.39492,0.41496,0.45015,0.48485,0.52981,0.58016,0.61486,0.65005,0.66031,0.6652,0.64516,0.60508,0.56989,0.52004,0.47996,0.43988,0.39492,0.36999,0.34995,0.32502,0.31476,0.31965,0.30987,0.30499,0.30499,0.3001,0.30499,0.30499,0.30499,0.30499,0.31965,0.32991,0.33969,0.33969,0.3651,0.41496,0.44477,0.43988,0.45503,0.50489,0.50978,0.49022,0.45015,0.41007,0.37488,0.35973,0.31965,0.30499,0.3001,0.30499,0.28983,0.29472,0.28006,0.22483,0.18475,0.28983,0.70528,1.2107,1.2605,0.79521,0.55523,0.45503,0.35973,0.28006,0.23998,0.23998,0.24487,0.25464,0.26002,0.27468,0.28495,0.29472,0.30499,0.31965,0.33969,0.35973,0.37488,0.38514,0.40469,0.43988,0.47507,0.51515,0.55523,0.6002,0.6349,0.65494,0.65494,0.65494,0.62512,0.58993,0.54985,0.50978,0.46481,0.43011,0.39003,0.3651,0.34506,0.32502,0.31476,0.30987,0.30499,0.30499,0.30499,0.30499,0.3001,0.30987,0.31476,0.31476,0.31965,0.32991,0.34506,0.35973,0.38514,0.41984,0.435,0.43011,0.46481,0.49511,0.47996,0.45992,0.42473,0.38514,0.35973,0.33969,0.30987,0.29472,0.29472,0.29472,0.29472,0.28983,0.26979,0.19501,0.17498,0.39492,0.87048,1.2708,1.0503,0.71505,0.50978,0.41984,0.3348,0.26491,0.23998,0.23998,0.24487,0.24976,0.26002,0.26979,0.28006,0.29472,0.30499,0.31965,0.3348,0.34995,0.37488,0.3998,0.42473,0.45503,0.49022,0.52981,0.58016,0.62023,0.65005,0.67009,0.67498,0.65494,0.63001,0.58993,0.54008,0.49511,0.44477,0.40469,0.37488,0.34506,0.31965,0.30499,0.29472,0.28983,0.28006,0.28006,0.27468,0.28006,0.28006,0.28983,0.29472,0.30499,0.31476,0.31965,0.32502,0.33969,0.36999,0.40469,0.41984,0.41496,0.45503,0.47507,0.46481,0.43988,0.40469,0.36999,0.34506,0.31476,0.28495,0.28006,0.26979,0.26979,0.26979,0.26491,0.2346,0.15494,0.19501,0.48485,1.0552,1.3055,1.0054,0.64027,0.47507,0.37488,0.29472,0.22483,0.20968,0.20968,0.21994,0.2346,0.2346,0.24487,0.26002,0.26979,0.28983,0.30499,0.31965,0.3348,0.35484,0.37977,0.40469,0.435,0.47507,0.52004,0.565,0.60997,0.64027,0.65494,0.65494,0.63001,0.6002,0.56012,0.50489,0.45503,0.41496,0.37488,0.3348,0.31965,0.30499,0.29472,0.28495,0.28006,0.28495,0.28006,0.28006,0.28006,0.28006,0.28006,0.28006,0.28006,0.28495,0.29472,0.30499,0.32502,0.3651,0.40469,0.41984,0.41496,0.46481,0.47996,0.46481,0.43988,0.40469,0.36999,0.34506,0.31965,0.28983,0.28006,0.28006,0.27468,0.27468,0.26979,0.2346,0.15982,0.22972,0.54985,1.1105,1.2805,0.94037,0.60508,0.47019,0.37977,0.28983,0.22972,0.21994,0.22483,0.2346,0.23998,0.25464,0.26002,0.26491,0.28006,0.29472,0.31476,0.32991,0.34506,0.36999,0.39003,0.41496,0.44477,0.48485,0.52981,0.58016,0.61486,0.64027,0.65494,0.64516,0.63001,0.58993,0.54497,0.5,0.45503,0.41007,0.37488,0.34995,0.32991,0.30987,0.30499,0.3001,0.28983,0.28495,0.28983,0.28495,0.28983,0.28495,0.28983,0.28983,0.30499,0.31476,0.31965,0.32991,0.34506,0.36999,0.41007,0.435,0.43011,0.47507,0.5,0.49022,0.45992,0.41984,0.38514,0.35973,0.32991,0.30499,0.29472,0.28983,0.28495,0.28983,0.3001,0.26979,0.18964,0.18475,0.44477,0.97019,1.2957,1.0455,0.70528,0.54008,0.44477,0.34995,0.26491,0.25464,0.26002,0.26491,0.27468,0.28495,0.29472,0.3001,0.30499,0.32502,0.33969,0.34995,0.37488,0.39003,0.40469,0.42473,0.45992,0.5,0.54497,0.58993,0.63001,0.65494,0.68035,0.67498,0.65005,0.62023,0.58016,0.54008,0.5,0.45503,0.41984,0.38514,0.35973,0.3348,0.32991,0.32502,0.31476,0.30499,0.30499,0.30987,0.30499,0.30499,0.30499,0.31476,0.32502,0.32991,0.33969,0.34995,0.36999,0.37488,0.39492,0.435,0.43988,0.43988,0.48485,0.5,0.49022,0.46481,0.42473,0.37977,0.35973,0.33969,0.30499,0.30499,0.30499,0.29472,0.3001,0.29472,0.26979,0.18475,0.22972,0.49022,1.0303,1.2708,0.97556,0.64027,0.48485,0.41007,0.32502,0.26491,0.23998,0.24976,0.26002,0.26979,0.27468,0.28006,0.29472,0.30499,0.31965,0.32991,0.34995,0.36999,0.38514,0.40469,0.435,0.45992,0.5,0.54497,0.58504,0.63001,0.66031,0.67009,0.67498,0.65005,0.61486,0.57527,0.53519,0.5,0.45503,0.41984,0.37977,0.35484,0.34506,0.32502,0.30987,0.3001,0.3001,0.30987,0.3001,0.3001,0.30499,0.31476,0.31965,0.32502,0.3348,0.34506,0.34995,0.3651,0.39003,0.41984,0.435,0.43011,0.46481,0.49511,0.48485,0.46481,0.42473,0.39003,0.35973,0.34506,0.31476,0.29472,0.28983,0.28983,0.28495,0.28006,0.26491,0.19501,0.16471,0.36999,0.84018,1.2757,1.0655,0.71994,0.50489,0.41007,0.31965,0.24487,0.21994,0.22483,0.22972,0.2346,0.23998,0.25464,0.26002,0.27468,0.28006,0.3001,0.31965,0.33969,0.35973,0.37488,0.3998,0.435,0.46481,0.50489,0.55523,0.60508,0.6349,0.65494,0.6652,0.64516,0.62023,0.57527,0.52004,0.47019,0.43011,0.38514,0.34506,0.31965,0.3001,0.28006,0.27468,0.26979,0.26491,0.26002,0.26002,0.26002,0.26002,0.26002,0.26002,0.26491,0.26979,0.28006,0.28495,0.3001,0.3348,0.37488,0.39492,0.38514,0.43011,0.45015,0.43988,0.41984,0.37977,0.34995,0.32502,0.3001,0.27468,0.26491,0.26002,0.25464,0.26002,0.26002,0.22483,0.14467,0.18964,0.47507,1.0503,1.3255,1.0254,0.64516,0.47019,0.36999,0.3001,0.22972,0.21457,0.21457,0.21994,0.22483,0.2346,0.24976,0.25464,0.26491,0.28006,0.29472,0.30987,0.32991,0.34506,0.36999,0.39492,0.41984,0.46481,0.50489,0.55523,0.60508,0.6349,0.65005,0.65494,0.63001,0.59531,0.55523,0.50489,0.45503,0.41007,0.36999,0.33969,0.30987,0.30499,0.28983,0.28983,0.28006,0.28006,0.27468,0.26979,0.27468,0.26979,0.26491,0.27468,0.27468,0.28006,0.28495,0.30499,0.32991,0.37977,0.41007,0.41496,0.41007,0.47996,0.47507,0.46481,0.43011,0.39003,0.35973,0.33969,0.30499,0.28006,0.26979,0.27468,0.26979,0.27468,0.26002,0.19501,0.15982,0.30987,0.75024,1.2654,1.2854,0.79521,0.53519,0.42473,0.34506,0.26002,0.21994,0.21994,0.22483,0.2346,0.24487,0.25464,0.26491,0.27468,0.28495,0.3001,0.31476,0.32991,0.34995,0.36999,0.39492,0.41984,0.45992,0.5,0.54497,0.59531,0.63001,0.65494,0.66031,0.65005,0.61486,0.56989,0.52004,0.47507,0.435,0.39003,0.35484,0.32991,0.30987,0.30499,0.28983,0.28495,0.28495,0.28006,0.28006,0.28006,0.28495,0.28006,0.28006,0.28006,0.28983,0.3001,0.30499,0.31965,0.33969,0.37977,0.41984,0.43011,0.42473,0.47507,0.49022,0.47507,0.44477,0.41007,0.37488,0.34995,0.31965,0.3001,0.3001,0.28983,0.28495,0.29472,0.28006,0.24487,0.17986,0.23998,0.58993,1.1256,1.2805,0.92033,0.6349,0.50489,0.41007,0.31965,0.25464,0.24487,0.24976,0.26002,0.26491,0.26979,0.28006,0.29472,0.30499,0.32502,0.32991,0.34506,0.37488,0.39003,0.40469,0.435,0.46481,0.5,0.54497,0.59531,0.63001,0.65494,0.67009,0.66031,0.64027,0.60508,0.56012,0.52004,0.48485,0.43988,0.40469,0.37488,0.34506,0.32991,0.32991,0.31476,0.3001,0.3001,0.28983,0.3001,0.3001,0.3001,0.30499,0.31476,0.31965,0.32991,0.33969,0.34995,0.34995,0.35973,0.39003,0.41984,0.43988,0.435,0.45015,0.50978,0.49511,0.47507,0.43988,0.41007,0.37488,0.35973,0.32991,0.30987,0.30499,0.3001,0.3001,0.3001,0.30499,0.24487,0.18964,0.28983,0.64516,1.1857,1.2854,0.84506,0.56012,0.45992,0.38514,0.30987,0.26002,0.25464,0.26002,0.26491,0.27468,0.29472,0.30499,0.30499,0.31965,0.3348,0.34995,0.3651,0.38514,0.3998,0.41984,0.45015,0.48485,0.51515,0.55523,0.60508,0.64027,0.67498,0.68524,0.66031,0.65005,0.62512,0.58016,0.52493,0.47996,0.44477,0.41496,0.39003,0.35484,0.3348,0.32502,0.31476,0.31965,0.3001,0.28495,0.30499,0.30987,0.30499,0.30499,0.31965,0.32991,0.32991,0.34995,0.35484,0.35973,0.3651,0.37488,0.40469,0.435,0.44477,0.43988,0.49022,0.5,0.48485,0.45992,0.41496,0.37977,0.3651,0.33969,0.30499,0.29472,0.29472,0.28495,0.28006,0.28006,0.24487,0.17498,0.2346,0.54985,1.0855,1.2805,0.92033,0.60508,0.45015,0.35973,0.28006,0.22483,0.20968,0.21457,0.22483,0.22972,0.2346,0.24976,0.26002,0.27468,0.28495,0.3001,0.30987,0.32991,0.34995,0.37488,0.3998,0.435,0.47507,0.52004,0.57527,0.61486,0.64516,0.66031,0.6652,0.64027,0.60997,0.56989,0.52004,0.47507,0.43011,0.37977,0.34506,0.30987,0.29472,0.27468,0.26491,0.26491,0.26002,0.26002,0.26002,0.25464,0.24487,0.24976,0.24976,0.25464,0.26002,0.27468,0.28006,0.29472,0.30499,0.32502,0.35484,0.39492,0.40469,0.3998,0.44477,0.45992,0.45015,0.42473,0.39003,0.35973,0.33969,0.30987,0.28495,0.27468,0.26979,0.26979,0.27468,0.26491,0.21994,0.15982,0.26002,0.62023,1.2053,1.3558,0.93548,0.57527,0.42473,0.33969,0.26979,0.20968,0.20968,0.20479,0.21457,0.22972,0.2346,0.24487,0.25464,0.26491,0.28006,0.3001,0.31476,0.32991,0.34995,0.37488,0.40469,0.43988,0.47019,0.52004,0.56989,0.61486,0.65005,0.6652,0.65494,0.6349,0.6002,0.55523,0.50489,0.45503,0.41007,0.36999,0.33969,0.31476,0.30499,0.28983,0.28495,0.28006,0.27468,0.27468,0.26979,0.26491,0.26002,0.26491,0.26491,0.26002,0.26491,0.27468,0.28006,0.28983,0.30499,0.32991,0.37977,0.41496,0.41007,0.43011,0.47019,0.46481,0.45015,0.41984,0.37977,0.34995,0.32991,0.3001,0.28006,0.26979,0.26979,0.26979,0.26979,0.26002,0.18475,0.15982,0.34995,0.85044,1.3206,1.1706,0.77028,0.52493,0.41007,0.33969,0.25464,0.22483,0.22483,0.2346,0.24487,0.25464,0.26002,0.26979,0.28006,0.28983,0.30499,0.32502,0.33969,0.35484,0.37488,0.3998,0.42473,0.45992,0.50489,0.54985,0.6002,0.6349,0.66031,0.67009,0.65494,0.62512,0.58993,0.54008,0.49511,0.43988,0.39492,0.3651,0.34506,0.32502,0.30499,0.29472,0.28495,0.28495,0.28006,0.28495,0.28006,0.28006,0.28006,0.28006,0.28006,0.28983,0.29472,0.30499,0.31476,0.31965,0.32991,0.34995,0.36999,0.41007,0.43988,0.44477,0.43988,0.49511,0.49022,0.47996,0.43988,0.3998,0.37488,0.35484,0.32991,0.30499,0.3001,0.29472,0.30499,0.3001,0.28006,0.20968,0.19501,0.3998,0.88514,1.3255,1.1305,0.77028,0.565,0.45992,0.36999,0.28495,0.26002,0.26002,0.25464,0.26491,0.28495,0.28006,0.28983,0.31476,0.32991,0.32991,0.34995,0.36999,0.39003,0.41007,0.43011,0.46481,0.49022,0.53519,0.56989,0.62023,0.66031,0.69013,0.69501,0.67498,0.65494,0.62512,0.57527,0.52981,0.49022,0.44477,0.40469,0.37977,0.36999,0.33969,0.32991,0.31965,0.31965,0.31965,0.30499,0.29472,0.28983,0.30499,0.30499,0.30499,0.32502,0.32991,0.32991,0.33969,0.34995,0.35973,0.37488,0.37488,0.37488,0.39492,0.43011,0.43988,0.43011,0.47507,0.49511,0.48485,0.46481,0.43011,0.39003,0.3651,0.34506,0.31476,0.30499,0.30499,0.3001,0.29472,0.3001,0.27468,0.20479,0.23998,0.47996,1.0205,1.3104,1.0005,0.66031,0.48485,0.3998,0.31965,0.26979,0.25464,0.25464,0.26002,0.26979,0.28006,0.28495,0.28983,0.30499,0.31476,0.3348,0.34995,0.3651,0.37488,0.3998,0.41984,0.44477,0.47996,0.52004,0.56989,0.61486,0.65494,0.67009,0.68035,0.6652,0.64516,0.60508,0.55523,0.50978,0.47019,0.43011,0.39492,0.3651,0.33969,0.32502,0.31476,0.3001,0.29472,0.3001,0.28983,0.28495,0.28495,0.28495,0.28983,0.30499,0.3001,0.30987,0.31965,0.32991,0.32991,0.3348,0.34506,0.34995,0.35484,0.39003,0.40469,0.3998,0.41496,0.46481,0.45503,0.43988,0.40469,0.36999,0.3348,0.31965,0.28983,0.27468,0.26979,0.26491,0.26002,0.26002,0.23998,0.16471,0.14467,0.3651,0.85533,1.3157,1.1105,0.73021,0.49022,0.36999,0.3001,0.23998,0.21457,0.20968,0.21457,0.21994,0.2346,0.24487,0.24976,0.26002,0.27468,0.28495,0.30499,0.31965,0.33969,0.3651,0.39003,0.41984,0.45015,0.49022,0.54008,0.58993,0.63001,0.65494,0.6652,0.65494,0.63001,0.58993,0.54497,0.49511,0.44477,0.3998,0.3651,0.32991,0.30499,0.28006,0.27468,0.26491,0.26002,0.26002,0.26002,0.25464,0.25464,0.25464,0.25464,0.26002,0.26002,0.26491,0.28006,0.28006,0.28983,0.3001,0.30987,0.32502,0.35484,0.39003,0.3998,0.3998,0.43988,0.45503,0.43988,0.41496,0.37977,0.34506,0.32502,0.3001,0.27468,0.26491,0.26491,0.26491,0.26002,0.26002,0.21457,0.15982,0.24976,0.61486,1.1603,1.3206,0.92033,0.58504,0.44477,0.3651,0.28006,0.22483,0.21457,0.21994,0.22972,0.2346,0.24487,0.25464,0.26002,0.26979,0.28983,0.30499,0.32502,0.33969,0.35484,0.37488,0.40469,0.43988,0.47507,0.52004,0.56989,0.61486,0.65005,0.6652,0.67009,0.65005,0.61486,0.56989,0.52004,0.47019,0.42473,0.38514,0.34995,0.32502,0.30499,0.29472,0.28983,0.28006,0.28006,0.28006,0.28006,0.28006,0.27468,0.26979,0.27468,0.27468,0.28006,0.28983,0.3001,0.30499,0.30987,0.31965,0.32991,0.33969,0.35973,0.39492,0.42473,0.42473,0.41984,0.47507,0.47019,0.45503,0.42473,0.38514,0.35484,0.32991,0.3001,0.28006,0.28006,0.27468,0.27468,0.28006,0.26491,0.1999,0.17986,0.35973,0.8304,1.2854,1.1457,0.77028,0.53519,0.435,0.34995,0.26491,0.23998,0.2346,0.24487,0.25464,0.26002,0.26002,0.26002,0.28006,0.3001,0.30499,0.31476,0.34506,0.3651,0.37488,0.39492,0.42473,0.45992,0.5,0.54985,0.59531,0.64027,0.6652,0.68035,0.67009,0.65005,0.60997,0.56989,0.52493,0.47507,0.43011,0.39492,0.3651,0.33969,0.32502,0.32502,0.32502,0.30987,0.3001,0.30499,0.29472,0.28983,0.3001,0.29472,0.29472,0.3001,0.30499,0.30499,0.31476,0.32991,0.3348,0.34506,0.34995,0.3651,0.39003,0.42473,0.44477,0.435,0.47019,0.50489,0.49511,0.47019,0.435,0.3998,0.37977,0.34995,0.32502,0.31476,0.30987,0.32502,0.31476,0.30499,0.28495,0.20968,0.24976,0.50978,1.0455,1.3206,1.0054,0.68035,0.52493,0.435,0.34995,0.27468,0.26002,0.25464,0.26002,0.27468,0.28006,0.28495,0.29472,0.30499,0.32502,0.33969,0.35973,0.37977,0.39003,0.3998,0.43011,0.46481,0.5,0.54008,0.58504,0.63001,0.67009,0.68524,0.70528,0.67498,0.64516,0.60508,0.57527,0.53519,0.47996,0.435,0.39492,0.37488,0.34995,0.32991,0.31476,0.31476,0.30987,0.30499,0.30499,0.29472,0.29472,0.3001,0.30499,0.31965,0.31476,0.31965,0.3348,0.34506,0.34506,0.35484,0.35973,0.35484,0.37977,0.41984,0.42473,0.41984,0.45015,0.47996,0.47996,0.46481,0.42473,0.39003,0.35973,0.33969,0.30987,0.29472,0.28983,0.28983,0.3001,0.28495,0.29472,0.20479,0.18964,0.41496,0.88514,1.3006,1.0753,0.70528,0.48485,0.3998,0.32991,0.26491,0.23998,0.23998,0.24976,0.25464,0.27468,0.28006,0.28495,0.29472,0.30499,0.32502,0.3348,0.34995,0.3651,0.38514,0.41496,0.43988,0.47019,0.50978,0.56012,0.60508,0.64516,0.67009,0.68035,0.67498,0.65494,0.62023,0.56989,0.52004,0.47996,0.435,0.39492,0.36999,0.3348,0.31476,0.30499,0.3001,0.28983,0.28006,0.28006,0.28006,0.27468,0.28006,0.28006,0.28495,0.3001,0.30499,0.30987,0.31965,0.32991,0.32991,0.34506,0.36999,0.3998,0.41007,0.40469,0.435,0.47019,0.45503,0.43988,0.3998,0.3651,0.33969,0.31476,0.28495,0.27468,0.26979,0.26002,0.26002,0.26002,0.22972,0.15494,0.1999,0.48485,1.0552,1.3407,1.0205,0.64027,0.45015,0.34506,0.28495,0.21994,0.20968,0.20968,0.21994,0.22483,0.2346,0.24487,0.25464,0.26491,0.27468,0.28983,0.30987,0.32991,0.34995,0.36999,0.39492,0.42473,0.46481,0.50489,0.56012,0.60997,0.65005,0.67498,0.68035,0.66031,0.63001,0.58504,0.53519,0.48485,0.435,0.39492,0.35484,0.32502,0.30499,0.28983,0.28006,0.27468,0.28006,0.27468,0.26979,0.26491,0.26491,0.26002,0.26002,0.26002,0.26979,0.27468,0.28006,0.28495,0.29472,0.30987,0.33969,0.38514,0.41496,0.40469,0.435,0.47019,0.45992,0.43988,0.40469,0.3651,0.33969,0.31476,0.28495,0.27468,0.26979,0.26979,0.26491,0.26491,0.23998,0.1696,0.16471,0.43988,0.97556,1.3358,1.0753,0.68035,0.47996,0.38514,0.31476,0.23998,0.21994,0.21994,0.22972,0.2346,0.24487,0.24976,0.26002,0.27468,0.28495,0.3001,0.31476,0.32991,0.34995,0.36999,0.39492,0.41984,0.45992,0.5,0.55523,0.6002,0.64516,0.6652,0.67009,0.65494,0.63001,0.58504,0.54008,0.48485,0.435,0.39492,0.35484,0.32502,0.30499,0.29472,0.28495,0.28006,0.27468,0.28006,0.28006,0.27468,0.26979,0.28006,0.26979,0.26491,0.26979,0.26979,0.28006,0.28983,0.29472,0.30987,0.33969,0.37977,0.41984,0.42473,0.41984,0.47996,0.48485,0.46481,0.43011,0.39492,0.36999,0.34506,0.30499,0.28983,0.28495,0.28495,0.28983,0.28006,0.27468,0.21457,0.17986,0.31476,0.75513,1.2605,1.3206,0.83529,0.58504,0.47019,0.38514,0.28983,0.24487,0.2346,0.24487,0.25464,0.24976,0.26979,0.28006,0.28495,0.3001,0.30499,0.32502,0.34995,0.36999,0.38514,0.3998,0.42473,0.46481,0.50978,0.55523,0.6002,0.64027,0.67498,0.69501,0.68035,0.66031,0.62512,0.58504,0.53519,0.49511,0.44477,0.41007,0.37977,0.34995,0.32991,0.32502,0.30987,0.30499,0.30987,0.29472,0.28983,0.28006,0.28006,0.28006,0.28495,0.3001,0.30987,0.30987,0.31965,0.32502,0.3348,0.34506,0.3651,0.40469,0.43011,0.42473,0.43988,0.49022,0.47996,0.47019,0.435,0.39003,0.3651,0.34506,0.31476,0.29472,0.28983,0.28983,0.3001,0.28983,0.29472,0.21994,0.18475,0.33969,0.78006,1.2507,1.2605,0.75513,0.52004,0.435,0.35973,0.28983,0.23998,0.23998,0.24976,0.26002,0.26491,0.26979,0.28495,0.29472,0.3001,0.31965,0.3348,0.34506,0.3651,0.39003,0.41496,0.435,0.46481,0.50489,0.54497,0.59531,0.64027,0.6652,0.68524,0.6652,0.64516,0.62023,0.58504,0.52981,0.47507,0.43988,0.41007,0.36999,0.34506,0.32991,0.31476,0.30499,0.3001,0.30499,0.28983,0.3001,0.28495,0.28495,0.28495,0.30499,0.31476,0.30987,0.32502,0.3348,0.33969,0.34995,0.35973,0.37488,0.40469,0.43011,0.42473,0.45015,0.49511,0.48485,0.46481,0.43011,0.38514,0.35484,0.34506,0.31476,0.3001,0.28983,0.28983,0.28983,0.29472,0.27468,0.21994,0.19501,0.32991,0.73509,1.2454,1.3006,0.80499,0.53519,0.435,0.35484,0.28495,0.24487,0.2346,0.23998,0.26002,0.26491,0.26979,0.28006,0.28983,0.30499,0.31965,0.3348,0.34995,0.3651,0.38514,0.40469,0.43011,0.46481,0.50489,0.54985,0.59531,0.64027,0.6652,0.68035,0.68035,0.65494,0.62023,0.57527,0.52493,0.47507,0.435,0.39492,0.35973,0.32991,0.30987,0.29472,0.28983,0.28006,0.28006,0.27468,0.26491,0.26979,0.26979,0.27468,0.28006,0.28006,0.29472,0.30499,0.30987,0.32502,0.3348,0.35484,0.39003,0.41984,0.42473,0.41007,0.47507,0.47019,0.45992,0.42473,0.38514,0.35484,0.3348,0.30499,0.28006,0.28006,0.27468,0.27468,0.26979,0.26002,0.19501,0.15982,0.3348,0.8001,1.3006,1.3358,0.79032,0.50978,0.38514,0.32502,0.25464,0.21457,0.21457,0.22483,0.2346,0.23998,0.24976,0.26002,0.26979,0.28006,0.3001,0.31476,0.3348,0.35484,0.37488,0.39492,0.42473,0.45503,0.5,0.54497,0.6002,0.64516,0.67498,0.68524,0.68035,0.65005,0.61486,0.565,0.50489,0.45992,0.41496,0.36999,0.33969,0.30987,0.3001,0.28983,0.28983,0.28006,0.28006,0.28006,0.27468,0.26979,0.26491,0.26979,0.26491,0.26491,0.26979,0.27468,0.28006,0.28983,0.30499,0.32502,0.35973,0.40469,0.41007,0.3998,0.46481,0.47019,0.45503,0.42473,0.39492,0.35484,0.3348,0.30499,0.28006,0.27468,0.27468,0.26491,0.26979,0.26002,0.20479,0.1696,0.30499,0.72532,1.2805,1.3558,0.8651,0.55523,0.43011,0.35484,0.26979,0.22972,0.22483,0.22972,0.2346,0.23998,0.24976,0.26002,0.26979,0.28006,0.29472,0.30987,0.32991,0.34506,0.35973,0.39003,0.41984,0.44477,0.48485,0.53519,0.58504,0.63001,0.65494,0.6652,0.67009,0.64516,0.60997,0.565,0.50978,0.46481,0.41984,0.37977,0.34995,0.32991,0.30987,0.30499,0.29472,0.29472,0.28495,0.28495,0.28006,0.28006,0.28006,0.28006,0.28006,0.28006,0.28495,0.28983,0.3001,0.30499,0.31965,0.3348,0.35973,0.40469,0.42473,0.41984,0.45503,0.48485,0.47019,0.45015,0.41984,0.37977,0.34995,0.32991,0.3001,0.28495,0.28006,0.28006,0.28006,0.28006,0.24976,0.17498,0.21457,0.50489,1.0352,1.2908,0.9956,0.64516,0.47996,0.39003,0.31476,0.24487,0.22972,0.2346,0.23998,0.24487,0.25464,0.26491,0.28006,0.28495,0.3001,0.30499,0.32502,0.34506,0.3651,0.38514,0.40469,0.435,0.47507,0.52004,0.56989,0.61486,0.65005,0.6652,0.68035,0.65005,0.62512,0.58993,0.54497,0.5,0.45015,0.41496,0.37977,0.35484,0.3348,0.31965,0.31476,0.30987,0.30499,0.30499,0.3001,0.3001,0.28495,0.28983,0.28983,0.29472,0.3001,0.30499,0.31476,0.31965,0.32502,0.3348,0.34995,0.37977,0.41984,0.435,0.42473,0.45992,0.49511,0.49022,0.46481,0.43011,0.39492,0.3651,0.34506,0.31965,0.30987,0.30987,0.30499,0.30499,0.3001,0.28006,0.20479,0.2346,0.47507,0.98534,1.3104,1.0406,0.70528,0.54008,0.435,0.34995,0.27468,0.26491,0.26002,0.26491,0.28006,0.28006,0.28983,0.3001,0.30987,0.32991,0.33969,0.34995,0.37488,0.39003,0.3998,0.41984,0.45503,0.5,0.53519,0.58016,0.63001,0.66031,0.68035,0.68524,0.67009,0.64027,0.60508,0.565,0.52004,0.47996,0.44477,0.40469,0.37488,0.34995,0.3348,0.32991,0.31965,0.31476,0.31476,0.30499,0.3001,0.3001,0.30499,0.31965,0.31476,0.32991,0.32991,0.33969,0.35484,0.3651,0.67498,0.6349,0.57527,0.52493,0.47507,0.435,0.39492,0.3651,0.3348,0.32502,0.31476,0.30987,0.3001,0.28983,0.28006,0.28006,0.27468,0.28006,0.28006,0.28006,0.28006,0.28495,0.30499,0.31476,0.34506,0.38514,0.40469,0.3998,0.44477,0.45992,0.45015,0.435,0.39492,0.35973,0.32991,0.30499,0.27468,0.26002,0.26002,0.25464,0.25464,0.24976,0.20479,0.12463,0.18475,0.51515,1.0953,1.3006,0.93548,0.58016,0.41007,0.31965,0.25464,0.19501,0.18964,0.18964,0.19501,0.20479,0.21457,0.22972,0.2346,0.25464,0.26491,0.28006,0.3001,0.31965,0.33969,0.3651,0.39003,0.41984,0.45992,0.50978,0.56012,0.60508,0.64027,0.65494,0.66031,0.64027,0.60508,0.565,0.51515,0.45992,0.41496,0.37488,0.3348,0.30499,0.28983,0.28006,0.26491,0.26979,0.26491,0.26002,0.26002,0.26002,0.26002,0.25464,0.25464,0.25464,0.26002,0.26491,0.28006,0.3001,0.34995,0.37977,0.38514,0.40469,0.45015,0.44477,0.435,0.41007,0.36999,0.3348,0.31476,0.28495,0.26491,0.26002,0.26002,0.25464,0.24976,0.23998,0.17498,0.13978,0.30987,0.77517,1.2805,1.1554,0.76002,0.49511,0.38514,0.30987,0.22972,0.1999,0.20479,0.20479,0.21457,0.22483,0.2346,0.24487,0.26002,0.27468,0.28495,0.3001,0.31965,0.32991,0.34995,0.37488,0.40469,0.43988,0.48485,0.53519,0.58016,0.62023,0.64516,0.65494,0.64027,0.61486,0.56989,0.52493,0.47507,0.43011,0.38514,0.34995,0.32502,0.30499,0.29472,0.28006,0.28006,0.27468,0.28006,0.27468,0.26491,0.26491,0.26491,0.26491,0.26491,0.27468,0.28006,0.28495,0.29472,0.31965,0.35973,0.3998,0.40469,0.3998,0.47019,0.47507,0.45992,0.435,0.39492,0.35973,0.33969,0.30987,0.28983,0.28006,0.28006,0.28006,0.28006,0.26491,0.21457,0.16471,0.28006,0.66031,1.2053,1.3006,0.86022,0.56012,0.435,0.35973,0.27468,0.22972,0.22483,0.2346,0.2346,0.24976,0.25464,0.26491,0.28006,0.28983,0.30499,0.31965,0.3348,0.35484,0.36999,0.39492,0.41984,0.45015,0.49022,0.54008,0.58504,0.62512,0.65494,0.6652,0.65494,0.63001,0.6002,0.55523,0.50489,0.45503,0.41496,0.37488,0.34995,0.32502,0.31476,0.30499,0.29472,0.28495,0.28983,0.28495,0.28006,0.28006,0.28006,0.28006,0.28006,0.28495,0.29472,0.30499,0.30987,0.32991,0.34995,0.39492,0.42473,0.43011,0.42473,0.48485,0.47507,0.45992,0.42473,0.39003,0.35973,0.33969,0.3001,0.28495,0.28495,0.28495,0.28006,0.28006,0.26979,0.1999,0.1696,0.32502,0.7654,1.2405,1.2454,0.7654,0.52493,0.42473,0.34506,0.26491,0.22972,0.22972,0.2346,0.24487,0.24976,0.26002,0.27468,0.28006,0.3001,0.30987,0.32502,0.33969,0.35484,0.37488,0.39492,0.42473,0.45992,0.5,0.54497,0.58504,0.62023,0.64516,0.65494,0.64516,0.61486,0.58016,0.52981,0.49022,0.45015,0.41007,0.37488,0.34506,0.32502,0.31476,0.30499,0.30499,0.3001,0.29472,0.28983,0.28006,0.28006,0.28495,0.29472,0.29472,0.3001,0.30499,0.31965,0.32991,0.3348,0.33969,0.35973,0.39492,0.42473,0.435,0.43988,0.49511,0.49022,0.47507,0.45015,0.40469,0.37488,0.35484,0.32991,0.30987,0.3001,0.28983,0.29472,0.30499,0.3001,0.24976,0.1999,0.30499,0.70528,1.2307,1.3055,0.84506,0.58504,0.47996,0.38514,0.30499,0.26002,0.26002,0.26002,0.27468,0.28006,0.28495,0.3001,0.30499,0.31476,0.32991,0.34506,0.3651,0.38514,0.3998,0.42473,0.44477,0.48485,0.52004,0.56989,0.61486,0.65494,0.67498,0.68524,0.68035,0.66031,0.63001,0.58993,0.54008,0.49511,0.45992,0.41984,0.39003,0.3651,0.34995,0.3348,0.32991,0.31965,0.31476,0.30987,0.31476,0.30987,0.30499,0.31476,0.32502,0.33969,0.34506,0.34995,0.3651,0.36999,0.38514,0.3998,0.43011,0.44477,0.43988,0.48485,0.50978,0.49511,0.46481,0.43011,0.3998,0.36999,0.34506,0.32502,0.31476,0.30987,0.30987,0.30499,0.31476,0.26979,0.19501,0.24976,0.56012,1.1256,1.3206,0.9653,0.64027,0.48485,0.39003,0.31965,0.26491,0.26002,0.26002,0.26002,0.26491,0.28006,0.28983,0.30499,0.31476,0.32991,0.34995,0.35973,0.37977,0.3998,0.41984,0.44477,0.47507,0.50978,0.54985,0.60508,0.65005,0.67498,0.69013,0.69501,0.67009,0.6349,0.6002,0.54985,0.5,0.45503,0.41007,0.37488,0.34506,0.32502,0.31476,0.30499,0.29472,0.28495,0.28006,0.28006,0.27468,0.28006,0.28006,0.28983,0.29472,0.30499,0.30987,0.31965,0.3348,0.35973,0.39492,0.40469,0.3998,0.44477,0.46481,0.45992,0.435,0.3998,0.35973,0.3348,0.30987,0.28006,0.27468,0.26491,0.26002,0.26002,0.26002,0.21994,0.1349,0.19501,0.5,1.0855,1.3304,0.98534,0.60997,0.43011,0.33969,0.26979,0.21994,0.20968,0.20968,0.21994,0.22483,0.23998,0.24976,0.26002,0.26979,0.28495,0.3001,0.31965,0.3348,0.35484,0.37488,0.3998,0.435,0.47019,0.52004,0.56989,0.61486,0.65005,0.66031,0.65494,0.6349,0.60508,0.56012,0.51515,0.45992,0.41496,0.37488,0.34506,0.30987,0.29472,0.28006,0.28006,0.28006,0.27468,0.26979,0.26979,0.26491,0.26491,0.26002,0.26002,0.26491,0.28006,0.28495,0.3001,0.32502,0.3651,0.3998,0.3998,0.39492,0.46481,0.45015,0.44477,0.41496,0.37977,0.34506,0.32502,0.28983,0.27468,0.26491,0.26002,0.26002,0.26002,0.24487,0.1696,0.13978,0.32502,0.80499,1.2908,1.1505,0.77028,0.50978,0.39003,0.31476,0.23998,0.20968,0.20479,0.20968,0.21994,0.22972,0.2346,0.24976,0.26002,0.27468,0.28495,0.30499,0.32502,0.34506,0.3651,0.38514,0.41984,0.45503,0.49022,0.54008,0.58504,0.62512,0.65005,0.65494,0.6349,0.60508,0.565,0.51515,0.46481,0.41496,0.37977,0.33969,0.31965,0.3001,0.28983,0.28495,0.26979,0.26491,0.26002,0.26002,0.26002,0.26002,0.25464,0.25464,0.26002,0.26979,0.27468,0.28983,0.31965,0.36999,0.3998,0.39492,0.42473,0.47019,0.47019,0.46481,0.41984,0.38514,0.35484,0.33969,0.30987,0.28495,0.28006,0.28983,0.28495,0.27468,0.26491,0.20479,0.17986,0.32991,0.8001,1.2854,1.1505,0.8001,0.565,0.45503,0.3651,0.28006,0.24487,0.24487,0.24976,0.24976,0.26002,0.28006,0.28495,0.29472,0.30499,0.32502,0.34506,0.3651,0.37977,0.3998,0.42473,0.45992,0.49511,0.52981,0.58016,0.62512,0.6652,0.68035,0.69501,0.68035,0.65005,0.60508,0.56012,0.52004,0.47507,0.43011,0.39492,0.36999,0.34995,0.33969,0.32991,0.31965,0.31476,0.30499,0.30499,0.30499,0.30987,0.31476,0.31965,0.32991,0.3348,0.34506,0.35973,0.39492,0.42473,0.44477,0.44477,0.48485,0.51515,0.50489,0.47996,0.43988,0.40469,0.37488,0.34995,0.31965,0.30499,0.30499,0.30499,0.29472,0.28983,0.26002,0.17986,0.17498,0.47019,1.0352,1.3255,1.0205,0.6652,0.50489,0.40469,0.31476,0.25464,0.2346,0.23998,0.24976,0.26002,0.26002,0.27468,0.28495,0.29472,0.30499,0.31965,0.3348,0.34995,0.36999,0.3998,0.41984,0.44477,0.47996,0.52493,0.57527,0.61486,0.64516,0.65494,0.65005,0.63001,0.6002,0.54985,0.50489,0.45503,0.41007,0.36999,0.33969,0.30987,0.29472,0.28495,0.27468,0.26979,0.26491,0.26002,0.26002,0.26002,0.26002,0.26491,0.26491,0.28006,0.28006,0.3001,0.31476,0.35484,0.39492,0.3998,0.3998,0.45015,0.45992,0.44477,0.41496,0.37488,0.33969,0.31476,0.28495,0.26002,0.26002,0.25464,0.25464,0.24976,0.23998,0.19501,0.12952,0.20968,0.58504,1.1354,1.2654,0.85044,0.54008,0.41007,0.3348,0.26491,0.20968,0.20479,0.20968,0.21457,0.22483,0.2346,0.24976,0.26002,0.27468,0.28495,0.30499,0.31965,0.33969,0.35973,0.37977,0.40469,0.43988,0.47996,0.52004,0.56989,0.60508,0.6349,0.64516,0.63001,0.60997,0.57527,0.53519,0.48485,0.43988,0.3998,0.3651,0.3348,0.31965,0.30499,0.28983,0.28006,0.28006,0.28006,0.27468,0.28006,0.28006,0.27468,0.28006,0.28006,0.28983,0.3001,0.32502,0.36999,0.40469,0.41496,0.41007,0.47507,0.47019,0.46481,0.42473,0.39003,0.35484,0.3348,0.3001,0.28006,0.27468,0.27468,0.26979,0.26979,0.26002,0.20968,0.15982,0.26979,0.68035,1.1906,1.2605,0.78543,0.52981,0.43011,0.35484,0.26979,0.22972,0.22483,0.2346,0.23998,0.24487,0.25464,0.26491,0.27468,0.28495,0.30499,0.30987,0.32991,0.34995,0.3651,0.38514,0.41007,0.44477,0.48485,0.52493,0.57527,0.60508,0.62512,0.62512,0.60997,0.58504,0.54985,0.50978,0.46481,0.41984,0.38514,0.34995,0.32991,0.31476,0.30499,0.30499,0.28983,0.28495,0.28983,0.28495,0.28006,0.28006,0.28983,0.29472,0.3001,0.30987,0.32991,0.35973,0.40469,0.42473,0.42473,0.45503,0.49511,0.48485,0.46481,0.42473,0.37977,0.35484,0.32991,0.29472,0.28006,0.28006,0.28006,0.28006,0.28006,0.26491,0.18964,0.16471,0.3651,0.87537,1.2605,1.0503,0.70039,0.52493,0.44477,0.34995,0.26979,0.2346,0.2346,0.24487,0.26002,0.26491,0.28006,0.28983,0.30987,0.31965,0.32502,0.34506,0.36999,0.39003,0.40469,0.43011,0.48485,0.46481,0.43011,0.39003,0.35973,0.32991,0.30499,0.29472,0.28983,0.28495,0.28006,0.28006,0.24976,0.15982,0.14956,0.41984,0.97019,1.2805,1.0005,0.66031,0.49022,0.39492,0.31476,0.23998,0.21994,0.22483,0.2346,0.2346,0.2346,0.25464,0.26979,0.28006,0.29472,0.31476,0.3348,0.35484,0.36999,0.39492,0.41984,0.45503,0.49022,0.53519,0.57527,0.60508,0.63001,0.64027,0.63001,0.6002,0.56989,0.53519,0.49511,0.45015,0.41007,0.37488,0.34506,0.32991,0.31476,0.30499,0.29472,0.29472,0.28983,0.28495,0.28495,0.28495,0.28983,0.3001,0.30499,0.31965,0.34506,0.39003,0.40469,0.40469,0.45015,0.47996,0.47019,0.45015,0.41496,0.37488,0.34506,0.31965,0.28495,0.26979,0.26491,0.26002,0.26002,0.26002,0.22972,0.14467,0.12463,0.36999,0.88025,1.2454,1.0103,0.66031,0.47019,0.3651,0.28983,0.21457,0.20479,0.20968,0.20968,0.22483,0.2346,0.23998,0.25464,0.26002,0.27468,0.29472,0.30987,0.32991,0.34995,0.37488,0.39492,0.42473,0.46481,0.50489,0.54497,0.58016,0.60508,0.60997,0.60508,0.58016,0.54497,0.50489,0.45503,0.41496,0.37488,0.34506,0.30987,0.3001,0.28495,0.28006,0.28006,0.26979,0.26979,0.26491,0.26491,0.26491,0.26491,0.27468,0.28006,0.3001,0.3348,0.37488,0.39003,0.39492,0.45015,0.47019,0.46481,0.43988,0.40469,0.36999,0.34506,0.31965,0.28495,0.27468,0.27468,0.26979,0.26979,0.26491,0.23998,0.15494,0.14467,0.41496,0.95015,1.2405,0.99022,0.64027,0.47507,0.38514,0.30499,0.22972,0.20968,0.21457,0.21994,0.22483,0.2346,0.24976,0.26002,0.27468,0.28495,0.3001,0.31476,0.3348,0.35484,0.37488,0.3998,0.435,0.46481,0.50978,0.55523,0.58993,0.60997,0.62512,0.60997,0.58993,0.56012,0.51515,0.47019,0.43011,0.39492,0.35973,0.3348,0.31965,0.30499,0.30499,0.29472,0.29472,0.28983,0.28495,0.28983,0.28495,0.28495,0.28983,0.30499,0.31965,0.35484,0.39492,0.42473,0.42473,0.45503,0.49022,0.47507,0.45992,0.41984,0.39003,0.35973,0.3348,0.3001,0.28983,0.28006,0.28006,0.27468,0.28006,0.26002,0.17498,0.14956,0.34506,0.84506,1.2356,1.0406,0.69013,0.51515,0.42473,0.3348,0.24976,0.22972,0.22972,0.2346,0.23998,0.26002,0.26491,0.27468,0.29472,0.30987,0.30987,0.3348,0.35484,0.37977,0.3998,0.41984,0.43988,0.47507,0.52004,0.56012,0.59531,0.62023,0.6349,0.63001,0.60508,0.56989,0.52981,0.49511,0.45015,0.40469,0.37488,0.34995,0.32991,0.32502,0.30987,0.30987,0.30499,0.30499,0.30499,0.3001,0.3001,0.3001,0.30987,0.31965,0.32991,0.34995,0.37488,0.41984,0.44477,0.43988,0.48485,0.51515,0.50489,0.49022,0.43988,0.40469,0.37977,0.35484,0.32502,0.30499,0.30499,0.30499,0.30499,0.29472,0.27468,0.1999,0.18475,0.41496,0.92033,1.2654,1.0205,0.69501,0.52493,0.43988,0.34995,0.26491,0.24976,0.25464,0.26002,0.26979,0.28006,0.28006,0.3001,0.31965,0.3348,0.34506,0.3651,0.38514,0.40469,0.42473,0.43988,0.47507,0.50489,0.54985,0.59531,0.63001,0.65494,0.65494,0.66031,0.64516,0.61486,0.56989,0.52004,0.49022,0.45015,0.41007,0.38514,0.35973,0.34995,0.33969,0.32991,0.32502,0.31965,0.31965,0.31476,0.32502,0.32991,0.32991,0.33969,0.35484,0.37488,0.39492,0.43011,0.45992,0.46481,0.49511,0.52493,0.50978,0.49511,0.45503,0.41496,0.39003,0.3651,0.3348,0.32502,0.31476,0.30499,0.30499,0.31476,0.28983,0.1999,0.18964,0.43011,0.9653,1.3157,1.0655,0.71994,0.52981,0.43011,0.33969,0.27468,0.26002,0.26002,0.26002,0.26979,0.28006,0.28983,0.30499,0.31476,0.32502,0.3348,0.35973,0.37488,0.39492,0.41984,0.44477,0.46481,0.50978,0.54497,0.58504,0.62512,0.65494,0.66031,0.64516,0.62512,0.58993,0.54985,0.50489,0.45992,0.41984,0.38514,0.34995,0.32991,0.30499,0.3001,0.28983,0.28006,0.27468,0.27468,0.27468,0.28006,0.28006,0.28495,0.28983,0.3001,0.30987,0.32991,0.36999,0.3998,0.3998,0.41496,0.46481,0.45992,0.44477,0.41984,0.37488,0.34506,0.31965,0.28983,0.26491,0.26002,0.26002,0.25464,0.25464,0.23998,0.17498,0.12463,0.24487,0.67498,1.2155,1.2757,0.8001,0.52493,0.41007,0.32502,0.24487,0.1999,0.19501,0.20479,0.20968,0.21994,0.22972,0.24487,0.24976,0.26491,0.28006,0.3001,0.31476,0.33969,0.35484,0.37977,0.41496,0.45015,0.49022,0.53519,0.58016,0.61486,0.6349,0.6349,0.61486,0.58993,0.55523,0.50978,0.45992,0.41496,0.37488,0.33969,0.31476,0.3001,0.28983,0.28006,0.28006,0.26979,0.26979,0.26002,0.26002,0.26002,0.26002,0.26979,0.27468,0.28006,0.30499,0.32502,0.36999,0.3998,0.39492,0.3998,0.41007,0.36999,0.35484,0.34506,0.33969,0.31965,0.29472,0.28495,0.28495,0.28006,0.28006,0.27468,0.21994,0.15982,0.24976,0.64027,1.1804,1.2805,0.84018,0.56012,0.44477,0.3651,0.28006,0.21994,0.21457,0.21457,0.22483,0.22972,0.24487,0.24976,0.26491,0.28006,0.29472,0.30987,0.32991,0.34506,0.3651,0.39003,0.41984,0.44477,0.49022,0.52981,0.57527,0.60997,0.62512,0.61486,0.60508,0.57527,0.53519,0.49511,0.45015,0.40469,0.36999,0.33969,0.31476,0.30499,0.28983,0.28495,0.28006,0.27468,0.27468,0.26979,0.26979,0.26491,0.26491,0.26979,0.27468,0.28495,0.28983,0.30499,0.30987,0.3348,0.36999,0.41007,0.41984,0.41496,0.47019,0.47996,0.45992,0.43988,0.3998,0.3651,0.33969,0.30987,0.28495,0.28006,0.28006,0.28006,0.28006,0.26979,0.21994,0.16471,0.26002,0.6349,1.1755,1.2757,0.8651,0.565,0.45503,0.35973,0.27468,0.22972,0.22483,0.22972,0.2346,0.2346,0.24976,0.26002,0.27468,0.28495,0.3001,0.31476,0.3348,0.35484,0.37488,0.3998,0.42473,0.45503,0.49511,0.54008,0.58016,0.61486,0.6349,0.64027,0.63001,0.60508,0.57527,0.52981,0.49022,0.44477,0.40469,0.36999,0.34506,0.32991,0.30987,0.30499,0.3001,0.28983,0.29472,0.28983,0.28983,0.28983,0.28983,0.28983,0.3001,0.30499,0.31965,0.32991,0.3651,0.40469,0.435,0.43988,0.45503,0.50489,0.49511,0.48485,0.44477,0.40469,0.36999,0.34995,0.31965,0.3001,0.29472,0.29472,0.28983,0.28983,0.27468,0.20479,0.16471,0.29472,0.74536,1.2356,1.2605,0.78006,0.56012,0.45992,0.36999,0.27468,0.2346,0.2346,0.24487,0.26002,0.26491,0.27468,0.28983,0.3001,0.30499,0.31965,0.33969,0.35973,0.37977,0.3998,0.42473,0.45015,0.47996,0.52004,0.56989,0.60997,0.6349,0.64516,0.64516,0.6349,0.60508,0.565,0.52493,0.47996,0.43988,0.40469,0.37977,0.34995,0.32991,0.32502,0.31476,0.30987,0.30499,0.3001,0.3001,0.30987,0.30499,0.30499,0.31965,0.32991,0.3348,0.34506,0.35484,0.3651,0.39492,0.435,0.44477,0.43988,0.48485,0.50489,0.49511,0.46481,0.42473,0.39003,0.3651,0.34506,0.30987,0.30499,0.30499,0.3001,0.30499,0.29472,0.26491,0.18475,0.22972,0.52004,1.0655,1.2805,0.9653,0.65005,0.50489,0.41007,0.31965,0.26002,0.24976,0.25464,0.25464,0.26002,0.27468,0.28006,0.29472,0.30499,0.31965,0.3348,0.34995,0.37488,0.39492,0.41984,0.43988,0.47507,0.50978,0.54985,0.6002,0.63001,0.65494,0.67009,0.65494,0.6349,0.60508,0.565,0.52004,0.47507,0.43011,0.39492,0.35973,0.3348,0.32502,0.30987,0.30499,0.3001,0.29472,0.28983,0.28495,0.28983,0.3001,0.30499,0.31476,0.31965,0.32991,0.33969,0.34995,0.3651,0.3998,0.42473,0.42473,0.43988,0.48485,0.47019,0.45992,0.43011,0.38514,0.35484,0.32991,0.3001,0.28006,0.27468,0.27468,0.26979,0.26491,0.25464,0.17986,0.14956,0.31476,0.81036,1.2805,1.1202,0.73021,0.50489,0.39492,0.31965,0.24976,0.21457,0.21994,0.21994,0.2346,0.23998,0.24976,0.26002,0.27468,0.28495,0.30499,0.31965,0.33969,0.35973,0.37488,0.3998,0.435,0.47019,0.50978,0.55523,0.58993,0.62512,0.6349,0.64027,0.62023,0.58504,0.54497,0.5,0.45015,0.40469,0.36999,0.33969,0.31476,0.3001,0.28495,0.28006,0.28006,0.28006,0.27468,0.27468,0.27468,0.26979,0.26979,0.27468,0.28006,0.28495,0.29472,0.30499,0.32991,0.3651,0.3998,0.40469,0.3998,0.46481,0.47019,0.44477,0.41984,0.37977,0.34995,0.32502,0.3001,0.28006,0.26979,0.26491,0.26979,0.26002,0.25464,0.19501,0.14467,0.26491,0.67498,1.1955,1.2708,0.8304,0.54985,0.435,0.34995,0.26491,0.21994,0.21457,0.21994,0.22972,0.23998,0.24976,0.26002,0.26979,0.28006,0.3001,0.30987,0.32991,0.34995,0.37488,0.39492,0.41984,0.45503,0.49511,0.54497,0.58016,0.60997,0.63001,0.6349,0.62023,0.59531,0.56012,0.52004,0.47019,0.43011,0.39003,0.34995,0.32991,0.31476,0.30499,0.29472,0.28495,0.28006,0.28006,0.28006,0.28006,0.28006,0.28006,0.28495,0.28983,0.30499,0.30987,0.31965,0.3348,0.3651,0.41496,0.435,0.43011,0.45992,0.48485,0.47507,0.45015,0.41496,0.37488,0.34995,0.32502,0.29472,0.28495,0.28006,0.28006,0.28006,0.28006,0.25464,0.17498,0.16471,0.42473,0.9653,1.2556,0.9956,0.64516,0.49511,0.40469,0.31476,0.24487,0.22972,0.22972,0.2346,0.23998,0.26002,0.26491,0.27468,0.28983,0.30499,0.31965,0.32991,0.34995,0.36999,0.39003,0.41496,0.43988,0.47996,0.52493,0.565,0.60508,0.63001,0.64027,0.63001,0.61486,0.58504,0.54497,0.5,0.45992,0.41984,0.39003,0.35484,0.33969,0.32502,0.31476,0.30499,0.29472,0.3001,0.3001,0.3001,0.29472,0.3001,0.3001,0.30499,0.30987,0.31965,0.32991,0.3348,0.34995,0.39003,0.43011,0.44477,0.43011,0.47507,0.49511,0.49022,0.45992,0.42473,0.38514,0.3651,0.32991,0.30499,0.30499,0.3001,0.28983,0.28495,0.28983,0.26002,0.18475,0.22972,0.51515,1.0552,1.2556,0.97556,0.66031,0.52493,0.42473,0.32991,0.26002,0.24976,0.25464,0.26002,0.26979,0.28006,0.28495,0.29472,0.30499,0.31965,0.33969,0.34995,0.36999,0.39003,0.41496,0.43988,0.46481,0.50489,0.54497,0.58993,0.63001,0.65494,0.66031,0.65494,0.6349,0.60508,0.56012,0.52004,0.47507,0.435,0.39492,0.36999,0.34995,0.3348,0.32502,0.31476,0.30499,0.30987,0.30499,0.30499,0.30499,0.30987,0.32502,0.32991,0.33969,0.34995,0.35484,0.35973,0.37488,0.41007,0.43988,0.44477,0.43011,0.49022,0.48485,0.47019,0.43988,0.3998,0.36999,0.33969,0.30499,0.28495,0.28006,0.28006,0.28006,0.28006,0.26491,0.1999,0.15494,0.27468,0.71017,1.2107,1.2507,0.77517,0.52981,0.43011,0.34506,0.26979,0.2346,0.22972,0.2346,0.23998,0.25464,0.26002,0.27468,0.28006,0.28983,0.30499,0.32991,0.34506,0.35973,0.37977,0.41007,0.435,0.47019,0.50489,0.54985,0.58993,0.62512,0.64027,0.64516,0.62512,0.59531,0.55523,0.51515,0.47019,0.42473,0.39003,0.35484,0.32991,0.31965,0.30499,0.3001,0.29472,0.29472,0.28983,0.28495,0.28495,0.28495,0.28495,0.29472,0.30499,0.30499,0.31965,0.32991,0.35973,0.3998,0.42473,0.41984,0.44477,0.47996,0.47019,0.45015,0.41984,0.37977,0.34995,0.32991,0.29472,0.28006,0.27468,0.27468,0.27468,0.26979,0.24976,0.1696,0.15494,0.41007,0.92522,1.2908,1.0552,0.70528,0.52004,0.41496,0.3348,0.24976,0.2346,0.22972,0.2346,0.24487,0.26002,0.26002,0.26979,0.28495,0.30499,0.31476,0.32991,0.34995,0.37488,0.39492,0.41984,0.43988,0.47507,0.52004,0.565,0.60508,0.63001,0.64516,0.65005,0.61486,0.58016,0.54985,0.50978,0.46481,0.41984,0.39003,0.35973,0.3348,0.31965,0.31476,0.30499,0.3001,0.3001,0.3001,0.3001,0.3001,0.29472,0.30499,0.30987,0.32502,0.32991,0.34506,0.36999,0.41007,0.43011,0.435,0.46481,0.5,0.49511,0.48485,0.43988,0.3998,0.36999,0.34995,0.31965,0.3001,0.28983,0.28495,0.28006,0.28006,0.27468,0.19501,0.1696,0.35973,0.84018,1.2654,1.0655,0.73021,0.52493,0.43011,0.34506,0.26491,0.23998,0.23998,0.24487,0.26002,0.26491,0.28006,0.28983,0.3001,0.30499,0.31965,0.34506,0.3651,0.38514,0.3998,0.42473,0.45992,0.49511,0.53519,0.58016,0.62023,0.64516,0.6652,0.66031,0.6349,0.60508,0.56989,0.52493,0.47996,0.43011,0.39492,0.37488,0.34995,0.3348,0.32502,0.31476,0.30499,0.30987,0.30499,0.31476,0.30499,0.30987,0.31476,0.32502,0.32991,0.34995,0.35973,0.39492,0.42473,0.43988,0.43988,0.47996,0.5,0.49511,0.47019,0.43011,0.39003,0.3651,0.34506,0.30499,0.3001,0.28983,0.3001,0.28983,0.28983,0.25464,0.17986,0.1696,0.47507,1.0152,1.2908,0.98045,0.66031,0.49511,0.40469,0.31476,0.24976,0.2346,0.2346,0.23998,0.24487,0.26002,0.26002,0.28006,0.28495,0.3001,0.30987,0.32991,0.34995,0.36999,0.39492,0.41984,0.45503,0.49022,0.52981,0.57527,0.61486,0.64027,0.65005,0.64027,0.62023,0.58504,0.53519,0.49022,0.44477,0.40469,0.36999,0.34506,0.31965,0.30499,0.29472,0.28495,0.28495,0.28495,0.28006,0.28006,0.28006,0.28006,0.28495,0.28983,0.30499,0.31476,0.34506,0.39003,0.40469,0.41007,0.43988,0.47507,0.47019,0.45503,0.41496,0.37488,0.34995,0.32502,0.29472,0.28006,0.27468,0.27468,0.26979,0.26979,0.23998,0.15982,0.14467,0.38514,0.93011,1.3006,1.0552,0.67498,0.48485,0.39003,0.30987,0.23998,0.21457,0.21457,0.21994,0.2346,0.23998,0.24976,0.26002,0.26979,0.28495,0.30499,0.31476,0.3348,0.34995,0.37977,0.41007,0.43988,0.47507,0.50978,0.56012,0.6002,0.63001,0.6349,0.63001,0.60508,0.56989,0.52981,0.48485,0.43988,0.39492,0.3651,0.32991,0.30499,0.3001,0.28983,0.28495,0.28006,0.28006,0.28006,0.27468,0.27468,0.27468,0.28006,0.28006,0.28495,0.3001,0.32502,0.37488,0.3998,0.3998,0.435,0.47507,0.47019,0.45015,0.41984,0.37977,0.34995,0.32991,0.3001,0.28006,0.28006,0.27468,0.27468,0.26979,0.25464,0.17498,0.14956,0.3348,0.81525,1.2605,1.1007,0.73998,0.50978,0.41007,0.32991,0.24487,0.21457,0.21994,0.22483,0.2346,0.23998,0.25464,0.26002,0.26979,0.28495,0.3001,0.31965,0.33969,0.34995,0.37488,0.39492,0.42473,0.45992,0.50489,0.54985,0.58993,0.61486,0.63001,0.62512,0.60997,0.58016,0.54008,0.49022,0.45015,0.41007,0.36999,0.33969,0.31965,0.30987,0.30499,0.29472,0.28495,0.28495,0.28495,0.28006,0.28006,0.28006,0.28006,0.28495,0.30499,0.30499,0.32502,0.35484,0.41007,0.42473,0.42473,0.46481,0.49022,0.47996,0.45503,0.41496,0.37977,0.35484,0.32991,0.3001,0.28495,0.28006,0.28006,0.28006,0.27468,0.25464,0.17498,0.15982,0.42473,0.94037,1.2556,1.0152,0.69013,0.52981,0.43011,0.3348,0.25464,0.2346,0.2346,0.2346,0.23998,0.24976,0.26979,0.28006,0.28983,0.30499,0.31965,0.3348,0.35484,0.37488,0.3998,0.42473,0.45503,0.49022,0.52981,0.56989,0.61486,0.64027,0.65494,0.64516,0.62512,0.58993,0.54497,0.50489,0.46481,0.42473,0.39003,0.35973,0.3348,0.32991,0.31476,0.30987,0.3001,0.3001,0.3001,0.3001,0.30499,0.30499,0.31965,0.31965,0.32991,0.33969,0.34506,0.36999,0.41984,0.43988,0.43988,0.45992,0.50978,0.50978,0.49022,0.45503,0.41007,0.37977,0.3651,0.32502,0.30987,0.30987,0.30499,0.30499,0.30499,0.28495,0.22972,0.18964,0.31965,0.74536,1.2605,1.2854,0.80499,0.565,0.46481,0.38514,0.3001,0.26491,0.26002,0.26491,0.26979,0.28006,0.29472,0.30499,0.30987,0.32991,0.3348,0.35484,0.36999,0.39003,0.41496,0.43988,0.46481,0.5,0.54008,0.58504,0.62512,0.66031,0.68035,0.67498,0.65494,0.63001,0.58993,0.54497,0.5,0.45992,0.41984,0.39003,0.3651,0.34995,0.33969,0.32991,0.31965,0.31476,0.31476,0.30987,0.30987,0.31476,0.31965,0.32991,0.3348,0.34506,0.35484,0.36999,0.38514,0.42473,0.44477,0.435,0.45992,0.5,0.49022,0.47019,0.43988,0.3998,0.3651,0.34506,0.30987,0.28983,0.28495,0.28006,0.28495,0.28006,0.26002,0.18964,0.15494,0.32991,0.82502,1.2854,1.1153,0.73998,0.50489,0.40469,0.32502,0.24976,0.21994,0.22483,0.22972,0.2346,0.24487,0.26002,0.26491,0.27468,0.28983,0.30499,0.32502,0.33969,0.3651,0.37977,0.41007,0.43988,0.47507,0.51515,0.565,0.60508,0.6349,0.65005,0.64516,0.63001,0.6002,0.56012,0.50978,0.46481,0.41984,0.37977,0.34506,0.31965,0.30499,0.29472,0.28495,0.28495,0.28006,0.28006,0.28006,0.28006,0.28006,0.28495,0.28495,0.28983,0.30499,0.30987,0.31965,0.33969,0.37977,0.41496,0.41984,0.40469,0.46481,0.47019,0.45992,0.42473,0.38514,0.35484,0.32991,0.3001,0.28006,0.27468,0.27468,0.26979,0.26491,0.25464,0.19501,0.14467,0.28006,0.72532,1.2405,1.3006,0.80499,0.52981,0.41007,0.33969,0.26002,0.21994,0.21457,0.21994,0.22972,0.2346,0.24487,0.25464,0.26491,0.28006,0.29472,0.30987,0.32502,0.34506,0.36999,0.39492,0.41984,0.45992,0.5,0.54497,0.58993,0.62512,0.64027,0.64516,0.63001,0.59531,0.56012,0.51515,0.46481,0.41984,0.38514,0.34506,0.32502,0.30499,0.3001,0.28983,0.28495,0.28495,0.28495,0.28006,0.28006,0.27468,0.27468,0.27468,0.28006,0.28983,0.3001,0.30499,0.32502,0.34995,0.3998,0.42473,0.41984,0.45503,0.48485,0.47507,0.45503,0.41984,0.37977,0.34995,0.32502,0.29472,0.28006,0.27468,0.27468,0.26979,0.26979,0.25464,0.1696,0.15494,0.3998,0.93548,1.2757,1.0406,0.67009,0.49022,0.39492,0.31476,0.23998,0.22972,0.22483,0.2346,0.23998,0.24976,0.26002,0.26491,0.28006,0.3001,0.30987,0.32502,0.33969,0.35973,0.38514,0.41007,0.43988,0.47507,0.52004,0.56012,0.60508,0.63001,0.64516,0.6349,0.61486,0.58504,0.54497,0.5,0.45503,0.41007,0.36999,0.34506,0.32991,0.30987,0.30499,0.3001,0.29472,0.28983,0.28495,0.28006,0.28495,0.28495,0.28495,0.28983,0.3001,0.30499,0.31965,0.32991,0.33969,0.36999,0.3998,0.43011,0.43988,0.43011,0.49022,0.49511,0.47507,0.43988,0.40469,0.36999,0.34506,0.31965,0.3001,0.29472,0.3001,0.28983,0.29472,0.28495,0.22483,0.17986,0.29472,0.69501,1.2253,0.41007,0.32991,0.26491,0.24976,0.24487,0.25464,0.26002,0.26979,0.27468,0.28495,0.29472,0.30987,0.32991,0.33969,0.35973,0.37488,0.39492,0.41984,0.45015,0.48485,0.52981,0.57527,0.62512,0.67009,0.68524,0.69501,0.68035,0.65005,0.61486,0.565,0.51515,0.47019,0.41984,0.37977,0.34995,0.32502,0.30499,0.29472,0.28006,0.28006,0.27468,0.27468,0.26979,0.26979,0.26979,0.28006,0.28495,0.29472,0.3001,0.30499,0.31476,0.32991,0.32991,0.32991,0.32991,0.32502,0.32991,0.3348,0.3651,0.39003,0.39492,0.37977,0.43988,0.44477,0.43011,0.40469,0.36999,0.3348,0.31965,0.28495,0.26491,0.26002,0.26002,0.26002,0.26002,0.24976,0.17498,0.14956,0.35484,0.84018,1.3055,1.1403,0.74536,0.5,0.39003,0.31965,0.24976,0.21994,0.21457,0.21994,0.2346,0.2346,0.24976,0.25464,0.26491,0.28006,0.28983,0.30499,0.32502,0.34506,0.3651,0.38514,0.41496,0.45015,0.49022,0.53519,0.58016,0.62512,0.65005,0.66031,0.65494,0.63001,0.58993,0.54008,0.49022,0.44477,0.3998,0.35973,0.32991,0.30499,0.28983,0.28006,0.27468,0.26491,0.26491,0.26002,0.26002,0.26002,0.26002,0.25464,0.26002,0.26002,0.27468,0.28006,0.28983,0.3001,0.30499,0.31476,0.31965,0.32991,0.34995,0.39492,0.40469,0.3998,0.43011,0.45992,0.45015,0.435,0.39492,0.35973,0.32991,0.30987,0.28006,0.27468,0.26491,0.26491,0.26491,0.26979,0.22483,0.15982,0.21994,0.52004,1.0753,1.2757,0.97019,0.62023,0.47019,0.37977,0.3001,0.2346,0.22483,0.22972,0.2346,0.24487,0.25464,0.26491,0.27468,0.28495,0.3001,0.30987,0.32502,0.34506,0.3651,0.37977,0.40469,0.43988,0.47507,0.52004,0.56989,0.61486,0.64516,0.6652,0.6652,0.64516,0.61486,0.56989,0.52004,0.47019,0.42473,0.38514,0.34995,0.32502,0.30499,0.28983,0.28495,0.28006,0.28006,0.28006,0.28495,0.28006,0.28495,0.28006,0.27468,0.28006,0.3001,0.30499,0.31965,0.32502,0.32502,0.33969,0.35484,0.38514,0.41984,0.43011,0.42473,0.46481,0.47996,0.47507,0.45015,0.41007,0.37488,0.35484,0.32991,0.3001,0.28983,0.28495,0.28495,0.28006,0.28006,0.2346,0.1696,0.24487,0.56989,1.1105,1.2854,0.94526,0.6349,0.50489,0.41007,0.31476,0.24976,0.24487,0.24487,0.25464,0.26002,0.26979,0.28006,0.28983,0.30499,0.31476,0.32991,0.34995,0.36999,0.39003,0.41007,0.43988,0.46481,0.5,0.54985,0.59531,0.6349,0.6652,0.68524,0.68035,0.65494,0.62512,0.57527,0.52981,0.48485,0.43988,0.39492,0.35973,0.33969,0.32502,0.30499,0.30499,0.30499,0.29472,0.28983,0.28006,0.28495,0.28983,0.29472,0.28983,0.30499,0.31965,0.32991,0.3348,0.3348,0.34995,0.36999,0.40469,0.42473,0.42473,0.45015,0.49022,0.48485,0.46481,0.43011,0.38514,0.35973,0.3348,0.30499,0.29472,0.28983,0.28983,0.28495,0.28006,0.27468,0.19501,0.17498,0.39492,0.91007,1.3055,1.0704,0.71994,0.52493,0.435,0.33969,0.26491,0.24487,0.24487,0.24976,0.26002,0.26491,0.28006,0.28495,0.30499,0.31476,0.3348,0.35484,0.37488,0.39003,0.40469,0.43011,0.46481,0.5,0.54008,0.58504,0.64027,0.67498,0.69501,0.69501,0.68035,0.65005,0.60508,0.56012,0.50978,0.47019,0.42473,0.39492,0.35973,0.33969,0.32991,0.30987,0.30499,0.30499,0.3001,0.30499,0.3001,0.30499,0.30499,0.31476,0.32502,0.32991,0.3348,0.33969,0.34995,0.37488,0.41007,0.42473,0.42473,0.45015,0.49511,0.47996,0.45992,0.43011,0.39492,0.35973,0.34506,0.30499,0.28983,0.28495,0.28495,0.28006,0.28006,0.26002,0.17986,0.15982,0.39003,0.88514,1.3157,1.0855,0.73509,0.51515,0.41007,0.32502,0.24487,0.22483,0.21994,0.22972,0.2346,0.23998,0.24976,0.26002,0.27468,0.28983,0.30499,0.31965,0.3348,0.35973,0.37977,0.41007,0.435,0.47507,0.51515,0.56012,0.60508,0.64027,0.65494,0.65494,0.64027,0.60997,0.56989,0.52004,0.47019,0.42473,0.37977,0.34506,0.32502,0.3001,0.28006,0.28006,0.27468,0.26979,0.26491,0.26491,0.26491,0.26979,0.26979,0.27468,0.28006,0.28495,0.3001,0.30987,0.32502,0.35973,0.39492,0.3998,0.39492,0.45015,0.45992,0.44477,0.41984,0.37977,0.34506,0.32991,0.3001,0.27468,0.26491,0.26491,0.26002,0.26002,0.25464,0.1999,0.13978,0.2346,0.6349,1.1955,1.2908,0.84506,0.54985,0.43011,0.34506,0.26002,0.20968,0.20968,0.21457,0.21994,0.22972,0.2346,0.24976,0.26002,0.27468,0.28983,0.30499,0.32502,0.33969,0.35484,0.38514,0.41496,0.44477,0.49022,0.53519,0.58016,0.62023,0.64516,0.65005,0.64027,0.60997,0.57527,0.52981,0.47996,0.435,0.39492,0.35484,0.32991,0.30987,0.3001,0.28495,0.28495,0.28006,0.28006,0.27468,0.28006,0.27468,0.28006,0.28006,0.28495,0.28983,0.3001,0.31476,0.3348,0.36999,0.40469,0.41496,0.41007,0.47507,0.47996,0.46481,0.43011,0.39003,0.35484,0.33969,0.30499,0.28006,0.28006,0.28006,0.27468,0.26979,0.26002,0.20479,0.15982,0.27468,0.70528,1.2107,1.2654,0.81036,0.54985,0.43988,0.35973,0.26979,0.2346,0.22483,0.2346,0.2346,0.24976,0.26002,0.26491,0.28006,0.28983,0.30499,0.31965,0.3348,0.35484,0.37488,0.40469,0.43011,0.45992,0.5,0.54497,0.58993,0.63001,0.65005,0.65494,0.6349,0.61486,0.57527,0.52493,0.47507,0.435,0.39492,0.34995,0.3348,0.32502,0.30499,0.30499,0.30499,0.3001,0.29472,0.29472,0.29472,0.28983,0.28983,0.29472,0.30499,0.30987,0.31965,0.3348,0.3651,0.40469,0.435,0.43011,0.45015,0.5,0.49511,0.47996,0.43988,0.3998,0.36999,0.34995,0.30987,0.29472,0.28983,0.28495,0.28006,0.28495,0.26979,0.1999,0.17498,0.33969,0.8001,1.2605,1.1007,0.76002,0.54985,0.45503,0.35973,0.26491,0.23998,0.23998,0.24976,0.25464,0.26002,0.26979,0.28495,0.3001,0.31476,0.31965,0.33969,0.3651,0.39003,0.41007,0.42473,0.44477,0.48485,0.52981,0.58016,0.62023,0.65005,0.6652,0.66031,0.64516,0.61486,0.58016,0.54008,0.49022,0.44477,0.40469,0.37488,0.34506,0.3348,0.32991,0.31965,0.31476,0.30499,0.3001,0.30499,0.30499,0.3001,0.30499,0.31965,0.32502,0.3348,0.34995,0.37488,0.41496,0.43988,0.44477,0.435,0.5,0.5,0.48485,0.45015,0.41007,0.38514,0.35484,0.31965,0.30499,0.30499,0.30499,0.3001,0.29472,0.28495,0.21994,0.17498,0.28983,0.70039,1.2204,1.2805,0.8304,0.56012,0.45015,0.36999,0.28983,0.24487,0.23998,0.24487,0.26002,0.26002,0.28006,0.28006,0.3001,0.31476,0.32991,0.34506,0.3651,0.37977,0.41007,0.42473,0.43988,0.47996,0.52493,0.58016,0.62512,0.64516,0.6652,0.68035,0.65494,0.63001,0.6002,0.55523,0.5,0.46481,0.42473,0.39003,0.35973,0.33969,0.32991,0.31965,0.31476,0.30499,0.30499,0.30987,0.30987,0.31965,0.31965,0.31965,0.32991,0.33969,0.34995,0.36999,0.40469,0.435,0.43988,0.43011,0.49511,0.5,0.48485,0.46481,0.41984,0.38514,0.3651,0.32991,0.30499,0.3001,0.3001,0.28983,0.28495,0.27468,0.21994,0.16471,0.26002,0.65005,1.2053,1.3157,0.87048,0.58016,0.45015,0.35973,0.27468,0.22972,0.22483,0.22483,0.22972,0.23998,0.24976,0.26002,0.27468,0.28006,0.3001,0.30987,0.32991,0.34995,0.37488,0.3998,0.42473,0.45992,0.5,0.54497,0.58993,0.62512,0.65005,0.65494,0.64516,0.61486,0.57527,0.52981,0.48485,0.435,0.39492,0.35973,0.32991,0.30499,0.29472,0.28495,0.28006,0.28006,0.27468,0.27468,0.26979,0.27468,0.27468,0.28006,0.28983,0.3001,0.30499,0.32991,0.36999,0.3998,0.3998,0.41496,0.47019,0.47019,0.45015,0.41984,0.37977,0.34995,0.32502,0.29472,0.27468,0.26491,0.26002,0.26002,0.26002,0.24976,0.17498,0.1349,0.27468,0.72532,1.2356,1.2708,0.79032,0.52004,0.40469,0.32502,0.24487,0.20968,0.20479,0.20968,0.21994,0.22972,0.23998,0.24976,0.26002,0.26979,0.28495,0.30499,0.32502,0.34506,0.36999,0.39003,0.41984,0.45503,0.49511,0.54497,0.58504,0.62023,0.6349,0.64027,0.62023,0.58993,0.55523,0.50978,0.45503,0.41496,0.37488,0.34506,0.31965,0.30499,0.28983,0.28006,0.28006,0.27468,0.26979,0.26979,0.26979,0.26491,0.26491,0.26979,0.27468,0.28006,0.29472,0.31476,0.35484,0.39492,0.40469,0.3998,0.45992,0.47019,0.45503,0.43011,0.39492,0.35484,0.3348,0.30987,0.28006,0.27468,0.27468,0.26979,0.26979,0.26491,0.21457,0.14467,0.22483,0.57527,1.1153,1.2654,0.90029,0.58993,0.45503,0.36999,0.28495,0.21994,0.21457,0.21457,0.22972,0.23998,0.24976,0.26002,0.26491,0.28006,0.29472,0.31476,0.32991,0.34995,0.36999,0.39003,0.41984,0.44477,0.49022,0.53519,0.58016,0.61486,0.6349,0.64516,0.6349,0.60997,0.57527,0.53519,0.49022,0.43988,0.39492,0.3651,0.33969,0.31965,0.30499,0.3001,0.28983,0.28495,0.28495,0.28495,0.28006,0.28006,0.28006,0.28495,0.28983,0.30499,0.30987,0.32991,0.3651,0.41007,0.42473,0.42473,0.46481,0.49022,0.47996,0.45503,0.41496,0.37977,0.35484,0.32991,0.3001,0.28495,0.28006,0.28006,0.28006,0.28006,0.24976,0.17498,0.16471,0.43011,0.96041,1.2507,1.0054,0.65494,0.50489,0.41007,0.31965,0.23998,0.22972,0.2346,0.2346,0.23998,0.24976,0.26002,0.26979,0.28006,0.29472,0.31476,0.32991,0.34506,0.3651,0.39492,0.41496,0.43988,0.47996,0.52493,0.565,0.60508,0.63001,0.64516,0.6349,0.62023,0.58016,0.54497,0.5,0.45015,0.41984,0.38514,0.35973,0.3348,0.31965,0.30987,0.30987,0.29472,0.28983,0.28983,0.29472,0.28983,0.3001,0.3001,0.3001,0.30987,0.31965,0.3348,0.35484,0.39492,0.42473,0.42473,0.45503,0.50489,0.49511,0.49022,0.45015,0.40469,0.36999,0.34995,0.31965,0.30499,0.30499,0.29472,0.3001,0.29472,0.28495,0.22483,0.18964,0.32502,0.76002,1.2454,1.2605,0.8001,0.57527,0.47019,0.37977,0.28983,0.24487,0.24487,0.25464,0.26002,0.26491,0.28006,0.28983,0.3001,0.30499,0.32991,0.34506,0.3651,0.38514,0.3998,0.42473,0.45015,0.48485,0.52004,0.56989,0.60997,0.64516,0.66031,0.67009,0.65494,0.62512,0.58016,0.53519,0.5,0.45503,0.41496,0.37977,0.3651,0.34506,0.32991,0.31965,0.31476,0.31476,0.30499,0.30499,0.31476,0.31965,0.32502,0.32991,0.34506,0.34995,0.35973,0.37488,0.40469,0.43988,0.45503,0.45015,0.48485,0.50978,0.49511,0.47019,0.43988,0.3998,0.37488,0.34995,0.32502,0.30987,0.30499,0.30499,0.3001,0.29472,0.27468,0.1999,0.18964,0.46481,1.0205,1.3104,1.0103,0.67009,0.50489,0.41496,0.32991,0.27468,0.26002,0.25464,0.26002,0.26491,0.28006,0.29472,0.30499,0.31476,0.32502,0.33969,0.35973,0.37488,0.39492,0.41496,0.43988,0.47019,0.50489,0.54985,0.59531,0.6349,0.6652,0.67498,0.6652,0.64516,0.60997,0.56989,0.52493,0.47996,0.43988,0.40469,0.37488,0.35484,0.33969,0.32991,0.31965,0.30987,0.30499,0.30499,0.3001,0.30499,0.3001,0.31476,0.31965,0.32991,0.33969,0.34995,0.3651,0.3998,0.42473,0.43011,0.42473,0.49022,0.47996,0.46481,0.43988,0.39492,0.3651,0.34506,0.30987,0.28983,0.28006,0.27468,0.27468,0.26979,0.26002,0.19501,0.14467,0.26491,0.70039,1.2454,1.3006,0.80499,0.54008,0.41007,0.3348,0.25464,0.21994,0.21457,0.21994,0.22483,0.2346,0.24487,0.25464,0.26979,0.28495,0.3001,0.30987,0.32991,0.34995,0.36999,0.39492,0.42473,0.45503,0.5,0.54497,0.58993,0.63001,0.65005,0.65494,0.64027,0.60508,0.56989,0.52004,0.47507,0.43011,0.39003,0.34995,0.32502,0.30499,0.28983,0.28495,0.28006,0.28006,0.27468,0.26979,0.26491,0.26979,0.26979,0.28006,0.28006,0.28983,0.3001,0.31476,0.34995,0.39003,0.40469,0.3998,0.44477,0.47019,0.46481,0.44477,0.40469,0.36999,0.34506,0.31476,0.28495,0.27468,0.26979,0.26979,0.26979,0.26002,0.22972,0.15494,0.18964,0.47996,1.0552,1.2957,0.9956,0.63001,0.47019,0.36999,0.29472,0.22483,0.20968,0.20968,0.20968,0.22483,0.2346,0.23998,0.26002,0.26491,0.28006,0.29472,0.31476,0.32991,0.35484,0.37977,0.3998,0.435,0.47507,0.52004,0.565,0.60508,0.6349,0.64516,0.6349,0.60997,0.56989,0.52981,0.47996,0.43988,0.39492,0.35973,0.32991,0.30987,0.29472,0.28983,0.28495,0.28006,0.28006,0.28006,0.27468,0.27468,0.26979,0.26979,0.27468,0.28006,0.28495,0.3001,0.30499,0.32991,0.36999,0.41007,0.41984,0.41496,0.46481,0.47507,0.46481,0.435,0.39492,0.35973,0.3348,0.30987,0.28495,0.28006,0.28006,0.28006,0.28006,0.26979,0.21994,0.15982,0.24487,0.58993,1.1457,1.2757,0.89541,0.58504,0.45992,0.37488,0.28983,0.2346,0.22483,0.22483,0.2346,0.24976,0.26002,0.26491,0.28006,0.28495,0.30499,0.31965,0.33969,0.35484,0.37488,0.39492,0.41984,0.45015,0.49511,0.53519,0.58016,0.62023,0.64516,0.65494,0.64027,0.61486,0.58016,0.54008,0.49022,0.43988,0.40469,0.36999,0.34506,0.31965,0.31476,0.30499,0.29472,0.29472,0.28495,0.29472,0.28983,0.28983,0.28983,0.28495,0.28983,0.30499,0.30987,0.32502,0.32991,0.3348,0.35484,0.38514,0.42473,0.43988,0.43011,0.46481,0.49511,0.48485,0.45992,0.41984,0.37488,0.35484,0.3348,0.30499,0.29472,0.28983,0.29472,0.28983,0.28495,0.26002,0.18475,0.21457,0.47996,1.0254,1.2908,1.0054,0.67009,0.52004,0.43011,0.33969,0.28006,0.25464,0.25464,0.26491,0.27468,0.28495,0.29472,0.3001,0.31476,0.32991,0.33969,0.35484,0.37488,0.3998,0.41496,0.435,0.47019,0.50978,0.55523,0.59531,0.64027,0.67009,0.67498,0.67009,0.66031,0.63001,0.58016,0.53519,0.5,0.45503,0.41496,0.37977,0.3651,0.34506,0.32991,0.32991,0.31965,0.31965,0.31965,0.30987,0.30987,0.31476,0.31476,0.3348,0.3001,0.28006,0.26002,0.26002,0.26979,0.27468,0.32502,0.34995,0.3348,0.3651,0.38514,0.39492,0.39492,0.34995,0.32502,0.50489,0.97019,1.4154,1.2356,0.78543,0.54497,0.51515,0.47507,0.35973,0.30499,0.30499,0.30499,0.31476,0.32502,0.33969,0.34506,0.34995,0.35484,0.37488,0.39492,0.40469,0.41984,0.44477,0.46481,0.49511,0.53519,0.56989,0.61486,0.65005,0.67498,0.68035,0.66031,0.63001,0.59531,0.54497,0.5,0.45015,0.41496,0.37977,0.34995,0.32991,0.32502,0.30499,0.3001,0.28983,0.28983,0.29472,0.30499,0.30499,0.30987,0.32502,0.3348,0.34506,0.34506,0.34506,0.34995,0.34995,0.34995,0.34506,0.34506,0.33969,0.33969,0.3348,0.32991,0.32991,0.32991,0.32991,0.32991,0.32991,0.32502,0.32991,0.34506,0.37977,0.3998,0.3998,0.43011,0.45503,0.45015,0.435,0.3998,0.3651,0.34506,0.32502,0.3001,0.28006,0.28006,0.28006,0.27468,0.26491,0.21994,0.1696,0.26979,0.64516,1.1857,1.3304,0.88514,0.56989,0.42473,0.33969,0.26979,0.22972,0.21994,0.22483,0.22972,0.2346,0.24487,0.24976,0.26002,0.28006,0.28006,0.3001,0.31476,0.32991,0.34995,0.37488,0.39492,0.43011,0.46481,0.50978,0.56012,0.60508,0.64516,0.66031,0.67009,0.65494,0.6349,0.60508,0.56012,0.50978,0.46481,0.42473,0.39003,0.35484,0.32991,0.30987,0.3001,0.28495,0.28006,0.28006,0.28006,0.27468,0.27468,0.28006,0.28006,0.28006,0.28983,0.29472,0.30499,0.30987,0.32502,0.34506,0.38514,0.3998,0.39492,0.43011,0.46481,0.45015,0.43011,0.3998,0.35973,0.32991,0.30499,0.28006,0.26002,0.26002,0.25464,0.26002,0.25464,0.22483,0.14467,0.18964,0.47996,1.0152,1.3055,1.0054,0.63001,0.44477,0.35484,0.28495,0.21457,0.1999,0.20479,0.20968,0.21994,0.2346,0.23998,0.24976,0.26002,0.28006,0.28983,0.30987,0.32502,0.34506,0.36999,0.39492,0.42473,0.45992,0.50489,0.56012,0.6002,0.6349,0.64516,0.6349,0.60997,0.58016,0.54008,0.49022,0.43988,0.39492,0.35484,0.32502,0.30499,0.28495,0.28006,0.26979,0.26979,0.26491,0.26002,0.26002,0.25464,0.26002,0.26002,0.26002,0.26491,0.27468,0.28006,0.28983,0.3001,0.30987,0.34506,0.38514,0.41007,0.3998,0.43988,0.46481,0.45992,0.435,0.3998,0.35973,0.3348,0.31476,0.28495,0.27468,0.26979,0.27468,0.26979,0.26491,0.2346,0.16471,0.15982,0.47507,1.0005,1.2908,1.0205,0.66031,0.47996,0.39003,0.31476,0.23998,0.22972,0.22483,0.2346,0.23998,0.24976,0.26002,0.26979,0.28006,0.29472,0.30499,0.32991,0.34506,0.35973,0.37977,0.40469,0.43988,0.47507,0.52004,0.56989,0.61486,0.65005,0.6652,0.66031,0.64027,0.60997,0.56989,0.52493,0.47507,0.43011,0.39003,0.35484,0.32991,0.31476,0.30499,0.3001,0.28983,0.3001,0.28983,0.28495,0.28006,0.28006,0.28006,0.28495,0.28006,0.3001,0.30499,0.30987,0.32991,0.35973,0.40469,0.43011,0.42473,0.45503,0.49511,0.48485,0.47019,0.43011,0.39003,0.35973,0.33969,0.30499,0.28495,0.28495,0.28495,0.28006,0.28006,0.26491,0.18475,0.16471,0.38514,0.88514,1.2805,1.0655,0.72532,0.53519,0.435,0.34506,0.26491,0.24487,0.23998,0.24976,0.26002,0.26491,0.28006,0.28495,0.3001,0.30987,0.31965,0.33969,0.3651,0.38514,0.40469,0.43011,0.45992,0.49022,0.53519,0.58504,0.63001,0.66031,0.68035,0.67009,0.65494,0.63001,0.58993,0.54497,0.5,0.45503,0.41007,0.37488,0.34995,0.33969,0.32502,0.31476,0.30499,0.30499,0.30987,0.30499,0.3001,0.30499,0.30499,0.30987,0.31965,0.32991,0.3348,0.34995,0.3651,0.38514,0.40469,0.43988,0.45015,0.43988,0.48485,0.5,0.49022,0.45992,0.41984,0.37977,0.3651,0.3348,0.31965,0.30499,0.3001,0.29472,0.29472,0.28983,0.24487,0.17986,0.26002,0.61486,1.1554,1.3006,0.88514,0.60508,0.47507,0.38514,0.30987,0.25464,0.24976,0.26002,0.26002,0.26491,0.28006,0.29472,0.3001,0.30499,0.31476,0.3348,0.35973,0.37977,0.39492,0.41496,0.44477,0.47507,0.51515,0.56012,0.60997,0.65494,0.68035,0.68524,0.68035,0.66031,0.62512,0.58504,0.54008,0.49022,0.44477,0.41007,0.37488,0.35484,0.34506,0.32991,0.31965,0.31476,0.30499,0.30499,0.30499,0.30499,0.30499,0.30499,0.30987,0.32502,0.32991,0.3348,0.34506,0.34995,0.36999,0.39492,0.42473,0.43011,0.42473,0.47996,0.47019,0.45992,0.43011,0.38514,0.35484,0.3348,0.30499,0.28495,0.28006,0.27468,0.26979,0.27468,0.25464,0.18475,0.14467,0.27468,0.72532,1.2507,1.3006,0.77028,0.49022,0.36999,0.30499,0.23998,0.20968,0.20968,0.20968,0.21457,0.22483,0.2346,0.23998,0.24976,0.26491,0.28006,0.3001,0.30987,0.3348,0.35484,0.37977,0.40469,0.44477,0.49022,0.53519,0.58016,0.62023,0.64027,0.65005,0.6349,0.60997,0.56989,0.52004,0.47507,0.42473,0.38514,0.34506,0.31965,0.3001,0.28495,0.28006,0.28006,0.28006,0.28006,0.26979,0.26491,0.26002,0.26002,0.26491,0.26979,0.28006,0.28495,0.28495,0.3001,0.30499,0.32991,0.37488,0.3998,0.3998,0.39492,0.46481,0.45015,0.43988,0.41007,0.36999,0.33969,0.31965,0.28495,0.26979,0.26002,0.26002,0.26002,0.26002,0.24487,0.1696,0.14467,0.35973,0.87048,1.3055,1.1305,0.73509,0.50489,0.39492,0.31965,0.24487,0.21994,0.21457,0.21994,0.22972,0.2346,0.24487,0.26002,0.26491,0.28006,0.28983,0.30987,0.32991,0.34506,0.3651,0.39492,0.41984,0.45503,0.5,0.54497,0.59531,0.63001,0.65005,0.65494,0.6349,0.60508,0.565,0.52004,0.47019,0.42473,0.39003,0.34995,0.32991,0.30499,0.3001,0.29472,0.28495,0.28006,0.28006,0.27468,0.27468,0.26979,0.26979,0.28006,0.28006,0.28006,0.28983,0.26002,0.23998,0.2346,0.27468,0.30987,0.30499,0.33969,0.35973,0.33969,0.3348,0.34506,0.33969,0.32502,0.26002,0.22972,0.41496,0.90029,1.2957,1.1105,0.70528,0.51515,0.47019,0.40469,0.29472,0.26002,0.25464,0.25464,0.26002,0.26491,0.28006,0.28495,0.29472,0.30499,0.31965,0.32991,0.34995,0.36999,0.39003,0.41984,0.44477,0.47507,0.52004,0.56012,0.6002,0.62512,0.6349,0.62023,0.58504,0.55523,0.50978,0.47019,0.41984,0.38514,0.34995,0.32502,0.30499,0.28983,0.28495,0.28006,0.28006,0.28006,0.28006,0.28006,0.28495,0.28983,0.28983,0.3001,0.30499,0.30499,0.31965,0.32991,0.3348,0.34506,0.34995,0.34995,0.34995,0.34995,0.34995,0.34995,0.3651,0.39003,0.41984,0.43011,0.41984,0.47019,0.49022,0.47507,0.45503,0.41496,0.38514,0.35973,0.3348,0.31476,0.30499,0.3001,0.3001,0.29472,0.28983,0.24487,0.1999,0.30987,0.67498,1.1804,1.3104,0.89052,0.60997,0.49511,0.40469,0.31476,0.26002,0.26002,0.26491,0.26491,0.26979,0.28006,0.29472,0.3001,0.30499,0.31965,0.34506,0.3651,0.37977,0.39003,0.40469,0.43988,0.46481,0.50489,0.54497,0.58993,0.64027,0.6652,0.69013,0.68524,0.67498,0.64516,0.60997,0.56989,0.52981,0.48485,0.44477,0.41496,0.37977,0.35484,0.34506,0.33969,0.32991,0.31476,0.30987,0.31476,0.31965,0.32502,0.31476,0.31965,0.32991,0.34995,0.34995,0.37488,0.41496,0.45015,0.44477,0.45503,0.50489,0.50978,0.49511,0.46481,0.41984,0.37977,0.35973,0.32991,0.30499,0.3001,0.29472,0.29472,0.29472,0.28006,0.22483,0.17986,0.28495,0.68035,1.2204,1.3006,0.82502,0.55523,0.45503,0.3651,0.28495,0.24487,0.23998,0.24487,0.25464,0.26002,0.26979,0.28006,0.29472,0.30499,0.31476,0.3348,0.34995,0.36999,0.39003,0.41496,0.44477,0.47996,0.52004,0.565,0.60508,0.64516,0.66031,0.67009,0.65005,0.62512,0.57527,0.52493,0.47996,0.435,0.39492,0.3651,0.32991,0.30987,0.3001,0.28983,0.28495,0.28006,0.28006,0.27468,0.27468,0.27468,0.28006,0.28006,0.29472,0.3001,0.30987,0.32502,0.35484,0.39492,0.40469,0.3998,0.45015,0.47019,0.46481,0.43988,0.39492,0.3651,0.3348,0.31476,0.28495,0.28006,0.27468,0.27468,0.26979,0.27468,0.2346,0.15494,0.1999,0.48485,1.0552,1.2957,0.98045,0.61486,0.45015,0.3651,0.28983,0.22972,0.21457,0.21994,0.22483,0.2346,0.23998,0.24976,0.26002,0.26979,0.28983,0.30499,0.32502,0.34506,0.3651,0.38514,0.41007,0.43988,0.48485,0.52981,0.57527,0.61486,0.64516,0.66031,0.65494,0.63001,0.59531,0.54497,0.50489,0.45015,0.41007,0.36999,0.33969,0.31476,0.30499,0.28983,0.28495,0.28006,0.28006,0.28006,0.28006,0.28006,0.27468,0.28006,0.28006,0.28495,0.28983,0.30499,0.3348,0.37488,0.3998,0.40469,0.43988,0.47507,0.47019,0.45503,0.41984,0.37977,0.34995,0.32502,0.29472,0.28006,0.27468,0.26979,0.26491,0.26979,0.24976,0.16471,0.14956,0.36999,0.89541,1.2805,1.0606,0.68035,0.49022,0.39003,0.31476,0.2346,0.21457,0.21457,0.21994,0.22972,0.2346,0.24976,0.26002,0.26979,0.28495,0.30499,0.31476,0.33969,0.35484,0.37488,0.3998,0.42473,0.46481,0.50489,0.55523,0.58993,0.62023,0.6349,0.62512,0.60997,0.57527,0.54008,0.5,0.45015,0.41007,0.37488,0.34995,0.32502,0.30499,0.30499,0.28983,0.28983,0.28495,0.28495,0.28495,0.28006,0.28006,0.28495,0.28983,0.28983,0.3001,0.31476,0.33969,0.36999,0.40469,0.41984,0.43011,0.47996,0.49022,0.47019,0.43988,0.39492,0.3651,0.34995,0.31476,0.29472,0.29472,0.28495,0.28495,0.28495,0.28006,0.2346,0.1696,0.26002,0.6349,1.1857,1.2957,0.88514,0.59531,0.48485,0.39492,0.30499,0.24976,0.23998,0.24487,0.25464,0.26002,0.26979,0.28006,0.28983,0.30499,0.32502,0.33969,0.3651,0.38514,0.39003,0.41496,0.44477,0.47996,0.51515,0.565,0.60997,0.64027,0.65494,0.67498,0.66031,0.6349,0.60508,0.56012,0.51515,0.47019,0.42473,0.39492,0.3651,0.34995,0.32991,0.31965,0.30987,0.30499,0.30499,0.3001,0.30499,0.30499,0.31476,0.31476,0.31965,0.3348,0.34506,0.34995,0.37977,0.41984,0.435,0.435,0.47996,0.50978,0.49511,0.47019,0.44477,0.3998,0.36999,0.34506,0.31965,0.30499,0.29472,0.30499,0.30499,0.28983,0.27468,0.20479,0.17986,0.38514,0.90029,1.3006,1.0704,0.71994,0.52493,0.43011,0.34506,0.26979,0.24976,0.24976,0.24487,0.26002,0.26979,0.28495,0.29472,0.30499,0.31965,0.3348,0.34995,0.36999,0.39003,0.41007,0.435,0.46481,0.50489,0.54497,0.58993,0.63001,0.66031,0.68035,0.68035,0.65494,0.62512,0.58016,0.53519,0.49022,0.44477,0.41496,0.37977,0.35484,0.32991,0.31965,0.30987,0.30499,0.3001,0.29472,0.28983,0.28495,0.28495,0.29472,0.3001,0.30987,0.31965,0.32991,0.34506,0.38514,0.41984,0.42473,0.41984,0.47019,0.47996,0.46481,0.43988,0.39492,0.35973,0.3348,0.3001,0.28006,0.26979,0.26979,0.26491,0.26491,0.26002,0.1999,0.1349,0.22483,0.61486,1.1657,1.3055,0.87537,0.57527,0.435,0.33969,0.26491,0.20968,0.20968,0.20968,0.21457,0.21994,0.22972,0.23998,0.25464,0.26002,0.28495,0.3001,0.31965,0.3348,0.35973,0.37977,0.41007,0.44477,0.48485,0.52981,0.58016,0.61486,0.64027,0.65494,0.64516,0.61486,0.58016,0.53519,0.48485,0.43988,0.39492,0.35973,0.32991,0.30499,0.28983,0.28006,0.28006,0.27468,0.26979,0.26979,0.26491,0.26979,0.26979,0.27468,0.27468,0.28006,0.28983,0.30987,0.34995,0.39003,0.3998,0.40469,0.45503,0.47019,0.45992,0.435,0.39492,0.35973,0.32991,0.3001,0.28006,0.26979,0.26002,0.26002,0.25464,0.24976,0.20968,0.1349,0.20479,0.55523,1.1153,1.2854,0.91544,0.58504,0.44477,0.34995,0.27468,0.20968,0.20968,0.20968,0.21457,0.22483,0.2346,0.24976,0.26002,0.27468,0.28495,0.30499,0.31965,0.34506,0.35973,0.38514,0.41496,0.44477,0.48485,0.52981,0.56989,0.60997,0.6349,0.64516,0.6349,0.60508,0.56989,0.52004,0.47507,0.43011,0.38514,0.34506,0.32502,0.3001,0.28495,0.28006,0.28006,0.27468,0.26979,0.26979,0.26979,0.26002,0.26491,0.26979,0.27468,0.28006,0.28983,0.30499,0.34506,0.39003,0.41007,0.40469,0.45015,0.47019,0.46481,0.44477,0.41496,0.37977,0.34995,0.32502,0.29472,0.28006,0.27468,0.26979,0.28006,0.27468,0.23998,0.16471,0.14956,0.43988,0.97019,1.2805,1.0152,0.65494,0.47996,0.37977,0.31476,0.23998,0.21994,0.21994,0.22483,0.2346,0.24487,0.25464,0.26491,0.27468,0.28495,0.3001,0.31965,0.3348,0.35484,0.37488,0.3998,0.435,0.47507,0.51515,0.55523,0.6002,0.63001,0.64027,0.6349,0.62512,0.58993,0.54985,0.5,0.45503,0.41984,0.38514,0.35973,0.32991,0.30987,0.30499,0.30499,0.30499,0.28983,0.28495,0.29472,0.3001,0.28983,0.28495,0.28983,0.3001,0.30499,0.31476,0.32991,0.3651,0.41007,0.42473,0.42473,0.47019,0.48485,0.47996,0.45015,0.41007,0.36999,0.34995,0.3348,0.3001,0.28983,0.28495,0.28983,0.28983,0.28495,0.25464,0.18475,0.22483,0.50978,1.0704,1.2654,0.97556,0.64516,0.50489,0.41007,0.31965,0.25464,0.24487,0.24976,0.25464,0.26002,0.27468,0.28006,0.28983,0.30499,0.31965,0.3348,0.34995,0.36999,0.39492,0.41496,0.43988,0.46481,0.5,0.54497,0.58993,0.63001,0.65494,0.6652,0.67009,0.6349,0.60508,0.56012,0.52004,0.47507,0.42473,0.39003,0.36999,0.34995,0.3348,0.32502,0.31965,0.31476,0.30499,0.30499,0.29472,0.30499,0.30499,0.30987,0.31476,0.32991,0.3348,0.33969,0.3651,0.40469,0.43988,0.43988,0.45015,0.49511,0.50489,0.49022,0.45015,0.40469,0.38514,0.36999,0.3348,0.30499,0.30499,0.30499,0.30499,0.3001,0.29472,0.24487,0.18475,0.28983,0.70039,1.2454,1.3206,0.85533,0.58504,0.47996,0.39003,0.3001,0.26002,0.24976,0.25464,0.26491,0.28006,0.28495,0.29472,0.30499,0.31965,0.34506,0.35484,0.37488,0.39492,0.40469,0.43011,0.46481,0.49511,0.54008,0.58016,0.61486,0.65005,0.67498,0.68035,0.66031,0.64027,0.60997,0.56012,0.51515,0.47507,0.42473,0.39492,0.3651,0.34506,0.32991,0.32502,0.31965,0.30987,0.30499,0.30499,0.30499,0.30499,0.30987,0.31476,0.31965,0.32991,0.3348,0.35484,0.38514,0.41496,0.42473,0.41984,0.47507,0.49511,0.47019,0.44477,0.40469,0.3651,0.34506,0.31476,0.28495,0.28006,0.28006,0.26979,0.26491,0.26002,0.21994,0.13978,0.1999,0.53519,1.1256,1.2957,0.91544,0.59531,0.45015,0.34995,0.26979,0.21457,0.20968,0.21457,0.21994,0.2346,0.23998,0.24976,0.26002,0.27468,0.28495,0.30499,0.31965,0.33969,0.35973,0.39003,0.41984,0.44477,0.48485,0.53519,0.57527,0.61486,0.64027,0.65494,0.6349,0.61486,0.57527,0.52981,0.48485,0.435,0.39492,0.35484,0.32991,0.30499,0.3001,0.28983,0.28495,0.28006,0.28006,0.28006,0.27468,0.27468,0.27468,0.27468,0.28006,0.28983,0.3001,0.31476,0.35484,0.39492,0.3998,0.3998,0.45015,0.47019,0.45503,0.43011,0.39492,0.35973,0.3348,0.3001,0.27468,0.26491,0.26002,0.26002,0.26002,0.24976,0.1999,0.13978,0.2346,0.59531,1.1755,1.3104,0.90029,0.565,0.43011,0.33969,0.26002,0.20479,0.1999,0.1999,0.20968,0.21994,0.2346,0.23998,0.25464,0.26491,0.28006,0.29472,0.31476,0.32991,0.34995,0.37488,0.3998,0.435,0.47507,0.52004,0.56989,0.60508,0.63001,0.6349,0.62512,0.59531,0.56012,0.51515,0.47019,0.42473,0.37977,0.34506,0.31965,0.30499,0.28495,0.28495,0.28006,0.28006,0.27468,0.27468,0.26491,0.26491,0.26979,0.26979,0.27468,0.28006,0.28983,0.30987,0.35484,0.39492,0.3998,0.39492,0.46481,0.47019,0.45503,0.42473,0.38514,0.35484,0.3348,0.3001,0.28006,0.27468,0.26491,0.26491,0.26491,0.25464,0.1999,0.14467,0.26002,0.66031,1.1906,1.2605,0.82014,0.54985,0.435,0.34995,0.26002,0.21457,0.20968,0.21457,0.21994,0.2346,0.24487,0.26002,0.26979,0.28006,0.29472,0.30987,0.32991,0.34995,0.37488,0.39492,0.41984,0.45992,0.5,0.54497,0.58016,0.62023,0.6349,0.64027,0.62023,0.58993,0.55523,0.50978,0.46481,0.41984,0.37977,0.34995,0.32991,0.30987,0.30499,0.29472,0.28983,0.28495,0.28495,0.28006,0.27468,0.28006,0.28006,0.28495,0.28495,0.29472,0.30499,0.32991,0.36999,0.41496,0.42473,0.43011,0.47507,0.49022,0.47019,0.43988,0.40469,0.36999,0.34506,0.31965,0.3001,0.29472,0.28495,0.28495,0.28495,0.28006,0.22483,0.16471,0.26002,0.63001,1.1755,1.2757,0.87537,0.59531,0.47996,0.38514,0.29472,0.24976,0.2346,0.2346,0.23998,0.24976,0.26002,0.28006,0.3001,0.3001,0.31476,0.32991,0.34506,0.36999,0.39003,0.41007,0.435,0.47019,0.50978,0.55523,0.59531,0.63001,0.65494,0.6652,0.64516,0.62023,0.58993,0.54985,0.50489,0.46481,0.42473,0.39492,0.3651,0.34995,0.3348,0.32991,0.31965,0.31965,0.30499,0.30499,0.30499,0.31476,0.31965,0.31476,0.32502,0.32991,0.34506,0.37488,0.41496,0.435,0.44477,0.47019,0.51515,0.50489,0.49022,0.46481,0.41984,0.38514,0.35973,0.32991,0.30499,0.3001,0.3001,0.3001,0.29472,0.28495,0.21994,0.17986,0.32502,0.76002,1.2556,1.2654,0.77517,0.54008,0.44477,0.35973,0.27468,0.24976,0.24976,0.25464,0.26002,0.26491,0.28006,0.29472,0.30499,0.31476,0.32991,0.34506,0.3651,0.37977,0.3998,0.42473,0.45503,0.49511,0.53519,0.58016,0.62512,0.65005,0.6652,0.6652,0.64516,0.61486,0.58016,0.54008,0.5,0.45015,0.41007,0.37977,0.35484,0.3348,0.32502,0.31965,0.31476,0.30499,0.30499,0.30499,0.30499,0.30499,0.31476,0.31965,0.32502,0.3348,0.34506,0.36999,0.41007,0.43011,0.42473,0.45992,0.49022,0.47996,0.47019,0.435,0.38514,0.35973,0.3348,0.30499,0.28983,0.28495,0.28006,0.28006,0.26979,0.25464,0.17498,0.15494,0.38514,0.89541,1.2908,1.0552,0.70039,0.5,0.39492,0.31476,0.23998,0.21994,0.22483,0.22972,0.23998,0.24487,0.25464,0.26002,0.27468,0.28006,0.30499,0.31965,0.3348,0.35484,0.37977,0.40469,0.435,0.47019,0.51515,0.56012,0.60508,0.6349,0.64516,0.65005,0.62023,0.58993,0.54985,0.5,0.45992,0.41984,0.37488,0.34995,0.32502,0.30987,0.3001,0.28983,0.28495,0.28006,0.28006,0.28006,0.27468,0.27468,0.28006,0.28983,0.3001,0.30499,0.32502,0.35484,0.39492,0.41496,0.40469,0.45503,0.47507,0.46481,0.43988,0.40469,0.36999,0.3348,0.30987,0.28006,0.27468,0.26979,0.26491,0.26491,0.26491,0.22483,0.14467,0.13978,0.49022,1.0406,1.2708,0.96041,0.61486,0.45503,0.35973,0.28983,0.22483,0.21457,0.20968,0.21994,0.22972,0.2346,0.24487,0.26002,0.27468,0.28495,0.3001,0.31476,0.3348,0.35973,0.37977,0.41007,0.43988,0.47996,0.52004,0.565,0.6002,0.63001,0.6349,0.62512,0.60508,0.56989,0.52493,0.47507,0.43011,0.39492,0.35973,0.32991,0.30987,0.3001,0.28983,0.28495,0.28006,0.27468,0.28006,0.28006,0.27468,0.27468,0.27468,0.28006,0.28006,0.29472,0.30987,0.34506,0.39003,0.41007,0.40469,0.45503,0.47019,0.47019,0.43988,0.40469,0.36999,0.34995,0.31965,0.28983,0.28006,0.28006,0.27468,0.26979,0.27468,0.2346,0.15982,0.15494,0.5,1.0352,1.2507,0.95015,0.61486,0.46481,0.37488,0.3001,0.2346,0.22483,0.22483,0.2346,0.23998,0.25464,0.26491,0.26979,0.28006,0.29472,0.31476,0.32991,0.34506,0.36999,0.39003,0.41496,0.45015,0.48485,0.52981,0.56989,0.60997,0.6349,0.64027,0.6349,0.60997,0.58016,0.53519,0.49511,0.45015,0.40469,0.36999,0.34995,0.32502,0.30499,0.30499,0.30499,0.3001,0.28983,0.28495,0.28983,0.28983,0.28495,0.28983,0.3001,0.30499,0.31476,0.3348,0.37977,0.42473,0.42473,0.43011,0.48485,0.49511,0.47507,0.44477,0.40469,0.37977,0.35973,0.32502,0.29472,0.28495,0.28495,0.28495,0.28006,0.28006,0.22972,0.16471,0.2346,0.6002,1.1354,1.2654,0.87537,0.59531,0.47996,0.39003,0.3001,0.23998,0.2346,0.2346,0.23998,0.25464,0.26491,0.28006,0.28983,0.30499,0.31476,0.32991,0.34995,0.36999,0.39003,0.41496,0.435,0.46481,0.50978,0.56012,0.6002,0.63001,0.65494,0.65494,0.64516,0.62023,0.58016,0.54008,0.49511,0.45503,0.41007,0.37488,0.34995,0.33969,0.32991,0.32502,0.31476,0.30499,0.30499,0.29472,0.30499,0.3001,0.30499,0.30499,0.31965,0.32991,0.33969,0.35973,0.39492,0.43011,0.44477,0.44477,0.49511,0.50489,0.49511,0.45992,0.41984,0.38514,0.3651,0.3348,0.30987,0.30499,0.3001,0.30499,0.3001,0.3001,0.25464,0.18475,0.23998,0.56989,1.1153,1.2805,0.91544,0.62512,0.48485,0.3998,0.31476,0.25464,0.25464,0.26002,0.26491,0.26979,0.28006,0.3001,0.30499,0.31965,0.32991,0.34506,0.3651,0.38514,0.40469,0.42473,0.44477,0.47996,0.52004,0.56989,0.61486,0.65005,0.6652,0.67009,0.66031,0.64027,0.60508,0.56012,0.51515,0.47019,0.43011,0.39492,0.36999,0.33969,0.32991,0.32502,0.31476,0.30987,0.30499,0.30499,0.30499,0.30499,0.30987,0.32502,0.32991,0.3348,0.34506,0.35484,0.39003,0.42473,0.435,0.43011,0.47507,0.49511,0.49022,0.46481,0.42473,0.38514,0.35484,0.3348,0.30499,0.28983,0.28495,0.28006,0.28006,0.27468,0.23998,0.15982,0.15494,0.47019,1.0152,1.2708,0.96041,0.62512,0.46481,0.37488,0.3001,0.2346,0.22483,0.22483,0.22972,0.2346,0.24487,0.26002,0.26979,0.28006,0.29472,0.30499,0.32502,0.34506,0.3651,0.38514,0.41007,0.43988,0.48485,0.52493,0.56989,0.60997,0.62512,0.6349,0.63001,0.60508,0.56989,0.52981,0.47507,0.435,0.39492,0.35484,0.32991,0.30499,0.3001,0.28495,0.28495,0.28006,0.28006,0.28006,0.27468,0.27468,0.27468,0.27468,0.28006,0.28495,0.3001,0.31965,0.35484,0.39492,0.40469,0.3998,0.45992,0.47019,0.45992,0.435,0.39492,0.3651,0.33969,0.30987,0.28006,0.27468,0.26979,0.26979,0.26491,0.26002,0.21994,0.14956,0.1999,0.50978,1.0704,1.2556,0.92522,0.6002,0.45503,0.36999,0.28983,0.22483,0.21457,0.21994,0.22972,0.2346,0.24487,0.26002,0.26002,0.28006,0.28983,0.30987,0.32991,0.34995,0.3651,0.38514,0.41007,0.44477,0.48485,0.52493,0.56989,0.60997,0.63001,0.6349,0.62512,0.60508,0.565,0.52493,0.47507,0.435,0.39492,0.35973,0.3348,0.31476,0.30499,0.29472,0.29472,0.28983,0.28495,0.28495,0.28006,0.28006,0.27468,0.27468,0.28495,0.29472,0.30499,0.31965,0.34995,0.39492,0.41984,0.41496,0.45015,0.49022,0.47996,0.45503,0.41007,0.37488,0.35973,0.33969,0.30499,0.28983,0.28006,0.28983,0.28495,0.28006,0.26491,0.18475,0.1696,0.40469,0.92033,1.2708,1.0352,0.70039,0.52493,0.43011,0.33969,0.25464,0.2346,0.2346,0.23998,0.24976,0.26002,0.26002,0.28006,0.28983,0.30499,0.31476,0.33969,0.35973,0.37488,0.39492,0.41984,0.45015,0.49022,0.52981,0.57527,0.62023,0.65005,0.65494,0.64516,0.63001,0.6002,0.56012,0.50978,0.46481,0.435,0.39492,0.3651,0.34506,0.32991,0.32502,0.31476,0.31476,0.30499,0.30499,0.29472,0.3001,0.30499,0.30987,0.31965,0.31965,0.3348,0.34995,0.36999,0.41496,0.43988,0.43988,0.46481,0.50489,0.49511,0.48485,0.45015,0.41496,0.38514,0.35484,0.32991,0.30499,0.30499,0.30499,0.30499,0.29472,0.28006,0.21994,0.18475,0.33969,0.81525,1.2757,1.1202,0.7654,0.54008,0.45015,0.35973,0.28006,0.25464,0.25464,0.26002,0.26979,0.28006,0.28495,0.3001,0.31476,0.32502,0.33969,0.34995,0.36999,0.39003,0.41496,0.435,0.46481,0.50489,0.54497,0.58993,0.63001,0.66031,0.67498,0.67009,0.65494,0.62512,0.58016,0.54497,0.49022,0.45015,0.41007,0.37488,0.35484,0.33969,0.32502,0.31476,0.30987,0.30499,0.3001,0.30499,0.30499,0.30499,0.30987,0.32502,0.3348,0.3348,0.34995,0.37488,0.41496,0.435,0.43988,0.435,0.5,0.49511,0.48485,0.43988,0.40469,0.36999,0.34995,0.32502,0.3001,0.29472,0.28495,0.28495,0.28006,0.27468,0.20479,0.16471,0.28495,0.71994,1.2405,1.3006,0.82014,0.56012,0.43988,0.35973,0.26979,0.22972,0.22483,0.2346,0.23998,0.24976,0.26002,0.27468,0.28006,0.30499,0.31476,0.32991,0.34506,0.3651,0.37977,0.40469,0.435,0.47507,0.51515,0.565,0.60508,0.6349,0.65494,0.66031,0.64516,0.62023,0.58016,0.53519,0.49022,0.44477,0.40469,0.36999,0.34506,0.32991,0.31965,0.30987,0.30499,0.3001,0.29472,0.28983,0.28495,0.29472,0.29472,0.3001,0.30499,0.30499,0.31476,0.33969,0.37488,0.41007,0.41496,0.42473,0.47507,0.48485,0.47019,0.44477,0.40469,0.36999,0.34506,0.30987,0.28006,0.28006,0.26979,0.26979,0.26491,0.26002,0.20479,0.13978,0.21994,0.60508,1.1457,1.2805,0.8651,0.56989,0.43988,0.35484,0.27468,0.22483,0.21994,0.22483,0.2346,0.2346,0.24976,0.26002,0.27468,0.28006,0.3001,0.31476,0.32991,0.34995,0.36999,0.39492,0.41984,0.45503,0.49511,0.54497,0.58993,0.62512,0.64027,0.65005,0.6349,0.60508,0.56989,0.52493,0.47996,0.435,0.39492,0.35973,0.32991,0.30499,0.3001,0.28983,0.28495,0.28495,0.28006,0.28006,0.28006,0.28006,0.28006,0.28006,0.28983,0.29472,0.30499,0.32502,0.35973,0.39492,0.41007,0.40469,0.47019,0.47996,0.47019,0.43988,0.3998,0.3651,0.33969,0.30987,0.28983,0.27468,0.26979,0.26491,0.26979,0.26002,0.20968,0.13978,0.21994,0.58504,1.1354,1.2854,0.89052,0.58993,0.45015,0.35973,0.28006,0.22972,0.21457,0.21994,0.2346,0.24487,0.25464,0.26002,0.26979,0.28006,0.3001,0.31965,0.3348,0.34995,0.37488,0.39492,0.42473,0.45992,0.49511,0.54497,0.58993,0.62512,0.64516,0.65005,0.64027,0.62023,0.58016,0.53519,0.49511,0.44477,0.40469,0.36999,0.34995,0.32991,0.31965,0.30499,0.30499,0.3001,0.29472,0.29472,0.28983,0.29472,0.29472,0.3001,0.28983,0.31476,0.32502,0.3348,0.37488,0.41984,0.42473,0.43011,0.47996,0.5,0.49022,0.47019,0.43011,0.39003,0.3651,0.33969,0.30987,0.3001,0.29472,0.29472,0.28495,0.28006,0.24976,0.17498,0.22483,0.52981,1.0806,1.2708,0.95015,0.6349,0.48485,0.39003,0.30987,0.24487,0.2346,0.2346,0.24487,0.24976,0.26002,0.26979,0.28006,0.28983,0.30499,0.32502,0.33969,0.35484,0.37488,0.3998,0.41984,0.45503,0.5,0.54497,0.58016,0.62023,0.64027,0.65494,0.64027,0.61486,0.58016,0.54497,0.49511,0.44477,0.3998,0.36999,0.34506,0.32502,0.30499,0.3001,0.29472,0.28983,0.28495,0.28006,0.28006,0.28006,0.28006,0.28495,0.3001,0.30499,0.31476,0.33969,0.39003,0.41984,0.41496,0.41007,0.48485,0.47019,0.45992,0.43011,0.39003,0.35484,0.32991,0.3001,0.28006,0.28006,0.27468,0.28006,0.27468,0.26002,0.1999,0.15494,0.28983,0.74536,1.2507,1.2757,0.78543,0.54008,0.435,0.35484,0.26979,0.2346,0.22972,0.2346,0.24487,0.26002,0.26491,0.28006,0.28983,0.30499,0.31965,0.33969,0.35484,0.36999,0.39492,0.41984,0.43988,0.47507,0.52493,0.565,0.60997,0.64027,0.66031,0.65005,0.6349,0.60997,0.56989,0.52981,0.47507,0.43011,0.3998,0.36999,0.34995,0.32502,0.31476,0.31965,0.3001,0.3001,0.29472,0.3001,0.30499,0.3001,0.29472,0.30499,0.30987,0.32991,0.34506,0.39003,0.41984,0.43011,0.44477,0.49511,0.50489,0.47507,0.44477,0.40469,0.36999,0.34995,0.31965,0.29472,0.28006,0.28006,0.27468,0.26979,0.26491,0.21994,0.14956,0.21994,0.56012,1.1153,1.2507,0.8651,0.56989,0.45015,0.35484,0.26979,0.21994,0.20968,0.20968,0.21457,0.22483,0.2346,0.2346,0.25464,0.26491,0.28495,0.30499,0.31965,0.34506,0.3651,0.37977,0.41007,0.43988,0.47996,0.52493,0.56989,0.60508,0.63001,0.63001,0.61486,0.58504,0.54985,0.50489,0.45992,0.41496,0.37488,0.33969,0.31476,0.29472,0.28006,0.27468,0.26979,0.26979,0.26491,0.26491,0.26002,0.26002,0.26002,0.27468,0.28006,0.28983,0.30987,0.34506,0.37977,0.3998,0.3998,0.45015,0.47019,0.45503,0.43011,0.39492,0.35484,0.32991,0.3001,0.27468,0.26002,0.26002,0.26002,0.26002,0.25464,0.21994,0.14467,0.13978,0.47019,1.0054,1.2307,0.94037,0.60997,0.45503,0.3651,0.28495,0.21457,0.20968,0.20968,0.21457,0.21457,0.22972,0.23998,0.25464,0.26002,0.28006,0.30499,0.31965,0.3348,0.34995,0.37488,0.40469,0.44477,0.47996,0.51515,0.56012,0.59531,0.61486,0.62512,0.61486,0.59531,0.56012,0.51515,0.47019,0.43011,0.39492,0.35484,0.32991,0.30987,0.30499,0.30499,0.3001,0.28983,0.28495,0.28006,0.28006,0.28495,0.28006,0.29472,0.30499,0.30499,0.31476,0.34995,0.39492,0.41984,0.42473,0.45015,0.49511,0.49022,0.47019,0.435,0.39492,0.3651,0.34506,0.31965,0.29472,0.3001,0.3001,0.3001,0.28495,0.27468,0.21457,0.18475,0.3348,0.82014,1.2654,1.1007,0.75024,0.54008,0.44477,0.35973,0.26979,0.23998,0.23998,0.23998,0.24976,0.26002,0.27468,0.28006,0.3001,0.31476,0.32502,0.34506,0.36999,0.39492,0.41496,0.42473,0.45503,0.49511,0.53519,0.58016,0.61486,0.64516,0.66031,0.65494,0.64027,0.61486,0.58016,0.53519,0.49022,0.45503,0.41496,0.38514,0.36999,0.34995,0.32991,0.32991,0.31965,0.31476,0.31965,0.31965,0.32502,0.32991,0.31965,0.28983,0.27468,0.26002,0.28006,0.30499,0.34995,0.3651,0.37488,0.38514,0.39492,0.3998,0.37977,0.36999,0.31476,0.35484,0.60997,1.1202,1.3705,1.0503,0.64516,0.50489,0.47996,0.42473,0.32502,0.29472,0.28006,0.28983,0.30499,0.30987,0.31965,0.32991,0.33969,0.34995,0.35484,0.37488,0.3998,0.41496,0.435,0.46481,0.5,0.53519,0.57527,0.60997,0.6349,0.65005,0.64516,0.62023,0.58993,0.55523,0.50978,0.45992,0.41984,0.39003,0.35484,0.3348,0.32502,0.31476,0.30499,0.29472,0.29472,0.29472,0.3001,0.30499,0.31476,0.32502,0.32991,0.3348,0.33969,0.34995,0.35484,0.35484,0.35484,0.35484,0.34995,0.34995,0.34995,0.34995,0.34995,0.34995,0.34995,0.37977,0.41007,0.41984,0.41496,0.46481,0.47019,0.47019,0.43988,0.40469,0.36999,0.34995,0.32502,0.30499,0.30499,0.29472,0.29472,0.28495,0.26979,0.20479,0.17986,0.34506,0.79521,1.2957,1.3055,0.77028,0.52004,0.3998,0.31965,0.26002,0.21994,0.21994,0.22483,0.22972,0.2346,0.23998,0.25464,0.26002,0.27468,0.28983,0.30499,0.32502,0.33969,0.35484,0.37488,0.40469,0.43988,0.47996,0.52493,0.56989,0.60997,0.6349,0.64516,0.65005,0.63001,0.6002,0.56012,0.52004,0.47507,0.43011,0.39003,0.35484,0.3348,0.30987,0.3001,0.28495,0.28006,0.28006,0.26979,0.26491,0.26979,0.27468,0.28006,0.28006,0.28495,0.29472,0.31476,0.33969,0.37977,0.3998,0.3998,0.42473,0.46481,0.44477,0.435,0.3998,0.3651,0.32991,0.30987,0.27468,0.26002,0.25464,0.25464,0.24487,0.24487,0.22483,0.14956,0.12952,0.37977,0.93011,1.3157,1.0753,0.68035,0.47996,0.35973,0.29472,0.21457,0.1999,0.1999,0.20968,0.20968,0.22483,0.2346,0.24487,0.26002,0.26491,0.28006,0.30499,0.32502,0.34506,0.35973,0.39003,0.41984,0.45503,0.5,0.54985,0.58993,0.61486,0.62512,0.60997,0.59531,0.56012,0.52004,0.46481,0.41496,0.37488,0.33969,0.31476,0.29472,0.28006,0.27468,0.26491,0.26491,0.26002,0.25464,0.26002,0.25464,0.26002,0.26002,0.26491,0.27468,0.28006,0.28495,0.30499,0.32991,0.37488,0.39492,0.39003,0.42473,0.45992,0.45503,0.435,0.3998,0.36999,0.33969,0.31476,0.28495,0.26979,0.26979,0.26491,0.26491,0.26002,0.23998,0.15982,0.14467,0.3998,0.91544,1.2908,1.0552,0.68524,0.49511,0.39003,0.31965,0.23998,0.21994,0.21994,0.22483,0.22972,0.23998,0.26002,0.26491,0.28006,0.28495,0.30499,0.31965,0.33969,0.35484,0.37977,0.3998,0.435,0.47019,0.50978,0.56012,0.60508,0.63001,0.65005,0.64516,0.62512,0.58993,0.54985,0.5,0.45992,0.41496,0.37488,0.34995,0.32502,0.30987,0.29472,0.28983,0.28983,0.28006,0.28006,0.28006,0.28006,0.28006,0.28006,0.28006,0.28983,0.29472,0.30499,0.30987,0.32502,0.33969,0.36999,0.41496,0.43011,0.42473,0.45992,0.47996,0.47019,0.45015,0.41007,0.37488,0.34995,0.32502,0.29472,0.28006,0.28006,0.28006,0.28006,0.27468,0.24487,0.1696,0.16471,0.47019,0.98534,1.2507,0.98534,0.64516,0.49022,0.3998,0.31476,0.24976,0.2346,0.2346,0.23998,0.24487,0.25464,0.26491,0.26979,0.28006,0.3001,0.31965,0.3348,0.34995,0.37488,0.39492,0.41496,0.45015,0.48485,0.52981,0.56989,0.60508,0.6349,0.65494,0.64516,0.62023,0.58504,0.54497,0.5,0.46481,0.41984,0.37977,0.35973,0.33969,0.32502,0.31476,0.30499,0.30499,0.30499,0.28983,0.28983,0.28983,0.29472,0.3001,0.29472,0.30499,0.30987,0.31965,0.32991,0.3348,0.34506,0.34995,0.3651,0.39492,0.41984,0.43988,0.435,0.47996,0.49511,0.49022,0.45503,0.41984,0.38514,0.35973,0.3348,0.30987,0.30499,0.30499,0.3001,0.30499,0.29472,0.25464,0.1999,0.26979,0.60997,1.1354,1.2854,0.90029,0.61486,0.49511,0.41007,0.31965,0.26002,0.24976,0.24976,0.26002,0.26979,0.28006,0.28495,0.3001,0.30499,0.32502,0.33969,0.3651,0.38514,0.3998,0.41984,0.43988,0.47507,0.52004,0.55523,0.6002,0.65005,0.6652,0.67009,0.67498,0.65494,0.61486,0.58016,0.53519,0.49022,0.45992,0.42473,0.39492,0.3651,0.34995,0.3348,0.32502,0.30987,0.30499,0.31476,0.31965,0.32502,0.32502,0.32991,0.3348,0.34995,0.34995,0.34995,0.3651,0.37488,0.37977,0.37977,0.37488,0.37488,0.38514,0.40469,0.43011,0.43988,0.435,0.49022,0.5,0.48485,0.45503,0.41496,0.37977,0.3651,0.33969,0.31476,0.30499,0.30499,0.30987,0.31476,0.3001,0.2346,0.20479,0.35484,0.75024,1.2708,1.3157,0.8304,0.56012,0.45503,0.37488,0.3001,0.26491,0.26491,0.26491,0.27468,0.28006,0.28495,0.30499,0.31965,0.32502,0.3348,0.35484,0.37488,0.39003,0.3998,0.43011,0.45992,0.49022,0.52981,0.57527,0.62512,0.65494,0.68035,0.68524,0.68035,0.65494,0.62023,0.57527,0.53519,0.49022,0.45015,0.41007,0.37977,0.35484,0.33969,0.32502,0.31476,0.30499,0.30499,0.3001,0.29472,0.29472,0.3001,0.30499,0.30987,0.31476,0.32991,0.32991,0.33969,0.34506,0.33969,0.34995,0.35484,0.3651,0.38514,0.40469,0.41496,0.40469,0.45015,0.47019,0.45992,0.43011,0.39003,0.35484,0.3348,0.30499,0.28006,0.27468,0.28006,0.26979,0.26979,0.26002,0.20968,0.15982,0.28495,0.69013,1.2454,1.3358,0.8651,0.56012,0.435,0.34506,0.26979,0.22483,0.21994,0.22483,0.22972,0.2346,0.25464,0.26002,0.27468,0.28006,0.29472,0.31476,0.32991,0.34995,0.36999,0.39003,0.41984,0.45992,0.5,0.54497,0.58993,0.6349,0.66031,0.67498,0.6652,0.64027,0.60508,0.56012,0.50978,0.45992,0.41496,0.36999,0.34506,0.32502,0.30499,0.3001,0.28983,0.28495,0.28006,0.27468,0.27468,0.26491,0.26979,0.26491,0.27468,0.28006,0.28495,0.3001,0.30499,0.30987,0.31965,0.3348,0.37488,0.41007,0.41496,0.40469,0.45503,0.46481,0.45015,0.41984,0.37977,0.34506,0.32502,0.3001,0.27468,0.26979,0.26491,0.26979,0.26491,0.26002,0.18964,0.15494,0.29472,0.75513,1.2757,1.3206,0.82014,0.56012,0.435,0.34995,0.26979,0.22483,0.22483,0.22972,0.2346,0.24976,0.26002,0.26002,0.28006,0.28006,0.3001,0.31965,0.3348,0.35484,0.37977,0.3998,0.435,0.47019,0.51515,0.56012,0.60508,0.64027,0.67009,0.68035,0.6652,0.63001,0.58993,0.54497,0.49511,0.44477,0.3998,0.36999,0.33969,0.32502,0.30499,0.3001,0.28983,0.28983,0.28495,0.28006,0.28006,0.27468,0.28006,0.27468,0.28006,0.28006,0.29472,0.30499,0.30987,0.32502,0.34506,0.37977,0.41007,0.41496,0.41984,0.46481,0.47507,0.46481,0.43988,0.3998,0.3651,0.33969,0.31476,0.28006,0.28006,0.28006,0.28006,0.28006,0.26979,0.20479,0.15982,0.29472,0.74536,1.2556,1.3104,0.84506,0.57527,0.44477,0.35973,0.28006,0.2346,0.22972,0.2346,0.23998,0.24487,0.25464,0.26491,0.28006,0.28495,0.30499,0.31965,0.33969,0.35973,0.38514,0.40469,0.43988,0.47019,0.50978,0.55523,0.60997,0.65005,0.67498,0.68035,0.6652,0.64027,0.6002,0.54985,0.5,0.45503,0.41007,0.37488,0.34506,0.32502,0.30987,0.30499,0.3001,0.29472,0.3001,0.29472,0.28983,0.28495,0.28495,0.24976,0.22483,0.20968,0.21457,0.21994,0.2346,0.28495,0.30987,0.31476,0.34506,0.35973,0.35973,0.34995,0.29472,0.28006,0.52981,1.0254,1.3656,1.1256,0.69013,0.50489,0.46481,0.41007,0.29472,0.26002,0.25464,0.25464,0.26002,0.26491,0.28006,0.28983,0.28983,0.30499,0.31965,0.32991,0.34995,0.36999,0.39003,0.41496,0.44477,0.48485,0.52493,0.56989,0.6002,0.60997,0.61486,0.58993,0.55523,0.50978,0.47019,0.42473,0.37488,0.3348,0.30499,0.28006,0.26979,0.26002,0.25464,0.26002,0.26002,0.26002,0.26491,0.26979,0.28006,0.28006,0.28983,0.29472,0.30499,0.30499,0.30987,0.31476,0.31476,0.30987,0.30987,0.30987,0.30499,0.30499,0.30499,0.30987,0.31476,0.30987,0.31476,0.31476,0.32502,0.33969,0.36999,0.3998,0.40469,0.3998,0.45503,0.46481,0.45015,0.42473,0.39003,0.35973,0.34506,0.30987,0.28983,0.28006,0.28006,0.28495,0.28006,0.26491,0.19501,0.18964,0.435,0.91544,1.2854,1.0606,0.71505,0.53519,0.43988,0.35484,0.26979,0.23998,0.2346,0.2346,0.24976,0.26002,0.26491,0.28006,0.28983,0.3001,0.30987,0.32991,0.34995,0.3651,0.37977,0.40469,0.435,0.46481,0.50978,0.55523,0.6002,0.64027,0.67009,0.68035,0.67498,0.65494,0.63001,0.58993,0.54985,0.51515,0.47019,0.43011,0.39492,0.36999,0.34995,0.33969,0.32991,0.32991,0.31965,0.30499,0.30499,0.30499,0.30987,0.30987,0.31965,0.32502,0.32991,0.34506,0.35973,0.39492,0.43011,0.43988,0.435,0.49022,0.50489,0.47996,0.45503,0.41496,0.37977,0.35484,0.32991,0.30499,0.3001,0.29472,0.28983,0.29472,0.28495,0.22972,0.17498,0.26979,0.65005,1.1955,1.2908,0.84506,0.57527,0.45992,0.36999,0.3001,0.25464,0.24976,0.25464,0.24976,0.26491,0.28006,0.28495,0.30499,0.31476,0.32502,0.34506,0.3651,0.37488,0.3998,0.42473,0.45015,0.49022,0.52493,0.57527,0.61486,0.65005,0.66031,0.6652,0.65494,0.62512,0.58993,0.54497,0.5,0.45015,0.41007,0.37977,0.35484,0.3348,0.32502,0.30499,0.3001,0.29472,0.3001,0.29472,0.3001,0.30987,0.31476,0.31965,0.32991,0.33969,0.33969,0.34995,0.37488,0.40469,0.42473,0.43011,0.42473,0.49511,0.5,0.47507,0.45015,0.41007,0.38514,0.35973,0.32502,0.30499,0.30499,0.30499,0.30499,0.30499,0.29472,0.21994,0.18964,0.33969,0.79032,1.3055,1.3504,0.8304,0.56012,0.45503,0.36999,0.29472,0.26002,0.25464,0.26002,0.26491,0.27468,0.28006,0.29472,0.30499,0.31965,0.32991,0.34506,0.35973,0.38514,0.40469,0.41984,0.45015,0.49022,0.52981,0.58016,0.63001,0.66031,0.68035,0.69013,0.67498,0.65005,0.60508,0.565,0.51515,0.45992,0.41496,0.37977,0.34995,0.32991,0.31476,0.30499,0.29472,0.28495,0.28006,0.28006,0.28006,0.28006,0.28006,0.28006,0.28983,0.30499,0.30987,0.31965,0.35484,0.39492,0.41007,0.40469,0.45015,0.47019,0.45992,0.43988,0.40469,0.36999,0.3348,0.31476,0.28006,0.26979,0.26002,0.26002,0.26002,0.25464,0.21457,0.13978,0.1349,0.48485,1.0503,1.3006,0.98534,0.63001,0.45015,0.35484,0.28495,0.21994,0.20968,0.20968,0.21457,0.22483,0.2346,0.24487,0.26002,0.26491,0.28006,0.3001,0.31476,0.32991,0.35484,0.37488,0.3998,0.435,0.47507,0.52493,0.57527,0.61486,0.64027,0.65005,0.64027,0.61486,0.58016,0.52981,0.47507,0.43011,0.39003,0.34506,0.31476,0.29472,0.28006,0.26979,0.26002,0.26002,0.26002,0.26002,0.25464,0.24976,0.24976,0.24976,0.25464,0.26002,0.26491,0.28006,0.30499,0.35484,0.37977,0.37488,0.40469,0.45015,0.44477,0.43988,0.40469,0.36999,0.33969,0.31476,0.28006,0.26002,0.26002,0.25464,0.25464,0.24976,0.22972,0.15494,0.1349,0.3651,0.87537,1.3104,1.1007,0.71017,0.48485,0.36999,0.3001,0.21994,0.1999,0.1999,0.20968,0.21457,0.22483,0.2346,0.24976,0.26002,0.26979,0.28495,0.3001,0.32502,0.34506,0.36999,0.39003,0.41984,0.45992,0.50489,0.55523,0.6002,0.63001,0.65005,0.64516,0.63001,0.59531,0.55523,0.50489,0.45015,0.40469,0.36999,0.34506,0.31965,0.30499,0.3001,0.29472,0.28495,0.28006,0.28006,0.28006,0.28006,0.28006,0.28006,0.28006,0.28006,0.29472,0.30987,0.32991,0.3651,0.40469,0.41984,0.41496,0.47507,0.49022,0.47507,0.44477,0.41007,0.37977,0.35484,0.31965,0.29472,0.28495,0.28983,0.28983,0.28495,0.27468,0.22483,0.16471,0.26002,0.63001,1.1906,1.3006,0.90518,0.61486,0.5,0.3998,0.30987,0.25464,0.23998,0.24976,0.26002,0.25464,0.26979,0.28983,0.30499,0.30499,0.32502,0.33969,0.35484,0.37977,0.39492,0.41007,0.43988,0.47507,0.51515,0.56012,0.6002,0.64027,0.66031,0.66031,0.65005,0.62512,0.58504,0.53519,0.5,0.45503,0.41007,0.37488,0.34995,0.3348,0.32502,0.30987,0.31476,0.30499,0.3001,0.29472,0.28983,0.28983,0.30499,0.30499,0.31965,0.32991,0.33969,0.34995,0.36999,0.41007,0.43988,0.44477,0.46481,0.5,0.50978,0.5,0.47507,0.43011,0.39492,0.37488,0.34995,0.32991,0.31965,0.31476,0.32502,0.31476,0.30987,0.26979,0.19501,0.26979,0.6349,1.2004,1.3304,0.91544,0.62023,0.5,0.3998,0.31965,0.26979,0.26002,0.26002,0.27468,0.28006,0.28495,0.30499,0.31476,0.32991,0.34506,0.34995,0.36999,0.37977,0.3998,0.42473,0.45503,0.49022,0.52981,0.58016,0.61486,0.65494,0.69013,0.70528,0.68035,0.65494,0.62512,0.58016,0.52981,0.48485,0.44477,0.41007,0.37488,0.34995,0.3348,0.32991,0.32502,0.30987,0.31476,0.30499,0.30499,0.30499,0.30499,0.30987,0.31476,0.32991,0.3348,0.34506,0.35973,0.39003,0.41984,0.435,0.42473,0.46481,0.48485,0.47019,0.45503,0.41007,0.36999,0.34995,0.32502,0.29472,0.28006,0.27468,0.26979,0.26491,0.26491,0.22483,0.13978,0.18964,0.5,1.0552,1.2908,0.9653,0.62023,0.45503,0.34995,0.28006,0.21994,0.20968,0.20479,0.20968,0.21994,0.2346,0.23998,0.24976,0.26491,0.28006,0.29472,0.30499,0.32502,0.33969,0.36999,0.39492,0.43011,0.47019,0.52004,0.56989,0.60997,0.6349,0.65005,0.64027,0.62023,0.58016,0.53519,0.48485,0.435,0.39492,0.35484,0.32502,0.29472,0.28006,0.26979,0.26491,0.26002,0.26491,0.26002,0.26002,0.26002,0.26002,0.26002,0.26002,0.26002,0.26979,0.27468,0.28983,0.30987,0.35484,0.38514,0.39003,0.40469,0.45015,0.45503,0.43988,0.41007,0.37488,0.34506,0.32502,0.28983,0.26979,0.26491,0.26002,0.26002,0.26002,0.24487,0.17986,0.14467,0.28006,0.73509,1.2708,1.3206,0.8001,0.51515,0.39492,0.32502,0.24487,0.20479,0.20479,0.20968,0.21457,0.22483,0.2346,0.23998,0.25464,0.26491,0.28006,0.3001,0.31476,0.3348,0.35484,0.37977,0.41007,0.44477,0.48485,0.52981,0.58504,0.62512,0.64516,0.65005,0.63001,0.60508,0.565,0.52004,0.47507,0.42473,0.38514,0.34995,0.32502,0.30499,0.29472,0.28983,0.28495,0.28495,0.28006,0.27468,0.26979,0.26979,0.26491,0.26979,0.26491,0.28006,0.28006,0.28495,0.30499,0.33969,0.39003,0.40469,0.41007,0.45503,0.47996,0.47019,0.45015,0.41496,0.37488,0.34506,0.32502,0.29472,0.28006,0.28006,0.27468,0.27468,0.26491,0.23998,0.1696,0.16471,0.45015,0.99022,1.2957,1.0303,0.6652,0.48485,0.39003,0.31476,0.23998,0.22483,0.22483,0.2346,0.23998,0.24976,0.26002,0.26979,0.28006,0.3001,0.30987,0.32502,0.33969,0.35973,0.37977,0.40469,0.43988,0.47507,0.52004,0.56989,0.60508,0.64027,0.65005,0.6349,0.61486,0.58016,0.54497,0.49511,0.45015,0.40469,0.36999,0.33969,0.32991,0.30987,0.30499,0.3001,0.29472,0.28983,0.29472,0.28495,0.28983,0.28495,0.28495,0.29472,0.3001,0.30499,0.31965,0.32991,0.34995,0.38514,0.42473,0.44477,0.43988,0.48485,0.5,0.49511,0.46481,0.42473,0.38514,0.3651,0.33969,0.30987,0.30499,0.3001,0.3001,0.3001,0.28983,0.25464,0.17986,0.21994,0.51515,1.0704,1.2654,0.95552,0.64516,0.50978,0.41496,0.3348,0.26491,0.25464,0.26002,0.26002,0.27468,0.28006,0.28983,0.30499,0.31965,0.32991,0.34506,0.3651,0.38514,0.41007,0.42473,0.44477,0.47507,0.52004,0.56012,0.60508,0.65005,0.6652,0.68035,0.67009,0.64027,0.60997,0.56989,0.52004,0.47507,0.43988,0.39003,0.34995,0.3348,0.32991,0.31476,0.30499,0.3001,0.30499,0.3001,0.28983,0.28983,0.29472,0.3001,0.30987,0.31965,0.32991,0.34506,0.34995,0.36999,0.40469,0.43988,0.44477,0.45015,0.5,0.51515,0.49022,0.47019,0.43011,0.39492,0.37488,0.33969,0.30499,0.30499,0.29472,0.3001,0.3001,0.29472,0.24976,0.19501,0.26491,0.58993,1.1354,1.2805,0.88514,0.58504,0.46481,0.38514,0.30499,0.26002,0.25464,0.24976,0.26491,0.26491,0.28006,0.29472,0.30499,0.32502,0.3348,0.33969,0.3651,0.37977,0.3998,0.41984,0.44477,0.47996,0.52493,0.56989,0.60997,0.65005,0.6652,0.68035,0.6652,0.64027,0.60997,0.56989,0.52004,0.48485,0.43988,0.3998,0.37488,0.35973,0.33969,0.32991,0.32991,0.32502,0.31476,0.30987,0.30499,0.30987,0.30987,0.32502,0.32991,0.32991,0.34506,0.35484,0.36999,0.39492,0.42473,0.44477,0.44477,0.47019,0.51515,0.5,0.48485,0.45015,0.41984,0.39003,0.3651,0.3348,0.32502,0.31476,0.31965,0.31476,0.30499,0.29472,0.21994,0.18964,0.37977,0.85044,1.3255,1.1354,0.77028,0.52981,0.42473,0.35484,0.27468,0.23998,0.24487,0.25464,0.26002,0.27468,0.28006,0.28006,0.29472,0.30987,0.31965,0.33969,0.35484,0.36999,0.39003,0.41984,0.44477,0.47996,0.52493,0.57527,0.62023,0.65494,0.67498,0.68035,0.65494,0.62512,0.58504,0.53519,0.48485,0.435,0.39492,0.35973,0.32991,0.30499,0.29472,0.28006,0.28006,0.27468,0.26979,0.26491,0.26002,0.26491,0.26491,0.26979,0.28006,0.28495,0.3001,0.30987,0.3348,0.37977,0.41007,0.40469,0.43011,0.47019,0.46481,0.45015,0.41984,0.37977,0.34506,0.32502,0.28983,0.27468,0.26002,0.26491,0.26002,0.25464,0.23998,0.15982,0.13978,0.3348,0.82502,1.3157,1.1505,0.73509,0.47507,0.3651,0.29472,0.22483,0.1999,0.1999,0.20479,0.20968,0.21994,0.22972,0.23998,0.25464,0.26491,0.28006,0.30499,0.31476,0.3348,0.35484,0.37977,0.41496,0.45015,0.5,0.54497,0.59531,0.63001,0.64516,0.64027,0.62512,0.59531,0.54985,0.5,0.45015,0.3998,0.35973,0.32502,0.3001,0.28006,0.27468,0.26979,0.26491,0.26491,0.26002,0.26002,0.25464,0.25464,0.26002,0.25464,0.26002,0.26491,0.26491,0.27468,0.29472,0.32502,0.3651,0.39003,0.38514,0.43011,0.45992,0.45503,0.43988,0.3998,0.36999,0.33969,0.31476,0.28006,0.26491,0.26491,0.26002,0.26002,0.26002,0.23998,0.15982,0.14467,0.42473,0.95015,1.3104,1.0552,0.67498,0.47996,0.37977,0.30987,0.22972,0.21457,0.21457,0.21994,0.22972,0.2346,0.24487,0.25464,0.26979,0.28006,0.3001,0.31476,0.3348,0.34995,0.36999,0.39003,0.41984,0.45992,0.50489,0.55523,0.6002,0.6349,0.65005,0.64516,0.63001,0.58993,0.54985,0.50489,0.45503,0.41496,0.36999,0.34506,0.31965,0.30499,0.29472,0.28983,0.28495,0.28006,0.28006,0.28006,0.28006,0.28006,0.27468,0.28006,0.28006,0.28006,0.29472,0.30499,0.31476,0.32991,0.3651,0.40469,0.42473,0.41984,0.46481,0.48485,0.47507,0.45015,0.41496,0.37977,0.34995,0.32502,0.29472,0.28006,0.28006,0.28006,0.28006,0.27468,0.23998,0.16471,0.21994,0.52981,1.0655,1.2556,0.95552,0.63001,0.48485,0.39492,0.30987,0.24487,0.2346,0.22972,0.23998,0.25464,0.26002,0.26979,0.28006,0.28495,0.30499,0.30987,0.3348,0.35484,0.37488,0.39492,0.41984,0.44477,0.48485,0.52981,0.57527,0.62023,0.64516,0.65494,0.64516,0.61486,0.58016,0.54985,0.5,0.45015,0.41496,0.37977,0.35973,0.33969,0.31965,0.30987,0.30499,0.30499,0.3001,0.3001,0.3001,0.29472,0.29472,0.3001,0.3001,0.30499,0.30499,0.31965,0.32991,0.32991,0.34506,0.37977,0.42473,0.43988,0.435,0.47507,0.49511,0.49022,0.45992,0.41984,0.38514,0.3651,0.3348,0.30499,0.3001,0.29472,0.29472,0.28983,0.29472,0.26979,0.19501,0.24487,0.54985,1.0806,1.2708,0.96041,0.66031,0.52004,0.42473,0.33969,0.26979,0.26002,0.26002,0.26491,0.28006,0.28006,0.29472,0.3001,0.30987,0.31965,0.33969,0.35973,0.37488,0.39492,0.41496,0.435,0.46481,0.50489,0.54497,0.59531,0.63001,0.66031,0.67498,0.66031,0.64027,0.60508,0.57527,0.52981,0.47996,0.43988,0.3998,0.37488,0.35484,0.3348,0.32991,0.31965,0.30987,0.31476,0.30499,0.30987,0.30987,0.30987,0.31476,0.32502,0.32991,0.33969,0.34995,0.35484,0.36999,0.37488,0.39492,0.43011,0.44477,0.435,0.47019,0.50489,0.49511,0.47507,0.435,0.39492,0.36999,0.34506,0.31476,0.3001,0.29472,0.3001,0.29472,0.3001,0.26979,0.19501,0.18964,0.45503,0.96041,1.2805,1.0005,0.67009,0.5,0.41496,0.32991,0.26002,0.24487,0.24976,0.25464,0.26002,0.26491,0.28006,0.28983,0.3001,0.30987,0.32502,0.33969,0.35973,0.37977,0.3998,0.42473,0.45015,0.48485,0.52981,0.57527,0.61486,0.64027,0.65494,0.65005,0.63001,0.60508,0.56012,0.51515,0.47019,0.41984,0.37977,0.34995,0.32502,0.30499,0.29472,0.28495,0.28006,0.27468,0.26979,0.27468,0.27468,0.28006,0.28006,0.28983,0.3001,0.30499,0.30987,0.31965,0.32991,0.34995,0.38514,0.41496,0.41007,0.40469,0.46481,0.47019,0.45015,0.41984,0.37977,0.34506,0.32991,0.29472,0.27468,0.26491,0.26979,0.26979,0.26491,0.25464,0.18475,0.14956,0.28983,0.72532,1.2253,1.2757,0.78543,0.52004,0.41007,0.33969,0.26002,0.22483,0.22483,0.22483,0.2346,0.23998,0.25464,0.26491,0.27468,0.28495,0.3001,0.31476,0.3348,0.34995,0.36999,0.39003,0.41984,0.45015,0.5,0.54497,0.58993,0.63001,0.65005,0.65494,0.6349,0.60508,0.565,0.52004,0.47507,0.43011,0.38514,0.35484,0.3348,0.31476,0.3001,0.28983,0.28495,0.28006,0.28006,0.28006,0.28495,0.28983,0.28495,0.28983,0.3001,0.30499,0.30987,0.31965,0.32991,0.35484,0.39492,0.42473,0.43011,0.42473,0.49511,0.49022,0.47019,0.435,0.39492,0.3651,0.33969,0.30987,0.29472,0.28495,0.28006,0.29472,0.30499,0.28006,0.20479,0.17986,0.35484,0.84018,1.3006,1.1305,0.77028,0.54985,0.45015,0.36999,0.28983,0.26002,0.24976,0.26002,0.26979,0.28006,0.28983,0.3001,0.30499,0.31965,0.33969,0.35484,0.36999,0.38514,0.41007,0.43011,0.45503,0.49511,0.52981,0.58016,0.63001,0.6652,0.68035,0.68035,0.6652,0.64027,0.59531,0.54497,0.5,0.45503,0.41984,0.39003,0.35484,0.33969,0.32502,0.31476,0.31476,0.31476,0.30987,0.30499,0.30499,0.30499,0.30499,0.30499,0.32991,0.33969,0.34995,0.36999,0.39492,0.43011,0.44477,0.45015,0.48485,0.50489,0.5,0.49022,0.43988,0.40469,0.37977,0.35973,0.32991,0.31476,0.30987,0.30499,0.30499,0.31476,0.27468,0.19501,0.24487,0.50489,1.0704,1.3358,1.0005,0.66031,0.50978,0.41984,0.3348,0.26979,0.26002,0.26002,0.26491,0.26979,0.28495,0.3001,0.30499,0.32502,0.32991,0.33969,0.36999,0.38514,0.3998,0.41496,0.45015,0.48485,0.52493,0.56989,0.62023,0.6652,0.68524,0.70528,0.69501,0.67009,0.63001,0.59531,0.53519,0.49022,0.45992,0.41984,0.37977,0.35973,0.3348,0.32991,0.30987,0.30499,0.30499,0.30499,0.30499,0.3001,0.30499,0.30499,0.30987,0.32502,0.3348,0.34506,0.35484,0.39003,0.42473,0.42473,0.41984,0.47996,0.49511,0.47507,0.45015,0.41984,0.38514,0.35973,0.32502,0.3001,0.29472,0.28983,0.28006,0.28495,0.27468,0.21994,0.15494,0.24976,0.6349,1.1955,1.3304,0.90029,0.59531,0.45992,0.35973,0.27468,0.21994,0.21457,0.21457,0.22483,0.2346,0.23998,0.24487,0.26002,0.26979,0.28495,0.3001,0.31476,0.32991,0.35484,0.37977,0.41007,0.44477,0.47996,0.52981,0.58016,0.62023,0.64027,0.65005,0.6349,0.60997,0.56989,0.52493,0.47507,0.43011,0.38514,0.34506,0.30987,0.28983,0.26979,0.26002,0.25464,0.25464,0.24976,0.24487,0.24976,0.24487,0.24976,0.24487,0.26002,0.26002,0.28006,0.29472,0.32991,0.36999,0.38514,0.37488,0.42473,0.44477,0.43988,0.41984,0.38514,0.34506,0.31476,0.29472,0.26002,0.24487,0.24487,0.23998,0.2346,0.2346,0.19501,0.11486,0.17498,0.49511,1.0655,1.3006,0.97019,0.6002,0.41496,0.31965,0.25464,0.19501,0.18475,0.18475,0.18964,0.19501,0.20968,0.21994,0.2346,0.24487,0.26002,0.28006,0.29472,0.30987,0.32991,0.35484,0.37977,0.41984,0.45503,0.50489,0.56012,0.6002,0.63001,0.6349,0.63001,0.6002,0.565,0.52004,0.47019,0.41984,0.37488,0.3348,0.30499,0.28495,0.26979,0.26002,0.25464,0.25464,0.24976,0.24976,0.24487,0.24487,0.24976,0.24487,0.24976,0.25464,0.26002,0.26979,0.29472,0.3348,0.37488,0.37977,0.39003,0.44477,0.45503,0.44477,0.41984,0.38514,0.34995,0.32502,0.3001,0.26979,0.26002,0.26002,0.25464,0.26002,0.24976,0.1999,0.13978,0.23998,0.62512,1.1906,1.3006,0.88025,0.56012,0.42473,0.33969,0.25464,0.20479,0.20479,0.20479,0.20968,0.21994,0.2346,0.23998,0.25464,0.26491,0.28006,0.29472,0.30987,0.32991,0.35484,0.37488,0.40469,0.43988,0.47507,0.52004,0.56989,0.60508,0.63001,0.63001,0.61486,0.58993,0.56012,0.50978,0.46481,0.42473,0.38514,0.34995,0.32502,0.30499,0.28983,0.28006,0.28006,0.27468,0.27468,0.26491,0.26979,0.26491,0.26491,0.26491,0.26979,0.28006,0.28495,0.3001,0.30499,0.32502,0.3651,0.40469,0.41007,0.41496,0.47019,0.47507,0.45992,0.43011,0.39492,0.3651,0.33969,0.30987,0.28495,0.28006,0.28006,0.27468,0.26979,0.26491,0.20968,0.15494,0.26491,0.65494,1.1755,1.2708,0.84506,0.565,0.45015,0.3651,0.27468,0.22972,0.22483,0.2346,0.23998,0.24487,0.26002,0.26491,0.27468,0.28983,0.30499,0.32502,0.3348,0.34995,0.37488,0.3998,0.42473,0.45503,0.49511,0.54008,0.58504,0.62023,0.64516,0.65005,0.6349,0.61486,0.57527,0.52981,0.47996,0.435,0.39492,0.3651,0.34506,0.32991,0.30987,0.30987,0.30499,0.3001,0.29472,0.28495,0.28983,0.28495,0.29472,0.3001,0.30499,0.30987,0.32502,0.32991,0.33969,0.3651,0.39492,0.42473,0.44477,0.43988,0.47996,0.5,0.49022,0.46481,0.42473,0.37977,0.36999,0.3348,0.30499,0.29472,0.29472,0.28983,0.29472,0.28006,0.24976,0.17986,0.21457,0.47996,1.0152,1.2556,0.96041,0.66031,0.52004,0.43011,0.3348,0.26491,0.24976,0.24487,0.25464,0.26491,0.28006,0.28495,0.29472,0.30987,0.31476,0.32991,0.34995,0.36999,0.38514,0.41007,0.43988,0.45992,0.49511,0.54497,0.58504,0.61486,0.64516,0.65494,0.6349,0.61486,0.59531,0.56012,0.50489,0.46481,0.435,0.39492,0.3651,0.34506,0.32991,0.31965,0.30987,0.30499,0.3001,0.3001,0.30499,0.30499,0.30499,0.31965,0.3348,0.33969,0.33969,0.34995,0.35484,0.3651,0.39003,0.41984,0.435,0.43988,0.46481,0.50489,0.49511,0.47996,0.43988,0.3998,0.36999,0.34995,0.32991,0.30499,0.30499,0.30499,0.30499,0.3001,0.29472,0.21457,0.18964,0.3651,0.84018,1.2757,1.1056,0.75024,0.52981,0.44477,0.3651,0.28983,0.26002,0.26002,0.26491,0.26979,0.28495,0.29472,0.30499,0.32502,0.32991,0.34995,0.35973,0.37977,0.3998,0.41984,0.44477,0.47019,0.51515,0.56012,0.59531,0.64027,0.67498,0.68524,0.68524,0.67498,0.64516,0.60508,0.565,0.51515,0.47507,0.43988,0.41007,0.38514,0.3651,0.34995,0.3348,0.32991,0.32502,0.31965,0.32502,0.32502,0.32991,0.32991,0.34506,0.34995,0.35973,0.3651,0.37488,0.37977,0.40469,0.43988,0.45503,0.44477,0.47507,0.50489,0.49511,0.47507,0.43988,0.3998,0.37488,0.34995,0.31965,0.30499,0.3001,0.3001,0.29472,0.29472,0.26491,0.17986,0.1696,0.43988,0.98534,1.3304,1.0552,0.69013,0.5,0.39003,0.31476,0.24487,0.21994,0.21994,0.22972,0.23998,0.24487,0.26002,0.26491,0.28006,0.29472,0.30499,0.32502,0.33969,0.35484,0.37977,0.41007,0.43988,0.47507,0.52004,0.56989,0.60997,0.6349,0.65005,0.64516,0.63001,0.59531,0.55523,0.5,0.45015,0.41007,0.37488,0.33969,0.31476,0.28983,0.28006,0.27468,0.27468,0.26979,0.26979,0.26491,0.26002,0.26002,0.26491,0.26979,0.28006,0.28495,0.29472,0.30499,0.3348,0.36999,0.3998,0.3998,0.41984,0.46481,0.45503,0.44477,0.41496,0.37488,0.33969,0.32502,0.28495,0.26979,0.26491,0.26002,0.26002,0.25464,0.23998,0.1696,0.1349,0.30987,0.80499,1.2908,1.1505,0.75513,0.50489,0.39492,0.31476,0.2346,0.20479,0.20479,0.20968,0.22483,0.2346,0.23998,0.24976,0.26002,0.27468,0.28983,0.30499,0.31965,0.34506,0.3651,0.39492,0.41984,0.45503,0.5,0.54985,0.59531,0.63001,0.64516,0.64027,0.63001,0.59531,0.55523,0.50978,0.45503,0.41007,0.37488,0.33969,0.31965,0.3001,0.28983,0.28006,0.27468,0.27468,0.27468,0.26979,0.26491,0.26979,0.26979,0.27468,0.28006,0.28006,0.28983,0.30499,0.32502,0.35973,0.3998,0.41007,0.40469,0.45992,0.47019,0.45503,0.435,0.3998,0.35973,0.3348,0.30987,0.28006,0.26979,0.26491,0.26491,0.26979,0.26002,0.21994,0.15494,0.2346,0.58016,1.1354,1.2654,0.89052,0.58016,0.45503,0.36999,0.28495,0.22972,0.21994,0.22483,0.2346,0.23998,0.25464,0.26002,0.27468,0.28495,0.30499,0.31965,0.32991,0.34995,0.37488,0.39492,0.42473,0.45992,0.49511,0.54497,0.58504,0.62512,0.65005,0.65494,0.64027,0.60997,0.57527,0.52981,0.47996,0.43988,0.3998,0.3651,0.3348,0.31476,0.30499,0.28495,0.28006,0.28495,0.28495,0.28006,0.28006,0.27468,0.28006,0.28006,0.28006,0.28983,0.3001,0.31965,0.32991,0.35973,0.3998,0.42473,0.43011,0.45992,0.49511,0.48485,0.46481,0.42473,0.38514,0.3651,0.33969,0.30499,0.28983,0.28495,0.28983,0.28495,0.28495,0.26491,0.17986,0.1696,0.41984,0.95552,1.2854,1.0303,0.69501,0.52004,0.42473,0.32991,0.25464,0.2346,0.2346,0.23998,0.25464,0.26491,0.28006,0.28983,0.3001,0.30987,0.32991,0.34995,0.36999,0.39003,0.41984,0.43988,0.46481,0.5,0.54497,0.58993,0.63001,0.65494,0.67498,0.67009,0.65005,0.60997,0.56989,0.52981,0.47996,0.43988,0.40469,0.37488,0.34995,0.32991,0.31965,0.31476,0.30499,0.30499,0.30499,0.30499,0.30499,0.30499,0.30987,0.31965,0.32991,0.3348,0.33969,0.34995,0.37977,0.41984,0.43988,0.435,0.47507,0.50978,0.5,0.47996,0.435,0.39492,0.3651,0.34995,0.31965,0.30499,0.29472,0.29472,0.3001,0.29472,0.26979,0.19501,0.17986,0.42473,0.93011,1.2908,1.0303,0.70039,0.50489,0.41007,0.3348,0.26002,0.23998,0.23998,0.24976,0.26002,0.26979,0.28006,0.28983,0.30499,0.31476,0.32991,0.34995,0.36999,0.38514,0.40469,0.43011,0.45992,0.49511,0.53519,0.58504,0.63001,0.65494,0.6652,0.65494,0.6349,0.60508,0.565,0.52004,0.47507,0.435,0.39492,0.3651,0.3348,0.31965,0.30499,0.30499,0.29472,0.3001,0.28983,0.28983,0.28983,0.3001,0.3001,0.30499,0.30987,0.31965,0.32991,0.33969,0.36999,0.41007,0.41984,0.41984,0.45992,0.49022,0.47019,0.45015,0.41496,0.37488,0.34995,0.31965,0.28983,0.28006,0.27468,0.27468,0.27468,0.26979,0.2346,0.15494,0.1999,0.48485,1.0503,1.2757,0.98045,0.62023,0.45992,0.37488,0.28983,0.2346,0.22972,0.22972,0.2346,0.24487,0.25464,0.26002,0.26979,0.28006,0.3001,0.31965,0.32991,0.34995,0.36999,0.39492,0.41984,0.45503,0.49022,0.53519,0.58993,0.62512,0.65005,0.65494,0.65494,0.63001,0.59531,0.54497,0.5,0.45015,0.40469,0.36999,0.33969,0.31965,0.30499,0.3001,0.28983,0.28983,0.28495,0.28006,0.28006,0.28006,0.28006,0.28006,0.28006,0.28983,0.3001,0.30987,0.3348,0.37977,0.41007,0.41496,0.435,0.47996,0.47507,0.45992,0.42473,0.39003,0.35484,0.3348,0.3001,0.28495,0.28006,0.28006,0.27468,0.26979,0.25464,0.17986,0.15494,0.3348,0.8304,1.2805,1.1202,0.73021,0.5,0.39492,0.32502,0.24487,0.21994,0.21994,0.22972,0.2346,0.24487,0.24976,0.26002,0.27468,0.28495,0.30499,0.31965,0.33969,0.35973,0.37977,0.40469,0.43011,0.46481,0.51515,0.56012,0.60508,0.63001,0.64516,0.64027,0.62512,0.58993,0.54985,0.5,0.45503,0.41496,0.37488,0.34506,0.32502,0.30499,0.3001,0.29472,0.29472,0.28495,0.28495,0.28006,0.28006,0.28006,0.27468,0.28006,0.28006,0.29472,0.30499,0.33969,0.37977,0.41007,0.41007,0.44477,0.48485,0.47019,0.45992,0.42473,0.39003,0.35973,0.32991,0.3001,0.28495,0.28006,0.28006,0.28006,0.28006,0.25464,0.17498,0.15494,0.37977,0.89052,1.2708,1.0753,0.70528,0.50489,0.41007,0.32991,0.24976,0.2346,0.22972,0.2346,0.23998,0.24976,0.26002,0.26979,0.28006,0.29472,0.31476,0.32502,0.34995,0.3651,0.38514,0.41007,0.43988,0.47507,0.51515,0.56012,0.60508,0.63001,0.6349,0.6349,0.60997,0.58016,0.54497,0.5,0.45503,0.41984,0.37977,0.34995,0.32991,0.32502,0.30987,0.30499,0.30499,0.30499,0.29472,0.28983,0.29472,0.29472,0.3001,0.30499,0.31476,0.31965,0.33969,0.37488,0.41496,0.42473,0.42473,0.47019,0.49511,0.48485,0.45503,0.41984,0.39003,0.35484,0.32991,0.30499,0.3001,0.29472,0.28983,0.28983,0.28495,0.25464,0.18475,0.17498,0.47996,1.0205,1.2605,0.97556,0.65494,0.51515,0.41984,0.3348,0.26491,0.24487,0.24487,0.25464,0.26491,0.27468,0.28495,0.3001,0.30499,0.31965,0.33969,0.35484,0.36999,0.39492,0.41496,0.43988,0.46481,0.5,0.54497,0.59531,0.63001,0.65005,0.65494,0.64516,0.63001,0.59531,0.56012,0.50978,0.47507,0.43011,0.39492,0.37488,0.35484,0.33969,0.32991,0.32991,0.31476,0.30499,0.30499,0.31476,0.31476,0.31965,0.32991,0.3348,0.33969,0.34995,0.37977,0.42473,0.44477,0.43988,0.46481,0.51515,0.5,0.50489,0.45015,0.41496,0.38514,0.36999,0.32991,0.30987,0.30499,0.30987,0.30499,0.30499,0.28983,0.21994,0.18475,0.33969,0.81525,1.2854,1.2908,0.77517,0.54497,0.45503,0.37488,0.29472,0.26002,0.25464,0.26491,0.26979,0.28006,0.29472,0.30499,0.30987,0.32502,0.3348,0.35973,0.37488,0.39492,0.41007,0.435,0.47019,0.5,0.54497,0.59531,0.64027,0.6652,0.68035,0.68035,0.67009,0.63001,0.58993,0.54497,0.5,0.45503,0.41984,0.38514,0.35973,0.33969,0.32991,0.31965,0.30987,0.30499,0.29472,0.30499,0.3001,0.30987,0.31965,0.32502,0.32991,0.33969,0.35484,0.39003,0.41984,0.42473,0.43011,0.47507,0.49022,0.47019,0.43988,0.40469,0.3651,0.33969,0.30987,0.28006,0.28006,0.27468,0.27468,0.26979,0.26002,0.21457,0.13978,0.20968,0.56989,1.1554,1.3006,0.88514,0.565,0.43011,0.33969,0.26491,0.20968,0.1999,0.20479,0.21457,0.22483,0.2346,0.24487,0.25464,0.26491,0.28006,0.29472,0.31476,0.32991,0.35973,0.38514,0.41007,0.43988,0.47507,0.52493,0.57527,0.60997,0.63001,0.6349,0.62023,0.58993,0.55523,0.50978,0.46481,0.41984,0.38514,0.34506,0.32502,0.3001,0.28495,0.28006,0.28006,0.27468,0.26979,0.26491,0.26002,0.26491,0.26002,0.26491,0.27468,0.28495,0.3001,0.31476,0.35484,0.39003,0.3998,0.39492,0.45992,0.46481,0.44477,0.41984,0.37977,0.34995,0.32502,0.3001,0.27468,0.26491,0.26002,0.26002,0.26002,0.25464,0.1999,0.13978,0.22972,0.61486,1.1906,1.3006,0.86022,0.54497,0.41984,0.3348,0.26002,0.20968,0.20479,0.20968,0.21994,0.22972,0.2346,0.24487,0.26002,0.26979,0.28006,0.3001,0.31965,0.33969,0.35973,0.38514,0.41007,0.45015,0.49022,0.52981,0.57527,0.61486,0.6349,0.64027,0.62512,0.6002,0.56012,0.50978,0.47019,0.42473,0.37977,0.34995,0.32502,0.30499,0.28983,0.28495,0.28006,0.28006,0.28006,0.27468,0.27468,0.27468,0.28006,0.28006,0.28006,0.28495,0.3001,0.31476,0.35484,0.39492,0.40469,0.3998,0.45503,0.47019,0.47019,0.435,0.3998,0.3651,0.33969,0.30987,0.28006,0.27468,0.26979,0.26979,0.26491,0.26002,0.21994,0.14467,0.20968,0.55523,1.1153,1.2654,0.89541,0.58016,0.45015,0.3651,0.28006,0.21994,0.20968,0.21457,0.21994,0.2346,0.24487,0.25464,0.26491,0.28006,0.28983,0.30499,0.32502,0.34506,0.3651,0.38514,0.41984,0.45015,0.49022,0.52981,0.57527,0.60997,0.6349,0.64027,0.62512,0.59531,0.56012,0.52004,0.47507,0.42473,0.39003,0.35484,0.32991,0.30499,0.3001,0.29472,0.28495,0.28006,0.28006,0.28006,0.28006,0.28006,0.28006,0.28495,0.29472,0.3001,0.29472,0.32991,0.35973,0.41007,0.41984,0.41984,0.46481,0.49511,0.47996,0.45992,0.42473,0.38514,0.35973,0.32991,0.30499,0.29472,0.28495,0.28006,0.29472,0.28983,0.26002,0.17986,0.1696,0.44477,1.0005,1.2805,1.0005,0.67009,0.52493,0.41984,0.3348,0.25464,0.24487,0.24487,0.25464,0.26002,0.27468,0.28006,0.3001,0.30499,0.31965,0.3348,0.35973,0.37488,0.39003,0.41007,0.43011,0.45992,0.50489,0.55523,0.6002,0.6349,0.65494,0.67009,0.66031,0.65005,0.60997,0.56989,0.52004,0.47996,0.43988,0.40469,0.36999,0.34995,0.34506,0.32991,0.31965,0.31965,0.31965,0.31476,0.30987,0.30499,0.31476,0.31965,0.32991,0.33969,0.33969,0.34995,0.37488,0.39492,0.44477,0.45992,0.45992,0.49511,0.52004,0.50978,0.49022,0.45015,0.41007,0.37977,0.35973,0.32991,0.32502,0.32502,0.30987,0.30499,0.30499,0.28983,0.20968,0.19501,0.45992,0.97556,1.3104,1.0455,0.71017,0.52981,0.43988,0.34995,0.28495,0.26979,0.26979,0.26491,0.28006,0.29472,0.30499,0.31476,0.32502,0.32991,0.35484,0.37488,0.39492,0.40469,0.43011,0.45503,0.48485,0.52004,0.565,0.60997,0.65005,0.68035,0.68524,0.68035,0.66031,0.63001,0.58993,0.54008,0.49511,0.45015,0.41984,0.38514,0.35973,0.34506,0.32991,0.32502,0.32991,0.30987,0.30987,0.30499,0.30499,0.30987,0.31476,0.32991,0.32991,0.33969,0.34995,0.35484,0.37488,0.41007,0.435,0.43011,0.44477,0.49511,0.47996,0.46481,0.43011,0.39003,0.35973,0.33969,0.30499,0.28006,0.28006,0.27468,0.28006,0.27468,0.26491,0.18964,0.15494,0.3001,0.77517,1.2854,1.2908,0.7654,0.50978,0.39492,0.31965,0.24976,0.21457,0.21457,0.21994,0.22972,0.2346,0.24487,0.26002,0.26491,0.28006,0.29472,0.30987,0.32502,0.34995,0.36999,0.39492,0.42473,0.45992,0.5,0.54985,0.58993,0.62023,0.64027,0.64516,0.63001,0.59531,0.55523,0.50978,0.46481,0.41984,0.37977,0.34506,0.31476,0.29472,0.28983,0.28006,0.28006,0.27468,0.27468,0.26491,0.26491,0.26979,0.26491,0.27468,0.28006,0.28983,0.29472,0.30499,0.31965,0.34995,0.39492,0.41007,0.3998,0.435,0.45992,0.45015,0.43011,0.39003,0.34995,0.32991,0.30499,0.28006,0.26002,0.26002,0.25464,0.24976,0.25464,0.21994,0.14467,0.13978,0.47996,1.0303,1.2757,0.97556,0.60997,0.43988,0.34995,0.28006,0.21457,0.20479,0.1999,0.20968,0.21994,0.2346,0.23998,0.24976,0.26002,0.28006,0.28983,0.30987,0.32991,0.34995,0.36999,0.3998,0.43011,0.47019,0.50978,0.55523,0.59531,0.62512,0.6349,0.63001,0.60508,0.565,0.52004,0.47507,0.435,0.39003,0.34995,0.32502,0.30499,0.29472,0.28006,0.28006,0.27468,0.27468,0.27468,0.26979,0.27468,0.26979,0.26979,0.26491,0.26979,0.28006,0.29472,0.30499,0.31965,0.34506,0.38514,0.41496,0.41007,0.43011,0.47019,0.46481,0.45015,0.41984,0.37977,0.34995,0.32991,0.3001,0.28006,0.27468,0.26979,0.26979,0.26979,0.25464,0.17986,0.15494,0.34995,0.84506,1.2654,1.0953,0.73021,0.52004,0.41496,0.33969,0.24976,0.22483,0.22483,0.22972,0.23998,0.24487,0.26002,0.26491,0.28006,0.28983,0.30499,0.31965,0.33969,0.35484,0.37977,0.40469,0.43011,0.46481,0.50978,0.55523,0.6002,0.63001,0.64516,0.64027,0.63001,0.59531,0.55523,0.50489,0.45992,0.41984,0.37977,0.34995,0.32991,0.30987,0.30499,0.3001,0.29472,0.29472,0.29472,0.28983,0.28983,0.28983,0.29472,0.3001,0.30499,0.30499,0.31965,0.3348,0.34506,0.34995,0.37488,0.41496,0.43988,0.43011,0.45992,0.49511,0.48485,0.47019,0.43011,0.39003,0.35484,0.32991,0.30987,0.28983,0.28495,0.28006,0.28006,0.28006,0.26979,0.19501,0.17986,0.39003,0.88514,1.2757,1.0655,0.73509,0.54497,0.44477,0.35973,0.27468,0.25464,0.25464,0.26002,0.26979,0.28006,0.28495,0.29472,0.31476,0.31965,0.32991,0.34995,0.37488,0.3998,0.40469,0.43011,0.46481,0.5,0.54008,0.58504,0.63001,0.65494,0.67009,0.66031,0.65005,0.62023,0.58504,0.54008,0.49511,0.45503,0.41984,0.39003,0.3651,0.34506,0.32991,0.32991,0.31476,0.31476,0.31476,0.30499,0.30499,0.31476,0.31965,0.32991,0.32991,0.33969,0.35484,0.3651,0.36999,0.37488,0.37488,0.3998,0.435,0.44477,0.43988,0.47996,0.50978,0.5,0.47507,0.43988,0.3998,0.37488,0.35484,0.32991,0.31965,0.30499,0.30987,0.30499,0.30499,0.27468,0.1999,0.23998,0.49022,1.0303,1.3206,1.0303,0.68524,0.52004,0.43011,0.35484,0.28006,0.25464,0.26002,0.27468,0.28006,0.28495,0.3001,0.30499,0.31476,0.32991,0.34506,0.3651,0.37977,0.3998,0.41984,0.44477,0.47019,0.50978,0.55523,0.60508,0.64516,0.67498,0.69013,0.68035,0.6652,0.63001,0.58993,0.54497,0.5,0.45015,0.41496,0.37977,0.35484,0.3348,0.31965,0.30499,0.30499,0.3001,0.3001,0.3001,0.3001,0.30499,0.30499,0.30987,0.31476,0.32502,0.32991,0.34506,0.34995,0.35484,0.35973,0.37977,0.41496,0.42473,0.41496,0.45015,0.47507,0.47019,0.44477,0.41007,0.36999,0.34506,0.31965,0.3001,0.28006,0.28006,0.27468,0.27468,0.26979,0.22972,0.14956,0.20968,0.52493,1.1056,1.3006,0.95552,0.61486,0.45503,0.35973,0.28983,0.22972,0.21457,0.21994,0.22483,0.2346,0.23998,0.25464,0.26491,0.28006,0.28983,0.30987,0.32991,0.34506,0.3651,0.38514,0.41007,0.43988,0.47996,0.52493,0.57527,0.60997,0.64027,0.65494,0.64516,0.62512,0.58504,0.54497,0.5,0.45015,0.40469,0.3651,0.3348,0.30987,0.29472,0.28006,0.28006,0.28006,0.26979,0.26979,0.26491,0.26002,0.26002,0.26491,0.27468,0.28006,0.28495,0.29472,0.30499,0.30987,0.31965,0.34506,0.38514,0.41007,0.3998,0.42473,0.46481,0.45015,0.43988,0.40469,0.3651,0.32991,0.31476,0.28006,0.26491,0.26002,0.26002,0.25464,0.25464,0.2346,0.15494,0.14467,0.40469,0.94526,1.2957,1.0503,0.67498,0.48485,0.39003,0.31476,0.22972,0.20968,0.20968,0.21994,0.22972,0.2346,0.23998,0.24976,0.26002,0.28006,0.29472,0.31476,0.32991,0.34995,0.36999,0.39492,0.41984,0.45992,0.50489,0.55523,0.59531,0.62512,0.64516,0.64027,0.62512,0.58993,0.54497,0.5,0.45015,0.40469,0.3651,0.33969,0.31476,0.30499,0.28495,0.28495,0.28006,0.28006,0.28006,0.28006,0.27468,0.27468,0.28006,0.27468,0.28006,0.29472,0.30499,0.30987,0.31965,0.32502,0.32991,0.33969,0.37488,0.41496,0.42473,0.41496,0.45503,0.47507,0.45503,0.43011,0.39492,0.35973,0.3348,0.30987,0.28006,0.27468,0.27468,0.27468,0.27468,0.26491,0.21994,0.16471,0.23998,0.58016,1.1354,1.2708,0.89052,0.58504,0.45503,0.37488,0.28983,0.2346,0.22972,0.2346,0.24487,0.24976,0.26002,0.26979,0.28006,0.28983,0.30499,0.31476,0.3348,0.34995,0.36999,0.39003,0.41496,0.44477,0.49022,0.52981,0.57527,0.60997,0.6349,0.64516,0.6349,0.61486,0.58016,0.53519,0.49511,0.45015,0.40469,0.37488,0.34506,0.32502,0.30499,0.30499,0.30499,0.3001,0.3001,0.29472,0.28983,0.28983,0.28983,0.28495,0.29472,0.30987,0.31965,0.32502,0.32991,0.3348,0.33969,0.34995,0.35973,0.37488,0.41496,0.43988,0.43011,0.45015,0.49022,0.49022,0.46481,0.42473,0.37977,0.34995,0.32991,0.30499,0.3001,0.28983,0.29472,0.28983,0.28983,0.26491,0.19501,0.18964,0.45503,0.98045,1.3006,1.0303,0.69013,0.52493,0.435,0.33969,0.27468,0.25464,0.25464,0.26491,0.26491,0.27468,0.28495,0.3001,0.30499,0.31476,0.32991,0.34995,0.37488,0.39003,0.40469,0.43988,0.45503,0.5,0.54008,0.58504,0.63001,0.66031,0.67498,0.68035,0.66031,0.6349,0.58993,0.54497,0.5,0.45992,0.42473,0.39492,0.36999,0.3348,0.32991,0.32991,0.32502,0.31965,0.31476,0.30987,0.30987,0.31965,0.32502,0.32991,0.3348,0.34506,0.35973,0.35484,0.3651,0.37488,0.37977,0.38514,0.3998,0.41984,0.44477,0.435,0.43011,0.49022,0.49511,0.47996,0.44477,0.40469,0.37488,0.35973,0.32991,0.30987,0.30499,0.30499,0.30499,0.30499,0.28983,0.22483,0.20479,0.39492,0.86022,1.3157,1.1256,0.7654,0.52981,0.435,0.35973,0.28495,0.26002,0.26002,0.26002,0.26979,0.28006,0.28495,0.3001,0.31476,0.32502,0.32991,0.35484,0.36999,0.39003,0.40469,0.43011,0.45992,0.5,0.54008,0.58993,0.63001,0.67009,0.69013,0.69501,0.68035,0.65005,0.61486,0.565,0.52004,0.47507,0.435,0.39492,0.3651,0.33969,0.32991,0.30987,0.30499,0.30499,0.29472,0.3001,0.29472,0.3001,0.3001,0.30499,0.30499,0.31965,0.32991,0.32991,0.33969,0.33969,0.34506,0.34995,0.34995,0.38514,0.40469,0.3998,0.41007,0.46481,0.45503,0.44477,0.41984,0.37488,0.34506,0.32991,0.28983,0.27468,0.26491,0.26979,0.26491,0.26491,0.25464,0.17986,0.15494,0.34506,0.82014,1.2957,1.1354,0.75513,0.50978,0.39492,0.31965,0.24976,0.21457,0.21457,0.21994,0.22972,0.2346,0.23998,0.25464,0.26491,0.28006,0.29472,0.31476,0.32991,0.34506,0.3651,0.39492,0.41984,0.45503,0.5,0.54985,0.6002,0.6349,0.66031,0.67009,0.65494,0.62512,0.58504,0.53519,0.49022,0.43988,0.3998,0.3651,0.3348,0.30987,0.29472,0.28006,0.28006,0.28006,0.27468,0.27468,0.26491,0.26491,0.26002,0.26491,0.27468,0.28006,0.28495,0.29472,0.30499,0.30987,0.32502,0.34506,0.37977,0.40469,0.3998,0.42473,0.46481,0.45503,0.43988,0.40469,0.3651,0.3348,0.31476,0.28006,0.26491,0.26002,0.26002,0.26002,0.26002,0.23998,0.15494,0.14467,0.40469,0.94037,1.3055,1.0655,0.68035,0.47996,0.37977,0.3001,0.22972,0.20968,0.20968,0.21457,0.21994,0.2346,0.23998,0.24976,0.26002,0.28006,0.29472,0.30499,0.32991,0.34995,0.3651,0.39492,0.42473,0.45503,0.50489,0.56012,0.6002,0.64027,0.65494,0.65005,0.63001,0.6002,0.55523,0.50978,0.45992,0.41007,0.36999,0.3348,0.30987,0.29472,0.28495,0.28006,0.28006,0.27468,0.26979,0.26491,0.26491,0.26002,0.26491,0.26491,0.26979,0.28006,0.28983,0.29472,0.30499,0.31476,0.32991,0.35484,0.3998,0.42473,0.41496,0.45015,0.47507,0.46481,0.43988,0.40469,0.37488,0.34995,0.32502,0.28983,0.27468,0.26979,0.26979,0.26979,0.26491,0.23998,0.16471,0.15982,0.47507,1.0152,1.2708,0.98534,0.64027,0.47996,0.38514,0.30987,0.2346,0.21994,0.22972,0.2346,0.24487,0.23998,0.26002,0.26979,0.28006,0.29472,0.30987,0.32991,0.34506,0.35973,0.38514,0.41007,0.44477,0.47507,0.52004,0.56989,0.61486,0.64516,0.66031,0.65494,0.6349,0.6002,0.56012,0.51515,0.46481,0.42473,0.38514,0.34995,0.32991,0.31476,0.30499,0.3001,0.28983,0.28983,0.28983,0.28495,0.28006,0.28006,0.28006,0.28983,0.29472,0.3001,0.30987,0.31476,0.31965,0.3348,0.34995,0.3651,0.3998,0.435,0.43988,0.42473,0.49022,0.49511,0.47507,0.44477,0.40469,0.36999,0.34995,0.32502,0.30499,0.29472,0.29472,0.28983,0.29472,0.28983,0.22483,0.18475,0.31476,0.73998,1.2356,1.2757,0.81036,0.565,0.47019,0.37488,0.28495,0.24487,0.23998,0.25464,0.25464,0.26002,0.26979,0.28495,0.29472,0.30499,0.31965,0.34506,0.3651,0.37488,0.39492,0.43011,0.45503,0.49022,0.52981,0.57527,0.62023,0.65494,0.67498,0.68035,0.6652,0.64516,0.60508,0.56012,0.51515,0.46481,0.42473,0.39003,0.35484,0.3348,0.32991,0.30987,0.30499,0.29472,0.3001,0.29472,0.28983,0.28983,0.29472,0.3001,0.30499,0.31965,0.32991,0.34506,0.33969,0.34995,0.36999,0.39003,0.41984,0.44477,0.43011,0.45992,0.50489,0.49022,0.47507,0.45015,0.3998,0.37488,0.34995,0.31476,0.3001,0.3001,0.30499,0.29472,0.28983,0.27468,0.1999,0.18964,0.43011,0.94037,1.3006,1.0552,0.70039,0.52004,0.43011,0.34995,0.26979,0.25464,0.26002,0.26002,0.26491,0.27468,0.28983,0.29472,0.30987,0.32502,0.33969,0.35484,0.37488,0.3998,0.41007,0.43988,0.47019,0.50489,0.54497,0.58993,0.64027,0.67498,0.68035,0.68035,0.67009,0.6349,0.58993,0.54985,0.50489,0.46481,0.42473,0.39003,0.35973,0.33969,0.32991,0.32502,0.30987,0.30499,0.30499,0.30987,0.30499,0.30987,0.31476,0.32502,0.32991,0.33969,0.34506,0.34995,0.35973,0.36999,0.3998,0.435,0.43988,0.43011,0.47996,0.49511,0.47507,0.44477,0.40469,0.36999,0.34995,0.31965,0.29472,0.28006,0.28006,0.28006,0.27468,0.26979,0.21457,0.15982,0.24487,0.6349,1.1906,1.3104,0.85533,0.565,0.435,0.34506,0.26979,0.21994,0.21457,0.21994,0.22483,0.2346,0.24487,0.26002,0.26979,0.28006,0.29472,0.30987,0.32991,0.34995,0.3651,0.39492,0.41984,0.45015,0.49511,0.54497,0.58993,0.63001,0.65494,0.66031,0.65005,0.62512,0.58504,0.54497,0.49022,0.43988,0.39492,0.35484,0.32991,0.30499,0.28983,0.28006,0.28006,0.26979,0.26979,0.26491,0.26491,0.26002,0.26002,0.26491,0.27468,0.28006,0.28495,0.3001,0.30499,0.32502,0.35973,0.3998,0.3998,0.41007,0.45503,0.45992,0.44477,0.41984,0.37977,0.34506,0.32502,0.3001,0.27468,0.26491,0.26491,0.26002,0.26002,0.24976,0.17986,0.14956,0.3001,0.74536,1.2708,1.2908,0.78543,0.51515,0.3998,0.31965,0.24487,0.20479,0.20968,0.20968,0.21457,0.22972,0.23998,0.24976,0.26002,0.26979,0.28495,0.30499,0.32502,0.34506,0.3651,0.39003,0.41496,0.45015,0.49511,0.54497,0.58993,0.62512,0.65005,0.65494,0.6349,0.60508,0.565,0.52004,0.47019,0.42473,0.38514,0.34506,0.31965,0.3001,0.28495,0.28006,0.28006,0.28006,0.27468,0.27468,0.27468,0.26979,0.26979,0.26979,0.27468,0.28006,0.28983,0.3001,0.31476,0.34506,0.38514,0.41007,0.40469,0.43988,0.47996,0.47019,0.45503,0.41984,0.37977,0.34995,0.32991,0.3001,0.28006,0.28006,0.27468,0.26979,0.26491,0.24487,0.16471,0.14956,0.41496,0.94037,1.2854,1.0455,0.68524,0.5,0.3998,0.31965,0.23998,0.22483,0.21994,0.22972,0.23998,0.25464,0.26002,0.27468,0.28495,0.29472,0.30987,0.32502,0.34506,0.3651,0.39003,0.41007,0.43988,0.47507,0.52004,0.565,0.60508,0.6349,0.65494,0.65005,0.63001,0.58993,0.55523,0.5,0.45992,0.41984,0.37977,0.34506,0.31965,0.30499,0.29472,0.29472,0.28495,0.28006,0.28006,0.27468,0.26979,0.27468,0.27468,0.28006,0.28495,0.3001,0.30499,0.31965,0.33969,0.37977,0.41984,0.42473,0.43988,0.48485,0.47019,0.45992,0.435,0.39492,0.36999,0.34506,0.31476,0.29472,0.28983,0.29472,0.28983,0.28983,0.27468,0.20968,0.17986,0.32502,0.79032,1.2654,1.1505,0.8001,0.57527,0.47019,0.36999,0.28006,0.23998,0.22972,0.22483,0.2346,0.24976,0.26491,0.26491,0.28006,0.29472,0.30499,0.31965,0.34506,0.36999,0.3998,0.40469,0.435,0.47507,0.52004,0.56012,0.6002,0.6349,0.65494,0.65494,0.64027,0.61486,0.57527,0.52981,0.49022,0.45503,0.41007,0.37488,0.35484,0.32991,0.31965,0.30987,0.30987,0.30987,0.30499,0.3001,0.28983,0.29472,0.3001,0.30987,0.31476,0.32991,0.33969,0.35973,0.40469,0.43988,0.44477,0.43988,0.50489,0.50489,0.49022,0.45992,0.41496,0.37977,0.3651,0.32991,0.30987,0.30499,0.3001,0.29472,0.30499,0.3001,0.23998,0.18964,0.30499,0.71505,1.2253,1.2654,0.79521,0.54497,0.45503,0.37977,0.29472,0.26002,0.25464,0.26002,0.26491,0.26979,0.28006,0.28983,0.30499,0.31965,0.3348,0.34995,0.36999,0.3998,0.41496,0.43011,0.46481,0.5,0.54008,0.58504,0.63001,0.66031,0.67498,0.69013,0.67498,0.64027,0.6002,0.54008,0.49511,0.46481,0.41984,0.3998,0.36999,0.34506,0.32502,0.31965,0.31476,0.30987,0.30499,0.30499,0.30987,0.30987,0.31476,0.32502,0.32991,0.3348,0.35973,0.38514,0.42473,0.43011,0.43988,0.49022,0.50489,0.49511,0.46481,0.435,0.3998,0.3651,0.33969,0.31965,0.30987,0.30499,0.30499,0.30499,0.30499,0.26002,0.18964,0.26002,0.59531,1.1354,1.3055,0.91544,0.60508,0.47996,0.39003,0.30987,0.25464,0.24976,0.25464,0.26491,0.26979,0.28006,0.28983,0.3001,0.30987,0.32502,0.33969,0.35484,0.37488,0.3998,0.42473,0.44477,0.47996,0.52493,0.57527,0.62512,0.66031,0.68035,0.69013,0.68035,0.66031,0.62512,0.56989,0.52004,0.47507,0.435,0.39492,0.36999,0.34995,0.32991,0.31476,0.30987,0.3001,0.29472,0.28983,0.28495,0.28495,0.28006,0.29472,0.30499,0.31476,0.32502,0.3651,0.3998,0.40469,0.42473,0.48485,0.47019,0.45992,0.43988,0.39492,0.3651,0.33969,0.3001,0.28006,0.28006,0.27468,0.28006,0.27468,0.26002,0.1999,0.13978,0.26002,0.69013,1.2507,1.3157,0.82014,0.54497,0.42473,0.32991,0.24976,0.20479,0.1999,0.20968,0.21457,0.22483,0.2346,0.2346,0.25464,0.26979,0.28006,0.3001,0.31476,0.3348,0.35973,0.38514,0.41496,0.45015,0.5,0.54497,0.58993,0.63001,0.65494,0.65005,0.6349,0.60508,0.565,0.50978,0.46481,0.41984,0.37977,0.34506,0.31476,0.29472,0.28495,0.27468,0.27468,0.26491,0.26491,0.26002,0.26002,0.26002,0.26002,0.26002,0.26491,0.28006,0.31476,0.35484,0.3651,0.36999,0.41984,0.43988,0.435,0.41984,0.37977,0.34506,0.31965,0.28983,0.26002,0.25464,0.24976,0.25464,0.24487,0.24976,0.20968,0.1349,0.18475,0.50489,1.0655,1.2805,0.94526,0.59531,0.43011,0.3348,0.26491,0.19501,0.18964,0.18964,0.1999,0.20968,0.21994,0.22972,0.2346,0.24976,0.26491,0.28006,0.29472,0.31476,0.3348,0.35484,0.37977,0.41496,0.45503,0.5,0.54985,0.58504,0.60997,0.61486,0.60997,0.58016,0.54985,0.5,0.45992,0.41007,0.36999,0.3348,0.30499,0.28983,0.27468,0.26979,0.26491,0.26491,0.26002,0.26002,0.26002,0.26002,0.26002,0.26002,0.26002,0.26979,0.29472,0.30499,0.28495,0.26979,0.31476,0.35484,0.34995,0.33969,0.32991,0.31965,0.31476,0.30987,0.30499,0.28495,0.1999,0.18475,0.47507,1.0103,1.2405,0.9653,0.60997,0.48485,0.41984,0.3348,0.24976,0.2346,0.22972,0.2346,0.23998,0.24976,0.26002,0.26979,0.28006,0.28983,0.30499,0.31965,0.33969,0.36999,0.38514,0.41984,0.45015,0.47996,0.52981,0.565,0.6002,0.61486,0.62023,0.6002,0.56989,0.53519,0.49022,0.43988,0.3998,0.3651,0.3348,0.31476,0.29472,0.28495,0.28006,0.27468,0.28006,0.26979,0.28006,0.27468,0.28006,0.27468,0.28006,0.28983,0.30499,0.30499,0.31476,0.32502,0.32991,0.32991,0.34995,0.39492,0.42473,0.43011,0.42473,0.47019,0.48485,0.49022,0.45503,0.41007,0.36999,0.35973,0.3348,0.31476,0.30499,0.3001,0.30499,0.30499,0.29472,0.25464,0.20479,0.28983,0.66031,1.2107,1.3358,0.90518,0.60997,0.5,0.40469,0.31476,0.26002,0.25464,0.26002,0.26002,0.26979,0.28006,0.29472,0.3001,0.31965,0.32991,0.34506,0.35973,0.37488,0.39492,0.42473,0.45015,0.47507,0.52004,0.565,0.61486,0.65005,0.67498,0.68524,0.68035,0.66031,0.63001,0.59531,0.54497,0.50978,0.46481,0.435,0.3998,0.36999,0.35484,0.34995,0.33969,0.32991,0.32502,0.31965,0.30987,0.31476,0.30987,0.30987,0.31965,0.32502,0.33969,0.37977,0.41984,0.435,0.43988,0.49022,0.50978,0.5,0.47507,0.435,0.39492,0.36999,0.34506,0.30987,0.3001,0.29472,0.28983,0.28495,0.28006,0.23998,0.15982,0.20479,0.5,1.0606,1.2454,0.92522,0.6002,0.46481,0.37977,0.3001,0.2346,0.22483,0.21994,0.22483,0.2346,0.24487,0.26002,0.26491,0.28006,0.28983,0.30499,0.32502,0.34506,0.35973,0.37977,0.41496,0.44477,0.49022,0.53519,0.57527,0.60997,0.63001,0.6349,0.60997,0.58504,0.54985,0.50489,0.45992,0.41984,0.37977,0.34506,0.31965,0.30499,0.29472,0.28495,0.28006,0.28006,0.28006,0.26979,0.26979,0.26491,0.27468,0.28006,0.28495,0.28983,0.30499,0.3348,0.37977,0.41007,0.40469,0.435,0.47507,0.46481,0.45015,0.41984,0.37977,0.34995,0.32991,0.30499,0.28495,0.28006,0.28006,0.28006,0.27468,0.25464,0.17986,0.15494,0.35484,0.84018,1.2708,1.0855,0.72532,0.52004,0.41496,0.33969,0.25464,0.22972,0.22483,0.22972,0.2346,0.24487,0.26002,0.26491,0.28006,0.29472,0.30499,0.32502,0.34506,0.35484,0.37977,0.3998,0.435,0.47019,0.51515,0.56012,0.60508,0.63001,0.64027,0.6349,0.62023,0.58993,0.55523,0.50978,0.46481,0.41984,0.39003,0.35484,0.32991,0.31476,0.30499,0.3001,0.29472,0.3001,0.29472,0.29472,0.28983,0.29472,0.28983,0.29472,0.3001,0.31476,0.33969,0.37977,0.41496,0.42473,0.43011,0.47996,0.49511,0.48485,0.45503,0.41496,0.37977,0.35973,0.3348,0.30499,0.29472,0.28983,0.28983,0.28495,0.28983,0.24976,0.1696,0.21457,0.53519,1.0904,1.2556,0.91007,0.60997,0.49022,0.39492,0.30499,0.24487,0.2346,0.2346,0.2346,0.25464,0.26002,0.27468,0.28983,0.30499,0.30987,0.32991,0.34995,0.36999,0.39003,0.41007,0.435,0.46481,0.50978,0.54985,0.58993,0.62512,0.64516,0.65494,0.64027,0.61486,0.58016,0.54497,0.5,0.45992,0.41984,0.37977,0.35973,0.34506,0.32991,0.31965,0.30987,0.30987,0.30499,0.3001,0.3001,0.30499,0.30499,0.31476,0.32502,0.3348,0.33969,0.35973,0.39003,0.42473,0.44477,0.44477,0.48485,0.51515,0.50978,0.48485,0.44477,0.40469,0.37488,0.35484,0.32502,0.30987,0.31476,0.30499,0.30499,0.3001,0.30499,0.20968,0.18964,0.40469,0.91544,1.3104,1.0704,0.71994,0.52493,0.435,0.35484,0.28495,0.26002,0.26002,0.26491,0.28006,0.28006,0.28983,0.30499,0.31965,0.32991,0.34506,0.35484,0.37977,0.3998,0.41984,0.43988,0.47019,0.50978,0.54985,0.59531,0.64027,0.67009,0.68035,0.68524,0.66031,0.63001,0.58993,0.54985,0.50978,0.45992,0.41984,0.39492,0.3651,0.34995,0.33969,0.3348,0.32991,0.32502,0.31476,0.31965,0.31476,0.31965,0.31476,0.32502,0.3348,0.34506,0.34995,0.3651,0.38514,0.42473,0.44477,0.43988,0.47019,0.50978,0.49511,0.47507,0.44477,0.39492,0.3651,0.34995,0.31965,0.30499,0.3001,0.28983,0.28983,0.28495,0.26979,0.18964,0.16471,0.39003,0.90518,1.3055,1.0753,0.71017,0.5,0.3998,0.31965,0.24976,0.22483,0.22972,0.2346,0.23998,0.24976,0.26002,0.26979,0.28006,0.29472,0.30987,0.31965,0.33969,0.35973,0.38514,0.41007,0.44477,0.47996,0.52004,0.56989,0.60997,0.6349,0.65494,0.65005,0.63001,0.58993,0.55523,0.50489,0.45503,0.41496,0.36999,0.34506,0.31476,0.3001,0.28495,0.28006,0.28006,0.27468,0.26979,0.26491,0.26491,0.26491,0.26491,0.26979,0.28006,0.28495,0.28983,0.30499,0.32991,0.37488,0.3998,0.39003,0.41496,0.45503,0.45015,0.43988,0.40469,0.3651,0.3348,0.30987,0.28495,0.26491,0.26002,0.26002,0.26002,0.25464,0.23998,0.15982,0.13978,0.35973,0.88025,1.3055,1.1007,0.70528,0.48485,0.38514,0.30499,0.22972,0.20968,0.20968,0.20968,0.21994,0.22972,0.23998,0.25464,0.26491,0.27468,0.28983,0.30499,0.32502,0.34506,0.3651,0.39003,0.41984,0.45503,0.50489,0.54497,0.58993,0.62512,0.64027,0.64516,0.62023,0.58504,0.54497,0.5,0.45015,0.41007,0.36999,0.33969,0.31476,0.3001,0.28495,0.28495,0.28006,0.28006,0.28006,0.27468,0.27468,0.27468,0.27468,0.27468,0.28006,0.28006,0.28983,0.30499,0.3348,0.37977,0.41007,0.41007,0.435,0.47996,0.46481,0.45015,0.41984,0.37977,0.34995,0.32991,0.3001,0.28006,0.27468,0.26979,0.26491,0.26491,0.25464,0.17986,0.14956,0.34506,0.82014,1.2605,1.0855,0.72532,0.50489,0.40469,0.32991,0.24487,0.21457,0.21457,0.22483,0.2346,0.23998,0.26002,0.26002,0.27468,0.28495,0.30499,0.32502,0.33969,0.35973,0.37977,0.3998,0.435,0.46481,0.50489,0.54985,0.6002,0.63001,0.64027,0.6349,0.62023,0.59531,0.55523,0.50489,0.45992,0.41496,0.37488,0.34506,0.32991,0.31476,0.30499,0.29472,0.29472,0.28983,0.28495,0.28006,0.28495,0.28495,0.28495,0.28495,0.28495,0.3001,0.30987,0.32502,0.33969,0.37977,0.41496,0.42473,0.43011,0.48485,0.49511,0.47019,0.44477,0.40469,0.37488,0.34995,0.31965,0.3001,0.29472,0.28495,0.28006,0.28495,0.28983,0.2346,0.17986,0.27468,0.65494,1.2004,1.3157,0.87537,0.59531,0.47996,0.39003,0.3001,0.25464,0.26002,0.25464,0.26002,0.27468,0.28006,0.28495,0.3001,0.31965,0.32991,0.33969,0.35973,0.39003,0.40469,0.41984,0.44477,0.48485,0.53519,0.58016,0.62023,0.65005,0.67009,0.68524,0.67009,0.65005,0.61486,0.56989,0.52493,0.49022,0.44477,0.40469,0.37977,0.35973,0.34506,0.32991,0.3348,0.31965,0.31965,0.32502,0.30987,0.30987,0.32502,0.32991,0.32991,0.34506,0.35484,0.3651,0.38514,0.41984,0.44477,0.45015,0.44477,0.50489,0.51515,0.50489,0.47996,0.435,0.3998,0.37488,0.34995,0.32502,0.31965,0.30499,0.30987,0.31476,0.30499,0.25464,0.1999,0.28495,0.65005,1.2053,1.3304,0.90029,0.60997,0.47996,0.39492,0.31965,0.26979,0.26002,0.26002,0.26002,0.27468,0.28495,0.3001,0.30499,0.31965,0.3348,0.34506,0.36999,0.38514,0.3998,0.41984,0.44477,0.48485,0.52493,0.56989,0.60997,0.64516,0.67009,0.67498,0.66031,0.64027,0.59531,0.54985,0.5,0.45503,0.41496,0.37977,0.34995,0.32991,0.30987,0.30499,0.29472,0.28983,0.28006,0.28006,0.28006,0.28006,0.28006,0.28006,0.28983,0.29472,0.30499,0.31476,0.32991,0.36999,0.40469,0.41496,0.40469,0.45992,0.47019,0.45015,0.43011,0.39003,0.35484,0.32502,0.3001,0.26979,0.26491,0.26002,0.26002,0.26002,0.24976,0.19501,0.13978,0.24976,0.65005,1.2107,1.3006,0.83529,0.54008,0.41496,0.32991,0.25464,0.20968,0.20479,0.20968,0.21994,0.22972,0.2346,0.24487,0.26002,0.26979,0.28495,0.3001,0.31965,0.33969,0.3651,0.38514,0.41007,0.43988,0.48485,0.54008,0.58504,0.61486,0.6349,0.65005,0.6349,0.60508,0.56989,0.52981,0.47507,0.435,0.39492,0.35973,0.32991,0.30499,0.29472,0.28983,0.28495,0.28006,0.28006,0.27468,0.27468,0.26979,0.26491,0.26979,0.27468,0.28495,0.28495,0.3001,0.31476,0.34995,0.39492,0.40469,0.41007,0.44477,0.47019,0.46481,0.44477,0.40469,0.36999,0.34506,0.31965,0.28495,0.28006,0.26979,0.27468,0.26979,0.26491,0.23998,0.15494,0.14956,0.43988,1.0054,1.3006,1.0103,0.64027,0.47019,0.37488,0.3001,0.22972,0.21994,0.21994,0.22972,0.2346,0.24487,0.25464,0.26002,0.26979,0.28983,0.30499,0.32502,0.34506,0.35973,0.38514,0.41007,0.43988,0.47507,0.52004,0.565,0.60508,0.6349,0.64516,0.6349,0.61486,0.58016,0.54008,0.49022,0.44477,0.3998,0.3651,0.32991,0.30987,0.29472,0.28983,0.28495,0.28006,0.28006,0.28006,0.28006,0.27468,0.26979,0.26979,0.27468,0.28006,0.28495,0.29472,0.30499,0.32991,0.36999,0.40469,0.41496,0.41007,0.47019,0.47996,0.47019,0.43988,0.40469,0.35973,0.3348,0.30499,0.28006,0.28006,0.27468,0.26979,0.26979,0.26002,0.21994,0.16471,0.24976,0.60508,1.1603,1.2957,0.89541,0.59531,0.47507,0.37977,0.28495,0.2346,0.22483,0.22972,0.2346,0.24976,0.26002,0.26491,0.27468,0.28495,0.3001,0.30987,0.3348,0.36999,0.38514,0.3998,0.43011,0.46481,0.49511,0.54497,0.59531,0.6349,0.65494,0.65494,0.64516,0.62023,0.58993,0.54497,0.5,0.45992,0.41984,0.37977,0.35973,0.33969,0.32991,0.31965,0.31476,0.30987,0.30499,0.3001,0.30499,0.3001,0.30499,0.3001,0.31476,0.32991,0.32991,0.33969,0.35484,0.37488,0.41496,0.45015,0.44477,0.45992,0.50978,0.5,0.49511,0.45992,0.41984,0.38514,0.3651,0.32991,0.30987,0.30499,0.30499,0.30499,0.30499,0.29472,0.21994,0.18964,0.35484,0.84018,1.2908,1.1153,0.75513,0.54497,0.45015,0.3651,0.29472,0.25464,0.24976,0.26002,0.26979,0.28006,0.28983,0.3001,0.31476,0.32502,0.33969,0.35484,0.37488,0.39492,0.41496,0.43988,0.46481,0.5,0.54497,0.58993,0.6349,0.67009,0.68524,0.68035,0.6652,0.6349,0.58993,0.54497,0.49511,0.45992,0.41984,0.37977,0.35484,0.33969,0.32991,0.31476,0.30499,0.30499,0.3001,0.3001,0.29472,0.29472,0.3001,0.30499,0.31476,0.32502,0.32991,0.33969,0.3651,0.39492,0.42473,0.41496,0.43011,0.48485,0.47507,0.46481,0.43011,0.39492,0.35484,0.3348,0.3001,0.28006,0.27468,0.27468,0.27468,0.26979,0.26002,0.19501,0.15494,0.29472,0.73998,1.2556,1.2757,0.79521,0.53519,0.42473,0.33969,0.26491,0.22483,0.21994,0.22483,0.2346,0.23998,0.25464,0.26002,0.27468,0.28495,0.3001,0.31476,0.3348,0.35484,0.37488,0.39492,0.42473,0.46481,0.50489,0.55523,0.59531,0.63001,0.64027,0.64516,0.63001,0.6002,0.56012,0.51515,0.46481,0.41984,0.37977,0.34506,0.31965,0.30499,0.28495,0.28006,0.28006,0.28006,0.28006,0.27468,0.28006,0.27468,0.28006,0.27468,0.28495,0.3001,0.30499,0.31476,0.3348,0.37488,0.40469,0.41496,0.40469,0.46481,0.47019,0.45503,0.42473,0.38514,0.34995,0.32991,0.3001,0.27468,0.26491,0.26002,0.26491,0.26002,0.25464,0.1999,0.13978,0.24487,0.65005,1.2004,1.2908,0.82502,0.53519,0.41984,0.33969,0.25464,0.21457,0.20968,0.21457,0.22483,0.2346,0.23998,0.25464,0.26979,0.28006,0.28983,0.30499,0.32502,0.34506,0.35973,0.38514,0.41496,0.45015,0.49022,0.53519,0.58016,0.61486,0.63001,0.6349,0.61486,0.58993,0.56012,0.50978,0.47019,0.41984,0.37977,0.34995,0.31965,0.30499,0.28495,0.28006,0.28006,0.28006,0.28006,0.27468,0.27468,0.27468,0.27468,0.28006,0.28006,0.28006,0.29472,0.30499,0.3348,0.37488,0.41007,0.41496,0.41007,0.47019,0.46481,0.45503,0.41984,0.38514,0.34995,0.32502,0.29472,0.28006,0.26979,0.26979,0.26491,0.26491,0.25464,0.18964,0.14956,0.28983,0.74536,1.2155,1.2356,0.7654,0.52493,0.41984,0.33969,0.25464,0.20968,0.20968,0.21994,0.2346,0.23998,0.25464,0.26002,0.26979,0.28983,0.30499,0.31965,0.33969,0.3651,0.37977,0.3998,0.43011,0.47019,0.50489,0.54497,0.59531,0.63001,0.64516,0.64027,0.62512,0.60508,0.565,0.51515,0.47019,0.43011,0.39492,0.35973,0.32991,0.31476,0.30499,0.3001,0.28983,0.28495,0.28495,0.28006,0.28983,0.28495,0.28983,0.29472,0.30499,0.31476,0.31965,0.32991,0.35973,0.40469,0.435,0.43011,0.45992,0.50489,0.49511,0.47996,0.43011,0.39492,0.36999,0.34995,0.31965,0.30499,0.30499,0.3001,0.29472,0.29472,0.27468,0.1999,0.18475,0.39492,0.88514,1.2757,1.0552,0.71505,0.52493,0.435,0.34995,0.26491,0.24487,0.24976,0.26002,0.26002,0.26491,0.28006,0.29472,0.30499,0.31965,0.32991,0.34506,0.37488,0.39492,0.41496,0.43011,0.45992,0.50489,0.54008,0.58993,0.6349,0.66031,0.67009,0.66031,0.64027,0.61486,0.58016,0.52981,0.49022,0.44477,0.40469,0.37488,0.34995,0.32991,0.31965,0.31965,0.30499,0.30499,0.30499,0.30499,0.30499,0.30987,0.31476,0.31965,0.32991,0.34506,0.34995,0.3651,0.37977,0.41984,0.43988,0.44477,0.43988,0.50489,0.49511,0.47996,0.43988,0.3998,0.36999,0.35973,0.32502,0.30499,0.3001,0.3001,0.30499,0.29472,0.28495,0.21457,0.18475,0.33969,0.81525,1.2908,1.1354,0.77028,0.54497,0.44477,0.35973,0.28006,0.24976,0.24487,0.25464,0.26002,0.26491,0.28006,0.28983,0.3001,0.31476,0.32991,0.33969,0.35973,0.37977,0.3998,0.42473,0.45503,0.49022,0.52981,0.58016,0.62023,0.64516,0.6652,0.67009,0.64516,0.60997,0.56989,0.52493,0.48485,0.435,0.39492,0.3651,0.3348,0.31476,0.30499,0.29472,0.28983,0.28006,0.28006,0.28006,0.28006,0.28006,0.28495,0.28983,0.3001,0.30987,0.32502,0.32991,0.34995,0.39492,0.41984,0.41496,0.41007,0.47507,0.46481,0.44477,0.41007,0.37488,0.33969,0.31965,0.28495,0.26979,0.26002,0.26002,0.26002,0.26002,0.24487,0.1696,0.13978,0.31476,0.81036,1.2708,1.1056,0.72532,0.5,0.39492,0.31965,0.24976,0.21994,0.21457,0.22483,0.22972,0.23998,0.24976,0.26002,0.27468,0.28495,0.3001,0.31476,0.3348,0.35484,0.37488,0.3998,0.435,0.47019,0.50978,0.55523,0.6002,0.63001,0.64027,0.64027,0.62023,0.58504,0.54497,0.5,0.45503,0.41496,0.37488,0.33969,0.31476,0.3001,0.28983,0.28495,0.28006,0.28006,0.28006,0.28006,0.26979,0.26979,0.27468,0.28006,0.28006,0.28983,0.3001,0.30987,0.31965,0.34995,0.39492,0.41984,0.40469,0.44477,0.47019,0.46481,0.43988,0.40469,0.36999,0.34506,0.31965,0.28495,0.28006,0.26979,0.26491,0.26979,0.26002,0.23998,0.15494,0.14467,0.41007,0.95015,1.2708,1.0254,0.6652,0.48485,0.39003,0.30987,0.2346,0.21994,0.21994,0.22483,0.2346,0.24487,0.26002,0.26491,0.28006,0.28495,0.30987,0.32502,0.34506,0.3651,0.38514,0.41007,0.43988,0.47996,0.52004,0.56989,0.60508,0.63001,0.64027,0.64516,0.61486,0.58504,0.54008,0.49511,0.45015,0.41007,0.37488,0.34506,0.32502,0.30499,0.29472,0.29472,0.28495,0.28006,0.28006,0.28006,0.28006,0.28006,0.28006,0.28495,0.29472,0.30499,0.30499,0.31476,0.3348,0.35973,0.40469,0.42473,0.42473,0.45015,0.47996,0.47507,0.45503,0.41984,0.37977,0.34506,0.32502,0.29472,0.28006,0.27468,0.27468,0.28006,0.26979,0.24976,0.17986,0.16471,0.39492,0.89052,1.2556,1.0303,0.69013,0.50489,0.41496,0.3348,0.24976,0.2346,0.2346,0.23998,0.2346,0.25464,0.26002,0.27468,0.28006,0.3001,0.31476,0.32991,0.34995,0.36999,0.39003,0.41496,0.44477,0.47996,0.52004,0.565,0.60508,0.63001,0.65005,0.64027,0.62023,0.58016,0.54497,0.50978,0.46481,0.41984,0.37977,0.35484,0.3348,0.32502,0.31476,0.30499,0.3001,0.29472,0.29472,0.3001,0.29472,0.28983,0.29472,0.30499,0.30987,0.32502,0.32991,0.3348,0.34506,0.34995,0.36999,0.41496,0.43988,0.435,0.43011,0.49511,0.49511,0.47996,0.43988,0.39492,0.36999,0.34995,0.32502,0.30499,0.30499,0.30499,0.30499,0.3001,0.28495,0.21994,0.1999,0.41007,0.90029,1.2957,1.0806,0.74536,0.54985,0.45503,0.3651,0.28983,0.26491,0.26002,0.26491,0.27468,0.28495,0.29472,0.30499,0.31965,0.32991,0.33969,0.35973,0.37977,0.39492,0.41984,0.44477,0.47019,0.50489,0.54497,0.58993,0.63001,0.66031,0.67498,0.68035,0.65494,0.63001,0.59531,0.55523,0.50489,0.46481,0.42473,0.39492,0.36999,0.34995,0.3348,0.32991,0.32991,0.31965,0.31476,0.30987,0.30499,0.31476,0.32502,0.3348,0.33969,0.34506,0.34995,0.35973,0.35973,0.36999,0.37977,0.41007,0.43011,0.42473,0.44477,0.47996,0.47019,0.45503,0.42473,0.37977,0.34995,0.32502,0.3001,0.28495,0.28006,0.28006,0.27468,0.28006,0.24976,0.17498,0.15982,0.38514,0.89541,1.2708,1.0406,0.69501,0.50489,0.40469,0.31965,0.24487,0.22972,0.22972,0.2346,0.23998,0.24976,0.26002,0.26491,0.28006,0.29472,0.30987,0.32991,0.34506,0.35973,0.38514,0.41007,0.43988,0.47507,0.52004,0.56989,0.60508,0.63001,0.64516,0.64027,0.62023,0.58993,0.54497,0.5,0.45015,0.41496,0.37488,0.34506,0.31965,0.30499,0.29472,0.28983,0.28495,0.28006,0.28006,0.28006,0.28006,0.28006,0.28006,0.28983,0.28983,0.30499,0.30987,0.32502,0.3348,0.36999,0.41007,0.41984,0.41007,0.47019,0.47996,0.46481,0.43988,0.39492,0.35973,0.33969,0.30987,0.28006,0.28006,0.27468,0.26979,0.26979,0.26491,0.21994,0.15494,0.22972,0.58993,1.1403,1.2805,0.89052,0.58993,0.45503,0.36999,0.28495,0.22972,0.22483,0.22972,0.2346,0.2346,0.25464,0.26491,0.27468,0.28495,0.3001,0.31965,0.3348,0.34995,0.37488,0.39492,0.41984,0.45503,0.49511,0.54008,0.58993,0.62512,0.64516,0.65005,0.6349,0.60997,0.57527,0.52981,0.47996,0.435,0.39492,0.3651,0.3348,0.31965,0.30499,0.30499,0.29472,0.29472,0.28983,0.28983,0.28983,0.28495,0.28495,0.28983,0.3001,0.30987,0.31476,0.32502,0.3348,0.35973,0.40469,0.42473,0.41984,0.45992,0.48485,0.47507,0.45503,0.41984,0.37977,0.34995,0.32502,0.29472,0.28006,0.27468,0.26979,0.27468,0.26979,0.23998,0.15982,0.14467,0.39492,0.92522,1.2605,1.0303,0.67498,0.49511,0.40469,0.31476,0.24487,0.22483,0.22483,0.2346,0.2346,0.24976,0.26002,0.26979,0.28006,0.29472,0.30987,0.32991,0.34506,0.35973,0.39003,0.41984,0.44477,0.47996,0.52004,0.565,0.6002,0.63001,0.64516,0.6349,0.61486,0.58016,0.54497,0.5,0.45015,0.41007,0.37488,0.34506,0.32502,0.30987,0.3001,0.28983,0.28983,0.28495,0.28495,0.28495,0.28495,0.28006,0.28983,0.29472,0.3001,0.30987,0.31965,0.3348,0.36999,0.41007,0.42473,0.42473,0.45992,0.48485,0.47507,0.45015,0.41007,0.37488,0.34995,0.31965,0.29472,0.28006,0.27468,0.28006,0.27468,0.27468,0.24487,0.16471,0.15982,0.47507,1.0254,1.2605,0.98534,0.66031,0.51515,0.41496,0.31476,0.24487,0.22972,0.2346,0.23998,0.25464,0.26002,0.26491,0.28006,0.29472,0.30499,0.31965,0.33969,0.35484,0.37488,0.3998,0.42473,0.45503,0.49022,0.53519,0.57527,0.60997,0.6349,0.65494,0.64027,0.61486,0.58016,0.54497,0.50489,0.45992,0.41984,0.37977,0.35484,0.33969,0.32502,0.30987,0.30499,0.30499,0.30499,0.30499,0.30499,0.30987,0.30499,0.31476,0.32991,0.33969,0.33969,0.34995,0.37488,0.41007,0.435,0.435,0.43011,0.5,0.49511,0.49022,0.45503,0.41007,0.37488,0.35484,0.32502,0.3001,0.28983,0.28495,0.28495,0.28495,0.28006,0.22483,0.16471,0.23998,0.60508,1.1305,1.2507,0.84018,0.57527,0.45503,0.37488,0.29472,0.23998,0.2346,0.2346,0.24487,0.26002,0.26979,0.28006,0.28983,0.3001,0.31476,0.3348,0.34995,0.37488,0.39003,0.41496,0.435,0.47507,0.51515,0.56012,0.6002,0.63001,0.65494,0.65494,0.64516,0.62023,0.58016,0.54008,0.5,0.45992,0.41984,0.37977,0.34995,0.3348,0.31965,0.30987,0.30987,0.30499,0.30499,0.30499,0.30499,0.30987,0.30987,0.31476,0.31965,0.32991,0.32991,0.35484,0.39492,0.41984,0.42473,0.41984,0.48485,0.49511,0.47507,0.44477,0.41007,0.37488,0.35484,0.32502,0.30499,0.3001,0.3001,0.28983,0.28983,0.28495,0.2346,0.1696,0.26491,0.6349,1.1955,1.3206,0.88514,0.6002,0.47019,0.37977,0.29472,0.24487,0.2346,0.24976,0.24976,0.26002,0.26491,0.28495,0.29472,0.30499,0.31965,0.33969,0.35973,0.37977,0.3998,0.41984,0.45015,0.48485,0.52493,0.56989,0.60997,0.65005,0.67009,0.67498,0.66031,0.63001,0.59531,0.56012,0.50978,0.45992,0.42473,0.38514,0.35973,0.33969,0.32502,0.31965,0.30987,0.30499,0.30499,0.30499,0.30499,0.30499,0.30987,0.31965,0.32991,0.3348,0.33969,0.35484,0.39492,0.42473,0.43011,0.42473,0.47996,0.49022,0.47019,0.44477,0.40469,0.36999,0.34506,0.31476,0.28983,0.28006,0.28006,0.26979,0.26491,0.26002,0.20479,0.13978,0.22483,0.60997,1.1706,1.3006,0.86022,0.55523,0.41984,0.3348,0.26002,0.20968,0.20968,0.20968,0.21994,0.22972,0.2346,0.24487,0.26002,0.26491,0.28006,0.3001,0.31965,0.3348,0.34995,0.37488,0.40469,0.44477,0.49022,0.52493,0.57527,0.60997,0.63001,0.6349,0.61486,0.58993,0.55523,0.50489,0.45992,0.41984,0.37977,0.34506,0.31476,0.3001,0.28006,0.28006,0.27468,0.26491,0.26491,0.26002,0.25464,0.26002,0.26002,0.26002,0.26491,0.27468,0.28006,0.3001,0.34506,0.38514,0.39003,0.38514,0.45015,0.45503,0.43988,0.40469,0.36999,0.33969,0.31965,0.28495,0.26491,0.26002,0.26002,0.26002,0.26002,0.24487,0.18964,0.13978,0.23998,0.64516,1.1955,1.2854,0.84018,0.54985,0.43011,0.34506,0.26002,0.20968,0.20968,0.20968,0.21457,0.22483,0.2346,0.24487,0.26002,0.27468,0.28983,0.30987,0.32991,0.34995,0.3651,0.39003,0.41984,0.45015,0.49511,0.54008,0.58504,0.62512,0.64027,0.64516,0.62512,0.6002,0.55523,0.51515,0.47019,0.41984,0.38514,0.34995,0.32502,0.30499,0.3001,0.28983,0.28495,0.28495,0.28006,0.28006,0.28006,0.28006,0.28006,0.28006,0.28983,0.29472,0.30499,0.31965,0.34995,0.39492,0.41984,0.41496,0.44477,0.48485,0.47019,0.45992,0.41984,0.37977,0.34995,0.32502,0.29472,0.28006,0.28006,0.28006,0.28006,0.26979,0.24976,0.17986,0.15982,0.3651,0.87048,1.2605,1.0606,0.70528,0.50978,0.41496,0.3348,0.24976,0.22483,0.22483,0.2346,0.2346,0.24487,0.26002,0.26979,0.28006,0.3001,0.31476,0.32991,0.34506,0.3651,0.38514,0.41007,0.435,0.47507,0.51515,0.565,0.60508,0.63001,0.65005,0.64027,0.62023,0.58504,0.54497,0.50489,0.45503,0.41496,0.37488,0.34506,0.32991,0.31965,0.30499,0.3001,0.3001,0.3001,0.29472,0.29472,0.28983,0.28983,0.28983,0.29472,0.30499,0.31476,0.32991,0.35484,0.3998,0.43011,0.435,0.45503,0.50489,0.49511,0.48485,0.45015,0.41496,0.38514,0.35973,0.31965,0.30499,0.28983,0.29472,0.28983,0.29472,0.28006,0.21994,0.1696,0.28006,0.70039,1.2004,1.2757,0.8304,0.58016,0.47507,0.38514,0.28983,0.24487,0.24976,0.24487,0.25464,0.26002,0.28006,0.28495,0.3001,0.30987,0.32991,0.34506,0.36999,0.39003,0.40469,0.41984,0.45015,0.49022,0.52493,0.56989,0.62512,0.65494,0.6652,0.67009,0.65494,0.63001,0.58504,0.54497,0.5,0.45503,0.41984,0.39003,0.3651,0.34506,0.32502,0.31476,0.31476,0.30987,0.30499,0.30499,0.30499,0.30987,0.31476,0.32502,0.32991,0.3348,0.34506,0.35484,0.37488,0.41984,0.44477,0.44477,0.45015,0.50978,0.51515,0.49511,0.46481,0.42473,0.38514,0.35973,0.3348,0.31476,0.30987,0.30499,0.3001,0.29472,0.28983,0.24487,0.17986,0.26002,0.61486,1.1706,1.2908,0.88514,0.58993,0.47507,0.38514,0.30987,0.26002,0.24976,0.24976,0.26002,0.26491,0.27468,0.28983,0.3001,0.30987,0.32502,0.34506,0.3651,0.37488,0.39492,0.41984,0.44477,0.48485,0.52004,0.565,0.60508,0.64516,0.66031,0.67009,0.65494,0.63001,0.59531,0.55523,0.50489,0.45992,0.42473,0.39492,0.35484,0.3348,0.32502,0.31965,0.31476,0.30987,0.30499,0.30499,0.3001,0.30499,0.30499,0.31476,0.31965,0.32991,0.3348,0.34995,0.3651,0.41007,0.435,0.43988,0.435,0.5,0.48485,0.47996,0.45503,0.41007,0.37977,0.3651,0.32502,0.30499,0.3001,0.28983,0.29472,0.28983,0.28006,0.22483,0.17498,0.28495,0.70039,1.2507,1.3255,0.84506,0.57527,0.45503,0.35973,0.28983,0.2346,0.2346,0.2346,0.24487,0.25464,0.26002,0.27468,0.28495,0.29472,0.30499,0.31965,0.3348,0.35484,0.37488,0.3998,0.42473,0.45992,0.50978,0.55523,0.59531,0.6349,0.65005,0.65494,0.64516,0.61486,0.57527,0.52493,0.47996,0.43988,0.39492,0.35973,0.32991,0.30987,0.3001,0.28495,0.28006,0.28006,0.28006,0.28006,0.27468,0.28006,0.28006,0.28006,0.28495,0.29472,0.30499,0.31476,0.33969,0.36999,0.40469,0.41007,0.40469,0.46481,0.47019,0.45503,0.42473,0.38514,0.34995,0.32991,0.3001,0.27468,0.26491,0.26002,0.26002,0.26002,0.26002,0.1999,0.13978,0.24976,0.65005,1.1857,1.2854,0.8304,0.54008,0.41984,0.33969,0.26979,0.21994,0.21457,0.21994,0.22972,0.2346,0.24487,0.25464,0.26491,0.28006,0.28983,0.31476,0.32991,0.34995,0.36999,0.39492,0.41984,0.45503,0.5,0.54497,0.58504,0.62023,0.64027,0.64516,0.63001,0.60508,0.56989,0.52004,0.47019,0.42473,0.38514,0.34995,0.32502,0.30499,0.29472,0.28495,0.28006,0.28006,0.28006,0.27468,0.27468,0.27468,0.27468,0.27468,0.28006,0.28006,0.28006,0.29472,0.31476,0.34506,0.39492,0.41007,0.41007,0.45015,0.47996,0.47019,0.43988,0.40469,0.36999,0.34506,0.31965,0.28983,0.28006,0.27468,0.26979,0.26979,0.26979,0.23998,0.16471,0.15982,0.43988,0.98534,1.2708,1.0054,0.64516,0.47996,0.39003,0.30987,0.2346,0.22483,0.22972,0.2346,0.24487,0.25464,0.26002,0.26979,0.28006,0.3001,0.30987,0.32991,0.34995,0.3651,0.38514,0.41496,0.44477,0.47507,0.52493,0.56989,0.60997,0.6349,0.64516,0.6349,0.62023,0.58993,0.54985,0.5,0.45503,0.41007,0.36999,0.34995,0.32991,0.31476,0.30499,0.3001,0.3001,0.29472,0.28983,0.28495,0.28495,0.28983,0.28983,0.28983,0.30499,0.30987,0.32502,0.32991,0.34995,0.39003,0.43011,0.435,0.42473,0.49022,0.47996,0.48485,0.45015,0.41007,0.36999,0.34995,0.31965,0.3001,0.28983,0.28983,0.28006,0.28006,0.28006,0.22483,0.1696,0.26002,0.65494,1.1804,1.2854,0.87048,0.6002,0.49511,0.3998,0.30499,0.25464,0.24976,0.25464,0.26002,0.26979,0.26979,0.28006,0.28983,0.30499,0.31965,0.33969,0.3651,0.38514,0.3998,0.41984,0.45015,0.48485,0.52004,0.565,0.60508,0.64516,0.66031,0.6652,0.65005,0.62512,0.59531,0.55523,0.50489,0.46481,0.42473,0.37977,0.35484,0.33969,0.32502,0.31476,0.31476,0.30499,0.3001,0.30499,0.29472,0.3001,0.3001,0.30499,0.31476,0.3348,0.34506,0.34995,0.35973,0.38514,0.42473,0.45503,0.45015,0.44477,0.50489,0.50489,0.49511,0.45503,0.41496,0.38514,0.3651,0.3348,0.31965,0.30987,0.30499,0.30499,0.30499,0.3001,0.23998,0.18964,0.30987,0.74536,1.2654,1.3006,0.81036,0.565,0.45992,0.37488,0.29472,0.26002,0.25464,0.26002,0.26491,0.26979,0.28006,0.28983,0.30987,0.32502,0.33969,0.35484,0.37488,0.39003,0.41496,0.43011,0.46481,0.49511,0.53519,0.58016,0.63001,0.66031,0.68035,0.68035,0.67009,0.64516,0.60508,0.565,0.51515,0.47019,0.43011,0.3998,0.36999,0.34995,0.3348,0.32991,0.31965,0.31476,0.31476,0.30499,0.30499,0.30499,0.30987,0.31965,0.32991,0.3348,0.34506,0.34995,0.35973,0.37977,0.41984,0.44477,0.435,0.43011,0.49511,0.49022,0.47019,0.43988,0.40469,0.3651,0.34506,0.31476,0.29472,0.29472,0.28495,0.28495,0.28006,0.26979,0.1999,0.16471,0.3348,0.79521,1.2908,1.1505,0.77517,0.53519,0.41984,0.3348,0.25464,0.22483,0.22972,0.22972,0.2346,0.24487,0.25464,0.26491,0.28006,0.28495,0.30499,0.31965,0.3348,0.34995,0.37488,0.3998,0.43011,0.45992,0.50489,0.55523,0.59531,0.63001,0.65005,0.65494,0.63001,0.60508,0.565,0.51515,0.47019,0.42473,0.38514,0.34506,0.31965,0.29472,0.28495,0.28006,0.28006,0.27468,0.26979,0.26491,0.26002,0.26002,0.26002,0.26491,0.27468,0.28006,0.28983,0.3001,0.30987,0.34506,0.39003,0.40469,0.39492,0.435,0.46481,0.45503,0.43011,0.39492,0.35484,0.32991,0.30987,0.28006,0.26491,0.26002,0.26002,0.26002,0.24976,0.21994,0.13978,0.1349,0.47019,1.0352,1.2957,0.98534,0.62023,0.44477,0.34995,0.28495,0.21457,0.20479,0.20968,0.20968,0.22483,0.2346,0.23998,0.25464,0.26002,0.28006,0.29472,0.31476,0.32991,0.34995,0.37488,0.3998,0.435,0.47507,0.51515,0.565,0.60508,0.6349,0.65005,0.64027,0.62023,0.58016,0.53519,0.48485,0.43988,0.3998,0.35973,0.32991,0.30499,0.29472,0.28006,0.27468,0.26979,0.26979,0.26979,0.26979,0.26979,0.26491,0.26979,0.26979,0.28006,0.28006,0.3001,0.30499,0.32502,0.3651,0.40469,0.41496,0.40469,0.47507,0.47019,0.45992,0.43011,0.39492,0.35484,0.3348,0.30499,0.28006,0.27468,0.27468,0.26979,0.26491,0.26002,0.1999,0.15494,0.26002,0.66031,1.2053,1.2805,0.84018,0.54497,0.435,0.35973,0.26979,0.22483,0.21994,0.22483,0.2346,0.24487,0.25464,0.26491,0.27468,0.28495,0.30499,0.30987,0.32991,0.34995,0.37488,0.39492,0.41984,0.45503,0.49511,0.54497,0.58504,0.62023,0.64027,0.64516,0.63001,0.60508,0.56989,0.52004,0.47507,0.43011,0.39003,0.35973,0.32991,0.31476,0.30499,0.29472,0.28983,0.28495,0.28495,0.28006,0.28006,0.28006,0.28006,0.28006,0.28495,0.29472,0.30499,0.30987,0.32991,0.34506,0.38514,0.42473,0.43011,0.42473,0.47996,0.49511,0.47996,0.45015,0.40469,0.37488,0.35484,0.32502,0.3001,0.28983,0.28495,0.28006,0.28495,0.28006,0.22483,0.16471,0.26002,0.62512,1.1657,1.2757,0.88514,0.6002,0.49022,0.40469,0.30499,0.24487,0.23998,0.24487,0.25464,0.26002,0.27468,0.28006,0.29472,0.30499,0.32502,0.33969,0.35973,0.37488,0.3998,0.42473,0.44477,0.47507,0.51515,0.56012,0.60508,0.64027,0.67009,0.68035,0.66031,0.63001,0.60508,0.56012,0.50978,0.47507,0.43988,0.40469,0.36999,0.34506,0.32991,0.32991,0.32502,0.30987,0.30499,0.30499,0.30499,0.30499,0.31476,0.31965,0.32502,0.33969,0.34995,0.34995,0.3651,0.37977,0.41007,0.43988,0.45015,0.45015,0.49511,0.50978,0.49511,0.47507,0.42473,0.39003,0.36999,0.33969,0.31476,0.30499,0.30499,0.3001,0.3001,0.3001,0.26491,0.19501,0.25464,0.56989,1.1056,1.2805,0.92033,0.63001,0.5,0.41007,0.32991,0.26979,0.26002,0.26002,0.26979,0.27468,0.28006,0.29472,0.30499,0.31965,0.32991,0.34995,0.37488,0.38514,0.40469,0.435,0.45503,0.47507,0.52004,0.565,0.61486,0.65005,0.67009,0.68524,0.67498,0.64516,0.62023,0.56989,0.52981,0.48485,0.44477,0.40469,0.37977,0.35484,0.34506,0.3348,0.32991,0.31965,0.32502,0.31965,0.31965,0.31965,0.32991,0.32991,0.33969,0.34995,0.35484,0.3651,0.37488,0.37488,0.39492,0.43011,0.45503,0.44477,0.43988,0.50489,0.49511,0.49022,0.45503,0.41984,0.39003,0.3651,0.3348,0.30987,0.30499,0.30499,0.30499,0.29472,0.28495,0.21457,0.17986,0.31476,0.75024,1.2654,1.3206,0.82502,0.56012,0.435,0.34506,0.26979,0.2346,0.22972,0.2346,0.23998,0.24976,0.25464,0.26491,0.28006,0.29472,0.30499,0.31476,0.32991,0.35484,0.36999,0.39492,0.41984,0.45503,0.49511,0.54985,0.59531,0.63001,0.65005,0.65494,0.6349,0.60997,0.58016,0.53519,0.48485,0.435,0.39492,0.35484,0.32502,0.30499,0.28495,0.28006,0.27468,0.26979,0.26491,0.26491,0.26491,0.26979,0.26491,0.28006,0.28006,0.28495,0.29472,0.3001,0.30987,0.32502,0.35484,0.3998,0.41007,0.3998,0.44477,0.45992,0.44477,0.41984,0.37977,0.34506,0.31965,0.29472,0.26491,0.26002,0.25464,0.26002,0.24976,0.24976,0.1999,0.13978,0.21457,0.58504,1.1603,1.3006,0.89052,0.565,0.43011,0.33969,0.26491,0.20968,0.20479,0.20968,0.20968,0.21994,0.22972,0.23998,0.24976,0.26002,0.28006,0.29472,0.31476,0.32991,0.34995,0.36999,0.39492,0.43011,0.47507,0.52004,0.56989,0.60997,0.63001,0.6349,0.62512,0.60508,0.56989,0.52004,0.47507,0.42473,0.37977,0.34506,0.31476,0.3001,0.28006,0.28006,0.26979,0.26979,0.26979,0.26002,0.26002,0.26002,0.26002,0.25464,0.26002,0.26491,0.26979,0.28006,0.29472,0.30499,0.33969,0.38514,0.3998,0.3998,0.44477,0.46481,0.45503,0.43011,0.39492,0.35484,0.3348,0.30987,0.28006,0.26491,0.26491,0.26002,0.26002,0.26002,0.22483,0.14956,0.19501,0.47996,1.0406,1.2654,0.98045,0.62023,0.47019,0.37488,0.28983,0.22483,0.20968,0.21457,0.21994,0.22972,0.2346,0.24976,0.26002,0.27468,0.28495,0.30499,0.31965,0.33969,0.35484,0.37488,0.40469,0.43988,0.47507,0.52004,0.565,0.60508,0.6349,0.64516,0.6349,0.61486,0.58016,0.54497,0.49511,0.44477,0.40469,0.36999,0.33969,0.31476,0.30499,0.29472,0.28495,0.28495,0.28006,0.27468,0.28006,0.28006,0.28006,0.28006,0.28495,0.28983,0.3001,0.30499,0.31476,0.32991,0.34506,0.39003,0.42473,0.42473,0.41984,0.47996,0.47507,0.45992,0.43011,0.39003,0.35484,0.33969,0.30499,0.28006,0.27468,0.28006,0.27468,0.26979,0.26002,0.20968,0.15982,0.28006,0.68035,1.1906,1.2454,0.81525,0.55523,0.44477,0.35973,0.26979,0.22972,0.22483,0.2346,0.2346,0.24976,0.26002,0.26002,0.28006,0.28495,0.30499,0.31965,0.3348,0.34995,0.37488,0.39492,0.41984,0.45015,0.49511,0.54008,0.58016,0.62023,0.64516,0.65005,0.6349,0.60508,0.56989,0.52004,0.48485,0.435,0.39492,0.36999,0.33969,0.32502,0.30987,0.30499,0.30499,0.30499,0.3001,0.28983,0.28983,0.29472,0.28983,0.28983,0.29472,0.30499,0.31965,0.32991,0.32991,0.34506,0.35484,0.39003,0.42473,0.435,0.43011,0.49022,0.49511,0.47019,0.43988,0.39492,0.37488,0.34995,0.31476,0.29472,0.28983,0.28983,0.29472,0.28983,0.28495,0.24487,0.18964,0.27468,0.65494,1.1906,1.2854,0.86022,0.59531,0.49022,0.39492,0.30499,0.26002,0.25464,0.26002,0.26002,0.26491,0.27468,0.28006,0.3001,0.30987,0.32991,0.33969,0.34995,0.37488,0.39492,0.41007,0.43988,0.47507,0.52004,0.56012,0.60508,0.64516,0.67009,0.6652,0.65494,0.6349,0.60508,0.56012,0.51515,0.47507,0.435,0.39492,0.36999,0.34995,0.3348,0.32502,0.31965,0.31965,0.31476,0.31476,0.31476,0.31476,0.31965,0.32991,0.3348,0.34995,0.34995,0.35484,0.3651,0.36999,0.37488,0.38514,0.40469,0.43988,0.45015,0.44477,0.48485,0.50489,0.49511,0.46481,0.41984,0.39003,0.37488,0.34506,0.31476,0.30987,0.30499,0.30987,0.30987,0.30499,0.25464,0.18964,0.26979,0.60997,1.1554,1.3206,0.92522,0.62512,0.49022,0.3998,0.31965,0.26491,0.26002,0.26002,0.26491,0.26979,0.28006,0.28983,0.3001,0.30987,0.32502,0.3348,0.34995,0.36999,0.39003,0.40469,0.43011,0.47019,0.50489,0.54985,0.59531,0.63001,0.66031,0.6652,0.65494,0.6349,0.60508,0.565,0.52004,0.47019,0.43011,0.39003,0.35484,0.3348,0.31965,0.30499,0.30499,0.29472,0.28495,0.28006,0.28006,0.28006,0.28495,0.28983,0.30499,0.30499,0.31965,0.32991,0.32991,0.32991,0.33969,0.34506,0.34995,0.36999,0.3998,0.41007,0.3998,0.44477,0.45503,0.44477,0.41984,0.37977,0.34506,0.32502,0.3001,0.26979,0.26002,0.26002,0.26002,0.26002,0.25464,0.1999,0.14956,0.24976,0.65494,1.2155,1.3157,0.86022,0.56012,0.43988,0.35973,0.27468,0.22972,0.22483,0.22972,0.2346,0.24976,0.26002,0.26491,0.28006,0.28983,0.30499,0.31965,0.32991,0.34995,0.36999,0.3998,0.41984,0.45015,0.49511,0.53519,0.58016,0.62512,0.65005,0.65494,0.64027,0.62023,0.58504,0.54008,0.5,0.44477,0.40469,0.36999,0.33969,0.31965,0.30499,0.28983,0.28983,0.28495,0.28495,0.28006,0.28006,0.28006,0.28006,0.28006,0.28006,0.29472,0.3001,0.30499,0.31476,0.32502,0.32991,0.3348,0.35973,0.3998,0.42473,0.41007,0.40469,0.47019,0.45992,0.44477,0.41007,0.36999,0.34506,0.32502,0.29472,0.27468,0.27468,0.27468,0.26979,0.26491,0.24487,0.1696,0.15494,0.41496,0.93548,1.2908,1.0606,0.69013,0.50489,0.40469,0.32502,0.24487,0.22483,0.22483,0.2346,0.2346,0.24976,0.26002,0.26979,0.28006,0.29472,0.30499,0.32502,0.33969,0.35973,0.37488,0.40469,0.435,0.47019,0.51515,0.56012,0.60508,0.6349,0.65494,0.65005,0.6349,0.60508,0.565,0.51515,0.47507,0.43011,0.39003,0.35484,0.32991,0.30987,0.30499,0.29472,0.28983,0.28495,0.28983,0.28006,0.28006,0.28006,0.28006,0.28006,0.28495,0.29472,0.3001,0.30987,0.31965,0.32502,0.32991,0.34506,0.37488,0.41496,0.42473,0.41984,0.45503,0.47019,0.46481,0.435,0.39492,0.36999,0.34506,0.31965,0.28983,0.28006,0.28006,0.28006,0.28006,0.27468,0.2346,0.1696,0.25464,0.60997,1.1403,1.2757,0.89052,0.6002,0.47507,0.38514,0.29472,0.23998,0.2346,0.23998,0.24976,0.25464,0.26002,0.26979,0.28006,0.29472,0.30499,0.31965,0.34506,0.35973,0.37488,0.3998,0.41984,0.45503,0.49511,0.54008,0.58993,0.62512,0.65005,0.66031,0.65494,0.63001,0.59531,0.56012,0.51515,0.47019,0.42473,0.39003,0.35484,0.33969,0.31965,0.31476,0.30499,0.30499,0.30499,0.30499,0.29472,0.29472,0.3001,0.3001,0.3001,0.30987,0.30987,0.31965,0.32991,0.33969,0.34995,0.36999,0.40469,0.43988,0.435,0.43011,0.49511,0.5,0.47507,0.44477,0.40469,0.37488,0.34995,0.32502,0.30499,0.29472,0.28983,0.29472,0.28983,0.28006,0.22483,0.18964,0.32502,0.75024,1.2405,1.2654,0.79521,0.55523,0.45503,0.3651,0.28006,0.2346,0.2346,0.24487,0.26002,0.26491,0.27468,0.28006,0.28983,0.30499,0.32502,0.3348,0.34995,0.37488,0.39492,0.41496,0.43988,0.47996,0.51515,0.565,0.60997,0.65005,0.67498,0.68035,0.65005,0.6349,0.6002,0.55523,0.50978,0.45992,0.41984,0.39003,0.35973,0.33969,0.32502,0.31965,0.30987,0.30499,0.30499,0.30499,0.3001,0.30499,0.30499,0.30499,0.32502,0.32991,0.3348,0.34995,0.34995,0.36999,0.39003,0.41984,0.435,0.435,0.45503,0.5,0.49022,0.47019,0.435,0.39492,0.36999,0.34995,0.32502,0.30499,0.29472,0.28983,0.3001,0.29472,0.28006,0.20479,0.17986,0.3651,0.8304,1.2854,1.1105,0.75024,0.52493,0.435,0.34506,0.26491,0.2346,0.23998,0.23998,0.25464,0.26002,0.27468,0.28006,0.29472,0.30987,0.31965,0.3348,0.34995,0.36999,0.39492,0.41984,0.44477,0.48485,0.52004,0.56989,0.61486,0.65005,0.67009,0.67498,0.65494,0.62512,0.58504,0.53519,0.49022,0.43988,0.3998,0.3651,0.33969,0.31965,0.30499,0.29472,0.28983,0.28983,0.28006,0.28006,0.28006,0.28006,0.28495,0.28983,0.3001,0.30499,0.31476,0.32502,0.32991,0.3348,0.34995,0.39492,0.41984,0.41007,0.42473,0.47019,0.46481,0.45015,0.41984,0.36999,0.34506,0.32502,0.29472,0.28006,0.27468,0.26979,0.26979,0.26979,0.24976,0.17498,0.14956,0.33969,0.8304,1.2854,1.1202,0.75024,0.51515,0.41007,0.32991,0.24976,0.22483,0.22483,0.22483,0.2346,0.24487,0.25464,0.26491,0.28006,0.29472,0.30499,0.32502,0.34506,0.35973,0.37977,0.40469,0.435,0.47019,0.51515,0.56012,0.60508,0.64027,0.65494,0.6652,0.64027,0.61486,0.57527,0.52493,0.47507,0.43011,0.38514,0.34995,0.32502,0.30499,0.28983,0.28495,0.28006,0.28495,0.28006,0.28006,0.27468,0.27468,0.27468,0.28006,0.27468,0.28006,0.28983,0.30499,0.31476,0.32991,0.34995,0.39003,0.42473,0.41496,0.41007,0.47507,0.47019,0.45992,0.42473,0.37977,0.34995,0.32502,0.3001,0.28006,0.27468,0.26979,0.26491,0.26979,0.25464,0.18475,0.15982,0.33969,0.82502,1.2805,1.1153,0.73998,0.52004,0.41007,0.33969,0.25464,0.22483,0.22972,0.2346,0.2346,0.24487,0.26002,0.26979,0.28006,0.28983,0.30499,0.32502,0.34506,0.35973,0.37977,0.40469,0.435,0.46481,0.50978,0.55523,0.6002,0.6349,0.65494,0.65494,0.64027,0.60997,0.56989,0.52493,0.47507,0.43011,0.38514,0.35973,0.32991,0.30987,0.30499,0.3001,0.28983,0.28006,0.28006,0.28006,0.28006,0.27468,0.27468,0.28006,0.28983,0.3001,0.30499,0.31476,0.31965,0.3348,0.35484,0.3998,0.43011,0.42473,0.44477,0.48485,0.47507,0.45992,0.42473,0.37977,0.35484,0.3348,0.30499,0.28006,0.28006,0.28006,0.28006,0.27468,0.26002,0.18964,0.15982,0.3348,0.81525,1.2556,1.1007,0.73998,0.52493,0.43011,0.33969,0.26491,0.2346,0.2346,0.2346,0.23998,0.25464,0.26002,0.28006,0.28983,0.3001,0.31476,0.32991,0.34995,0.3651,0.37977,0.41007,0.43988,0.47507,0.52004,0.55523,0.6002,0.63001,0.65494,0.65005,0.6349,0.60508,0.56989,0.52004,0.47507,0.435,0.39492,0.36999,0.34506,0.31965,0.30987,0.30499,0.3001,0.28495,0.28006,0.28983,0.29472,0.28983,0.28983,0.29472,0.30499,0.30987,0.31476,0.32502,0.32991,0.34506,0.3651,0.3998,0.42473,0.435,0.42473,0.47996,0.49511,0.47996,0.43988,0.39492,0.35973,0.34995,0.31476,0.29472,0.29472,0.28983,0.29472,0.28983,0.28006,0.2346,0.18964,0.29472,0.70528,1.2307,1.2908,0.8304,0.58504,0.47996,0.38514,0.29472,0.24976,0.24487,0.24976,0.26002,0.26979,0.28006,0.28006,0.28983,0.30499,0.31965,0.33969,0.35484,0.37488,0.39492,0.41984,0.44477,0.47996,0.52004,0.565,0.60997,0.64516,0.6652,0.68035,0.67009,0.64516,0.60508,0.565,0.52004,0.47507,0.42473,0.3998,0.36999,0.34995,0.32991,0.31965,0.31476,0.30987,0.30499,0.3001,0.30499,0.31476,0.30987,0.31965,0.31476,0.32991,0.33969,0.35484,0.35973,0.35973,0.37977,0.40469,0.435,0.43988,0.435,0.47507,0.49511,0.47996,0.46481,0.42473,0.38514,0.35973,0.32991,0.30987,0.30499,0.30499,0.3001,0.30499,0.28495,0.24976,0.18475,0.23998,0.53519,1.0806,1.2908,0.96041,0.64516,0.49022,0.3998,0.31476,0.25464,0.24487,0.24976,0.26002,0.26979,0.27468,0.28495,0.3001,0.30987,0.32991,0.33969,0.35973,0.37977,0.39492,0.41984,0.44477,0.47507,0.52004,0.56012,0.60508,0.65005,0.67498,0.68524,0.68035,0.66031,0.63001,0.58504,0.53519,0.49511,0.44477,0.40469,0.37488,0.34995,0.3348,0.31965,0.30499,0.3001,0.30499,0.29472,0.29472,0.28983,0.29472,0.3001,0.30987,0.31476,0.31965,0.32502,0.32991,0.3348,0.34995,0.36999,0.3998,0.41496,0.40469,0.43011,0.47019,0.45992,0.44477,0.41007,0.36999,0.33969,0.32502,0.29472,0.28006,0.26979,0.26002,0.26491,0.26491,0.24976,0.15982,0.13978,0.37488,0.87537,1.3055,1.0753,0.71017,0.48485,0.37977,0.30499,0.2346,0.20968,0.20968,0.20968,0.22483,0.2346,0.24487,0.25464,0.26979,0.28006,0.3001,0.30987,0.32991,0.34995,0.36999,0.3998,0.42473,0.46481,0.50978,0.56012,0.60997,0.64516,0.66031,0.66031,0.64516,0.61486,0.58016,0.52493,0.47507,0.43011,0.39003,0.34995,0.32502,0.30499,0.28983,0.28006,0.28006,0.28006,0.28006,0.27468,0.26979,0.26979,0.26491,0.27468,0.28006,0.28006,0.28495,0.29472,0.30499,0.31965,0.34506,0.38514,0.40469,0.3998,0.435,0.47019,0.45992,0.435,0.3998,0.35973,0.33969,0.31476,0.28006,0.26491,0.26491,0.26491,0.26002,0.26002,0.22972,0.15494,0.14467,0.43988,0.97556,1.3206,1.0606,0.68035,0.47996,0.37488,0.29472,0.22483,0.20968,0.21457,0.21994,0.22972,0.2346,0.24487,0.26002,0.27468,0.28006,0.3001,0.31476,0.3348,0.35973,0.37977,0.3998,0.435,0.47019,0.51515,0.565,0.60508,0.64027,0.65494,0.65005,0.6349,0.6002,0.55523,0.50489,0.45992,0.41496,0.36999,0.33969,0.31476,0.3001,0.28495,0.28006,0.28006,0.28006,0.27468,0.27468,0.26979,0.27468,0.26491,0.26979,0.26979,0.28006,0.28495,0.3001,0.30499,0.31476,0.32991,0.35484,0.39492,0.41496,0.41007,0.45015,0.47507,0.46481,0.44477,0.40469,0.36999,0.34506,0.31965,0.28495,0.28006,0.28006,0.27468,0.27468,0.26979,0.23998,0.1696,0.16471,0.45503,1.0054,1.2957,1.0303,0.6652,0.49511,0.39492,0.31476,0.23998,0.22972,0.22483,0.2346,0.24487,0.24976,0.26002,0.26979,0.28006,0.29472,0.30499,0.32502,0.34506,0.3651,0.39003,0.41496,0.43988,0.47507,0.52004,0.56989,0.60997,0.64027,0.65494,0.65494,0.6349,0.60508,0.56012,0.51515,0.47507,0.41984,0.39003,0.34995,0.32502,0.30987,0.3001,0.28983,0.29472,0.28983,0.28495,0.28495,0.28006,0.28006,0.28006,0.28495,0.28495,0.29472,0.3001,0.31965,0.32502,0.32502,0.32991,0.34506,0.35973,0.3998,0.43011,0.41984,0.43988,0.47996,0.47019,0.45015,0.41984,0.37977,0.35484,0.33969,0.30499,0.3001,0.28006,0.28495,0.28495,0.28495,0.27468,0.1999,0.18475,0.39492,0.89541,1.2805,1.0704,0.73021,0.54497,0.44477,0.34995,0.26491,0.23998,0.2346,0.2346,0.24487,0.26002,0.26491,0.28006,0.28495,0.30499,0.30987,0.32991,0.34995,0.37488,0.39492,0.41984,0.44477,0.47996,0.52493,0.57527,0.61486,0.65494,0.68035,0.67009,0.65005,0.63001,0.58993,0.54497,0.50489,0.45503,0.41984,0.37977,0.35484,0.33969,0.32991,0.31965,0.30987,0.30499,0.30499,0.3001,0.3001,0.29472,0.3001,0.30499,0.30499,0.31476,0.32991,0.33969,0.34506,0.34506,0.35484,0.3651,0.35484,0.34995,0.3651,0.38514,0.41496,0.42473,0.42473,0.46481,0.49022,0.47507,0.45992,0.41984,0.37977,0.34995,0.32991,0.31476,0.30499,0.30499,0.30987,0.30499,0.30499,0.26979,0.20479,0.28006,0.59531,1.1354,1.3104,0.93548,0.63001,0.5,0.41007,0.31965,0.26979,0.26491,0.27468,0.26491,0.27468,0.28983,0.3001,0.30499,0.31965,0.32991,0.34995,0.35973,0.38514,0.3998,0.41496,0.45015,0.47996,0.51515,0.55523,0.60508,0.64516,0.67498,0.70039,0.69013,0.67009,0.64027,0.60508,0.565,0.51515,0.46481,0.43011,0.3998,0.36999,0.33969,0.3348,0.32991,0.32502,0.31476,0.31476,0.31476,0.31476,0.31476,0.31965,0.32502,0.32991,0.33969,0.34995,0.34995,0.3651,0.36999,0.37488,0.37488,0.37488,0.37488,0.37488,0.37977,0.41007,0.43011,0.43011,0.45015,0.49022,0.48485,0.47507,0.44477,0.3998,0.37488,0.35484,0.32502,0.30499,0.30499,0.30499,0.30499,0.3001,0.26979,0.1999,0.19501,0.47996,0.9956,1.3504,1.0704,0.70528,0.50489,0.40469,0.32502,0.26002,0.24487,0.24976,0.24976,0.26002,0.26002,0.27468,0.28006,0.28983,0.30499,0.31965,0.3348,0.34995,0.36999,0.39003,0.41496,0.43988,0.47507,0.52004,0.57527,0.62512,0.66031,0.68035,0.69013,0.67498,0.64516,0.6002,0.55523,0.50489,0.45503,0.41007,0.36999,0.3348,0.30987,0.29472,0.28495,0.28006,0.28006,0.27468,0.26491,0.26491,0.26491,0.26491,0.26491,0.26491,0.27468,0.28006,0.29472,0.3001,0.30499,0.30987,0.32502,0.3348,0.36999,0.3998,0.3998,0.39492,0.45503,0.45503,0.44477,0.41984,0.37488,0.34506,0.32502,0.29472,0.28006,0.26979,0.27468,0.26979,0.26979,0.24976,0.17498,0.15494,0.39492,0.91544,1.3358,1.1202,0.72532,0.49511,0.38514,0.31476,0.23998,0.20968,0.20968,0.20968,0.21994,0.22972,0.23998,0.24976,0.26002,0.27468,0.29472,0.30499,0.32991,0.34995,0.3651,0.39492,0.43011,0.46481,0.50978,0.565,0.60997,0.65005,0.68035,0.68524,0.67009,0.6349,0.58993,0.54497,0.49022,0.43988,0.3998,0.35973,0.32502,0.30499,0.28983,0.28006,0.28006,0.28006,0.26979,0.26491,0.26002,0.26491,0.26002,0.26002,0.26491,0.26491,0.28006,0.28006,0.29472,0.30499,0.31476,0.31965,0.3348,0.36999,0.41007,0.41496,0.41007,0.45992,0.47019,0.45992,0.43011,0.39492,0.35484,0.3348,0.30499,0.28006,0.28006,0.28006,0.28006,0.28006,0.26979,0.20479,0.1696,0.30499,0.74536,1.2757,1.3407,0.84506,0.56012,0.43011,0.34995,0.26979,0.2346,0.22972,0.2346,0.2346,0.24487,0.25464,0.26002,0.26979,0.28495,0.3001,0.31965,0.3348,0.35484,0.37488,0.39492,0.41984,0.45992,0.5,0.54985,0.59531,0.64516,0.6652,0.68524,0.67498,0.65005,0.61486,0.565,0.50978,0.45992,0.41496,0.37488,0.34506,0.32502,0.30499,0.3001,0.28983,0.28983,0.28495,0.28006,0.28495,0.28006,0.27468,0.27468,0.28006,0.28006,0.28495,0.29472,0.30499,0.30987,0.32502,0.33969,0.37977,0.41496,0.42473,0.41984,0.47019,0.48485,0.47507,0.44477,0.40469,0.36999,0.34995,0.32502,0.29472,0.28495,0.28495,0.28495,0.28006,0.26979,0.22483,0.1696,0.26002,0.61486,1.1755,1.3055,0.90518,0.6002,0.47996,0.38514,0.29472,0.24487,0.23998,0.23998,0.23998,0.24976,0.26002,0.26979,0.28006,0.28983,0.30499,0.31965,0.33969,0.3651,0.37977,0.3998,0.43011,0.45992,0.5,0.54497,0.59531,0.64027,0.6652,0.68035,0.67009,0.65005,0.61486,0.56989,0.52493,0.47507,0.43011,0.39492,0.3651,0.3348,0.31965,0.30987,0.30499,0.30499,0.3001,0.29472,0.28495,0.28983,0.28983,0.3001,0.30499,0.30499,0.30987,0.32991,0.34506,0.34506,0.34506,0.35973,0.37977,0.41984,0.435,0.435,0.45503,0.49511,0.49022,0.47019,0.435,0.39492,0.3651,0.33969,0.32502,0.30499,0.3001,0.3001,0.30499,0.3001,0.28495,0.20968,0.19501,0.41007,0.88514,1.3055,1.0855,0.73998,0.52493,0.435,0.34995,0.28006,0.26002,0.26002,0.26002,0.26979,0.26979,0.28495,0.3001,0.30499,0.32502,0.33969,0.34995,0.36999,0.38514,0.3998,0.435,0.46481,0.5,0.54008,0.58993,0.6349,0.67498,0.69501,0.70528,0.68524,0.66031,0.62512,0.58016,0.53519,0.49022,0.45015,0.41496,0.37977,0.3651,0.34995,0.3348,0.32502,0.31965,0.32991,0.32502,0.32502,0.32991,0.32991,0.32991,0.3348,0.34506,0.35484,0.35973,0.3651,0.37488,0.37977,0.3998,0.43011,0.44477,0.435,0.47507,0.49511,0.47996,0.46481,0.43011,0.37977,0.3651,0.33969,0.30499,0.29472,0.28495,0.28495,0.28006,0.28006,0.26002,0.17498,0.16471,0.45015,0.9956,1.3006,1.0103,0.64516,0.45992,0.3651,0.29472,0.22972,0.21994,0.21994,0.22972,0.2346,0.23998,0.25464,0.26002,0.26979,0.28983,0.30499,0.32502,0.3348,0.35973,0.37488,0.40469,0.43988,0.47019,0.50978,0.565,0.61486,0.65005,0.6652,0.66031,0.65005,0.61486,0.56989,0.52004,0.47019,0.41984,0.37977,0.33969,0.30987,0.29472,0.28006,0.27468,0.26979,0.26002,0.26491,0.26002,0.26002,0.26002,0.26002,0.26979,0.26979,0.28006,0.28983,0.3001,0.30499,0.31476,0.3348,0.37488,0.3998,0.39492,0.41496,0.45992,0.45015,0.435,0.40469,0.3651,0.3348,0.31476,0.28006,0.26491,0.26002,0.26002,0.26002,0.26002,0.24487,0.16471,0.14956,0.36999,0.89052,1.3255,1.1256,0.71994,0.48485,0.37977,0.30499,0.22972,0.20968,0.20968,0.21457,0.21994,0.22972,0.23998,0.24976,0.26002,0.28006,0.29472,0.30987,0.32502,0.34506,0.3651,0.39003,0.41984,0.45503,0.5,0.54497,0.59531,0.63001,0.65494,0.65494,0.64027,0.60997,0.56989,0.52004,0.47507,0.42473,0.37977,0.34995,0.32502,0.30499,0.28983,0.28495,0.28006,0.27468,0.26979,0.27468,0.26979,0.26491,0.26979,0.26979,0.26979,0.28006,0.28006,0.29472,0.30499,0.31476,0.33969,0.38514,0.41007,0.41984,0.41007,0.47507,0.46481,0.45503,0.41984,0.37977,0.34995,0.32991,0.3001,0.28006,0.28006,0.28006,0.28006,0.28983,0.26491,0.18475,0.15494,0.3348,0.84506,1.2957,1.1305,0.73998,0.50978,0.3998,0.32991,0.24976,0.21457,0.21457,0.22483,0.2346,0.23998,0.24976,0.26002,0.27468,0.28495,0.3001,0.31476,0.32991,0.35484,0.37488,0.40469,0.435,0.46481,0.50978,0.56012,0.60508,0.6349,0.65494,0.6652,0.65005,0.61486,0.56989,0.52981,0.47996,0.435,0.39492,0.35484,0.32502,0.30987,0.30499,0.3001,0.28983,0.28983,0.28006,0.28006,0.28006,0.28006,0.28006,0.28983,0.28983,0.30499,0.30499,0.31965,0.32991,0.34506,0.35484,0.37977,0.41984,0.44477,0.43011,0.46481,0.49511,0.48485,0.46481,0.43011,0.39003,0.3651,0.34506,0.30987,0.3001,0.29472,0.28983,0.28983,0.28495,0.26491,0.18964,0.17986,0.45015,0.9653,1.2757,1.0054,0.68524,0.52493,0.43011,0.32991,0.25464,0.23998,0.24487,0.24976,0.26002,0.26491,0.27468,0.28495,0.3001,0.30987,0.32991,0.34506,0.35973,0.38514,0.41007,0.43011,0.45992,0.49511,0.54008,0.58504,0.62512,0.65494,0.67498,0.6652,0.65494,0.63001,0.58504,0.54008,0.49511,0.44477,0.40469,0.37977,0.34995,0.32991,0.30987,0.30499,0.3001,0.29472,0.28983,0.28983,0.3001,0.3001,0.30499,0.30499,0.30987,0.31965,0.32991,0.3348,0.33969,0.34995,0.35973,0.3651,0.39003,0.41984,0.43011,0.42473,0.46481,0.49022,0.47996,0.45992,0.41984,0.39003,0.3651,0.32991,0.30987,0.3001,0.29472,0.30499,0.30499,0.3001,0.26002,0.18964,0.25464,0.57527,1.1256,1.2908,0.91544,0.62023,0.48485,0.39003,0.31476,0.26002,0.24487,0.24976,0.26002,0.26491,0.28006,0.28495,0.3001,0.30499,0.32502,0.3348,0.34995,0.37488,0.39003,0.3998,0.435,0.46481,0.50489,0.54497,0.59531,0.6349,0.67009,0.68035,0.67498,0.65494,0.63001,0.58993,0.54497,0.49511,0.45503,0.41496,0.39492,0.36999,0.33969,0.3348,0.32991,0.30987,0.30499,0.30499,0.30499,0.30987,0.30987,0.31965,0.32502,0.32991,0.33969,0.34995,0.35973,0.35973,0.3651,0.37488,0.3998,0.42473,0.435,0.43011,0.49022,0.5,0.47507,0.44477,0.41007,0.37977,0.36999,0.34506,0.31476,0.30499,0.3001,0.3001,0.30499,0.3001,0.24487,0.18964,0.28495,0.64516,1.1906,1.3304,0.90029,0.6002,0.47019,0.38514,0.30499,0.25464,0.24976,0.24976,0.25464,0.26491,0.26979,0.28006,0.28983,0.30499,0.31476,0.3348,0.34995,0.36999,0.39003,0.41496,0.435,0.47019,0.50489,0.54985,0.6002,0.64516,0.67009,0.68035,0.67498,0.65005,0.61486,0.56989,0.51515,0.47019,0.43011,0.39003,0.35484,0.32502,0.30499,0.29472,0.28495,0.28006,0.27468,0.26979,0.26491,0.26979,0.28006,0.28006,0.28495,0.29472,0.3001,0.30499,0.31476,0.32991,0.34995,0.38514,0.41007,0.40469,0.3998,0.46481,0.45992,0.43988,0.40469,0.36999,0.33969,0.32502,0.28495,0.26979,0.26491,0.26002,0.26002,0.26002,0.23998,0.15982,0.13978,0.36999,0.88025,1.3206,1.1056,0.71994,0.48485,0.37977,0.30987,0.22972,0.20968,0.20968,0.20968,0.21994,0.2346,0.24487,0.25464,0.26491,0.28006,0.29472,0.30987,0.32991,0.34995,0.36999,0.39492,0.41984,0.45992,0.50489,0.55523,0.60508,0.6349,0.65494,0.66031,0.64516,0.60508,0.56989,0.51515,0.46481,0.41984,0.37977,0.34506,0.31476,0.28983,0.28006,0.27468,0.26979,0.26491,0.26491,0.26002,0.26491,0.26002,0.26002,0.26002,0.26002,0.26491,0.26979,0.28006,0.29472,0.31965,0.3651,0.3998,0.3998,0.39492,0.45992,0.45015,0.43988,0.40469,0.36999,0.33969,0.31965,0.28495,0.26979,0.26002,0.26002,0.26002,0.25464,0.24487,0.17498,0.14467,0.3001,0.77028,1.2556,1.2757,0.7654,0.52004,0.41007,0.32991,0.24976,0.20968,0.20968,0.21457,0.22483,0.2346,0.23998,0.24976,0.26002,0.27468,0.28495,0.30499,0.32502,0.33969,0.35973,0.39003,0.41984,0.44477,0.49511,0.54497,0.58993,0.63001,0.65494,0.65494,0.6349,0.60997,0.56989,0.52493,0.47507,0.43011,0.39003,0.34995,0.32502,0.30499,0.29472,0.28495,0.28006,0.27468,0.27468,0.26979,0.26491,0.26979,0.26491,0.26979,0.27468,0.28006,0.28983,0.3001,0.30987,0.31965,0.34506,0.37977,0.41984,0.41007,0.40469,0.47019,0.46481,0.45015,0.41984,0.37977,0.34995,0.32502,0.29472,0.28006,0.27468,0.26979,0.27468,0.26979,0.26002,0.19501,0.15982,0.30499,0.75513,1.2307,1.2454,0.7654,0.52981,0.42473,0.34995,0.26491,0.22972,0.2346,0.2346,0.2346,0.24487,0.25464,0.26491,0.27468,0.28006,0.3001,0.31965,0.3348,0.35973,0.37977,0.3998,0.43011,0.47019,0.50489,0.55523,0.6002,0.6349,0.65494,0.6652,0.65494,0.63001,0.58504,0.54985,0.50489,0.45992,0.41984,0.38514,0.35973,0.3348,0.31965,0.31476,0.30499,0.30987,0.30499,0.30499,0.30499,0.3001,0.30499,0.30499,0.30987,0.31965,0.31965,0.32991,0.3348,0.34506,0.35484,0.36999,0.39492,0.42473,0.44477,0.44477,0.47996,0.5,0.5,0.47507,0.44477,0.40469,0.37488,0.35484,0.32991,0.31476,0.30987,0.31476,0.30987,0.30987,0.27468,0.20479,0.23998,0.47996,1.0005,1.2908,1.0005,0.67498,0.52004,0.435,0.33969,0.27468,0.26491,0.26491,0.26491,0.26979,0.28006,0.28983,0.30499,0.31476,0.32991,0.33969,0.35484,0.37977,0.3998,0.41007,0.435,0.47019,0.50978,0.55523,0.59531,0.64027,0.67498,0.69013,0.68524,0.6652,0.6349,0.6002,0.56012,0.50978,0.46481,0.43011,0.39492,0.36999,0.34995,0.3348,0.32502,0.30499,0.30499,0.30499,0.30987,0.30499,0.30987,0.31476,0.31965,0.32991,0.3348,0.34506,0.35484,0.3651,0.3651,0.37488,0.37488,0.39492,0.42473,0.43988,0.43011,0.47996,0.5,0.48485,0.45992,0.41496,0.37488,0.35484,0.33969,0.30987,0.30499,0.29472,0.3001,0.3001,0.29472,0.24976,0.18475,0.24976,0.55523,1.1056,1.2908,0.93548,0.62512,0.48485,0.3998,0.31476,0.26002,0.25464,0.26002,0.26002,0.26979,0.28006,0.28983,0.3001,0.30987,0.31965,0.34506,0.36999,0.37977,0.3998,0.41496,0.43988,0.47507,0.50978,0.54985,0.60508,0.6349,0.6652,0.68035,0.68035,0.6652,0.63001,0.58504,0.54008,0.49511,0.45015,0.41007,0.37488,0.34506,0.32991,0.31965,0.30499,0.30499,0.3001,0.29472,0.28983,0.29472,0.29472,0.3001,0.30499,0.31476,0.31965,0.32991,0.32991,0.33969,0.34995,0.36999,0.41007,0.41984,0.41496,0.45503,0.47507,0.45992,0.43988,0.40469,0.36999,0.33969,0.31476,0.28495,0.28006,0.27468,0.27468,0.26979,0.26491,0.2346,0.15494,0.1999,0.47996,1.0503,1.2805,0.96041,0.62023,0.45015,0.35484,0.28495,0.22483,0.21457,0.21457,0.21994,0.22972,0.2346,0.24487,0.26002,0.26491,0.28006,0.3001,0.31476,0.32991,0.34995,0.36999,0.39492,0.43011,0.47019,0.52004,0.56989,0.60997,0.64516,0.66031,0.65494,0.63001,0.59531,0.54985,0.5,0.45015,0.40469,0.35973,0.32991,0.30499,0.28006,0.28006,0.27468,0.26491,0.26002,0.26002,0.26002,0.26002,0.26002,0.26491,0.26979,0.27468,0.28006,0.28495,0.29472,0.30499,0.32502,0.35973,0.39492,0.3998,0.3998,0.45015,0.45992,0.43988,0.41496,0.36999,0.33969,0.31476,0.28983,0.26002,0.25464,0.25464,0.25464,0.25464,0.24487,0.18964,0.13978,0.26491,0.67009,1.2204,1.3006,0.84506,0.54008,0.41496,0.3348,0.24976,0.20968,0.20968,0.20968,0.21994,0.22483,0.2346,0.24487,0.26002,0.26491,0.28006,0.3001,0.31476,0.32991,0.35484,0.37488,0.41007,0.43988,0.47507,0.52981,0.57527,0.62023,0.64027,0.65005,0.6349,0.60997,0.57527,0.52493,0.47996,0.435,0.39492,0.35484,0.32502,0.30499,0.28983,0.28006,0.27468,0.28006,0.27468,0.27468,0.26979,0.26491,0.26491,0.26491,0.27468,0.28495,0.28495,0.3001,0.30499,0.32991,0.35484,0.3998,0.42473,0.41984,0.45015,0.47507,0.47019,0.45015,0.41496,0.37488,0.34506,0.32502,0.28983,0.27468,0.27468,0.26979,0.26491,0.26979,0.23998,0.1696,0.15982,0.43988,0.95552,1.2654,1.0103,0.6652,0.49022,0.3998,0.31965,0.24487,0.22972,0.22972,0.23998,0.24976,0.25464,0.26491,0.27468,0.28495,0.3001,0.30499,0.32502,0.33969,0.35973,0.37977,0.40469,0.43988,0.47507,0.51515,0.56989,0.60997,0.64027,0.65494,0.66031,0.6349,0.60508,0.565,0.52004,0.47507,0.43011,0.39492,0.36999,0.33969,0.32991,0.30499,0.30499,0.3001,0.29472,0.28983,0.3001,0.3001,0.29472,0.28983,0.29472,0.30499,0.30499,0.31476,0.32991,0.34995,0.37488,0.41984,0.43011,0.42473,0.45992,0.49022,0.49022,0.46481,0.41984,0.38514,0.35973,0.3348,0.30499,0.30499,0.3001,0.29472,0.28983,0.28495,0.26491,0.19501,0.18964,0.45992,0.9956,1.2757,0.98534,0.67009,0.52493,0.435,0.33969,0.26491,0.24976,0.24976,0.25464,0.26491,0.27468,0.28495,0.3001,0.30987,0.32991,0.33969,0.34995,0.37977,0.39492,0.41007,0.43988,0.47019,0.5,0.54985,0.58993,0.64516,0.6652,0.67498,0.68035,0.6652,0.63001,0.58504,0.54008,0.5,0.45992,0.41984,0.37977,0.35973,0.34506,0.32502,0.31965,0.32502,0.30987,0.30499,0.31476,0.30987,0.31965,0.32991,0.3348,0.34506,0.34995,0.34995,0.37488,0.41007,0.435,0.44477,0.44477,0.47996,0.50978,0.51515,0.47996,0.43988,0.40469,0.37977,0.35973,0.31965,0.30987,0.31965,0.31965,0.30499,0.30987,0.28983,0.20968,0.19501,0.47996,1.0054,1.3104,1.0303,0.70528,0.52981,0.435,0.34506,0.27468,0.26002,0.26002,0.26979,0.28006,0.28495,0.29472,0.30499,0.31476,0.32991,0.34995,0.3651,0.37488,0.3998,0.42473,0.44477,0.47507,0.51515,0.56012,0.60508,0.65005,0.67498,0.68524,0.68035,0.65494,0.62512,0.58504,0.52981,0.48485,0.44477,0.40469,0.36999,0.33969,0.32502,0.30987,0.3001,0.29472,0.28495,0.28495,0.28006,0.28006,0.28006,0.28495,0.3001,0.30499,0.31476,0.32502,0.34506,0.37977,0.3998,0.3998,0.42473,0.46481,0.45503,0.435,0.3998,0.35973,0.3348,0.30987,0.27468,0.26002,0.25464,0.24976,0.24976,0.24976,0.22972,0.15494,0.12463,0.3348,0.84018,1.2908,1.0753,0.69013,0.45992,0.35484,0.28983,0.21994,0.1999,0.1999,0.20479,0.20968,0.22483,0.2346,0.24976,0.26002,0.27468,0.28495,0.30499,0.31965,0.34506,0.3651,0.39003,0.41984,0.45503,0.5,0.54497,0.58993,0.62512,0.6349,0.64027,0.61486,0.58504,0.54497,0.5,0.45015,0.40469,0.3651,0.32991,0.3001,0.28495,0.28006,0.26979,0.26002,0.26002,0.26002,0.25464,0.26002,0.26002,0.26002,0.26002,0.26491,0.28006,0.3001,0.3348,0.37488,0.38514,0.37977,0.44477,0.45992,0.44477,0.41984,0.38514,0.34506,0.31965,0.29472,0.26491,0.26002,0.26002,0.25464,0.24976,0.24976,0.20479,0.1349,0.20968,0.56989,1.1202,1.2708,0.89052,0.57527,0.44477,0.34995,0.26979,0.20479,0.19501,0.1999,0.20968,0.21457,0.22972,0.23998,0.25464,0.26002,0.28006,0.28983,0.30987,0.32991,0.34995,0.37488,0.40469,0.43988,0.47507,0.52493,0.56989,0.60508,0.63001,0.6349,0.62512,0.6002,0.56012,0.51515,0.47019,0.42473,0.37977,0.34506,0.32502,0.30499,0.28495,0.28006,0.28006,0.27468,0.26979,0.26979,0.26979,0.26491,0.26979,0.27468,0.28006,0.28495,0.30499,0.3348,0.38514,0.3998,0.40469,0.44477,0.47507,0.46481,0.45015,0.41496,0.37488,0.34506,0.32502,0.28983,0.28006,0.27468,0.26979,0.26979,0.26002,0.24487,0.16471,0.14956,0.37488,0.89541,1.2507,1.0303,0.6652,0.47996,0.39003,0.31476,0.23998,0.21457,0.21457,0.22483,0.2346,0.24487,0.24976,0.26491,0.28006,0.29472,0.30987,0.31965,0.33969,0.35973,0.39003,0.41496,0.43988,0.47019,0.52004,0.56989,0.60997,0.6349,0.65005,0.64027,0.61486,0.58993,0.55523,0.50978,0.45992,0.41984,0.38514,0.35484,0.32991,0.30987,0.3001,0.29472,0.29472,0.28495,0.28495,0.28006,0.28495,0.28495,0.28495,0.28495,0.29472,0.30987,0.3348,0.37977,0.41007,0.42473,0.43988,0.49022,0.48485,0.49022,0.45503,0.40469,0.3651,0.35973,0.3348,0.30987,0.30499,0.3001,0.30499,0.30499,0.29472,0.24487,0.18964,0.25464,0.60508,1.1554,1.2957,0.90518,0.62023,0.5,0.40469,0.31965,0.26002,0.24487,0.24976,0.26002,0.26491,0.27468,0.28983,0.3001,0.30499,0.31965,0.33969,0.35973,0.37488,0.3998,0.42473,0.44477,0.47507,0.52493,0.56989,0.60508,0.63001,0.66031,0.67498,0.66031,0.6349,0.6002,0.56012,0.52004,0.47507,0.43011,0.39492,0.37488,0.35973,0.3348,0.32991,0.32502,0.31476,0.30987,0.31965,0.31476,0.30987,0.31965,0.31965,0.32991,0.34506,0.34995,0.36999,0.41007,0.43988,0.44477,0.45015,0.5,0.50978,0.49022,0.46481,0.42473,0.38514,0.3651,0.34506,0.31965,0.30499,0.30499,0.30987,0.31476,0.30499,0.25464,0.18964,0.26979,0.6349,1.2053,1.3255,0.89052,0.6002,0.47996,0.38514,0.30987,0.26002,0.24976,0.26002,0.26491,0.26491,0.28006,0.28983,0.30499,0.31476,0.32991,0.34995,0.3651,0.37977,0.3998,0.41984,0.45015,0.48485,0.52004,0.56989,0.61486,0.65494,0.67498,0.67498,0.66031,0.64516,0.60508,0.56012,0.50978,0.47507,0.43011,0.39003,0.35484,0.33969,0.31965,0.31965,0.31476,0.30499,0.3001,0.28983,0.28983,0.29472,0.30499,0.30499,0.31476,0.31965,0.32991,0.34506,0.36999,0.40469,0.41984,0.41007,0.45992,0.47507,0.47019,0.44477,0.41007,0.36999,0.34506,0.31965,0.29472,0.28006,0.27468,0.27468,0.26979,0.27468,0.2346,0.15982,0.20968,0.52493,1.1056,1.3055,0.96041,0.62512,0.47019,0.36999,0.28495,0.22972,0.21457,0.21994,0.21994,0.22972,0.2346,0.23998,0.26002,0.26979,0.28006,0.3001,0.30987,0.32991,0.34995,0.37488,0.40469,0.43988,0.47507,0.52004,0.56989,0.60997,0.6349,0.64516,0.6349,0.61486,0.58016,0.52981,0.48485,0.435,0.39492,0.35484,0.32502,0.30499,0.28495,0.28006,0.26979,0.27468,0.26491,0.26491,0.26491,0.26002,0.26002,0.26491,0.26491,0.28006,0.28006,0.29472,0.32502,0.3651,0.3998,0.39492,0.39003,0.45992,0.44477,0.43988,0.40469,0.36999,0.33969,0.31965,0.28495,0.26491,0.26002,0.25464,0.26002,0.25464,0.24487,0.17498,0.13978,0.29472,0.7654,1.2708,1.2957,0.77028,0.50978,0.39003,0.31965,0.23998,0.20968,0.20479,0.20968,0.21994,0.22483,0.2346,0.24487,0.26002,0.27468,0.28983,0.30499,0.32502,0.33969,0.35484,0.38514,0.41007,0.44477,0.49022,0.53519,0.58504,0.61486,0.6349,0.64027,0.62512,0.58993,0.55523,0.50978,0.45992,0.41496,0.36999,0.33969,0.30987,0.29472,0.28006,0.28006,0.27468,0.26979,0.26491,0.26979,0.26491,0.26002,0.26491,0.26979,0.26979,0.28006,0.28006,0.28983,0.30987,0.34506,0.39492,0.3998,0.40469,0.45503,0.47507,0.46481,0.43988,0.3998,0.3651,0.33969,0.31476,0.28495,0.28006,0.28006,0.27468,0.26491,0.26002,0.22972,0.15982,0.21457,0.52004,1.0753,1.2654,0.96041,0.61486,0.47019,0.37977,0.28983,0.22483,0.21457,0.21994,0.22483,0.2346,0.24487,0.25464,0.26979,0.28006,0.29472,0.30987,0.32502,0.34506,0.3651,0.38514,0.41496,0.44477,0.48485,0.52981,0.57527,0.60997,0.64027,0.65005,0.64027,0.62023,0.58504,0.54008,0.49511,0.45015,0.40469,0.36999,0.33969,0.31965,0.30499,0.3001,0.3001,0.28983,0.28495,0.28495,0.28983,0.28495,0.28983,0.28006,0.28006,0.29472,0.3001,0.30499,0.31476,0.32991,0.34995,0.39492,0.42473,0.43011,0.42473,0.49022,0.49511,0.47507,0.43988,0.39492,0.3651,0.33969,0.31476,0.29472,0.28983,0.28006,0.28495,0.28495,0.28006,0.22483,0.18475,0.30987,0.72532,1.2356,1.2805,0.82502,0.56989,0.47019,0.38514,0.29472,0.24976,0.23998,0.25464,0.26491,0.27468,0.28495,0.28983,0.29472,0.30987,0.32502,0.33969,0.3651,0.37977,0.40469,0.42473,0.45015,0.47507,0.52004,0.565,0.60508,0.64516,0.67009,0.68035,0.66031,0.6349,0.60997,0.565,0.52004,0.47019,0.42473,0.39003,0.3651,0.34995,0.3348,0.32502,0.31965,0.31965,0.30987,0.30499,0.30499,0.30987,0.30499,0.31476,0.32991,0.32991,0.32991,0.34995,0.35973,0.36999,0.37977,0.40469,0.43988,0.45015,0.45015,0.48485,0.50978,0.49511,0.47507,0.435,0.3998,0.37488,0.34995,0.32502,0.31965,0.31476,0.31476,0.31476,0.30987,0.28006,0.20968,0.20479,0.48485,1.0352,1.3255,1.0303,0.68524,0.50489,0.41496,0.33969,0.27468,0.26002,0.26002,0.26491,0.26979,0.28006,0.28983,0.3001,0.30499,0.32502,0.3348,0.34995,0.36999,0.39003,0.40469,0.43011,0.45992,0.5,0.54497,0.58993,0.63001,0.66031,0.68035,0.68035,0.65494,0.63001,0.58993,0.54008,0.48485,0.43988,0.41007,0.36999,0.34506,0.32502,0.30987,0.30499,0.3001,0.3001,0.28983,0.28495,0.28006,0.28006,0.28495,0.28983,0.3001,0.30499,0.30987,0.31965,0.31965,0.3348,0.37488,0.41496,0.41984,0.41007,0.46481,0.47996,0.47019,0.435,0.39003,0.34995,0.34506,0.31476,0.28983,0.28495,0.28495,0.28983,0.28006,0.26979,0.22483,0.17986,0.28495,0.65494,1.2204,1.3255,0.89052,0.6002,0.47996,0.37977,0.28983,0.2346,0.2346,0.23998,0.24976,0.26002,0.26491,0.28006,0.29472,0.30499,0.31965,0.32991,0.34506,0.36999,0.39003,0.41496,0.43988,0.46481,0.50978,0.56012,0.60997,0.65005,0.67498,0.68035,0.67009,0.64516,0.60997,0.56989,0.52004,0.47019,0.41984,0.38514,0.34995,0.32991,0.31476,0.30499,0.3001,0.29472,0.28495,0.28983,0.28006,0.28006,0.28006,0.28495,0.28495,0.28983,0.30499,0.30987,0.32502,0.34506,0.37488,0.41007,0.42473,0.41984,0.47019,0.47996,0.47019,0.43988,0.40469,0.36999,0.33969,0.30987,0.28495,0.28006,0.26491,0.26979,0.26002,0.26002,0.21457,0.13978,0.21457,0.56012,1.1354,1.3055,0.91544,0.57527,0.43011,0.33969,0.26979,0.21457,0.20968,0.21457,0.21994,0.22972,0.2346,0.24976,0.26002,0.27468,0.28495,0.30499,0.32502,0.33969,0.3651,0.39003,0.41496,0.45015,0.48485,0.53519,0.58016,0.62023,0.64516,0.65494,0.64516,0.62023,0.58016,0.54008,0.48485,0.43988,0.39492,0.34995,0.32502,0.3001,0.28983,0.28006,0.27468,0.26979,0.26979,0.26491,0.26002,0.26002,0.26002,0.26002,0.26491,0.26979,0.28006,0.28495,0.30499,0.3348,0.37977,0.40469,0.3998,0.435,0.47019,0.45992,0.44477,0.40469,0.36999,0.33969,0.31476,0.28495,0.26979,0.26491,0.26491,0.26002,0.26002,0.23998,0.15982,0.13978,0.37488,0.90518,1.2654,1.0303,0.66031,0.47019,0.37977,0.30499,0.22972,0.20968,0.20968,0.20968,0.21994,0.2346,0.24487,0.26002,0.26979,0.28495,0.30499,0.31965,0.3348,0.34995,0.37977,0.3998,0.435,0.47019,0.52004,0.56012,0.60508,0.63001,0.64516,0.64516,0.63001,0.59531,0.55523,0.50978,0.46481,0.41984,0.37977,0.34506,0.32991,0.30499,0.29472,0.3001,0.29472,0.28495,0.27468,0.27468,0.28006,0.28006,0.28006,0.28006,0.3001,0.30499,0.31965,0.33969,0.38514,0.41496,0.41984,0.44477,0.49022,0.47996,0.46481,0.435,0.39492,0.3651,0.33969,0.30987,0.28495,0.28006,0.28006,0.28495,0.28495,0.26979,0.1999,0.1696,0.3348,0.81036,1.2654,1.1153,0.76002,0.54985,0.45503,0.35973,0.27468,0.23998,0.2346,0.24487,0.25464,0.26491,0.27468,0.28495,0.30499,0.30987,0.32502,0.34506,0.3651,0.39003,0.40469,0.42473,0.45015,0.47996,0.52981,0.57527,0.62023,0.65005,0.6652,0.66031,0.64516,0.61486,0.58016,0.54008,0.49511,0.44477,0.41007,0.38514,0.34995,0.33969,0.32991,0.31965,0.30987,0.31476,0.30499,0.30499,0.30987,0.31965,0.31965,0.32991,0.33969,0.34995,0.35973,0.39003,0.42473,0.44477,0.45015,0.49022,0.52493,0.50978,0.48485,0.45015,0.40469,0.37977,0.35973,0.32991,0.31965,0.30987,0.30499,0.30987,0.30499,0.28983,0.21457,0.18964,0.37977,0.88025,1.3104,1.1056,0.74536,0.54008,0.45015,0.34995,0.28006,0.26002,0.26002,0.26491,0.26979,0.28006,0.28983,0.3001,0.31476,0.32991,0.34506,0.35973,0.37977,0.3998,0.41007,0.43988,0.47507,0.50489,0.54985,0.6002,0.64027,0.67009,0.68035,0.68035,0.6652,0.64027,0.58993,0.54497,0.50489,0.46481,0.42473,0.39003,0.3651,0.34995,0.32991,0.32991,0.31965,0.31965,0.31965,0.30987,0.32502,0.32502,0.31965,0.32991,0.33969,0.34995,0.35484,0.39003,0.43011,0.43988,0.435,0.47507,0.50489,0.49022,0.47019,0.435,0.39492,0.3651,0.34506,0.30987,0.3001,0.28983,0.28983,0.28495,0.28006,0.25464,0.1696,0.15494,0.40469,0.95552,1.3006,1.0455,0.69013,0.49511,0.39003,0.30987,0.2346,0.21457,0.21457,0.21994,0.22972,0.23998,0.24976,0.26002,0.26979,0.28495,0.30499,0.30987,0.32991,0.34995,0.36999,0.3998,0.435,0.47507,0.52004,0.56012,0.6002,0.62512,0.64516,0.6349,0.61486,0.58016,0.54008,0.49511,0.45015,0.40469,0.36999,0.3348,0.30987,0.29472,0.28495,0.28006,0.28006,0.26979,0.26491,0.26491,0.26002,0.26491,0.26979,0.28006,0.28006,0.3001,0.32502,0.36999,0.39492,0.39003,0.41496,0.46481,0.45992,0.43988,0.41007,0.36999,0.34506,0.31965,0.28495,0.26491,0.26491,0.26002,0.26002,0.26002,0.23998,0.1696,0.13978,0.31476,0.78006,1.2708,1.1202,0.74536,0.49511,0.38514,0.31476,0.2346,0.20968,0.20968,0.20968,0.21457,0.22972,0.2346,0.24487,0.26002,0.26979,0.28495,0.3001,0.32502,0.33969,0.3651,0.38514,0.41984,0.45503,0.5,0.54497,0.58504,0.62023,0.6349,0.6349,0.62023,0.58504,0.54497,0.5,0.45503,0.41007,0.37488,0.33969,0.30987,0.3001,0.28495,0.28006,0.28495,0.28006,0.27468,0.27468,0.27468,0.26979,0.26979,0.27468,0.28006,0.28983,0.30987,0.34995,0.39003,0.3998,0.39492,0.45992,0.47019,0.45992,0.435,0.39492,0.35973,0.3348,0.30499,0.28006,0.27468,0.26491,0.26979,0.26491,0.26002,0.21994,0.14467,0.20968,0.56012,1.1007,1.2507,0.89052,0.58016,0.44477,0.35973,0.27468,0.21994,0.21457,0.21994,0.22483,0.2346,0.23998,0.26002,0.26491,0.28006,0.28983,0.30499,0.32502,0.34506,0.3651,0.39003,0.41984,0.44477,0.48485,0.52981,0.57527,0.60508,0.63001,0.6349,0.62512,0.59531,0.565,0.52004,0.47507,0.43011,0.39003,0.34995,0.32991,0.30987,0.30499,0.29472,0.28983,0.28495,0.28006,0.28006,0.28006,0.28006,0.28006,0.28006,0.28983,0.30499,0.30987,0.3348,0.37977,0.42473,0.42473,0.41984,0.48485,0.49022,0.47507,0.43988,0.3998,0.36999,0.34995,0.32502,0.29472,0.28983,0.28983,0.28495,0.28006,0.28006,0.22483,0.1696,0.27468,0.68035,1.2107,1.2805,0.83529,0.58016,0.47507,0.37977,0.28983,0.23998,0.2346,0.23998,0.24976,0.26002,0.26979,0.28006,0.28983,0.30499,0.31476,0.3348,0.35484,0.37977,0.3998,0.41984,0.43988,0.48485,0.52004,0.56012,0.6002,0.6349,0.66031,0.6652,0.64516,0.62023,0.58993,0.54497,0.5,0.45503,0.41496,0.37977,0.35973,0.34506,0.32991,0.32502,0.31965,0.31476,0.30499,0.30499,0.30499,0.30499,0.30499,0.31965,0.32991,0.33969,0.34995,0.37488,0.41984,0.44477,0.41984,0.3998,0.41984,0.41496,0.41007,0.39492,0.37977,0.34995,0.33969,0.33969,0.33969,0.32991,0.31965,0.26979,0.20968,0.31965,0.72532,1.2454,1.2957,0.8001,0.56012,0.47996,0.40469,0.31476,0.26002,0.26002,0.26979,0.28006,0.28006,0.28495,0.30987,0.31476,0.32502,0.33969,0.35484,0.37488,0.3998,0.41984,0.43988,0.45992,0.49511,0.54008,0.58016,0.62512,0.65005,0.66031,0.6652,0.64027,0.60997,0.57527,0.54008,0.49022,0.44477,0.41007,0.37488,0.34995,0.3348,0.32502,0.31476,0.31965,0.30499,0.30499,0.30499,0.30987,0.31476,0.31476,0.31965,0.32502,0.32991,0.33969,0.34506,0.34995,0.35973,0.37488,0.3998,0.42473,0.41984,0.41496,0.47507,0.48485,0.46481,0.44477,0.3998,0.36999,0.34995,0.31965,0.29472,0.28983,0.28495,0.28006,0.28006,0.27468,0.21457,0.16471,0.28495,0.70039,1.2405,1.3157,0.83529,0.55523,0.43011,0.33969,0.26979,0.22483,0.22483,0.22972,0.2346,0.23998,0.24976,0.26002,0.26491,0.28006,0.29472,0.30499,0.32991,0.34506,0.35973,0.38514,0.41007,0.45015,0.49022,0.52981,0.58504,0.62023,0.64027,0.65005,0.6349,0.60997,0.58016,0.53519,0.49511,0.44477,0.40469,0.36999,0.34506,0.31965,0.30499,0.29472,0.28983,0.28006,0.28006,0.28006,0.28006,0.28006,0.28006,0.28006,0.29472,0.3001,0.30499,0.31965,0.35484,0.39492,0.41007,0.40469,0.45503,0.47507,0.45992,0.43988,0.40469,0.36999,0.33969,0.31476,0.28006,0.26979,0.26491,0.26491,0.26491,0.26002,0.22483,0.14467,0.17986,0.47019,1.0254,1.2757,0.97019,0.62023,0.45503,0.3651,0.28983,0.22483,0.20968,0.20968,0.21994,0.22483,0.2346,0.24976,0.26002,0.26491,0.28495,0.3001,0.31965,0.3348,0.35484,0.37977,0.3998,0.435,0.47507,0.52004,0.56989,0.60508,0.62512,0.6349,0.62512,0.6002,0.56012,0.52004,0.47019,0.42473,0.38514,0.34995,0.32502,0.3001,0.28495,0.28006,0.28006,0.28006,0.28006,0.27468,0.27468,0.28006,0.26979,0.27468,0.27468,0.28495,0.29472,0.30987,0.33969,0.38514,0.41007,0.40469,0.43988,0.47507,0.47019,0.45503,0.41496,0.37977,0.34995,0.32502,0.29472,0.28006,0.27468,0.26979,0.26979,0.26979,0.25464,0.17498,0.15494,0.35973,0.8651,1.2605,1.0655,0.70528,0.50489,0.41007,0.32991,0.24976,0.22483,0.22972,0.2346,0.23998,0.24976,0.26002,0.26979,0.28006,0.29472,0.31476,0.32991,0.34506,0.35973,0.37977,0.40469,0.435,0.47507,0.50978,0.56012,0.60508,0.63001,0.64027,0.6349,0.61486,0.58993,0.54985,0.5,0.45015,0.41007,0.36999,0.33969,0.32502,0.30499,0.30499,0.29472,0.28983,0.29472,0.28983,0.28006,0.28006,0.28006,0.28983,0.3001,0.30499,0.31476,0.32991,0.34506,0.38514,0.42473,0.435,0.42473,0.49511,0.50489,0.47996,0.45015,0.41984,0.38514,0.34995,0.32502,0.3001,0.29472,0.28495,0.28006,0.27468,0.28006,0.22972,0.16471,0.2346,0.57527,1.1153,1.2507,0.88025,0.59531,0.48485,0.3998,0.3001,0.2346,0.23998,0.24487,0.24976,0.26002,0.26979,0.28495,0.29472,0.30499,0.32502,0.33969,0.35484,0.37977,0.3998,0.41984,0.43988,0.47019,0.51515,0.55523,0.59531,0.63001,0.64516,0.65005,0.64027,0.62023,0.58016,0.53519,0.5,0.45992,0.41496,0.37488,0.35973,0.33969,0.32502,0.32502,0.31476,0.30499,0.30987,0.30499,0.30499,0.30499,0.31965,0.32502,0.32502,0.34506,0.34995,0.3651,0.3998,0.43988,0.45015,0.44477,0.48485,0.51515,0.49511,0.47507,0.435,0.39492,0.37488,0.35484,0.31965,0.31476,0.30499,0.30499,0.3001,0.30499,0.26979,0.1999,0.18964,0.44477,0.95552,1.2854,1.0152,0.69013,0.51515,0.43011,0.33969,0.26979,0.26002,0.26491,0.26979,0.27468,0.28006,0.28495,0.3001,0.31476,0.32991,0.34506,0.36999,0.37977,0.39492,0.41007,0.44477,0.47507,0.50978,0.54985,0.58993,0.6349,0.65494,0.67009,0.66031,0.64027,0.60508,0.56989,0.52493,0.48485,0.43988,0.40469,0.37488,0.34995,0.32991,0.32502,0.30499,0.30499,0.30499,0.30499,0.30499,0.3001,0.30499,0.30987,0.31965,0.32991,0.33969,0.34995,0.37977,0.41496,0.42473,0.42473,0.45992,0.48485,0.47996,0.45992,0.41984,0.37977,0.35484,0.32991,0.3001,0.28006,0.28006,0.27468,0.27468,0.26979,0.24487,0.15982,0.14467,0.39492,0.91007,1.2757,1.0205,0.67498,0.49022,0.39003,0.31476,0.23998,0.21457,0.21457,0.21994,0.2346,0.23998,0.25464,0.26002,0.28006,0.28983,0.30499,0.32502,0.33969,0.35973,0.37977,0.40469,0.43988,0.47507,0.52004,0.56012,0.6002,0.62512,0.6349,0.64027,0.60508,0.56989,0.52981,0.48485,0.43988,0.39492,0.35973,0.32991,0.30987,0.28983,0.28006,0.28006,0.28006,0.27468,0.26979,0.26979,0.27468,0.27468,0.28006,0.28495,0.3001,0.30499,0.31476,0.3348,0.37488,0.40469,0.41007,0.40469,0.47019,0.47507,0.45992,0.42473,0.38514,0.35484,0.3348,0.3001,0.28006,0.27468,0.26979,0.26491,0.26491,0.26002,0.1999,0.14467,0.26491,0.67009,1.2107,1.2654,0.81036,0.53519,0.42473,0.33969,0.25464,0.20968,0.20968,0.21994,0.22972,0.2346,0.24487,0.25464,0.26002,0.27468,0.29472,0.30499,0.32991,0.34995,0.36999,0.39492,0.41984,0.45992,0.5,0.54497,0.58504,0.61486,0.6349,0.6349,0.62512,0.59531,0.55523,0.50978,0.45992,0.41984,0.37977,0.34506,0.32502,0.30499,0.29472,0.28495,0.28983,0.28006,0.28006,0.28006,0.27468,0.27468,0.28006,0.28006,0.28983,0.29472,0.3001,0.31476,0.32991,0.36999,0.41007,0.42473,0.41984,0.46481,0.47996,0.47019,0.43988,0.3998,0.3651,0.33969,0.31476,0.28983,0.28006,0.27468,0.26979,0.26979,0.26491,0.22483,0.14956,0.20479,0.52493,1.0855,1.2405,0.90518,0.58993,0.45992,0.37488,0.28983,0.22972,0.22483,0.21994,0.2346,0.23998,0.24976,0.26002,0.27468,0.28495,0.3001,0.31476,0.32991,0.34995,0.36999,0.39492,0.41496,0.45015,0.48485,0.52981,0.57527,0.60997,0.6349,0.6349,0.62512,0.6002,0.565,0.52493,0.47996,0.435,0.39492,0.3651,0.3348,0.31476,0.30499,0.29472,0.28983,0.28495,0.28495,0.28006,0.28006,0.28006,0.28006,0.28006,0.28983,0.30499,0.30499,0.31476,0.32991,0.34995,0.3998,0.42473,0.42473,0.41984,0.49022,0.47507,0.46481,0.43988,0.3998,0.36999,0.34506,0.31476,0.3001,0.29472,0.28983,0.28495,0.28006,0.27468,0.21994,0.1696,0.28983,0.70528,1.2107,1.2454,0.80499,0.565,0.47019,0.37488,0.27468,0.2346,0.23998,0.23998,0.23998,0.26002,0.26491,0.26979,0.28495,0.3001,0.30987,0.32502,0.34506,0.37488,0.39492,0.41007,0.43988,0.47019,0.52004,0.56012,0.59531,0.63001,0.65005,0.65494,0.64027,0.61486,0.56989,0.53519,0.49511,0.45015,0.40469,0.37488,0.35484,0.33969,0.31965,0.31476,0.30499,0.30499,0.30499,0.30499,0.30499,0.30499,0.30987,0.30987,0.32502,0.33969,0.34995,0.34995,0.3651,0.38514,0.41984,0.44477,0.44477,0.43988,0.50489,0.49511,0.47507,0.44477,0.40469,0.37488,0.35973,0.32502,0.3001,0.29472,0.3001,0.3001,0.3001,0.28006,0.20968,0.17986,0.30987,0.74536,1.2155,1.2454,0.77517,0.54985,0.45503,0.37488,0.29472,0.25464,0.24487,0.25464,0.26491,0.27468,0.28006,0.28983,0.30987,0.32991,0.33969,0.34995,0.3651,0.38514,0.40469,0.42473,0.45015,0.49022,0.53519,0.57527,0.61486,0.64516,0.6652,0.67009,0.65494,0.63001,0.58993,0.54497,0.5,0.45992,0.41984,0.38514,0.35973,0.34506,0.32991,0.31965,0.30987,0.30499,0.30499,0.30987,0.30987,0.31476,0.32502,0.32991,0.3348,0.34506,0.34995,0.35973,0.36999,0.39492,0.42473,0.44477,0.435,0.47507,0.49511,0.47996,0.45992,0.41984,0.37977,0.35484,0.3348,0.30499,0.29472,0.28006,0.28006,0.28495,0.28006,0.24487,0.1696,0.16471,0.49022,1.0552,1.2757,0.9653,0.6349,0.47996,0.38514,0.30499,0.23998,0.22972,0.2346,0.2346,0.23998,0.26002,0.26491,0.27468,0.28495,0.30499,0.32502,0.3348,0.35484,0.37488,0.39492,0.41984,0.45015,0.49511,0.54008,0.57527,0.62023,0.64516,0.65494,0.65494,0.62512,0.58993,0.54497,0.5,0.45503,0.41007,0.37488,0.34506,0.32502,0.30499,0.3001,0.28983,0.28983,0.28495,0.28006,0.28006,0.28495,0.28495,0.28495,0.29472,0.30499,0.31476,0.32502,0.3348,0.35973,0.3998,0.42473,0.41496,0.43988,0.48485,0.47507,0.45992,0.41984,0.37977,0.34995,0.3348,0.3001,0.28006,0.28006,0.27468,0.26979,0.26491,0.24487,0.16471,0.14956,0.3998,0.95015,1.3255,1.0953,0.70528,0.5,0.39003,0.31965,0.23998,0.21994,0.22483,0.22972,0.2346,0.24487,0.25464,0.26491,0.28006,0.28983,0.30499,0.32991,0.34506,0.3651,0.38514,0.41007,0.43988,0.47996,0.52004,0.565,0.60997,0.64027,0.65494,0.65005,0.63001,0.58993,0.54985,0.5,0.45503,0.41496,0.36999,0.34506,0.31965,0.30499,0.3001,0.28983,0.28006,0.28006,0.28006,0.27468,0.27468,0.27468,0.27468,0.28006,0.28495,0.29472,0.30499,0.31476,0.33969,0.37977,0.41984,0.42473,0.41496,0.47507,0.47996,0.47019,0.435,0.3998,0.36999,0.34506,0.30987,0.28983,0.28006,0.28006,0.28006,0.27468,0.26491,0.1999,0.15494,0.29472,0.73021,1.2556,1.2957,0.82014,0.54008,0.42473,0.34995,0.26491,0.21994,0.22483,0.22972,0.2346,0.24976,0.25464,0.26491,0.28006,0.28983,0.30499,0.32502,0.33969,0.35973,0.37977,0.41007,0.435,0.47019,0.50489,0.56012,0.6002,0.6349,0.65494,0.65494,0.6349,0.60508,0.565,0.51515,0.47019,0.42473,0.39003,0.34995,0.32991,0.30499,0.30499,0.29472,0.29472,0.28983,0.28495,0.28495,0.28495,0.28495,0.28495,0.28983,0.28495,0.30499,0.30987,0.32991,0.35484,0.39492,0.41984,0.41496,0.44477,0.49022,0.47507,0.45992,0.42473,0.38514,0.34995,0.32502,0.3001,0.28495,0.28006,0.28006,0.27468,0.28006,0.26002,0.17986,0.16471,0.37488,0.89052,1.2805,1.0753,0.71994,0.52981,0.43011,0.33969,0.26491,0.2346,0.2346,0.24487,0.25464,0.26002,0.26979,0.28006,0.29472,0.30987,0.32991,0.34506,0.35484,0.37488,0.3998,0.41984,0.44477,0.47996,0.52981,0.56989,0.61486,0.64027,0.65494,0.64516,0.62023,0.59531,0.55523,0.50978,0.46481,0.42473,0.39003,0.34995,0.3348,0.32502,0.30987,0.30499,0.30499,0.30499,0.3001,0.3001,0.3001,0.30499,0.30987,0.30987,0.32991,0.3348,0.33969,0.3651,0.40469,0.435,0.42473,0.44477,0.49511,0.5,0.47996,0.45015,0.41007,0.37488,0.34995,0.31965,0.30499,0.28983,0.28495,0.28495,0.28983,0.28006,0.21994,0.1696,0.26979,0.68035,1.2107,1.2757,0.81036,0.55523,0.44477,0.35973,0.28006,0.23998,0.23998,0.24487,0.25464,0.26491,0.27468,0.28006,0.29472,0.30499,0.31965,0.3348,0.34995,0.36999,0.39003,0.41496,0.44477,0.47996,0.52004,0.565,0.60508,0.64027,0.65494,0.65494,0.64027,0.60997,0.56989,0.52493,0.47996,0.43011,0.39003,0.35484,0.32991,0.31476,0.3001,0.28983,0.28495,0.28495,0.28495,0.28495,0.28495,0.28983,0.28983,0.30499,0.30987,0.31965,0.32991,0.34506,0.39003,0.41984,0.42473,0.41496,0.47019,0.47507,0.45992,0.43011,0.39003,0.35484,0.3348,0.3001,0.28006,0.27468,0.26979,0.26979,0.26491,0.25464,0.17986,0.13978,0.26979,0.73509,1.2605,1.2957,0.79032,0.52004,0.3998,0.32991,0.24976,0.21457,0.21457,0.22483,0.2346,0.23998,0.24976,0.26002,0.27468,0.28983,0.30499,0.31965,0.33969,0.36999,0.39003,0.41984,0.43988,0.47507,0.52004,0.56989,0.60997,0.64516,0.6652,0.66031,0.64516,0.61486,0.56989,0.52004,0.47507,0.43011,0.39492,0.35973,0.33969,0.31965,0.30987,0.30499,0.3001,0.29472,0.28983,0.28983,0.28983,0.28495,0.28495,0.29472,0.3001,0.30499,0.31965,0.35484,0.39492,0.41496,0.41007,0.46481,0.47996,0.47507,0.45015,0.41496,0.37977,0.35484,0.32991,0.30499,0.29472,0.28983,0.28495,0.28006,0.28006,0.2346,0.15982,0.21994,0.52981,1.1153,1.2908,0.95015,0.61486,0.45992,0.36999,0.28983,0.22972,0.21994,0.22483,0.22972,0.23998,0.24976,0.26002,0.26491,0.28006,0.29472,0.30987,0.32502,0.34506,0.35973,0.39003,0.41496,0.44477,0.48485,0.53519,0.58016,0.60997,0.6349,0.64027,0.63001,0.6002,0.56012,0.51515,0.47019,0.42473,0.38514,0.34995,0.32502,0.30499,0.29472,0.28495,0.28006,0.28006,0.28006,0.27468,0.26979,0.26491,0.27468,0.28006,0.28495,0.28983,0.30987,0.34506,0.38514,0.3998,0.3998,0.45015,0.47019,0.46481,0.43988,0.40469,0.3651,0.32991,0.30499,0.28006,0.26491,0.26002,0.26491,0.26491,0.26002,0.21457,0.12952,0.17986,0.5,1.0552,1.2356,0.91544,0.59531,0.45503,0.3651,0.27468,0.20968,0.1999,0.20968,0.20968,0.21994,0.2346,0.24487,0.25464,0.27468,0.28495,0.30499,0.32502,0.33969,0.35484,0.38514,0.41984,0.45015,0.48485,0.52493,0.56989,0.60997,0.62512,0.63001,0.62023,0.59531,0.56012,0.52004,0.47507,0.43011,0.38514,0.35484,0.3348,0.30987,0.30499,0.3001,0.29472,0.28495,0.28983,0.28006,0.28006,0.28006,0.28006,0.28006,0.28983,0.30987,0.32991,0.36999,0.3998,0.41496,0.41007,0.47996,0.49022,0.47996,0.43988,0.3998,0.37488,0.34995,0.31965,0.30499,0.29472,0.29472,0.28983,0.28983,0.28006,0.2346,0.16471,0.24487,0.61486,1.1657,1.2654,0.84506,0.58016,0.47019,0.37977,0.28983,0.2346,0.2346,0.23998,0.24976,0.26002,0.26491,0.28006,0.28006,0.29472,0.31965,0.32991,0.34995,0.37488,0.38514,0.41496,0.44477,0.47507,0.51515,0.56012,0.6002,0.6349,0.65005,0.65494,0.6349,0.60997,0.58016,0.53519,0.49022,0.45015,0.41496,0.38514,0.34995,0.3348,0.32991,0.31476,0.31965,0.31965,0.30987,0.31476,0.30499,0.31476,0.32502,0.32502,0.32991,0.34995,0.37488,0.41496,0.435,0.435,0.45992,0.50978,0.5,0.49022,0.45015,0.41007,0.36999,0.34995,0.31965,0.30499,0.30499,0.30499,0.3001,0.29472,0.28495,0.21994,0.17986,0.31476,0.77517,1.2605,1.2654,0.77517,0.54008,0.43988,0.35973,0.28006,0.25464,0.24976,0.26002,0.26002,0.26491,0.28006,0.28006,0.3001,0.31476,0.32991,0.34995,0.3651,0.38514,0.40469,0.42473,0.45503,0.49511,0.53519,0.58016,0.62512,0.65005,0.65494,0.66031,0.6349,0.60997,0.58016,0.53519,0.49022,0.45015,0.41007,0.37488,0.35484,0.3348,0.32991,0.32502,0.31476,0.31476,0.31476,0.30987,0.30499,0.3001,0.31476,0.31965,0.32991,0.34995,0.38514,0.41984,0.43011,0.43988,0.49022,0.50489,0.49022,0.47019,0.43011,0.3998,0.36999,0.33969,0.31476,0.30499,0.3001,0.30499,0.30499,0.29472,0.26491,0.18475,0.22483,0.51515,1.0953,1.3006,0.98045,0.64516,0.48485,0.39003,0.30987,0.24976,0.2346,0.23998,0.24487,0.25464,0.26002,0.26979,0.28006,0.28983,0.30499,0.31965,0.32991,0.34995,0.36999,0.39492,0.41984,0.45503,0.49511,0.54497,0.58504,0.62512,0.65005,0.65494,0.64516,0.62023,0.58016,0.53519,0.48485,0.43988,0.3998,0.3651,0.32991,0.30987,0.29472,0.28006,0.28006,0.28006,0.28006,0.27468,0.28006,0.27468,0.28006,0.28006,0.28983,0.3001,0.31476,0.34995,0.39003,0.3998,0.3998,0.45503,0.47507,0.46481,0.43988,0.40469,0.36999,0.34506,0.32502,0.28983,0.27468,0.26979,0.26979,0.26491,0.26491,0.22483,0.14956,0.18964,0.52004,1.1007,1.3407,0.9956,0.62023,0.435,0.34506,0.28495,0.22483,0.21994,0.21457,0.22483,0.2346,0.24487,0.26002,0.26979,0.28006,0.3001,0.30987,0.32991,0.34995,0.37488,0.39492,0.41984,0.45992,0.5,0.54985,0.6002,0.64027,0.6652,0.67498,0.66031,0.6349,0.59531,0.54497,0.5,0.45015,0.3998,0.3651,0.33969,0.31965,0.30499,0.29472,0.28983,0.28495,0.28006,0.28006,0.28006,0.28006,0.27468,0.28006,0.28006,0.28495,0.30499,0.3348,0.37488,0.3998,0.3998,0.435,0.47019,0.47019,0.45992,0.43011,0.39492,0.35973,0.3348,0.30499,0.28495,0.28006,0.28006,0.28006,0.27468,0.24487,0.15982,0.14467,0.41007,0.9956,1.3759,1.1202,0.69501,0.47019,0.35973,0.29472,0.21457,0.1999,0.1999,0.20968,0.21457,0.22483,0.2346,0.24976,0.26002,0.26979,0.28495,0.30499,0.31965,0.34506,0.35973,0.39003,0.41984,0.45992,0.50978,0.54985,0.59531,0.62023,0.6349,0.62512,0.6002,0.565,0.52004,0.47507,0.42473,0.37977,0.34506,0.31965,0.3001,0.28006,0.26979,0.26979,0.26002,0.26002,0.25464,0.25464,0.25464,0.24976,0.25464,0.25464,0.26002,0.26491,0.28006,0.3001,0.34506,0.38514,0.39492,0.39003,0.45503,0.45992,0.45015,0.42473,0.38514,0.34995,0.32991,0.3001,0.27468,0.26491,0.26491,0.26002,0.26491,0.24976,0.19501,0.1349,0.23998,0.65494,1.2004,1.2957,0.85533,0.56012,0.42473,0.33969,0.26002,0.20968,0.20479,0.20968,0.21994,0.22972,0.2346,0.24487,0.26002,0.26979,0.28983,0.3001,0.31965,0.3348,0.34995,0.38514,0.41007,0.43988,0.48485,0.52981,0.56989,0.60997,0.63001,0.6349,0.61486,0.58993,0.54985,0.50978,0.45992,0.41496,0.37977,0.34506,0.32502,0.30499,0.3001,0.29472,0.28495,0.28006,0.28006,0.27468,0.26979,0.26979,0.26979,0.26979,0.28006,0.28006,0.29472,0.30499,0.31476,0.3348,0.37977,0.41984,0.42473,0.42473,0.47507,0.48485,0.47019,0.45015,0.40469,0.37488,0.34995,0.31965,0.29472,0.28983,0.28495,0.28983,0.28495,0.28006,0.2346,0.1696,0.23998,0.6002,1.1554,1.2854,0.89541,0.60997,0.5,0.3998,0.29472,0.23998,0.2346,0.2346,0.24487,0.26002,0.26491,0.27468,0.28495,0.29472,0.30987,0.32991,0.34995,0.37488,0.39492,0.41496,0.43988,0.46481,0.50978,0.55523,0.6002,0.6349,0.65494,0.6652,0.65005,0.63001,0.58993,0.54985,0.50978,0.46481,0.42473,0.39492,0.36999,0.33969,0.32502,0.30987,0.30499,0.30499,0.30499,0.28983,0.28983,0.3001,0.29472,0.30499,0.31965,0.32991,0.3348,0.33969,0.34995,0.35484,0.36999,0.38514,0.42473,0.43988,0.435,0.46481,0.5,0.49511,0.45992,0.42473,0.39003,0.3651,0.34506,0.31476,0.30499,0.3001,0.29472,0.29472,0.29472,0.26979,0.19501,0.18964,0.45015,0.98045,1.2757,0.9956,0.65494,0.49511,0.41496,0.3348,0.26002,0.24487,0.24976,0.26002,0.26979,0.28006,0.28495,0.3001,0.30499,0.32502,0.3348,0.34995,0.37488,0.39492,0.40469,0.435,0.47019,0.50489,0.54008,0.58504,0.62512,0.65005,0.6652,0.65494,0.64027,0.60508,0.56989,0.53519,0.49511,0.45015,0.41496,0.37488,0.35484,0.33969,0.32991,0.32502,0.30987,0.3001,0.3001,0.30987,0.31476,0.31965,0.31476,0.31476,0.33969,0.35484,0.35973,0.3651,0.37488,0.37488,0.3998,0.42473,0.45015,0.43988,0.45503,0.50489,0.50978,0.49022,0.46481,0.41984,0.37977,0.36999,0.33969,0.31965,0.31476,0.31965,0.30499,0.30499,0.30499,0.25464,0.20479,0.31476,0.71505,1.2356,1.3255,0.85044,0.56989,0.46481,0.38514,0.30987,0.26979,0.26002,0.26491,0.26979,0.28006,0.28495,0.29472,0.30499,0.31965,0.32502,0.33969,0.35484,0.37488,0.39003,0.41496,0.43988,0.47507,0.50978,0.56012,0.60508,0.64027,0.66031,0.67498,0.6652,0.64027,0.60508,0.565,0.51515,0.47019,0.42473,0.38514,0.35973,0.32991,0.31476,0.3001,0.29472,0.28495,0.28495,0.28006,0.28006,0.28006,0.28495,0.29472,0.30499,0.30987,0.32502,0.32991,0.33969,0.34506,0.35973,0.39003,0.41984,0.42473,0.41007,0.47019,0.45992,0.44477,0.41496,0.37488,0.34506,0.31965,0.29472,0.26979,0.26491,0.26002,0.26002,0.26002,0.24487,0.17986,0.14956,0.30987,0.78006,1.3006,1.3206,0.79521,0.51515,0.3998,0.32991,0.25464,0.21994,0.21994,0.22483,0.2346,0.24487,0.24976,0.26002,0.27468,0.28495,0.3001,0.31476,0.3348,0.34995,0.36999,0.39492,0.41984,0.45503,0.5,0.54985,0.6002,0.6349,0.65494,0.65494,0.64027,0.60997,0.57527,0.52493,0.47507,0.42473,0.37977,0.34506,0.31476,0.3001,0.28495,0.28006,0.27468,0.27468,0.27468,0.26491,0.26002,0.26002,0.26002,0.26002,0.26002,0.26979,0.28006,0.28983,0.29472,0.31476,0.34506,0.39003,0.41007,0.3998,0.43988,0.47019,0.46481,0.43988,0.41007,0.37488,0.34506,0.32502,0.28983,0.27468,0.26979,0.26979,0.26491,0.26002,0.22972,0.15982,0.1999,0.47996,1.0352,1.3157,1.0254,0.65494,0.47507,0.37488,0.30499,0.22972,0.21994,0.21457,0.22483,0.2346,0.23998,0.24976,0.26002,0.28006,0.28983,0.30499,0.31965,0.33969,0.35484,0.37977,0.40469,0.435,0.47507,0.52004,0.565,0.60508,0.64516,0.65494,0.65005,0.6349,0.6002,0.56012,0.50978,0.46481,0.41984,0.37977,0.34995,0.3348,0.31965,0.30499,0.29472,0.29472,0.28983,0.28006,0.28006,0.28006,0.28006,0.28006,0.28006,0.28006,0.28983,0.30499,0.31476,0.32991,0.35484,0.39492,0.42473,0.41984,0.45015,0.49022,0.48485,0.46481,0.41984,0.37977,0.35973,0.34506,0.30987,0.28983,0.28983,0.28983,0.28983,0.29472,0.26491,0.18964,0.18475,0.45992,1.0054,1.3104,1.0552,0.71994,0.54985,0.45015,0.35484,0.27468,0.26002,0.26002,0.26002,0.26491,0.26979,0.28006,0.3001,0.30499,0.31965,0.32991,0.34995,0.37488,0.39003,0.41007,0.43011,0.45992,0.5,0.53519,0.58016,0.62512,0.66031,0.68035,0.6652,0.64027,0.60997,0.56989,0.52004,0.47507,0.43988,0.40469,0.37488,0.34506,0.32991,0.32502,0.30987,0.30499,0.28983,0.28495,0.29472,0.29472,0.28983,0.30499,0.30499,0.31965,0.32991,0.34506,0.34995,0.37488,0.40469,0.435,0.43988,0.46481,0.50978,0.49511,0.48485,0.45015,0.41496,0.37977,0.3651,0.3348,0.30987,0.30499,0.30499,0.30499,0.3001,0.28495,0.21994,0.18475,0.33969,0.80499,1.2908,1.1403,0.78006,0.54497,0.44477,0.35484,0.27468,0.25464,0.25464,0.26002,0.26002,0.27468,0.28006,0.28983,0.30499,0.31476,0.32502,0.33969,0.35973,0.37977,0.40469,0.43011,0.45503,0.49022,0.53519,0.58993,0.63001,0.6652,0.68524,0.68035,0.67498,0.65005,0.6002,0.54985,0.50978,0.47507,0.43011,0.39492,0.36999,0.34995,0.3348,0.32991,0.31965,0.31476,0.30987,0.30499,0.30987,0.30987,0.30499,0.30499,0.32502,0.32991,0.3348,0.35484,0.39003,0.42473,0.435,0.43011,0.5,0.50978,0.49022,0.47019,0.43011,0.39003,0.36999,0.33969,0.30499,0.30499,0.30499,0.30987,0.30499,0.3001,0.24976,0.18964,0.27468,0.61486,1.1755,1.3407,0.93548,0.62512,0.48485,0.39492,0.31476,0.26002,0.24487,0.24976,0.26002,0.26002,0.27468,0.28006,0.29472,0.30499,0.32502,0.32991,0.35484,0.37488,0.38514,0.41984,0.44477,0.47019,0.51515,0.565,0.61486,0.65005,0.68035,0.69501,0.67498,0.65005,0.62023,0.56012,0.50489,0.46481,0.42473,0.38514,0.34995,0.32991,0.31476,0.30499,0.29472,0.29472,0.28006,0.27468,0.26979,0.27468,0.26979,0.27468,0.28006,0.28006,0.28983,0.30499,0.3348,0.37488,0.38514,0.38514,0.43011,0.45503,0.45015,0.43011,0.39492,0.3651,0.3348,0.30987,0.28006,0.26002,0.26002,0.26002,0.26002,0.25464,0.22483,0.14467,0.13978,0.43988,1.0054,1.3206,1.0303,0.65005,0.45503,0.34995,0.27468,0.21457,0.20479,0.20968,0.21457,0.22483,0.2346,0.23998,0.24976,0.26002,0.27468,0.28983,0.30499,0.32502,0.34506,0.36999,0.39492,0.43011,0.47019,0.52004,0.56989,0.61486,0.65005,0.65494,0.65005,0.63001,0.59531,0.55523,0.5,0.45503,0.41007,0.36999,0.33969,0.30499,0.28983,0.28006,0.27468,0.26979,0.26979,0.26979,0.26491,0.26491,0.26979,0.26002,0.26491,0.26491,0.26979,0.28006,0.3001,0.33969,0.37488,0.38514,0.39492,0.44477,0.45992,0.44477,0.41984,0.39003,0.35973,0.32991,0.3001,0.26979,0.26002,0.26002,0.26002,0.25464,0.24487,0.1999,0.13978,0.2346,0.60508,1.1857,1.3255,0.90029,0.55523,0.41496,0.32991,0.25464,0.1999,0.19501,0.1999,0.20968,0.21994,0.22483,0.2346,0.24976,0.26002,0.28006,0.29472,0.30987,0.32991,0.34995,0.37488,0.40469,0.435,0.47507,0.52493,0.56989,0.60997,0.6349,0.64516,0.6349,0.60997,0.56989,0.52004,0.47507,0.42473,0.38514,0.34506,0.31965,0.3001,0.28495,0.28006,0.27468,0.27468,0.26979,0.26491,0.26491,0.26002,0.26002,0.26002,0.26002,0.26002,0.26979,0.28006,0.28983,0.30499,0.33969,0.38514,0.3998,0.3998,0.44477,0.46481,0.45015,0.43011,0.39492,0.35973,0.3348,0.30987,0.28006,0.26491,0.26491,0.26491,0.26002,0.26002,0.22483,0.14956,0.19501,0.47996,1.0303,1.2908,1.0103,0.64516,0.48485,0.38514,0.30499,0.2346,0.22483,0.22972,0.2346,0.23998,0.25464,0.26002,0.27468,0.28495,0.30499,0.30987,0.32991,0.34995,0.37488,0.39003,0.41007,0.45503,0.48485,0.52981,0.57527,0.60997,0.64516,0.6652,0.66031,0.6349,0.60508,0.565,0.52004,0.47507,0.43011,0.39003,0.35973,0.34506,0.32502,0.30987,0.30499,0.30499,0.30499,0.3001,0.30499,0.3001,0.3001,0.30499,0.30499,0.30499,0.30987,0.31476,0.3348,0.33969,0.34506,0.35973,0.3998,0.43011,0.44477,0.435,0.49022,0.50978,0.5,0.47019,0.43011,0.39003,0.35973,0.34506,0.32502,0.30987,0.30987,0.30499,0.30499,0.3001,0.26979,0.1999,0.25464,0.57527,1.1505,1.3206,0.94526,0.6349,0.5,0.40469,0.32502,0.26491,0.24976,0.25464,0.26491,0.27468,0.28006,0.28495,0.3001,0.31476,0.32991,0.34506,0.36999,0.37977,0.39492,0.41984,0.44477,0.47507,0.52004,0.565,0.60997,0.65494,0.68035,0.68035,0.68524,0.67009,0.6349,0.58993,0.54985,0.50489,0.45503,0.41984,0.39492,0.36999,0.34506,0.32991,0.32991,0.32502,0.31476,0.30499,0.30499,0.30499,0.30499,0.30499,0.32502,0.31965,0.32991,0.33969,0.33969,0.34506,0.35973,0.35973,0.37488,0.40469,0.43011,0.43988,0.42473,0.45992,0.49022,0.47996,0.47019,0.435,0.39492,0.37488,0.34995,0.31476,0.30499,0.30499,0.30987,0.30499,0.30499,0.28495,0.20479,0.19501,0.49511,1.0503,1.3759,1.0704,0.70528,0.52493,0.42473,0.32991,0.26491,0.24976,0.26002,0.26491,0.26979,0.28006,0.28983,0.30499,0.30499,0.31965,0.3348,0.34995,0.37488,0.39003,0.41007,0.43011,0.46481,0.5,0.54497,0.58993,0.63001,0.67009,0.68524,0.69013,0.67009,0.64027,0.59531,0.54497,0.5,0.45015,0.41007,0.37488,0.34506,0.31965,0.30499,0.3001,0.29472,0.28495,0.28006,0.27468,0.26979,0.27468,0.26979,0.27468,0.28006,0.28495,0.28983,0.30499,0.31476,0.31476,0.32502,0.32991,0.33969,0.36999,0.3998,0.39492,0.39003,0.43988,0.44477,0.43011,0.40469,0.36999,0.3348,0.31476,0.28495,0.26491,0.26002,0.25464,0.25464,0.25464,0.24976,0.17986,0.14467,0.29472,0.73509,1.2854,1.3456,0.81525,0.51515,0.39492,0.31965,0.24487,0.20968,0.20968,0.20968,0.21457,0.22483,0.2346,0.23998,0.25464,0.26491,0.28006,0.3001,0.31476,0.32991,0.34995,0.37488,0.3998,0.435,0.47996,0.52493,0.57527,0.62023,0.64516,0.66031,0.65005,0.62512,0.58504,0.54008,0.49022,0.43988,0.39492,0.35973,0.32991,0.30499,0.28495,0.28006,0.27468,0.26491,0.26491,0.26002,0.25464,0.24976,0.25464,0.25464,0.24976,0.25464,0.26002,0.26491,0.27468,0.28006,0.28495,0.3001,0.31476,0.33969,0.37977,0.3998,0.39492,0.42473,0.45015,0.43988,0.42473,0.39003,0.34995,0.32991,0.3001,0.27468,0.26002,0.26002,0.26002,0.26002,0.25464,0.22972,0.15982,0.1999,0.45992,1.0254,1.3206,1.0352,0.65005,0.46481,0.36999,0.3001,0.22972,0.21457,0.21457,0.22483,0.22972,0.23998,0.25464,0.26002,0.27468,0.28006,0.3001,0.30987,0.32991,0.34995,0.36999,0.39003,0.41984,0.45503,0.5,0.54985,0.59531,0.6349,0.65494,0.65494,0.6349,0.60508,0.56012,0.51515,0.46481,0.41984,0.37977,0.34506,0.31965,0.30499,0.28495,0.28006,0.27468,0.28006,0.26979,0.26491,0.26979,0.27468,0.26979,0.26979,0.27468,0.28006,0.29472,0.29472,0.30987,0.31476,0.31965,0.3348,0.35973,0.39492,0.42473,0.435,0.43011,0.48485,0.47507,0.46481,0.42473,0.38514,0.35973,0.3348,0.30499,0.28983,0.28006,0.28006,0.28006,0.28006,0.27468,0.1999,0.17986,0.37977,0.87048,1.3006,1.1202,0.75513,0.53519,0.43988,0.35484,0.26979,0.24487,0.24487,0.25464,0.26002,0.26979,0.28495,0.3001,0.30499,0.30987,0.32991,0.34995,0.36999,0.37977,0.39492,0.42473,0.45015,0.48485,0.52493,0.565,0.60997,0.66031,0.68035,0.67498,0.6652,0.64516,0.60508,0.565,0.52004,0.47019,0.42473,0.39003,0.3651,0.33969,0.32991,0.32502,0.30987,0.30499,0.30987,0.3001,0.30499,0.3001,0.3001,0.30499,0.30499,0.31476,0.32502,0.32991,0.34506,0.34995,0.35484,0.35973,0.37488,0.41007,0.435,0.43011,0.42473,0.48485,0.49511,0.47019,0.44477,0.41496,0.38514,0.35484,0.32502,0.30499,0.30499,0.30499,0.3001,0.29472,0.3001,0.25464,0.19501,0.28495,0.6349,1.1906,1.3206,0.89541,0.58993,0.45992,0.37977,0.3001,0.26002,0.25464,0.25464,0.26491,0.27468,0.28006,0.28495,0.3001,0.30987,0.31965,0.33969,0.34995,0.36999,0.39003,0.41007,0.43011,0.47019,0.50978,0.55523,0.60508,0.64516,0.67009,0.68524,0.68035,0.66031,0.63001,0.58993,0.53519,0.48485,0.43988,0.41007,0.36999,0.34506,0.32991,0.31965,0.30987,0.30499,0.29472,0.29472,0.29472,0.29472,0.3001,0.3001,0.30499,0.30987,0.31476,0.32991,0.3348,0.33969,0.34506,0.34995,0.35484,0.36999,0.40469,0.42473,0.41496,0.44477,0.47019,0.46481,0.43988,0.41007,0.36999,0.34995,0.32502,0.28983,0.28006,0.28006,0.27468,0.28006,0.26979,0.2346,0.16471,0.21457,0.49022,1.0503,1.3206,1.0152,0.6349,0.45503,0.3651,0.3001,0.23998,0.22483,0.22972,0.2346,0.23998,0.24487,0.25464,0.27468,0.28006,0.29472,0.30987,0.32991,0.34506,0.35973,0.37977,0.41007,0.43988,0.47507,0.52004,0.56989,0.61486,0.65005,0.6652,0.67009,0.65005,0.62023,0.57527,0.52004,0.47507,0.43011,0.38514,0.34995,0.31965,0.30499,0.28983,0.28983,0.28495,0.28006,0.28006,0.28006,0.26979,0.26979,0.26491,0.26491,0.26979,0.28006,0.28006,0.28983,0.30499,0.30499,0.31965,0.32991,0.34506,0.38514,0.41496,0.40469,0.43011,0.47019,0.45992,0.44477,0.41007,0.36999,0.34506,0.32502,0.29472,0.28006,0.28006,0.28006,0.28006,0.28006,0.25464,0.17986,0.16471,0.40469,0.89541,1.3104,1.1007,0.71994,0.5,0.40469,0.32991,0.24976,0.22972,0.22483,0.22972,0.23998,0.24487,0.26002,0.26491,0.27468,0.28495,0.30499,0.31965,0.3348,0.35484,0.37488,0.3998,0.435,0.46481,0.50489,0.54985,0.6002,0.6349,0.65494,0.6652,0.65494,0.63001,0.58504,0.53519,0.49022,0.435,0.39492,0.3651,0.32991,0.30987,0.3001,0.28983,0.28495,0.28006,0.28006,0.28006,0.27468,0.27468,0.26979,0.26979,0.28006,0.28006,0.28983,0.3001,0.31965,0.31965,0.32502,0.33969,0.36999,0.3998,0.43011,0.43011,0.45015,0.48485,0.47507,0.46481,0.43011,0.39003,0.3651,0.34506,0.30987,0.29472,0.28983,0.28006,0.28495,0.28495,0.27468,0.20479,0.18475,0.40469,0.90029,1.3006,1.0806,0.73021,0.54008,0.435,0.34506,0.26491,0.24487,0.24487,0.24976,0.26002,0.26979,0.27468,0.28006,0.3001,0.30987,0.32502,0.34506,0.36999,0.37977,0.3998,0.42473,0.44477,0.48485,0.52981,0.58016,0.62512,0.65494,0.68035,0.69013,0.6652,0.63001,0.6002,0.56012,0.51515,0.46481,0.42473,0.39003,0.34995,0.3348,0.32991,0.31965,0.30499,0.30499,0.29472,0.28983,0.3001,0.28983,0.29472,0.3001,0.30499,0.31965,0.32502,0.31965,0.3348,0.34995,0.34506,0.34995,0.36999,0.39492,0.41984,0.435,0.42473,0.47507,0.49511,0.47019,0.43988,0.3998,0.37977,0.35973,0.32502,0.30499,0.29472,0.3001,0.29472,0.3001,0.28495,0.24487,0.18964,0.26491,0.60508,1.1354,1.2957,0.89052,0.58993,0.45503,0.36999,0.29472,0.25464,0.23998,0.24487,0.26002,0.26002,0.27468,0.28495,0.29472,0.30499,0.30987,0.32991,0.34995,0.3651,0.37488,0.3998,0.43011,0.45992,0.49022,0.54008,0.58993,0.63001,0.66031,0.67498,0.67009,0.65005,0.62023,0.58016,0.54497,0.5,0.45015,0.41496,0.38514,0.34995,0.32991,0.31965,0.31476,0.30499,0.3001,0.29472,0.29472,0.28983,0.28983,0.29472,0.30499,0.30987,0.31965,0.32991,0.32991,0.33969,0.34995,0.34995,0.35973,0.37977,0.41007,0.41984,0.41496,0.45015,0.47507,0.47019,0.45015,0.41007,0.36999,0.34995,0.32502,0.3001,0.28006,0.28006,0.28006,0.28006,0.27468,0.24487,0.1696,0.21994,0.50489,1.0655,1.3157,0.99022,0.64516,0.47507,0.36999,0.29472,0.23998,0.22972,0.2346,0.2346,0.24487,0.26002,0.26002,0.27468,0.28495,0.28983,0.30987,0.32991,0.34995,0.3651,0.39492,0.41984,0.44477,0.48485,0.52981,0.58504,0.63001,0.66031,0.68035,0.68035,0.66031,0.63001,0.58993,0.54008,0.48485,0.43988,0.39492,0.35973,0.3348,0.31476,0.30499,0.29472,0.28983,0.28983,0.28495,0.28006,0.28006,0.27468,0.27468,0.27468,0.28006,0.28495,0.29472,0.30499,0.30987,0.31476,0.32991,0.34506,0.38514,0.41984,0.40469,0.3998,0.47019,0.45992,0.45015,0.41984,0.37977,0.34995,0.32502,0.28983,0.27468,0.27468,0.26979,0.27468,0.26979,0.25464,0.17986,0.15982,0.37488,0.8651,1.3255,1.1457,0.74536,0.50978,0.40469,0.32991,0.24976,0.21994,0.21994,0.22483,0.2346,0.23998,0.24976,0.26002,0.28006,0.28495,0.30499,0.31476,0.32991,0.34995,0.36999,0.39492,0.41984,0.45503,0.5,0.54985,0.6002,0.64027,0.66031,0.67009,0.65494,0.63001,0.58993,0.54008,0.49022,0.43988,0.39492,0.35973,0.32991,0.30499,0.3001,0.28983,0.28495,0.28006,0.28006,0.28006,0.27468,0.28006,0.27468,0.27468,0.27468,0.28006,0.28006,0.29472,0.3001,0.30987,0.31965,0.33969,0.37488,0.41496,0.42473,0.41984,0.46481,0.47996,0.46481,0.435,0.39492,0.3651,0.34506,0.31476,0.28983,0.28006,0.27468,0.27468,0.28006,0.27468,0.22483,0.16471,0.26002,0.63001,1.1603,1.2957,0.88514,0.58504,0.45503,0.36999,0.28983,0.2346,0.2346,0.2346,0.23998,0.24976,0.26002,0.26491,0.28006,0.28983,0.30499,0.31965,0.32991,0.34995,0.36999,0.39492,0.42473,0.45992,0.49022,0.52981,0.58504,0.62512,0.65494,0.67009,0.66031,0.64027,0.6002,0.565,0.51515,0.45992,0.41984,0.38514,0.35484,0.32991,0.31476,0.30987,0.3001,0.29472,0.29472,0.29472,0.28983,0.28983,0.28495,0.28495,0.29472,0.28983,0.29472,0.30499,0.31476,0.31965,0.32991,0.3348,0.36999,0.41007,0.43011,0.42473,0.45503,0.49022,0.47507,0.45992,0.42473,0.37977,0.34995,0.3348,0.30499,0.28495,0.28495,0.29472,0.28495,0.28006,0.26979,0.1999,0.18475,0.41496,0.92522,1.3055,1.0704,0.71505,0.52981,0.435,0.34506,0.26979,0.23998,0.23998,0.25464,0.26002,0.26491,0.26002,0.28495,0.3001,0.30499,0.31476,0.3348,0.34995,0.3651,0.38514,0.41007,0.43988,0.47019,0.50978,0.56012,0.60508,0.64027,0.65494,0.66031,0.65005,0.62512,0.58016,0.53519,0.49022,0.45015,0.41007,0.37977,0.34995,0.32991,0.31476,0.30499,0.30987,0.29472,0.28983,0.28006,0.28006,0.28006,0.28983,0.3001,0.30499,0.30499,0.32502,0.32991,0.3348,0.33969,0.35484,0.37488,0.3998,0.42473,0.42473,0.45015,0.49022,0.47996,0.45992,0.43011,0.39492,0.35973,0.34506,0.30499,0.29472,0.28495,0.28983,0.28495,0.28006,0.26979,0.20479,0.17498,0.33969,0.7654,1.2405,1.2454,0.74536,0.50978,0.42473,0.33969,0.26979,0.2346,0.22972,0.23998,0.25464,0.26002,0.26491,0.28006,0.28983,0.3001,0.30987,0.32991,0.35484,0.3651,0.37977,0.40469,0.43011,0.46481,0.49511,0.54008,0.58993,0.62512,0.65005,0.65494,0.64516,0.63001,0.59531,0.54985,0.50978,0.47019,0.43011,0.39492,0.3651,0.34506,0.31965,0.30987,0.3001,0.29472,0.28006,0.28495,0.28495,0.29472,0.29472,0.3001,0.30499,0.31476,0.32502,0.32991,0.34506,0.35484,0.37977,0.41496,0.42473,0.42473,0.45992,0.49511,0.48485,0.46481,0.42473,0.37977,0.35484,0.3348,0.30499,0.29472,0.28495,0.28983,0.28495,0.28495,0.26491,0.18475,0.17498,0.435,0.94037,1.3104,1.0606,0.71017,0.50978,0.41007,0.32991,0.26002,0.23998,0.23998,0.24487,0.24976,0.26002,0.26979,0.28006,0.29472,0.30499,0.31965,0.3348,0.34995,0.36999,0.39492,0.41496,0.45015,0.49022,0.52493,0.57527,0.62023,0.65494,0.67498,0.68035,0.65494,0.63001,0.58993,0.54008,0.49022,0.43988,0.3998,0.3651,0.3348,0.31965,0.30499,0.30499,0.29472,0.29472,0.28495,0.28495,0.28495,0.28006,0.28495,0.28495,0.28983,0.29472,0.30499,0.30987,0.32991,0.35973,0.3998,0.42473,0.41984,0.45015,0.47996,0.47019,0.45015,0.41496,0.37488,0.34995,0.32502,0.29472,0.28006,0.27468,0.27468,0.26979,0.26979,0.24976,0.17498,0.16471,0.41007,0.94526,1.3006,1.0606,0.68524,0.48485,0.38514,0.31476,0.23998,0.22483,0.22483,0.2346,0.23998,0.24976,0.26491,0.26979,0.28006,0.29472,0.30499,0.32991,0.34506,0.3651,0.38514,0.41007,0.43988,0.47507,0.52004,0.56989,0.60997,0.64516,0.66031,0.6652,0.64516,0.60997,0.56989,0.52493,0.47507,0.43011,0.39003,0.35973,0.32991,0.30987,0.3001,0.28983,0.28495,0.28495,0.28006,0.28006,0.28006,0.28006,0.28006,0.28006,0.28006,0.28006,0.29472,0.30499,0.32502,0.35973,0.40469,0.42473,0.41496,0.45992,0.47996,0.47019,0.44477,0.41007,0.37488,0.34506,0.31476,0.28495,0.28006,0.27468,0.28006,0.26491,0.26002,0.24487,0.1696,0.16471,0.47507,1.0303,1.2854,1.0103,0.6652,0.51515,0.41984,0.31965,0.25464,0.2346,0.2346,0.2346,0.25464,0.26002,0.27468,0.27468,0.28006,0.29472,0.30987,0.32991,0.35484,0.37977,0.3998,0.41984,0.44477,0.49022,0.52981,0.57527,0.61486,0.65005,0.66031,0.66031,0.64516,0.62023,0.56989,0.52004,0.47507,0.435,0.3998,0.3651,0.33969,0.32991,0.31965,0.31965,0.30499,0.30499,0.29472,0.3001,0.30499,0.30499,0.30499,0.30987,0.31476,0.31965,0.32991,0.33969,0.35484,0.39003,0.42473,0.435,0.44477,0.49511,0.50489,0.49022,0.45992,0.41496,0.37977,0.35973,0.32991,0.30499,0.29472,0.29472,0.3001,0.29472,0.28495,0.24976,0.18475,0.24976,0.58504,1.1354,1.2757,0.89052,0.59531,0.47996,0.39003,0.30987,0.25464,0.23998,0.24976,0.26491,0.28006,0.27468,0.28006,0.3001,0.31476,0.32502,0.33969,0.35973,0.37977,0.40469,0.42473,0.44477,0.47019,0.50978,0.565,0.60508,0.64027,0.67498,0.68035,0.67009,0.65005,0.61486,0.56989,0.52004,0.47996,0.43988,0.40469,0.36999,0.33969,0.32991,0.32502,0.30987,0.30499,0.30499,0.3001,0.29472,0.3001,0.30499,0.30499,0.30987,0.32502,0.32991,0.3348,0.34995,0.38514,0.41984,0.435,0.435,0.47507,0.5,0.49022,0.46481,0.43011,0.39003,0.36999,0.34506,0.31965,0.30499,0.30499,0.30499,0.30499,0.29472,0.27468,0.1999,0.18964,0.46481,1.0103,1.3157,1.0205,0.67009,0.50489,0.41007,0.32502,0.26002,0.2346,0.2346,0.2346,0.24976,0.26002,0.26979,0.28006,0.29472,0.30499,0.32502,0.33969,0.35484,0.37488,0.3998,0.42473,0.45503,0.49511,0.54008,0.58504,0.63001,0.65494,0.67498,0.68035,0.65494,0.61486,0.58016,0.53519,0.48485,0.435,0.39492,0.3651,0.33969,0.31476,0.30499,0.29472,0.28983,0.28495,0.28006,0.27468,0.28006,0.27468,0.28006,0.28495,0.28983,0.3001,0.30499,0.3348,0.37488,0.3998,0.40469,0.42473,0.47019,0.45992,0.45015,0.41496,0.37488,0.34506,0.31965,0.28983,0.27468,0.26979,0.26979,0.26491,0.26002,0.24976,0.17986,0.14467,0.29472,0.7654,1.2757,1.2908,0.77517,0.52004,0.41007,0.32502,0.24487,0.20968,0.20479,0.21457,0.21994,0.22972,0.2346,0.24976,0.26002,0.27468,0.28006,0.30499,0.31965,0.33969,0.35484,0.37977,0.41007,0.44477,0.49511,0.53519,0.57527,0.60997,0.6349,0.6349,0.62023,0.58504,0.54985,0.5,0.45503,0.41496,0.36999,0.3348,0.30499,0.29472,0.28006,0.27468,0.27468,0.26491,0.26491,0.26491,0.26002,0.26002,0.26491,0.26491,0.26491,0.27468,0.28495,0.30987,0.35484,0.39492,0.3998,0.41007,0.45503,0.45992,0.45015,0.41984,0.37977,0.34995,0.32502,0.3001,0.27468,0.26491,0.26002,0.26002,0.26002,0.26002,0.20479,0.13978,0.22483,0.6002,1.1603,1.2757,0.85044,0.55523,0.435,0.35484,0.26979,0.20968,0.20968,0.20968,0.21994,0.22483,0.2346,0.24976,0.26002,0.26979,0.28495,0.30499,0.32502,0.34506,0.3651,0.38514,0.41496,0.44477,0.49022,0.53519,0.58504,0.62023,0.64027,0.65494,0.6349,0.61486,0.58016,0.53519,0.47996,0.435,0.3998,0.3651,0.3348,0.31965,0.30499,0.29472,0.28495,0.28495,0.28006,0.28006,0.28006,0.28006,0.28495,0.28983,0.28495,0.28983,0.30499,0.32991,0.35973,0.3998,0.42473,0.42473,0.46481,0.49511,0.49022,0.47019,0.43011,0.39492,0.36999,0.34506,0.30987,0.29472,0.28983,0.3001,0.28983,0.28495,0.26491,0.18964,0.1696,0.40469,0.94037,1.2908,1.0552,0.71505,0.54497,0.43988,0.35484,0.26979,0.24487,0.24487,0.25464,0.26491,0.27468,0.28006,0.29472,0.30499,0.32502,0.3348,0.34995,0.3651,0.39003,0.41496,0.435,0.45992,0.5,0.54497,0.58993,0.63001,0.66031,0.67498,0.67498,0.65005,0.62023,0.58016,0.54008,0.49022,0.45015,0.40469,0.36999,0.34995,0.34995,0.3348,0.31965,0.31476,0.30987,0.30499,0.30499,0.30499,0.30499,0.31476,0.26491,0.24487,0.23998,0.26002,0.26491,0.31476,0.34995,0.34995,0.3651,0.37977,0.37977,0.38514,0.39003,0.32991,0.32502,0.67498,1.2004,1.3856,1.0406,0.6349,0.52004,0.5,0.42473,0.31965,0.28983,0.28495,0.29472,0.28495,0.30987,0.32991,0.32991,0.33969,0.35484,0.3651,0.38514,0.3998,0.41007,0.43988,0.46481,0.49511,0.53519,0.58016,0.60997,0.6349,0.64516,0.64516,0.63001,0.59531,0.55523,0.51515,0.47019,0.41984,0.39003,0.35973,0.3348,0.31476,0.3001,0.28983,0.28495,0.3001,0.29472,0.31476,0.32502,0.3348,0.33969,0.34995,0.34995,0.35973,0.35484,0.35484,0.35973,0.3651,0.35973,0.35484,0.35484,0.35973,0.35484,0.34995,0.34995,0.35484,0.35484,0.35973,0.38514,0.41984,0.42473,0.42473,0.47507,0.49022,0.47507,0.45015,0.41007,0.37488,0.34995,0.32502,0.30499,0.29472,0.28983,0.28983,0.28495,0.27468,0.22483,0.18964,0.31476,0.69013,1.2307,1.3157,0.84018,0.54497,0.41984,0.3348,0.26979,0.2346,0.2346,0.2346,0.2346,0.23998,0.24976,0.26002,0.26491,0.28006,0.29472,0.30499,0.32502,0.34506,0.35973,0.37977,0.3998,0.43988,0.47507,0.52004,0.56989,0.60997,0.64516,0.66031,0.6652,0.65005,0.62512,0.58504,0.54497,0.49511,0.44477,0.40469,0.36999,0.33969,0.31965,0.3001,0.28983,0.28006,0.27468,0.26979,0.26979,0.26491,0.26491,0.26979,0.28006,0.28006,0.28983,0.29472,0.31476,0.35484,0.39003,0.3998,0.39003,0.44477,0.45992,0.44477,0.41984,0.39003,0.34995,0.32502,0.29472,0.26491,0.25464,0.24976,0.25464,0.24976,0.24487,0.20479,0.1349,0.1999,0.54008,1.1256,1.2957,0.92522,0.57527,0.43011,0.33969,0.26491,0.1999,0.19501,0.1999,0.20968,0.20968,0.21994,0.2346,0.23998,0.24976,0.26979,0.28006,0.3001,0.32502,0.33969,0.3651,0.39492,0.42473,0.46481,0.51515,0.56012,0.60508,0.62023,0.63001,0.62023,0.59531,0.56012,0.50978,0.45992,0.41007,0.37488,0.34506,0.31965,0.29472,0.28495,0.28006,0.27468,0.27468,0.26491,0.26491,0.26491,0.26002,0.26002,0.26002,0.26002,0.26491,0.26491,0.28006,0.3001,0.3348,0.37488,0.39492,0.39003,0.435,0.45992,0.45503,0.43011,0.39492,0.35973,0.3348,0.30499,0.28006,0.26979,0.26491,0.26491,0.26002,0.26002,0.2346,0.16471,0.15494,0.43011,0.94526,1.2908,1.0503,0.68035,0.49511,0.39492,0.31476,0.23998,0.21994,0.22483,0.2346,0.23998,0.25464,0.26002,0.26979,0.28006,0.28983,0.30987,0.32991,0.33969,0.35484,0.37977,0.40469,0.43011,0.47019,0.52004,0.56989,0.60508,0.64027,0.66031,0.6652,0.64516,0.60997,0.57527,0.53519,0.49022,0.44477,0.3998,0.36999,0.34506,0.32991,0.32991,0.31476,0.30499,0.30499,0.30499,0.30499,0.30499,0.3001,0.28983,0.28983,0.30499,0.31476,0.32502,0.32991,0.3348,0.34995,0.39003,0.42473,0.43988,0.435,0.49511,0.50978,0.5,0.46481,0.42473,0.39003,0.3651,0.33969,0.31965,0.31476,0.30987,0.30987,0.30499,0.30499,0.26979,0.1999,0.26979,0.60508,1.1305,1.2957,0.94526,0.64516,0.50978,0.41496,0.3348,0.27468,0.25464,0.26002,0.26979,0.28495,0.28983,0.30499,0.30499,0.32502,0.32991,0.33969,0.3651,0.39003,0.3998,0.41496,0.43988,0.47996,0.52493,0.56989,0.60997,0.64516,0.67498,0.69013,0.68035,0.66031,0.62512,0.58016,0.54008,0.5,0.43988,0.3998,0.37488,0.35973,0.34506,0.32502,0.30987,0.30987,0.30499,0.30987,0.30499,0.30499,0.30499,0.30499,0.30499,0.32502,0.33969,0.3348,0.34506,0.3651,0.37977,0.38514,0.41496,0.45015,0.44477,0.43988,0.50489,0.5,0.49022,0.45503,0.41496,0.38514,0.36999,0.3348,0.31965,0.30987,0.30499,0.30499,0.30499,0.3001,0.22972,0.19501,0.33969,0.77028,1.2908,1.3157,0.81036,0.54985,0.45503,0.37488,0.29472,0.26002,0.25464,0.26002,0.26002,0.27468,0.28006,0.29472,0.30499,0.31476,0.31965,0.33969,0.35484,0.37488,0.39492,0.41496,0.43988,0.46481,0.50978,0.565,0.60997,0.64516,0.6652,0.67009,0.66031,0.6349,0.6002,0.54985,0.50489,0.45503,0.41007,0.36999,0.33969,0.31476,0.30499,0.28495,0.28006,0.27468,0.26979,0.26491,0.26002,0.26491,0.26979,0.27468,0.28006,0.28983,0.30499,0.30987,0.31965,0.32991,0.33969,0.36999,0.40469,0.41984,0.40469,0.43988,0.45992,0.45503,0.43011,0.39492,0.35484,0.32991,0.3001,0.27468,0.26491,0.26002,0.26002,0.26002,0.24976,0.21457,0.1349,0.18964,0.5,1.0953,1.2957,0.96041,0.59531,0.43011,0.33969,0.26979,0.20968,0.20479,0.20968,0.21457,0.22972,0.2346,0.24487,0.26002,0.26979,0.28006,0.3001,0.31965,0.33969,0.35484,0.38514,0.41007,0.43988,0.47507,0.52004,0.56989,0.61486,0.65005,0.65494,0.65494,0.63001,0.58993,0.54497,0.5,0.45015,0.40469,0.35973,0.32991,0.30499,0.28983,0.28006,0.27468,0.27468,0.26979,0.26491,0.26491,0.26002,0.26002,0.26002,0.25464,0.26002,0.26979,0.28006,0.28495,0.29472,0.3001,0.31476,0.33969,0.38514,0.40469,0.3998,0.43011,0.47019,0.45992,0.44477,0.40469,0.36999,0.33969,0.31965,0.28983,0.26979,0.26491,0.26979,0.26491,0.26491,0.24976,0.17498,0.16471,0.40469,0.91544,1.3157,1.1007,0.71505,0.5,0.3998,0.32502,0.24976,0.22972,0.22483,0.22972,0.2346,0.23998,0.24976,0.26002,0.26979,0.28006,0.3001,0.30987,0.32991,0.34995,0.36999,0.39003,0.41984,0.45992,0.5,0.54985,0.59531,0.6349,0.65494,0.65494,0.64027,0.60997,0.56989,0.52004,0.47996,0.43011,0.39003,0.35484,0.3348,0.31476,0.3001,0.29472,0.28983,0.28495,0.28495,0.28495,0.27468,0.26979,0.26979,0.26979,0.26491,0.27468,0.28983,0.3001,0.29472,0.31476,0.32502,0.33969,0.35484,0.39492,0.42473,0.42473,0.41984,0.47507,0.47019,0.47019,0.435,0.39003,0.35973,0.34995,0.31476,0.29472,0.28983,0.28983,0.28983,0.28495,0.28006,0.21994,0.18964,0.33969,0.7654,1.2556,1.2854,0.81036,0.56989,0.47507,0.38514,0.28983,0.26002,0.24976,0.24976,0.26002,0.26979,0.28495,0.28983,0.3001,0.30987,0.32502,0.34506,0.36999,0.38514,0.39492,0.40469,0.43988,0.49022,0.52981,0.57527,0.61486,0.66031,0.68524,0.69013,0.67498,0.65494,0.62512,0.56989,0.52004,0.47507,0.44477,0.40469,0.3651,0.34995,0.3348,0.32991,0.31965,0.30987,0.30499,0.30987,0.3001,0.29472,0.3001,0.30987,0.32502,0.32502,0.32991,0.3348,0.34506,0.3651,0.37488,0.36999,0.40469,0.43988,0.45503,0.435,0.47996,0.50978,0.49511,0.45992,0.42473,0.39492,0.35973,0.33969,0.32502,0.30499,0.30499,0.30499,0.30499,0.30499,0.26979,0.18964,0.2346,0.51515,1.0655,1.3104,0.98045,0.64516,0.49022,0.3998,0.31965,0.27468,0.26002,0.26491,0.27468,0.28006,0.28006,0.29472,0.31476,0.32991,0.32991,0.34506,0.36999,0.38514,0.39492,0.41984,0.45015,0.47507,0.50978,0.565,0.60508,0.65005,0.69013,0.70039,0.69501,0.68035,0.65005,0.60997,0.565,0.50978,0.47507,0.43011,0.39492,0.3651,0.34506,0.32991,0.31476,0.30987,0.30499,0.3001,0.3001,0.3001,0.29472,0.3001,0.30499,0.31965,0.32991,0.3348,0.34506,0.34995,0.35973,0.36999,0.38514,0.41984,0.435,0.43011,0.47019,0.49511,0.48485,0.47019,0.43011,0.39492,0.36999,0.34506,0.31476,0.30499,0.30499,0.3001,0.30499,0.3001,0.27468,0.1999,0.18475,0.41496,0.93011,1.3504,1.1007,0.71994,0.50489,0.3998,0.31965,0.25464,0.23998,0.2346,0.2346,0.24487,0.24976,0.26002,0.26979,0.28006,0.29472,0.30987,0.32502,0.3348,0.35973,0.37488,0.3998,0.43011,0.45992,0.5,0.55523,0.60508,0.65005,0.67009,0.67009,0.65494,0.63001,0.58504,0.52981,0.48485,0.435,0.39003,0.34995,0.32502,0.29472,0.28006,0.26979,0.26491,0.26002,0.26002,0.26002,0.26002,0.25464,0.25464,0.25464,0.26002,0.26002,0.26979,0.28006,0.28495,0.3001,0.30499,0.32502,0.35973,0.39003,0.39492,0.37977,0.43988,0.44477,0.43011,0.40469,0.36999,0.32991,0.30987,0.28006,0.26002,0.25464,0.24487,0.24487,0.24487,0.23998,0.17498,0.1349,0.26979,0.71017,1.2605,1.3456,0.82502,0.51515,0.38514,0.30987,0.24487,0.1999,0.1999,0.20479,0.21457,0.22483,0.22972,0.23998,0.24976,0.26002,0.27468,0.28983,0.30987,0.32991,0.34995,0.36999,0.39492,0.43011,0.47507,0.52004,0.56989,0.61486,0.65005,0.66031,0.65494,0.63001,0.58504,0.54497,0.49511,0.43988,0.3998,0.35973,0.32502,0.30499,0.28983,0.28006,0.26979,0.26979,0.26491,0.26002,0.26002,0.25464,0.24976,0.24976,0.24976,0.24487,0.25464,0.26002,0.26979,0.28006,0.28495,0.29472,0.30987,0.33969,0.37488,0.3998,0.3998,0.39492,0.46481,0.44477,0.435,0.40469,0.3651,0.3348,0.31476,0.28495,0.26491,0.26002,0.26002,0.26491,0.26002,0.23998,0.17498,0.15982,0.41007,0.93011,1.3255,1.1007,0.71994,0.50489,0.39492,0.32502,0.24487,0.21457,0.21994,0.22483,0.2346,0.23998,0.25464,0.26002,0.26979,0.28006,0.3001,0.30987,0.32991,0.34995,0.36999,0.38514,0.41984,0.45015,0.49511,0.54497,0.59531,0.6349,0.65494,0.6652,0.65005,0.63001,0.58504,0.54008,0.49022,0.44477,0.40469,0.3651,0.32991,0.31476,0.30499,0.29472,0.28495,0.28006,0.27468,0.27468,0.28006,0.26979,0.26491,0.27468,0.27468,0.28006,0.28006,0.28983,0.29472,0.30499,0.31965,0.32502,0.3348,0.34995,0.38514,0.41984,0.43011,0.42473,0.47996,0.49511,0.47507,0.44477,0.41007,0.36999,0.35484,0.32991,0.30499,0.29472,0.29472,0.29472,0.3001,0.28983,0.24976,0.18964,0.29472,0.64516,1.1906,1.3304,0.91007,0.6002,0.47996,0.40469,0.31476,0.25464,0.24487,0.26002,0.26491,0.26491,0.27468,0.28983,0.30499,0.30987,0.32502,0.33969,0.35973,0.38514,0.3998,0.41984,0.43988,0.47019,0.51515,0.56012,0.60997,0.65005,0.68035,0.70039,0.70528,0.68035,0.65005,0.6002,0.56012,0.51515,0.46481,0.42473,0.39492,0.35973,0.34506,0.32991,0.32502,0.31965,0.30499,0.30499,0.30499,0.30499,0.3001,0.3001,0.30499,0.31476,0.32991,0.3348,0.33969,0.3348,0.34995,0.36999,0.37488,0.37488,0.39492,0.42473,0.44477,0.43988,0.45503,0.49511,0.49511,0.47507,0.435,0.39492,0.37488,0.35484,0.31965,0.30987,0.30499,0.30987,0.30499,0.30499,0.28983,0.21457,0.1999,0.42473,0.92522,1.3304,1.0953,0.71994,0.50489,0.41984,0.34506,0.28006,0.25464,0.26002,0.26002,0.26002,0.27468,0.28983,0.3001,0.31476,0.31965,0.3348,0.34995,0.3651,0.37977,0.39492,0.41984,0.45503,0.49022,0.53519,0.56989,0.61486,0.67009,0.69013,0.69501,0.68524,0.65005,0.62023,0.58504,0.53519,0.48485,0.44477,0.41007,0.37488,0.34995,0.33969,0.32991,0.31476,0.30499,0.29472,0.29472,0.28983,0.28983,0.29472,0.3001,0.3001,0.30499,0.30987,0.32502,0.32991,0.3348,0.34506,0.34995,0.35973,0.39003,0.41007,0.41496,0.41007,0.46481,0.47507,0.45503,0.43011,0.39003,0.34995,0.33969,0.30987,0.28983,0.28006,0.28006,0.28006,0.27468,0.26979,0.21994,0.16471,0.26491,0.65494,1.2307,1.3607,0.88514,0.565,0.43011,0.33969,0.26979,0.22483,0.21994,0.22483,0.22972,0.2346,0.24976,0.25464,0.26491,0.28006,0.28983,0.30499,0.32502,0.33969,0.35973,0.37977,0.41007,0.43988,0.47996,0.52981,0.58504,0.63001,0.66031,0.67498,0.6652,0.65005,0.60997,0.56989,0.52004,0.46481,0.41984,0.37488,0.34506,0.31965,0.3001,0.28983,0.28006,0.28006,0.27468,0.27468,0.26979,0.26979,0.26491,0.26491,0.26002,0.26491,0.26979,0.28006,0.28495,0.29472,0.30499,0.32502,0.35484,0.3998,0.40469,0.3998,0.45015,0.46481,0.45015,0.42473,0.38514,0.34995,0.32502,0.3001,0.27468,0.26979,0.26002,0.26002,0.26002,0.26002,0.20479,0.14956,0.26979,0.67498,1.2204,1.3358,0.87537,0.55523,0.43011,0.33969,0.26979,0.21994,0.21457,0.21994,0.22483,0.2346,0.23998,0.25464,0.26002,0.27468,0.28495,0.30499,0.31476,0.33969,0.35973,0.37977,0.40469,0.43988,0.47996,0.52493,0.58016,0.62512,0.65494,0.6652,0.66031,0.6349,0.60508,0.55523,0.5,0.45503,0.40469,0.36999,0.3348,0.31476,0.3001,0.28495,0.28006,0.28006,0.27468,0.26979,0.26979,0.26491,0.26491,0.26002,0.26491,0.26979,0.26491,0.26979,0.28006,0.28983,0.3001,0.30987,0.32991,0.37488,0.41007,0.41496,0.40469,0.46481,0.45992,0.45503,0.42473,0.36999,0.34995,0.32991,0.3001,0.27468,0.26979,0.26491,0.27468,0.27468,0.26002,0.1999,0.1696,0.32502,0.78543,1.2908,1.3255,0.82014,0.56989,0.45503,0.35973,0.28006,0.23998,0.2346,0.23998,0.24487,0.26002,0.26491,0.27468,0.28495,0.29472,0.30499,0.32502,0.34506,0.35484,0.37488,0.3998,0.43011,0.45992,0.50489,0.55523,0.6002,0.64027,0.67498,0.68524,0.68035,0.65005,0.61486,0.58016,0.54008,0.47996,0.43011,0.39492,0.37488,0.34995,0.32991,0.31965,0.31476,0.30987,0.30987,0.31476,0.30499,0.30499,0.30499,0.3001,0.3001,0.30499,0.31476,0.31965,0.32502,0.3348,0.34995,0.37977,0.41984,0.435,0.435,0.47019,0.50978,0.50489,0.48485,0.44477,0.41007,0.37977,0.35484,0.3348,0.31476,0.30987,0.30987,0.31476,0.30499,0.28495,0.20968,0.19501,0.45503,0.96041,1.3504,1.0806,0.71994,0.52004,0.43011,0.34995,0.26979,0.25464,0.26491,0.26979,0.27468,0.28006,0.29472,0.3001,0.30987,0.32991,0.33969,0.35973,0.37977,0.3998,0.41984,0.43988,0.47019,0.50978,0.54985,0.6002,0.65005,0.69013,0.71017,0.71017,0.69501,0.67009,0.63001,0.58016,0.52493,0.47996,0.435,0.3998,0.36999,0.34506,0.32991,0.31965,0.31476,0.30499,0.30499,0.29472,0.28495,0.28495,0.28495,0.28495,0.28983,0.29472,0.3001,0.30987,0.32991,0.34995,0.39003,0.41496,0.41007,0.43011,0.47019,0.47019,0.45503,0.42473,0.37977,0.34995,0.32991,0.3001,0.28006,0.26979,0.26491,0.26491,0.26002,0.24487,0.16471,0.13978,0.32991,0.84018,1.3055,1.1256,0.73021,0.49511,0.37977,0.30499,0.22972,0.20479,0.20479,0.20479,0.20968,0.21994,0.22483,0.2346,0.24976,0.26002,0.28006,0.28983,0.30987,0.32502,0.34995,0.37488,0.40469,0.43988,0.48485,0.53519,0.58016,0.62023,0.64516,0.65005,0.6349,0.60997,0.56989,0.52004,0.47507,0.42473,0.37977,0.34506,0.31476,0.29472,0.28006,0.27468,0.26491,0.26491,0.26002,0.26002,0.26002,0.26002,0.26002,0.26002,0.26002,0.27468,0.28006,0.28495,0.30499,0.33969,0.38514,0.39492,0.39003,0.44477,0.45992,0.44477,0.41984,0.37977,0.34506,0.32502,0.29472,0.26491,0.26002,0.26002,0.26002,0.25464,0.24487,0.20968,0.13978,0.21457,0.54985,1.1105,1.2708,0.89541,0.565,0.435,0.34995,0.26979,0.21457,0.20968,0.20968,0.21994,0.2346,0.23998,0.24976,0.26002,0.28006,0.28983,0.30499,0.32502,0.33969,0.3651,0.38514,0.41007,0.43988,0.47996,0.52004,0.57527,0.60997,0.64027,0.65005,0.64516,0.62023,0.58504,0.53519,0.49511,0.44477,0.3998,0.3651,0.32991,0.30987,0.3001,0.28983,0.28495,0.28495,0.28006,0.28006,0.26979,0.27468,0.27468,0.26979,0.27468,0.28006,0.28983,0.29472,0.31476,0.34995,0.39492,0.41496,0.41984,0.45992,0.48485,0.47507,0.45992,0.41984,0.37488,0.35973,0.3348,0.30499,0.29472,0.29472,0.28983,0.28495,0.28006,0.26491,0.18964,0.17498,0.435,0.98045,1.2908,1.0303,0.68035,0.52004,0.41984,0.32991,0.25464,0.23998,0.2346,0.23998,0.25464,0.26002,0.26979,0.28983,0.3001,0.30499,0.32502,0.34995,0.3651,0.37977,0.41007,0.43988,0.46481,0.49511,0.53519,0.58993,0.6349,0.66031,0.68035,0.68524,0.66031,0.6349,0.59531,0.54008,0.49511,0.46481,0.42473,0.37977,0.35484,0.34506,0.32991,0.32502,0.31476,0.30987,0.30499,0.30499,0.30499,0.30499,0.30499,0.31476,0.31965,0.32991,0.33969,0.35973,0.38514,0.42473,0.44477,0.45015,0.47507,0.52004,0.50489,0.49022,0.45015,0.41007,0.37977,0.35973,0.3348,0.31476,0.30499,0.30987,0.30987,0.30499,0.28983,0.21457,0.18964,0.3998,0.88025,1.3157,1.0806,0.72532,0.52493,0.435,0.35484,0.28006,0.26002,0.24976,0.26491,0.28006,0.28006,0.29472,0.30499,0.31965,0.32991,0.33969,0.3651,0.37977,0.3998,0.41984,0.43988,0.46481,0.50978,0.54985,0.59531,0.64027,0.67498,0.69013,0.69013,0.67498,0.64516,0.60508,0.55523,0.50978,0.46481,0.42473,0.39003,0.35484,0.33969,0.32991,0.30499,0.30499,0.3001,0.28983,0.28495,0.28495,0.28495,0.28495,0.28495,0.3001,0.30499,0.30987,0.32502,0.34995,0.39492,0.41496,0.40469,0.435,0.47019,0.45992,0.44477,0.41984,0.37977,0.34506,0.32502,0.29472,0.28006,0.26979,0.26979,0.26491,0.26002,0.24976,0.17498,0.13978,0.34506,0.85044,1.3206,1.1256,0.71994,0.47019,0.3651,0.29472,0.22972,0.20968,0.20968,0.21457,0.21994,0.22972,0.23998,0.24976,0.26002,0.27468,0.28983,0.30499,0.32991,0.34506,0.36999,0.39492,0.41984,0.45992,0.50489,0.55523,0.6002,0.6349,0.65494,0.65494,0.64027,0.60997,0.56989,0.52004,0.47019,0.41984,0.37977,0.34506,0.31476,0.29472,0.28495,0.28006,0.28006,0.27468,0.26979,0.26002,0.26002,0.26002,0.26002,0.26002,0.26491,0.26979,0.28006,0.3001,0.33969,0.37488,0.37977,0.39492,0.44477,0.45503,0.43988,0.41984,0.37977,0.34506,0.32502,0.28983,0.26491,0.26002,0.25464,0.26002,0.25464,0.26002,0.19501,0.13978,0.23998,0.64516,1.2107,1.3104,0.84506,0.54008,0.41007,0.3348,0.25464,0.20968,0.20479,0.20968,0.21457,0.21994,0.2346,0.24976,0.26002,0.26491,0.28006,0.3001,0.31476,0.3348,0.35484,0.37488,0.41007,0.43988,0.48485,0.52981,0.57527,0.60997,0.6349,0.64516,0.6349,0.60997,0.56989,0.52004,0.47019,0.42473,0.37977,0.34506,0.31476,0.3001,0.28495,0.28006,0.27468,0.26979,0.26491,0.26491,0.26002,0.26491,0.26002,0.26002,0.26002,0.26491,0.27468,0.29472,0.32991,0.37488,0.3998,0.39492,0.43988,0.47019,0.46481,0.44477,0.41007,0.36999,0.34995,0.31965,0.28983,0.28006,0.28006,0.27468,0.26979,0.26979,0.24976,0.1696,0.15494,0.41496,0.95552,1.2805,1.0352,0.67009,0.49022,0.39492,0.31965,0.24487,0.21994,0.22483,0.22972,0.2346,0.24487,0.26002,0.26491,0.27468,0.28983,0.30499,0.32502,0.34506,0.35973,0.37977,0.3998,0.435,0.47507,0.51515,0.56012,0.60997,0.6349,0.65005,0.65005,0.63001,0.6002,0.56012,0.50978,0.45992,0.42473,0.38514,0.34995,0.32991,0.31476,0.30499,0.30499,0.3001,0.29472,0.3001,0.28983,0.28006,0.28495,0.28983,0.29472,0.3001,0.30499,0.31965,0.33969,0.37977,0.41984,0.42473,0.43011,0.49511,0.5,0.47996,0.44477,0.41007,0.37488,0.34995,0.31965,0.30499,0.28983,0.28006,0.28006,0.28006,0.27468,0.22972,0.1696,0.24976,0.60997,1.1354,1.2605,0.88514,0.60997,0.5,0.39492,0.30499,0.26002,0.24487,0.24487,0.25464,0.26491,0.27468,0.28495,0.29472,0.30499,0.32502,0.32991,0.34995,0.37488,0.39492,0.41007,0.435,0.46481,0.50978,0.54985,0.58993,0.62512,0.65005,0.65494,0.65005,0.62512,0.58993,0.54497,0.50489,0.47019,0.43011,0.39003,0.35973,0.34506,0.3348,0.32991,0.31476,0.30499,0.3001,0.3001,0.30499,0.30499,0.30987,0.31965,0.32991,0.3348,0.33969,0.35484,0.37977,0.41984,0.44477,0.44477,0.47507,0.52004,0.50978,0.49022,0.45503,0.41496,0.39003,0.3651,0.32502,0.31965,0.30987,0.31476,0.30499,0.30987,0.3001,0.23998,0.1999,0.3348,0.73509,1.2454,1.2757,0.8001,0.55523,0.46481,0.37488,0.29472,0.26002,0.25464,0.26002,0.26491,0.27468,0.28983,0.3001,0.30499,0.31965,0.33969,0.35484,0.37488,0.38514,0.3998,0.42473,0.46481,0.48485,0.52981,0.58016,0.62023,0.65005,0.67009,0.67498,0.6652,0.63001,0.6002,0.55523,0.51515,0.47019,0.43011,0.39492,0.37488,0.34995,0.33969,0.32991,0.32502,0.31476,0.30499,0.31476,0.30987,0.31476,0.31476,0.31965,0.32991,0.3348,0.34506,0.35973,0.39492,0.43011,0.44477,0.435,0.47507,0.5,0.49511,0.47507,0.435,0.39492,0.37488,0.34995,0.31476,0.3001,0.28983,0.28495,0.29472,0.28983,0.26491,0.18475,0.16471,0.38514,0.90029,1.3104,1.0753,0.70039,0.49022,0.39003,0.31476,0.24976,0.22972,0.22972,0.2346,0.23998,0.24976,0.26002,0.26002,0.28006,0.28495,0.30499,0.31965,0.3348,0.35484,0.37977,0.40469,0.435,0.46481,0.50978,0.56012,0.60508,0.6349,0.65494,0.65494,0.63001,0.6002,0.56012,0.50978,0.45992,0.41496,0.37488,0.34506,0.31476,0.3001,0.28983,0.28006,0.27468,0.28006,0.27468,0.26491,0.26002,0.26002,0.26002,0.26491,0.26979,0.27468,0.28495,0.31476,0.35484,0.39003,0.38514,0.41496,0.45015,0.44477,0.43988,0.40469,0.36999,0.3348,0.31476,0.28495,0.26002,0.26002,0.26002,0.26002,0.25464,0.23998,0.1696,0.13978,0.31965,0.8001,1.2757,1.1354,0.74536,0.50489,0.39003,0.31476,0.2346,0.20479,0.20479,0.20479,0.20968,0.22483,0.2346,0.24976,0.26002,0.26979,0.28495,0.30499,0.32502,0.33969,0.3651,0.39003,0.41984,0.45015,0.49022,0.54497,0.58993,0.62512,0.64027,0.64027,0.62512,0.59531,0.56012,0.50978,0.46481,0.41984,0.37977,0.34995,0.32502,0.30987,0.3001,0.28983,0.28006,0.28006,0.28006,0.27468,0.27468,0.27468,0.28006,0.28006,0.28006,0.28495,0.3001,0.32502,0.37488,0.3998,0.3998,0.435,0.47507,0.46481,0.44477,0.41984,0.37977,0.34995,0.32991,0.3001,0.28006,0.28006,0.28006,0.27468,0.26979,0.25464,0.18475,0.15494,0.33969,0.82014,1.2556,1.0953,0.71994,0.50489,0.41007,0.3348,0.24976,0.22483,0.22483,0.22972,0.2346,0.24487,0.26002,0.26979,0.28495,0.29472,0.30987,0.32502,0.33969,0.35973,0.37977,0.3998,0.435,0.47019,0.51515,0.55523,0.6002,0.6349,0.65005,0.65494,0.6349,0.6002,0.55523,0.50978,0.47019,0.42473,0.38514,0.34995,0.3348,0.31476,0.30499,0.30499,0.3001,0.29472,0.28495,0.28495,0.28983,0.29472,0.28495,0.28495,0.3001,0.30499,0.32502,0.3651,0.40469,0.42473,0.42473,0.48485,0.5,0.49022,0.45992,0.42473,0.39492,0.36999,0.3348,0.30987,0.30499,0.30499,0.3001,0.28983,0.28495,0.26002,0.18475,0.22483,0.50978,1.0552,1.2556,0.9653,0.64516,0.50978,0.42473,0.32502,0.25464,0.24976,0.24976,0.25464,0.26491,0.28006,0.3001,0.30499,0.30987,0.32991,0.34995,0.3651,0.37977,0.3998,0.42473,0.45015,0.47996,0.51515,0.56012,0.6002,0.64516,0.6652,0.67009,0.66031,0.65005,0.61486,0.56989,0.52493,0.47996,0.43988,0.40469,0.37977,0.35484,0.3348,0.32991,0.32502,0.31965,0.31965,0.31476,0.30499,0.30987,0.31476,0.32991,0.32991,0.33969,0.35484,0.37488,0.41007,0.44477,0.45503,0.47507,0.52493,0.51515,0.50489,0.47507,0.43011,0.3998,0.37977,0.34995,0.32991,0.30987,0.31476,0.32502,0.30499,0.29472,0.24487,0.1999,0.3001,0.71017,1.2307,1.3006,0.83529,0.57527,0.47507,0.37977,0.30987,0.26979,0.26002,0.26491,0.28006,0.28495,0.29472,0.30987,0.32502,0.32991,0.33969,0.3651,0.37488,0.3998,0.41984,0.44477,0.47019,0.50489,0.54497,0.58993,0.6349,0.6652,0.68524,0.69013,0.67498,0.65494,0.61486,0.56989,0.52493,0.49022,0.44477,0.41007,0.37977,0.35973,0.34995,0.34506,0.3348,0.32991,0.32502,0.31476,0.31965,0.32502,0.32502,0.32991,0.3348,0.34506,0.3651,0.40469,0.43011,0.43988,0.435,0.5,0.50489,0.49511,0.47019,0.42473,0.39003,0.35973,0.32991,0.30987,0.30499,0.29472,0.29472,0.28983,0.28006,0.23998,0.16471,0.2346,0.58504,1.1657,1.3206,0.91544,0.60508,0.47019,0.36999,0.28983,0.22972,0.21457,0.21457,0.22483,0.2346,0.24487,0.25464,0.26002,0.27468,0.28983,0.30499,0.31965,0.33969,0.35973,0.37488,0.40469,0.43988,0.47996,0.52493,0.57527,0.61486,0.6349,0.64027,0.6349,0.60997,0.56989,0.52493,0.47507,0.42473,0.38514,0.34995,0.32991,0.3001,0.28983,0.28006,0.27468,0.26979,0.26979,0.26002,0.26002,0.26002,0.26002,0.26491,0.27468,0.28006,0.30499,0.3348,0.37977,0.39492,0.39003,0.43988,0.46481,0.45503,0.435,0.39492,0.35484,0.32502,0.3001,0.27468,0.26002,0.25464,0.24487,0.24976,0.24487,0.21457,0.12952,0.11975,0.41496,0.98045,1.2757,1.0005,0.62023,0.43988,0.34506,0.27468,0.20479,0.18964,0.18964,0.1999,0.20968,0.21457,0.22972,0.24487,0.26002,0.26979,0.28495,0.30499,0.32502,0.34506,0.36999,0.39492,0.43011,0.45992,0.50978,0.55523,0.6002,0.62512,0.6349,0.62512,0.59531,0.565,0.52004,0.47507,0.42473,0.37977,0.34506,0.31965,0.29472,0.28495,0.28006,0.28006,0.26979,0.26979,0.26491,0.26002,0.25464,0.26002,0.26002,0.26002,0.26979,0.28006,0.30499,0.34506,0.37977,0.38514,0.40469,0.45992,0.45503,0.44477,0.41984,0.39003,0.35484,0.32991,0.3001,0.28006,0.27468,0.26491,0.26491,0.26491,0.26002,0.1999,0.13978,0.26491,0.66031,1.1955,1.2708,0.82502,0.54008,0.42473,0.34995,0.26979,0.21994,0.21457,0.21994,0.22972,0.2346,0.24487,0.26002,0.26979,0.28006,0.29472,0.30987,0.32991,0.34506,0.35973,0.38514,0.41496,0.44477,0.48485,0.52981,0.58016,0.60997,0.63001,0.63001,0.61486,0.58993,0.55523,0.50489,0.45992,0.41984,0.37977,0.34995,0.3348,0.31965,0.30499,0.3001,0.28983,0.28983,0.28495,0.28495,0.28495,0.28983,0.28983,0.28006,0.28983,0.26979,0.25464,0.24976,0.29472,0.31476,0.32502,0.35484,0.3651,0.34995,0.35484,0.35973,0.34995,0.34506,0.29472,0.26491,0.46481,0.92033,1.3104,1.1056,0.71505,0.52004,0.49022,0.43011,0.31476,0.26979,0.26979,0.26979,0.27468,0.28006,0.28495,0.30499,0.31965,0.3348,0.34995,0.35484,0.36999,0.3998,0.42473,0.43988,0.47507,0.50978,0.54008,0.58504,0.61486,0.6349,0.64027,0.62023,0.59531,0.565,0.52004,0.47507,0.43988,0.3998,0.3651,0.34506,0.32991,0.30987,0.30499,0.30499,0.3001,0.29472,0.3001,0.30499,0.30987,0.30499,0.30987,0.32502,0.3348,0.33969,0.34995,0.34995,0.34995,0.34995,0.35484,0.34995,0.34995,0.34995,0.34995,0.35973,0.39003,0.41984,0.42473,0.43011,0.47507,0.47996,0.47507,0.45015,0.41007,0.37488,0.3651,0.33969,0.30987,0.31476,0.30987,0.30987,0.30499,0.29472,0.23998,0.20479,0.33969,0.75024,1.2507,1.3055,0.82502,0.55523,0.43988,0.35973,0.29472,0.26002,0.25464,0.26002,0.27468,0.27468,0.28006,0.29472,0.30499,0.31476,0.3348,0.34995,0.35973,0.37488,0.39003,0.41496,0.43988,0.46481,0.50489,0.54985,0.59531,0.63001,0.65494,0.67009,0.6652,0.65494,0.63001,0.58993,0.54985,0.50978,0.47019,0.435,0.3998,0.36999,0.35484,0.34506,0.32991,0.32502,0.31476,0.30987,0.30987,0.30987,0.31476,0.31965,0.32502,0.3348,0.34506,0.35484,0.38514,0.41984,0.43988,0.43988,0.47507,0.5,0.49022,0.46481,0.42473,0.38514,0.35484,0.3348,0.29472,0.28006,0.28006,0.27468,0.27468,0.26491,0.23998,0.15982,0.14467,0.41007,0.93011,1.2805,1.0254,0.65494,0.45992,0.36999,0.29472,0.22972,0.20968,0.20968,0.21994,0.22972,0.2346,0.24976,0.26002,0.26979,0.28006,0.3001,0.31965,0.33969,0.34995,0.37488,0.3998,0.435,0.47507,0.52004,0.56989,0.60508,0.6349,0.64027,0.6349,0.60997,0.57527,0.52981,0.48485,0.435,0.39003,0.35973,0.32991,0.30499,0.29472,0.28006,0.28006,0.27468,0.26979,0.26491,0.26979,0.26979,0.26491,0.26491,0.26979,0.28006,0.28006,0.28983,0.30499,0.32991,0.37488,0.3998,0.3998,0.42473,0.45992,0.45503,0.43988,0.40469,0.36999,0.33969,0.32502,0.28983,0.27468,0.26979,0.26491,0.26002,0.26491,0.24976,0.17498,0.14956,0.35484,0.85044,1.3055,1.1305,0.73021,0.5,0.39492,0.31965,0.24487,0.20968,0.20968,0.21457,0.22483,0.2346,0.24976,0.26002,0.26979,0.28006,0.3001,0.30987,0.32991,0.34506,0.3651,0.38514,0.41984,0.45503,0.5,0.54497,0.58993,0.63001,0.64516,0.65005,0.63001,0.6002,0.56012,0.51515,0.46481,0.42473,0.37977,0.34995,0.32502,0.30499,0.3001,0.28983,0.28495,0.28495,0.28006,0.27468,0.27468,0.28006,0.28006,0.28006,0.28006,0.28006,0.29472,0.30499,0.31965,0.34506,0.39003,0.41984,0.41496,0.44477,0.48485,0.47019,0.45992,0.42473,0.38514,0.35484,0.3348,0.3001,0.28006,0.28006,0.26979,0.27468,0.26979,0.25464,0.19501,0.15982,0.33969,0.80499,1.2507,1.0953,0.72532,0.50489,0.41007,0.33969,0.25464,0.22972,0.2346,0.2346,0.23998,0.24976,0.26002,0.26979,0.28006,0.29472,0.30987,0.32991,0.34506,0.35973,0.37488,0.3998,0.42473,0.46481,0.50978,0.54497,0.58993,0.62512,0.64027,0.6349,0.62023,0.58993,0.56012,0.51515,0.47019,0.42473,0.39492,0.3651,0.32991,0.31476,0.30987,0.30499,0.3001,0.29472,0.28983,0.28983,0.28495,0.28495,0.28983,0.3001,0.29472,0.30499,0.30987,0.32502,0.3348,0.34506,0.37977,0.41984,0.435,0.435,0.47996,0.49511,0.47996,0.44477,0.41496,0.37977,0.35484,0.32991,0.30987,0.30499,0.30499,0.3001,0.30499,0.30499,0.26979,0.19501,0.25464,0.56989,1.1153,1.2805,0.93548,0.63001,0.51515,0.42473,0.3348,0.26979,0.26491,0.26491,0.26979,0.28006,0.28006,0.3001,0.30987,0.31965,0.32991,0.34506,0.3651,0.37977,0.3998,0.41984,0.44477,0.47996,0.51515,0.56012,0.6002,0.64027,0.67498,0.68524,0.67009,0.65494,0.62023,0.58016,0.52981,0.49022,0.45503,0.41984,0.39003,0.3651,0.34995,0.33969,0.32991,0.31476,0.30499,0.30499,0.30499,0.30499,0.30499,0.31476,0.32991,0.32991,0.34995,0.34995,0.35973,0.37488,0.39492,0.42473,0.44477,0.43988,0.435,0.50978,0.51515,0.47507,0.44477,0.41984,0.37977,0.34995,0.32991,0.30499,0.30499,0.30499,0.30499,0.30499,0.3001,0.24487,0.1999,0.31965,0.70039,1.2307,1.3006,0.8304,0.56012,0.45503,0.37488,0.29472,0.26002,0.25464,0.26002,0.26002,0.26979,0.28006,0.28983,0.30499,0.31476,0.32991,0.34995,0.3651,0.37488,0.3998,0.42473,0.45015,0.48485,0.52004,0.56989,0.61486,0.65005,0.67498,0.68035,0.65494,0.64027,0.60508,0.56012,0.51515,0.46481,0.42473,0.39003,0.35973,0.32991,0.32502,0.30499,0.3001,0.29472,0.28495,0.28495,0.28495,0.28495,0.28983,0.29472,0.30499,0.30499,0.31965,0.32502,0.32991,0.3348,0.34995,0.37977,0.41007,0.41496,0.41007,0.45992,0.47019,0.44477,0.41984,0.38514,0.34995,0.32991,0.3001,0.28006,0.26979,0.26491,0.26979,0.26491,0.26002,0.1999,0.13978,0.26002,0.6349,1.2107,1.3304,0.87048,0.54985,0.41496,0.3348,0.26979,0.22483,0.21994,0.22483,0.2346,0.23998,0.24487,0.24976,0.26002,0.28006,0.29472,0.30499,0.32502,0.34506,0.3651,0.38514,0.41007,0.44477,0.48485,0.53519,0.58016,0.62023,0.65005,0.66031,0.65005,0.62512,0.58993,0.54497,0.5,0.45015,0.40469,0.36999,0.3348,0.30987,0.29472,0.28006,0.28006,0.28006,0.28006,0.27468,0.27468,0.26979,0.26979,0.26491,0.26491,0.27468,0.28006,0.28983,0.30499,0.30987,0.32991,0.35973,0.39492,0.41496,0.40469,0.45015,0.47019,0.45503,0.43011,0.39003,0.35484,0.32991,0.30499,0.28006,0.26491,0.26491,0.26002,0.26002,0.26002,0.21994,0.15494,0.21457,0.54008,1.1153,1.3006,0.94526,0.58993,0.43988,0.34995,0.28495,0.22483,0.20968,0.21457,0.21994,0.2346,0.26002,0.18475,0.17498,0.45503,0.97019,1.2757,1.0054,0.68035,0.52493,0.43011,0.33969,0.25464,0.2346,0.23998,0.24487,0.25464,0.26979,0.28006,0.28006,0.3001,0.30499,0.32991,0.34995,0.36999,0.38514,0.3998,0.43011,0.46481,0.5,0.54497,0.58993,0.63001,0.65494,0.67498,0.67009,0.65005,0.61486,0.58016,0.54008,0.49022,0.45015,0.3998,0.36999,0.34995,0.3348,0.31965,0.31476,0.30987,0.30987,0.30499,0.30499,0.3001,0.30499,0.30499,0.31476,0.31965,0.32991,0.33969,0.34506,0.34995,0.36999,0.37977,0.41984,0.44477,0.43988,0.435,0.49511,0.5,0.47996,0.45503,0.40469,0.37488,0.35484,0.32502,0.31476,0.30499,0.30499,0.30499,0.3001,0.28983,0.22483,0.18964,0.3348,0.75024,1.2556,1.2908,0.81525,0.565,0.45992,0.37977,0.3001,0.26002,0.26002,0.26002,0.26979,0.28006,0.28983,0.30499,0.31965,0.32502,0.32991,0.35484,0.37488,0.39492,0.41496,0.435,0.46481,0.5,0.54008,0.58016,0.62512,0.67009,0.69501,0.69013,0.67498,0.65005,0.60997,0.56989,0.52004,0.47507,0.43988,0.3998,0.3651,0.34995,0.33969,0.32991,0.30987,0.30987,0.30987,0.31476,0.31476,0.31965,0.31476,0.32502,0.32991,0.33969,0.34995,0.35484,0.3651,0.39492,0.42473,0.44477,0.43988,0.46481,0.50978,0.49511,0.47996,0.43988,0.3998,0.36999,0.34506,0.32502,0.30499,0.29472,0.29472,0.3001,0.28983,0.27468,0.1999,0.1696,0.36999,0.88514,1.3157,1.1007,0.73021,0.50978,0.40469,0.32502,0.24976,0.22972,0.22972,0.2346,0.23998,0.25464,0.26002,0.26979,0.28006,0.28983,0.30499,0.32502,0.33969,0.35973,0.38514,0.41007,0.43988,0.47996,0.52004,0.565,0.60997,0.64027,0.65494,0.66031,0.6349,0.60508,0.56012,0.52004,0.47019,0.42473,0.37977,0.34506,0.31965,0.3001,0.28983,0.28006,0.28006,0.26979,0.26979,0.26491,0.26979,0.26979,0.27468,0.28006,0.28495,0.28983,0.30499,0.31476,0.34995,0.39492,0.40469,0.3998,0.44477,0.45992,0.45503,0.435,0.39003,0.34995,0.32991,0.3001,0.26979,0.26002,0.26002,0.26002,0.26002,0.25464,0.21994,0.13978,0.18475,0.49022,1.0352,1.2654,0.95015,0.60997,0.45503,0.3651,0.28495,0.21457,0.20479,0.20968,0.21457,0.21994,0.2346,0.24487,0.26002,0.26979,0.28006,0.29472,0.31476,0.3348,0.35973,0.38514,0.41007,0.43988,0.47507,0.52493,0.56989,0.60997,0.6349,0.64516,0.6349,0.60997,0.58016,0.52981,0.48485,0.43988,0.3998,0.3651,0.32991,0.30987,0.29472,0.28983,0.28983,0.28006,0.28006,0.27468,0.27468,0.26979,0.27468,0.27468,0.28006,0.28495,0.28983,0.30499,0.3348,0.37977,0.41007,0.41496,0.435,0.47996,0.47019,0.45503,0.41984,0.37977,0.34995,0.32991,0.3001,0.28006,0.27468,0.27468,0.27468,0.26979,0.26002,0.18475,0.15494,0.34995,0.82502,1.2654,1.0855,0.73021,0.50978,0.41496,0.3348,0.24976,0.22483,0.22483,0.22972,0.2346,0.24976,0.26002,0.26491,0.28006,0.28983,0.30987,0.32991,0.34995,0.37488,0.39003,0.41496,0.44477,0.47507,0.52004,0.56989,0.60508,0.6349,0.65005,0.64516,0.62512,0.58993,0.54985,0.50489,0.45992,0.41984,0.37977,0.34995,0.32991,0.30987,0.30499,0.28983,0.28495,0.28495,0.28006,0.28006,0.28006,0.28006,0.28495,0.28983,0.29472,0.3001,0.32502,0.34506,0.38514,0.41007,0.41496,0.43988,0.48485,0.47996,0.46481,0.43011,0.38514,0.35484,0.33969,0.30987,0.28983,0.28006,0.28006,0.28006,0.28006,0.26979,0.1999,0.1696,0.31476,0.77028,1.2454,1.1056,0.7654,0.54008,0.435,0.34995,0.26002,0.2346,0.22972,0.23998,0.23998,0.24976,0.26002,0.28006,0.28983,0.30499,0.31965,0.32991,0.34995,0.37977,0.3998,0.41984,0.45015,0.48485,0.52493,0.57527,0.62512,0.65005,0.66031,0.6652,0.65005,0.61486,0.58016,0.53519,0.49022,0.45015,0.41007,0.37977,0.34995,0.3348,0.32991,0.32502,0.31476,0.30499,0.30499,0.30499,0.3001,0.30499,0.31476,0.32502,0.31965,0.3348,0.34995,0.37488,0.41496,0.43988,0.43988,0.45992,0.50978,0.5,0.49022,0.45503,0.41007,0.37977,0.3651,0.3348,0.30987,0.30499,0.30499,0.30499,0.3001,0.29472,0.22483,0.18475,0.32502,0.77028,1.2708,1.2854,0.79521,0.55523,0.45503,0.3651,0.28495,0.25464,0.25464,0.26002,0.26491,0.27468,0.28006,0.3001,0.30499,0.31476,0.32991,0.34995,0.36999,0.3998,0.41496,0.43988,0.46481,0.49511,0.54008,0.58993,0.62512,0.65494,0.67009,0.67498,0.65005,0.63001,0.58993,0.54497,0.5,0.45503,0.41984,0.37977,0.35484,0.33969,0.32502,0.31476,0.31476,0.30499,0.30499,0.3001,0.30499,0.30499,0.31476,0.31965,0.32991,0.32991,0.34995,0.37977,0.41496,0.43011,0.42473,0.47019,0.49511,0.48485,0.46481,0.41984,0.37977,0.34995,0.32502,0.29472,0.28006,0.28006,0.27468,0.27468,0.26979,0.24487,0.15494,0.14467,0.41984,0.9653,1.2757,0.99022,0.64516,0.47507,0.37977,0.30499,0.22972,0.21994,0.21994,0.22972,0.2346,0.24487,0.25464,0.26002,0.28006,0.28495,0.30499,0.32991,0.34506,0.3651,0.38514,0.41496,0.44477,0.48485,0.52493,0.56989,0.60508,0.6349,0.64516,0.6349,0.60997,0.57527,0.53519,0.49511,0.44477,0.3998,0.36999,0.33969,0.30987,0.30499,0.28983,0.28495,0.28006,0.28006,0.28006,0.28006,0.28006,0.28006,0.28495,0.28983,0.3001,0.30987,0.3348,0.37977,0.3998,0.41007,0.43011,0.47507,0.47019,0.45992,0.42473,0.37977,0.34995,0.32502,0.3001,0.27468,0.26979,0.27468,0.26979,0.26979,0.26002,0.18475,0.14956,0.29472,0.75024,1.2454,1.2654,0.76002,0.52004,0.41496,0.3348,0.24976,0.21457,0.20968,0.21457,0.22483,0.2346,0.24976,0.26002,0.26979,0.28006,0.3001,0.31476,0.32991,0.34995,0.37488,0.3998,0.43011,0.46481,0.50978,0.54497,0.58993,0.62023,0.6349,0.63001,0.60997,0.58016,0.54497,0.49511,0.45015,0.41007,0.36999,0.34506,0.32502,0.30499,0.29472,0.3001,0.29472,0.29472,0.28495,0.28495,0.28495,0.28495,0.28006,0.28495,0.29472,0.31476,0.34506,0.39492,0.41496,0.41496,0.45503,0.49511,0.48485,0.46481,0.43011,0.39492,0.35973,0.3348,0.30987,0.29472,0.28006,0.28006,0.28006,0.28006,0.26491,0.19501,0.16471,0.35973,0.85044,1.2757,1.0753,0.72532,0.52493,0.43011,0.34995,0.26979,0.2346,0.2346,0.24487,0.25464,0.26002,0.27468,0.28983,0.3001,0.30499,0.31965,0.34506,0.36999,0.39003,0.3998,0.42473,0.45992,0.49022,0.52493,0.58016,0.61486,0.64027,0.65494,0.64516,0.63001,0.6002,0.565,0.51515,0.47019,0.43011,0.39492,0.36999,0.34995,0.32991,0.32502,0.31965,0.30499,0.30499,0.30499,0.30987,0.30987,0.31476,0.32502,0.32991,0.33969,0.34995,0.38514,0.41984,0.44477,0.44477,0.47019,0.51515,0.50489,0.49022,0.45503,0.41984,0.38514,0.35973,0.32991,0.30987,0.30499,0.30499,0.3001,0.29472,0.3001,0.20479,0.17498,0.35484,0.86022,1.3055,1.1153,0.75024,0.54008,0.435,0.34995,0.26979,0.24976,0.24487,0.25464,0.26002,0.26491,0.28006,0.28495,0.3001,0.30499,0.32991,0.34506,0.35973,0.37977,0.40469,0.42473,0.45503,0.49022,0.53519,0.57527,0.61486,0.64027,0.65494,0.64516,0.63001,0.6002,0.54985,0.50489,0.45503,0.41984,0.37977,0.34506,0.32502,0.30499,0.29472,0.28495,0.28006,0.28006,0.28006,0.28006,0.28006,0.28495,0.28495,0.29472,0.30499,0.32502,0.3651,0.3998,0.41007,0.40469,0.47019,0.47507,0.46481,0.435,0.3998,0.35973,0.32991,0.3001,0.27468,0.26491,0.26002,0.26491,0.26002,0.26002,0.21994,0.13978,0.19501,0.50489,1.0753,1.2507,0.91007,0.57527,0.43988,0.35973,0.28006,0.21457,0.20968,0.20968,0.21994,0.2346,0.2346,0.24487,0.26002,0.27468,0.28495,0.30499,0.32502,0.33969,0.35973,0.37977,0.41007,0.44477,0.47996,0.52981,0.57527,0.60508,0.62512,0.63001,0.60997,0.58016,0.54497,0.50489,0.45503,0.41496,0.37488,0.34995,0.32502,0.30499,0.29472,0.28983,0.28495,0.28006,0.28006,0.28006,0.28006,0.28006,0.28006,0.28006,0.29472,0.30499,0.34506,0.38514,0.40469,0.41007,0.45015,0.47019,0.46481,0.44477,0.41007,0.36999,0.34506,0.31476,0.28495,0.27468,0.26979,0.26979,0.26491,0.26002,0.24487,0.1696,0.14467,0.36999,0.88514,1.2454,1.0352,0.67009,0.50489,0.41007,0.32502,0.24487,0.21994,0.21457,0.22972,0.23998,0.24976,0.26002,0.28006,0.28495,0.3001,0.31476,0.32991,0.34995,0.3651,0.39003,0.41007,0.43988,0.47996,0.52004,0.565,0.59531,0.61486,0.63001,0.62023,0.59531,0.565,0.52004,0.47996,0.435,0.39492,0.36999,0.34506,0.32502,0.30499,0.29472,0.29472,0.28983,0.28495,0.28495,0.28006,0.28495,0.29472,0.3001,0.30499,0.32502,0.34995,0.39492,0.42473,0.42473,0.44477,0.49511,0.48485,0.47996,0.44477,0.3998,0.36999,0.34506,0.31476,0.3001,0.29472,0.28983,0.29472,0.28495,0.27468,0.21457,0.16471,0.28983,0.73021,1.2204,1.2507,0.79521,0.57527,0.47507,0.38514,0.28983,0.25464,0.24487,0.24976,0.26002,0.26491,0.28006,0.28983,0.30499,0.31476,0.3348,0.34995,0.3651,0.39003,0.41007,0.43011,0.45503,0.49511,0.53519,0.57527,0.61486,0.64516,0.65494,0.64516,0.63001,0.60508,0.56989,0.52493,0.48485,0.44477,0.41984,0.39003,0.3651,0.34506,0.33969,0.32991,0.32991,0.32502,0.32991,0.32991,0.32502,0.3348,0.34506,0.34995,0.3651,0.38514,0.41984,0.45503,0.45503,0.45015,0.50978,0.51515,0.5,0.47019,0.42473,0.39003,0.36999,0.33969,0.30987,0.30499,0.3001,0.3001,0.29472,0.28495,0.23998,0.16471,0.2346,0.56989,1.1354,1.2605,0.87537,0.58016,0.46481,0.37977,0.28983,0.2346,0.2346,0.2346,0.2346,0.24976,0.26002,0.26979,0.28006,0.28983,0.30499,0.31965,0.33969,0.35484,0.37488,0.3998,0.42473,0.45992,0.49511,0.53519,0.57527,0.60508,0.62023,0.61486,0.60508,0.57527,0.53519,0.49511,0.45015,0.41007,0.36999,0.33969,0.31476,0.30499,0.29472,0.28495,0.28006,0.28006,0.28006,0.28006,0.28006,0.28495,0.28983,0.3001,0.30499,0.32991,0.3651,0.3998,0.41007,0.40469,0.47019,0.47996,0.46481,0.435,0.39492,0.35973,0.3348,0.3001,0.28006,0.26491,0.26002,0.26002,0.26002,0.25464,0.21994,0.1349,0.17986,0.47996,1.0303,1.2004,0.89541,0.58504,0.45992,0.37488,0.28495,0.21994,0.20968,0.20968,0.21994,0.22972,0.23998,0.24976,0.26002,0.26979,0.28495,0.30499,0.32502,0.34995,0.36999,0.38514,0.41496,0.44477,0.49022,0.52493,0.565,0.59531,0.60997,0.61486,0.6002,0.56989,0.53519,0.49511,0.45503,0.41496,0.37488,0.34506,0.32502,0.30499,0.3001,0.28983,0.28495,0.28983,0.28495,0.28006,0.28495,0.28983,0.29472,0.3001,0.30499,0.32502,0.34506,0.39492,0.41984,0.41496,0.435,0.49022,0.47507,0.45992,0.41984,0.37977,0.34995,0.32502,0.29472,0.28006,0.27468,0.27468,0.26979,0.26979,0.26002,0.18964,0.14467,0.28495,0.71994,1.1804,1.1955,0.75513,0.53519,0.435,0.35484,0.26491,0.22483,0.22483,0.22483,0.2346,0.23998,0.26002,0.26491,0.28006,0.28983,0.30499,0.32502,0.34506,0.3651,0.38514,0.41007,0.43988,0.46481,0.50489,0.54497,0.58016,0.60997,0.62023,0.62023,0.6002,0.565,0.52493,0.48485,0.44477,0.41007,0.37488,0.34995,0.32991,0.31476,0.31476,0.30499,0.30499,0.3001,0.30499,0.30499,0.3001,0.30499,0.31965,0.32991,0.34506,0.35973,0.39003,0.435,0.44477,0.43988,0.47996,0.49511,0.49511,0.47507,0.42473,0.38514,0.3651,0.3348,0.30499,0.29472,0.28495,0.28006,0.28006,0.28006,0.26979,0.17986,0.16471,0.38514,0.91007,1.2356,1.0054,0.67498,0.52981,0.435,0.33969,0.26002,0.24487,0.23998,0.24976,0.26002,0.26491,0.28006,0.28495,0.30499,0.31965,0.3348,0.34995,0.37488,0.39492,0.41496,0.43988,0.47019,0.5,0.54497,0.58993,0.61486,0.63001,0.6349,0.63001,0.60997,0.57527,0.54008,0.49511,0.45503,0.41984,0.38514,0.35973,0.33969,0.32991,0.31965,0.31476,0.30987,0.30987,0.30499,0.30499,0.31476,0.32991,0.3348,0.34995,0.35484,0.32991,0.3348,0.33969,0.34995,0.34995,0.38514,0.3998,0.37488,0.35484,0.3651,0.3651,0.35973,0.34995,0.29472,0.26979,0.47507,0.9653,1.3255,1.0806,0.68524,0.50978,0.47019,0.41984,0.32502,0.28006,0.27468,0.28006,0.29472,0.3001,0.31476,0.32502,0.32991,0.34506,0.35973,0.37488,0.39492,0.41007,0.435,0.47019,0.49511,0.52981,0.56012,0.60508,0.6349,0.65005,0.65494,0.6349,0.60508,0.56989,0.52981,0.49022,0.44477,0.3998,0.37488,0.35484,0.3348,0.32991,0.31965,0.30987,0.30987,0.30987,0.30987,0.31965,0.32991,0.3348,0.33969,0.34995,0.35484,0.35973,0.3651,0.3651,0.3651,0.3651,0.35973,0.36999,0.37488,0.3998,0.43011,0.42473,0.45015,0.49022,0.47996,0.47019,0.435,0.39492,0.36999,0.34995,0.32502,0.30499,0.3001,0.29472,0.29472,0.28983,0.26979,0.1999,0.18475,0.3998,0.90518,1.2957,1.0704,0.70528,0.5,0.3998,0.31965,0.24976,0.22972,0.2346,0.2346,0.2346,0.24487,0.26002,0.26491,0.27468,0.28983,0.30499,0.31965,0.33969,0.35484,0.37488,0.3998,0.42473,0.45992,0.50489,0.54985,0.58993,0.62023,0.6349,0.64027,0.62023,0.6002,0.56012,0.52004,0.47507,0.435,0.3998,0.3651,0.3348,0.31476,0.30499,0.29472,0.28983,0.28495,0.28006,0.28006,0.28006,0.28495,0.28983,0.29472,0.30499,0.31965,0.35973,0.39492,0.41007,0.3998,0.45503,0.47019,0.45992,0.435,0.39492,0.35484,0.32502,0.3001,0.26979,0.26002,0.25464,0.26002,0.25464,0.24487,0.21457,0.12463,0.11975,0.45992,1.0254,1.2556,0.96041,0.61486,0.45503,0.35973,0.28495,0.21457,0.20479,0.20968,0.21457,0.21994,0.2346,0.23998,0.24976,0.26002,0.28006,0.3001,0.31476,0.3348,0.35484,0.37977,0.40469,0.43988,0.47507,0.52004,0.56012,0.58993,0.60997,0.60997,0.59531,0.565,0.52981,0.49022,0.435,0.39003,0.35973,0.32991,0.30499,0.28983,0.28006,0.27468,0.27468,0.27468,0.27468,0.26979,0.26979,0.27468,0.27468,0.28006,0.28983,0.30987,0.33969,0.37977,0.3998,0.3998,0.43988,0.47507,0.47019,0.45503,0.41496,0.37488,0.34995,0.32502,0.29472,0.28006,0.28006,0.27468,0.28006,0.26979,0.25464,0.17498,0.14956,0.3651,0.85533,1.2454,1.0552,0.70528,0.51515,0.41496,0.32991,0.24487,0.22483,0.22972,0.22972,0.2346,0.24487,0.25464,0.26491,0.28495,0.29472,0.30987,0.32991,0.34506,0.3651,0.38514,0.41007,0.43988,0.47507,0.52004,0.565,0.60508,0.63001,0.6349,0.62512,0.60997,0.57527,0.52981,0.48485,0.43988,0.40469,0.36999,0.34506,0.32502,0.30987,0.30499,0.3001,0.29472,0.3001,0.28983,0.28495,0.28495,0.29472,0.3001,0.30499,0.31965,0.33969,0.37977,0.41984,0.42473,0.41984,0.49022,0.49511,0.47507,0.44477,0.41007,0.37488,0.34506,0.31476,0.28983,0.28006,0.28006,0.28006,0.28006,0.26491,0.22483,0.14956,0.20968,0.54497,1.0953,1.2307,0.87048,0.58016,0.47507,0.38514,0.28983,0.2346,0.22972,0.2346,0.2346,0.24487,0.25464,0.26979,0.28006,0.29472,0.30499,0.32991,0.33969,0.35973,0.37488,0.3998,0.42473,0.45992,0.49511,0.53519,0.58016,0.60508,0.61486,0.62023,0.6002,0.57527,0.53519,0.49511,0.45503,0.41007,0.36999,0.34506,0.32991,0.30987,0.30987,0.30499,0.3001,0.29472,0.28983,0.28983,0.28495,0.28983,0.3001,0.30499,0.30987,0.32991,0.37488,0.41984,0.42473,0.42473,0.47507,0.49511,0.48485,0.45992,0.41984,0.37977,0.34995,0.3348,0.30499,0.29472,0.28983,0.29472,0.28495,0.28006,0.26002,0.17986,0.16471,0.435,0.95552,1.2253,0.97019,0.66031,0.52981,0.43011,0.33969,0.26002,0.2346,0.2346,0.23998,0.26002,0.26979,0.26979,0.28006,0.3001,0.30987,0.32991,0.34506,0.36999,0.39492,0.41496,0.43988,0.46481,0.50489,0.54497,0.58016,0.60997,0.6349,0.64027,0.62512,0.6002,0.565,0.52981,0.49022,0.44477,0.41007,0.37977,0.35484,0.33969,0.32991,0.32502,0.31476,0.30987,0.30499,0.30499,0.31476,0.31965,0.31965,0.32991,0.34506,0.34995,0.37977,0.41984,0.44477,0.44477,0.46481,0.51515,0.50489,0.49511,0.46481,0.41496,0.38514,0.35973,0.32991,0.30987,0.3001,0.3001,0.29472,0.28983,0.28495,0.23998,0.18475,0.26491,0.62512,1.1457,1.2454,0.8304,0.565,0.47996,0.39492,0.30499,0.26002,0.25464,0.26002,0.26491,0.27468,0.28495,0.29472,0.30987,0.31965,0.3348,0.34995,0.37488,0.39003,0.41496,0.435,0.45992,0.49022,0.52981,0.56989,0.60508,0.6349,0.65005,0.64027,0.62512,0.59531,0.565,0.52004,0.47996,0.43988,0.40469,0.37488,0.34995,0.3348,0.32991,0.31965,0.30987,0.30499,0.30499,0.30987,0.31476,0.31965,0.32991,0.33969,0.34995,0.36999,0.41007,0.435,0.44477,0.45503,0.50978,0.51515,0.49511,0.47019,0.41984,0.37977,0.36999,0.3348,0.30987,0.3001,0.29472,0.29472,0.29472,0.29472,0.24976,0.1696,0.21457,0.52981,1.0855,1.2556,0.91544,0.60997,0.47996,0.38514,0.30499,0.24487,0.22972,0.2346,0.23998,0.24976,0.26002,0.27468,0.28006,0.29472,0.30499,0.32502,0.34506,0.3651,0.37977,0.40469,0.435,0.47019,0.50978,0.54985,0.58993,0.62023,0.6349,0.64027,0.62512,0.6002,0.56012,0.51515,0.47019,0.42473,0.39003,0.35484,0.32502,0.30499,0.29472,0.28983,0.28006,0.28006,0.28006,0.28006,0.28006,0.28006,0.29472,0.3001,0.30987,0.32991,0.35484,0.3998,0.41496,0.41007,0.45992,0.47996,0.47019,0.45015,0.41007,0.36999,0.34995,0.31476,0.28006,0.28006,0.28006,0.27468,0.26979,0.26491,0.22972,0.14467,0.1349,0.40469,0.94037,1.2605,0.9956,0.65005,0.46481,0.36999,0.29472,0.22483,0.20968,0.20968,0.21457,0.22483,0.2346,0.23998,0.25464,0.26979,0.28495,0.3001,0.31965,0.33969,0.3651,0.39003,0.41496,0.44477,0.48485,0.52493,0.57527,0.60508,0.62512,0.6349,0.62512,0.59531,0.55523,0.51515,0.47019,0.42473,0.38514,0.34995,0.32502,0.30499,0.29472,0.28495,0.28495,0.28006,0.28006,0.28495,0.28006,0.28006,0.28006,0.28495,0.28495,0.3001,0.30987,0.34995,0.39003,0.41007,0.40469,0.45015,0.47019,0.47019,0.45503,0.41984,0.37977,0.34995,0.32991,0.29472,0.28006,0.28006,0.27468,0.28006,0.27468,0.24976,0.17498,0.14467,0.35484,0.87537,1.2708,1.0655,0.70039,0.50489,0.40469,0.31476,0.23998,0.21457,0.21994,0.22483,0.2346,0.23998,0.24976,0.26491,0.28006,0.28983,0.30987,0.32991,0.34506,0.3651,0.39003,0.41984,0.44477,0.47507,0.52004,0.56012,0.60508,0.63001,0.6349,0.63001,0.60508,0.56989,0.52493,0.48485,0.435,0.39492,0.3651,0.3348,0.31476,0.30499,0.3001,0.29472,0.29472,0.28495,0.28006,0.28006,0.28006,0.27468,0.28006,0.28495,0.30499,0.30987,0.3348,0.37488,0.41496,0.42473,0.41984,0.47996,0.48485,0.47019,0.43988,0.40469,0.36999,0.34506,0.31476,0.28983,0.28006,0.28006,0.28006,0.27468,0.27468,0.22972,0.15982,0.21457,0.52981,1.0904,1.2405,0.91007,0.6002,0.47996,0.38514,0.29472,0.2346,0.22972,0.22972,0.2346,0.24976,0.26002,0.26491,0.27468,0.28495,0.30987,0.32502,0.34506,0.35973,0.37488,0.3998,0.42473,0.45992,0.49511,0.54497,0.58016,0.60997,0.6349,0.6349,0.62023,0.59531,0.55523,0.50978,0.46481,0.43011,0.39492,0.35973,0.3348,0.32502,0.31476,0.30987,0.30499,0.30499,0.3001,0.3001,0.3001,0.29472,0.3001,0.30499,0.30987,0.31476,0.32991,0.34506,0.37977,0.42473,0.43988,0.435,0.48485,0.5,0.49022,0.45015,0.40469,0.37488,0.35484,0.32502,0.29472,0.29472,0.28983,0.28983,0.28006,0.28495,0.24976,0.17986,0.17498,0.47507,1.0152,1.2405,0.95552,0.64516,0.50978,0.41007,0.31476,0.24976,0.23998,0.23998,0.24976,0.26002,0.26491,0.27468,0.28983,0.3001,0.31476,0.32991,0.34995,0.36999,0.39003,0.41007,0.43988,0.46481,0.50489,0.54497,0.58993,0.62512,0.64027,0.64516,0.6349,0.61486,0.58016,0.53519,0.49511,0.45992,0.42473,0.38514,0.35484,0.3348,0.32991,0.31476,0.30499,0.30499,0.30499,0.30499,0.30499,0.30499,0.30499,0.32502,0.32502,0.32991,0.34995,0.36999,0.39003,0.42473,0.44477,0.44477,0.46481,0.5,0.49511,0.47507,0.43988,0.3998,0.36999,0.34506,0.32502,0.30499,0.3001,0.29472,0.3001,0.29472,0.28006,0.20968,0.18475,0.34506,0.82502,1.2708,1.0953,0.73509,0.52493,0.435,0.34506,0.28495,0.25464,0.25464,0.26002,0.26979,0.28006,0.28495,0.30499,0.31476,0.32502,0.33969,0.35973,0.37488,0.39492,0.41007,0.43988,0.47507,0.50978,0.54497,0.59531,0.6349,0.65494,0.67009,0.6652,0.65005,0.60997,0.57527,0.53519,0.49511,0.45015,0.41496,0.37977,0.34995,0.33969,0.32991,0.32502,0.31476,0.30987,0.30499,0.30499,0.30987,0.31476,0.32502,0.3348,0.33969,0.34995,0.34995,0.38514,0.41984,0.435,0.435,0.46481,0.49511,0.49511,0.47019,0.43988,0.39492,0.3651,0.34506,0.30987,0.3001,0.28983,0.28495,0.28495,0.28495,0.26979,0.18964,0.15982,0.35484,0.86022,1.3055,1.0904,0.71994,0.5,0.39492,0.31965,0.23998,0.21457,0.21457,0.22483,0.22972,0.23998,0.24487,0.26002,0.26979,0.28006,0.3001,0.31476,0.32991,0.34995,0.37488,0.3998,0.435,0.47019,0.52004,0.565,0.60508,0.63001,0.64516,0.64027,0.61486,0.58504,0.54008,0.49511,0.45015,0.40469,0.3651,0.32991,0.30987,0.28495,0.28006,0.27468,0.26979,0.26979,0.26979,0.26002,0.26491,0.26979,0.26491,0.26979,0.28006,0.28495,0.3001,0.31965,0.35973,0.39492,0.3998,0.39492,0.45992,0.44477,0.44477,0.41496,0.37488,0.34506,0.32502,0.28983,0.26491,0.26002,0.25464,0.26002,0.26002,0.24487,0.18475,0.1349,0.24487,0.6652,1.2204,1.3006,0.8304,0.53519,0.41007,0.32991,0.25464,0.20968,0.20479,0.20968,0.20968,0.21994,0.2346,0.23998,0.26002,0.26979,0.28495,0.30499,0.32502,0.34506,0.35973,0.38514,0.41984,0.45015,0.49511,0.53519,0.58016,0.61486,0.6349,0.6349,0.60997,0.58504,0.54497,0.5,0.45015,0.41007,0.36999,0.3348,0.30987,0.29472,0.28006,0.28006,0.28006,0.27468,0.26979,0.26491,0.26491,0.26979,0.27468,0.26979,0.27468,0.28006,0.28983,0.30499,0.3348,0.37488,0.40469,0.41007,0.40469,0.47507,0.47019,0.45503,0.41984,0.37977,0.34995,0.32991,0.3001,0.28006,0.27468,0.26979,0.26491,0.26979,0.25464,0.18475,0.14956,0.3001,0.7654,1.2405,1.2654,0.79521,0.56012,0.43988,0.35484,0.26002,0.22483,0.22972,0.22972,0.2346,0.24487,0.26002,0.26979,0.28006,0.28983,0.30987,0.32991,0.34995,0.36999,0.38514,0.41007,0.43988,0.47507,0.52004,0.565,0.60508,0.6349,0.65494,0.65005,0.63001,0.60508,0.565,0.52004,0.47019,0.43011,0.39492,0.35973,0.3348,0.32502,0.31476,0.30499,0.3001,0.30499,0.3001,0.28983,0.3001,0.3001,0.3001,0.3001,0.30499,0.31476,0.32502,0.3348,0.34995,0.39003,0.43011,0.43988,0.44477,0.49511,0.50489,0.49022,0.45992,0.41496,0.37488,0.34995,0.32502,0.30499,0.28983,0.28006,0.28495,0.28983,0.28006,0.23998,0.17498,0.2346,0.54008,1.0855,1.2654,0.91544,0.60508,0.47996,0.39003,0.30499,0.23998,0.2346,0.24487,0.24976,0.26002,0.26002,0.26491,0.28495,0.30499,0.31965,0.32991,0.34995,0.37488,0.39492,0.41007,0.43988,0.47019,0.51515,0.55523,0.59531,0.64027,0.65494,0.66031,0.65005,0.63001,0.59531,0.55523,0.50978,0.47019,0.42473,0.38514,0.3651,0.33969,0.32502,0.31476,0.30987,0.3001,0.29472,0.30499,0.3001,0.3001,0.3001,0.30499,0.31476,0.32502,0.32991,0.33969,0.34995,0.35973,0.39492,0.43011,0.43988,0.43011,0.47996,0.49511,0.47996,0.44477,0.41007,0.37488,0.35484,0.32991,0.30499,0.29472,0.28983,0.28495,0.28983,0.28495,0.24487,0.17498,0.2346,0.565,1.1056,1.2908,0.92033,0.60508,0.46481,0.38514,0.3001,0.24487,0.2346,0.24487,0.24976,0.26002,0.26002,0.27468,0.28495,0.3001,0.30987,0.32991,0.34995,0.36999,0.38514,0.40469,0.435,0.46481,0.50489,0.54497,0.59531,0.63001,0.65494,0.6652,0.65494,0.63001,0.6002,0.54985,0.50978,0.46481,0.41984,0.37977,0.35484,0.32991,0.30987,0.30499,0.3001,0.29472,0.28495,0.28495,0.28006,0.28006,0.28495,0.29472,0.3001,0.30499,0.31965,0.32991,0.3348,0.34995,0.39003,0.41496,0.42473,0.41984,0.47019,0.47996,0.46481,0.43988,0.39492,0.35484,0.3348,0.30499,0.28006,0.27468,0.28006,0.26979,0.27468,0.26002,0.20479,0.14467,0.24487,0.6349,1.2107,1.3206,0.87048,0.56012,0.435,0.34506,0.27468,0.21994,0.21457,0.21457,0.22972,0.2346,0.24976,0.26002,0.27468,0.28006,0.3001,0.31476,0.32991,0.34995,0.36999,0.39492,0.41984,0.45992,0.5,0.54497,0.58993,0.62512,0.64027,0.65005,0.6349,0.60508,0.56012,0.51515,0.46481,0.41984,0.37977,0.34506,0.31476,0.3001,0.28495,0.28006,0.28006,0.26979,0.26979,0.26979,0.27468,0.26979,0.26979,0.26979,0.26979,0.28006,0.28495,0.29472,0.31476,0.33969,0.38514,0.40469,0.3998,0.43011,0.47507,0.46481,0.44477,0.41007,0.36999,0.34506,0.31965,0.28495,0.27468,0.26491,0.26491,0.26491,0.26002,0.24487,0.1696,0.14467,0.34995,0.84506,1.2805,1.1105,0.73998,0.51515,0.41007,0.32991,0.24487,0.21994,0.21994,0.22483,0.2346,0.24487,0.25464,0.26491,0.28006,0.28983,0.30499,0.32991,0.34506,0.35973,0.38514,0.40469,0.43988,0.47507,0.52004,0.565,0.6002,0.6349,0.65005,0.64516,0.63001,0.58993,0.55523,0.50489,0.45992,0.41496,0.37977,0.34506,0.31965,0.30499,0.29472,0.29472,0.28495,0.28006,0.27468,0.27468,0.28006,0.28006,0.28006,0.28006,0.28495,0.29472,0.30499,0.31965,0.32991,0.34995,0.37977,0.41984,0.43011,0.42473,0.47507,0.49022,0.47996,0.45503,0.41007,0.36999,0.34506,0.31965,0.30499,0.28983,0.28495,0.28006,0.28006,0.28006,0.23998,0.1696,0.22972,0.54497,1.0855,1.2654,0.94037,0.62512,0.5,0.41007,0.31476,0.24487,0.2346,0.23998,0.26002,0.26491,0.26491,0.28006,0.28983,0.30499,0.31965,0.33969,0.35484,0.37977,0.3998,0.41984,0.43988,0.47507,0.50978,0.56012,0.61486,0.64027,0.65494,0.67009,0.66031,0.6349,0.59531,0.54985,0.50978,0.46481,0.42473,0.38514,0.35484,0.33969,0.32991,0.31476,0.30499,0.3001,0.3001,0.30499,0.29472,0.29472,0.28983,0.3001,0.30499,0.32502,0.32991,0.3348,0.34995,0.35484,0.37488,0.40469,0.435,0.43988,0.435,0.5,0.50978,0.48485,0.44477,0.41007,0.36999,0.34995,0.32991,0.30499,0.30499,0.3001,0.30499,0.29472,0.29472,0.24976,0.18964,0.27468,0.61486,1.1706,1.3055,0.88025,0.58504,0.46481,0.37977,0.29472,0.26002,0.24976,0.24976,0.25464,0.26491,0.27468,0.28006,0.29472,0.30987,0.32991,0.34995,0.35973,0.37488,0.3998,0.41984,0.44477,0.47996,0.52493,0.565,0.60508,0.64516,0.67009,0.67498,0.65494,0.6349,0.60997,0.565,0.51515,0.47019,0.43011,0.39492,0.36999,0.33969,0.32502,0.30987,0.30499,0.3001,0.29472,0.3001,0.29472,0.3001,0.3001,0.30499,0.30987,0.32502,0.32991,0.33969,0.34995,0.35973,0.37977,0.41496,0.42473,0.41984,0.45992,0.47996,0.47019,0.45015,0.41496,0.37977,0.34506,0.32502,0.28983,0.28006,0.27468,0.27468,0.26979,0.27468,0.24487,0.15982,0.14956,0.44477,0.98045,1.3055,1.0103,0.66031,0.46481,0.3651,0.3001,0.23998,0.21994,0.21994,0.22972,0.2346,0.24487,0.25464,0.26491,0.28006,0.28983,0.30987,0.32991,0.33969,0.3651,0.39003,0.41496,0.44477,0.47996,0.52493,0.57527,0.61486,0.65005,0.65494,0.65005,0.63001,0.6002,0.55523,0.5,0.45503,0.41007,0.36999,0.3348,0.30987,0.3001,0.28495,0.28495,0.28495,0.28006,0.26979,0.26491,0.26979,0.26491,0.26491,0.26979,0.27468,0.28006,0.28983,0.3001,0.30499,0.32991,0.37488,0.40469,0.3998,0.41496,0.46481,0.45992,0.44477,0.41496,0.37488,0.34506,0.32502,0.29472,0.27468,0.26979,0.26491,0.26491,0.26002,0.25464,0.18475,0.14956,0.30499,0.78006,1.2805,1.3055,0.79032,0.52981,0.41496,0.3348,0.25464,0.21457,0.20968,0.21457,0.22483,0.2346,0.23998,0.24976,0.26002,0.28006,0.29472,0.30987,0.32991,0.34995,0.36999,0.39492,0.41984,0.45503,0.5,0.54497,0.59531,0.63001,0.65005,0.65494,0.6349,0.60508,0.565,0.52004,0.47019,0.42473,0.37977,0.34995,0.32502,0.30499,0.29472,0.28495,0.28006,0.28006,0.28006,0.28006,0.26979,0.27468,0.26979,0.26979,0.28006,0.28006,0.29472,0.30499,0.31476,0.32991,0.36999,0.41007,0.41984,0.41007,0.46481,0.47507,0.46481,0.435,0.39492,0.3651,0.34506,0.30987,0.28983,0.28006,0.28006,0.27468,0.26979,0.26491,0.21994,0.15982,0.2346,0.59531,1.1554,1.2854,0.89541,0.58504,0.45992,0.37488,0.28983,0.2346,0.2346,0.2346,0.23998,0.24976,0.26002,0.26491,0.28006,0.29472,0.30499,0.31476,0.32991,0.34995,0.37488,0.39492,0.41984,0.45015,0.49022,0.53519,0.58504,0.63001,0.65005,0.65494,0.64516,0.62023,0.57527,0.53519,0.49022,0.45015,0.41007,0.37488,0.34506,0.32991,0.31965,0.30499,0.30499,0.3001,0.30499,0.3001,0.29472,0.28983,0.28983,0.3001,0.30499,0.30987,0.31476,0.31476,0.32991,0.32991,0.34995,0.36999,0.41007,0.435,0.43988,0.46481,0.5,0.49511,0.47507,0.43988,0.39492,0.37488,0.35484,0.32502,0.30987,0.30499,0.30499,0.30499,0.30499,0.29472,0.22972,0.20479,0.38514,0.87048,1.2908,1.1153,0.76002,0.55523,0.45992,0.36999,0.28983,0.26491,0.26002,0.26979,0.28006,0.28006,0.28006,0.3001,0.31476,0.32502,0.32991,0.34995,0.36999,0.39492,0.40469,0.42473,0.45503,0.49511,0.53519,0.58016,0.61486,0.65494,0.67498,0.68035,0.65494,0.6349,0.6002,0.54497,0.50489,0.45992,0.41984,0.39003,0.35484,0.33969,0.32991,0.32502,0.31965,0.30987,0.30987,0.30499,0.3001,0.30987,0.31965,0.32991,0.33969,0.34995,0.34995,0.34995,0.36999,0.37488,0.37488,0.37977,0.41496,0.43988,0.43988,0.435,0.49022,0.5,0.49022,0.45992,0.41496,0.38514,0.3651,0.34506,0.31965,0.30499,0.30499,0.30499,0.30499,0.30499,0.26491,0.20479,0.28495,0.6349,1.1857,1.3206,0.89541,0.6002,0.47996,0.38514,0.30987,0.26491,0.26491,0.26979,0.28006,0.28495,0.3001,0.30499,0.31476,0.32502,0.33969,0.35484,0.36999,0.37977,0.3998,0.42473,0.45015,0.48485,0.52004,0.565,0.60508,0.64516,0.67009,0.68035,0.67009,0.65005,0.61486,0.56989,0.52981,0.48485,0.43988,0.40469,0.36999,0.34995,0.32991,0.31476,0.30987,0.30499,0.30499,0.30499,0.3001,0.29472,0.30499,0.30987,0.31476,0.31965,0.32991,0.3348,0.34995,0.34995,0.35484,0.36999,0.39492,0.42473,0.42473,0.41496,0.47019,0.47507,0.46481,0.435,0.39492,0.35973,0.33969,0.31476,0.28983,0.28006,0.28006,0.28006,0.28006,0.26979,0.21994,0.15982,0.26491,0.66031,1.2107,1.3255,0.8651,0.55523,0.43011,0.34995,0.27468,0.21994,0.21994,0.21994,0.22972,0.2346,0.23998,0.25464,0.26002,0.28006,0.29472,0.30499,0.32502,0.34506,0.3651,0.39003,0.41496,0.45015,0.49022,0.54008,0.58993,0.63001,0.65494,0.66031,0.65005,0.63001,0.58993,0.54008,0.48485,0.43988,0.39492,0.35484,0.32991,0.30499,0.28983,0.28006,0.28006,0.26979,0.26979,0.26979,0.26491,0.26491,0.26491,0.26002,0.26491,0.26491,0.28006,0.28495,0.3001,0.30499,0.32502,0.34506,0.39492,0.41496,0.3998,0.435,0.47019,0.45992,0.435,0.3998,0.3651,0.33969,0.31476,0.28495,0.26491,0.26491,0.26002,0.26002,0.26002,0.23998,0.1696,0.14956,0.41496,0.92522,1.2908,1.0606,0.68524,0.49022,0.39492,0.31965,0.23998,0.21457,0.21994,0.22972,0.2346,0.24487,0.24976,0.26002,0.27468,0.28006,0.3001,0.31965,0.3348,0.35484,0.37488,0.3998,0.435,0.47019,0.51515,0.56012,0.60508,0.6349,0.65494,0.65005,0.63001,0.6002,0.55523,0.50978,0.45992,0.41007,0.37488,0.34506,0.31965,0.30499,0.29472,0.28983,0.28983,0.28495,0.28006,0.28006,0.28006,0.27468,0.27468,0.28006,0.28495,0.28495,0.3001,0.30499,0.31476,0.32502,0.3348,0.35973,0.39492,0.42473,0.42473,0.41984,0.47507,0.47019,0.45992,0.41984,0.38514,0.35484,0.3348,0.3001,0.28495,0.28006,0.28006,0.28006,0.28006,0.26979,0.1999,0.1696,0.32991,0.79032,1.2454,1.2556,0.7654,0.54497,0.43988,0.3651,0.27468,0.23998,0.23998,0.24487,0.24976,0.26002,0.26979,0.28006,0.28983,0.30499,0.30987,0.32991,0.34995,0.3651,0.38514,0.41007,0.435,0.47019,0.51515,0.56012,0.60508,0.64027,0.65494,0.6652,0.65005,0.62512,0.58993,0.54497,0.49022,0.44477,0.41007,0.37977,0.34995,0.32991,0.31965,0.30499,0.30499,0.30499,0.3001,0.28983,0.29472,0.3001,0.3001,0.30499,0.30499,0.30499,0.31965,0.32502,0.32991,0.33969,0.34506,0.35484,0.37488,0.41496,0.435,0.43988,0.435,0.49511,0.49022,0.48485,0.44477,0.39492,0.36999,0.34995,0.32502,0.30987,0.30499,0.30499,0.30987,0.30987,0.29472,0.2346,0.20479,0.35973,0.82014,1.2805,1.1354,0.78006,0.56989,0.47507,0.38514,0.30499,0.26979,0.26002,0.26491,0.27468,0.28006,0.28006,0.3001,0.31965,0.32991,0.32991,0.35484,0.37488,0.39492,0.41007,0.43011,0.45992,0.49022,0.54497,0.58504,0.63001,0.65005,0.67498,0.68035,0.66031,0.64027,0.6002,0.56012,0.52004,0.47019,0.42473,0.3998,0.37488,0.34995,0.3348,0.3348,0.30987,0.30987,0.30987,0.31476,0.30987,0.31476,0.31476,0.32991,0.3348,0.34506,0.34995,0.35484,0.36999,0.37488,0.37488,0.37977,0.40469,0.435,0.43988,0.435,0.5,0.51515,0.49022,0.46481,0.42473,0.38514,0.3651,0.34995,0.31965,0.30499,0.30499,0.30499,0.30987,0.30499,0.26491,0.1999,0.26002,0.56012,1.0904,1.2805,0.94526,0.62512,0.47019,0.39492,0.31476,0.26979,0.26002,0.26002,0.26979,0.26979,0.28495,0.30499,0.30499,0.31476,0.32991,0.34506,0.35484,0.37488,0.39003,0.41984,0.435,0.46481,0.50489,0.54985,0.6002,0.64027,0.6652,0.68035,0.67498,0.65005,0.61486,0.57527,0.52981,0.47996,0.43988,0.3998,0.36999,0.33969,0.32502,0.30987,0.30499,0.28495,0.28495,0.28006,0.28495,0.28983,0.28983,0.29472,0.30499,0.30987,0.32502,0.32991,0.3348,0.33969,0.34506,0.34995,0.37488,0.40469,0.41496,0.41007,0.45503,0.47507,0.45503,0.435,0.39492,0.35484,0.3348,0.30987,0.28006,0.26979,0.26491,0.26491,0.26491,0.26002,0.21457,0.14467,0.21994,0.54985,1.1305,1.3104,0.92522,0.56989,0.42473,0.33969,0.26979,0.21994,0.20968,0.21457,0.22483,0.22972,0.2346,0.24487,0.25464,0.26979,0.28495,0.29472,0.31476,0.3348,0.35484,0.38514,0.41007,0.43988,0.47996,0.52981,0.57527,0.62512,0.65005,0.65494,0.65005,0.63001,0.59531,0.54497,0.5,0.45015,0.40469,0.3651,0.32991,0.30499,0.28983,0.28006,0.28006,0.27468,0.26491,0.26979,0.26002,0.26002,0.26002,0.26002,0.26002,0.26002,0.26979,0.28006,0.28983,0.3001,0.30499,0.32502,0.3651,0.39492,0.3998,0.40469,0.45503,0.46481,0.45015,0.41984,0.38514,0.34995,0.32991,0.3001,0.27468,0.26002,0.26002,0.26491,0.26002,0.25464,0.20479,0.15494,0.26491,0.67009,1.2004,1.3104,0.8651,0.56012,0.435,0.34995,0.26979,0.21994,0.21457,0.21994,0.22972,0.2346,0.24976,0.25464,0.26002,0.28006,0.28983,0.30499,0.32502,0.34506,0.3651,0.39003,0.41984,0.44477,0.48485,0.53519,0.58504,0.62512,0.65005,0.66031,0.65005,0.62512,0.58016,0.53519,0.49022,0.44477,0.3998,0.35973,0.32991,0.30987,0.3001,0.28983,0.28006,0.28006,0.28006,0.28006,0.28006,0.28006,0.27468,0.27468,0.27468,0.28006,0.28006,0.29472,0.3001,0.31476,0.3348,0.37488,0.41496,0.42473,0.41984,0.47507,0.48485,0.46481,0.435,0.39492,0.36999,0.33969,0.31476,0.28983,0.28006,0.28006,0.28006,0.27468,0.26491,0.22483,0.16471,0.23998,0.60508,1.1354,1.2757,0.89052,0.59531,0.47019,0.38514,0.28983,0.2346,0.22972,0.2346,0.24487,0.26002,0.26002,0.26491,0.28006,0.28983,0.30499,0.32991,0.33969,0.35973,0.38514,0.40469,0.435,0.46481,0.5,0.54497,0.58993,0.63001,0.65494,0.6652,0.65494,0.63001,0.59531,0.54985,0.5,0.45503,0.41984,0.37977,0.34995,0.32991,0.30987,0.30499,0.30499,0.30499,0.28983,0.28495,0.28495,0.28983,0.28495,0.29472,0.3001,0.29472,0.30987,0.32502,0.58504,1.1202,1.2757,0.90518,0.60997,0.49022,0.40469,0.30987,0.26002,0.25464,0.24976,0.26491,0.28006,0.27468,0.28495,0.30499,0.30499,0.31965,0.3348,0.34995,0.36999,0.37977,0.40469,0.43011,0.46481,0.50489,0.54497,0.58993,0.63001,0.66031,0.67498,0.66031,0.64516,0.61486,0.56989,0.52493,0.48485,0.43988,0.40469,0.37488,0.35484,0.33969,0.31476,0.30987,0.31476,0.30987,0.30499,0.28983,0.29472,0.30499,0.31476,0.32502,0.32991,0.33969,0.34995,0.34995,0.35484,0.36999,0.38514,0.40469,0.43011,0.435,0.45015,0.49022,0.49511,0.47507,0.43988,0.39492,0.36999,0.34995,0.32502,0.30499,0.28983,0.28495,0.29472,0.3001,0.28983,0.23998,0.18475,0.26979,0.61486,1.1256,1.2757,0.8651,0.58504,0.45503,0.37977,0.30499,0.26491,0.24976,0.24487,0.26491,0.27468,0.28495,0.28983,0.3001,0.30499,0.32502,0.34506,0.35484,0.37488,0.39492,0.41007,0.435,0.46481,0.50978,0.54497,0.59531,0.6349,0.66031,0.67498,0.66031,0.64027,0.6002,0.56989,0.52004,0.47507,0.435,0.39492,0.3651,0.33969,0.31965,0.30499,0.3001,0.28983,0.28006,0.28006,0.28006,0.28006,0.28006,0.28495,0.3001,0.30499,0.31476,0.32502,0.32991,0.3348,0.34995,0.36999,0.41007,0.42473,0.41984,0.45503,0.47507,0.47019,0.45015,0.41007,0.36999,0.34506,0.32502,0.29472,0.28495,0.28006,0.28006,0.28006,0.28006,0.24487,0.16471,0.15982,0.45992,0.98534,1.3006,1.0054,0.65005,0.46481,0.36999,0.3001,0.22972,0.20968,0.20968,0.21994,0.22972,0.2346,0.24487,0.25464,0.26491,0.28006,0.29472,0.31476,0.32991,0.34995,0.37488,0.3998,0.435,0.47019,0.51515,0.565,0.60997,0.64516,0.66031,0.65494,0.63001,0.60508,0.56012,0.50489,0.46481,0.41984,0.37488,0.34506,0.31965,0.3001,0.28983,0.28006,0.28006,0.27468,0.28006,0.26979,0.27468,0.26979,0.26491,0.26979,0.26491,0.28006,0.28006,0.28983,0.30499,0.31476,0.33969,0.38514,0.41007,0.41496,0.41007,0.47019,0.45992,0.44477,0.41496,0.37488,0.33969,0.31965,0.28983,0.27468,0.26491,0.26979,0.26491,0.26979,0.25464,0.18964,0.16471,0.33969,0.79521,1.2654,1.1305,0.76002,0.52004,0.41496,0.33969,0.25464,0.21994,0.21994,0.22972,0.2346,0.24487,0.26002,0.26979,0.28006,0.28983,0.30499,0.32502,0.3348,0.35484,0.37488,0.3998,0.43011,0.46481,0.5,0.55523,0.6002,0.6349,0.65494,0.65494,0.6349,0.60997,0.56989,0.52004,0.47019,0.43011,0.39003,0.35973,0.32991,0.31965,0.30499,0.29472,0.28983,0.29472,0.28006,0.28495,0.28495,0.28983,0.26979,0.28006,0.28983,0.3001,0.29472,0.30499,0.31476,0.32991,0.33969,0.37488,0.41007,0.42473,0.42473,0.47019,0.49022,0.47996,0.45992,0.41984,0.37977,0.35484,0.3348,0.30499,0.28495,0.28495,0.29472,0.28983,0.28983,0.26491,0.19501,0.18964,0.47507,1.0205,1.3157,1.0205,0.67498,0.52493,0.435,0.33969,0.26979,0.25464,0.26002,0.26002,0.26491,0.27468,0.28983,0.3001,0.30499,0.31965,0.3348,0.35484,0.37488,0.3998,0.41007,0.435,0.46481,0.50489,0.54985,0.58993,0.6349,0.67009,0.68524,0.69013,0.67498,0.6349,0.59531,0.54985,0.5,0.45015,0.41984,0.39003,0.35973,0.3348,0.31965,0.32502,0.31476,0.30987,0.30499,0.30499,0.30499,0.3001,0.3001,0.30499,0.31476,0.32991,0.32991,0.3348,0.34995,0.3651,0.37488,0.39003,0.41984,0.44477,0.43988,0.46481,0.5,0.49511,0.47507,0.435,0.39492,0.36999,0.34506,0.31476,0.30499,0.30499,0.30499,0.30499,0.3001,0.27468,0.20479,0.18964,0.43988,0.91544,1.3104,1.0753,0.72532,0.52493,0.42473,0.34995,0.28006,0.26002,0.26002,0.26002,0.26491,0.27468,0.29472,0.30499,0.30987,0.32502,0.33969,0.35973,0.37488,0.39003,0.41007,0.435,0.45992,0.49511,0.54008,0.58993,0.6349,0.66031,0.68035,0.68524,0.67498,0.6349,0.60508,0.56012,0.50978,0.47019,0.41984,0.39003,0.35484,0.3348,0.31965,0.30987,0.30499,0.30499,0.29472,0.28495,0.28495,0.28495,0.28006,0.28983,0.29472,0.30499,0.30499,0.31965,0.32991,0.32991,0.34506,0.34506,0.34995,0.36999,0.3998,0.41496,0.40469,0.44477,0.46481,0.45503,0.435,0.39492,0.35973,0.3348,0.31476,0.28495,0.27468,0.27468,0.28495,0.27468,0.26002,0.26979,0.14467,0.20479,0.52493,1.0806,1.2957,0.97019,0.61486,0.44477,0.35484,0.27468,0.21994,0.20968,0.20968,0.21994,0.22483,0.2346,0.23998,0.26002,0.26979,0.28006,0.3001,0.31476,0.32991,0.34995,0.37488,0.3998,0.435,0.47507,0.52004,0.56989,0.61486,0.64516,0.66031,0.65494,0.64027,0.60508,0.56012,0.50978,0.45992,0.41007,0.36999,0.33969,0.30987,0.29472,0.28006,0.27468,0.26491,0.26491,0.26491,0.26002,0.26002,0.26491,0.26491,0.26491,0.26979,0.28006,0.28006,0.28983,0.30499,0.31476,0.31965,0.32991,0.3348,0.35973,0.39492,0.42473,0.41007,0.43988,0.47019,0.45992,0.43988,0.40469,0.35973,0.33969,0.31476,0.28006,0.26979,0.26979,0.26491,0.26979,0.26002,0.2346,0.15982,0.20968,0.45992,1.0103,1.3055,1.0303,0.65494,0.47996,0.38514,0.30499,0.2346,0.21457,0.21994,0.22972,0.2346,0.23998,0.25464,0.26002,0.27468,0.28983,0.30499,0.31965,0.33969,0.35973,0.37488,0.3998,0.43011,0.47507,0.52004,0.56989,0.61486,0.65005,0.67009,0.6652,0.65005,0.61486,0.57527,0.52004,0.47019,0.41984,0.37977,0.34506,0.31476,0.3001,0.28983,0.28006,0.28006,0.28006,0.28006,0.28006,0.27468,0.26979,0.26002,0.26979,0.28006,0.28006,0.28983,0.3001,0.31476,0.32502,0.3348,0.34995,0.37977,0.41496,0.42473,0.41984,0.47019,0.49022,0.48485,0.45015,0.41496,0.37488,0.34995,0.32991,0.3001,0.29472,0.29472,0.29472,0.29472,0.3001,0.23998,0.17986,0.25464,0.57527,1.1256,1.3104,0.95552,0.6349,0.49511,0.41007,0.31476,0.25464,0.24976,0.26002,0.26002,0.26979,0.28006,0.29472,0.29472,0.30499,0.32502,0.34506,0.36999,0.37488,0.39003,0.41984,0.44477,0.46481,0.5,0.55523,0.60508,0.64027,0.67009,0.69013,0.68035,0.65494,0.62512,0.58016,0.53519,0.49511,0.44477,0.41007,0.37488,0.33969,0.32991,0.32991,0.31476,0.3001,0.3001,0.30499,0.3001,0.29472,0.30499,0.30499,0.3001,0.30987,0.32991,0.32991,0.3348,0.33969,0.32502,0.30499,0.3001,0.32502,0.3348,0.32502,0.34995,0.37488,0.35484,0.34995,0.3651,0.35973,0.3651,0.31476,0.26979,0.37977,0.77028,1.2556,1.3206,0.77517,0.50978,0.45992,0.42473,0.34995,0.28983,0.27468,0.28006,0.28006,0.28983,0.3001,0.30987,0.31476,0.32991,0.33969,0.35484,0.37488,0.39492,0.41007,0.42473,0.45503,0.49022,0.53519,0.58016,0.62023,0.65494,0.67498,0.6652,0.65494,0.63001,0.58504,0.53519,0.48485,0.43988,0.39492,0.3651,0.3348,0.31476,0.3001,0.28983,0.28495,0.28006,0.27468,0.27468,0.27468,0.26979,0.27468,0.28495,0.28983,0.3001,0.30499,0.31476,0.32502,0.32991,0.32991,0.3348,0.32991,0.3348,0.32991,0.32991,0.3348,0.33969,0.3348,0.37488,0.3998,0.3998,0.41496,0.45503,0.45015,0.44477,0.41984,0.37977,0.34506,0.32502,0.29472,0.28006,0.28006,0.27468,0.27468,0.26979,0.24976,0.17498,0.16471,0.41984,0.93011,1.3407,1.1007,0.71017,0.48485,0.37488,0.30987,0.24487,0.21994,0.21994,0.22483,0.22972,0.2346,0.24487,0.26002,0.26979,0.28495,0.3001,0.31476,0.32991,0.34506,0.3651,0.39003,0.41984,0.45015,0.49511,0.54497,0.58993,0.6349,0.65494,0.6652,0.66031,0.6349,0.60508,0.565,0.50978,0.46481,0.42473,0.37977,0.34506,0.31965,0.30499,0.28495,0.28006,0.28006,0.27468,0.27468,0.27468,0.26979,0.26979,0.26491,0.26979,0.26979,0.27468,0.28006,0.28495,0.30499,0.3348,0.37977,0.3998,0.3998,0.435,0.46481,0.45992,0.43988,0.40469,0.36999,0.33969,0.31476,0.28495,0.27468,0.26491,0.26002,0.26002,0.26002,0.23998,0.16471,0.15494,0.43011,0.96041,1.3055,1.0352,0.65494,0.47507,0.37977,0.30499,0.22483,0.20968,0.20968,0.21994,0.2346,0.23998,0.25464,0.26002,0.26979,0.28495,0.30499,0.31476,0.3348,0.34995,0.37488,0.39492,0.42473,0.46481,0.50978,0.56012,0.60508,0.64027,0.65494,0.64027,0.62023,0.58993,0.54497,0.49022,0.44477,0.40469,0.35973,0.32991,0.30987,0.29472,0.28495,0.28495,0.28006,0.28006,0.26979,0.26979,0.27468,0.26491,0.26979,0.28006,0.28495,0.28495,0.3001,0.30499,0.32502,0.34506,0.37488,0.41007,0.42473,0.42473,0.47507,0.49022,0.48485,0.45015,0.40469,0.36999,0.34995,0.31965,0.3001,0.29472,0.3001,0.29472,0.28983,0.28006,0.24487,0.18964,0.26979,0.59531,1.1457,1.3104,0.93548,0.61486,0.49511,0.41007,0.32502,0.26491,0.24487,0.25464,0.26491,0.27468,0.28006,0.28006,0.28983,0.30499,0.32502,0.34506,0.3651,0.37977,0.39003,0.40469,0.44477,0.47996,0.50978,0.54985,0.59531,0.64027,0.68035,0.69501,0.68035,0.6652,0.61486,0.58016,0.54008,0.48485,0.45015,0.40469,0.3651,0.35484,0.33969,0.31965,0.30987,0.30499,0.3001,0.30499,0.28983,0.29472,0.29472,0.30499,0.29472,0.30987,0.31476,0.32991,0.33969,0.34506,0.35484,0.39492,0.41984,0.42473,0.43988,0.49022,0.49511,0.47507,0.44477,0.3998,0.36999,0.33969,0.30987,0.28983,0.28983,0.28495,0.28495,0.28495,0.27468,0.22972,0.1696,0.26002,0.64027,1.1857,1.2957,0.82014,0.54008,0.44477,0.3651,0.28006,0.23998,0.2346,0.24487,0.25464,0.24976,0.26002,0.26979,0.28983,0.30499,0.31476,0.33969,0.35484,0.3651,0.39492,0.40469,0.42473,0.46481,0.50978,0.54497,0.6002,0.64516,0.67009,0.68035,0.6652,0.64516,0.60508,0.565,0.52493,0.48485,0.43011,0.39492,0.3651,0.32991,0.32502,0.30987,0.30499,0.3001,0.29472,0.3001,0.28983,0.28495,0.28983,0.29472,0.28983,0.3001,0.30987,0.31965,0.32991,0.33969,0.37488,0.41496,0.42473,0.41984,0.47507,0.48485,0.47019,0.45015,0.40469,0.36999,0.34995,0.32502,0.30499,0.28495,0.28983,0.28983,0.28983,0.28495,0.25464,0.18475,0.24487,0.54985,1.1056,1.3006,0.94526,0.60997,0.47019,0.38514,0.30987,0.24976,0.2346,0.2346,0.24976,0.25464,0.26002,0.26979,0.28006,0.28983,0.30499,0.31965,0.3348,0.35484,0.37488,0.39492,0.42473,0.46481,0.5,0.54497,0.59531,0.64027,0.67009,0.68524,0.68035,0.65494,0.62512,0.57527,0.52493,0.47507,0.41984,0.37977,0.34506,0.31476,0.29472,0.28006,0.28006,0.26979,0.26979,0.26491,0.26491,0.26491,0.26002,0.26002,0.26491,0.26979,0.28006,0.28006,0.3001,0.32502,0.36999,0.3998,0.3998,0.41984,0.45992,0.45015,0.43988,0.40469,0.36999,0.32991,0.30987,0.28006,0.26002,0.26002,0.25464,0.24976,0.24976,0.2346,0.16471,0.13978,0.3651,0.8651,1.3055,1.1007,0.70528,0.47019,0.36999,0.29472,0.21994,0.19501,0.18964,0.1999,0.20968,0.21994,0.22972,0.23998,0.25464,0.26979,0.28006,0.30499,0.31965,0.3348,0.3651,0.38514,0.41984,0.45015,0.49511,0.54497,0.59531,0.63001,0.65494,0.65005,0.6349,0.60508,0.56012,0.50978,0.46481,0.41496,0.36999,0.33969,0.30987,0.28983,0.28006,0.27468,0.26979,0.26491,0.26491,0.26491,0.26002,0.26002,0.26002,0.26002,0.26002,0.26002,0.26979,0.28006,0.30499,0.34995,0.38514,0.39492,0.40469,0.46481,0.47019,0.45015,0.41984,0.38514,0.35484,0.3348,0.3001,0.28006,0.27468,0.26979,0.27468,0.26491,0.26002,0.20968,0.15982,0.26002,0.64516,1.1955,1.3055,0.87048,0.56012,0.45015,0.3651,0.28006,0.2346,0.22483,0.22972,0.2346,0.24487,0.26002,0.26491,0.26979,0.28006,0.3001,0.31476,0.3348,0.34995,0.37488,0.39492,0.41984,0.45503,0.49511,0.54008,0.58993,0.63001,0.65494,0.65494,0.65005,0.62512,0.58993,0.54008,0.49022,0.44477,0.3998,0.3651,0.3348,0.32502,0.30499,0.3001,0.29472,0.3001,0.29472,0.28983,0.28983,0.28983,0.28495,0.28495,0.28983,0.3001,0.30499,0.31965,0.32991,0.35484,0.39003,0.42473,0.44477,0.43988,0.5,0.50489,0.49022,0.43988,0.41007,0.38514,0.35973,0.31965,0.3001,0.30499,0.3001,0.28983,0.28495,0.28983,0.23998,0.18964,0.28006,0.65005,1.1955,1.2908,0.87048,0.58504,0.47996,0.3998,0.31476,0.25464,0.24976,0.26002,0.26491,0.26979,0.28006,0.3001,0.29472,0.31476,0.32991,0.34995,0.36999,0.37977,0.3998,0.41984,0.43988,0.47019,0.50978,0.56012,0.6002,0.63001,0.65494,0.66031,0.65494,0.63001,0.58993,0.54497,0.5,0.46481,0.41984,0.38514,0.35973,0.3348,0.32502,0.30987,0.30499,0.29472,0.30499,0.29472,0.28495,0.28006,0.28006,0.29472,0.30499,0.30499,0.31476,0.32991,0.33969,0.35973,0.39492,0.42473,0.42473,0.44477,0.49511,0.5,0.47996,0.44477,0.3998,0.37488,0.35484,0.32991,0.31476,0.28495,0.28006,0.28983,0.28495,0.28983,0.24976,0.18475,0.22972,0.52981,1.0406,1.2204,0.88025,0.56989,0.43988,0.37977,0.30987,0.24487,0.2346,0.24487,0.25464,0.26491,0.28006,0.28006,0.28983,0.3001,0.30987,0.3348,0.35973,0.35484,0.36999,0.40469,0.42473,0.45503,0.49511,0.53519,0.58016,0.61486,0.64027,0.65494,0.65005,0.6349,0.60508,0.565,0.52493,0.47507,0.43988,0.3998,0.36999,0.34506,0.32991,0.31965,0.30987,0.30499,0.30499,0.3001,0.28983,0.29472,0.29472,0.30499,0.30987,0.31476,0.31965,0.32991,0.34995,0.37977,0.41496,0.43011,0.42473,0.47507,0.49022,0.47996,0.45503,0.41496,0.37488,0.34995,0.32991,0.29472,0.28983,0.28495,0.28495,0.28006,0.28006,0.25464,0.17986,0.16471,0.42473,0.95015,1.3006,1.0455,0.68524,0.49022,0.39003,0.31476,0.24487,0.22483,0.22483,0.22972,0.2346,0.24487,0.25464,0.26002,0.27468,0.28983,0.3001,0.31965,0.3348,0.35484,0.37488,0.3998,0.43988,0.47507,0.51515,0.565,0.60508,0.64027,0.65494,0.65494,0.6349,0.6002,0.56012,0.50978,0.47019,0.41984,0.38514,0.34506,0.32502,0.30499,0.29472,0.28983,0.28495,0.28495,0.28006,0.28006,0.27468,0.28006,0.27468,0.28006,0.28006,0.28495,0.29472,0.3001,0.32502,0.35973,0.40469,0.41496,0.41007,0.45992,0.47996,0.46481,0.435,0.3998,0.35973,0.33969,0.31476,0.28495,0.28006,0.26979,0.26491,0.26979,0.26491,0.2346,0.1696,0.20479,0.48485,1.0103,1.2654,0.9653,0.62023,0.46481,0.38514,0.31476,0.23998,0.21994,0.22972,0.23998,0.24976,0.25464,0.26491,0.27468,0.28495,0.3001,0.31476,0.32991,0.34995,0.36999,0.39003,0.41007,0.44477,0.47996,0.52493,0.57527,0.61486,0.64516,0.65494,0.66031,0.6349,0.60508,0.565,0.5,0.45015,0.41984,0.37977,0.34506,0.32502,0.30987,0.29472,0.28983,0.29472,0.28983,0.3001,0.28983,0.28006,0.27468,0.28983,0.3001,0.29472,0.28983,0.31476,0.32991,0.34995,0.37977,0.43011,0.43988,0.43011,0.48485,0.50489,0.49511,0.46481,0.41984,0.37977,0.35973,0.34995,0.30987,0.28983,0.28983,0.3001,0.29472,0.28983,0.25464,0.18964,0.23998,0.54985,1.1153,1.2908,0.93548,0.62023,0.50489,0.42473,0.3348,0.26491,0.25464,0.26002,0.28006,0.28495,0.28495,0.29472,0.30987,0.32502,0.32991,0.34506,0.3651,0.38514,0.3998,0.42473,0.45503,0.48485,0.52004,0.56989,0.61486,0.66031,0.68035,0.69501,0.69013,0.67498,0.64027,0.58993,0.54008,0.5,0.45015,0.41984,0.38514,0.36999,0.33969,0.3348,0.32991,0.32502,0.32991,0.31965,0.31965,0.32502,0.32502,0.32502,0.32991,0.3348,0.34506,0.35484,0.36999,0.37977,0.41007,0.43988,0.46481,0.45992,0.49022,0.52493,0.51515,0.49511,0.45503,0.41984,0.3998,0.37488,0.34506,0.32502,0.31965,0.32502,0.32502,0.31965,0.30499,0.22972,0.1999,0.40469,0.91007,1.3607,1.1505,0.77028,0.55523,0.45503,0.3651,0.29472,0.26491,0.26491,0.26979,0.27468,0.28006,0.28495,0.3001,0.31476,0.32991,0.34506,0.35484,0.36999,0.39003,0.40469,0.435,0.45992,0.49511,0.53519,0.57527,0.62512,0.65494,0.68035,0.68035,0.6652,0.6349,0.58993,0.54497,0.49022,0.43988,0.3998,0.3651,0.3348,0.31476,0.30499,0.29472,0.28495,0.28006,0.26979,0.26491,0.26002,0.26002,0.26002,0.26979,0.27468,0.28006,0.29472,0.3001,0.31476,0.32502,0.3651,0.3998,0.40469,0.39003,0.43988,0.45503,0.43988,0.40469,0.3651,0.32502,0.30499,0.28006,0.25464,0.24487,0.24487,0.23998,0.23998,0.2346,0.18475,0.12463,0.22483,0.6002,1.1603,1.2805,0.84506,0.52493,0.40469,0.32991,0.24976,0.1999,0.18964,0.19501,0.20479,0.20968,0.21994,0.22972,0.23998,0.25464,0.26491,0.28006,0.3001,0.31476,0.3348,0.35973,0.39003,0.41984,0.45992,0.5,0.54985,0.58504,0.61486,0.62023,0.60997,0.58504,0.54985,0.50489,0.45992,0.41007,0.36999,0.33969,0.30499,0.28006,0.26979,0.26491,0.26002,0.26002,0.25464,0.26002,0.24976,0.25464,0.25464,0.25464,0.26002,0.26491,0.27468,0.28006,0.28983,0.31476,0.34995,0.39003,0.3998,0.39492,0.44477,0.45503,0.44477,0.41007,0.36999,0.34506,0.31476,0.28495,0.26002,0.26002,0.25464,0.25464,0.25464,0.24487,0.20479,0.13978,0.21457,0.54497,1.0704,1.2204,0.86022,0.55523,0.43988,0.36999,0.28495,0.22972,0.21994,0.22483,0.2346,0.23998,0.25464,0.26002,0.26979,0.28983,0.3001,0.31476,0.32991,0.34995,0.37488,0.39003,0.41984,0.45015,0.48485,0.52981,0.565,0.60508,0.62512,0.6349,0.62512,0.60508,0.56989,0.52493,0.48485,0.43988,0.40469,0.36999,0.34506,0.31965,0.30499,0.3001,0.3001,0.3001,0.30499,0.3001,0.3001,0.29472,0.30499,0.30987,0.32502,0.32991,0.3348,0.34995,0.37488,0.40469,0.43988,0.45015,0.45503,0.5,0.52004,0.50978,0.47507,0.43988,0.3998,0.37488,0.34506,0.32502,0.30499,0.30499,0.3001,0.30499,0.29472,0.28495,0.20479,0.19501,0.46481,1.0005,1.2654,0.99022,0.67009,0.52981,0.44477,0.35484,0.28006,0.26002,0.26491,0.28006,0.28006,0.28495,0.30987,0.32502,0.32502,0.3348,0.34995,0.36999,0.39492,0.41007,0.42473,0.45503,0.49022,0.52004,0.56012,0.60508,0.65005,0.6652,0.68524,0.68035,0.65494,0.62023,0.58504,0.54497,0.49511,0.45992,0.43988,0.45992,0.47996,0.49022,0.47996,0.45015,0.3998,0.35484,0.32991,0.31476,0.29472,0.28983,0.3001,0.3001,0.30499,0.31476,0.31965,0.31965,0.26979,0.2346,0.38514,0.81036,1.2307,0.98045,0.59531,0.41496,0.40469,0.41007,0.30499,0.26491,0.26002,0.26491,0.28006,0.28006,0.3001,0.30499,0.31965,0.32991,0.3348,0.34995,0.3651,0.38514,0.40469,0.42473,0.46481,0.5,0.53519,0.56012,0.58016,0.58016,0.57527,0.56012,0.52493,0.49022,0.45015,0.41007,0.36999,0.33969,0.31476,0.30499,0.30499,0.30499,0.30499,0.31476,0.31965,0.32502,0.32991,0.3348,0.3348,0.33969,0.3348,0.33969,0.33969,0.3348,0.3348,0.32991,0.32502,0.32991,0.32502,0.30987,0.31476,0.30987,0.31476,0.31476,0.30987,0.30987,0.30499,0.30499,0.30499,0.30499,0.30499,0.30499,0.30499,0.30499,0.30499,0.30987,0.31476,0.32991,0.3651,0.39492,0.3998,0.39003,0.44477,0.435,0.41984,0.3998,0.36999,0.35484,0.33969,0.30987,0.3001,0.28983,0.29472,0.29472,0.29472,0.26491,0.19501,0.2346,0.47996,0.97019,1.3304,1.0753,0.71017,0.5,0.38514,0.31965,0.26002,0.23998,0.23998,0.23998,0.24976,0.25464,0.26002,0.27468,0.28006,0.29472,0.30987,0.32502,0.3348,0.34995,0.28983,0.29472,0.29472,0.28495,0.28983,0.30499,0.30499,0.30987,0.31476,0.32991,0.3348,0.34995,0.34995,0.35973,0.38514,0.435,0.45015,0.43988,0.46481,0.49511,0.49511,0.47019,0.43011,0.39003,0.36999,0.34506,0.31965,0.30987,0.31476,0.30499,0.3001,0.3001,0.26491,0.19501,0.23998,0.48485,1.0103,1.2854,1.0054,0.6652,0.50489,0.41984,0.33969,0.26979,0.25464,0.24487,0.26002,0.26002,0.26491,0.28006,0.30499,0.30499,0.32502,0.33969,0.35973,0.37488,0.39492,0.41984,0.43988,0.47507,0.50489,0.54497,0.59531,0.64516,0.67498,0.68035,0.68524,0.66031,0.62023,0.58993,0.54008,0.49511,0.44477,0.3998,0.36999,0.34995,0.32991,0.30987,0.30987,0.30499,0.3001,0.30499,0.29472,0.28495,0.28495,0.29472,0.28983,0.30499,0.31965,0.32991,0.33969,0.35973,0.39492,0.41984,0.42473,0.45992,0.50489,0.49022,0.47019,0.43988,0.39492,0.37488,0.35973,0.31965,0.30499,0.3001,0.29472,0.3001,0.29472,0.28495,0.21994,0.18964,0.31965,0.74536,1.2307,1.2556,0.74536,0.52981,0.435,0.35484,0.28983,0.26491,0.26002,0.25464,0.27468,0.28495,0.29472,0.29472,0.30987,0.32502,0.3348,0.34995,0.37488,0.39492,0.3998,0.435,0.45503,0.48485,0.52981,0.56989,0.61486,0.65494,0.6652,0.67009,0.65494,0.6349,0.6002,0.54985,0.50489,0.46481,0.41984,0.37977,0.35973,0.34506,0.31476,0.30987,0.30499,0.3001,0.30499,0.30499,0.3001,0.3001,0.30499,0.31965,0.32991,0.3348,0.33969,0.37977,0.41984,0.43988,0.44477,0.47507,0.51515,0.50489,0.49022,0.45015,0.40469,0.37977,0.35973,0.32502,0.30499,0.30499,0.29472,0.28983,0.3001,0.29472,0.22483,0.19501,0.32991,0.76002,1.2556,1.2854,0.76002,0.50978,0.41984,0.33969,0.27468,0.23998,0.23998,0.24487,0.24976,0.26491,0.26979,0.28006,0.29472,0.30499,0.31965,0.3348,0.34995,0.3651,0.38514,0.41007,0.43988,0.47507,0.52004,0.565,0.60997,0.65005,0.6652,0.67009,0.65005,0.62023,0.56989,0.52493,0.47507,0.42473,0.37977,0.34506,0.31476,0.28983,0.28006,0.26491,0.26491,0.26002,0.26002,0.26002,0.26002,0.26002,0.26002,0.26002,0.26491,0.27468,0.28495,0.32991,0.36999,0.38514,0.38514,0.435,0.45503,0.44477,0.42473,0.38514,0.34995,0.32502,0.3001,0.26979,0.25464,0.24976,0.24487,0.23998,0.23998,0.21457,0.13978,0.1349,0.43011,0.9956,1.3104,1.0103,0.61486,0.43011,0.3348,0.26979,0.20479,0.18964,0.18964,0.19501,0.20479,0.21994,0.22972,0.2346,0.24976,0.26002,0.28006,0.29472,0.31476,0.32991,0.35973,0.37977,0.41496,0.45015,0.5,0.54985,0.6002,0.63001,0.64516,0.6349,0.61486,0.58016,0.53519,0.49022,0.43988,0.39492,0.35973,0.32502,0.3001,0.28006,0.27468,0.26979,0.26491,0.26979,0.26491,0.26491,0.26002,0.26002,0.26002,0.26002,0.26491,0.26979,0.28495,0.32502,0.36999,0.37488,0.37977,0.435,0.45015,0.44477,0.42473,0.39492,0.35973,0.32991,0.30499,0.28006,0.26979,0.26002,0.26002,0.26002,0.26002,0.22483,0.15494,0.1999,0.47996,1.0303,1.2654,0.97019,0.61486,0.46481,0.37977,0.28983,0.22972,0.21994,0.21994,0.21994,0.22972,0.2346,0.24487,0.26491,0.28006,0.28983,0.30499,0.32502,0.33969,0.35973,0.38514,0.41496,0.435,0.47019,0.52004,0.56989,0.60508,0.6349,0.65005,0.64027,0.62023,0.58993,0.54985,0.50489,0.45503,0.41984,0.37977,0.34506,0.32991,0.30987,0.30499,0.30499,0.30499,0.28983,0.28983,0.28495,0.28495,0.28495,0.28983,0.28495,0.29472,0.3001,0.31965,0.34506,0.37977,0.41007,0.42473,0.41984,0.50978,0.5,0.49022,0.45992,0.42473,0.39492,0.36999,0.33969,0.32502,0.30987,0.30987,0.31965,0.30987,0.28983,0.22972,0.19501,0.32991,0.76002,1.2605,1.3055,0.81525,0.55523,0.45992,0.38514,0.29472,0.24976,0.24487,0.26002,0.26002,0.27468,0.28006,0.28983,0.31476,0.3348,0.33969,0.34995,0.37977,0.3998,0.40469,0.42473,0.47507,0.50978,0.54985,0.59531,0.6349,0.67498,0.70039,0.70528,0.68524,0.66031,0.6349,0.58993,0.54008,0.5,0.45015,0.41007,0.39003,0.37488,0.34995,0.3348,0.34506,0.34995,0.3348,0.3348,0.32991,0.32991,0.32502,0.31965,0.32991,0.34995,0.35484,0.35973,0.37488,0.40469,0.44477,0.47019,0.47019,0.50489,0.53519,0.52493,0.50978,0.47019,0.43011,0.40469,0.37977,0.34506,0.32991,0.31965,0.30987,0.30987,0.30987,0.28983,0.21457,0.18964,0.41984,0.92033,1.3304,1.0753,0.70528,0.49511,0.3998,0.32502,0.26002,0.2346,0.2346,0.24976,0.26002,0.26002,0.26979,0.28006,0.28983,0.30499,0.31965,0.32991,0.34995,0.37488,0.39492,0.41984,0.45015,0.48485,0.52981,0.57527,0.62023,0.65494,0.67498,0.6652,0.65005,0.61486,0.56989,0.51515,0.45503,0.40469,0.35973,0.32502,0.29472,0.27468,0.26002,0.25464,0.24976,0.23998,0.2346,0.22972,0.22972,0.22483,0.22483,0.22972,0.2346,0.2346,0.24487,0.25464,0.28006,0.32991,0.35973,0.35484,0.37977,0.43011,0.41984,0.41007,0.37488,0.33969,0.30987,0.29472,0.26002,0.24976,0.23998,0.23998,0.23998,0.2346,0.22483,0.15494,0.12952,0.29472,0.77517,1.2507,1.1007,0.71017,0.47507,0.36999,0.28983,0.20968,0.17986,0.17986,0.18964,0.18964,0.20479,0.21457,0.22483,0.22972,0.24487,0.26002,0.28006,0.29472,0.31476,0.3348,0.35484,0.38514,0.41984,0.46481,0.50978,0.56012,0.59531,0.61486,0.61486,0.6002,0.57527,0.53519,0.49022,0.45015,0.40469,0.36999,0.33969,0.30987,0.29472,0.28006,0.28006,0.28006,0.27468,0.28006,0.27468,0.27468,0.26979,0.26979,0.26979,0.27468,0.28006,0.28983,0.3001,0.31965,0.3651,0.3998,0.40469,0.3998,0.46481,0.45992,0.44477,0.41984,0.38514,0.34506,0.32502,0.29472,0.27468,0.26491,0.26002,0.26002,0.26002,0.24976,0.1999,0.14956,0.24976,0.65494,1.1603,1.2405,0.78543,0.52981,0.43011,0.35484,0.27468,0.2346,0.22972,0.2346,0.23998,0.25464,0.26002,0.26979,0.28006,0.29472,0.30499,0.32502,0.33969,0.35973,0.37488,0.39492,0.41984,0.45992,0.49511,0.54008,0.58016,0.61486,0.6349,0.64027,0.63001,0.60508,0.565,0.52004,0.47996,0.435,0.39492,0.35484,0.3348,0.31476,0.30499,0.30499,0.29472,0.28983,0.28983,0.28006,0.28983,0.28983,0.28983,0.28983,0.3001,0.30499,0.30499,0.32502,0.34995,0.39003,0.41984,0.435,0.43988,0.48485,0.50489,0.49022,0.45992,0.41496,0.37488,0.3651,0.33969,0.30987,0.3001,0.30499,0.30499,0.3001,0.28983,0.26491,0.18964,0.24976,0.54985,1.0953,1.2708,0.93011,0.62512,0.50978,0.435,0.3348,0.26491,0.26002,0.26002,0.27468,0.28495,0.29472,0.3001,0.30987,0.32502,0.33969,0.35484,0.37488,0.39003,0.41007,0.42473,0.45503,0.49511,0.52981,0.565,0.61486,0.66031,0.69013,0.70039,0.68524,0.66031,0.6349,0.58993,0.54497,0.5,0.45992,0.42473,0.3998,0.37488,0.35484,0.34995,0.34506,0.3348,0.32991,0.32991,0.32502,0.31965,0.32502,0.32991,0.3348,0.32991,0.34995,0.3651,0.37488,0.3998,0.435,0.46481,0.45992,0.47996,0.52004,0.51515,0.5,0.45992,0.41984,0.39492,0.36999,0.33969,0.32502,0.31965,0.32502,0.31965,0.30499,0.30987,0.22483,0.20479,0.3998,0.91544,1.3407,1.1007,0.74536,0.54008,0.43988,0.3651,0.3001,0.28006,0.27468,0.28006,0.28495,0.28983,0.30499,0.32502,0.32991,0.34506,0.35973,0.37488,0.39492,0.41007,0.43011,0.45015,0.48485,0.51515,0.55523,0.60508,0.65494,0.68524,0.69501,0.69013,0.67498,0.65005,0.59531,0.54985,0.50489,0.45992,0.41496,0.37977,0.35484,0.32991,0.31965,0.31476,0.30499,0.3001,0.29472,0.28983,0.28495,0.28983,0.28983,0.3001,0.3001,0.30987,0.31965,0.32502,0.3348,0.35973,0.39492,0.40469,0.40469,0.44477,0.46481,0.44477,0.42473,0.39003,0.34995,0.32991,0.3001,0.26979,0.26002,0.26002,0.25464,0.25464,0.23998,0.20968,0.1349,0.18475,0.47996,1.0552,1.2654,0.93548,0.58016,0.41496,0.31965,0.25464,0.20479,0.1999,0.20479,0.20968,0.20968,0.22483,0.2346,0.24487,0.25464,0.26979,0.28495,0.30499,0.31965,0.33969,0.35973,0.39003,0.41984,0.45992,0.50489,0.55523,0.59531,0.62023,0.6349,0.62512,0.60508,0.56989,0.52493,0.47507,0.43011,0.37977,0.34506,0.30987,0.28983,0.27468,0.26491,0.26002,0.26002,0.25464,0.24976,0.24976,0.24487,0.24976,0.24487,0.24976,0.26002,0.26002,0.26491,0.28006,0.30987,0.35484,0.38514,0.38514,0.40469,0.45015,0.45015,0.435,0.3998,0.3651,0.33969,0.31476,0.28006,0.26002,0.26002,0.25464,0.25464,0.24976,0.23998,0.1696,0.13978,0.30499,0.77517,1.2507,1.2605,0.74536,0.49511,0.38514,0.31476,0.23998,0.20479,0.1999,0.20968,0.21994,0.22972,0.23998,0.24976,0.26002,0.27468,0.28983,0.30499,0.32502,0.33969,0.35973,0.37977,0.41007,0.45015,0.49022,0.53519,0.58504,0.61486,0.64027,0.64516,0.62512,0.59531,0.55523,0.50489,0.45992,0.41984,0.37977,0.34506,0.31965,0.30499,0.28495,0.28495,0.28006,0.28006,0.27468,0.28006,0.27468,0.27468,0.26491,0.26979,0.27468,0.28495,0.28983,0.30499,0.32502,0.36999,0.3998,0.41007,0.42473,0.47507,0.47019,0.45503,0.43011,0.39492,0.35973,0.3348,0.30499,0.28495,0.28006,0.28006,0.27468,0.26979,0.26491,0.21457,0.15982,0.26491,0.64516,1.1804,1.2556,0.82014,0.54497,0.43988,0.35973,0.27468,0.22972,0.22483,0.2346,0.2346,0.24487,0.26002,0.26979,0.28006,0.3001,0.30499,0.32502,0.33969,0.35973,0.37977,0.3998,0.43011,0.45992,0.50489,0.54497,0.59531,0.63001,0.65005,0.64516,0.6349,0.60997,0.58016,0.52493,0.49022,0.43988,0.39492,0.3651,0.33969,0.32502,0.30987,0.30499,0.30499,0.30499,0.3001,0.28983,0.29472,0.28983,0.28495,0.29472,0.30499,0.30987,0.31476,0.32502,0.33969,0.37977,0.41984,0.43988,0.44477,0.47507,0.5,0.49511,0.47019,0.435,0.39492,0.3651,0.34506,0.31476,0.30499,0.30499,0.28983,0.28495,0.28983,0.26979,0.18964,0.17986,0.42473,0.95015,1.2908,1.0303,0.69501,0.52493,0.43988,0.35484,0.28495,0.26002,0.26002,0.26491,0.27468,0.28006,0.28983,0.30987,0.31476,0.3348,0.34506,0.35973,0.38514,0.40469,0.42473,0.45015,0.47507,0.51515,0.55523,0.60997,0.65494,0.67498,0.68524,0.69013,0.67009,0.64027,0.59531,0.55523,0.50489,0.46481,0.41984,0.39003,0.36999,0.33969,0.3348,0.32991,0.32991,0.31965,0.31965,0.31476,0.30987,0.31965,0.32502,0.32502,0.32991,0.33969,0.34995,0.36999,0.39003,0.41496,0.45015,0.45503,0.44477,0.50978,0.51515,0.49511,0.46481,0.42473,0.39492,0.37488,0.34506,0.32991,0.32502,0.31965,0.31476,0.30987,0.30499,0.24487,0.18964,0.28983,0.65494,1.2356,1.3456,0.89052,0.58993,0.47996,0.38514,0.31476,0.26979,0.26491,0.26491,0.27468,0.28006,0.28006,0.30499,0.31476,0.32991,0.3348,0.34995,0.36999,0.39003,0.3998,0.43011,0.45992,0.5,0.53519,0.58504,0.63001,0.6652,0.68035,0.69013,0.68035,0.65494,0.62512,0.58016,0.52981,0.48485,0.43988,0.40469,0.37488,0.35484,0.33969,0.32502,0.31965,0.31476,0.30987,0.30499,0.30499,0.30499,0.31476,0.30987,0.31476,0.32502,0.3348,0.3348,0.34995,0.38514,0.42473,0.43011,0.41984,0.47019,0.47507,0.46481,0.43988,0.3998,0.3651,0.34506,0.31476,0.28983,0.27468,0.27468,0.28006,0.26979,0.26491,0.20968,0.13978,0.22483,0.60508,1.1657,1.2957,0.86022,0.565,0.42473,0.32991,0.26002,0.20479,0.1999,0.20479,0.20968,0.21457,0.22972,0.2346,0.24976,0.26002,0.26979,0.28495,0.30499,0.32502,0.34506,0.36999,0.39492,0.43011,0.47507,0.52004,0.565,0.60508,0.63001,0.6349,0.62023,0.59531,0.56012,0.52004,0.46481,0.41984,0.37488,0.34506,0.30987,0.28983,0.27468,0.26002,0.26002,0.26002,0.25464,0.24487,0.24487,0.24976,0.24487,0.24976,0.26002,0.26002,0.26979,0.28983,0.32502,0.3651,0.37977,0.37488,0.43011,0.44477,0.435,0.41496,0.36999,0.34506,0.31476,0.28495,0.26002,0.25464,0.24976,0.24976,0.24976,0.23998,0.1999,0.12952,0.18964,0.51515,1.0806,1.2654,0.92033,0.58016,0.43011,0.3348,0.26979,0.20479,0.19501,0.1999,0.20968,0.21457,0.22972,0.23998,0.25464,0.26491,0.28006,0.29472,0.31476,0.32991,0.35484,0.37488,0.3998,0.435,0.47507,0.52004,0.56989,0.60997,0.6349,0.64516,0.6349,0.60508,0.56989,0.52981,0.47996,0.435,0.39492,0.35484,0.32991,0.30499,0.29472,0.28006,0.28006,0.27468,0.27468,0.27468,0.26491,0.26491,0.26002,0.26491,0.26979,0.28006,0.28006,0.30987,0.34995,0.39003,0.3998,0.40469,0.45992,0.47019,0.45992,0.435,0.3998,0.3651,0.34506,0.30987,0.28006,0.28006,0.28006,0.27468,0.27468,0.26491,0.22483,0.15982,0.22483,0.56989,1.1256,1.2654,0.89052,0.58504,0.46481,0.37488,0.28983,0.22972,0.22483,0.22483,0.22972,0.23998,0.24487,0.26002,0.27468,0.28495,0.3001,0.31965,0.32991,0.34995,0.36999,0.39492,0.42473,0.45503,0.49022,0.53519,0.58016,0.61486,0.6349,0.64516,0.63001,0.60508,0.56989,0.52493,0.47996,0.43011,0.39003,0.35973,0.33969,0.31476,0.30499,0.29472,0.29472,0.28983,0.28006,0.28006,0.28006,0.28006,0.28495,0.28006,0.28495,0.29472,0.30987,0.33969,0.38514,0.41984,0.41496,0.45015,0.49511,0.47996,0.46481,0.435,0.39492,0.36999,0.33969,0.30987,0.3001,0.29472,0.28495,0.28495,0.28006,0.27468,0.20479,0.1696,0.31476,0.78543,1.2405,1.1105,0.76002,0.54008,0.44477,0.35973,0.26979,0.2346,0.2346,0.2346,0.24487,0.25464,0.26491,0.28006,0.28983,0.3001,0.31476,0.33969,0.35973,0.37977,0.3998,0.42473,0.45503,0.49022,0.53519,0.56989,0.61486,0.65005,0.6652,0.65494,0.64516,0.62023,0.58016,0.54008,0.49022,0.43988,0.40469,0.37488,0.34995,0.3348,0.32991,0.31965,0.31476,0.31476,0.30987,0.30499,0.29472,0.30499,0.30499,0.31476,0.31965,0.32991,0.34995,0.38514,0.42473,0.43988,0.435,0.48485,0.50978,0.5,0.47996,0.43988,0.39492,0.37488,0.34995,0.31476,0.30499,0.3001,0.3001,0.29472,0.3001,0.27468,0.19501,0.17986,0.41984,0.95552,1.2805,1.0103,0.67009,0.50489,0.41984,0.3348,0.26491,0.24976,0.24487,0.25464,0.26002,0.27468,0.28006,0.3001,0.30499,0.32502,0.33969,0.34995,0.36999,0.38514,0.40469,0.43011,0.46481,0.5,0.54497,0.58504,0.63001,0.65005,0.65494,0.66031,0.63001,0.60508,0.54985,0.50978,0.46481,0.41984,0.38514,0.34995,0.3348,0.31476,0.30499,0.3001,0.28983,0.28983,0.28983,0.28006,0.28006,0.28006,0.29472,0.3001,0.30499,0.31476,0.32991,0.35973,0.40469,0.41984,0.41496,0.45992,0.47507,0.47019,0.44477,0.40469,0.36999,0.33969,0.30987,0.28006,0.26979,0.26979,0.26491,0.26491,0.26002,0.22483,0.15494,0.14956,0.47507,1.0303,1.2307,0.93548,0.6002,0.45503,0.36999,0.29472,0.2346,0.22483,0.22972,0.2346,0.2346,0.24487,0.26002,0.26979,0.28006,0.29472,0.30499,0.32502,0.34506,0.3651,0.38514,0.41496,0.44477,0.48485,0.52981,0.57527,0.60997,0.6349,0.64516,0.6349,0.60997,0.57527,0.52981,0.47996,0.43011,0.39492,0.35973,0.32991,0.31476,0.30499,0.29472,0.29472,0.28495,0.28006,0.28006,0.28006,0.28006,0.28006,0.28006,0.28983,0.3001,0.30987,0.31965,0.34506,0.39003,0.42473,0.42473,0.41984,0.47507,0.47507,0.46481,0.43011,0.39003,0.35973,0.33969,0.30499,0.28495,0.28006,0.28006,0.28006,0.27468,0.26002,0.1999,0.15982,0.29472,0.73021,1.2253,1.2454,0.7654,0.52493,0.43011,0.34995,0.26491,0.22972,0.22972,0.2346,0.2346,0.24487,0.25464,0.26979,0.28006,0.3001,0.30987,0.32502,0.34506,0.3651,0.38514,0.40469,0.435,0.46481,0.50489,0.54985,0.58993,0.62512,0.64027,0.6349,0.62023,0.58993,0.56012,0.50978,0.46481,0.43011,0.39003,0.35484,0.32991,0.31965,0.30499,0.3001,0.3001,0.29472,0.28983,0.28006,0.28495,0.25464,0.21994,0.1999,0.19501,0.21457,0.20968,0.26002,0.3001,0.30987,0.3348,0.35973,0.37488,0.36999,0.34506,0.3001,0.39492,0.73021,1.2507,1.3504,0.91544,0.58504,0.51515,0.48485,0.37977,0.3001,0.28006,0.28006,0.28495,0.28983,0.47019,0.43988,0.41496,0.37488,0.34995,0.32502,0.3001,0.28495,0.28006,0.28006,0.28006,0.28006,0.24487,0.16471,0.15982,0.47507,1.0254,1.2356,0.95552,0.62512,0.49022,0.39003,0.30499,0.2346,0.21457,0.22483,0.22972,0.23998,0.24487,0.26002,0.26979,0.28006,0.3001,0.31965,0.3348,0.34995,0.36999,0.39492,0.41984,0.45503,0.49022,0.53519,0.56989,0.60508,0.63001,0.6349,0.61486,0.58993,0.56012,0.52493,0.47996,0.43988,0.40469,0.36999,0.34506,0.32991,0.32502,0.30499,0.30499,0.30499,0.30499,0.29472,0.29472,0.29472,0.3001,0.30499,0.31965,0.32991,0.35973,0.40469,0.43011,0.42473,0.47019,0.5,0.49511,0.47507,0.43988,0.3998,0.37488,0.35484,0.32502,0.30499,0.3001,0.30499,0.30499,0.3001,0.28006,0.1999,0.18964,0.41007,0.91544,1.2654,1.0352,0.71017,0.54008,0.43988,0.35484,0.27468,0.24976,0.24487,0.26002,0.26491,0.27468,0.28006,0.29472,0.30987,0.32502,0.33969,0.35973,0.38514,0.3998,0.41984,0.43988,0.47507,0.52004,0.56012,0.6002,0.6349,0.6652,0.67498,0.66031,0.6349,0.60508,0.565,0.52493,0.47996,0.43988,0.41007,0.38514,0.35973,0.34995,0.3348,0.32991,0.32502,0.31965,0.31476,0.30987,0.31965,0.32502,0.32991,0.3348,0.34995,0.3651,0.39492,0.43011,0.45015,0.45992,0.5,0.51515,0.50489,0.49022,0.45015,0.40469,0.37488,0.34995,0.32991,0.32502,0.32502,0.32502,0.31965,0.30499,0.27468,0.1999,0.26002,0.57527,1.1505,1.3104,0.92522,0.61486,0.5,0.41496,0.32502,0.26491,0.26002,0.26979,0.28006,0.27468,0.28983,0.30499,0.31965,0.32502,0.33969,0.35484,0.37488,0.39003,0.41007,0.43988,0.47019,0.50489,0.54497,0.58993,0.63001,0.6652,0.68035,0.68524,0.67498,0.64027,0.60997,0.565,0.52004,0.47019,0.42473,0.39492,0.36999,0.34995,0.32991,0.32502,0.31476,0.30987,0.30499,0.30499,0.3001,0.30499,0.30987,0.31476,0.32502,0.32991,0.34506,0.37977,0.41007,0.41984,0.42473,0.47507,0.49022,0.47507,0.44477,0.40469,0.37488,0.33969,0.30987,0.28006,0.28006,0.26491,0.26002,0.26002,0.25464,0.1999,0.12463,0.20479,0.56989,1.1256,1.2654,0.85044,0.54497,0.41007,0.31965,0.24487,0.18964,0.18964,0.18964,0.1999,0.20968,0.21457,0.22483,0.23998,0.25464,0.26491,0.28006,0.30499,0.31965,0.34506,0.36999,0.39492,0.435,0.47019,0.52004,0.56989,0.6002,0.62023,0.63001,0.60997,0.58016,0.54008,0.49511,0.45015,0.41007,0.36999,0.3348,0.30499,0.28983,0.27468,0.26979,0.26491,0.26002,0.26002,0.26002,0.25464,0.26002,0.26002,0.26002,0.26491,0.27468,0.29472,0.32991,0.36999,0.37977,0.39003,0.44477,0.45503,0.44477,0.41984,0.37977,0.34506,0.32502,0.28983,0.26491,0.26491,0.26002,0.25464,0.25464,0.24976,0.20479,0.13978,0.21457,0.59531,1.1657,1.3104,0.90029,0.54985,0.435,0.34995,0.26979,0.21994,0.21994,0.20968,0.21457,0.2346,0.23998,0.25464,0.26002,0.27468,0.28495,0.30499,0.32502,0.33969,0.35973,0.38514,0.41984,0.44477,0.48485,0.52981,0.57527,0.60997,0.63001,0.6349,0.61486,0.58504,0.54497,0.50489,0.45992,0.41007,0.37488,0.34506,0.31965,0.3001,0.28983,0.28495,0.28006,0.28006,0.27468,0.27468,0.26979,0.26979,0.26979,0.27468,0.26979,0.28006,0.28983,0.31476,0.35484,0.3998,0.3998,0.41984,0.47019,0.47019,0.45992,0.43988,0.3998,0.3651,0.34506,0.30987,0.28983,0.28006,0.28006,0.27468,0.26979,0.26491,0.20968,0.15494,0.26979,0.68035,1.2107,1.2757,0.81525,0.54497,0.435,0.34506,0.26002,0.21457,0.20968,0.21994,0.22483,0.2346,0.23998,0.25464,0.26491,0.28006,0.29472,0.30987,0.32991,0.34995,0.3651,0.39003,0.41984,0.45015,0.49022,0.53519,0.57527,0.60508,0.62512,0.62512,0.60508,0.58016,0.53519,0.49511,0.45015,0.40469,0.36999,0.33969,0.31965,0.30499,0.30499,0.29472,0.3001,0.29472,0.3001,0.29472,0.29472,0.29472,0.3001,0.3001,0.30499,0.30499,0.31965,0.33969,0.37977,0.41496,0.42473,0.42473,0.47507,0.47996,0.46481,0.435,0.39492,0.35973,0.3348,0.30499,0.27468,0.26979,0.26002,0.26002,0.26002,0.26002,0.21457,0.13978,0.21457,0.56012,1.1105,1.2507,0.89052,0.58504,0.47019,0.37977,0.28983,0.2346,0.22972,0.2346,0.24487,0.25464,0.26002,0.28006,0.28495,0.3001,0.31476,0.32502,0.34995,0.3651,0.37488,0.39492,0.41984,0.45015,0.49511,0.53519,0.56989,0.60997,0.62512,0.63001,0.61486,0.58993,0.56012,0.52004,0.47996,0.43988,0.39492,0.3651,0.33969,0.32991,0.31965,0.30987,0.30499,0.30499,0.3001,0.3001,0.30499,0.30499,0.30499,0.30987,0.31965,0.32502,0.3348,0.34995,0.3651,0.40469,0.435,0.42473,0.435,0.49022,0.49511,0.47019,0.43988,0.3998,0.36999,0.35484,0.32502,0.3001,0.29472,0.3001,0.3001,0.29472,0.29472,0.24487,0.20479,0.3001,0.70039,1.2155,1.2957,0.85533,0.60997,0.49511,0.39492,0.31476,0.27468,0.26979,0.27468,0.28006,0.28495,0.29472,0.30499,0.31476,0.32991,0.33969,0.34995,0.36999,0.39003,0.40469,0.42473,0.45992,0.49022,0.52981,0.56989,0.60997,0.64027,0.66031,0.65494,0.64027,0.61486,0.58016,0.54985,0.50489,0.45992,0.43011,0.3998,0.37488,0.34995,0.34506,0.34995,0.3348,0.32991,0.32502,0.31965,0.32502,0.32991,0.32991,0.33969,0.34995,0.35484,0.35973,0.36999,0.39003,0.42473,0.45503,0.45992,0.45015,0.50978,0.52981,0.50978,0.49022,0.45503,0.41984,0.39003,0.36999,0.32991,0.32991,0.32991,0.31965,0.31965,0.32502,0.27468,0.20968,0.26491,0.54985,1.1202,1.3157,0.96041,0.64027,0.5,0.42473,0.34506,0.28495,0.27468,0.28006,0.28495,0.28983,0.3001,0.30987,0.32991,0.3348,0.34506,0.35973,0.37488,0.39492,0.41496,0.43011,0.45992,0.49022,0.53519,0.56989,0.62023,0.66031,0.68035,0.69013,0.68035,0.65494,0.62023,0.56989,0.52493,0.47996,0.43988,0.3998,0.3651,0.33969,0.32502,0.30987,0.30499,0.3001,0.29472,0.28983,0.28495,0.28495,0.28983,0.29472,0.3001,0.3001,0.30987,0.32502,0.33969,0.37977,0.41007,0.41496,0.41007,0.46481,0.45992,0.44477,0.41984,0.37977,0.34506,0.32502,0.29472,0.26979,0.26491,0.26491,0.26979,0.26002,0.24487,0.17498,0.13978,0.3001,0.79032,1.2908,1.1603,0.77517,0.52004,0.3998,0.31476,0.2346,0.20968,0.20479,0.20968,0.20968,0.21994,0.2346,0.24976,0.26002,0.27468,0.28495,0.30499,0.32502,0.34506,0.36999,0.39492,0.43011,0.47019,0.51515,0.56012,0.60508,0.6349,0.65494,0.65005,0.63001,0.58993,0.54985,0.50489,0.45503,0.40469,0.3651,0.3348,0.30499,0.28495,0.28006,0.27468,0.26979,0.26491,0.26002,0.26002,0.25464,0.26002,0.26002,0.26002,0.26979,0.27468,0.28495,0.3001,0.3348,0.36999,0.39003,0.38514,0.435,0.45503,0.45015,0.43011,0.39492,0.35484,0.32991,0.3001,0.27468,0.26002,0.25464,0.25464,0.26002,0.24976,0.20968,0.1349,0.18964,0.52004,1.1056,1.2908,0.95552,0.59531,0.43988,0.34995,0.26979,0.20968,0.1999,0.20479,0.20968,0.22483,0.22972,0.23998,0.24976,0.26002,0.27468,0.29472,0.30499,0.32991,0.34995,0.37488,0.39492,0.43011,0.47507,0.52004,0.565,0.60508,0.63001,0.6349,0.62023,0.59531,0.56012,0.50978,0.46481,0.41496,0.36999,0.3348,0.30499,0.28495,0.27468,0.26491,0.26002,0.26002,0.26002,0.25464,0.26002,0.25464,0.26002,0.26002,0.25464,0.26491,0.28006,0.28495,0.30987,0.34995,0.39003,0.3998,0.39492,0.45992,0.47019,0.45015,0.41984,0.38514,0.34995,0.32991,0.3001,0.27468,0.26491,0.26002,0.26002,0.26002,0.24976,0.18475,0.13978,0.26002,0.68524,1.2053,1.2654,0.8001,0.54008,0.41984,0.3348,0.25464,0.20968,0.20479,0.20968,0.21457,0.22483,0.2346,0.24976,0.26002,0.27468,0.28983,0.30499,0.32502,0.34506,0.3651,0.39003,0.41984,0.45503,0.49511,0.54008,0.58016,0.60997,0.63001,0.62023,0.60508,0.58016,0.54008,0.49022,0.45015,0.41007,0.36999,0.34506,0.31965,0.30499,0.3001,0.28983,0.28495,0.28006,0.28006,0.28495,0.28006,0.28006,0.28006,0.28983,0.3001,0.30499,0.31476,0.32502,0.3348,0.3651,0.40469,0.43011,0.42473,0.45015,0.49511,0.49022,0.46481,0.42473,0.37977,0.35484,0.3348,0.3001,0.28495,0.28495,0.28006,0.27468,0.27468,0.26002,0.18964,0.17498,0.38514,0.89541,1.2757,1.0704,0.71994,0.53519,0.435,0.34506,0.26979,0.24487,0.24976,0.25464,0.26491,0.27468,0.28495,0.29472,0.30987,0.32502,0.32991,0.34995,0.37488,0.3998,0.41007,0.43988,0.46481,0.5,0.54497,0.6002,0.62512,0.65494,0.67009,0.6652,0.65005,0.62023,0.58016,0.53519,0.47996,0.44477,0.41984,0.39003,0.35484,0.3348,0.32991,0.32991,0.31476,0.30987,0.30987,0.30499,0.30987,0.30987,0.32502,0.32502,0.32991,0.34506,0.35973,0.36999,0.40469,0.43988,0.45015,0.44477,0.49511,0.51515,0.5,0.47507,0.43011,0.39492,0.37488,0.34995,0.31476,0.30499,0.30499,0.30499,0.30499,0.30499,0.26491,0.18964,0.2346,0.54497,1.1202,1.2957,0.93011,0.61486,0.47996,0.39003,0.31476,0.26002,0.25464,0.26002,0.26979,0.28006,0.28006,0.28983,0.30499,0.31965,0.32991,0.34506,0.3651,0.37488,0.3998,0.41984,0.45503,0.48485,0.52004,0.56989,0.61486,0.65005,0.67498,0.67498,0.6652,0.64516,0.60997,0.56012,0.51515,0.47019,0.43011,0.39003,0.35973,0.34506,0.32502,0.31476,0.30499,0.30499,0.29472,0.3001,0.30499,0.3001,0.3001,0.30499,0.31476,0.31965,0.32991,0.33969,0.36999,0.41007,0.42473,0.41984,0.45015,0.48485,0.47507,0.46481,0.42473,0.37977,0.35484,0.32991,0.3001,0.28495,0.28006,0.27468,0.27468,0.27468,0.24976,0.15982,0.14956,0.41007,0.96041,1.2957,1.0103,0.65005,0.46481,0.3651,0.29472,0.22972,0.21457,0.21457,0.22483,0.2346,0.23998,0.24976,0.26002,0.27468,0.28983,0.30499,0.31476,0.33969,0.35484,0.37977,0.40469,0.43988,0.47996,0.52493,0.56989,0.60997,0.6349,0.65005,0.64027,0.62023,0.58504,0.54497,0.49511,0.45015,0.40469,0.36999,0.32991,0.30987,0.29472,0.28495,0.28495,0.28006,0.27468,0.27468,0.26979,0.26491,0.26979,0.28006,0.28006,0.28495,0.3001,0.30499,0.32502,0.35973,0.3998,0.41007,0.40469,0.45503,0.47019,0.46481,0.43988,0.3998,0.3651,0.3348,0.30987,0.28006,0.26979,0.26979,0.26491,0.26491,0.26002,0.21994,0.14467,0.20968,0.54497,1.0953,1.2757,0.91544,0.58016,0.43988,0.35484,0.28006,0.21994,0.20968,0.20479,0.20968,0.21994,0.2346,0.24487,0.26002,0.26979,0.28983,0.30499,0.31965,0.33969,0.35484,0.37977,0.41007,0.43988,0.48485,0.52981,0.57527,0.60997,0.6349,0.64027,0.63001,0.6002,0.56012,0.52004,0.47019,0.41984,0.37977,0.34995,0.32502,0.30499,0.28983,0.28006,0.28006,0.27468,0.27468,0.27468,0.27468,0.27468,0.27468,0.27468,0.28006,0.28495,0.3001,0.30987,0.3348,0.37977,0.41007,0.41496,0.41007,0.47996,0.47507,0.46481,0.43011,0.39492,0.35973,0.3348,0.30499,0.28006,0.28006,0.28006,0.28006,0.27468,0.26002,0.19501,0.15982,0.30987,0.7654,1.2356,1.2454,0.77028,0.52493,0.42473,0.34995,0.26002,0.21994,0.21994,0.22483,0.2346,0.24487,0.25464,0.26491,0.28006,0.29472,0.30987,0.32991,0.34506,0.3651,0.37977,0.3998,0.435,0.47019,0.50978,0.55523,0.58993,0.63001,0.64516,0.6349,0.62023,0.59531,0.54985,0.50489,0.45503,0.41984,0.37977,0.34995,0.32991,0.31476,0.30499,0.3001,0.28983,0.28983,0.28983,0.28983,0.28495,0.29472,0.28983,0.29472,0.30499,0.31476,0.32991,0.32991,0.35484,0.3998,0.435,0.44477,0.43988,0.49022,0.50489,0.48485,0.45015,0.40469,0.37488,0.34995,0.32502,0.3001,0.28495,0.28983,0.28495,0.28495,0.28006,0.23998,0.17498,0.25464,0.60997,1.1603,1.2805,0.87537,0.58504,0.49022,0.39492,0.31476,0.26002,0.25464,0.26002,0.26491,0.27468,0.28006,0.28983,0.30499,0.31965,0.3348,0.34995,0.3651,0.39003,0.40469,0.435,0.45992,0.49022,0.52981,0.56989,0.61486,0.66031,0.68035,0.67498,0.66031,0.64027,0.6002,0.56012,0.52004,0.47507,0.43988,0.3998,0.3651,0.34995,0.3348,0.32991,0.31476,0.30987,0.30499,0.30499,0.30499,0.30987,0.32502,0.32502,0.32991,0.33969,0.34995,0.35973,0.37488,0.37977,0.41496,0.44477,0.45015,0.44477,0.5,0.52004,0.49511,0.47019,0.43011,0.38514,0.37488,0.34995,0.32502,0.30987,0.30499,0.30987,0.30987,0.30499,0.26002,0.20479,0.28983,0.65005,1.2053,1.3304,0.89541,0.59531,0.48485,0.41007,0.31965,0.28006,0.26002,0.26491,0.28006,0.28006,0.28495,0.3001,0.30499,0.31965,0.33969,0.35484,0.37488,0.39003,0.41007,0.42473,0.45992,0.49511,0.53519,0.57527,0.62512,0.66031,0.68035,0.68524,0.67498,0.65005,0.61486,0.56989,0.52004,0.47507,0.43011,0.39492,0.36999,0.34506,0.32991,0.31965,0.30499,0.3001,0.3001,0.29472,0.28983,0.29472,0.3001,0.30499,0.30987,0.31476,0.32502,0.32991,0.32991,0.34995,0.3651,0.39492,0.41984,0.40469,0.435,0.47507,0.46481,0.44477,0.40469,0.35973,0.3348,0.32502,0.28983,0.28006,0.26979,0.26491,0.26491,0.26002,0.23998,0.16471,0.14467,0.39003,0.90518,1.3055,1.0503,0.67498,0.47507,0.37977,0.31476,0.23998,0.21994,0.21994,0.22972,0.2346,0.24487,0.26002,0.26979,0.28006,0.28983,0.30499,0.32502,0.33969,0.35973,0.38514,0.41007,0.43988,0.47507,0.52004,0.56989,0.61486,0.6349,0.65494,0.65005,0.6349,0.59531,0.56012,0.50978,0.46481,0.41984,0.37977,0.34995,0.32502,0.30499,0.29472,0.28495,0.28006,0.28006,0.27468,0.26979,0.26979,0.26491,0.26979,0.27468,0.28006,0.28495,0.28983,0.3001,0.30499,0.31965,0.34506,0.38514,0.40469,0.3998,0.435,0.46481,0.45992,0.43011,0.39003,0.35484,0.32991,0.30499,0.27468,0.26491,0.26002,0.26002,0.26002,0.26002,0.22972,0.15982,0.15494,0.47996,1.0152,1.2708,0.97556,0.62023,0.45503,0.36999,0.29472,0.22483,0.20968,0.21457,0.21994,0.22972,0.2346,0.23998,0.25464,0.26979,0.28495,0.3001,0.31476,0.3348,0.35484,0.37488,0.3998,0.435,0.47019,0.50978,0.56012,0.6002,0.6349,0.64027,0.6349,0.61486,0.58016,0.53519,0.49022,0.44477,0.40469,0.36999,0.32991,0.31476,0.30499,0.29472,0.28495,0.28006,0.28006,0.28006,0.27468,0.28006,0.28006,0.28006,0.28006,0.28495,0.29472,0.30499,0.31476,0.32502,0.32991,0.34506,0.37488,0.41007,0.42473,0.41984,0.45992,0.48485,0.47019,0.44477,0.40469,0.36999,0.34506,0.31965,0.28495,0.28006,0.28006,0.28006,0.28006,0.27468,0.2346,0.16471,0.22972,0.53519,1.0904,1.2556,0.91007,0.58993,0.47019,0.38514,0.3001,0.2346,0.22972,0.22972,0.2346,0.24487,0.26002,0.26491,0.28006,0.28983,0.30499,0.31965,0.33969,0.35484,0.37488,0.39492,0.41984,0.45015,0.49022,0.53519,0.58016,0.61486,0.64027,0.65005,0.6349,0.61486,0.58016,0.53519,0.49022,0.43988,0.3998,0.36999,0.33969,0.31965,0.30499,0.30499,0.3001,0.28983,0.28495,0.28006,0.28006,0.28006,0.28983,0.28983,0.29472,0.30499,0.31476,0.32502,0.3348,0.34506,0.34995,0.3651,0.39003,0.43011,0.44477,0.43988,0.47996,0.49511,0.49511,0.45992,0.41007,0.37488,0.35484,0.32502,0.30499,0.3001,0.28983,0.28495,0.28495,0.28495,0.24976,0.17986,0.24487,0.57527,1.1153,1.2708,0.91007,0.60997,0.49511,0.41007,0.31476,0.26002,0.24976,0.26002,0.26979,0.26491,0.27468,0.28495,0.3001,0.30499,0.32502,0.34506,0.35973,0.37488,0.39492,0.41984,0.45015,0.49022,0.52004,0.565,0.61486,0.65494,0.67009,0.68035,0.68035,0.65005,0.61486,0.56989,0.52493,0.48485,0.43988,0.40469,0.37488,0.35484,0.34995,0.32991,0.32502,0.31965,0.31965,0.31476,0.31476,0.31965,0.32991,0.3348,0.34506,0.35484,0.35973,0.37488,0.37488,0.38514,0.3998,0.42473,0.45503,0.46481,0.45015,0.51515,0.52493,0.50489,0.47019,0.42473,0.3998,0.37977,0.34506,0.32502,0.31965,0.31476,0.30987,0.31476,0.30499,0.24976,0.20479,0.31476,0.72532,1.2454,1.3255,0.83529,0.565,0.46481,0.39003,0.30499,0.26491,0.26002,0.26491,0.27468,0.28006,0.29472,0.30499,0.31476,0.32991,0.3348,0.34995,0.37488,0.39492,0.41007,0.435,0.47019,0.50489,0.54497,0.58993,0.64027,0.67009,0.69501,0.70039,0.68524,0.65494,0.62023,0.57527,0.52493,0.47507,0.43988,0.40469,0.37488,0.34995,0.34506,0.32991,0.31965,0.31476,0.30987,0.30499,0.30499,0.30499,0.31476,0.32502,0.32991,0.3348,0.3348,0.34995,0.35484,0.3651,0.38514,0.41984,0.43011,0.42473,0.46481,0.47996,0.47507,0.45015,0.40469,0.37488,0.34995,0.32502,0.28983,0.28006,0.28006,0.28006,0.27468,0.26979,0.22972,0.15494,0.21457,0.54008,1.1202,1.3006,0.92522,0.58504,0.45015,0.3651,0.28495,0.22483,0.21457,0.21457,0.22483,0.2346,0.23998,0.24976,0.26002,0.26979,0.28006,0.29472,0.30987,0.32991,0.34995,0.37488,0.39492,0.435,0.47507,0.52004,0.56989,0.60997,0.6349,0.64516,0.6349,0.61486,0.57527,0.52981,0.47996,0.435,0.39492,0.34995,0.32502,0.3001,0.28495,0.28006,0.27468,0.26491,0.26491,0.26002,0.26491,0.26002,0.26002,0.26979,0.28006,0.28006,0.29472,0.30499,0.31476,0.32991,0.35484,0.39492,0.3998,0.39492,0.44477,0.46481,0.45015,0.43011,0.39003,0.34995,0.32502,0.3001,0.26979,0.26002,0.25464,0.26002,0.25464,0.24976,0.20968,0.13978,0.20968,0.52004,1.0953,1.2757,0.92033,0.56989,0.435,0.35484,0.27468,0.21457,0.20968,0.20968,0.20968,0.21994,0.22972,0.2346,0.25464,0.26491,0.28006,0.29472,0.30987,0.32991,0.34995,0.37488,0.3998,0.43011,0.47507,0.52004,0.56989,0.60508,0.6349,0.64027,0.63001,0.60508,0.56989,0.52004,0.47507,0.42473,0.37977,0.34506,0.31476,0.29472,0.28006,0.28006,0.26979,0.27468,0.26491,0.26491,0.26002,0.26002,0.26002,0.26979,0.26979,0.27468,0.28006,0.29472,0.30499,0.32991,0.36999,0.40469,0.41007,0.3998,0.47019,0.47019,0.45503,0.42473,0.38514,0.34995,0.32991,0.3001,0.28006,0.26979,0.26979,0.26979,0.26491,0.25464,0.19501,0.14956,0.29472,0.73509,1.2204,1.2605,0.77028,0.52493,0.42473,0.34506,0.26002,0.22483,0.21994,0.21994,0.2346,0.24487,0.25464,0.26002,0.27468,0.28983,0.30499,0.31965,0.32991,0.34995,0.37488,0.3998,0.42473,0.46481,0.5,0.54985,0.6002,0.63001,0.64516,0.65005,0.6349,0.60508,0.56012,0.52004,0.47507,0.43011,0.39003,0.35484,0.32991,0.30499,0.30499,0.3001,0.29472,0.28495,0.28495,0.28495,0.28495,0.28006,0.28495,0.28495,0.30499,0.30499,0.31965,0.3348,0.34995,0.38514,0.42473,0.435,0.42473,0.49022,0.5,0.47996,0.45015,0.41007,0.36999,0.34995,0.32502,0.3001,0.28983,0.28495,0.28495,0.28495,0.28006,0.22972,0.1696,0.25464,0.62023,1.1755,1.2805,0.8651,0.58504,0.48485,0.39003,0.30499,0.25464,0.24487,0.25464,0.26491,0.28006,0.28006,0.28495,0.3001,0.32502,0.32991,0.34506,0.35973,0.37977,0.3998,0.42473,0.45015,0.49022,0.52493,0.57527,0.61486,0.65005,0.67498,0.68035,0.6652,0.64027,0.59531,0.54985,0.5,0.45992,0.42473,0.39492,0.3651,0.3348,0.32991,0.32991,0.31965,0.30987,0.30499,0.30499,0.30499,0.30987,0.31965,0.31476,0.32991,0.33969,0.33969,0.34995,0.37488,0.41984,0.44477,0.44477,0.45503,0.5,0.51515,0.5,0.47019,0.42473,0.39492,0.36999,0.3348,0.31965,0.30987,0.30499,0.30499,0.30499,0.3001,0.24976,0.18964,0.28006,0.66031,1.2107,1.3157,0.8651,0.58504,0.47019,0.38514,0.30987,0.25464,0.26002,0.26002,0.26491,0.28006,0.28495,0.3001,0.30499,0.31476,0.32991,0.34995,0.36999,0.39003,0.40469,0.43011,0.45992,0.49022,0.52981,0.57527,0.62512,0.66031,0.68035,0.68524,0.67009,0.64516,0.60508,0.56012,0.50489,0.45992,0.42473,0.39003,0.35973,0.3348,0.32991,0.31476,0.30499,0.30499,0.3001,0.29472,0.3001,0.3001,0.3001,0.30499,0.30499,0.31965,0.32502,0.3348,0.34995,0.37977,0.41984,0.42473,0.42473,0.47019,0.47996,0.46481,0.43988,0.40469,0.36999,0.34506,0.30987,0.28495,0.27468,0.27468,0.26979,0.26979,0.26002,0.21994,0.14956,0.21994,0.565,1.1202,1.2805,0.89052,0.57527,0.435,0.35484,0.27468,0.22483,0.21457,0.22483,0.2346,0.23998,0.24487,0.26002,0.26979,0.28006,0.28983,0.30499,0.32991,0.34506,0.35973,0.38514,0.41496,0.45015,0.49022,0.52981,0.58016,0.62023,0.64027,0.65005,0.6349,0.60997,0.57527,0.53519,0.47996,0.435,0.39492,0.35484,0.32991,0.30499,0.29472,0.28495,0.28495,0.28006,0.28006,0.27468,0.27468,0.27468,0.27468,0.26979,0.28006,0.28495,0.29472,0.30987,0.33969,0.39003,0.40469,0.40469,0.435,0.47507,0.46481,0.44477,0.41007,0.37488,0.34995,0.32991,0.28983,0.28006,0.27468,0.27468,0.26979,0.26491,0.23998,0.1696,0.15494,0.41496,0.92522,1.2805,1.0352,0.67498,0.48485,0.39003,0.31476,0.23998,0.21994,0.22483,0.22972,0.2346,0.24487,0.25464,0.26491,0.27468,0.28983,0.30499,0.31965,0.3348,0.35484,0.37488,0.40469,0.435,0.47019,0.51515,0.56012,0.60508,0.63001,0.64516,0.6349,0.61486,0.58016,0.54008,0.49022,0.44477,0.40469,0.3651,0.3348,0.31476,0.3001,0.28983,0.28495,0.28495,0.28495,0.28006,0.28006,0.28006,0.28006,0.28495,0.28495,0.28983,0.30499,0.31965,0.34995,0.39492,0.42473,0.41984,0.44477,0.48485,0.47507,0.45992,0.41984,0.37977,0.35484,0.3348,0.3001,0.28006,0.27468,0.28006,0.27468,0.26979,0.25464,0.17986,0.14956,0.34995,0.82014,1.2507,1.0704,0.71994,0.51515,0.41984,0.33969,0.24976,0.22972,0.22972,0.2346,0.23998,0.24976,0.26002,0.26979,0.28006,0.29472,0.30499,0.32991,0.34506,0.3651,0.38514,0.40469,0.43988,0.47507,0.52004,0.565,0.60508,0.63001,0.64516,0.65005,0.62023,0.58993,0.54497,0.50489,0.45992,0.41496,0.37488,0.34506,0.32502,0.30499,0.3001,0.29472,0.28983,0.28983,0.28006,0.28006,0.28006,0.28006,0.28495,0.28983,0.30499,0.30987,0.32991,0.35484,0.39492,0.43011,0.435,0.43011,0.50489,0.5,0.49022,0.45503,0.41496,0.37977,0.35484,0.32991,0.30987,0.30499,0.3001,0.30499,0.3001,0.28495,0.2346,0.18964,0.30499,0.70528,1.2155,1.2654,0.82502,0.58504,0.48485,0.39003,0.29472,0.26002,0.24976,0.25464,0.26979,0.28006,0.28495,0.30499,0.30987,0.31965,0.3348,0.34995,0.37488,0.39492,0.41496,0.435,0.46481,0.49511,0.53519,0.58504,0.63001,0.6652,0.68035,0.68035,0.67009,0.64027,0.59531,0.55523,0.50978,0.46481,0.41984,0.39003,0.36999,0.35484,0.34506,0.32991,0.31965,0.32502,0.30987,0.31476,0.31476,0.31476,0.31965,0.32502,0.3348,0.34995,0.35484,0.37488,0.41007,0.43988,0.44477,0.45503,0.50489,0.52004,0.49511,0.47019,0.435,0.3998,0.37977,0.34506,0.31476,0.30987,0.30499,0.30499,0.30499,0.3001,0.25464,0.18964,0.26491,0.6002,1.1603,1.3006,0.89052,0.6002,0.49022,0.39492,0.30987,0.26979,0.26491,0.26491,0.27468,0.28006,0.28983,0.3001,0.30987,0.32502,0.33969,0.35484,0.36999,0.39492,0.41984,0.43988,0.47019,0.50489,0.54497,0.58993,0.64027,0.67009,0.68524,0.69501,0.68035,0.66031,0.61486,0.56989,0.52493,0.47507,0.43988,0.40469,0.37488,0.35484,0.33969,0.3348,0.32502,0.31965,0.30987,0.30987,0.30987,0.30499,0.30987,0.31476,0.31965,0.32502,0.32991,0.3348,0.35973,0.3998,0.42473,0.41984,0.43988,0.47996,0.47019,0.45503,0.42473,0.38514,0.34995,0.32991,0.3001,0.27468,0.27468,0.27468,0.26979,0.26002,0.24976,0.18475,0.14956,0.28983,0.76002,1.2654,1.2708,0.75513,0.50489,0.39492,0.31476,0.23998,0.20968,0.20479,0.20968,0.21457,0.22483,0.2346,0.24976,0.26002,0.26979,0.28495,0.3001,0.31965,0.33969,0.35973,0.37977,0.41496,0.45015,0.49511,0.54497,0.58993,0.62023,0.6349,0.6349,0.61486,0.58504,0.54497,0.49511,0.44477,0.3998,0.3651,0.32502,0.30499,0.28006,0.26979,0.26002,0.26002,0.26002,0.26002,0.26002,0.26002,0.26002,0.26002,0.26491,0.26979,0.28006,0.28495,0.30987,0.34995,0.38514,0.39492,0.39003,0.45015,0.46481,0.44477,0.41984,0.37977,0.34506,0.32502,0.28983,0.26491,0.26002,0.25464,0.25464,0.24976,0.24487,0.1999,0.1349,0.21457,0.58504,1.1554,1.2805,0.8651,0.55523,0.42473,0.33969,0.26002,0.20479,0.19501,0.19501,0.20479,0.20968,0.22483,0.23998,0.25464,0.26002,0.28006,0.3001,0.30987,0.32991,0.34995,0.37488,0.3998,0.435,0.47996,0.52493,0.56989,0.60508,0.63001,0.6349,0.61486,0.58504,0.54985,0.5,0.45992,0.40469,0.36999,0.3348,0.30499,0.29472,0.28006,0.27468,0.27468,0.26491,0.26002,0.26002,0.26002,0.26491,0.26491,0.26491,0.26979,0.28006,0.28495,0.3001,0.3348,0.38514,0.3998,0.40469,0.435,0.46481,0.45992,0.43988,0.40469,0.3651,0.3348,0.31965,0.28495,0.27468,0.26979,0.26979,0.26491,0.26491,0.23998,0.16471,0.15494,0.41007,0.95015,1.2708,1.0254,0.6652,0.5,0.40469,0.31476,0.23998,0.21457,0.21994,0.2346,0.23998,0.24976,0.26002,0.26491,0.28006,0.28983,0.30499,0.32502,0.34506,0.35973,0.38514,0.41007,0.43988,0.47507,0.52004,0.565,0.60508,0.63001,0.6349,0.63001,0.60997,0.58016,0.54008,0.48485,0.43988,0.39492,0.3651,0.3348,0.31965,0.30499,0.3001,0.28983,0.28983,0.28006,0.28006,0.28006,0.28495,0.28495,0.28983,0.30499,0.31476,0.32502,0.3348,0.3651,0.40469,0.435,0.435,0.45992,0.50489,0.49511,0.48485,0.45015,0.3998,0.36999,0.34995,0.32502,0.30499,0.3001,0.3001,0.28983,0.28983,0.28495,0.21994,0.18964,0.34506,0.82502,1.2654,1.1056,0.75513,0.54985,0.45503,0.3651,0.27468,0.24487,0.25464,0.26002,0.27468,0.26979,0.28006,0.3001,0.30499,0.31965,0.32991,0.34995,0.36999,0.39003,0.41007,0.435,0.46481,0.50978,0.56012,0.6002,0.63001,0.6652,0.68035,0.68035,0.66031,0.64027,0.6002,0.54985,0.50489,0.45992,0.42473,0.39492,0.36999,0.35484,0.33969,0.32991,0.32991,0.32991,0.32991,0.32991,0.32991,0.32502,0.32991,0.3348,0.34995,0.35484,0.3651,0.37488,0.39492,0.43011,0.45503,0.46481,0.45992,0.52004,0.53519,0.51515,0.47996,0.43988,0.41007,0.39003,0.3651,0.34506,0.3348,0.32991,0.32991,0.32502,0.31965,0.26979,0.20968,0.28006,0.64027,1.1906,1.3255,0.89052,0.60508,0.48485,0.40469,0.31476,0.26491,0.26002,0.26002,0.26979,0.28006,0.28495,0.29472,0.3001,0.30499,0.32991,0.33969,0.34995,0.37488,0.39492,0.41984,0.43988,0.47507,0.51515,0.56012,0.60508,0.64027,0.66031,0.6652,0.65005,0.63001,0.58993,0.54008,0.49022,0.45015,0.3998,0.36999,0.3348,0.30987,0.29472,0.28495,0.27468,0.26979,0.26491,0.26979,0.26491,0.26491,0.26491,0.26979,0.28006,0.28495,0.29472,0.30499,0.30987,0.31965,0.34506,0.36999,0.39003,0.38514,0.42473,0.44477,0.43988,0.41984,0.38514,0.34506,0.31476,0.29472,0.26002,0.24976,0.24976,0.24976,0.24976,0.24976,0.21457,0.1349,0.1696,0.45015,0.9956,1.2708,0.96041,0.62023,0.44477,0.35484,0.28006,0.21457,0.20479,0.20968,0.20968,0.21457,0.22972,0.2346,0.24487,0.26491,0.28006,0.3001,0.30987,0.32991,0.34995,0.37488,0.40469,0.435,0.47996,0.52493,0.56989,0.60997,0.6349,0.64516,0.64027,0.61486,0.58016,0.53519,0.48485,0.43988,0.39492,0.35484,0.32502,0.30499,0.28495,0.28006,0.27468,0.26491,0.26002,0.26491,0.26002,0.26002,0.26002,0.26002,0.26491,0.26979,0.27468,0.28495,0.3001,0.30499,0.32502,0.35484,0.39492,0.3998,0.39492,0.44477,0.46481,0.45015,0.41984,0.38514,0.34506,0.32991,0.3001,0.26979,0.26491,0.26002,0.26002,0.26491,0.26002,0.21457,0.15494,0.2346,0.59531,1.1403,1.2908,0.89052,0.58504,0.45015,0.35973,0.28006,0.21994,0.20968,0.21457,0.22483,0.2346,0.23998,0.24976,0.26002,0.28006,0.29472,0.30987,0.32502,0.34506,0.35484,0.37977,0.40469,0.43988,0.47996,0.52493,0.57527,0.60508,0.6349,0.64027,0.64516,0.60508,0.56989,0.52493,0.47507,0.43011,0.39003,0.35484,0.32991,0.30987,0.29472,0.28495,0.28006,0.27468,0.28006,0.27468,0.27468,0.27468,0.27468,0.28006,0.28006,0.28495,0.3001,0.30499,0.31965,0.32991,0.3348,0.34995,0.39492,0.42473,0.42473,0.41984,0.47019,0.47996,0.45992,0.43011,0.39003,0.35484,0.3348,0.30499,0.28006,0.28006,0.28006,0.28006,0.28006,0.27468,0.22483,0.17498,0.28495,0.65494,1.1804,1.2654,0.83529,0.56012,0.44477,0.3651,0.27468,0.2346,0.22972,0.2346,0.23998,0.24976,0.26002,0.26979,0.28006,0.28983,0.30499,0.32502,0.3348,0.35484,0.37488,0.3998,0.42473,0.45503,0.49511,0.54497,0.58504,0.62512,0.64027,0.65005,0.6349,0.60997,0.56989,0.52981,0.48485,0.43988,0.3998,0.35973,0.33969,0.32502,0.30987,0.3001,0.28983,0.29472,0.29472,0.28983,0.28495,0.28495,0.29472,0.29472,0.3001,0.30499,0.30987,0.32502,0.32991,0.32991,0.33969,0.34995,0.3651,0.39492,0.42473,0.435,0.42473,0.47996,0.48485,0.46481,0.43011,0.39492,0.3651,0.34506,0.30987,0.3001,0.29472,0.28983,0.28495,0.28495,0.27468,0.20968,0.18475,0.34995,0.80499,1.2605,1.1105,0.77517,0.55523,0.45503,0.3651,0.27468,0.24487,0.24976,0.26002,0.26002,0.26491,0.27468,0.28495,0.29472,0.30499,0.31965,0.33969,0.35973,0.37977,0.39492,0.41984,0.44477,0.48485,0.52493,0.57527,0.62023,0.64516,0.65494,0.6652,0.65494,0.62512,0.58993,0.54497,0.5,0.45992,0.41007,0.36999,0.34506,0.32991,0.32502,0.30987,0.30499,0.28983,0.28495,0.28983,0.28983,0.28983,0.3001,0.30499,0.30987,0.31476,0.3348,0.34506,0.34995,0.35484,0.3651,0.3651,0.37977,0.41496,0.435,0.42473,0.45503,0.48485,0.48485,0.46481,0.43011,0.39492,0.3651,0.34506,0.31476,0.30499,0.3001,0.3001,0.3001,0.3001,0.26979,0.18964,0.2346,0.5,1.0552,1.3006,0.98045,0.66031,0.50489,0.41007,0.32991,0.26002,0.24976,0.24976,0.25464,0.26002,0.26491,0.28006,0.28983,0.30499,0.31965,0.3348,0.34995,0.36999,0.38514,0.40469,0.435,0.46481,0.5,0.54497,0.58993,0.6349,0.66031,0.68035,0.67498,0.65005,0.61486,0.57527,0.52004,0.47507,0.43011,0.39492,0.35484,0.3348,0.31476,0.30499,0.3001,0.29472,0.28495,0.28006,0.28006,0.28006,0.28006,0.28495,0.29472,0.3001,0.31476,0.32502,0.32991,0.32991,0.33969,0.34995,0.37977,0.41007,0.41984,0.41496,0.45992,0.47507,0.45992,0.43988,0.39492,0.35973,0.33969,0.30987,0.28006,0.27468,0.27468,0.27468,0.28006,0.26979,0.21994,0.16471,0.25464,0.62512,1.1706,1.2908,0.87048,0.58504,0.45015,0.35973,0.28006,0.22972,0.22483,0.22972,0.2346,0.24487,0.25464,0.26002,0.28006,0.28983,0.30499,0.31965,0.3348,0.34995,0.36999,0.39492,0.41984,0.45503,0.49511,0.54008,0.58993,0.63001,0.65005,0.66031,0.64516,0.62512,0.58993,0.54497,0.49511,0.44477,0.40469,0.36999,0.3348,0.31476,0.3001,0.28983,0.28495,0.28495,0.28006,0.28006,0.28006,0.28006,0.28006,0.28495,0.28983,0.29472,0.3001,0.30987,0.31965,0.32991,0.33969,0.37488,0.41007,0.41496,0.41007,0.46481,0.47996,0.46481,0.43011,0.39003,0.35484,0.3348,0.30499,0.28006,0.28006,0.27468,0.27468,0.27468,0.26491,0.20968,0.15982,0.27468,0.67009,1.1857,1.2605,0.8304,0.56012,0.45015,0.35973,0.27468,0.22972,0.22972,0.2346,0.23998,0.24976,0.26002,0.26491,0.28006,0.28983,0.30499,0.32502,0.3348,0.35973,0.37977,0.3998,0.43011,0.46481,0.5,0.54497,0.59531,0.63001,0.65005,0.65494,0.64027,0.62023,0.58504,0.53519,0.48485,0.43988,0.3998,0.35973,0.32991,0.31476,0.30499,0.29472,0.28495,0.28495,0.28495,0.28495,0.28006,0.28006,0.26979,0.28006,0.29472,0.3001,0.30499,0.31965,0.32991,0.34995,0.38514,0.41984,0.42473,0.41496,0.47507,0.47019,0.45992,0.435,0.39492,0.35973,0.33969,0.30499,0.28983,0.28495,0.28495,0.28495,0.28006,0.26979,0.21457,0.17498,0.3001,0.73509,1.2405,1.2757,0.80499,0.57527,0.47019,0.36999,0.28495,0.24976,0.23998,0.24487,0.24976,0.26002,0.26979,0.28006,0.28495,0.30499,0.32502,0.33969,0.35484,0.37488,0.3998,0.43011,0.45503,0.49022,0.54008,0.57527,0.62512,0.66031,0.68035,0.68524,0.67498,0.64516,0.6002,0.56012,0.50489,0.46481,0.41984,0.38514,0.35484,0.3348,0.32502,0.31476,0.31476,0.31476,0.30499,0.30499,0.30499,0.30499,0.3001,0.30987,0.32502,0.32991,0.34506,0.34995,0.36999,0.3998,0.435,0.44477,0.43988,0.48485,0.50978,0.49511,0.47019,0.43011,0.39492,0.36999,0.34995,0.31965,0.3001,0.30499,0.3001,0.29472,0.29472,0.26491,0.18475,0.23998,0.52493,1.0806,1.2757,0.96041,0.6349,0.49022,0.41007,0.32991,0.27468,0.26002,0.25464,0.26002,0.27468,0.28495,0.29472,0.30987,0.31965,0.3348,0.35484,0.37488,0.38514,0.40469,0.435,0.46481,0.49511,0.54008,0.58016,0.62512,0.67009,0.69501,0.71017,0.69013,0.67009,0.64027,0.59531,0.54497,0.50489,0.45992,0.41496,0.38514,0.35973,0.34995,0.32991,0.32991,0.32502,0.31476,0.30499,0.30499,0.30499,0.30499,0.31476,0.30987,0.32502,0.32991,0.33969,0.34995,0.38514,0.41984,0.43011,0.42473,0.47019,0.49511,0.47996,0.45503,0.41984,0.37977,0.35484,0.32991,0.30499,0.28983,0.28983,0.28983,0.28495,0.28006,0.24487,0.16471,0.2346,0.56012,1.1554,1.3255,0.93011,0.59531,0.45992,0.36999,0.28983,0.22483,0.21457,0.21457,0.22483,0.2346,0.24487,0.25464,0.26491,0.28006,0.28983,0.30499,0.31965,0.3348,0.35973,0.38514,0.41007,0.43988,0.49022,0.53519,0.58504,0.62512,0.65005,0.66031,0.65494,0.63001,0.58993,0.54008,0.49022,0.44477,0.3998,0.3651,0.32991,0.30499,0.28983,0.28006,0.28006,0.27468,0.27468,0.26979,0.26979,0.26491,0.26979,0.27468,0.28006,0.28495,0.28983,0.30499,0.32502,0.35484,0.39492,0.3998,0.39492,0.45015,0.46481,0.45503,0.41984,0.37977,0.34506,0.31476,0.28495,0.26491,0.25464,0.26002,0.24976,0.25464,0.24976,0.1999,0.13978,0.23998,0.64027,1.1955,1.3104,0.84018,0.54008,0.43011,0.34995,0.26979,0.21457,0.20968,0.21994,0.22972,0.2346,0.23998,0.25464,0.26002,0.27468,0.28983,0.30499,0.32502,0.3348,0.35484,0.37977,0.40469,0.43988,0.49022,0.52981,0.58016,0.62023,0.6349,0.64516,0.6349,0.60508,0.565,0.51515,0.46481,0.41984,0.37977,0.34506,0.31476,0.29472,0.28006,0.27468,0.26979,0.26491,0.26002,0.26491,0.26002,0.26002,0.26002,0.26002,0.26491,0.27468,0.28006,0.28983,0.31476,0.35484,0.39492,0.3998,0.39492,0.45992,0.47996,0.46481,0.43011,0.39003,0.35484,0.32991,0.30499,0.28006,0.26979,0.27468,0.27468,0.28006,0.26491,0.21994,0.16471,0.24487,0.61486,1.1706,1.3104,0.88025,0.58016,0.47019,0.39003,0.3001,0.23998,0.22972,0.2346,0.24487,0.26002,0.26491,0.28006,0.28983,0.30499,0.31476,0.32991,0.34995,0.37488,0.39492,0.41496,0.43988,0.47507,0.52004,0.56989,0.60997,0.65005,0.67498,0.68035,0.6652,0.64027,0.60997,0.565,0.50489,0.46481,0.41984,0.38514,0.35973,0.32991,0.32502,0.30987,0.30499,0.30499,0.30499,0.3001,0.29472,0.28983,0.29472,0.30499,0.30987,0.32502,0.3348,0.34506,0.34995,0.36999,0.40469,0.43988,0.44477,0.43988,0.49022,0.5,0.49511,0.46481,0.41984,0.37977,0.35973,0.32502,0.30987,0.30499,0.28983,0.28983,0.3001,0.28983,0.24487,0.17986,0.27468,0.68035,1.2356,1.3304,0.86022,0.58504,0.47996,0.38514,0.3001,0.25464,0.25464,0.26002,0.26002,0.26491,0.28006,0.28495,0.30499,0.31476,0.32991,0.33969,0.35973,0.37977,0.3998,0.42473,0.45015,0.49022,0.52981,0.57527,0.63001,0.66031,0.68035,0.68524,0.6652,0.64516,0.60997,0.56012,0.50978,0.47019,0.43011,0.39003,0.35973,0.34506,0.32991,0.31476,0.30499,0.30499,0.3001,0.3001,0.29472,0.29472,0.3001,0.29472,0.30499,0.31476,0.32502,0.32991,0.3348,0.35484,0.38514,0.41984,0.42473,0.41496,0.47019,0.47996,0.46481,0.43988,0.39492,0.3651,0.34995,0.32502,0.3001,0.28495,0.28495,0.28495,0.28006,0.26979,0.21994,0.16471,0.25464,0.65494,1.2155,1.3157,0.84506,0.56012,0.43988,0.35484,0.26979,0.2346,0.22483,0.2346,0.23998,0.24976,0.25464,0.26002,0.27468,0.28495,0.30499,0.31476,0.32991,0.34995,0.3651,0.39492,0.41984,0.45503,0.5,0.54497,0.58993,0.63001,0.65494,0.66031,0.64516,0.61486,0.57527,0.52493,0.47996,0.43011,0.39003,0.35484,0.32502,0.3001,0.28495,0.28006,0.27468,0.27468,0.26491,0.26002,0.26002,0.26002,0.26491,0.26979,0.28006,0.28006,0.28495,0.3001,0.30987,0.32991,0.35973,0.3998,0.3998,0.39492,0.45503,0.45992,0.43988,0.41007,0.36999,0.33969,0.31965,0.28495,0.26002,0.26002,0.25464,0.26002,0.25464,0.24487,0.17986,0.1349,0.26979,0.69501,1.2253,1.2757,0.79521,0.51515,0.3998,0.31965,0.24487,0.1999,0.19501,0.20479,0.20968,0.21457,0.22972,0.23998,0.24976,0.26002,0.28006,0.28983,0.30987,0.32991,0.34995,0.37488,0.40469,0.43988,0.47996,0.52981,0.57527,0.60997,0.63001,0.6349,0.62023,0.59531,0.55523,0.50978,0.45992,0.41984,0.37488,0.33969,0.30987,0.29472,0.28006,0.28006,0.26979,0.26491,0.26002,0.26002,0.26002,0.26002,0.26491,0.26491,0.26979,0.28006,0.28006,0.29472,0.30987,0.3348,0.37977,0.41007,0.41496,0.40469,0.47019,0.47019,0.45503,0.41984,0.37977,0.34995,0.32991,0.3001,0.28006,0.28006,0.28006,0.28006,0.26979,0.26002,0.19501,0.16471,0.32991,0.80499,1.2605,1.1256,0.75513,0.53519,0.43011,0.34506,0.26002,0.22972,0.22483,0.2346,0.23998,0.24976,0.25464,0.26491,0.28006,0.28983,0.30499,0.32502,0.34506,0.35973,0.37977,0.3998,0.43011,0.47019,0.50489,0.54985,0.6002,0.63001,0.65005,0.65005,0.63001,0.6002,0.56012,0.51515,0.47507,0.43011,0.39492,0.35484,0.3348,0.30987,0.30499,0.3001,0.28983,0.28983,0.28983,0.28006,0.28495,0.28006,0.28495,0.29472,0.30499,0.30987,0.31476,0.32502,0.33969,0.37488,0.41496,0.43988,0.43011,0.46481,0.49022,0.47996,0.45992,0.42473,0.38514,0.36999,0.3348,0.30499,0.28983,0.28983,0.28983,0.29472,0.28495,0.26491,0.18964,0.17986,0.45992,1.0005,1.2708,1.0005,0.6652,0.52493,0.43011,0.32991,0.26002,0.23998,0.24487,0.24976,0.26002,0.26002,0.27468,0.28006,0.28983,0.30499,0.32502,0.3348,0.35484,0.37977,0.41007,0.43011,0.45992,0.5,0.54497,0.59531,0.6349,0.6652,0.67498,0.66031,0.65005,0.62023,0.58016,0.53519,0.49022,0.43988,0.3998,0.36999,0.34995,0.3348,0.32502,0.32502,0.31965,0.31965,0.30987,0.30499,0.30987,0.31476,0.30987,0.32502,0.32991,0.3348,0.34995,0.35973,0.37977,0.41007,0.43988,0.44477,0.44477,0.49511,0.50978,0.49511,0.46481,0.42473,0.39003,0.3651,0.33969,0.32502,0.30987,0.30499,0.30987,0.30987,0.30499,0.26002,0.18964,0.26002,0.61486,1.1457,1.2957,0.88025,0.60508,0.47996,0.3998,0.31476,0.26002,0.26002,0.26002,0.26979,0.27468,0.28006,0.28983,0.30499,0.31476,0.32991,0.34506,0.3651,0.38514,0.3998,0.41984,0.44477,0.48485,0.52493,0.56989,0.61486,0.65005,0.68035,0.69013,0.67498,0.64516,0.60508,0.57527,0.52493,0.47507,0.435,0.3998,0.36999,0.34506,0.32991,0.32502,0.30987,0.30499,0.30499,0.30499,0.30499,0.30499,0.30499,0.31476,0.32502,0.32991,0.3348,0.34506,0.34506,0.35973,0.37488,0.41007,0.435,0.42473,0.44477,0.49022,0.47507,0.47019,0.435,0.39492,0.35973,0.33969,0.30987,0.28983,0.28495,0.28495,0.28495,0.28495,0.26979,0.18964,0.16471,0.3651,0.87048,1.3006,1.1007,0.73021,0.51515,0.41007,0.3348,0.26002,0.2346,0.2346,0.23998,0.24976,0.26002,0.26979,0.28006,0.28006,0.3001,0.30987,0.32991,0.34506,0.3651,0.39492,0.41496,0.43988,0.48485,0.52004,0.56989,0.62023,0.65005,0.6652,0.67009,0.65005,0.62023,0.58016,0.52981,0.47996,0.435,0.39492,0.3651,0.3348,0.31476,0.30499,0.29472,0.29472,0.28983,0.28495,0.28006,0.28006,0.28006,0.28006,0.28006,0.28983,0.3001,0.30987,0.31476,0.32991,0.33969,0.37977,0.41496,0.42473,0.41007,0.45992,0.47507,0.45992,0.435,0.39492,0.3651,0.3348,0.30987,0.28006,0.27468,0.26979,0.27468,0.26979,0.27468,0.21994,0.16471,0.24487,0.60997,1.1657,1.2957,0.88025,0.57527,0.45015,0.3651,0.28495,0.22972,0.22483,0.22483,0.2346,0.2346,0.24487,0.25464,0.26491,0.28006,0.3001,0.31476,0.32991,0.33969,0.36999,0.39003,0.41984,0.45015,0.49022,0.53519,0.58993,0.63001,0.65005,0.65494,0.65005,0.62512,0.58016,0.54008,0.49022,0.44477,0.40469,0.36999,0.3348,0.31476,0.3001,0.29472,0.28495,0.28495,0.28006,0.28006,0.28006,0.28006,0.28006,0.28006,0.28495,0.28983,0.3001,0.30499,0.31476,0.32991,0.34506,0.39003,0.41984,0.42473,0.41984,0.47996,0.48485,0.45992,0.43011,0.39003,0.35484,0.3348,0.3001,0.28006,0.27468,0.27468,0.28006,0.27468,0.26491,0.20968,0.16471,0.28495,0.70528,1.2204,1.2908,0.8001,0.53519,0.435,0.35484,0.26979,0.22972,0.22972,0.2346,0.2346,0.24487,0.26002,0.26002,0.26979,0.28006,0.30499,0.31476,0.32991,0.34995,0.37488,0.3998,0.42473,0.45503,0.49511,0.54008,0.58993,0.62512,0.64516,0.65494,0.64027,0.60997,0.56989,0.52493,0.47507,0.435,0.39492,0.3651,0.3348,0.31476,0.30499,0.3001,0.29472,0.28983,0.28495,0.28983,0.28983,0.29472,0.28983,0.3001,0.29472,0.30499,0.31476,0.32502,0.3348,0.34506,0.34995,0.37977,0.42473,0.44477,0.43988,0.47507,0.50489,0.49511,0.47507,0.43988,0.39492,0.37488,0.35973,0.32991,0.30987,0.30987,0.31476,0.31476,0.31476,0.29472,0.22972,0.21457,0.45503,0.96041,1.3456,1.0904,0.73998,0.56012,0.47996,0.38514,0.30499,0.28495,0.28495,0.29472,0.3001,0.30499,0.30987,0.31965,0.32991,0.33969,0.34995,0.3651,0.37488,0.39492,0.41496,0.435,0.46481,0.5,0.53519,0.57527,0.62023,0.65005,0.66031,0.65494,0.6349,0.60508,0.56989,0.51515,0.47019,0.42473,0.37977,0.34506,0.31965,0.30499,0.28983,0.28006,0.28006,0.26491,0.26491,0.26979,0.26491,0.26979,0.27468,0.28006,0.28983,0.3001,0.30499,0.31476,0.32991,0.3348,0.34506,0.34506,0.35973,0.39492,0.41496,0.41007,0.435,0.47507,0.46481,0.43988,0.40469,0.3651,0.3348,0.31965,0.28495,0.26979,0.26491,0.26002,0.26002,0.25464,0.2346,0.15494,0.13978,0.38514,0.91544,1.2654,1.0103,0.64516,0.45015,0.36999,0.30499,0.22972,0.20968,0.20968,0.21994,0.22972,0.23998,0.24487,0.26002,0.26979,0.28495,0.30499,0.31965,0.34506,0.3651,0.37977,0.41007,0.43988,0.47996,0.52004,0.56012,0.60508,0.64027,0.65494,0.65494,0.64027,0.60508,0.565,0.52004,0.47019,0.42473,0.37977,0.34506,0.32502,0.30499,0.28983,0.28006,0.28006,0.27468,0.26491,0.26979,0.26491,0.26979,0.26979,0.27468,0.28006,0.28983,0.3001,0.30499,0.31476,0.32502,0.32991,0.34506,0.37488,0.41007,0.41984,0.41496,0.45992,0.47996,0.47019,0.43988,0.3998,0.36999,0.34995,0.31965,0.29472,0.28495,0.28495,0.28495,0.28006,0.28006,0.24487,0.17986,0.25464,0.58504,1.1305,1.2757,0.89541,0.58504,0.46481,0.38514,0.28983,0.2346,0.22972,0.2346,0.2346,0.2346,0.24487,0.25464,0.26491,0.27468,0.28983,0.30499,0.32502,0.34506,0.3651,0.37977,0.40469,0.43988,0.47996,0.52004,0.565,0.60997,0.6349,0.64027,0.6349,0.60997,0.58016,0.53519,0.49022,0.45015,0.41496,0.37977,0.34995,0.3348,0.32502,0.30987,0.30499,0.30499,0.30499,0.29472,0.3001,0.3001,0.30499,0.31476,0.31476,0.31965,0.32502,0.32991,0.33969,0.34995,0.35484,0.37488,0.41007,0.435,0.43011,0.43988,0.49022,0.49511,0.47996,0.43988,0.39492,0.3651,0.33969,0.30987,0.3001,0.29472,0.28983,0.28983,0.28983,0.28495,0.2346,0.19501,0.31476,0.73509,1.2253,1.2708,0.8001,0.565,0.47019,0.39492,0.3001,0.26002,0.26002,0.26002,0.26491,0.27468,0.28006,0.29472,0.30499,0.31476,0.32991,0.33969,0.35484,0.37977,0.3998,0.42473,0.45015,0.49022,0.52981,0.56989,0.61486,0.65494,0.67009,0.67498,0.67009,0.64027,0.60508,0.55523,0.5,0.45992,0.43011,0.39492,0.37488,0.35484,0.32991,0.31965,0.31476,0.30987,0.30987,0.30499,0.30987,0.30987,0.31476,0.31965,0.3348,0.34995,0.34995,0.35973,0.3651,0.37488,0.37977,0.40469,0.43011,0.43988,0.435,0.48485,0.5,0.49022,0.45992,0.43011,0.39492,0.37488,0.34506,0.31476,0.30987,0.31476,0.31965,0.30987,0.30499,0.26979,0.19501,0.26002,0.565,1.0953,1.2908,0.94037,0.63001,0.48485,0.41007,0.32991,0.27468,0.26002,0.26979,0.27468,0.28495,0.28495,0.29472,0.30987,0.32991,0.32991,0.34506,0.36999,0.38514,0.3998,0.43011,0.45503,0.49022,0.52493,0.57527,0.62512,0.65494,0.68035,0.69501,0.68524,0.67009,0.6349,0.58993,0.54497,0.49511,0.45503,0.41984,0.39003,0.35484,0.3348,0.3348,0.32502,0.30987,0.31476,0.31476,0.31476,0.31965,0.31965,0.32991,0.3348,0.3348,0.33969,0.34995,0.35484,0.3651,0.37488,0.3998,0.42473,0.42473,0.43988,0.48485,0.47996,0.46481,0.435,0.39492,0.3651,0.33969,0.31476,0.28495,0.28006,0.28006,0.28006,0.27468,0.26002,0.18475,0.15982,0.3348,0.81036,1.2908,1.1202,0.75024,0.50978,0.39492,0.31965,0.24487,0.20968,0.21457,0.21994,0.22972,0.2346,0.23998,0.25464,0.26491,0.28006,0.28983,0.30499,0.32502,0.34506,0.36999,0.38514,0.41984,0.45992,0.5,0.54497,0.59531,0.6349,0.65494,0.65494,0.64027,0.60997,0.56989,0.52004,0.47019,0.42473,0.37977,0.34506,0.31476,0.29472,0.28006,0.26979,0.26979,0.26002,0.26002,0.26491,0.26002,0.26002,0.26491,0.26979,0.28006,0.28006,0.28983,0.3001,0.30987,0.33969,0.38514,0.3998,0.39492,0.43011,0.45992,0.45015,0.43011,0.38514,0.34995,0.32502,0.29472,0.26491,0.25464,0.24976,0.25464,0.24487,0.24976,0.22483,0.14467,0.17986,0.45015,1.0103,1.3006,0.9956,0.61486,0.44477,0.35484,0.28495,0.21457,0.1999,0.20479,0.21457,0.21994,0.2346,0.23998,0.26002,0.26002,0.27468,0.28983,0.30499,0.32991,0.34995,0.36999,0.39492,0.43011,0.47507,0.52004,0.56989,0.60997,0.64516,0.65494,0.65005,0.63001,0.58993,0.54497,0.5,0.45015,0.39492,0.3651,0.32991,0.30499,0.28983,0.28006,0.27468,0.27468,0.26979,0.26979,0.26491,0.26491,0.26979,0.26491,0.27468,0.28006,0.28495,0.29472,0.30499,0.31965,0.34506,0.39003,0.41007,0.40469,0.44477,0.47996,0.47019,0.45015,0.41984,0.37488,0.34506,0.31965,0.28495,0.28006,0.27468,0.27468,0.26979,0.26491,0.24976,0.17986,0.16471,0.41984,0.94037,1.2957,1.0503,0.6652,0.48485,0.3998,0.31476,0.23998,0.21994,0.21994,0.22972,0.2346,0.24487,0.26002,0.26491,0.28006,0.29472,0.30499,0.32502,0.33969,0.35973,0.37977,0.41007,0.43988,0.47019,0.52004,0.56989,0.60997,0.64027,0.65494,0.65494,0.6349,0.60508,0.55523,0.50978,0.46481,0.41984,0.37977,0.34506,0.32502,0.30987,0.30499,0.29472,0.28495,0.28006,0.28006,0.28006,0.28006,0.28006,0.28006,0.28495,0.28983,0.30499,0.30499,0.30987,0.32502,0.32991,0.35484,0.40469,0.42473,0.41984,0.44477,0.49022,0.48485,0.46481,0.43011,0.38514,0.35484,0.32991,0.30499,0.28495,0.28006,0.28006,0.28006,0.27468,0.26491,0.1999,0.1696,0.34995,0.8304,1.2556,1.0904,0.71994,0.50978,0.435,0.34995,0.26491,0.2346,0.2346,0.23998,0.25464,0.26002,0.26491,0.26979,0.28006,0.29472,0.30987,0.32991,0.34506,0.3651,0.39003,0.41007,0.43988,0.47019,0.50978,0.55523,0.6002,0.63001,0.65005,0.65494,0.6349,0.60508,0.565,0.52004,0.47019,0.435,0.39492,0.3651,0.3348,0.31965,0.30499,0.30499,0.3001,0.30499,0.28983,0.29472,0.28495,0.28495,0.29472,0.30499,0.30499,0.31965,0.32991,0.32991,0.33969,0.34995,0.34995,0.34995,0.35973,0.38514,0.41984,0.43011,0.42473,0.45992,0.48485,0.47507,0.45503,0.41496,0.3651,0.34506,0.31965,0.28983,0.28983,0.28006,0.28983,0.28983,0.28495,0.25464,0.18964,0.23998,0.50489,1.0503,1.2605,0.95015,0.6349,0.50489,0.43011,0.3348,0.26002,0.24976,0.25464,0.26002,0.26979,0.28006,0.28983,0.3001,0.30499,0.31476,0.32991,0.34995,0.36999,0.39003,0.41496,0.43988,0.46481,0.5,0.54497,0.58993,0.63001,0.66031,0.67009,0.65494,0.6349,0.60997,0.57527,0.52493,0.48485,0.43988,0.40469,0.37488,0.34506,0.32991,0.31965,0.30987,0.30499,0.3001,0.30499,0.30499,0.30499,0.31476,0.31965,0.32991,0.33969,0.3348,0.34995,0.35484,0.3651,0.36999,0.3651,0.3651,0.35973,0.35973,0.3651,0.3998,0.42473,0.42473,0.41984,0.49022,0.49511,0.47019,0.43988,0.39492,0.36999,0.34506,0.31476,0.30499,0.30499,0.3001,0.28983,0.29472,0.28495,0.21994,0.1999,0.39003,0.84018,1.3006,1.1153,0.75513,0.52004,0.43011,0.35484,0.27468,0.24487,0.24976,0.25464,0.26002,0.27468,0.28495,0.28495,0.29472,0.30987,0.32991,0.34506,0.35973,0.37488,0.39492,0.41496,0.44477,0.48485,0.52004,0.56989,0.61486,0.65005,0.67498,0.68035,0.66031,0.64027,0.60997,0.565,0.51515,0.47507,0.435,0.3998,0.36999,0.34506,0.32991,0.31965,0.30987,0.30499,0.30499,0.30499,0.30987,0.30987,0.31965,0.32991,0.3348,0.34506,0.34995,0.35484,0.35973,0.35973,0.35973,0.35973,0.35484,0.34995,0.3651,0.39492,0.41496,0.41007,0.43011,0.47507,0.47019,0.45503,0.42473,0.38514,0.35484,0.3348,0.30987,0.28983,0.28495,0.28495,0.28006,0.28006,0.26002,0.17986,0.17498,0.43011,0.9653,1.3358,1.0606,0.67498,0.48485,0.39492,0.31476,0.24487,0.22483,0.22483,0.22972,0.2346,0.24487,0.26002,0.26491,0.28006,0.28983,0.30499,0.31965,0.3348,0.35484,0.37977,0.40469,0.43011,0.46481,0.50978,0.565,0.60997,0.64516,0.6652,0.67498,0.65494,0.62023,0.58016,0.52981,0.48485,0.435,0.39003,0.35484,0.32502,0.30499,0.29472,0.28495,0.28006,0.28006,0.27468,0.27468,0.26979,0.28006,0.27468,0.27468,0.28006,0.28006,0.29472,0.30499,0.30499,0.31476,0.32502,0.32991,0.32991,0.34995,0.39003,0.40469,0.3998,0.41984,0.46481,0.45503,0.435,0.39492,0.35484,0.32502,0.30499,0.28006,0.26491,0.26002,0.26002,0.26002,0.26002,0.22483,0.15982,0.20479,0.47996,1.0303,1.3055,1.0005,0.62023,0.45992,0.36999,0.3001,0.22972,0.21994,0.21994,0.22483,0.2346,0.2346,0.24487,0.26002,0.26979,0.28495,0.30499,0.31965,0.3348,0.35484,0.37488,0.3998,0.43011,0.46481,0.50978,0.565,0.60997,0.64516,0.66031,0.65494,0.64027,0.60997,0.56989,0.52004,0.47019,0.41984,0.37977,0.33969,0.31476,0.3001,0.28983,0.28006,0.28006,0.27468,0.26979,0.26491,0.26491,0.26491,0.26491,0.26491,0.26979,0.28006,0.28495,0.3001,0.30499,0.30987,0.31965,0.32991,0.34506,0.38514,0.41496,0.41984,0.40469,0.46481,0.46481,0.45015,0.41984,0.37488,0.34506,0.31476,0.28495,0.27468,0.26979,0.26979,0.26491,0.26002,0.25464,0.18475,0.15982,0.32991,0.8001,1.2708,1.1354,0.75024,0.52004,0.42473,0.34995,0.26002,0.22972,0.22972,0.2346,0.2346,0.24487,0.25464,0.26491,0.28006,0.29472,0.30499,0.31965,0.3348,0.34995,0.36999,0.3998,0.42473,0.45992,0.50489,0.54985,0.59531,0.6349,0.65494,0.6652,0.65005,0.62023,0.58016,0.52981,0.48485,0.435,0.39492,0.3651,0.32991,0.31476,0.30499,0.3001,0.28983,0.28495,0.28495,0.28006,0.28006,0.28006,0.28006,0.28006,0.28495,0.29472,0.3001,0.30987,0.31476,0.32991,0.3348,0.3348,0.34506,0.3651,0.38514,0.41984,0.435,0.43011,0.47019,0.49022,0.47507,0.44477,0.40469,0.36999,0.34995,0.32502,0.30499,0.28983,0.28006,0.28983,0.29472,0.28006,0.24487,0.18475,0.25464,0.6002,1.1256,1.2805,0.90518,0.61486,0.5,0.41007,0.31476,0.24976,0.23998,0.23998,0.24976,0.26002,0.26491,0.28006,0.28983,0.30499,0.31476,0.32991,0.34506,0.37488,0.3998,0.41496,0.43988,0.47019,0.50978,0.54985,0.6002,0.64516,0.6652,0.68035,0.68035,0.65494,0.62512,0.57527,0.52981,0.49022,0.43988,0.39492,0.36999,0.33969,0.3348,0.32502,0.30987,0.30499,0.3001,0.30499,0.3001,0.3001,0.30499,0.30987,0.30987,0.32502,0.32991,0.33969,0.34995,0.3651,0.36999,0.36999,0.3651,0.3651,0.3651,0.36999,0.38514,0.41496,0.42473,0.41984,0.45992,0.48485,0.49022,0.46481,0.41496,0.37977,0.34995,0.33969,0.31476,0.30499,0.3001,0.3001,0.3001,0.29472,0.24976,0.19501,0.28006,0.62023,1.1554,1.3157,0.91544,0.60997,0.47996,0.39003,0.31476,0.26491,0.26002,0.26002,0.26002,0.27468,0.28006,0.29472,0.30499,0.31965,0.32991,0.33969,0.3651,0.37977,0.3998,0.42473,0.45015,0.47507,0.50978,0.56012,0.60997,0.65494,0.68035,0.70528,0.69501,0.67498,0.64516,0.60508,0.55523,0.50489,0.46481,0.43011,0.39492,0.36999,0.34506,0.32991,0.31965,0.31476,0.30499,0.30499,0.30987,0.30987,0.30987,0.31965,0.32991,0.33969,0.34995,0.34995,0.34995,0.35484,0.35973,0.3651,0.35484,0.35484,0.35973,0.35484,0.3651,0.39492,0.41496,0.41007,0.435,0.47019,0.45992,0.44477,0.41007,0.36999,0.34995,0.32991,0.3001,0.28495,0.28495,0.28495,0.28006,0.27468,0.24487,0.17498,0.22483,0.52493,1.0753,1.3006,0.9653,0.62023,0.45992,0.37488,0.3001,0.23998,0.22483,0.22483,0.2346,0.2346,0.24487,0.26002,0.26491,0.28006,0.28983,0.30499,0.32502,0.34506,0.35973,0.37977,0.40469,0.435,0.47996,0.52493,0.57527,0.62023,0.66031,0.68035,0.68035,0.67009,0.6349,0.58993,0.54497,0.48485,0.43988,0.39492,0.35973,0.32991,0.30987,0.3001,0.29472,0.28983,0.28495,0.28006,0.28006,0.28006,0.27468,0.28006,0.28006,0.28983,0.29472,0.30499,0.30987,0.31965,0.32502,0.32991,0.32991,0.3348,0.35484,0.39492,0.41496,0.41007,0.43011,0.46481,0.46481,0.44477,0.41496,0.36999,0.33969,0.31965,0.28983,0.28006,0.27468,0.27468,0.27468,0.27468,0.24487,0.1696,0.20479,0.47019,0.99022,1.3104,1.0303,0.6652,0.47996,0.39492,0.31965,0.24487,0.2346,0.2346,0.2346,0.23998,0.24976,0.26002,0.26979,0.28495,0.29472,0.30987,0.32502,0.34506,0.3651,0.38514,0.40469,0.43988,0.47019,0.52004,0.56989,0.61486,0.65005,0.67498,0.68035,0.6652,0.63001,0.58993,0.53519,0.47996,0.43011,0.38514,0.34995,0.32991,0.30987,0.3001,0.29472,0.28495,0.28495,0.28006,0.27468,0.27468,0.26979,0.26491,0.27468,0.27468,0.28495,0.28495,0.3001,0.30499,0.31476,0.31965,0.32502,0.33969,0.3651,0.3998,0.41984,0.41007,0.44477,0.47019,0.46481,0.43988,0.3998,0.35973,0.32991,0.30987,0.28006,0.27468,0.26979,0.27468,0.28006,0.27468,0.2346,0.16471,0.21457,0.5,1.0406,1.2654,0.98045,0.63001,0.48485,0.3998,0.30987,0.24487,0.2346,0.22972,0.2346,0.23998,0.25464,0.26002,0.26979,0.28006,0.29472,0.30987,0.32991,0.34506,0.3651,0.38514,0.41496,0.43988,0.47507,0.52493,0.56989,0.61486,0.65005,0.6652,0.6652,0.65005,0.61486,0.56989,0.52004,0.47507,0.42473,0.38514,0.34506,0.32502,0.30499,0.29472,0.28006,0.28495,0.28495,0.28006,0.27468,0.28006,0.27468,0.27468,0.28006,0.28495,0.3001,0.30499,0.30987,0.31965,0.32991,0.3348,0.33969,0.33969,0.34995,0.37488,0.41007,0.43011,0.41496,0.43988,0.48485,0.47996,0.45503,0.41496,0.36999,0.34995,0.32502,0.3001,0.29472,0.28983,0.28495,0.28495,0.28495,0.26491,0.18964,0.17986,0.45992,0.98534,1.3055,1.0254,0.68524,0.52493,0.435,0.33969,0.26491,0.24976,0.24487,0.24976,0.26002,0.27468,0.28006,0.28495,0.3001,0.31476,0.32502,0.33969,0.36999,0.39003,0.3998,0.41984,0.45015,0.49022,0.52981,0.58504,0.63001,0.6652,0.68524,0.68035,0.67009,0.64516,0.60508,0.55523,0.50978,0.45992,0.41984,0.38514,0.35484,0.33969,0.32991,0.31476,0.30987,0.30499,0.3001,0.29472,0.28983,0.29472,0.3001,0.30499,0.31965,0.32991,0.32991,0.33969,0.34995,0.35484,0.35973,0.35484,0.34995,0.35973,0.3651,0.37977,0.41496,0.43011,0.41984,0.45503,0.49511,0.49022,0.46481,0.43011,0.39003,0.3651,0.34506,0.31476,0.30499,0.30499,0.30499,0.30499,0.30499,0.27468,0.20479,0.24976,0.53519,1.0855,1.3304,1.0005,0.6652,0.50489,0.41007,0.3348,0.26979,0.26002,0.26002,0.26002,0.27468,0.28006,0.28983,0.30499,0.31476,0.32991,0.33969,0.35973,0.37488,0.3998,0.41496,0.43988,0.47019,0.50978,0.54985,0.6002,0.65005,0.68035,0.70528,0.70528,0.69013,0.6652,0.62512,0.57527,0.52004,0.47507,0.42473,0.39003,0.35973,0.33969,0.31965,0.30987,0.30499,0.3001,0.29472,0.3001,0.29472,0.3001,0.30499,0.30499,0.31476,0.32502,0.32991,0.32991,0.3348,0.33969,0.34506,0.33969,0.3348,0.34506,0.34995,0.38514,0.3998,0.39003,0.42473,0.45503,0.45015,0.435,0.39492,0.3651,0.3348,0.31476,0.28983,0.28006,0.27468,0.27468,0.27468,0.26491,0.22483,0.15982,0.22483,0.53519,1.0904,1.2908,0.95552,0.6002,0.44477,0.3651,0.28983,0.22972,0.21994,0.22483,0.2346,0.2346,0.23998,0.25464,0.26491,0.27468,0.28495,0.3001,0.31965,0.3348,0.35484,0.37488,0.3998,0.435,0.47507,0.52004,0.56989,0.62023,0.65494,0.68035,0.68035,0.66031,0.63001,0.58016,0.52981,0.47996,0.43011,0.39003,0.34995,0.32502,0.30499,0.29472,0.28495,0.28006,0.28006,0.27468,0.26979,0.27468,0.26979,0.26979,0.27468,0.27468,0.28006,0.28495,0.28983,0.3001,0.30499,0.30987,0.31476,0.32502,0.34506,0.38514,0.40469,0.39492,0.43011,0.45992,0.45015,0.43011,0.39492,0.34995,0.32991,0.30987,0.28006,0.26979,0.26002,0.26002,0.26491,0.26002,0.22972,0.15982,0.21994,0.51515,1.0806,1.2805,0.97019,0.61486,0.45992,0.37977,0.28983,0.22972,0.21457,0.21994,0.22483,0.2346,0.23998,0.25464,0.26491,0.28006,0.28495,0.30499,0.31965,0.34506,0.3651,0.38514,0.41007,0.43988,0.47507,0.52004,0.56989,0.62023,0.66031,0.68035,0.68035,0.65494,0.62512,0.57527,0.52981,0.47507,0.43011,0.39003,0.34995,0.32502,0.30499,0.3001,0.28983,0.28495,0.28006,0.28006,0.28006,0.28006,0.27468,0.27468,0.28006,0.28006,0.28495,0.29472,0.30499,0.30987,0.31476,0.32502,0.32991,0.34995,0.37977,0.41496,0.42473,0.41007,0.46481,0.47019,0.45503,0.42473,0.38514,0.35484,0.3348,0.30499,0.28006,0.28006,0.27468,0.27468,0.28006,0.26002,0.20479,0.16471,0.29472,0.71994,1.2454,1.2957,0.83529,0.56989,0.47019,0.37488,0.27468,0.2346,0.23998,0.24487,0.24976,0.25464,0.26002,0.26979,0.28006,0.3001,0.31476,0.32502,0.33969,0.3651,0.37977,0.3998,0.43011,0.46481,0.50489,0.54497,0.59531,0.64027,0.67009,0.68035,0.67498,0.65005,0.60997,0.565,0.52004,0.47507,0.43011,0.39492,0.35973,0.33969,0.32502,0.30987,0.30499,0.30499,0.30499,0.30499,0.3001,0.30499,0.30499,0.30499,0.30499,0.30499,0.31965,0.32991,0.32991,0.33969,0.34995,0.3651,0.37488,0.41007,0.435,0.44477,0.43988,0.5,0.50489,0.49022,0.45503,0.41007,0.37977,0.35973,0.32991,0.30499,0.30499,0.30499,0.30499,0.30499,0.29472,0.22483,0.19501,0.35973,0.79521,1.2854,1.2908,0.8001,0.56012,0.45992,0.37977,0.29472,0.26002,0.26002,0.26002,0.27468,0.28006,0.28006,0.29472,0.30987,0.32502,0.3348,0.34995,0.3651,0.39003,0.41007,0.43011,0.45992,0.49022,0.53519,0.58504,0.6349,0.67498,0.70039,0.70528,0.69501,0.67498,0.6349,0.58504,0.53519,0.49511,0.44477,0.40469,0.37488,0.35484,0.32991,0.31476,0.30499,0.30499,0.30499,0.3001,0.3001,0.3001,0.30499,0.30499,0.31476,0.32502,0.3348,0.33969,0.34995,0.34995,0.35973,0.37977,0.41496,0.42473,0.41984,0.45015,0.49022,0.47996,0.46481,0.43011,0.38514,0.35973,0.3348,0.30499,0.28495,0.28006,0.28006,0.28006,0.28006,0.26002,0.17986,0.16471,0.41984,0.95015,1.3255,1.0606,0.68524,0.49022,0.39492,0.31965,0.24976,0.2346,0.2346,0.2346,0.23998,0.25464,0.26491,0.27468,0.28006,0.29472,0.30987,0.32991,0.34995,0.3651,0.39003,0.41496,0.44477,0.47996,0.52493,0.57527,0.63001,0.67009,0.68035,0.68524,0.6652,0.64027,0.58993,0.54497,0.49022,0.44477,0.3998,0.3651,0.3348,0.30987,0.30499,0.28983,0.28495,0.28006,0.28006,0.28006,0.27468,0.28006,0.27468,0.28006,0.28006,0.28495,0.29472,0.3001,0.30499,0.31476,0.3348,0.36999,0.3998,0.41007,0.40469,0.46481,0.47019,0.45015,0.41984,0.38514,0.34995,0.32991,0.3001,0.28006,0.27468,0.27468,0.26979,0.26491,0.26002,0.19501,0.15494,0.28495,0.73021,1.2654,1.3255,0.81525,0.53519,0.41496,0.34506,0.26002,0.21457,0.21457,0.21994,0.22483,0.2346,0.23998,0.25464,0.26491,0.28006,0.29472,0.30987,0.32991,0.34506,0.3651,0.39003,0.41984,0.45503,0.5,0.54497,0.6002,0.64027,0.67009,0.68035,0.67009,0.64027,0.60508,0.55523,0.50489,0.45503,0.41007,0.36999,0.33969,0.31476,0.30499,0.28983,0.28495,0.28006,0.28006,0.28006,0.27468,0.26979,0.26979,0.27468,0.28006,0.28006,0.28495,0.29472,0.30499,0.30987,0.32991,0.35973,0.39492,0.41496,0.41007,0.45015,0.47019,0.47019,0.44477,0.40469,0.36999,0.34506,0.32502,0.28983,0.28006,0.28006,0.28006,0.27468,0.26979,0.23998,0.16471,0.20479,0.5,1.0455,1.2908,0.98045,0.6349,0.47996,0.39003,0.30987,0.23998,0.22483,0.22972,0.2346,0.24487,0.25464,0.26002,0.26979,0.28006,0.29472,0.30499,0.32991,0.34506,0.36999,0.38514,0.41496,0.44477,0.48485,0.52493,0.58016,0.62512,0.65494,0.67009,0.6652,0.64516,0.60997,0.56989,0.51515,0.46481,0.41984,0.37977,0.34995,0.32502,0.30499,0.3001,0.29472,0.28495,0.28495,0.28006,0.28006,0.28006,0.28006,0.28006,0.28006,0.29472,0.3001,0.30987,0.31476,0.32502,0.32991,0.34506,0.3651,0.40469,0.43011,0.43011,0.42473,0.49511,0.48485,0.47019,0.435,0.39492,0.3651,0.34506,0.30987,0.29472,0.3001,0.28983,0.29472,0.28983,0.28006,0.21457,0.18964,0.3651,0.84506,1.2908,1.1202,0.76002,0.54985,0.45503,0.3651,0.28006,0.24976,0.24976,0.25464,0.26979,0.27468,0.28006,0.28983,0.30499,0.30987,0.32991,0.33969,0.3651,0.37977,0.3998,0.41984,0.45015,0.49511,0.53519,0.58016,0.62512,0.67009,0.68524,0.69501,0.67498,0.65005,0.60997,0.56989,0.52493,0.47507,0.435,0.39492,0.37488,0.34995,0.32991,0.31965,0.31476,0.30499,0.30987,0.30499,0.30499,0.30499,0.31476,0.30987,0.32502,0.3348,0.34506,0.34995,0.34995,0.35484,0.3651,0.37488,0.39003,0.41984,0.43988,0.435,0.47019,0.50489,0.49511,0.47019,0.435,0.39003,0.37488,0.34995,0.31965,0.30987,0.30499,0.30499,0.30499,0.30499,0.27468,0.19501,0.18964,0.47507,0.98534,1.3255,1.0303,0.69013,0.5,0.41496,0.33969,0.26979,0.26002,0.26002,0.26002,0.26979,0.28495,0.29472,0.29472,0.30499,0.31476,0.3348,0.34995,0.36999,0.38514,0.3998,0.43011,0.45992,0.49511,0.54008,0.58993,0.64027,0.67498,0.69013,0.70039,0.67498,0.65005,0.60997,0.56012,0.51515,0.47019,0.435,0.39492,0.3651,0.34506,0.32991,0.31965,0.30987,0.30499,0.3001,0.30499,0.3001,0.30499,0.30499,0.30499,0.31476,0.31965,0.32502,0.32991,0.34506,0.34995,0.34995,0.3651,0.39492,0.41984,0.41984,0.43011,0.47996,0.47019,0.45992,0.43011,0.39003,0.35484,0.3348,0.30987,0.28495,0.28006,0.28006,0.28006,0.28006,0.26491,0.18964,0.16471,0.3348,0.82014,1.3104,1.3157,0.77028,0.52004,0.41007,0.32991,0.25464,0.22483,0.21994,0.22972,0.2346,0.24487,0.25464,0.26491,0.27468,0.28006,0.3001,0.31476,0.32991,0.35484,0.37488,0.3998,0.43011,0.46481,0.50978,0.56012,0.61486,0.65494,0.68035,0.69013,0.68035,0.65005,0.60997,0.56012,0.50978,0.45992,0.41007,0.37488,0.34506,0.32502,0.30499,0.28983,0.28495,0.28006,0.28006,0.28006,0.27468,0.27468,0.26979,0.27468,0.27468,0.28006,0.28983,0.29472,0.3001,0.30987,0.32502,0.3651,0.3998,0.41007,0.3998,0.45503,0.46481,0.45015,0.42473,0.39003,0.35484,0.32991,0.30499,0.28006,0.27468,0.26491,0.26491,0.26002,0.25464,0.1999,0.14467,0.24487,0.64516,1.1955,1.3255,0.87537,0.565,0.42473,0.34506,0.26979,0.21457,0.20968,0.21457,0.21994,0.22972,0.23998,0.24976,0.26002,0.26979,0.28006,0.3001,0.31965,0.3348,0.34995,0.37488,0.40469,0.435,0.47996,0.52981,0.58504,0.63001,0.66031,0.67009,0.67498,0.64027,0.6002,0.54985,0.5,0.44477,0.3998,0.35484,0.32991,0.30499,0.28983,0.28006,0.27468,0.27468,0.26979,0.26979,0.26491,0.26491,0.26491,0.26002,0.26002,0.26491,0.26979,0.28006,0.28983,0.30499,0.30499,0.32502,0.35484,0.39492,0.41007,0.3998,0.43988,0.47019,0.45992,0.435,0.39492,0.35973,0.3348,0.30987,0.28495,0.27468,0.27468,0.26979,0.27468,0.26979,0.2346,0.15982,0.21457,0.50489,1.0753,1.2757,0.9653,0.61486,0.47507,0.38514,0.29472,0.22972,0.22483,0.22483,0.2346,0.24487,0.25464,0.26002,0.26979,0.28006,0.3001,0.31476,0.32991,0.34506,0.36999,0.39492,0.41984,0.44477,0.48485,0.54008,0.58504,0.63001,0.66031,0.68035,0.68524,0.66031,0.63001,0.58504,0.54008,0.49022,0.43988,0.40469,0.36999,0.33969,0.32502,0.30499,0.30499,0.30499,0.30499,0.3001,0.30499,0.3001,0.30499,0.29472,0.28983,0.28983,0.30499,0.31476,0.31965,0.31965,0.32502,0.34506,0.37488,0.41007,0.43988,0.435,0.45503,0.50489,0.5,0.47996,0.435,0.3998,0.37488,0.35484,0.32502,0.30499,0.3001,0.3001,0.29472,0.3001,0.28983,0.22483,0.19501,0.38514,0.85044,1.3104,1.1105,0.75513,0.53519,0.43988,0.35973,0.28006,0.25464,0.25464,0.26491,0.26979,0.28006,0.28006,0.3001,0.30499,0.31476,0.32502,0.34506,0.35973,0.37488,0.39492,0.41984,0.45015,0.48485,0.52493,0.57527,0.63001,0.67009,0.69013,0.69501,0.68035,0.65494,0.61486,0.56989,0.52004,0.47507,0.43011,0.3998,0.37488,0.33969,0.32502,0.32991,0.30987,0.30499,0.3001,0.28983,0.28983,0.29472,0.28983,0.3001,0.30499,0.31476,0.32502,0.3348,0.33969,0.34506,0.35484,0.3651,0.36999,0.39492,0.41984,0.42473,0.41984,0.47019,0.48485,0.47996,0.45015,0.41007,0.37488,0.3651,0.3348,0.30499,0.29472,0.3001,0.30499,0.30499,0.29472,0.23998,0.18964,0.28983,0.67498,1.2107,1.3407,0.89541,0.6002,0.46481,0.37977,0.29472,0.24976,0.23998,0.24487,0.25464,0.26002,0.26491,0.28006,0.28495,0.3001,0.30987,0.32991,0.34506,0.35484,0.37488,0.3998,0.42473,0.45992,0.5,0.54497,0.58993,0.64027,0.67498,0.68524,0.68035,0.66031,0.63001,0.58504,0.52981,0.47507,0.435,0.39492,0.35973,0.32991,0.30987,0.3001,0.28983,0.28006,0.28006,0.27468,0.27468,0.26491,0.26491,0.26979,0.28006,0.28495,0.29472,0.3001,0.30499,0.30987,0.32502,0.32991,0.32991,0.34995,0.38514,0.41007,0.3998,0.41007,0.45015,0.44477,0.43011,0.40469,0.36999,0.33969,0.31965,0.28983,0.26491,0.26002,0.26002,0.26002,0.26002,0.23998,0.16471,0.14467,0.37977,0.88514,1.3255,1.1153,0.71994,0.47996,0.37977,0.30987,0.2346,0.20968,0.20968,0.20968,0.21994,0.22972,0.23998,0.24976,0.26002,0.26979,0.28983,0.30499,0.32502,0.33969,0.35484,0.37977,0.41984,0.45503,0.49511,0.54497,0.59531,0.64027,0.6652,0.67498,0.65494,0.63001,0.58993,0.54008,0.49022,0.44477,0.39003,0.35484,0.32502,0.30499,0.28983,0.28006,0.28006,0.27468,0.26979,0.26491,0.26002,0.26491,0.26002,0.26002,0.26002,0.26002,0.26979,0.27468,0.28006,0.28983,0.3001,0.30987,0.3348,0.37488,0.40469,0.3998,0.41984,0.46481,0.45992,0.43988,0.40469,0.36999,0.33969,0.31476,0.29472,0.26979,0.26979,0.26979,0.26979,0.26491,0.23998,0.1696,0.15494,0.41007,0.94037,1.3304,1.1007,0.71017,0.5,0.3998,0.32502,0.24487,0.21994,0.21457,0.22483,0.2346,0.24487,0.26002,0.26002,0.26979,0.28006,0.28983,0.30987,0.3348,0.34995,0.37488,0.39492,0.42473,0.45992,0.50489,0.565,0.60508,0.64516,0.67009,0.68035,0.6652,0.6349,0.6002,0.55523,0.5,0.45503,0.41007,0.36999,0.34995,0.32991,0.31476,0.30987,0.30499,0.3001,0.29472,0.29472,0.28495,0.29472,0.28983,0.28495,0.28495,0.29472,0.30499,0.30499,0.30987,0.32502,0.3348,0.34995,0.38514,0.41984,0.43011,0.42473,0.48485,0.49511,0.48485,0.45503,0.41496,0.37977,0.35973,0.3348,0.30987,0.3001,0.29472,0.30499,0.3001,0.29472,0.24487,0.19501,0.30499,0.70528,1.2405,1.3206,0.86022,0.58504,0.47996,0.38514,0.28983,0.25464,0.25464,0.26002,0.26002,0.26491,0.28006,0.28006,0.30499,0.31965,0.32991,0.33969,0.35484,0.37488,0.39492,0.41984,0.45015,0.47996,0.52004,0.56989,0.62023,0.65494,0.68524,0.70528,0.70039,0.67498,0.6349,0.58993,0.54497,0.5,0.45015,0.41496,0.37488,0.34506,0.32991,0.32991,0.31476,0.30499,0.30499,0.30499,0.3001,0.30499,0.3001,0.29472,0.3001,0.31476,0.32502,0.32502,0.32991,0.34506,0.34995,0.36999,0.39492,0.42473,0.435,0.42473,0.47507,0.5,0.48485,0.46481,0.41984,0.39003,0.36999,0.33969,0.31965,0.30987,0.30499,0.30499,0.3001,0.29472,0.25464,0.18475,0.24487,0.55523,1.0953,1.3206,0.97556,0.64027,0.49022,0.3998,0.31476,0.25464,0.24976,0.25464,0.26002,0.26491,0.27468,0.28983,0.3001,0.30987,0.31476,0.32991,0.35484,0.37488,0.38514,0.41496,0.435,0.47019,0.50978,0.55523,0.6002,0.65494,0.68524,0.70528,0.70528,0.69501,0.65494,0.61486,0.565,0.51515,0.46481,0.42473,0.39492,0.3651,0.3348,0.32991,0.31476,0.30499,0.30987,0.30499,0.30499,0.29472,0.3001,0.3001,0.30987,0.31965,0.32502,0.32991,0.3348,0.34506,0.35484,0.3651,0.39492,0.41984,0.42473,0.42473,0.47019,0.48485,0.47507,0.44477,0.40469,0.3651,0.34995,0.32502,0.3001,0.28006,0.28006,0.28006,0.28006,0.26979,0.22483,0.16471,0.25464,0.60997,1.1857,1.3407,0.91007,0.58504,0.43988,0.34506,0.26979,0.21994,0.21457,0.21457,0.22483,0.22972,0.23998,0.24487,0.26002,0.26979,0.28006,0.3001,0.30987,0.3348,0.35484,0.37488,0.40469,0.43988,0.47996,0.52981,0.58016,0.63001,0.66031,0.67498,0.6652,0.64516,0.60997,0.565,0.50978,0.46481,0.41496,0.37488,0.3348,0.30499,0.28495,0.27468,0.26491,0.26002,0.26002,0.25464,0.26002,0.25464,0.24976,0.24976,0.25464,0.26002,0.26002,0.26491,0.26979,0.28006,0.28983,0.30987,0.34995,0.37977,0.37488,0.39492,0.43988,0.43011,0.42473,0.39003,0.34995,0.32502,0.30499,0.26979,0.25464,0.24976,0.25464,0.24487,0.24487,0.22972,0.15494,0.1349,0.3348,0.85044,1.3255,1.1505,0.73998,0.48485,0.36999,0.3001,0.22483,0.19501,0.19501,0.1999,0.20968,0.21994,0.22972,0.23998,0.24487,0.26002,0.27468,0.28983,0.30499,0.32991,0.34995,0.36999,0.40469,0.435,0.48485,0.53519,0.58993,0.63001,0.65494,0.66031,0.65005,0.62512,0.58016,0.52981,0.47507,0.43011,0.39003,0.34995,0.31965,0.3001,0.28495,0.28006,0.27468,0.26491,0.26491,0.26491,0.26002,0.26002,0.25464,0.25464,0.26002,0.26002,0.26491,0.27468,0.28006,0.28983,0.30499,0.32502,0.35973,0.39492,0.40469,0.3998,0.45503,0.46481,0.44477,0.41984,0.37977,0.35484,0.32991,0.3001,0.27468,0.26491,0.26491,0.26002,0.26002,0.25464,0.18964,0.15494,0.29472,0.72532,1.2507,1.3055,0.8304,0.54985,0.42473,0.34506,0.26491,0.22483,0.21994,0.21994,0.22972,0.2346,0.24487,0.25464,0.26979,0.28006,0.29472,0.26491,0.27468,0.27468,0.26002,0.20479,0.17498,0.30987,0.72532,1.2605,1.3206,0.86022,0.58504,0.46481,0.36999,0.27468,0.22972,0.22972,0.2346,0.2346,0.24976,0.26002,0.26002,0.28006,0.28495,0.30499,0.31476,0.3348,0.34995,0.3651,0.39492,0.41984,0.45015,0.5,0.54008,0.58993,0.6349,0.65494,0.67009,0.67498,0.64516,0.61486,0.56989,0.52004,0.47019,0.43988,0.40469,0.36999,0.34995,0.34506,0.33969,0.32991,0.32991,0.32991,0.32502,0.32991,0.30987,0.30499,0.30987,0.32502,0.32991,0.32991,0.3651,0.41007,0.43011,0.435,0.47996,0.51515,0.50489,0.49022,0.45992,0.41496,0.38514,0.35973,0.3348,0.31965,0.31476,0.30499,0.30499,0.30499,0.28495,0.21994,0.1999,0.41496,0.91007,1.3006,1.0455,0.70039,0.50978,0.43011,0.34995,0.26979,0.26002,0.26002,0.26002,0.26979,0.28006,0.28983,0.3001,0.30499,0.32502,0.34506,0.3651,0.38514,0.3998,0.42473,0.44477,0.46481,0.50489,0.54497,0.6002,0.64516,0.68035,0.68524,0.69013,0.67498,0.63001,0.59531,0.54985,0.5,0.45503,0.41496,0.38514,0.3651,0.3348,0.32502,0.31965,0.31965,0.30987,0.30499,0.30499,0.30499,0.30499,0.31476,0.31965,0.32991,0.3348,0.3651,0.3998,0.42473,0.43011,0.45992,0.49511,0.48485,0.47507,0.43988,0.40469,0.36999,0.34506,0.31476,0.28983,0.28495,0.28006,0.28495,0.28006,0.26491,0.18475,0.15494,0.34506,0.86022,1.3157,1.1256,0.73998,0.51515,0.3998,0.31965,0.24976,0.21457,0.21457,0.21457,0.22483,0.23998,0.24976,0.26002,0.26979,0.28495,0.29472,0.30987,0.32991,0.34995,0.36999,0.39492,0.41984,0.45992,0.50489,0.54985,0.6002,0.6349,0.65494,0.65494,0.64027,0.60508,0.565,0.51515,0.46481,0.41984,0.37977,0.34506,0.31476,0.29472,0.28006,0.28006,0.27468,0.26979,0.26491,0.26491,0.26002,0.26002,0.26002,0.26002,0.26979,0.28006,0.3001,0.33969,0.37488,0.37977,0.40469,0.45503,0.44477,0.43988,0.40469,0.36999,0.33969,0.31965,0.28495,0.26491,0.26002,0.26002,0.26002,0.26002,0.24487,0.17986,0.14467,0.29472,0.74536,1.2507,1.2654,0.76002,0.49511,0.38514,0.31476,0.2346,0.1999,0.1999,0.20479,0.21457,0.22483,0.2346,0.23998,0.25464,0.26491,0.28006,0.3001,0.30987,0.32991,0.34995,0.37488,0.40469,0.43988,0.47996,0.52981,0.57527,0.60997,0.63001,0.63001,0.60997,0.58993,0.55523,0.50489,0.45992,0.41984,0.37488,0.34506,0.31476,0.30499,0.29472,0.28495,0.28006,0.27468,0.26979,0.26491,0.26979,0.26491,0.27468,0.26979,0.28006,0.28006,0.30499,0.33969,0.38514,0.39492,0.39492,0.45015,0.46481,0.44477,0.41984,0.39003,0.35973,0.33969,0.30987,0.28006,0.27468,0.26979,0.26979,0.26491,0.26979,0.22483,0.15494,0.21994,0.54497,1.0855,1.2454,0.89541,0.58504,0.45503,0.37488,0.28983,0.2346,0.22483,0.22972,0.2346,0.24487,0.26002,0.26491,0.27468,0.28495,0.3001,0.31476,0.32991,0.34995,0.3651,0.39492,0.41984,0.45015,0.48485,0.54497,0.58016,0.62023,0.64516,0.65494,0.64516,0.62512,0.59531,0.56012,0.50978,0.46481,0.42473,0.39003,0.36999,0.34506,0.32502,0.31476,0.31965,0.30499,0.30499,0.3001,0.3001,0.29472,0.3001,0.29472,0.30499,0.31476,0.34506,0.37977,0.41496,0.42473,0.43011,0.49022,0.50978,0.49511,0.47019,0.435,0.39492,0.37488,0.35484,0.31965,0.30987,0.30987,0.31476,0.30499,0.30499,0.26979,0.20479,0.26002,0.56989,1.1305,1.2908,0.92033,0.63001,0.52004,0.41496,0.31965,0.26491,0.26491,0.26002,0.26491,0.27468,0.28983,0.30499,0.30987,0.32991,0.34995,0.35484,0.36999,0.39492,0.41984,0.43011,0.45503,0.49022,0.52493,0.56989,0.62023,0.66031,0.68035,0.69013,0.68035,0.65005,0.62023,0.58993,0.54008,0.49022,0.45015,0.41984,0.39492,0.36999,0.34995,0.34506,0.32991,0.32991,0.32991,0.31965,0.32502,0.32991,0.32502,0.32991,0.34995,0.35973,0.37488,0.39492,0.435,0.45503,0.45992,0.5,0.53519,0.51515,0.49511,0.46481,0.43011,0.3998,0.36999,0.33969,0.32502,0.31965,0.32502,0.32991,0.30987,0.3001,0.22483,0.20968,0.435,0.9653,1.3407,1.0806,0.72532,0.53519,0.43988,0.35484,0.28006,0.26491,0.26002,0.26491,0.28006,0.28983,0.30499,0.31476,0.32502,0.32991,0.34995,0.3651,0.37977,0.3998,0.42473,0.43988,0.47019,0.50489,0.54985,0.59531,0.64516,0.67009,0.69013,0.69501,0.67009,0.63001,0.58993,0.54497,0.5,0.44477,0.40469,0.36999,0.34506,0.32502,0.30987,0.30499,0.29472,0.28495,0.28006,0.28006,0.27468,0.27468,0.28006,0.28495,0.29472,0.30499,0.32991,0.35973,0.39003,0.39492,0.39003,0.46481,0.47019,0.44477,0.41496,0.37977,0.34506,0.32502,0.28983,0.26491,0.26002,0.26002,0.26002,0.25464,0.23998,0.17498,0.1349,0.27468,0.71017,1.2507,1.2854,0.77517,0.50489,0.38514,0.30499,0.2346,0.19501,0.19501,0.1999,0.20479,0.20968,0.21994,0.2346,0.24487,0.26002,0.28006,0.29472,0.30499,0.32502,0.34995,0.37488,0.3998,0.43988,0.47996,0.52493,0.56989,0.60508,0.63001,0.6349,0.62023,0.58993,0.54985,0.5,0.45503,0.41007,0.36999,0.3348,0.30499,0.28006,0.27468,0.26491,0.26002,0.26002,0.24976,0.25464,0.24976,0.23998,0.23998,0.24487,0.24976,0.25464,0.26491,0.3001,0.34506,0.3651,0.36999,0.40469,0.43988,0.435,0.41984,0.38514,0.34995,0.31965,0.3001,0.26491,0.25464,0.25464,0.25464,0.24976,0.24487,0.22483,0.13978,0.12952,0.3998,0.92522,1.2854,1.0303,0.66031,0.46481,0.35973,0.28983,0.21457,0.18964,0.18964,0.1999,0.20968,0.21994,0.2346,0.23998,0.25464,0.26979,0.28006,0.30499,0.31965,0.34506,0.3651,0.39492,0.41984,0.46481,0.5,0.54985,0.58993,0.62023,0.64027,0.64516,0.62023,0.58504,0.54497,0.5,0.44477,0.40469,0.3651,0.3348,0.30987,0.29472,0.28495,0.28006,0.28006,0.27468,0.26979,0.26979,0.26979,0.26979,0.26979,0.26491,0.28006,0.28006,0.3001,0.32502,0.36999,0.3998,0.3998,0.435,0.47019,0.45992,0.44477,0.41007,0.37977,0.34506,0.32502,0.28983,0.28006,0.27468,0.27468,0.26979,0.26979,0.24976,0.1696,0.15494,0.38514,0.91007,1.2654,1.0352,0.69013,0.50489,0.3998,0.31476,0.23998,0.22483,0.22483,0.22972,0.2346,0.25464,0.26002,0.26979,0.28006,0.3001,0.31965,0.3348,0.34995,0.36999,0.39003,0.41007,0.44477,0.47996,0.52004,0.56989,0.61486,0.64027,0.65494,0.65005,0.6349,0.6002,0.56012,0.50978,0.46481,0.42473,0.39492,0.3651,0.32991,0.31965,0.31476,0.30499,0.3001,0.3001,0.3001,0.30499,0.29472,0.3001,0.30499,0.30499,0.30499,0.31476,0.32502,0.35484,0.38514,0.43011,0.44477,0.435,0.5,0.51515,0.50489,0.47507,0.43011,0.39492,0.37488,0.34995,0.32502,0.31476,0.30987,0.30499,0.30987,0.30499,0.26979,0.20479,0.24976,0.54008,1.0904,1.2805,0.9653,0.64516,0.50489,0.41496,0.33969,0.26979,0.26002,0.26002,0.28006,0.28006,0.28983,0.30499,0.31965,0.31476,0.3348,0.35484,0.37488,0.39003,0.3998,0.42473,0.45015,0.48485,0.52493,0.57527,0.62023,0.66031,0.68035,0.68524,0.69501,0.68035,0.64027,0.59531,0.55523,0.50978,0.46481,0.43011,0.3998,0.36999,0.34506,0.33969,0.3348,0.32991,0.32502,0.32502,0.31476,0.30987,0.31965,0.32991,0.32991,0.32991,0.34995,0.3651,0.37488,0.3998,0.43988,0.45503,0.46481,0.50978,0.52004,0.49511,0.47507,0.44477,0.40469,0.37488,0.34506,0.31965,0.30987,0.30499,0.31476,0.30499,0.30499,0.26491,0.1999,0.26491,0.58993,1.1657,1.3358,0.95015,0.62023,0.48485,0.3998,0.31965,0.26491,0.26002,0.25464,0.26491,0.28006,0.28495,0.3001,0.30499,0.30987,0.32991,0.34506,0.35973,0.37488,0.39492,0.41984,0.44477,0.47507,0.51515,0.565,0.60997,0.65005,0.67498,0.68524,0.67498,0.65005,0.61486,0.57527,0.52004,0.47507,0.43011,0.39492,0.3651,0.33969,0.31965,0.30499,0.3001,0.29472,0.28983,0.28006,0.28006,0.27468,0.27468,0.27468,0.27468,0.28006,0.28983,0.3001,0.30987,0.32991,0.36999,0.39492,0.39492,0.41007,0.45503,0.45015,0.43988,0.40469,0.36999,0.3348,0.30987,0.28006,0.26491,0.26002,0.25464,0.25464,0.24976,0.2346,0.16471,0.1349,0.31965,0.79521,1.3006,1.1305,0.74536,0.48485,0.3651,0.29472,0.22972,0.20479,0.1999,0.20479,0.20968,0.22483,0.2346,0.24487,0.26002,0.26491,0.28495,0.3001,0.31476,0.32991,0.34995,0.37488,0.41007,0.43988,0.48485,0.53519,0.58504,0.62512,0.64516,0.65005,0.6349,0.60508,0.56989,0.52004,0.47019,0.41984,0.37977,0.34506,0.31476,0.29472,0.28006,0.27468,0.26979,0.26491,0.26491,0.26002,0.26002,0.25464,0.24976,0.25464,0.24976,0.26002,0.26002,0.28006,0.28983,0.31476,0.34995,0.39003,0.39492,0.39003,0.45015,0.45503,0.44477,0.41007,0.37488,0.34506,0.31965,0.28983,0.26491,0.26002,0.26002,0.25464,0.24976,0.25464,0.18475,0.14467,0.28006,0.73021,1.2405,1.2854,0.78543,0.51515,0.39492,0.31965,0.23998,0.1999,0.20479,0.20968,0.21994,0.22972,0.2346,0.24487,0.26002,0.27468,0.28495,0.30499,0.31965,0.3348,0.35484,0.38514,0.41007,0.44477,0.48485,0.52981,0.58016,0.61486,0.6349,0.64516,0.63001,0.60508,0.56989,0.52004,0.47507,0.43011,0.38514,0.34995,0.31965,0.30499,0.28983,0.28495,0.28006,0.27468,0.27468,0.26491,0.26491,0.26491,0.26491,0.26002,0.26002,0.26979,0.27468,0.28006,0.28983,0.30499,0.32502,0.35484,0.39492,0.41007,0.41007,0.45992,0.47507,0.45992,0.435,0.39492,0.35973,0.3348,0.30987,0.28006,0.26979,0.27468,0.27468,0.26979,0.26491,0.22483,0.16471,0.2346,0.57527,1.1105,1.2757,0.92033,0.60508,0.46481,0.37977,0.28983,0.2346,0.22972,0.22972,0.2346,0.24976,0.26002,0.26491,0.27468,0.28495,0.30499,0.31476,0.32991,0.34506,0.3651,0.39003,0.41496,0.44477,0.48485,0.52981,0.57527,0.62023,0.64516,0.65494,0.65005,0.6349,0.59531,0.54985,0.50978,0.46481,0.41984,0.37977,0.35484,0.3348,0.31965,0.30987,0.3001,0.29472,0.3001,0.3001,0.28983,0.28495,0.28983,0.29472,0.28983,0.29472,0.30499,0.31965,0.32991,0.3348,0.34506,0.35484,0.37488,0.40469,0.43988,0.44477,0.43988,0.49022,0.5,0.48485,0.45503,0.41496,0.37488,0.35484,0.3348,0.30987,0.3001,0.29472,0.29472,0.28983,0.28983,0.23998,0.18964,0.3001,0.70528,1.2204,1.3055,0.85533,0.6002,0.48485,0.39492,0.30987,0.26002,0.26002,0.26002,0.27468,0.28006,0.28006,0.3001,0.30499,0.31965,0.32991,0.34506,0.36999,0.39003,0.40469,0.43011,0.44477,0.49022,0.52493,0.56989,0.61486,0.65494,0.68035,0.69501,0.68035,0.65494,0.63001,0.58016,0.53519,0.49022,0.44477,0.41007,0.38514,0.35484,0.34506,0.32991,0.32502,0.32502,0.32991,0.30987,0.30499,0.30987,0.31476,0.31965,0.32502,0.32991,0.3348,0.34506,0.34995,0.35484,0.3651,0.37488,0.37977,0.40469,0.42473,0.43988,0.43011,0.47507,0.5,0.48485,0.47019,0.43988,0.3998,0.37977,0.34995,0.32502,0.31476,0.31476,0.30987,0.31476,0.31965,0.28006,0.20968,0.26002,0.56989,1.1403,1.3407,0.9956,0.67009,0.52004,0.41984,0.3348,0.27468,0.26491,0.26979,0.26979,0.28006,0.29472,0.30499,0.31476,0.32502,0.3348,0.34995,0.35973,0.37977,0.3998,0.42473,0.44477,0.47507,0.51515,0.55523,0.6002,0.65005,0.68524,0.70528,0.70528,0.67498,0.65005,0.60508,0.565,0.50978,0.45992,0.41984,0.38514,0.35484,0.32991,0.31965,0.30499,0.30499,0.3001,0.29472,0.28495,0.28006,0.28495,0.28983,0.28983,0.30499,0.30499,0.31965,0.32502,0.32991,0.33969,0.33969,0.34506,0.36999,0.3998,0.41007,0.3998,0.43988,0.45503,0.45015,0.43011,0.39003,0.34995,0.32991,0.30499,0.28006,0.26979,0.26491,0.26002,0.26002,0.25464,0.20968,0.13978,0.22483,0.56012,1.1457,1.3157,0.92033,0.58016,0.43011,0.3348,0.26491,0.20968,0.20968,0.20968,0.21457,0.22483,0.2346,0.23998,0.25464,0.26491,0.28006,0.3001,0.30987,0.32991,0.34995,0.36999,0.39492,0.42473,0.47019,0.51515,0.565,0.60508,0.64027,0.65494,0.65005,0.63001,0.59531,0.54985,0.50489,0.45503,0.40469,0.36999,0.3348,0.30987,0.28983,0.28006,0.27468,0.26491,0.26002,0.26002,0.26002,0.25464,0.24976,0.25464,0.24976,0.26002,0.26491,0.28006,0.28006,0.28983,0.29472,0.30987,0.3348,0.37488,0.39492,0.39003,0.41984,0.45015,0.44477,0.42473,0.39003,0.35484,0.32991,0.30987,0.28006,0.26979,0.26491,0.26002,0.26002,0.26002,0.22972,0.15494,0.19501,0.47019,1.0054,1.3006,1.0054,0.65005,0.47996,0.37977,0.30499,0.22972,0.21994,0.21457,0.22972,0.2346,0.23998,0.25464,0.26002,0.26979,0.28495,0.30499,0.31965,0.3348,0.34995,0.37488,0.3998,0.42473,0.46481,0.50978,0.56012,0.60997,0.64516,0.66031,0.65494,0.64516,0.61486,0.56989,0.52004,0.47507,0.43011,0.38514,0.34995,0.32502,0.30499,0.29472,0.28983,0.28006,0.28006,0.27468,0.27468,0.26979,0.26491,0.26491,0.26979,0.27468,0.28006,0.28006,0.29472,0.30499,0.31476,0.32991,0.35973,0.3998,0.41496,0.41007,0.45503,0.47019,0.45992,0.43988,0.3998,0.3651,0.34506,0.31965,0.28983,0.28006,0.28006,0.28006,0.28006,0.27468,0.2346,0.16471,0.22972,0.54008,1.0904,1.2654,0.93011,0.60508,0.47507,0.38514,0.3001,0.23998,0.2346,0.2346,0.2346,0.24976,0.26002,0.26979,0.28006,0.28983,0.30499,0.31965,0.3348,0.34995,0.36999,0.39003,0.41496,0.43988,0.47996,0.52493,0.57527,0.61486,0.64516,0.65494,0.65494,0.63001,0.6002,0.55523,0.50978,0.46481,0.41984,0.37977,0.34506,0.32991,0.30987,0.3001,0.29472,0.28495,0.28495,0.28006,0.28006,0.28006,0.28006,0.28006,0.28495,0.28983,0.3001,0.30499,0.31476,0.32991,0.3348,0.34995,0.38514,0.42473,0.435,0.42473,0.47507,0.49022,0.47507,0.44477,0.40469,0.37488,0.34995,0.32502,0.3001,0.29472,0.3001,0.28983,0.28495,0.28006,0.24487,0.17986,0.25464,0.61486,1.1505,1.2757,0.88514,0.60997,0.49511,0.39492,0.30987,0.24976,0.24487,0.24487,0.24976,0.26002,0.26979,0.28006,0.29472,0.30499,0.31965,0.32991,0.34995,0.37488,0.39003,0.41496,0.435,0.47019,0.50978,0.54985,0.59531,0.64027,0.67009,0.68035,0.67009,0.65005,0.62023,0.58016,0.52981,0.48485,0.43988,0.40469,0.36999,0.34995,0.3348,0.32502,0.30987,0.30499,0.30499,0.3001,0.29472,0.28983,0.3001,0.30499,0.30987,0.31965,0.32991,0.3348,0.34995,0.34995,0.35973,0.37488,0.41496,0.435,0.435,0.45015,0.49022,0.48485,0.47507,0.43011,0.39003,0.36999,0.34506,0.31476,0.30499,0.29472,0.29472,0.29472,0.29472,0.27468,0.1999,0.17986,0.38514,0.88025,1.2908,1.0753,0.73509,0.53519,0.435,0.34995,0.27468,0.24976,0.25464,0.24976,0.26002,0.27468,0.28006,0.29472,0.30499,0.31476,0.32991,0.34506,0.36999,0.38514,0.3998,0.42473,0.45015,0.49022,0.53519,0.58016,0.62512,0.65494,0.68035,0.68524,0.66031,0.6349,0.6002,0.55523,0.50489,0.45992,0.41984,0.39003,0.35973,0.34506,0.32991,0.32502,0.31476,0.30987,0.30499,0.30499,0.30499,0.31476,0.31476,0.31965,0.32991,0.33969,0.33969,0.34995,0.34995,0.35973,0.37488,0.40469,0.435,0.43988,0.42473,0.47996,0.49022,0.47996,0.45015,0.40469,0.37488,0.35484,0.32502,0.3001,0.29472,0.28983,0.28495,0.28495,0.28006,0.21994,0.17498,0.3001,0.70039,1.2356,1.3104,0.84506,0.56989,0.45015,0.3651,0.28006,0.2346,0.2346,0.2346,0.24487,0.25464,0.26002,0.26491,0.28006,0.29472,0.30499,0.31965,0.3348,0.34995,0.37488,0.3998,0.42473,0.45992,0.49511,0.54497,0.58993,0.63001,0.65005,0.66031,0.65494,0.62512,0.58993,0.54497,0.49511,0.45015,0.40469,0.3651,0.3348,0.30987,0.3001,0.28495,0.28006,0.27468,0.26979,0.26491,0.26491,0.26979,0.27468,0.27468,0.28006,0.28983,0.3001,0.30499,0.31476,0.32502,0.34506,0.37977,0.40469,0.3998,0.41496,0.45992,0.45503,0.43988,0.41007,0.36999,0.33969,0.32502,0.28495,0.26491,0.26002,0.26002,0.26002,0.25464,0.24487,0.17498,0.13978,0.3348,0.82014,1.2708,1.1007,0.73021,0.5,0.40469,0.32502,0.23998,0.21457,0.21457,0.21994,0.22483,0.2346,0.24487,0.25464,0.26979,0.28006,0.29472,0.31476,0.32991,0.34995,0.36999,0.39003,0.41984,0.45503,0.5,0.54497,0.58993,0.63001,0.65494,0.65494,0.6349,0.60997,0.56989,0.52004,0.47507,0.435,0.39003,0.35973,0.32991,0.30987,0.3001,0.28983,0.28495,0.28006,0.27468,0.27468,0.26979,0.27468,0.27468,0.27468,0.28006,0.28495,0.29472,0.3001,0.30987,0.31965,0.35484,0.39492,0.42473,0.41007,0.43988,0.47507,0.47019,0.45015,0.41496,0.37488,0.34995,0.32502,0.29472,0.28006,0.27468,0.27468,0.28006,0.26491,0.24487,0.17986,0.16471,0.41496,0.91544,1.2757,1.0503,0.71505,0.52493,0.41984,0.3348,0.25464,0.2346,0.2346,0.23998,0.25464,0.26002,0.27468,0.28006,0.28495,0.30499,0.30987,0.32991,0.34995,0.37488,0.39492,0.41496,0.44477,0.48485,0.52004,0.56989,0.61486,0.64516,0.66031,0.67009,0.65005,0.62023,0.58504,0.54008,0.49022,0.44477,0.40469,0.37488,0.34995,0.3348,0.31965,0.30987,0.31476,0.30499,0.30499,0.30499,0.3001,0.3001,0.30499,0.30499,0.31476,0.32502,0.32991,0.3348,0.34995,0.37977,0.41984,0.435,0.435,0.47507,0.5,0.49022,0.47019,0.42473,0.39492,0.36999,0.33969,0.30499,0.3001,0.29472,0.29472,0.3001,0.29472,0.26979,0.19501,0.18475,0.45015,0.9956,1.3006,1.0254,0.69013,0.52004,0.42473,0.33969,0.26979,0.25464,0.26002,0.26002,0.26491,0.27468,0.28495,0.3001,0.30987,0.31965,0.34506,0.35973,0.37488,0.3998,0.41984,0.43988,0.47507,0.50978,0.54985,0.59531,0.64027,0.67498,0.69013,0.68035,0.6652,0.6349,0.59531,0.54985,0.5,0.45015,0.41496,0.37488,0.34995,0.3348,0.32502,0.30499,0.30499,0.30499,0.3001,0.30499,0.28983,0.3001,0.30499,0.31965,0.32502,0.32991,0.32991,0.34995,0.37977,0.41496,0.42473,0.42473,0.47019,0.49511,0.49022,0.47019,0.43011,0.39492,0.36999,0.34506,0.31476,0.30499,0.30499,0.29472,0.28983,0.28495,0.25464,0.17986,0.17498,0.47996,1.0254,1.3157,1.0254,0.68035,0.5,0.39492,0.31476,0.24487,0.2346,0.2346,0.23998,0.24487,0.25464,0.26002,0.26979,0.28495,0.3001,0.31965,0.32991,0.34995,0.36999,0.39003,0.41496,0.45015,0.48485,0.52981,0.58016,0.62023,0.65494,0.6652,0.67009,0.64027,0.60508,0.56989,0.50978,0.45992,0.41007,0.36999,0.33969,0.30987,0.28983,0.28006,0.27468,0.26491,0.26491,0.26491,0.26002,0.26002,0.26002,0.26002,0.26979,0.28006,0.28495,0.29472,0.31476,0.34995,0.38514,0.39492,0.34506,0.3651,0.36999,0.35484,0.34995,0.32991,0.31476,0.29472,0.28495,0.28006,0.28006,0.26979,0.22972,0.14467,0.20968,0.54008,1.1105,1.2708,0.90029,0.56989,0.44477,0.3651,0.28495,0.21457,0.20479,0.20968,0.20968,0.22483,0.2346,0.23998,0.25464,0.26979,0.28006,0.3001,0.31476,0.33969,0.35973,0.38514,0.41007,0.44477,0.48485,0.52004,0.56989,0.60997,0.6349,0.64516,0.63001,0.6002,0.56012,0.51515,0.46481,0.41984,0.37488,0.33969,0.30987,0.28983,0.27468,0.26002,0.26002,0.25464,0.25464,0.24976,0.24976,0.24976,0.24487,0.25464,0.26002,0.26491,0.26979,0.28006,0.28495,0.29472,0.30499,0.32991,0.36999,0.39492,0.39003,0.41984,0.45992,0.45503,0.43988,0.40469,0.3651,0.33969,0.31965,0.28495,0.27468,0.26979,0.26491,0.26491,0.26002,0.24487,0.1696,0.15494,0.38514,0.91007,1.2908,1.0806,0.70039,0.50489,0.40469,0.31965,0.23998,0.21457,0.21994,0.21994,0.2346,0.23998,0.25464,0.26002,0.27468,0.28983,0.30499,0.31476,0.3348,0.34995,0.37488,0.3998,0.42473,0.46481,0.50978,0.55523,0.6002,0.6349,0.65494,0.65494,0.64516,0.62023,0.58016,0.53519,0.49022,0.44477,0.40469,0.36999,0.34506,0.32502,0.30987,0.30499,0.3001,0.3001,0.28495,0.28495,0.28495,0.28495,0.28495,0.28006,0.28006,0.28983,0.31476,0.33969,0.37977,0.40469,0.41007,0.435,0.49022,0.47996,0.47019,0.43988,0.39492,0.36999,0.34506,0.31476,0.3001,0.28983,0.29472,0.28495,0.28006,0.27468,0.21457,0.17986,0.30499,0.7654,1.2605,1.2708,0.78543,0.56012,0.45503,0.35973,0.27468,0.23998,0.23998,0.24976,0.26002,0.26002,0.27468,0.28495,0.29472,0.31476,0.32991,0.33969,0.3651,0.39003,0.41496,0.43011,0.45992,0.49022,0.53519,0.58016,0.63001,0.66031,0.68035,0.67498,0.6652,0.63001,0.58993,0.54497,0.5,0.45503,0.41496,0.38514,0.35484,0.3348,0.32991,0.32502,0.31476,0.30987,0.30499,0.30499,0.30499,0.30499,0.30987,0.31476,0.31965,0.32991,0.34995,0.37488,0.41984,0.43988,0.43011,0.45992,0.50978,0.50489,0.49022,0.45015,0.41007,0.37977,0.34995,0.32502,0.30499,0.30499,0.3001,0.3001,0.29472,0.28006,0.20968,0.17986,0.34995,0.8304,1.2957,1.1256,0.76002,0.54008,0.435,0.35484,0.27468,0.24976,0.24487,0.25464,0.26002,0.26491,0.27468,0.28495,0.28983,0.30499,0.32502,0.33969,0.35484,0.37488,0.39492,0.41984,0.45503,0.49022,0.52493,0.56989,0.61486,0.65005,0.6652,0.67009,0.65005,0.62023,0.58016,0.53519,0.47996,0.435,0.39492,0.35973,0.3348,0.31476,0.30499,0.3001,0.28983,0.29472,0.28006,0.27468,0.27468,0.27468,0.28006,0.28006,0.29472,0.3001,0.31965,0.34506,0.38514,0.41007,0.40469,0.435,0.47996,0.47019,0.45015,0.41496,0.36999,0.34995,0.32502,0.29472,0.27468,0.26491,0.26979,0.26491,0.26002,0.24976,0.17498,0.13978,0.32991,0.82502,1.2507,1.0704,0.70039,0.5,0.40469,0.32502,0.24487,0.21994,0.21457,0.22483,0.22972,0.2346,0.25464,0.26491,0.27468,0.28495,0.3001,0.31965,0.3348,0.34995,0.36999,0.3998,0.42473,0.46481,0.50489,0.54497,0.58993,0.62512,0.6349,0.6349,0.60997,0.58016,0.54008,0.5,0.45503,0.41007,0.37488,0.34506,0.31476,0.30499,0.28983,0.28983,0.28006,0.28006,0.28006,0.28006,0.27468,0.27468,0.28006,0.28006,0.28495,0.29472,0.30987,0.3348,0.37977,0.41007,0.41984,0.435,0.48485,0.47996,0.46481,0.43011,0.39492,0.3651,0.34506,0.30499,0.28983,0.28006,0.28006,0.28006,0.28006,0.26491,0.20479,0.15982,0.28495,0.71017,1.2155,1.2507,0.79032,0.54008,0.44477,0.35973,0.26979,0.2346,0.2346,0.2346,0.2346,0.24976,0.26002,0.27468,0.28495,0.29472,0.30987,0.32991,0.34995,0.3651,0.37977,0.40469,0.435,0.46481,0.50978,0.55523,0.58993,0.63001,0.65005,0.65494,0.6349,0.60508,0.56989,0.52981,0.48485,0.435,0.39492,0.3651,0.33969,0.32502,0.30987,0.30499,0.3001,0.28983,0.28983,0.28983,0.28983,0.29472,0.29472,0.3001,0.30499,0.30987,0.32991,0.34506,0.38514,0.41984,0.435,0.43011,0.48485,0.50489,0.49511,0.46481,0.41984,0.37977,0.35484,0.32991,0.30499,0.29472,0.29472,0.28983,0.28495,0.28006,0.24976,0.17986,0.21994,0.53519,1.1056,1.2757,0.92522,0.62512,0.50489,0.41007,0.31965,0.25464,0.24976,0.24487,0.26002,0.26491,0.28006,0.28983,0.3001,0.31476,0.32991,0.34506,0.35973,0.37488,0.39492,0.41496,0.44477,0.47019,0.50978,0.56012,0.60508,0.64516,0.6652,0.67009,0.66031,0.64027,0.60508,0.565,0.52004,0.47507,0.435,0.3998,0.36999,0.34995,0.32991,0.32502,0.31965,0.30987,0.30499,0.30499,0.30987,0.30987,0.31476,0.32991,0.32991,0.33969,0.34995,0.36999,0.39003,0.42473,0.45015,0.45503,0.47996,0.52004,0.50978,0.49511,0.45992,0.41496,0.39003,0.36999,0.34506,0.31965,0.30987,0.30987,0.31476,0.30987,0.3001,0.22483,0.19501,0.35484,0.84506,1.3157,1.1505,0.78006,0.56012,0.45503,0.35973,0.28495,0.25464,0.25464,0.26002,0.26979,0.28006,0.28983,0.30499,0.30499,0.32502,0.33969,0.34995,0.37488,0.39492,0.41007,0.435,0.46481,0.50489,0.54497,0.58993,0.63001,0.6652,0.68524,0.69013,0.6652,0.63001,0.59531,0.54497,0.50489,0.45992,0.41984,0.38514,0.35484,0.32991,0.31965,0.30987,0.30499,0.3001,0.29472,0.28983,0.28495,0.28495,0.28495,0.3001,0.30499,0.31476,0.32502,0.33969,0.37977,0.41496,0.41496,0.41007,0.47019,0.47507,0.45992,0.42473,0.38514,0.35484,0.32502,0.29472,0.27468,0.26491,0.26002,0.25464,0.24976,0.24487,0.18475,0.12952,0.23998,0.66031,1.2053,1.2805,0.79521,0.52004,0.40469,0.31965,0.24487,0.1999,0.19501,0.1999,0.20968,0.21994,0.22972,0.23998,0.24976,0.26002,0.28006,0.3001,0.31476,0.32991,0.35484,0.37977,0.41007,0.43988,0.47996,0.52493,0.56989,0.60997,0.62512,0.6349,0.60997,0.58504,0.54497,0.5,0.45015,0.40469,0.3651,0.3348,0.30499,0.28495,0.27468,0.26491,0.26002,0.26002,0.26002,0.25464,0.25464,0.25464,0.24976,0.25464,0.25464,0.26491,0.28006,0.3001,0.34995,0.37977,0.39003,0.38514,0.45503,0.44477,0.43988,0.41007,0.36999,0.33969,0.31965,0.28983,0.26979,0.26002,0.26002,0.26002,0.25464,0.26002,0.18475,0.13978,0.26002,0.69501,1.2155,1.2654,0.79032,0.52493,0.41007,0.3348,0.24976,0.20968,0.20968,0.20968,0.21994,0.22972,0.2346,0.24976,0.26002,0.28006,0.29472,0.30987,0.32991,0.34995,0.3651,0.39003,0.41496,0.44477,0.49022,0.53519,0.58504,0.61486,0.6349,0.6349,0.62023,0.59531,0.55523,0.50978,0.45992,0.41496,0.37977,0.34506,0.32502,0.30499,0.3001,0.28983,0.28495,0.28006,0.28006,0.28006,0.27468,0.28006,0.28006,0.28006,0.28006,0.28006,0.30499,0.3348,0.37977,0.41007,0.41496,0.43011,0.48485,0.47996,0.47019,0.43988,0.3998,0.37488,0.35484,0.31476,0.3001,0.29472,0.28983,0.28495,0.28006,0.28006,0.21994,0.17498,0.28983,0.71017,1.2307,1.2805,0.81525,0.565,0.47019,0.36999,0.28495,0.23998,0.23998,0.24487,0.25464,0.26002,0.27468,0.28495,0.3001,0.30987,0.32502,0.33969,0.3651,0.38514,0.3998,0.41984,0.45015,0.49022,0.52981,0.58016,0.62023,0.65494,0.67009,0.68035,0.6652,0.6349,0.6002,0.55523,0.5,0.45503,0.41984,0.39003,0.35973,0.34506,0.32991,0.32502,0.31965,0.31476,0.30987,0.31476,0.31476,0.30499,0.30499,0.30499,0.32502,0.3348,0.33969,0.35973,0.40469,0.43988,0.44477,0.43988,0.5,0.51515,0.50489,0.47507,0.43988,0.40469,0.38514,0.34995,0.32991,0.31965,0.31476,0.31476,0.31965,0.31476,0.26491,0.19501,0.26002,0.58504,1.1505,1.3206,0.95552,0.65494,0.50978,0.41007,0.32991,0.27468,0.26491,0.26979,0.28006,0.28495,0.29472,0.30499,0.31965,0.32991,0.33969,0.35973,0.37488,0.3998,0.40469,0.43988,0.46481,0.49022,0.52981,0.57527,0.62023,0.66031,0.68524,0.70039,0.69501,0.6652,0.63001,0.58504,0.52981,0.47996,0.43988,0.41007,0.38514,0.3651,0.34506,0.3348,0.32991,0.32502,0.30987,0.30499,0.30987,0.30987,0.30987,0.31965,0.32502,0.32991,0.33969,0.34995,0.37488,0.41496,0.35484,0.33969,0.3348,0.32991,0.32991,0.3998,0.41984,0.44477,0.47019,0.5,0.54497,0.58993,0.6349,0.66031,0.68035,0.70039,0.69013,0.67498,0.65005,0.60997,0.56989,0.52004,0.49022,0.45015,0.41984,0.39003,0.36999,0.34506,0.3348,0.32502,0.31476,0.31965,0.31476,0.30499,0.31476,0.31965,0.32502,0.32502,0.33969,0.34995,0.35973,0.3651,0.36999,0.36999,0.37488,0.36999,0.3998,0.41984,0.43011,0.42473,0.45992,0.48485,0.46481,0.43988,0.40469,0.37488,0.34995,0.32502,0.29472,0.28006,0.28006,0.28495,0.28006,0.26979,0.22483,0.17498,0.26002,0.62023,1.1906,1.3358,0.89541,0.58016,0.43988,0.34995,0.27468,0.22972,0.21457,0.21457,0.22972,0.2346,0.24487,0.26002,0.26491,0.28006,0.29472,0.30499,0.32502,0.34506,0.3651,0.39003,0.41496,0.44477,0.49022,0.53519,0.58504,0.63001,0.65005,0.66031,0.65005,0.62512,0.58993,0.54497,0.49022,0.43988,0.39492,0.35484,0.32502,0.3001,0.28495,0.28006,0.26979,0.26491,0.26002,0.26002,0.25464,0.25464,0.24976,0.25464,0.25464,0.26002,0.26979,0.28006,0.28495,0.3001,0.3348,0.36999,0.39003,0.38514,0.43011,0.45015,0.44477,0.42473,0.39492,0.35484,0.32991,0.3001,0.27468,0.26491,0.26491,0.26002,0.26002,0.26002,0.22972,0.15494,0.20479,0.48485,1.0552,1.3104,1.0005,0.63001,0.45992,0.36999,0.28983,0.22972,0.21457,0.21457,0.21994,0.22972,0.23998,0.24976,0.26002,0.26979,0.28495,0.30499,0.31476,0.33969,0.34995,0.37488,0.3998,0.435,0.47507,0.52004,0.56989,0.61486,0.65005,0.66031,0.65494,0.6349,0.59531,0.54985,0.50489,0.45015,0.40469,0.36999,0.33969,0.30987,0.3001,0.28495,0.28006,0.28006,0.28006,0.27468,0.27468,0.27468,0.26979,0.26979,0.27468,0.28006,0.28495,0.29472,0.31476,0.34506,0.39003,0.40469,0.3998,0.45503,0.47507,0.46481,0.435,0.3998,0.36999,0.33969,0.30987,0.28495,0.27468,0.27468,0.27468,0.26491,0.26002,0.22483,0.15494,0.20968,0.52981,1.0904,1.2654,0.94037,0.6002,0.45992,0.3651,0.28983,0.22483,0.21457,0.21457,0.22483,0.2346,0.24487,0.25464,0.26491,0.28006,0.29472,0.30987,0.32991,0.34506,0.3651,0.38514,0.41496,0.44477,0.49022,0.53519,0.58016,0.61486,0.64516,0.65494,0.64027,0.62023,0.58504,0.54008,0.49022,0.44477,0.3998,0.35973,0.3348,0.31965,0.30499,0.3001,0.29472,0.28983,0.28983,0.28495,0.28495,0.28006,0.28495,0.28495,0.28983,0.30499,0.30499,0.31965,0.34995,0.39003,0.41984,0.42473,0.41984,0.49511,0.48485,0.46481,0.41984,0.38514,0.3651,0.34506,0.30499,0.28495,0.28006,0.28495,0.28006,0.28006,0.27468,0.21457,0.17498,0.31476,0.77517,1.2454,1.2654,0.79032,0.565,0.46481,0.37488,0.28495,0.24976,0.24976,0.25464,0.26002,0.26979,0.28006,0.28983,0.3001,0.30499,0.32502,0.33969,0.35973,0.37977,0.3998,0.41984,0.44477,0.48485,0.52493,0.56989,0.61486,0.65005,0.6652,0.67009,0.65005,0.62512,0.58016,0.53519,0.49022,0.44477,0.40469,0.36999,0.33969,0.31965,0.31965,0.30987,0.3001,0.29472,0.28983,0.28983,0.29472,0.28983,0.28983,0.3001,0.30499,0.31476,0.32991,0.34506,0.36999,0.41496,0.43011,0.42473,0.45992,0.49511,0.47996,0.45992,0.42473,0.38514,0.35484,0.32991,0.3001,0.28983,0.28495,0.28006,0.28006,0.28495,0.26491,0.18964,0.1696,0.3998,0.89541,1.2708,1.0254,0.69013,0.50489,0.41496,0.33969,0.26002,0.2346,0.2346,0.23998,0.24976,0.26002,0.26979,0.28006,0.28983,0.30499,0.31476,0.32991,0.34995,0.36999,0.39003,0.41496,0.44477,0.48485,0.52004,0.56989,0.60997,0.64027,0.65494,0.65005,0.63001,0.58993,0.54985,0.50489,0.46481,0.41984,0.37977,0.34506,0.32502,0.30499,0.29472,0.28495,0.28006,0.28006,0.28006,0.28006,0.28006,0.28006,0.28495,0.28495,0.3001,0.30499,0.30987,0.32502,0.35484,0.3998,0.41496,0.41007,0.45503,0.47507,0.46481,0.435,0.39492,0.35973,0.33969,0.30987,0.28006,0.27468,0.26979,0.26491,0.26002,0.26491,0.2346,0.15494,0.18964,0.45015,1.0103,1.2605,0.98045,0.64027,0.49022,0.39492,0.30499,0.23998,0.2346,0.22972,0.2346,0.24976,0.26002,0.27468,0.28983,0.29472,0.30499,0.32502,0.33969,0.35484,0.37488,0.39492,0.41984,0.45503,0.49022,0.54008,0.58504,0.63001,0.65494,0.6652,0.66031,0.64027,0.60508,0.55523,0.51515,0.47507,0.43011,0.39003,0.35973,0.33969,0.31965,0.31476,0.31965,0.30987,0.31476,0.30499,0.29472,0.3001,0.30499,0.30499,0.30987,0.31965,0.32502,0.33969,0.3651,0.40469,0.43011,0.43988,0.45503,0.50978,0.51515,0.49511,0.45992,0.41984,0.38514,0.3651,0.3348,0.31965,0.31476,0.3001,0.3001,0.30499,0.3001,0.2346,0.19501,0.31476,0.75024,1.2805,1.3304,0.83529,0.58016,0.47996,0.38514,0.29472,0.26002,0.26002,0.26002,0.26491,0.28006,0.28495,0.3001,0.30987,0.32502,0.33969,0.34995,0.37488,0.39003,0.41007,0.43011,0.46481,0.5,0.54008,0.58993,0.64027,0.67498,0.69501,0.70039,0.68035,0.65005,0.60997,0.565,0.52004,0.47507,0.43011,0.39492,0.35973,0.34995,0.32991,0.32502,0.31965,0.31476,0.30499,0.3001,0.3001,0.29472,0.30499,0.30499,0.30987,0.32991,0.33969,0.34995,0.39492,0.41984,0.42473,0.43988,0.49022,0.49511,0.47019,0.45015,0.41007,0.36999,0.34995,0.31965,0.3001,0.28495,0.28495,0.28495,0.28006,0.27468,0.21994,0.15494,0.24976,0.65005,1.2204,1.3255,0.86022,0.56989,0.44477,0.34506,0.26491,0.21457,0.21457,0.21457,0.22483,0.2346,0.23998,0.24976,0.26002,0.27468,0.28495,0.3001,0.31965,0.33969,0.35484,0.37977,0.41007,0.44477,0.49022,0.53519,0.58504,0.63001,0.65005,0.65494,0.6349,0.60997,0.56989,0.52493,0.47507,0.42473,0.38514,0.34995,0.32502,0.3001,0.28495,0.27468,0.27468,0.26979,0.26491,0.26491,0.26002,0.26002,0.26002,0.26002,0.26491,0.27468,0.28495,0.30499,0.32502,0.36999,0.39492,0.3998,0.39492,0.47019,0.45015,0.43988,0.40469,0.36999,0.33969,0.31965,0.28495,0.26979,0.26002,0.26002,0.25464,0.24976,0.23998,0.16471,0.1349,0.31965,0.82014,1.2854,1.1202,0.73021,0.49022,0.38514,0.30987,0.22972,0.19501,0.1999,0.20968,0.20968,0.22483,0.22972,0.23998,0.25464,0.26979,0.28495,0.30499,0.32502,0.34506,0.3651,0.39003,0.41984,0.45503,0.5,0.54497,0.59531,0.63001,0.64516,0.64027,0.63001,0.58993,0.55523,0.5,0.45015,0.40469,0.3651,0.32991,0.30499,0.28983,0.28006,0.27468,0.26979,0.26979,0.26491,0.26491,0.26491,0.26002,0.26002,0.26002,0.26002,0.26491,0.26979,0.28495,0.30987,0.35484,0.38514,0.39492,0.39003,0.46481,0.45503,0.44477,0.41984,0.38514,0.34995,0.32991,0.3001,0.28006,0.26979,0.27468,0.26979,0.26979,0.26002,0.1999,0.14956,0.27468,0.68035,1.2107,1.2757,0.82502,0.54497,0.435,0.34995,0.26491,0.21994,0.21994,0.21994,0.22972,0.23998,0.24976,0.26002,0.26979,0.28006,0.30499,0.31476,0.3348,0.35484,0.37488,0.39492,0.41984,0.45503,0.5,0.54497,0.58993,0.63001,0.65005,0.65494,0.64027,0.60997,0.58016,0.52981,0.48485,0.43988,0.39492,0.3651,0.33969,0.31965,0.30987,0.3001,0.29472,0.28495,0.28006,0.28495,0.28495,0.28006,0.28006,0.28006,0.28006,0.28983,0.3001,0.30987,0.32502,0.35973,0.3998,0.42473,0.41984,0.45992,0.48485,0.47019,0.45015,0.41984,0.37977,0.35484,0.32502,0.3001,0.28983,0.28495,0.28495,0.28006,0.28006,0.24976,0.17498,0.16471,0.42473,0.95015,1.2654,1.0152,0.67009,0.50489,0.41007,0.31476,0.23998,0.22972,0.2346,0.22972,0.23998,0.26002,0.26002,0.26979,0.28983,0.30499,0.31965,0.3348,0.35484,0.37488,0.39492,0.41984,0.45015,0.48485,0.52493,0.56989,0.61486,0.64027,0.65494,0.65494,0.63001,0.59531,0.55523,0.51515,0.47507,0.43011,0.39003,0.3651,0.33969,0.32502,0.30987,0.30987,0.3001,0.3001,0.3001,0.29472,0.3001,0.29472,0.28983,0.3001,0.30499,0.31476,0.32991,0.32991,0.34995,0.35973,0.37977,0.41984,0.45015,0.44477,0.48485,0.51515,0.5,0.48485,0.44477,0.40469,0.37977,0.35973,0.32991,0.31476,0.31476,0.30987,0.31476,0.30499,0.28006,0.20479,0.19501,0.47019,0.9956,1.3157,1.0303,0.70039,0.52493,0.435,0.35973,0.28006,0.26002,0.26491,0.26979,0.28006,0.28495,0.28983,0.3001,0.31476,0.32991,0.34995,0.36999,0.37977,0.3998,0.41984,0.45015,0.47507,0.50978,0.55523,0.60997,0.64516,0.67498,0.69501,0.70039,0.67498,0.65005,0.61486,0.565,0.50978,0.47507,0.435,0.3998,0.37977,0.35484,0.33969,0.32991,0.32991,0.32991,0.32991,0.32502,0.32502,0.32991,0.32991,0.32991,0.34506,0.35484,0.3651,0.37488,0.37977,0.39492,0.3998,0.42473,0.45503,0.46481,0.45992,0.50489,0.51515,0.50489,0.47996,0.43988,0.3998,0.37977,0.35484,0.32991,0.31965,0.31965,0.32502,0.31476,0.30987,0.26979,0.20479,0.28006,0.59531,1.1657,1.3607,0.98045,0.64027
