1.5777,1.5093,1.4497,1.3969,1.3509,1.3157,1.2903,1.2678,1.2512,1.2414,1.2375,1.2414,1.2502,1.2571,1.261,1.263,1.2639,1.2649,1.2659,1.2639,1.26,1.2551,1.2483,1.2385,1.2258,1.2111,1.1955,1.1799,1.1613,1.1398,1.1241,1.1124,1.1026,1.1036,1.129,1.1857,1.2776,1.4047,1.564,1.7488,1.9472,2.1466,2.3138,2.4536,2.5904,2.7116,2.8094,2.8798,2.9238,2.9423,2.9394,2.9179,2.8798,2.828,2.7674,2.7038,2.6364,2.5611,2.4809,2.3949,2.304,2.2102,2.1144,2.0186,1.9208,1.825,1.7341,1.6579,1.5924,1.5249,1.4614,1.4037,1.3529,1.3099,1.2747,1.2463,1.2268,1.2141,1.2072,1.2033,1.2023,1.2053,1.2063,1.2043,1.2023,1.2014,1.2004,1.2004,1.1984,1.1945,1.1906,1.1828,1.175,1.1672,1.1554,1.1388,1.1183,1.0968,1.0753,1.0538,1.0332,1.0147,1.0068,1.0176,1.0538,1.1075,1.1887,1.3118,1.4731,1.6628,1.869,2.0811,2.2884,2.477,2.6403,2.7703,2.8661,2.9247,2.9541,2.9658,2.9599,2.9384,2.9032,2.8543,2.7937,2.7292,2.6608,2.5826,2.4976,2.4076,2.3245,2.2454,2.1554,2.0596,1.9619,1.8671,1.7771,1.6921,1.61,1.5337,1.4663,1.4076,1.3627,1.3284,1.2972,1.2708,1.2502,1.2317,1.217,1.2072,1.2014,1.1994,1.2014,1.2043,1.2082,1.2131,1.218,1.2209,1.2199,1.2151,1.2063,1.1935,1.1799,1.1632,1.1476,1.132,1.1134,1.0987,1.085,1.0665,1.0479,1.0352,1.0352,1.0567,1.1095,1.1994,1.3255,1.4848,1.6686,1.869,2.0459,2.2043,2.3685,2.523,2.6559,2.7605,2.8368,2.8847,2.9091,2.911,2.8915,2.8543,2.8084,2.7546,2.6911,2.6207,2.5435,2.4594,2.3715,2.2815,2.1896,2.0978,2.0059,1.914,1.825,1.7488,1.6804,1.607,1.5337,1.4653,1.4037,1.3509,1.3069,1.2708,1.2424,1.2199,1.2033,1.1955,1.1916,1.1867,1.1828,1.1818,1.1828,1.1848,1.1877,1.1877,1.1848,1.1808,1.176,1.1691,1.1632,1.1584,1.1505,1.1408,1.13,1.1163,1.1007,1.0821,1.0626,1.042,1.0215,1.0059,1.0029,1.0186,1.0606,1.1369,1.2522,1.4057,1.5885,1.7928,2.0059,2.2121,2.4018,2.566,2.6862,2.7732,2.8456,2.8964,2.9238,2.9326,2.9238,2.8974,2.8543,2.7986,2.7331,2.6579,2.5758,2.4985,2.4213,2.3343,2.2414,2.1437,2.043,1.9443,1.8475,1.7537,1.6647,1.5816,1.5064,1.4477,1.3998,1.3539,1.3128,1.2757,1.2454,1.2219,1.2043,1.1926,1.1848,1.1789,1.1779,1.1789,1.1818,1.1867,1.1916,1.1945,1.1935,1.1906,1.1857,1.1789,1.1672,1.1544,1.1427,1.132,1.1251,1.1183,1.1036,1.086,1.0655,1.043,1.0215,1.0039,0.99804,1.0127,1.0547,1.131,1.2444,1.3685,1.5064,1.6794,1.871,2.0665,2.2551,2.4242,2.567,2.6804,2.7674,2.824,2.8495,2.8534,2.8407,2.8162,2.7791,2.7283,2.6676,2.5963,2.5161,2.4301,2.3392,2.2444,2.1496,2.0538,1.9677,1.8886,1.8016,1.7146,1.6315,1.5533,1.4819,1.4154,1.3568,1.306,1.2639,1.2278,1.2033,1.1877,1.174,1.1642,1.1593,1.1603,1.1632,1.1672,1.172,1.1769,1.1818,1.1867,1.1896,1.1906,1.1916,1.1896,1.1838,1.175,1.1642,1.1535,1.1427,1.129,1.1124,1.0929,1.0733,1.0577,1.045,1.0362,1.0381,1.0538,1.0929,1.1632,1.2717,1.4174,1.5934,1.7898,1.999,2.2063,2.3773,2.5171,2.65,2.7615,2.8465,2.9052,2.9404,2.955,2.9511,2.9286,2.8895,2.8358,2.7771,2.7146,2.6403,2.5591,2.4731,2.3822,2.2884,2.1935,2.0997,2.0068,1.9169,1.8289,1.7468,1.6804,1.6217,1.5621,1.5054,1.4536,1.4057,1.3646,1.3333,1.3099,1.2923,1.2815,1.2747,1.2737,1.2776,1.2815,1.2893,1.2981,1.3069,1.3148,1.3216,1.3265,1.3275,1.3255,1.3196,1.3079,1.2981,1.2893,1.2766,1.263,1.2454,1.2229,1.1994,1.1779,1.1584,1.1476,1.1505,1.1701,1.2326,1.304,1.3783,1.4985,1.6549,1.8387,2.0381,2.2395,2.4291,2.6002,2.7478,2.8651,2.9423,2.9892,3.0205,3.0332,3.0264,3.002,2.9629,2.911,2.8495,2.7791,2.7009,2.6178,2.5298,2.4457,2.3617,2.2688,2.1711,2.0714,1.9736,1.8788,1.7898,1.7087,1.6334,1.565,1.5054,1.4594,1.4233,1.3881,1.3587,1.3363,1.3196,1.3079,1.3001,1.2962,1.2962,1.2991,1.3021,1.305,1.3089,1.3109,1.3089,1.306,1.3011,1.2933,1.2815,1.2678,1.2532,1.2366,1.219,1.1994,1.1828,1.1691,1.1515,1.132,1.1134,1.1007,1.1036,1.1281,1.1818,1.2727,1.4018,1.565,1.7546,1.9306,2.0978,2.2825,2.4643,2.6305,2.7722,2.8827,2.9619,3.0147,3.044,3.0508,3.0381,3.0117,2.9717,2.9179,2.8543,2.781,2.6999,2.6149,2.5249,2.433,2.3392,2.2434,2.1457,2.0479,1.9629,1.8866,1.8065,1.7243,1.6461,1.5758,1.5122,1.4565,1.4086,1.3685,1.3382,1.3148,1.3001,1.2933,1.2874,1.2815,1.2776,1.2766,1.2776,1.2796,1.2805,1.2776,1.2737,1.2688,1.2639,1.26,1.2542,1.2434,1.2239,1.2033,1.1877,1.1691,1.1486,1.1281,1.1056,1.0821,1.0616,1.0499,1.0518,1.0714,1.1202,1.2043,1.3255,1.48,1.6637,1.869,2.0841,2.2972,2.4956,2.6696,2.7977,2.8886,2.9648,3.0205,3.0528,3.0606,3.0489,3.0215,2.9804,2.9277,2.8661,2.7967,2.7283,2.6579,2.5787,2.4936,2.4037,2.3089,2.2121,2.1173,2.0225,1.9296,1.8407,1.7556,1.6755,1.61,1.5562,1.5034,1.4545,1.4106,1.3734,1.346,1.3255,1.3011,1.2766,1.263,1.2561,1.2551,1.2581,1.259,1.261,1.262,1.26,1.2561,1.2512,1.2463,1.2395,1.2278,1.2141,1.1994,1.1887,1.176,1.1584,1.1388,1.1163,1.0899,1.0616,1.0371,1.0235,1.0303,1.0635,1.129,1.2111,1.3148,1.4614,1.6422,1.8446,2.0557,2.2659,2.4624,2.6344,2.7761,2.8847,2.9599,3.0049,3.0225,3.0186,2.999,2.9658,2.9228,2.87,2.8084,2.74,2.6667,2.5885,2.5034,2.4115,2.3255,2.2434,2.1515,2.0547,1.9599,1.869,1.782,1.6999,1.6246,1.5552,1.4946,1.4438,1.4066,1.3793,1.3539,1.3314,1.3138,1.3011,1.2952,1.2933,1.2923,1.2923,1.2923,1.2923,1.2923,1.2923,1.2903,1.2864,1.2825,1.2776,1.2727,1.2649,1.2532,1.2395,1.2239,1.2043,1.1818,1.1623,1.1457,1.1271,1.1105,1.1007,1.1046,1.132,1.1887,1.2786,1.4047,1.563,1.7478,1.9472,2.1222,2.2786,2.4409,2.5894,2.7155,2.8152,2.8856,2.9286,2.9482,2.9472,2.9296,2.8964,2.8524,2.8006,2.74,2.6716,2.5963,2.5132,2.4233,2.3284,2.2336,2.1359,2.0381,1.9423,1.8504,1.7732,1.7048,1.6325,1.5591,1.4917,1.4301,1.3763,1.3314,1.2942,1.2659,1.2444,1.2297,1.2229,1.2209,1.2209,1.2209,1.218,1.2141,1.2102,1.2053,1.2004,1.1955,1.1896,1.1828,1.173,1.1642,1.1564,1.1457,1.1349,1.1232,1.1085,1.0909,1.0714,1.0508,1.0293,1.0068,0.98925,0.98338,0.99218,1.0225,1.0831,1.1779,1.3089,1.4712,1.6579,1.8563,2.0557,2.2434,2.4106,2.5513,2.65,2.7155,2.7644,2.7947,2.8045,2.7937,2.7664,2.7253,2.6706,2.607,2.5357,2.4585,2.3851,2.3118,2.2287,2.1388,2.0459,1.9501,1.8543,1.7625,1.6764,1.5943,1.5005,1.4194,1.3675,1.3255,1.2913,1.2581,1.2268,1.2004,1.1808,1.1672,1.1593,1.1564,1.1574,1.1603,1.1642,1.1701,1.1769,1.1838,1.1867,1.1857,1.1828,1.176,1.1652,1.1515,1.1378,1.1251,1.1105,1.0958,1.0841,1.0733,1.0577,1.0391,1.0196,1.001,0.98631,0.98045,0.99022,1.0264,1.0948,1.1984,1.3109,1.437,1.6002,1.7849,1.9746,2.1574,2.3245,2.4682,2.5836,2.6696,2.7263,2.7556,2.7634,2.7546,2.7322,2.6882,2.6276,2.564,2.4946,2.4194,2.3392,2.2561,2.1691,2.0811,1.9912,1.9101,1.8338,1.7527,1.6706,1.5914,1.5181,1.4516,1.392,1.3421,1.3001,1.2639,1.2336,1.2072,1.1887,1.1779,1.1701,1.1662,1.1672,1.172,1.1799,1.1877,1.1955,1.2014,1.2063,1.2072,1.2072,1.2072,1.2033,1.1955,1.1838,1.172,1.1613,1.1505,1.1408,1.129,1.1163,1.1007,1.089,1.0821,1.0762,1.0772,1.0938,1.1329,1.2014,1.304,1.4389,1.6012,1.782,1.9687,2.1505,2.2991,2.4194,2.5347,2.6305,2.7009,2.7468,2.7693,2.7703,2.7527,2.7185,2.6716,2.6139,2.5552,2.4741,2.393,2.3314,2.2571,2.175,2.089,2.002,1.915,1.8289,1.7458,1.6667,1.5904,1.5288,1.478,1.4262,1.3773,1.3324,1.2952,1.2659,1.2444,1.2287,1.218,1.2121,1.2102,1.2131,1.218,1.2229,1.2278,1.2326,1.2375,1.2414,1.2414,1.2395,1.2346,1.2258,1.2141,1.2004,1.1906,1.1818,1.1711,1.1593,1.1447,1.1271,1.1085,1.0919,1.0802,1.0782,1.0938,1.1359,1.1945,1.2747,1.391,1.5376,1.7087,1.8974,2.089,2.2708,2.435,2.5758,2.6891,2.7713,2.825,2.8504,2.8563,2.8485,2.826,2.7889,2.74,2.6823,2.6158,2.5445,2.4682,2.3881,2.303,2.2239,2.1486,2.0635,1.9717,1.8798,1.7898,1.7058,1.6276,1.5562,1.4927,1.4389,1.393,1.3548,1.3284,1.3109,1.2942,1.2796,1.2659,1.2542,1.2454,1.2405,1.2385,1.2405,1.2444,1.2463,1.2473,1.2473,1.2444,1.2405,1.2366,1.2307,1.2219,1.2102,1.1965,1.1808,1.1632,1.1447,1.1241,1.1075,1.0938,1.0782,1.0674,1.0714,1.0968,1.1525,1.2414,1.3646,1.5191,1.6989,1.8935,2.0655,2.219,2.3793,2.5279,2.6686,2.7752,2.8368,2.8807,2.9052,2.9101,2.8954,2.8671,2.827,2.7781,2.7214,2.654,2.5797,2.4985,2.4135,2.3245,2.2326,2.1408,2.0508,1.9619,1.8749,1.8016,1.7351,1.6637,1.5934,1.5279,1.4692,1.4174,1.3724,1.3353,1.306,1.2845,1.2669,1.2542,1.2483,1.2454,1.2424,1.2424,1.2454,1.2493,1.2522,1.2542,1.2532,1.2502,1.2463,1.2414,1.2385,1.2326,1.2229,1.2082,1.1877,1.1662,1.1457,1.1251,1.1056,1.0714,1.0323,1.0068,0.99707,1.0068,1.042,1.1105,1.2151,1.3568,1.5298,1.7253,1.9345,2.1447,2.3402,2.5132,2.6608,2.7674,2.8407,2.8983,2.9335,2.9472,2.9423,2.9198,2.8817,2.8319,2.7732,2.7048,2.6295,2.5562,2.4819,2.3978,2.3069,2.2121,2.1173,2.0205,1.9208,1.8231,1.7322,1.6471,1.566,1.4907,1.4321,1.3842,1.3363,1.2933,1.2571,1.2287,1.2063,1.1896,1.1789,1.172,1.1701,1.1691,1.1701,1.173,1.175,1.176,1.175,1.1711,1.1672,1.1623,1.1574,1.1505,1.1408,1.1281,1.1144,1.1056,1.0958,1.0802,1.0508,1.0205,0.99804,0.97556,0.96383,0.96383,0.97654,1.0186,1.0987,1.1975,1.3157,1.4761,1.6667,1.8719,2.0811,2.2815,2.4897,2.6579,2.7605,2.8407,2.8954,2.9257,2.9316,2.9189,2.8935,2.8553,2.8045,2.7429,2.6735,2.5973,2.5161,2.4291,2.3118,2.2043,2.1369,2.0635,1.9746,1.8827,1.7908,1.7028,1.6188,1.5415,1.4721,1.4106,1.3568,1.3128,1.2786,1.2571,1.2414,1.2268,1.216,1.2092,1.2063,1.2043,1.2043,1.2063,1.2072,1.2072,1.2072,1.2092,1.2102,1.2072,1.2033,1.1994,1.1877,1.174,1.1632,1.1496,1.1349,1.1193,1.1026,1.0831,1.0684,1.0538,1.0352,1.0176,1.0088,1.0176,1.0528,1.1222,1.2317,1.3763,1.5503,1.7458,1.9247,2.0929,2.2766,2.4536,2.61,2.739,2.8368,2.9042,2.9433,2.958,2.9521,2.9277,2.8886,2.8407,2.7879,2.7273,2.6579,2.5806,2.4966,2.4086,2.3167,2.2229,2.1281,2.0332,1.9404,1.8612,1.7898,1.7146,1.6237,1.5435,1.4888,1.436,1.39,1.35,1.3167,1.2913,1.2747,1.2669,1.2649,1.2669,1.2698,1.2708,1.2717,1.2717,1.2717,1.2717,1.2717,1.2708,1.2659,1.261,1.26,1.2581,1.2512,1.2414,1.2287,1.2141,1.1994,1.1828,1.1623,1.1398,1.1183,1.0978,1.086,1.0899,1.1134,1.1642,1.2522,1.3793,1.5973,1.8152,1.9814,2.175,2.4115,2.6158,2.7488,2.8524,2.9404,3.0137,3.0538,3.0753,3.0792,3.0684,3.0411,2.998,2.9208,2.8436,2.784,2.7185,2.6481,2.5679,2.4809,2.39,2.2952,2.1984,2.1017,2.0068,1.913,1.8211,1.7322,1.65,1.5836,1.5279,1.4731,1.4301,1.393,1.3617,1.3412,1.3245,1.3138,1.3079,1.305,1.304,1.305,1.304,1.3011,1.2972,1.2933,1.2884,1.2835,1.2786,1.2688,1.2581,1.2483,1.2366,1.2209,1.2053,1.1906,1.172,1.1525,1.1329,1.1134,1.0968,1.086,1.086,1.1056,1.1554,1.261,1.3695,1.4702,1.6197,1.8504,2.0714,2.2278,2.3939,2.5494,2.6833,2.7889,2.8671,2.9169,2.9443,2.9501,2.9277,2.8847,2.8495,2.8143,2.7429,2.6491,2.5816,2.5269,2.4555,2.3548,2.261,2.1789,2.1017,2.0205,1.9159,1.8426,1.7664,1.6706,1.6041,1.5552,1.4888,1.4194,1.3675,1.3333,1.3099,1.2893,1.2727,1.261,1.2522,1.2454,1.2395,1.2356,1.2326,1.2287,1.2239,1.2219,1.2209,1.217,1.2082,1.1965,1.1838,1.1711,1.1593,1.1466,1.13,1.1124,1.0919,1.0684,1.0479,1.0303,1.0127,1.0039,1.0117,1.043,1.1046,1.2004,1.3324,1.4966,1.6833,1.8827,2.0577,2.2111,2.3705,2.5181,2.6452,2.7458,2.8182,2.8641,2.8856,2.8876,2.8719,2.8407,2.7967,2.7458,2.6901,2.6246,2.5543,2.479,2.3998,2.3157,2.2287,2.1388,2.0499,1.9599,1.869,1.7908,1.7195,1.6442,1.5699,1.4976,1.4301,1.3715,1.3226,1.2835,1.2512,1.2258,1.2053,1.1906,1.1828,1.1789,1.175,1.1701,1.1662,1.1632,1.1613,1.1603,1.1574,1.1554,1.1544,1.1515,1.1486,1.1457,1.1398,1.132,1.1202,1.1046,1.087,1.0674,1.045,1.0215,0.99902,0.97849,0.96188,0.95601,0.96579,0.99022,1.0391,1.1222,1.2395,1.391,1.5699,1.7664,1.9668,2.1613,2.3382,2.4751,2.5797,2.6725,2.7439,2.7898,2.8133,2.8182,2.8065,2.7781,2.737,2.6843,2.6207,2.5562,2.4888,2.4125,2.3294,2.2424,2.1535,2.0635,1.9717,1.8798,1.7898,1.7038,1.6246,1.5494,1.4878,1.436,1.3832,1.3343,1.2933,1.259,1.2307,1.2082,1.1906,1.1779,1.1691,1.1642,1.1662,1.1711,1.175,1.1769,1.176,1.173,1.1691,1.1642,1.1584,1.1505,1.1417,1.1329,1.1232,1.1173,1.1134,1.1036,1.089,1.0714,1.0528,1.0323,1.0127,0.99511,0.98045,0.97458,0.98534,1.0117,1.0616,1.1476,1.2698,1.4223,1.5982,1.7879,1.9804,2.1642,2.3304,2.48,2.6051,2.695,2.7498,2.7791,2.7908,2.7849,2.7625,2.7253,2.6764,2.6188,2.5543,2.4848,2.4086,2.3284,2.2542,2.1818,2.1017,2.0186,1.9335,1.8465,1.7634,1.6862,1.6119,1.5415,1.4741,1.4145,1.3627,1.3245,1.2962,1.2698,1.2473,1.2317,1.2209,1.2151,1.2131,1.2141,1.216,1.218,1.219,1.2199,1.2199,1.218,1.2141,1.2111,1.2102,1.2092,1.2063,1.2004,1.1926,1.1828,1.172,1.1593,1.1476,1.1369,1.1222,1.1036,1.085,1.0684,1.0567,1.0538,1.0684,1.1095,1.1818,1.2874,1.4018,1.5318,1.696,1.8768,2.0626,2.2385,2.3978,2.5337,2.6403,2.7175,2.7674,2.7928,2.7957,2.7801,2.7498,2.7087,2.6579,2.5982,2.5308,2.4585,2.3812,2.3001,2.217,2.132,2.044,1.9648,1.8944,1.8192,1.7429,1.6686,1.5982,1.5347,1.4761,1.4233,1.3773,1.3392,1.3069,1.2805,1.2639,1.2542,1.2483,1.2463,1.2483,1.2512,1.2551,1.26,1.2649,1.2698,1.2717,1.2708,1.2698,1.2698,1.2649,1.2551,1.2424,1.2287,1.216,1.2053,1.1955,1.1838,1.1701,1.1535,1.1349,1.1212,1.1095,1.0968,1.0929,1.1075,1.1447,1.2121,1.3148,1.4497,1.61,1.7898,1.9775,2.1388,2.2796,2.4213,2.5484,2.654,2.7331,2.7849,2.8104,2.8143,2.7986,2.7683,2.7253,2.6716,2.6168,2.5621,2.4995,2.4301,2.3568,2.2805,2.1994,2.1153,2.0303,1.9453,1.8622,1.782,1.7146,1.654,1.5914,1.5337,1.4819,1.435,1.3949,1.3607,1.3333,1.3109,1.2952,1.2845,1.2796,1.2796,1.2815,1.2854,1.2884,1.2913,1.2923,1.2903,1.2874,1.2835,1.2786,1.2717,1.261,1.2522,1.2434,1.2317,1.218,1.2023,1.1877,1.172,1.1544,1.1339,1.1134,1.0929,1.0772,1.0714,1.0792,1.1056,1.1584,1.2444,1.3636,1.5152,1.6911,1.8807,2.0743,2.26,2.4311,2.5767,2.6813,2.7556,2.8152,2.8534,2.87,2.868,2.8495,2.8192,2.7771,2.7253,2.6657,2.5992,2.5347,2.4692,2.3939,2.3109,2.2248,2.1369,2.0479,1.9599,1.8739,1.7908,1.7116,1.6364,1.566,1.5093,1.4633,1.4184,1.3793,1.346,1.3196,1.2991,1.2845,1.2747,1.2669,1.262,1.26,1.261,1.2639,1.2659,1.2678,1.262,1.2502,1.2414,1.2346,1.2287,1.2209,1.2092,1.1965,1.1848,1.1779,1.1701,1.1554,1.1378,1.1183,1.0968,1.0743,1.0538,1.0411,1.043,1.0665,1.1183,1.1877,1.2815,1.4174,1.5885,1.7849,1.9941,2.2043,2.4018,2.5777,2.7273,2.8485,2.9374,2.9971,3.0254,3.0303,3.0196,2.9922,2.9492,2.8935,2.8289,2.7586,2.6833,2.6022,2.5161,2.4252,2.3421,2.261,2.1701,2.0733,1.9756,1.8788,1.7889,1.7048,1.6266,1.5543,1.4897,1.4321,1.3822,1.347,1.3216,1.2972,1.2757,1.26,1.2493,1.2424,1.2405,1.2424,1.2444,1.2463,1.2473,1.2483,1.2483,1.2463,1.2424,1.2375,1.2297,1.218,1.2043,1.1916,1.1779,1.1623,1.1466,1.131,1.1183,1.1065,1.089,1.0655,1.042,1.0235,1.0127,1.0166,1.045,1.1046,1.2014,1.3382,1.4809,1.6344,1.825,2.0313,2.2356,2.4252,2.5914,2.7263,2.8309,2.9042,2.9482,2.9677,2.9668,2.9511,2.9208,2.8768,2.8221,2.7586,2.6862,2.6061,2.522,2.435,2.346,2.2542,2.1613,2.0792,2.0029,1.9179,1.8309,1.7468,1.6667,1.5924,1.5249,1.4653,1.4135,1.3695,1.3324,1.304,1.2854,1.2747,1.2669,1.26,1.2571,1.2571,1.2581,1.259,1.259,1.259,1.2561,1.2522,1.2502,1.2483,1.2405,1.2287,1.2151,1.2004,1.1867,1.174,1.1632,1.1525,1.1417,1.1281,1.1163,1.1056,1.089,1.0723,1.0587,1.0567,1.0782,1.131,1.2199,1.347,1.5103,1.6999,1.9032,2.0841,2.2463,2.4154,2.5728,2.7077,2.8152,2.8905,2.9365,2.957,2.957,2.9394,2.9062,2.8631,2.8143,2.7556,2.6882,2.6129,2.5318,2.4477,2.3597,2.2688,2.176,2.0811,1.9844,1.8895,1.8113,1.7419,1.6686,1.5963,1.5318,1.4741,1.4233,1.3793,1.3431,1.3148,1.2952,1.2825,1.2757,1.2757,1.2776,1.2815,1.2864,1.2913,1.2962,1.2991,1.2972,1.2942,1.2903,1.2835,1.2737,1.2649,1.2581,1.2483,1.2356,1.2229,1.2102,1.1965,1.1838,1.1681,1.1486,1.1271,1.1056,1.0909,1.085,1.088,1.1134,1.1711,1.2649,1.3969,1.5621,1.7537,1.9619,2.175,2.3783,2.5611,2.6999,2.8045,2.8974,2.9687,3.0147,3.0362,3.0381,3.0205,2.9873,2.9413,2.8719,2.7889,2.7155,2.6452,2.5679,2.4848,2.3988,2.3099,2.219,2.1261,2.0342,1.9453,1.8583,1.7742,1.695,1.6295,1.5738,1.5181,1.4673,1.4223,1.3812,1.347,1.3187,1.2972,1.2825,1.2737,1.2708,1.2727,1.2776,1.2825,1.2874,1.2923,1.2972,1.3001,1.2991,1.2933,1.2825,1.2688,1.2502,1.2307,1.216,1.2033,1.1887,1.173,1.1584,1.1408,1.1212,1.1007,1.0782,1.0606,1.0557,1.0723,1.1075,1.1672,1.2659,1.4027,1.5718,1.7654,1.9717,2.1789,2.3763,2.5543,2.7058,2.826,2.915,2.9697,3,3.0176,3.0186,3.002,2.9697,2.9247,2.869,2.8045,2.7331,2.6549,2.5728,2.4966,2.4213,2.3382,2.2502,2.1593,2.0684,1.9785,1.8905,1.8055,1.7253,1.651,1.5826,1.52,1.4712,1.4311,1.392,1.3578,1.3304,1.3089,1.2933,1.2825,1.2766,1.2747,1.2747,1.2747,1.2757,1.2766,1.2747,1.2708,1.2669,1.262,1.2561,1.2463,1.2336,1.2199,1.2053,1.1896,1.1769,1.1652,1.1486,1.129,1.1056,1.0811,1.0587,1.0401,1.0303,1.0381,1.0723,1.1398,1.2434,1.3597,1.4936,1.6686,1.868,2.0762,2.2815,2.4702,2.6344,2.7683,2.871,2.9423,2.9853,3.002,3,2.9873,2.9589,2.9179,2.8671,2.8074,2.739,2.6647,2.5846,2.4985,2.4096,2.3177,2.2336,2.1554,2.0714,1.9863,1.9022,1.8192,1.739,1.6637,1.5924,1.5279,1.4702,1.4194,1.3832,1.3558,1.3304,1.3089,1.2933,1.2825,1.2766,1.2747,1.2757,1.2786,1.2835,1.2854,1.2835,1.2825,1.2825,1.2786,1.2708,1.259,1.2454,1.2307,1.216,1.1994,1.1828,1.1652,1.1466,1.132,1.1193,1.1017,1.0811,1.0616,1.045,1.0401,1.0557,1.1007,1.1818,1.3011,1.4555,1.6393,1.8133,1.9814,2.1701,2.3558,2.5249,2.6706,2.7879,2.8749,2.9316,2.9629,2.9707,2.957,2.9286,2.8886,2.8368,2.7771,2.7087,2.6344,2.5552,2.4712,2.3842,2.2952,2.2033,2.1124,2.0225,1.9433,1.87,1.7928,1.7155,1.6393,1.566,1.4995,1.4379,1.3861,1.3451,1.3118,1.2845,1.2669,1.2571,1.2493,1.2454,1.2463,1.2493,1.2532,1.2581,1.262,1.262,1.259,1.2551,1.2512,1.2493,1.2454,1.2356,1.2239,1.2053,1.1848,1.1681,1.1544,1.1417,1.1261,1.1085,1.089,1.0723,1.0587,1.0459,1.043,1.0626,1.1105,1.1935,1.3148,1.4712,1.654,1.8534,2.0587,2.2581,2.4194,2.5503,2.6755,2.7791,2.8573,2.9101,2.9394,2.9462,2.9355,2.9081,2.868,2.8182,2.7644,2.7067,2.6403,2.566,2.4848,2.3978,2.306,2.2141,2.1222,2.0313,1.9413,1.8553,1.7722,1.7019,1.6403,1.5758,1.5142,1.4585,1.4076,1.3646,1.3294,1.3021,1.2825,1.2688,1.259,1.2561,1.2571,1.2581,1.26,1.262,1.263,1.261,1.2581,1.2542,1.2483,1.2385,1.2268,1.2131,1.2023,1.1916,1.1779,1.1623,1.1447,1.1251,1.1046,1.0802,1.0528,1.0283,1.0117,1.0078,1.0166,1.0469,1.1056,1.1994,1.3275,1.4868,1.6716,1.8729,2.0792,2.2776,2.4585,2.6158,2.7302,2.8113,2.8778,2.9238,2.9492,2.9541,2.9404,2.912,2.8729,2.8221,2.7595,2.6882,2.61,2.5347,2.4585,2.3754,2.2874,2.1965,2.1065,2.0156,1.9238,1.8338,1.7488,1.6676,1.5904,1.5279,1.477,1.4252,1.3763,1.3333,1.2962,1.2669,1.2434,1.2268,1.2151,1.2092,1.2092,1.2121,1.217,1.2209,1.2199,1.217,1.2131,1.2063,1.1955,1.1828,1.1701,1.1584,1.1466,1.132,1.1193,1.1075,1.0919,1.0723,1.0489,1.0235,1.001,0.98338,0.97263,0.97654,1.002,1.0577,1.1486,1.2532,1.3783,1.5455,1.738,1.9423,2.1447,2.3353,2.5064,2.652,2.7703,2.8592,2.9218,2.9541,2.9629,2.958,2.9384,2.9032,2.8553,2.7986,2.7341,2.6618,2.5836,2.5005,2.4145,2.3245,2.2414,2.1642,2.0792,1.9883,1.8964,1.8074,1.7243,1.6452,1.5709,1.5024,1.4399,1.3851,1.3441,1.3118,1.2805,1.2542,1.2317,1.2151,1.2063,1.2023,1.2033,1.2053,1.2063,1.2053,1.2023,1.2004,1.1994,1.1965,1.1916,1.1828,1.172,1.1623,1.1496,1.1359,1.1212,1.1036,1.085,1.0704,1.0577,1.042,1.0235,1.0059,0.99316,0.99218,1.0088,1.0528,1.131,1.2463,1.3959,1.5748,1.7458,1.912,2.1007,2.2913,2.4663,2.6197,2.7439,2.8368,2.8993,2.9335,2.9462,2.9404,2.9179,2.8847,2.8397,2.7879,2.7273,2.6598,2.5865,2.5103,2.4291,2.3421,2.2502,2.1613,2.0733,1.9932,1.9189,1.8387,1.7586,1.6823,1.608,1.5386,1.477,1.4242,1.3803,1.3451,1.3167,1.2991,1.2893,1.2815,1.2766,1.2747,1.2737,1.2727,1.2727,1.2708,1.2678,1.2639,1.259,1.2542,1.2522,1.2483,1.2395,1.2278,1.2141,1.1994,1.1848,1.1691,1.1515,1.1329,1.1134,1.0938,1.0792,1.0684,1.0577,1.0577,1.0772,1.1241,1.2033,1.3157,1.4614,1.6383,1.8338,2.0352,2.2317,2.3891,2.5161,2.6364,2.737,2.8133,2.8641,2.8915,2.8983,2.8866,2.8602,2.8211,2.7722,2.7214,2.6657,2.6022,2.5318,2.4575,2.3783,2.2933,2.2043,2.1134,2.0196,1.9267,1.8377,1.7625,1.696,1.6276,1.5621,1.5034,1.4516,1.4076,1.3705,1.3412,1.3177,1.2981,1.2835,1.2737,1.2688,1.2688,1.2717,1.2757,1.2796,1.2835,1.2835,1.2815,1.2776,1.2737,1.2678,1.259,1.2512,1.2434,1.2307,1.2141,1.1965,1.1779,1.1574,1.1329,1.1085,1.087,1.0674,1.0538,1.0528,1.0674,1.1026,1.1691,1.2698,1.4066,1.5738,1.7634,1.9648,2.1672,2.3578,2.5288,2.6745,2.7781,2.8485,2.9052,2.9433,2.9638,2.9668,2.9521,2.9218,2.8798,2.826,2.7605,2.6872,2.608,2.5327,2.4575,2.3754,2.2893,2.1994,2.1056,2.0108,1.9179,1.827,1.738,1.6549,1.5787,1.5181,1.4682,1.4184,1.3734,1.3363,1.3069,1.2835,1.2669,1.2561,1.2483,1.2444,1.2434,1.2444,1.2473,1.2483,1.2463,1.2434,1.2395,1.2326,1.2219,1.2102,1.1975,1.1828,1.1672,1.1515,1.1398,1.129,1.1144,1.0968,1.0772,1.0547,1.0332,1.0176,1.0137,1.0293,1.0714,1.1466,1.259,1.3812,1.52,1.6979,1.8983,2.1046,2.3021,2.48,2.6315,2.7537,2.8456,2.9101,2.9492,2.9638,2.9589,2.9404,2.9091,2.8661,2.8123,2.7507,2.6833,2.61,2.5327,2.4506,2.3646,2.2766,2.1965,2.1193,2.0332,1.9453,1.8573,1.7742,1.695,1.6197,1.5494,1.4878,1.4321,1.3822,1.3441,1.3167,1.2903,1.2678,1.2493,1.2346,1.2248,1.217,1.2111,1.2053,1.2014,1.1984,1.1955,1.1955,1.1955,1.1945,1.1926,1.1877,1.1779,1.1632,1.1457,1.1271,1.1085,1.089,1.0694,1.0547,1.042,1.0274,1.0127,1.002,1.0039,1.0215,1.0626,1.1378,1.2493,1.3978,1.5777,1.7801,1.9638,2.1349,2.3196,2.4946,2.6481,2.7722,2.868,2.9355,2.9765,2.9951,2.9932,2.9736,2.9413,2.8993,2.8465,2.784,2.7136,2.6364,2.5543,2.4682,2.3812,2.2923,2.2014,2.1095,2.0264,1.9492,1.8641,1.7791,1.697,1.6207,1.5503,1.4868,1.4301,1.3822,1.3421,1.3079,1.2815,1.2649,1.2522,1.2395,1.2297,1.2219,1.217,1.2151,1.2141,1.2121,1.2082,1.2053,1.2043,1.2043,1.2033,1.1984,1.1896,1.1789,1.1662,1.1496,1.132,1.1134,1.0938,1.0753,1.0557,1.0342,1.0186,1.0078,0.99902,1.002,1.0254,1.0772,1.1632,1.2874,1.4438,1.6266,1.826,2.0293,2.2023,2.3509,2.4995,2.6305,2.737,2.8162,2.8651,2.8886,2.8935,2.8817,2.8553,2.8143,2.7634,2.7097,2.652,2.5836,2.5054,2.4213,2.3324,2.2414,2.1496,2.0547,1.9619,1.871,1.784,1.7107,1.6461,1.5777,1.5112,1.4497,1.3939,1.348,1.3109,1.2815,1.2581,1.2414,1.2307,1.2229,1.219,1.217,1.2151,1.2151,1.217,1.2199,1.2209,1.2199,1.217,1.2131,1.2092,1.2033,1.1994,1.1965,1.1877,1.173,1.1554,1.1369,1.1183,1.0987,1.0792,1.0606,1.044,1.0323,1.0313,1.043,1.0733,1.131,1.219,1.3392,1.4907,1.6686,1.8641,2.0645,2.259,2.436,2.5875,2.6979,2.7771,2.8407,2.8827,2.9013,2.9003,2.8837,2.8524,2.8084,2.7537,2.6891,2.6188,2.5445,2.4741,2.4037,2.3245,2.2405,2.1515,2.0587,1.9648,1.8739,1.7879,1.7077,1.6344,1.5689,1.5191,1.477,1.4311,1.3871,1.349,1.3167,1.2903,1.2727,1.261,1.2551,1.2551,1.2571,1.261,1.2669,1.2727,1.2776,1.2786,1.2766,1.2727,1.2688,1.263,1.2542,1.2424,1.2287,1.216,1.2072,1.1975,1.1828,1.1652,1.1466,1.1281,1.1085,1.0919,1.0821,1.086,1.1124,1.1691,1.259,1.3617,1.4819,1.6422,1.8289,2.0274,2.2248,2.4086,2.5699,2.7038,2.8065,2.8788,2.9247,2.9453,2.9462,2.9326,2.9062,2.8671,2.8172,2.7576,2.6891,2.6139,2.5357,2.4565,2.3763,2.2933,2.217,2.1437,2.0606,1.9746,1.8895,1.8074,1.7283,1.652,1.5806,1.5161,1.4585,1.4096,1.3763,1.3529,1.3314,1.3128,1.2991,1.2893,1.2835,1.2815,1.2835,1.2854,1.2864,1.2854,1.2854,1.2854,1.2825,1.2776,1.2708,1.261,1.2483,1.2346,1.2209,1.2053,1.1877,1.1691,1.1505,1.1359,1.1222,1.1046,1.089,1.0811,1.089,1.1222,1.1867,1.2854,1.4194,1.5826,1.7674,1.9365,2.0948,2.2698,2.4418,2.5963,2.7253,2.827,2.8993,2.9443,2.9638,2.9638,2.9472,2.9159,2.8759,2.826,2.7664,2.697,2.6217,2.5415,2.4575,2.3724,2.2864,2.1984,2.1075,2.0147,1.9335,1.8612,1.7859,1.7107,1.6364,1.567,1.5034,1.4467,1.3978,1.3558,1.3206,1.2933,1.2717,1.259,1.2522,1.2483,1.2463,1.2454,1.2434,1.2395,1.2356,1.2307,1.2248,1.218,1.2111,1.2063,1.2033,1.1945,1.1799,1.1632,1.1447,1.1261,1.1065,1.088,1.0694,1.0518,1.0342,1.0225,1.0215,1.0352,1.0714,1.1369,1.2366,1.3724,1.5406,1.7312,1.9345,2.1388,2.3304,2.4985,2.6256,2.7204,2.8045,2.87,2.914,2.9355,2.9374,2.9218,2.8895,2.8446,2.7898,2.7273,2.6579,2.5924,2.5249,2.4497,2.3705,2.2874,2.2014,2.1114,2.0196,1.9286,1.8397,1.7566,1.6794,1.6139,1.5582,1.5015,1.4477,1.3998,1.3568,1.3206,1.2923,1.2688,1.2522,1.2414,1.2336,1.2278,1.2248,1.2229,1.2199,1.216,1.2131,1.2111,1.2102,1.2102,1.2072,1.2014,1.1935,1.1848,1.1779,1.1691,1.1554,1.1369,1.1163,1.0938,1.0714,1.0518,1.0362,1.0283,1.0352,1.0655,1.1261,1.2043,1.3069,1.4516,1.6276,1.8221,2.0244,2.2229,2.4066,2.565,2.695,2.7957,2.868,2.9091,2.9247,2.9277,2.9169,2.8905,2.8504,2.8006,2.7429,2.6774,2.6051,2.5288,2.4487,2.3636,2.2835,2.2043,2.1153,2.0235,1.9326,1.8436,1.7586,1.6804,1.608,1.5425,1.4829,1.4301,1.391,1.3597,1.3284,1.2991,1.2747,1.2571,1.2444,1.2375,1.2366,1.2385,1.2424,1.2454,1.2493,1.2522,1.2512,1.2483,1.2444,1.2405,1.2336,1.2229,1.2092,1.1926,1.174,1.1554,1.1359,1.1212,1.1095,1.0929,1.0743,1.0577,1.0459,1.0459,1.0645,1.1075,1.1818,1.2903,1.4321,1.5748,1.7224,1.8974,2.0831,2.2639,2.4301,2.5748,2.6931,2.781,2.8387,2.87,2.8788,2.869,2.8446,2.8084,2.7625,2.7077,2.6442,2.5728,2.4946,2.4115,2.3265,2.2405,2.1535,2.0655,1.9873,1.914,1.8328,1.7498,1.6676,1.5894,1.5191,1.4565,1.4047,1.3627,1.3275,1.3001,1.2796,1.2669,1.26,1.2542,1.2502,1.2493,1.2502,1.2512,1.2522,1.2532,1.2512,1.2473,1.2434,1.2414,1.2405,1.2346,1.2248,1.2141,1.2033,1.1916,1.1769,1.1603,1.1417,1.1232,1.1036,1.0841,1.0694,1.0606,1.0587,1.0743,1.1153,1.1867,1.2952,1.4389,1.6129,1.8074,2.0108,2.2111,2.3754,2.5103,2.6393,2.7468,2.8289,2.8847,2.915,2.9247,2.9179,2.8944,2.8583,2.8104,2.7517,2.6911,2.6276,2.5552,2.4761,2.393,2.3069,2.219,2.1281,2.0352,1.9423,1.8534,1.7693,1.7009,1.6393,1.5758,1.5152,1.4594,1.4106,1.3715,1.3421,1.3196,1.304,1.2933,1.2854,1.2805,1.2805,1.2845,1.2874,1.2903,1.2913,1.2913,1.2913,1.2893,1.2864,1.2825,1.2766,1.2678,1.26,1.2522,1.2395,1.2239,1.2053,1.1867,1.1672,1.1466,1.1251,1.1075,1.0987,1.1046,1.1349,1.1838,1.2542,1.3636,1.5093,1.6833,1.8778,2.0802,2.2776,2.4585,2.6168,2.7449,2.8426,2.9032,2.9365,2.955,2.957,2.9423,2.913,2.871,2.8192,2.7605,2.695,2.6256,2.5513,2.4712,2.3959,2.3226,2.2414,2.1544,2.0635,1.9726,1.8847,1.7986,1.7155,1.6373,1.564,1.4976,1.4457,1.4047,1.3656,1.3314,1.305,1.2854,1.2717,1.263,1.2561,1.2502,1.2463,1.2444,1.2414,1.2405,1.2395,1.2366,1.2326,1.2287,1.2229,1.2151,1.2063,1.1965,1.1867,1.175,1.1593,1.1466,1.1339,1.1144,1.0919,1.0733,1.0616,1.0635,1.089,1.1457,1.2375,1.3666,1.5288,1.6891,1.8524,2.0411,2.2336,2.4154,2.5767,2.7087,2.8094,2.8798,2.9218,2.9404,2.9394,2.9198,2.8895,2.8504,2.8025,2.7468,2.6823,2.6109,2.5357,2.4565,2.3724,2.2845,2.1945,2.1026,2.0205,1.9443,1.8602,1.7752,1.6911,1.6109,1.5376,1.4712,1.4115,1.3617,1.3226,1.2923,1.2678,1.2522,1.2405,1.2297,1.2219,1.216,1.2102,1.2063,1.2043,1.2033,1.2033,1.2033,1.2014,1.1896,1.1711,1.1574,1.1437,1.1281,1.1095,1.0899,1.0704,1.0508,1.0303,1.0098,0.98827,0.96872,0.95894,0.95992,0.97556,1.0186,1.0948,1.2082,1.3597,1.5406,1.7419,1.9531,2.1613,2.3578,2.5132,2.6354,2.7468,2.8358,2.8993,2.9374,2.9501,2.9413,2.9159,2.8778,2.827,2.7654,2.697,2.6295,2.5611,2.4839,2.4008,2.3118,2.2199,2.1251,2.0283,1.9326,1.8387,1.7488,1.6637,1.5934,1.5318,1.4673,1.4057,1.35,1.303,1.2649,1.2356,1.2151,1.1994,1.1867,1.176,1.1681,1.1642,1.1623,1.1603,1.1593,1.1593,1.1593,1.1593,1.1564,1.1496,1.1408,1.132,1.1222,1.1163,1.1095,1.0978,1.0841,1.0674,1.0489,1.0283,1.0068,0.98729,0.97361,0.97263,0.99413,1.0459,1.1163,1.2111,1.3509,1.5279,1.7312,1.9472,2.1623,2.3646,2.5435,2.694,2.8143,2.9032,2.958,2.9853,2.998,2.9961,2.9785,2.9462,2.9022,2.8485,2.7869,2.7195,2.6471,2.5709,2.4927,2.4184,2.346,2.2639,2.175,2.085,1.9951,1.9081,1.824,1.7439,1.6696,1.6012,1.5415,1.4966,1.4624,1.4321,1.4047,1.3832,1.3705,1.3636,1.3607,1.3587,1.3597,1.3627,1.3656,1.3666,1.3685,1.3705,1.3715,1.3705,1.3666,1.3597,1.35,1.3372,1.3236,1.3089,1.2933,1.2766,1.262,1.2473,1.2268,1.2063,1.1926,1.1945,1.2209,1.2786,1.3724,1.5024,1.6657,1.8543,2.0587,2.2385,2.3988,2.566,2.7195,2.8504,2.9541,3.0293,3.0792,3.1036,3.1056,3.0899,3.0616,3.0235,2.9765,2.9208,2.8573,2.7859,2.7077,2.6256,2.5415,2.4545,2.3666,2.2776,2.1877,2.1065,2.0342,1.9599,1.8856,1.8143,1.7458,1.6852,1.6325,1.5855,1.5455,1.5122,1.4888,1.4741,1.4682,1.4663,1.4653,1.4663,1.4682,1.4692,1.4692,1.4692,1.4682,1.4643,1.4565,1.4477,1.4409,1.434,1.4213,1.4047,1.3861,1.3636,1.3392,1.3138,1.2884,1.2659,1.2502,1.2493,1.2698,1.3089,1.3715,1.4721,1.61,1.7781,1.9668,2.1632,2.3558,2.5357,2.6931,2.824,2.9267,2.9922,3.0293,3.0538,3.0606,3.0499,3.0225,2.9814,2.9277,2.8622,2.7889,2.7087,2.6227,2.5337,2.4516,2.3744,2.2884,2.1975,2.1065,2.0156,1.9228,1.8319,1.7507,1.6774,1.6129,1.5591,1.5191,1.4888,1.4614,1.4399,1.4233,1.4115,1.4047,1.4008,1.3988,1.3978,1.3998,1.4027,1.4047,1.4066,1.4076,1.4047,1.3988,1.391,1.3812,1.3675,1.3529,1.3392,1.3245,1.3109,1.2972,1.2854,1.2727,1.2542,1.2336,1.2121,1.782,1.7107,1.654,1.6061,1.5582,1.5132,1.4741,1.4418,1.4184,1.4008,1.39,1.3842,1.3812,1.3812,1.3842,1.3881,1.392,1.3959,1.3978,1.3988,1.3969,1.39,1.3822,1.3705,1.3558,1.3402,1.3294,1.3196,1.306,1.2874,1.2649,1.2414,1.219,1.2014,1.1955,1.2092,1.2463,1.3148,1.4184,1.5308,1.6549,1.8143,1.9922,2.1701,2.3372,2.4839,2.6012,2.6911,2.7537,2.7908,2.8035,2.7957,2.7732,2.737,2.6872,2.6256,2.5552,2.479,2.3998,2.3177,2.2346,2.1515,2.0684,1.9834,1.9071,1.8368,1.7625,1.6891,1.6197,1.5533,1.4917,1.437,1.3891,1.35,1.3196,1.2981,1.2864,1.2805,1.2757,1.2747,1.2766,1.2805,1.2845,1.2903,1.2972,1.303,1.3089,1.3138,1.3148,1.3148,1.3138,1.3069,1.2952,1.2825,1.2669,1.2473,1.2248,1.2004,1.1769,1.1544,1.1339,1.1183,1.1065,1.0958,1.0929,1.1075,1.1496,1.2229,1.3304,1.4692,1.6334,1.8113,1.9912,2.1603,2.2923,2.3949,2.4839,2.5494,2.5894,2.6041,2.5963,2.5709,2.5288,2.4731,2.4066,2.3343,2.2659,2.1984,2.1212,2.0371,1.9511,1.8622,1.7722,1.6843,1.6002,1.523,1.4487,1.3783,1.3138,1.263,1.2239,1.1848,1.1486,1.1173,1.0929,1.0762,1.0665,1.0626,1.0645,1.0704,1.0792,1.0899,1.1017,1.1124,1.1202,1.1241,1.1261,1.1271,1.1261,1.1222,1.1153,1.1065,1.0938,1.0802,1.0714,1.0626,1.0508,1.0352,1.0186,1.0029,0.98729,0.97165,0.95894,0.95601,0.97067,1.0088,1.0645,1.1437,1.26,1.4047,1.567,1.7351,1.8993,2.0518,2.1848,2.2923,2.3705,2.4194,2.4428,2.4438,2.4291,2.3998,2.3558,2.2991,2.2326,2.1584,2.0792,1.9951,1.9071,1.8162,1.7263,1.651,1.5855,1.5152,1.4448,1.3744,1.3079,1.2473,1.1955,1.1515,1.1144,1.0831,1.0596,1.044,1.0371,1.0362,1.0381,1.045,1.0528,1.0635,1.0762,1.0909,1.1065,1.1241,1.1388,1.1496,1.1593,1.1681,1.172,1.1701,1.1642,1.1564,1.1476,1.1378,1.1281,1.1183,1.1075,1.0948,1.0831,1.0733,1.0762,1.0909,1.1075,1.1398,1.1975,1.2854,1.4047,1.5533,1.7253,1.9081,2.0899,2.2405,2.3656,2.4868,2.5894,2.6667,2.7185,2.7449,2.7458,2.7273,2.6921,2.6422,2.5806,2.52,2.4575,2.3842,2.306,2.2258,2.1427,2.0577,1.9717,1.8876,1.8055,1.7283,1.6559,1.5875,1.5327,1.4868,1.4409,1.4008,1.3675,1.3412,1.3196,1.3021,1.2893,1.2805,1.2757,1.2737,1.2786,1.2884,1.2981,1.306,1.3128,1.3187,1.3226,1.3236,1.3216,1.3177,1.3109,1.2991,1.2835,1.2678,1.2522,1.2326,1.2111,1.1857,1.1603,1.1369,1.1163,1.1007,1.0987,1.1163,1.1603,1.2229,1.3089,1.4321,1.5855,1.7576,1.9374,2.1124,2.2747,2.4135,2.5239,2.6051,2.6569,2.6804,2.6813,2.6676,2.6413,2.6022,2.5523,2.4936,2.4272,2.3548,2.2786,2.1994,2.1163,2.0313,1.956,1.8876,1.8133,1.737,1.6608,1.5875,1.5191,1.4585,1.4057,1.3597,1.3216,1.2923,1.2717,1.262,1.2581,1.2571,1.261,1.2678,1.2766,1.2874,1.3011,1.3157,1.3304,1.346,1.3617,1.3754,1.3871,1.3959,1.4008,1.4027,1.4037,1.4018,1.3959,1.3891,1.3803,1.3695,1.3578,1.346,1.3402,1.3402,1.348,1.3695,1.4125,1.4839,1.5846,1.7146,1.8719,2.0459,2.2268,2.4008,2.5396,2.651,2.7546,2.8377,2.8964,2.9306,2.9423,2.9326,2.9042,2.8641,2.8143,2.7556,2.6901,2.6246,2.5591,2.4819,2.3978,2.3118,2.2248,2.1398,2.0587,1.9804,1.9052,1.8319,1.7644,1.7107,1.6637,1.6168,1.5767,1.5455,1.522,1.5064,1.4976,1.4936,1.4956,1.5005,1.5054,1.5103,1.5161,1.521,1.5249,1.5269,1.5279,1.5269,1.523,1.5161,1.5073,1.4976,1.4848,1.4682,1.4536,1.4399,1.4223,1.4018,1.3783,1.3568,1.3392,1.3333,1.347,1.3861,1.4565,1.5601,1.695,1.8299,1.9687,2.132,2.3021,2.4633,2.608,2.7292,2.824,2.8895,2.9277,2.9413,2.9335,2.9101,2.8749,2.8289,2.7722,2.7067,2.6334,2.5552,2.4731,2.3871,2.2972,2.2053,2.1144,2.0352,1.9619,1.8827,1.8025,1.7243,1.65,1.5846,1.5269,1.4761,1.434,1.3998,1.3724,1.3509,1.3372,1.3304,1.3265,1.3255,1.3275,1.3314,1.3353,1.3402,1.3284,1.3089,1.3021,1.2991,1.2972,1.2962,1.2933,1.2864,1.2747,1.26,1.2444,1.2287,1.2121,1.1945,1.176,1.1603,1.1486,1.1437,1.1496,1.1701,1.2141,1.2893,1.3998,1.5445,1.7204,1.9159,2.1193,2.3196,2.5024,2.6432,2.7498,2.8416,2.911,2.956,2.9785,2.9795,2.9589,2.9228,2.8739,2.8133,2.7429,2.6637,2.5875,2.5122,2.4272,2.3382,2.2454,2.1496,2.0528,1.9589,1.871,1.7869,1.7067,1.6325,1.5718,1.522,1.4731,1.4301,1.393,1.3627,1.3402,1.3275,1.3226,1.3216,1.3216,1.3226,1.3255,1.3304,1.3343,1.3363,1.3372,1.3372,1.3363,1.3314,1.3245,1.3167,1.306,1.2923,1.2776,1.2659,1.2542,1.2375,1.218,1.1984,1.1818,1.174,1.1828,1.217,1.2884,1.3978,1.5435,1.7195,1.8876,2.0489,2.2287,2.4066,2.5679,2.7019,2.8045,2.8788,2.9247,2.9462,2.9462,2.9267,2.8954,2.8543,2.8035,2.7439,2.6755,2.5982,2.5142,2.4262,2.3353,2.2424,2.1476,2.0518,1.9589,1.8788,1.8065,1.7273,1.6491,1.5777,1.5122,1.4545,1.4057,1.3646,1.3324,1.3089,1.2913,1.2825,1.2796,1.2796,1.2825,1.2864,1.2913,1.2962,1.3011,1.304,1.303,1.2991,1.2942,1.2884,1.2835,1.2786,1.2688,1.2571,1.2434,1.2268,1.2063,1.1818,1.1574,1.1339,1.1153,1.1114,1.1251,1.1593,1.2258,1.3294,1.4712,1.6461,1.8456,2.0557,2.2639,2.4575,2.6266,2.7664,2.8759,2.9472,2.9863,3.0088,3.0147,3.0059,2.9804,2.9404,2.8886,2.826,2.7556,2.6774,2.5943,2.5152,2.437,2.3509,2.26,2.1652,2.0694,1.9746,1.8817,1.7928,1.7097,1.6334,1.565,1.5064,1.4614,1.4252,1.3891,1.3587,1.3372,1.3216,1.3128,1.3099,1.3099,1.3109,1.3118,1.3089,1.3079,1.3069,1.304,1.3001,1.2952,1.2874,1.2747,1.26,1.2444,1.2287,1.2121,1.1935,1.176,1.1584,1.1359,1.1124,1.0909,1.0772,1.0821,1.1114,1.175,1.2766,1.4154,1.5885,1.7859,1.9677,2.1388,2.3245,2.5034,2.6598,2.7879,2.8847,2.9511,2.9902,3.0059,3.001,2.9795,2.9453,2.9003,2.8465,2.783,2.7116,2.6344,2.5533,2.4702,2.3842,2.2942,2.2014,2.1065,2.0127,1.9306,1.8583,1.7683,1.6735,1.5924,1.5239,1.4663,1.4164,1.3734,1.3392,1.3148,1.2991,1.2913,1.2884,1.2874,1.2874,1.2893,1.2913,1.2942,1.2952,1.2962,1.2952,1.2903,1.2825,1.2727,1.2669,1.261,1.2493,1.2356,1.2199,1.2033,1.1867,1.1701,1.1535,1.1388,1.13,1.1349,1.1554,1.1984,1.2786,1.3988,1.5572,1.7468,1.957,2.176,2.3891,2.5846,2.7566,2.8993,3.0098,3.0811,3.1222,3.1466,3.1535,3.1427,3.1153,3.0723,3.0176,2.9531,2.8807,2.8016,2.7185,2.6403,2.563,2.479,2.3891,2.2962,2.2043,2.1134,2.0244,1.9394,1.8612,1.7879,1.7204,1.6608,1.6129,1.5718,1.5308,1.4917,1.4594,1.437,1.4233,1.4164,1.4125,1.4106,1.4096,1.4096,1.4106,1.4106,1.4066,1.3988,1.3881,1.3734,1.3558,1.3372,1.3167,1.2952,1.2737,1.2502,1.2248,1.2033,1.1857,1.1701,1.1662,1.1828,1.2287,1.3118,1.4311,1.5846,1.7654,1.9668,2.174,2.349,2.4976,2.6461,2.7791,2.8856,2.9648,3.0156,3.0411,3.045,3.0283,2.9951,2.9482,2.8886,2.825,2.7576,2.6813,2.5982,2.5103,2.4184,2.3255,2.2297,2.132,2.0342,1.9394,1.8495,1.7752,1.7107,1.6452,1.5816,1.522,1.4692,1.4262,1.392,1.3656,1.3451,1.3294,1.3177,1.3089,1.303,1.3001,1.2972,1.2942,1.2923,1.2913,1.2913,1.2893,1.2845,1.2766,1.2688,1.259,1.2502,1.2414,1.2287,1.2141,1.1955,1.172,1.1476,1.1251,1.1085,1.1036,1.1193,1.1662,1.2326,1.3245,1.4614,1.6354,1.8358,2.0489,2.262,2.4594,2.6295,2.7693,2.8768,2.9511,2.9961,3.0108,3.0059,2.9883,2.955,2.9081,2.8495,2.783,2.7087,2.6266,2.5367,2.4428,2.346,2.2551,2.1691,2.0772,1.9844,1.8935,1.8074,1.7263,1.651,1.5816,1.5171,1.4604,1.4125,1.3744,1.348,1.3294,1.3128,1.3001,1.2913,1.2854,1.2825,1.2815,1.2805,1.2805,1.2805,1.2786,1.2766,1.2727,1.2669,1.261,1.2551,1.2463,1.2336,1.219,1.2033,1.1867,1.1691,1.1476,1.1241,1.1056,1.089,1.0694,1.0528,1.0489,1.0655,1.1124,1.1984,1.3226,1.4809,1.6647,1.8622,2.0342,2.1867,2.3421,2.4829,2.5982,2.6852,2.7439,2.7761,2.784,2.7331,2.6461,2.5738,2.5054,2.4399,2.3744,2.3011,2.2229,2.1417,2.0567,1.9677,1.8788,1.7918,1.7067,1.6237,1.5445,1.479,1.4252,1.3724,1.3206,1.2737,1.2336,1.1994,1.172,1.1525,1.1427,1.1408,1.1417,1.1457,1.1525,1.1613,1.1681,1.174,1.1799,1.1828,1.1818,1.176,1.1652,1.1505,1.131,1.1085,1.0899,1.0733,1.0547,1.0352,1.0147,0.99413,0.97067,0.9433,0.91496,0.88856,0.86315,0.84555,0.84262,0.85728,0.89443,0.96383,1.0684,1.2063,1.3724,1.5533,1.737,1.914,2.0743,2.2111,2.3167,2.3861,2.4262,2.4467,2.4467,2.4272,2.391,2.3421,2.2825,2.2141,2.1408,2.0635,1.9834,1.9003,1.825,1.7546,1.6764,1.5953,1.5161,1.4379,1.3627,1.2923,1.2307,1.1769,1.129,1.0909,1.0665,1.0499,1.0362,1.0283,1.0274,1.0323,1.0401,1.0499,1.0626,1.0772,1.0919,1.1075,1.1232,1.1388,1.1535,1.1642,1.172,1.1779,1.1789,1.1769,1.173,1.1691,1.1642,1.1593,1.1515,1.1437,1.1359,1.1241,1.1105,1.0958,1.0821,1.0753,1.085,1.1183,1.1789,1.2698,1.3891,1.5112,1.6403,1.7957,1.958,2.1153,2.2581,2.3773,2.4682,2.5308,2.566,2.5758,2.565,2.5376,2.5005,2.4526,2.392,2.3226,2.2463,2.1652,2.0811,1.9961,1.9091,1.824,1.7419,1.6628,1.5973,1.5406,1.4809,1.4233,1.3715,1.3245,1.2825,1.2483,1.2219,1.2033,1.1945,1.1926,1.1945,1.2004,1.2102,1.2199,1.2297,1.2405,1.2512,1.259,1.263,1.2649,1.2659,1.2639,1.2571,1.2512,1.2454,1.2375,1.2278,1.2151,1.2004,1.1838,1.1662,1.1496,1.1349,1.1261,1.131,1.1574,1.1984,1.26,1.3558,1.4858,1.6422,1.8143,1.9922,2.1642,2.3216,2.4565,2.564,2.6403,2.6852,2.7077,2.7155,2.7097,2.6891,2.6569,2.6119,2.5582,2.4956,2.4252,2.348,2.2649,2.1799,2.1026,2.0313,1.9541,1.8749,1.7977,1.7224,1.6491,1.5816,1.522,1.4702,1.4262,1.3891,1.3627,1.3451,1.3294,1.3167,1.306,1.2991,1.2962,1.2942,1.2962,1.3021,1.3079,1.3118,1.3157,1.3187,1.3216,1.3216,1.3177,1.3109,1.3021,1.2913,1.2776,1.262,1.2434,1.2248,1.2082,1.1955,1.1857,1.1711,1.1984,1.2483,1.2669,1.2757,1.2923,1.3294,1.3978,1.5015,1.6393,1.8065,1.9668,2.1232,2.3011,2.48,2.6461,2.7898,2.9071,2.9941,3.0508,3.0792,3.0841,3.0704,3.0411,3.001,2.9482,2.8847,2.8133,2.7341,2.6481,2.5582,2.4653,2.3695,2.2737,2.1828,2.0958,2.0205,1.9531,1.8837,1.8182,1.7556,1.697,1.6442,1.5982,1.5621,1.5347,1.5142,1.5015,1.4956,1.4956,1.4995,1.5073,1.5161,1.5249,1.5318,1.5367,1.5396,1.5406,1.5386,1.5318,1.523,1.5161,1.5083,1.4956,1.478,1.4585,1.4379,1.4174,1.3969,1.3724,1.347,1.3226,1.304,1.2933,1.2923,1.3245,1.3705,1.4233,1.5171,1.6461,1.8025,1.9785,2.1603,2.3363,2.4966,2.6344,2.7331,2.8006,2.8524,2.8837,2.8944,2.8866,2.8592,2.8172,2.7644,2.7009,2.6285,2.5484,2.4712,2.3949,2.3069,2.2151,2.1232,2.0323,1.9453,1.8641,1.7869,1.7136,1.6481,1.5924,1.5503,1.5191,1.4897,1.4643,1.4428,1.4272,1.4164,1.4115,1.4086,1.4076,1.4066,1.4066,1.4066,1.4076,1.4096,1.4106,1.4096,1.4066,1.4018,1.3969,1.39,1.3803,1.3666,1.3519,1.3333,1.3157,1.2962,1.2688,1.2385,1.2072,1.174,1.1378,1.1036,1.0753,1.0596,1.0626,1.089,1.1447,1.218,1.3148,1.4506,1.6139,1.7928,1.9746,2.1486,2.306,2.4389,2.5435,2.6178,2.6637,2.6833,2.6823,2.6637,2.6315,2.5885,2.5337,2.4712,2.4018,2.3255,2.2454,2.1603,2.0704,1.9795,1.8983,1.825,1.7478,1.6706,1.5992,1.5357,1.48,1.433,1.393,1.3607,1.3363,1.3216,1.3167,1.3187,1.3255,1.3392,1.3597,1.3842,1.4115,1.4418,1.4731,1.5034,1.5308,1.5543,1.5728,1.5865,1.5963,1.6022,1.6041,1.6022,1.5943,1.5846,1.5767,1.566,1.5513,1.5327,1.5103,1.4897,1.4721,1.4555,1.4457,1.4506,1.477,1.5318,1.6158,1.7302,1.871,2.0303,2.1984,2.3646,2.5005,2.61,2.7165,2.8084,2.8768,2.9179,2.9326,2.9277,2.9062,2.868,2.8172,2.7576,2.697,2.6334,2.5601,2.4819,2.3988,2.3118,2.2248,2.1388,2.0547,1.9746,1.9003,1.8328,1.7742,1.7283,1.6911,1.6569,1.6266,1.6031,1.5894,1.5826,1.5787,1.5787,1.566,1.5484,1.5415,1.5406,1.5415,1.5425,1.5415,1.5386,1.5347,1.5298,1.523,1.5142,1.5044,1.4946,1.4848,1.4741,1.4663,1.4575,1.4428,1.4242,1.4037,1.3822,1.3656,1.3568,1.3627,1.391,1.4497,1.5406,1.6413,1.7576,1.9091,2.0802,2.2551,2.4213,2.5709,2.6979,2.7996,2.8759,2.9257,2.9501,2.9531,2.9394,2.9101,2.8661,2.8104,2.7449,2.6735,2.5953,2.5122,2.4262,2.3382,2.2512,2.1652,2.0909,2.0205,1.9443,1.87,1.7957,1.7263,1.6628,1.6041,1.5552,1.5161,1.4848,1.4604,1.4409,1.4301,1.4262,1.4242,1.4233,1.4252,1.4291,1.4321,1.435,1.437,1.4379,1.4379,1.4379,1.4389,1.4379,1.4321,1.4242,1.4154,1.4027,1.3842,1.3636,1.3431,1.3206,1.2972,1.2757,1.2581,1.2414,1.2209,1.2033,1.1926,1.1935,1.2141,1.263,1.3451,1.4624,1.608,1.7742,1.9521,2.1085,2.2483,2.39,2.5161,2.6207,2.6989,2.7498,2.7752,2.7791,2.7625,2.7263,2.6755,2.6197,2.5591,2.4868,2.3822,2.2835,2.2102,2.1281,2.0401,1.9501,1.8592,1.7693,1.6843,1.6031,1.5367,1.478,1.4174,1.3607,1.3109,1.2688,1.2346,1.2082,1.1896,1.1799,1.1769,1.1808,1.1877,1.1955,1.2023,1.2082,1.2141,1.219,1.2229,1.2239,1.2219,1.218,1.2131,1.2072,1.1984,1.1926,1.1887,1.1818,1.174,1.1662,1.1574,1.1476,1.1349,1.1173,1.0987,1.0811,1.0714,1.0723,1.0899,1.131,1.2004,1.3001,1.4311,1.5885,1.7634,1.9423,2.1173,2.2776,2.4154,2.5279,2.6022,2.6471,2.6755,2.6843,2.6774,2.654,2.6158,2.5679,2.5103,2.4448,2.3744,2.2972,2.2239,2.1544,2.0762,1.9922,1.9081,1.826,1.7488,1.6764,1.607,1.5435,1.4858,1.433,1.3871,1.3548,1.3343,1.3177,1.305,1.2991,1.2981,1.3011,1.306,1.3157,1.3284,1.3412,1.3529,1.3636,1.3715,1.3754,1.3763,1.3724,1.3656,1.3578,1.349,1.3392,1.3304,1.3206,1.3099,1.2962,1.2854,1.2757,1.262,1.2463,1.2317,1.2268,1.2414,1.2805,1.35,1.4536,1.5894,1.7527,1.9091,2.0645,2.2375,2.4086,2.567,2.7028,2.8104,2.8886,2.9384,2.9629,2.9687,2.956,2.9247,2.8827,2.8338,2.7752,2.7067,2.6305,2.5484,2.4624,2.3734,2.2825,2.1662,2.0606,1.9844,1.9101,1.8387,1.7625,1.6882,1.6188,1.5552,1.4985,1.4497,1.4076,1.3734,1.348,1.3294,1.3167,1.3099,1.3079,1.3069,1.3069,1.3079,1.3109,1.3138,1.3157,1.3167,1.3167,1.3157,1.3118,1.3089,1.305,1.2972,1.2864,1.2688,1.2522,1.2395,1.2239,1.2033,1.1818,1.1642,1.1652,1.1779,1.219,1.2737,1.3793,1.5601,1.6999,1.8719,2.1075,2.3148,2.4594,2.5875,2.7234,2.8094,2.8612,2.8954,2.9101,2.9062,2.8856,2.8504,2.8025,2.7449,2.6794,2.6061,2.5239,2.4448,2.3666,2.2815,2.1916,2.0987,2.0059,1.914,1.825,1.738,1.6569,1.5826,1.5152,1.4565,1.4125,1.3783,1.346,1.3187,1.2981,1.2845,1.2747,1.2698,1.2698,1.2727,1.2766,1.2815,1.2884,1.2962,1.3011,1.304,1.305,1.304,1.3011,1.2952,1.2854,1.2727,1.2581,1.2424,1.2258,1.2121,1.1975,1.1769,1.1564,1.1427,1.1369,1.1447,1.176,1.2405,1.3431,1.48,1.6491,1.8143,1.9756,2.1613,2.3509,2.5279,2.6813,2.8074,2.9032,2.9668,3.002,3.0137,3.0078,2.9824,2.9443,2.8964,2.8387,2.7713,2.697,2.6158,2.5298,2.4418,2.3519,2.259,2.1642,2.0684,1.9853,1.9091,1.828,1.7449,1.6657,1.5904,1.522,1.4614,1.4096,1.3675,1.3353,1.3118,1.2962,1.2903,1.2913,1.2942,1.2991,1.303,1.305,1.306,1.306,1.306,1.305,1.3011,1.2962,1.2942,1.2913,1.2835,1.2717,1.259,1.2454,1.2307,1.2151,1.1994,1.1828,1.1662,1.1525,1.1486,1.1574,1.1867,1.2493,1.35,1.4858,1.654,1.8475,2.0518,2.2561,2.4487,2.6188,2.7605,2.8602,2.9267,2.9765,3.0039,3.0108,3.001,2.9756,2.9355,2.8837,2.8221,2.7517,2.6745,2.5924,2.5161,2.4409,2.3568,2.2669,2.173,2.0782,1.9844,1.8925,1.8045,1.7224,1.6461,1.5758,1.52,1.4761,1.435,1.3988,1.3685,1.3441,1.3265,1.3148,1.3089,1.3079,1.3069,1.3069,1.3069,1.3079,1.3079,1.306,1.3021,1.2942,1.2835,1.2717,1.2571,1.2414,1.2258,1.2102,1.1935,1.1799,1.1652,1.1457,1.1251,1.1046,1.0919,1.0968,1.1261,1.1877,1.2874,1.4096,1.5572,1.7439,1.9208,2.088,2.2717,2.4487,2.6041,2.7331,2.8319,2.8993,2.9404,2.957,2.9511,2.9286,2.8935,2.8495,2.7957,2.7312,2.6579,2.5748,2.4839,2.3851,2.2835,2.1799,2.0753,1.9707,1.8798,1.7977,1.7126,1.6276,1.5445,1.4682,1.4008,1.3412,1.2893,1.2454,1.2072,1.1769,1.1554,1.1427,1.1369,1.131,1.1281,1.129,1.131,1.132,1.1329,1.132,1.129,1.1232,1.1134,1.1046,1.0958,1.0831,1.0665,1.0499,1.0332,1.0137,0.99316,0.97067,0.9433,0.91496,0.88954,0.87292,0.86999,0.8827,0.91593,0.98143,1.0821,1.2219,1.3969,1.5982,1.8143,2.0313,2.2336,2.4135,2.5474,2.6452,2.7273,2.7859,2.8211,2.8328,2.825,2.8016,2.7634,2.7116,2.6481,2.5738,2.4917,2.4115,2.3324,2.2424,2.1466,2.0469,1.9443,1.8426,1.7449,1.65,1.5601,1.4751,1.3959,1.3333,1.2825,1.2317,1.1838,1.1417,1.1065,1.0811,1.0655,1.0577,1.0567,1.0606,1.0655,1.0704,1.0772,1.0831,1.085,1.0831,1.0792,1.0743,1.0694,1.0626,1.0538,1.042,1.0264,1.0078,0.99316,0.97947,0.96188,0.94233,0.92082,0.90029,0.88172,0.86901,0.86804,0.88563,0.93157,1.0147,1.1359,1.2669,1.4125,1.5963,1.7996,2.0039,2.1965,2.3675,2.5122,2.6256,2.7067,2.7537,2.7742,2.7752,2.7586,2.7263,2.6804,2.6227,2.5543,2.477,2.3939,2.3069,2.2151,2.1183,2.0205,1.9198,1.8309,1.7498,1.6628,1.5748,1.4907,1.4125,1.3402,1.2747,1.218,1.1691,1.1261,1.0919,1.0723,1.0645,1.0606,1.0596,1.0616,1.0645,1.0674,1.0684,1.0694,1.0714,1.0723,1.0714,1.0674,1.0655,1.0645,1.0626,1.0587,1.0499,1.0362,1.0176,0.99804,0.97654,0.9521,0.92571,0.90029,0.88172,0.87097,0.86315,0.86608,0.88856,0.93744,1.0205,1.1378,1.2884,1.4682,1.6676,1.8739,2.0743,2.2385,2.3724,2.4976,2.6022,2.6794,2.7273,2.7517,2.7556,2.738,2.7009,2.651,2.5914,2.5288,2.4614,2.3851,2.3021,2.2121,2.1173,2.0186,1.9159,1.8133,1.7136,1.6168,1.5239,1.437,1.3675,1.3099,1.2551,1.2072,1.1652,1.13,1.1026,1.0831,1.0723,1.0665,1.0655,1.0665,1.0694,1.0753,1.0792,1.0811,1.1153,1.1642,1.1867,1.1984,1.2023,1.2023,1.1994,1.1945,1.1906,1.1857,1.174,1.1574,1.1388,1.1183,1.0938,1.0684,1.0459,1.0283,1.0196,1.0274,1.0587,1.1085,1.1818,1.2923,1.4389,1.6139,1.8084,2.0117,2.2072,2.3851,2.5396,2.6647,2.7586,2.8162,2.8465,2.8612,2.8583,2.8387,2.8035,2.7546,2.695,2.6276,2.5533,2.4721,2.3851,2.2962,2.2151,2.1378,2.0538,1.9687,1.8837,1.8016,1.7214,1.6432,1.5699,1.5034,1.4428,1.39,1.3539,1.3284,1.3069,1.2913,1.2805,1.2747,1.2747,1.2776,1.2815,1.2884,1.2972,1.304,1.3109,1.3177,1.3255,1.3304,1.3314,1.3294,1.3236,1.3138,1.3021,1.2884,1.2737,1.259,1.2405,1.2239,1.2092,1.1916,1.172,1.1554,1.1496,1.1613,1.1994,1.2727,1.3812,1.5249,1.7009,1.8974,2.0743,2.2366,2.4057,2.565,2.7048,2.8192,2.9042,2.9599,2.9902,2.9971,2.9853,2.957,2.9179,2.8719,2.8162,2.7517,2.6823,2.607,2.5269,2.4438,2.3558,2.263,2.1672,2.0704,1.9775,1.8983,1.828,1.7546,1.6843,1.6168,1.5543,1.4995,1.4536,1.4164,1.3881,1.3666,1.3519,1.3451,1.3441,1.346,1.349,1.3509,1.3539,1.3548,1.3539,1.3509,1.347,1.3421,1.3372,1.3314,1.3265,1.3216,1.3118,1.2991,1.2845,1.2669,1.2444,1.219,1.1916,1.1681,1.1535,1.1554,1.173,1.2131,1.2884,1.4008,1.5484,1.7234,1.9169,2.1193,2.3196,2.5064,2.6686,2.8025,2.9062,2.9707,3.0059,3.0254,3.0293,3.0166,2.9892,2.9492,2.8983,2.8377,2.7683,2.6901,2.608,2.5327,2.4614,2.3842,2.3021,2.218,2.1329,2.0459,1.9609,1.8798,1.8025,1.7302,1.6647,1.6061,1.5621,1.5298,1.5005,1.477,1.4585,1.4467,1.4409,1.4399,1.4448,1.4526,1.4594,1.4643,1.4692,1.4731,1.4751,1.4761,1.4731,1.4673,1.4575,1.4438,1.4262,1.4086,1.39,1.3715,1.3548,1.3421,1.3294,1.3099,1.2903,1.2737,1.2678,1.2845,1.3304,1.4096,1.5249,1.6764,1.8583,2.0283,2.1906,2.3724,2.5533,2.7195,2.8631,2.9804,3.0694,3.13,3.1652,3.1779,3.1691,3.1457,3.1105,3.0635,3.0078,2.9433,2.871,2.7928,2.7107,2.6237,2.5327,2.4409,2.3196,2.1877,2.0909,2.0137,1.9394,1.868,1.8006,1.739,1.6833,1.6344,1.5904,1.5533,1.521,1.4956,1.479,1.4702,1.4643,1.4614,1.4604,1.4594,1.4594,1.4594,1.4575,1.4545,1.4497,1.4418,1.433,1.4272,1.4194,1.4057,1.3891,1.3705,1.35,1.3294,1.3069,1.2835,1.26,1.2366,1.216,1.2063,1.2092,1.2326,1.2835,1.3675,1.4839,1.6305,1.7986,1.9785,2.1584,2.3284,2.48,2.61,2.7019,2.7644,2.8152,2.8475,2.8612,2.8563,2.8348,2.7986,2.7507,2.695,2.6315,2.5621,2.4946,2.4272,2.3519,2.2717,2.1877,2.0997,2.0108,1.9238,1.8407,1.7625,1.6901,1.6246,1.564,1.5171,1.48,1.4438,1.4106,1.3822,1.3587,1.3392,1.3255,1.3167,1.3118,1.3089,1.3079,1.3089,1.3118,1.3118,1.3099,1.3069,1.303,1.2962,1.2854,1.2727,1.2581,1.2405,1.2199,1.1984,1.1828,1.1701,1.1544,1.1349,1.1105,1.0841,1.0577,1.0342,1.0176,1.0137,1.0303,1.0753,1.1378,1.2219,1.3412,1.4888,1.6569,1.8328,2.0039,2.1613,2.2972,2.4076,2.4917,2.5474,2.5797,2.5904,2.5855,2.566,2.5327,2.4868,2.4321,2.3675,2.2952,2.216,2.132,2.045,1.955,1.8749,1.8016,1.7253,1.6481,1.5718,1.5005,1.4321,1.3656,1.304,1.2493,1.2033,1.1672,1.1388,1.1202,1.1085,1.0997,1.0958,1.0948,1.0978,1.1046,1.1124,1.1212,1.13,1.1398,1.1486,1.1584,1.1652,1.1691,1.1711,1.1701,1.1662,1.1593,1.1515,1.1408,1.1251,1.1085,1.0899,1.0714,1.0577,1.0459,1.0313,1.0186,1.0098,1.0108,1.0293,1.0723,1.1447,1.2473,1.3793,1.5318,1.6745,1.8113,1.9619,2.1085,2.2405,2.3519,2.437,2.4936,2.5249,2.5337,2.5249,2.5015,2.4682,2.4262,2.3734,2.3109,2.2405,2.1662,2.088,2.0068,1.9267,1.8456,1.7664,1.6891,1.6149,1.5523,1.4956,1.436,1.3803,1.3304,1.2874,1.2522,1.2239,1.2014,1.1867,1.1799,1.1769,1.1799,1.1848,1.1896,1.1935,1.1984,1.2033,1.2082,1.2131,1.218,1.2219,1.2219,1.2199,1.216,1.2141,1.2131,1.2102,1.2053,1.1975,1.1877,1.175,1.1593,1.1417,1.1241,1.1075,1.0968,1.0948,1.1065,1.1359,1.1906,1.2776,1.4066,1.5728,1.7605,1.9629,2.1652,2.3558,2.5288,2.6784,2.7879,2.8641,2.9257,2.9697,2.9941,2.999,2.9834,2.9521,2.9081,2.8534,2.7889,2.7165,2.6442,2.5718,2.4897,2.4027,2.3128,2.2209,2.129,2.0401,1.957,1.8798,1.8094,1.7468,1.694,1.6549,1.6237,1.5943,1.5679,1.5464,1.5308,1.52,1.5122,1.5073,1.5054,1.5073,1.5112,1.5152,1.5191,1.5191,1.5171,1.5122,1.5044,1.4956,1.4858,1.4761,1.4663,1.4565,1.4448,1.4301,1.4164,1.4018,1.3803,1.3578,1.3372,1.3236,1.3236,1.347,1.3978,1.4839,1.6051,1.7566,1.9071,2.0616,2.2424,2.4301,2.609,2.7674,2.8983,3,3.0743,3.1212,3.1447,3.1466,3.129,3.0987,3.0577,3.0039,2.9413,2.8719,2.7967,2.7175,2.6354,2.5513,2.4643,2.3763,2.2884,2.2102,2.1378,2.0616,1.9853,1.913,1.8475,1.7898,1.739,1.695,1.6579,1.6276,1.6041,1.5846,1.5709,1.563,1.5562,1.5533,1.5513,1.5484,1.5435,1.5367,1.5259,1.5142,1.5024,1.4917,1.4829,1.4721,1.4565,1.4389,1.4174,1.391,1.3636,1.3382,1.3128,1.2874,1.259,1.2278,1.1984,1.1789,1.172,1.1789,1.2102,1.2747,1.3763,1.5132,1.6794,1.8651,2.0577,2.2444,2.4135,2.5435,2.6432,2.7292,2.7928,2.8309,2.8446,2.8368,2.8104,2.7693,2.7165,2.6559,2.5875,2.5132,2.4428,2.3724,2.2903,2.2004,2.1075,2.0127,1.9189,1.825,1.7331,1.6442,1.5591,1.48,1.4164,1.3627,1.3069,1.2551,1.2102,1.172,1.1417,1.1193,1.1026,1.0919,1.087,1.0841,1.085,1.089,1.0938,1.0987,1.1026,1.1046,1.1056,1.1046,1.1007,1.0938,1.0841,1.0714,1.0557,1.043,1.0332,1.0205,1.0068,0.99022,0.97067,0.94819,0.92473,0.90323,0.88856,0.88563,0.90323,0.94037,0.99902,1.0909,1.2151,1.3685,1.5425,1.7263,1.9101,2.0821,2.2326,2.3548,2.4477,2.5112,2.5455,2.5582,2.5543,2.5327,2.4985,2.4516,2.3939,2.3284,2.2551,2.176,2.0929,2.0068,1.9286,1.8543,1.7742,1.6921,1.6119,1.5367,1.4633,1.3939,1.3314,1.2757,1.2287,1.1916,1.1613,1.1427,1.132,1.1241,1.1212,1.1241,1.13,1.1388,1.1466,1.1535,1.1593,1.1632,1.1896,1.2278,1.2483,1.259,1.2639,1.2639,1.26,1.2532,1.2444,1.2326,1.218,1.2014,1.1848,1.1662,1.1515,1.1408,1.129,1.1173,1.1105,1.1144,1.1369,1.1818,1.2551,1.3587,1.4907,1.6442,1.7859,1.9208,2.0694,2.2151,2.347,2.4555,2.5386,2.5953,2.6256,2.6344,2.6256,2.6002,2.563,2.521,2.4741,2.4184,2.3548,2.2864,2.2151,2.1417,2.0665,1.9902,1.915,1.8407,1.7693,1.7097,1.6559,1.5982,1.5415,1.4888,1.4428,1.4037,1.3705,1.3441,1.3236,1.3089,1.3001,1.2972,1.2981,1.303,1.3089,1.3157,1.3226,1.3275,1.3314,1.3324,1.3304,1.3265,1.3187,1.3079,1.3001,1.2923,1.2825,1.2727,1.26,1.2444,1.2278,1.2111,1.1926,1.174,1.1574,1.1496,1.1564,1.1789,1.2209,1.2923,1.3939,1.5239,1.6784,1.8465,2.0196,2.1857,2.3372,2.4673,2.5709,2.6393,2.6813,2.7107,2.7253,2.7243,2.7067,2.6764,2.6334,2.5816,2.522,2.4575,2.3891,2.3167,2.2502,2.1848,2.1124,2.0352,1.956,1.8768,1.7996,1.7273,1.6598,1.5992,1.5445,1.4946,1.4555,1.4252,1.3969,1.3734,1.3558,1.3421,1.3333,1.3265,1.3226,1.3216,1.3216,1.3216,1.3236,1.3275,1.3284,1.3265,1.3236,1.3196,1.3157,1.3099,1.3021,1.2913,1.2776,1.262,1.2444,1.2287,1.2151,1.1955,1.175,1.1574,1.1447,1.1417,1.1525,1.1848,1.2434,1.3324,1.4516,1.5738,1.7028,1.8592,2.0235,2.1818,2.3236,2.4428,2.5367,2.6031,2.6452,2.6667,2.6686,2.6549,2.6315,2.5992,2.5562,2.5054,2.4477,2.3851,2.3167,2.2444,2.1681,2.0899,2.0088,1.9277,1.8573,1.7947,1.7292,1.6637,1.6002,1.5406,1.4848,1.437,1.3959,1.3627,1.3363,1.3157,1.3021,1.2952,1.2942,1.2962,1.2991,1.303,1.3069,1.3109,1.3148,1.3177,1.3187,1.3167,1.3138,1.3128,1.3109,1.304,1.2942,1.2835,1.2717,1.2571,1.2414,1.2229,1.2014,1.1799,1.1603,1.1437,1.1359,1.1378,1.1525,1.1906,1.26,1.3607,1.4888,1.6393,1.8065,1.9785,2.1427,2.2913,2.4037,2.4878,2.5591,2.6109,2.6432,2.6549,2.6481,2.6276,2.5943,2.5494,2.4966,2.436,2.3685,2.305,2.2444,2.175,2.1007,2.0254,1.9638,1.9062,1.8338,1.7566,1.6774,1.6002,1.5298,1.4741,1.4321,1.393,1.3607,1.3353,1.3167,1.305,1.2981,1.2952,1.2972,1.3001,1.306,1.3128,1.3206,1.3284,1.3333,1.3343,1.3324,1.3284,1.3245,1.3196,1.3128,1.303,1.2903,1.2757,1.2639,1.2532,1.2356,1.2151,1.1935,1.1711,1.1486,1.132,1.131,1.1525,1.2063,1.2991,1.4301,1.5689,1.7214,1.9091,2.1114,2.3138,2.5005,2.6628,2.7947,2.8954,2.9629,3,3.0117,3.0029,2.9765,2.9365,2.8856,2.825,2.7576,2.6852,2.607,2.5239,2.437,2.3451,2.2493,2.1544,2.0723,1.9961,1.914,1.8299,1.7468,1.6676,1.5973,1.5367,1.4848,1.4409,1.4076,1.3851,1.3744,1.3705,1.3695,1.3705,1.3705,1.3705,1.3705,1.3705,1.3705,1.3705,1.3705,1.3695,1.3666,1.3646,1.3636,1.3607,1.3568,1.349,1.3372,1.3236,1.3069,1.2864,1.263,1.2395,1.217,1.2014,1.1945,1.1965,1.218,1.2688,1.3578,1.4848,1.6471,1.8397,2.0489,2.261,2.4643,2.6285,2.7595,2.8817,2.9804,3.0508,3.0948,3.1134,3.1095,3.085,3.045,2.9922,2.9306,2.8631,2.7957,2.7273,2.6481,2.5621,2.4692,2.3715,2.2727,2.175,2.0772,1.9814,1.8905,1.8035,1.7322,1.6706,1.609,1.5543,1.5064,1.4653,1.4301,1.4018,1.3822,1.3695,1.3627,1.3597,1.3617,1.3646,1.3675,1.3695,1.3705,1.3695,1.3666,1.3617,1.3568,1.349,1.3372,1.3216,1.3021,1.2845,1.2669,1.2454,1.2219,1.1994,1.175,1.1486,1.1241,1.1085,1.1065,1.13,1.1877,1.2815,1.3891,1.5161,1.6872,1.8856,2.0948,2.3011,2.4927,2.6598,2.7967,2.9013,2.9746,3.0176,3.0323,3.0264,3.0059,2.9697,2.9208,2.8622,2.7947,2.7195,2.6373,2.5513,2.4614,2.3675,2.2708,2.1848,2.1046,2.0147,1.9218,1.8309,1.7429,1.6588,1.5806,1.5083,1.4438,1.39,1.3451,1.3138,1.2923,1.2747,1.262,1.2561,1.2561,1.26,1.2659,1.2727,1.2805,1.2864,1.2923,1.2981,1.305,1.3099,1.3099,1.304,1.2933,1.2786,1.259,1.2375,1.216,1.1945,1.173,1.1515,1.1349,1.1241,1.1144,1.1153,1.1359,1.1848,1.2698,1.3939,1.5562,1.7488,1.9619,2.1838,2.3666,2.4917,2.6051,2.7204,2.8201,2.8964,2.9482,2.9765,2.9824,2.9697,2.9423,2.9013,2.8465,2.7879,2.7253,2.6549,2.5777,2.4966,2.4106,2.3206,2.2278,2.1329,2.0391,1.9472,1.8583,1.7752,1.7058,1.6461,1.5865,1.5298,1.477,1.4311,1.391,1.3578,1.3314,1.3099,1.2942,1.2835,1.2796,1.2776,1.2757,1.2727,1.2688,1.2639,1.259,1.2542,1.2463,1.2346,1.2209,1.2063,1.1896,1.175,1.1593,1.1388,1.1144,1.086,1.0567,1.0264,0.99902,0.9824,0.98338,1.0098,1.0694,1.1476,1.2512,1.3969,1.5758,1.7752,1.9804,2.1808,2.3646,2.522,2.6491,2.7468,2.8143,2.8534,2.8661,2.8592,2.8387,2.8035,2.7556,2.6979,2.6325,2.5591,2.478,2.391,2.2991,2.2053,2.1202,2.0381,1.9472,1.8534,1.7595,1.6676,1.5816,1.5005,1.4262,1.3597,1.3021,1.2522,1.2151,1.1867,1.1574,1.1339,1.1173,1.1065,1.1007,1.1007,1.1046,1.1085,1.1124,1.1144,1.1134,1.1134,1.1134,1.1105,1.1056,1.0978,1.088,1.0772,1.0635,1.0479,1.0293,1.0098,0.98925,0.97263,0.95601,0.93451,0.91105,0.89052,0.88172,0.89247,0.93157,1.0068,1.1193,1.2678,1.4497,1.653,1.8368,2.0049,2.1808,2.3441,2.4829,2.5934,2.6716,2.7214,2.7458,2.7478,2.7292,2.694,2.6491,2.5943,2.5298,2.4565,2.3763,2.2923,2.2053,2.1163,2.0254,1.9345,1.8426,1.7527,1.6637,1.5875,1.522,1.4526,1.3842,1.3226,1.2688,1.2239,1.1867,1.1584,1.1369,1.1241,1.1183,1.1193,1.1241,1.129,1.1339,1.1388,1.1447,1.1476,1.1457,1.1427,1.1388,1.1339,1.1271,1.1193,1.1134,1.1095,1.1017,1.0919,1.0792,1.0645,1.0479,1.0293,1.0068,0.9824,0.96285,0.95308,0.95699,0.98045,1.0313,1.1163,1.2395,1.3959,1.5777,1.7732,1.9717,2.1613,2.3324,2.4761,2.5885,2.6618,2.7019,2.7234,2.7243,2.7087,2.6755,2.6305,2.5767,2.5122,2.4409,2.3646,2.2835,2.2072,2.1329,2.0499,1.9609,1.868,1.7742,1.6823,1.5934,1.5093,1.433,1.3666,1.3079,1.2581,1.2209,1.1935,1.1691,1.1505,1.1369,1.129,1.1261,1.1271,1.131,1.1349,1.1398,1.1447,1.1515,1.1584,1.1623,1.1613,1.1584,1.1544,1.1789,1.216,1.2268,1.2268,1.2219,1.2131,1.2004,1.1887,1.1779,1.1632,1.1466,1.1339,1.13,1.1427,1.1808,1.2512,1.3558,1.4936,1.6608,1.8201,1.9756,2.1505,2.3245,2.4819,2.6149,2.7175,2.7918,2.8407,2.8651,2.8671,2.8514,2.8201,2.7801,2.7331,2.6774,2.6158,2.5474,2.4721,2.393,2.3109,2.2258,2.1388,2.0518,1.9648,1.8895,1.8221,1.7498,1.6794,1.6149,1.5572,1.5054,1.4594,1.4223,1.3939,1.3734,1.3597,1.3529,1.3519,1.3539,1.3568,1.3607,1.3656,1.3705,1.3754,1.3793,1.3793,1.3773,1.3734,1.3695,1.3666,1.3607,1.3509,1.3382,1.3245,1.3079,1.2874,1.2649,1.2434,1.2239,1.2082,1.1984,1.2004,1.217,1.2561,1.3245,1.4252,1.5601,1.7243,1.9081,2.0997,2.2893,2.4643,2.6158,2.738,2.8192,2.869,2.9022,2.9179,2.9169,2.9003,2.869,2.824,2.7683,2.7038,2.6325,2.5582,2.4878,2.4164,2.3382,2.259,2.1779,2.0938,2.0108,1.9286,1.8485,1.7703,1.696,1.6276,1.565,1.5152,1.4761,1.4379,1.4037,1.3773,1.3578,1.3441,1.3363,1.3324,1.3314,1.3324,1.3343,1.3372,1.3402,1.3421,1.3412,1.3382,1.3343,1.3275,1.3167,1.304,1.2893,1.2727,1.2551,1.2405,1.2307,1.2209,1.2063,1.1877,1.1681,1.1496,1.1378,1.1427,1.173,1.2366,1.3363,1.4721,1.6119,1.7595,1.9374,2.1271,2.3138,2.4839,2.6285,2.7439,2.8289,2.8847,2.915,2.9228,2.911,2.8856,2.8495,2.8016,2.7439,2.6784,2.6061,2.5288,2.4467,2.3627,2.2766,2.1887,2.1017,2.0264,1.956,1.8798,1.8025,1.7253,1.65,1.5787,1.5122,1.4536,1.4037,1.3627,1.3314,1.3079,1.2952,1.2884,1.2854,1.2864,1.2884,1.2893,1.2903,1.2923,1.2933,1.2923,1.2893,1.2854,1.2835,1.2825,1.2776,1.2678,1.2551,1.2414,1.2268,1.2092,1.1906,1.1701,1.1466,1.1202,1.0958,1.0831,1.0802,1.086,1.1105,1.1642,1.2522,1.3763,1.5318,1.7126,1.9081,2.1065,2.2933,2.4409,2.5562,2.6628,2.7498,2.8143,2.8543,2.8719,2.871,2.8504,2.8133,2.7644,2.7067,2.6422,2.5797,2.5171,2.4448,2.3666,2.2835,2.1975,2.1105,2.0215,1.9326,1.8485,1.7683,1.6911,1.6188,1.5513,1.4888,1.4321,1.3803,1.3343,1.2962,1.2669,1.2444,1.2278,1.217,1.2102,1.2082,1.2111,1.216,1.2209,1.2258,1.2297,1.2307,1.2268,1.219,1.2072,1.1945,1.1828,1.172,1.1652,1.1603,1.1505,1.1349,1.1173,1.0978,1.0753,1.0508,1.0293,1.0147,1.0117,1.0264,1.0596,1.1173,1.2121,1.347,1.5152,1.7067,1.911,2.1153,2.3089,2.479,2.6207,2.7302,2.8094,2.8563,2.8768,2.8817,2.87,2.8416,2.8006,2.7488,2.6891,2.6227,2.5494,2.4702,2.3861,2.3089,2.2336,2.1496,2.0616,1.9726,1.8837,1.7977,1.7146,1.6364,1.567,1.5044,1.4497,1.4027,1.3695,1.3451,1.3206,1.3001,1.2845,1.2737,1.2678,1.2678,1.2708,1.2747,1.2796,1.2845,1.2903,1.2972,1.303,1.306,1.305,1.3011,1.2923,1.2805,1.2669,1.2522,1.2366,1.2209,1.2043,1.1906,1.1789,1.1623,1.1437,1.1251,1.1124,1.1105,1.1281,1.172,1.2483,1.3607,1.5073,1.6559,1.8113,1.9971,2.1896,2.3734,2.5376,2.6774,2.7889,2.87,2.9238,2.9531,2.9599,2.9462,2.9189,2.8807,2.8319,2.7752,2.7116,2.6422,2.567,2.4868,2.4018,2.3128,2.2199,2.1271,2.0459,1.9707,1.8935,1.8182,1.7458,1.6774,1.6129,1.5562,1.5083,1.4682,1.437,1.4125,1.3939,1.3822,1.3744,1.3695,1.3695,1.3744,1.3822,1.391,1.3988,1.4037,1.4076,1.4096,1.4106,1.4106,1.4086,1.4018,1.393,1.3812,1.3646,1.348,1.3314,1.3138,1.2933,1.2698,1.2454,1.2229,1.2092,1.2072,1.2219,1.262,1.3343,1.4428,1.5865,1.7595,1.955,2.1593,2.3578,2.5415,2.6852,2.7977,2.8993,2.9804,3.0371,3.0694,3.0811,3.0733,3.0479,3.0078,2.958,2.8993,2.8328,2.7674,2.7009,2.6266,2.5445,2.4585,2.3666,2.2727,2.1799,2.087,1.9971,1.911,1.8319,1.7654,1.7067,1.6461,1.5894,1.5406,1.4995,1.4633,1.4321,1.4076,1.3881,1.3763,1.3705,1.3675,1.3675,1.3685,1.3695,1.3695,1.3666,1.3597,1.3519,1.3441,1.3372,1.3284,1.3167,1.303,1.2923,1.2805,1.261,1.2385,1.2141,1.1906,1.1701,1.1544,1.1486,1.1603,1.1984,1.2717,1.3842,1.5083,1.6491,1.8299,2.0303,2.2366,2.433,2.5865,2.6999,2.7986,2.8749,2.9267,2.9541,2.958,2.9443,2.9159,2.8759,2.827,2.7722,2.7116,2.6452,2.5738,2.4985,2.4203,2.3392,2.2639,2.1906,2.1095,2.0244,1.9374,1.8514,1.7693,1.6901,1.6158,1.5503,1.4946,1.4467,1.4066,1.3763,1.3539,1.3353,1.3226,1.3138,1.3089,1.3089,1.3118,1.3148,1.3167,1.3177,1.3157,1.3148,1.3148,1.3118,1.3079,1.3011,1.2903,1.2776,1.2639,1.2493,1.2336,1.2151,1.1945,1.174,1.1574,1.1437,1.1281,1.1163,1.1173,1.1417,1.1965,1.2864,1.4125,1.5718,1.7566,1.9541,2.1281,2.2854,2.4497,2.5992,2.7253,2.8231,2.8925,2.9374,2.9599,2.9619,2.9462,2.913,2.8671,2.8152,2.7595,2.695,2.6246,2.5503,2.4712,2.3881,2.3011,2.2111,2.1212,2.0293,1.9355,1.8543,1.782,1.7058,1.6315,1.5591,1.4936,1.436,1.3871,1.348,1.3187,1.2972,1.2805,1.2717,1.2698,1.2708,1.2727,1.2737,1.2717,1.2678,1.2639,1.259,1.2542,1.2483,1.2405,1.2307,1.2219,1.2141,1.2004,1.1818,1.1632,1.1437,1.1212,1.0958,1.0684,1.042,1.0215,1.0108,1.0156,1.0352,1.0772,1.1515,1.259,1.3988,1.5679,1.7556,1.9511,2.1427,2.3187,2.4721,2.5982,2.6852,2.7419,2.7849,2.8113,2.8201,2.8094,2.781,2.738,2.6852,2.6256,2.5601,2.4907,2.4174,2.349,2.2825,2.2072,2.1251,2.0381,1.9482,1.8573,1.7674,1.6804,1.5992,1.5239,1.4545,1.4008,1.3578,1.3167,1.2805,1.2532,1.2317,1.2151,1.2033,1.1945,1.1877,1.1828,1.1808,1.1799,1.1818,1.1838,1.1818,1.1789,1.175,1.1691,1.1613,1.1525,1.1437,1.1329,1.1202,1.1056,1.0948,1.085,1.0704,1.0518,1.0303,1.0078,0.98827,0.97752,0.9824,1.0108,1.0684,1.1603,1.2893,1.4252,1.5718,1.7527,1.9472,2.1369,2.3109,2.4624,2.5855,2.6794,2.7449,2.7849,2.8025,2.8006,2.782,2.7517,2.7107,2.6598,2.6012,2.5357,2.4643,2.3871,2.304,2.218,2.1281,2.045,1.9658,1.8807,1.7937,1.7087,1.6276,1.5513,1.48,1.4145,1.3568,1.3079,1.2678,1.2346,1.2111,1.1955,1.1828,1.176,1.173,1.174,1.175,1.173,1.1711,1.1701,1.1691,1.1691,1.1701,1.1799,1.1916,1.1935,1.1896,1.1828,1.175,1.1632,1.1476,1.13,1.1114,1.0929,1.0723,1.0557,1.044,1.0323,1.0244,1.0303,1.0596,1.1163,1.2053,1.3265,1.477,1.651,1.8377,2.002,2.1515,2.3079,2.4526,2.5748,2.6696,2.738,2.7801,2.8006,2.8006,2.781,2.7458,2.6989,2.6481,2.5914,2.5239,2.4487,2.3695,2.2884,2.2053,2.1202,2.0323,1.9433,1.8543,1.7703,1.7019,1.6403,1.5758,1.5132,1.4545,1.4018,1.3558,1.3187,1.2893,1.2659,1.2493,1.2385,1.2317,1.2307,1.2336,1.2375,1.2424,1.2473,1.2512,1.2532,1.2522,1.2493,1.2454,1.2385,1.2278,1.219,1.2121,1.2043,1.1955,1.1857,1.174,1.1584,1.1408,1.1202,1.0997,1.0802,1.0674,1.0665,1.0811,1.1144,1.176,1.2717,1.4008,1.5591,1.739,1.9316,2.1261,2.3109,2.477,2.6168,2.7165,2.782,2.8319,2.8612,2.87,2.8612,2.8358,2.7967,2.7458,2.6882,2.6237,2.5552,2.4829,2.4154,2.348,2.2717,2.1896,2.1046,2.0196,1.9355,1.8534,1.7742,1.6989,1.6266,1.5611,1.5103,1.4692,1.4291,1.3939,1.3656,1.3431,1.3265,1.3177,1.3138,1.3148,1.3177,1.3216,1.3255,1.3314,1.3372,1.3382,1.3363,1.3304,1.3226,1.3138,1.305,1.2972,1.2864,1.2737,1.26,1.2483,1.2356,1.218,1.1994,1.1808,1.1613,1.1427,1.131,1.1349,1.1613,1.216,1.305,1.4291,1.5591,1.6989,1.8729,2.0626,2.2512,2.4272,2.5826,2.7097,2.8074,2.8759,2.9179,2.9365,2.9335,2.912,2.8788,2.8358,2.7869,2.7292,2.6637,2.5924,2.5142,2.4311,2.346,2.26,2.172,2.0938,2.0215,1.9433,1.8641,1.7859,1.7107,1.6403,1.5758,1.5181,1.4673,1.4233,1.3861,1.3617,1.346,1.3333,1.3245,1.3196,1.3196,1.3216,1.3226,1.3226,1.3216,1.3187,1.3148,1.3128,1.3118,1.3079,1.2991,1.2874,1.2737,1.2571,1.2375,1.217,1.1965,1.1769,1.1574,1.1378,1.1232,1.1105,1.0978,1.0938,1.1056,1.1408,1.2082,1.3118,1.4477,1.6119,1.7977,1.9932,2.1613,2.3079,2.4585,2.5953,2.7107,2.7986,2.8592,2.8974,2.913,2.9071,2.8847,2.8485,2.8016,2.7498,2.695,2.6325,2.5621,2.4848,2.4037,2.3196,2.2375,2.1525,2.0616,1.9697,1.8807,1.8065,1.741,1.6706,1.6002,1.5337,1.4731,1.4184,1.3715,1.3324,1.3021,1.2776,1.26,1.2493,1.2454,1.2454,1.2444,1.2414,1.2375,1.2326,1.2278,1.2229,1.218,1.2121,1.2053,1.1984,1.1935,1.1896,1.1828,1.174,1.1652,1.1554,1.1427,1.1271,1.1065,1.0821,1.0616,1.0489,1.0489,1.0635,1.0997,1.1691,1.2757,1.4174,1.5894,1.784,1.9873,2.1877,2.3744,2.5386,2.6755,2.7732,2.8397,2.8915,2.9247,2.9394,2.9345,2.9101,2.87,2.8182,2.7556,2.6862,2.6119,2.5318,2.4565,2.3842,2.303,2.216,2.1271,2.0362,1.9472,1.8622,1.781,1.7038,1.6315,1.567,1.5171,1.4761,1.434,1.3969,1.3656,1.3382,1.3157,1.3001,1.2893,1.2815,1.2747,1.2688,1.2639,1.263,1.263,1.261,1.2571,1.2532,1.2473,1.2375,1.2258,1.2131,1.1994,1.1828,1.1642,1.1505,1.1378,1.1212,1.1036,1.0841,1.0645,1.0459,1.0303,1.0225,1.0303,1.0616,1.1251,1.2229,1.3333,1.4624,1.6305,1.824,2.0274,2.2258,2.4086,2.5679,2.6989,2.7996,2.869,2.911,2.9277,2.9228,2.9052,2.8768,2.8358,2.784,2.7234,2.654,2.5767,2.4927,2.4047,2.3128,2.219,2.1349,2.0547,1.9677,1.8778,1.7898,1.7087,1.6354,1.5748,1.5318,1.5083,1.4223,1.4027,1.3812,1.3568,1.3314,1.3109,1.3011,1.304,1.3255,1.3773,1.4643,1.5914,1.7566,1.9492,2.1584,2.3695,2.5718,2.7537,2.9071,3.0156,3.087,3.1417,3.176,3.1877,3.1818,3.1584,3.1173,3.0626,2.9961,2.9198,2.8377,2.7507,2.6676,2.5865,2.4985,2.4057,2.3099,2.2151,2.1222,2.0342,1.9511,1.871,1.7967,1.7263,1.6696,1.6237,1.5797,1.5425,1.5112,1.4858,1.4663,1.4526,1.4438,1.4399,1.4379,1.437,1.433,1.4282,1.4252,1.4203,1.4135,1.4076,1.4018,1.3949,1.3851,1.3715,1.3548,1.3372,1.3157,1.2933,1.2717,1.2463,1.2209,1.1955,1.174,1.1613,1.1662,1.1955,1.2571,1.3558,1.4907,1.6569,1.8172,1.9765,2.1603,2.3451,2.5152,2.6598,2.7732,2.8543,2.9052,2.9296,2.9277,2.9032,2.8622,2.8104,2.7468,2.6735,2.5924,2.5044,2.4115,2.3148,2.2141,2.1114,2.0098,1.9101,1.8133,1.7283,1.651,1.5679,1.4858,1.4086,1.3372,1.2727,1.219,1.173,1.1339,1.1036,1.0802,1.0655,1.0547,1.043,1.0323,1.0254,1.0225,1.0196,1.0166,1.0127,1.0078,1.0029,0.99707,0.98925,0.98338,0.97752,0.96481,0.94917,0.93255,0.91398,0.89443,0.87195,0.84751,0.82307,0.79765,0.77615,0.7654,0.76735,0.78397,0.82405,0.89345,1.0401,1.2356,1.4145,1.5885,1.7586,1.9208,2.0674,2.1916,2.2805,2.3431,2.392,2.4223,2.433,2.4272,2.4037,2.3656,2.3167,2.26,2.1955,2.1251,2.0587,1.9941,1.9189,1.8377,1.7546,1.6725,1.5943,1.522,1.4536,1.391,1.3343,1.2835,1.2444,1.2151,1.1857,1.1613,1.1417,1.1241,1.1095,1.0997,1.0929,1.089,1.0899,1.0929,1.0978,1.1065,1.1163,1.1251,1.1329,1.1398,1.1457,1.1505,1.1515,1.1496,1.1457,1.1408,1.1359,1.1339,1.131,1.1232,1.1124,1.0987,1.0841,1.0714,1.0645,1.0645,1.0792,1.1153,1.1789,1.2708,1.3715,1.4848,1.6276,1.7849,1.9453,2.1007,2.2444,2.3675,2.4653,2.5367,2.5855,2.6129,2.6188,2.609,2.5855,2.5494,2.5044,2.4497,2.3871,2.3187,2.2454,2.1701,2.0958,2.0215,1.9482,1.8856,1.8289,1.7683,1.7077,1.6481,1.5924,1.5425,1.4985,1.4614,1.4301,1.4057,1.3881,1.3773,1.3734,1.3734,1.3754,1.3793,1.3832,1.3881,1.393,1.3978,1.4027,1.4086,1.4115,1.4096,1.4076,1.4057,1.4018,1.3978,1.392,1.3832,1.3744,1.3646,1.3548,1.3441,1.3343,1.3236,1.3157,1.3138,1.3187,1.3382,1.3803,1.4497,1.5494,1.6804,1.8348,2.0049,2.1799,2.35,2.5044,2.6207,2.7067,2.784,2.8426,2.8807,2.9013,2.9042,2.8886,2.8592,2.8192,2.7683,2.7097,2.65,2.5894,2.522,2.4487,2.3715,2.2913,2.2102,2.129,2.0479,1.9687,1.8935,1.8231,1.7556,1.6999,1.653,1.6061,1.565,1.5308,1.5015,1.478,1.4604,1.4477,1.4379,1.4321,1.4282,1.4252,1.4223,1.4184,1.4135,1.4086,1.4037,1.3969,1.3891,1.3793,1.3695,1.3597,1.35,1.3372,1.3245,1.3109,1.2913,1.2688,1.2493,1.2356,1.2346,1.2561,1.3069,1.3881,1.5005,1.6413,1.7781,1.9159,2.0772,2.2424,2.3978,2.5327,2.6452,2.7312,2.7879,2.8192,2.827,2.8172,2.7928,2.7576,2.7155,2.6657,2.61,2.5503,2.4858,2.4174,2.3451,2.2678,2.1867,2.1036,2.0215,1.9482,1.8807,1.8084,1.7361,1.6676,1.6041,1.5474,1.4976,1.4545,1.4203,1.3949,1.3773,1.3636,1.3539,1.347,1.3412,1.3382,1.3363,1.3353,1.3353,1.3353,1.3333,1.3294,1.3255,1.3099,1.2903,1.2776,1.2659,1.2542,1.2405,1.2219,1.2023,1.1808,1.1584,1.1349,1.1134,1.0968,1.0909,1.1007,1.13,1.1887,1.2815,1.4076,1.564,1.7439,1.9365,2.131,2.3148,2.478,2.6149,2.7107,2.7752,2.824,2.8504,2.8573,2.8436,2.8113,2.7634,2.7048,2.6383,2.564,2.4829,2.4057,2.3255,2.2326,2.1329,2.0283,1.9218,1.8182,1.7165,1.6178,1.5249,1.4399,1.3636,1.2933,1.2375,1.1916,1.1466,1.1065,1.0714,1.043,1.0215,1.0088,1.0029,1.0029,1.0059,1.0098,1.0176,1.0274,1.0342,1.0411,1.044,1.043,1.0401,1.0342,1.0244,1.0137,1.0068,1.0039,0.99902,0.99609,0.99316,0.98534,0.97654,0.96676,0.95992,0.96676,0.99316,1.0479,1.1359,1.2561,1.4086,1.5591,1.7107,1.8895,2.0753,2.2522,2.4096,2.5406,2.6442,2.7214,2.7722,2.8016,2.8123,2.8055,2.782,2.7478,2.7028,2.6461,2.5787,2.5054,2.4262,2.3431,2.2581,2.175,2.0919,2.0078,1.9335,1.869,1.8016,1.7351,1.6725,1.6168,1.5699,1.5318,1.5015,1.478,1.4604,1.4487,1.4409,1.435,1.4311,1.4291,1.4291,1.4291,1.4311,1.434,1.436,1.436,1.434,1.4301,1.4242,1.4174,1.4086,1.3959,1.3812,1.3656,1.3509,1.3363,1.3196,1.3001,1.2796,1.2571,1.2346,1.2209,1.219,1.2336,1.2727,1.3412,1.4428,1.5758,1.7331,1.9042,2.0792,2.2493,2.4037,2.5367,2.6305,2.695,2.7468,2.7781,2.7879,2.7761,2.7458,2.6989,2.6373,2.565,2.4868,2.4037,2.3167,2.2356,2.1584,2.0743,1.9883,1.9022,1.8182,1.7361,1.6569,1.5816,1.5122,1.4487,1.3939,1.3539,1.3245,1.2972,1.2727,1.2522,1.2366,1.2248,1.217,1.2131,1.2111,1.2102,1.2102,1.2102,1.2111,1.2131,1.2141,1.2151,1.2121,1.2053,1.1945,1.1808,1.1662,1.1505,1.1349,1.1183,1.1046,1.0919,1.0753,1.0528,1.0303,1.0127,1.0029,1.0049,1.0235,1.0655,1.1359,1.2375,1.347,1.4673,1.6158,1.7761,1.9394,2.0919,2.2248,2.3324,2.4135,2.4682,2.4966,2.5044,2.4917,2.4643,2.4282,2.3793,2.3187,2.2493,2.172,2.089,2.0039,1.9169,1.8299,1.7449,1.6628,1.5924,1.5318,1.4653,1.4008,1.3421,1.2893,1.2571,1.2385,1.218,1.1994,1.1828,1.1701,1.1613,1.1584,1.1613,1.1652,1.1701,1.175,1.1808,1.1867,1.1926,1.1975,1.2004,1.1994,1.1955,1.1935,1.1916,1.1828,1.1701,1.1554,1.1398,1.1202,1.0958,1.0714,1.0469,1.0235,1.002,0.98436,0.97556,0.97849,0.99707,1.0371,1.1046,1.2033,1.3343,1.4907,1.6647,1.8436,2.0176,2.176,2.2962,2.3851,2.4594,2.5112,2.5396,2.5484,2.5357,2.5044,2.4604,2.4047,2.3382,2.2639,2.1818,2.1056,2.0332,1.9541,1.8719,1.7898,1.7067,1.6256,1.5484,1.4741,1.4047,1.3392,1.2796,1.2346,1.1984,1.1632,1.1349,1.1134,1.0987,1.088,1.0802,1.0743,1.0733,1.0753,1.0792,1.0841,1.0899,1.0929,1.0909,1.086,1.0762,1.0645,1.0528,1.0411,1.0293,1.0176,1.0059,0.99218,0.97947,0.96676,0.94917,0.92962,0.90811,0.88759,0.87097,0.86217,0.86413,0.88661,0.93548,1.0156,1.1281,1.2463,1.3754,1.5337,1.7058,1.8778,2.0381,2.1789,2.2952,2.3832,2.4428,2.4741,2.4809,2.4721,2.4487,2.4115,2.3627,2.304,2.2366,2.1632,2.0831,1.999,1.914,1.8309,1.7488,1.6696,1.6031,1.5425,1.48,1.4203,1.3617,1.3069,1.2581,1.216,1.1838,1.1593,1.1417,1.13,1.1241,1.1241,1.1281,1.1359,1.1457,1.1574,1.1691,1.1779,1.1848,1.1916,1.1975,1.2014,1.2033,1.2063,1.2102,1.2121,1.2102,1.2063,1.2023,1.1975,1.1906,1.1799,1.1662,1.1505,1.1339,1.1232,1.1193,1.1251,1.1525,1.2072,1.2933,1.4106,1.5591,1.7331,1.9208,2.1105,2.2903,2.4516,2.5728,2.6618,2.7361,2.7859,2.8113,2.8133,2.7977,2.7654,2.7195,2.6628,2.5953,2.522,2.4526,2.3832,2.306,2.2258,2.1447,2.0616,1.9765,1.8915,1.8094,1.7312,1.6579,1.5934,1.5425,1.4995,1.4585,1.4223,1.391,1.3666,1.349,1.3372,1.3314,1.3284,1.3304,1.3363,1.3451,1.3558,1.3666,1.3744,1.3783,1.3803,1.3783,1.3724,1.3636,1.3529,1.3421,1.3314,1.3167,1.303,1.2884,1.2698,1.2502,1.2307,1.2111,1.1975,1.1955,1.2131,1.2581,1.3363,1.4477,1.5914,1.737,1.8886,2.0684,2.2581,2.4428,2.608,2.7458,2.8553,2.9326,2.9804,3.0029,3.0049,2.9863,2.9521,2.911,2.8641,2.8113,2.7488,2.6813,2.61,2.5337,2.4536,2.3724,2.2903,2.2072,2.1339,2.0674,1.9961,1.9247,1.8583,1.7928,1.7331,1.6813,1.6354,1.5973,1.566,1.5415,1.5249,1.5142,1.5064,1.5024,1.5005,1.4995,1.4995,1.4995,1.4995,1.4995,1.4976,1.4936,1.4897,1.4868,1.4819,1.4731,1.4594,1.4418,1.4233,1.4027,1.3812,1.3597,1.3412,1.3284,1.3265,1.3363,1.3627,1.4164,1.5044,1.6285,1.782,1.9589,2.1525,2.35,2.5396,2.7107,2.8563,2.9746,3.0538,3.1007,3.1349,3.1535,3.1564,3.1447,3.1202,3.0841,3.0391,2.9863,2.9267,2.8622,2.7986,2.7341,2.6618,2.5855,2.5054,2.4223,2.3353,2.2502,2.1701,2.0948,2.0225,1.9541,1.8905,1.8397,1.7957,1.7517,1.7116,1.6774,1.65,1.6295,1.6149,1.6051,1.5973,1.5914,1.5855,1.5816,1.5777,1.5718,1.563,1.5503,1.5367,1.523,1.5103,1.4966,1.479,1.4594,1.4379,1.4135,1.39,1.3724,1.3568,1.348,1.3529,1.3783,1.434,1.5249,1.6491,1.8035,1.9834,2.1769,2.346,2.4927,2.6422,2.7781,2.8935,2.9824,3.0459,3.085,3.1026,3.0978,3.0743,3.0362,2.9883,2.9374,2.8817,2.8182,2.7498,2.6774,2.6012,2.521,2.4399,2.3578,2.2737,2.1877,2.1007,2.0244,1.955,1.8807,1.8065,1.737,1.6755,1.6207,1.5738,1.5347,1.5034,1.479,1.4594,1.4448,1.435,1.4272,1.4194,1.4145,1.4096,1.4018,1.392,1.3822,1.3724,1.3607,1.347,1.3324,1.3216,1.3089,1.2893,1.2669,1.2424,1.218,1.1955,1.175,1.1593,1.1554,1.1711,1.2131,1.2717,1.3519,1.4692,1.6168,1.7879,1.9717,2.1574,2.3343,2.4907,2.6217,2.7234,2.7967,2.8416,2.8573,2.8534,2.8368,2.8074,2.7664,2.7165,2.6569,2.5894,2.5152,2.436,2.3529,2.2688,2.1935,2.1222,2.042,1.958,1.8749,1.7928,1.7146,1.6422,1.5758,1.5161,1.4624,1.4164,1.3773,1.3519,1.3353,1.3216,1.3118,1.3069,1.3069,1.3109,1.3196,1.3304,1.3392,1.3451,1.348,1.35,1.349,1.346,1.3412,1.3343,1.3284,1.3206,1.3099,1.2981,1.2845,1.2678,1.2483,1.2248,1.2072,1.1955,1.1877,1.1887,1.2063,1.2483,1.2864,1.3412,1.4555,1.608,1.7801,1.9589,2.1114,2.2405,2.3666,2.478,2.567,2.6325,2.6755,2.695,2.694,2.6735,2.6373,2.5885,2.5298,2.4692,2.4076,2.3412,2.2698,2.1945,2.1153,2.0352,1.955,1.8759,1.7977,1.7214,1.6491,1.5914,1.5445,1.4995,1.4575,1.4203,1.3881,1.3646,1.348,1.3353,1.3284,1.3255,1.3265,1.3314,1.3392,1.3451,1.35,1.3539,1.3558,1.3548,1.3509,1.3431,1.3343,1.3226,1.306,1.2874,1.2717,1.2571,1.2395,1.2219,1.2053,1.1896,1.174,1.1593,1.1496,1.1515,1.1711,1.216,1.2903,1.3763,1.4809,1.6207,1.781,1.9492,2.1144,2.2669,2.3978,2.5034,2.5806,2.6315,2.6569,2.6588,2.6432,2.6149,2.5738,2.521,2.4585,2.3881,2.3128,2.2346,2.1525,2.0674,1.9795,1.8905,1.8113,1.738,1.6608,1.5816,1.5054,1.434,1.3695,1.3128,1.2639,1.2239,1.1926,1.1672,1.1525,1.1447,1.1408,1.1417,1.1447,1.1496,1.1593,1.1701,1.1808,1.1896,1.1955,1.1984,1.1984,1.1984,1.1984,1.1965,1.1926,1.1867,1.1779,1.1652,1.1515,1.1369,1.1222,1.1065,1.088,1.0714,1.0596,1.0479,1.0381,1.0362,1.0508,1.089,1.1554,1.2542,1.3861,1.5435,1.7175,1.8749,2.0166,2.1662,2.304,2.4203,2.5122,2.5758,2.6129,2.6276,2.6227,2.5992,2.563,2.5161,2.4663,2.4125,2.3509,2.2825,2.2102,2.1329,2.0508,1.9677,1.8827,1.7977,1.7136,1.6315,1.564,1.5054,1.4467,1.393,1.3451,1.304,1.2698,1.2405,1.2199,1.2072,1.2004,1.1994,1.2004,1.2023,1.2063,1.2092,1.2111,1.2121,1.2121,1.2111,1.2082,1.2033,1.1984,1.1935,1.1887,1.1857,1.1838,1.176,1.1642,1.1505,1.1359,1.1202,1.1026,1.0909,1.0899,1.1075,1.1496,1.2219,1.3069,1.4076,1.5415,1.6989,1.868,2.0362,2.1935,2.3333,2.4497,2.5396,2.6031,2.6403,2.652,2.6452,2.6256,2.5943,2.5513,2.4995,2.437,2.3685,2.2952,2.218,2.1369,2.0528,1.9687,1.8935,1.8221,1.7439,1.6657,1.5904,1.5191,1.4506,1.3871,1.3275,1.2766,1.2356,1.2033,1.1818,1.1701,1.1613,1.1554,1.1525,1.1525,1.1554,1.1593,1.1613,1.1613,1.1613,1.1593,1.1564,1.1535,1.1515,1.1476,1.1408,1.13,1.1153,1.0987,1.0782,1.0547,1.0303,1.0059,0.98338,0.96872,0.96481,0.97165,0.99707,1.0489,1.1388,1.2688,1.435,1.6325,1.8465,2.0635,2.2708,2.4565,2.5963,2.7028,2.7977,2.8671,2.9101,2.9247,2.9189,2.8964,2.8573,2.8045,2.74,2.6667,2.5953,2.521,2.437,2.346,2.2502,2.1525,2.0518,1.9511,1.8543,1.7615,1.6745,1.5914,1.5132,1.4516,1.3998,1.346,1.2962,1.2532,1.219,1.1935,1.175,1.1623,1.1554,1.1554,1.1584,1.1642,1.1701,1.175,1.1789,1.1808,1.1799,1.1769,1.172,1.1632,1.1505,1.1349,1.1173,1.0997,1.087,1.0723,1.0518,1.0293,1.0059,0.98436,0.9697,0.96676,0.98534,1.0323,1.1134,1.2317,1.3627,1.5112,1.6989,1.9071,2.1193,2.3216,2.5015,2.654,2.7742,2.8602,2.913,2.9326,2.9277,2.9052,2.871,2.825,2.7683,2.7038,2.6305,2.5494,2.4624,2.3685,2.2698,2.1672,2.0626,1.9707,1.8895,1.8045,1.7185,1.6344,1.5562,1.4848,1.4223,1.3675,1.3206,1.2815,1.2502,1.2287,1.216,1.2072,1.1994,1.1945,1.1935,1.1955,1.1994,1.2033,1.2053,1.2043,1.2014,1.1965,1.1945,1.1935,1.1896,1.1818,1.1681,1.1505,1.1281,1.1017,1.0733,1.0459,1.0196,0.99804,0.98534,0.98045,0.98436,1.0059,1.0547,1.1369,1.2551,1.4106,1.5943,1.7957,2.001,2.1965,2.3705,2.5015,2.5973,2.6774,2.7341,2.7654,2.7722,2.7556,2.7204,2.6686,2.6051,2.5308,2.4477,2.3685,2.2874,2.1955,2.0978,1.9961,1.8905,1.783,1.6755,1.5738,1.479,1.3891,1.304,1.2268,1.1672,1.1183,1.0714,1.0323,1.001,0.97654,0.95797,0.94526,0.93939,0.93744,0.94037,0.94428,0.95112,0.9609,0.96872,0.97263,0.97458,0.97556,0.97556,0.97556,0.97556,0.97458,0.96872,0.95992,0.94624,0.93353,0.92082,0.90225,0.88074,0.86022,0.84066,0.82307,0.81134,0.81134,0.83089,0.87879,0.95894,1.0538,1.1711,1.3304,1.5181,1.7214,1.9257,2.1183,2.2884,2.4321,2.5435,2.6197,2.6647,2.6843,2.6833,2.6628,2.6246,2.5728,2.5083,2.437,2.3587,2.2757,2.1877,2.0968,2.0029,1.9062,1.8211,1.7419,1.6588,1.5777,1.4985,1.4262,1.3597,1.3412,1.3539,1.3441,1.3284,1.3138,1.3021,1.2962,1.2962,1.2991,1.303,1.3079,1.3128,1.3187,1.3245,1.3304,1.3353,1.3392,1.3412,1.3441,1.3451,1.3431,1.3363,1.3245,1.3128,1.3011,1.2903,1.2786,1.2649,1.2493,1.2336,1.218,1.2092,1.2092,1.2229,1.262,1.3333,1.4409,1.5846,1.7556,1.9453,2.1417,2.3294,2.5024,2.6364,2.739,2.8299,2.8993,2.9453,2.9677,2.9687,2.9531,2.9228,2.8788,2.8231,2.7566,2.6813,2.608,2.5367,2.4575,2.3724,2.2854,2.1975,2.1105,2.0244,1.9423,1.8622,1.7859,1.7155,1.6579,1.6109,1.565,1.522,1.4839,1.4506,1.4242,1.4037,1.391,1.3842,1.3812,1.3793,1.3803,1.3822,1.3812,1.3783,1.3763,1.3754,1.3724,1.3675,1.3627,1.3578,1.349,1.3363,1.3216,1.3099,1.3001,1.2864,1.2698,1.2522,1.2395,1.2385,1.259,1.3099,1.3959,1.5171,1.6716,1.826,1.9834,2.1672,2.3597,2.5445,2.7116,2.8534,2.9668,3.0489,3.0997,3.1241,3.1271,3.1153,3.0899,3.0518,3.001,2.9394,2.869,2.7908,2.7048,2.6158,2.523,2.4291,2.3363,2.2444,2.1652,2.0929,2.0156,1.9374,1.8612,1.7889,1.7234,1.6647,1.6139,1.5728,1.5396,1.5152,1.4985,1.4897,1.4868,1.4858,1.4848,1.4848,1.4848,1.4848,1.4848,1.4848,1.4848,1.4829,1.478,1.4731,1.4673,1.4555,1.4389,1.4184,1.3939,1.3675,1.3412,1.3167,1.2952,1.2776,1.2659,1.2678,1.2864,1.3236,1.3959,1.5064,1.653,1.8299,2.0264,2.2297,2.4272,2.609,2.7654,2.8935,2.9814,3.0381,3.0772,3.0968,3.0997,3.0841,3.0508,3.0049,2.9472,2.8788,2.8025,2.7195,2.6315,2.5484,2.4673,2.3803,2.2903,2.1975,2.1036,2.0127,1.9267,1.8446,1.7683,1.6979,1.6364,1.5914,1.5572,1.5259,1.5005,1.4809,1.4653,1.4536,1.4448,1.436,1.4282,1.4213,1.4145,1.4106,1.4096,1.4106,1.4106,1.4076,1.4008,1.392,1.3832,1.3734,1.3597,1.3451,1.3284,1.3109,1.2952,1.2786,1.2561,1.2336,1.216,1.2053,1.2072,1.2287,1.2805,1.3685,1.4956,1.654,1.8328,1.9971,2.1505,2.3157,2.4731,2.61,2.7185,2.7996,2.8514,2.8759,2.8778,2.8592,2.825,2.784,2.695,2.5738,2.4751,2.3842,2.2923,2.1994,2.1056,2.0098,1.9159,1.828,1.7439,1.6628,1.5953,1.5357,1.4731,1.4115,1.3548,1.305,1.262,1.2268,1.2023,1.1857,1.175,1.1662,1.1623,1.1613,1.1613,1.1613,1.1623,1.1642,1.1652,1.1642,1.1613,1.1564,1.1515,1.1447,1.1339,1.1241,1.1153,1.1026,1.086,1.0645,1.0411,1.0166,0.98827,0.95699,0.92375,0.89345,0.86901,0.85728,0.86119,0.88661,0.93939,1.0254,1.1496,1.303,1.4751,1.6579,1.8397,1.5846,1.7224,1.8915,2.0753,2.259,2.4311,2.5846,2.7126,2.8104,2.8798,2.9228,2.9394,2.9335,2.911,2.8768,2.8328,2.7801,2.7185,2.651,2.5787,2.5024,2.4213,2.3372,2.2512,2.1632,2.0841,2.0098,1.9306,1.8504,1.7722,1.697,1.6276,1.565,1.5103,1.4643,1.4262,1.3969,1.3763,1.3656,1.3617,1.3597,1.3587,1.3587,1.3587,1.3587,1.3587,1.3568,1.3558,1.3558,1.3529,1.3519,1.3509,1.348,1.3441,1.3392,1.3304,1.3187,1.306,1.2893,1.2717,1.2551,1.2434,1.2424,1.2542,1.2854,1.348,1.4477,1.5846,1.7517,1.9413,2.1427,2.3421,2.5298,2.6979,2.8416,2.9433,3.0137,3.0714,3.1095,3.1281,3.1271,3.1105,3.0802,3.0381,2.9873,2.9296,2.8661,2.7967,2.7283,2.6588,2.5806,2.4966,2.4106,2.3226,2.2346,2.1496,2.0694,1.9902,1.915,1.8426,1.782,1.7302,1.6794,1.6305,1.5885,1.5543,1.5269,1.5073,1.4927,1.4819,1.4751,1.4721,1.4712,1.4712,1.4702,1.4673,1.4604,1.4526,1.4438,1.435,1.4252,1.4154,1.4037,1.3881,1.3715,1.3597,1.349,1.3353,1.3245,1.3245,1.3412,1.3832,1.4575,1.566,1.7097,1.8807,2.0674,2.2326,2.3822,2.5386,2.6833,2.8074,2.9081,2.9834,3.0342,3.0616,3.0674,3.0557,3.0283,2.9873,2.9374,2.8827,2.8192,2.7488,2.6725,2.5894,2.5024,2.4115,2.3196,2.2268,2.1329,2.0401,1.9599,1.8895,1.8162,1.7419,1.6716,1.6061,1.5464,1.4956,1.4516,1.4145,1.3832,1.3597,1.3402,1.3284,1.3226,1.3167,1.3128,1.3109,1.3099,1.3079,1.305,1.2991,1.2884,1.2757,1.262,1.2522,1.2434,1.2307,1.2151,1.1975,1.1789,1.1584,1.1378,1.1183,1.0831,1.0528,1.0616,1.1095,1.1779,1.2708,1.4047,1.5699,1.7546,1.9453,2.131,2.3011,2.4487,2.5679,2.6579,2.7204,2.7546,2.7654,2.7625,2.7458,2.7146,2.6667,2.607,2.5386,2.4633,2.3832,2.3011,2.216,2.129,2.0508,1.9756,1.8915,1.8065,1.7234,1.6442,1.5699,1.4985,1.4311,1.3685,1.3118,1.2639,1.2287,1.2023,1.1779,1.1564,1.1378,1.1232,1.1134,1.1085,1.1065,1.1065,1.1085,1.1105,1.1114,1.1134,1.1134,1.1085,1.1017,1.0919,1.0792,1.0635,1.0459,1.0283,1.0098,0.99022,0.96872,0.9521,0.93842,0.92473,0.92082,0.93353,0.97165,1.0411,1.1427,1.2757,1.436,1.6139,1.7986,1.9795,2.1261,2.2454,2.3587,2.4526,2.522,2.566,2.5846,2.5816,2.563,2.5288,2.4829,2.4272,2.3685,2.3079,2.2385,2.1613,2.0802,1.9951,1.9062,1.8172,1.7292,1.6452,1.563,1.4829,1.4076,1.347,1.2972,1.2473,1.2004,1.1593,1.1271,1.1017,1.0811,1.0665,1.0567,1.0518,1.0508,1.0538,1.0596,1.0655,1.0684,1.0694,1.0704,1.0704,1.0694,1.0655,1.0587,1.0508,1.0401,1.0303,1.0205,1.0059,0.98925,0.97067,0.94917,0.92669,0.90616,0.89247,0.89052,0.90616,0.94624,1.0166,1.1017,1.2063,1.347,1.5142,1.6979,1.8817,2.0547,2.2092,2.3392,2.4399,2.5093,2.5513,2.567,2.564,2.5494,2.522,2.4829,2.433,2.3744,2.3079,2.2366,2.1593,2.0792,1.9961,1.911,1.8358,1.7693,1.6989,1.6276,1.5572,1.4888,1.4252,1.3675,1.3167,1.2727,1.2346,1.2043,1.1848,1.172,1.1623,1.1564,1.1544,1.1564,1.1593,1.1632,1.1672,1.172,1.1769,1.1808,1.1828,1.1838,1.1848,1.1828,1.1789,1.1711,1.1593,1.1466,1.132,1.1153,1.0978,1.0782,1.0577,1.043,1.0342,1.0342,1.0499,1.0899,1.1574,1.2571,1.3891,1.5474,1.7224,1.9032,2.0792,2.2414,2.3675,2.4633,2.5474,2.61,2.651,2.6716,2.6725,2.654,2.6197,2.5738,2.5161,2.4487,2.3803,2.3109,2.2346,2.1515,2.0635,1.9736,1.8837,1.2346,1.2307,1.2209,1.2063,1.1896,1.1711,1.1574,1.1437,1.1261,1.1065,1.087,1.0714,1.0635,1.0704,1.0968,1.1476,1.2297,1.3451,1.4673,1.5992,1.7625,1.9374,2.1105,2.2708,2.4115,2.5259,2.6109,2.6676,2.6979,2.7038,2.6901,2.6608,2.6197,2.565,2.5005,2.4291,2.3519,2.2708,2.1848,2.0948,2.0039,1.912,1.8221,1.7468,1.6784,1.6051,1.5327,1.4633,1.3998,1.3431,1.2972,1.26,1.2307,1.2092,1.1945,1.1857,1.1838,1.1867,1.1916,1.1994,1.2092,1.2229,1.2375,1.2522,1.2659,1.2766,1.2845,1.2903,1.2972,1.3021,1.3021,1.2972,1.2874,1.2737,1.26,1.2454,1.2287,1.2131,1.2004,1.1896,1.1896,1.2033,1.2317,1.2864,1.3734,1.4936,1.6432,1.8143,1.999,2.1848,2.3597,2.5171,2.65,2.7449,2.8094,2.8573,2.8856,2.8944,2.8847,2.8553,2.8094,2.7537,2.6891,2.6168,2.5376,2.4624,2.3881,2.304,2.217,2.131,2.0459,1.9638,1.8837,1.8055,1.7322,1.6637,1.6012,1.5484,1.5083,1.477,1.4477,1.4233,1.4066,1.3969,1.393,1.3939,1.3959,1.3978,1.4008,1.4037,1.4066,1.4096,1.4096,1.4066,1.4027,1.3988,1.3939,1.3891,1.3842,1.3783,1.3695,1.3578,1.3421,1.3265,1.3138,1.3021,1.2942,1.3001,1.3304,1.392,1.4888,1.6217,1.784,1.9677,2.1613,2.3275,2.4702,2.6149,2.7429,2.8475,2.9257,2.9756,2.999,2.999,2.9795,2.9453,2.8983,2.8426,2.784,2.7214,2.65,2.5728,2.4907,2.4047,2.3148,2.2229,2.129,2.0371,1.9492,1.8661,1.7957,1.7341,1.6735,1.6158,1.563,1.5142,1.4731,1.4399,1.4145,1.3969,1.3861,1.3803,1.3803,1.3842,1.3891,1.393,1.3949,1.3959,1.3949,1.392,1.3871,1.3822,1.3773,1.3685,1.3568,1.348,1.3392,1.3275,1.3138,1.2952,1.2757,1.2581,1.2473,1.2463,1.2639,1.3109,1.3939,1.5142,1.6413,1.781,1.9541,2.1437,2.3333,2.5093,2.6637,2.7889,2.8837,2.9511,2.9892,3.0029,2.9951,2.9687,2.9286,2.8768,2.8152,2.7449,2.6667,2.5846,2.4995,2.4115,2.3206,2.2278,2.1339,2.0518,1.9746,1.8915,1.8084,1.7283,1.654,1.5875,1.5288,1.4751,1.4164,1.3587,1.3177,1.2923,1.2776,1.2659,1.2581,1.2542,1.2542,1.2571,1.261,1.2639,1.2669,1.2678,1.2659,1.263,1.261,1.2581,1.2493,1.2375,1.2229,1.2053,1.1867,1.1681,1.1486,1.129,1.1124,1.1065,1.1153,1.1417,1.1955,1.2835,1.4047,1.5582,1.7361,1.9286,2.1251,2.3109,2.477,2.6168,2.7273,2.8006,2.8436,2.869,2.8759,2.8651,2.8387,2.7986,2.7478,2.6862,2.6158,2.5406,2.4594,2.3822,2.305,2.2209,2.131,2.0391,1.9482,1.8563,1.7703,1.6901,1.6149,1.5435,1.478,1.4203,1.3783,1.346,1.3148,1.2893,1.2698,1.2551,1.2454,1.2375,1.2326,1.2317,1.2326,1.2326,1.2336,1.2346,1.2326,1.2287,1.2248,1.2199,1.2151,1.2092,1.2014,1.1926,1.1808,1.1652,1.1525,1.1398,1.1222,1.1046,1.0958,1.1046,1.1378,1.2014,1.2981,1.4311,1.5934,1.7761,1.9697,2.1378,2.2825,2.4272,2.5552,2.6588,2.7351,2.784,2.8074,2.8084,2.7889,2.7527,2.7038,2.651,2.5953,2.5288,2.4545,2.3754,2.2913,2.2033,2.1124,2.0196,1.9267,1.8348,1.7449,1.6579,1.5846,1.522,1.4575,1.3978,1.346,1.3001,1.261,1.2297,1.2053,1.1877,1.1779,1.173,1.174,1.1799,1.1867,1.1926,1.1955,1.1965,1.1975,1.1975,1.1975,1.1955,1.1896,1.1818,1.1711,1.1632,1.1574,1.1457,1.13,1.1124,1.0938,1.0743,1.0557,1.044,1.0459,1.0665,1.1124,1.175,1.261,1.3851,1.5406,1.7185,1.9071,2.0948,2.2688,2.4223,2.5503,2.6471,2.7126,2.7488,2.7586,2.7478,2.7224,2.6833,2.6334,2.5738,2.5054,2.4291,2.348,2.263,2.175,2.086,2.0068,1.9316,1.8495,1.7683,1.6882,1.6109,1.5376,1.4692,1.4066,1.348,1.2942,1.2483,1.2131,1.1916,1.1799,1.172,1.1681,1.1672,1.1691,1.172,1.1779,1.1857,1.1926,1.1984,1.2014,1.2033,1.2043,1.2023,1.1984,1.1935,1.1789,1.1652,1.1496,1.1222,1.1036,1.0841,1.0655,1.0508,1.0508,1.0645,1.1261,1.2082,1.3226,1.4692,1.7331,1.9189,2.0978,2.3226,2.4321,2.5337,2.6158,2.6725,2.7038,2.7107,2.6979,2.6452,2.5943,2.5327,2.4282,2.3587,2.2893,2.2102,2.1339,2.0557,1.9677,1.8768,1.7879,1.7028,1.6217,1.5445,1.4712,1.4135,1.3656,1.3177,1.2747,1.2356,1.2043,1.1818,1.1681,1.1613,1.1593,1.1603,1.1642,1.1681,1.174,1.1789,1.1799,1.1808,1.1808,1.1808,1.1808,1.1808,1.1799,1.175,1.1672,1.1584,1.1515,1.1437,1.13,1.1134,1.0938,1.0753,1.0606,1.0587,1.0802,1.132,1.217,1.3392,1.4966,1.653,1.8133,2.002,2.1955,2.3783,2.5406,2.6716,2.7693,2.8348,2.87,2.8778,2.8631,2.8348,2.7937,2.74,2.6764,2.6051,2.5279,2.4467,2.3627,2.2747,2.1808,2.0841,1.9853,1.8993,1.8201,1.7361,1.653,1.5748,1.4888,1.4174,1.3705,1.3275,1.2893,1.26,1.2385,1.2239,1.217,1.216,1.218,1.2219,1.2268,1.2317,1.2375,1.2444,1.2512,1.2571,1.263,1.2659,1.2669,1.2678,1.2649,1.261,1.2542,1.2434,1.2317,1.218,1.2023,1.1838,1.1662,1.1564,1.1593,1.175,1.2121,1.2835,1.392,1.5367,1.7126,1.911,2.1173,2.3206,2.5112,2.6784,2.8152,2.9081,2.9668,3.0078,3.0274,3.0235,3.002,2.9648,2.912,2.8485,2.7771,2.6989,2.6168,2.5308,2.4497,2.3724,2.2874,2.1975,2.1056,2.0137,1.9228,1.8348,1.7498,1.6706,1.6002,1.5396,1.4936,1.4565,1.4194,1.3871,1.3617,1.3441,1.3343,1.3304,1.3324,1.3372,1.3441,1.35,1.3529,1.3558,1.3587,1.3587,1.3548,1.349,1.3431,1.3372,1.3304,1.3206,1.3079,1.2933,1.2757,1.259,1.2434,1.2268,1.2141,1.2141,1.2366,1.2903,1.3803,1.5064,1.6706,1.8631,2.0723,2.2854,2.4643,2.6149,2.7644,2.8964,3.001,3.0733,3.1144,3.131,3.1261,3.1026,3.0645,3.0137,2.956,2.8925,2.8201,2.74,2.652,2.5591,2.4663,2.3734,2.2561,2.1496,2.0743,1.9912,1.9062,1.8319,1.7654,1.697,1.6305,1.5709,1.5191,1.4741,1.436,1.4037,1.3783,1.3607,1.3519,1.35,1.35,1.3509,1.3548,1.3578,1.3597,1.3607,1.3597,1.3548,1.347,1.3363,1.3236,1.3099,1.3011,1.2923,1.2805,1.2669,1.2502,1.2317,1.2141,1.2053,1.2131,1.2473,1.3177,1.4282,1.5523,1.6931,1.8749,2.0792,2.2913,2.4966,2.6833,2.8416,2.9677,3.0616,3.0792,3.0459,3.0235,2.999,2.9687,2.9326,2.8886,2.8368,2.7761,2.7067,2.6315,2.5513,2.4682,2.3803,2.2893,2.2072,2.13,2.0459,1.9599,1.8729,1.7889,1.7087,1.6325,1.5621,1.5005,1.4487,1.4057,1.3754,1.3539,1.3363,1.3226,1.3109,1.3011,1.2952,1.2923,1.2903,1.2893,1.2874,1.2835,1.2796,1.2776,1.2766,1.2727,1.2639,1.2522,1.2395,1.2248,1.2082,1.1877,1.1662,1.1476,1.1369,1.1369,1.1496,1.1857,1.2542,1.3597,1.5015,1.6735,1.868,2.0704,2.2688,2.4526,2.6129,2.7449,2.8358,2.8944,2.9374,2.9589,2.9609,2.9453,2.911,2.8631,2.8055,2.741,2.6696,2.5797,2.4995,2.437,2.3597,2.2747,2.1857,2.0968,2.0078,1.9169,1.828,1.7439,1.6637,1.5865,1.5142,1.4575,1.4096,1.3636,1.3245,1.2942,1.2698,1.2532,1.2424,1.2346,1.2287,1.2258,1.2229,1.2219,1.2209,1.218,1.2131,1.2043,1.1926,1.1799,1.1652,1.1505,1.1378,1.1261,1.1124,1.0958,1.0831,1.0714,1.0557,1.0411,1.0352,1.045,1.0782,1.1437,1.2473,1.3881,1.5611,1.7556,1.9316,2.0948,2.2708,2.4379,2.5865,2.7067,2.7957,2.8543,2.8866,2.8954,2.87,2.8338,2.7996,2.7527,2.697,2.6295,2.5533,2.4712,2.3861,2.2972,2.2053,2.1134,2.0215,1.9286,1.8377,1.7615,1.695,1.6266,1.5601,1.4976,1.4399,1.3891,1.3451,1.3079,1.2796,1.259,1.2454,1.2375,1.2356,1.2385,1.2414,1.2424,1.2434,1.2424,1.2395,1.2356,1.2307,1.2248,1.2151,1.2033,1.1935,1.1838,1.1701,1.1544,1.1369,1.1183,1.0978,1.0733,1.0489,1.0303,1.0235,1.0352,1.0733,1.13,1.2102,1.3304,1.4839,1.6647,1.8622,2.0626,2.2522,2.4213,2.563,2.6745,2.7537,2.7967,2.8133,2.8055,2.7869,2.7634,2.7224,2.6667,2.6012,2.5288,2.4497,2.3656,2.2776,2.1857,2.1026,2.0225,1.9326,1.8397,1.7468,1.6579,1.5709,1.4888,1.4135,1.3451,1.2845,1.2307,1.1887,1.1564,1.1281,1.1046,1.087,1.0743,1.0674,1.0635,1.0626,1.0635,1.0645,1.0645,1.0645,1.0674,1.0694,1.0674,1.0616,1.0528,1.044,1.0323,1.0166,1,0.98338,0.96579,0.94428,0.92766,0.913,0.89443,0.87781,0.90616,0.97067,1.0332,1.1144,1.2209,1.3539,1.5112,1.7058,1.914,2.0596,2.1681,2.305,2.4203,2.4897,2.5386,2.5591,2.564,2.5572,2.5181,2.4555,2.4086,2.3548,2.2776,2.1975,2.1134,2.0264,1.9384,1.8485,1.7586,1.6706,1.5836,1.5015,1.435,1.3783,1.3206,1.2659,1.217,1.173,1.1359,1.1065,1.0841,1.0684,1.0606,1.0587,1.0626,1.0723,1.086,1.0978,1.1085,1.1183,1.1281,1.1369,1.1427,1.1476,1.1496,1.1505,1.1515,1.1535,1.1544,1.1505,1.1447,1.1359,1.1241,1.1114,1.0987,1.086,1.0762,1.0714,1.0772,1.0987,1.1329,1.1896,1.2805,1.4037,1.5572,1.7322,1.9179,2.1017,2.2727,2.4223,2.5445,2.6383,2.696,2.7263,2.7419,2.74,2.7224,2.6901,2.6461,2.5943,2.5357,2.4692,2.3969,2.3196,2.2385,2.1642,2.0938,2.0166,1.9384,1.8602,1.7849,1.7136,1.6442,1.5797,1.521,1.4692,1.4242,1.393,1.3715,1.3529,1.3382,1.3314,1.3304,1.3343,1.3431,1.3548,1.3646,1.3724,1.3783,1.3832,1.3881,1.392,1.3939,1.3939,1.391,1.3871,1.3832,1.3773,1.3675,1.3548,1.3412,1.3236,1.3079,1.2923,1.2727,1.2561,1.2473,1.2532,1.2815,1.3402,1.4311,1.5562,1.7107,1.8856,2.0694,2.2278,2.3646,2.5024,2.6266,2.7263,2.7977,2.8436,2.8661,2.8671,2.8514,2.8211,2.7781,2.7283,2.6735,2.609,2.5396,2.4643,2.3851,2.303,2.219,2.1359,2.0518,1.9658,1.8817,1.8016,1.7351,1.6774,1.6168,1.5611,1.5122,1.4682,1.4311,1.4018,1.3793,1.3627,1.35,1.3441,1.3451,1.349,1.3529,1.3568,1.3617,1.3636,1.3627,1.3597,1.3548,1.348,1.3382,1.3265,1.3138,1.304,1.2962,1.2854,1.2727,1.2581,1.2414,1.2239,1.2072,1.1965,1.2014,1.2307,1.2884,1.3597,1.4526,1.5865,1.7498,1.9296,2.1153,2.2942,2.4565,2.5953,2.7067,2.7908,2.8465,2.8768,2.8837,2.8719,2.8495,2.8162,2.7703,2.7155,2.653,2.5846,2.5093,2.4291,2.346,2.26,2.1828,2.1085,2.0264,1.9443,1.8641,1.7869,1.7146,1.6442,1.5777,1.5191,1.4692,1.4262,1.3959,1.3744,1.3539,1.3382,1.3265,1.3187,1.3118,1.3079,1.306,1.306,1.3069,1.3099,1.3118,1.3128,1.3128,1.3109,1.305,1.2942,1.2805,1.2639,1.2463,1.2278,1.2092,1.1887,1.1652,1.1457,1.131,1.1173,1.1153,1.1359,1.1838,1.262,1.3734,1.5191,1.6931,1.8847,2.0821,2.2737,2.4291,2.5572,2.6794,2.781,2.8553,2.9022,2.9247,2.9267,2.9101,2.8798,2.8387,2.7859,2.7302,2.6735,2.61,2.5406,2.4663,2.3871,2.304,2.218,2.132,2.0479,1.9658,1.8856,1.8104,1.7498,1.6979,1.6442,1.5943,1.5523,1.5181,1.4897,1.4673,1.4497,1.436,1.4272,1.4223,1.4213,1.4223,1.4252,1.4291,1.4321,1.435,1.436,1.437,1.436,1.4321,1.4252,1.4164,1.4057,1.3969,1.3891,1.3783,1.3627,1.3431,1.3226,1.305,1.2962,1.3021,1.3333,1.3978,1.4995,1.6129,1.7429,1.913,2.1046,2.305,2.5015,2.6804,2.8358,2.9629,3.0596,3.1251,3.1623,3.175,3.1662,3.1398,3.1007,3.0518,2.9951,2.9296,2.8583,2.781,2.6989,2.6129,2.523,2.4282,2.3402,2.2571,2.1672,2.0753,1.9844,1.8964,1.8133,1.738,1.6706,1.6109,1.5611,1.5191,1.4829,1.4565,1.437,1.4213,1.4106,1.4027,1.3969,1.393,1.3891,1.3851,1.3803,1.3763,1.3715,1.3695,1.3656,1.3568,1.3451,1.3314,1.3177,1.3021,1.2835,1.263,1.2434,1.2248,1.2111,1.2072,1.219,1.2512,1.3138,1.4106,1.5425,1.7067,1.8935,2.0899,2.2845,2.4643,2.6207,2.7478,2.8328,2.8866,2.9257,2.9453,2.9443,2.9267,2.8944,2.8495,2.7937,2.7312,2.6628,2.5904,2.5142,2.4428,2.3724,2.2923,2.2043,2.1134,2.0205,1.9277,1.8377,1.7507,1.6696,1.5973,1.5318,1.48,1.4389,1.4018,1.3715,1.347,1.3294,1.3167,1.3079,1.3021,1.2991,1.2991,1.3001,1.303,1.3069,1.3079,1.306,1.3021,1.2972,1.2903,1.2825,1.2727,1.263,1.2532,1.2414,1.2278,1.216,1.2053,1.1887,1.1701,1.1505,1.1349,1.129,1.1427,1.1828,1.2581,1.3695,1.5161,1.6647,1.8192,2.0039,2.1975,2.3822,2.5474,2.6862,2.7957,2.8749,2.9257,2.9501,2.9511,2.9345,2.9062,2.8651,2.8113,2.7478,2.6774,2.6022,2.522,2.4379,2.3509,2.262,2.1701,2.0753,1.9912,1.915,1.8338,1.7517,1.6735,1.5709,1.4624,1.3851,1.3284,1.2854,1.2542,1.2307,1.2131,1.2023,1.1984,1.1975,1.1994,1.2023,1.2063,1.2102,1.2121,1.2111,1.2082,1.2053,1.2004,1.1955,1.1896,1.1779,1.1632,1.1466,1.129,1.1105,1.0919,1.0733,1.0547,1.0381,1.0244,1.0205,1.0283,1.0557,1.1124,1.2023,1.3236,1.4721,1.6383,1.8133,1.9863,1.1828,1.1779,1.1799,1.1975,1.2395,1.3138,1.4242,1.5699,1.7449,1.9394,2.1408,2.3109,2.4565,2.6022,2.7292,2.8319,2.9062,2.9521,2.9726,2.9717,2.9521,2.9179,2.871,2.8133,2.7546,2.6921,2.6207,2.5435,2.4614,2.3754,2.2854,2.1935,2.1026,2.0137,1.9277,1.8456,1.7781,1.7185,1.6569,1.6012,1.5503,1.5083,1.4741,1.4477,1.4291,1.4154,1.4086,1.4076,1.4106,1.4174,1.4252,1.4321,1.4379,1.4438,1.4487,1.4516,1.4506,1.4477,1.4418,1.4321,1.4194,1.4096,1.4018,1.3881,1.3695,1.35,1.3304,1.3128,1.2991,1.2972,1.3148,1.3587,1.435,1.5484,1.6696,1.8045,1.9746,2.1603,2.348,2.5239,2.6794,2.8074,2.9042,2.9687,3.0049,3.0156,3.0059,2.9814,2.9443,2.8974,2.8407,2.7761,2.7058,2.6285,2.5445,2.4565,2.3646,2.2708,2.176,2.0919,2.0137,1.9296,1.8465,1.7644,1.6862,1.6129,1.5474,1.4917,1.4448,1.4066,1.3754,1.3558,1.3441,1.3372,1.3343,1.3333,1.3353,1.3363,1.3372,1.3372,1.3372,1.3372,1.3363,1.3363,1.3372,1.3363,1.3314,1.3236,1.3138,1.3011,1.2854,1.2678,1.2502,1.2297,1.2082,1.1906,1.1828,1.1867,1.2053,1.2483,1.3255,1.4409,1.5914,1.7703,1.9658,2.1652,2.3597,2.5376,2.6735,2.7761,2.8671,2.9374,2.9844,3.0078,3.0088,2.9922,2.9589,2.912,2.8563,2.7928,2.7214,2.653,2.5846,2.5064,2.4223,2.3343,2.2434,2.1535,2.0626,1.9717,1.8847,1.8016,1.7243,1.6628,1.61,1.5552,1.5044,1.4604,1.4242,1.3969,1.3783,1.3675,1.3597,1.3548,1.3529,1.3519,1.3529,1.3558,1.3558,1.3539,1.35,1.3451,1.3392,1.3324,1.3245,1.3148,1.3011,1.2854,1.2727,1.262,1.2463,1.2278,1.2102,1.1955,1.1887,1.1945,1.2209,1.2766,1.3685,1.4976,1.6579,1.8162,1.9765,2.1632,2.3529,2.5288,2.6823,2.8065,2.8993,2.9619,2.9961,3.0068,2.9971,2.9717,2.9345,2.8866,2.8289,2.7634,2.6921,2.6149,2.5327,2.4487,2.3607,2.2688,2.176,2.0821,2,1.8954,1.7683,1.6608,1.5679,1.4848,1.4125,1.35,1.2972,1.2522,1.216,1.1877,1.1691,1.1603,1.1544,1.1525,1.1554,1.1623,1.1691,1.174,1.1769,1.1779,1.1789,1.1769,1.1711,1.1662,1.1603,1.1476,1.131,1.1153,1.0997,1.0821,1.0626,1.0401,1.0166,0.99511,0.98045,0.97947,0.99511,1.0332,1.1065,1.217,1.3666,1.5503,1.7595,1.9775,2.1916,2.39,2.565,2.7087,2.8065,2.87,2.9179,2.9462,2.9541,2.9423,2.915,2.8739,2.8192,2.7527,2.6774,2.5934,2.5112,2.4311,2.3402,2.2434,2.1457,2.0479,1.9521,1.8583,1.7683,1.6813,1.5963,1.5152,1.4399,1.3812,1.3363,1.2933,1.2561,1.2248,1.2023,1.1887,1.1818,1.1789,1.1799,1.1828,1.1867,1.1916,1.1965,1.1984,1.1975,1.1945,1.1896,1.1818,1.173,1.1632,1.1525,1.1388,1.1222,1.1036,1.089,1.0753,1.0567,1.0371,1.0196,1.0078,1.0078,1.0283,1.0792,1.1662,1.2933,1.4555,1.6178,1.783,1.9775,2.1779,2.3675,2.5367,2.6784,2.7879,2.8631,2.9071,2.9228,2.915,2.8886,2.8504,2.8016,2.741,2.6725,2.5963,2.5132,2.4252,2.3343,2.2405,2.1437,2.0459,1.9462,1.8573,1.7771,1.6931,1.61,1.5298,1.4536,1.3851,1.3255,1.2757,1.2346,1.2033,1.1808,1.1691,1.1642,1.1623,1.1623,1.1662,1.1711,1.176,1.1808,1.1857,1.1887,1.1877,1.1848,1.1799,1.176,1.173,1.1662,1.1564,1.1427,1.1261,1.1075,1.087,1.0635,1.0381,1.0127,0.9912,0.9824,0.98729,1.0108,1.0655,1.1584,1.2893,1.4545,1.6491,1.8592,2.0723,2.2747,2.4555,2.609,2.7195,2.7947,2.8534,2.8915,2.9052,2.8974,2.8719,2.8309,2.7771,2.7116,2.6364,2.5543,2.4761,2.3988,2.3099,2.216,2.1173,2.0137,1.911,1.8113,1.7175,1.6285,1.5445,1.4663,1.3959,1.3431,1.3021,1.262,1.2268,1.1994,1.1808,1.1701,1.1662,1.1681,1.172,1.1769,1.1818,1.1877,1.1935,1.1965,1.1975,1.1965,1.1935,1.1887,1.1818,1.173,1.1632,1.1515,1.1378,1.1241,1.1124,1.1007,1.0841,1.0635,1.042,1.0235,1.0147,1.0196,1.0469,1.1065,1.2053,1.3421,1.4858,1.6422,1.8338,2.0391,2.2414,2.4291,2.5894,2.7175,2.8172,2.8876,2.9257,2.9374,2.9277,2.9022,2.8651,2.8152,2.7546,2.6843,2.6051,2.521,2.4321,2.3382,2.2424,2.1447,2.0459,1.9599,1.8807,1.7967,1.7136,1.6315,1.5533,1.4819,1.4194,1.3656,1.3196,1.2835,1.2571,1.2385,1.2287,1.2258,1.2248,1.2268,1.2307,1.2346,1.2375,1.2385,1.2366,1.2326,1.2287,1.2229,1.218,1.2131,1.2053,1.1965,1.1877,1.1769,1.1623,1.1457,1.1271,1.1065,1.0841,1.0626,1.0489,1.0469,1.0577,1.0909,1.1554,1.2561,1.3939,1.565,1.7615,1.9707,2.1818,2.3822,2.5591,2.6911,2.7869,2.8671,2.9228,2.9531,2.9609,2.9472,2.915,2.8661,2.8065,2.738,2.6628,2.5826,2.5064,2.4301,2.3441,2.2522,2.1574,2.0596,1.9638,1.871,1.7801,1.6931,1.6109,1.5367,1.477,1.4272,1.3783,1.3353,1.3001,1.2727,1.2522,1.2385,1.2287,1.2239,1.2239,1.2258,1.2278,1.2317,1.2356,1.2375,1.2366,1.2326,1.2287,1.2229,1.2151,1.2063,1.1975,1.1867,1.172,1.1603,1.1496,1.1339,1.1153,1.0948,1.0762,1.0626,1.0596,1.0753,1.1202,1.2014,1.3216,1.4545,1.6031,1.7908,2,2.2141,2.4174,2.5982,2.7478,2.8631,2.9453,2.9961,3.0196,3.0205,3.0029,2.9707,2.9267,2.871,2.8065,2.7351,2.6588,2.5767,2.4888,2.3978,2.303,2.2033,2.1124,2.0264,1.9326,1.8377,1.7458,1.6588,1.5767,1.5034,1.4399,1.3871,1.3441,1.3089,1.2815,1.2649,1.2542,1.2444,1.2366,1.2307,1.2278,1.2278,1.2278,1.2278,1.2258,1.2229,1.219,1.217,1.216,1.2131,1.2082,1.1984,1.1838,1.1662,1.1476,1.1281,1.1075,1.085,1.0635,1.045,1.0352,1.0352,1.045,1.0772,1.1427,1.2454,1.3881,1.565,1.7654,1.9795,2.1916,2.39,2.5474,2.6696,2.7781,2.8651,2.9267,2.9638,2.9785,2.9736,2.9492,2.9071,2.8514,2.7869,2.7136,2.6413,2.5679,2.4839,2.3939,2.2981,2.1994,2.0997,2.001,1.9042,1.8104,1.7204,1.6364,1.5679,1.5103,1.4516,1.3978,1.35,1.3089,1.2757,1.2502,1.2326,1.2229,1.219,1.218,1.218,1.219,1.219,1.217,1.2151,1.2141,1.2131,1.2131,1.2131,1.2111,1.2072,1.1975,1.1828,1.1711,1.1593,1.1388,1.1134,1.0909,1.0704,1.0508,1.0352,1.0264,1.0303,1.0567,1.1124,1.2033,1.3109,1.4399,1.6119,1.8113,2.0215,2.2287,2.4223,2.5924,2.7312,2.8368,2.9101,2.9541,2.9717,2.9677,2.9501,2.9179,2.8739,2.8201,2.7586,2.6882,2.6109,2.5269,2.4379,2.3441,2.2473,2.1603,2.0792,1.9912,1.9022,1.8143,1.7312,1.652,1.5777,1.5112,1.4526,1.4027,1.3636,1.3363,1.3177,1.304,1.2942,1.2893,1.2893,1.2923,1.2962,1.3001,1.305,1.3099,1.3118,1.3109,1.3099,1.3099,1.3069,1.3021,1.2933,1.2835,1.2717,1.259,1.2454,1.2297,1.2121,1.1935,1.1799,1.1691,1.1584,1.1584,1.1779,1.2268,1.3118,1.433,1.5904,1.7771,1.9824,2.1935,2.3715,2.523,2.6735,2.8065,2.9159,2.9971,3.0508,3.0821,3.0929,3.0831,3.0557,3.0137,2.9609,2.9042,2.8416,2.7693,2.6901,2.6061,2.5171,2.4252,2.3304,2.2346,2.1378,2.042,1.9482,1.8671,1.7947,1.7214,1.652,1.5875,1.5327,1.4868,1.4477,1.4145,1.3871,1.3666,1.3529,1.3431,1.3402,1.3412,1.3402,1.3372,1.3333,1.3284,1.3236,1.3177,1.3089,1.2972,1.2835,1.2698,1.259,1.2493,1.2326,1.2121,1.1887,1.1623,1.1369,1.1153,1.1036,1.1105,1.1437,1.2121,1.3177,1.4379,1.5758,1.7537,1.956,2.1672,2.3724,2.5591,2.7195,2.8465,2.9413,3.0049,3.042,3.0528,3.044,3.0235,2.9932,2.9492,2.8944,2.8299,2.7546,2.6716,2.5826,2.4897,2.3949,2.2972,2.2092,2.1261,2.0342,1.9394,1.8456,1.7546,1.6696,1.5904,1.5191,1.4565,1.4047,1.3636,1.3343,1.3148,1.2972,1.2835,1.2747,1.2688,1.2659,1.2649,1.263,1.259,1.2551,1.2502,1.2454,1.2434,1.2414,1.2336,1.2229,1.2102,1.1975,1.1838,1.1672,1.1496,1.1281,1.1046,1.0802,1.0626,1.0518,1.0489,1.0626,1.1017,1.176,1.2903,1.4418,1.6266,1.8377,2.0606,2.2786,2.4819,2.6413,2.7654,2.8768,2.9668,3.0323,3.0733,3.0919,3.0899,3.0694,3.0313,2.9775,2.911,2.8436,2.7742,2.695,2.6109,2.521,2.4262,2.3275,2.2268,2.1241,2.0205,1.9189,1.8221,1.7312,1.6569,1.5924,1.5279,2.6755,2.6002,2.5269,2.4575,2.2532,1.9863,1.8319,1.7419,1.6872,1.6481,1.6207,1.6012,1.5885,1.5797,1.5758,1.5738,1.5728,1.5718,1.5709,1.5699,1.5679,1.566,1.563,1.5572,1.5494,1.5396,1.5288,1.5181,1.5054,1.4897,1.4731,1.4545,1.4389,1.4262,1.4125,1.4027,1.4018,1.4174,1.4545,1.5171,1.6061,1.7195,1.8524,1.9951,2.1193,2.2297,2.346,2.4526,2.5425,2.6129,2.6628,2.6921,2.7019,2.6979,2.6813,2.652,2.6139,2.5718,2.5269,2.4751,2.4174,2.3558,2.2903,2.2239,2.1564,2.087,2.0156,1.9433,1.8719,1.8094,1.7537,1.696,1.6403,1.5894,1.5435,1.5034,1.4692,1.4399,1.4154,1.3949,1.3793,1.3695,1.3646,1.3627,1.3617,1.3607,1.3607,1.3597,1.3558,1.35,1.3441,1.3363,1.3265,1.3167,1.3089,1.3021,1.2933,1.2825,1.2688,1.2532,1.2366,1.2219,1.2111,1.2082,1.2209,1.2542,1.3148,1.3881,1.478,1.5992,1.741,1.8954,2.0518,2.1984,2.3284,2.437,2.522,2.5836,2.6237,2.6413,2.6413,2.6325,2.6139,2.5846,2.5445,2.4966,2.4409,2.3803,2.3157,2.2473,2.1769,2.1056,2.042,1.9804,1.913,1.8436,1.7752,1.7077,1.6432,1.5826,1.5279,1.479,1.436,1.3978,1.3695,1.348,1.3275,1.3099,1.2962,1.2864,1.2815,1.2815,1.2835,1.2854,1.2884,1.2913,1.2923,1.2952,1.2972,1.2962,1.2933,1.2874,1.2786,1.2669,1.2522,1.2385,1.2258,1.2121,1.1965,1.1848,1.175,1.1632,1.1554,1.1564,1.176,1.218,1.2874,1.3832,1.5034,1.6422,1.7908,1.9208,2.0362,2.1554,2.2639,2.3548,2.4242,2.4712,2.4985,2.5083,2.5044,2.4868,2.4575,2.4194,2.3773,2.3314,2.2757,2.2151,2.1496,2.0811,2.0127,1.9423,1.871,1.8006,1.7322,1.6657,1.61,1.5611,1.5103,1.4497,1.3978,1.3646,1.3333,1.3069,1.2854,1.2698,1.259,1.2522,1.2502,1.2522,1.2551,1.259,1.263,1.2669,1.2698,1.2737,1.2766,1.2766,1.2747,1.2727,1.2688,1.2649,1.26,1.2512,1.2395,1.2258,2.5953,2.5855,2.5464,2.4897,2.4223,2.3451,2.261,2.1711,2.088,2.0088,1.9238,1.8377,1.7527,1.6716,1.5963,1.5279,1.4663,1.4135,1.3675,1.3284,1.3001,1.2805,1.2639,1.2522,1.2463,1.2454,1.2463,1.2473,1.2522,1.259,1.2669,1.2737,1.2776,1.2815,1.2854,1.2874,1.2854,1.2805,1.2708,1.2581,1.2444,1.2307,1.2151,1.1975,1.1769,1.1593,1.1447,1.131,1.1241,1.1329,1.1672,1.2336,1.3353,1.4712,1.6364,1.825,2.0244,2.2219,2.3832,2.5152,2.6413,2.7478,2.828,2.8798,2.9052,2.9091,2.8935,2.8622,2.8192,2.7654,2.7097,2.6491,2.5797,2.5054,2.4262,2.3431,2.2356,2.1369,2.0645,1.9834,1.8974,1.8104,1.7263,1.6559,1.5963,1.5376,1.4819,1.4311,1.3871,1.35,1.3196,1.2972,1.2825,1.2737,1.2698,1.2698,1.2727,1.2757,1.2805,1.2845,1.2864,1.2874,1.2854,1.2805,1.2727,1.263,1.2512,1.2385,1.2287,1.219,1.2043,1.1848,1.1642,1.1466,1.1339,1.1329,1.1525,1.1994,1.2776,1.39,1.5112,1.6452,1.8152,2.0059,2.1994,2.3851,2.5513,2.6901,2.7986,2.8788,2.9306,2.956,2.9609,2.9482,2.9208,2.8807,2.8289,2.7693,2.7019,2.6285,2.5513,2.4712,2.3881,2.3011,2.2121,2.132,2.0547,1.9687,1.8807,1.7947,1.7136,1.6373,1.567,1.5034,1.4497,1.4066,1.3705,1.3451,1.3265,1.3099,1.2972,1.2884,1.2845,1.2825,1.2815,1.2805,1.2786,1.2747,1.2678,1.26,1.2532,1.2463,1.2366,1.2239,1.2111,1.1955,1.176,1.1535,1.1281,1.1036,1.0831,1.0714,1.0743,1.0938,1.1388,1.2151,1.3255,1.4682,1.6403,1.8319,2.0323,2.2287,2.4125,2.5748,2.7097,2.8025,2.8641,2.914,2.9462,2.957,2.9492,2.9228,2.8817,2.828,2.7449,2.6637,2.6022,2.5347,2.4624,2.3803,2.2923,2.2014,2.1075,2.0137,1.9218,1.8328,1.7488,1.6696,1.5953,1.5279,1.4751,1.4321,1.392,1.3568,1.3275,1.305,1.2874,1.2737,1.2639,1.2581,1.2551,1.2532,1.2522,1.2502,1.2473,1.2434,1.2395,1.2346,1.2287,1.2199,1.2092,1.1965,1.1828,1.1672,1.1476,1.13,1.1114,1.0909,1.0743,1.0694,1.085,1.129,1.2082,1.3245,1.4751,1.6491,1.8397,2.0127,2.1711,2.3382,2.4936,2.6246,2.7234,2.7898,2.826,2.8348,2.8231,2.7928,2.7498,2.696,2.6364,2.5718,2.4985,2.4184,2.3314,2.2385,2.1408,2.0401,1.9384,1.8368,1.7361,1.6403,1.5611,1.4917,1.4194,1.3509,1.2884,1.2326,1.1838,1.1417,1.1056,1.0782,1.0587,1.045,1.0371,1.0362,1.0391,1.043,1.0469,1.0508,1.0557,1.0606,1.0626,1.0616,1.0587,1.0547,1.0508,1.0489,1.0469,1.0411,1.0313,1.0186,1,0.97752,0.95503,0.93548,0.92278,0.92669,0.95503,1.0166,1.0948,1.1955,1.3392,1.5142,1.7087,1.911,2.1075,2.2874,2.4428,2.567,2.6579,2.7175,2.739,2.738,2.7263,2.697,2.654,2.5973,2.5308,2.4565,2.3744,2.2854,2.1935,2.0997,2.002,1.913,1.8289,1.737,1.6432,1.5503,1.4633,1.3832,1.3089,1.2424,1.1857,1.1378,1.0997,1.0743,1.0567,1.0411,1.0293,1.0225,1.0215,1.0254,1.0323,1.0391,1.044,1.0469,1.0479,1.0489,1.0469,1.0411,1.0303,1.0156,0.99804,0.98045,0.96188,0.94135,0.91887,0.89541,0.87195,0.84848,0.83089,0.8172,0.80547,0.80645,0.82991,0.88368,0.97165,1.0948,1.2473,1.4213,1.607,1.7957,1.9541,2.085,2.2092,2.3138,2.391,2.4409,2.4643,2.4624,2.4399,2.3998,2.3431,2.2757,2.1984,2.1232,2.0489,1.9619,1.868,1.7713,1.6745,1.5787,1.4848,1.3949,1.3089,1.2287,1.1544,1.0968,1.0499,1.002,0.95894,0.9218,0.89247,0.87195,0.85728,0.85044,0.85044,0.8563,0.86706,0.87683,0.88563,0.89247,0.89638,0.89834,0.89932,0.89834,0.89541,0.88856,0.87781,0.86315,0.8436,0.82209,0.80352,0.78495,0.76051,0.73314,0.70479,0.67546,0.64516,0.61681,0.59433,0.58358,0.59433,0.63343,0.7087,0.80254,0.91984,1.0792,1.3206,1.5484,1.7077,1.8719,2.0244,2.1535,2.2532,2.3206,2.3578,2.3695,2.3597,2.3304,2.2835,2.2219,2.1486,2.0674,1.9775,1.8807,1.781,1.6794,1.5767,1.4741,1.3842,1.3021,1.2131,1.1212,1.0303,0.94428,0.86315,0.7869,0.7175,0.65787,0.60704,0.56598,0.54057,0.52297,0.50244,0.47898,0.45259,0.42522,0.39687,0.36852,0.34115,0.3089,0.28055,0.25806,0.22874,0.19355,0.1652,0.13783,0.096774,0.28641,0.60606,0.75562,0.81134,0.81329,0.7869,0.75464,0.73118,0.71359,0.69697,0.68622,0.68622,0.69404,0.73412,0.81916,0.88954,0.99218,1.1476,1.2942,1.4008,1.4956,1.6022,1.6862,1.7478,1.7859,1.8025,1.8016,1.7869,1.7595,1.7234,1.6804,1.6315,1.5875,1.5455,1.4936,1.4379,1.3803,1.3226,1.2678,1.216,1.1691,1.1271,1.0909,1.0596,1.0332,1.0166,1.0068,0.99707,0.99022,0.98729,0.98729,0.9912,0.99902,1.0098,1.0225,1.0352,1.0489,1.0635,1.0782,1.0899,1.1007,1.1095,1.1163,1.1232,1.129,1.1339,1.1378,1.1408,1.1408,1.1378,1.1359,1.1349,1.1261,1.1134,1.0997,1.087,1.0772,1.0733,1.0811,1.1056,1.1535,1.2248,1.306,1.4018,1.5249,1.6637,1.8094,1.9521,2.0811,2.1926,2.2825,2.349,2.392,2.4145,2.4203,2.4135,2.393,2.3617,2.3216,2.2727,2.2199,2.1623,2.0997,2.0352,1.9677,1.9003,1.8319,1.7732,1.7195,1.6618,1.6041,1.5474,1.4927,1.4448,1.4037,1.3695,1.3421,1.3216,1.3079,1.303,1.3021,1.3011,1.3001,1.3001,1.3001,1.3001,1.3001,1.3001,1.3001,1.3001,1.3001,1.2991,1.2991,1.2991,1.2952,1.2874,1.2766,1.2639,1.2502,1.2336,1.216,1.1994,1.1818,1.1662,1.1574,1.1535,1.1525,1.1623,1.1887,1.2356,1.3069,1.4027,1.522,1.6588,1.8045,1.9492,2.0831,2.1896,2.2717,2.3431,2.3978,2.4321,2.4477,2.4477,2.435,2.4106,2.3763,2.3333,2.2835,2.2366,2.1887,2.1329,2.0714,2.0078,1.9433,1.8807,1.8201,1.7625,1.7097,1.6618,1.6197,1.5846,1.5601,1.5415,1.523,1.5083,1.4985,1.4936,1.4936,1.4985,1.5073,1.52,1.5357,1.5523,1.5689,1.5865,1.6031,1.6168,1.6276,1.6334,1.6354,1.6334,1.6295,1.6237,1.6188,1.6149,1.61,1.607,1.6031,1.5963,1.5875,1.5748,1.5601,1.5464,1.5376,1.5386,1.5552,1.5934,1.6549,1.7253,1.8084,1.9169,2.0411,2.1711,2.2972,2.4125,2.5122,2.5914,2.6481,2.6823,2.697,2.6931,2.6784,2.6549,2.6207,2.5767,2.5259,2.4692,2.4076,2.3431,2.2766,2.2092,2.1417,2.0753,2.0205,1.9726,1.9218,1.871,1.824,1.781,1.7429,1.7107,1.6843,1.6647,1.651,1.7204,1.8338,1.8935,1.9277,1.9492,1.9648,1.9795,1.9932,2.0049,2.0147,2.0225,2.0274,2.0303,2.0303,2.0293,2.0264,2.0225,2.0156,2.0049,1.9912,1.9746,1.956,1.9365,1.915,1.8925,1.868,1.8436,1.826,1.8152,1.8084,1.8104,1.828,1.8661,1.9296,2.0186,2.129,2.2542,2.3851,2.5142,2.6197,2.7067,2.7898,2.8583,2.9081,2.9384,2.9492,2.9433,2.9247,2.8964,2.8573,2.8094,2.7556,2.7038,2.651,2.5894,2.5249,2.4585,2.391,2.3265,2.2659,2.2092,2.1564,2.1075,2.0635,2.0303,2.0029,1.9765,1.9531,1.9345,1.9218,1.9159,1.915,1.9169,1.9208,1.9257,1.9335,1.9443,1.956,1.9677,1.9785,1.9883,1.9961,2.0039,2.0098,2.0127,2.0137,2.0147,2.0147,2.0127,2.0108,2.0088,2.0029,1.9941,1.9824,1.9707,1.958,1.9453,1.9355,1.9335,1.9443,1.9717,2.0117,2.0665,2.1457,2.2483,2.3666,2.4936,2.6227,2.7458,2.8553,2.9462,3.0156,3.0635,3.0909,3.0987,3.0909,3.0733,3.0469,3.0098,2.9638,2.9101,2.8504,2.7859,2.7185,2.6491,2.5787,2.5181,2.4643,2.4057,2.347,2.2903,2.2356,2.1838,2.1369,2.0968,2.0635,2.0371,2.0186,2.0049,1.998,1.9961,1.9961,1.999,2.0029,2.0088,2.0156,2.0235,2.0303,2.0362,2.0411,2.045,2.0489,2.0508,2.0499,2.0469,2.042,2.0352,2.0274,2.0176,2.0059,1.9932,1.9775,1.9599,1.9453,1.9355,1.9335,1.9404,1.9648,2.0117,2.0841,2.1808,2.2972,2.4311,2.5748,2.7175,2.8514,2.957,3.0391,3.1134,3.174,3.217,3.2395,3.2454,3.2366,3.2141,3.1799,3.1369,3.087,3.0332,2.9824,2.9316,2.8739,2.8113,2.7458,2.6784,2.6109,2.5445,2.479,2.4184,2.3607,2.3069,2.2639,2.2297,2.1965,2.1681,2.1466,2.132,2.1222,2.1163,2.1144,2.1153,2.1183,2.1222,2.1261,2.129,2.132,2.132,2.13,2.1281,2.1251,2.1202,2.1134,2.1046,2.0948,2.0821,2.0674,2.0547,2.044,2.0293,2.0117,1.9932,1.9746,1.9609,1.956,1.9677,2.002,2.0616,2.1486,2.26,2.3724,2.4878,2.6256,2.7693,2.9081,3.0342,3.1408,3.2239,3.2845,3.3226,3.3412,3.3431,3.3324,3.3128,3.2845,3.2493,3.2072,3.0499,2.828,2.6764,2.5582,2.4575,2.3627,2.2688,2.1789,2.1017,2.0323,1.9599,1.8886,1.8192,1.7537,1.695,1.6413,1.5934,1.5513,1.5152,1.4858,1.4643,1.4497,1.4379,1.4311,1.4272,1.4252,1.4242,1.4233,1.4203,1.4164,1.4125,1.4076,1.4027,1.3969,1.3881,1.3773,1.3656,1.3519,1.3363,1.3187,1.3011,1.2845,1.2678,1.2571,1.2571,1.2688,1.2972,1.3548,1.4457,1.5679,1.7195,1.8925,2.0772,2.262,2.435,2.5885,2.7155,2.8016,2.8573,2.8983,2.9198,2.9218,2.9062,2.8759,2.8328,2.7791,2.7146,2.6422,2.565,2.4829,2.4057,2.3314,2.2493,2.1623,2.0733,1.9844,1.8964,1.8123,1.7331,1.6598,1.5953,1.5386,1.4936,1.4585,1.4262,1.3988,1.3754,1.3558,1.3402,1.3265,1.3167,1.3099,1.304,1.2981,1.2933,1.2923,1.2903,1.2854,1.2786,1.2698,1.2581,1.2434,1.2258,1.2043,1.1818,1.1593,1.1378,1.1222,1.1085,1.089,1.0655,1.0411,1.0166,0.99413,0.98143,0.98338,1.0078,1.0596,1.1427,1.26,1.3842,1.5181,1.6843,1.8631,2.0411,2.2053,2.346,2.4594,2.5415,2.5934,2.6178,2.6197,2.6041,2.5767,2.5367,2.4858,2.4262,2.3597,2.2864,2.2072,2.1232,2.0371,1.9482,1.8573,1.7683,1.695,1.6295,1.5601,1.4907,1.4262,1.3695,1.3226,1.2835,1.2512,1.2248,1.2053,1.1926,1.1877,1.1896,1.1945,1.2023,1.2131,1.2278,1.2434,1.259,1.2737,1.2845,1.2913,1.2962,1.2972,1.2981,1.2981,1.2962,1.2923,1.2864,1.2776,1.2659,1.2512,1.2356,1.2199,1.2033,1.1896,1.1838,1.1887,1.2082,1.2483,1.3148,1.4106,1.5337,1.6804,1.8416,2.0078,2.1701,2.3196,2.4477,2.5406,2.6051,2.6579,2.6921,2.7048,2.696,2.6686,2.6256,2.5709,2.5064,2.436,2.3597,2.2884,2.217,2.1378,2.0557,1.9736,1.8935,1.8152,1.739,1.6676,1.6022,1.5425,1.4907,1.4477,1.4174,1.3969,1.3793,1.3666,1.3607,1.3597,1.3627,1.3705,1.3822,1.3959,1.4076,1.4174,1.4272,1.434,1.4379,1.4399,1.4379,1.433,1.4272,1.4213,1.4125,1.4018,1.39,1.3773,1.3617,1.347,1.3333,1.3177,1.3069,1.3069,1.3265,1.3705,1.4438,1.5484,1.6833,1.8416,2.0264,2.1965,2.3402,2.4868,2.6197,2.7312,2.8172,2.8739,2.9032,2.9091,2.8954,2.8631,2.8182,2.7683,2.7126,2.6461,2.5718,2.4927,2.4086,2.3206,2.2297,2.1378,2.0469,1.9589,1.8759,1.7967,1.7322,1.6774,1.6217,1.5689,1.521,1.48,1.4467,1.4213,1.4037,1.393,1.3881,1.3891,1.3949,1.4047,1.4154,1.4272,1.4379,1.4457,1.4536,1.4585,1.4614,1.4614,1.4594,1.4545,1.4467,1.4399,1.4321,1.4203,1.4086,1.3959,1.3832,1.3685,1.3519,1.3343,1.3196,1.3109,1.3138,1.3294,1.3656,1.435,1.5406,1.6804,1.8504,2.0411,2.2395,2.433,2.61,2.7615,2.8837,2.9746,3.0274,3.0499,3.0557,3.0459,3.0196,2.9785,2.9247,2.8602,2.7869,2.7067,2.6207,2.5288,2.4438,2.3597,2.2669,2.1691,2.0694,1.9717,1.8759,1.783,1.696,1.6139,1.5376,1.4692,1.4106,1.3675,1.3343,1.3021,1.2757,1.2561,1.2424,1.2346,1.2307,1.2287,1.2278,1.2278,1.2278,1.2297,1.2307,1.2268,1.2209,1.2131,1.2043,1.1935,1.1818,1.1681,1.1515,1.1329,1.1124,1.0929,1.0792,1.0655,1.0459,1.0254,1.0098,1.0039,1.0147,1.0499,1.1153,1.2131,1.3421,1.4976,1.6481,1.7947,1.9609,2.1271,2.2796,2.4086,2.5083,2.5787,2.6197,2.6344,2.6295,2.6061,2.5689,2.5259,2.4761,2.4145,2.3451,2.2698,2.1887,2.1026,2.0137,1.9228,1.8309,1.741,1.6559,1.5855,1.5249,1.4624,1.4027,1.348,1.2991,1.2581,1.2258,1.2023,1.1857,1.1769,1.173,1.176,1.1838,1.1926,1.2033,1.218,1.2336,1.2483,1.262,1.2747,1.2854,1.2952,1.3021,1.306,1.3089,1.3089,1.3021,1.2903,1.2757,1.26,1.2434,1.2268,1.2102,1.1955,1.1857,1.1867,1.2043,1.2366,1.2884,1.3734,1.4946,1.6481,1.826,2.0196,2.217,2.4066,2.5777,2.7243,2.8426,2.9208,2.9687,3.001,3.0137,3.0068,2.9844,2.9492,2.9013,2.8446,2.7781,2.7028,2.6217,2.5435,2.4663,2.3803,2.2884,2.1965,2.1085,2.0225,1.9394,1.8602,1.7869,1.7214,1.6657,1.6178,1.5836,1.5582,1.5347,1.5161,1.5044,1.4985,1.4966,1.4995,1.5044,1.5112,1.5191,1.5279,1.5357,1.5406,1.5425,1.5425,1.5396,1.5337,1.522,1.5044,1.4878,1.4721,1.4565,1.4379,1.4164,1.3969,1.3793,1.3636,1.3558,1.3646,1.3978,1.4614,1.5582,1.6882,1.8475,2.0254,2.2092,2.3656,2.5015,2.6393,2.7615,2.8592,2.9306,2.9775,3.002,3.0049,2.9912,2.9638,2.9208,2.8661,2.8065,2.741,2.6647,2.5797,2.4868,2.3891,2.2884,2.1867,2.0831,1.9814,1.8827,1.7879,1.7097,1.6393,1.564,1.4907,1.4223,1.3607,1.3079,1.262,1.2219,1.1896,1.1652,1.1476,1.132,1.1232,1.1202,1.1163,1.1124,1.1085,1.1046,1.1007,1.0948,1.085,1.0733,1.0596,1.044,1.0332,1.0254,1.0127,0.99609,0.97556,0.95308,0.9306,0.90909,0.88954,0.87781,0.8827,0.91202,0.97067,1.0459,1.1437,1.2815,1.4487,1.6344,1.8289,2.0196,2.1965,2.3509,2.479,2.5777,2.6461,2.6843,2.7019,2.7048,2.6931,2.6667,2.6285,2.5816,2.5288,2.4702,2.4086,2.3441,2.2766,2.2082,2.1476,2.0899,2.0264,1.9599,1.8944,1.8319,1.7732,1.7185,1.6676,1.6227,1.5855,1.5552,1.5327,1.5161,1.5005,1.4878,1.477,1.4682,1.4604,1.4545,1.4497,1.4448,1.4409,1.437,1.4301,1.4242,1.4154,1.4008,1.3822,1.3597,1.3353,1.3109,1.2864,1.26,1.2317,1.2033,1.174,1.1515,1.1329,1.1153,1.1085,1.1212,1.1593,1.2268,1.3265,1.4575,1.6139,1.7859,1.9619,2.129,2.2639,2.3724,2.4721,2.5513,2.607,2.6403,2.653,2.6471,2.6256,2.5924,2.5484,2.4946,2.4399,2.3832,2.3167,2.2434,2.1662,2.086,2.0068,1.9286,1.8553,1.7869,1.7243,1.6686,1.6188,1.5806,1.5503,1.521,1.4956,1.4761,1.4624,1.4555,1.4545,1.4565,1.4614,1.4682,1.4761,1.4839,1.4917,1.4995,1.5064,1.5103,1.5132,1.5152,1.5161,1.5152,1.5112,1.5034,1.4897,1.4741,1.4575,1.435,1.4086,1.3793,1.348,1.3196,1.2933,1.2698,1.2551,1.2542,1.2757,1.3255,1.3891,1.4721,1.5914,1.737,1.8993,2.0704,2.2385,2.3939,2.5288,2.6383,2.7195,2.4692,2.5679,2.6461,2.7009,2.7341,2.7449,2.737,2.7155,2.6804,2.6354,2.5806,2.52,2.4604,2.4008,2.3324,2.2581,2.1789,2.0958,2.0108,1.9257,1.8407,1.7576,1.6784,1.6031,1.5425,1.478,1.4047,1.3441,1.2952,1.2551,1.2219,1.1965,1.1779,1.1652,1.1574,1.1535,1.1515,1.1525,1.1554,1.1574,1.1574,1.1564,1.1554,1.1554,1.1525,1.1457,1.1339,1.1193,1.1026,1.0899,1.0792,1.0645,1.0469,1.0274,1.0059,0.98631,0.97263,0.97165,0.99022,1.0362,1.1144,1.2297,1.3548,1.4917,1.6637,1.8534,2.0459,2.2278,2.3891,2.522,2.6237,2.695,2.738,2.7576,2.7556,2.738,2.7087,2.6696,2.6197,2.5611,2.4946,2.4213,2.3421,2.2581,2.1711,2.0802,1.9971,1.9179,1.8319,1.7439,1.6588,1.5777,1.4995,1.4262,1.3597,1.2991,1.2463,1.2023,1.1672,1.1427,1.1261,1.1095,1.0958,1.0841,1.0762,1.0723,1.0704,1.0694,1.0665,1.0626,1.0587,1.0557,1.0528,1.0469,1.0391,1.0313,1.0235,1.0166,1.0078,0.99609,0.98338,0.96774,0.94917,0.92864,0.913,0.90225,0.89736,0.90518,0.93451,0.99609,1.0919,1.2219,1.3812,1.565,1.7625,1.9599,2.1232,2.259,2.391,2.5073,2.6002,2.6676,2.7087,2.7273,2.7253,2.7048,2.6696,2.6246,2.5728,2.5181,2.4604,2.3949,2.3236,2.2493,2.1711,2.0899,2.0078,1.9238,1.8397,1.7566,1.6784,1.6149,1.5582,1.4985,1.4438,1.3959,1.3558,1.3216,1.2962,1.2776,1.2649,1.2571,1.2542,1.2551,1.259,1.262,1.2639,1.2649,1.263,1.26,1.2561,1.2512,1.2473,1.2424,1.2366,1.2287,1.2209,1.2141,1.2033,1.1906,1.175,1.1564,1.1349,1.1124,1.0948,1.087,1.0978,1.1349,1.2043,1.2903,1.3978,1.5464,1.7234,1.9159,2.1124,2.2981,2.4653,2.6061,2.7165,2.7957,2.8465,2.868,2.869,2.8573,2.8319,2.7928,2.7429,2.6843,2.6178,2.5445,2.4673,2.3881,2.305,2.2199,2.1417,2.0665,1.9834,1.8964,1.8104,1.7263,1.6452,1.567,1.4956,1.4321,1.3773,1.3304,1.2962,1.2717,1.2493,1.2297,1.216,1.2063,1.2004,1.1975,1.1965,1.1945,1.1916,1.1877,1.1818,1.1769,1.1711,1.1642,1.1574,1.1486,1.1398,1.131,1.1202,1.1056,1.088,1.0665,1.045,1.0293,1.0215,1.0225,1.0411,1.085,1.1603,1.2698,1.4115,1.5806,1.7654,1.9541,2.1359,2.3011,2.4272,2.5191,2.5973,2.652,2.6823,2.6921,2.6833,2.6833,2.6823,2.653,2.6041,2.5435,2.4829,2.4213,2.3509,2.2747,2.1935,2.1095,2.0215,1.9316,1.8436,1.7605,1.6804,1.6041,1.5347,1.48,1.435,1.39,1.349,1.3138,1.2854,1.263,1.2463,1.2356,1.2317,1.2326,1.2375,1.2463,1.2551,1.261,1.2639,1.2649,1.2659,1.2649,1.261,1.2542,1.2444,1.2307,1.2141,1.2014,1.1906,1.175,1.1564,1.1359,1.1144,1.0919,1.0723,1.0596,1.0626,1.087,1.1388,1.2268,1.3294,1.4516,1.6139,1.8016,2,2.1945,2.3754,2.5327,2.6608,2.7576,2.824,2.8622,2.8729,2.8641,2.8416,2.8074,2.7634,2.7097,2.6471,2.5767,2.4995,2.4174,2.3324,2.2454,2.1554,2.0753,2.002,1.9228,1.8407,1.7605,1.6833,1.608,1.5376,1.4751,1.4203,1.3734,1.3343,1.306,1.2854,1.2688,1.2561,1.2473,1.2434,1.2424,1.2434,1.2473,1.2522,1.2542,1.2551,1.2551,1.2561,1.2561,1.2522,1.2454,1.2356,1.2209,1.2053,1.1887,1.1701,1.1496,1.1281,1.1056,1.0899,1.0811,1.0782,1.0899,1.1241,1.1867,1.2825,1.4106,1.567,1.7439,1.9306,2.1153,2.2874,2.4223,2.5259,2.6188,2.6921,2.7419,2.7683,2.7722,2.7586,2.7302,2.6891,2.6373,2.5767,2.5142,2.4497,2.3754,2.2952,2.2092,2.1212,2.0313,1.9404,1.8485,1.7586,1.6716,1.5904,1.5161,1.4575,1.4096,1.3636,1.3216,1.2845,1.2522,1.2248,1.2033,1.1887,1.1799,1.1769,1.1769,1.1818,1.1887,1.1935,1.1955,1.1965,1.1975,1.1965,1.1926,1.1867,1.1789,1.1681,1.1535,1.1388,1.129,1.1222,1.1105,1.0948,1.0753,1.0538,1.0303,1.0108,1.001,1.0088,1.044,1.1144,1.2023,1.3128,1.4633,1.6432,1.8387,2.0352,2.2209,2.3861,2.522,2.6256,2.6999,2.7468,2.7703,2.7732,2.7586,2.7302,2.6891,2.6373,2.5767,2.5093,2.436,2.3578,2.2757,2.1906,2.1036,2.0244,1.9492,1.8671,1.784,1.7038,1.6266,1.5533,1.4848,1.4233,1.3705,1.3265,1.2893,1.259,1.2405,1.2307,1.2239,1.2209,1.2229,1.2287,1.2356,1.2434,1.2522,1.259,1.2639,1.2659,1.2669,1.2678,1.2669,1.2639,1.2581,1.2493,1.2375,1.2219,1.2053,1.1887,1.1691,1.1466,1.13,1.1183,1.1114,1.1114,1.1202,1.1496,1.2063,1.2962,1.4213,1.5797,1.7644,1.9638,2.1632,2.3284,2.4663,2.5992,2.7107,2.7947,2.8485,2.8749,2.8768,2.8592,2.825,2.7781,2.7204,2.6618,2.6002,2.5298,2.4536,2.3724,2.2903,2.2053,2.1183,2.0303,1.9423,1.8563,1.7752,1.6989,1.6364,1.5836,1.5308,1.4809,1.437,1.3998,1.3685,1.3431,1.3255,1.3157,1.3118,1.3128,1.3167,1.3216,1.3265,1.3314,1.3363,1.3412,1.346,1.348,1.347,1.3441,1.3392,1.3304,1.3196,1.3109,1.304,1.2952,1.2854,1.2717,1.2561,1.2385,1.2209,1.2043,1.1975,1.2092,1.2473,1.3021,1.3822,1.5054,1.6637,1.8495,2.0508,2.2542,2.4467,2.6197,2.7644,2.8778,2.9599,3.0098,3.0303,3.0293,3.0127,2.9824,2.9404,2.8876,2.826,2.7576,2.6833,2.6041,2.521,2.437,2.3607,2.2874,2.2053,2.1183,2.0303,1.9423,1.8583,1.7801,1.7067,1.6383,1.5767,1.522,1.477,1.4467,1.4272,1.4106,1.3969,1.3891,1.3861,1.3871,1.39,1.3939,1.3978,1.4027,1.4076,1.4115,1.4135,1.4125,1.4096,1.4047,1.3969,1.3851,1.3705,1.3509,1.3294,1.3079,1.2884,1.2688,1.2551,1.2444,1.2336,1.2326,1.2483,1.2903,1.3656,1.4761,1.6207,1.7957,1.9883,2.1867,2.3558,2.5005,2.6442,2.7683,2.8661,2.9365,2.9795,2.999,2.9971,2.9765,2.9423,2.8944,2.8368,2.7771,2.7155,2.6461,2.5709,2.4927,2.4115,2.3275,2.2405,2.1525,2.0635,1.9756,1.8905,1.8192,1.7566,1.6911,1.6276,1.5699,1.5191,1.4761,1.4428,1.4184,1.3998,1.3871,1.3783,1.3724,1.3724,1.3754,1.3793,1.3842,1.3871,1.3881,1.3861,1.3822,1.3783,1.3715,1.3607,1.349,1.3392,1.3304,1.3167,1.2991,1.2815,1.261,1.2366,1.2111,1.1896,1.176,1.1779,1.2023,1.2571,1.3284,1.4242,1.5611,1.7312,1.9247,2.1271,2.3245,2.5054,2.6628,2.7908,2.8866,2.9521,2.9863,2.9951,2.9873,2.9648,2.9296,2.8817,2.825,2.7605,2.6891,2.6129,2.5327,2.4477,2.3675,2.2903,2.2043,2.1124,2.0176,1.9238,1.8338,1.7498,1.6716,1.6002,1.5367,1.4809,1.435,1.4008,1.3744,1.349,1.3255,1.306,1.2942,1.2893,1.2893,1.2649,1.2268,1.2072,1.1975,1.1935,1.1916,1.1896,1.1867,1.1799,1.172,1.1632,1.1525,1.1388,1.1222,1.1036,1.0811,1.0557,1.0371,1.0225,1.0039,0.98729,0.97947,0.98827,1.0225,1.089,1.1935,1.3363,1.5122,1.7107,1.8905,2.0557,2.2326,2.3978,2.5367,2.6452,2.7234,2.7732,2.7977,2.8006,2.784,2.7507,2.7038,2.653,2.5973,2.5318,2.4604,2.3842,2.3011,2.2141,2.1241,2.0323,1.9404,1.8495,1.7625,1.6891,1.6227,1.5523,1.4829,1.4164,1.3548,1.3011,1.2551,1.219,1.1926,1.174,1.1642,1.1593,1.1593,1.1623,1.1681,1.173,1.176,1.1769,1.1779,1.1779,1.1779,1.1779,1.1779,1.176,1.173,1.1711,1.1652,1.1544,1.1398,1.1232,1.1026,1.0782,1.0518,1.0274,1.0049,0.99022,0.9912,1.0088,1.0479,1.1202,1.2307,1.3803,1.5601,1.7605,1.9677,2.1701,2.3568,2.5191,2.65,2.737,2.7908,2.827,2.8426,2.8397,2.8211,2.7879,2.7419,2.6862,2.6237,2.5533,2.4761,2.3939,2.3187,2.2444,2.1603,2.0704,1.9775,1.8837,1.7928,1.7048,1.6217,1.5445,1.4741,1.4135,1.3695,1.3353,1.304,1.2776,1.2551,1.2385,1.2258,1.219,1.216,1.217,1.2199,1.2239,1.2287,1.2346,1.2414,1.2444,1.2434,1.2405,1.2356,1.2268,1.216,1.2043,1.1926,1.1789,1.1642,1.1515,1.1408,1.1261,1.1085,1.0899,1.0723,1.0616,1.0665,1.0978,1.1632,1.2669,1.4076,1.5787,1.7439,1.9071,2.0929,2.2786,2.4487,2.5953,2.7116,2.7957,2.8504,2.8759,2.8768,2.8583,2.827,2.7849,2.7331,2.6735,2.6061,2.5327,2.4555,2.3744,2.2903,2.2053,2.1183,2.0293,1.9384,1.8592,1.7879,1.7126,1.6393,1.5689,1.5054,1.4516,1.4047,1.3675,1.3392,1.3177,1.3021,1.2942,1.2903,1.2874,1.2864,1.2884,1.2923,1.2962,1.3011,1.305,1.3069,1.306,1.303,1.3011,1.2962,1.2864,1.2747,1.261,1.2473,1.2326,1.216,1.1975,1.176,1.1515,1.129,1.1114,1.1046,1.1124,1.1398,1.1965,1.2903,1.4213,1.5865,1.7791,1.9844,2.1916,2.3881,2.5611,2.6882,2.7791,2.8553,2.9071,2.9355,2.9453,2.9384,2.913,2.8719,2.8182,2.7556,2.6852,2.6109,2.5406,2.4702,2.3978,2.3226,2.2385,2.1486,2.0567,1.9648,1.8739,1.7869,1.7058,1.6295,1.5689,1.5181,1.4663,1.4203,1.3822,1.3529,1.3314,1.3187,1.3099,1.303,1.2991,1.2952,1.2913,1.2903,1.2923,1.2933,1.2942,1.2933,1.2903,1.2835,1.2727,1.259,1.2444,1.2287,1.2111,1.1975,1.1857,1.1701,1.1505,1.1261,1.1007,1.0782,1.0635,1.0616,1.0811,1.131,1.216,1.3382,1.4702,1.6149,1.7957,1.9941,2.1935,2.3793,2.5435,2.6794,2.784,2.8553,2.8983,2.915,2.9091,2.8876,2.8553,2.8123,2.7595,2.6979,2.6276,2.5494,2.4673,2.3822,2.2933,2.2023,2.1085,2.0254,1.9492,1.8661,1.783,1.7009,1.6227,1.5494,1.4819,1.4213,1.3695,1.3255,1.2893,1.2639,1.2463,1.2346,1.2287,1.2258,1.2239,1.2229,1.2229,1.2229,1.2229,1.2229,1.2229,1.2229,1.2239,1.2229,1.218,1.2102,1.2004,1.1867,1.1711,1.1535,1.1349,1.1163,1.0968,1.0762,1.0616,1.0518,1.044,1.0489,1.0723,1.1241,1.2131,1.3412,1.5054,1.695,1.9003,2.1085,2.304,2.4575,2.5787,2.6931,2.7859,2.8514,2.8905,2.9062,2.9022,2.8798,2.8416,2.7918,2.7302,2.6676,2.6012,2.5249,2.4418,2.3548,2.263,2.1681,2.0733,1.9804,1.8895,1.8016,1.7195,1.6432,1.5797,1.523,1.4633,1.4076,1.3568,1.3118,1.2757,1.2493,1.2317,1.2219,1.2199,1.2219,1.2268,1.2326,1.2375,1.2424,1.2463,1.2473,1.2454,1.2414,1.2356,1.2268,1.216,1.2023,1.1906,1.1799,1.1652,1.1476,1.129,1.1095,1.087,1.0645,1.0411,1.0186,1.002,1.002,1.0274,1.0714,1.1408,1.2512,1.4018,1.5836,1.7869,1.998,2.2014,2.3871,2.5464,2.6745,2.7693,2.825,2.8514,2.8641,2.8631,2.8485,2.8182,2.7742,2.7185,2.653,2.5797,2.4995,2.4135,2.3226,2.2385,2.1584,2.0714,1.9814,1.8925,1.8055,1.7243,1.6481,1.5748,1.5054,1.4428,1.39,1.3519,1.3226,1.2952,1.2708,1.2502,1.2366,1.2297,1.2268,1.2278,1.2307,1.2346,1.2385,1.2405,1.2414,1.2424,1.2395,1.2336,1.2258,1.217,1.2072,1.1955,1.1799,1.1623,1.1437,1.1251,1.1095,1.0948,1.0753,1.0557,1.0401,1.0313,1.0362,1.0655,1.1251,1.2278,1.3715,1.5455,1.7449,1.9267,2.0958,2.2805,2.4585,2.6158,2.7419,2.8358,2.8974,2.9286,2.9345,2.9208,2.8905,2.8504,2.8016,2.7429,2.6755,2.6002,2.5181,2.4311,2.3402,2.2454,2.1486,2.0508,1.955,1.8631,1.7859,1.7165,1.6432,1.5728,1.5054,1.4438,1.3881,1.3402,1.3011,1.2698,1.2483,1.2346,1.2307,1.2326,1.2356,1.2395,1.2444,1.2493,1.2542,1.259,1.263,1.263,1.261,1.2571,1.2532,1.2502,1.2463,1.2385,1.2297,1.2209,1.2111,1.1994,1.1838,1.1662,1.1476,1.129,1.1153,1.1105,1.1193,1.1496,1.2111,1.3099,1.4487,1.6237,1.824,2.0391,2.2542,2.4565,2.6344,2.781,2.8837,2.9531,3.0068,3.0381,3.0499,3.044,3.0215,2.9844,2.9365,2.8788,2.8133,2.741,2.6706,2.6002,2.5191,2.4321,2.3392,2.2414,2.1408,2.0381,1.9365,1.8397,1.7498,1.6676,1.5943,1.5386,1.4946,1.4526,1.4154,1.3832,1.3578,1.3392,1.3255,1.3167,1.3109,1.3069,1.3021,1.3001,1.2991,1.2962,1.2923,1.2854,1.2747,1.262,1.2483,1.2326,1.2151,1.1965,1.175,1.1554,1.1369,1.1144,1.0909,1.0665,1.044,1.0303,1.0332,1.0626,1.1241,1.2219,1.3587,1.5269,1.6911,1.8543,2.0391,2.2239,2.3949,2.5435,2.6628,2.7537,2.8162,2.8504,2.8602,2.8495,2.8231,2.7849,2.737,2.6813,2.6188,2.5494,2.4731,2.392,2.3069,2.218,2.1261,2.0313,1.9335,1.8475,1.7693,1.6852,1.6012,1.521,1.4467,1.3793,1.3216,1.2727,1.2326,1.1984,1.1711,1.1525,1.1359,1.1134,1.0899,1.0645,1.0362,1.0049,0.97165,0.93646,0.89932,0.86119,0.82405,0.7869,0.75855,0.73509,0.70674,0.67644,0.64614,0.61681,0.58749,0.55621,0.52395,0.49267,0.46628,0.44575,0.43988,0.45357,0.48876,0.55425,0.65396,0.79179,0.9609,1.1525,1.3539,1.5513,1.7341,1.8925,2.0225,2.1134,2.174,2.216,2.2375,2.2385,2.219,2.1818,2.132,2.0694,1.998,1.9189,1.8338,1.7576,1.6852,1.6031,1.5171,1.4272,1.3363,1.2473,1.1593,1.0733,0.99022,0.91007,0.83578,0.76931,0.72141,0.68719,0.65689,0.63441,0.62072,0.61486,0.61584,0.6217,0.6305,0.64223,0.65689,0.67253,0.69013,0.7087,0.72532,0.86315,1.0587,1.1574,1.2063,1.2287,1.2375,1.2405,1.2395,1.2336,1.2258,1.2199,1.2131,1.2004,1.1848,1.1672,1.1505,1.1378,1.1339,1.1437,1.175,1.2336,1.3196,1.4174,1.5279,1.6667,1.8201,1.9756,2.1222,2.2512,2.3578,2.4389,2.4936,2.523,2.5308,2.523,2.5044,2.477,2.436,2.3851,2.3255,2.2571,2.1828,2.1046,2.0225,1.9384,1.8524,1.7674,1.695,1.6276,1.5523,1.477,1.4037,1.3343,1.2688,1.2092,1.1564,1.1095,1.0684,1.0323,1,0.97849,0.96285,0.94624,0.9306,0.91496,0.89932,0.88465,0.86999,0.85533,0.84066,0.826,0.81134,0.80254,0.7957,0.78299,0.76735,0.74487,0.71848,0.68817,0.65494,0.61975,0.5826,0.5435,0.5044,0.46628,0.43988,0.42131,0.3998,0.38319,0.37928,0.39785,0.44477,0.52395,0.63343,0.77126,0.92962,1.1007,1.2561,1.3978,1.5435,1.6774,1.7928,1.8847,1.9492,1.9892,2.0068,2.0039,1.9863,1.956,1.9228,1.8856,1.8387,1.784,1.7253,1.6637,1.6002,1.5367,1.4731,1.4106,1.3509,1.2942,1.2405,1.2014,1.172,1.1427,1.1173,1.0997,1.089,1.0831,1.0821,1.086,1.0909,1.0987,1.1105,1.1261,1.1408,1.1525,1.1632,1.173,1.1818,1.1916,1.1994,1.2072,1.2141,1.219,1.2229,1.2239,1.2258,1.2287,1.2278,1.2229,1.2141,1.2043,1.1935,1.1828,1.175,1.1769,1.1945,1.2326,1.2854,1.3558,1.4575,1.5855,1.7331,1.8944,2.0606,2.2219,2.3695,2.5005,2.61,2.695,2.7566,2.7937,2.8123,2.8211,2.8182,2.8035,2.781,2.7507,2.7136,2.6686,2.6178,2.5601,2.4995,2.4428,2.3871,2.3265,2.263,2.1984,2.1349,2.0753,2.0225,1.9756,1.9355,1.9013,1.8739,1.8543,1.8436,1.8377,1.8358,1.8377,1.8436,1.8514,1.8612,1.8719,1.8827,1.8935,1.9042,1.915,1.9247,1.9316,1.9365,1.9394,1.9374,1.9316,1.9228,1.9101,1.8944,1.8768,1.8602,1.8436,1.825,1.8084,1.7928,1.7781,1.7693,1.7732,1.7967,1.8465,1.9267,2.0332,2.1623,2.3089,2.4643,2.5992,2.7175,2.8387,2.9482,3.0391,3.1095,3.1574,3.1838,3.1916,3.1828,3.1584,3.1212,3.0733,3.0205,2.9609,2.8876,2.8055,2.7185,2.6285,2.5367,2.4457,2.3578,2.2991,2.2639,2.2229,2.1848,2.1515,2.1163,2.0841,2.0557,2.0303,2.0078,1.9883,1.9726,1.958,1.9453,1.9345,1.9247,1.9189,1.9159,1.914,1.913,1.913,1.914,1.9159,1.9179,1.9198,1.9208,1.9208,1.9208,1.9208,1.9208,1.9189,1.9169,1.913,1.9071,1.9003,1.8935,1.8895,1.8895,1.8983,1.9189,1.955,1.999,2.0538,2.132,2.2278,2.3353,2.4477,2.5582,2.6618,2.7537,2.8299,2.8886,2.9306,2.9541,2.9629,2.9629,2.955,2.9404,2.9189,2.8915,2.8602,2.826,2.7879,2.7478,2.7058,2.6608,2.6178,2.5767,2.5327,2.4878,2.4438,2.3998,2.3578,2.3187,2.2835,2.2532,2.2287,2.2111,2.2004,2.1965,2.1965,2.2004,2.2063,2.2131,2.2199,2.2278,2.2356,2.2434,2.2512,2.259,2.2649,2.2688,2.2737,2.2796,2.2845,2.2874,2.2893,2.2903,2.2903,2.2903,2.2884,2.2854,2.2825,2.2796,2.2786,2.2825,2.2962,2.3236,2.3685,2.4321,2.5132,2.61,2.7155,2.824,2.9286,3.0108,3.0753,3.1369,3.1877,3.2248,3.2483,3.2581,3.2561,3.2444,3.2229,3.1916,3.1535,3.1095,3.0655,3.0186,2.9658,2.9091,2.8504,2.7889,2.7263,2.6647,2.6041,2.5455,2.4878,2.433,2.3871,2.346,2.303,2.261,2.2219,2.1867,2.1564,2.131,2.1105,2.0938,2.0802,2.0694,2.0596,2.0528,2.0469,2.0401,2.0332,2.0244,2.0147,2.0029,1.9892,1.9726,1.955,1.9365,1.915,1.8974,1.8817,1.8631,1.8416,1.8192,1.7996,1.784,1.7761,1.781,1.8035,1.8456,1.9081,1.9902,2.0733,2.1593,2.26,2.3666,2.4682,2.5601,2.6393,2.7038,2.7527,2.7869,2.8074,2.8152,2.8123,2.8006,2.783,2.7605,2.7341,2.7038,2.6706,2.6344,2.5953,2.5533,2.5093,2.4633,2.4164,2.3734,2.3343,2.2923,2.2414,2.1975,2.1681,2.1398,2.1134,2.089,2.0665,2.0479,2.0332,2.0235,2.0166,2.0117,2.0098,2.0088,2.0098,2.0117,2.0137,2.0147,2.0147,2.0147,2.0147,2.0137,2.0117,2.0098,2.0059,1.999,1.9902,1.9804,1.9717,1.9619,1.9511,1.9423,1.9355,1.9345,1.9404,1.955,1.9853,2.0332,2.0987,2.1808,2.2776,2.3822,2.4878,2.5875,2.6774,2.7527,2.8123,2.8514,2.8749,2.8895,2.7957,2.6403,2.5464,2.48,2.4223,2.3666,2.3089,2.2483,2.1857,2.1271,2.0684,2.0049,1.9374,1.868,1.7986,1.7292,1.6618,1.5973,1.5347,1.4761,1.4223,1.3744,1.3382,1.3089,1.2796,1.2551,1.2356,1.2209,1.2102,1.2023,1.1965,1.1896,1.1828,1.176,1.1711,1.1672,1.1613,1.1544,1.1476,1.1408,1.1339,1.1261,1.1153,1.1017,1.085,1.0674,1.0499,1.0362,1.0225,1.0029,0.98338,0.96579,0.9521,0.94819,0.95894,0.9912,1.0489,1.1329,1.2405,1.348,1.4585,1.5865,1.7165,1.8368,1.9404,2.0215,2.0792,2.1153,2.1329,2.1339,2.1212,2.1007,2.0723,2.0342,1.9892,1.9384,1.8827,1.8221,1.741,1.6657,1.61,1.5464,1.48,1.4145,1.3597,1.3109,1.26,1.2102,1.1642,1.1222,1.085,1.0557,1.0332,1.0166,1.0059,0.99902,0.99804,1.002,1.0049,1.0088,1.0156,1.0244,1.0342,1.043,1.0489,1.0518,1.0538,1.0547,1.0547,1.0567,1.0596,1.0587,1.0547,1.0508,1.0459,1.0391,1.0303,1.0215,1.0108,0.99902,0.9912,0.99022,0.99902,1.0215,1.0645,1.132,1.2239,1.3363,1.4653,1.6041,1.7439,1.8759,1.9932,2.0899,2.1564,2.1994,2.2297,2.2434,2.2414,2.2268,2.2004,2.1642,2.1212,2.0723,2.0186,1.9609,1.9062,1.8543,1.7957,1.7322,1.6686,1.6041,1.5396,1.478,1.4194,1.3656,1.3167,1.2757,1.2405,1.216,1.1984,1.1828,1.1711,1.1632,1.1593,1.1584,1.1593,1.1623,1.1652,1.1662,1.1652,1.1652,1.1652,1.1623,1.1574,1.1515,1.1447,1.1369,1.1281,1.1173,1.1056,1.0919,1.0753,1.0577,1.044,1.0332,1.0205,1.0108,1.0098,1.0225,1.0557,1.1153,1.2014,1.3118,1.4418,1.5846,1.7126,1.828,1.9472,2.0587,2.1535,2.2268,2.2766,2.306,2.3177,2.3128,2.2815,2.2444,2.2121,2.172,2.1271,2.0743,2.0156,1.9531,1.8876,1.8211,1.7537,1.6862,1.6197,1.5562,1.4956,1.4438,1.3998,1.3548,1.3128,1.2757,1.2444,1.217,1.1945,1.1769,1.1652,1.1584,1.1564,1.1574,1.1603,1.1642,1.1681,1.1711,1.175,1.1779,1.1808,1.1808,1.1799,1.1769,1.172,1.1652,1.1603,1.1564,1.1505,1.1427,1.132,1.1193,1.1065,1.0938,1.0831,1.0772,1.1056,1.1652,1.2326,1.3069,1.3988,1.5259,1.6823,1.8592,2.045,2.2278,2.3969,2.5435,2.6618,2.7478,2.8045,2.8319,2.8377,2.8299,2.8074,2.7742,2.7302,2.6774,2.6178,2.5513,2.48,2.4057,2.3284,2.2581,2.1906,2.1163,2.0391,1.9619,1.8866,1.8162,1.7517,1.695,1.6442,1.6022,1.5689,1.5425,1.5249,1.5132,1.5044,1.4985,1.4956,1.4956,1.4985,1.5044,1.5122,1.522,1.5318,1.5415,1.5494,1.5552,1.5601,1.5611,1.5582,1.5523,1.5445,1.5357,1.523,1.5093,1.4946,1.478,1.4614,1.4477,1.436,1.4252,1.4203,1.4252,1.4477,1.4956,1.5738,1.6823,1.8192,1.9775,2.1486,2.2981,2.4633,2.6168,2.7185,2.8104,2.8827,2.9335,2.9619,2.9677,2.9541,2.9257,2.8827,2.825,2.7634,2.6979,2.6246,2.5455,2.4653,2.3851,2.3069,2.2317,2.1574,2.086,2.0176,1.9531,1.8993,1.8514,1.8025,1.7576,1.7175,1.6843,1.6588,1.6413,1.6305,1.6246,1.6246,1.6266,1.6305,1.6373,1.6452,1.652,1.6579,1.6628,1.6667,1.6676,1.6657,1.6628,1.6588,1.653,1.6432,1.6334,1.6246,1.6129,1.6012,1.5885,1.5748,1.563,1.5503,1.5357,1.523,1.5161,1.5191,1.5386,1.5699,1.6197,1.7009,1.8123,1.9482,2.0987,2.2532,2.4037,2.5406,2.654,2.7419,2.8035,2.8358,2.8446,2.8377,2.8152,2.7791,2.7322,2.6774,2.6149,2.5455,2.4692,2.3891,2.306,2.2219,2.1466,2.0772,2.0029,1.9296,1.8573,1.7869,1.7204,1.6588,1.6022,1.5533,1.5103,1.4731,1.4467,1.4291,1.4154,1.4066,1.4018,1.4018,1.4037,1.4076,1.4115,1.4145,1.4174,1.4194,1.4203,1.4223,1.4223,1.4184,1.4135,1.4057,1.3949,1.3832,1.3705,1.3578,1.3441,1.3314,1.3157,1.3011,1.2884,1.2727,1.2571,1.2512,1.2522,1.262,1.2933,1.3529,1.4428,1.5611,1.7028,1.8602,2.0029,2.1339,2.2727,2.4018,2.5112,2.5963,2.6549,2.6862,2.6931,2.6804,2.653,2.6129,2.5689,2.521,2.4653,2.4027,2.3363,2.2659,2.1945,2.1232,2.0528,1.9844,1.9179,1.8543,1.7957,1.7478,1.7077,1.6696,1.6344,1.6061,1.5836,1.5699,1.563,1.5601,1.5621,1.5689,1.5787,1.5894,1.6002,1.6119,1.6246,1.6012,1.5562,1.5367,1.5269,1.5191,1.5132,1.5064,1.4966,1.4868,1.477,1.4643,1.4497,1.4311,1.4115,1.391,1.3715,1.3539,1.3412,1.3402,1.3578,1.4008,1.4575,1.5347,1.6491,1.7937,1.9609,2.1408,2.3226,2.4936,2.6452,2.7683,2.8622,2.9267,2.9589,2.9668,2.9589,2.9365,2.8993,2.8504,2.7928,2.7263,2.654,2.5767,2.4966,2.4145,2.3294,2.2522,2.1818,2.1085,2.0352,1.9638,1.8964,1.8348,1.7791,1.7302,1.6882,1.653,1.6227,1.6002,1.5846,1.5738,1.5689,1.567,1.5699,1.5767,1.5846,1.5924,1.5973,1.6002,1.6002,1.5963,1.5904,1.5826,1.5718,1.5591,1.5455,1.5308,1.5152,1.4917,1.4682,1.4497,1.4252,1.4008,1.3822,1.3675,1.3578,1.3636,1.391,1.4477,1.5396,1.6647,1.8162,1.9883,2.1711,2.3529,2.521,2.6491,2.7439,2.826,2.8856,2.9218,2.9345,2.9267,2.9022,2.8612,2.8094,2.7488,2.6794,2.6119,2.5435,2.4663,2.3832,2.2972,2.2111,2.1271,2.045,1.9658,1.8915,1.8231,1.7634,1.7126,1.6735,1.6432,1.6158,1.5924,1.5738,1.5621,1.5543,1.5474,1.5445,1.5455,1.5484,1.5513,1.5523,1.5533,1.5533,1.5533,1.5523,1.5494,1.5455,1.5406,1.5337,1.523,1.5103,1.4936,1.4741,1.4575,1.4399,1.4203,1.4008,1.3783,1.3529,1.3265,1.3021,1.2835,1.2776,1.2923,1.3333,1.391,1.4702,1.5855,1.7302,1.8925,2.0616,2.2248,2.3724,2.4936,2.5865,2.652,2.6911,2.7038,2.696,2.6716,2.6334,2.5816,2.5181,2.4467,2.3675,2.2835,2.1965,2.1056,2.0117,1.9169,1.8338,1.7576,1.6774,1.5992,1.5239,1.4516,1.3842,1.3245,1.2737,1.2317,1.2004,1.1769,1.1613,1.1554,1.1554,1.1584,1.1623,1.1681,1.1769,1.1857,1.1955,1.2082,1.219,1.2287,1.2356,1.2405,1.2444,1.2463,1.2454,1.2424,1.2375,1.2287,1.217,1.2033,1.1867,1.1662,1.1437,1.1212,1.1056,1.0938,1.0821,1.0743,1.0782,1.1007,1.1505,1.2307,1.3431,1.4819,1.6393,1.8074,1.9531,2.0802,2.2092,2.3236,2.4125,2.4761,2.5122,2.523,2.5122,2.4848,2.4428,2.3881,2.3314,2.2708,2.2014,2.1271,2.0499,1.9707,1.8895,1.8074,1.7273,1.6491,1.5738,1.4897,1.4047,1.3431,1.2942,1.2483,1.2082,1.176,1.1525,1.1378,1.132,1.131,1.1349,1.1427,1.1544,1.1681,1.1818,1.1935,1.2033,1.2092,1.2121,1.2111,1.2053,1.1975,1.1867,1.174,1.1603,1.1457,1.1349,1.1251,1.1124,1.0958,1.0733,1.0469,1.0215,1,0.98631,0.98827,1.0108,1.0606,1.1261,1.2131,1.3382,1.4907,1.6598,1.8358,2.0049,2.1584,2.2864,2.3832,2.4506,2.4897,2.5015,2.4927,2.4663,2.4252,2.3715,2.306,2.2307,2.1486,2.0616,1.9726,1.8817,1.7918,1.7028,1.6256,1.5552,1.4809,1.4066,1.3333,1.263,1.1965,1.1378,1.0899,1.0518,1.0205,0.99804,0.98143,0.97263,0.97165,0.97067,0.97263,0.97849,0.98729,0.99609,1.0059,1.0156,1.0235,1.0274,1.0293,1.0303,1.0283,1.0225,1.0137,1.0049,0.99511,0.98534,0.97263,0.95601,0.93744,0.91789,0.89736,0.87879,0.86706,0.86217,0.86413,0.88172,0.92571,1.0029,1.1153,1.262,1.436,1.6276,1.824,2.0127,2.1652,2.2845,2.393,2.48,2.5406,2.5728,2.5816,2.5679,2.5347,2.4848,2.4223,2.3519,2.2737,2.1984,2.1241,2.0391,1.9521,1.8651,1.7771,1.6872,1.5982,1.5103,1.4252,1.346,1.2717,1.2131,1.1652,1.1183,1.0772,1.044,1.0196,1.002,0.9912,0.98534,0.98534,0.99022,0.99804,1.0078,1.0196,1.0303,1.0401,1.0469,1.0528,1.0557,1.0538,1.0459,1.0362,1.0264,1.0137,0.99902,0.98925,0.97947,0.96481,0.94721,0.92571,0.90127,0.88074,0.86706,0.8651,0.88465,0.93451,1.0225,1.1476,1.2805,1.4262,1.6061,1.8006,1.9941,2.173,2.3294,2.4536,2.5425,2.5973,2.6207,2.6197,2.6022,2.5709,2.5259,2.4702,2.4037,2.3294,2.2522,2.1701,2.0831,1.9932,1.9013,1.8065,1.7234,1.6276,1.5367,1.4712,1.4018,1.3187,1.2463,1.1984,1.1535,1.1114,1.0762,1.0499,1.0303,1.0205,1.0186,1.0176,1.0176,1.0215,1.0274,1.0332,1.0381,1.044,1.0489,1.0538,1.0567,1.0577,1.0577,1.0508,1.0411,1.0283,1.0117,0.99316,0.96872,0.94037,0.91984,0.90323,0.88172,0.86119,0.84751,0.84262,0.85924,0.88661,0.92571,1.0068,1.129,1.2854,1.4663,1.7146,1.9853,2.1642,2.2981,2.4096,2.4976,2.5767,2.7019,2.8465,2.8974,2.8866,2.8661,2.8182,2.7341,2.6471,2.5816,2.5112,2.4125,2.3109,2.2092,2.1046,1.998,1.8925,1.7908,1.696,1.608,1.5259,1.4614,1.4096,1.3568,1.3089,1.2688,1.2405,1.2229,1.2141,1.2131,1.217,1.2219,1.2268,1.2326,1.2395,1.2473,1.2542,1.26,1.2659,1.2698,1.2708,1.2669,1.2581,1.2454,1.2317,1.216,1.2043,1.1955,1.1818,1.1632,1.1437,1.1212,1.0968,1.0753,1.0616,1.0645,1.0938,1.1603,1.2669,1.3891,1.5318,1.7175,1.9277,2.1457,2.3548,2.5415,2.6979,2.8172,2.8993,2.9482,2.9668,2.9619,2.9384,2.8993,2.8456,2.7801,2.7058,2.6237,2.5347,2.4428,2.349,2.2512,2.1525,2.0538,1.9697,1.8915,1.8065,1.7224,1.6422,1.567,1.4985,1.4379,1.3851,1.3421,1.3089,1.2854,1.2727,1.2688,1.2698,1.2737,1.2805,1.2923,1.304,1.3157,1.3265,1.3363,1.346,1.3529,1.3578,1.3617,1.3636,1.3617,1.3568,1.347,1.3343,1.3196,1.304,1.2845,1.261,1.2366,1.2131,1.1975,1.1916,1.1935,1.2131,1.259,1.3402,1.4614,1.6217,1.8113,2.0205,2.2375,2.4506,2.6452,2.7928,2.9032,2.9971,3.0635,3.1007,3.1124,3.1036,3.0753,3.0283,2.9677,2.8974,2.8182,2.741,2.6637,2.5758,2.4819,2.3851,2.2854,2.1848,2.0841,1.9853,1.8915,1.8016,1.7175,1.6422,1.5836,1.5357,1.4888,1.4467,1.4145,1.392,1.3773,1.3715,1.3715,1.3744,1.3803,1.3861,1.391,1.3969,1.3998,1.4008,1.4018,1.4018,1.3988,1.3939,1.3881,1.3822,1.3773,1.3715,1.3675,1.3607,1.349,1.3353,1.3196,1.304,1.2893,1.2815,1.2903,1.3245,1.391,1.4985,1.6481,1.8045,1.9736,2.1808,2.4057,2.6295,2.8368,3.0166,3.1623,3.2727,3.349,3.393,3.4066,3.3939,3.3627,3.3177,3.263,3.2004,3.132,3.0567,2.9765,2.8895,2.7986,2.7048,2.608,2.5103,2.4242,2.346,2.2659,2.1867,2.1105,2.0362,1.9668,1.9052,1.8524,1.8084,1.7742,1.7498,1.7351,1.7263,1.7204,1.7185,1.7204,1.7253,1.7322,1.738,1.7429,1.7449,1.7429,1.738,1.7302,1.7214,1.7107,1.694,1.6725,1.6471,1.6207,1.5953,1.5709,1.5455,1.5181,1.4946,1.4536,1.4115,1.4096,1.4467,1.523,1.6383,1.7869,1.9609,2.1486,2.3382,2.5171,2.6764,2.8113,2.9179,2.9883,3.0293,3.0567,3.0674,3.0635,3.0469,3.0176,2.9765,2.9277,2.87,2.8065,2.738,2.6725,2.608,2.5376,2.4614,2.3812,2.2991,2.218,2.1369,2.0606,1.9902,1.9247,1.8661,1.8143,1.7732,1.7419,1.7165,1.695,1.6784,1.6657,1.6569,1.653,1.652,1.653,1.654,1.6569,1.6598,1.6608,1.6618,1.6608,1.6569,1.65,1.6422,1.6315,1.6168,1.6012,1.5855,1.567,1.5455,1.5239,1.5015,1.4751,1.4477,1.4242,1.4096,1.4115,1.437,1.4917,1.5787,1.696,1.8426,1.9834,2.1202,2.2776,2.436,2.5797,2.7028,2.8006,2.8719,2.9179,2.9413,2.9433,2.9286,2.9003,2.8622,2.8162,2.7615,2.7009,2.6344,2.564,2.4897,2.4145,2.3372,2.259,2.1808,2.1056,2.043,1.9853,1.9277,1.8729,1.8221,1.7781,1.7429,1.7146,1.6911,1.6725,1.6588,1.651,1.6471,1.6452,1.6442,1.6452,1.6491,1.654,1.6559,1.6569,1.6579,1.6569,1.653,1.6461,1.6383,1.6295,1.6178,1.6031,1.5875,1.5728,1.5572,1.5396,1.5191,1.4966,1.4741,1.4516,1.4311,1.4164,1.4106,1.4154,1.4409,1.4917,1.5728,1.6833,1.8172,1.9707,2.1339,2.2942,2.4409,2.566,2.6549,2.7165,2.7644,2.7947,2.8065,2.8006,2.7771,2.739,2.6882,2.6276,2.5591,2.4839,2.4115,2.3402,2.261,2.1779,2.0929,2.0088,1.9277,1.8524,1.782,1.7175,1.6598,1.609,1.564,1.5288,1.5005,1.4731,1.4516,1.436,1.4262,1.4213,1.4184,1.4174,1.4164,1.4154,1.4115,1.4066,1.4018,1.3939,1.3812,1.3656,1.349,1.3284,1.306,1.2815,1.2542,1.2229,1.1887,1.1515,1.1193,1.088,1.0479,1.002,0.9521,0.89932,0.84457,0.79081,0.73803,0.68719,0.64321,0.6129,0.60411,0.61779,0.65591,0.72336,0.82014,0.94037,1.0772,1.218,1.3519,1.4712,1.5699,1.6461,1.696,1.7224,1.7292,1.7204,1.695,1.654,1.6012,1.5386,1.4702,1.3978,1.3216,1.2454,1.1672,1.0987,1.0381,0.9697,0.89932,0.83089,0.76735,0.71261,0.66667,0.62854,0.59922,0.57967,0.56891,0.56403,0.56891,0.58065,0.59433,0.6129,0.63734,0.76931,0.95112,1.0528,1.1153,1.1554,1.1828,1.2033,1.219,1.2307,1.2375,1.2395,1.2385,1.2336,1.2278,1.2199,1.2102,1.1984,1.1867,1.175,1.1613,1.1525,1.1466,1.1378,1.131,1.1271,1.1329,1.1554,1.1975,1.261,1.348,1.4545,1.5767,1.6901,1.7967,1.9101,2.0176,2.1114,2.1867,2.2424,2.2776,2.2933,2.2923,2.2796,2.2571,2.2278,2.1965,2.1623,2.1202,2.0743,2.0264,1.9765,1.9257,1.8759,1.827,1.7781,1.7331,1.6921,1.6588,1.6334,1.61,1.5924,1.5787,1.5689,1.563,1.5582,1.5533,1.5503,1.5494,1.5513,1.5543,1.5591,1.565,1.5709,1.5758,1.5787,1.5816,1.5826,1.5826,1.5806,1.5758,1.567,1.5562,1.5474,1.5367,1.5239,1.5112,1.4976,1.4839,1.4721,1.4594,1.4477,1.4379,1.4321,1.435,1.4506,1.4761,1.5171,1.5846,1.6784,1.7957,1.9326,2.0782,2.2239,2.3607,2.48,2.5767,2.6491,2.6901,2.7077,2.7126,2.7058,2.6872,2.6588,2.6227,2.5816,2.5376,2.4907,2.4409,2.3891,2.3392,2.2903,2.2375,2.1818,2.1241,2.0665,2.0098,1.957,1.9081,1.8641,1.825,1.7898,1.7615,1.7419,1.7283,1.7175,1.7107,1.7058,1.7028,1.7038,1.7058,1.7107,1.7185,1.7273,1.7341,1.739,1.7439,1.7478,1.7507,1.7517,1.7498,1.7468,1.7439,1.739,1.7302,1.7204,1.7107,1.7009,1.694,1.6882,1.6784,1.6657,1.654,1.6461,1.6452,1.6588,1.6911,1.7449,1.8231,1.9257,2.0274,2.131,2.2532,2.3783,2.4966,2.5992,2.6833,2.7468,2.7898,2.8133,2.8192,2.8094,2.7859,2.7556,2.7204,2.6774,2.6285,2.5748,2.5171,2.4545,2.39,2.3236,2.2571,2.1916,2.1281,2.0753,2.0274,1.9765,1.9277,1.8817,1.8407,1.8055,1.7771,1.7546,1.737,1.7234,1.7136,1.7077,1.7058,1.7067,1.7087,1.7116,1.7155,1.7195,1.7214,1.7204,1.7175,1.7146,1.7087,1.7009,1.6931,1.6843,1.6725,1.6598,1.6461,1.6305,1.6129,1.5934,1.5767,1.563,1.5533,1.5533,1.5699,1.5973,1.6413,1.7107,1.8045,1.9189,2.0469,2.1808,2.3089,2.4252,2.523,2.6002,2.6569,2.6891,2.7028,2.7077,2.7028,2.6862,2.6569,2.6197,2.5738,2.521,2.4633,2.4037,2.3402,2.2874,2.2463,2.1955,2.1349,2.0694,2.002,1.9355,1.8739,1.8152,1.7586,1.7067,1.6618,1.6227,1.5934,1.5718,1.5533,1.5406,1.5318,1.5269,1.5249,1.5239,1.522,1.5181,1.5152,1.5142,1.5122,1.5112,1.5112,1.5093,1.5054,1.5005,1.4927,1.4819,1.4702,1.4585,1.4457,1.433,1.4203,1.4106,1.4018,1.3881,1.3734,1.3578,1.348,1.3509,1.3724,1.4223,1.5044,1.6158,1.7546,1.913,2.0577,2.1926,2.3392,2.479,2.6002,2.6979,2.7703,2.8172,2.8407,2.8436,2.8299,2.8016,2.7644,2.7214,2.6686,2.609,2.5445,2.4761,2.4027,2.3265,2.2473,2.1672,2.086,2.0078,1.9345,1.8729,1.8192,1.7615,1.7087,1.6618,1.6197,1.5836,1.5543,1.5327,1.5171,1.5083,1.5054,1.5073,1.5132,1.522,1.5298,1.5376,1.5435,1.5474,1.5494,1.5503,1.5513,1.5513,1.5494,1.5464,1.5425,1.5367,1.5279,1.5181,1.5083,1.4966,1.4829,1.4673,1.4487,1.4301,1.4164,1.4135,1.4223,1.4516,1.5103,1.6012,1.7224,1.868,2.0313,2.2023,2.3685,2.52,2.651,2.7566,2.826,2.868,2.8954,2.9062,2.9013,2.8817,2.8514,2.8113,2.7634,2.7107,2.653,3.2796,3.2561,3.2346,3.2151,3.1984,3.1838,3.172,3.1632,3.1564,3.1515,3.1486,3.1476,3.1457,3.1437,3.1417,3.1398,3.1378,3.1349,3.13,3.1241,3.1173,3.1105,3.1026,3.0948,3.086,3.0772,3.0684,3.0587,3.0489,3.0391,3.0283,3.0186,2.7889,2.4536,2.2923,2.2258,2.216,2.2307,2.263,2.3196,2.392,2.4721,2.5543,2.6334,2.7038,2.7644,2.8133,2.8495,2.8739,2.8876,2.8876,2.8788,2.8671,2.8514,2.8319,2.8084,2.782,2.7517,2.7195,2.6843,2.6461,2.607,2.5699,2.5318,2.4927,2.4526,2.4135,2.3754,2.3392,2.305,2.2717,2.2414,2.2141,2.1896,2.1681,2.1486,2.131,2.1163,2.1026,2.0909,2.0821,2.0753,2.0694,2.0635,2.0577,2.0518,2.044,2.0362,2.0274,2.0176,2.0068,1.9951,1.9824,1.9707,1.958,1.9453,1.9316,1.9169,1.9032,1.8895,1.8768,1.8661,1.8583,1.8573,1.8651,1.8847,1.9179,1.9658,2.0264,2.0968,2.173,2.2493,2.3109,2.3617,2.4135,2.4585,2.4936,2.5181,2.5327,2.5376,2.5347,2.5249,2.5093,2.4888,2.4643,2.4379,2.4106,2.3793,2.346,2.3109,2.2747,2.2366,2.1975,2.1584,2.1202,2.0831,2.0479,2.0176,1.9892,1.9619,1.9365,1.913,1.8925,1.8739,1.8583,1.8446,1.8328,1.824,1.8182,1.8143,1.8113,1.8094,1.8074,1.8065,1.8045,1.8025,1.7996,1.7957,1.7908,1.7849,1.7781,1.7693,1.7615,1.7537,1.7449,1.7351,1.7243,1.7146,1.7038,1.6931,1.6813,1.6696,1.6598,1.654,1.653,1.6579,1.6716,1.6999,1.7429,1.7986,1.8661,1.9413,2.0186,2.0929,2.1603,2.219,2.2669,2.2981,2.3167,2.3314,2.3382,2.3372,2.3294,2.3157,2.2972,2.2747,2.2483,2.2199,2.1887,2.1574,2.1271,2.0929,2.0567,2.0196,1.9824,1.9462,1.911,1.8778,1.8465,1.8182,1.7928,1.7703,1.7527,1.738,1.7243,1.7136,1.7048,1.6979,1.694,1.6921,1.6911,1.6911,1.6911,1.6911,1.6911,1.6911,1.6911,1.6911,1.6901,1.6872,1.6843,1.6804,1.6745,1.6686,1.6618,1.6549,1.6471,1.6403,1.6334,1.6256,1.6178,1.609,1.6012,1.5963,1.5963,1.6041,1.6227,1.654,1.6989,1.7478,1.8006,1.8671,1.9384,2.0098,2.0772,2.1378,2.1887,2.2278,2.2561,2.2747,2.2835,2.2845,2.2776,2.2659,2.2502,2.2307,2.2082,2.1838,2.1564,2.1271,2.0948,2.0606,2.0254,1.9892,1.957,1.9267,1.8944,1.8631,1.8338,1.8055,1.7801,1.7576,1.737,1.7204,1.7067,1.696,1.6882,1.6823,1.5415,1.3343,1.2307,1.1789,1.1535,1.1408,1.1339,1.13,1.1261,1.1212,1.1163,1.1114,1.1075,1.1026,1.0958,1.089,1.0802,1.0694,1.0567,1.0411,1.0244,1.0088,0.99413,0.98338,0.97849,0.98143,0.99609,1.0283,1.0811,1.1544,1.2483,1.3568,1.4741,1.5943,1.7087,1.8123,1.8915,1.9492,2,2.0381,2.0616,2.0723,2.0704,2.0587,2.0381,2.0108,1.9775,1.9404,1.8993,1.8592,1.8182,1.7732,1.7243,1.6725,1.6188,1.564,1.5093,1.4565,1.4047,1.3568,1.3128,1.2766,1.2454,1.2141,1.1857,1.1603,1.1388,1.1222,1.1095,1.1007,1.0948,1.0919,1.0909,1.0899,1.089,1.089,1.088,1.086,1.0841,1.0811,1.0782,1.0733,1.0665,1.0596,1.0518,1.043,1.0332,1.0244,1.0137,1,0.98534,0.97067,0.95601,0.94428,0.94135,0.9521,0.98143,1.0313,1.1036,1.1818,1.2669,1.3734,1.4897,1.6061,1.7155,1.8123,1.8925,1.956,2.001,2.0293,2.042,2.0401,2.0293,2.0108,1.9853,1.955,1.9198,1.8798,1.8368,1.7908,1.7419,1.6901,1.6373,1.5836,1.5357,1.4897,1.4409,1.392,1.3431,1.2972,1.2551,1.216,1.1808,1.1486,1.1212,1.0978,1.0802,1.0665,1.0557,1.0469,1.042,1.0381,1.0342,1.0313,1.0283,1.0264,1.0244,1.0215,1.0186,1.0147,1.0098,1.0039,0.99511,0.98534,0.97458,0.96383,0.95112,0.93744,0.92473,0.91105,0.89541,0.88172,0.87097,0.86119,0.8563,0.86119,0.88368,0.92669,0.99218,1.0802,1.1877,1.3079,1.433,1.5396,1.6315,1.7243,1.8065,1.8729,1.9238,1.9589,1.9795,1.9873,1.9844,1.9717,1.9511,1.9247,1.8964,1.8641,1.828,1.7879,1.7439,1.697,1.6491,1.5992,1.5484,1.4976,1.4467,1.3959,1.3519,1.3138,1.2747,1.2366,1.2014,1.1701,1.1437,1.1222,1.1056,1.0948,1.088,1.085,1.085,1.086,1.088,1.0909,1.0938,1.0958,1.0968,1.0958,1.0938,1.0919,1.089,1.0841,1.0772,1.0704,1.0626,1.0518,1.0401,1.0283,1.0166,1.0059,0.99511,0.98534,0.97752,0.97654,0.98827,1.0166,1.0547,1.1065,1.1838,1.2805,1.39,1.5054,1.6178,1.7224,1.8143,1.8895,1.9482,1.9892,2.0117,2.0186,2.0166,2.0068,1.9892,1.9638,1.9335,1.8983,2.045,2.2747,2.3529,2.3539,2.3138,2.259,2.1984,2.1261,2.0479,1.9697,1.8925,1.8182,1.7478,1.6823,1.6227,1.5699,1.5239,1.4878,1.4594,1.434,1.4145,1.3988,1.3881,1.3803,1.3744,1.3695,1.3666,1.3656,1.3627,1.3587,1.3548,1.349,1.3372,1.3206,1.3021,1.2825,1.2639,1.2454,1.2239,1.2004,1.176,1.1515,1.1329,1.1173,1.1007,1.0899,1.0909,1.1114,1.1593,1.2405,1.3539,1.4966,1.6618,1.8368,2.0088,2.1496,2.2659,2.3763,2.4692,2.5386,2.5826,2.6041,2.6061,2.5914,2.5621,2.5191,2.4653,2.4096,2.3509,2.2854,2.2141,2.1369,2.0547,1.9697,1.8827,1.7967,1.7116,1.6285,1.5494,1.4761,1.4154,1.3617,1.306,1.2532,1.2053,1.1652,1.1349,1.1114,1.0958,1.086,1.0792,1.0743,1.0743,1.0772,1.0802,1.0821,1.085,1.088,1.088,1.088,1.088,1.086,1.0821,1.0743,1.0645,1.0567,1.0479,1.0342,1.0186,1.0029,0.98631,0.9697,0.95308,0.93451,0.91593,0.90127,0.89736,0.90714,0.93548,0.99022,1.0772,1.1955,1.3421,1.5103,1.6901,1.871,2.043,2.1984,2.3284,2.4194,2.4809,2.5288,2.5582,2.5679,2.5601,2.5367,2.4995,2.4536,2.3998,2.3392,2.2727,2.2023,2.1359,2.0704,1.9971,1.9179,1.8358,1.7527,1.6696,1.5885,1.5103,1.437,1.3705,1.3128,1.2698,1.2366,1.2063,1.1808,1.1603,1.1457,1.1378,1.1339,1.132,1.1329,1.1378,1.1437,1.1486,1.1535,1.1564,1.1584,1.1584,1.1544,1.1486,1.1408,1.132,1.1212,1.1095,1.0958,1.0792,1.0645,1.0508,1.0332,1.0156,1.0029,0.99804,1.0088,1.042,1.1056,1.2004,1.3255,1.4761,1.6432,1.7937,1.9316,2.0782,2.2151,2.3314,2.4233,2.4888,2.5288,2.5464,2.5455,2.5288,2.5005,2.4653,2.4213,2.3685,2.3069,2.2385,2.1662,2.089,2.0078,1.9257,1.8416,1.7595,1.6823,1.608,1.5445,1.4897,1.434,1.3832,1.3372,1.2981,1.2669,1.2414,1.2219,1.2082,1.1994,1.1945,1.1935,1.1935,1.1935,1.1935,1.1935,1.1935,1.1935,1.1916,1.1867,1.1799,1.172,1.1632,1.1554,1.1476,1.1398,1.129,1.1173,1.1056,1.0909,1.0723,1.0508,1.0254,1.002,0.9824,0.97263,0.97654,0.99804,1.0841,1.2248,1.3783,1.5562,1.7566,1.9697,2.1848,2.3881,2.5699,2.7243,2.8465,2.9277,2.9785,3.0147,3.0332,3.0323,3.0127,2.9785,2.9316,2.8739,2.8055,2.7283,2.6432,2.5611,2.48,2.39,2.2962,2.2004,2.1026,2.0068,1.9159,1.8299,1.7488,1.6755,1.6119,1.5562,1.5142,1.4819,1.4536,1.4301,1.4125,1.3998,1.393,1.3891,1.3871,1.3861,1.3861,1.3861,1.3871,1.3861,1.3832,1.3793,1.3724,1.3636,1.3529,1.3392,1.3226,1.306,1.2903,1.2727,1.2512,1.2326,1.216,1.1955,1.176,1.1593,1.1515,1.1613,1.1984,1.2669,1.3705,1.5083,1.6745,1.8338,1.9912,2.1681,2.3441,2.5044,2.6373,2.739,2.8094,2.8514,2.8661,2.8583,2.8338,2.7977,2.7527,2.697,2.6334,2.5621,2.4829,2.3998,2.3128,2.2219,2.131,2.0411,1.9531,1.8671,1.7937,1.7283,1.6608,1.5973,1.5367,1.4829,1.4379,1.4008,1.3715,1.3509,1.3372,1.3294,1.3265,1.3265,1.3265,1.3275,1.3294,1.3304,1.3304,1.3294,1.3255,1.3187,1.3089,1.2962,1.2825,1.2727,1.262,1.2454,1.2248,1.2023,1.1789,1.1535,1.1261,1.0978,1.0674,1.0342,1,0.97556,0.95894,0.94428,0.94135,0.96188,1.0166,1.1105,1.2414,1.4027,1.5865,1.781,1.9707,2.1437,2.2757,2.3734,2.4565,2.5181,2.5552,2.5689,2.5611,2.5347,2.4917,2.435,2.3666,2.2913,2.219,2.1466,2.0635,1.9746,1.8827,1.7908,1.7019,1.6158,1.5327,1.4516,1.3754,1.305,1.2405,1.1906,1.1535,1.1193,1.0899,1.0674,1.0538,1.0469,1.045,1.0479,1.0538,1.0616,1.0704,1.0821,1.0958,1.1085,1.1193,1.1271,1.1329,1.1339,1.132,1.129,1.1251,1.1193,1.1114,1.1026,1.0968,1.0909,1.0782,1.0616,1.042,1.0186,0.99511,0.97458,0.95797,0.95015,0.95699,0.98631,1.0342,1.1075,1.219,1.3627,1.5288,1.7107,1.8974,2.0762,2.2346,2.3666,2.4682,2.5386,2.5787,2.5914,2.5836,2.5591,2.521,2.4692,2.4066,2.3353,2.2561,2.173,2.087,1.998,1.9071,1.827,1.7537,1.6735,1.5924,1.5132,1.4389,1.3685,1.304,1.2473,1.1975,1.1564,1.1251,1.1026,1.0899,1.085,1.0821,1.0811,1.0802,1.0811,1.0841,1.089,1.1124,1.1437,1.1623,1.174,1.1808,1.1857,1.1857,1.1808,1.174,1.1652,1.1525,1.1369,1.1193,1.1007,1.0792,1.0577,1.0352,1.0186,1.0098,1.0049,1.0127,1.0411,1.0987,1.1887,1.3109,1.4633,1.6364,1.8192,2.001,2.1525,2.2776,2.3988,2.5015,2.5797,2.6325,2.6637,2.6735,2.6637,2.6383,2.5982,2.5474,2.4878,2.4282,2.3675,2.2991,2.2248,2.1476,2.0674,1.9853,1.9022,1.8201,1.741,1.6657,1.5963,1.5406,1.4956,1.4497,1.4057,1.3685,1.3392,1.3167,1.3011,1.2913,1.2854,1.2835,1.2845,1.2884,1.2942,1.2991,1.304,1.3089,1.3138,1.3157,1.3148,1.3118,1.3079,1.3021,1.2942,1.2825,1.2737,1.2649,1.2502,1.2307,1.2102,1.1906,1.172,1.1535,1.1388,1.1349,1.1496,1.1926,1.2522,1.3333,1.4555,1.6119,1.7947,1.9902,2.1867,2.3715,2.5357,2.6735,2.781,2.8592,2.9091,2.9306,2.9316,2.9218,2.9003,2.8661,2.8221,2.7693,2.7077,2.6413,2.5699,2.4936,2.4135,2.3402,2.2698,2.1916,2.1095,2.0283,1.9492,1.8739,1.8035,1.74,1.6833,1.6325,1.5885,1.5513,1.5239,1.5034,1.4848,1.4702,1.4575,1.4497,1.4457,1.4418,1.437,1.4311,1.4242,1.4164,1.4106,1.4047,1.3949,1.3822,1.3675,1.3519,1.3372,1.3226,1.3069,1.2893,1.2688,1.2473,1.2248,1.2082,1.1984,1.1965,1.2131,1.2571,1.3353,1.4467,1.5904,1.7605,1.9453,2.1329,2.3138,2.4585,2.5738,2.6813,2.7683,2.8319,2.871,2.8886,2.8856,2.8661,2.8328,2.7898,2.738,2.6794,2.6217,2.5611,2.4927,2.4194,2.3421,2.261,2.1769,2.0919,2.0059,1.9208,1.8407,1.7634,1.6979,1.6422,1.5865,1.5367,1.4946,1.4594,1.4311,1.4096,1.393,1.3803,1.3715,1.3666,1.3627,1.3597,1.3587,1.3558,1.35,1.3431,1.3372,1.3324,1.3265,1.3177,1.304,1.2854,1.2649,1.2473,1.2317,1.2131,1.1926,1.1681,1.1427,1.1153,1.089,1.0694,1.0616,1.0723,1.1105,1.1818,1.2688,1.3744,1.52,1.6921,1.8759,2.0606,2.2346,2.3871,2.5122,2.6061,2.6696,2.7038,2.7116,2.7009,2.6774,2.6413,2.5953,2.5425,2.4829,2.4154,2.3421,2.2639,2.1818,2.0968,2.0108,1.9335,1.8612,1.7859,1.7107,1.6325,1.5552,1.4829,1.4164,1.3597,1.3128,1.2727,1.2405,1.219,1.2053,1.1935,1.1867,1.1857,1.1896,1.1945,1.1984,1.2004,1.2004,1.1994,1.1984,1.1984,1.1994,1.1994,1.1975,1.1945,1.1896,1.1828,1.176,1.1681,1.1584,1.1457,1.1281,1.1065,1.087,1.0714,1.0557,1.042,1.0352,1.0411,1.0674,1.1241,1.2151,1.3412,1.4976,1.6755,1.8387,1.9902,2.1515,2.304,2.436,2.5406,2.6168,2.6637,2.6843,2.6813,2.6608,2.6266,2.5797,2.5298,2.477,2.4154,2.347,2.2727,2.1945,2.1124,2.0283,1.9413,1.8543,1.7683,1.6852,1.6168,1.5582,1.4966,1.437,1.3812,1.3324,1.2903,1.2551,1.2287,1.2131,1.2053,1.2023,1.2033,1.2082,1.2141,1.219,1.2239,1.2287,1.2307,1.2297,1.2268,1.2229,1.218,1.2102,1.2014,1.1965,1.1926,1.1838,1.1701,1.1535,1.1359,1.1173,1.0987,1.0821,1.0704,1.0694,1.089,1.1349,1.1975,1.2825,1.4076,1.564,1.7429,1.9335,2.1232,2.3011,2.4565,2.5846,2.6813,2.7488,2.784,2.7957,2.7937,2.7771,2.7458,2.6999,2.6452,2.5846,2.5161,2.4409,2.3597,2.2737,2.1877,2.1114,2.0401,1.9629,1.8837,1.8065,1.7312,1.6588,1.5894,1.5269,1.4721,1.4262,1.3891,1.3646,1.348,1.3343,1.3236,1.3177,1.3157,1.3167,1.3196,1.3236,1.3275,1.3324,1.3372,1.3412,1.3431,1.3421,1.3392,1.3353,1.3294,1.3187,1.305,1.2884,1.2678,1.2463,1.2248,1.2033,1.1857,1.1701,1.1515,1.1349,1.1261,1.1339,1.1652,1.2268,1.3245,1.4594,1.6266,1.8152,2.0147,2.1877,2.3363,2.4848,2.6168,2.7234,2.8006,2.8524,2.8807,2.8876,2.8759,2.8495,2.8104,2.7644,2.7116,2.6481,2.5758,2.4976,2.4145,2.3294,2.2414,2.1505,2.0587,1.9677,1.8788,1.7918,1.7185,1.653,1.5836,1.5171,1.4545,1.3978,1.3509,1.3109,1.2766,1.2502,1.2297,1.2151,1.2072,1.2033,1.2004,1.1994,1.1984,1.1984,1.1984,1.1984,1.1955,1.1896,1.1818,1.173,1.1623,1.1525,1.1427,1.1251,1.1026,1.0782,1.0547,1.0293,1.0039,0.97947,0.95797,0.94526,0.94819,0.96872,1.0117,1.087,1.1965,1.3372,1.5024,1.6813,1.8631,2.0371,2.2151,2.3783,2.4976,2.5718,2.6139,2.6373,2.6422,2.6285,2.6012,2.5601,2.5073,2.4457,2.3783,2.305,2.2248,2.1417,2.0674,1.9961,1.9159,1.8319,1.7449,1.6598,1.5797,1.5024,1.4311,1.3666,1.3118,1.2669,1.2346,1.2121,1.1916,1.174,1.1603,1.1505,1.1447,1.1417,1.1398,1.1388,1.1398,1.1437,1.1476,1.1525,1.1574,1.1593,1.1584,1.1525,1.1457,1.1369,1.1271,1.1144,1.1017,1.088,1.0733,1.0635,1.0567,1.045,1.0283,1.0088,0.98827,0.97165,0.96481,0.97165,1.001,1.0596,1.1515,1.2766,1.4086,1.5503,1.7253,1.915,2.1026,2.2747,2.4213,2.5386,2.6246,2.6813,2.7107,2.7165,2.7058,2.6794,2.6403,2.5904,2.5308,2.4643,2.39,2.3089,2.2248,2.1388,2.0508,1.9609,1.87,1.7918,1.7224,1.6491,1.5758,1.5054,1.4428,1.3891,1.3431,1.306,1.2766,1.2532,1.2356,1.2258,1.2229,1.2209,1.2209,1.2229,1.2278,1.2326,1.2375,1.2424,1.2454,1.2463,1.2473,1.2473,1.2502,1.2512,1.2473,1.2385,1.2258,1.2102,1.1935,1.175,1.1554,1.1339,1.1114,1.089,1.0743,1.0655,1.0616,1.0723,1.1075,1.172,1.2688,1.4018,1.566,1.7498,1.9413,2.129,2.3011,2.435,2.5376,2.6266,2.694,2.738,2.7576,2.7566,2.74,2.7077,2.6628,2.607,2.5445,2.4848,2.4242,2.3548,2.2786,2.1975,2.1153,2.0313,1.9453,1.8602,1.7761,1.694,1.6158,1.5445,1.4878,1.4428,1.3998,1.3617,1.3294,1.304,1.2854,1.2737,1.2678,1.2669,1.2698,1.2737,1.2796,1.2864,1.2913,1.2942,1.2933,1.2903,1.2864,1.2825,1.2776,1.2717,1.2639,1.2561,1.2454,1.2366,1.2278,1.2131,1.1926,1.1672,1.1427,1.1212,1.1036,1.0929,1.0938,1.1163,1.1652,1.2307,1.3206,1.4526,1.6178,1.8065,2.0059,2.2023,2.3861,2.5474,2.6804,2.782,2.8524,2.8944,2.911,2.9071,2.8895,2.8583,2.8152,2.7634,2.7028,2.6344,2.5611,2.4839,2.4027,2.3177,2.2405,2.1681,2.086,2,1.3255,1.3236,1.3177,1.3099,1.3011,1.2893,1.2737,1.2542,1.2356,1.218,1.1984,1.1828,1.175,1.1808,1.2102,1.2717,1.3675,1.5005,1.6667,1.8573,2.0606,2.2375,2.3939,2.5552,2.6999,2.8182,2.9062,2.9638,2.9951,3.0059,3,2.9765,2.9384,2.8915,2.8368,2.7722,2.7009,2.6237,2.5415,2.4585,2.3744,2.2874,2.1994,2.1105,2.0215,1.9345,1.8592,1.7918,1.7204,1.651,1.5865,1.5288,1.48,1.4389,1.4047,1.3773,1.3548,1.3392,1.3314,1.3275,1.3245,1.3226,1.3216,1.3216,1.3187,1.3128,1.305,1.2962,1.2845,1.2688,1.2512,1.2385,1.2268,1.2111,1.1945,1.175,1.1535,1.129,1.1017,1.0714,1.042,1.0176,1.0049,1.0098,1.0362,1.0938,1.1896,1.3245,1.4936,1.6882,1.8954,2.1046,2.304,2.4809,2.6295,2.7468,2.826,2.8749,2.9081,2.9218,2.9179,2.8974,2.8622,2.8152,2.7586,2.6931,2.6207,2.5425,2.4692,2.3959,2.3138,2.2268,2.1359,2.0459,1.958,1.8729,1.7898,1.7097,1.6354,1.567,1.5064,1.4604,1.4242,1.3881,1.3568,1.3324,1.3148,1.3011,1.2923,1.2874,1.2854,1.2845,1.2835,1.2854,1.2884,1.2903,1.2884,1.2835,1.2757,1.2669,1.2551,1.2414,1.2268,1.2111,1.1955,1.1799,1.1701,1.1603,1.1437,1.1222,1.0978,1.0753,1.0596,1.0596,1.086,1.1457,1.2444,1.3812,1.5249,1.6784,1.868,2.0733,2.2747,2.4604,2.6207,2.7507,2.8495,2.9169,2.957,2.9726,2.9697,2.9521,2.9189,2.8739,2.8201,2.7576,2.6872,2.6139,2.5367,2.4555,2.3705,2.2835,2.1955,2.1163,2.042,1.9638,1.8856,1.8104,1.737,1.6676,1.6061,1.5494,1.5005,1.4604,1.4282,1.4057,1.392,1.3812,1.3763,1.3763,1.3783,1.3822,1.3861,1.39,1.3949,1.3998,1.4018,1.4008,1.3998,1.3998,1.3969,1.392,1.3851,1.3754,1.3636,1.3509,1.3372,1.3216,1.304,1.2845,1.2688,1.2581,1.2502,1.2542,1.2796,1.3333,1.4242,1.5513,1.7136,1.9022,2.1046,2.306,2.4966,2.6471,2.7654,2.8739,2.9589,3.0196,3.0557,3.0694,3.0626,3.0391,3.002,2.955,2.8974,2.8387,2.7781,2.7087,2.6305,2.5474,2.4614,2.3734,2.2835,2.1926,2.1017,2.0068,1.915,1.8338,1.7693,1.7155,1.6628,1.6149,1.5709,1.5327,1.4995,1.4741,1.4555,1.4428,1.436,1.435,1.4379,1.4428,1.4477,1.4526,1.4565,1.4585,1.4575,1.4555,1.4497,1.4399,1.4282,1.4154,1.4027,1.393,1.3822,1.3656,1.347,1.3284,1.3099,1.2933,1.2835,1.2835,1.3021,1.348,1.4291,1.5239,1.6373,1.7879,1.9629,2.1505,2.3363,2.5073,2.6579,2.782,2.8768,2.9423,2.9804,2.9961,2.9932,2.9746,2.9433,2.9022,2.8534,2.7977,2.7351,2.6676,2.5963,2.521,2.4418,2.3587,2.2825,2.2111,2.132,2.0489,1.9677,1.8905,1.8172,1.7478,1.6833,1.6256,1.5767,1.5367,1.5054,1.4839,1.4682,1.4545,1.4448,1.437,1.4311,1.4262,1.4223,1.4203,1.4194,1.4174,1.4145,1.4135,1.4125,1.4076,1.3988,1.3871,1.3744,1.3597,1.3441,1.3265,1.3089,1.2884,1.2649,1.2395,1.219,1.2023,1.1896,1.1896,1.2082,1.2551,1.3353,1.4506,1.6002,1.7781,1.9746,2.175,2.3431,2.4868,2.6295,2.7537,2.8534,2.9247,2.9677,2.9853,2.9834,2.9629,2.9286,2.8856,2.8328,2.7781,2.7224,2.6579,2.5865,2.5093,2.4291,2.3451,2.259,2.1701,2.0821,1.9971,1.9169,1.8495,1.7898,1.7263,1.6647,1.61,1.5621,1.522,1.4917,1.4712,1.4575,1.4487,1.4418,1.4379,1.4389,1.4409,1.4448,1.4487,1.4516,1.4536,1.4536,1.4506,1.4467,1.4418,1.434,1.4233,1.4145,1.4047,1.391,1.3754,1.3568,1.3372,1.3187,1.3001,1.2815,1.2659,1.2571,1.263,1.2835,1.3245,1.3978,1.5044,1.6452,1.8172,2.0088,2.2072,2.4008,2.5767,2.7273,2.8495,2.9404,2.9932,3.0186,3.0283,3.0225,3.0039,2.9726,2.9326,2.8837,2.828,2.7654,2.6979,2.6256,2.5572,2.4907,2.4145,2.3333,2.2483,2.1603,2.0723,1.9863,1.9042,1.828,1.7576,1.6931,1.6354,1.5924,1.5591,1.5279,1.5005,1.48,1.4663,1.4585,1.4536,1.4506,1.4497,1.4477,1.4467,1.4487,1.4516,1.4526,1.4506,1.4467,1.4428,1.437,1.4272,1.4135,1.3969,1.3773,1.3558,1.3353,1.3206,1.306,1.2854,1.263,1.2463,1.2414,1.2561,1.2981,1.3754,1.4888,1.6364,1.8123,1.9795,2.1388,2.3148,2.4858,2.6237,2.7322,2.827,2.8974,2.9394,2.956,2.9531,2.9345,2.9013,2.8602,2.8133,2.7556,2.6891,2.6168,2.5406,2.4614,2.3793,2.2933,2.2023,2.1085,2.0147,1.9326,1.8573,1.7761,1.695,1.6197,1.5503,1.4888,1.435,1.39,1.3539,1.3265,1.3079,1.2972,1.2942,1.2962,1.2991,1.3001,1.3011,1.3011,1.3001,1.2972,1.2933,1.2884,1.2815,1.2727,1.2659,1.2581,1.2473,1.2346,1.218,1.1975,1.1769,1.1554,1.131,1.1075,1.087,1.0743,1.0762,1.0958,1.1388,1.217,1.3333,1.4878,1.6696,1.8729,2.0821,2.2835,2.4663,2.6246,2.7537,2.8407,2.8964,2.9365,2.955,2.9541,2.9355,2.8993,2.8485,2.7879,2.7195,2.6452,2.567,2.4839,2.4057,2.3294,2.2414,2.1476,2.0518,1.957,1.8641,1.7752,1.6921,1.6149,1.5415,1.4751,1.4223,1.3793,1.3363,1.3011,1.2727,1.2493,1.2317,1.219,1.2121,1.2082,1.2063,1.2043,1.2004,1.1984,1.1975,1.1945,1.1887,1.1779,1.1672,1.1564,1.1466,1.1369,1.1271,1.1163,1.1026,1.0909,1.0772,1.0557,1.0313,1.0088,0.99022,0.98045,0.98534,1.0147,1.0782,1.1779,1.3148,1.4858,1.652,1.8182,2.0078,2.2004,2.3812,2.5367,2.6608,2.7507,2.8094,2.8407,2.8495,2.8377,2.8113,2.7722,2.7214,2.6598,2.5904,2.5142,2.4321,2.346,2.2571,2.1662,2.0733,1.9795,1.8974,1.8211,1.737,1.651,1.5689,1.4897,1.4164,1.3519,1.2981,1.2522,1.2141,1.1828,1.1584,1.1437,1.1359,1.131,1.129,1.129,1.1329,1.1369,1.1388,1.1398,1.1408,1.1408,1.1388,1.1359,1.1339,1.1281,1.1202,1.1085,1.0938,1.0762,1.0577,1.0371,1.0147,0.9912,0.96774,0.94624,0.93353,0.92864,0.93157,0.95406,1.0039,1.089,1.2111,1.3675,1.5513,1.7517,1.955,2.1652,2.3284,2.4399,2.5464,2.6344,2.6979,2.7351,2.7517,2.7488,2.7273,2.6891,2.6383,2.5777,2.5093,2.4418,2.3734,2.2923,2.2043,2.1124,2.0186,1.9228,1.828,1.737,1.6491,1.566,1.4897,1.1672,1.1662,1.1564,1.1417,1.1241,1.1036,1.0811,1.0587,1.0381,1.0244,1.0235,1.043,1.0899,1.1544,1.2434,1.3724,1.5347,1.7195,1.914,2.1075,2.2884,2.4457,2.5748,2.6755,2.7468,2.7859,2.7996,2.7977,2.782,2.7507,2.7048,2.6491,2.5846,2.5142,2.437,2.3578,2.2757,2.1887,2.1085,2.0323,1.9472,1.8583,1.7713,1.6891,1.6129,1.5425,1.4761,1.4174,1.3666,1.3236,1.2923,1.2708,1.2532,1.2405,1.2336,1.2297,1.2287,1.2297,1.2317,1.2346,1.2385,1.2434,1.2463,1.2493,1.2502,1.2493,1.2463,1.2414,1.2336,1.2258,1.2141,1.1994,1.1818,1.1642,1.1457,1.132,1.1193,1.0987,1.0802,1.0714,1.0714,1.089,1.1339,1.2131,1.3265,1.4741,1.651,1.8465,2.0215,2.1769,2.3382,2.4868,2.6129,2.7116,2.7801,2.8211,2.8397,2.8377,2.8201,2.7889,2.7488,2.7009,2.6422,2.5767,2.5054,2.4282,2.347,2.263,2.175,2.085,1.9951,1.9071,1.8309,1.7644,1.694,1.6237,1.5572,1.4966,1.4428,1.3969,1.3587,1.3265,1.3011,1.2825,1.2698,1.263,1.261,1.261,1.2639,1.2678,1.2708,1.2727,1.2717,1.2688,1.2649,1.261,1.2561,1.2532,1.2483,1.2395,1.2307,1.2219,1.2102,1.1945,1.1779,1.1593,1.1398,1.1193,1.1026,1.0938,1.0978,1.1212,1.173,1.259,1.3803,1.5347,1.7155,1.912,2.1124,2.305,2.478,2.6256,2.7322,2.8065,2.8671,2.9091,2.9316,2.9335,2.9169,2.8866,2.8465,2.7977,2.7419,2.6784,2.608,2.5396,2.4712,2.3939,2.3099,2.2248,2.1388,2.0518,1.9658,1.8827,1.8035,1.7283,1.6559,1.5963,1.5484,1.5015,1.4594,1.4242,1.3969,1.3783,1.3666,1.3587,1.3529,1.349,1.347,1.347,1.35,1.3529,1.3539,1.3548,1.3529,1.3451,1.3353,1.3265,1.3157,1.303,1.2893,1.2737,1.2581,1.2444,1.2287,1.2111,1.1916,1.172,1.1603,1.1623,1.1877,1.2444,1.3392,1.4712,1.6383,1.8016,1.9648,2.1535,2.3431,2.5181,2.6676,2.7869,2.8768,2.9365,2.9717,2.9844,2.9785,2.9589,2.9286,2.8886,2.8416,2.7859,2.7243,2.6569,2.5826,2.5054,2.4262,2.3431,2.2561,2.1672,2.086,2.0098,1.9286,1.8475,1.7693,1.6931,1.6217,1.5572,1.5005,1.4506,1.4096,1.3763,1.3539,1.3402,1.3294,1.3216,1.3167,1.3148,1.3148,1.3148,1.3118,1.3079,1.304,1.2981,1.2893,1.2815,1.2747,1.2639,1.2512,1.2375,1.2239,1.2092,1.1916,1.174,1.1544,1.1339,1.1153,1.1065,1.1114,1.1339,1.1828,1.2649,1.3842,1.5386,1.7224,1.9238,2.13,2.3255,2.5044,2.6569,2.7664,2.8426,2.9032,2.9413,2.9599,2.9609,2.9453,2.9169,2.8768,2.827,2.7703,2.7067,2.6422,2.5777,2.5034,2.4233,2.3382,2.2512,2.1632,2.0772,1.9902,1.9052,1.825,1.7488,1.6755,1.6139,1.5621,1.5103,1.4614,1.4184,1.3832,1.3558,1.3363,1.3216,1.3118,1.306,1.3011,1.2991,1.2991,1.2972,1.2942,1.2903,1.2845,1.2757,1.2639,1.2512,1.2375,1.2248,1.2121,1.2004,1.1896,1.175,1.1584,1.1398,1.1193,1.0997,1.086,1.0821,1.0948,1.1329,1.2033,1.3118,1.433,1.5709,1.7468,1.9433,2.1437,2.3363,2.5093,2.654,2.7654,2.8446,2.8944,2.9179,2.9189,2.9042,2.8768,2.8377,2.7869,2.7292,2.6647,2.5934,2.5161,2.435,2.3509,2.2639,2.175,2.0938,2.0176,1.9345,1.8495,1.7674,1.6891,1.6158,1.5474,1.4839,1.4272,1.3803,1.3412,1.3138,1.2942,1.2757,1.262,1.2522,1.2454,1.2424,1.2424,1.2454,1.2502,1.2561,1.262,1.2659,1.2688,1.2698,1.2659,1.2571,1.2454,1.2336,1.2229,1.2131,1.2014,1.1857,1.1681,1.1496,1.1339,1.1222,1.1144,1.1183,1.1447,1.2004,1.2913,1.4213,1.5836,1.7713,1.9736,2.1779,2.3734,2.5288,2.652,2.7674,2.8631,2.9335,2.9795,3.002,3.0059,2.9951,2.9687,2.9257,2.8719,2.8152,2.7546,2.6862,2.6139,2.5376,2.4575,2.3724,2.5024,2.4125,2.3304,2.2502,2.1593,2.0626,1.9609,1.8602,1.7625,1.6696,1.5836,1.5054,1.435,1.3715,1.3157,1.2727,1.2385,1.2063,1.1799,1.1632,1.1554,1.1525,1.1535,1.1564,1.1603,1.1652,1.1701,1.176,1.1799,1.1799,1.1769,1.172,1.1632,1.1525,1.1417,1.132,1.1212,1.1085,1.0919,1.0743,1.0606,1.0469,1.0283,1.0127,1.0088,1.0274,1.0772,1.1632,1.2893,1.4536,1.6461,1.8583,2.0391,2.1926,2.3607,2.521,2.6608,2.7742,2.8583,2.914,2.9433,2.9492,2.9374,2.9101,2.868,2.8201,2.7674,2.7058,2.6373,2.563,2.4839,2.3998,2.3118,2.2199,2.1251,2.0313,1.9384,1.8563,1.783,1.7077,1.6334,1.563,1.4976,1.4379,1.3842,1.3363,1.2952,1.26,1.2326,1.2131,1.2023,1.1965,1.1926,1.1896,1.1857,1.1808,1.176,1.1711,1.1652,1.1584,1.1515,1.1437,1.1388,1.1349,1.1281,1.1202,1.1085,1.0929,1.0733,1.0499,1.0283,1.0156,1.0176,1.043,1.1007,1.1779,1.2796,1.4233,1.6012,1.8006,2.0068,2.2082,2.393,2.5513,2.6794,2.7742,2.8397,2.8749,2.8866,2.8847,2.8661,2.8338,2.7898,2.7351,2.6716,2.6002,2.521,2.436,2.347,2.2542,2.1691,2.087,1.9951,1.8983,1.7996,1.7058,1.6178,1.5357,1.4594,1.391,1.3304,1.2757,1.2346,1.2033,1.174,1.1525,1.1378,1.13,1.1261,1.1241,1.1232,1.1222,1.1222,1.1222,1.1222,1.1241,1.1281,1.13,1.129,1.1251,1.1183,1.1085,1.0958,1.0792,1.0616,1.042,1.0196,1.0029,0.98827,0.9697,0.9521,0.93842,0.93548,0.9521,0.99707,1.0762,1.1935,1.346,1.5298,1.7361,1.9228,2.0948,2.2776,2.4497,2.5992,2.7175,2.8035,2.8592,2.8886,2.8954,2.8817,2.8504,2.8094,2.7605,2.7038,2.6393,2.567,2.4878,2.4037,2.3148,2.2199,2.1222,2.0225,1.9218,1.8211,1.7351,1.6569,1.5748,1.4946,1.4203,1.3539,1.2972,1.2483,1.2063,1.173,1.1486,1.13,1.1193,1.1153,1.1134,1.1134,1.1153,1.1173,1.1202,1.1232,1.1251,1.1261,1.1261,1.1261,1.1281,1.129,1.1251,1.1183,1.1085,1.0958,1.0792,1.0596,1.0371,1.0147,0.99804,0.98827,0.99022,1.0059,1.044,1.1153,1.2229,1.3666,1.5435,1.7449,1.9589,2.172,2.3705,2.5455,2.6911,2.7918,2.8573,2.9071,2.9355,2.9443,2.9345,2.9091,2.87,2.8192,2.7586,2.6891,2.6139,2.5327,2.4555,2.3793,2.2942,2.2033,2.1075,2.0127,1.9189,1.827,1.739,1.6559,1.5787,1.5073,1.4506,1.4047,1.3607,1.3245,1.2962,1.2757,1.2581,1.2444,1.2346,1.2287,1.2248,1.2229,1.2219,1.2209,1.2209,1.218,1.2131,1.2043,1.1926,1.1975,1.2102,1.2072,1.1955,1.1808,1.1642,1.1505,1.1369,1.1153,1.0919,1.0694,1.0518,1.045,1.0587,1.0978,1.1711,1.2815,1.4291,1.607,1.7791,1.9462,2.1339,2.3187,2.4848,2.6276,2.741,2.825,2.8827,2.915,2.9247,2.9169,2.8944,2.8592,2.8133,2.7586,2.696,2.6266,2.5523,2.4721,2.3871,2.2972,2.2053,2.1124,2.0186,1.9365,1.8622,1.783,1.7019,1.6246,1.5543,1.4907,1.436,1.3891,1.3509,1.3187,1.2933,1.2766,1.2659,1.2571,1.2502,1.2463,1.2444,1.2444,1.2444,1.2414,1.2375,1.2326,1.2258,1.219,1.2151,1.2121,1.2053,1.1965,1.1838,1.1681,1.1505,1.131,1.1095,1.089,1.0723,1.0577,1.0528,1.0616,1.0899,1.1457,1.2336,1.3578,1.5152,1.6979,1.8944,2.0919,2.2766,2.4399,2.5758,2.6706,2.7341,2.782,2.8065,2.8104,2.7977,2.7674,2.7224,2.6686,2.6061,2.5357,2.4585,2.3832,2.3079,2.2229,2.1329,2.0391,1.9443,1.8495,1.7566,1.6657,1.5777,1.4946,1.4184,1.3509,1.2981,1.2551,1.2131,1.174,1.1388,1.1095,1.087,1.0704,1.0606,1.0557,1.0547,1.0567,1.0626,1.0694,1.0733,1.0753,1.0762,1.0762,1.0753,1.0723,1.0684,1.0616,1.0508,1.0391,1.0313,1.0274,1.0196,1.0088,0.99609,0.98045,0.9609,0.94037,0.92375,0.91496,0.92082,0.95015,1.0098,1.087,1.1867,1.3265,1.4976,1.6872,1.8827,2.0723,2.2463,2.3959,2.5171,2.6061,2.6637,2.6911,2.695,2.6843,2.6598,2.6217,2.5718,2.5142,2.4487,2.3773,2.3011,2.2219,2.1388,2.0518,1.9746,1.9022,1.824,1.7449,1.6686,1.5963,1.5279,1.4624,1.4037,1.3519,1.3069,1.2708,1.2463,1.2317,1.2229,1.218,1.216,1.217,1.2209,1.2248,1.2297,1.2346,1.2395,1.2434,1.2483,1.2542,1.2581,1.2581,1.2532,1.2434,1.2317,1.2199,1.2082,1.1965,1.1848,1.1701,1.1535,1.1408,1.13,1.1144,1.0997,1.089,1.089,1.1085,1.1544,1.2317,1.3441,1.4907,1.6676,1.8631,2.0371,2.1916,2.3509,2.4976,2.6207,2.7146,2.7781,2.8133,2.826,2.8211,2.8016,2.7683,2.7283,2.6804,2.6237,2.5601,2.4897,2.4115,2.3265,2.2366,2.1447,2.0528,1.9619,1.8749,1.7937,1.7468,1.7185,1.6706,1.6168,1.563,1.5132,1.4692,1.4311,1.3998,1.3763,1.3587,1.347,1.3421,1.3431,1.346,1.349,1.3529,1.3578,1.3627,1.3646,1.3636,1.3587,1.349,1.3372,1.3255,1.3187,1.3138,1.3069,1.2991,1.2874,1.2727,1.2561,1.2385,1.2229,1.216,1.2248,1.2532,1.2972,1.3627,1.4663,1.6041,1.7683,1.9501,2.1378,2.3216,2.4907,2.6364,2.7527,2.8397,2.8983,2.9267,2.9335,2.9296,2.912,2.8817,2.8387,2.7859,2.7263,2.6608,2.5904,2.5142,2.435,2.3617,2.2893,2.2072,2.1212,2.0342,1.9492,1.868,1.7937,1.7253,1.6628,1.6061,1.5552,1.5112,1.48,1.4575,1.4379,1.4223,1.4106,1.4037,1.4008,1.3998,1.4018,1.4047,1.4076,1.4106,1.4135,1.4154,1.4145,1.4115,1.4076,1.4008,1.391,1.3793,1.3646,1.35,1.3353,1.3245,1.3167,1.3089,1.2923,1.2522,1.1887,1.1222,1.0978,1.175,1.4027,1.8055,2.3587,2.998,3.4976,3.7498,3.8759,3.9394,3.9707,3.9863,3.9941,3.998,4,4.001,4.002,4.002,4.002,4.002,4.002,4.002,4.002,4.002,4.002,3.999,3.9599,3.8739,3.7625,3.6383,3.5103,3.3803,3.263,3.1554,3.045,2.9365,2.8319,2.7331,2.6422,2.5601,2.4878,2.4252,2.3705,2.3216,2.2776,2.2356,2.1916,2.1515,2.1261,2.13,2.1593,2.1906,2.1779,2.0655,1.8084,1.3949,0.86315,0.43109,0.21505,0.10753,0.053763,0.026393,0.012708,0.0058651,0.0029326,0.00097752,0,0,0,0,0,0,0,0,0.043011,0.17302,0.36657,0.58553,0.80645,1.0156,1.2004,1.3548,1.4702,1.5562,1.6237,1.6735,1.7067,1.7224,1.7234,1.7136,1.695,1.6667,1.6305,1.5885,1.5494,1.5103,1.4614,1.4047,1.3431,1.2786,1.2121,1.1466,1.085,1.0264,0.97165,0.92473,0.88661,0.86119,0.84555,0.82991,0.8172,0.80841,0.80352,0.8045,0.81134,0.82405,0.84066,0.85826,0.8739,0.88856,0.90323,0.91496,0.92375,0.92962,0.93255,0.93451,0.93548,0.93548,0.93548,0.93353,0.92766,0.91984,0.91496,0.90909,0.89834,0.88563,0.8739,0.86608,0.87097,0.89638,0.95015,1.0381,1.1632,1.3236,1.4858,1.65,1.8387,2.0332,2.2199,2.3871,2.5279,2.5024,2.3705,2.3089,2.2786,2.261,2.2483,2.2366,2.2239,2.2092,2.1926,2.175,2.1544,2.1329,2.1105,2.087,2.0626,2.0381,2.0127,1.9892,1.9677,1.9443,1.9208,1.8974,1.8759,1.8563,1.8387,1.824,1.8123,1.8025,1.7947,1.7889,1.7859,1.7849,1.784,1.784,1.784,1.7849,1.7859,1.7859,1.7859,1.7849,1.784,1.783,1.782,1.781,1.7791,1.7771,1.7742,1.7713,1.7674,1.7634,1.7586,1.7537,1.7478,1.7429,1.741,1.7419,1.7468,1.7586,1.7801,1.8133,1.8563,1.9081,1.9668,2.0274,2.086,2.1408,2.1887,2.2239,2.2493,2.2698,2.2845,2.2923,2.2942,2.2903,2.2815,2.2678,2.2512,2.2317,2.2102,2.1906,2.1711,2.1496,2.1271,2.1026,2.0762,2.0499,2.0225,1.9961,1.9697,1.9443,1.9198,1.8964,1.8768,1.8602,1.8446,1.8299,1.8172,1.8065,1.7986,1.7928,1.7879,1.7859,1.7849,1.784,1.784,1.7849,1.7859,1.7859,1.7849,1.784,1.782,1.7801,1.7771,1.7742,1.7703,1.7664,1.7615,1.7576,1.7537,1.7478,1.7419,1.7361,1.7322,1.7322,1.738,1.7517,1.7752,1.8104,1.8553,1.9003,1.9462,2.002,2.0596,2.1144,2.1623,2.2014,2.2317,2.2522,2.2639,2.2688,2.2678,2.262,2.2522,2.2405,2.2258,2.2082,2.1887,2.1672,2.1437,2.1183,2.0919,2.0635,2.0362,2.0078,1.9824,1.9589,1.9345,1.9101,1.8866,1.8631,1.8426,1.824,1.8084,1.7947,1.784,1.7752,1.7683,1.7634,1.7605,1.7576,1.7546,1.7517,1.7498,1.7488,1.7488,1.7488,1.7488,1.7478,1.7458,2.2023,2.349,2.4721,2.567,2.6334,2.6745,2.6921,2.6891,2.6667,2.6295,2.5797,2.5249,2.4643,2.3939,2.3148,2.2297,2.1388,2.0459,1.9482,1.8495,1.7527,1.6598,1.5718,1.4976,1.4321,1.3627,1.2972,1.2375,1.1867,1.1427,1.1065,1.0762,1.0528,1.0371,1.0283,1.0244,1.0235,1.0244,1.0244,1.0244,1.0244,1.0244,1.0244,1.0244,1.0225,1.0166,1.0068,0.99413,0.98338,0.97263,0.95992,0.94624,0.92962,0.91105,0.88954,0.86706,0.8436,0.82111,0.8045,0.80254,0.8172,0.85435,0.92473,1.0323,1.175,1.347,1.5386,1.739,1.9355,2.1153,2.2717,2.3998,2.4976,2.5591,2.5934,2.6129,2.6168,2.6041,2.5738,2.5298,2.4761,2.4115,2.3382,2.2581,2.174,2.0938,2.0156,1.9257,1.8289,1.7322,1.6364,1.5445,1.4565,1.3724,1.2942,1.2229,1.1584,1.1026,1.0626,1.0342,1.0567,1.1075,1.1261,1.131,1.13,1.1281,1.1271,1.1271,1.1281,1.129,1.132,1.1359,1.1378,1.1388,1.1378,1.1349,1.13,1.1232,1.1144,1.1026,1.089,1.0743,1.0567,1.042,1.0293,1.0117,0.99218,0.97458,0.96383,0.96774,0.99316,1.0459,1.132,1.2532,1.4037,1.5533,1.7058,1.8837,2.0655,2.2366,2.3871,2.5112,2.6041,2.6686,2.7067,2.7214,2.7146,2.6911,2.6579,2.6158,2.5621,2.4995,2.4301,2.3558,2.2766,2.1945,2.1095,2.0225,1.9345,1.8475,1.7713,1.7038,1.6325,1.5611,1.4956,1.436,1.3832,1.3382,1.2991,1.2659,1.2414,1.2239,1.2131,1.2102,1.2131,1.218,1.2229,1.2278,1.2317,1.2366,1.2405,1.2405,1.2385,1.2356,1.2317,1.2287,1.2248,1.218,1.2102,1.1994,1.1857,1.1691,1.1525,1.1349,1.1173,1.1007,1.086,1.0792,1.0821,1.0997,1.1398,1.2111,1.3157,1.4526,1.6158,1.7986,1.9883,2.173,2.3431,2.4907,2.6002,2.6774,2.74,2.783,2.8035,2.8025,2.7849,2.7537,2.7097,2.6579,2.5982,2.5308,2.4594,2.393,2.3284,2.2542,2.174,2.0909,2.0049,1.9189,1.8358,1.7576,1.6852,1.6217,1.565,1.521,1.4858,1.4516,1.4194,1.392,1.3715,1.3578,1.35,1.347,1.348,1.3509,1.3539,1.3539,1.3548,1.3578,1.3578,1.3558,1.3519,1.348,1.3441,1.3402,1.3353,1.3294,1.3226,1.3138,1.306,1.2962,1.2796,1.2581,1.2336,1.2121,1.2004,1.2053,1.2317,1.2884,1.3773,1.4995,1.6266,1.7634,1.9326,2.1153,2.2972,2.4673,2.6158,2.738,2.8309,2.8964,2.9355,2.9501,2.9443,2.9218,2.8886,2.8436,2.7889,2.7253,2.654,2.5787,2.5005,2.4203,2.3372,2.2512,2.1632,2.0841,2.0108,1.9316,1.8504,1.7693,1.6921,1.6207,1.5552,1.4985,1.4497,1.4106,1.3822,1.3636,1.3539,1.3509,1.3519,1.3548,1.3587,1.3627,1.3656,1.3675,1.3685,1.3685,1.3666,1.3627,1.3607,1.3597,1.3548,1.3451,1.3333,1.3196,1.303,1.2835,1.262,1.2414,1.2239,1.2121,1.2111,1.2229,1.2522,1.3109,1.4027,1.5298,1.6872,1.8671,2.0587,2.2502,2.4301,2.5875,2.7165,2.8045,2.8612,2.9042,2.9306,2.9384,2.9296,2.9062,2.87,2.8231,2.7732,2.7195,2.654,2.5797,2.5083,2.437,2.3568,2.2708,2.1818,2.0929,2.0059,1.9208,1.8407,1.7664,1.696,1.6305,1.5787,1.5367,1.4936,1.4526,1.4174,1.3881,1.3636,1.3431,1.3265,1.3138,1.305,1.2981,1.2923,1.2893,1.2884,1.2845,1.2776,1.2698,1.262,1.2532,1.2444,1.2356,1.2258,1.2131,1.1965,1.1818,1.1672,1.1476,1.1261,1.1075,1.0978,1.1017,1.1271,1.1799,1.2649,1.3851,1.5386,1.7175,1.8837,2.0411,2.2141,2.3822,2.5308,2.651,2.7419,2.8035,2.8407,2.8543,2.8495,2.828,2.7957,2.7546,2.7038,2.6432,2.5767,2.5034,2.4242,2.3421,2.2571,2.1691,2.0792,1.9873,1.8983,1.8231,1.7556,1.6843,1.6129,1.5445,1.4829,1.4282,1.3803,1.3382,1.305,1.2796,1.259,1.2463,1.2385,1.2317,1.2278,1.2258,1.2248,1.2248,1.2258,1.2268,1.2268,1.2268,1.2258,1.2219,1.219,1.216,1.2082,1.1955,1.1799,1.1613,1.1398,1.1183,1.0948,1.0714,1.0479,1.0283,1.0215,1.0303,1.0587,1.1144,1.2004,1.3226,1.4761,1.651,1.8397,2.0303,2.2111,2.3724,2.4946,2.5855,2.6637,2.7204,2.7527,2.7634,2.7556,2.7302,2.6921,2.6442,2.5865,2.521,2.4497,2.3803,2.3099,2.2297,2.1427,2.0528,1.9609,1.869,1.781,1.6989,1.6207,1.5464,1.477,1.4233,1.3803,1.3363,1.2972,1.2669,1.2434,1.2278,1.219,1.2141,1.2141,1.218,1.2248,1.2317,1.2395,1.2493,1.2571,1.262,1.2649,1.2659,1.2639,1.259,1.2522,1.2444,1.2346,1.2219,1.2111,1.2014,1.1867,1.1681,1.1486,1.131,1.1193,1.1173,1.132,1.1711,1.2405,1.3451,1.4829,1.6227,1.7693,1.9433,2.1251,2.2981,2.4526,2.5836,2.6872,2.7595,2.8035,2.8231,2.8221,2.8055,2.7771,2.7361,2.6843,2.6246,2.5582,2.4858,2.4086,2.3284,2.2444,2.1584,2.0714,1.9863,1.912,1.8465,1.7771,1.7077,1.6413,1.5767,1.5152,1.4614,1.4164,1.3793,1.3509,1.3304,1.3177,1.3118,1.3079,1.3069,1.3079,1.3089,1.3069,1.304,1.3001,1.2952,1.2864,1.2766,1.2678,1.262,1.2581,1.2512,1.2424,1.2317,1.218,1.2023,1.1848,1.1632,1.1408,1.1183,1.0968,1.0841,1.0821,1.0919,1.1241,1.1887,1.2874,1.4213,1.5875,1.7771,1.9775,2.176,2.3578,2.5181,2.6364,2.7195,2.7869,2.8319,2.8543,2.8563,2.8387,2.8035,2.7546,2.695,2.6256,2.5494,2.477,2.4047,2.3226,2.2336,2.1427,2.0508,1.9599,1.87,1.7781,1.6911,1.61,1.5337,1.4633,1.4076,1.3636,1.3196,1.2815,1.2493,1.2239,1.2053,1.1935,1.1887,1.1896,1.1945,1.2023,1.2121,1.2229,1.2317,1.2375,1.2405,1.2405,1.2366,1.2307,1.2229,1.2141,1.2043,1.1955,1.1857,1.1789,1.1701,1.1564,1.1388,1.1193,1.1017,1.087,1.0792,1.085,1.1114,1.1672,1.2581,1.3636,1.4878,1.65,1.8368,2.0323,2.2219,2.3949,2.5435,2.6618,2.7478,2.8035,2.8309,2.8348,2.8201,2.7928,2.7527,2.6999,2.6364,2.566,2.4878,2.4037,2.3148,2.2229,2.131,2.0391,1.9599,1.8886,1.8113,1.7341,1.6598,1.5904,1.5259,1.4673,1.4164,1.3734,1.3382,1.3099,1.2913,1.2825,1.2766,1.2737,1.2747,1.2786,1.2835,1.2893,1.2962,1.3011,1.306,1.3109,1.3148,1.3177,1.3196,1.3167,1.3099,1.2991,1.2864,1.2727,1.2581,1.2405,1.2229,1.2043,1.1877,1.1779,1.173,1.173,1.1877,1.2248,1.2923,1.3949,1.5318,1.6979,1.8856,2.0821,2.2757,2.4555,2.5943,2.6989,2.7918,2.8622,2.9071,2.9267,2.9247,2.9062,2.8739,2.8289,2.7732,2.7087,2.6442,2.5777,2.4995,2.4145,2.3236,2.2297,2.1369,2.045,1.955,1.868,1.7869,1.7107,1.6413,1.5855,1.5406,1.4956,1.4536,1.4184,1.39,1.3675,1.3519,1.3412,1.3353,1.3333,1.3343,1.3372,1.3412,1.3441,1.346,1.3451,1.3421,1.3392,1.3353,1.3284,1.3177,1.304,1.2903,1.2757,1.2639,1.2532,1.2385,1.2209,1.2014,1.1818,1.1662,1.1613,1.1779,1.2239,1.3011,1.4135,1.5367,1.6745,1.8504,2.0459,2.2434,2.4311,2.6002,2.741,2.8504,2.9296,2.9785,3.001,3,2.9804,2.9482,2.9032,2.8465,2.781,2.7097,2.6305,2.5474,2.4604,2.3695,2.2766,2.1828,2.0987,2.0205,1.9365,1.8504,1.7664,1.6862,1.6119,1.5435,1.4839,1.4321,1.39,1.3558,1.3294,1.3138,1.306,1.2991,1.2933,1.2893,1.2874,1.2864,1.2874,1.2874,1.2708,1.2473,1.2336,1.2268,1.2239,1.219,1.2111,1.2033,1.1945,1.1828,1.1672,1.1466,1.1222,1.0978,1.0772,1.0616,1.0577,1.0665,1.0929,1.1476,1.2356,1.3587,1.5171,1.7028,1.9052,2.1114,2.3109,2.4897,2.6256,2.7263,2.8133,2.8768,2.9159,2.9335,2.9296,2.9071,2.869,2.8201,2.7615,2.695,2.6217,2.5494,2.4761,2.393,2.304,2.2111,2.1153,2.0166,1.9179,1.8201,1.7263,1.6393,1.5601,1.4956,1.4428,1.391,1.3441,1.3021,1.2659,1.2375,1.216,1.2014,1.1935,1.1906,1.1926,1.1984,1.2063,1.2131,1.217,1.218,1.218,1.218,1.218,1.218,1.217,1.2131,1.2063,1.1984,1.1916,1.1838,1.1701,1.1535,1.1329,1.1095,1.088,1.0743,1.0753,1.0958,1.1447,1.2287,1.3294,1.4506,1.6129,1.8045,2.0108,2.2151,2.4066,2.5758,2.7136,2.8192,2.8935,2.9384,2.9589,2.957,2.9365,2.9032,2.8592,2.8045,2.7419,2.6716,2.5953,2.5152,2.4301,2.3402,2.2463,2.1623,2.0821,1.9951,1.9071,1.8192,1.7351,1.6579,1.5865,1.521,1.4624,1.4106,1.3675,1.3333,1.3099,1.2942,1.2815,1.2727,1.2688,1.2688,1.2717,1.2757,1.2796,1.2845,1.2884,1.2884,1.2884,1.2864,1.2776,1.2659,1.2532,1.2395,1.2268,1.2151,1.2033,1.1896,1.173,1.1525,1.1271,1.1056,1.0909,1.0802,1.0811,1.1036,1.1554,1.2424,1.3675,1.5269,1.7126,1.915,2.1202,2.2913,2.437,2.5797,2.7028,2.7996,2.869,2.912,2.9286,2.9228,2.8993,2.8602,2.8094,2.7507,2.6911,2.6285,2.5552,2.4751,2.39,2.2991,2.2043,2.1095,2.0166,1.9247,1.8348,1.7507,1.6823,1.6217,1.5572,1.4956,1.4409,1.3939,1.3558,1.3265,1.303,1.2864,1.2757,1.2698,1.2698,1.2737,1.2776,1.2796,1.2815,1.2825,1.2805,1.2776,1.2727,1.2639,1.2522,1.2385,1.2258,1.217,1.2102,1.2004,1.1857,1.1681,1.1486,1.1251,1.1017,1.0811,1.0674,1.0645,1.0782,1.1202,1.1818,1.2669,1.3939,1.5572,1.7458,1.9501,2.1584,2.3568,2.5347,2.6843,2.8016,2.8866,2.9365,2.9599,2.9697,2.9609,2.9335,2.8925,2.8407,2.7801,2.7136,2.6403,2.5611,2.4761,2.3851,2.3011,2.2199,2.131,2.0342,1.9355,1.8407,1.7517,1.6686,1.5924,1.523,1.4604,1.4076,1.3695,1.3441,1.3226,1.306,1.2942,1.2874,1.2845,1.2854,1.2884,1.2923,1.2981,1.305,1.3109,1.3177,1.3226,1.3216,1.3187,1.3148,1.3109,1.305,1.2962,1.2845,1.2708,1.2561,1.2395,1.2229,1.2072,1.1887,1.172,1.1593,1.1544,1.1623,1.1906,1.2512,1.35,1.4888,1.6637,1.8661,2.0518,2.2258,2.4154,2.6002,2.7664,2.9052,3.0127,3.089,3.1359,3.1584,3.1593,3.1427,3.1114,3.0684,3.0166,2.957,2.8905,2.8182,2.738,2.653,2.563,2.4682,2.3724,2.2776,2.1935,2.1173,2.0352,1.9521,1.871,1.7937,1.7243,1.6637,1.61,1.563,1.5249,1.4946,1.4721,1.4585,1.4487,1.4418,1.4379,1.436,1.435,1.435,1.435,1.435,1.4321,1.4252,1.4154,1.4057,1.3949,1.3793,1.3617,1.3441,1.3255,1.304,1.2805,1.2561,1.2317,1.2082,1.1906,1.1838,1.1906,1.218,1.2766,1.3715,1.5044,1.6725,1.869,2.0821,2.2962,2.4995,2.6833,2.8387,2.9472,3.0215,3.0811,3.1212,3.1408,3.1408,3.1232,3.0909,3.045,2.9873,2.9198,2.8446,2.7625,2.6813,2.6002,2.5093,2.4125,2.3118,2.2111,2.1124,2.0176,1.9277,1.8416,1.7605,1.6862,1.6285,1.5806,1.5347,1.4927,1.4555,1.4252,1.3998,1.3783,1.3617,1.349,1.3421,1.3382,1.3363,1.3353,1.3353,1.3353,1.3333,1.3304,1.3245,1.3157,1.304,1.2903,1.2757,1.259,1.2385,1.2199,1.2053,1.1877,1.1691,1.1496,1.129,1.1075,1.0899,1.085,1.1026,1.1515,1.2375,1.3666,1.5073,1.6618,1.8543,2.0665,2.2815,2.4839,2.6628,2.8123,2.9277,3.0108,3.0635,3.0899,3.0919,3.0743,3.044,3.0029,2.9511,2.8895,2.8172,2.738,2.651,2.5572,2.4604,2.3607,2.259,2.1681,2.0841,1.9951,1.9071,1.8221,1.7419,1.6686,1.6022,1.5445,1.4936,1.4516,1.4164,1.391,1.3734,1.3587,1.348,1.3412,1.3382,1.3363,1.3353,1.3353,1.3353,1.3353,1.3333,1.3304,1.3284,1.3275,1.3245,1.3196,1.3109,1.2991,1.2854,1.2688,1.2483,1.2248,1.2023,1.1799,1.1623,1.1486,1.1329,1.1222,1.1281,1.1603,1.2239,1.3226,1.4585,1.6295,1.7947,1.9521,2.1271,2.2766,2.4027,2.5269,2.6334,2.7136,2.7674,2.7957,2.8035,2.7918,2.7634,2.7224,2.6716,2.6178,2.5591,2.4878,2.4086,2.3236,2.2336,2.1408,2.0459,1.9531,1.8641,1.7801,1.7009,1.6325,1.5728,1.5112,1.4536,1.4027,1.3587,1.3226,1.2933,1.2717,1.2571,1.2502,1.2493,1.2502,1.2512,1.2532,1.2532,1.2522,1.2502,1.2463,1.2444,1.2434,1.2405,1.2366,1.2307,1.2209,1.2121,1.2033,1.1887,1.1711,1.1515,1.1329,1.1134,1.0948,1.0753,1.0518,1.0264,1.001,0.97947,0.96872,0.97263,0.99804,1.0518,1.1388,1.259,1.4086,1.5787,1.7556,1.9296,2.0909,2.2297,2.3294,2.3998,2.4565,2.4907,2.5064,2.5064,2.4888,2.4565,2.4106,2.3539,2.2884,2.2141,2.1329,2.0577,1.9834,1.8993,1.8094,1.7175,1.6285,1.5445,1.4633,1.3871,1.3187,1.259,1.2063,1.1672,1.1378,1.1114,1.0899,1.0733,1.0606,1.0518,1.0479,1.0459,1.0469,1.0518,1.0596,1.0674,1.0792,1.0929,1.1056,1.1153,1.1222,1.1281,1.1329,1.1339,1.132,1.131,1.13,1.1281,1.1271,1.1241,1.1163,1.1065,1.0938,1.0782,1.0626,1.0518,1.0479,1.0557,1.0821,1.1339,1.218,1.3118,1.4194,1.563,1.7292,1.9032,2.0753,2.2356,2.3744,2.4868,2.5709,2.6276,2.6569,2.6618,2.6491,2.6227,2.5836,2.5327,2.4712,2.4027,2.3275,2.2473,2.1642,2.0762,1.9853,1.8944,1.8143,1.7429,1.6676,1.5963,1.5308,1.4702,1.4194,1.3744,1.3353,1.303,1.2776,1.26,1.2512,1.2473,1.2424,1.2405,1.2414,1.2444,1.2473,1.2493,1.2483,1.2454,1.2414,1.2375,1.2336,1.2317,1.2287,1.2219,1.2111,1.1984,1.1828,1.1632,1.1417,1.1193,1.0948,1.0684,1.0411,1.0196,1.0029,0.98729,0.98143,0.99316,1.0323,1.1447,1.2727,1.3842,1.5367,1.7116,1.8935,2.0704,2.2141,2.3314,2.4389,2.5249,2.5846,2.6188,2.6305,2.6207,2.5934,2.5503,2.4946,2.4301,2.3656,2.3011,2.2287,2.1496,2.0645,1.9746,1.8817,1.7869,1.694,1.6051,1.521,1.4409,1.3666,1.3069,1.2581,1.2102,1.1662,1.1281,1.0968,1.0743,1.0587,1.0489,1.044,1.042,1.045,1.0508,1.0587,1.0674,1.0753,1.0958,1.1222,1.1378,1.1476,1.1525,1.1525,1.1466,1.1388,1.1339,1.13,1.1202,1.1056,1.088,1.0694,1.0479,1.0235,0.99804,0.97263,0.95015,0.93744,0.94233,0.96383,1.0068,1.0831,1.1955,1.346,1.5279,1.7302,1.9413,2.1466,2.3363,2.5005,2.6344,2.7263,2.7859,2.828,2.8495,2.8514,2.8358,2.8045,2.7586,2.6999,2.6305,2.5523,2.4663,2.3744,2.2884,2.2043,2.1124,2.0176,1.9228,1.828,1.737,1.65,1.5689,1.4936,1.4233,1.3607,1.3128,1.2766,1.2434,1.2151,1.1916,1.1769,1.1691,1.1652,1.1642,1.1662,1.1701,1.175,1.1799,1.1857,1.1896,1.1896,1.1867,1.1808,1.1711,1.1613,1.1515,1.1398,1.1232,1.1075,1.0938,1.0821,1.0714,1.0547,1.0352,1.0166,1.001,0.99316,0.99902,1.0274,1.087,1.1818,1.3138,1.48,1.6432,1.8065,1.9951,2.1867,2.3636,2.5161,2.6403,2.737,2.8025,2.8397,2.8524,2.8465,2.826,2.7908,2.741,2.6813,2.6129,2.5367,2.4545,2.3685,2.2786,2.1877,2.0958,2.002,1.9081,1.827,1.7527,1.6745,1.5973,1.5239,1.4555,1.3949,1.3421,1.2972,1.261,1.2326,1.2121,1.2004,1.1945,1.1896,1.1857,1.1848,1.1867,1.1906,1.1945,1.1984,1.2004,1.1994,1.1965,1.1906,1.1838,1.176,1.1632,1.1476,1.129,1.1105,1.0909,1.0704,1.0489,1.0264,1.002,0.97947,0.96579,0.9609,0.96579,0.9912,1.0459,1.1398,1.2737,1.4438,1.6432,1.8612,2.0831,2.2942,2.4858,2.6315,2.741,2.8368,2.9101,2.958,2.9814,2.9814,2.9629,2.9277,2.8798,2.8211,2.7537,2.6872,2.6207,2.5445,2.4614,2.3734,2.2815,2.1877,2.0919,1.9951,1.8993,1.8094,1.7253,1.6471,1.5826,1.5318,1.4848,1.4428,1.4066,1.3773,1.3519,1.3333,1.3226,1.3187,1.3177,1.3177,1.3187,1.3206,1.3216,1.3226,1.3226,1.3216,1.3196,1.3167,1.3128,1.3079,1.2991,1.2864,1.2708,1.2551,1.2395,1.219,1.1965,1.174,1.1525,1.1349,1.1222,1.1202,1.1398,1.1867,1.2678,1.3646,1.4819,1.6422,1.8328,2.0401,2.2502,2.4497,2.6276,2.7781,2.8964,2.9814,3.0371,3.0606,3.0626,3.0538,3.0323,2.998,2.9501,2.8925,2.826,2.7517,2.6706,2.5836,2.4829,2.3763,2.2874,2.2072,2.1212,2.0332,1.9453,1.8592,1.7781,1.7028,1.6344,1.5709,1.5142,1.4643,1.4262,1.3988,1.3754,1.3568,1.3431,1.3343,1.3304,1.3294,1.3284,1.3294,1.3294,1.3294,1.3294,1.3294,1.3294,1.3265,1.3196,1.3089,1.2962,1.2805,1.262,1.2414,1.2219,1.2033,1.1848,1.1711,1.1603,1.1525,1.1564,1.1789,1.2307,1.3177,1.4409,1.5982,1.784,1.9853,2.1906,2.3851,2.5376,2.6579,2.7693,2.8583,2.9218,2.9589,2.9726,2.9658,2.9433,2.9091,2.8651,2.8113,2.7546,2.696,2.6295,2.5572,2.4809,2.4008,2.3187,2.2336,2.1457,2.0567,1.9697,1.8866,1.8084,1.7419,1.6862,1.6305,1.5709,1.521,1.4897,1.4614,1.436,1.4164,1.4037,1.3959,1.392,1.391,1.392,1.393,1.393,1.393,1.393,1.393,1.392,1.3881,1.3812,1.3744,1.3675,1.3587,1.3509,1.3431,1.3324,1.3187,1.3011,1.2815,1.26,1.2385,1.2219,1.216,1.2268,1.2649,1.3206,1.3998,1.521,1.6794,1.8661,2.0694,2.2776,2.477,2.6569,2.8094,2.9306,3.0196,3.0792,3.1085,3.1134,3.1065,3.088,3.0577,3.0147,2.9619,2.8993,2.8289,2.7527,2.6706,2.5836,2.5024,2.4223,2.3333,2.2405,2.1466,2.0547,1.9648,1.8788,1.7977,1.7224,1.6549,1.5953,1.5455,1.5083,1.4819,1.4594,1.4418,1.4291,1.4194,1.4135,1.4086,1.4037,1.4008,1.3969,1.39,1.3842,1.3793,1.3734,1.3666,1.3578,1.346,1.3333,1.3177,1.3011,1.2835,1.263,1.2414,1.218,1.1994,1.1867,1.1779,1.1838,1.2131,1.2717,1.3646,1.4946,1.6579,1.8465,2.0459,2.2424,2.4027,2.5367,2.6657,2.7752,2.8592,2.9159,2.9492,2.9589,2.9482,2.9228,2.8817,2.8299,2.7752,2.7175,2.652,2.5806,2.5034,2.4213,2.3382,2.2278,2.1271,2.0518,1.9658,1.8778,1.7918,1.7204,1.6598,1.5973,1.5367,1.4809,1.4321,1.39,1.3558,1.3265,1.303,1.2864,1.2757,1.2708,1.2678,1.2639,1.26,1.2561,1.2512,1.2473,1.2424,1.2366,1.2287,1.2209,1.2102,1.1955,1.1838,1.173,1.1574,1.1388,1.1193,1.0987,1.0782,1.0567,1.0342,1.0117,0.9912,0.97849,0.97947,1.002,1.0528,1.1378,1.261,1.4135,1.5855,1.7703,1.956,2.132,2.2893,2.4223,2.5259,2.5934,2.6325,2.6559,2.6637,2.6549,2.6295,2.5904,2.5406,2.4819,2.4154,2.3451,2.2698,2.1994,2.131,2.0538,1.9736,1.8895,1.8055,1.7243,1.6471,1.5738,1.5034,1.437,1.3773,1.3245,1.2845,1.2551,1.2287,1.2053,1.1877,1.175,1.1662,1.1623,1.1613,1.1632,1.1681,1.173,1.1808,1.1887,1.1926,1.1945,1.1955,1.1935,1.1877,1.1808,1.172,1.1603,1.1457,1.13,1.1153,1.1056,1.0978,1.0841,1.0665,1.0469,1.0283,1.0147,1.0127,1.0303,1.0723,1.1447,1.2483,1.3597,1.4809,1.6334,1.7996,1.9658,2.1212,2.2551,2.3646,2.4467,2.5015,2.5279,2.5367,2.5327,2.5152,2.4858,2.4428,2.3891,2.3255,2.2542,2.1779,2.0997,2.0196,1.9384,1.8583,1.7781,1.7077,1.6432,1.5738,1.5054,1.4399,1.3812,1.3284,1.2845,1.2493,1.2219,1.2014,1.1857,1.174,1.1681,1.1672,1.1681,1.173,1.1799,1.1877,1.1955,1.2033,1.2082,1.2102,1.2111,1.2111,1.2111,1.2092,1.2033,1.1926,1.1789,1.1642,1.1466,1.13,1.1144,1.0968,1.0782,1.0596,1.042,1.0323,1.0293,1.0352,1.0587,1.1056,1.1857,1.2981,1.4399,1.6061,1.7859,1.9677,2.1388,2.2737,2.3793,2.4761,2.5523,2.6051,2.6364,2.6471,2.6403,2.6158,2.5767,2.5279,2.4692,2.4037,2.3402,2.2766,2.2043,2.129,2.0508,1.9707,1.8905,1.8113,1.7351,1.6608,1.5894,1.5239,1.4712,1.4272,1.3842,1.3451,1.3089,1.2786,1.2561,1.2414,1.2336,1.2307,1.2317,1.2356,1.2405,1.2473,1.2542,1.26,1.2649,1.2669,1.2659,1.261,1.2522,1.2414,1.2287,1.216,1.2033,1.1935,1.1838,1.1701,1.1554,1.1388,1.1193,1.0987,1.0802,1.0684,1.0684,1.088,1.1329,1.1945,1.3206,1.4633,1.5816,1.738,1.913,2.089,2.2551,2.4018,2.523,2.6168,2.6823,2.7224,2.738,2.7351,2.7195,2.6911,2.653,2.6051,2.5503,2.4888,2.4213,2.35,2.2737,2.1945,2.1222,2.0518,1.9746,1.8935,1.8113,1.7331,1.6579,1.5875,1.5239,1.4663,1.4164,1.3734,1.3372,1.3118,1.2942,1.2805,1.2708,1.2649,1.263,1.2639,1.2669,1.2698,1.2737,1.2776,1.2903,1.3069,1.3157,1.3177,1.3138,1.304,1.2923,1.2805,1.2698,1.2581,1.2444,1.2278,1.2072,1.1828,1.1623,1.1447,1.1281,1.1193,1.1241,1.1525,1.2121,1.3079,1.4418,1.6109,1.8055,2.0147,2.1984,2.3607,2.5288,2.6833,2.8133,2.913,2.9814,3.0205,3.0362,3.0323,3.0098,2.9726,2.9257,2.8749,2.8192,2.7527,2.6784,2.5973,2.5083,2.4164,2.3206,2.2239,2.129,2.0352,1.9443,1.8671,1.7967,1.7234,1.653,1.5885,1.5298,1.478,1.436,1.4018,1.3734,1.3529,1.3382,1.3284,1.3236,1.3236,1.3236,1.3216,1.3177,1.3138,1.3089,1.304,1.2981,1.2893,1.2796,1.2698,1.263,1.2571,1.2463,1.2317,1.2072,1.1828,1.1632,1.1417,1.1222,1.1065,1.0978,1.1017,1.1281,1.173,1.2454,1.3587,1.5122,1.6999,1.9101,2.13,2.348,2.5523,2.7322,2.8817,3,3.0782,3.1261,3.1593,3.1769,3.1799,3.1672,3.1388,3.0997,3.0518,2.9941,2.9277,2.8563,2.7801,2.7067,2.6344,2.5533,2.4682,2.3832,2.2972,2.2111,2.13,2.0528,1.9785,1.9091,1.8475,1.7986,1.7615,1.7302,1.7048,1.6872,1.6755,1.6696,1.6696,1.6716,1.6755,1.6794,1.6833,1.6852,1.6843,1.6813,1.6774,1.6716,1.6608,1.6481,1.6334,1.6158,1.5963,1.5767,1.5572,1.5357,1.5152,1.4956,1.4712,1.4477,1.433,1.4311,1.4516,1.5034,1.5904,1.7146,1.8759,2.0645,2.2385,2.4047,2.5914,2.7761,2.9453,3.089,3.2043,3.2893,3.347,3.3744,3.3822,3.3763,3.3529,3.3187,3.2747,3.2229,3.1632,3.0968,3.0225,2.9423,2.8573,2.7683,2.6755,2.5816,2.4868,2.4008,2.3206,2.2356,2.1525,2.0753,2.0039,1.9404,1.8866,1.8397,1.8025,1.7732,1.7498,1.7331,1.7243,1.7185,1.7155,1.7146,1.7136,1.7136,1.7107,1.7058,1.7009,1.697,1.6872,1.6745,1.6676,1.6588,1.6393,1.6178,1.5992,1.5758,1.5425,1.5044,1.478,1.4497,1.4194,1.4057,1.4076,1.4321,1.4897,1.5474,1.6628,1.8592,2.0655,2.2776,2.4858,2.6784,2.8485,2.9883,3.0841,3.1466,3.1935,3.2209,3.2278,3.218,3.1935,3.1544,3.1056,3.0469,2.9795,2.9042,2.8201,2.739,2.6588,2.5709,2.477,2.3822,2.2317,2.0577,1.9345,1.8387,1.7595,1.6931,1.6373,1.5943,1.5601,1.5298,1.5034,1.4819,1.4653,1.4526,1.4457,1.4418,1.4399,1.4399,1.4399,1.4379,1.436,1.434,1.4301,1.4242,1.4174,1.4115,1.4037,1.3939,1.3812,1.3666,1.35,1.3304,1.3118,1.2952,1.2766,1.2551,1.2297,1.2033,1.176,1.1505,1.1281,1.1173,1.1251,1.1564,1.217,1.2913,1.3832,1.5073,1.654,1.8104,1.9638,2.1056,2.2297,2.3294,2.4047,2.4545,2.48,2.4839,2.4692,2.4409,2.3998,2.348,2.2864,2.218,2.1447,2.0665,1.9824,1.8964,1.8104,1.7234,1.6481,1.5806,1.5093,1.437,1.3656,1.2972,1.2356,1.1818,1.1359,1.0958,1.0645,1.043,1.0323,1.0274,1.0254,1.0264,1.0283,1.0293,1.0293,1.0293,1.0293,1.0293,1.0293,1.0293,1.0283,1.0283,1.0283,1.0254,1.0205,1.0117,1.001,0.98925,0.97752,0.96481,0.9521,0.93744,0.92278,0.91202,0.90323,0.8915,0.87781,0.86315,0.84946,0.84164,0.84457,0.86608,0.91202,0.98534,1.088,1.1984,1.3187,1.4643,1.6178,1.7683,1.9052,2.0225,2.1134,2.1779,2.217,2.2336,2.2297,2.2082,2.1779,2.1388,2.087,2.0274,1.9599,1.8876,1.8123,1.7351,1.6579,1.5806,1.5064,1.435,1.3754,1.3236,1.2659,1.2092,1.1584,1.1134,1.0762,1.0489,1.0293,1.0156,1.0088,1.0088,1.0137,1.0225,1.0323,1.0411,1.0518,1.0645,1.0772,1.088,1.0978,1.1065,1.1153,1.1222,1.1251,1.1281,1.1281,1.1241,1.1163,1.1036,1.0909,1.0782,1.0645,1.0499,1.0362,1.0215,1.0049,0.98925,0.98045,0.97947,0.98631,1.0078,1.0538,1.129,1.2346,1.3656,1.5161,1.6774,1.8407,1.9961,2.1193,2.217,2.3069,2.3803,2.4311,2.4604,2.4692,2.4585,2.434,2.3949,2.3441,2.2854,2.2209,2.1584,2.0958,2.0264,1.9531,1.8759,1.7977,1.7204,1.6461,1.5728,1.5015,1.433,1.3675,1.3148,1.2717,1.2287,1.1896,1.1584,1.1329,1.1144,1.1017,1.0948,1.0909,1.0909,1.0948,1.1017,1.1095,1.1193,1.1281,1.1359,1.1408,1.1427,1.1417,1.1369,1.131,1.1232,1.1144,1.1036,1.0968,1.0899,1.0782,1.0645,1.0499,1.0362,1.0235,1.0147,1.0127,1.0225,1.0499,1.1026,1.2522,1.4497,1.6237,1.8182,2.0274,2.2385,2.4418,2.6266,2.7859,2.913,3.0088,3.0743,3.1105,3.1202,3.1085,3.0821,3.0391,2.9824,2.9159,2.8407,2.7576,2.6696,2.5767,2.48,2.3812,2.2815,2.1926,2.1114,2.0235,1.9355,1.8504,1.7683,1.6921,1.6217,1.5582,1.5015,1.4536,1.4154,1.39,1.3724,1.3558,1.3451,1.3402,1.3372,1.3363,1.3353,1.3353,1.3353,1.3333,1.3294,1.3226,1.3167,1.3089,1.2952,1.2786,1.261,1.2434,1.2239,1.2014,1.1779,1.1544,1.13,1.1046,1.0841,1.0665,1.0459,1.0264,1.0166,1.0283,1.0674,1.1398,1.2512,1.4008,1.5826,1.784,1.9932,2.174,2.3304,2.4878,2.6285,2.7449,2.8309,2.8895,2.9208,2.9277,2.9159,2.8886,2.8456,2.7967,2.7429,2.6774,2.6031,2.523,2.4389,2.3509,2.262,2.1701,2.0782,1.9853,1.8944,1.8192,1.7517,1.6794,1.609,1.5445,1.4868,1.435,1.392,1.3558,1.3255,1.3011,1.2815,1.2688,1.2649,1.2659,1.2659,1.2659,1.2659,1.2659,1.2639,1.2581,1.2502,1.2424,1.2336,1.2209,1.2121,1.2053,1.1945,1.1799,1.1603,1.1378,1.1144,1.089,1.0616,1.0342,1.0098,0.99316,0.99022,1.0049,1.0411,1.1085,1.2131,1.3548,1.5318,1.7331,1.9453,2.1574,2.3558,2.5288,2.6716,2.7732,2.8426,2.8954,2.9267,2.9374,2.9286,2.9022,2.8592,2.8045,2.741,2.6686,2.5885,2.5034,2.4242,2.346,2.259,2.1662,2.0723,1.9795,1.8895,1.8035,1.7214,1.6432,1.5709,1.5054,1.4545,1.4145,1.3754,1.3412,1.3138,1.2923,1.2776,1.2698,1.2678,1.2717,1.2786,1.2874,1.2962,1.3069,1.3187,1.3265,1.3333,1.3392,1.3421,1.3431,1.3412,1.3353,1.3265,1.3138,1.2972,1.2845,1.2727,1.2581,1.2434,1.2278,1.2111,1.1965,1.1877,1.1935,1.2209,1.2776,1.3705,1.4995,1.6364,1.7849,1.9687,2.1681,2.3656,2.5503,2.7136,2.8475,2.9492,3.0166,3.0547,3.0665,3.0567,3.0342,2.999,2.9521,2.8944,2.8289,2.7556,2.6745,2.5885,2.4976,1.4213,1.4203,1.4174,1.4164,1.4154,1.4115,1.4047,1.3949,1.3861,1.3744,1.3597,1.3431,1.3245,1.303,1.2805,1.2649,1.2551,1.2502,1.259,1.2903,1.3529,1.4506,1.5836,1.7449,1.9286,2.1241,2.3196,2.5034,2.6471,2.7576,2.8573,2.9355,2.9902,3.0215,3.0303,3.0215,2.9971,2.957,2.9052,2.8446,2.784,2.7214,2.651,2.5748,2.4936,2.4076,2.3196,2.2307,2.1408,2.0528,1.9677,1.8866,1.8211,1.7654,1.7097,1.6588,1.6119,1.5709,1.5386,1.5132,1.4936,1.479,1.4692,1.4624,1.4585,1.4585,1.4604,1.4614,1.4624,1.4614,1.4585,1.4545,1.4506,1.4438,1.434,1.4223,1.4096,1.3998,1.393,1.3822,1.3685,1.3519,1.3324,1.3089,1.2845,1.2639,1.2512,1.2512,1.2708,1.3177,1.3832,1.4731,1.6012,1.7625,1.9482,2.1457,2.3412,2.5239,2.6862,2.8211,2.9247,2.9971,3.0371,3.0518,3.0538,3.042,3.0176,2.9804,2.9335,2.8768,2.8123,2.7429,2.6676,2.5865,2.5005,2.4203,2.3441,2.261,2.173,2.0811,1.9912,1.9071,1.8289,1.7576,1.694,1.6373,1.5885,1.5523,1.5269,1.5054,1.4888,1.477,1.4682,1.4633,1.4594,1.4575,1.4565,1.4536,1.4526,1.4516,1.4516,1.4516,1.4487,1.4438,1.436,1.4252,1.4106,1.3939,1.3773,1.3627,1.347,1.3304,1.3177,1.304,1.2835,1.261,1.2414,1.2336,1.2424,1.2776,1.348,1.4565,1.6022,1.7791,1.9756,2.1525,2.3148,2.4897,2.6569,2.8045,2.9218,3.0078,3.0645,3.0938,3.0997,3.087,3.0587,3.0215,2.9765,2.9218,2.8602,2.7908,2.7165,2.6373,2.5523,2.4643,2.3744,2.2805,2.1848,2.089,2.0059,1.9326,1.8573,1.783,1.7136,1.6491,1.5934,1.5474,1.5093,1.478,1.4536,1.437,1.4282,1.4242,1.4194,1.4145,1.4115,1.4106,1.4106,1.4086,1.4047,1.4008,1.3959,1.3881,1.3803,1.3754,1.3705,1.3617,1.3509,1.3363,1.3206,1.303,1.2845,1.2639,1.2424,1.2199,1.1984,1.1867,1.1896,1.2111,1.259,1.3412,1.4604,1.6129,1.7928,1.9912,2.1945,2.391,2.5679,2.7195,2.8289,2.9062,2.9697,3.0137,3.0362,3.0362,3.0166,2.9824,2.9345,2.8749,2.8084,2.7361,2.6334,2.5142,2.4125,2.3177,2.2239,2.13,2.0381,1.9453,1.8524,1.7644,1.6823,1.6041,1.5308,1.4721,1.4262,1.3822,1.3431,1.3099,1.2835,1.2639,1.2493,1.2395,1.2317,1.2268,1.2239,1.2229,1.2248,1.2258,1.2268,1.2258,1.2229,1.2209,1.217,1.2102,1.2014,1.1887,1.173,1.1613,1.1505,1.1349,1.1153,1.0938,1.0714,1.0489,1.0274,1.0098,1.001,1.0088,1.042,1.1046,1.1838,1.2884,1.437,1.6178,1.8211,2.0313,2.2336,2.4164,2.5738,2.6999,2.7928,2.8553,2.8866,2.8944,2.8876,2.8671,2.8338,2.7898,2.7361,2.6745,2.607,2.5337,2.4555,2.3724,2.2845,2.2033,2.1261,2.043,1.957,1.871,1.7869,1.7048,1.6256,1.5513,1.4839,1.4262,1.3783,1.3441,1.3187,1.2972,1.2796,1.2659,1.2571,1.2522,1.2522,1.2542,1.2581,1.262,1.2669,1.2698,1.2727,1.2737,1.2727,1.2698,1.2649,1.2561,1.2454,1.2317,1.2151,1.1975,1.1799,1.1613,1.1466,1.131,1.1095,1.087,1.0694,1.0606,1.0674,1.0987,1.1623,1.261,1.3959,1.5611,1.7488,1.9218,2.0841,2.2571,2.4223,2.567,2.6852,2.7732,2.8309,2.8622,2.871,2.8592,2.8309,2.7937,2.7488,2.695,2.6334,2.566,2.4936,2.4174,2.3372,2.2542,2.1681,2.0782,1.9883,1.8993,1.8231,1.7546,1.6823,1.6109,1.5435,1.4819,1.4272,1.3812,1.3451,1.3157,1.2933,1.2776,1.2698,1.2678,1.2698,1.2727,1.2766,1.2805,1.2854,1.2893,1.2942,1.2962,1.2952,1.2913,1.2835,1.2766,1.2688,1.2571,1.2424,1.2258,1.2082,1.1896,1.1711,1.1505,1.1261,1.1026,1.0841,1.0762,1.0792,1.0948,1.1359,1.2092,1.3196,1.4673,1.6461,1.8456,2.0528,2.2561,2.4438,2.607,2.7253,2.8104,2.8807,2.9277,2.9511,2.9531,2.9365,2.9042,2.8592,2.8045,2.741,2.6716,2.6031,2.5327,2.4536,2.3695,2.2825,2.1935,2.1026,2.0127,1.9238,1.8358,1.7517,1.6725,1.5992,1.5415,1.4946,1.4467,1.4027,1.3656,1.3353,1.3128,1.2962,1.2854,1.2786,1.2737,1.2717,1.2727,1.2737,1.2727,1.2698,1.2659,1.261,1.2571,1.2502,1.2395,1.2287,1.218,1.2043,1.1896,1.1799,1.1711,1.1574,1.1417,1.1241,1.1065,1.0929,1.0841,1.0792,1.086,1.1144,1.174,1.2512,1.3519,1.4966,1.6745,1.8739,2.0802,2.2805,2.4653,2.6266,2.7586,2.8583,2.9267,2.9619,2.9726,2.9687,2.9492,2.915,2.869,2.8143,2.7527,2.6843,2.6119,2.5337,2.4506,2.3646,2.2874,2.2121,2.1281,2.0411,1.9531,1.8661,1.783,1.7028,1.6276,1.5601,1.4995,1.4477,1.4096,1.3812,1.3558,1.3353,1.3196,1.3099,1.305,1.305,1.3079,1.3128,1.3177,1.3226,1.3255,1.3265,1.3275,1.3226,1.3138,1.3021,1.2884,1.2708,1.2512,1.2326,1.2141,1.1955,1.1769,1.1632,1.1515,1.1349,1.1163,1.0997,1.0919,1.0997,1.131,1.1945,1.2962,1.436,1.609,1.8065,1.9892,2.1603,2.346,2.5249,2.6843,2.8133,2.912,2.9814,3.0215,3.0371,3.0313,3.0068,2.9717,2.9277,2.8729,2.8094,2.739,2.6628,2.5797,2.4927,2.4018,2.3079,2.2131,2.1183,2.0244,1.9443,1.871,1.7937,1.7185,1.6471,1.5816,1.523,1.4721,1.4282,1.392,1.3646,1.346,1.3372,1.3333,1.3324,1.3333,1.3353,1.3363,1.3343,1.3314,1.3275,1.3226,1.3177,1.3118,1.304,1.2962,1.2874,1.2727,1.2551,1.2395,1.2239,1.2072,1.1896,1.1691,1.1447,1.1202,1.0978,1.0841,1.0821,1.0899,1.1173,1.1711,1.2571,1.3803,1.5396,1.7253,1.9286,2.1378,2.3382,2.521,2.6598,2.7634,2.8534,2.9218,2.9658,2.9853,2.9824,2.9629,2.9286,2.8817,2.824,2.7595,2.694,2.6266,2.5494,2.4643,2.3744,2.2805,2.1838,2.087,1.9922,1.9003,1.8123,1.7283,1.6491,1.5846,1.5318,1.48,1.433,1.392,1.3578,1.3294,1.3089,1.2952,1.2854,1.2805,1.2805,1.2845,1.2893,1.2942,1.2991,1.304,1.3069,1.306,1.303,1.2972,1.2874,1.2747,1.26,1.2434,1.2307,1.2199,1.2053,1.1887,1.1701,1.1496,1.1271,1.1065,1.0909,1.0811,1.085,1.1105,1.1544,1.2239,1.3324,1.48,1.6598,1.8641,2.0782,2.2903,2.4878,2.6608,2.8016,2.9101,2.9795,3.0186,3.043,3.0499,3.0391,3.0117,2.9707,2.9159,2.8514,2.7801,2.7019,2.6178,2.5298,2.4477,2.3685,2.2815,2.1896,2.0948,2,1.9081,1.8211,1.738,1.6608,1.5904,1.5288,1.48,1.4242,1.3627,1.3196,1.2884,1.2669,1.2532,1.2454,1.2424,1.2424,1.2434,1.2434,1.2434,1.2454,1.2463,1.2454,1.2424,1.2375,1.2287,1.218,1.2033,1.1848,1.1662,1.1476,1.129,1.1153,1.1036,1.089,1.0714,1.0518,1.0352,1.0264,1.0342,1.0684,1.1359,1.2414,1.3861,1.564,1.737,1.9071,2.0997,2.2933,2.4741,2.6305,2.7537,2.8446,2.9062,2.9423,2.9541,2.9453,2.9208,2.8856,2.8387,2.783,2.7185,2.6471,2.5709,2.4897,2.4037,2.3128,2.219,2.1222,2.0235,1.9374,1.8583,1.7722,1.6862,1.6041,1.5269,1.4575,1.3959,1.3451,1.305,1.2717,1.2463,1.2297,1.218,1.2072,1.1994,1.1935,1.1887,1.1848,1.1838,1.1838,1.1808,1.1769,1.173,1.1701,1.1691,1.1662,1.1584,1.1466,1.131,1.1134,1.0929,1.0694,1.0459,1.0244,1.0029,0.98143,0.96579,0.95699,0.9521,0.95894,0.98631,1.044,1.1388,1.2727,1.4428,1.6422,1.8592,2.0792,2.2893,2.4565,2.5894,2.7136,2.8172,2.8954,2.9462,2.9717,2.9746,2.958,2.9247,2.8788,2.8221,2.7625,2.6989,2.6266,2.5474,2.4624,2.3724,2.2786,2.1838,2.087,1.9912,1.8964,1.8055,1.7195,1.6481,1.5826,1.5142,1.4487,1.3891,1.3382,1.2952,1.26,1.2336,1.2131,1.1975,1.1857,1.1799,1.1769,1.173,1.1701,1.1691,1.1681,1.1681,1.1681,1.1652,1.1593,1.1515,1.1427,1.132,1.1222,1.1124,1.0978,1.0811,1.0626,1.044,1.0254,1.0068,0.99022,0.97654,0.9697,0.97654,0.99902,1.043,1.1232,1.2434,1.3998,1.5855,1.7928,2.0068,2.2151,2.4066,2.5738,2.7107,2.8152,2.8788,2.912,2.9286,2.9277,2.912,2.8837,2.8416,2.7879,2.7253,2.6549,2.5797,2.4985,2.4223,2.347,2.262,2.1701,2.0753,1.9795,1.8837,1.7908,1.7028,1.6207,1.5445,1.4751,1.4194,1.3754,1.3353,1.3001,1.2698,1.2454,1.2258,1.2111,1.2014,1.1945,1.1906,1.1896,1.1896,1.1926,1.1945,1.1935,1.1906,1.1867,1.1828,1.1769,1.1701,1.1613,1.1515,1.1378,1.1222,1.1095,1.0987,1.0821,1.0596,1.0352,1.0117,0.98827,0.96872,0.95992,0.97165,1.0127,1.087,1.2004,1.3255,1.4682,1.65,1.8553,2.0684,2.2747,2.4614,2.6207,2.7478,2.8397,2.9003,2.9326,2.9384,2.9257,2.9013,2.8651,2.8172,2.7595,2.695,2.6246,2.5484,2.4682,2.3842,2.2972,2.2072,2.1261,2.0479,1.9609,1.871,1.782,1.697,1.6178,1.5435,1.4761,1.4174,1.3685,1.3284,1.3011,1.2805,1.261,1.2444,1.2307,1.2219,1.217,1.2151,1.2141,1.2141,1.216,1.218,1.219,1.219,1.219,1.217,1.2121,1.2053,1.1955,1.1808,1.1652,1.1486,1.13,1.1085,1.088,1.0733,1.0616,1.0479,1.0352,1.0274,1.0332,1.0606,1.1183,1.2131,1.347,1.5152,1.7077,1.912,2.0919,2.2502,2.4115,2.5582,2.6804,2.7752,2.8416,2.8807,2.8954,2.8905,2.869,2.8328,2.7908,2.7419,2.6843,2.6178,2.5445,2.4663,2.3832,2.2962,2.2063,2.1144,2.0205,1.9267,1.8348,1.7566,1.6891,1.6188,1.5513,1.4868,1.4291,1.3793,1.3392,1.306,1.2805,1.263,1.2522,1.2473,1.2463,1.2483,1.2512,1.2532,1.2561,1.26,1.2639,1.2688,1.2727,1.2727,1.2688,1.26,1.2522,1.2444,1.2336,1.2219,1.2092,1.1945,1.1789,1.1603,1.1388,1.1144,1.0919,1.0743,1.0645,1.0665,1.0831,1.1251,1.2014,1.3138,1.4614,1.6403,1.8426,2.0557,2.2649,2.4594,2.6315,2.7586,2.8495,2.9257,2.9824,3.0156,3.0274,3.0235,3.0039,2.9707,2.9257,2.8719,2.8104,2.7478,2.6833,2.6119,2.5337,2.4526,2.3666,2.2757,2.1828,2.088,1.9922,1.9003,1.8133,1.739,1.6755,1.6119,1.5543,1.5044,1.4614,1.4252,1.3959,1.3734,1.3568,1.347,1.3392,1.3343,1.3343,1.3363,1.3382,1.3421,1.3441,1.3421,1.3382,1.3304,1.3196,1.305,1.2864,1.2659,1.2493,1.2356,1.219,1.2023,1.1828,1.1593,1.1349,1.1134,1.0997,1.0997,1.1222,1.176,1.2678,1.3734,1.4995,1.6686,1.8631,2.0684,2.2688,2.4526,2.6119,2.74,2.8358,2.9013,2.9394,2.9521,2.9453,2.9247,2.8915,2.8465,2.7928,2.7312,2.6618,2.5865,2.5054,2.4213,2.3333,2.2434,2.1623,2.085,1.999,1.9101,1.8201,1.7341,1.653,1.5767,1.5083,1.4457,1.391,1.346,1.3128,1.2874,1.263,1.2434,1.2287,1.2209,1.217,1.2151,1.2141,1.2131,1.2131,1.2111,1.2072,1.2053,1.1994,1.1867,1.176,1.1662,1.1564,1.1447,1.13,1.1144,1.0958,1.0762,1.0547,1.0391,1.0254,1.0068,0.98827,0.97458,0.97361,0.99707,1.0528,1.1466,1.2766,1.4399,1.6266,1.826,2.001,2.1564,2.3167,2.4643,2.5885,2.6823,2.7468,2.784,2.7957,2.7859,2.7595,2.7195,2.6725,2.6188,2.5552,2.4848,2.4086,2.3265,2.2405,2.1505,2.0577,1.9619,1.8651,1.7703,1.6794,1.6031,1.5357,1.4633,1.3939,1.3304,1.2747,1.2268,1.1857,1.1535,1.129,1.1114,1.0978,1.0909,1.0899,1.0899,1.0899,1.088,1.085,1.0802,1.0743,1.0684,1.0626,1.0567,1.0508,1.042,1.0352,1.0303,1.0205,1.0078,0.99316,0.97556,0.95601,0.93548,0.91593,0.89345,0.86999,0.84946,0.83969,0.84262,0.86022,0.90225,0.97654,1.087,1.2317,1.4018,1.5885,1.783,1.9726,2.1457,2.2933,2.3998,2.4731,2.5298,2.565,2.5777,2.5689,2.5435,2.5034,2.4497,2.3861,2.3157,2.2405,2.1701,2.1026,2.0264,1.9433,1.8553,1.7634,1.6696,1.5787,1.4917,1.4096,1.3314,1.26,1.1965,1.1486,1.1124,1.0782,1.0508,1.0303,1.0166,1.0098,1.0088,1.0098,1.0147,1.0244,1.0362,1.0479,1.0596,1.0694,1.0792,1.087,1.0909,1.0929,1.0938,1.0938,1.0929,1.089,1.0821,1.0772,1.0714,1.0616,1.0499,1.0371,1.0244,1.0098,0.99511,0.98143,0.96872,0.9609,0.96579,0.99316,1.0381,1.1056,1.2111,1.3519,1.521,1.7097,1.9062,2.0958,2.2678,2.4174,2.5396,2.6295,2.6813,2.7058,2.7136,2.7058,2.6843,2.6481,2.6002,2.5415,2.4741,2.4027,2.3275,2.2473,2.1623,2.085,2.0117,1.9306,1.8465,1.7625,1.6804,1.6012,1.5269,1.4575,1.3949,1.3412,1.2962,1.2649,1.2434,1.2248,1.2111,1.2043,1.2033,1.2053,1.2082,1.2121,1.216,1.2209,1.2248,1.2297,1.2346,1.2405,1.2454,1.2463,1.2444,1.2405,1.2326,1.2219,1.2111,1.2014,1.1896,1.175,1.1632,1.1535,1.1378,1.1202,1.1026,1.086,1.0772,1.086,1.1202,1.1838,1.2805,1.4115,1.5728,1.7302,1.8866,2.0645,2.2434,2.4096,2.5533,2.6686,2.7527,2.8055,2.8319,2.8377,2.827,2.8035,2.7703,2.7253,2.6696,2.6061,2.5376,2.4633,2.3832,2.3363,2.3069,2.2483,2.175,2.0958,2.0254,1.9589,1.8866,1.8152,1.7468,1.6833,1.6266,1.5748,1.5298,1.4917,1.4604,1.436,1.4223,1.4154,1.4115,1.4115,1.4164,1.4252,1.434,1.4418,1.4487,1.4536,1.4545,1.4526,1.4497,1.4487,1.4477,1.4438,1.4379,1.4291,1.4184,1.4057,1.39,1.3744,1.3558,1.3372,1.3226,1.3167,1.3236,1.347,1.3949,1.4751,1.5904,1.7361,1.9062,2.0919,2.2825,2.4653,2.6285,2.7664,2.8651,2.9316,2.9834,3.0176,3.0313,3.0254,3.0059,2.9717,2.9257,2.869,2.8016,2.7263,2.654,2.5836,2.5044,2.4213,2.3353,2.2473,2.1584,2.0694,1.9834,1.9013,1.8231,1.7507,1.6843,1.6315,1.5885,1.5474,1.5112,1.4809,1.4575,1.4399,1.4282,1.4223,1.4213,1.4233,1.4262,1.4311,1.437,1.4418,1.4448,1.4438,1.4389,1.4301,1.4194,1.4066,1.393,1.3783,1.3646,1.3509,1.3421,1.3343,1.3216,1.3069,1.2884,1.2678,1.2493,1.2395,1.2414,1.2659,1.3206,1.4096,1.5122,1.6334,1.7928,1.9746,2.1652,2.35,2.5181,2.6637,2.781,2.87,2.9316,2.9648,2.9736,2.9638,2.9413,2.9062,2.8583,2.8006,2.7361,2.6657,2.5904,2.5103,2.4262,2.3392,2.2502,2.1711,2.0978,2.0186,1.9384,1.8602,1.7849,1.7116,1.6432,1.5816,1.5298,1.4848,1.4477,1.4213,1.4027,1.3871,1.3773,1.3724,1.3705,1.3715,1.3744,1.3783,1.3812,1.3812,1.3793,1.3763,1.3744,1.3724,1.3675,1.3607,1.3529,1.3431,1.3314,1.3187,1.303,1.2864,1.2698,1.2532,1.2405,1.2278,1.2121,1.1965,1.1857,1.1867,1.2082,1.2571,1.3392,1.4545,1.6002,1.7722,1.9589,2.1241,2.2727,2.4262,2.566,2.6833,2.7722,2.8328,2.868,2.8788,2.87,2.8446,2.8055,2.7595,2.7077,2.6461,2.5758,2.4995,2.4194,2.3363,2.2502,2.1623,2.0723,1.9824,1.8964,1.8152,1.7478,1.6891,1.6285,1.5709,1.5191,1.4721,1.4311,1.3978,1.3724,1.3539,1.3412,1.3343,1.3324,1.3353,1.3402,1.347,1.3548,1.3607,1.3636,1.3656,1.3666,1.3666,1.3656,1.3617,1.3548,1.35,1.3431,1.3304,1.3148,1.2962,1.2757,1.2542,1.2336,1.2141,1.1935,1.172,1.1515,1.1388,1.1369,1.1173,1.1036,1.1437,1.2287,1.3519,1.5044,1.6784,1.8622,2.042,2.2082,2.3529,2.4575,2.5318,2.5885,2.6227,2.6354,2.6295,2.6061,2.566,2.5122,2.4497,2.3793,2.303,2.2307,2.1593,2.0782,1.9912,1.9022,1.8123,1.7234,1.6393,1.5611,1.4888,1.4223,1.3617,1.3089,1.2698,1.2395,1.2111,1.1867,1.1681,1.1554,1.1476,1.1437,1.1417,1.1408,1.1427,1.1486,1.1564,1.1662,1.176,1.1848,1.1935,1.2004,1.2043,1.2033,1.1984,1.1916,1.1828,1.1701,1.1554,1.1437,1.1329,1.1193,1.1056,1.0929,1.0782,1.0626,1.0479,1.0352,1.0283,1.0381,1.0714,1.1202,1.1896,1.2952,1.433,1.5982,1.7801,1.9668,2.1476,2.3109,2.4506,2.5601,2.6373,2.6813,2.6989,2.6989,2.6813,2.6491,2.6022,2.5445,2.478,2.4037,2.3236,2.2395,2.1525,2.0645,1.9873,1.913,1.8319,1.7498,1.6696,1.5924,1.52,1.4545,1.3969,1.349,1.3099,1.2796,1.261,1.2502,1.2424,1.2385,1.2385,1.2434,1.2493,1.2551,1.263,1.2708,1.2776,1.2845,1.2903,1.2962,1.303,1.306,1.305,1.3001,1.2913,1.2805,1.2688,1.2581,1.2444,1.2287,1.2111,1.1984,1.1877,1.172,1.1535,1.1369,1.1251,1.1222,1.1359,1.174,1.2444,1.349,1.4868,1.652,1.8094,1.9638,2.1369,2.3079,2.4633,2.5943,2.696,2.7683,2.8133,2.8338,2.8328,2.8133,2.782,2.74,2.6862,2.6237,2.5533,2.48,2.4037,2.3236,2.2405,2.1554,2.0674,1.9795,1.8915,1.8143,1.7468,1.6764,1.608,1.5455,1.4897,1.4428,1.4047,1.3744,1.3509,1.3333,1.3216,1.3157,1.3148,1.3167,1.3196,1.3236,1.3275,1.3343,1.3421,1.35,1.3568,1.3627,1.3656,1.3646,1.3646,1.3617,1.3539,1.3431,1.3314,1.3157,1.2972,1.2776,1.2581,1.2385,1.219,1.1994,1.1867,1.1838,1.1935,1.2258,1.2864,1.3822,1.5152,1.6794,1.868,2.0684,2.2669,2.4536,2.6188,2.741,2.8289,2.9032,2.957,2.9863,2.9932,2.9814,2.9541,2.913,2.8612,2.7996,2.7331,2.6686,2.6031,2.5298,2.4506,2.3666,2.2796,2.1906,2.1007,2.0117,1.9257,1.8416,1.7615,1.6872,1.6256,1.5758,1.5288,1.4858,1.4487,1.4184,1.3959,1.3803,1.3656,1.3529,1.347,1.347,1.35,1.3548,1.3597,1.3646,1.3685,1.3724,1.3724,1.3705,1.3666,1.3587,1.348,1.3363,1.3216,1.3089,1.2962,1.2786,1.259,1.2385,1.2141,1.1887,1.1662,1.1525,1.1554,1.1838,1.2454,1.3255,1.4272,1.5709,1.7458,1.9423,2.1457,2.3421,2.521,2.6755,2.7986,2.8895,2.9501,2.9834,2.9912,2.9795,2.955,2.9198,2.8719,2.8152,2.7527,2.6843,2.61,2.5308,2.4487,2.3636,2.2854,2.2102,2.1271,2.0411,1.9541,1.868,1.784,1.7048,1.6315,1.563,1.5034,1.4506,1.4106,1.3832,1.3587,1.3392,1.3245,1.3148,1.3099,1.3099,1.3109,1.3128,1.3138,1.3118,1.3089,1.3069,1.306,1.303,1.3001,1.2942,1.2845,1.2727,1.26,1.2473,1.2356,1.2219,1.2053,1.1896,1.174,1.1525,1.129,1.1095,1.0997,1.1085,1.1447,1.2151,1.3236,1.4692,1.6471,1.8475,2.0293,2.1965,2.3763,2.5464,2.695,2.8143,2.9022,2.9599,2.9892,2.9951,2.9824,2.9541,2.9169,2.871,2.8152,2.7527,2.6852,2.6129,2.5347,2.4526,2.3675,2.2786,2.1877,2.0958,2.0049,1.9267,1.8563,1.7801,1.7038,1.6315,1.564,1.5044,1.4526,1.4096,1.3763,1.3519,1.3343,1.3245,1.3196,1.3148,1.3118,1.3099,1.3089,1.3069,1.304,1.3001,1.2952,1.2864,1.2757,1.2649,1.2571,1.2493,1.2405,1.2307,1.2199,1.2053,1.1887,1.1701,1.1486,1.1251,1.1026,1.0811,1.0665,1.0616,1.0684,1.0968,1.1544,1.2493,1.3832,1.5533,1.7498,1.9609,2.1711,2.3685,2.5425,2.6725,2.7683,2.8495,2.9101,2.9482,2.9648,2.9629,2.9453,2.913,2.87,2.8182,2.7576,2.695,2.6325,2.563,2.4878,2.4057,2.3206,2.2326,2.1427,2.0528,1.9619,1.8739,1.7889,1.7087,1.6422,1.5875,1.5347,1.4858,1.4428,1.4076,1.3812,1.3627,1.35,1.3412,1.3343,1.3314,1.3333,1.3372,1.3421,1.3441,1.3451,1.346,1.3441,1.3402,1.3363,1.3324,1.3265,1.3187,1.3079,1.2972,1.2854,1.2678,1.2493,1.2307,1.2131,1.1935,1.174,1.1564,1.1447,1.1476,1.174,1.2199,1.2903,1.4018,1.5523,1.7361,1.9413,2.1525,2.3558,2.5406,2.6999,2.827,2.9208,2.9844,3.0176,3.0274,3.0108,2.9746,2.9365,2.8925,2.8407,2.782,2.7185,2.6491,2.5748,2.4966,2.4223,2.3509,2.2717,2.1887,2.1026,2.0147,1.9267,1.8407,1.7576,1.6764,1.6002,1.5308,1.4702,1.4252,1.392,1.3627,1.3402,1.3245,1.3138,1.3089,1.3079,1.3069,1.3079,1.3079,1.306,1.305,1.304,1.3021,1.2972,1.2893,1.2796,1.2688,1.2571,1.2444,1.2307,1.2131,1.1945,1.1808,1.1681,1.1515,1.1339,1.1202,1.1153,1.1281,1.1691,1.2414,1.348,1.4907,1.6647,1.8583,2.0323,2.1906,2.3578,2.5142,2.6491,2.7576,2.8368,2.8876,2.913,2.9169,2.9022,2.8749,2.8387,2.7947,2.7429,2.6823,2.6139,2.5406,2.4633,2.3822,2.2981,2.2111,2.1222,2.0332,1.9443,1.868,1.7977,1.7224,1.6481,1.5787,1.5142,1.4575,1.4076,1.3656,1.3333,1.3099,1.2923,1.2825,1.2776,1.2727,1.2688,1.2678,1.2698,1.2727,1.2737,1.2727,1.2698,1.2669,1.262,1.2542,1.2463,1.2395,1.2287,1.216,1.2004,1.1838,1.1672,1.1515,1.1339,1.1163,1.0987,1.0831,1.0753,1.0792,1.1007,1.1476,1.2258,1.3412,1.4936,1.6764,1.8798,2.0919,2.2991,2.4878,2.651,2.7693,2.8534,2.9228,2.9697,2.9932,2.9961,2.9824,2.9531,2.911,2.8592,2.8006,2.7351,2.6696,2.6031,2.5288,2.4467,2.3587,2.2669,2.174,2.0811,1.9912,1.9032,1.8182,1.7351,1.6569,1.5924,1.5386,1.4878,1.4418,1.4018,1.3685,1.3431,1.3255,1.3148,1.3089,1.3079,1.3079,1.3118,1.3148,1.3138,1.3109,1.3069,1.303,1.2991,1.2923,1.2825,1.2708,1.2581,1.2454,1.2307,1.218,1.2063,1.1906,1.173,1.1515,1.13,1.1114,1.1007,1.1065,1.1378,1.2014,1.3021,1.4154,1.5464,1.7155,1.9071,2.1056,2.2981,2.4731,2.6227,2.741,2.827,2.8847,2.9179,2.9286,2.9198,2.8964,2.8622,2.8172,2.7615,2.6989,2.6305,2.5562,2.4761,2.393,2.3079,2.2209,2.1408,2.0635,1.9775,1.8876,1.7986,1.7155,1.6373,1.566,1.5015,1.4448,1.3959,1.3568,1.3265,1.3069,1.2942,1.2835,1.2757,1.2698,1.2639,1.259,1.2542,1.2493,1.2454,1.2405,1.2366,1.2346,1.2307,1.2219,1.2102,1.1955,1.1789,1.1613,1.1417,1.1193,1.0802,1.0323,0.99707,0.97361,0.95601,0.93548,0.91691,0.90811,0.91593,0.94917,1.0137,1.1163,1.2551,1.4262,1.6188,1.8221,1.9971,2.1505,2.306,2.4457,2.5601,2.6461,2.7038,2.7361,2.7458,2.7341,2.7058,2.6628,2.6139,2.5582,2.4907,2.4135,2.3284,2.2385,2.1457,2.0499,1.9531,1.8553,1.7576,1.6647,1.5748,1.4985,1.433,1.3656,1.3021,1.2444,1.1926,1.1476,1.1105,1.0802,1.0587,1.044,1.0362,1.0342,1.0362,1.0411,1.0469,1.0518,1.0557,1.0577,1.0587,1.0596,1.0596,1.0577,1.0508,1.0391,1.0293,1.0196,1.0049,0.99022,0.97458,0.95894,0.94135,0.9218,0.90029,0.87781,0.8563,0.83773,0.82796,0.82991,0.84457,0.88465,0.95601,1.0616,1.2004,1.4604,1.6491,1.8377,2.1017,2.2502,2.3597,2.437,2.4985,2.5376,2.5533,2.5484,2.5269,2.4897,2.4399,2.3793,2.3099,2.2356,2.1652,2.0938,2.0127,1.9247,1.8328,1.74,1.651,1.567,1.4858,1.4086,1.3363,1.2717,1.2131,1.1681,1.1359,1.1046,1.0762,1.0518,1.0332,1.0205,1.0127,1.0098,1.0117,1.0166,1.0205,1.0264,1.0313,1.0342,1.0352,1.0362,1.0362,1.0362,1.0352,1.0313,1.0235,1.0117,0.99804,0.98436,0.97458,0.96774,0.95601,0.94037,0.92082,0.89932,0.87879,0.86119,0.85239,0.85826,0.88661,0.94428,1.0176,1.1144,1.2522,1.4213,1.61,1.8074,2,2.176,2.3265,2.4497,2.5415,2.6031,2.6383,2.6471,2.6383,2.6149,2.5787,2.5308,2.4721,2.4047,2.3294,2.2473,2.1603,2.0714,1.9785,1.8944,1.8162,1.7312,1.6452,1.563,1.4848,1.4125,1.346,1.2864,1.2336,1.1877,1.1486,1.1183,1.0987,1.086,1.0772,1.0733,1.0723,1.0753,1.0811,1.089,1.0978,1.1056,1.1124,1.1183,1.1222,1.1241,1.1241,1.1232,1.1193,1.1105,1.088,1.0714,1.0538,1.0176,1,0.98631,0.97067,0.95894,0.94721,0.9433,0.95699,0.99413,1.0635,1.1672,1.3881,1.563,1.74,1.9795,2.1457,2.305,2.4438,2.5552,2.6354,2.6882,2.7155,2.7195,2.7038,2.6735,2.6325,2.5836,2.5239,2.4545,2.3793,2.2981,2.2111,2.1202,2.0283,1.9374,1.8485,1.7615,1.6764,1.6041,1.5406,1.4751,1.4624,1.479,1.4653,1.4409,1.4145,1.39,1.3695,1.3548,1.3451,1.3402,1.3392,1.3392,1.3402,1.3412,1.3431,1.346,1.349,1.349,1.347,1.3441,1.3372,1.3284,1.3226,1.3187,1.3099,1.2981,1.2854,1.2698,1.2522,1.2346,1.2151,1.1945,1.176,1.1632,1.1632,1.1779,1.2151,1.2835,1.3881,1.5269,1.697,1.8905,2.0938,2.2942,2.4829,2.65,2.7869,2.8817,2.9423,2.9883,3.0147,3.0215,3.0078,2.9775,2.9345,2.8788,2.8133,2.741,2.6618,2.5855,2.5103,2.4252,2.3343,2.2405,2.1437,2.0459,1.9501,1.8612,1.7771,1.6979,1.6285,1.567,1.5191,1.4839,1.4506,1.4213,1.3969,1.3793,1.3666,1.3578,1.3529,1.3509,1.3529,1.3558,1.3607,1.3656,1.3685,1.3685,1.3666,1.3627,1.3587,1.3519,1.3402,1.3245,1.3099,1.2962,1.2796,1.2669,1.2551,1.2405,1.2209,1.1994,1.1808,1.1662,1.1603,1.174,1.2151,1.2903,1.4057,1.5337,1.6755,1.8543,2.0528,2.2551,2.4477,2.6197,2.7644,2.8778,2.9609,3.0137,3.0401,3.0459,3.0332,3.0059,2.9677,2.9189,2.8602,2.7937,2.7204,2.6413,2.5572,2.4702,2.3793,2.2874,2.2053,2.1261,2.0391,1.9511,1.8661,1.7849,1.7087,1.6403,1.5806,1.5308,1.4907,1.4575,1.4321,1.4154,1.4057,1.3988,1.3949,1.3959,1.3988,1.4018,1.4027,1.4047,1.4057,1.4037,1.3998,1.3978,1.3969,1.3939,1.3891,1.3812,1.3705,1.3578,1.3431,1.3265,1.3089,1.2884,1.2639,1.2375,1.218,1.2043,1.1965,1.2043,1.2385,1.3069,1.4135,1.5591,1.739,1.9423,2.1564,2.3675,2.5415,2.6852,2.8221,2.9384,3.0283,3.0899,3.1241,3.1349,3.1241,3.0978,3.0577,3.0059,2.9521,2.8964,2.8319,2.7595,2.6813,2.5982,2.5112,2.4213,2.3294,2.2366,2.1417,2.0469,1.955,1.8768,1.8084,1.739,1.6725,1.6129,1.5611,1.5171,1.4839,1.4594,1.4409,1.4282,1.4194,1.4154,1.4135,1.4125,1.4125,1.4125,1.4125,1.4115,1.4086,1.4037,1.3959,1.3842,1.3715,1.3587,1.349,1.3392,1.3245,1.3079,1.2903,1.2717,1.2512,1.2268,1.2023,1.1838,1.175,1.1867,1.217,1.2727,1.3675,1.5015,1.6706,1.8671,2.0802,2.2942,2.4976,2.6794,2.7928,2.8543,2.913,2.9501,2.9668,2.9697,2.9589,2.9345,2.8983,2.8495,2.7918,2.7273,2.6549,2.5777,2.4976,2.4223,2.349,2.2659,2.176,2.0811,1.9844,1.8876,1.7937,1.7058,1.6237,1.5474,1.479,1.4194,1.3744,1.3402,1.3089,1.2825,1.261,1.2463,1.2366,1.2317,1.2317,1.2336,1.2366,1.2385,1.2405,1.2424,1.2414,1.2375,1.2297,1.219,1.2063,1.1935,1.1799,1.1642,1.1476,1.13,1.1114,1.0978,1.085,1.0665,1.044,1.0244,1.0137,1.0166,1.042,1.1007,1.1965,1.3304,1.4985,1.6637,1.8309,2.0254,2.2248,2.4154,2.5855,2.7263,2.8348,2.912,2.9619,2.9844,2.9834,2.9648,2.9316,2.8886,2.8358,2.7742,2.7048,2.6295,2.5494,2.4633,2.3734,2.2825,2.1896,2.0948,2.0117,1.9326,1.8456,1.7576,1.6735,1.5914,1.5152,1.4467,1.3881,1.3392,1.2981,1.2649,1.2385,1.2219,1.2121,1.2053,1.1994,1.1955,1.1945,1.1945,1.1945,1.1945,1.1916,1.1867,1.1799,1.175,1.1701,1.1593,1.1447,1.13,1.1153,1.0997,1.0831,1.0645,1.043,1.0205,0.99804,0.97752,0.96579,0.96579,0.98045,1.0205,1.0929,1.2023,1.349,1.5288,1.7312,1.9443,2.1564,2.3568,2.5142,2.6354,2.7468,2.8358,2.8974,2.9316,2.9433,2.9335,2.9062,2.8641,2.8104,2.7478,2.6774,2.609,2.5396,2.4624,2.3793,2.2933,2.2053,2.1144,2.0215,1.9257,1.8299,1.738,1.652,1.5816,1.522,1.4604,1.4018,1.349,1.304,1.2649,1.2317,1.2063,1.1887,1.1789,1.175,1.176,1.1779,1.1769,1.175,1.174,1.174,1.174,1.174,1.174,1.172,1.1681,1.1613,1.1505,1.1408,1.131,1.1173,1.0997,1.0782,1.0547,1.0313,1.0078,0.98534,0.96774,0.95894,0.96676,0.99316,1.043,1.131,1.259,1.4242,1.6178,1.8289,2.044,2.2493,2.435,2.5924,2.7185,2.8123,2.8671,2.8935,2.9032,2.8954,2.8719,2.8328,2.781,2.7195,2.65,2.5758,2.4956,2.4086,2.3275,2.2502,2.1652,2.0762,1.9834,1.8895,1.7957,1.7038,1.6158,1.5337,1.4585,1.391,1.3343,1.2923,1.259,1.2278,1.2004,1.1799,1.1652,1.1554,1.1505,1.1505,1.1544,1.1603,1.1652,1.1711,1.175,1.175,1.172,1.1779,1.1877,1.1877,1.1799,1.1662,1.1505,1.1339,1.1153,1.0958,1.0821,1.0694,1.0518,1.0313,1.0117,0.99511,0.98729,0.99707,1.0323,1.1007,1.2043,1.3431,1.4848,1.6354,1.8172,2.0078,2.1926,2.3607,2.5044,2.6178,2.6989,2.7527,2.7791,2.781,2.7644,2.7351,2.696,2.6461,2.5875,2.521,2.4487,2.3715,2.2913,2.2082,2.1202,2.0283,1.9355,1.8534,1.7761,1.6931,1.61,1.5298,1.4565,1.3891,1.3284,1.2766,1.2356,1.2033,1.1808,1.1642,1.1564,1.1544,1.1535,1.1535,1.1535,1.1554,1.1593,1.1613,1.1623,1.1623,1.1623,1.1623,1.1642,1.1681,1.1672,1.1623,1.1544,1.1427,1.1281,1.1114,1.0938,1.0753,1.0547,1.0332,1.0137,1.002,1,1.0078,1.0352,1.0919,1.1848,1.3138,1.4761,1.6637,1.868,2.0743,2.2698,2.4262,2.5503,2.6657,2.7615,2.8319,2.8759,2.8974,2.8983,2.8837,2.8524,2.8084,2.7566,2.697,2.6364,2.5738,2.5005,2.4203,2.3324,2.2405,2.1486,2.0567,1.9648,1.8759,1.7908,1.7087,1.6403,1.5816,1.522,1.4663,1.4174,1.3763,1.3421,1.3148,1.2933,1.2766,1.263,1.2542,1.2473,1.2444,1.2424,1.2395,1.2366,1.2346,1.2307,1.2268,1.2239,1.2199,1.2131,1.2043,1.1926,1.1818,1.172,1.1584,1.1408,1.1212,1.0997,1.0782,1.0577,1.0401,1.0313,1.0391,1.0723,1.1241,1.2004,1.3177,1.4712,1.6549,1.8573,2.0645,2.2659,2.4506,2.609,2.737,2.8338,2.9003,2.9355,2.9462,2.9423,2.9247,2.8944,2.8514,2.7977,2.7361,2.6657,2.5904,2.5103,2.4252,2.3451,2.2669,2.1818,2.0948,2.0059,1.915,1.826,1.7419,1.6628,1.5875,1.52,1.4594,1.4066,1.3675,1.3382,1.3089,1.2825,1.262,1.2473,1.2375,1.2317,1.2278,1.2258,1.2248,1.2229,1.2229,1.2229,1.2219,1.2219,1.2199,1.216,1.2092,1.1994,1.1857,1.1691,1.1525,1.1349,1.1144,1.0978,1.0841,1.0655,1.0479,1.0332,1.0274,1.0391,1.0762,1.1447,1.2512,1.3959,1.5738,1.7458,1.915,2.1075,2.3011,2.4809,2.6373,2.7644,2.8592,2.9257,2.9677,2.9883,2.9873,2.9677,2.9355,2.8935,2.8407,2.7791,2.7116,2.6373,2.5562,2.4692,2.3783,2.2845,2.1896,2.0948,2.0108,1.9335,1.8524,1.7722,1.695,1.6217,1.5562,1.4976,1.4457,1.4027,1.3666,1.3363,1.3128,1.2981,1.2893,1.2825,1.2766,1.2727,1.2698,1.2678,1.2669,1.2649,1.262,1.2581,1.2522,1.2483,1.2454,1.2395,1.2317,1.2239,1.2131,1.1994,1.1838,1.1642,1.1417,1.1183,1.0968,1.0782,1.0674,1.0665,1.0762,1.1065,1.1662,1.2581,1.3861,1.5455,1.7292,1.9277,2.1271,2.3157,2.4653,2.5846,2.696,2.7869,2.8524,2.8915,2.9071,2.9022,2.8798,2.8426,2.7928,2.7322,2.6637,2.5953,2.5259,2.4487,2.3636,2.2737,2.1828,2.0909,1.998,1.9062,1.8162,1.7283,1.6452,1.5777,1.5191,1.4594,1.4018,1.349,1.304,1.2678,1.2395,1.218,1.2014,1.1916,1.1867,1.1838,1.1848,1.1877,1.1896,1.1916,1.1926,1.1935,1.1916,1.1857,1.1779,1.1662,1.1515,1.1359,1.1232,1.1134,1.1007,1.085,1.0655,1.045,1.0235,1.002,0.98143,0.96285,0.9521,0.95406,0.97067,1.0088,1.0782,1.1838,1.3255,1.4985,1.694,1.8993,2.0997,2.2845,2.4457,2.5758,2.6725,2.7322,2.7644,2.781,2.781,2.7654,2.7361,2.6931,2.6413,2.5806,2.5132,2.4399,2.3607,2.2874,2.2151,2.1339,2.0479,1.9589,1.869,1.781,1.696,1.6129,1.5337,1.4624,1.3988,1.3431,1.3011,1.2688,1.2395,1.2151,1.1955,1.1828,1.175,1.173,1.1769,1.1828,1.1896,1.1945,1.1984,1.2033,1.2053,1.2063,1.2072,1.2063,1.2023,1.1955,1.1877,1.1799,1.1711,1.1603,1.1466,1.1349,1.1241,1.1075,1.088,1.0674,1.0459,1.0274,1.0196,1.0283,1.0626,1.1281,1.2268,1.3382,1.4663,1.6315,1.8192,2.0147,2.2033,2.3744,2.5191,2.6344,2.7195,2.7752,2.8055,2.8143,2.8045,2.7801,2.7449,2.6979,2.6403,2.5748,2.5024,2.4242,2.3421,2.2571,2.1701,2.0831,2.0059,1.9345,1.8573,1.7791,1.7019,1.6266,1.5562,1.4917,1.435,1.3871,1.347,1.3128,1.2845,1.2659,1.2551,1.2493,1.2463,1.2454,1.2473,1.2502,1.2542,1.2571,1.26,1.261,1.26,1.259,1.2571,1.2522,1.2454,1.2356,1.2219,1.2063,1.1896,1.172,1.1544,1.1369,1.1193,1.1007,1.086,1.0723,1.0567,1.0479,1.0694,1.1202,1.1887,1.2864,1.4184,1.5836,1.7752,1.9824,2.1632,2.3226,2.4858,2.6354,2.7586,2.8524,2.9169,2.955,2.9707,2.9687,2.9511,2.9189,2.8749,2.827,2.7742,2.7126,2.6452,2.5728,2.4976,2.4174,2.3333,2.2463,2.1564,2.0665,1.9804,1.9071,1.8416,1.7742,1.7097,1.652,1.6022,1.5591,1.523,1.4946,1.4731,1.4594,1.4516,1.4487,1.4506,1.4536,1.4575,1.4633,1.4712,1.479,1.4858,1.4888,1.4907,1.4907,1.4868,1.4809,1.4741,1.4653,1.4536,1.4409,1.4282,1.4145,1.4018,1.3861,1.3675,1.347,1.3284,1.3196,1.3275,1.3509,1.3959,1.4761,1.5943,1.7478,1.9286,2.1271,2.3304,2.5269,2.7048,2.8563,2.9785,3.0596,3.1095,3.1457,3.1652,3.1691,3.1554,3.1271,3.089,3.0401,2.9814,2.915,2.8436,2.7742,2.7038,2.6256,2.5445,2.4604,2.3754,2.2913,2.2082,2.1271,2.0469,1.9717,1.9032,1.8426,1.7947,1.7566,1.7204,1.6891,1.6637,1.6432,1.6276,1.6168,1.609,1.6041,1.6002,1.5973,1.5963,1.5943,1.5914,1.5875,1.5816,1.5748,1.567,1.5572,1.5455,1.5327,1.5171,1.5005,1.4819,1.4653,1.4487,1.4291,1.4086,1.391,1.3812,1.3851,1.4096,1.4633,1.5503,1.6725,1.827,1.9785,2.129,2.303,2.48,2.6452,2.7908,2.9101,3,3.0616,3.0978,3.1114,3.1075,3.088,3.0557,3.0156,2.9668,2.9091,2.8436,2.7722,2.695,2.6149,2.5318,2.4457,2.3587,2.2698,2.1896,2.1153,2.0371,1.9609,1.8876,1.8182,1.7556,1.7028,1.6579,1.6207,1.5924,1.5699,1.5533,1.5425,1.5367,1.5327,1.5308,1.5298,1.5288,1.5259,1.52,1.5132,1.5044,1.4956,1.4848,1.4741,1.4633,1.4506,1.435,1.4164,1.3959,1.3744,1.3529,1.3324,1.3118,1.2893,1.2649,1.2366,1.2111,1.1867,1.1652,1.1564,1.1632,1.1926,1.2532,1.349,1.479,1.6383,1.8172,2.0049,2.1672,2.3069,2.4457,2.5679,2.6637,2.7331,2.7742,2.7908,2.7879,2.7683,2.7331,2.6852,2.6256,2.563,2.4985,2.4242,2.3421,2.2551,2.1652,2.0723,1.9765,1.8798,1.784,1.6931,1.608,1.5367,1.4761,1.4145,1.3578,1.3089,1.2659,1.2287,1.1994,1.1769,1.1613,1.1505,1.1105,1.0587,1.0371,1.0303,1.0293,1.0303,1.0303,1.0293,1.0264,1.0235,1.0196,1.0127,1.0029,0.99218,0.98436,0.97849,0.96872,0.95601,0.94135,0.92473,0.90616,0.88856,0.87097,0.85239,0.83284,0.81329,0.79765,0.79277,0.80352,0.83382,0.8915,0.98045,1.1007,1.2483,1.4164,1.5924,1.7674,1.9286,2.0684,2.1691,2.2395,2.2942,2.3284,2.3431,2.3372,2.3138,2.2757,2.2268,2.1681,2.1036,2.0332,1.9599,1.8925,1.828,1.7546,1.6764,1.5992,1.522,1.4467,1.3763,1.3099,1.2483,1.1935,1.1466,1.1134,1.0909,1.0714,1.0587,1.0508,1.0489,1.0528,1.0587,1.0665,1.0743,1.0841,1.0938,1.1046,1.1153,1.1251,1.1339,1.1427,1.1496,1.1525,1.1544,1.1554,1.1554,1.1544,1.1515,1.1476,1.1447,1.1417,1.1359,1.1281,1.1202,1.1105,1.0978,1.086,1.0802,1.088,1.1163,1.172,1.2414,1.3314,1.4594,1.6178,1.7937,1.9756,2.1525,2.3118,2.4477,2.5562,2.6334,2.6833,2.7067,2.7077,2.6911,2.6608,2.6188,2.567,2.5064,2.4379,2.3636,2.2854,2.2053,2.1232,2.0391,1.9638,1.8935,1.8182,1.7419,1.6676,1.5992,1.5318,1.4702,1.4164,1.3715,1.3363,1.3099,1.2913,1.2805,1.2757,1.2727,1.2737,1.2766,1.2805,1.2845,1.2874,1.2893,1.2903,1.2893,1.2864,1.2854,1.2835,1.2796,1.2737,1.2659,1.2551,1.2424,1.2268,1.2072,1.1877,1.1701,1.1525,1.1349,1.1232,1.1173,1.1173,1.1329,1.174,1.2454,1.3509,1.4888,1.651,1.8289,2.0098,2.1818,2.3206,2.4311,2.5308,2.61,2.6647,2.696,2.7048,2.694,2.6667,2.6276,2.5787,2.522,2.4565,2.392,2.3265,2.2532,2.173,2.0899,2.0049,1.9208,1.8377,1.7576,1.6833,1.6129,1.5455,1.4907,1.4448,1.3978,1.3548,1.3167,1.2854,1.26,1.2405,1.2297,1.2258,1.2248,1.2268,1.2317,1.2385,1.2463,1.2522,1.2571,1.262,1.2639,1.263,1.26,1.2551,1.2473,1.2375,1.2258,1.216,1.2063,1.1935,1.1789,1.1652,1.1496,2.737,2.7126,2.6628,2.5982,2.5249,2.4457,2.3636,2.2874,2.2151,2.1369,2.0567,1.9775,1.9022,1.8319,1.7654,1.7038,1.65,1.6031,1.565,1.5386,1.5191,1.5005,1.4868,1.478,1.4731,1.4731,1.4751,1.478,1.4819,1.4858,1.4878,1.4888,1.4897,1.4878,1.4829,1.4731,1.4624,1.4506,1.437,1.4203,1.4027,1.3851,1.3656,1.3431,1.3236,1.3069,1.2854,1.2649,1.2493,1.2414,1.2473,1.2737,1.3284,1.4135,1.5298,1.6735,1.8143,1.9531,2.1085,2.261,2.3978,2.5122,2.6002,2.6608,2.694,2.7048,2.695,2.6676,2.6276,2.5816,2.5308,2.4682,2.3978,2.3226,2.2414,2.1564,2.0684,1.9804,1.8944,1.8113,1.7204,1.6471,1.5943,1.5357,1.4761,1.4203,1.3715,1.3294,1.2952,1.2698,1.2532,1.2424,1.2366,1.2366,1.2405,1.2473,1.2551,1.2639,1.2727,1.2815,1.2884,1.2933,1.2962,1.2972,1.2962,1.2933,1.2903,1.2864,1.2776,1.2649,1.2522,1.2395,1.2268,1.2141,1.2014,1.1887,1.173,1.1554,1.1398,1.129,1.1261,1.1329,1.1603,1.2141,1.2981,1.4145,1.5601,1.7273,1.9071,2.087,2.2532,2.3832,2.4848,2.5758,2.6461,2.6921,2.7136,2.7165,2.7028,2.6716,2.6276,2.5738,2.5132,2.4467,2.3822,2.3177,2.2444,2.1672,2.085,2.002,1.9208,1.8416,1.7664,1.696,1.6315,1.5748,1.5327,1.5005,1.4702,1.4448,1.4242,1.4096,1.4018,1.3988,1.3998,1.4057,1.4154,1.4282,1.4418,1.4555,1.4682,1.4809,1.4917,1.4995,1.5054,1.5103,1.5142,1.5161,1.5161,1.5142,1.5112,1.5093,1.5073,1.5034,1.4985,1.4956,1.4985,1.5122,1.5425,1.5904,1.6598,1.7488,1.8495,1.957,2.0508,2.1329,2.2141,2.2835,2.3372,2.3724,2.3881,2.3851,2.3656,2.3314,2.2864,2.2336,2.1828,2.129,2.0479,1.9707,1.912,1.8465,1.7791,1.7136,1.65,1.5904,1.5357,1.4868,1.4438,1.4135,1.392,1.3715,1.3539,1.3412,1.3314,1.3255,1.3236,1.3255,1.3314,1.3382,1.346,1.3558,1.3656,1.3744,1.3803,1.3851,1.39,1.3939,1.3949,1.393,1.39,1.3871,1.3861,1.3851,1.3861,1.3861,1.3851,1.3822,1.3763,1.3695,1.3617,1.3539,1.3431,1.3294,1.3138,1.2757,1.2307,1.2063,1.1965,1.2082,1.2502,1.3294,1.4516,1.6237,1.8377,2.0802,2.3392,2.5963,2.8084,2.9834,3.1515,3.2972,3.4106,3.4907,3.5386,3.5572,3.5523,3.5269,3.4819,3.4223,3.3509,3.2786,3.2043,3.1193,3.0264,2.9277,2.8231,2.7146,2.6022,2.4868,2.3744,2.2669,2.1632,2.0743,1.9961,1.9159,1.8377,1.7664,1.7048,1.654,1.6129,1.5806,1.5572,1.5406,1.5279,1.5191,1.5152,1.5132,1.5103,1.5093,1.5064,1.4995,1.4907,1.4829,1.4761,1.4673,1.4555,1.4418,1.4311,1.4194,1.4008,1.3783,1.3548,1.3304,1.304,1.2747,1.2463,1.2229,1.2131,1.2248,1.2649,1.3236,1.4076,1.5357,1.7009,1.8935,2.1505,2.3832,2.5406,2.6921,2.8231,2.9277,3.002,3.0401,3.0508,3.0479,3.0293,2.9941,2.9453,2.8847,2.8143,2.737,2.6549,2.5689,2.478,2.3851,2.3021,2.2219,2.1329,2.0381,1.9423,1.8495,1.7605,1.6774,1.6002,1.5298,1.4692,1.4164,1.3773,1.35,1.3284,1.3138,1.306,1.303,1.305,1.3099,1.3148,1.3206,1.3236,1.3216,1.3196,1.3196,1.3196,1.3167,1.3099,1.3001,1.2854,1.2678,1.2493,1.2297,1.2092,1.1887,1.1672,1.1505,1.1359,1.1153,1.0948,1.0811,1.0802,1.1026,1.1574,1.2502,1.3842,1.5562,1.7605,1.9824,2.1799,2.3568,2.5406,2.7107,2.8553,2.9687,3.0489,3.0978,3.1202,3.1183,3.0968,3.0587,3.0117,2.958,2.8925,2.8172,2.7341,2.6471,2.5562,2.4614,2.3656,2.2669,2.1681,2.0704,1.9736,1.8915,1.8211,1.7478,1.6764,1.6129,1.5562,1.5073,1.4682,1.437,1.4135,1.3978,1.39,1.39,1.3969,1.4037,1.4096,1.4164,1.4223,1.4282,1.4321,1.433,1.4311,1.4272,1.4203,1.4086,1.3998,1.391,1.3793,1.3578,1.3304,1.3118,1.2972,1.2708,1.2375,1.2151,1.2072,1.216,1.2473,1.3138,1.4184,1.5601,1.7341,1.9326,2.1437,2.3519,2.5445,2.7107,2.825,2.9081,2.9844,3.0332,3.0567,3.0587,3.043,3.0088,2.9599,2.8983,2.826,2.7468,2.6608,2.5699,2.4868,2.4066,2.3157,2.2209,2.1241,2.0283,1.9345,1.8456,1.7625,1.6852,1.6149,1.5523,1.5054,1.4692,1.435,1.4037,1.3754,1.3509,1.303,1.2473,1.2199,1.2082,1.2053,1.2063,1.2072,1.2092,1.2102,1.2072,1.2014,1.1945,1.1857,1.175,1.1632,1.1515,1.1369,1.1212,1.1056,1.0929,1.0802,1.0635,1.045,1.0254,1.0088,1,1.0029,1.0264,1.0753,1.1564,1.2688,1.4086,1.5445,1.6823,1.8416,2.0039,2.1554,2.2864,2.391,2.4702,2.5239,2.5543,2.564,2.5562,2.5347,2.5034,2.4624,2.4125,2.3558,2.2952,2.2307,2.1603,2.086,2.0098,1.9316,1.8534,1.7771,1.7116,1.653,1.5904,1.5318,1.479,1.4311,1.39,1.3568,1.3314,1.3128,1.3001,1.2923,1.2893,1.2903,1.2933,1.2991,1.3079,1.3177,1.3265,1.3343,1.3421,1.347,1.349,1.348,1.3431,1.3392,1.3353,1.3294,1.3206,1.3109,1.2991,1.2874,1.2737,1.2561,1.2395,1.2248,1.2141,1.2092,1.2151,1.2395,1.2893,1.3685,1.478,1.6149,1.7732,1.9433,2.1144,2.2766,2.4194,2.5406,2.6256,2.6813,2.7234,2.7488,2.7566,2.7488,2.7253,2.6891,2.6432,2.5894,2.5308,2.4663,2.4047,2.3431,2.2737,2.1994,2.1212,2.0411,1.9609,1.8798,1.8006,1.7263,1.6588,1.5992,1.5455,1.5034,1.4702,1.4389,1.4135,1.392,1.3754,1.3636,1.3558,1.3519,1.35,1.349,1.348,1.349,1.35,1.3509,1.35,1.346,1.3402,1.3343,1.3284,1.3206,1.3109,1.2991,1.2854,1.2678,1.2532,1.2395,1.2239,1.2111,1.2063,1.219,1.2551,1.3236,1.4242,1.5552,1.7107,1.8798,2.0293,2.1623,2.3001,2.4262,2.5318,2.6149,2.6725,2.7067,2.7195,2.7146,2.694,2.6588,2.6129,2.563,2.5093,2.4487,2.3832,2.3148,2.2434,2.1691,2.0919,2.0127,1.9335,1.8534,1.7752,1.7087,1.651,1.5914,1.5347,1.4829,1.435,1.393,1.3578,1.3284,1.306,1.2903,1.2786,1.2737,1.2737,1.2747,1.2766,1.2766,1.2747,1.2708,1.2659,1.2581,1.2483,1.2375,1.2258,1.2151,1.2082,1.2004,1.1877,1.174,1.1584,1.1427,1.1241,1.1036,1.0831,1.0645,1.0508,1.0489,1.0606,1.0899,1.1476,1.2375,1.3597,1.5103,1.6813,1.8592,2.0313,2.1906,2.3275,2.437,2.5181,2.566,2.5894,2.5982,2.5934,2.5758,2.5464,2.5044,2.4536,2.3939,2.3275,2.2561,2.1808,2.1476,2.131,2.0772,2.0049,1.9257,1.8436,1.7634,1.6843,1.608,1.5367,1.4721,1.4145,1.3636,1.3255,1.2972,1.2717,1.2522,1.2405,1.2366,1.2385,1.2414,1.2454,1.2493,1.2551,1.261,1.2678,1.2747,1.2796,1.2825,1.2815,1.2776,1.2698,1.259,1.2483,1.2385,1.2287,1.219,1.2102,1.2033,1.1955,1.1838,1.172,1.1642,1.1691,1.1926,1.2434,1.3265,1.4428,1.5914,1.7654,1.9296,2.085,2.2551,2.4184,2.564,2.6843,2.7742,2.8348,2.869,2.8788,2.87,2.8456,2.8055,2.7595,2.7077,2.6461,2.5777,2.5034,2.4242,2.3412,2.2551,2.1662,2.0772,1.9892,1.9032,1.8289,1.7634,1.697,1.6325,1.5728,1.521,1.4751,1.436,1.4057,1.3822,1.3656,1.3548,1.35,1.3509,1.3548,1.3587,1.3636,1.3675,1.3724,1.3763,1.3763,1.3744,1.3715,1.3656,1.3539,1.3421,1.3294,1.3118,1.2913,1.2698,1.2483,1.2268,1.2072,1.1916,1.1867,1.2014,1.2444,1.3206,1.4115,1.523,1.6745,1.8524,2.043,2.2326,2.4086,2.5621,2.6882,2.784,2.8504,2.8876,2.8993,2.8944,2.8759,2.8436,2.7986,2.7429,2.6794,2.61,2.5347,2.4536,2.3685,2.2805,2.1906,2.1105,2.0352,1.9531,1.869,1.7859,1.7058,1.6305,1.5621,1.5005,1.4457,1.3998,1.3617,1.3353,1.3157,1.2981,1.2845,1.2757,1.2688,1.263,1.2581,1.2532,1.2483,1.2444,1.2414,1.2385,1.2366,1.2346,1.2287,1.219,1.2053,1.1896,1.172,1.1544,1.1369,1.1173,1.0958,1.0743,1.0577,1.045,1.0313,1.0274,1.042,1.0841,1.1584,1.2698,1.4164,1.5914,1.7849,1.9844,2.1544,2.3001,2.4448,2.5709,2.6676,2.7331,2.7693,2.782,2.7752,2.7507,2.7126,2.6618,2.5992,2.5347,2.4682,2.393,2.3118,2.2258,2.1359,2.045,1.9531,1.8602,1.7693,1.6804,1.5963,1.5279,1.4692,1.4115,1.3587,1.3109,1.2698,1.2375,1.2121,1.1926,1.1799,1.172,1.1691,1.1711,1.1779,1.1867,1.1965,1.2053,1.2131,1.219,1.2199,1.217,1.2111,1.2023,1.1916,1.1789,1.1701,1.1623,1.1505,1.1369,1.1212,1.1026,1.0821,1.0616,1.044,1.0352,1.0411,1.0684,1.1241,1.1965,1.2903,1.4213,1.5806,1.7586,1.9433,2.132,2.3128,2.4624,2.5777,2.6598,2.7087,2.7273,2.7243,2.7067,2.6735,2.6285,2.5718,2.5054,2.4311,2.35,2.263,2.1711,2.0772,1.9814,1.8964,1.8182,1.7331,1.6471,1.565,1.4888,1.4184,1.3529,1.2952,1.2454,1.2043,1.172,1.1515,1.1417,1.1359,1.1349,1.1398,1.1466,1.1554,1.1642,1.172,1.1779,1.1838,1.1887,1.1926,1.1975,1.1994,1.1955,1.1887,1.1799,1.1691,1.1564,1.1408,1.1232,1.1065,1.0909,1.0743,1.0626,1.0528,1.0411,1.0342,1.0401,1.0684,1.1251,1.217,1.3451,1.5073,1.695,1.8983,2.1026,2.2727,2.4125,2.5455,2.6579,2.74,2.7908,2.8123,2.8094,2.784,2.741,2.6862,2.6217,2.5572,2.4907,2.4145,2.3314,2.2434,2.1515,2.0587,1.9638,1.869,1.7752,1.6833,1.5953,1.5132,1.4467,1.392,1.3363,1.2854,1.2424,1.2063,1.1779,1.1564,1.1427,1.1369,1.1378,1.1437,1.1525,1.1623,1.172,1.1818,1.1916,1.1994,1.2033,1.2053,1.2063,1.2043,1.1984,1.1906,1.1808,1.172,1.1642,1.1525,1.1388,1.1222,1.1056,1.0899,1.0762,1.0655,1.0626,1.0743,1.1105,1.1642,1.2424,1.3617,1.5181,1.7028,1.9042,2.1075,2.2991,2.4682,2.609,2.7165,2.7908,2.8309,2.8446,2.8416,2.824,2.7908,2.7449,2.6882,2.6237,2.5533,2.477,2.3959,2.3109,2.2219,2.1398,2.0626,1.9785,1.8925,1.8065,1.7224,1.6422,1.5679,1.4995,1.4399,1.391,1.3519,1.3255,1.3079,1.2942,1.2845,1.2796,1.2796,1.2825,1.2864,1.2933,1.3021,1.3118,1.3196,1.3265,1.3333,1.3402,1.3451,1.346,1.3441,1.3412,1.3343,1.3236,1.3118,1.2981,1.2835,1.2649,1.2502,1.2375,1.2229,1.2111,1.2082,1.2248,1.2688,1.349,1.4673,1.6217,1.8055,2.0059,2.2102,2.3812,2.5249,2.6667,2.7889,2.8847,2.9501,2.9883,3.001,2.9932,2.9677,2.9277,2.8778,2.824,2.7654,2.6999,2.6276,2.5494,2.4673,2.3822,2.2942,2.2033,2.1114,2.0225,1.9384,1.8583,1.7898,1.7292,1.6686,1.6119,1.5621,1.52,1.4878,1.4624,1.4438,1.433,1.4272,1.4262,1.4311,1.4379,1.4467,1.4555,1.4633,1.4682,1.4712,1.4721,1.4712,1.4673,1.4614,1.4516,1.4389,1.4203,1.3988,1.3783,1.3578,1.3353,1.3118,1.2893,1.2717,1.263,1.2717,1.3069,1.3754,1.4614,1.5709,1.7234,1.9062,2.1065,2.3079,2.4966,2.6637,2.8025,2.9091,2.9834,3.0293,3.0499,3.0479,3.0293,2.998,2.957,2.9052,2.8446,2.7771,2.7028,2.6217,2.5347,2.4428,2.35,2.2678,2.1916,2.1075,2.0215,1.9365,1.8553,1.7761,1.7019,1.6354,1.5758,1.5239,1.4819,1.4487,1.4272,1.4145,1.4037,1.393,1.3832,1.3754,1.3715,1.3695,1.3685,1.3666,1.3636,1.3597,1.3578,1.3568,1.3539,1.349,1.3402,1.3294,1.3167,1.3001,1.2805,1.259,1.2375,1.216,1.1955,1.1838,1.1848,1.2033,1.2483,1.3284,1.4477,1.6022,1.7869,1.9902,2.1994,2.4018,2.5846,2.7214,2.8211,2.9052,2.9638,2.9941,3,2.9853,2.9521,2.9062,2.8504,2.7879,2.7204,2.6471,2.5767,2.5073,2.4291,2.346,2.259,2.1691,2.0772,1.9873,1.8993,1.8152,1.7361,1.6608,1.5982,1.5464,1.4956,1.4487,1.4076,1.3724,1.3451,1.3255,1.3118,1.305,1.304,1.306,1.3109,1.3167,1.3216,1.3245,1.3236,1.3206,1.3167,1.3099,1.2991,1.2874,1.2727,1.2551,1.2356,1.2209,1.2082,1.1926,1.173,1.1486,1.1212,1.0929,1.0694,1.0547,1.0557,1.0821,1.1408,1.217,1.3187,1.4614,1.6334,1.825,2.0225,2.2131,2.3851,2.5298,2.6422,2.7224,2.7722,2.7937,2.7908,2.7703,2.7361,2.6882,2.6285,2.5601,2.4858,2.4066,2.3226,2.2346,2.1427,2.0479,1.9619,1.8817,1.7937,1.7038,1.6168,1.5357,1.4594,1.39,1.3284,1.2766,1.2336,1.2004,1.176,1.1613,1.1525,1.1457,1.1427,1.1417,1.1447,1.1515,1.1584,1.1642,1.1681,1.1701,1.1711,1.174,1.1769,1.175,1.1691,1.1613,1.1496,1.1349,1.1173,1.0997,1.0821,1.0655,1.0459,1.0244,1.0078,0.99316,0.97752,0.97067,0.9824,1.0176,1.0841,1.1857,1.3206,1.4858,1.6696,1.8602,2.0235,2.1642,2.304,2.4242,2.5171,2.5797,2.6149,2.6256,2.6149,2.5885,2.5464,2.4897,2.4213,2.3539,2.2845,2.2043,2.1183,2.0283,1.9374,1.8465,1.7576,1.6716,1.5894,1.5103,1.434,1.3734,1.3226,1.2708,1.2239,1.1838,1.1505,1.1241,1.1144,1.1163,1.1173,1.1183,1.1222,1.129,1.1378,1.1476,1.1574,1.1672,1.175,1.1799,1.1828,1.1838,1.1848,1.1828,1.1769,1.1691,1.1613,1.1525,1.1398,1.1241,1.1075,1.089,1.0684,1.0489,1.0323,1.0196,1.0156,1.0283,1.0655,1.1183,1.1935,1.305,1.4497,1.6188,1.8016,1.9873,2.1652,2.3236,2.4575,2.5611,2.6354,2.6784,2.695,2.695,2.6764,2.6442,2.5992,2.5455,2.4848,2.4184,2.346,2.2669,2.1848,2.0997,2.0215,1.9482,1.8671,1.784,1.7019,1.6237,1.5494,1.48,1.4164,1.3597,1.3099,1.2678,1.2385,1.219,1.1994,1.1828,1.1701,1.1623,1.1584,1.1564,1.1554,1.1544,1.1515,1.1457,1.1417,1.1388,1.132,1.1202,1.1065,1.0929,1.0792,1.0645,1.0479,1.0293,1.0088,0.98925,0.96872,0.95308,0.93842,0.91887,0.90029,0.88856,0.89247,0.92082,0.97947,1.0733,1.2004,1.3568,1.5357,1.6999,1.8543,2.0205,2.1799,2.3187,2.433,2.522,2.5836,2.6178,2.6305,2.6256,2.6051,2.5709,2.5308,2.4878,2.437,2.3793,2.3157,2.2454,2.1701,2.0919,2.0108,1.9277,1.8446,1.7634,1.695,1.6354,1.5728,1.5093,1.4497,1.3988,1.3558,1.3196,1.2893,1.2669,1.2522,1.2434,1.2395,1.2385,1.2405,1.2434,1.2483,1.2542,1.259,1.2639,1.2688,1.2708,1.2698,1.2669,1.263,1.261,1.2581,1.2512,1.2434,1.2346,1.2258,1.217,1.2072,1.1965,1.1867,1.1818,1.1906,1.2209,1.2678,1.3382,1.4477,1.5924,1.7654,1.9599,2.1613,2.3568,2.5347,2.6891,2.8162,2.913,2.9736,3.0078,3.0283,3.0332,3.0225,2.998,2.9629,2.9179,2.8641,2.8006,2.7322,2.6588,2.5806,2.5073,2.434,2.3529,2.2669,2.1789,2.0909,2.0049,1.9228,1.8456,1.7742,1.7107,1.6549,1.6119,1.5767,1.5435,1.5152,1.4927,1.4741,1.4604,1.4516,1.4467,1.4448,1.4438,1.4428,1.4428,1.4438,1.4438,1.4409,1.435,1.4262,1.4135,1.3998,1.3861,1.3724,1.3568,1.3372,1.3157,1.2952,1.2757,1.2522,1.2297,1.2131,1.2092,1.2278,1.2766,1.3607,1.48,1.6315,1.8094,2.002,2.1711,2.3216,2.478,2.6227,2.7458,2.8407,2.9071,2.9472,2.9629,2.958,2.9374,2.9052,2.8641,2.8104,2.7468,2.6843,2.6197,2.5523,2.4809,2.4066,2.3294,2.2502,2.1711,2.0929,2.0176,1.9531,1.8944,1.8328,1.7742,1.7195,1.6696,1.6246,1.5865,1.5543,1.5279,1.5073,1.4917,1.4829,1.48,1.478,1.477,1.478,1.48,1.4809,1.4809,1.48,1.4761,1.4712,1.4663,1.4624,1.4604,1.4594,1.4545,1.4457,1.434,1.4194,1.4008,1.3793,1.3597,1.3451,1.3382,1.346,1.3685,1.4115,1.4858,1.5934,1.7322,1.8964,2.0733,2.2542,2.4262,2.5806,2.7107,2.8133,2.8817,2.9228,2.9492,2.9589,2.955,2.9365,2.9052,2.8651,2.8182,2.7654,2.7077,2.6471,2.5826,2.52,2.4575,2.3871,2.3109,2.2297,2.1466,2.0645,1.9844,1.9071,1.8348,1.7683,1.7097,1.6628,1.6246,1.5885,1.5543,1.5239,1.4985,1.478,1.4643,1.4545,1.4497,1.4497,1.4506,1.4506,1.4506,1.4506,1.4477,1.4428,1.434,1.4233,1.4115,1.3998,1.3871,1.3744,1.3607,1.346,1.3343,1.3236,1.3089,1.2952,1.2874,1.2923,1.3167,1.3675,1.4477,1.5591,1.7009,1.8661,2.043,2.1975,2.3333,2.4741,2.6031,2.7097,2.7918,2.8495,2.8837,2.8964,2.8925,2.8749,2.8436,2.8045,2.7586,2.7038,2.6413,2.5709,2.4966,2.4194,2.3402,2.26,2.1789,2.0978,2.0176,1.9394,1.8719,1.8113,1.7488,1.6872,1.6295,1.5777,1.5327,1.4946,1.4633,1.4389,1.4194,1.4057,1.3988,1.3949,1.392,1.39,1.3891,1.3881,1.3861,1.3832,1.3793,1.3754,1.3685,1.3597,1.35,1.3431,1.3353,1.3226,1.3099,1.2962,1.2805,1.2649,1.2463,1.2258,1.2072,1.1945,1.1945,1.2082,1.2405,1.303,1.3978,1.5259,1.6813,1.8563,2.042,2.2258,2.3969,2.5464,2.6696,2.7654,2.827,2.8622,2.8837,2.8895,2.8798,2.8573,2.8221,2.7771,2.7234,2.6618,2.5953,2.5239,2.4555,2.3881,2.3118,2.2307,2.1476,2.0635,1.9785,1.8974,1.8201,1.7468,1.6784,1.6158,1.5601,1.5161,1.4819,1.4506,1.4233,1.4008,1.3842,1.3715,1.1799,1.1877,1.2639,1.391,1.5552,1.7165,1.8768,2.0587,2.2395,2.4047,2.5464,2.6598,2.741,2.7947,2.824,2.8319,2.8192,2.7908,2.7537,2.7077,2.652,2.5875,2.5161,2.4409,2.3617,2.2796,2.1945,2.1075,2.0186,1.9277,1.8465,1.7722,1.694,1.6168,1.5425,1.4741,1.4135,1.3617,1.3177,1.2815,1.2542,1.2346,1.2239,1.219,1.216,1.217,1.2199,1.2239,1.2287,1.2346,1.2405,1.2454,1.2493,1.2502,1.2483,1.2473,1.2454,1.2385,1.2287,1.217,1.2023,1.1867,1.1691,1.1505,1.131,1.1114,1.0948,1.088,1.0948,1.1212,1.175,1.263,1.3871,1.5455,1.7302,1.9316,2.1369,2.3333,2.5093,2.6588,2.7683,2.8465,2.9101,2.9531,2.9746,2.9765,2.9619,2.9326,2.8895,2.8348,2.7713,2.7009,2.6315,2.563,2.4878,2.4066,2.3216,2.2326,2.1408,2.0489,1.958,1.871,1.7869,1.7087,1.6373,1.5806,1.5327,1.4858,1.4428,1.4037,1.3705,1.3451,1.3275,1.3167,1.3099,1.3079,1.3089,1.3128,1.3177,1.3196,1.3196,1.3167,1.3138,1.3069,1.2972,1.2845,1.2678,1.2502,1.2317,1.2121,1.1984,1.1857,1.1681,1.1496,1.1369,1.1378,1.1613,1.2151,1.305,1.4301,1.5865,1.7664,1.9316,2.086,2.2542,2.4164,2.5591,2.6745,2.7625,2.8221,2.8553,2.8651,2.8563,2.8319,2.7928,2.7478,2.697,2.6354,2.565,2.4888,2.4076,2.3226,2.2336,2.1437,2.0528,1.9629,1.8749,1.8006,1.7322,1.6598,1.5885,1.5191,1.4536,1.3939,1.3441,1.3021,1.2669,1.2405,1.2199,1.2053,1.1984,1.1965,1.1984,1.2014,1.2053,1.2082,1.2082,1.2063,1.2033,1.1994,1.1935,1.1867,1.1818,1.1779,1.172,1.1623,1.1476,1.131,1.1144,1.0968,1.0772,1.0557,1.0362,1.0205,1.0156,1.0244,1.0518,1.1075,1.1984,1.3275,1.4917,1.6804,1.8817,2.0821,2.2708,2.436,2.5718,2.6667,2.7283,2.7752,2.8025,2.8094,2.7986,2.7742,2.7351,2.6843,2.6217,2.5503,2.4712,2.3861,2.3069,2.2297,2.1437,2.0547,1.9658,1.8788,1.7947,1.7126,1.6325,1.5543,1.4809,1.4154,1.3636,1.3236,1.2835,1.2473,1.219,1.1994,1.1857,1.1779,1.175,1.176,1.1799,1.1848,1.1877,1.1916,1.1935,1.1926,1.1906,1.1877,1.1808,1.172,1.1623,1.1505,1.1349,1.1183,1.1007,1.088,1.0743,1.0547,1.0323,1.0078,0.9824,0.96188,0.95406,0.96676,1.0068,1.0782,1.1848,1.3021,1.434,1.5982,1.7771,1.955,2.1212,2.2649,2.3803,2.4653,2.522,2.5523,2.5601,2.5494,2.5259,2.4917,2.4448,2.3861,2.3196,2.2473,2.1701,2.087,1.999,1.9081,1.8162,1.7253,1.6481,1.5787,1.5044,1.4301,1.3607,1.2962,1.2356,1.1799,1.132,1.0929,1.0645,1.044,1.0313,1.0283,1.0313,1.0352,1.0411,1.0469,1.0538,1.0606,1.0674,1.0733,1.0762,1.0772,1.0782,1.0811,1.0821,1.0782,1.0704,1.0596,1.0479,1.0352,1.0215,1.0078,0.99413,0.97947,0.96188,0.94135,0.92571,0.91593,0.91202,0.92082,0.95112,1.0127,1.1085,1.2405,1.4008,1.5806,1.7693,1.9541,2.1056,2.2297,2.3451,2.4409,2.5103,2.5533,2.5728,2.5709,2.5513,2.5191,2.4741,2.4174,2.3509,2.2854,2.219,2.1417,2.0587,1.9717,1.8817,1.7908,1.7019,1.6149,1.5318,1.4536,1.3812,1.3265,1.2815,1.2375,1.1984,1.1652,1.1378,1.1173,1.1036,1.0958,1.0938,1.0978,1.1046,1.1134,1.1251,1.1378,1.1505,1.1623,1.173,1.1818,1.1887,1.1916,1.1916,1.1887,1.1838,1.1769,1.172,1.1662,1.1544,1.1398,1.1232,1.1056,1.087,1.0704,1.0577,1.0508,1.0577,1.089,1.1496,1.2239,1.3196,1.4545,1.6197,1.8055,1.998,2.1848,2.3558,2.5034,2.6207,2.7058,2.7615,2.7869,2.7879,2.7742,2.7478,2.7087,2.6588,2.6022,2.5396,2.4721,2.3978,2.3177,2.2317,2.1427,2.0626,1.9883,1.9062,1.8221,1.739,1.6598,1.5855,1.5181,1.4585,1.4086,1.3675,1.3353,1.3148,1.3011,1.2893,1.2825,1.2805,1.2815,1.2864,1.2962,1.3079,1.3196,1.3284,1.3353,1.3412,1.346,1.35,1.3519,1.35,1.3451,1.3392,1.3324,1.3236,1.3118,1.2991,1.2864,1.2708,1.2561,1.2424,1.2278,1.218,1.2229,1.2502,1.3079,1.4008,1.5308,1.6911,1.8749,2.0694,2.2375,2.3851,2.5357,2.6725,2.7879,2.8778,2.9413,2.9785,2.9922,2.9863,2.9638,2.9286,2.8837,2.8328,2.7752,2.7087,2.6334,2.5503,2.4633,2.3734,2.2825,2.1984,2.1202,2.0381,1.956,1.8847,1.8201,1.7517,1.6862,1.6256,1.5728,1.5288,1.4927,1.4633,1.4409,1.4242,1.4135,1.4066,1.4047,1.4047,1.4047,1.4047,1.4037,1.4027,1.4027,1.3998,1.3969,1.393,1.3891,1.3842,1.3812,1.3763,1.3675,1.3548,1.3372,1.3167,1.2952,1.2757,1.261,1.2551,1.2659,1.2991,1.3627,1.4409,1.5396,1.6774,1.8446,2.0274,2.2141,2.3891,2.5445,2.6725,2.7703,2.8377,2.8778,2.8915,2.8876,2.8739,2.8475,2.8094,2.7625,2.7067,2.6452,2.5787,2.5064,2.4291,2.348,2.263,2.1848,2.1105,2.0313,1.9501,1.87,1.7918,1.7185,1.6491,1.5846,1.5249,1.4721,1.4272,1.3939,1.3695,1.348,1.3304,1.3187,1.3099,1.306,1.306,1.3079,1.3109,1.3109,1.3109,1.3109,1.3109,1.3109,1.306,1.2972,1.2864,1.2747,1.261,1.2454,1.2287,1.2121,1.1955,1.1769,1.1623,1.1505,1.1369,1.1251,1.1202,1.13,1.1603,1.2199,1.3138,1.4428,1.6012,1.781,1.9697,2.1329,2.2727,2.4125,2.5367,2.6364,2.7107,2.7586,2.781,2.782,2.7674,2.739,2.696,2.6491,2.5973,2.5357,2.4653,2.3891,2.3099,2.2268,2.1388,2.0479,1.957,1.8671,1.7801,1.697,1.6285,1.5709,1.5112,1.4536,1.3998,1.3509,1.3089,1.2747,1.2493,1.2307,1.219,1.2121,1.2102,1.2141,1.2199,1.2258,1.2326,1.2385,1.2414,1.2424,1.2414,1.2375,1.2317,1.2248,1.217,1.2121,1.2082,1.2004,1.1896,1.175,1.1593,1.1417,1.1222,1.1026,1.085,1.0733,1.0714,1.0821,1.1105,1.1642,1.2473,1.3617,1.5054,1.6725,1.8514,2.0313,2.2014,2.3529,2.478,2.5748,2.6364,2.6716,2.6921,2.695,2.6813,2.653,2.6129,2.563,2.5044,2.4379,2.3646,2.2864,2.2141,2.1427,2.0635,1.9795,1.8935,1.8094,1.7292,1.652,1.5777,1.5083,1.4467,1.3939,1.3548,1.3236,1.2942,1.2688,1.2483,1.2326,1.2229,1.218,1.218,1.2229,1.2317,1.2414,1.2512,1.26,1.2678,1.2717,1.2717,1.2708,1.2698,1.2688,1.2649,1.2581,1.2502,1.2405,1.2268,1.216,1.2063,1.1916,1.172,1.1525,1.1359,1.1232,1.1202,1.1339,1.1711,1.2375,1.3372,1.4692,1.6031,1.7429,1.9169,2.1056,2.2874,2.4526,2.5924,2.7009,2.7761,2.8221,2.8416,2.8387,2.8192,2.7869,2.7429,2.6882,2.6246,2.5533,2.4741,2.3891,2.2981,2.2053,2.1124,2.0196,1.9286,1.8504,1.7801,1.7048,1.6295,1.5591,1.4946,1.4379,1.39,1.349,1.3157,1.2903,1.2708,1.2581,1.2522,1.2463,1.2424,1.2414,1.2434,1.2463,1.2502,1.2551,1.26,1.262,1.261,1.2581,1.2561,1.2532,1.2444,1.2336,1.2199,1.2033,1.1857,1.1681,1.1496,1.131,1.1114,1.0919,1.0802,1.0753,1.0772,1.0948,1.1378,1.2151,1.3294,1.478,1.6549,1.8485,2.045,2.2326,2.4027,2.5308,2.6256,2.7067,2.7654,2.7977,2.8084,2.7996,2.7732,2.7312,2.6784,2.6188,2.5513,2.4839,2.4154,2.3372,2.2512,2.1603,2.0694,1.9775,1.8837,1.7928,1.7058,1.6266,1.5543,1.4878,1.436,1.3949,1.3558,1.3196,1.2874,1.261,1.2405,1.2278,1.2219,1.2199,1.2199,1.2209,1.2248,1.2278,1.2278,1.2268,1.2258,1.2258,1.2258,1.2229,1.217,1.2082,1.1955,1.1799,1.1623,1.1496,1.1378,1.1202,1.0987,1.0762,1.0538,1.0303,1.0108,1.001,1.0088,1.042,1.1065,1.1877,1.2913,1.436,1.609,1.7996,1.9941,2.1818,2.3529,2.4976,2.6129,2.696,2.7478,2.7713,2.7713,2.7556,2.7263,2.6862,2.6354,2.5787,2.5161,2.4477,2.3734,2.2933,2.2072,2.1173,2.0381,1.9638,1.8837,1.8016,1.7214,1.6452,1.5738,1.5103,1.4545,1.4086,1.3715,1.3441,1.3275,1.3196,1.3148,1.3128,1.3167,1.3255,1.3372,1.35,1.3617,1.3724,1.3832,1.393,1.3998,1.4047,1.4086,1.4106,1.4096,1.4057,1.3978,1.3871,1.3744,1.3617,1.348,1.3343,1.3206,1.3099,1.3011,1.2923,1.2903,1.304,1.3441,1.4145,1.5181,1.6549,1.8192,2.0029,2.1935,2.3773,2.5259,2.6442,2.7576,2.8514,2.9189,2.9619,2.9814,2.9795,2.9609,2.9267,2.8798,2.8211,2.7605,2.697,2.6246,2.5445,2.4604,2.3734,2.2835,2.1935,2.1017,2.0098,1.9218,1.8397,1.7625,1.6989,1.6452,1.5904,1.5396,1.4956,1.4594,1.4321,1.4125,1.4008,1.3949,1.392,1.39,1.39,1.392,1.393,1.392,1.3881,1.3812,1.3744,1.3685,1.3627,1.3607,1.3587,1.3519,1.3412,1.3324,1.3236,1.3089,1.2903,1.2717,1.2561,1.2473,1.2522,1.2796,1.3363,1.4272,1.5543,1.6872,1.8299,2.0068,2.1965,2.3832,2.5543,2.6999,2.8143,2.8964,2.9511,2.9834,2.9941,2.9844,2.9599,2.9228,2.8749,2.8162,2.7478,2.6735,2.5934,2.5093,2.4223,2.3343,2.2454,2.1544,2.0743,2.001,1.9238,1.8475,1.7742,1.7028,1.6354,1.5748,1.522,1.477,1.4399,1.4115,1.392,1.3822,1.3803,1.3803,1.3803,1.3803,1.3803,1.3803,1.3803,1.3803,1.3803,1.3803,1.3793,1.3783,1.3783,1.3734,1.3636,1.3509,1.3353,1.3177,1.2991,1.2786,1.2571,1.2375,1.218,1.2004,1.1896,1.1877,1.2004,1.2385,1.3069,1.4115,1.5523,1.7253,1.9228,2.132,2.3372,2.5269,2.6745,2.7869,2.8895,2.9697,3.0244,3.0567,3.0674,3.0577,3.0293,2.9863,2.9316,2.8661,2.7918,2.7185,2.6452,2.5621,2.4741,2.3822,2.2864,2.1906,2.0968,2.0049,1.9169,1.8348,1.7586,1.696,1.6442,1.5924,1.5464,1.5054,1.4712,1.4438,1.4223,1.4057,1.3939,1.3871,1.3832,1.3822,1.3842,1.3871,1.3881,1.3891,1.3891,1.3871,1.3822,1.3773,1.3715,1.3627,1.3519,1.3372,1.3226,1.3089,1.2903,1.2688,1.2483,1.2287,1.2111,1.1994,1.2004,1.2219,1.2717,1.3558,1.4545,1.5728,1.7302,1.912,2.1017,2.2845,2.4497,2.5914,2.7038,2.7869,2.8426,2.8719,2.8798,2.87,2.8485,2.8152,2.7703,2.7136,2.65,2.5797,2.5024,2.4203,2.3353,2.2463,2.1544,2.0733,1.998,1.9169,1.8368,1.7595,1.6862,1.6188,1.5582,1.5044,1.4594,1.4233,1.3959,1.3754,1.3627,1.3558,1.35,1.347,1.348,1.3509,1.3548,1.3587,1.3627,1.3656,1.3666,1.3646,1.3636,1.3636,1.3617,1.3558,1.346,1.3324,1.3157,1.2962,1.2747,1.2532,1.2317,1.2102,1.1877,1.1701,1.1574,1.1466,1.1466,1.1672,1.217,1.3011,1.4203,1.5689,1.739,1.9218,2.1065,2.261,2.3871,2.5083,2.609,2.6862,2.739,2.7664,2.7703,2.7537,2.7214,2.6764,2.6197,2.5513,2.4829,2.4125,2.3324,2.2444,2.1496,2.0518,1.9541,1.8583,1.7654,1.6764,1.5934,1.5152,1.4536,1.4037,1.3548,1.2776,1.1926,1.1388,1.1046,1.0841,1.0733,1.0694,1.0723,1.0792,1.087,1.0958,1.1036,1.1095,1.1144,1.1153,1.1153,1.1173,1.1183,1.1173,1.1144,1.1105,1.1046,1.1007,1.0978,1.0919,1.0811,1.0665,1.0499,1.0323,1.0137,0.99609,0.9824,0.97947,0.99511,1.0381,1.0968,1.1799,1.303,1.4585,1.6393,1.8338,2.0283,2.2102,2.3695,2.5005,2.5992,2.6667,2.7009,2.7116,2.7097,2.694,2.6628,2.6178,2.5611,2.4936,2.4174,2.3353,2.2502,2.1603,2.0674,1.9844,1.9042,1.8162,1.7273,1.6413,1.5582,1.48,1.4086,1.3451,1.2893,1.2434,1.2053,1.1799,1.1613,1.1437,1.13,1.1222,1.1193,1.1202,1.1232,1.1261,1.13,1.1349,1.1398,1.1447,1.1496,1.1515,1.1505,1.1466,1.1388,1.1271,1.1153,1.1046,1.0929,1.0772,1.0596,1.042,1.0283,1.0176,1.0068,1.002,1.0127,1.045,1.1065,1.2004,1.3255,1.4751,1.6393,1.8094,1.9531,2.0762,2.1965,2.2981,2.3744,2.4213,2.4399,2.434,2.4076,2.3607,2.2972,2.2209,2.1329,2.0489,1.9638,1.8631,1.7527,1.6354,1.5132,1.3871,1.2571,1.1261,0.99413,0.86217,0.73118,0.62268,0.52786,0.41935,0.30987,0.2043,0.11437,0.056696,0.028348,0.013685,0.0068426,0.0029326,0.00097752,0,0.0087977,0.052786,0.1261,0.19746,0.25513,0.29619,0.044966,0.047898,0.062561,0.097752,0.16227,0.25904,0.39198,0.55718,0.74976,0.95992,1.174,1.3568,1.5142,1.6696,1.8065,1.9189,2.0059,2.0665,2.1056,2.1261,2.2815,2.5034,2.607,2.651,2.6647,2.6598,2.6461,2.6256,2.6002,2.5718,2.5396,2.5064,2.4721,2.436,2.4008,2.3666,2.3392,2.3167,2.2942,2.2727,2.2522,2.2336,2.217,2.2023,2.1916,2.1838,2.1789,2.175,2.174,2.174,2.173,2.1701,2.1662,2.1613,2.1554,2.1496,2.1417,2.132,2.1212,2.1085,2.0958,2.088,2.0821,2.0733,2.0635,2.0547,2.0469,2.0391,2.0332,2.0293,2.0283,2.0342,2.0508,2.0753,2.1114,2.1662,1.0283,1.0078,0.99707,1.0039,1.0362,1.0997,1.1984,1.3069,1.4301,1.5885,1.7654,1.9443,2.1124,2.262,2.3851,2.478,2.5396,2.5738,2.5826,2.5728,2.5484,2.5112,2.4633,2.4057,2.3392,2.2669,2.1887,2.1056,2.0205,1.9335,1.8436,1.7517,1.6696,1.5934,1.5103,1.4262,1.346,1.2698,1.1984,1.1329,1.0733,1.0186,0.9697,0.92766,0.8915,0.86706,0.85044,0.83578,0.82502,0.81916,0.81623,0.81427,0.81427,0.81525,0.81623,0.81623,0.81427,0.81232,0.81036,0.80254,0.79081,0.77615,0.76051,0.74389,0.72825,0.71163,0.69306,0.67449,0.65787,0.64907,0.652,0.67253,0.71848,0.7957,0.90714,1.0508,1.2209,1.4066,1.5982,1.783,1.9521,2.0997,2.2072,2.2845,2.35,2.3949,2.4194,2.4242,2.4115,2.3842,2.3441,2.2942,2.2366,2.1711,2.0997,2.0303,1.9629,1.8886,1.8104,1.7283,1.6452,1.563,1.4858,1.4135,1.347,1.2884,1.2385,1.2014,1.173,1.1486,1.13,1.1173,1.1095,1.1056,1.1046,1.1075,1.1124,1.1173,1.1212,1.1251,1.13,1.1339,1.1388,1.1408,1.1398,1.1369,1.132,1.1251,1.1183,1.1085,1.0948,1.0792,1.0665,1.0547,1.0391,1.0196,0.99804,0.97654,0.95699,0.9433,0.93939,0.95406,0.99413,1.0674,1.1544,1.261,1.4066,1.5777,1.7605,1.9423,2.1124,2.2639,2.391,2.4907,2.5611,2.6031,2.6197,2.6129,2.5894,2.5533,2.5064,2.4516,2.3891,2.3187,2.2434,2.1642,2.0831,2.001,1.9169,1.8426,1.7742,1.7038,1.6344,1.5679,1.5073,1.4536,1.4086,1.5738,1.5699,1.5601,1.5474,1.5337,1.523,1.5132,1.5034,1.5005,1.5112,1.5386,1.5885,1.6647,1.7683,1.8944,2.0342,2.1799,2.303,2.4096,2.5171,2.6129,2.6901,2.7468,2.783,2.7996,2.7996,2.783,2.7527,2.7116,2.6618,2.609,2.5523,2.4858,2.4125,2.3353,2.2551,2.176,2.0978,2.0225,1.9521,1.8856,1.8221,1.7674,1.7214,1.6755,1.6344,1.6012,1.5758,1.5582,1.5474,1.5415,1.5406,1.5425,1.5464,1.5513,1.5562,1.5601,1.564,1.566,1.565,1.563,1.5591,1.5533,1.5464,1.5376,1.5269,1.5152,1.5054,1.4946,1.479,1.4624,1.4457,1.4291,1.4125,1.3949,1.3754,1.3548,1.3343,1.3138,1.2991,1.2933,1.2972,1.3206,1.3675,1.4418,1.5425,1.6637,1.7996,1.9404,2.0762,2.1984,2.3021,2.3754,2.4223,2.4545,2.4702,2.4673,2.4487,2.4164,2.3724,2.3177,2.2551,2.1867,2.1134,2.0371,1.9677,1.9032,1.8309,1.7546,1.6784,1.6051,1.5367,1.4731,1.4145,1.3636,1.3216,1.2854,1.259,1.2395,1.2229,1.2102,1.2023,1.1984,1.1965,1.1975,1.2014,1.2053,1.2092,1.2131,1.217,1.2219,1.2278,1.2326,1.2366,1.2405,1.2444,1.2463,1.2454,1.2434,1.2405,1.2346,1.2258,1.218,1.2121,1.2033,1.1926,1.1808,1.1691,1.1603,1.1564,1.1623,1.1848,1.2268,1.2933,1.3861,1.4839,1.5914,1.7273,1.8749,2.0215,2.1584,2.2796,2.3783,2.4516,2.5005,2.5259,2.5308,2.5191,2.4956,2.4604,2.4135,2.3568,2.2923,2.2229,2.1496,2.0753,1.999,1.9228,1.8485,1.7849,1.7283,1.6686,1.61,1.5572,1.5103,1.4692,1.435,1.4076,1.3871,1.3715,1.3607,1.3548,1.3529,1.3529,1.3539,1.3548,1.3578,1.3627,1.3675,1.3715,1.3744,1.3754,1.3754,1.3715,1.3675,1.3636,1.3578,1.349,1.3402,1.3353,1.3304,1.3236,1.3148,1.303,1.2893,1.2757,1.2659,1.2639,1.2747,1.304,1.3568,1.4389,1.5503,1.6862,1.8397,2.001,2.1603,2.3089,2.4389,2.5337,2.6031,2.6608,2.6999,2.7185,2.7185,2.7028,2.6755,2.6383,2.5934,2.5406,2.4809,2.4154,2.3519,2.2903,2.2209,2.1466,2.0714,1.998,1.9296,1.8641,1.8006,1.74,1.6833,1.6139,1.5464,1.4966,1.4526,1.4154,1.3842,1.3617,1.348,1.3412,1.3402,1.3441,1.35,1.3548,1.3587,1.3617,1.3636,1.3636,1.3636,1.3636,1.3607,1.3548,1.347,1.3353,1.3206,1.303,1.2845,1.2688,1.2551,1.2375,1.217,1.1945,1.174,1.1574,1.1505,1.1623,1.2014,1.2717,1.3763,1.5171,1.6598,1.8084,1.9873,2.176,2.3587,2.5239,2.6637,2.7713,2.8426,2.8817,2.8944,2.8866,2.8631,2.825,2.7732,2.7107,2.6393,2.5611,2.478,2.39,2.2991,2.2063,2.1114,2.0147,1.9198,1.8377,1.7664,1.6921,1.6178,1.5474,1.4809,1.4184,1.3617,1.3118,1.2688,1.2326,1.2023,1.1808,1.1672,1.1544,1.1437,1.1359,1.13,1.1232,1.1173,1.1134,1.1065,1.0978,1.089,1.0782,1.0704,1.0645,1.0567,1.0459,1.0303,1.0127,0.99316,0.97067,0.94526,0.92082,0.89638,0.87195,0.85533,0.84555,0.84066,0.84946,0.87781,0.93451,1.0244,1.1476,1.3001,1.4721,1.6569,1.8407,2.0127,2.1466,2.2512,2.346,2.4213,2.4731,2.5015,2.5083,2.4946,2.4624,2.4154,2.3568,2.2884,2.2209,2.1515,2.0723,1.9853,1.8925,1.7967,1.7028,1.6139,1.5288,1.4487,1.3744,1.306,1.2522,1.2072,1.1603,1.1193,1.085,1.0587,1.0391,1.0274,1.0225,1.0235,1.0293,1.0371,1.0459,1.0547,1.0626,1.0684,1.0762,1.085,1.0919,1.0978,1.1026,1.1036,1.1017,1.0958,1.085,1.0762,1.0694,1.0616,1.0518,1.0411,1.0283,1.0117,0.99609,0.9824,0.97067,0.96774,0.98143,1.0215,1.0772,1.1564,1.2747,1.4252,1.6002,1.7908,1.9824,2.1642,2.3265,2.4624,2.5689,2.6452,2.6862,2.7009,2.6999,2.6843,2.653,2.608,2.5523,2.4868,2.4125,2.3324,2.2463,2.1564,2.0635,1.9804,1.9022,1.8172,1.7312,1.6481,1.5689,1.4946,1.4262,1.3656,1.305,1.2571,1.2278,1.2082,1.1945,1.1828,1.176,1.174,1.175,1.1779,1.1838,1.1896,1.1955,1.2004,1.2053,1.2092,1.2121,1.2141,1.2121,1.2092,1.2043,1.1955,1.1838,1.1701,1.1564,1.1398,1.1193,1.0968,1.0802,1.0655,1.0489,1.0381,1.0411,1.0655,1.1202,1.2111,1.3402,1.5034,1.6931,1.8954,2.0978,2.2659,2.4047,2.5386,2.651,2.738,2.8162,2.8768,2.9003,2.8983,2.8768,2.8387,2.7879,2.7341,2.6755,2.608,2.5327,2.4516,2.3656,2.2766,2.1857,2.0938,2.0029,1.915,1.8299,1.7507,1.6862,1.6295,1.5709,1.5161,1.4673,1.4242,1.3891,1.3617,1.3412,1.3265,1.3167,1.3109,1.3099,1.3118,1.3138,1.3167,1.3187,1.3226,1.3255,1.3265,1.3275,1.3265,1.3226,1.3148,1.304,1.2952,1.2864,1.2717,1.2522,1.2326,1.2121,1.1896,1.1662,1.1476,1.1398,1.1505,1.1887,1.2444,1.3255,1.4487,1.609,1.7957,1.9961,2.1975,2.3891,2.5591,2.7038,2.8162,2.8974,2.9492,2.9717,2.9736,2.9638,2.9423,2.9071,2.8592,2.8006,2.7341,2.6618,2.5826,2.4985,2.4096,2.305,2.216,2.1476,2.0645,1.9746,1.8847,1.7977,1.7136,1.6354,1.564,1.4995,1.4418,1.392,1.3558,1.3284,1.304,1.2845,1.2708,1.261,1.2542,1.2493,1.2463,1.2444,1.2434,1.2405,1.2395,1.2385,1.2336,1.2258,1.217,1.2082,1.1984,1.1887,1.175,1.1593,1.1417,1.1241,1.1105,1.0987,1.086,1.0762,1.0743,1.086,1.1193,1.1838,1.2845,1.4242,1.5973,1.7977,2.0127,2.2023,2.3705,2.5435,2.7019,2.8338,2.9355,3.0059,3.0459,3.0606,3.0557,3.0352,3.001,2.9589,2.911,2.8543,2.7898,2.7195,2.6452,2.566,2.4848,2.4027,2.3196,2.2336,2.1496,2.0674,1.998,1.9365,1.8719,1.8094,1.7527,1.7038,1.6637,1.6315,1.6061,1.5865,1.5718,1.5621,1.5562,1.5523,1.5474,1.5425,1.5386,1.5337,1.5288,1.523,1.5161,1.5073,1.4985,1.4888,1.477,1.4663,1.4545,1.4399,1.4233,1.4037,1.3812,1.3578,1.3353,1.3157,1.306,1.3128,1.3441,1.392,1.4624,1.5748,1.7253,1.9032,2.0987,2.2991,2.4936,2.6745,2.8319,2.9599,3.0577,3.1261,3.1632,3.176,3.175,3.1476,3.1134,3.0811,3.0332,2.9736,2.9052,2.8289,2.7488,2.6647,2.5855,2.5093,2.4242,2.3372,2.2493,2.1623,2.0772,1.9971,1.9218,1.8514,1.7859,1.7292,1.6823,1.6471,1.6207,1.5973,1.5767,1.5611,1.5484,1.5386,1.5318,1.5259,1.521,1.5161,1.5122,1.5103,1.5073,1.5005,1.4927,1.4819,1.4673,1.4506,1.433,1.4145,1.393,1.3715,1.347,1.303,1.2542,1.2229,1.2014,1.1945,1.2102,1.2551,1.3314,1.4418,1.5826,1.7468,1.9257,2.1056,2.2542,2.3793,2.5024,2.608,2.6911,2.7498,2.7849,2.7986,2.7918,2.7693,2.7331,2.6862,2.6305,2.5718,2.5103,2.4399,2.3627,2.2796,2.1926,2.1026,2.0108,1.9179,1.8289,1.7439,1.6637,1.5982,1.5435,1.4888,1.4389,1.393,1.3519,1.3177,1.2903,1.2688,1.2542,1.2444,1.2395,1.2395,1.2424,1.2473,1.2522,1.2542,1.2551,1.2561,1.2542,1.2512,1.2473,1.2414,1.2317,1.2209,1.2121,1.2023,1.1867,1.1691,1.1515,1.132,1.1095,1.085,1.0606,1.0401,1.0283,1.0332,1.0616,1.1065,1.2072,1.3666,1.4897,1.5973,1.741,1.9365,2.1134,2.2307,2.3402,2.4301,2.4966,2.5357,2.5533,2.5562,2.5425,2.5142,2.4731,2.4018,2.3304,2.2757,2.2072,2.1281,2.044,1.9658,1.869,1.7752,1.7067,1.6305,1.5523,1.477,1.4066,1.3421,1.2737,1.217,1.1799,1.1457,1.1222,1.1065,1.0909,1.0782,1.0674,1.0567,1.0459,1.0362,1.0264,1.0186,1.0127,1.0078,1.0059,1.0059,1.0039,1.001,0.99609,0.99022,0.98338,0.97361,0.96188,0.94917,0.93353,0.91593,0.89736,0.88563,0.87586,0.86217,0.84751,0.82796,0.81134,0.8045,0.80938,0.8348,0.88661,0.9697,1.1056,1.2366,1.347,1.4917,1.65,1.8084,1.9541,2.0782,2.176,2.2493,2.2952,2.3138,2.2991,2.2727,2.2502,2.2151,2.1447,2.0723,2.0166,1.9482,1.871,1.7889,1.7048,1.6197,1.5161,1.4154,1.3568,1.3099,1.2532,1.1955,1.1437,1.0978,1.0557,1.0235,1.0049,0.99413,0.99218,0.99413,0.99804,1.0068,1.0186,1.0323,1.042,1.0499,1.0635,1.0802,1.0938,1.1036,1.1124,1.1222,1.13,1.1369,1.1398,1.1388,1.1339,1.13,1.1222,1.1085,1.0978,1.0831,1.0635,1.045,1.0293,1.0205,1.0176,1.0254,1.0528,1.1075,1.1916,1.3069,1.4506,1.6158,1.7918,1.9668,2.13,2.2571,2.3539,2.4399,2.5073,2.5513,2.5738,2.5738,2.5543,2.52,2.4731,2.4145,2.347,2.2727,2.2033,2.1349,2.0587,1.9775,1.8954,1.8123,1.7292,1.6491,1.5718,1.4985,1.4311,1.3685,1.3216,1.2854,1.2493,1.219,1.1935,1.176,1.2151,1.2854,1.3236,1.346,1.3617,1.3744,1.3851,1.3949,1.4027,1.4096,1.4145,1.4194,1.4213,1.4203,1.4154,1.4066,1.3959,1.3832,1.3695,1.3597,1.35,1.3372,1.3216,1.306,1.2913,1.2805,1.2796,1.2972,1.3392,1.4086,1.5083,1.6393,1.7732,1.9101,2.0714,2.2395,2.3998,2.5425,2.6608,2.7527,2.8182,2.8592,2.8768,2.8739,2.8553,2.824,2.7801,2.7263,2.6637,2.5924,2.5181,2.4399,2.3597,2.2766,2.1916,2.1075,2.0352,1.9687,1.8974,1.824,1.7527,1.6852,1.6237,1.5689,1.521,1.4809,1.4487,1.4233,1.4066,1.3978,1.3939,1.391,1.39,1.392,1.3949,1.3988,1.4027,1.4047,1.4037,1.4008,1.3978,1.3959,1.393,1.3851,1.3744,1.3636,1.3548,1.3451,1.3324,1.3177,1.3021,1.2835,1.262,1.2424,1.2307,1.2278,1.2356,1.2649,1.3226,1.4145,1.5406,1.696,1.8729,2.0596,2.2473,2.4223,2.5572,2.6608,2.7546,2.828,2.8768,2.9042,2.911,2.8993,2.8719,2.8299,2.7771,2.7165,2.65,2.5846,2.5191,2.4448,2.3666,2.2845,2.1994,2.1144,2.0293,1.9453,1.8641,1.7869,1.7136,1.6549,1.6051,1.5552,1.5083,1.4682,1.436,1.4106,1.392,1.3783,1.3695,1.3636,1.3617,1.3627,1.3656,1.3695,1.3715,1.3705,1.3675,1.3636,1.3587,1.3519,1.3441,1.3363,1.3275,1.3177,1.3099,1.3021,1.2893,1.2737,1.2542,1.2326,1.2131,1.1984,1.1926,1.2053,1.2414,1.3069,1.4066,1.5171,1.6442,1.8065,1.9873,2.172,2.347,2.5015,2.6295,2.7292,2.8016,2.8495,2.8729,2.8759,2.8622,2.8358,2.7996,2.7527,2.697,2.6354,2.567,2.4936,2.4154,2.3324,2.2473,2.1603,2.0811,2.0098,1.9326,1.8543,1.7801,1.7087,1.6422,1.5806,1.5269,1.48,1.4389,1.4057,1.3832,1.3685,1.3578,1.3519,1.349,1.348,1.35,1.3529,1.3568,1.3607,1.3636,1.3636,1.3617,1.3607,1.3607,1.3568,1.3509,1.3441,1.3363,1.3255,1.3118,1.2962,1.2805,1.2639,1.2463,1.2317,1.2209,1.2131,1.2131,1.2307,1.2737,1.3509,1.4643,1.61,1.782,1.9697,2.1613,2.346,2.4936,2.61,2.7185,2.8065,2.869,2.9052,2.9198,2.9179,2.9013,2.87,2.827,2.7732,2.7224,2.6676,2.5973,2.5171,2.4301,2.3392,2.2454,2.1496,2.0528,1.958,1.8641,1.7742,1.6891,1.6188,1.5582,1.4966,1.4389,1.39,1.35,1.3177,1.2933,1.2757,1.2659,1.262,1.263,1.2669,1.2747,1.2845,1.2933,1.3001,1.306,1.3099,1.3109,1.3089,1.305,1.3001,1.2913,1.2835,1.2757,1.2659,1.2551,1.2424,1.2287,1.2141,1.2014,1.1926,1.1916,1.2053,1.2444,1.3157,1.4037,1.5132,1.6686,1.8573,2.0665,2.2805,2.4858,2.6735,2.8348,2.9648,3.0616,3.1251,3.1564,3.1623,3.1544,3.131,3.0929,3.043,2.9844,2.9169,2.8407,2.7586,2.6735,2.5846,2.4927,2.4066,2.3226,2.2317,2.1378,2.044,1.9511,1.8612,1.7761,1.6979,1.6305,1.5728,1.5259,1.4927,1.4692,1.4487,1.4321,1.4194,1.4076,1.3969,1.3881,1.3803,1.3715,1.3646,1.3587,1.3519,1.348,1.3441,1.3372,1.3265,1.3128,1.2952,1.2757,1.2561,1.2356,1.2141,1.1945,1.173,1.1564,1.1447,1.1359,1.1427,1.175,1.2414,1.347,1.4927,1.6696,1.87,2.0811,2.2884,2.48,2.6305,2.7478,2.8534,2.9355,2.9922,3.0235,3.0303,3.0176,2.9883,2.9433,2.8866,2.8192,2.7517,2.6823,2.6031,2.5181,2.4282,2.3333,2.2366,2.1378,2.0362,1.9355,1.8387,1.7468,1.6608,1.5904,1.5298,1.4682,1.4115,1.3636,1.3245,1.2913,1.2649,1.2463,1.2326,1.2239,1.217,1.2131,1.2141,1.2141,1.2121,1.2082,1.2043,1.1994,1.1965,1.1926,1.1857,1.176,1.1632,1.1466,1.1339,1.1222,1.1056,1.085,1.0626,1.0401,1.0176,0.99902,0.99022,0.99902,1.0332,1.0987,1.1818,1.2913,1.4438,1.6295,1.8377,2.0518,2.2561,2.4409,2.5992,2.7243,2.8143,2.8719,2.9013,2.9042,2.8856,2.8534,2.8094,2.7546,2.6901,2.6168,2.5357,2.4467,2.3539,2.2581,2.1593,2.0694,1.9853,1.8944,1.8035,1.7146,1.6295,1.5484,1.4721,1.4018,1.3372,1.2805,1.2346,1.1994,1.1769,1.1632,1.1525,1.1466,1.1447,1.1447,1.1476,1.1515,1.1554,1.1603,1.1623,1.1632,1.1662,1.1701,1.1701,1.1652,1.1564,1.1437,1.1271,1.1095,1.0909,1.0723,1.0528,1.0323,1.0098,0.99316,0.97849,0.95894,0.94135,0.93646,0.9521,1.0117,1.1105,1.2278,1.3685,1.5308,1.7038,1.8563,1.9922,2.131,2.2561,2.3587,2.4379,2.4907,2.5191,2.5259,2.5122,2.4809,2.436,2.3861,2.3314,2.2659,2.1926,2.1153,2.0352,1.9541,1.8719,1.7879,1.7048,1.6246,1.5474,1.4741,1.4154,1.3646,1.3128,1.2659,1.2239,1.1887,1.1603,1.1378,1.1212,1.1124,1.1105,1.1124,1.1183,1.1281,1.1398,1.1505,1.1603,1.1691,1.1779,1.1848,1.1896,1.1945,1.1975,1.1984,1.1965,1.1945,1.1926,1.1877,1.1789,1.1662,1.1505,1.1349,1.1193,1.1056,1.0919,1.0802,1.0723,1.0733,1.088,1.1202,1.1799,1.2708,1.391,1.5396,1.7067,1.8817,2.0538,2.2111,2.347,2.4565,2.5288,2.5738,2.6041,2.6178,2.6119,2.5904,2.5562,2.5093,2.4526,2.3881,2.3157,2.2375,2.1642,2.0938,2.0147,1.9316,1.8485,1.7683,1.6911,1.6168,1.5455,1.479,1.4194,1.3675,1.3255,1.2952,1.2747,1.2581,1.2473,1.2405,1.2375,1.2366,1.2385,1.2424,1.2493,1.2581,1.2669,1.2757,1.2835,1.2893,1.2942,1.2991,1.303,1.303,1.3011,1.2981,1.2933,1.2854,1.2757,1.262,1.2502,1.2395,1.2248,1.2063,1.1857,1.1701,1.1642,1.174,1.2072,1.2678,1.3617,1.4878,1.6178,1.7546,1.9189,2.0899,2.2551,2.4037,2.5259,2.6188,2.6843,2.7243,2.7419,2.741,2.7234,2.695,2.6579,2.609,2.5513,2.4848,2.4125,2.3363,2.2571,2.175,2.0909,2.0059,1.9208,1.8475,1.782,1.7126,1.6442,1.5787,1.5191,1.4643,1.4154,1.3744,1.3412,1.3148,1.2942,1.2786,1.2698,1.2659,1.263,1.262,1.2639,1.2669,1.2708,1.2747,1.2786,1.2805,1.2796,1.2766,1.2757,1.2727,1.2649,1.2542,1.2434,1.2346,1.2258,1.216,1.2033,1.1877,1.1681,1.1476,1.132,1.1261,1.1329,1.1603,1.216,1.306,1.4291,1.5816,1.7566,1.9423,2.1261,2.2991,2.4516,2.564,2.6442,2.7116,2.7605,2.7879,2.7957,2.7849,2.7566,2.7165,2.6667,2.608,2.5435,2.48,2.4164,2.3451,2.2698,2.1906,2.1085,2.0254,1.9404,1.8543,1.7713,1.6921,1.6168,1.5464,1.4907,1.4448,1.3998,1.3607,1.3275,1.3001,1.2786,1.1056,1.1085,1.1339,1.1906,1.2835,1.39,1.5171,1.6882,1.8876,2.0987,2.3079,2.5005,2.6686,2.8074,2.914,2.9883,3.0313,3.0489,3.0459,3.0274,2.9961,2.9511,2.8964,2.8338,2.7644,2.6901,2.6119,2.5288,2.4399,2.349,2.2659,2.1848,2.0948,2.002,1.9091,1.8172,1.7312,1.65,1.5767,1.5122,1.4565,1.0587,1.0616,1.087,1.1437,1.2375,1.3695,1.5347,1.7283,1.9374,2.1476,2.346,2.523,2.6559,2.7556,2.8407,2.9042,2.9433,2.958,2.9521,2.9277,2.8895,2.8397,2.7801,2.7116,2.6354,2.5621,2.4878,2.4057,2.3177,2.2258,2.1329,2.0391,1.9453,1.8534,1.7634,1.6774,1.5973,1.5318,1.4761,1.4213,1.3705,1.3255,1.2884,1.2571,1.2317,1.2131,1.2004,1.1935,1.1896,1.1896,1.1916,1.1926,1.1926,1.1906,1.1867,1.1828,1.1769,1.1691,1.1593,1.1496,1.1398,1.13,1.1232,1.1153,1.1017,1.086,1.0665,1.044,1.0235,1.0068,1.001,1.0137,1.0508,1.1222,1.2082,1.3167,1.4692,1.6549,1.8592,2.0674,2.2678,2.4516,2.6109,2.74,2.8358,2.8993,2.9365,2.9462,2.9365,2.914,2.8788,2.8299,2.7693,2.7009,2.6256,2.5464,2.4624,2.3744,2.2825,2.1984,2.1183,2.0274,1.9326,1.8377,1.7449,1.6569,1.5748,1.4985,1.4301,1.3705,1.3187,1.2747,1.2414,1.217,1.1945,1.176,1.1652,1.1593,1.1574,1.1584,1.1613,1.1632,1.1613,1.1584,1.1574,1.1564,1.1535,1.1486,1.1417,1.1339,1.1251,1.1163,1.1056,1.0919,1.0753,1.0538,1.0303,1.0127,0.99804,0.98045,0.96676,0.96676,0.98827,1.0391,1.129,1.2561,1.4184,1.609,1.8192,2.0078,2.1779,2.3548,2.5171,2.654,2.7615,2.8368,2.8837,2.9052,2.9032,2.8837,2.8485,2.7996,2.7458,2.6882,2.6197,2.5425,2.4585,2.3695,2.2776,2.1818,2.0831,1.9834,1.8847,1.7879,1.7048,1.6295,1.5503,1.4731,1.4008,1.3343,1.2727,1.2199,1.1769,1.1417,1.1124,1.0899,1.0733,1.0645,1.0626,1.0616,1.0616,1.0626,1.0635,1.0645,1.0645,1.0645,1.0635,1.0596,1.0528,1.0489,1.045,1.0381,1.0274,1.0147,1.002,0.98729,0.9697,0.95015,0.92962,0.90909,0.89052,0.87781,0.87586,0.88759,0.91984,0.98143,1.0792,1.2151,1.3842,1.5777,1.8025,2.0342,2.2385,2.4125,2.5415,2.6354,2.7146,2.7713,2.8065,2.8192,2.8123,2.7908,2.7556,2.7097,2.654,2.5894,2.5181,2.4497,2.3812,2.304,2.2219,2.1339,2.044,1.9531,1.8651,1.783,1.7048,1.6295,1.5582,1.5015,1.4536,1.4037,1.3568,1.3157,1.2835,1.259,1.2424,1.2336,1.2307,1.2336,1.2395,1.2473,1.2571,1.2659,1.2727,1.2776,1.2786,1.2766,1.2747,1.2737,1.2708,1.2649,1.2581,1.2502,1.2454,1.2414,1.2326,1.2199,1.2043,1.1887,1.172,1.1564,1.1466,1.1476,1.1672,1.2141,1.2786,1.3656,1.4927,1.652,1.8348,2.0303,2.2268,2.4125,2.5758,2.7107,2.8152,2.8886,2.9316,2.9462,2.9413,2.9247,2.8964,2.8553,2.8045,2.7439,2.6755,2.6012,2.5239,2.4428,2.3578,2.2805,2.2063,2.1251,2.042,1.9589,1.8768,1.7977,1.7224,1.652,1.5855,1.5249,1.4721,1.4272,1.3939,1.3695,1.349,1.3314,1.3187,1.3099,1.303,1.3001,1.3011,1.303,1.306,1.3079,1.3109,1.3128,1.3118,1.3079,1.3001,1.2893,1.2786,1.2688,1.2581,1.2434,1.2278,1.2111,1.1926,1.1769,1.1623,1.1466,1.1349,1.1349,1.1544,1.2023,1.2845,1.4027,1.5552,1.7351,1.9316,2.1056,2.262,2.4252,2.5777,2.7067,2.8055,2.8749,2.9159,2.9326,2.9277,2.9062,2.8729,2.8289,2.7801,2.7253,2.6588,2.5865,2.5083,2.4262,2.3412,2.2532,2.1632,2.0723,1.9804,1.8895,1.8113,1.7429,1.6716,1.6002,1.5327,1.4712,1.4154,1.3675,1.3265,1.2952,1.2727,1.2571,1.2473,1.2444,1.2454,1.2463,1.2463,1.2463,1.2473,1.2493,1.2502,1.2502,1.2502,1.2493,1.2454,1.2424,1.2395,1.2336,1.2258,1.2141,1.1994,1.1808,1.1603,1.1398,1.1212,1.1046,1.0958,1.0997,1.1183,1.1564,1.2258,1.3314,1.4731,1.6471,1.8446,2.0518,2.2581,2.4506,2.6207,2.7625,2.8622,2.9296,2.9824,3.0147,3.0303,3.0293,3.0117,2.9814,2.9413,2.8925,2.8358,2.7732,2.7038,2.6373,2.5699,2.4927,2.4096,2.3236,2.2356,2.1466,2.0596,1.9736,1.8905,1.8113,1.738,1.6784,1.6285,1.5777,1.5327,1.4936,1.4614,1.437,1.4233,1.4164,1.4125,1.4115,1.4135,1.4164,1.4203,1.4233,1.4057,1.3773,1.3617,1.3509,1.3421,1.3343,1.3245,1.3128,1.3011,1.2884,1.2776,1.2649,1.2463,1.2239,1.2004,1.1789,1.1632,1.1623,1.1828,1.2326,1.3167,1.435,1.5865,1.738,1.8944,2.0802,2.2737,2.4575,2.6197,2.7546,2.8592,2.9335,2.9795,3.001,3.0039,2.9912,2.9648,2.9267,2.8798,2.825,2.7625,2.6901,2.6109,2.5269,2.4379,2.3441,2.2493,2.1652,2.086,2,1.912,1.826,1.7429,1.6637,1.5914,1.5269,1.4721,1.4272,1.39,1.3617,1.3441,1.3324,1.3216,1.3138,1.3099,1.3099,1.3118,1.3128,1.3118,1.3089,1.305,1.3001,1.2962,1.2923,1.2835,1.2727,1.26,1.2473,1.2317,1.2131,1.1916,1.1672,1.1417,1.1183,1.1007,1.0948,1.1056,1.1388,1.2043,1.3079,1.4477,1.6178,1.8074,2.0059,2.1984,2.3754,2.5288,2.6393,2.7185,2.784,2.8289,2.8524,2.8563,2.8426,2.8113,2.7654,2.7087,2.6442,2.5709,2.4917,2.4164,2.3421,2.259,2.1681,2.0733,1.9756,1.8759,1.7771,1.6794,1.5865,1.4985,1.4164,1.3519,1.3001,1.2483,1.2023,1.1642,1.131,1.1036,1.0821,1.0665,1.0587,1.0567,1.0557,1.0547,1.0567,1.0596,1.0616,1.0626,1.0626,1.0626,1.0616,1.0587,1.0547,1.0499,1.042,1.0313,1.0235,1.0176,1.0078,0.99609,0.98143,0.96285,0.9433,0.92571,0.913,0.91007,0.92375,0.96285,1.0352,1.1241,1.2336,1.3842,1.566,1.7634,1.9658,2.1593,2.3333,2.4809,2.5963,2.6794,2.7341,2.7605,2.7654,2.7566,2.7331,2.696,2.6471,2.5894,2.5239,2.4516,2.3754,2.2952,2.2102,2.1232,2.045,1.9697,1.8866,1.8016,1.7185,1.6393,1.564,1.4946,1.4301,1.3744,1.3284,1.2893,1.262,1.2444,1.2297,1.219,1.2131,1.2131,1.2151,1.218,1.2209,1.2219,1.2239,1.2248,1.2229,1.2219,1.2219,1.219,1.2131,1.2053,1.1965,1.1877,1.1789,1.1701,1.1603,1.1476,1.131,1.1153,1.0997,1.0811,1.0645,1.0528,1.0518,1.0714,1.1193,1.2004,1.3167,1.4663,1.6422,1.8368,2.0108,2.1681,2.3333,2.4848,2.6119,2.7107,2.7791,2.8182,2.8338,2.8289,2.8065,2.7683,2.7224,2.6696,2.6061,2.5367,2.4624,2.3851,2.304,2.218,2.129,2.0479,1.9717,1.8905,1.8182,1.7527,1.6833,1.6158,1.5523,1.4956,1.4477,1.4076,1.3744,1.35,1.3324,1.3206,1.3148,1.3148,1.3187,1.3255,1.3314,1.3372,1.3412,1.3421,1.3402,1.3372,1.3333,1.3294,1.3255,1.3236,1.3226,1.3177,1.3089,1.2972,1.2825,1.2669,1.2502,1.2317,1.2151,1.2053,1.2072,1.2287,1.2659,1.3255,1.4203,1.5474,1.7019,1.8759,2.0587,2.2375,2.4018,2.5455,2.6618,2.7507,2.8055,2.8338,2.8485,2.8485,2.8338,2.8035,2.7595,2.7048,2.6422,2.5728,2.4985,2.4203,2.3392,2.2649,2.1935,2.1134,2.0293,1.9453,1.8631,1.784,1.7087,1.6383,1.5748,1.5191,1.4712,1.437,1.4115,1.3871,1.3656,1.347,1.3343,1.3255,1.3196,1.3157,1.3148,1.3157,1.3187,1.3206,1.3236,1.3265,1.3255,1.3226,1.3157,1.306,1.2942,1.2815,1.2669,1.2512,1.2346,1.218,1.2053,1.1935,1.1779,1.1603,1.1457,1.1378,1.1437,1.1701,1.2258,1.3148,1.4399,1.5963,1.7752,1.9404,2.0948,2.263,2.4233,2.563,2.6774,2.7625,2.8162,2.8436,2.8475,2.8328,2.8035,2.7654,2.7204,2.6657,2.6022,2.5337,2.4624,2.3851,2.304,2.218,2.129,2.0391,1.9501,1.8631,1.7879,1.7204,1.6481,1.5767,1.5112,1.4516,1.4008,1.3578,1.3226,1.2952,1.2757,1.262,1.2551,1.2532,1.2542,1.259,1.2659,1.2727,1.2776,1.2786,1.2776,1.2776,1.2776,1.2757,1.2698,1.2659,1.263,1.2551,1.2434,1.2287,1.2131,1.1955,1.1769,1.1564,1.1378,1.1241,1.1193,1.1271,1.1496,1.1955,1.2708,1.3773,1.5152,1.6755,1.8514,2.0323,2.2053,2.3587,2.4878,2.5875,2.65,2.6843,2.7028,2.7067,2.697,2.6725,2.6364,2.5875,2.5288,2.4624,2.391,2.3138,2.2414,2.1711,2.0909,2.0059,1.9198,1.8348,1.7517,1.6706,1.5934,1.521,1.4545,1.3949,1.3421,1.303,1.2747,1.2463,1.2219,1.2023,1.1877,1.1769,1.1701,1.1672,1.1652,1.1662,1.1711,1.1789,1.1877,1.1945,1.1984,1.2004,1.2014,1.2014,1.1994,1.1945,1.1877,1.1789,1.1672,1.1574,1.1486,1.1378,1.1261,1.1134,1.0997,1.088,1.0802,1.0831,1.1056,1.1544,1.2366,1.3539,1.479,1.6168,1.7879,1.9873,2.1975,2.39,2.5552,2.6862,2.7849,2.8524,2.8935,2.911,2.9081,2.8895,2.8592,2.8172,2.7634,2.7009,2.6315,2.5562,2.4761,2.393,2.3069,2.2209,2.1339,2.0547,1.9795,1.9013,1.825,1.7507,1.6813,1.6188,1.564,1.5181,1.48,1.4497,1.4262,1.4115,1.4027,1.3969,1.3939,1.393,1.392,1.392,1.392,1.392,1.393,1.3949,1.3959,1.3939,1.391,1.3871,1.3793,1.3695,1.3587,1.346,1.3324,1.3187,1.304,1.2864,1.2659,1.2434,1.2268,1.2151,1.2063,1.2111,1.2395,1.2991,1.3949,1.5279,1.6931,1.8827,2.0831,2.2815,2.4673,2.6119,2.7253,2.827,2.9062,2.9599,2.9873,2.9922,2.9765,2.9462,2.9013,2.8456,2.7801,2.7146,2.6481,2.5718,2.4907,2.4057,2.3167,2.2258,2.1339,2.043,1.9531,1.8651,1.782,1.7038,1.6393,1.5855,1.5318,1.4809,1.436,1.3988,1.3695,1.347,1.3284,1.3148,1.305,1.2981,1.2942,1.2923,1.2874,1.2796,1.2717,1.262,1.2522,1.2424,1.2336,1.2239,1.2151,1.2033,1.1877,1.174,1.1593,1.1378,1.1144,1.0909,1.0674,1.0469,1.0332,1.0303,1.0459,1.088,1.1662,1.26,1.3734,1.5279,1.7107,1.9071,2.1007,2.2776,2.4301,2.5513,2.6403,2.6989,2.7292,2.7351,2.7214,2.6931,2.651,2.5973,2.5327,2.4594,2.3812,2.2991,2.2141,2.1261,2.0342,1.9404,1.8583,1.782,1.697,1.6119,1.5298,1.4526,1.3812,1.3177,1.262,1.2141,1.175,1.1447,1.1241,1.1124,1.1075,1.1056,1.1046,1.1046,1.1085,1.1153,1.1232,1.132,1.1388,1.1417,1.1437,1.1466,1.1505,1.1515,1.1486,1.1417,1.1339,1.1232,1.1085,1.0929,1.0772,1.0596,1.0411,1.0254,1.0117,0.99316,0.97458,0.9609,0.95699,0.97263,1.0127,1.0841,1.1916,1.3314,1.4995,1.6872,1.8563,2.0137,2.1799,2.3343,2.4673,2.5728,2.6471,2.6921,2.7097,2.7048,2.6823,2.6452,2.5982,2.5435,2.478,2.4037,2.3216,2.2346,2.1427,2.0518,1.9599,1.8661,1.7752,1.6891,1.608,1.5406,1.4809,1.4203,1.3627,1.3099,1.263,1.2258,1.1994,1.1828,1.173,1.1701,1.174,1.1818,1.1926,1.2053,1.217,1.2258,1.2326,1.2385,1.2444,1.2483,1.2493,1.2581,1.2717,1.2757,1.2747,1.2717,1.2659,1.259,1.2512,1.2414,1.2287,1.2131,1.1955,1.1769,1.1613,1.1564,1.1642,1.1906,1.2424,1.3255,1.4448,1.5963,1.7703,1.958,2.1476,2.3265,2.4858,2.6188,2.7253,2.7947,2.8368,2.8622,2.868,2.8573,2.8328,2.7947,2.7458,2.6862,2.6188,2.5445,2.4633,2.3871,2.3138,2.2336,2.1486,2.0626,1.9765,1.8925,1.8113,1.7331,1.6598,1.5924,1.5347,1.4839,1.4467,1.4203,1.3969,1.3783,1.3656,1.3597,1.3587,1.3617,1.3685,1.3783,1.39,1.4018,1.4125,1.4203,1.4242,1.4262,1.4272,1.4252,1.4203,1.4154,1.4115,1.4047,1.3949,1.3832,1.3705,1.3607,1.35,1.3363,1.3226,1.3099,1.306,1.3206,1.3607,1.4321,1.5396,1.6823,1.8573,2.0244,2.1867,2.3675,2.5455,2.7067,2.8436,2.9521,3.0303,3.0821,3.1085,3.1124,3.0997,3.0704,3.0303,2.9824,2.9247,2.8592,2.7859,2.7067,2.6237,2.5376,2.4487,2.3607,2.2717,2.1808,2.1017,2.0293,1.9531,1.8778,1.8065,1.7419,1.6843,1.6334,1.5894,1.5543,1.5269,1.5064,1.4917,1.4819,1.4761,1.4721,1.4702,1.4692,1.4682,1.4682,1.4663,1.4633,1.4585,1.4516,1.4438,1.4379,1.4301,1.4184,1.4057,1.392,1.3744,1.3548,1.3324,1.3089,1.2884,1.2747,1.2737,1.2942,1.3333,1.3988,1.5054,1.6491,1.8231,2.0176,2.218,2.4096,2.5826,2.7292,2.8465,2.9316,2.9824,3.0078,3.0186,3.0127,2.9912,2.957,2.912,2.8573,2.7937,2.7214,2.6422,2.5591,2.4819,2.4047,2.3167,2.2239,2.1281,2.0323,1.9384,1.8475,1.7615,1.6804,1.6051,1.5376,1.477,1.4311,1.3949,1.3607,1.3294,1.305,1.2874,1.2757,1.2688,1.2649,1.263,1.262,1.262,1.2639,1.2669,1.2688,1.2669,1.262,1.2551,1.2463,1.2375,1.2268,1.2121,1.1965,1.1789,1.1603,1.1457,1.1329,1.1153,1.0948,1.0772,1.0655,1.0674,1.0929,1.1466,1.2356,1.3597,1.5152,1.6696,1.824,2.001,2.1799,2.347,2.4917,2.607,2.6931,2.7488,2.7761,2.7801,2.7634,2.7292,2.6862,2.6364,2.5758,2.5054,2.4291,2.347,2.26,2.1691,2.0772,1.9844,1.8915,1.8006,1.7224,1.653,1.5777,1.5034,1.4174,1.3294,1.263,1.2121,1.173,1.1417,1.1173,1.1007,1.0919,1.089,1.0919,1.0978,1.1046,1.1124,1.1212,1.13,1.1359,1.1388,1.1408,1.1408,1.1369,1.1339,1.132,1.1251,1.1144,1.1007,1.086,1.0723,1.0577,1.0411,1.0215,1.001,0.98045,0.96383,0.95699,0.96285,0.98436,1.0323,1.1114,1.2239,1.3685,1.5376,1.7204,1.9052,2.0802,2.2336,2.348,2.4301,2.4956,2.5406,2.564,2.567,2.5523,2.522,2.478,2.4233,2.3607,2.2893,2.2111,2.1388,2.0684,1.9912,1.912,1.8299,1.7458,1.6628,1.5816,1.5015,1.4262,1.3578,1.2962,1.2502,1.2151,1.1808,1.1535,1.132,1.1163,1.1075,1.1046,1.1065,1.1114,1.1183,1.1261,1.1339,1.1437,1.1535,1.1632,1.172,1.1799,1.1857,1.1896,1.1906,1.1877,1.1818,1.175,1.1652,1.1564,1.1476,1.1339,1.1193,1.1026,1.087,1.0723,1.0626,1.0635,1.085,1.132,1.2102,1.3216,1.4409,1.5738,1.741,1.9238,2.1046,2.2708,2.4154,2.5318,2.6168,2.6725,2.7028,2.7116,2.7028,2.6804,2.6452,2.5992,2.5455,2.4839,2.4154,2.3421,2.2649,2.1818,2.0968,2.0098,1.9208,1.8436,1.7732,1.6999,1.6266,1.5572,1.4927,1.434,1.3822,1.3372,1.3001,1.2717,1.2522,1.2414,1.2375,1.2366,1.2375,1.2414,1.2493,1.259,1.2708,1.2825,1.2952,1.3079,1.3187,1.3275,1.3353,1.3402,1.3412,1.3402,1.3372,1.3333,1.3284,1.3206,1.3099,1.2981,1.2854,1.2737,1.2669,1.2669,1.2766,1.304,1.3568,1.4399,1.5562,1.7038,1.8749,2.0587,2.2444,2.4223,2.5621,2.6706,2.7703,2.8495,2.9052,2.9374,2.9472,2.9384,2.9159,2.8788,2.8289,2.7693,2.7019,2.6364,2.5689,2.4936,2.4125,2.3284,2.2414,2.1535,2.0655,1.9795,1.8954,1.8133,1.7341,1.6696,1.6158,1.5621,1.5122,1.4702,1.435,1.4066,1.3861,1.3715,1.3617,1.3558,1.3529,1.3509,1.3509,1.3519,1.3529,1.3519,1.349,1.346,1.3421,1.3372,1.3294,1.3187,1.3069,1.2942,1.2845,1.2727,1.2561,1.2385,1.2209,1.2043,1.1935,1.1945,1.2131,1.2571,1.3343,1.4467,1.5904,1.7322,1.8768,2.0459,2.219,2.3812,2.521,2.6344,2.7175,2.7732,2.8055,2.825,2.8309,2.8172,2.7889,2.7478,2.696,2.6344,2.567,2.4936,2.4154,2.3343,2.2502,2.1632,2.0743,1.9834,1.9042,1.8319,1.7546,1.6784,1.6051,1.5347,1.4712,1.4164,1.3685,1.3275,1.2952,1.2708,1.2551,1.2463,1.2375,1.2317,1.2287,1.2268,1.2268,1.2287,1.2326,1.2356,1.2366,1.2375,1.2375,1.2385,1.2385,1.2336,1.2248,1.2121,1.1975,1.1818,1.1642,1.1447,1.1241,1.1036,1.0831,1.0704,1.0635,1.0635,1.0792,1.1193,1.1877,1.2893,1.4233,1.5806,1.7556,1.9374,2.1144,2.2766,2.4027,2.4966,2.5777,2.6383,2.6755,2.6891,2.6852,2.6667,2.6344,2.5894,2.5337,2.4702,2.4057,2.3412,2.2669,2.1867,2.1017,2.0147,1.9267,1.8377,1.7507,1.6676,1.5875,1.5122,1.4438,1.392,1.35,1.3089,1.2727,1.2405,1.2141,1.1935,1.1808,1.173,1.1691,1.1691,1.174,1.1818,1.1906,1.1994,1.2082,1.2151,1.218,1.2199,1.2209,1.2209,1.219,1.2131,1.2063,1.2023,1.1975,1.1887,1.1769,1.1623,1.1466,1.13,1.1124,1.0978,1.087,1.087,1.1056,1.1505,1.2131,1.2981,1.4203,1.5709,1.7419,1.9218,2.0978,2.26,2.4018,2.5171,2.6041,2.6618,2.6911,2.6989,2.695,2.6764,2.6452,2.6031,2.5523,2.4936,2.4282,2.3578,2.2825,2.2023,2.1193,2.045,1.9746,1.8993,1.8231,1.7478,1.6745,1.6051,1.5406,1.4809,1.4282,1.3851,1.3509,1.3275,1.3109,1.2991,1.2913,1.2874,1.2874,1.2893,1.2923,1.2962,1.3001,1.304,1.3079,1.3118,1.3167,1.3187,1.3177,1.3148,1.3089,1.3001,1.2893,1.2786,1.2678,1.2551,1.2405,1.2239,1.2111,1.1994,1.1857,1.176,1.1769,1.1984,1.2502,1.3353,1.4545,1.6041,1.7771,1.9638,2.1505,2.306,2.436,2.5611,2.6686,2.7517,2.8084,2.8407,2.8524,2.8465,2.826,2.7928,2.7478,2.6989,2.6461,2.5836,2.5142,2.4389,2.3587,2.2766,2.1935,2.1085,2.0244,1.9423,1.8612,1.783,1.7165,1.6579,1.5973,1.5406,1.4888,1.4448,1.4096,1.3803,1.3568,1.3402,1.3284,1.3216,1.3196,1.3226,1.3255,1.3294,1.3333,1.3353,1.3343,1.3314,1.3284,1.3245,1.3187,1.3089,1.2981,1.2893,1.2815,1.2698,1.2561,1.2307,1.1984,1.172,1.1496,1.132,1.129,1.1515,1.2063,1.2786,1.3754,1.5161,1.6891,1.8827,2.0831,2.2766,2.4526,2.6061,2.7322,2.827,2.8905,2.9257,2.9355,2.9247,2.8983,2.8583,2.8084,2.7507,2.6862,2.6149,2.5357,2.4506,2.3597,2.2649,2.1808,2.0997,2.0088,1.9159,1.8221,1.7312,1.6452,1.564,1.4878,1.4203,1.3627,1.3128,1.2708,1.2434,1.2248,1.2082,1.1965,1.1896,1.1887,1.1926,1.1984,1.2043,1.2102,1.2131,1.2141,1.217,1.2209,1.2219,1.219,1.2121,1.2043,1.1935,1.1789,1.1623,1.1447,1.1261,1.1075,1.088,1.0733,1.0635,1.0567,1.0616,1.086,1.1378,1.2248,1.35,1.5103,1.6989,1.9062,2.1173,2.2952,2.4457,2.5934,2.7214,2.8211,2.8925,2.9355,2.9521,2.9472,2.9238,2.8856,2.8348,2.7781,2.7155,2.6442,2.567,2.4829,2.392,2.2981,2.2014,2.1026,2.0039,1.9062,1.8113,1.7224,1.6491,1.5846,1.5171,1.4526,1.3949,1.3441,1.3001,1.2639,1.2366,1.217,1.2043,1.1984,1.1984,1.2043,1.2121,1.2199,1.2248,1.2278,1.2287,1.2297,1.2297,1.2278,1.2219,1.2141,1.2043,1.1955,1.1867,1.173,1.1564,1.1378,1.1173,1.0958,1.0772,1.0626,1.0567,1.0694,1.1075,1.1632,1.2444,1.3666,1.5259,1.7116,1.911,2.1114,2.3001,2.4682,2.6109,2.7243,2.8055,2.8563,2.8788,2.8778,2.8612,2.8309,2.7869,2.7312,2.6676,2.5963,2.5171,2.433,2.346,2.2581,2.1799,2.1046,2.0186,1.9277,1.8338,1.741,1.651,1.565,1.4858,1.4164,1.3558,1.303,1.259,1.2307,1.2111,1.1945,1.1818,1.173,1.1691,1.1672,1.1681,1.173,1.1789,1.1857,1.1916,1.1965,1.2014,1.2014,1.1965,1.1896,1.1808,1.1701,1.1574,1.1417,1.1251,1.1085,1.0919,1.0733,1.0577,1.044,1.0264,1.0137,1.0127,1.0332,1.0831,1.1691,1.2952,1.4585,1.65,1.8563,2.0391,2.2033,2.3734,2.5298,2.6608,2.7605,2.8319,2.8759,2.8944,2.8905,2.869,2.8319,2.783,2.7292,2.6696,2.6002,2.5239,2.4399,2.3519,2.261,2.1672,2.0704,1.9736,1.8768,1.783,1.7048,1.6364,1.566,1.5005,1.4418,1.392,1.349,1.3138,1.2854,1.263,1.2473,1.2395,1.2366,1.2395,1.2444,1.2493,1.2532,1.2581,1.263,1.2649,1.2639,1.261,1.2561,1.2493,1.2405,1.2346,1.2307,1.2248,1.2151,1.2023,1.1857,1.1642,1.1388,1.1144,1.0948,1.087,1.0968,1.1339,1.1906,1.2708,1.392,1.5513,1.737,1.9374,2.1408,2.3353,2.5112,2.6588,2.7761,2.8602,2.9091,2.9326,2.9423,2.9355,2.912,2.8739,2.824,2.7634,2.694,2.6168,2.5337,2.4457,2.3529,2.2678,2.1857,2.0958,2.001,1.9042,1.8113,1.7234,1.6422,1.567,1.4995,1.4409,1.391,1.3548,1.3304,1.3089,1.2923,1.2796,1.2727,1.2698,1.2708,1.2737,1.2786,1.2845,1.2903,1.2972,1.3011,1.3011,1.2972,1.2903,1.2815,1.2708,1.26,1.2483,1.2375,1.2278,1.216,1.2004,1.1867,1.1711,1.1515,1.1339,1.1241,1.132,1.1672,1.2375,1.348,1.4985,1.6823,1.8886,2.0753,2.2473,2.4291,2.6002,2.7488,2.8671,2.9521,3.0049,3.0303,3.0303,3.0088,2.9707,2.9189,2.8612,2.7986,2.7273,2.6491,2.566,2.48,2.392,2.3001,2.2043,2.1075,2.0088,1.912,1.8309,1.7595,1.6843,1.608,1.5367,1.4731,1.4184,1.3744,1.3412,1.3157,1.2972,1.2845,1.2757,1.2727,1.2747,1.2786,1.2815,1.2825,1.2825,1.2796,1.2757,1.2717,1.2659,1.2571,1.2473,1.2395,1.2307,1.217,1.2014,1.1838,1.1652,1.1466,1.1271,1.1056,1.085,1.0714,1.0704,1.0899,1.1281,1.1916,1.2962,1.4389,1.6158,1.8162,2.0293,2.2405,2.436,2.6061,2.7458,2.8524,2.9198,2.956,2.9746,2.9746,2.955,2.9179,2.8671,2.8055,2.7341,2.6579,2.5777,2.4927,2.4037,2.3216,2.2414,2.1515,2.0567,1.9609,1.8631,1.7664,1.6735,1.5855,1.5064,1.436,1.3744,1.3284,1.2923,1.259,1.2317,1.2111,1.1955,1.1857,1.1808,1.1779,1.1779,1.1789,1.1808,1.1838,1.1887,1.1935,1.1965,1.1965,1.1935,1.1867,1.1779,1.1652,1.1486,1.13,1.1105,1.0899,1.0733,1.0596,1.0411,1.0196,0.99902,0.98631,0.99022,1.0186,1.0811,1.1828,1.3226,1.4976,1.7009,1.8886,2.0655,2.2581,2.4418,2.6041,2.74,2.8446,2.9159,2.955,2.9677,2.958,2.9306,2.8925,2.8456,2.7869,2.7204,2.6452,2.5552,2.4575,2.3656,2.2747,2.1818,2.087,1.9922,1.9003,1.8221,1.7537,1.6813,1.609,1.5396,1.477,1.4223,1.3744,1.3343,1.3021,1.2776,1.2639,1.2581,1.2571,1.259,1.262,1.2669,1.2737,1.2805,1.2864,1.2913,1.2962,1.3001,1.3011,1.3011,1.3011,1.2972,1.2884,1.2766,1.263,1.2473,1.2297,1.2121,1.1945,1.1769,1.1603,1.1466,1.1427,1.1505,1.1769,1.2317,1.3196,1.4438,1.6012,1.7859,1.9883,2.1935,2.3881,2.5601,2.6872,2.781,2.8592,2.914,2.9462,2.958,2.9511,2.9286,2.8925,2.8446,2.7869,2.7214,2.65,2.5806,2.5112,2.4321,2.349,2.262,2.172,2.0811,1.9902,1.9022,1.8172,1.737,1.6618,1.6012,1.5523,1.5024,1.4575,1.4194,1.3891,1.3656,1.349,1.3402,1.3363,1.3372,1.3392,1.3431,1.348,1.3539,1.3587,1.3617,1.3607,1.3578,1.3548,1.349,1.3392,1.3275,1.3148,1.3001,1.2874,1.2737,1.2571,1.2395,1.2209,1.2014,1.1838,1.175,1.1848,1.2199,1.2864,1.39,1.5318,1.6784,1.8328,2.0186,2.2151,2.4066,2.5787,2.7253,2.8416,2.9267,2.9844,3.0166,3.0244,3.0117,2.9834,2.9433,2.8915,2.8319,2.7654,2.6931,2.6149,2.5318,2.4448,2.3548,2.262,2.1672,2.0811,2.001,1.9159,1.8299,1.7468,1.6667,1.5914,1.5249,1.4673,1.4203,1.3822,1.3519,1.3324,1.3187,1.3069,1.2972,1.2903,1.2864,1.2874,1.2893,1.2933,1.2972,1.2991,1.2981,1.2952,1.2933,1.2923,1.2884,1.2815,1.2708,1.26,1.2473,1.2326,1.216,1.1984,1.1789,1.1564,1.1398,1.13,1.1271,1.1417,1.1828,1.2581,1.3715,1.523,1.7058,1.9081,2.1173,2.3206,2.5054,2.6471,2.7537,2.8495,2.9238,2.9736,2.998,3.002,2.9873,2.9589,2.9169,2.8631,2.7996,2.7351,2.6676,2.5914,2.5083,2.3978,2.2962,2.2209,2.1329,2.0401,1.9472,1.8553,1.7683,1.6862,1.6188,1.5611,1.5034,1.4526,1.4076,1.3705,1.3402,1.3167,1.2991,1.2864,1.2776,1.2737,1.2747,1.2786,1.2805,1.2815,1.2825,1.2805,1.2776,1.2727,1.2659,1.2571,1.2483,1.2395,1.2297,1.2219,1.2131,1.1994,1.1818,1.1613,1.1388,1.1183,1.1046,1.1017,1.1173,1.1603,1.218,1.2815,1.3832,1.5357,1.7214,1.9267,2.1359,2.3343,2.5103,2.6598,2.7781,2.8641,2.9198,2.9453,2.9482,2.9355,2.9091,2.8719,2.8231,2.7654,2.6999,2.6266,2.5474,2.4624,2.3734,2.2815,2.1975,2.1163,2.0244,1.9286,1.8338,1.74,1.65,1.566,1.4888,1.4203,1.3617,1.3138,1.2796,1.2542,1.2326,1.216,1.2043,1.1975,1.1935,1.1916,1.1906,1.1906,1.1887,1.1857,1.1818,1.1799,1.1789,1.174,1.1662,1.1574,1.1476,1.1369,1.1241,1.1085,1.0909,1.0723,1.0518,1.0352,1.0215,1.0029,0.98534,0.97849,0.99413,1.0401,1.1222,1.2424,1.4018,1.5924,1.8035,2.0205,2.2043,2.3607,2.5171,2.6559,2.7693,2.8543,2.911,2.9296,2.9267,2.914,2.8827,2.8348,2.781,2.7234,2.6588,2.5885,2.5132,2.4321,2.347,2.2571,2.1632,2.0665,1.9687,1.8719,1.7781,1.697,1.6266,1.5552,1.4868,1.4252,1.3724,1.3294,1.2962,1.2717,1.2551,1.2463,1.2444,1.2483,1.2561,1.2649,1.2727,1.2786,1.2835,1.2884,1.2913,1.2903,1.2874,1.2835,1.2786,1.2698,1.262,1.2551,1.2434,1.2268,1.2072,1.1867,1.1662,1.1437,1.1202,1.1017,1.0938,1.1046,1.1329,1.1877,1.2825,1.4164,1.5855,1.781,1.9902,2.2014,2.4027,2.5826,2.7351,2.8553,2.9423,2.9912,3.0127,3.0196,3.0127,2.9912,2.955,2.9081,2.8504,2.784,2.7097,2.6305,2.5455,2.4643,2.3861,2.2991,2.2072,2.1134,2.0176,1.9208,1.825,1.7331,1.6471,1.5679,1.4966,1.435,1.3881,1.3529,1.3216,1.2962,1.2766,1.262,1.2522,1.2454,1.2405,1.2395,1.2405,1.2405,1.2414,1.2424,1.2405,1.2375,1.2307,1.2209,1.2072,1.1906,1.172,1.1535,1.1349,1.1163,1.0978,1.0841,1.0723,1.0596,1.0528,1.0616,1.0938,1.1574,1.2571,1.392,1.5582,1.8025,2.0323,2.1691,2.303,2.4497,2.5855,2.6999,2.7869,2.8456,1.219,1.2581,1.3196,1.4037,1.5093,1.6295,1.7586,1.8876,2.0078,2.1134,2.2004,2.259,2.2952,2.3187,2.3275,2.3216,2.3021,2.2698,2.2268,2.176,2.1183,2.0547,1.9863,1.9218,1.8592,1.7879,1.7136,1.6393,1.567,1.4966,1.3978,1.2805,1.1848,1.1065,1.042,0.98925,0.9521,0.92669,0.90518,0.88954,0.88172,0.88074,0.88465,0.89247,0.90029,0.90909,0.91789,0.92669,0.93744,0.94721,0.95308,0.95601,0.95797,0.95894,0.95894,0.95894,0.95797,0.95406,0.94721,0.93744,0.92473,0.91496,0.90518,0.89052,0.87292,0.85435,0.83675,0.82209,0.81525,0.82209,0.84946,0.9042,0.99022,1.087,1.1994,1.346,1.5152,1.6931,1.868,2.0293,2.1681,2.2796,2.3617,2.4135,2.4389,2.4399,2.4242,2.3959,2.3539,2.2981,2.2326,2.1584,2.0772,1.9902,1.8993,1.8045,1.7107,1.6178,1.5386,1.4673,1.391,1.3177,1.2493,1.1877,1.1329,1.086,1.0489,1.0215,1.002,0.99022,0.98729,0.9912,0.99902,1.0108,1.0254,1.0411,1.0596,1.0782,1.0958,1.1134,1.129,1.1437,1.1574,1.1701,1.1789,1.1838,1.1857,1.1857,1.1828,1.1769,1.1672,1.1544,1.1378,1.1193,1.1026,1.0948,1.0987,1.1193,1.1652,1.2424,1.3539,1.4995,1.6735,1.8622,2.0538,2.2375,2.4037,2.5445,2.6442,2.7097,2.7605,2.7918,2.8016,2.7918,2.7654,2.7234,2.6696,2.6061,2.5347,2.4585,2.3851,2.3118,2.2287,2.1427,2.0567,1.9717,1.8886,1.8104,1.737,1.6686,1.6061,1.5494,1.5024,1.4673,1.4409,1.4194,1.4047,1.3969,1.3939,1.3949,1.3988,1.4047,1.4135,1.4252,1.437,1.4467,1.4565,1.4633,1.4673,1.4682,1.4663,1.4614,1.4536,1.4428,1.4311,1.4184,1.4047,1.3891,1.3724,1.3568,1.3412,1.3294,1.3275,1.3431,1.3851,1.4604,1.5728,1.7175,1.8895,2.0772,2.2424,2.3871,2.5386,2.6804,2.8025,2.9003,2.9717,3.0137,3.0303,3.0264,3.0039,2.9638,2.911,2.8524,2.7889,2.7155,2.6344,2.5484,2.4585,2.3636,2.2678,2.173,2.0811,1.9932,1.9091,1.8377,1.7771,1.7155,1.6569,1.6022,1.5533,1.5112,1.4761,1.4497,1.4321,1.4203,1.4125,1.4066,1.4037,1.4027,1.4027,1.4027,1.4018,1.3988,1.3949,1.3891,1.3812,1.3705,1.3558,1.3382,1.3236,1.3099,1.2923,1.2698,1.2444,1.219,1.1945,1.1691,1.1447,1.1251,1.1153,1.1222,1.1525,1.1994,1.2688,1.3754,1.5142,1.6764,1.8495,2.0235,2.1848,2.3236,2.435,2.5171,2.5679,2.5894,2.5875,2.5689,2.5357,2.4897,2.434,2.3695,2.2962,2.217,2.1329,2.044,1.9531,1.8612,1.7801,1.7077,1.6285,1.5474,1.4682,1.3949,1.3265,1.2649,1.2111,1.1623,1.1212,1.088,1.0674,1.0567,1.0479,1.043,1.043,1.045,1.0479,1.0518,1.0567,1.0626,1.0694,1.0743,1.0792,1.0841,1.089,1.0899,1.089,1.0841,1.0753,1.0655,1.0538,1.042,1.0293,1.0147,0.99804,0.98534,0.97458,0.9609,0.94624,0.93255,0.92571,0.93157,0.95503,1.002,1.0782,1.1838,1.3148,1.4428,1.5689,1.7136,1.8592,1.9922,2.1036,2.1906,2.2522,2.2893,2.3021,2.2933,2.2688,2.2297,2.1848,2.1349,2.0743,2.0059,1.9306,1.8514,1.7683,1.6843,1.6022,1.522,1.4467,1.3754,1.3177,1.2698,1.2209,1.1769,1.1388,1.1105,1.089,1.0743,1.0665,1.0665,1.0733,1.0811,1.0899,1.0997,1.1124,1.1271,1.1427,1.1584,1.174,1.1867,1.1975,1.2053,1.2102,1.2131,1.2141,1.2151,1.2131,1.2082,1.2014,1.1926,1.1799,1.1652,1.1496,1.1329,1.1153,1.1017,1.0958,1.1026,1.1232,1.1632,1.2326,1.3343,1.4663,1.6217,1.7928,1.9687,2.1369,2.2874,2.4154,2.5171,2.5826,2.6188,2.6364,2.6354,2.6168,2.5836,2.5367,2.48,2.4154,2.346,2.2717,2.1926,2.1105,2.0362,1.9648,1.8856,1.8074,1.7322,1.6608,1.5934,1.5308,1.4731,1.4213,1.3773,1.3412,1.3157,1.3001,1.2893,1.2825,1.2805,1.2815,1.2864,1.2942,1.305,1.3157,1.3265,1.3353,1.3402,1.3441,1.3451,1.3421,1.3392,1.3343,1.3284,1.3226,1.3148,1.305,1.2923,1.2776,1.26,1.2454,1.2336,1.2239,1.2209,1.2336,1.2698,1.3372,1.437,1.566,1.7214,1.8915,2.0645,2.2317,2.3646,2.4673,2.5611,2.6364,2.6862,2.7116,2.7175,2.7058,2.6784,2.6354,2.5816,2.52,2.4604,2.3988,2.3294,2.2551,2.1779,2.0997,2.0205,1.9413,1.8622,1.783,1.7058,1.6325,1.563,1.5073,1.4614,1.4145,1.3715,1.3353,1.305,1.2815,1.2649,1.2532,1.2454,1.2405,1.2385,1.2385,1.2385,1.2366,1.2356,1.2346,1.2326,1.2278,1.2219,1.2121,1.1994,1.1848,1.1701,1.1544,1.1427,1.132,1.1193,1.1046,1.088,1.0694,1.0518,1.0626,1.0938,1.1261,1.176,1.2522,1.3402,1.4477,1.5924,1.7615,1.9423,2.1241,2.2942,2.4409,2.5582,2.6432,2.6979,2.7253,2.7292,2.7146,2.6843,2.6403,2.5836,2.5171,2.4409,2.3587,2.2727,2.1838,2.0909,1.999,1.9081,1.8299,1.7586,1.6823,1.6041,1.5269,1.4536,1.3871,1.3294,1.2805,1.2414,1.2121,1.1906,1.1799,1.176,1.174,1.175,1.1789,1.1857,1.1935,1.2014,1.2102,1.219,1.2278,1.2346,1.2375,1.2414,1.2444,1.2424,1.2346,1.2219,1.2082,1.1945,1.1789,1.1593,1.1388,1.1173,1.0958,1.0792,1.0674,1.0587,1.0587,1.0753,1.1163,1.1877,1.2923,1.4282,1.5914,1.7713,1.957,2.1369,2.2815,2.3959,2.4995,2.5816,2.6383,2.6696,2.6784,2.6676,2.6393,2.5963,2.5396,2.4741,2.4086,2.3412,2.2639,2.1808,2.0938,2.0049,1.9159,1.828,1.7449,1.6667,1.5914,1.522,1.4594,1.4106,1.3724,1.3382,1.3089,1.2864,1.2698,1.26,1.2561,1.2571,1.262,1.2688,1.2766,1.2874,1.3021,1.3148,1.3255,1.3353,1.3421,1.346,1.346,1.3421,1.3363,1.3284,1.3206,1.3118,1.306,1.3011,1.2913,1.2776,1.262,1.2463,1.2336,1.2297,1.2405,1.2747,1.3412,1.4418,1.5543,1.6823,1.8475,2.0332,2.2239,2.4047,2.564,2.694,2.7918,2.8602,2.8983,2.911,2.9042,2.8837,2.8514,2.8065,2.7517,2.6891,2.6178,2.5386,2.4536,2.3636,2.2708,2.176,2.0802,1.9971,1.9238,1.8475,1.7722,1.6999,1.6325,1.5699,1.5142,1.4663,1.4272,1.3969,1.3734,1.3587,1.3529,1.3539,1.3568,1.3627,1.3715,1.3832,1.3959,1.4086,1.4194,1.4272,1.433,1.4379,1.4428,1.4457,1.4467,1.4477,1.4477,1.4477,1.4457,1.4399,1.4301,1.4194,1.4076,1.4018,1.4096,1.4301,1.4692,1.5386,1.6432,1.783,1.9521,2.1398,2.3343,2.521,2.6901,2.8338,2.9482,3.0225,3.0665,3.0938,3.1036,3.0948,3.0704,3.0342,2.9873,2.9326,2.87,2.8016,2.7273,2.6471,2.5718,2.4976,2.4145,2.3265,2.2366,2.1486,2.0645,1.9853,1.912,1.8426,1.781,1.7263,1.6843,1.651,1.6207,1.5963,1.5797,1.5709,1.566,1.565,1.5679,1.5728,1.5758,1.5777,1.5797,1.5816,1.566,1.5386,1.521,1.5073,1.4956,1.4829,1.4692,1.4536,1.436,1.4164,1.3959,1.3793,1.3646,1.349,1.3372,1.3343,1.35,1.393,1.4692,1.5816,1.7263,1.8974,2.0841,2.2483,2.3939,2.5425,2.6784,2.7928,2.8817,2.9443,2.9824,2.999,2.9971,2.9775,2.9423,2.8915,2.8338,2.7703,2.6979,2.6197,2.5386,2.4565,2.3724,2.2884,2.2033,2.1173,2.0323,1.9482,1.8768,1.8143,1.7507,1.6911,1.6383,1.5924,1.5543,1.5239,1.5024,1.4888,1.4809,1.477,1.477,1.4809,1.4878,1.4936,1.4985,1.5034,1.5073,1.5093,1.5103,1.5083,1.5034,1.4946,1.4819,1.4702,1.4585,1.4438,1.4282,1.4115,1.3939,1.3744,1.3539,1.3343,1.3196,1.3167,1.3333,1.3783,1.4399,1.523,1.6442,1.7977,1.9717,2.1554,2.3343,2.4946,2.6295,2.7351,2.8094,2.8543,2.8719,2.869,2.8543,2.828,2.7879,2.7361,2.6745,2.6051,2.5279,2.4467,2.3607,2.2717,2.1808,2.0987,2.0215,1.9365,1.8504,1.7654,1.6843,1.6109,1.5435,1.4839,1.4321,1.3881,1.35,1.3226,1.3021,1.2845,1.2727,1.2659,1.262,1.26,1.26,1.262,1.2649,1.2678,1.2698,1.2708,1.2717,1.2727,1.2698,1.2639,1.2542,1.2414,1.2258,1.2092,1.1926,1.174,1.1525,1.13,1.1114,1.0948,1.0743,1.0577,1.0528,1.0665,1.1056,1.174,1.2737,1.4037,1.5562,1.7204,1.8847,2.0235,2.1398,2.2512,2.3451,2.4135,2.4536,2.4682,2.4604,2.434,2.393,2.3402,2.2776,2.2151,2.1525,2.0811,2.001,1.9169,1.8309,1.7439,1.6579,1.5738,1.4946,1.4203,1.3529,1.2933,1.2483,1.2141,1.1828,1.1564,1.1359,1.1232,1.1163,1.1153,1.1173,1.1222,1.13,1.1378,1.1486,1.1623,1.176,1.1867,1.1965,1.2053,1.2121,1.216,1.218,1.219,1.218,1.2141,1.2082,1.2043,1.1994,1.1896,1.1769,1.1613,1.1466,1.13,1.1124,1.0958,1.086,1.088,1.1085,1.1437,1.1994,1.2913,1.4174,1.5718,1.7449,1.9257,2.1007,2.259,2.3939,2.4995,2.5748,2.6178,2.6364,2.6383,2.6237,2.5943,2.5523,2.4976,2.435,2.3646,2.2884,2.2092,2.1261,2.043,1.9687,1.8983,1.8201,1.74,1.6588,1.5806,1.5083,1.4428,1.3763,1.3138,1.2678,1.2346,1.216,1.2063,1.2004,1.1994,1.2033,1.2121,1.2239,1.2366,1.2493,1.261,1.2708,1.2776,1.2825,1.2884,1.2923,1.2923,1.2903,1.2864,1.2786,1.2678,1.2561,1.2454,1.2336,1.219,1.2023,1.1887,1.1769,1.1652,1.1613,1.174,1.2102,1.2766,1.3754,1.5083,1.6686,1.8475,2.0332,2.2141,2.3607,2.48,2.5914,2.6823,2.7488,2.7898,2.8055,2.7986,2.7732,2.7331,2.6804,2.6197,2.5591,2.4966,2.4252,2.347,2.263,2.176,2.086,1.9961,1.9091,1.825,1.7449,1.6696,1.5992,1.5425,1.4936,1.4428,1.3959,1.3539,1.3177,1.2893,1.2669,1.2512,1.2424,1.2395,1.2405,1.2434,1.2493,1.2561,1.261,1.2659,1.2688,1.2678,1.2639,1.2561,1.2473,1.2385,1.2287,1.216,1.2053,1.1955,1.1828,1.1672,1.1505,1.1329,1.1153,1.1007,1.0948,1.1036,1.1369,1.2004,1.2805,1.3832,1.5269,1.7009,1.8905,2.0841,2.2688,2.433,2.5718,2.6804,2.7576,2.8055,2.8289,2.8289,2.8123,2.781,2.737,2.6813,2.6158,2.5445,2.4673,2.3851,2.3011,2.2141,2.1251,2.0459,1.9736,1.8935,1.8123,1.7341,1.6588,1.5875,1.521,1.4594,1.4066,1.3617,1.3236,1.2933,1.2727,1.26,1.2502,1.2454,1.2454,1.2473,1.2502,1.2542,1.2581,1.262,1.2669,1.2688,1.2698,1.2708,1.2688,1.2639,1.2561,1.2454,1.2317,1.219,1.2053,1.1896,1.172,1.1525,1.1329,1.1183,1.1124,1.1173,1.1408,1.1926,1.2796,1.4027,1.5582,1.739,1.9326,2.1251,2.3089,2.4536,2.566,2.6686,2.7517,2.8104,2.8456,2.8583,2.8524,2.8299,2.7918,2.7419,2.6823,2.6139,2.5474,2.4809,2.4047,2.3216,2.2336,2.1427,2.0499,1.957,1.8671,1.782,1.7019,1.6246,1.5611,1.5093,1.4575,1.4096,1.3685,1.3353,1.3089,1.2874,1.2717,1.261,1.2532,1.2473,1.2454,1.2473,1.2493,1.2502,1.2502,1.2473,1.2444,1.2405,1.2346,1.2278,1.218,1.2043,1.1887,1.1769,1.1652,1.1476,1.1271,1.1056,1.085,1.0694,1.0655,1.0792,1.1212,1.1975,1.3089,1.4311,1.566,1.7351,1.9208,2.1065,2.2805,2.434,2.5591,2.654,2.7204,2.7605,2.7761,2.7683,2.7458,2.7126,2.6911,2.6676,2.6149,2.5464,2.4682,2.3842,2.2942,2.2014,2.1065,2.0098,1.9238,1.8436,1.7576,1.6686,1.5787,1.4927,1.4115,1.3392,1.2776,1.2278,1.1887,1.1584,1.1369,1.1241,1.1183,1.1144,1.1134,1.1163,1.1222,1.13,1.1369,1.1398,1.1417,1.1408,1.1378,1.1369,1.1349,1.129,1.1222,1.1114,1.0968,1.0792,1.0596,1.0381,1.0156,0.9912,0.96676,0.94233,0.92473,0.91789,0.92278,0.95308,1.0186,1.1222,1.2639,1.4389,1.6393,1.8504,2.0596,2.2532,2.4027,2.5181,2.6207,2.7009,2.7546,2.783,2.7889,2.7752,2.7439,2.696,2.6344,2.5621,2.4819,2.4047,2.3284,2.2414,2.1496,2.0547,1.958,1.8592,1.7625,1.6696,1.5797,1.4946,1.4164,1.3548,1.303,1.2542,1.2131,1.1799,1.1564,1.1427,1.1369,1.1378,1.1447,1.1584,1.172,1.1838,1.1945,1.2033,1.2102,1.216,1.2209,1.2229,1.2219,1.219,1.2151,1.2111,1.2063,1.2014,1.1994,1.1975,1.1916,1.1838,1.174,1.1632,1.1544,1.1525,1.1642,1.1984,1.2639,1.3666,1.5073,1.652,1.8065,1.9932,2.1926,2.3871,2.565,2.7185,2.8397,2.9286,2.9863,3.0156,3.0196,3.002,2.9697,2.9238,2.8651,2.7957,2.7175,2.6334,2.5435,2.4497,2.3558,2.26,2.1632,2.0694,1.9873,1.912,1.8309,1.7488,1.6696,1.5973,1.5327,1.478,1.433,1.3959,1.3675,1.348,1.3363,1.3304,1.3255,1.3226,1.3226,1.3236,1.3265,1.3294,1.3314,1.3304,1.3275,1.3236,1.3216,1.3206,1.3157,1.306,1.2942,1.2815,1.2669,1.2493,1.2278,1.2063,1.1877,1.1769,1.1828,1.2043,1.2512,1.3363,1.4594,1.6168,1.8006,2,2.2043,2.3988,2.5748,2.7253,2.8456,2.9247,2.9726,3.0049,3.0176,3.0098,2.9844,2.9443,2.8925,2.8309,2.7605,2.6843,2.6022,2.5142,2.4301,2.349,2.259,2.1652,2.0723,1.9804,1.8925,1.8094,1.7331,1.6657,1.6061,1.5543,1.5171,1.4888,1.4633,1.4418,1.4262,1.4174,1.4154,1.4194,1.4262,1.434,1.4428,1.4516,1.4614,1.4692,1.4741,1.477,1.478,1.479,1.477,1.4712,1.4633,1.4526,1.4379,1.4194,1.3969,1.3763,1.3578,1.3372,1.3167,1.303,1.303,1.3265,1.3793,1.4702,1.608,1.7801,1.9668,2.1632,2.3333,2.4819,2.6354,2.7752,2.8925,2.9834,3.0469,3.085,3.1007,3.0968,3.0753,3.0391,2.9941,2.9413,2.8798,2.8104,2.7331,2.6491,2.5601,2.4682,2.3744,2.2815,2.1896,2.1017,2.0186,1.9482,1.8856,1.8211,1.7605,1.7058,1.6588,1.6188,1.5865,1.563,1.5455,1.5347,1.5288,1.5269,1.5279,1.5308,1.5337,1.5347,1.5357,1.5347,1.5308,1.5249,1.5171,1.5093,1.4985,1.4839,1.4712,1.4594,1.4448,1.4301,1.4145,1.3969,1.3773,1.3558,1.3372,1.3294,1.3412,1.3803,1.436,1.5161,1.6354,1.7849,1.9531,2.129,2.3001,2.4555,2.5904,2.6999,2.781,2.8348,2.8622,2.8661,2.8534,2.828,2.7898,2.74,2.6794,2.6109,2.5376,2.4585,2.3754,2.2884,2.1994,2.1212,2.0489,1.9707,1.8905,1.8123,1.739,1.6716,1.6119,1.5582,1.5103,1.4692,1.4379,1.4154,1.4018,1.3959,1.3939,1.3949,1.3978,1.4018,1.4057,1.4096,1.4096,1.4076,1.4047,1.3998,1.3949,1.3891,1.3793,1.3675,1.3509,1.3314,1.3099,1.2854,1.26,1.2346,1.2072,1.1779,1.1544,1.1339,1.1105,1.088,1.0665,1.0538,1.0596,1.0899,1.1496,1.2424,1.3675,1.5191,1.6901,1.8456,1.9883,2.1408,2.2845,2.4076,2.5034,2.5699,2.607,2.6188,2.61,2.5806,2.5357,2.4839,2.4282,2.3617,2.2864,2.2053,2.1193,2.0303,1.9404,1.8504,1.7625,1.6774,1.5963,1.521,1.4614,1.4115,1.3587,1.3089,1.2678,1.2346,1.2082,1.1887,1.174,1.1652,1.1613,1.1623,1.1691,1.1789,1.1916,1.2072,1.2219,1.2346,1.2463,1.2561,1.2649,1.2698,1.2727,1.2717,1.2669,1.263,1.26,1.2542,1.2444,1.2307,1.2151,1.1984,1.1818,1.1642,1.1476,1.1359,1.1339,1.1427,1.1691,1.2209,1.3001,1.4057,1.5386,1.6931,1.8592,2.0264,2.1838,2.3226,2.436,2.522,2.5758,2.6041,2.6158,2.61,2.5875,2.5513,2.5015,2.4418,2.3744,2.2991,2.218,2.1339,2.0587,1.9873,1.9091,1.8289,1.7498,1.6745,1.6031,1.5376,1.479,1.4291,1.3861,1.3509,1.3216,1.303,1.2913,1.2835,1.2805,1.2815,1.2845,1.2923,1.3021,1.3138,1.3245,1.3333,1.3412,1.348,1.3548,1.3578,1.3451,1.3226,1.306,1.2913,1.2776,1.2649,1.2512,1.2356,1.2199,1.2033,1.1906,1.1808,1.174,1.1789,1.2033,1.2532,1.3343,1.4438,1.5777,1.7312,1.8964,2.0626,2.2014,2.3177,2.4301,2.5269,2.6012,2.65,2.6735,2.6764,2.6618,2.6325,2.5894,2.5367,2.4751,2.4135,2.35,2.2766,2.1965,2.1134,2.0293,1.9433,1.8583,1.7761,1.6979,1.6237,1.5523,1.4946,1.4467,1.4008,1.3597,1.3245,1.2952,1.2717,1.2542,1.2424,1.2356,1.2336,1.2346,1.2375,1.2414,1.2473,1.2522,1.2551,1.2571,1.2571,1.2551,1.2493,1.2414,1.2326,1.2248,1.2151,1.2072,1.1994,1.1867,1.172,1.1564,1.1388,1.1212,1.1075,1.1007,1.1056,1.131,1.1867,1.2737,1.3724,1.4868,1.6373,1.8094,1.9873,2.1593,2.3148,2.4477,2.5523,2.6285,2.6764,2.6999,2.7009,2.6852,2.6579,2.6188,2.5699,2.5142,2.4516,2.3842,2.3118,2.2346,2.1525,2.0665,1.9892,1.915,1.8368,1.7595,1.6833,1.6109,1.5425,1.4809,1.4282,1.3832,1.346,1.3157,1.2923,1.2776,1.2678,1.26,1.2561,1.2571,1.263,1.2727,1.2835,1.2933,1.3001,1.306,1.3089,1.3099,1.3109,1.3089,1.305,1.3001,1.2942,1.2854,1.2747,1.263,1.2502,1.2356,1.219,1.1984,1.1818,1.1701,1.1623,1.1662,1.1896,1.2434,1.3304,1.4516,1.6031,1.7781,1.9668,2.1544,2.3079,2.436,2.5591,2.6637,2.7419,2.7928,2.8182,2.8211,2.8055,2.7761,2.7341,2.6823,2.6227,2.565,2.5064,2.4389,2.3636,2.2825,2.1975,2.1105,2.0215,1.9316,1.8436,1.7605,1.6823,1.6178,1.563,1.5083,1.4565,1.4115,1.3754,1.346,1.3226,1.3069,1.2962,1.2913,1.2913,1.2933,1.2972,1.303,1.3099,1.3148,1.3196,1.3236,1.3236,1.3216,1.3177,1.3099,1.3001,1.2884,1.2796,1.2717,1.261,1.2473,1.2317,1.2151,1.2004,1.1945,1.2043,1.2366,1.2981,1.393,1.5191,1.6491,1.7849,1.9472,2.1202,2.2884,2.4399,2.5689,2.6706,2.7439,2.7889,2.8074,2.8074,2.7937,2.7683,2.7322,2.6862,2.6315,2.5689,2.4995,2.4233,2.3431,2.259,2.173,2.086,2.002,1.9277,1.8573,1.782,1.7077,1.6344,1.564,1.4995,1.4418,1.393,1.3382,1.2864,1.2532,1.2336,1.2239,1.219,1.219,1.2219,1.2268,1.2326,1.2405,1.2493,1.2561,1.262,1.2669,1.2698,1.2708,1.2717,1.2669,1.2571,1.2444,1.2268,1.2063,1.1838,1.1593,1.1329,1.1075,1.086,1.0753,1.0802,1.1036,1.1584,1.2493,1.3793,1.5445,1.7361,1.9443,2.1554,2.3578,2.5396,2.6931,2.8016,2.8739,2.9306,2.9658,2.9785,2.9717,2.9492,2.911,2.8583,2.7937,2.7185,2.6354,2.5552,2.4761,2.3891,2.2962,2.1994,2.1036,2.0068,1.912,1.8192,1.7312,1.6491,1.5728,1.5034,1.4497,1.4066,1.3666,1.3314,1.303,1.2815,1.2669,1.26,1.259,1.263,1.2727,1.2835,1.2942,1.3021,1.306,1.3079,1.3069,1.304,1.2991,1.2903,1.2786,1.2639,1.2463,1.2278,1.2111,1.1955,1.1769,1.1564,1.132,1.1105,1.0978,1.1017,1.1329,1.1975,1.3021,1.4477,1.6276,1.8016,1.9717,2.1652,2.3627,2.5455,2.7028,2.8319,2.9286,2.9941,3.0313,3.043,3.0313,3.0039,2.9638,2.912,2.8514,2.781,2.7028,2.6188,2.5288,2.4321,2.3294,2.2229,2.1134,2.0059,1.914,1.8299,1.741,1.6549,1.5758,1.5064,1.4457,1.3939,1.3509,1.3167,1.2884,1.2659,1.2512,1.2414,1.2326,1.2258,1.2219,1.2199,1.219,1.218,1.218,1.216,1.2121,1.2033,1.1916,1.1808,1.1701,1.1554,1.1378,1.1193,1.0997,1.0762,1.0499,1.0235,0.99804,0.97752,0.96676,0.97165,0.99511,1.0459,1.132,1.2551,1.4115,1.5963,1.7986,2.0059,2.2053,2.3861,2.5376,2.6549,2.7292,2.7693,2.7908,2.7918,2.7761,2.7439,2.696,2.6354,2.5621,2.4809,2.3939,2.3011,2.2141,2.131,2.0391,1.9413,1.8387,1.7361,1.6344,1.5367,1.4457,1.3617,1.2854,1.2199,1.1652,1.1271,1.0997,1.0743,1.0528,1.0362,1.0244,1.0176,1.0137,1.0117,1.0117,1.0147,1.0176,1.0235,1.0283,1.0313,1.0323,1.0332,1.0313,1.0244,1.0137,1.001,0.98729,0.97263,0.95894,0.94233,0.92766,0.91398,0.89541,0.87586,0.85435,0.83382,0.82111,0.826,0.8563,0.91691,1.0137,1.1496,1.2923,1.4438,1.6266,1.8221,2.0147,2.1916,2.3431,2.4633,2.5513,2.607,2.6334,2.6354,2.6168,2.5855,2.5425,2.4848,2.4213,2.3539,2.2796,2.2004,2.1183,2.0332,1.9472,1.8612,1.7771,1.7067,1.6461,1.5816,1.5181,1.4585,1.4027,1.3548,1.3148,1.2835,1.261,1.2463,1.2385,1.2366,1.2405,1.2483,1.2561,1.2659,1.2766,1.2893,1.3011,1.3099,1.3157,1.3206,1.3236,1.3226,1.3226,1.3216,1.3167,1.3099,1.3021,1.2952,1.2884,1.2796,1.2678,1.2532,1.2366,1.2199,1.2082,1.2063,1.2209,1.2581,1.3245,1.4233,1.5543,1.7116,1.8876,2.0694,2.2463,2.4066,2.5445,2.6452,2.7146,2.7693,2.8055,2.8211,2.8182,2.7986,2.7644,2.7175,2.6608,2.5982,2.5298,2.4624,2.3939,2.3177,2.2356,2.1496,2.0616,1.9746,1.8905,1.8113,1.7361,1.6667,1.6031,1.5464,1.5015,1.4673,1.436,1.4096,1.39,1.3773,1.3705,1.3675,1.3685,1.3715,1.3744,1.3783,1.3842,1.392,1.3988,1.4057,1.4106,1.4154,1.4194,1.4203,1.4164,1.4076,1.3959,1.3803,1.3617,1.346,1.3324,1.3157,1.2991,1.2854,1.2825,1.2991,1.3431,1.4194,1.5298,1.6725,1.8407,1.998,2.1486,2.3148,2.4751,2.6188,2.738,2.8299,2.8944,2.9335,2.9511,2.9501,2.9335,2.9042,2.8661,2.8201,2.7654,2.7038,2.6364,2.563,2.4858,2.4057,2.3226,2.2356,2.1486,2.0635,1.9902,1.9238,1.8543,1.7879,1.7273,1.6725,1.6246,1.5855,1.5552,1.5327,1.5161,1.5034,1.4946,1.4917,1.4917,1.4917,1.4917,1.4917,1.4917,1.4917,1.4917,1.4897,1.4858,1.48,1.4721,1.4653,1.4575,1.4467,1.4311,1.4125,1.391,1.3646,1.3392,1.3167,1.3001,1.2962,1.3118,1.3529,1.4125,1.4956,1.6188,1.7732,1.9492,2.1378,2.3275,2.5064,2.6647,2.7977,2.9003,2.9736,3.0156,3.0332,3.0362,3.0264,3.0029,2.9658,2.9159,2.8573,2.7898,2.7175,2.6393,2.5562,2.4692,2.3881,2.3089,2.2219,2.131,2.0401,1.9531,1.8729,1.8025,1.741,1.6862,1.6393,1.6002,1.5709,1.5503,1.5318,1.5181,1.5064,1.4985,1.4956,1.4976,1.5005,1.5044,1.5083,1.5103,1.5103,1.5093,1.5064,1.4985,1.4858,1.4702,1.4526,1.434,1.4145,1.3939,1.3734,1.3519,1.3314,1.3177,1.3089,1.3069,1.3177,1.35,1.4115,1.5064,1.6325,1.7859,1.9599,2.1153,2.2561,2.4076,2.5308,2.6276,2.7155,2.781,2.8201,2.8358,2.8299,2.8045,2.7634,2.7097,2.6461,2.5748,2.5054,2.435,2.3548,2.2678,2.1769,2.0831,1.9873,1.8905,1.7967,1.7087,1.6276,1.5543,1.4946,1.4467,1.4008,1.3587,1.3216,1.2923,1.2708,1.2561,1.2463,1.2405,1.2385,1.2395,1.2424,1.2483,1.2561,1.261,1.2639,1.2649,1.2659,1.2649,1.262,1.2571,1.2493,1.2385,1.2258,1.216,1.2082,1.1955,1.1789,1.1584,1.1349,1.1095,1.085,1.0665,1.0606,1.0762,1.1193,1.1945,1.2835,1.392,1.5396,1.7116,1.8954,2.0772,2.2444,2.3891,2.5044,2.5885,2.6432,2.6706,2.6735,2.6588,2.6295,2.5855,2.5298,2.4614,2.3842,2.2991,2.2082,2.1134,2.0156,1.9169,1.8182,1.7322,1.6549,1.5738,1.4907,1.4106,1.3363,1.2678,1.2063,1.1525,1.1075,1.0704,1.0401,1.0215,1.0108,1.002,0.99707,0.99511,0.99707,1,1.0049,1.0098,1.0117,1.0127,1.0137,1.0127,1.0127,1.0108,1.0029,0.9912,0.97849,0.96579,0.9521,0.93842,0.92278,0.90323,0.88172,0.86119,0.84751,0.83675,0.82502,0.81916,0.826,0.85435,0.90909,0.99511,1.1114,1.2551,1.4194,1.5914,1.7595,1.8983,2.0127,2.1173,2.2004,2.2581,2.2893,2.2962,2.2825,2.2522,2.2072,2.1496,2.0821,2.0166,1.9511,1.8768,1.7967,1.7136,1.6276,1.5415,1.4565,1.3734,1.2942,1.2219,1.1584,1.1026,1.0606,1.0293,1,0.97654,0.95992,0.94917,0.94428,0.94428,0.94819,0.95699,0.96872,0.98045,0.99316,1.0068,1.0196,1.0303,1.0411,1.0508,1.0596,1.0694,1.0772,1.0821,1.0841,1.0811,1.0753,1.0704,1.0626,1.0499,1.0342,1.0176,1,0.98338,0.96774,0.95699,0.95601,0.97165,1.0117,1.0674,1.1457,1.262,1.4115,1.5846,1.7722,1.9619,2.1408,2.3001,2.4321,2.5337,2.6041,2.6461,2.6628,2.6588,2.6393,2.6061,2.5591,2.5005,2.4321,2.3578,2.2776,2.1916,2.1026,2.0108,1.9267,1.8485,1.7625,1.6764,1.5934,1.5161,1.4467,1.3842,1.3284,1.2825,1.2454,1.217,1.1945,1.1808,1.174,1.1711,1.1711,1.174,1.1789,1.1857,1.1926,1.1984,1.2043,1.2111,1.217,1.2229,1.2268,1.2268,1.2248,1.2669,1.3284,1.3529,1.3578,1.3529,1.3402,1.3236,1.3069,1.2942,1.2845,1.2747,1.2747,1.2933,1.3392,1.4194,1.5347,1.6823,1.8563,2.0469,2.2405,2.4242,2.5699,2.6823,2.7859,2.869,2.9257,2.958,2.9668,2.958,2.9335,2.8944,2.8436,2.783,2.7204,2.6559,2.5816,2.5015,2.4154,2.3255,2.2346,2.1437,2.0538,1.9677,1.8847,1.8045,1.7292,1.6667,1.6139,1.564,1.52,1.4848,1.4604,1.4448,1.4389,1.4399,1.4448,1.4536,1.4643,1.4761,1.4897,1.5054,1.52,1.5318,1.5425,1.5503,1.5523,1.5503,1.5445,1.5376,1.5318,1.5269,1.522,1.5171,1.5083,1.4936,1.4751,1.4575,1.4448,1.4428,1.4594,1.5054,1.5855,1.7038,1.8299,1.9687,2.1427,2.3324,2.523,2.7019,2.8583,2.9853,3.0821,3.1505,3.1926,3.2111,3.2102,3.1906,3.1584,3.1153,3.0606,2.9961,2.9257,2.8504,2.7703,2.6872,2.6002,2.5103,2.4194,2.3363,2.259,2.1779,2.0978,2.0205,1.9492,1.8837,1.825,1.7722,1.7283,1.6931,1.6637,1.6403,1.6256,1.6168,1.61,1.6051,1.6002,1.5953,1.5904,1.5875,1.5846,1.5806,1.5758,1.5689,1.5621,1.5533,1.5396,1.5239,1.5073,1.4878,1.4653,1.4428,1.4203,1.3988,1.3773,1.3627,1.3617,1.3773,1.4135,1.4809,1.5816,1.7146,1.8759,2.0547,2.2405,2.4213,2.5875,2.7292,2.8416,2.915,2.957,2.9834,2.9922,2.9844,2.9609,2.9238,2.8739,2.8133,2.7449,2.6686,2.5865,2.4976,2.4135,2.3314,2.2405,2.1447,2.0469,1.9501,1.8573,1.7683,1.6843,1.6051,1.5327,1.4692,1.4194,1.3803,1.3441,1.3138,1.2884,1.2678,1.2522,1.2395,1.2297,1.2239,1.2209,1.2199,1.2199,1.2239,1.2278,1.2297,1.2307,1.2287,1.2239,1.216,1.2043,1.1906,1.1769,1.1623,1.1447,1.13,1.1173,1.0997,1.0802,1.0606,1.043,1.0293,1.0235,1.0303,1.0587,1.1163,1.2082,1.3363,1.4702,1.6139,1.7879,1.9746,2.1554,2.3196,2.4594,2.5699,2.6491,2.6999,2.7243,2.7243,2.7077,2.6794,2.6364,2.5787,2.5112,2.436,2.3558,2.2717,2.1828,2.0909,1.999,1.9062,1.825,1.7527,1.6755,1.5982,1.5269,1.4604,1.4008,1.35,1.3089,1.2757,1.2502,1.2239,1.1994,1.1877,1.1848,1.1848,1.1887,1.1945,1.2014,1.2092,1.217,1.2248,1.2317,1.2375,1.2424,1.2473,1.2522,1.2522,1.2483,1.2414,1.2307,1.218,1.2033,1.1867,1.1691,1.1505,1.1349,1.1212,1.1134,1.1134,1.1212,1.1447,1.1935,1.2737,1.3851,1.523,1.6813,1.8504,2.0205,2.1789,2.3021,2.3978,2.4839,2.5494,2.5924,2.6139,2.6168,2.6022,2.5728,2.5318,2.4809,2.4203,2.3539,2.2903,2.2258,2.1505,2.0684,1.9844,1.9003,1.8172,1.737,1.6628,1.5924,1.5249,1.4624,1.4135,1.3744,1.3343,1.3001,1.2727,1.2532,1.2414,1.2356,1.2336,1.2356,1.2405,1.2463,1.2542,1.262,1.2678,1.2708,1.2717,1.2717,1.2698,1.2678,1.2669,1.2639,1.2581,1.2512,1.2434,1.2366,1.2287,1.217,1.2004,1.1808,1.1603,1.1457,1.1398,1.1505,1.1857,1.2522,1.3519,1.4829,1.6149,1.7527,1.9159,2.085,2.2483,2.3949,2.5171,2.6119,2.6784,2.7175,2.7341,2.7312,2.7126,2.6823,2.6403,2.5885,2.5279,2.4604,2.3881,2.3109,2.2297,2.1457,2.0596,1.9736,1.8876,1.8123,1.7449,1.6725,1.6002,1.5308,1.4673,1.4106,1.3607,1.3196,1.2884,1.2649,1.2473,1.2385,1.2356,1.2346,1.2356,1.2405,1.2463,1.2522,1.2551,1.2561,1.2571,1.2561,1.2522,1.2463,1.2424,1.2395,1.2346,1.2278,1.219,1.2082,1.1945,1.1789,1.1603,1.1398,1.1163,1.0948,1.0821,1.0802,1.0929,1.13,1.1965,1.2972,1.4301,1.5894,1.7664,1.9511,2.132,2.2981,2.4409,2.5445,2.6188,2.6794,2.7204,2.741,2.7419,2.7253,2.694,2.6491,2.5943,2.5327,2.4653,2.3988,2.3333,2.259,2.1799,2.0968,2.0127,1.9286,1.8456,1.7634,1.6833,1.608,1.5367,1.479,1.4321,1.3851,1.3431,1.3079,1.2805,1.261,1.2493,1.2444,1.2444,1.2483,1.2561,1.2649,1.2727,1.2796,1.2854,1.2903,1.2933,1.2923,1.2893,1.2845,1.2766,1.2678,1.2571,1.2463,1.2375,1.2317,1.2219,1.2092,1.1935,1.1769,1.1623,1.1515,1.1535,1.1769,1.2287,1.3128,1.4321,1.5591,1.695,1.8612,2.0391,2.2131,2.3734,2.5112,2.6227,2.7067,2.7644,2.7986,2.8113,2.8055,2.7859,2.7546,2.7126,2.6618,2.6354,2.6168,2.565,2.4946,2.4135,2.3255,2.2307,2.1329,2.045,1.9638,1.8788,1.7957,1.7146,1.6383,1.5679,1.5054,1.4516,1.4066,1.3715,1.346,1.3304,1.3206,1.3138,1.3099,1.3089,1.3099,1.3128,1.3167,1.3216,1.3275,1.3333,1.3372,1.3382,1.3382,1.3382,1.3363,1.3304,1.3216,1.3099,1.2962,1.2786,1.259,1.2375,1.217,1.2004,1.1945,1.2033,1.2326,1.2903,1.3822,1.5122,1.6755,1.8651,2.0704,2.2757,2.4702,2.6452,2.7918,2.8944,2.9629,3.0147,3.0459,3.0557,3.0469,3.0215,2.9834,2.9326,2.8719,2.8035,2.7292,2.6559,2.5826,2.5005,2.4115,2.3196,2.2258,2.132,2.0411,1.9511,1.8631,1.7791,1.6979,1.6237,1.565,1.5191,1.4741,1.434,1.4008,1.3763,1.3597,1.3509,1.347,1.347,1.349,1.3509,1.3548,1.3607,1.3646,1.3656,1.3636,1.3607,1.3568,1.3519,1.346,1.3382,1.3275,1.3148,1.2991,1.2845,1.2708,1.2522,1.2326,1.219,1.218,1.2375,1.2864,1.3695,1.4907,1.6481,1.8319,2.0039,2.1672,2.348,2.5249,2.6823,2.8133,2.913,2.9804,3.0186,3.0332,3.0264,3.001,2.9619,2.914,2.8583,2.7928,2.7204,2.6403,2.5552,2.4663,2.3734,2.2766,2.1789,2.0792,1.9804,1.8964,1.8221,1.7458,1.6716,1.6031,1.5415,1.4878,1.4418,1.4047,1.3783,1.3597,1.347,1.3402,1.3402,1.3441,1.348,1.3539,1.3597,1.3646,1.3666,1.3675,1.3685,1.3675,1.3646,1.3587,1.3519,1.3451,1.3353,1.3236,1.3109,1.2981,1.2825,1.263,1.2434,1.2239,1.2082,1.2053,1.217,1.2483,1.3128,1.4145,1.5533,1.7243,1.9179,2.1212,2.3216,2.5083,2.6706,2.8006,2.8974,2.957,2.9883,3.0029,2.998,2.9746,2.9374,2.8856,2.8221,2.7507,2.6716,2.5865,2.4976,2.4145,2.3343,2.2463,2.1515,2.0577,1.9668,1.8778,1.7928,1.7126,1.6413,1.5787,1.5259,1.4819,1.4497,1.4272,1.4066,1.39,1.3793,1.3744,1.3715,1.3705,1.3695,1.3695,1.3695,1.3695,1.3705,1.3705,1.3685,1.3646,1.3607,1.3558,1.347,1.3363,1.3226,1.3069,1.2884,1.2678,1.2473,1.2317,1.216,1.1945,1.172,1.1535,1.1417,1.1457,1.174,1.2336,1.3294,1.4575,1.5865,1.697,1.826,1.9883,2.1554,2.3109,2.4438,2.5494,2.6227,2.6637,2.6784,2.6725,2.6461,2.6022,2.5513,2.4946,2.4272,2.3519,2.2688,2.1799,2.085,1.9863,1.8876,1.7918,1.7009,1.6149,1.5425,1.4809,1.4174,1.3548,1.2981,1.2493,1.2082,1.175,1.1496,1.132,1.1222,1.1183,1.1183,1.1222,1.13,1.1378,1.1447,1.1505,1.1554,1.1603,1.1623,1.1613,1.1584,1.1525,1.1427,1.1339,1.1261,1.1163,1.1046,1.0899,1.0723,1.0547,1.0352,1.0147,0.99218,0.9697,0.94917,0.93353,0.92962,0.93939,0.96676,1.0196,1.1056,1.2248,1.3744,1.5435,1.7214,1.8964,2.0587,2.2004,2.304,2.3734,2.4242,2.4516,2.4555,2.437,2.4027,2.3529,2.2893,2.217,2.1369,2.0479,1.9531,1.8671,1.7849,1.6921,1.5963,1.5034,1.4145,1.3294,1.2483,1.173,1.1046,1.044,0.99218,0.95503,0.92864,0.90323,0.8827,0.86804,0.86022,0.85924,0.86217,0.86901,0.87977,0.89247,0.90518,0.91887,0.93353,0.94624,0.9521,0.95503,0.95699,0.95797,0.95699,0.95406,0.95015,0.94526,0.93646,0.92571,0.91789,0.91007,0.89541,0.87781,0.85826,0.83969,0.82405,0.81329,0.81036,0.82014,0.85337,0.91789,0.99609,1.0938,1.2287,1.391,1.5679,1.7458,1.914,2.0626,2.1857,2.2805,2.3451,2.3812,2.391,2.3803,2.3558,2.3167,2.2639,2.2023,2.13,2.0499,1.9648,1.8739,1.781,1.6882,1.5963,1.5181,1.4497,1.3783,1.3089,1.2444,1.1848,1.1339,1.0929,1.0577,1.0283,1.0068,0.99316,0.98534,0.98338,0.98631,0.9912,0.99804,1.0059,1.0166,1.0313,1.0469,1.0606,1.0723,1.0811,1.087,1.0929,1.0968,1.0948,1.089,1.0821,1.0733,1.0645,1.0528,1.0381,1.0215,1.0039,0.98436,0.96285,0.94721,0.93842,0.93451,0.94428,0.97752,1.043,1.1447,1.2825,1.4506,1.6383,1.8328,2.0235,2.1808,2.3089,2.4301,2.5327,2.61,2.6598,2.6852,2.6872,2.6696,2.6344,2.5836,2.521,2.4497,2.3803,2.3099,2.2297,2.1417,2.0489,1.9531,1.8563,1.7605,1.6686,1.5826,1.5005,1.4252,1.3656,1.3177,1.2727,1.2346,1.2033,1.1808,1.1662,1.1564,1.1515,1.1525,1.1593,1.1691,1.1808,1.1945,1.2082,1.219,1.2278,1.2356,1.2962,1.3812,1.4242,1.4438,1.4516,1.4516,1.4457,1.4399,1.433,1.4213,1.4037,1.3832,1.3607,1.3392,1.3236,1.3177,1.3294,1.3705,1.4487,1.5679,1.6989,1.8485,2.0411,2.2561,2.477,2.6872,2.8729,3.0303,3.1544,3.2414,3.2952,3.3196,3.3187,3.2991,3.2688,3.2278,3.1769,3.1163,3.0469,2.9697,2.8856,2.7977,2.7038,2.607,2.5093,2.4203,2.3343,2.2405,2.1457,2.0538,1.9648,1.8827,1.8104,1.7468,1.6921,1.6471,1.6129,1.5914,1.5777,1.5689,1.567,1.5709,1.5777,1.5865,1.5973,1.6061,1.6119,1.6149,1.6158,1.6149,1.6139,1.6109,1.6041,1.5953,1.5826,1.566,1.5455,1.521,1.4946,1.4702,1.4497,1.4379,1.4379,1.4545,1.5347,1.6344,1.7292,1.8729,2.0528,2.2551,2.4643,2.6667,2.8534,3.0147,3.1437,3.2287,3.2815,3.3177,3.3333,3.3284,3.306,3.2669,3.2131,3.1476,3.0733,2.9922,2.9042,2.8201,2.737,2.6452,2.5484,2.4477,2.348,2.2483,2.1496,2.0557,1.9658,1.8837,1.8113,1.7546,1.7077,1.6628,1.6217,1.5855,1.5552,1.5308,1.5112,1.4976,1.4897,1.4858,1.4839,1.4829,1.4829,1.4819,1.477,1.4702,1.4643,1.4585,1.4497,1.4379,1.4242,1.4106,1.3939,1.3734,1.3558,1.3392,1.3177,1.2923,1.2669,1.2444,1.2317,1.2395,1.2776,1.3519,1.4663,1.6207,1.8065,1.9844,2.1574,2.3509,2.5425,2.7175,2.8641,2.9775,3.0577,3.1046,3.1232,3.1183,3.0929,3.0528,3.0029,2.9404,2.8661,2.784,2.695,2.5982,2.4946,2.3871,2.2786,2.1711,2.0665,1.9658,1.8788,1.8006,1.7185,1.6393,1.564,1.4956,1.434,1.3812,1.3392,1.306,1.2825,1.2669,1.26,1.259,1.26,1.2639,1.2708,1.2786,1.2864,1.2942,1.3001,1.303,1.303,1.3001,1.2933,1.2874,1.2796,1.2669,1.2502,1.2326,1.2092,1.1877,1.172,1.1525,1.1329,1.1173,1.1085,1.1114,1.131,1.175,1.2502,1.3627,1.5112,1.6882,1.8847,2.087,2.2815,2.4594,2.6129,2.7351,2.8162,2.8641,2.8944,2.9022,2.8886,2.8583,2.8133,2.7556,2.6862,2.608,2.523,2.4301,2.3441,2.26,2.1652,2.0674,1.9668,1.8671,1.7693,1.6735,1.5855,1.5083,1.4389,1.3803,1.303,1.2258,1.1818,1.1515,1.129,1.1153,1.1075,1.1046,1.1056,1.1105,1.1173,1.1271,1.1388,1.1496,1.1603,1.1691,1.175,1.1769,1.174,1.1691,1.1623,1.1544,1.1457,1.1359,1.1251,1.1124,1.1017,1.0909,1.0743,1.0557,1.0381,1.0293,1.0362,1.0655,1.1241,1.217,1.3441,1.5015,1.654,1.8045,1.9756,2.1457,2.3021,2.437,2.5445,2.6217,2.6706,2.6901,2.6872,2.6676,2.6325,2.5885,2.5386,2.479,2.4115,2.3372,2.2561,2.1691,2.0792,1.9863,1.8925,1.7996,1.7107,1.6364,1.5689,1.4976,1.4291,1.3685,1.3167,1.2727,1.2356,1.2063,1.1848,1.1701,1.1603,1.1554,1.1564,1.1623,1.1691,1.1769,1.1838,1.1896,1.1945,1.1984,1.1984,1.1965,1.1926,1.1867,1.1828,1.1799,1.174,1.1642,1.1505,1.1359,1.1193,1.1017,1.0821,1.0616,1.044,1.0352,1.0381,1.0567,1.1007,1.1769,1.2893,1.435,1.6051,1.7918,1.9804,2.1603,2.3226,2.4604,2.5709,2.6432,2.6862,2.7136,2.7204,2.7087,2.6823,2.6432,2.5934,2.5337,2.4663,2.391,2.3099,2.2326,2.1574,2.0733,1.9853,1.8954,1.8065,1.7204,1.6393,1.563,1.4927,1.4272,1.3675,1.3157,1.2786,1.2502,1.2239,1.2043,1.1906,1.1818,1.1779,1.1789,1.1838,1.1896,1.1945,1.1975,1.1984,1.1994,1.1975,1.1955,1.1945,1.1945,1.1916,1.1857,1.1789,1.1701,1.1584,1.1437,1.1281,1.1153,1.1046,1.0899,1.0743,1.0635,1.0606,1.0733,1.1105,1.1799,1.2835,1.4213,1.5894,1.7498,1.9052,2.0792,2.2522,2.4106,2.5435,2.6471,2.7204,2.7654,2.784,2.783,2.7664,2.7341,2.6931,2.6461,2.5875,2.52,2.4438,2.3627,2.2766,2.1877,2.0968,2.0039,1.914,1.827,1.7517,1.6872,1.6178,1.5474,1.48,1.4184,1.3646,1.3177,1.2786,1.2463,1.2219,1.2082,1.2033,1.2033,1.2043,1.2063,1.2121,1.2199,1.2278,1.2336,1.2375,1.2385,1.2366,1.2336,1.2278,1.2219,1.2151,1.2063,1.1975,1.1867,1.173,1.1574,2.7996,2.7683,2.7107,2.6383,2.5552,2.4653,2.3803,2.2972,2.2063,2.1114,2.0137,1.9189,1.827,1.74,1.6559,1.5777,1.5064,1.4418,1.393,1.3558,1.3196,1.2884,1.2639,1.2473,1.2385,1.2366,1.2405,1.2493,1.261,1.2717,1.2796,1.2874,1.2942,1.3001,1.305,1.306,1.304,1.2981,1.2884,1.2757,1.263,1.2493,1.2336,1.2199,1.2063,1.1887,1.1701,1.1554,1.1535,1.175,1.2278,1.3187,1.4487,1.6158,1.8123,1.9961,2.1711,2.3656,2.5562,2.7263,2.87,2.9804,3.0567,3.1036,3.1232,3.1212,3.1017,3.0655,3.0215,2.9697,2.9081,2.8387,2.7625,2.6794,2.5894,2.4946,2.3949,2.2903,2.1838,2.0811,1.9932,1.913,1.8289,1.7283,1.6403,1.5797,1.5171,1.4575,1.4057,1.3646,1.3324,1.3089,1.2933,1.2854,1.2815,1.2776,1.2747,1.2717,1.2688,1.2678,1.2659,1.262,1.2581,1.2542,1.2483,1.2434,1.2366,1.2268,1.2141,1.1994,1.1828,1.1623,1.1398,1.1173,1.0997,1.0958,1.1153,1.1672,1.2366,1.3324,1.4741,1.651,1.8543,2.0684,2.2786,2.4741,2.6452,2.784,2.8905,2.9648,3.0039,3.0166,3.0127,2.9912,2.9541,2.9022,2.8407,2.7732,2.6989,2.6197,2.5347,2.4448,2.3529,2.2708,2.1916,2.1017,2.0059,1.9091,1.8133,1.7214,1.6364,1.5591,1.4907,1.4311,1.3812,1.346,1.3216,1.3011,1.2874,1.2796,1.2766,1.2776,1.2805,1.2845,1.2893,1.2952,1.3011,1.306,1.3118,1.3187,1.3216,1.3216,1.3187,1.3138,1.305,1.2942,1.2786,1.259,1.2356,1.2092,1.1887,1.172,1.1535,1.1417,1.1457,1.174,1.2336,1.3304,1.4692,1.6442,1.8465,2.0655,2.2874,2.4721,2.6246,2.7732,2.9022,3.001,3.0684,3.1075,3.1193,3.1095,3.0841,3.043,2.9873,2.9277,2.8631,2.7879,2.7038,2.6149,2.521,2.3978,2.2854,2.2043,2.1124,2.0166,1.9228,1.8319,1.7546,1.6872,1.6197,1.5562,1.5005,1.4536,1.4145,1.3832,1.3607,1.3451,1.3353,1.3304,1.3314,1.3353,1.3392,1.3431,1.348,1.35,1.3509,1.349,1.3441,1.3382,1.3294,1.3177,1.305,1.2942,1.2815,1.263,1.2424,1.2209,1.2004,1.1818,1.1691,1.1701,1.1916,1.2424,1.3294,1.4076,1.4927,1.6354,1.8123,2.0039,2.1935,2.3685,2.5191,2.6422,2.7331,2.7937,2.826,2.8328,2.8201,2.7928,2.7507,2.6979,2.6354,2.563,2.4848,2.3998,2.3089,2.2151,2.1183,2.0176,1.9296,1.8485,1.7625,1.6774,1.5943,1.5142,1.4389,1.3695,1.3089,1.259,1.219,1.1877,1.1672,1.1544,1.1447,1.1398,1.1398,1.1427,1.1457,1.1505,1.1584,1.1652,1.1711,1.176,1.1799,1.1828,1.1838,1.1779,1.1672,1.1515,1.1329,1.1144,1.0958,1.0782,1.0596,1.0411,1.0215,1.0049,0.9912,0.97654,0.96579,0.96481,0.9824,1.0283,1.1075,1.2239,1.3754,1.5533,1.7458,1.9404,2.1036,2.2375,2.3646,2.4702,2.5494,2.6012,2.6246,2.6227,2.5982,2.5376,2.4731,2.4203,2.3597,2.2933,2.216,2.13,2.0371,1.9404,1.8407,1.74,1.6422,1.5474,1.4575,1.3724,1.2933,1.2297,1.1769,1.1241,1.0753,1.0323,0.99804,0.97263,0.95503,0.94428,0.93842,0.93842,0.94135,0.95015,0.9609,0.9697,0.97849,0.98631,0.9912,0.99316,0.99413,0.99413,0.99022,0.98338,0.97458,0.96383,0.95601,0.94917,0.93939,0.92571,0.90909,0.88954,0.86804,0.84653,0.82698,0.81036,0.79863,0.79765,0.81036,0.84262,0.90225,0.99413,1.1193,1.2727,1.4467,1.6725,1.8759,2.0127,2.1427,2.2502,2.3294,2.3773,2.3988,2.4027,2.39,2.3607,2.3157,2.259,2.1916,2.1144,2.0303,1.9423,1.8504,1.7683,1.6676,1.5709,1.5015,1.4252,1.3294,1.2454,1.1896,1.1261,1.0645,1.0196,0.9912,0.97752,0.97067,0.96774,0.96872,0.97263,0.97947,0.98534,0.99316,1.0049,1.0166,1.0283,1.0391,1.0508,1.0626,1.0723,1.0802,1.0841,1.086,1.0841,1.0792,1.0743,1.0635,1.0459,1.0274,1.0088,0.99413,0.97947,0.96188,0.94428,0.92864,0.92082,0.92669,0.95406,1.0088,1.0958,1.218,1.3715,1.523,1.6755,1.8504,2.0264,2.1887,2.3284,2.4399,2.521,2.5728,2.5963,2.5953,2.5758,2.5396,2.4936,2.4399,2.3734,2.2981,2.216,2.1281,2.0352,1.9404,1.8456,1.7507,1.6588,1.5689,1.4936,1.4282,1.3597,1.2952,1.2375,1.1877,1.1466,1.1134,1.087,1.0665,1.0538,1.0489,1.0499,1.0557,1.0665,1.0792,1.0919,1.1026,1.1095,1.1662,1.2483,1.2913,1.3138,1.3236,1.3265,1.3284,1.3265,1.3206,1.3128,1.305,1.2952,1.2825,1.2678,1.2493,1.2278,1.2082,1.1955,1.1965,1.216,1.26,1.3333,1.4418,1.5846,1.7546,1.9433,2.1388,2.3275,2.4976,2.6422,2.7576,2.8338,2.8788,2.9062,2.913,2.9003,2.8719,2.8309,2.7771,2.7146,2.6461,2.5709,2.4897,2.4125,2.3363,2.2522,2.1623,2.0704,1.9795,1.8895,1.8025,1.7204,1.6442,1.5748,1.5142,1.4614,1.4233,1.3949,1.3705,1.35,1.3353,1.3255,1.3206,1.3206,1.3226,1.3265,1.3304,1.3343,1.3392,1.3451,1.3509,1.3548,1.3558,1.3539,1.349,1.3412,1.3314,1.3206,1.3109,1.2991,1.2845,1.2727,1.261,1.2434,1.2239,1.2063,1.1935,1.1945,1.217,1.2688,1.3568,1.4819,1.6422,1.8006,1.9599,2.1447,2.3333,2.5103,2.6647,2.7908,2.8866,2.9521,2.9902,3.0039,2.9941,2.9658,2.9277,2.8798,2.8211,2.7556,2.6843,2.607,2.5259,2.4389,2.348,2.2551,2.1593,2.0635,1.9785,1.9022,1.8211,1.739,1.6588,1.5855,1.522,1.4653,1.4154,1.3724,1.3392,1.3148,1.2981,1.2903,2.2102,2.2698,2.3343,2.4008,2.4643,2.522,2.5709,2.6041,2.6266,2.6452,2.6569,2.6608,2.6579,2.6491,2.6354,2.6168,2.5934,2.566,2.5376,2.5093,2.4819,2.4506,2.4184,2.3861,2.3529,2.3206,2.2893,2.259,2.2297,2.2033,2.1789,2.1584,2.1417,2.129,2.1173,2.1085,2.1017,2.0978,2.0948,2.0948,2.0958,2.0987,2.1026,2.1075,2.1114,2.1153,2.1193,2.1241,2.1281,2.131,2.132,2.132,2.13,2.1271,2.1232,2.1193,2.1144,2.1095,2.1046,2.0997,2.0948,2.0909,2.0899,2.0948,2.1095,2.1349,2.172,2.2219,2.2815,2.3363,2.3891,2.4487,2.5083,2.5621,2.607,2.6422,2.6686,2.6843,2.6911,2.6911,2.6852,2.6735,2.6579,2.6393,2.6178,2.5934,2.567,2.5386,2.5093,2.479,2.4477,2.4154,2.3832,2.3509,2.3236,2.2981,2.2717,2.2463,2.2219,2.2004,2.1818,2.1662,2.1535,2.1437,2.1349,2.129,2.1251,2.1222,2.1202,2.1202,2.1202,2.1202,2.1193,2.1173,2.1144,2.1114,2.1085,2.1046,2.0997,2.0948,2.0909,2.085,2.0792,2.0714,2.0626,2.0538,2.044,2.0352,2.0274,2.0225,2.0244,2.0332,2.0499,2.0802,2.1241,2.1789,2.2424,2.3089,2.3754,2.4379,2.4917,2.5357,2.5689,2.5914,2.6022,2.6031,2.5982,2.5689,2.5152,2.4565,2.391,2.3187,2.2405,2.1584,2.0723,1.9834,1.9013,1.8211,1.7351,1.6471,1.5591,1.4731,1.39,1.3079,1.2307,1.1603,1.0968,1.0401,0.99218,0.95797,0.93353,0.91105,0.89345,0.88172,0.87488,0.87195,0.87097,0.87195,0.87195,0.87195,0.87195,0.87292,0.8739,0.87097,0.8651,0.85826,0.85142,0.84555,0.83871,0.82893,0.8172,0.8045,0.79081,0.77517,0.76051,0.74682,0.73021,0.71359,0.6999,0.69501,0.70577,0.73998,0.80547,0.90518,1.0371,1.1965,1.349,1.4966,1.6628,1.826,1.9746,2.1007,2.1965,2.262,2.3001,2.3138,2.3069,2.2845,2.2463,2.2004,2.1486,2.087,2.0176,1.9423,1.8631,1.781,1.696,1.609,1.523,1.4379,1.3558,1.2864,1.2219,1.1544,1.0899,1.0303,0.97752,0.93353,0.89638,0.86804,0.84848,0.83578,0.82893,0.82796,0.83187,0.83871,0.84751,0.85728,0.86706,0.87586,0.88465,0.8915,0.89443,0.89541,0.89247,0.88465,0.87488,0.8651,0.85044,0.8348,0.81818,0.80059,0.78299,0.76442,0.74487,0.72532,0.70772,0.69697,0.69892,0.71359,0.7478,0.81232,0.91007,1.0391,1.1926,1.3656,1.5455,1.7195,1.8798,2.0166,2.1251,2.1984,2.2424,2.2708,2.2796,2.2698,2.2444,2.2063,2.1564,2.0958,2.0264,1.9511,1.8719,1.7889,1.7116,1.6364,1.5513,1.4633,1.3763,1.2933,1.2141,1.1408,1.0733,1.0117,0.95699,0.91007,0.87586,0.85044,0.82698,0.80743,0.79374,0.78592,0.78299,0.78397,0.7869,0.79374,0.80254,0.81036,0.81623,0.82307,0.82893,0.83382,0.8348,0.83284,0.82893,0.82111,0.81134,0.79863,0.78299,0.76442,0.74487,0.72923,0.71652,0.69892,0.67937,0.65982,0.64516,0.64125,0.65494,0.69404,0.76344,0.86804,1.0068,1.1476,1.2933,1.4663,1.6461,1.8162,1.9668,2.0919,2.1877,2.2532,2.2913,2.305,2.2981,2.2757,2.2414,2.1965,2.1388,2.0733,2.002,1.9257,1.8446,1.7595,1.6725,1.5846,1.4966,1.4096,1.3353,1.2678,1.1975,1.1281,1.0626,1.002,0.94819,0.90225,0.86608,0.83578,0.81232,0.79374,0.78006,0.77322,0.77028,0.76833,0.77028,0.77322,0.77517,0.77517,0.77322,0.77028,0.76637,0.76246,0.75855,0.7566,0.75464,0.7478,0.73803,0.72532,0.71065,0.69501,0.6784,0.66178,0.64516,0.72141,0.84457,0.90127,0.93157,0.95699,0.99218,1.0538,1.1496,1.2835,1.4526,1.6461,1.8543,2.0635,2.26,2.4311,2.5582,2.652,2.7302,2.7849,2.8133,2.8182,2.8035,2.7732,2.7302,2.6784,2.6178,2.5494,2.4751,2.4037,2.3324,2.2522,2.1652,2.0753,1.9814,1.8866,1.7957,1.7097,1.6285,1.5552,1.4878,1.434,1.393,1.3529,1.3167,1.2874,1.2649,1.2483,1.2395,1.2356,1.2366,1.2385,1.2424,1.2463,1.2502,1.2542,1.2561,1.2571,1.2571,1.2571,1.2561,1.2522,1.2463,1.2405,1.2317,1.2209,1.2121,1.2014,1.1848,1.1623,1.1369,1.1114,1.088,1.0704,1.0655,1.0802,1.1212,1.1945,1.305,1.4262,1.5621,1.7361,1.9296,2.1261,2.3109,2.4751,2.6129,2.7195,2.7947,2.8387,2.8563,2.8514,2.8289,2.7937,2.7458,2.6862,2.6188,2.5435,2.4624,2.3763,2.2864,2.1965,2.1056,2.0127,1.9316,1.8563,1.7752,1.6921,1.6119,1.5367,1.4663,1.4057,1.3519,1.306,1.2688,1.2414,1.2239,1.2131,1.2043,1.1994,1.2004,1.2072,1.218,1.2287,1.2375,1.2434,1.2463,1.2473,1.2463,1.2454,1.2434,1.2405,1.2356,1.2268,1.216,1.2033,1.1906,1.176,1.1584,1.1378,1.1153,1.0968,1.0841,1.0753,1.0802,1.1095,1.1711,1.2688,1.4047,1.5738,1.7644,1.9648,2.1642,2.3509,2.4956,2.607,2.7077,2.7869,2.8407,2.868,2.8719,2.8543,2.8192,2.7674,2.7028,2.6315,2.5621,2.4917,2.4135,2.3294,2.2414,2.1505,2.0587,1.9658,1.871,1.7791,1.6901,1.6051,1.5347,1.4741,1.4135,1.3597,1.3128,1.2747,1.2454,1.2229,1.2053,1.1935,1.1867,1.1838,1.1848,1.1906,1.1984,1.2063,1.2121,1.218,1.2219,1.2229,1.2209,1.216,1.2082,1.1975,1.1848,1.174,1.1623,1.1447,1.1251,1.1065,1.086,1.0616,1.0371,1.0147,0.99707,0.99218,1.0078,1.0528,1.1153,1.2033,1.3353,1.5034,1.696,1.9013,2.1046,2.2933,2.4575,2.5924,2.695,2.7644,2.8006,2.8104,2.8055,2.7859,2.7507,2.7019,2.6432,2.5767,2.5015,2.4203,2.3353,2.2473,2.1564,2.0733,1.9951,1.9091,1.8192,1.7292,1.6432,1.5611,1.4839,1.4115,1.346,1.2893,1.2414,1.2063,1.1818,1.1613,1.1447,1.1457,1.1564,1.1613,1.1642,1.1681,1.172,1.1769,1.1808,1.1828,1.1848,1.1857,1.1838,1.1789,1.1711,1.1613,1.1515,1.1417,1.13,1.1144,1.0978,1.0792,1.0655,1.0518,1.0323,1.0117,0.99707,0.99413,1.0098,1.0557,1.1388,1.26,1.4184,1.608,1.8182,2.0068,2.1779,2.3568,2.523,2.6637,2.7722,2.8495,2.8944,2.912,2.9081,2.8866,2.8485,2.8016,2.7458,2.6794,2.6041,2.521,2.434,2.3421,2.2463,2.1496,2.0508,1.9501,1.8514,1.7566,1.6774,1.609,1.5367,1.4663,1.4008,1.3421,1.2903,1.2463,1.2121,1.1848,1.1681,1.1593,1.1574,1.1603,1.1642,1.1691,1.1769,1.1857,1.1945,1.2023,1.2082,1.2141,1.217,1.216,1.2111,1.2053,1.1984,1.1877,1.1769,1.1662,1.1564,1.1457,1.132,1.1153,1.0978,1.0792,1.0635,1.0567,1.0635,1.0899,1.1447,1.2336,1.3627,1.5298,1.7234,1.9345,2.1515,2.3597,2.5484,2.7097,2.826,2.9062,2.9717,3.0137,3.0332,3.0362,3.0235,2.9941,2.9531,2.9003,2.8387,2.7703,2.7019,2.6325,2.5552,2.4731,2.3861,2.2972,2.2072,2.1193,2.0323,1.9482,1.8661,1.7889,1.7175,1.6598,1.6109,1.5621,1.5152,1.4741,1.4418,1.4194,1.4037,1.3949,1.392,1.3939,1.3978,1.4018,1.4057,1.4076,1.4086,1.4096,1.4096,1.4076,1.4018,1.3939,1.3851,1.3754,1.3617,1.349,1.3372,1.3216,1.304,1.2835,1.262,1.2444,1.2375,1.2522,1.2962,1.3744,1.4888,1.6373,1.7869,1.9433,2.131,2.3255,2.5103,2.6745,2.8123,2.9198,2.9971,3.045,3.0665,3.0655,3.0459,3.0127,2.9697,2.9159,2.8543,2.784,2.7067,2.6217,2.5298,2.436,2.3402,2.2434,2.1466,2.0616,1.9853,1.9062,1.827,1.7498,1.6784,1.6158,1.5611,1.5142,1.4741,1.4418,1.4164,1.3988,1.3881,1.3793,1.3734,1.3705,1.3705,1.3724,1.3763,1.3793,1.3803,1.3812,1.3812,1.3793,1.3763,1.3724,1.3627,1.349,1.3324,1.3157,1.2991,1.2805,1.259,1.2366,1.2141,1.1906,1.172,1.1603,1.1574,1.1691,1.2082,1.2835,1.3949,1.5415,1.7185,1.915,2.1193,2.3177,2.4985,2.6354,2.738,2.827,2.8925,2.9335,2.9511,2.9472,2.9257,2.8895,2.8397,2.7605,2.6637,2.5816,2.5054,2.4223,2.3324,2.2395,2.1447,2.0469,1.9521,1.8622,1.7761,1.695,1.6217,1.5552,1.5015,1.4594,1.4194,1.3842,1.3539,1.3294,1.3128,1.303,1.2972,1.2952,1.2962,1.3001,1.305,1.3089,1.3109,1.3118,1.3118,1.3118,1.3109,1.3069,1.3021,1.2962,1.2874,1.2766,1.262,1.2493,1.2385,1.2229,1.2043,1.1848,1.1652,1.1427,1.1202,1.1007,1.086,1.0841,1.1026,1.1378,1.1935,1.2835,1.4047,1.5543,1.7243,1.9003,2.0694,2.2229,2.3539,2.4555,2.5269,2.5679,2.5826,2.5758,2.5533,2.5171,2.4692,2.4106,2.3431,2.2669,2.1838,2.0978,2.0078,1.914,1.8289,1.7488,1.6608,1.5709,1.4839,1.4018,1.3245,1.2551,1.1935,1.1398,1.0919,1.0538,1.0264,1.0098,1.002,0.99511,0.99218,0.99316,0.99609,1,1.0059,1.0117,1.0176,1.0205,1.0215,1.0244,1.0283,1.0303,1.0293,1.0274,1.0235,1.0196,1.0156,1.0088,0.99902,0.98729,0.97361,0.96285,0.95112,0.93451,0.91496,0.89443,0.8739,0.8563,0.84946,0.85826,0.88856,0.94624,1.0352,1.1535,1.2757,1.4047,1.5591,1.7214,1.8788,2.0196,2.1369,2.2258,2.2854,2.3177,2.3255,2.3109,2.2854,2.2502,2.2014,2.1408,2.0714,1.9941,1.911,1.825,1.738,1.65,1.564,1.4809,1.3998,1.3333,1.2786,1.2229,1.172,1.1261,1.088,1.0587,1.0371,1.0225,1.0127,1.0078,1.0078,1.0117,1.0196,1.0274,1.0362,1.0459,1.0587,1.0743,1.0909,1.1065,1.1212,1.1339,1.1447,1.1525,1.1574,1.1603,1.1584,1.1525,1.1457,1.1378,1.129,1.1193,1.1065,1.0919,1.0743,1.0538,1.0381,1.0274,1.0156,1.0127,1.0254,1.0616,1.1281,1.2258,1.3548,1.5093,1.6804,1.8583,2.0303,2.1691,2.2805,2.3842,2.4673,2.5249,2.5552,2.5621,2.5484,2.5171,2.4721,2.4154,2.35,2.2835,2.2151,2.1369,2.0508,1.9619,1.8729,1.7849,1.6999,1.6188,1.5415,1.4673,1.3978,1.3353,1.2874,1.2493,1.2131,1.1828,1.1603,1.1447,1.1349,1.131,1.2209,1.2239,1.2483,1.3021,1.3734,1.4712,1.6129,1.7889,1.9892,2.1994,2.4066,2.6002,2.7693,2.9081,3.0137,3.085,3.1251,3.1349,3.1202,3.089,3.043,2.9844,2.9179,2.8426,2.7595,2.6696,2.5728,2.4702,2.3636,2.2688,2.1808,2.086,1.9892,1.8954,1.8074,1.7234,1.6442,1.5728,1.5103,1.4565,1.4135,1.3832,1.3666,1.3587,1.3529,1.35,1.35,1.3539,1.3597,1.3646,1.3695,1.3744,1.3803,1.3851,1.39,1.393,1.392,1.3891,1.3822,1.3724,1.3627,1.3529,1.3412,1.3265,1.3089,1.2893,1.2659,1.2454,1.2278,1.2072,1.1935,1.1955,1.2229,1.2854,1.3881,1.5327,1.7146,1.9228,2.1466,2.3421,2.5142,2.6911,2.8524,2.9873,3.0899,3.1593,3.1975,3.2092,3.1975,3.1652,3.1163,3.0606,2.998,2.9247,2.8416,2.7507,2.654,2.5523,2.4477,2.3402,2.2317,2.1261,2.0235,1.9247,1.8426,1.7713,1.696,1.6237,1.5572,1.4985,1.4497,1.4115,1.3822,1.3597,1.346,1.3392,1.3382,1.3431,1.3509,1.3578,1.3636,1.3695,1.3724,1.3715,1.3695,1.3685,1.3685,1.3656,1.3587,1.3548,1.3509,1.3421,1.3275,1.3099,1.2913,1.2717,1.2522,1.2336,1.216,1.2014,1.1945,1.1994,1.2229,1.2737,1.3607,1.4888,1.654,1.8524,2.0733,2.3011,2.5191,2.7165,2.8837,3.0176,3.1065,3.1593,3.1935,3.2043,3.1926,3.1613,3.1144,3.0528,2.9814,2.9032,2.8182,2.7273,2.6432,2.5601,2.4653,2.3636,2.259,2.1544,2.0538,1.958,1.868,1.781,1.6999,1.6266,1.5611,1.5112,1.4721,1.435,1.4037,1.3812,1.3675,1.3607,1.3568,1.3578,1.3617,1.3656,1.3715,1.3793,1.3871,1.3939,1.3969,1.3959,1.392,1.3851,1.3763,1.3675,1.3578,1.348,1.3353,1.3187,1.306,1.2933,1.2727,1.2483,1.2248,1.2063,1.1955,1.1984,1.2268,1.2893,1.393,1.5376,1.6901,1.8553,2.0577,2.2747,2.4888,2.6862,2.8563,2.9932,3.0958,3.1632,3.1994,3.2102,3.1984,3.172,3.132,3.0782,3.0117,2.9365,2.8524,2.7595,2.6608,2.5582,2.4545,2.348,2.2414,2.1476,2.0616,1.9697,1.8788,1.7918,1.7107,1.6364,1.5699,1.5142,1.4673,1.4291,1.3558,1.2698,1.2268,1.2063,1.1975,1.1955,1.1965,1.1994,1.2033,1.2082,1.2131,1.218,1.2219,1.2219,1.2219,1.2209,1.2141,1.2033,1.1906,1.176,1.1593,1.1408,1.1222,1.1026,1.0831,1.0635,1.045,1.0352,1.0332,1.0401,1.0645,1.1153,1.2004,1.3255,1.4888,1.6823,1.8964,2.1173,2.3284,2.4976,2.6305,2.7546,2.8563,2.9267,2.9648,2.9785,2.9707,2.9433,2.9003,2.8446,2.7791,2.7048,2.6315,2.5552,2.4673,2.3715,2.2717,2.1681,2.0635,1.9619,1.8661,1.7742,1.6862,1.6051,1.5396,1.4848,1.4311,1.3832,1.3431,1.3109,1.2864,1.2688,1.2581,1.2522,1.2522,1.2542,1.259,1.2649,1.2717,1.2786,1.2864,1.2933,1.2991,1.304,1.305,1.303,1.2972,1.2864,1.2737,1.2639,1.2532,1.2366,1.219,1.2004,1.1808,1.1613,1.1417,1.1251,1.1163,1.1241,1.1584,1.2121,1.2933,1.4194,1.5826,1.7752,1.9883,2.2072,2.4164,2.6051,2.7664,2.8944,2.9873,3.0469,3.0743,3.0772,3.0635,3.0332,2.9883,2.9296,2.8612,2.7849,2.6999,2.61,2.5181,2.4233,2.3363,2.2522,2.1584,2.0587,1.9599,1.8641,1.7722,1.6862,1.6061,1.5327,1.4692,1.4154,1.3715,1.3412,1.3206,1.305,1.2933,1.2874,1.2864,1.2884,1.2933,1.2991,1.305,1.3099,1.3148,1.3216,1.3284,1.3333,1.3343,1.3324,1.3284,1.3245,1.3177,1.306,1.2884,1.2678,1.2454,1.2219,1.2043,1.1887,1.1701,1.1525,1.1408,1.1466,1.1769,1.2405,1.3431,1.4868,1.6667,1.8739,2.0645,2.2424,2.436,2.6207,2.783,2.915,3.0147,3.0811,3.1183,3.131,3.1222,3.0938,3.0489,2.9971,2.9394,2.871,2.7947,2.7116,2.6237,2.5318,2.436,2.3363,2.2356,2.1329,2.0283,1.9374,1.8563,1.7722,1.6901,1.6139,1.5455,1.4868,1.437,1.3949,1.3617,1.3363,1.3177,1.304,1.2972,1.2962,1.2981,1.3021,1.306,1.3109,1.3148,1.3177,1.3187,1.3167,1.3138,1.3099,1.3069,1.3011,1.2913,1.2786,1.2649,1.2483,1.2278,1.2072,1.1848,1.1584,1.132,1.1085,1.0948,1.0948,1.1163,1.1662,1.2522,1.3793,1.5445,1.7419,1.9619,2.1896,2.4096,2.609,2.7791,2.9013,2.9863,3.0577,3.1036,3.1232,3.0811,3.002,2.9365,2.8719,2.8055,2.7341,2.6569,2.5748,2.4976,2.4213,2.3353,2.2444,2.1505,2.0547,1.958,1.8622,1.7683,1.6784,1.5943,1.5161,1.4555,1.4057,1.3568,1.3148,1.2786,1.2493,1.2268,1.2092,1.1975,1.1916,1.1906,1.1926,1.1965,1.2014,1.2033,1.2033,1.2014,1.1975,1.1935,1.1896,1.1828,1.173,1.1623,1.1505,1.1369,1.1261,1.1153,1.1007,1.0821,1.0596,1.0352,1.0127,0.99511,0.98729,0.99804,1.0381,1.1153,1.2092,1.3275,1.4907,1.6833,1.8915,2.0997,2.2942,2.4663,2.609,2.7195,2.7967,2.8426,2.8622,2.8592,2.8407,2.8104,2.7674,2.7136,2.651,2.5816,2.5044,2.4213,2.3333,2.2395,2.1427,2.0557,1.9726,1.8807,1.7869,1.696,1.607,1.523,1.4457,1.3744,1.3109,1.2551,1.2102,1.176,1.1544,1.1408,1.132,1.1281,1.1261,1.1251,1.1251,1.129,1.1339,1.1388,1.1427,1.1447,1.1476,1.1505,1.1486,1.1427,1.1349,1.1271,1.1163,1.1017,1.085,1.0674,1.0499,1.0313,1.0117,0.99707,0.9824,0.96285,0.94526,0.93646,0.94428,0.97947,1.0489,1.1593,1.3089,1.4927,1.6999,1.8886,2.0626,2.2473,2.4194,2.5689,2.6891,2.7761,2.8328,2.8622,2.868,2.8543,2.826,2.784,2.7361,2.6804,2.6119,2.5357,2.4516,2.3607,2.2649,2.1652,2.0645,1.9648,1.8671,1.7732,1.695,1.6246,1.5513,1.479,1.4106,1.348,1.2942,1.2473,1.2082,1.1769,1.1544,1.1398,1.1329,1.1339,1.1398,1.1476,1.1544,1.1603,1.1662,1.1711,1.176,1.1779,1.1769,1.174,1.1701,1.1672,1.1632,1.1574,1.1476,1.1359,1.1232,1.1075,1.0899,1.0723,1.0547,1.0362,1.0196,1.0049,0.99902,1.0039,1.0254,1.0762,1.1623,1.2864,1.4477,1.6383,1.8446,2.0528,2.2512,2.4301,2.565,2.6628,2.7458,2.8045,2.8368,2.8446,2.8328,2.8035,2.7615,2.7087,2.6461,2.5748,2.4966,2.4203,2.3451,2.261,2.1701,2.0772,1.9824,1.8876,1.7928,1.7009,1.6129,1.5298,1.4545,1.3949,1.348,1.304,1.2659,1.2346,1.2102,1.1916,1.1789,1.1701,1.0831,1.0958,1.1349,1.1916,1.2727,1.3978,1.5591,1.7488,1.955,2.1613,2.3558,2.5288,2.6745,2.7879,2.868,2.9189,2.9404,2.9394,2.9238,2.8954,2.8534,2.7986,2.7341,2.6618,2.5836,2.4995,2.4106,2.3177,2.2336,2.1515,2.0626,1.9697,1.8778,1.7889,1.7048,1.6256,1.5523,1.4839,1.4213,1.3685,1.3255,1.2952,1.2737,1.2551,1.2414,1.2336,1.2307,1.2317,1.2346,1.2385,1.2414,1.2414,1.2395,1.2385,1.2375,1.2356,1.2336,1.2307,1.2287,1.2248,1.219,1.2111,1.2004,1.1857,1.1701,1.1515,1.1359,1.1202,1.0997,1.0792,1.0626,1.0538,1.0616,1.0948,1.1603,1.3118,1.477,1.6129,1.7625,1.9218,2.1114,2.304,2.4848,2.6432,2.7713,2.8671,2.9316,2.9658,2.9746,2.9629,2.9355,2.8974,2.8485,2.7879,2.7185,2.6422,2.5611,2.4761,2.3871,2.2952,2.2014,2.1065,2.0098,1.9257,1.8485,1.7664,1.6833,1.6041,1.5298,1.4633,1.4066,1.3607,1.3236,1.2942,1.2708,1.2542,1.2454,1.2424,1.2424,1.2444,1.2473,1.2512,1.2551,1.26,1.2639,1.2639,1.261,1.2551,1.2493,1.2434,1.2346,1.2258,1.217,1.2082,1.1965,1.1818,1.1652,1.1466,1.1251,1.1017,1.0802,1.0665,1.0626,1.0723,1.1036,1.1672,1.2688,1.4096,1.5836,1.782,1.9912,2.1984,2.3939,2.5494,2.6716,2.781,2.8671,2.9286,2.9648,2.9775,2.9687,2.9433,2.9022,2.8485,2.7859,2.7146,2.6442,2.5728,2.4917,2.4037,2.3128,2.219,2.1222,2.0244,1.9286,1.8348,1.7439,1.6579,1.5875,1.5288,1.4702,1.4174,1.3715,1.3324,1.3001,1.2747,1.2551,1.2434,1.2375,1.2356,1.2366,1.2405,1.2454,1.2502,1.2551,1.26,1.262,1.261,1.2581,1.2542,1.2483,1.2395,1.2307,1.2209,1.2121,1.2033,1.1896,1.174,1.1574,1.1398,1.1202,1.1007,1.0831,1.0723,1.0743,1.0909,1.129,1.2004,1.3109,1.4594,1.6393,1.8426,2.0557,2.2639,2.4555,2.6217,2.7586,2.8612,2.9257,2.9609,2.9824,2.9853,2.9687,2.9365,2.8905,2.8328,2.7664,2.694,2.6149,2.5288,2.4487,2.3715,2.2854,2.1935,2.0978,2.001,1.9003,1.7977,1.7038,1.6178,1.5396,1.4692,1.4086,1.3646,1.3304,1.3001,1.2747,1.2542,1.2375,1.2258,1.218,1.2111,1.2082,1.2092,1.2102,1.2121,1.2131,1.2111,1.2082,1.2043,1.2004,1.1955,1.1896,1.1828,1.174,1.1632,1.1486,1.132,1.1193,1.1075,1.0929,1.0762,1.0587,1.042,1.0283,1.0215,1.0283,1.0577,1.1212,1.2239,1.3421,1.4819,1.6647,1.8729,2.087,2.2942,2.4829,2.6432,2.7683,2.8583,2.9179,2.9531,2.9648,2.955,2.9306,2.8935,2.8436,2.783,2.7126,2.6334,2.5484,2.4585,2.3636,2.2659,2.1662,2.0772,1.9941,1.9013,1.8074,1.7155,1.6285,1.5474,1.4751,1.4115,1.3568,1.3099,1.2698,1.2375,1.216,1.2033,1.1965,1.1945,1.1965,1.1984,1.2014,1.2053,1.2092,1.2141,1.219,1.2209,1.2219,1.2229,1.2209,1.216,1.2082,1.1984,1.1887,1.1769,1.1623,1.1457,1.1281,1.1105,1.0919,1.0782,1.0684,1.0567,1.0459,1.043,1.0538,1.088,1.1554,1.262,1.4057,1.5826,1.783,1.9668,2.1369,2.3206,2.4966,2.651,2.7771,2.871,2.9335,2.9677,2.9756,2.9629,2.9345,2.8905,2.8387,2.781,2.7116,2.6344,2.5513,2.4633,2.3715,2.2757,2.1779,2.0792,1.9795,1.8847,1.8055,1.7341,1.6579,1.5846,1.5161,1.4506,1.392,1.3431,1.303,1.2727,1.2502,1.2346,1.2239,1.2199,1.2219,1.2248,1.2287,1.2326,1.2375,1.2414,1.2463,1.2512,1.2532,1.2522,1.2483,1.2444,1.2385,1.2287,1.216,1.2004,1.1828,1.1652,1.1466,1.1281,1.1105,1.0919,1.0753,1.0616,1.0557,1.0616,1.086,1.1398,1.2297,1.3617,1.5298,1.7243,1.9355,2.1496,2.3519,2.5327,2.6696,2.7713,2.8592,2.9267,2.9707,2.9902,2.9873,2.9668,2.9296,2.8778,2.8143,2.741,2.6686,2.5953,2.5112,2.4213,2.3284,2.2326,2.1339,2.0108,1.9013,1.8231,1.7419,1.6618,1.5836,1.52,1.4653,1.4086,1.3578,1.3138,1.2776,1.2493,1.2268,1.2111,1.2023,1.1994,1.1994,1.2033,1.2082,1.2131,1.218,1.2229,1.2278,1.2297,1.2287,1.2248,1.217,1.2072,1.1955,1.1808,1.1691,1.1584,1.1437,1.1271,1.1095,1.0909,1.0694,1.0499,1.0342,1.0274,1.0371,1.0704,1.1193,1.1906,1.305,1.4594,1.6452,1.8504,2.0616,2.2669,2.4545,2.6158,2.7468,2.8456,2.913,2.9482,2.9589,2.955,2.9345,2.8993,2.8504,2.7908,2.7204,2.6422,2.5591,2.4721,2.3822,2.2991,2.219,2.13,2.0362,1.9404,1.8456,1.7546,1.6696,1.5885,1.5122,1.4428,1.3812,1.3275,1.2874,1.2581,1.2326,1.2121,1.1984,1.1916,1.1887,1.1896,1.1926,1.1955,1.1975,1.1984,1.1994,1.1994,1.1975,1.1935,1.1896,1.1848,1.1769,1.1691,1.1584,1.1437,1.1271,1.1095,1.0919,1.0782,1.0665,1.0528,1.0391,1.0274,1.0235,1.0303,1.0567,1.1105,1.2004,1.3314,1.5005,1.6676,1.8387,2.0362,2.2366,2.4242,2.5865,2.7185,2.8172,2.8856,2.9257,2.9316,2.9208,2.9042,2.8729,2.828,2.7703,2.7048,2.6315,2.5513,2.4663,2.3754,2.2815,2.1857,2.087,1.9892,1.9032,1.825,1.7419,1.6608,1.5826,1.5093,1.4418,1.3812,1.3294,1.2854,1.2493,1.2209,1.2014,1.1916,1.1877,1.1857,1.1857,1.1867,1.1887,1.1916,1.1955,1.1994,1.2033,1.2033,1.2014,1.2004,1.1975,1.1896,1.1779,1.1623,1.1457,1.1281,1.1105,1.0919,1.0733,1.0567,1.0391,1.0196,1.0068,1.002,1.0049,1.0264,1.0792,1.1691,1.2991,1.4653,1.6608,1.871,2.0811,2.2805,2.4379,2.5621,2.6764,2.7713,2.8407,2.8847,2.9042,2.9022,2.8847,2.8504,2.8016,2.74,2.6706,2.6012,2.5288,2.4467,2.3578,2.263,2.1652,2.0684,1.9726,1.8778,1.7849,1.696,1.6129,1.5435,1.4848,1.4262,1.3715,1.3236,1.2825,1.2483,1.2209,1.2004,1.1867,1.1789,1.176,1.1779,1.1818,1.1857,1.1906,1.1945,1.1945,1.1926,1.1896,1.1867,1.1828,1.176,1.1681,1.1584,1.1505,1.1417,1.1281,1.1124,1.0958,1.0782,1.0596,1.0401,1.0215,1.0068,0.99902,1.0078,1.0332,1.1173,1.2219,1.3187,1.4643,1.6452,1.8495,2.0616,2.2659,2.4516,2.61,2.7361,2.8289,2.8827,2.9101,2.9208,2.914,2.8925,2.8563,2.8065,2.7449,2.6735,2.5953,2.5112,2.4223,2.3392,2.259,2.1701,2.0753,1.9775,1.8798,1.7859,1.694,1.6061,1.5239,1.4506,1.3871,1.3314,1.2884,1.2551,1.2248,1.2014,1.1838,1.172,1.1691,1.172,1.1769,1.1848,1.1916,1.1975,1.2033,1.2102,1.2131,1.2131,1.2102,1.2063,1.2023,1.1975,1.1896,1.1818,1.1711,1.1564,1.1398,1.1271,1.1144,1.0958,1.0743,1.0518,1.0323,1.0225,1.0293,1.0606,1.1222,1.219,1.3539,1.4956,1.6481,1.8368,2.0391,2.2385,2.4223,2.5787,2.7058,2.8006,2.8641,2.9003,2.912,2.9022,2.8798,2.8426,2.7937,2.7341,2.6637,2.5865,2.5024,2.4135,2.3226,2.2287,2.1339,2.0381,1.9541,1.8768,1.7918,1.7058,1.6217,1.5415,1.4673,1.4018,1.346,1.3001,1.262,1.2317,1.2092,1.1975,1.1916,1.1877,1.1877,1.1906,1.1945,1.1984,1.2033,1.2082,1.2111,1.2121,1.2102,1.2092,1.2072,1.2014,1.1945,1.1818,1.1691,1.1574,1.1427,1.1261,1.1075,1.087,1.0655,1.043,1.0274,1.0186,1.0137,1.0244,1.0577,1.1222,1.2248,1.3656,1.5425,1.7439,1.957,2.1691,2.3431,2.4848,2.6197,2.7322,2.8162,2.87,2.8964,2.9013,2.8905,2.8641,2.8231,2.7683,2.7028,2.6373,2.5689,2.4888,2.3998,2.306,2.2092,2.1095,2.0088,1.9081,1.8074,1.7107,1.6188,1.5425,1.477,1.4106,1.35,1.2972,1.2522,1.216,1.1877,1.1672,1.1525,1.1427,1.1388,1.1398,1.1457,1.1525,1.1603,1.1691,1.1769,1.1828,1.1877,1.1896,1.1906,1.1896,1.1857,1.1799,1.176,1.1711,1.1613,1.1466,1.13,1.1124,1.0938,1.0733,1.0518,1.0303,1.0137,1.0088,1.0205,1.0538,1.1183,1.2199,1.3597,1.5337,1.7312,1.9384,2.1427,2.3343,2.5015,2.6393,2.7449,2.8113,2.8475,2.868,2.8719,2.8573,2.825,2.7781,2.7204,2.654,2.5816,2.5044,2.4213,2.3431,2.2669,2.1799,2.087,1.9922,1.8964,1.8016,1.7107,1.6237,1.5435,1.4702,1.4057,1.35,1.3089,1.2766,1.2463,1.2239,1.2092,1.2004,1.1975,1.1984,1.1994,1.2014,1.2043,1.2082,1.2141,1.2199,1.2229,1.2248,1.2258,1.2239,1.219,1.2111,1.2014,1.1916,1.1799,1.1652,1.1486,1.1359,1.1251,1.1095,1.089,1.0684,1.0528,1.045,1.0499,1.0753,1.129,1.218,1.3451,1.4819,1.6315,1.8162,2.0186,2.2209,2.4066,2.567,2.697,2.7937,2.8583,2.8954,2.9071,2.8983,2.8905,2.8788,2.8446,2.7947,2.7331,2.6628,2.5846,2.5015,2.4125,2.3206,2.2268,2.131,2.0469,1.9668,1.8807,1.7947,1.7097,1.6285,1.5523,1.4839,1.4262,1.3793,1.3421,1.3138,1.2942,1.2825,1.2796,1.2805,1.2825,1.2884,1.2972,1.305,1.3118,1.3177,1.3216,1.3226,1.3206,1.3196,1.3187,1.3157,1.3109,1.303,1.2923,1.2776,1.2581,1.2375,1.218,1.1984,1.1789,1.1593,1.1466,1.1457,1.1603,1.2004,1.2747,1.3881,1.5396,1.7214,1.9257,2.1369,2.3421,2.5279,2.6696,2.7742,2.8651,2.9335,2.9746,2.9902,2.9853,2.9638,2.9286,2.8807,2.8211,2.7537,2.6794,2.607,2.5347,2.4536,2.3675,2.2766,2.1848,2.089,1.9902,1.8935,1.7977,1.6872,1.5934,1.5396,1.4907,1.4379,1.3891,1.348,1.3157,1.2923,1.2766,1.2669,1.262,1.262,1.2639,1.2678,1.2727,1.2786,1.2845,1.2893,1.2933,1.2942,1.2923,1.2864,1.2766,1.2649,1.2512,1.2375,1.2278,1.218,1.2033,1.1857,1.1632,1.1408,1.1212,1.1114,1.1222,1.1603,1.2336,1.347,1.4712,1.6139,1.7977,2.0039,2.2141,2.4125,2.5865,2.7331,2.8475,2.9267,2.9736,2.9922,2.9873,2.9658,2.9326,2.8886,2.8328,2.7683,2.696,2.6168,2.5073,2.4057,2.306,2.2063,2.1173,2.0342,1.9687,1.8905,1.7889,1.6989,1.6364,1.5562,1.4741,1.4213,1.3793,1.3382,1.3109,1.2962,1.2893,1.2874,1.2913,1.2991,1.306,1.3118,1.3177,1.3226,1.3275,1.3324,1.3372,1.3431,1.349,1.3519,1.348,1.3382,1.3265,1.3128,1.2991,1.2854,1.2688,1.2493,1.2287,1.2102,1.1984,1.1945,1.2004,1.2219,1.2688,1.35,1.4682,1.6217,1.8025,2.002,2.2063,2.4018,2.5572,2.6804,2.7947,2.8876,2.9511,2.9883,2.999,2.9883,2.9609,2.9179,2.8622,2.7967,2.7224,2.65,2.5777,2.4956,2.4066,2.3138,2.2199,2.1251,2.0323,1.9413,1.8524,1.7674,1.6891,1.6237,1.5679,1.5112,1.4585,1.4125,1.3734,1.3441,1.3236,1.3089,1.3021,1.3011,1.305,1.3118,1.3196,1.3284,1.3363,1.3441,1.349,1.3519,1.3519,1.347,1.3372,1.3245,1.3079,1.2874,1.2698,1.2532,1.2326,1.2131,1.1916,1.1662,1.1398,1.089,1.0283,0.99511,0.98436,1.001,1.0508,1.1212,1.217,1.3539,1.521,1.7067,1.8983,2.0821,2.2473,2.3851,2.4897,2.5601,2.5973,2.607,2.5973,2.5709,2.5298,2.4761,2.4106,2.3333,2.2483,2.1584,2.0635,1.9648,1.8651,1.7664,1.6804,1.6031,1.5191,1.433,1.35,1.2727,1.2023,1.1388,1.0831,1.0352,0.99804,0.97263,0.95992,0.95699,0.95797,0.9609,0.96579,0.97165,0.97849,0.98729,0.99511,1.001,1.0059,1.0078,1.0088,1.0117,1.0156,1.0156,1.0108,1.0029,0.99413,0.98338,0.97067,0.95699,0.94233,0.92473,0.90616,0.89247,0.87879,0.86022,0.84066,0.82502,0.81623,0.81916,0.84262,0.89443,0.97947,1.0997,1.2532,1.4037,1.5543,1.7283,1.9062,2.0704,2.2121,2.3265,2.4076,2.4555,2.4731,2.4663,2.4389,2.393,2.3412,2.2805,2.2063,2.1232,2.0323,1.9365,1.8387,1.741,1.6442,1.5494,1.4585,1.3695,1.2962,1.2326,1.1681,1.1085,1.0567,1.0166,0.98729,0.96676,0.95308,0.94624,0.94526,0.94917,0.95797,0.96774,0.97947,0.99218,1.0088,1.0244,1.0381,1.0508,1.0626,1.0714,1.0772,1.0802,1.0792,1.0772,1.0753,1.0694,1.0596,1.045,1.0274,1.0088,0.9912,0.97458,0.95699,0.93744,0.91887,0.90225,0.89247,0.89247,0.90616,0.94233,1.0068,1.1036,1.2336,1.3949,1.5787,1.7732,1.9658,2.1447,2.2825,2.3881,2.4809,2.5503,2.5924,2.609,2.6022,2.5758,2.5327,2.4741,2.4047,2.3255,2.2385,2.1564,2.0762,1.9853,1.8886,1.7908,1.697,1.608,1.522,1.4399,1.3617,1.2913,1.2287,1.1818,1.1476,1.1163,1.0909,1.0723,1.0606,1.0557,1.0577,1.0645,1.0753,1.088,1.1007,1.1105,1.1193,1.1271,1.1329,1.1388,1.1427,1.1437,1.1417,1.1378,1.131,1.1222,1.1124,1.1017,1.0929,1.0831,1.0684,1.0518,1.0332,1.0127,0.99316,0.97556,0.96383,0.9609,0.97556,1.0186,1.0958,1.1887,1.3011,1.4545,1.6373,1.8348,2.0332,2.2199,2.3822,2.5142,2.6149,2.6833,2.7224,2.7361,2.7292,2.7067,2.6686,2.6168,2.5533,2.4809,2.4018,2.3157,2.2248,2.1329,2.0401,1.9433,1.8553,1.7742,1.6882,1.6041,1.522,1.4448,1.3744,1.3118,1.259,1.2141,1.1769,1.1496,1.1349,1.1779,1.2502,1.2884,1.3099,1.3255,1.3402,1.3519,1.3617,1.3695,1.3754,1.3812,1.3861,1.393,1.3988,1.3998,1.3969,1.3891,1.3783,1.3627,1.3431,1.3236,1.304,1.2845,1.2649,1.2483,1.2336,1.217,1.2023,1.1994,1.219,1.2708,1.3587,1.4848,1.6481,1.8387,2.0469,2.2581,2.435,2.5836,2.7283,2.8534,2.9492,3.0137,3.0479,3.0577,3.0469,3.0186,2.9746,2.9169,2.8553,2.7908,2.7146,2.6305,2.5415,2.4467,2.35,2.2483,2.1466,2.0479,1.9531,1.8622,1.7849,1.7195,1.653,1.5885,1.5298,1.4809,1.4418,1.4115,1.39,1.3754,1.3675,1.3646,1.3666,1.3734,1.3812,1.391,1.4027,1.4125,1.4194,1.4242,1.4252,1.4233,1.4203,1.4164,1.4086,1.4018,1.3939,1.3832,1.3695,1.3558,1.3402,1.3226,1.304,1.2845,1.2649,1.2483,1.2424,1.2561,1.2874,1.346,1.4467,1.5875,1.7634,1.9648,2.1799,2.3939,2.5953,2.7722,2.9169,3.0254,3.0919,3.1261,3.1417,3.1388,3.1183,3.0831,3.0342,2.9736,2.9052,2.8289,2.7478,2.6628,2.5718,2.4878,2.4057,2.3138,2.219,2.1241,2.0313,1.9394,1.8504,1.7654,1.6891,1.6227,1.565,1.522,1.4917,1.4653,1.4438,1.4282,1.4174,1.4115,1.4115,1.4145,1.4184,1.4223,1.4262,1.4262,1.4262,1.4262,1.4242,1.4203,1.4145,1.4066,1.3969,1.3842,1.3705,1.3558,1.3412,1.3255,1.3128,1.3011,1.2854,1.2659,1.2454,1.2297,1.2297,1.2542,1.3128,1.4106,1.5494,1.7263,1.9306,2.1202,2.2981,2.4927,2.6804,2.8456,2.9795,3.0792,3.1447,3.1799,3.1877,3.173,3.1408,3.0978,3.0469,2.9853,2.9159,2.8397,2.7586,2.6725,2.5826,2.4888,2.393,2.2952,2.1975,2.1007,2.0176,1.9423,1.8612,1.7801,1.7028,1.6334,1.5709,1.5191,1.477,1.4448,1.4223,1.4066,1.4008,1.4008,1.4037,1.4076,1.4125,1.4174,1.4223,1.4262,1.4262,1.4242,1.4203,1.4145,1.4057,1.3978,1.39,1.3783,1.3646,1.3509,1.3363,1.3206,1.303,1.2815,1.2571,1.2336,1.2151,1.2102,1.2219,1.2581,1.3284,1.4389,1.5885,1.7732,1.9824,2.2063,2.4272,2.6315,2.8084,2.9521,3.0499,3.1114,3.1535,3.175,3.175,3.1564,3.1212,3.0186,2.8788,2.7713,2.6764,2.5875,2.5073,2.4301,2.3451,2.2542,2.1593,2.0606,1.958,1.8592,1.7654,1.6755,1.5904,1.5112,1.4399,1.3832,1.3363,1.2913,1.2512,1.219,1.1945,1.1769,1.1681,1.1662,1.1681,1.174,1.1818,1.1896,1.1965,1.2023,1.2082,1.2131,1.217,1.218,1.2151,1.2072,1.1955,1.1828,1.1662,1.1525,1.1417,1.1281,1.1105,1.0919,1.0733,1.0547,1.0411,1.0362,1.0518,1.0958,1.176,1.2952,1.4262,1.5738,1.7625,1.9736,2.1896,2.3939,2.5748,2.7253,2.8426,2.9257,2.9765,2.999,2.9951,2.9736,2.9394,2.8915,2.8338,2.7683,2.695,2.6158,2.5337,2.4487,2.3597,2.2669,2.173,2.088,2.0088,1.9228,1.8338,1.7458,1.6598,1.5787,1.5054,1.4409,1.3842,1.3353,1.2962,1.2708,1.2561,1.2444,1.2366,1.2326,1.2326,1.2356,1.2395,1.2434,1.2483,1.2532,1.2571,1.2571,1.2571,1.2561,1.2493,1.2385,1.2258,1.2121,1.1984,1.1828,1.1652,1.1466,1.1261,1.1036,1.085,1.0694,1.0547,1.0479,1.0606,1.1026,1.1828,1.304,1.4633,1.6549,1.8661,2.0831,2.2923,2.4594,2.5943,2.7214,2.826,2.9022,2.9521,2.9765,2.9795,2.9619,2.9286,2.8827,2.825,2.7634,2.697,2.6207,2.5376,2.4477,2.3529,2.2542,2.1535,2.0528,1.9521,1.8534,1.7605,1.6706,1.5963,1.5337,1.4712,1.4125,1.3597,1.3148,1.2786,1.2512,1.2326,1.2209,1.2151,1.2141,1.218,1.2229,1.2268,1.2297,1.2326,1.2346,1.2336,1.2307,1.2268,1.2199,1.2092,1.1965,1.1818,1.1681,1.1554,1.1398,1.1222,1.1026,1.0831,1.0635,1.044,1.0283,1.0244,1.042,1.0899,1.1564,1.2502,1.39,1.5689,1.7752,1.9961,2.218,2.4252,2.608,2.7595,2.8778,2.9638,3.0196,3.043,3.044,3.0303,3.001,2.958,2.9032,2.8397,2.7674,2.6872,2.6002,2.5093,2.4145,2.3265,2.2405,2.1476,2.0518,1.9541,1.8573,1.7644,1.6755,1.5904,1.5122,1.4428,1.3812,1.3294,1.2923,1.2669,1.2454,1.2287,1.216,1.2092,1.2063,1.2072,1.2082,1.2082,1.2082,1.2063,1.2053,1.2043,1.2014,1.1965,1.1877,1.176,1.1632,1.1505,1.1369,1.1202,1.1017,1.0802,1.0606,1.043,1.0166,0.99218,0.97947,0.9824,1.0088,1.0684,1.1672,1.305,1.478,1.6794,1.8964,2.086,2.2532,2.4242,2.5797,2.7097,2.8094,2.8768,2.915,2.9296,2.9228,2.8964,2.8543,2.8035,2.7468,2.6823,2.609,2.5298,2.4467,2.3587,2.2669,2.173,2.0762,1.9775,1.8788,1.7801,1.697,1.6246,1.5494,1.4761,1.4086,1.349,1.2972,1.2502,1.2092,1.175,1.1496,1.1329,1.1241,1.1212,1.1212,1.1232,1.1271,1.129,1.1271,1.1241,1.1212,1.1173,1.1105,1.1026,1.0938,1.088,1.0841,1.0772,1.0674,1.0528,1.0362,1.0166,0.99511,0.97263,0.94917,0.92962,0.91984,0.92473,0.94917,1.0039,1.0968,1.2297,1.4008,1.6012,1.8172,2.0371,2.2473,2.437,2.5982,2.7253,2.8074,2.8563,2.8886,2.8993,2.8925,2.868,2.8289,2.7771,2.7155,2.6461,2.5689,2.4839,2.4037,2.3245,2.2346,2.1408,2.044,1.9453,1.8465,1.7488,1.653,1.5611,1.4751,1.3969,1.3265,1.2727,1.2297,1.1887,1.1525,1.1241,1.1026,1.087,1.0753,1.0684,1.0655,1.0645,1.0665,1.0723,1.0811,1.088,1.0919,1.0938,1.0929,1.089,1.0821,1.0723,1.0577,1.0411,1.0225,1.0039,0.99022,0.97849,0.96188,0.94233,0.91984,0.89932,0.88368,0.87683,0.88856,0.92766,1.002,1.1173,1.2463,1.3939,1.5836,1.7957,2.0117,2.217,2.4008,2.5543,2.6735,2.7576,2.8094,2.8328,2.8328,2.8152,2.7849,2.7439,2.6911,2.6276,2.5562,2.4761,2.391,2.3021,2.2102,2.1163,2.0176,1.9296,1.8456,1.7498,1.653,1.5601,1.4712,1.3881,1.3157,1.2551,1.2033,1.1613,1.1281,1.1046,1.0909,1.086,1.0841,1.087,1.0948,1.1046,1.1144,1.1222,1.129,1.1349,1.1388,1.1398,1.1398,1.1398,1.1378,1.1329,1.1261,1.1173,1.1065,1.0909,1.0743,1.0557,1.0371,1.0176,0.99707,0.98338,0.97556,0.9697,0.97556,1.002,1.0577,1.1486,1.2796,1.4467,1.6403,1.8495,2.0596,2.2336,2.3793,2.52,2.6422,2.7361,2.7996,2.8348,2.8456,2.8348,2.8045,2.7595,2.7038,2.6452,2.5836,2.5132,2.437,2.3558,2.2717,2.1818,2.088,1.9912,1.8925,1.7947,1.6999,1.61,1.5347,1.4712,1.4076,1.349,1.2991,1.259,1.2258,1.1994,1.2102,1.2424,1.2561,1.262,1.2669,1.2727,1.2786,1.2835,1.2884,1.2933,1.2962,1.2972,1.2952,1.2893,1.2796,1.2678,1.2561,1.2493,1.2454,1.2385,1.2278,1.2141,1.1975,1.1789,1.1574,1.1359,1.1183,1.1105,1.1212,1.1496,1.2004,1.2874,1.4115,1.5699,1.7546,1.9531,2.1535,2.3451,2.5152,2.6569,2.7674,2.8465,2.8915,2.912,2.9179,2.9081,2.8827,2.8436,2.7918,2.7312,2.6618,2.5855,2.5024,2.4154,2.3363,2.261,2.1789,2.0929,2.0039,1.915,1.826,1.741,1.6598,1.5836,1.5161,1.4575,1.4076,1.3715,1.3451,1.3187,1.2972,1.2805,1.2688,1.26,1.2561,1.2561,1.259,1.262,1.2639,1.2649,1.2649,1.263,1.26,1.2551,1.2483,1.2395,1.2307,1.2219,1.2121,1.1994,1.1838,1.1672,1.1544,1.1408,1.1212,1.1017,1.085,1.0762,1.0821,1.1114,1.174,1.2757,1.4174,1.5924,1.7615,1.9296,2.1222,2.3167,2.4956,2.6481,2.7713,2.8622,2.9218,2.9521,2.9589,2.9453,2.915,2.8749,2.827,2.7683,2.7019,2.6276,2.5474,2.4643,2.3773,2.2864,2.1926,2.0948,1.9971,1.913,1.8377,1.7586,1.6804,1.6051,1.5337,1.4702,1.4145,1.3666,1.3265,1.2933,1.2678,1.2493,1.2405,1.2385,1.2375,1.2395,1.2424,1.2454,1.2463,1.2463,1.2463,1.2463,1.2463,1.2444,1.2434,1.2424,1.2366,1.2287,1.217,1.2014,1.1848,1.1672,1.1486,1.1281,1.1056,1.0831,1.0645,1.0547,1.0567,1.0753,1.1202,1.2004,1.3196,1.4741,1.6569,1.8583,2.0645,2.261,2.4389,2.5738,2.6735,2.7605,2.824,2.8641,2.8817,2.8798,2.8622,2.8299,2.784,2.7283,2.6637,2.5914,2.522,2.4516,2.3724,2.2864,2.1965,2.1036,2.0088,1.915,1.8221,1.7341,1.652,1.5738,1.5093,1.4555,1.4008,1.347,1.2981,1.2581,1.2268,1.2033,1.1857,1.175,1.1691,1.1681,1.174,1.1828,1.1916,1.2004,1.2082,1.2131,1.216,1.216,1.2121,1.2063,1.1984,1.1877,1.173,1.1613,1.1515,1.1369,1.1222,1.1075,1.0909,1.0714,1.0518,1.0352,1.0283,1.0381,1.0733,1.129,1.2102,1.3324,1.4907,1.6764,1.8778,2.0831,2.2776,2.4506,2.5963,2.7116,2.7967,2.8524,2.8788,2.8847,2.8788,2.8583,2.8201,2.7693,2.7077,2.6383,2.5621,2.4819,2.3988,2.3109,2.2297,2.1515,2.0645,1.9726,1.8798,1.7879,1.7009,1.6197,1.5445,1.4761,1.4145,1.3597,1.3128,1.2786,1.2532,1.2317,1.216,1.2072,1.2043,1.2082,1.216,1.2248,1.2326,1.2395,1.2454,1.2512,1.2551,1.2551,1.2532,1.2493,1.2444,1.2375,1.2287,1.2199,1.2111,1.1994,1.1848,1.1681,1.1554,1.1417,1.1222,1.1036,1.0909,1.088,1.1017,1.1417,1.216,1.3265,1.4721,1.6481,1.8172,1.9814,2.1642,2.3441,2.5054,2.6403,2.7458,2.8211,2.868,2.8905,2.8925,2.8768,2.8456,2.8055,2.7586,2.6999,2.6334,2.5591,2.4809,2.3978,2.3089,2.218,2.1261,2.0332,1.9404,1.8622,1.7918,1.7165,1.6413,1.5689,1.5034,1.4448,1.3949,1.3539,1.3206,1.2952,1.2776,1.2688,1.2678,1.2708,1.2747,1.2786,1.2825,1.2874,1.2923,1.2962,1.2991,1.3001,1.2981,1.2952,1.2923,1.2874,1.2786,1.2669,1.2542,1.2424,1.2287,1.2131,1.1965,1.1789,1.1603,1.1437,1.132,1.13,1.1457,1.1848,1.2532,1.3578,1.4985,1.6696,1.8622,2.0655,2.2659,2.4506,2.6109,2.7273,2.8104,2.8768,2.9208,2.9413,2.9413,2.9238,2.8905,2.8456,2.7908,2.7283,2.6569,2.5806,2.5073,2.435,2.3558,2.2698,2.1769,2.0811,1.9853,1.8925,1.8045,1.7204,1.6422,1.5699,1.5112,1.4643,1.4174,1.3754,1.3402,1.3128,1.2923,1.2786,1.2688,1.263,1.261,1.263,1.2669,1.2727,1.2776,1.2825,1.2864,1.2884,1.2874,1.2854,1.2805,1.2727,1.262,1.2483,1.2317,1.219,1.2082,1.1926,1.173,1.1505,1.1271,1.1075,1.0978,1.1017,1.1281,1.1857,1.2796,1.3861,1.5112,1.6764,1.8661,2.0665,2.263,2.4448,2.6031,2.7331,2.8309,2.8974,2.9355,2.9492,2.9433,2.9228,2.8886,2.8426,2.7869,2.7234,2.653,2.5748,2.4936,2.4086,2.3196,2.2268,2.1417,2.0616,1.9726,1.8817,1.7918,1.7058,1.6256,1.5523,1.4858,1.4272,1.3773,1.3343,1.3001,1.2786,1.2649,1.2532,1.2463,1.2434,1.2434,1.2434,1.2434,1.2434,1.2434,1.2434,1.2424,1.2434,1.2463,1.2463,1.2424,1.2366,1.2287,1.218,1.2033,1.1867,1.1505,1.1036,1.0665,1.0371,1.0196,1.0088,1,1.001,1.0225,1.0743,1.1652,1.2981,1.4712,1.6755,1.8974,2.1241,2.3138,2.4721,2.6266,2.7605,2.8661,2.9413,2.9873,3.0068,3.002,2.9785,2.9413,2.8915,2.8299,2.7654,2.6979,2.6217,2.5386,2.4497,2.3558,2.26,2.1603,2.0596,1.958,1.8592,1.7644,1.6862,1.6178,1.5474,1.4809,1.4194,1.3636,1.3167,1.2786,1.2473,1.2219,1.2043,1.1935,1.1867,1.1857,1.1887,1.1916,1.1935,1.1926,1.1896,1.1857,1.1818,1.1769,1.172,1.1662,1.1584,1.1525,1.1457,1.1349,1.1212,1.0958,1.0772,1.0577,1.0274,1.0098,0.99804,0.99902,1.0215,1.0616,1.1281,1.2356,1.3822,1.5621,1.7664,1.9834,2.1984,2.3978,2.5718,2.7165,2.827,2.8974,2.9355,2.956,2.958,2.9433,2.913,2.868,2.7791,2.7097,2.6315,2.5034,2.4125,2.3284,2.2463,2.1535,2.0567,1.957,1.8573,1.7605,1.6667,1.5787,1.4976,1.4223,1.3568,1.3089,1.2727,1.2395,1.2121,1.1916,1.1789,1.173,1.173,1.175,1.1789,1.1828,1.1877,1.1935,1.2004,1.2053,1.2063,1.2043,1.2004,1.1935,1.1828,1.172,1.1603,1.1398,1.1251,1.1114,1.0948,1.0782,1.0567,1.0342,1.0176,1.0088,1.0147,1.044,1.1075,1.2082,1.349,1.4966,1.7576,1.9638,2.176,2.4721,2.6373,2.7683,2.8651,2.9306,2.9658,2.9746,2.9648,2.9404,2.9013,2.8485,2.784,2.7116,2.6344,2.5523,2.4643,2.3734,2.2796,2.1828,2.0821,1.9912,1.9071,1.8133,1.7165,1.6237,1.5357,1.4555,1.3842,1.3255,1.2786,1.2405,1.2111,1.1906,1.1789,1.173,1.1701,1.1711,1.174,1.1779,1.1828,1.1877,1.1916,1.1916,1.1896,1.1857,1.1838,1.1818,1.176,1.1681,1.1593,1.1505,1.1408,1.131,1.1193,1.1036,1.086,1.0665,1.0459,1.0303,1.0225,1.0244,1.0479,1.1007,1.1906,1.3206,1.4888,1.6862,1.8993,2.1124,2.3157,2.478,2.6061,2.7243,2.8211,2.8915,2.9345,2.9521,2.9492,2.9267,2.8886,2.8368,2.7732,2.6999,2.6276,2.5533,2.4702,2.3812,2.2864,2.1887,2.089,1.9892,1.8905,1.7947,1.7048,1.6188,1.5474,1.4878,1.4252,1.3675,1.3187,1.2766,1.2414,1.2131,1.1916,1.1789,1.172,1.1711,1.174,1.1799,1.1857,1.1916,1.1955,1.1965,1.1945,1.1906,1.1857,1.1779,1.1691,1.1584,1.1427,1.132,1.1241,1.1114,1.0958,1.0782,1.0606,1.043,1.0274,1.0156,1.0147,1.0313,1.0733,1.1505,1.2434,1.3597,1.52,1.7097,1.9159,2.1261,2.3275,2.5064,2.6559,2.7742,2.8583,2.9091,2.9296,2.9286,2.912,2.8817,2.8377,2.782,2.7155,2.6422,2.5621,2.477,2.3871,2.2923,2.1955,2.1105,2.0323,1.9482,1.8622,1.7771,1.6931,1.6109,1.5318,1.4585,1.392,1.3333,1.2825,1.2454,1.219,1.1955,1.1799,1.1711,1.1662,1.1662,1.1691,1.172,1.175,1.1779,1.1779,1.1769,1.1769,1.1769,1.174,1.1672,1.1593,1.1496,1.1378,1.1241,1.1095,1.0929,1.0753,1.0567,1.043,1.0293,1.0108,0.99218,0.98045,0.98436,1.0108,1.0665,1.1584,1.2913,1.4604,1.6569,1.8377,2.0078,2.1935,2.3744,2.5357,2.6686,2.7683,2.8348,2.8719,2.8827,2.8739,2.8485,2.8084,2.7615,2.7067,2.6413,2.567,2.4839,2.393,2.2972,2.1984,2.0968,1.9951,1.8944,1.7957,1.7116,1.6373,1.5582,1.4809,1.4076,1.3421,1.2845,1.2356,1.1955,1.1632,1.1359,1.1153,1.1017,1.0958,1.0958,1.0958,1.0958,1.0958,1.0968,1.1007,1.1046,1.1065,1.1075,1.1085,1.1065,1.1046,1.1017,1.0938,1.0802,1.0635,1.0469,1.0313,1.0156,0.99707,0.97556,0.95601,0.94037,0.93255,0.93744,0.96285,1.0156,1.1026,1.2297,1.393,1.5846,1.7937,2.0068,2.2111,2.393,2.5464,2.6559,2.7312,2.7898,2.828,2.8446,2.8407,2.8211,2.7879,2.74,2.6813,2.6149,2.5406,2.4624,2.3881,2.3128,2.2268,2.1339,2.0371,1.9394,1.8416,1.7488,1.6628,1.5826,1.5103,1.4457,1.3959,1.3568,1.3196,1.2864,1.2581,1.2346,1.217,1.2043,1.1975,1.1945,1.1955,1.1994,1.2063,1.2151,1.2229,1.2287,1.2317,1.2307,1.2278,1.2229,1.2141,1.2033,1.1896,1.173,1.1554,1.1417,1.13,1.1134,1.0938,1.0714,1.0489,1.0283,1.0147,1.0117,1.0283,1.0733,1.1525,1.2698,1.3969,1.5386,1.7185,1.9169,2.1183,2.3079,2.4751,2.6119,2.7165,2.7986,2.8563,2.8798,2.8778,2.8583,2.826,2.781,2.7253,2.6598,2.5865,2.5083,2.4252,2.3372,2.2463,2.1535,2.0587,1.9736,1.8944,1.8084,1.7214,1.6373,1.5591,1.4878,1.4242,1.3675,1.3187,1.2805,1.2522,1.2346,1.2239,1.217,1.2131,1.2111,1.2111,1.2131,1.216,1.2199,1.2219,1.2229,1.2229,1.2219,1.2209,1.2199,1.2151,1.2072,1.1975,1.1848,1.1691,1.1515,1.1339,1.1144,1.0938,1.0714,1.0547,1.0401,1.0215,1.0049,1,1.0156,1.0577,1.132,1.2424,1.3871,1.5582,1.7458,1.9374,2.0978,2.2336,2.3666,2.4819,2.5728,2.6364,2.6725,2.6852,2.6764,2.65,2.609,2.5552,2.4995,2.4418,2.3734,2.2962,2.2131,2.1261,2.0352,1.9423,1.8495,1.7576,1.6696,1.5855,1.5171,1.4585,1.3988,1.3431,1.2952,1.2542,1.2219,1.1994,1.1848,1.176,1.174,1.1779,1.1857,1.1975,1.2121,1.2278,1.2414,1.2522,1.26,1.2659,1.2708,1.2747,1.2757,1.2737,1.2678,1.262,1.2561,1.2493,1.2405,1.2297,1.217,1.2033,1.1877,1.1701,1.1515,1.1329,1.1202,1.1173,1.1261,1.1535,1.2092,1.2972,1.4194,1.5728,1.7507,1.9394,2.1261,2.3001,2.4516,2.5767,2.6608,2.7136,2.7507,2.7664,2.7615,2.74,2.7019,2.651,2.5894,2.5191,2.4399,2.3548,2.2659,2.1838,2.1065,2.0235,1.9384,1.8534,1.7693,1.6882,1.61,1.5376,1.4712,1.4135,1.3646,1.3284,1.304,1.2835,1.2688,1.26,1.2571,1.259,1.2639,1.2717,1.2815,1.2903,1.2972,1.303,1.3099,1.3167,1.3226,1.3275,1.3314,1.3314,1.3294,1.3236,1.3138,1.3021,1.2893,1.2757,1.2659,1.2571,1.2444,1.2287,1.2121,1.1955,1.1848,1.1906,1.2219,1.2864,1.3871,1.5249,1.694,1.8573,2.0156,2.1935,2.3715,2.5318,2.6657,2.7683,2.8416,2.8876,2.9081,2.9071,2.8856,2.8504,2.8055,2.7488,2.6843,2.6139,2.5386,2.4575,2.3724,2.2835,2.1896,2.0929,1.9951,1.9003,1.8201,1.7507,1.6764,1.6031,1.5347,1.4741,1.4213,1.3763,1.3402,1.3128,1.2933,1.2815,1.2776,1.2796,1.2835,1.2913,1.3001,1.3069,1.3128,1.3177,1.3206,1.3196,1.3167,1.3118,1.304,1.2962,1.2874,1.2737,1.2639,1.2561,1.2454,1.2326,1.217,1.1984,1.1779,1.1584,1.1437,1.1408,1.1564,1.1965,1.2698,1.3832,1.5337,1.7155,1.9189,2.13,2.3333,2.5161,2.6716,2.7957,2.8778,2.9286,2.9638,2.9785,2.9746,2.9511,2.912,2.8602,2.7977,2.7253,2.6461,2.564,2.4868,2.4115,2.3284,2.2414,2.1515,2.0606,1.9707,1.8827,1.7977,1.7175,1.6422,1.5728,1.5093,1.4614,1.4233,1.3832,1.347,1.3167,1.2942,1.2805,1.2747,1.2747,1.2766,1.2805,1.2845,1.2903,1.2942,1.2942,1.2913,1.2874,1.2825,1.2747,1.2659,1.2561,1.2434,1.2307,1.216,1.2033,1.1926,1.1779,1.1603,1.1427,1.1251,1.1105,1.1026,1.1114,1.1447,1.2092,1.3118,1.4526,1.5992,1.7556,1.9443,2.1447,2.3392,2.5142,2.6628,2.7801,2.8641,2.9189,2.9443,2.9462,2.9306,2.9013,2.8592,2.8065,2.7439,2.6745,2.6002,2.522,2.4389,2.3519,2.262,2.1691,2.0762,1.9951,1.9198,1.8387,1.7566,1.6764,1.5992,1.5259,1.4594,1.4027,1.3558,1.3167,1.2845,1.2649,1.2542,1.2463,1.2424,1.2405,1.2405,1.2424,1.2454,1.2493,1.2522,1.2551,1.2561,1.2571,1.2581,1.2581,1.2532,1.2444,1.2317,1.216,1.1984,1.1808,1.1623,1.1447,1.1281,1.1134,1.1036,1.0958,1.089,1.089,1.1046,1.1457,1.2209,1.3343,1.4839,1.6657,1.87,2.0821,2.2893,2.4575,2.5924,2.7195,2.825,2.9022,2.9521,2.9756,2.9756,2.956,2.9218,2.8729,2.8143,2.7537,2.6921,2.6207,2.5415,2.4585,2.3705,2.2786,2.1848,2.089,1.9922,1.8983,1.8104,1.7283,1.6608,1.6031,1.5474,1.4956,1.4497,1.4125,1.3842,1.3627,1.347,1.3372,1.3314,1.3294,1.3333,1.3421,1.3539,1.3656,1.3744,1.3812,1.3871,1.392,1.393,1.391,1.3851,1.3754,1.3627,1.3529,1.3451,1.3333,1.3206,1.3069,1.2933,1.2776,1.261,1.2454,1.2336,1.2317,1.2473,1.2786,1.3324,1.4242,1.5552,1.7214,1.913,2.1183,2.3265,2.523,2.6979,2.8446,2.9599,3.0411,3.087,3.1065,3.1114,3.1007,3.0762,3.0401,2.9932,2.9374,2.8739,2.8016,2.7224,2.6393,2.5601,2.4829,2.3978,2.3099,2.2219,2.1359,2.0538,1.9756,1.9032,1.8377,1.7556,1.6706,1.6139,1.5758,1.5513,1.5318,1.5171,1.5103,1.5093,1.5132,1.52,1.5249,1.5298,1.5347,1.5396,1.5445,1.5484,1.5484,1.5464,1.5435,1.5376,1.5269,1.5152,1.5005,1.4839,1.4663,1.4487,1.433,1.4184,1.4027,1.3949,1.4037,1.437,1.5005,1.5982,1.7312,1.8935,2.0753,2.2639,2.4467,2.5943,2.7136,2.827,2.9238,2.9971,3.0469,3.0743,3.0811,3.0714,3.0479,3.0108,2.9619,2.9071,2.8485,2.782,2.7087,2.6305,2.5494,2.4663,2.3812,2.2962,2.2102,2.1251,2.044,1.9687,1.9071,1.8543,1.8025,1.7556,1.7146,1.6794,1.651,1.6315,1.6178,1.6109,1.61,1.6119,1.6139,1.6139,1.6129,1.6109,1.609,1.607,1.6041,1.6002,1.5953,1.5885,1.5787,1.566,1.5533,1.5415,1.5288,1.5112,1.4917,1.4712,1.4467,1.4203,1.3949,1.3744,1.3705,1.392,1.4438,1.5122,1.6041,1.738,1.9042,2.089,2.2796,2.4643,2.6315,2.7732,2.8847,2.9648,3.0156,3.0401,3.0401,3.0244,2.9961,2.956,2.9032,2.8407,2.7703,2.6931,2.6109,2.522,2.4291,2.3343,2.2483,2.1681,2.0841,2.002,1.9208,1.8446,1.7752,1.7126,1.6588,1.6129,1.5758,1.5455,1.522,1.5054,1.4946,1.4868,1.4809,1.478,1.479,1.4819,1.4858,1.4878,1.4858,1.4829,1.479,1.4761,1.4751,1.4741,1.4721,1.4682,1.4614,1.4536,1.4418,1.4272,1.4106,1.391,1.3675,1.3431,1.3226,1.3011,1.2766,1.2542,1.2395,1.2414,1.2678,1.3255,1.4164,1.5396,1.6872,1.8543,2.0049,2.1417,2.2854,2.4184,2.5298,2.6139,2.6696,2.6989,2.7038,2.6901,2.6618,2.6188,2.563,2.5054,2.4418,2.3656,2.2835,2.1975,2.1085,2.0186,1.9296,1.8416,1.7566,1.6745,1.5982,1.5367,1.4878,1.4399,1.3959,1.3587,1.3314,1.3109,1.2952,1.2854,1.2805,1.2805,1.2845,1.2923,1.303,1.3138,1.3216,1.3265,1.3304,1.3324,1.3333,1.3333,1.3324,1.3294,1.3236,1.3138,1.305,1.2962,1.2825,1.2669,1.2483,1.2278,1.2063,1.1867,1.1672,1.1486,1.129,1.1085,1.089,1.0762,1.0714,1.0802,1.1124,1.173,1.2639,1.3822,1.5239,1.6784,1.8368,1.9883,2.1222,2.2209,2.2903,2.3441,2.3783,2.3695,2.3294,2.2874,2.2375,2.1799,2.1144,2.0401,1.9599,1.8856,1.8133,1.7312,1.6461,1.5601,1.4761,1.3969,1.3226,1.2512,1.1848,1.1251,1.0723,0.97067,1.0342,1.1349,1.2796,1.4682,1.695,1.9521,2.2248,2.4956,2.7498,2.9775,3.1476,3.2747,3.3881,3.478,3.5425,3.5816,3.5943,3.5855,3.5582,3.5132,3.4545,3.3851,3.305,3.2229,3.1378,3.0411,2.9365,2.827,2.7155,2.6041,2.4956,2.39,2.2874,2.1926,2.1065,2.0362,1.9795,1.9286,1.8886,1.8583,1.8348,1.8182,1.8084,1.8045,1.8055,1.8113,1.8221,1.8309,1.8368,1.8426,1.8475,1.8514,1.8524,1.8504,1.8446,1.8338,1.8192,1.7996,1.7771,1.7546,1.7341,1.7126,1.6862,1.6549,1.6207,1.5914,1.5748,1.5758,1.6031,1.6657,1.7654,1.9022,2.0411,2.1887,2.3705,2.565,2.7537,2.9247,3.0743,3.1975,3.2923,3.3607,3.4057,3.4282,3.4301,3.4125,3.3812,3.3412,3.2923,3.2356,3.1711,3.0987,3.0186,2.9326,2.8416,2.7458,2.6481,2.5591,2.4761,2.3881,2.3011,2.219,2.1408,2.0665,1.9971,1.9355,1.8827,1.8368,1.7986,1.7674,1.7449,1.7283,1.7146,1.7028,1.6931,1.6852,1.6784,1.6725,1.6657,1.6579,1.6481,1.6383,1.6295,1.6188,1.6031,1.5865,1.5709,1.5523,1.5308,1.5064,1.4819,1.4575,1.4379,1.4301,1.4477,1.4848,1.5464,1.6491,1.7937,1.9726,2.176,2.3891,2.5973,2.7918,2.9619,3.1036,3.2151,3.2845,3.3236,3.3509,3.3646,3.3607,3.3412,3.3069,3.2581,3.1994,3.131,3.0557,2.9746,2.8856,2.8016,2.7195,2.6295,2.5357,2.4399,2.3421,2.2444,2.1496,2.0596,1.9756,1.8983,1.828,1.7722,1.7292,1.6891,1.6549,1.6266,1.6022,1.5836,1.5718,1.565,1.5621,1.563,1.565,1.567,1.5689,1.5699,1.5699,1.5679,1.565,1.5601,1.5523,1.5425,1.5298,1.5161,1.5015,1.4858,1.4721,1.4594,1.4448,1.4291,1.4145,1.4057,1.4076,1.4262,1.4653,1.5308,1.6227,1.737,1.868,1.9863,2.0938,2.2092,2.3196,2.4164,2.4936,2.5484,2.5846,2.6022,2.6041,2.5914,2.566,2.5327,2.4936,2.4477,2.3969,2.3392,2.2786,2.216,2.1505,2.0831,2.0147,1.9462,1.8798,1.8162,1.7605,1.7116,1.6618,1.6158,1.5748,1.5396,1.5112,1.4878,1.4702,1.4585,1.4526,1.4497,1.4487,1.4487,1.4497,1.4536,1.4575,1.4604,1.4614,1.4614,1.4614,1.4594,1.4545,1.4467,1.435,1.4252,1.4154,1.4037,1.391,1.3773,1.3627,1.348,1.3314,1.3138,1.2981,1.2874,1.2854,1.2942,1.3157,1.3587,1.4262,1.5171,1.6276,1.7488,1.8749,1.9971,2.1085,2.2043,2.2815,2.3314,2.3607,2.3793,2.3842,2.3763,2.3558,2.3226,2.2796,2.2297,2.173,2.1114,2.0469,1.9795,1.9179,1.8602,1.7977,1.7341,1.6735,1.6158,1.5611,1.5103,1.4653,1.4262,1.393,1.3675,1.3509,1.3412,1.3333,1.3275,1.3236,1.3226,1.3236,1.3265,1.3304,1.3372,1.3451,1.3509,1.3539,1.3558,1.3578,1.3587,1.3587,1.3558,1.3519,1.347,1.3402,1.3304,1.3187,1.304,1.2874,1.2737,1.262,1.2483,1.2336,1.219,1.2063,1.1975,1.1945,1.2043,1.2307,1.2766,1.3441,1.4321,1.521,1.6149,1.7273,1.8436,1.9531,2.0499,2.1281,2.1867,2.2229,2.2385,2.2375,2.2219,2.1975,2.1632,2.1173,2.0645,2.0059,1.9423,1.8759,1.8084,1.7419,1.6755,1.609,1.5455,1.4848,1.435,1.393,1.35,1.3099,1.2747,1.2454,1.2209,1.2004,1.1838,1.1711,1.1623,1.1564,1.1554,1.1574,1.1584,1.1603,1.1642,1.1701,1.1769,1.1838,1.1906,1.1975,1.2033,1.2063,1.2053,1.2043,1.2023,1.1965,1.1867,1.174,1.1603,1.1457,1.1329,1.1212,1.1085,1.0938,1.0792,1.0694,1.0635,1.0606,1.0674,1.0899,1.132,1.1975,1.2845,1.39,1.5083,1.6315,1.7507,1.8592,1.9433,2.0059,2.0587,2.0948,2.1134,2.1144,2.1007,2.0743,2.0362,1.9892,1.9355,1.8778,1.826,1.7752,1.7165,1.6559,1.5934,1.5288,1.4731,1.4213,1.3617,1.3021,1.2473,1.1994,1.1593,1.131,1.1124,1.0978,1.087,1.0811,1.0831,1.0899,1.0997,1.1144,1.13,1.1476,1.1652,1.1818,1.1965,1.2082,1.219,1.2278,1.2326,1.2346,1.2346,1.2346,1.2326,1.2287,1.2219,1.2111,1.2014,1.1926,1.1789,1.1623,1.1457,1.129,1.1163,1.1124,1.1212,1.1515,1.2102,1.3001,1.3998,1.5132,1.6608,1.827,1.998,2.1613,2.3069,2.4291,2.5249,2.5924,2.6315,2.6461,2.6422,2.6217,2.5855,2.5367,2.478,2.4096,2.3353,2.2571,2.176,2.0919,2.0049,1.9189,1.8348,1.7615,1.695,1.6246,1.5552,1.4907,1.4321,1.3803,1.3353,1.3001,1.2747,1.2571,1.2483,1.2473,1.2502,1.2542,1.259,1.2649,1.2737,1.2815,1.2874,1.2933,1.2991,1.304,1.3069,1.306,1.305,1.304,1.2972,1.2874,1.2757,1.263,1.2502,1.2375,1.2219,1.2043,1.1857,1.1672,1.1564,1.1574,1.172,1.2121,1.2825,1.3871,1.5269,1.6921,1.8759,2.0665,2.2483,2.4135,2.5562,2.6579,2.7273,2.7801,2.8123,2.825,2.8201,2.7986,2.7615,2.7116,2.651,2.5816,2.5064,2.434,2.3627,2.2805,2.1945,2.1056,2.0156,1.9286,1.8465,1.7703,1.6979,1.6276,1.5611,1.5015,1.4545,1.4184,1.3851,1.3578,1.3363,1.3196,1.3079,1.3011,1.2981,1.3001,1.305,1.3109,1.3177,1.3245,1.3304,1.3333,1.3324,1.3284,1.3216,1.3109,1.2962,1.2796,1.262,1.2454,1.2307,1.219,1.2082,1.1935,1.176,1.1564,1.1388,1.129,1.1359,1.1672,1.2326,1.3343,1.4692,1.607,1.7517,1.9238,2.1026,2.2727,2.4242,2.5513,2.6491,2.7165,2.7556,2.7703,2.7654,2.7429,2.7087,2.6657,2.6109,2.5464,2.4751,2.3978,2.3157,2.2287,2.1369,2.043,1.9492,1.8573,1.7801,1.7116,1.6383,1.564,1.4927,1.4282,1.3724,1.3236,1.2796,1.2473,1.2287,1.216,1.2092,1.2072,1.2111,1.219,1.2297,1.2424,1.2532,1.262,1.2698,1.2757,1.2796,1.2805,1.2786,1.2776,1.2776,1.2727,1.2639,1.2522,1.2395,1.2248,1.2082,1.1906,1.173,1.1554,1.1398,1.131,1.1329,1.1515,1.1935,1.2659,1.3724,1.5122,1.6784,1.8602,2.0459,2.2229,2.3832,2.5191,2.651,2.7683,2.8436,2.8837,2.8935,2.8798,2.8475,2.7986,2.74,2.6716,2.5943,2.5103,2.4213,2.3372,2.2571,2.1662,2.0704,1.9736,1.8768,1.7849,1.6989,1.6188,1.5445,1.478,1.4203,1.3783,1.348,1.3226,1.305,1.2952,1.2913,1.2923,1.2981,1.3089,1.3216,1.3343,1.346,1.3568,1.3656,1.3715,1.3744,1.3744,1.3715,1.3636,1.3529,1.3412,1.3275,1.3128,1.2962,1.2766,1.259,1.2424,1.2209,1.1984,1.1799,1.1701,1.1769,1.2092,1.2757,1.3812,1.5269,1.7097,1.8876,2.0626,2.263,2.4653,2.652,2.8113,2.9384,3.0303,3.088,3.1173,3.1212,3.1036,3.0694,3.0244,2.9726,2.911,2.8397,2.7615,2.6784,2.5914,2.5005,2.4057,2.306,2.2033,2.0899,1.9971,1.9306,1.8553,1.7781,1.7048,1.6393,1.5826,1.5347,1.4976,1.4692,1.4467,1.4321,1.4233,1.4203,1.4203,1.4213,1.4233,1.4262,1.4311,1.433,1.434,1.435,1.435,1.4321,1.4252,1.4194,1.4145,1.4037,1.3881,1.3705,1.3519,1.3324,1.3099,1.2874,1.2678,1.261,1.2747,1.3157,1.3763,1.4653,1.6012,1.7761,1.9804,2.2004,2.4213,2.6295,2.8152,2.9687,3.089,3.176,3.2248,3.2454,3.2502,3.2385,3.2102,3.1691,3.1173,3.0557,2.9844,2.9062,2.8221,2.7322,2.6354,2.5445,2.4575,2.3607,2.259,2.1574,2.0557,1.958,1.8671,1.783,1.7058,1.6354,1.5728,1.5259,1.4897,1.4555,1.4272,1.4047,1.39,1.3812,1.3773,1.3754,1.3744,1.3734,1.3734,1.3715,1.3695,1.3656,1.3578,1.346,1.3324,1.3177,1.303,1.2874,1.2698,1.2473,1.2239,1.2004,1.1828,1.1701,1.1603,1.1623,1.1848,1.2375,1.3284,1.4614,1.6334,1.8368,2.0567,2.2805,2.4917,2.6588,2.7898,2.911,3.0078,3.0743,3.1134,3.1271,3.1193,3.0948,3.0547,3,2.9335,2.8651,2.7937,2.6872,2.5855,2.5103,2.4233,2.3284,2.2278,2.1271,2.0264,1.9267,1.8299,1.737,1.6598,1.5953,1.5318,1.4741,1.4233,1.3812,1.349,1.3236,1.305,1.2952,1.2913,1.2923,1.2962,1.3021,1.3079,1.3128,1.3187,1.3236,1.3265,1.3255,1.3196,1.3089,1.2952,1.2815,1.2649,1.2502,1.2356,1.2151,1.1926,1.1711,1.1496,1.0997,1.042,1.0186,1.0283,1.0743,1.1603,1.263,1.3881,1.5582,1.7556,1.9629,2.1672,2.3558,2.521,2.6559,2.7586,2.8289,2.87,2.8827,2.8749,2.8534,2.8192,2.7722,2.7136,2.6461,2.5709,2.4897,2.4047,2.3157,2.2229,2.1261,2.0391,1.957,1.8651,1.7742,1.6852,1.6002,1.521,1.4487,1.3822,1.3226,1.2717,1.2297,1.1994,1.1799,1.1652,1.1554,1.1623,1.1222,1.0899,1.0655,1.0479,1.0371,1.0332,1.0352,1.0391,1.045,1.0528,1.0606,1.0684,1.0762,1.0811,1.0831,1.0821,1.0772,1.0743,1.0714,1.0655,1.0567,1.043,1.0283,1.0137,1,0.98534,0.96872,0.94917,0.92962,0.91202,0.9042,0.90909,0.9306,0.97752,1.0547,1.1681,1.3138,1.4839,1.6696,1.8602,2.0459,2.2141,2.3412,2.436,2.5191,2.5787,2.6139,2.6256,2.6168,2.5914,2.5523,2.5015,2.4428,2.3744,2.3001,2.2297,2.1593,2.0792,1.9922,1.9022,1.8094,1.7165,1.6295,1.5455,1.4643,1.3881,1.3187,1.2659,1.2239,1.1808,1.1427,1.1114,1.087,1.0704,1.0616,1.0577,1.0587,1.0635,1.0723,1.085,1.0978,1.1085,1.1183,1.1261,1.131,1.1329,1.1329,1.13,1.1251,1.1183,1.1095,1.0987,1.0899,1.0811,1.0684,1.0528,1.0332,1.0137,0.99707,0.98729,0.99022,1.0127,1.0645,1.1505,1.2512,1.3715,1.5308,1.7146,1.9071,2.0948,2.2669,2.4145,2.5337,2.6227,2.6823,2.7155,2.7253,2.7165,2.6931,2.6569,2.609,2.5503,2.4819,2.4066,2.3255,2.2385,2.1486,2.0567,1.9638,1.8827,1.8065,1.7234,1.6413,1.5611,1.4858,1.4184,1.3597,1.3089,1.2678,1.2356,1.2082,1.1857,1.172,1.1642,1.1593,1.1574,1.1603,1.1681,1.1789,1.1896,1.1984,1.2043,1.2102,1.2141,1.217,1.218,1.2151,1.2082,1.1984,1.1877,1.174,1.1574,1.1408,1.1241,1.1065,1.088,1.0665,1.0508,1.042,1.0391,1.0518,1.089,1.1584,1.263,1.4018,1.5689,1.7566,1.9511,2.1378,2.2874,2.4066,2.5171,2.607,2.6735,2.7155,2.7331,2.7302,2.7116,2.6794,2.6334,2.5748,2.5073,2.4409,2.3724,2.2962,2.2131,2.1251,2.0342,1.3773,1.3763,1.3734,1.3675,1.3578,1.3451,1.3333,1.3226,1.3079,1.2913,1.2737,1.2551,1.2375,1.2268,1.2287,1.2532,1.3089,1.4018,1.5327,1.6706,1.8211,2.0088,2.2111,2.4115,2.5973,2.7586,2.8905,2.9883,3.0538,3.0909,3.1026,3.0938,3.0694,3.0332,2.9863,2.9296,2.8651,2.7928,2.7136,2.6285,2.5396,2.4477,2.3539,2.261,2.1808,2.1075,2.0293,1.9531,1.8798,1.8094,1.7458,1.6901,1.6422,1.6031,1.5709,1.5464,1.5308,1.52,1.5132,1.5093,1.5083,1.5112,1.5152,1.5181,1.521,1.522,1.523,1.523,1.523,1.521,1.5152,1.5073,1.4956,1.4809,1.4653,1.4497,1.4321,1.4125,1.392,1.3715,1.3539,1.3451,1.35,1.3763,1.4321,1.523,1.65,1.8113,1.9971,2.1945,2.392,2.5758,2.737,2.8553,2.9404,3.0117,3.0606,3.085,3.088,3.0733,3.044,3.002,2.9501,2.8895,2.8211,2.7468,2.6735,2.5992,2.5152,2.4242,2.3284,2.2307,2.1349,2.042,1.955,1.8719,1.7928,1.7195,1.6588,1.61,1.5621,1.5181,1.4809,1.4516,1.4291,1.4106,1.3969,1.3881,1.3812,1.3763,1.3715,1.3685,1.3656,1.3568,1.346,1.3343,1.3226,1.3118,1.3001,1.2854,1.2698,1.2512,1.2297,1.2111,1.1955,1.1769,1.1554,1.132,1.1095,1.0909,1.0811,1.089,1.1202,1.1838,1.2845,1.4223,1.564,1.7136,1.8915,2.0753,2.2502,2.4047,2.5308,2.6256,2.6911,2.7283,2.739,2.7273,2.7028,2.6676,2.6188,2.5591,2.4907,2.4135,2.3294,2.2414,2.1496,2.0538,1.956,1.8612,1.7683,1.6891,1.6197,1.5464,1.4741,1.4057,1.3441,1.2893,1.2424,1.2063,1.1799,1.1613,1.1486,1.1447,1.1466,1.1515,1.1584,1.1662,1.174,1.1828,1.1916,1.2004,1.2092,1.216,1.218,1.216,1.2131,1.2102,1.2004,1.1877,1.175,1.1623,1.1496,1.1359,1.1212,1.1046,1.085,1.0635,1.0479,1.0371,1.0313,1.0352,1.0557,1.1017,1.1769,1.2854,1.4252,1.5904,1.7703,1.9521,2.1261,2.2649,2.3744,2.4731,2.5503,2.6022,2.6285,2.6325,2.6178,2.5611,2.479,2.4047,2.3284,2.2581,2.1887,2.1095,2.0244,1.9374,1.8504,1.7644,1.6823,1.6022,1.5239,1.4506,1.3842,1.3265,1.2845,1.2522,1.2209,1.1945,1.174,1.1584,1.1486,1.1437,1.1427,1.1447,1.1505,1.1574,1.1662,1.1769,1.1887,1.1994,1.2092,1.217,1.2219,1.2248,1.2239,1.219,1.2131,1.2043,1.1926,1.1828,1.173,1.1603,1.1457,1.129,1.1105,1.0938,1.0811,1.0762,1.088,1.1193,1.1799,1.2561,1.3529,1.4868,1.6471,1.8231,2.001,2.1701,2.3206,2.4467,2.5445,2.6129,2.654,2.6686,2.6647,2.6471,2.6168,2.5758,2.523,2.4614,2.392,2.3148,2.2326,2.1457,2.0557,1.9658,1.8886,1.8182,1.7419,1.6657,1.5914,1.522,1.4575,1.4008,1.3529,1.3148,1.2854,1.2639,1.2512,1.2454,1.2424,1.2434,1.2483,1.2542,1.261,1.2659,1.2708,1.2757,1.2796,1.2845,1.2884,1.2923,1.2942,1.2933,1.2893,1.2825,1.2737,1.263,1.2493,1.2336,1.218,1.2004,1.1799,1.1623,1.1486,1.1349,1.1281,1.1359,1.1662,1.2268,1.3206,1.4487,1.6051,1.781,1.9658,2.1476,2.2952,2.4135,2.5259,2.6188,2.6882,2.7331,2.7546,2.7546,2.738,2.7077,2.6637,2.61,2.5533,2.4927,2.4223,2.346,2.2649,2.1799,2.0919,2.0029,1.9159,1.8299,1.7468,1.6686,1.5963,1.5376,1.4897,1.4438,1.4037,1.3705,1.3431,1.3216,1.306,1.2952,1.2884,1.2864,1.2874,1.2913,1.2962,1.3011,1.305,1.3089,1.3128,1.3128,1.3109,1.306,1.2972,1.2864,1.2757,1.2659,1.26,1.2542,1.2424,1.2287,1.2121,1.1935,1.174,1.1554,1.1427,1.1408,1.1564,1.1984,1.2571,1.3402,1.4624,1.6178,1.7967,1.9853,2.172,2.3421,2.4878,2.6061,2.694,2.7527,2.7859,2.7947,2.7859,2.7625,2.7253,2.6764,2.6168,2.5503,2.478,2.4018,2.3236,2.2405,2.1554,2.0782,2.0049,1.9238,1.8397,1.7595,1.6833,1.6109,1.5425,1.48,1.4242,1.3763,1.3363,1.305,1.2864,1.2757,1.2669,1.262,1.261,1.2639,1.2678,1.2717,1.2757,1.2796,1.2835,1.2835,1.2835,1.2825,1.2776,1.2717,1.2639,1.2561,1.2483,1.2375,1.2239,1.2092,1.1926,1.174,1.1535,1.1378,1.1271,1.1017,1.0772,1.0802,1.1144,1.1867,1.3001,1.4536,1.6403,1.8475,2.0616,2.2444,2.3998,2.5552,2.6921,2.8006,2.8807,2.9296,2.9501,2.9433,2.9159,2.8719,2.8143,2.7468,2.6794,2.6109,2.5357,2.4536,2.3666,2.2766,2.1838,2.0899,1.9932,1.8964,1.8016,1.7087,1.6295,1.5611,1.4917,1.4272,1.3705,1.3226,1.2845,1.2561,1.2356,1.2219,1.2141,1.2121,1.217,1.2248,1.2307,1.2366,1.2414,1.2463,1.2493,1.2483,1.2454,1.2405,1.2326,1.2239,1.2141,1.2053,1.1975,1.1857,1.172,1.1554,1.1378,1.1183,1.0978,1.0792,1.0665,1.0684,1.0938,1.1388,1.2121,1.3275,1.4848,1.6755,1.8866,2.1046,2.3148,2.5044,2.6667,2.7957,2.8915,2.9531,2.9814,2.9863,2.9736,2.9433,2.8983,2.8407,2.7752,2.7009,2.6217,2.5396,2.4516,2.3597,2.2757,2.1935,2.1026,2.0068,1.912,1.8201,1.7322,1.6491,1.5699,1.4956,1.4291,1.3715,1.3236,1.2893,1.2669,1.2483,1.2366,1.2317,1.2317,1.2346,1.2385,1.2424,1.2463,1.2463,1.2444,1.2434,1.2424,1.2395,1.2375,1.2336,1.2268,1.218,1.2053,1.1877,1.1681,1.1466,1.1222,1.0978,1.0802,1.0655,1.0459,1.0274,1.0186,1.0244,1.0557,1.1212,1.2258,1.3705,1.5503,1.7546,1.9423,2.1163,2.3021,2.478,2.6305,2.7537,2.8456,2.9052,2.9374,2.9462,2.9355,2.9081,2.868,2.8211,2.7664,2.7009,2.6266,2.5464,2.4604,2.3695,2.2747,2.1779,2.0821,1.9863,1.8925,1.8133,1.7429,1.6686,1.5953,1.5279,1.4673,1.4154,1.3734,1.3402,1.3167,1.3021,1.2962,1.2952,1.2981,1.306,1.3167,1.3275,1.3372,1.348,1.3587,1.3675,1.3744,1.3793,1.3803,1.3773,1.3734,1.3675,1.3578,1.3451,1.3294,1.3118,1.2933,1.2727,1.2512,1.2307,1.2121,1.1994,1.2004,1.216,1.2551,1.3324,1.4516,1.61,1.8016,2.0147,2.2346,2.4477,2.6403,2.8025,2.9306,3.0147,3.0665,3.1036,3.1222,3.1212,3.1026,3.0694,3.0225,2.9619,2.8905,2.8113,2.7263,2.6364,2.5513,1.3724,1.3715,1.3675,1.3617,1.3558,1.347,1.3363,1.3245,1.3089,1.2903,1.2688,1.2493,1.2307,1.2072,1.1848,1.1681,1.1642,1.1818,1.2297,1.3138,1.434,1.5875,1.7674,1.9345,2.0929,2.2659,2.433,2.5806,2.7009,2.7908,2.8514,2.8837,2.8915,2.8798,2.8524,2.8113,2.7644,2.7107,2.6471,2.5758,2.4985,2.4164,2.3294,2.2395,2.1466,2.0528,1.957,1.8661,1.7889,1.7204,1.6491,1.5816,1.5191,1.4633,1.4164,1.3773,1.3441,1.3177,1.2972,1.2825,1.2727,1.2688,1.2678,1.2649,1.2639,1.263,1.261,1.2571,1.2532,1.2493,1.2444,1.2405,1.2356,1.2336,1.2307,1.2229,1.2141,1.2014,1.1857,1.1691,1.1496,1.1271,1.1026,1.0811,1.0655,1.0635,1.0762,1.1075,1.1701,1.2708,1.4106,1.5846,1.782,1.9902,2.1926,2.3793,2.5406,2.6706,2.7576,2.8113,2.8475,2.8631,2.8602,2.8397,2.8045,2.7576,2.6999,2.6325,2.5591,2.4809,2.3988,2.3206,2.2434,2.1584,2.0674,1.9726,1.8778,1.7859,1.6979,1.6149,1.5386,1.4702,1.4106,1.3656,1.3324,1.3011,1.2737,1.2522,1.2366,1.2258,1.2209,1.219,1.2209,1.2239,1.2278,1.2317,1.2366,1.2414,1.2434,1.2414,1.2375,1.2297,1.218,1.2033,1.1867,1.1701,1.1515,1.131,1.1144,1.0997,1.0841,1.0655,1.0479,1.0323,1.0215,1.0225,1.044,1.0938,1.1799,1.3021,1.4585,1.6129,1.7703,1.9501,2.131,2.2972,2.4399,2.5543,2.6364,2.6882,2.7107,2.7087,2.6872,2.6549,2.6139,2.5591,2.4946,2.4242,2.349,2.2678,2.1818,2.0909,1.999,1.9062,1.8133,1.7234,1.6471,1.5797,1.5064,1.435,1.3705,1.3118,1.262,1.2199,1.1857,1.1584,1.1378,1.1241,1.1183,1.1183,1.1193,1.1222,1.129,1.1369,1.1437,1.1496,1.1535,1.1554,1.1564,1.1544,1.1496,1.1457,1.1408,1.129,1.1144,1.0987,1.0841,1.0704,1.0567,1.043,1.0283,1.0108,0.9912,0.97654,0.96872,0.96579,0.97947,1.0205,1.0948,1.2072,1.3558,1.5318,1.7224,1.915,2.0978,2.2444,2.3587,2.4624,2.5425,2.5953,2.6197,2.6197,2.6002,2.565,2.5161,2.4555,2.3861,2.3089,2.2356,2.1642,2.0821,2.0098,1.9423,1.8631,1.7791,1.695,1.6149,1.5376,1.4653,1.3978,1.3451,1.304,1.2659,1.2346,1.2102,1.1926,1.1828,1.1789,1.1808,1.1867,1.1935,1.2014,1.2102,1.2209,1.2307,1.2366,1.2395,1.2405,1.2414,1.2405,1.2366,1.2297,1.2219,1.2111,1.1965,1.1848,1.175,1.1603,1.1457,1.131,1.1173,1.1017,1.086,1.0723,1.0645,1.0704,1.0978,1.1554,1.2287,1.3245,1.4594,1.6237,1.8065,1.9941,2.175,2.3372,2.4731,2.5787,2.652,2.694,2.7097,2.7048,2.6852,2.652,2.6051,2.5474,2.4809,2.4066,2.3265,2.2424,2.1535,2.0606,1.9677,1.8886,1.8182,1.7429,1.6667,1.5934,1.5249,1.4624,1.4066,1.3578,1.3167,1.2864,1.2639,1.2532,1.2512,1.2532,1.259,1.2678,1.2786,1.2884,1.2981,1.3079,1.3148,1.3206,1.3255,1.3284,1.3294,1.3304,1.3275,1.3206,1.3099,1.2952,1.2776,1.259,1.2375,1.216,1.1935,1.1711,1.1544,1.1427,1.131,1.1251,1.1329,1.1642,1.2258,1.3206,1.4497,1.61,1.7898,1.9785,2.1613,2.3099,2.4301,2.5386,2.6237,2.6823,2.7155,2.7243,2.7116,2.6823,2.6383,2.5826,2.5161,2.4497,2.3812,2.3011,2.216,2.1251,2.0313,1.9374,1.8456,1.7576,1.6745,1.5953,1.521,1.4545,1.4027,1.3627,1.3226,1.2874,1.2581,1.2366,1.2239,1.217,1.216,1.2219,1.2346,1.2483,1.262,1.2757,1.2893,1.3011,1.3089,1.3157,1.3196,1.3206,1.3187,1.3138,1.304,1.2923,1.2805,1.2727,1.2669,1.259,1.2483,1.2336,1.217,1.1984,1.1789,1.1623,1.1554,1.1672,1.2033,1.2571,1.3353,1.4545,1.608,1.7869,1.9804,2.174,2.3548,2.5132,2.6413,2.737,2.7996,2.8299,2.8348,2.8221,2.7957,2.7556,2.7048,2.6452,2.5777,2.5044,2.4252,2.3412,2.2532,2.1623,2.0811,2.0049,1.9238,1.8426,1.7634,1.6891,1.6197,1.5572,1.5024,1.4565,1.4223,1.3978,1.3851,1.3803,1.3812,1.3881,1.3988,1.4115,1.4272,1.4438,1.4594,1.4712,1.4819,1.4917,1.4995,1.5044,1.5054,1.5015,1.4936,1.4829,1.4692,1.4536,1.437,1.4203,1.4037,1.3851,1.3646,1.349,1.3392,1.3343,1.3451,1.3822,1.4516,1.5552,1.695,1.8651,2.0547,2.2737,2.4995,2.695,2.8407,2.9462,3.0332,3.0929,3.1251,3.131,3.1163,3.085,3.0391,2.9824,2.9169,2.8436,2.7713,2.6989,2.6178,2.5308,2.4418,2.3509,2.2561,2.1584,2.0616,1.9707,1.8847,1.8055,1.7361,1.6823,1.6403,1.6012,1.567,1.5425,1.5269,1.5181,1.5132,1.5122,1.5152,1.522,1.5279,1.5318,1.5357,1.5376,1.5386,1.5376,1.5327,1.5259,1.5171,1.5083,1.4985,1.4888,1.4761,1.4594,1.4448,1.4291,1.4076,1.3842,1.3607,1.3412,1.3343,1.35,1.3969,1.4819,1.608,1.7713,1.9335,2.1007,2.2962,2.4956,2.6823,2.8446,2.9746,3.0684,3.1281,3.1574,3.1623,3.1447,3.1095,3.0645,3.0108,2.9443,2.8671,2.782,2.6921,2.5992,2.5034,2.4066,2.3109,2.2131,2.1153,2.0313,1.958,1.8807,1.8035,1.7312,1.6667,1.609,1.5601,1.5191,1.4858,1.4624,1.4467,1.4379,1.436,1.4399,1.4467,1.4555,1.4643,1.4721,1.479,1.4839,1.4858,1.4858,1.4819,1.4751,1.4682,1.4585,1.4428,1.4242,1.4047,1.3861,1.3666,1.346,1.3226,1.2991,1.2747,1.2522,1.2385,1.2366,1.2502,1.2903,1.3646,1.478,1.6305,1.8133,2.0137,2.218,2.4135,2.5865,2.7302,2.8309,2.8974,2.9453,2.9707,2.9726,2.9531,2.9169,2.8651,2.7977,2.7185,2.6305,2.5367,2.4409,2.3539,2.2698,2.1779,2.0831,1.9892,1.8993,1.8152,1.7361,1.6608,1.5934,1.5337,1.4809,1.4418,1.4145,1.392,1.3744,1.3617,1.3558,1.3568,1.3636,1.3734,1.3822,1.3881,1.391,1.393,1.3959,1.3939,1.3891,1.3842,1.3793,1.3744,1.3685,1.3597,1.3451,1.3245,1.3021,1.2786,1.259,1.2434,1.2239,1.2004,1.176,1.1544,1.1417,1.1466,1.1779,1.2414,1.3402,1.4721,1.607,1.7488,1.9169,2.0919,2.2571,2.4027,2.521,2.607,2.6608,2.6862,2.6872,2.6657,2.6256,2.5767,2.521,2.4536,2.3763,2.2942,2.2072,2.1173,2.0235,1.9267,1.8289,1.7341,1.6442,1.5699,1.5044,1.435,1.3685,1.3099,1.261,1.2199,1.1877,1.1632,1.1447,1.1329,1.1271,1.1241,1.1261,1.132,1.1388,1.1476,1.1574,1.1672,1.176,1.1818,1.1848,1.1857,1.1867,1.1838,1.1818,1.1789,1.173,1.1623,1.1163,1.0538,1.0108,0.97752,0.95015,0.92571,0.90127,0.87879,0.86022,0.85044,0.85044,0.86315,0.90029,0.96676,1.0674,1.2004,1.3597,1.5367,1.7185,1.8935,2.0489,2.1642,2.2463,2.3099,2.349,2.3627,2.3539,2.3265,2.2815,2.2209,2.1496,2.0704,1.9853,1.8964,1.8172,1.741,1.6559,1.567,1.478,1.39,1.306,1.2287,1.1584,1.0968,1.044,1,0.97165,0.95699,0.94526,0.93939,0.94135,0.94917,0.95894,0.97263,0.98925,1.0049,1.0186,1.0323,1.045,1.0577,1.0704,1.0811,1.0899,1.0958,1.0987,1.1007,1.1017,1.0997,1.0938,1.0841,1.0714,1.0606,1.0489,1.0323,1.0117,0.98925,0.96872,0.95308,0.94526,0.95112,0.97654,1.0313,1.1173,1.2375,1.3646,1.4995,1.6618,1.8368,2.0068,2.1603,2.2893,2.3891,2.4575,2.4946,2.5054,2.4936,2.4663,2.4252,2.3685,2.3001,2.2229,2.1398,2.0528,1.9648,1.8739,1.784,1.695,1.608,1.5249,1.4555,1.3959,1.3343,1.2757,1.2219,1.175,1.1369,1.1085,1.088,1.0753,1.0714,1.0743,1.0831,1.0958,1.1095,1.1241,1.1388,1.1535,1.1672,1.1769,1.1848,1.1896,1.1906,1.1887,1.1857,1.1838,1.1808,1.172,1.1603,1.1457,1.129,1.1105,1.0919,1.0723,1.0538,1.0352,1.0215,1.0186,1.0323,1.0704,1.1408,1.2463,1.3881,1.5601,1.7546,1.957,2.1544,2.3343,2.4878,2.5973,2.6716,2.7273,2.7586,2.7664,2.7546,2.7243,2.6794,2.6217,2.5523,2.4751,2.392,2.303,2.2209,2.1408,2.0499,1.9531,1.8563,1.7634,1.6745,1.5904,1.5112,1.4399,1.3754,1.3177,1.2757,1.2434,1.2131,1.1867,1.1672,1.1554,1.1496,1.1515,1.1593,1.1711,1.1838,1.1965,1.2063,1.2151,1.2229,1.2278,1.2287,1.2278,1.2219,1.2121,1.1994,1.1857,1.172,1.1564,1.1378,1.1222,1.1095,1.0938,1.0753,1.0547,1.0381,1.0342,1.0508,1.0968,1.176,1.2933,1.4477,1.6315,1.8065,1.9736,2.1593,2.3431,2.5103,2.65,2.7576,2.8319,2.8749,2.8905,2.8827,2.8553,2.8162,2.7664,2.7038,2.6325,2.5552,2.4731,2.3861,2.2952,2.2004,2.1026,2.0049,1.9091,1.8162,1.737,1.6657,1.5914,1.5191,1.4516,1.391,1.3392,1.2962,1.261,1.2336,1.2532,1.2981,1.3216,1.3372,1.347,1.3548,1.3607,1.3656,1.3705,1.3754,1.3793,1.3803,1.3783,1.3744,1.3695,1.3646,1.3587,1.349,1.3353,1.3187,1.2981,1.2776,1.2561,1.2307,1.2053,1.1838,1.173,1.1779,1.2033,1.261,1.3558,1.4888,1.6549,1.8456,2.0469,2.2493,2.4389,2.6041,2.7419,2.8485,2.9159,2.9531,2.9736,2.9746,2.956,2.9218,2.8729,2.8133,2.7468,2.6745,2.5963,2.5142,2.4379,2.3627,2.2776,2.1848,2.088,1.9902,1.8964,1.8084,1.7263,1.65,1.5816,1.522,1.4712,1.434,1.4066,1.3812,1.3597,1.3441,1.3353,1.3324,1.3333,1.3382,1.3451,1.3529,1.3597,1.3666,1.3734,1.3773,1.3763,1.3734,1.3675,1.3578,1.346,1.3314,1.3138,1.2933,1.2727,1.2532,1.2385,1.2268,1.2102,1.1916,1.174,1.1632,1.1681,1.1975,1.259,1.3597,1.4995,1.6725,1.8416,2.0059,2.1916,2.3783,2.5484,2.6931,2.8074,2.8905,2.9433,2.9687,2.9697,2.9511,2.9198,2.8778,2.824,2.7615,2.6911,2.6158,2.5376,2.4545,2.3666,2.2747,2.1799,2.0831,1.9853,1.9022,1.8289,1.7517,1.6755,1.6061,1.5445,1.4907,1.4448,1.4086,1.3803,1.3597,1.3441,1.3363,1.3343,1.3343,1.3363,1.3402,1.3451,1.3509,1.3568,1.3617,1.3656,1.3666,1.3636,1.3558,1.349,1.3412,1.3304,1.3187,1.305,1.2913,1.2766,1.259,1.2366,1.2121,1.1867,1.1652,1.1525,1.1544,1.1769,1.2287,1.3167,1.4428,1.6051,1.7947,1.999,2.2043,2.3988,2.5728,2.7175,2.8162,2.8807,2.9306,2.9599,2.9677,2.955,2.9247,2.8788,2.8211,2.7546,2.6823,2.6022,2.5259,2.4516,2.3695,2.2805,2.1887,2.0948,1.999,1.9052,1.8182,1.7361,1.6598,1.5914,1.5308,1.4829,1.4457,1.4135,1.3861,1.3656,1.3519,1.3441,1.3412,1.3421,1.346,1.3539,1.3627,1.3705,1.3783,1.3842,1.3881,1.3891,1.3871,1.3812,1.3715,1.3597,1.347,1.3324,1.3157,1.2981,1.2835,1.2698,1.2532,1.2317,1.2082,1.1877,1.174,1.175,1.2014,1.261,1.3597,1.4976,1.6413,1.7967,1.9834,2.1808,2.3724,2.5484,2.6979,2.8162,2.9003,2.9531,2.9795,2.9844,2.9707,2.9423,2.9042,2.8543,2.7957,2.7195,2.6285,2.5376,2.4438,2.348,2.2502,2.1486,2.0459,1.955,1.8729,1.7859,1.6979,1.6129,1.5347,1.4653,1.4057,1.3558,1.3167,1.2854,1.261,1.2424,1.2317,1.2278,1.2278,1.2326,1.2424,1.2532,1.2639,1.2727,1.2796,1.2835,1.2825,1.2786,1.2737,1.2678,1.2561,1.2414,1.2258,1.2082,1.1877,1.1662,1.1457,1.1251,1.1026,1.0772,1.0547,1.043,1.043,1.0606,1.1075,1.1926,1.3196,1.4868,1.6872,1.9081,2.1359,2.3568,2.5562,2.7058,2.8162,2.9101,2.9785,3.0196,3.0352,3.0283,3.0039,2.9638,2.9101,2.8465,2.7722,2.6891,2.609,2.5288,2.4389,2.3431,2.2424,2.1398,2.0362,1.9326,1.8309,1.7351,1.6452,1.5621,1.4956,1.4399,1.3842,1.3353,1.2972,1.2698,1.2493,1.2356,1.2287,1.2278,1.2297,1.2336,1.2395,1.2454,1.2483,1.2502,1.2512,1.2493,1.2454,1.2414,1.2346,1.2229,1.2092,1.1906,1.1691,1.1525,1.1388,1.1222,1.1036,1.0841,1.0645,1.045,1.0274,1.0205,1.0332,1.0762,1.1593,1.262,1.39,1.566,1.7742,1.999,2.2229,2.4291,2.608,2.7546,2.868,2.9472,2.9971,3.0205,3.0196,3.002,2.9717,2.9277,2.8719,2.8055,2.7302,2.6491,2.5621,2.4702,2.3734,2.2727,2.1808,2.0958,2.002,1.9022,1.8035,1.7097,1.6197,1.5367,1.4624,1.3978,1.3431,1.3001,1.2669,1.2454,1.2336,1.2248,1.2209,1.2209,1.2239,1.2278,1.2326,1.2375,1.2424,1.2473,1.2493,1.2502,1.2512,1.2493,1.2434,1.2326,1.2199,1.2063,1.1906,1.1711,1.1505,1.13,1.1105,1.089,1.0723,1.0587,1.0459,1.042,1.0577,1.1036,1.1906,1.3226,1.4946,1.6999,1.9277,2.1603,2.3568,2.522,2.6843,2.825,2.9365,3.0186,3.0723,3.0987,3.1036,3.0899,3.0596,3.0156,2.9609,2.9032,2.8407,2.7693,2.6911,2.6061,2.5152,2.4184,2.3177,2.2151,2.1124,2.0117,1.913,1.8289,1.7537,1.6764,1.6022,1.5337,1.4751,1.4262,1.3861,1.3548,1.3324,1.3167,1.3079,1.304,1.303,1.305,1.3079,1.3118,1.3157,1.3177,1.3187,1.3167,1.3089,1.2981,1.2845,1.2708,1.26,1.2512,1.2375,1.2199,1.1984,1.175,1.1515,1.1281,1.1075,1.0978,1.1065,1.1378,1.2014,1.2854,1.3959,1.5523,1.7429,1.9531,2.1662,2.3675,2.5494,2.7038,2.826,2.914,2.9707,2.9961,3.001,2.9941,2.9746,2.9413,2.8954,2.8377,2.7703,2.694,2.6119,2.5259,2.436,2.3431,2.2581,2.176,2.087,1.9951,1.9032,1.8143,1.7292,1.6491,1.5758,1.5083,1.4497,1.4018,1.3675,1.3431,1.3236,1.3099,1.2991,1.2923,1.2893,1.2884,1.2893,1.2903,1.2903,1.2903,1.2893,1.2874,1.2845,1.2786,1.2717,1.2649,1.2551,1.2434,1.2307,1.2151,1.1955,1.174,1.1525,1.1369,1.1261,1.1193,1.1261,1.1564,1.2199,1.3226,1.4633,1.6383,1.8368,2.0469,2.2581,2.4311,2.5728,2.7087,2.8231,2.911,2.9687,3,3.0098,3.001,2.9736,2.9326,2.8778,2.8113,2.7449,2.6774,2.6012,2.5181,2.4301,2.3382,2.2444,2.1476,2.0499,1.9531,1.8592,1.7693,1.694,1.6305,1.567,1.5073,1.4555,1.4115,1.3744,1.3441,1.3206,1.303,1.2913,1.2845,1.2805,1.2796,1.2805,1.2815,1.2815,1.2796,1.2747,1.2698,1.2639,1.2551,1.2434,1.2307,1.2151,1.2004,1.1857,1.1672,1.1466,1.1271,1.1056,1.0821,1.0606,1.0479,1.0518,1.0802,1.1378,1.2307,1.3372,1.4614,1.6256,1.8133,2.0088,2.1994,2.3715,2.5171,2.6325,2.7146,2.7654,2.7869,2.784,2.7625,2.7273,2.6774,2.6168,2.5474,2.4702,2.3871,2.2991,2.2053,2.1085,2.0088,1.9062,1.8162,1.7361,1.65,1.564,1.4809,1.4047,1.3363,1.2757,1.2258,1.1857,1.1554,1.1339,1.1232,1.1202,1.1193,1.1193,1.1212,1.1251,1.129,1.1339,1.1388,1.1427,1.1476,1.1496,1.1486,1.1476,1.1457,1.1369,1.1241,1.1085,1.0919,1.0743,1.0557,1.0371,1.0186,0.99902,0.97752,0.9609,0.94624,0.92766,0.91202,0.91007,0.9306,0.98338,1.0723,1.1984,1.3548,1.5327,1.7214,1.9071,2.0606,2.1848,2.3021,2.3998,2.4721,2.5181,2.5406,2.5396,2.5181,2.478,2.4223,2.3529,2.2845,2.2141,2.13,2.0391,1.9443,1.8475,1.7488,1.651,1.5552,1.4624,1.3754,1.2942,1.2209,1.1642,1.1193,1.0762,1.0381,1.0068,0.98436,0.97165,0.96579,0.96481,0.96872,0.97458,0.9824,0.99218,1.0039,1.0156,1.0264,1.0371,1.0694,1.1095,1.13,1.1388,1.1398,1.1339,1.1222,1.1075,1.0958,1.086,1.0723,1.0547,1.0352,1.0147,0.99316,0.97165,0.9521,0.93744,0.93353,0.94721,0.97556,1.0244,1.1036,1.2131,1.3509,1.5083,1.6755,1.8426,1.9971,2.13,2.2375,2.3167,2.3636,2.3861,2.393,2.3832,2.3587,2.3216,2.2708,2.2082,2.1359,2.0577,1.9736,1.8866,1.7986,1.7214,1.652,1.5767,1.5015,1.4301,1.3636,1.3021,1.2454,1.1984,1.1613,1.132,1.1095,1.0958,1.089,1.0841,1.0841,1.088,1.0948,1.1026,1.1105,1.1193,1.1281,1.1369,1.1457,1.1544,1.1632,1.1701,1.173,1.173,1.1701,1.1642,1.1564,1.1486,1.1378,1.1241,1.1085,1.0919,1.0792,1.0674,1.0508,1.0313,1.0127,1.002,1.0088,1.0401,1.0997,1.1926,1.3196,1.4751,1.65,1.8084,1.9541,2.1056,2.2463,2.3656,2.4585,2.523,2.5591,2.5709,2.5611,2.5347,2.4946,2.4497,2.3988,2.3372,2.2669,2.1887,2.1056,2.0186,1.9296,1.8397,1.7507,1.6637,1.5816,1.5044,1.4399,1.3861,1.3314,1.2815,1.2395,1.2082,1.1857,1.172,1.1662,1.1662,1.173,1.1857,1.1994,1.2131,1.2248,1.2346,1.2414,1.2473,1.2522,1.2561,1.2571,1.2551,1.2522,1.2483,1.2424,1.2375,1.2317,1.2229,1.2102,1.1955,1.1779,1.1584,1.1378,1.1173,1.0997,1.089,1.0919,1.1095,1.1457,1.2121,1.3118,1.4409,1.5963,1.7683,1.9462,2.1163,2.2688,2.3978,2.4985,2.5699,2.609,2.6227,2.6207,2.6041,2.5728,2.5269,2.4712,2.4086,2.3382,2.2639,2.1857,2.1046,2.0293,1.958,1.8788,1.7967,1.7165,1.6383,1.563,1.4927,1.4291,1.3724,1.3236,1.2825,1.2512,1.2317,1.219,1.2111,1.2072,1.2072,1.2111,1.219,1.2297,1.2405,1.2493,1.2551,1.261,1.2669,1.2708,1.2708,1.2669,1.26,1.2502,1.2385,1.2268,1.217,1.2072,1.1984,1.1877,1.173,1.1603,1.1466,1.129,1.1144,1.1095,1.1212,1.1584,1.2287,1.3333,1.4682,1.6305,1.8074,1.9638,2.1026,2.2444,2.3724,2.4761,2.5523,2.6012,2.6256,2.6276,2.61,2.5767,2.5288,2.4702,2.4096,2.348,2.2766,2.1984,2.1183,2.0352,1.4428,1.4409,1.436,1.4272,1.4154,1.4018,1.391,1.3822,1.3695,1.3558,1.3431,1.3284,1.3109,1.2923,1.2727,1.2571,1.2532,1.2717,1.3089,1.3685,1.4682,1.6051,1.7732,1.9638,2.1623,2.3548,2.5327,2.6862,2.8084,2.8974,2.9541,2.9804
60.899,66.995,75.259,84.754,94.777,105.21,115.47,124.9,132.76,138.38,141.43,141.9,140.32,136.92,132.41,127.31,121.86,116.35,110.84,105.62,100.64,95.832,91.377,87.099,82.996,79.127,75.493,72.094,68.987,66.174,63.771,61.778,60.195,58.906,58.027,57.558,57.382,57.441,57.675,58.144,58.847,59.668,60.547,61.544,62.481,63.419,64.298,65.119,65.822,66.408,66.877,67.112,67.229,67.112,66.819,66.291,65.705,65.06,64.24,63.361,62.54,61.661,60.782,59.902,59.082,58.32,57.558,56.913,56.737,57.734,61.192,67.522,76.373,86.513,97.18,108.26,119.16,129.24,137.51,143.37,146.47,147,145.18,141.73,137.1,131.82,126.08,120.16,114.41,108.79,103.51,98.352,93.605,89.15,84.93,81.003,77.193,73.618,70.218,67.229,64.591,62.423,60.664,59.375,58.437,57.851,57.616,57.675,57.968,58.554,59.316,60.195,61.25,62.305,63.419,64.474,65.471,66.408,67.17,67.815,68.167,68.343,68.343,68.167,67.815,67.229,66.467,65.646,64.884,63.947,63.067,62.13,61.192,60.313,59.433,58.613,57.968,57.675,58.437,61.309,67.053,75.259,84.871,95.187,105.91,116.52,126.37,134.69,140.79,144.25,145.07,143.6,140.32,135.81,130.41,124.67,118.93,113.3,107.79,102.63,97.708,93.194,88.857,84.813,80.944,77.252,73.735,70.57,67.581,65.06,62.833,61.075,59.668,58.671,58.027,57.734,57.792,58.027,58.554,59.258,60.137,61.133,62.13,63.185,64.122,65.06,65.939,66.643,67.288,67.756,67.991,68.05,67.991,67.698,67.288,66.643,65.939,65.06,64.122,63.185,62.247,61.368,60.547,59.668,58.847,58.085,57.441,56.972,57.441,59.902,65.295,73.501,83.23,93.722,104.68,115.76,126.13,134.93,141.55,145.54,146.83,145.65,142.66,138.33,133.11,127.42,121.56,115.76,110.07,104.57,99.349,94.425,89.854,85.575,81.413,77.545,73.852,70.394,67.346,64.591,62.364,60.488,59.023,58.027,57.441,57.089,57.089,57.441,57.91,58.671,59.551,60.606,61.719,62.892,64.064,65.119,66.057,66.877,67.522,68.05,68.343,68.401,68.284,67.991,67.463,66.819,66.057,65.178,64.24,63.243,62.305,61.368,60.43,59.551,58.671,57.851,57.089,56.62,56.854,58.73,63.302,70.629,79.714,89.619,99.994,110.54,120.63,129.42,136.27,140.79,142.55,141.9,139.26,135.22,130.24,124.73,119.04,113.42,107.85,102.63,97.532,92.726,88.154,83.875,79.772,75.845,72.211,68.812,65.588,62.892,60.664,58.847,57.499,56.503,55.917,55.682,55.741,56.034,56.679,57.558,58.554,59.609,60.782,62.012,63.126,64.24,65.236,66.115,66.819,67.288,67.581,67.698,67.522,67.288,66.877,66.233,65.412,64.533,63.595,62.657,61.719,60.723,59.785,58.906,58.027,57.206,56.561,56.034,56.21,58.027,62.54,69.867,79.127,89.15,99.759,110.37,120.57,129.48,136.51,141.08,142.84,142.25,139.5,135.34,130.24,124.61,118.87,113.18,107.67,102.34,97.297,92.432,87.861,83.582,79.596,75.786,72.211,68.87,65.939,63.361,61.309,59.609,58.378,57.382,56.796,56.503,56.561,56.854,57.382,58.085,59.023,60.02,61.133,62.188,63.243,64.24,65.119,65.881,66.526,67.053,67.346,67.463,67.405,67.112,66.643,66.115,65.412,64.591,63.771,62.892,62.012,61.192,60.313,59.433,58.613,57.792,57.148,56.737,57.03,58.965,63.536,70.804,79.948,89.854,100.23,110.84,120.98,130,137.1,141.73,143.78,143.31,140.79,136.8,131.88,126.31,120.51,114.76,109.14,103.74,98.645,93.898,89.502,85.282,81.355,77.603,74.028,70.746,67.756,65.119,62.892,61.192,59.785,58.847,58.261,57.91,57.91,58.261,58.73,59.492,60.371,61.309,62.364,63.419,64.474,65.471,66.408,67.229,67.874,68.284,68.518,68.518,68.401,68.108,67.581,66.995,66.174,65.295,64.357,63.419,62.481,61.602,60.664,59.785,58.965,58.261,57.616,57.441,58.32,61.485,67.581,76.314,86.337,97.122,108.26,119.22,129.36,137.86,143.95,147.24,147.94,146.24,142.78,138.09,132.76,127.01,121.15,115.53,110.13,104.92,100.05,95.48,91.202,87.04,83.23,79.479,75.904,72.563,69.456,66.819,64.591,62.833,61.426,60.43,59.727,59.375,59.316,59.551,60.02,60.723,61.544,62.481,63.536,64.533,65.529,66.467,67.346,68.05,68.636,68.987,69.163,69.222,69.105,68.812,68.284,67.581,66.819,65.939,64.943,64.005,63.009,62.071,61.133,60.313,59.492,58.671,57.968,57.675,58.378,61.25,67.053,75.552,85.692,96.535,107.79,119.04,129.48,138.33,144.72,148.47,149.46,148.06,144.72,140.03,134.69,128.89,123.03,117.34,111.95,106.68,101.81,97.239,92.96,88.974,85.106,81.413,77.779,74.438,71.215,68.46,66.115,64.122,62.599,61.426,60.664,60.254,60.137,60.254,60.606,61.25,62.012,62.892,63.947,65.002,66.057,67.053,67.932,68.753,69.398,69.867,70.16,70.218,70.101,69.749,69.222,68.518,67.698,66.76,65.705,64.709,63.712,62.657,61.661,60.723,59.785,58.965,58.32,57.734,57.675,59.082,63.009,69.925,79.127,89.502,100.46,111.83,122.97,132.99,141.08,146.65,149.58,149.76,147.76,144.07,139.21,133.64,127.72,121.86,116.11,110.54,105.39,100.4,95.715,91.436,87.275,83.347,79.596,75.962,72.68,69.632,66.936,64.767,63.067,61.661,60.723,60.137,59.844,59.961,60.371,60.899,61.719,62.657,63.654,64.767,65.881,66.877,67.874,68.812,69.632,70.218,70.629,70.746,70.746,70.57,70.101,69.573,68.87,68.05,67.17,66.291,65.353,64.357,63.419,62.481,61.544,60.664,59.844,59.199,59.023,60.254,63.947,70.511,79.42,89.56,100.17,111.07,121.68,131.18,138.85,144.07,146.47,146.36,144.13,140.32,135.51,130.06,124.38,118.63,113.06,107.73,102.69,97.883,93.312,88.974,84.871,81.003,77.252,73.735,70.511,67.698,65.236,63.302,61.719,60.547,59.785,59.375,59.258,59.375,59.727,60.313,61.133,62.071,63.126,64.181,65.178,66.174,67.053,67.874,68.518,69.105,69.398,69.632,69.573,69.28,68.87,68.284,67.522,66.643,65.822,64.767,63.829,62.892,62.012,61.133,60.313,59.551,58.789,58.085,57.675,58.027,60.313,65.295,73.09,82.527,92.726,103.28,113.94,123.85,132.35,138.8,142.55,143.72,142.43,139.32,134.81,129.48,123.79,117.99,112.3,106.73,101.46,96.418,91.671,87.157,82.937,78.893,75.083,71.625,68.401,65.588,63.302,61.368,59.844,58.73,58.027,57.675,57.675,57.851,58.378,59.023,59.844,60.899,62.012,63.126,64.24,65.236,66.174,66.995,67.581,68.167,68.518,68.694,68.694,68.401,67.991,67.405,66.76,65.881,65.002,64.064,63.126,62.188,61.25,60.313,59.433,58.554,57.734,56.972,56.561,56.913,59.082,63.829,71.273,80.3,90.029,100.11,110.31,119.92,128.3,134.69,138.62,139.97,139.03,136.22,132.05,127.01,121.45,115.82,110.19,104.74,99.525,94.601,89.912,85.458,81.237,77.31,73.559,70.042,66.936,64.181,61.837,59.902,58.496,57.382,56.679,56.386,56.268,56.561,57.03,57.792,58.671,59.668,60.782,61.895,63.067,64.064,65.06,65.881,66.526,67.17,67.522,67.815,67.874,67.698,67.288,66.819,66.115,65.353,64.474,63.595,62.657,61.719,60.84,59.961,59.199,58.378,57.616,56.972,56.796,57.91,61.25,67.405,75.786,85.399,95.598,105.97,116.05,125.14,132.52,137.8,140.5,140.67,138.68,135.04,130.18,124.73,118.98,113.24,107.61,102.16,97.004,92.198,87.626,83.347,79.362,75.552,71.918,68.636,65.588,63.009,60.84,59.199,57.851,56.972,56.444,56.21,56.386,56.737,57.382,58.144,59.199,60.195,61.309,62.423,63.478,64.474,65.353,66.115,66.76,67.17,67.463,67.522,67.405,67.112,66.584,66.057,65.295,64.474,63.654,62.716,61.837,60.899,60.02,59.199,58.378,57.558,56.854,56.561,57.206,59.961,65.529,73.618,83.172,93.429,104.04,114.53,124.32,132.52,138.74,142.37,143.37,142.14,139.03,134.69,129.53,123.97,118.4,112.89,107.5,102.28,97.415,92.726,88.388,84.227,80.3,76.548,73.032,69.867,66.995,64.533,62.423,60.782,59.551,58.671,58.085,57.851,57.91,58.32,58.789,59.492,60.371,61.309,62.305,63.361,64.357,65.295,66.115,66.819,67.346,67.756,67.991,67.991,67.815,67.346,66.877,66.174,65.353,64.533,63.595,62.716,61.837,60.899,60.02,59.258,58.437,57.675,57.148,57.323,58.906,63.243,70.511,79.772,90.088,100.93,111.95,122.5,131.88,139.32,144.19,146.36,145.95,143.48,139.56,134.69,129.3,123.67,118.1,112.6,107.38,102.28,97.473,92.901,88.681,84.52,80.651,76.9,73.442,70.218,67.405,65.002,63.009,61.426,60.254,59.375,58.906,58.73,58.847,59.199,59.727,60.488,61.309,62.305,63.361,64.357,65.353,66.233,67.053,67.756,68.225,68.636,68.753,68.636,68.343,67.991,67.405,66.76,65.939,65.06,64.181,63.243,62.305,61.368,60.488,59.609,58.73,57.968,57.206,56.854,57.616,60.547,66.408,74.849,84.813,95.363,106.32,117.17,127.25,135.75,142.02,145.59,146.53,145.18,142.08,137.56,132.23,126.49,120.74,115.06,109.61,104.45,99.525,95.011,90.674,86.63,82.761,79.01,75.435,72.035,68.929,66.174,63.771,61.778,60.254,59.082,58.32,57.792,57.616,57.734,58.085,58.73,59.609,60.547,61.602,62.716,63.829,64.943,65.881,66.76,67.463,67.991,68.284,68.401,68.343,68.108,67.698,66.995,66.233,65.353,64.416,63.478,62.54,61.602,60.664,59.785,58.906,58.085,57.323,56.679,56.386,57.148,60.254,66.233,74.79,84.696,95.07,105.74,116.35,126.19,134.52,140.61,144.07,144.77,143.31,139.97,135.51,130.24,124.61,118.87,113.18,107.61,102.34,97.415,92.726,88.271,84.168,80.182,76.373,72.797,69.573,66.584,64.181,62.13,60.488,59.316,58.437,57.851,57.675,57.734,58.027,58.613,59.375,60.254,61.25,62.305,63.361,64.298,65.236,66.057,66.76,67.229,67.581,67.815,67.815,67.698,67.288,66.819,66.174,65.412,64.533,63.654,62.716,61.837,60.957,60.137,59.258,58.437,57.558,56.796,56.21,55.975,56.737,59.551,65.295,73.676,83.465,93.839,104.57,115.17,124.9,133.05,139.03,142.49,143.37,141.84,138.62,134.16,128.95,123.38,117.75,112.24,106.97,101.99,97.239,92.784,88.564,84.52,80.71,77.076,73.559,70.218,67.17,64.416,62.188,60.313,58.906,57.91,57.382,57.148,57.323,57.675,58.378,59.199,60.195,61.25,62.305,63.361,64.357,65.295,66.174,66.936,67.463,67.932,68.225,68.343,68.284,67.991,67.463,66.877,66.057,65.236,64.357,63.419,62.54,61.602,60.723,59.844,58.965,58.085,57.441,56.913,57.148,59.082,63.712,71.215,80.769,91.319,102.28,113.42,124.02,133.34,140.61,145.36,147.41,146.94,144.48,140.61,135.81,130.47,124.9,119.45,114,108.73,103.8,99.114,94.718,90.557,86.63,82.879,79.245,75.728,72.504,69.573,66.995,64.884,63.185,61.837,60.957,60.43,60.137,60.195,60.43,60.957,61.661,62.481,63.419,64.416,65.353,66.291,67.229,68.108,68.812,69.339,69.691,69.867,69.808,69.573,69.105,68.46,67.756,66.936,65.998,65.119,64.181,63.361,62.481,61.661,60.84,60.02,59.258,58.671,58.671,60.195,64.298,71.449,80.769,91.202,102.1,113.36,124.26,133.99,141.73,147.06,149.58,149.58,147.35,143.66,138.85,133.46,127.83,122.15,116.7,111.36,106.32,101.58,97.122,92.901,88.974,85.223,81.53,78.014,74.614,71.566,68.812,66.467,64.533,63.009,61.895,61.192,60.782,60.606,60.723,61.133,61.661,62.364,63.243,64.181,65.119,66.057,66.936,67.698,68.401,68.987,69.398,69.632,69.632,69.398,69.046,68.46,67.815,66.995,66.115,65.178,64.24,63.302,62.423,61.544,60.664,59.785,58.965,58.32,57.851,58.437,61.075,66.643,74.966,85.047,95.832,107.2,118.57,129.18,138.15,144.95,148.99,150.28,149.23,146.3,142.02,136.92,131.35,125.67,119.98,114.47,109.25,104.21,99.466,95.07,90.791,86.806,82.937,79.245,75.728,72.446,69.398,66.819,64.591,62.833,61.485,60.606,59.961,59.727,59.727,60.02,60.547,61.25,62.012,62.833,63.771,64.709,65.646,66.467,67.229,67.874,68.401,68.87,69.105,69.163,69.105,68.812,68.284,67.581,66.877,66.057,65.119,64.181,63.185,62.247,61.368,60.43,59.609,58.789,57.968,57.323,56.854,57.148,59.375,64.298,72.035,81.648,92.022,102.98,114.12,124.73,134.05,141.32,145.95,147.76,147.06,144.3,140.03,134.87,129.18,123.38,117.58,111.95,106.62,101.58,96.711,92.315,88.037,83.992,80.124,76.431,72.973,69.808,67.053,64.65,62.716,61.25,60.137,59.375,58.906,58.789,58.965,59.433,60.02,60.84,61.719,62.716,63.712,64.709,65.646,66.467,67.229,67.932,68.343,68.694,68.812,68.753,68.46,68.05,67.405,66.643,65.881,65.06,64.181,63.243,62.364,61.426,60.488,59.609,58.789,57.968,57.148,56.561,56.386,57.382,60.664,66.877,75.435,85.223,95.598,106.27,116.82,126.43,134.52,140.32,143.48,144.07,142.37,138.91,134.28,129.01,123.38,117.75,112.13,106.79,101.69,96.887,92.257,87.861,83.758,79.714,75.904,72.387,69.105,66.174,63.712,61.719,60.137,58.906,58.085,57.616,57.441,57.499,57.792,58.378,59.023,59.902,60.84,61.837,62.833,63.829,64.767,65.646,66.408,67.053,67.463,67.756,67.874,67.815,67.522,67.112,66.526,65.881,65.06,64.122,63.185,62.247,61.309,60.371,59.492,58.671,57.792,57.03,56.386,55.858,55.917,57.441,61.368,68.108,76.9,86.747,97.122,107.67,117.87,127.13,134.58,139.73,142.25,142.19,139.97,136.1,131.23,125.67,119.92,114.18,108.67,103.33,98.294,93.605,89.092,84.871,80.886,76.959,73.383,70.042,67.053,64.474,62.305,60.547,59.199,58.261,57.675,57.382,57.382,57.675,58.144,58.847,59.785,60.782,61.837,62.833,63.829,64.767,65.588,66.35,66.995,67.405,67.756,67.874,67.815,67.522,67.053,66.467,65.822,65.002,64.122,63.243,62.305,61.368,60.488,59.668,58.847,58.027,57.323,56.561,56.093,56.21,57.851,62.012,68.929,77.897,87.919,98.352,108.96,119.22,128.42,135.81,140.73,143.07,142.78,140.55,136.74,131.88,126.43,120.74,115.06,109.49,104.21,99.232,94.543,90.029,85.926,82.058,78.424,74.907,71.625,68.636,65.998,63.712,61.895,60.547,59.551,58.847,58.496,58.437,58.554,58.965,59.551,60.254,61.133,62.012,63.009,63.947,64.767,65.588,66.291,66.877,67.346,67.698,67.874,67.815,67.581,67.229,66.643,65.998,65.236,64.357,63.478,62.54,61.719,60.899,60.137,59.316,58.496,57.675,56.913,56.268,56.093,57.089,60.43,66.643,75.376,85.282,95.832,106.68,117.4,127.25,135.57,141.61,145.13,145.95,144.48,141.37,136.98,131.82,126.25,120.63,115.12,109.72,104.68,99.876,95.305,90.967,86.923,83.054,79.303,75.728,72.211,69.105,66.291,63.947,62.071,60.547,59.433,58.671,58.32,58.144,58.378,58.73,59.316,60.02,60.899,61.895,62.892,64.005,64.943,65.822,66.526,67.17,67.698,67.991,68.167,68.167,67.932,67.522,67.053,66.408,65.646,64.767,63.829,63.009,62.071,61.192,60.254,59.375,58.496,57.675,56.972,56.503,56.737,58.671,63.419,71.039,80.534,90.85,101.63,112.6,123.2,132.52,139.97,144.95,147.24,147.06,144.95,141.26,136.51,131.18,125.55,119.86,114.24,108.84,103.8,98.997,94.484,90.147,86.102,82.234,78.541,75.024,71.801,68.87,66.233,64.005,62.247,60.84,59.844,59.258,58.906,58.847,59.023,59.492,60.137,60.84,61.778,62.774,63.771,64.709,65.646,66.467,67.17,67.756,68.167,68.401,68.46,68.343,68.108,67.581,66.936,66.115,65.236,64.357,63.419,62.481,61.602,60.723,59.844,59.023,58.261,57.441,56.679,56.034,55.799,56.62,59.551,65.353,73.794,83.758,94.367,105.33,116.23,126.31,134.81,141.26,145.07,146.18,144.95,141.84,137.45,132.17,126.49,120.8,115.12,109.66,104.57,99.7,95.129,90.791,86.747,82.879,79.186,75.611,72.27,69.222,66.526,64.298,62.481,60.957,59.902,59.258,58.789,58.671,58.789,59.199,59.727,60.547,61.426,62.423,63.361,64.298,65.236,65.998,66.76,67.288,67.815,68.05,68.225,68.167,67.932,67.522,66.995,66.291,65.471,64.591,63.654,62.774,61.837,60.957,60.137,59.316,58.496,57.675,56.913,56.268,56.093,56.972,59.961,65.705,73.969,83.699,94.015,104.68,115.29,125.26,133.7,139.91,143.66,144.77,143.6,140.61,136.39,131.29,125.78,120.16,114.53,109.14,103.98,99.114,94.484,90.147,86.044,82.175,78.424,74.907,71.625,68.518,65.881,63.536,61.661,60.195,59.082,58.437,58.027,57.968,58.261,58.73,59.375,60.195,61.133,62.13,63.185,64.181,65.119,65.998,66.643,67.288,67.756,68.108,68.225,68.167,67.932,67.463,66.877,66.174,65.412,64.533,63.654,62.774,61.837,60.957,60.137,59.316,58.496,57.675,56.913,56.386,56.21,57.382,60.84,67.229,75.904,85.926,96.477,107.38,118.16,128.07,136.22,142.19,145.48,146.24,144.72,141.49,137.1,131.94,126.43,120.86,115.29,109.9,104.86,99.994,95.48,91.202,87.157,83.289,79.596,76.138,72.797,69.808,67.17,64.943,63.067,61.602,60.547,59.844,59.551,59.492,59.668,60.02,60.606,61.426,62.305,63.302,64.24,65.236,66.057,66.877,67.463,68.05,68.46,68.753,68.812,68.694,68.343,67.932,67.229,66.408,65.529,64.65,63.771,62.833,62.012,61.133,60.254,59.433,58.671,57.91,57.206,56.737,56.972,58.906,63.536,71.039,80.534,90.967,102.05,113.36,124.26,133.93,141.61,146.65,148.99,148.82,146.53,142.78,138.03,132.7,127.13,121.56,116.11,110.9,105.91,101.17,96.711,92.491,88.564,84.754,81.062,77.486,74.087,70.98,68.225,65.939,64.064,62.54,61.426,60.664,60.313,60.137,60.254,60.547,61.133,61.719,62.54,63.361,64.24,65.178,65.998,66.819,67.463,68.05,68.46,68.753,68.812,68.694,68.46,68.05,67.522,66.819,66.057,65.178,64.24,63.243,62.364,61.485,60.606,59.785,58.906,58.085,57.382,56.796,56.796,58.144,62.13,69.105,78.307,88.681,99.583,110.78,121.8,131.7,139.73,145.3,148.23,148.47,146.53,143.07,138.38,133.05,127.42,121.8,116.23,110.9,105.85,101.11,96.653,92.491,88.564,84.754,81.12,77.545,74.145,71.039,68.284,65.939,63.947,62.364,61.192,60.43,59.902,59.785,59.844,60.254,60.782,61.485,62.364,63.302,64.24,65.178,65.998,66.76,67.405,67.991,68.401,68.753,68.87,68.812,68.518,68.108,67.522,66.819,65.998,65.119,64.181,63.243,62.247,61.368,60.488,59.609,58.847,58.085,57.382,56.737,56.444,57.148,59.961,65.588,73.852,83.699,94.308,105.33,116.29,126.55,135.28,141.84,145.71,146.94,145.71,142.66,138.33,133.05,127.42,121.68,116.05,110.54,105.39,100.46,95.832,91.553,87.509,83.582,79.831,76.314,72.914,69.808,67.053,64.65,62.774,61.309,60.195,59.375,58.906,58.789,58.965,59.433,59.961,60.782,61.719,62.716,63.654,64.65,65.588,66.467,67.229,67.932,68.401,68.753,68.87,68.753,68.518,68.167,67.581,66.877,66.057,65.178,64.298,63.361,62.481,61.602,60.723,59.785,58.906,58.027,57.323,56.62,56.503,57.558,60.84,66.995,75.552,85.399,96.008,106.91,117.75,127.83,136.39,142.61,146.24,147.24,145.83,142.55,137.92,132.52,126.78,121.04,115.41,110.07,104.98,100.17,95.656,91.495,87.568,83.758,80.065,76.548,73.149,70.16,67.463,65.236,63.361,61.895,60.84,60.195,59.785,59.668,59.844,60.313,60.899,61.661,62.54,63.536,64.533,65.471,66.408,67.17,67.874,68.46,68.987,69.28,69.398,69.339,69.046,68.636,68.05,67.288,66.408,65.529,64.533,63.595,62.599,61.661,60.782,59.902,59.082,58.378,57.675,57.148,57.382,59.023,63.243,70.335,79.655,90.088,101.11,112.36,123.38,133.29,141.37,146.88,149.64,149.76,147.76,144.19,139.62,134.34,128.77,123.09,117.58,112.24,107.2,102.34,97.883,93.663,89.619,85.692,81.941,78.365,74.966,71.859,69.046,66.76,64.767,63.302,62.247,61.544,61.133,61.075,61.192,61.544,62.13,62.833,63.712,64.65,65.588,66.526,67.405,68.167,68.812,69.339,69.749,69.984,70.042,69.867,69.398,68.87,68.225,67.405,66.526,65.646,64.709,63.771,62.892,62.012,61.133,60.313,59.492,58.73,58.027,57.734,58.437,61.309,67.112,75.611,85.809,96.711,108.2,119.69,130.41,139.62,146.53,150.75,152.1,151.16,148.29,144.13,139.03,133.46,127.78,122.09,116.64,111.36,106.38,101.75,97.415,93.312,89.443,85.751,82.117,78.541,75.2,72.035,69.222,66.819,64.884,63.302,62.13,61.309,60.782,60.664,60.782,61.192,61.719,62.481,63.361,64.298,65.236,66.174,67.112,67.932,68.636,69.105,69.573,69.867,69.925,69.808,69.456,68.987,68.284,67.522,66.643,65.705,64.767,63.829,62.892,62.071,61.192,60.313,59.492,58.671,57.968,57.616,58.144,60.723,66.233,74.438,84.344,95.129,106.38,117.69,128.48,137.8,144.89,149.29,150.93,150.11,147.35,143.19,138.15,132.76,127.07,121.5,116.05,110.84,105.91,101.22,96.887,92.667,88.74,84.93,81.237,77.662,74.263,71.097,68.284,65.939,64.005,62.54,61.426,60.723,60.371,60.313,60.547,61.075,61.719,62.599,63.536,64.533,65.529,66.526,67.405,68.225,68.929,69.456,69.867,69.984,69.925,69.691,69.222,68.636,67.874,67.053,66.115,65.178,64.24,63.302,62.364,61.485,60.606,59.727,58.906,58.144,57.616,57.499,58.671,62.188,68.518,77.252,87.275,98.001,109.2,120.16,130.3,138.68,144.66,148,148.7,147,143.6,139.03,133.75,128.19,122.56,116.99,111.66,106.68,101.93,97.473,93.253,89.209,85.34,81.589,78.014,74.556,71.273,68.401,65.881,63.771,62.188,60.957,60.195,59.785,59.668,59.844,60.313,60.957,61.837,62.833,63.829,64.943,65.881,66.819,67.581,68.343,68.987,69.398,69.691,69.749,69.691,69.339,68.87,68.225,67.463,66.584,65.705,64.767,63.829,62.892,62.071,61.192,60.313,59.492,58.671,58.027,57.734,58.437,60.957,66.408,74.556,84.285,94.894,106.09,117.46,128.3,137.68,144.89,149.4,151.22,150.58,147.94,143.95,138.97,133.64,128.01,122.38,116.87,111.54,106.5,101.81,97.356,93.253,89.209,85.399,81.706,78.19,74.79,71.684,68.87,66.526,64.65,63.185,62.188,61.485,61.133,61.075,61.368,61.837,62.481,63.361,64.24,65.236,66.233,67.112,67.991,68.812,69.456,69.984,70.335,70.511,70.394,70.16,69.691,69.105,68.401,67.581,66.643,65.705,64.884,63.947,63.067,62.13,61.309,60.488,59.668,59.023,58.613,58.965,61.309,66.408,74.497,84.403,95.305,106.73,118.34,129.48,139.09,146.53,151.22,153.1,152.45,149.81,145.71,140.79,135.34,129.71,124.14,118.69,113.42,108.49,103.8,99.407,95.363,91.495,87.743,84.051,80.417,76.9,73.735,70.804,68.343,66.291,64.65,63.478,62.599,62.13,61.895,62.012,62.305,62.774,63.478,64.357,65.236,66.233,67.17,67.991,68.753,69.398,69.925,70.277,70.57,70.57,70.335,69.984,69.398,68.812,67.991,67.17,66.233,65.295,64.357,63.419,62.54,61.719,60.899,60.02,59.316,58.554,58.085,58.73,61.426,67.229,75.904,86.337,97.532,109.31,121.15,132.29,141.84,149.05,153.45,154.91,153.92,151.05,146.83,141.73,136.1,130.36,124.61,118.98,113.65,108.55,103.8,99.29,95.129,91.202,87.275,83.523,79.948,76.431,73.207,70.394,67.932,65.881,64.181,62.892,62.13,61.602,61.426,61.544,61.895,62.481,63.185,64.064,65.06,66.057,67.053,67.932,68.812,69.456,70.042,70.394,70.687,70.687,70.511,70.101,69.632,68.929,68.108,67.229,66.291,65.295,64.298,63.302,62.364,61.426,60.547,59.727,58.847,58.085,57.499,57.499,58.965,63.126,70.101,79.362,89.795,100.81,112.13,123.26,133.29,141.49,147.06,149.87,149.99,147.88,144.13,139.26,133.87,128.13,122.38,116.76,111.31,106.09,101.17,96.594,92.315,88.212,84.344,80.593,76.959,73.501,70.277,67.463,65.119,63.185,61.602,60.488,59.727,59.375,59.316,59.551,59.961,60.664,61.544,62.481,63.478,64.533,65.529,66.526,67.405,68.167,68.812,69.28,69.573,69.632,69.398,69.046,68.518,67.874,67.112,66.233,65.295,64.298,63.361,62.364,61.426,60.488,59.551,58.671,57.851,57.148,56.796,57.148,59.258,64.005,71.566,81.062,91.495,102.34,113.47,124.2,133.7,141.14,146.06,148.17,147.7,145.07,140.85,135.75,130.12,124.32,118.57,112.95,107.67,102.69,98.059,93.663,89.502,85.575,81.706,78.131,74.614,71.332,68.343,65.822,63.595,61.895,60.606,59.727,59.258,59.023,59.199,59.551,60.137,60.84,61.719,62.716,63.712,64.709,65.705,66.526,67.346,67.991,68.46,68.87,69.046,69.046,68.812,68.401,67.874,67.229,66.408,65.588,64.709,63.829,63.009,62.071,61.192,60.254,59.375,58.554,57.792,57.323,57.441,58.965,63.009,69.808,78.776,89.033,99.935,111.07,121.97,131.82,139.79,145.36,148.23,148.47,146.47,142.84,138.15,132.88,127.31,121.68,116.17,110.9,105.91,101.17,96.77,92.667,88.798,85.047,81.413,77.838,74.497,71.273,68.46,66.057,64.005,62.364,61.133,60.313,59.844,59.668,59.844,60.371,61.075,61.837,62.774,63.771,64.767,65.822,66.819,67.756,68.46,69.105,69.573,69.867,69.867,69.749,69.339,68.812,68.108,67.288,66.467,65.529,64.65,63.771,62.833,62.012,61.133,60.254,59.492,58.789,58.496,58.965,61.426,66.76,74.79,84.754,95.48,106.79,118.22,129.18,138.68,146.06,150.69,152.51,151.81,149.11,145.01,139.97,134.52,128.77,123.2,117.69,112.36,107.32,102.63,98.177,94.132,90.264,86.395,82.82,79.245,75.845,72.797,69.984,67.698,65.646,64.122,63.009,62.247,61.778,61.661,61.778,62.188,62.716,63.478,64.298,65.178,66.115,67.053,67.932,68.694,69.398,69.925,70.277,70.394,70.335,70.101,69.691,69.105,68.343,67.522,66.584,65.588,64.65,63.712,62.774,61.895,61.075,60.254,59.433,58.73,58.437,59.199,62.188,68.167,76.783,86.981,98.059,109.61,121.21,132.17,141.43,148.23,152.28,153.57,152.39,149.35,145.07,139.91,134.34,128.66,123.03,117.58,112.36,107.5,102.87,98.528,94.484,90.615,86.806,83.172,79.596,76.197,73.09,70.335,67.991,66.057,64.416,63.243,62.423,61.895,61.719,61.778,62.13,62.599,63.243,64.064,65.002,65.939,66.819,67.698,68.46,69.163,69.691,70.042,70.218,70.277,70.16,69.867,69.339,68.753,67.932,67.053,66.115,65.178,64.24,63.302,62.364,61.485,60.606,59.785,59.023,58.496,58.554,60.254,64.65,72.211,81.941,92.726,104.1,115.82,127.19,137.21,145.24,150.58,152.92,152.57,150.05,146,140.96,135.45,129.71,123.97,118.52,113.18,108.14,103.28,98.763,94.367,90.264,86.278,82.468,78.834,75.318,72.035,69.105,66.643,64.65,63.067,61.778,60.899,60.488,60.313,60.488,60.84,61.485,62.305,63.243,64.24,65.353,66.408,67.405,68.284,69.105,69.749,70.16,70.335,70.335,70.16,69.808,69.163,68.46,67.581,66.76,65.822,64.884,63.947,62.892,61.895,60.957,60.137,59.258,58.496,57.851,57.792,58.906,62.364,68.753,77.486,87.509,98.177,109.25,120.1,130.06,138.33,144.19,147.35,147.88,146.12,142.66,138.09,132.88,127.25,121.56,115.99,110.54,105.44,100.52,96.008,91.671,87.568,83.582,79.772,76.138,72.621,69.456,66.643,64.357,62.423,60.957,59.961,59.316,58.965,58.965,59.316,59.844,60.547,61.485,62.481,63.536,64.591,65.588,66.467,67.288,68.05,68.694,69.046,69.28,69.28,69.105,68.694,68.05,67.288,66.467,65.529,64.65,63.712,62.833,61.895,60.957,60.02,59.199,58.378,57.616,57.03,57.03,58.437,62.188,68.929,77.897,88.154,99.056,110.25,121.21,131.23,139.44,145.18,148.11,148.35,146.36,142.66,137.92,132.52,126.9,121.21,115.7,110.31,105.21,100.46,95.949,91.671,87.626,83.699,79.948,76.255,72.797,69.456,66.467,63.947,61.837,60.254,59.082,58.437,58.085,58.144,58.496,59.082,59.902,60.899,62.012,63.126,64.298,65.353,66.35,67.288,68.108,68.753,69.105,69.339,69.398,69.222,68.87,68.284,67.581,66.819,65.998,65.06,64.122,63.185,62.247,61.309,60.371,59.492,58.671,57.968,57.558,57.91,60.02,64.884,72.563,82.058,92.55,103.63,114.82,125.67,135.22,142.84,147.88,150.05,149.64,147.12,143.07,137.92,132.29,126.55,120.86,115.41,110.25,105.44,100.87,96.594,92.55,88.74,85.047,81.413,77.897,74.497,71.332,68.46,66.057,64.064,62.481,61.309,60.547,60.137,59.961,60.195,60.606,61.309,62.188,63.185,64.24,65.295,66.35,67.346,68.225,68.987,69.573,69.925,70.042,69.984,69.749,69.222,68.636,67.874,66.995,66.115,65.178,64.24,63.302,62.423,61.485,60.606,59.727,58.965,58.554,58.965,61.368,66.584,74.79,84.871,95.832,107.44,119.16,130.3,139.85,147.12,151.63,153.21,152.22,149.29,144.95,139.73,134.11,128.36,122.74,117.23,112.01,107.03,102.51,98.177,94.132,90.264,86.571,82.937,79.362,75.845,72.621,69.691,67.17,65.119,63.419,62.247,61.368,60.84,60.723,60.84,61.25,61.837,62.657,63.595,64.591,65.646,66.584,67.463,68.225,68.929,69.398,69.808,69.925,69.867,69.573,69.105,68.46,67.756,66.877,65.998,65.119,64.24,63.302,62.423,61.544,60.723,59.902,59.082,58.496,58.437,59.785,63.771,70.804,80.124,90.733,102.05,113.71,125.26,135.69,144.13,149.93,152.92,153.1,151.05,147.29,142.43,136.8,130.94,125.08,119.28,113.83,108.55,103.69,99.114,94.836,90.791,86.923,83.172,79.479,75.962,72.739,69.749,67.17,65.002,63.302,61.895,61.075,60.488,60.254,60.313,60.664,61.192,61.895,62.716,63.654,64.533,65.471,66.35,67.112,67.815,68.343,68.753,68.929,68.929,68.694,68.225,67.581,66.877,65.939,65.002,64.064,63.126,62.247,61.309,60.43,59.551,58.671,57.91,57.148,56.679,56.737,58.144,62.071,68.929,78.19,88.857,100.17,111.77,123.26,133.58,141.9,147.7,150.58,150.64,148.41,144.6,139.67,134.22,128.6,122.91,117.46,112.3,107.44,102.92,98.645,94.601,90.733,87.04,83.406,79.831,76.49,73.207,70.277,67.756,65.588,63.947,62.657,61.837,61.426,61.309,61.602,62.13,63.009,64.064,65.236,66.467,67.815,69.046,70.277,71.508,72.446,73.207,73.852,74.263,74.38,74.263,73.911,73.442,72.797,71.977,71.097,70.16,69.222,68.284,67.346,66.408,65.529,64.709,64.064,63.536,63.771,65.646,70.277,77.838,87.509,98.294,109.72,121.39,132.41,142.02,149.23,153.74,155.44,154.62,151.92,147.94,143.07,137.68,132.17,126.66,121.21,116.05,111.07,106.32,101.93,97.708,93.781,90.029,86.337,82.879,79.596,76.607,74.028,71.918,70.218,68.929,68.05,67.405,67.17,67.229,67.463,67.991,68.694,69.456,70.394,71.449,72.387,73.325,74.145,74.907,75.552,75.845,76.021,75.962,75.728,75.318,74.731,73.969,73.207,72.387,71.449,70.511,69.573,68.636,67.698,66.877,65.998,65.295,65.119,66.174,69.691,76.255,85.34,95.773,106.97,118.52,129.59,139.56,147.35,152.63,154.91,154.56,152.1,148.11,143.13,137.56,131.82,126.08,120.45,115.06,109.9,105.09,100.46,96.184,92.022,88.095,84.344,80.71,77.31,74.145,71.508,69.28,67.522,66.291,65.471,65.119,65.119,65.412,66.057,66.877,67.874,68.929,70.042,71.156,72.211,73.207,74.087,74.849,75.493,75.904,76.197,76.138,75.845,75.435,74.79,73.969,73.09,72.152,71.156,70.16,69.105,68.108,67.112,66.115,65.236,64.357,63.536,62.833,62.247,62.188,63.243,66.76,73.207,82.292,92.667,103.69,114.88,125.72,135.34,143.07,148.06,150.22,149.76,147.12,143.07,137.97,132.35,126.55,120.74,115.12,109.78,104.68,99.876,95.305,90.967,86.806,82.879,79.127,75.611,72.504,69.808,67.581,64.533,63.712,63.126,63.302,65.178,69.867,77.369,86.806,97.239,108.02,118.93,129.07,137.56,143.66,147.18,147.94,146.3,142.78,138.09,132.64,126.66,120.68,114.76,109.14,103.8,98.821,94.074,89.678,85.575,81.648,78.131,74.79,71.859,69.222,67.053,65.295,64.005,63.067,62.54,62.364,62.54,62.892,63.478,64.24,65.178,66.174,67.229,68.284,69.339,70.335,71.273,72.035,72.68,73.09,73.383,73.325,73.032,72.621,72.035,71.273,70.394,69.398,68.284,67.229,66.115,65.002,63.947,62.833,61.837,60.899,60.137,59.433,59.316,60.547,64.298,70.98,79.714,89.56,99.759,110.13,120.04,128.77,135.57,139.79,141.37,140.32,137.33,132.76,127.31,121.39,115.23,109.31,103.51,98.001,92.784,87.978,83.406,79.186,75.259,71.625,68.284,65.471,63.067,61.133,59.609,58.554,57.91,57.558,57.558,57.851,58.378,59.082,60.02,61.133,62.188,63.361,64.533,65.705,66.877,67.874,68.694,69.339,69.867,70.16,70.277,70.16,69.867,69.28,68.636,67.815,66.936,65.998,65.002,64.005,63.009,62.012,61.133,60.254,59.433,58.671,58.027,57.792,58.613,61.368,66.877,74.614,83.582,93.194,102.98,112.48,121.04,128.13,132.99,135.34,135.28,132.99,129.07,123.97,118.28,112.36,106.44,100.7,95.187,89.912,85.047,80.475,76.255,72.27,68.694,65.353,62.423,59.902,57.851,56.268,55.213,54.627,54.276,54.393,54.803,55.506,56.444,57.558,58.789,60.137,61.544,63.009,64.357,65.588,66.643,67.581,68.284,68.87,69.163,69.28,69.222,68.987,68.518,67.932,67.17,66.35,65.471,64.591,63.712,62.833,61.895,61.075,60.254,59.433,58.671,58.144,58.261,59.902,64.122,71.039,79.772,89.502,99.583,109.78,119.45,127.78,134.28,138.44,139.91,138.97,136.1,131.82,126.55,120.86,115,109.2,103.51,98.118,93.077,88.212,83.816,79.596,75.728,72.152,68.929,65.998,63.478,61.485,59.844,58.789,58.085,57.734,57.734,57.968,58.437,59.082,59.961,60.899,62.071,63.185,64.298,65.412,66.408,67.346,68.108,68.753,69.163,69.339,69.222,68.987,68.46,67.874,67.112,66.174,65.178,64.122,63.067,62.071,61.075,60.02,59.023,58.144,57.323,56.62,56.444,57.441,60.723,66.877,75.083,84.52,94.425,104.57,114.35,123.2,130.3,135.04,137.21,136.92,134.52,130.47,125.43,119.8,114,108.38,102.92,97.649,92.726,88.037,83.523,79.245,75.259,71.508,67.991,64.767,62.012,59.668,57.792,56.444,55.448,54.862,54.627,54.744,55.155,55.917,56.854,57.968,59.258,60.488,61.778,63.009,64.181,65.295,66.291,67.229,67.991,68.518,68.929,69.105,69.105,68.987,68.694,68.284,67.815,67.229,66.584,65.998,65.353,64.65,64.005,63.361,62.774,62.364,62.305,63.185,65.822,71.097,78.834,88.154,98.294,108.55,118.52,127.42,134.69,139.73,142.25,142.25,140.03,136.22,131.35,125.78,120.04,114.3,108.67,103.28,98.177,93.312,88.681,84.403,80.417,76.783,73.442,70.335,67.698,65.412,63.595,62.188,61.25,60.723,60.547,60.664,61.075,61.661,62.54,63.595,64.709,65.998,67.17,68.343,69.456,70.511,71.273,71.918,72.211,72.387,72.211,71.859,71.215,70.394,69.456,68.518,67.463,66.408,65.295,64.122,63.067,61.895,60.899,59.902,59.023,58.554,59.199,62.071,67.932,76.314,86.044,96.301,106.85,117.11,126.31,133.87,139.21,141.9,142.08,140.03,136.45,131.76,126.43,120.8,115.12,109.61,104.27,99.173,94.425,89.854,85.633,81.53,77.721,74.087,70.687,67.522,64.767,62.481,60.488,58.965,57.851,57.089,56.854,56.854,57.206,57.792,58.613,59.492,60.547,61.661,62.774,63.947,64.943,65.881,66.584,67.288,67.756,68.05,68.108,67.991,67.698,67.17,66.467,65.705,64.943,64.122,63.243,62.364,61.544,60.664,59.785,58.965,58.144,57.558,57.441,58.554,62.071,68.401,77.31,87.509,98.235,109.25,119.86,129.36,136.92,141.84,144.01,143.37,140.61,136.27,131,125.2,119.22,113.36,107.67,102.28,97.239,92.55,88.095,83.992,80.065,76.373,72.914,69.749,66.819,64.24,62.071,60.313,58.965,58.085,57.558,57.382,57.558,57.91,58.554,59.433,60.488,61.661,62.892,64.122,65.236,66.291,67.288,68.05,68.518,68.929,68.987,68.812,68.401,67.932,67.288,66.526,65.705,64.884,64.005,63.067,62.13,61.192,60.254,59.433,58.73,58.437,59.316,62.247,67.991,76.314,86.044,96.477,107.2,117.69,127.19,134.81,140.14,142.66,142.61,140.32,136.45,131.41,125.9,120.21,114.59,109.25,104.1,99.232,94.66,90.44,86.337,82.468,78.776,75.318,71.918,68.87,66.057,63.654,61.719,60.195,59.023,58.32,57.91,57.91,58.144,58.73,59.433,60.313,61.368,62.423,63.595,64.65,65.705,66.643,67.522,68.167,68.694,68.929,68.929,68.753,68.284,67.756,66.995,66.174,65.236,64.357,63.419,62.54,61.661,60.782,59.961,59.258,58.671,58.437,59.199,62.13,68.108,76.724,86.864,97.825,108.96,120.1,130.3,138.68,144.6,147.76,148.06,146,142.25,137.39,131.76,125.84,119.92,114.12,108.61,103.51,98.587,94.074,89.795,85.809,81.999,78.307,74.849,71.625,68.753,66.233,64.181,62.54,61.309,60.43,59.902,59.727,59.844,60.313,60.899,61.719,62.657,63.654,64.65,65.705,66.643,67.522,68.284,68.87,69.222,69.339,69.222,68.929,68.401,67.756,66.936,66.057,65.119,64.181,63.243,62.247,61.309,60.43,59.551,58.73,58.027,57.675,58.085,60.488,65.822,73.852,83.699,94.308,105.33,116.29,126.6,135.34,141.84,145.54,146.47,145.01,141.55,136.86,131.41,125.61,119.75,114,108.55,103.33,98.528,94.074,89.795,85.809,82.058,78.365,74.849,71.566,68.46,65.705,63.419,61.485,60.02,59.023,58.496,58.32,58.437,58.789,59.492,60.371,61.426,62.481,63.536,64.65,65.705,66.643,67.463,68.108,68.636,68.929,69.046,68.87,68.518,68.05,67.405,66.643,65.881,65.002,64.122,63.243,62.305,61.426,60.547,59.668,58.906,58.437,58.554,60.254,64.591,71.977,81.706,92.726,104.21,115.88,126.9,136.63,143.95,148.41,149.99,148.88,145.83,141.37,136.04,130.47,124.79,119.28,114,108.96,104.39,100.05,96.066,92.315,88.798,85.399,82.117,78.893,75.904,73.207,70.863,68.87,67.288,66.115,65.236,64.709,64.591,64.884,65.295,65.998,66.819,67.815,68.87,69.925,70.98,71.918,72.797,73.501,74.028,74.321,74.321,74.028,73.618,72.973,72.27,71.508,70.687,69.749,68.87,67.932,66.936,65.939,64.943,64.005,63.185,62.892,64.122,67.874,74.673,83.992,94.66,106.09,117.81,128.95,138.74,146.36,151.1,152.86,151.87,148.82,144.25,138.74,132.82,126.78,120.98,115.35,110.13,105.15,100.52,96.184,92.139,88.271,84.637,81.12,77.779,74.731,71.977,69.691,67.756,66.291,65.236,64.474,64.122,64.064,64.298,64.709,65.412,66.233,67.17,68.167,69.222,70.277,71.215,72.094,72.856,73.442,73.735,73.852,73.794,73.501,72.973,72.446,71.684,70.863,69.925,68.987,67.991,67.053,66.115,65.178,64.298,63.478,62.774,62.481,63.361,66.584,73.09,82.292,93.077,104.45,116.05,127.37,137.39,145.24,150.22,152.28,151.57,148.64,144.19,138.85,132.99,126.9,120.92,115.06,109.43,104.1,99.173,94.601,90.322,86.161,82.351,78.658,75.318,72.152,69.573,67.405,65.646,64.357,63.536,63.067,62.833,63.009,63.419,64.005,64.767,65.705,66.76,67.815,68.87,69.925,70.863,71.742,72.504,72.973,73.325,73.442,73.383,73.09,72.68,72.094,71.332,70.57,69.632,68.694,67.581,66.584,65.529,64.533,63.595,62.716,61.837,61.075,60.547,60.782,62.833,67.581,75.259,84.754,95.07,105.74,116.35,126.25,134.58,140.67,144.13,144.66,142.84,139.03,134.05,128.24,122.27,116.17,110.31,104.68,99.349,94.367,89.678,85.34,81.355,77.545,74.087,70.98,68.225,65.939,64.064,62.599,61.544,60.84,60.547,60.547,60.723,61.25,61.895,62.774,63.712,64.767,65.881,66.877,67.756,68.518,69.28,69.808,70.16,70.277,70.218,69.984,69.456,68.812,67.932,66.995,65.881,64.65,63.419,62.188,60.957,59.727,58.613,57.499,56.386,55.331,54.569,53.807,53.455,53.982,56.503,61.778,69.749,79.245,89.326,99.525,109.55,118.75,126.43,132,134.93,135.22,133.11,129.24,124.14,118.28,112.24,106.27,100.4,94.894,89.619,84.696,80.007,75.611,71.566,67.815,64.416,61.426,58.847,56.796,55.155,54.041,53.279,52.986,52.986,53.338,53.982,54.803,55.858,57.03,58.32,59.609,60.899,62.247,63.419,64.591,65.646,66.584,67.405,68.05,68.518,68.87,68.987,68.987,68.812,68.401,67.932,67.288,66.643,65.939,65.178,64.416,63.595,62.833,62.071,61.309,60.606,60.137,60.02,61.25,64.591,70.629,78.717,87.978,97.708,107.55,116.87,124.85,131.06,134.93,136.27,135.34,132.41,128.13,122.97,117.28,111.54,105.8,100.23,94.894,89.854,85.223,80.944,76.9,73.325,70.042,67.112,64.65,62.599,60.957,59.727,58.847,58.378,58.261,58.437,58.906,59.551,60.43,61.485,62.657,63.829,65.119,66.291,67.405,68.401,69.28,70.042,70.629,70.922,70.98,70.863,70.394,69.867,69.105,68.225,67.346,66.408,65.471,64.591,63.654,62.774,61.895,61.075,60.313,59.785,60.137,62.247,67.053,74.556,83.875,93.839,104.21,114.53,124.02,131.94,137.56,140.67,141.26,139.5,136.04,131.41,126.19,120.57,114.94,109.43,104.21,99.349,94.777,90.44,86.278,82.292,78.483,74.907,71.684,68.812,66.291,64.298,62.774,61.661,60.899,60.547,60.43,60.606,61.133,61.719,62.599,63.595,64.65,65.822,66.936,67.932,68.812,69.573,70.101,70.57,70.922,71.097,71.156,71.039,70.746,70.277,69.691,68.929,68.108,67.229,66.35,65.412,64.533,63.595,62.716,61.837,61.075,60.313,59.668,59.199,58.906,59.785,62.833,68.987,77.662,87.802,98.47,109.49,120.16,129.83,137.62,142.9,145.48,145.3,142.9,138.91,133.81,128.07,122.09,116.17,110.37,104.86,99.7,94.777,90.147,85.868,81.882,78.19,74.79,71.801,69.163,66.995,65.178,63.771,62.716,62.13,61.719,61.719,62.13,62.657,63.536,64.533,65.646,66.877,68.108,69.28,70.394,71.449,72.27,72.973,73.559,73.852,73.911,73.735,73.383,72.797,72.035,71.097,70.101,68.987,67.932,66.877,65.881,64.884,63.947,63.067,62.188,61.426,60.723,60.313,60.43,62.247,66.526,73.618,82.41,92.022,101.99,111.83,121.04,128.71,134.34,137.62,138.27,136.69,133.29,128.71,123.44,117.75,112.07,106.5,101.22,96.184,91.377,86.806,82.527,78.6,74.966,71.684,68.753,66.174,64.064,62.364,61.133,60.313,59.844,59.727,59.844,60.254,60.84,61.602,62.54,63.536,64.533,65.529,66.467,67.288,68.05,68.636,69.105,69.339,69.456,69.398,69.163,68.753,68.108,67.288,66.35,65.295,64.122,62.833,61.544,60.254,58.965,57.734,56.62,55.565,54.569,53.572,52.752,51.99,51.814,52.869,56.21,62.599,71.097,80.593,90.44,100.35,109.9,118.34,125.14,129.53,131.41,130.82,128.13,123.91,118.81,113.12,107.26,101.46,95.832,90.615,85.633,81.003,76.666,72.68,68.87,65.412,62.305,59.551,57.206,55.448,54.041,53.162,52.693,52.517,52.869,53.455,54.51,55.741,57.089,58.554,60.137,61.719,63.361,65.06,66.76,68.401,69.984,71.508,72.797,73.911,74.731,75.318,75.493,75.376,74.907,74.321,73.442,72.387,71.156,69.925,68.518,67.17,65.822,64.533,63.361,62.364,61.602,61.485,62.599,65.998,71.918,79.948,89.092,98.821,108.55,117.81,125.78,131.94,135.75,137.04,135.98,132.99,128.54,123.32,117.58,111.72,106.03,100.64,95.422,90.557,86.102,81.941,78.131,74.614,71.508,68.753,66.291,64.24,62.657,61.485,60.723,60.371,60.313,60.547,60.957,61.602,62.423,63.419,64.474,65.529,66.584,67.581,68.46,69.222,69.925,70.511,70.863,71.039,71.039,70.863,70.511,69.925,69.222,68.46,67.581,66.643,65.705,64.767,63.947,63.009,62.071,61.25,60.43,59.785,59.609,60.664,64.064,70.277,78.834,88.505,98.528,108.67,118.34,126.84,133.46,137.68,139.32,138.56,135.81,131.59,126.55,121.04,115.41,109.84,104.57,99.466,94.718,90.322,86.044,82.058,78.307,74.731,71.508,68.518,66.057,63.947,62.247,60.899,59.902,59.375,59.258,59.433,59.844,60.547,61.426,62.423,63.536,64.65,65.881,67.053,68.108,69.046,69.808,70.394,70.804,71.039,71.097,70.98,70.687,70.16,69.632,68.87,68.05,67.112,66.115,65.119,64.122,63.126,62.13,61.192,60.313,59.492,58.671,57.91,57.323,57.089,58.085,61.485,67.932,76.666,86.571,96.887,107.32,117.34,126.25,133.11,137.62,139.38,138.62,135.81,131.41,126.13,120.21,114.24,108.32,102.57,97.122,91.846,86.981,82.351,78.072,74.028,70.335,66.995,64.005,61.426,59.316,57.616,56.444,55.624,55.213,55.096,55.272,55.799,56.444,57.323,58.261,59.258,60.313,61.485,62.54,63.595,64.533,65.353,65.998,66.467,66.819,66.936,66.877,66.526,66.174,65.588,64.943,64.181,63.361,62.423,61.485,60.547,59.551,58.613,57.675,56.737,55.917,55.155,54.627,54.51,55.272,57.851,62.892,70.394,79.303,88.798,98.528,108.14,116.82,123.91,128.95,131.47,131.53,129.48,125.72,120.86,115.41,109.66,103.98,98.411,93.136,88.154,83.465,79.127,74.966,71.156,67.698,64.416,61.544,59.023,56.913,55.272,54.1,53.338,52.927,52.869,53.103,53.631,54.334,55.272,56.386,57.499,58.671,59.902,61.075,62.13,63.126,64.005,64.65,65.178,65.412,65.529,65.471,65.236,64.884,64.298,63.654,63.009,62.188,61.368,60.547,59.727,58.847,58.027,57.206,56.444,55.799,55.448,55.858,57.91,62.54,69.984,79.42,89.912,100.76,111.54,121.56,130.06,136.27,139.97,140.91,139.5,136.04,131.35,125.84,119.98,114.24,108.67,103.33,98.352,93.663,89.209,85.047,81.062,77.252,73.676,70.335,67.288,64.533,62.188,60.195,58.613,57.441,56.679,56.268,56.268,56.561,57.089,57.851,58.789,59.844,61.075,62.188,63.361,64.416,65.471,66.408,67.17,67.815,68.167,68.343,68.225,67.932,67.405,66.76,65.998,65.236,64.357,63.478,62.599,61.661,60.782,59.844,58.965,58.261,57.734,57.734,59.023,62.657,69.222,78.072,88.095,98.763,109.55,119.98,129.12,136.22,140.85,142.78,142.14,139.44,135.16,130,124.38,118.69,113.12,107.73,102.63,97.708,93.194,88.857,84.813,80.944,77.31,73.852,70.629,67.581,65.002,62.716,60.84,59.551,58.613,58.085,57.91,58.027,58.496,59.258,60.137,61.192,62.305,63.478,64.65,65.822,66.877,67.815,68.518,69.163,69.632,69.867,69.867,69.632,69.163,68.636,67.874,67.053,66.174,65.236,64.298,63.361,62.423,61.485,60.664,59.785,59.023,58.554,58.671,60.313,64.533,71.742,81.179,91.671,102.69,113.88,124.55,133.81,140.91,145.3,146.94,145.95,142.9,138.5,133.17,127.42,121.56,115.82,110.31,105.03,100.11,95.48,91.202,87.04,83.23,79.538,76.138,72.856,69.867,67.17,64.943,63.126,61.661,60.664,59.961,59.609,59.551,59.785,60.371,61.133,62.071,63.126,64.24,65.353,66.467,67.463,68.46,69.339,70.042,70.629,70.922,71.039,70.922,70.687,70.16,69.573,68.87,68.05,67.17,66.35,65.471,64.709,63.947,63.185,62.423,61.661,61.25,61.544,63.654,68.518,76.373,86.161,96.946,108.2,119.45,129.89,138.74,145.18,148.88,149.7,148.11,144.6,139.85,134.34,128.54,122.68,116.87,111.36,106.03,101.11,96.418,92.022,87.919,84.051,80.358,76.9,73.676,70.746,68.108,65.998,64.24,62.892,62.071,61.485,61.309,61.426,61.837,62.54,63.419,64.416,65.529,66.76,67.991,69.105,70.101,70.98,71.684,72.152,72.446,72.446,72.211,71.801,71.215,70.57,69.691,68.753,67.756,66.76,65.705,64.709,63.712,62.833,62.012,61.25,60.664,60.664,62.188,66.35,73.618,83.172,93.839,105.09,116.46,127.42,136.92,144.25,148.76,150.34,149.29,146.24,141.67,136.39,130.53,124.67,118.93,113.36,108.02,103.04,98.294,93.839,89.678,85.692,81.882,78.248,74.731,71.566,68.753,66.35,64.357,62.833,61.719,61.075,60.723,60.723,60.957,61.544,62.247,63.126,64.122,65.236,66.291,67.346,68.284,69.163,69.925,70.511,70.922,71.097,71.097,70.922,70.57,70.042,69.28,68.46,67.522,66.584,65.588,64.591,63.654,62.657,61.719,60.84,60.02,59.316,58.847,59.258,61.485,66.76,74.907,84.93,95.656,106.85,118.1,128.6,137.51,143.95,147.53,148.35,146.77,143.19,138.38,132.88,127.01,121.04,115.23,109.61,104.39,99.407,94.718,90.322,86.102,82.117,78.365,74.849,71.566,68.694,66.174,64.064,62.305,60.957,60.02,59.551,59.375,59.492,59.902,60.547,61.426,62.364,63.419,64.474,65.588,66.643,67.698,68.46,69.163,69.749,70.101,70.277,70.218,69.984,69.456,68.929,68.108,67.229,66.291,65.295,64.298,63.302,62.305,61.426,60.547,59.668,58.847,58.261,57.91,58.613,61.602,67.581,76.314,86.337,97.004,107.91,118.69,128.48,136.51,142.14,144.95,145.01,142.78,138.91,133.99,128.36,122.44,116.46,110.72,105.15,99.935,95.011,90.264,85.809,81.648,77.721,74.028,70.629,67.463,64.884,62.657,60.899,59.609,58.671,58.085,57.91,58.027,58.437,59.023,59.844,60.782,61.837,63.067,64.181,65.236,66.233,67.17,67.932,68.518,69.046,69.28,69.339,69.163,68.87,68.343,67.756,66.995,66.174,65.236,64.24,63.243,62.247,61.25,60.371,59.433,58.554,57.734,57.089,56.913,58.027,61.602,68.225,77.135,87.099,97.59,108.32,118.75,128.13,135.63,140.73,143.13,142.84,140.5,136.51,131.47,125.9,120.16,114.35,108.73,103.33,98.177,93.312,88.74,84.403,80.358,76.548,72.914,69.632,66.584,64.005,61.778,60.02,58.73,57.792,57.323,57.03,57.148,57.616,58.261,59.023,60.02,61.192,62.305,63.478,64.591,65.588,66.526,67.288,67.874,68.225,68.401,68.401,68.225,67.815,67.17,66.408,65.529,64.591,63.595,62.54,61.544,60.547,59.609,58.671,57.851,57.03,56.386,55.858,56.034,57.851,62.364,69.808,79.245,89.56,100.23,111.07,121.45,130.47,137.56,142.02,143.66,142.84,139.91,135.57,130.24,124.44,118.52,112.65,106.97,101.63,96.535,91.788,87.275,82.996,78.834,75.024,71.625,68.401,65.588,63.126,60.957,59.258,57.968,57.148,56.796,56.737,56.972,57.441,58.027,58.906,59.844,60.957,62.188,63.302,64.474,65.529,66.584,67.463,68.167,68.636,68.812,68.87,68.694,68.225,67.581,66.877,66.057,65.119,64.181,63.185,62.188,61.25,60.254,59.375,58.496,57.734,57.089,56.972,57.968,61.25,67.463,76.255,86.337,97.063,108.14,118.98,128.95,137.04,142.78,145.83,146.12,144.01,140.26,135.28,129.71,123.91,118.1,112.54,107.2,102.16,97.473,92.96,88.74,84.754,80.886,77.252,73.852,70.746,67.932,65.412,63.302,61.602,60.371,59.551,59.023,58.847,58.965,59.433,60.02,60.782,61.719,62.774,63.829,64.943,65.939,66.877,67.698,68.343,68.812,69.105,69.163,69.046,68.694,68.167,67.463,66.643,65.822,64.884,64.005,63.067,62.188,61.25,60.43,59.609,58.847,58.32,58.32,59.727,63.712,70.746,80.065,90.498,101.4,112.6,123.56,133.34,141.14,146.3,148.7,148.35,145.89,141.84,136.92,131.35,125.67,120.04,114.59,109.43,104.57,99.935,95.598,91.612,87.743,83.992,80.417,77.076,73.852,71.039,68.636,66.584,65.119,64.064,63.361,63.067,63.126,63.419,64.005,64.767,65.705,66.877,67.991,69.163,70.277,71.273,72.211,73.09,73.794,74.38,74.673,74.731,74.556,74.145,73.618,72.914,72.035,71.039,70.042,69.105,68.108,67.112,66.233,65.295,64.416,63.595,62.892,62.599,63.419,66.643,73.09,82.41,93.253,104.74,116.46,127.83,138.03,146.24,151.75,154.39,154.33,152.16,148.41,143.66,138.33,132.52,126.78,121.15,115.82,110.72,105.91,101.4,97.18,93.194,89.385,85.692,82.117,78.776,75.728,73.09,70.863,69.046,67.698,66.643,66.057,65.822,65.881,66.233,66.877,67.581,68.518,69.573,70.57,71.625,72.621,73.501,74.263,74.79,75.259,75.376,75.259,74.907,74.497,73.852,73.09,72.211,71.273,70.218,69.163,68.167,67.112,66.057,65.06,64.122,63.302,62.54,62.13,62.54,65.002,70.511,78.893,89.15,100.29,111.72,123.09,133.46,142.08,148.11,151.34,151.87,150.05,146.53,141.84,136.57,130.88,125.08,119.28,113.83,108.43,103.33,98.587,94.132,89.795,85.809,81.941,78.307,74.966,72.035,69.573,67.522,65.998,64.767,64.064,63.654,63.654,63.829,64.298,64.884,65.588,66.467,67.346,68.284,69.163,70.042,70.804,71.449,71.859,72.094,72.211,72.094,71.918,71.508,70.98,70.277,69.573,68.636,67.581,66.526,65.471,64.357,63.302,62.247,61.309,60.43,59.551,58.73,57.968,57.382,57.382,58.73,62.716,69.867,79.127,89.326,99.935,110.54,120.74,129.53,136.45,140.85,142.55,141.67,138.8,134.58,129.36,123.73,117.93,112.3,106.79,101.46,96.418,91.553,86.923,82.468,78.248,74.321,70.629,67.288,64.474,62.071,60.137,58.613,57.558,56.854,56.561,56.503,56.796,57.323,58.027,58.965,60.02,61.192,62.305,63.419,64.416,65.353,66.233,66.936,67.522,67.991,68.225,68.343,68.284,68.05,67.581,66.995,66.174,65.295,64.416,63.478,62.599,61.661,60.782,59.902,59.023,58.144,57.382,56.62,56.093,56.21,57.792,61.837,68.694,77.428,87.099,97.063,107.03,116.41,124.55,130.88,134.75,136.1,135.1,132.17,127.78,122.5,116.76,110.84,105.03,99.466,94.249,89.209,84.52,80.124,75.962,72.094,68.636,65.412,62.657,60.371,58.496,56.972,55.917,55.155,54.803,54.803,55.037,55.624,56.268,57.148,58.261,59.375,60.547,61.661,62.716,63.654,64.474,65.178,65.822,66.233,66.526,66.643,66.584,66.35,65.939,65.353,64.65,63.829,63.009,62.188,61.368,60.606,59.785,58.906,58.027,57.148,56.444,55.975,56.034,57.089,59.902,65.295,73.149,82.468,92.491,102.75,113.18,123.38,132.82,140.5,145.36,147.12,146.41,144.42,140.96,135.45,128.3,121.21,115.29,110.19,105.39,100.76,96.301,91.846,87.275,82.82,78.541,74.673,71.273,68.694,66.643,65.236,64.357,63.947,63.771,63.829,64.122,64.357,64.767,65.353,66.057,67.053,68.167,69.339,70.629,71.742,72.739,73.618,74.321,74.849,75.318,75.552,75.552,75.259,74.38,73.09,71.684,70.16,68.812,67.698,66.877,66.35,65.881,65.353,65.06,64.767,64.591,64.591,65.881,69.691,76.666,85.926,96.418,107.73,119.51,130.88,140.85,148.47,153.1,154.68,153.57,150.4,146,140.67,134.99,129.18,123.5,118.05,112.95,108.02,103.45,98.939,94.543,90.44,86.63,83.113,79.831,76.841,74.087,71.801,69.925,68.518,67.522,66.995,66.643,66.643,67.053,67.581,68.343,69.222,70.16,71.156,72.094,72.914,73.676,74.263,74.673,74.966,75.259,75.259,75.024,74.556,73.852,73.032,72.094,71.039,69.867,68.694,67.522,66.408,65.295,64.24,63.243,62.247,61.368,60.488,59.844,59.844,61.426,65.646,72.914,82.351,92.784,103.69,114.76,125.31,134.4,141.32,145.54,147.06,146.12,143.31,138.97,133.81,128.19,122.44,116.82,111.42,106.15,101.22,96.535,92.022,87.802,83.523,79.479,75.611,72.094,68.929,66.233,63.947,62.13,60.723,59.844,59.375,59.199,59.258,59.609,60.195,60.957,61.895,63.009,64.181,65.353,66.584,67.698,68.518,69.222,69.749,70.101,70.277,70.277,70.101,69.749,69.163,68.518,67.815,66.936,65.998,65.06,64.064,63.067,62.13,61.192,60.313,59.433,58.613,57.851,57.323,57.323,58.73,62.657,69.339,78.307,88.271,98.821,109.37,119.45,128.19,134.93,139.21,140.79,140.03,137.39,132.99,127.83,122.38,116.64,110.6,104.62,98.939,93.781,89.385,85.34,81.413,77.779,74.556,71.625,68.518,65.295,62.423,60.254,58.73,57.499,56.679,56.679,57.616,58.847,59.902,60.488,60.84,61.426,62.54,64.24,65.998,67.522,68.753,69.573,69.925,69.867,69.398,69.046,68.812,68.343,67.815,67.17,66.584,66.057,65.412,64.65,63.947,63.126,62.247,61.368,60.43,59.551,58.789,58.085,57.675,58.144,60.782,66.291,74.556,84.344,94.836,105.62,116.29,126.19,134.34,140.32,143.6,144.25,142.43,138.91,134.28,128.95,123.32,117.69,112.19,106.85,101.69,96.653,91.964,87.568,83.347,79.362,75.669,72.27,69.28,66.584,64.416,62.599,61.25,60.371,59.844,59.609,59.668,60.02,60.782,61.719,62.716,63.771,64.943,66.115,67.288,68.343,69.163,69.925,70.57,71.039,71.215,71.215,71.039,70.629,69.984,69.163,68.284,67.288,66.291,65.236,64.24,63.243,62.247,61.368,60.488,59.727,59.199,58.965,59.785,62.716,68.812,77.545,87.919,98.88,110.13,121.15,131.29,139.73,145.71,148.99,149.35,147.41,143.72,138.85,133.29,127.37,121.45,115.53,110.02,104.74,99.818,95.129,90.791,86.688,82.82,79.186,75.786,72.739,69.984,67.581,65.529,63.947,62.716,61.837,61.426,61.368,61.544,62.071,62.716,63.595,64.591,65.588,66.584,67.581,68.518,69.398,70.277,70.98,71.566,71.859,71.977,71.801,71.508,70.98,70.335,69.573,68.694,67.756,66.76,65.705,64.709,63.712,62.716,61.719,60.782,59.902,59.258,59.082,60.371,64.181,71.097,80.3,90.733,101.69,112.89,123.67,133.23,140.73,145.65,147.82,147.24,144.6,140.5,135.45,129.83,124.02,118.22,112.65,107.32,102.16,97.415,92.901,88.681,84.696,80.944,77.31,73.852,70.746,67.932,65.529,63.595,62.012,60.782,60.137,59.785,59.902,60.43,61.133,62.071,63.126,64.298,65.471,66.76,67.815,68.812,69.691,70.394,71.039,71.449,71.566,71.566,71.332,71.039,70.629,69.925,69.105,68.108,67.053,65.998,64.884,63.771,62.657,61.602,60.664,59.785,59.082,58.671,59.258,61.719,67.112,75.376,85.164,95.715,106.62,117.46,127.66,136.27,142.55,146,146.59,144.95,141.37,136.57,131,125.08,119.1,113.3,107.73,102.4,97.415,92.608,88.154,84.109,80.3,76.724,73.442,70.335,67.581,65.295,63.361,61.895,60.899,60.371,60.195,60.313,60.723,61.426,62.247,63.243,64.24,65.353,66.467,67.581,68.694,69.632,70.394,70.98,71.332,71.566,71.508,71.156,70.629,69.867,69.046,68.167,67.17,66.174,65.119,64.064,63.009,62.012,60.957,60.137,59.258,58.554,58.261,58.906,61.719,67.346,75.728,85.751,96.418,107.55,118.63,129.01,137.68,144.07,147.53,148.35,146.77,143.25,138.56,133.05,127.25,121.39,115.58,110.02,104.68,99.7,94.894,90.557,86.513,82.586,79.01,75.493,72.211,69.339,66.877,64.767,63.185,61.895,61.133,60.723,60.664,60.899,61.426,62.13,63.067,64.064,65.178,66.233,67.346,68.401,69.398,70.218,70.98,71.566,71.859,71.977,71.859,71.508,70.922,70.218,69.398,68.46,67.463,66.467,65.471,64.416,63.419,62.423,61.485,60.664,60.02,59.727,60.371,63.126,68.812,77.369,87.743,98.939,110.6,122.27,133.05,142.14,148.64,152.22,152.86,151.05,147.41,142.55,136.98,131.12,125.2,119.45,113.94,108.61,103.69,99.056,94.66,90.615,86.688,82.879,79.303,75.845,72.739,70.042,67.756,65.881,64.416,63.419,62.716,62.481,62.599,63.067,63.654,64.533,65.471,66.526,67.698,68.87,69.984,71.039,71.977,72.797,73.383,73.735,73.911,73.794,73.442,72.797,71.977,71.097,70.101,68.987,67.874,66.76,65.646,64.709,63.771,62.833,62.012,61.25,60.957,61.719,64.591,70.511,79.069,89.385,100.64,112.48,124.38,135.34,144.6,151.28,155.09,155.97,154.44,150.99,146.3,140.73,134.81,128.77,122.85,117.23,111.95,106.91,102.16,97.708,93.663,89.854,86.22,82.644,79.245,75.904,72.739,69.867,67.463,65.588,64.357,63.478,63.126,63.009,63.243,63.771,64.591,65.646,66.819,68.05,69.222,70.394,71.625,72.621,73.442,74.028,74.497,74.673,74.673,74.38,73.794,73.032,72.094,71.156,70.16,69.222,68.225,67.288,66.35,65.529,64.884,64.005,63.067,62.423,62.833,65.353,70.687,78.893,89.326,100.81,112.77,124.79,136.04,145.65,152.86,156.97,158.14,156.79,153.57,148.99,143.6,137.86,131.94,126.13,120.51,115.12,110.13,105.39,100.93,96.77,92.843,89.092,85.458,81.999,78.717,75.728,73.09,70.922,69.163,67.815,66.877,66.291,66.115,66.233,66.584,67.229,67.991,68.929,69.867,70.804,71.684,72.563,73.325,73.911,74.38,74.614,74.614,74.438,73.969,73.442,72.621,71.742,70.746,69.691,68.636,67.581,66.643,65.705,64.884,64.064,63.185,62.423,61.895,62.423,65.178,71.097,80.007,90.615,102.1,114.12,126.13,137.1,146.12,152.51,155.73,155.97,153.8,149.81,144.72,139.21,133.29,127.42,121.62,116.11,110.9,106.15,101.69,97.297,93.194,89.092,85.223,81.413,77.779,74.438,71.332,68.753,66.643,65.178,64.005,63.185,62.716,62.657,62.892,63.361,64.064,64.943,65.998,67.112,68.284,69.339,70.335,71.273,72.152,72.914,73.383,73.501,73.325,72.914,72.27,71.566,70.629,69.632,68.518,67.463,66.467,65.471,64.533,63.536,62.54,61.602,60.723,59.844,59.258,59.316,61.133,65.822,73.559,83.406,94.425,105.91,117.69,128.95,138.62,146,150.34,151.75,150.34,146.94,142.19,136.63,130.77,124.79,119.04,113.47,108.2,102.98,98.118,93.37,88.857,84.52,80.475,76.666,73.149,69.984,67.288,65.119,63.361,62.012,61.075,60.43,60.254,60.371,60.723,61.426,62.305,63.419,64.591,65.939,67.17,68.343,69.398,70.277,70.98,71.508,71.742,71.801,71.625,71.273,70.804,70.101,69.339,68.46,67.522,66.467,65.412,64.357,63.419,62.481,61.544,60.606,59.785,59.258,59.199,60.43,64.005,70.511,79.362,89.443,100.05,110.9,121.62,131.18,138.85,144.01,146.24,145.71,143.07,138.85,133.64,127.83,121.86,116.05,110.37,104.98,99.935,95.129,90.557,86.278,82.292,78.483,74.79,71.273,68.108,65.353,63.009,61.133,59.727,58.789,58.261,58.144,58.437,58.965,59.785,60.782,61.895,63.067,64.24,65.412,66.526,67.522,68.46,69.28,69.925,70.277,70.511,70.394,70.101,69.632,68.987,68.167,67.288,66.35,65.412,64.416,63.478,62.54,61.719,60.84,60.137,59.375,58.906,59.258,61.309,66.174,73.969,83.758,94.425,105.68,117.11,127.83,137.21,144.3,148.53,149.87,148.53,145.18,140.38,134.81,128.89,122.85,117.05,111.48,106.27,101.28,96.711,92.432,88.271,84.403,80.651,77.135,73.676,70.629,67.874,65.588,63.712,62.305,61.25,60.606,60.371,60.488,60.84,61.485,62.305,63.361,64.474,65.588,66.76,67.815,68.812,69.749,70.511,71.097,71.508,71.625,71.449,71.039,70.511,69.749,68.929,68.05,67.053,66.115,65.119,64.122,63.185,62.247,61.426,60.547,59.844,59.551,60.254,63.126,69.046,77.662,87.978,99.114,110.6,121.97,132.64,141.43,147.82,151.28,151.87,150.05,146.47,141.67,136.1,130.3,124.44,118.75,113.24,107.96,103.04,98.411,94.132,89.971,86.102,82.41,78.893,75.552,72.504,69.749,67.405,65.588,64.181,63.185,62.54,62.247,62.188,62.423,62.892,63.595,64.474,65.412,66.408,67.463,68.401,69.28,70.042,70.687,71.156,71.566,71.684,71.508,71.097,70.629,69.925,69.163,68.343,67.581,66.877,66.057,65.178,64.298,63.419,62.481,61.485,60.547,59.727,59.668,61.426,66.174,74.028,84.168,95.246,106.91,118.81,130.18,140.03,147.7,152.45,154.15,153.21,150.28,145.83,140.44,134.58,128.54,122.62,116.93,111.48,106.38,101.46,97.063,92.843,88.857,85.047,81.355,77.721,74.321,71.215,68.518,66.35,64.533,63.243,62.305,61.719,61.544,61.602,62.012,62.657,63.536,64.591,65.646,66.819,67.874,68.87,69.867,70.687,71.273,71.742,71.977,72.035,71.859,71.449,70.804,69.984,69.105,68.167,67.229,66.233,65.236,64.24,63.302,62.364,61.426,60.547,59.727,59.082,59.258,60.957,65.529,73.09,82.82,93.605,104.98,116.7,128.01,137.86,145.54,150.58,152.63,151.92,149.17,144.95,139.73,134.05,128.24,122.56,116.99,111.72,106.73,101.99,97.415,93.077,88.857,84.871,81.12,77.486,74.087,71.039,68.401,66.174,64.357,63.009,61.895,61.25,60.899,61.075,61.485,62.188,63.067,64.122,65.236,66.291,67.346,68.343,69.163,69.925,70.57,70.922,71.097,71.097,70.98,70.804,70.335,69.808,68.987,68.05,67.053,65.998,65.002,63.947,62.833,61.837,60.899,60.02,59.258,58.554,58.085,58.437,60.723,66.057,74.38,84.403,95.363,106.68,118.05,128.77,137.92,144.72,148.82,149.93,148.64,145.36,140.67,135.22,129.42,123.56,117.87,112.3,106.97,101.99,97.239,92.843,88.681,84.696,80.886,77.252,73.735,70.629,67.815,65.412,63.478,62.012,60.899,60.254,59.902,59.844,60.254,60.782,61.661,62.599,63.654,64.767,65.822,66.819,67.698,68.401,69.046,69.456,69.808,69.925,69.808,69.573,69.105,68.46,67.756,66.936,65.998,65.06,64.064,63.067,62.13,61.192,60.371,59.492,58.73,58.027,57.499,57.323,58.027,60.782,66.35,74.673,84.637,95.363,106.44,117.46,127.72,136.39,142.55,146.06,146.77,145.07,141.55,136.8,131.29,125.43,119.63,114,108.61,103.57,98.88,94.367,90.147,86.161,82.351,78.658,75.2,71.801,68.753,65.998,63.654,61.837,60.547,59.668,59.199,59.023,59.316,59.785,60.547,61.485,62.481,63.595,64.709,65.939,66.995,67.991,68.929,69.749,70.335,70.804,70.98,70.922,70.629,70.16,69.632,68.87,67.991,66.995,66.057,65.119,64.181,63.243,62.364,61.426,60.547,59.668,58.965,58.671,59.433,62.247,67.991,76.548,86.864,98.001,109.61,121.09,131.82,140.73,147.12,150.64,151.28,149.46,145.89,141.08,135.57,129.83,124.14,118.57,113.24,108.26,103.51,99.056,94.836,90.85,86.981,83.289,79.772,76.431,73.207,70.394,67.932,65.881,64.181,62.892,62.071,61.544,61.485,61.661,62.188,62.833,63.712,64.65,65.822,66.877,67.932,68.929,69.808,70.511,71.097,71.449,71.625,71.508,71.156,70.629,69.867,68.987,67.991,66.936,65.939,64.943,64.064,63.185,62.305,61.485,60.664,59.902,59.609,60.254,62.774,68.284,76.607,86.747,97.883,109.49,121.15,132.17,141.43,148.23,152.16,153.1,151.63,148.17,143.48,138.03,132.29,126.43,120.68,115.17,109.9,105.09,100.52,96.36,92.374,88.564,84.93,81.355,77.838,74.556,71.508,68.87,66.584,64.767,63.478,62.54,62.012,61.778,61.837,62.247,62.774,63.595,64.533,65.588,66.76,67.756,68.753,69.632,70.394,71.039,71.566,71.801,71.859,71.684,71.273,70.746,70.042,69.222,68.343,67.405,66.467,65.529,64.65,63.712,62.833,61.895,61.075,60.313,59.668,59.785,61.485,65.998,73.794,83.934,95.246,107.09,119.16,130.88,141.14,149.11,154.09,156.2,155.44,152.51,148.06,142.72,136.92,130.94,125.08,119.34,114,108.84,104.04,99.525,95.305,91.26,87.333,83.699,80.065,76.607,73.501,70.687,68.225,66.233,64.709,63.536,62.833,62.481,62.423,62.657,63.185,63.947,64.767,65.881,66.877,67.932,68.987,69.984,70.804,71.508,71.977,72.211,72.211,72.094,71.742,71.156,70.394,69.573,68.518,67.522,66.526,65.588,64.591,63.654,62.716,61.837,60.899,60.137,59.492,59.375,60.723,64.65,71.742,81.179,91.846,103.22,114.94,126.37,136.57,144.72,150.22,152.8,152.63,150.17,146.18,141.08,135.34,129.48,123.61,117.87,112.42,107.26,102.4,97.942,93.663,89.678,85.868,82.175,78.6,75.2,71.977,69.105,66.76,64.709,63.243,62.13,61.485,61.192,61.309,61.661,62.305,63.126,64.064,65.06,66.115,67.112,68.108,69.046,69.867,70.57,71.039,71.449,71.625,71.625,71.273,70.804,70.101,69.28,68.343,67.346,66.35,65.353,64.357,63.419,62.481,61.544,60.664,59.844,59.199,58.671,58.965,61.133,66.057,73.969,83.934,94.836,106.38,118.05,129.18,138.8,146.18,150.75,152.28,151.34,148.35,143.95,138.56,132.7,126.6,120.68,115,109.55,104.51,99.759,95.246,90.967,86.981,83.113,79.362,75.786,72.504,69.456,66.936,64.884,63.185,61.895,60.957,60.488,60.371,60.547,60.957,61.602,62.481,63.478,64.533,65.588,66.643,67.698,68.636,69.398,70.16,70.687,70.98,71.039,70.922,70.511,69.925,69.163,68.343,67.405,66.408,65.353,64.416,63.478,62.54,61.602,60.723,59.844,59.023,58.378,57.851,58.32,60.664,65.998,74.145,84.051,94.777,105.85,117.05,127.6,136.74,143.48,147.47,148.7,147.29,144.07,139.56,134.22,128.54,122.79,117.11,111.66,106.38,101.34,96.594,92.139,87.861,83.875,79.948,76.255,72.68,69.456,66.76,64.416,62.54,61.133,60.137,59.492,59.258,59.316,59.609,60.195,60.957,61.837,62.892,64.005,65.119,66.174,67.112,68.05,68.812,69.339,69.808,69.984,69.925,69.632,69.163,68.636,67.932,67.112,66.291,65.412,64.474,63.595,62.657,61.719,60.782,59.902,59.023,58.32,57.616,57.441,58.378,61.426,67.522,76.255,86.571,97.473,108.84,120.21,130.65,139.44,145.54,148.88,149.23,147.24,143.43,138.44,132.76,126.78,120.86,115.06,109.49,104.27,99.407,94.894,90.733,86.747,82.879,79.186,75.611,72.27,69.222,66.526,64.298,62.54,61.192,60.313,59.727,59.551,59.727,60.195,60.782,61.602,62.54,63.536,64.533,65.529,66.526,67.463,68.343,69.105,69.691,69.984,70.16,70.042,69.808,69.28,68.636,67.815,66.936,65.998,65.119,64.24,63.419,62.54,61.719,60.957,60.195,59.433,58.671,58.261,58.496,60.371,65.06,72.68,82.41,93.253,104.62,116.11,127.13,136.69,144.13,148.82,150.58,149.81,146.94,142.55,137.33,131.53,125.72,119.98,114.47,109.2,104.21,99.525,95.187,91.026,87.157,83.465,79.948,76.548,73.383,70.511,67.991,65.881,64.24,63.009,62.188,61.661,61.544,61.661,62.071,62.599,63.361,64.24,65.236,66.291,67.288,68.284,69.28,70.101,70.863,71.273,71.566,71.566,71.332,70.922,70.277,69.573,68.636,67.756,66.819,65.881,64.943,64.005,63.067,62.13,61.192,60.313,59.492,58.847,58.671,59.727,63.361,70.101,79.479,90.322,101.81,113.59,125.26,135.75,144.25,150.11,152.98,153.04,150.87,147.06,142.14,136.63,130.82,125.08,119.45,114.06,108.9,104.1,99.525,95.246,91.202,87.275,83.523,79.831,76.373,73.149,70.277,67.815,65.588,63.771,62.364,61.426,60.899,60.723,61.192,62.305,63.654,64.474,65.119,66.467,68.636,69.984,69.749,68.284,66.995,66.584,67.229,68.167,68.87,69.456,69.984,70.101,69.456,68.46,67.463,66.877,66.233,65.236,64.357,64.298,64.767,64.298,62.364,60.137,58.671,58.554,60.254,64.767,72.68,82.761,93.605,104.57,115.29,125.55,134.75,142.49,148.29,151.51,151.98,150.11,146.41,141.61,136.27,130.77,124.96,119.22,113.65,108.38,103.33,98.821,94.484,90.381,86.395,82.586,78.893,75.318,72.035,69.28,67.17,65.471,64.24,63.302,62.481,61.895,61.661,61.719,62.13,62.774,63.712,64.943,66.233,67.463,68.694,69.691,70.511,71.156,71.566,71.742,71.684,71.449,71.039,70.629,70.042,69.339,68.636,67.756,66.76,65.588,64.533,63.536,62.599,61.778,61.133,60.371,59.668,58.965,58.613,59.082,61.719,67.288,75.728,85.926,97.004,108.55,120.27,131.23,140.5,147.29,151.22,152.28,150.81,147.47,142.9,137.56,131.88,126.13,120.45,115,109.72,104.8,100.17,95.773,91.612,87.626,83.699,79.948,76.314,72.973,69.984,67.346,65.295,63.654,62.481,61.719,61.309,61.192,61.368,61.837,62.657,63.712,64.943,65.822,66.408,67.112,68.284,69.691,70.687,71.156,71.215,71.156,70.922,70.746,70.57,70.277,69.808,68.987,67.815,66.467,65.353,64.416,63.712,63.126,62.364,61.544,60.606,59.668,58.789,58.261,58.32,85.751,82.175,78.776,75.669,72.973,70.746,68.87,67.405,66.408,65.705,65.353,65.295,65.471,65.881,66.35,66.995,67.815,68.694,69.632,70.57,71.449,72.211,72.797,73.207,73.501,73.559,73.383,73.09,72.621,71.918,71.097,70.16,69.222,68.225,67.229,66.174,65.119,64.122,63.185,62.247,61.485,60.899,61.25,63.243,67.991,75.552,84.871,94.894,105.39,115.76,125.49,133.7,139.73,143.31,144.25,142.84,139.67,135.28,130.18,124.61,118.98,113.42,108.02,102.98,98.177,93.663,89.385,85.223,81.237,77.486,73.969,70.804,68.05,65.646,63.654,62.071,60.782,59.961,59.492,59.375,59.492,59.785,60.43,61.192,62.13,63.067,64.122,65.236,66.291,67.288,68.225,68.987,69.632,69.925,69.984,69.808,69.398,68.929,68.284,67.463,66.584,65.588,64.591,63.654,62.833,62.071,61.25,60.43,59.609,58.906,58.437,58.378,59.492,62.716,68.636,76.607,85.633,95.07,104.68,113.88,122.09,128.71,133.29,135.51,135.28,133.11,129.42,124.73,119.34,113.71,108.14,102.57,97.239,92.198,87.333,82.879,78.541,74.497,70.746,67.229,64.24,61.661,59.609,57.91,56.62,55.624,54.92,54.569,54.569,54.744,55.155,55.799,56.62,57.558,58.613,59.727,60.84,61.778,62.599,63.302,63.947,64.416,64.709,64.767,64.709,64.474,64.181,63.654,63.067,62.364,61.544,60.723,59.961,59.199,58.437,57.675,56.913,56.21,55.565,55.037,54.862,55.682,58.378,63.595,71.273,80.241,89.736,99.407,109.14,117.99,125.49,131.06,134.22,134.93,133.4,130.18,125.72,120.63,115.17,109.61,104.1,98.88,93.839,89.092,84.52,80.3,76.314,72.504,68.987,65.822,63.009,60.664,58.73,57.206,56.093,55.331,54.979,54.979,55.213,55.799,56.62,57.558,58.613,59.785,60.957,62.13,63.185,64.122,65.002,65.705,66.35,66.877,67.112,67.17,66.995,66.76,66.35,65.881,65.236,64.533,63.829,63.067,62.305,61.485,60.664,59.785,59.023,58.378,57.91,58.085,59.902,64.24,71.273,80.358,90.44,100.99,111.66,121.86,130.88,137.86,142.49,144.42,143.95,141.49,137.62,132.93,127.72,122.38,117.11,112.01,107.03,102.28,97.825,93.488,89.443,85.575,81.824,78.248,74.907,71.918,69.222,66.877,65.002,63.536,62.481,61.837,61.485,61.426,61.661,62.188,63.009,63.947,65.06,66.174,67.346,68.46,69.573,70.394,71.097,71.566,71.801,71.859,71.742,71.449,70.922,70.277,69.573,68.812,67.932,67.053,66.174,65.295,64.416,63.595,62.833,62.305,62.481,64.357,68.987,76.548,86.102,96.535,107.5,118.52,128.95,137.86,144.6,148.64,149.87,148.76,145.65,141.43,136.39,130.94,125.37,119.8,114.41,109.31,104.51,99.994,95.715,91.729,87.919,84.227,80.651,77.31,74.145,71.332,68.987,66.936,65.353,64.181,63.419,63.009,62.892,63.126,63.595,64.24,65.06,65.998,67.053,68.167,69.222,70.277,71.215,72.035,72.621,72.973,73.09,73.032,72.856,72.504,71.918,71.215,70.394,69.456,68.518,67.581,66.643,65.705,64.884,64.005,63.185,62.423,62.071,62.54,65.06,70.629,79.069,89.209,100.23,111.54,122.91,133.46,142.37,148.76,152.22,152.8,150.81,146.88,141.73,136.1,130.41,124.96,119.8,114.82,109.84,104.92,99.935,95.07,90.381,86.044,82.175,78.717,75.728,73.149,70.98,69.163,67.581,66.233,65.178,64.357,64.005,64.064,64.533,65.353,66.291,67.346,68.401,69.456,70.394,71.215,71.918,72.563,72.973,73.383,73.559,73.559,73.442,73.09,72.621,71.918,71.097,70.16,69.222,68.284,67.288,66.291,65.353,64.416,63.595,62.892,62.481,62.599,64.064,67.815,74.38,83.113,92.96,103.45,114.12,124.55,133.87,141.14,145.95,147.88,147.29,144.66,140.67,135.75,130.24,124.55,118.69,112.95,107.38,102.22,97.473,93.077,88.974,85.106,81.355,77.838,74.497,71.508,68.87,66.819,65.353,64.357,63.829,63.712,63.712,64.005,64.357,65.06,66.057,67.17,68.401,69.632,70.746,71.684,72.446,73.032,73.501,73.852,74.028,74.145,74.028,73.735,73.149,72.387,71.508,70.629,69.749,68.87,68.05,67.17,66.291,65.412,64.533,63.595,62.716,62.13,62.13,63.654,67.815,74.731,83.582,93.429,103.69,114.12,123.97,132.52,139.03,143.02,144.25,143.07,139.85,135.22,129.83,123.91,117.93,112.01,106.27,100.76,95.539,90.733,86.22,82.058,78.19,74.673,71.508,68.694,66.35,64.416,63.009,61.895,61.309,60.957,61.075,61.309,61.837,62.54,63.419,64.416,65.529,66.643,67.874,69.105,70.218,71.215,72.094,72.856,73.383,73.618,73.559,73.207,72.739,72.094,71.273,70.394,69.398,68.343,67.288,66.291,65.295,64.416,63.536,62.657,61.837,61.075,60.488,60.547,62.188,66.174,72.797,81.237,90.498,100.11,109.84,119.1,127.13,133.23,137.04,138.33,137.21,134.16,129.83,124.49,118.81,112.89,107.03,101.4,96.125,91.026,86.395,82.117,78.131,74.438,71.097,68.225,65.822,63.712,62.188,60.957,60.254,59.727,59.609,59.727,60.195,60.84,61.719,62.716,63.771,65.002,66.174,67.288,68.284,69.163,69.925,70.57,70.98,71.332,71.508,71.332,71.097,70.687,70.042,69.222,68.401,67.463,66.526,65.646,64.767,64.005,63.126,62.247,61.368,60.606,59.902,59.492,59.668,61.309,65.412,72.211,80.769,90.147,99.935,109.61,118.75,126.55,132.47,136.04,137.1,135.86,132.76,128.24,122.85,117.05,111.19,105.39,99.818,94.484,89.502,84.813,80.417,76.373,72.739,69.456,66.584,64.181,62.188,60.606,59.433,58.613,58.144,58.027,58.144,58.554,59.023,59.785,60.606,61.544,62.54,63.536,64.474,65.353,66.174,66.877,67.405,67.815,68.05,68.108,68.05,67.698,67.17,66.526,65.822,64.943,64.064,63.126,62.188,61.25,60.313,59.433,58.554,57.734,56.913,56.21,55.858,56.21,58.144,62.599,69.573,78.072,87.216,96.711,106.32,115.17,122.85,128.66,132.23,133.4,132.35,129.48,125.2,119.98,114.41,108.67,103.04,97.649,92.55,87.685,83.113,78.834,74.907,71.215,67.874,64.943,62.423,60.371,58.671,57.441,56.62,56.034,55.858,55.917,56.21,56.854,57.616,58.554,59.551,60.606,61.719,62.833,63.947,64.943,65.705,66.467,67.053,67.405,67.581,67.522,67.346,66.995,66.467,65.939,65.295,64.474,63.654,62.774,61.895,61.133,60.371,59.551,58.73,57.91,57.382,57.148,58.027,60.957,66.76,74.79,84.109,94.074,104.21,114.24,123.38,130.88,136.16,138.91,139.09,136.98,133.17,128.24,122.74,116.93,111.19,105.56,100.17,95.187,90.44,85.926,81.706,77.838,74.145,70.804,67.698,65.002,62.657,60.84,59.433,58.437,57.792,57.499,57.558,57.91,58.554,59.316,60.254,61.368,62.54,63.712,65.002,66.115,67.053,67.874,68.518,69.046,69.339,69.398,69.222,68.87,68.401,67.815,67.112,66.291,65.412,64.474,63.536,62.599,61.661,60.84,60.137,59.433,58.906,59.023,60.606,64.65,71.684,80.769,91.026,101.93,113.06,123.67,133.11,140.44,145.24,147.18,146.59,143.95,139.67,134.58,129.01,123.2,117.58,112.13,106.91,102.05,97.473,93.194,89.15,85.282,81.648,78.19,74.849,71.801,69.046,66.643,64.767,63.302,62.247,61.544,61.25,61.309,61.602,62.188,62.892,63.771,64.767,65.881,66.877,67.932,68.929,69.808,70.511,70.863,71.039,71.039,70.804,70.335,69.808,69.222,68.636,67.874,66.995,66.057,65.178,64.298,63.419,62.481,61.602,60.84,60.547,61.368,64.416,70.57,79.538,90.264,101.75,113.65,125.49,136.27,145.07,151.28,154.56,154.97,153.1,149.46,144.77,139.44,133.93,128.42,123.09,118.05,113.18,108.55,104.21,100.11,96.184,92.374,88.74,85.164,81.824,78.541,75.552,73.032,70.922,69.222,67.932,66.995,66.408,66.174,66.291,66.643,67.346,68.225,69.222,70.277,71.332,72.504,73.501,74.38,75.024,75.552,75.786,75.786,75.611,75.259,74.731,74.087,73.383,72.563,71.742,70.863,69.925,69.046,68.108,67.288,66.526,66.233,66.995,69.925,75.962,84.93,95.656,107.5,119.8,132.11,143.31,152.39,158.43,161.36,161.3,158.84,154.74,149.58,143.84,137.92,132,126.31,120.86,115.7,110.84,106.32,102.05,98.059,94.249,90.498,86.923,83.406,80.182,77.252,74.673,72.563,70.863,69.456,68.518,67.874,67.522,67.522,67.874,68.343,69.046,69.925,70.863,71.801,72.797,73.794,74.614,75.318,75.786,76.021,76.021,75.786,75.318,74.673,73.852,72.914,71.918,70.922,69.867,68.87,67.874,66.877,65.939,65.119,64.416,64.298,65.705,69.808,77.135,86.688,97.415,108.84,120.57,131.88,141.67,149.23,153.92,155.62,154.56,151.46,146.83,141.32,135.34,129.36,123.44,117.81,112.42,107.38,102.63,98.118,93.781,89.736,85.809,82.058,78.541,75.376,72.621,70.218,68.284,66.819,65.705,65.119,64.767,64.884,65.236,65.939,66.936,68.108,69.398,70.863,72.27,73.735,75.024,76.255,77.193,77.897,78.424,78.658,78.658,78.483,78.014,77.369,76.607,75.728,74.731,73.735,72.739,71.742,70.804,69.925,69.105,68.343,67.581,67.053,67.229,69.105,73.852,81.53,91.319,102.1,113.42,124.85,135.57,144.48,150.99,154.44,154.97,152.92,148.99,143.78,137.92,131.82,125.78,119.92,114.35,109.08,103.98,99.29,94.777,90.674,86.806,83.172,79.831,76.9,74.438,72.27,70.687,69.339,68.518,68.108,68.108,68.401,69.105,70.042,71.156,72.446,73.676,74.966,76.314,77.428,78.365,79.127,79.655,79.948,79.948,79.714,79.303,78.717,77.897,77.076,76.021,75.024,73.969,72.914,71.918,70.98,70.042,69.163,68.284,67.463,66.819,66.233,66.35,68.108,72.504,79.714,88.974,99.173,109.72,120.21,129.94,137.97,143.6,146.53,146.65,144.36,140.26,134.93,128.95,122.62,116.35,110.37,104.68,99.349,94.367,89.56,84.989,80.593,76.49,72.68,69.105,65.881,63.067,60.723,58.906,57.675,56.913,56.62,56.679,56.972,57.675,58.671,59.844,61.25,62.657,64.122,65.471,66.76,67.874,68.812,69.573,70.101,70.335,70.394,70.277,69.984,69.456,68.87,68.05,67.17,66.291,65.295,64.357,63.361,62.481,61.602,60.723,59.844,58.965,58.261,57.616,57.323,57.792,60.02,64.884,72.504,81.882,92.198,102.75,113.3,123.2,131.53,137.62,140.96,141.55,139.73,135.98,131,125.26,119.16,113.18,107.38,101.87,96.711,91.846,87.275,83.054,79.127,75.376,71.859,68.636,65.705,63.185,61.075,59.433,58.32,57.558,57.206,57.323,57.616,58.261,59.082,60.02,61.192,62.364,63.654,64.943,66.174,67.288,68.225,69.046,69.691,70.042,70.218,70.218,69.984,69.632,69.105,68.518,67.932,67.288,66.643,65.939,65.236,64.474,63.771,63.185,62.716,62.481,62.892,64.767,69.105,76.138,85.164,95.246,105.85,116.52,126.6,135.34,141.9,145.95,147.18,145.89,142.61,137.86,132.29,126.43,120.57,114.82,109.25,103.98,99.056,94.425,90.029,85.926,82.058,78.365,74.966,71.859,69.105,66.819,65.002,63.536,62.54,62.012,61.661,61.661,62.012,62.54,63.419,64.416,65.471,66.643,67.815,68.987,70.042,70.922,71.742,72.27,72.739,72.973,72.973,72.797,72.446,71.859,71.097,70.277,69.398,68.518,67.698,66.819,65.939,65.06,64.24,63.478,62.716,62.305,62.833,65.471,71.215,79.948,90.322,101.4,112.95,124.32,134.69,143.13,148.94,151.75,151.69,149.29,145.18,140.03,134.4,128.54,122.68,116.93,111.48,106.32,101.46,96.887,92.608,88.564,84.696,81.062,77.603,74.438,71.625,69.163,67.229,65.646,64.591,63.947,63.595,63.536,63.771,64.298,65.002,65.998,67.112,68.343,69.573,70.746,71.742,72.621,73.383,73.852,74.263,74.321,74.263,73.911,73.442,72.739,71.977,71.097,70.218,69.28,68.284,67.346,66.408,65.588,64.709,64.005,63.302,62.774,62.774,64.416,68.812,76.255,85.809,96.418,107.55,118.87,129.59,138.8,145.71,149.81,150.99,149.58,146.12,141.37,135.81,129.89,123.85,117.99,112.24,106.79,101.63,96.77,92.257,87.978,83.992,80.3,76.841,73.735,70.98,68.636,66.76,65.236,64.181,63.478,63.185,63.126,63.361,63.829,64.591,65.471,66.526,67.581,68.753,69.867,70.863,71.801,72.621,73.207,73.735,73.911,73.969,73.735,73.383,72.797,72.094,71.273,70.335,69.339,68.284,67.288,66.35,65.412,64.533,63.712,62.833,62.188,61.719,62.364,65.236,70.98,79.303,88.916,99.114,109.61,119.86,129.07,136.45,141.37,143.54,143.13,140.5,136.22,131.06,125.26,119.28,113.42,107.67,102.16,97.004,92.139,87.509,83.172,79.069,75.083,71.449,68.108,65.178,62.716,60.723,59.199,58.027,57.323,56.972,56.913,57.206,57.734,58.496,59.375,60.43,61.544,62.716,63.947,65.06,66.057,66.936,67.522,68.05,68.343,68.401,68.343,68.108,67.756,67.17,66.467,65.646,64.943,64.064,63.126,62.188,61.25,60.313,59.433,58.671,57.91,57.323,56.854,57.206,59.258,63.947,71.273,80.358,90.264,100.35,110.49,119.92,127.95,133.87,137.21,137.86,136.1,132.47,127.54,121.91,115.99,110.07,104.27,98.821,93.605,88.74,84.168,79.831,75.845,72.152,68.753,65.588,62.774,60.488,58.613,57.148,56.21,55.682,55.565,55.799,56.21,56.854,57.734,58.73,59.785,60.957,62.13,63.243,64.357,65.412,66.35,67.17,67.874,68.284,68.518,68.636,68.401,68.05,67.522,66.877,66.115,65.353,64.65,63.947,63.126,62.305,61.544,60.723,60.02,59.433,59.258,59.961,62.657,68.167,76.255,85.809,96.184,106.85,117.4,127.07,135.04,140.73,143.78,144.25,142.37,138.8,133.99,128.54,122.85,117.17,111.54,106.27,101.17,96.36,91.788,87.568,83.523,79.772,76.255,72.973,69.984,67.405,65.295,63.654,62.423,61.602,61.192,61.133,61.309,61.719,62.423,63.243,64.181,65.236,66.408,67.581,68.753,69.808,70.687,71.332,71.918,72.27,72.446,72.446,72.152,71.801,71.215,70.629,69.867,69.046,68.225,67.405,66.526,65.646,64.767,64.005,63.243,62.833,63.478,66.174,71.977,80.534,90.791,101.87,113.3,124.61,134.93,143.37,149.23,152.16,152.28,150.11,146.24,141.32,135.81,130.06,124.2,118.34,112.71,107.44,102.51,97.883,93.488,89.443,85.633,81.941,78.483,75.376,72.563,70.218,68.343,66.819,65.646,64.943,64.533,64.416,64.65,65.178,65.998,66.936,67.991,69.105,70.277,71.449,72.621,73.618,74.497,75.024,75.435,75.493,75.435,75.083,74.673,74.028,73.207,72.387,71.332,70.335,69.28,68.284,67.229,66.291,65.412,64.65,64.005,63.654,64.24,66.877,72.504,81.062,91.377,102.51,113.94,125.14,135.16,143.37,148.94,151.57,151.46,148.99,144.89,139.73,134.05,128.24,122.44,116.82,111.36,106.15,101.17,96.477,92.022,87.919,83.992,80.3,76.841,73.794,71.039,68.753,66.936,65.529,64.591,64.064,63.947,64.181,64.65,65.353,66.233,67.229,68.284,69.456,70.629,71.742,72.739,73.501,74.087,74.556,74.79,74.849,74.731,74.497,73.969,73.442,72.68,71.801,70.863,69.925,68.929,67.991,67.053,66.174,65.295,64.533,63.829,63.361,63.361,64.65,68.343,75.083,84.051,94.132,104.68,115.29,125.37,133.99,140.44,144.25,145.24,143.72,140.26,135.51,129.94,123.97,118.1,112.36,106.91,101.69,96.653,91.964,87.626,83.465,79.655,76.138,72.914,70.16,67.815,65.881,64.357,63.243,62.481,62.071,61.895,62.071,62.481,63.067,63.771,64.65,65.646,66.643,67.756,68.812,69.749,70.629,71.273,71.801,72.035,72.152,71.977,71.625,71.039,70.277,69.456,68.518,67.463,66.35,65.178,64.005,62.774,61.719,60.664,59.727,58.789,57.968,57.206,56.796,57.089,59.316,64.181,71.566,80.417,89.854,99.583,109.25,118.05,125.37,130.65,133.58,133.93,132.05,128.42,123.67,118.16,112.42,106.56,100.81,95.363,90.147,85.282,80.769,76.548,72.621,68.929,65.588,62.716,60.371,58.437,56.972,55.917,55.331,55.155,55.213,55.624,56.093,56.854,57.734,58.671,59.727,60.84,62.012,58.789,59.668,60.664,61.602,62.599,63.595,64.474,65.353,66.115,66.76,67.112,67.346,67.346,67.17,66.877,66.35,65.822,65.178,64.416,63.654,62.774,61.895,61.075,60.254,59.492,58.789,58.378,58.496,59.902,63.771,70.746,80.065,90.674,101.81,113.12,123.85,133.34,140.85,145.71,147.76,147.12,144.3,140.03,134.87,129.24,123.61,118.1,112.77,107.79,103.1,98.763,94.66,90.791,87.04,83.406,79.772,76.314,72.973,69.867,67.17,64.884,63.067,61.544,60.488,59.727,59.375,59.375,59.609,60.02,60.723,61.544,62.54,63.595,64.767,65.939,66.995,67.815,68.401,68.87,69.046,69.105,68.987,68.753,68.343,67.932,67.463,66.936,66.291,65.588,64.943,64.181,63.478,62.892,62.657,63.185,65.295,69.984,77.428,86.806,97.356,108.38,119.45,129.71,138.5,145.01,148.82,149.87,148.47,145.24,140.73,135.63,130.18,124.67,119.34,114.24,109.25,104.51,99.994,95.598,91.495,87.509,83.699,80.007,76.49,73.325,70.394,68.05,66.057,64.474,63.361,62.54,62.13,62.012,62.13,62.54,63.185,63.947,64.767,65.705,66.643,67.581,68.46,69.28,69.984,70.511,70.804,70.863,70.746,70.394,69.984,69.456,68.87,68.225,67.522,66.819,65.998,65.119,64.24,63.361,62.54,61.837,61.544,62.188,64.943,70.746,79.362,89.56,100.52,112.01,123.32,133.58,142.02,147.82,150.75,150.93,148.76,144.89,139.79,134.05,128.07,122.03,116.23,110.66,105.39,100.4,95.715,91.377,87.216,83.347,79.596,76.021,72.797,69.867,67.346,65.353,63.712,62.599,61.778,61.368,61.192,61.309,61.661,62.247,63.009,63.947,64.943,65.998,66.995,68.05,68.987,69.867,70.511,70.922,71.097,71.039,70.863,70.511,70.042,69.339,68.636,67.756,66.819,65.881,64.943,64.005,63.067,62.13,61.25,60.488,60.02,60.371,62.423,67.17,74.673,84.051,94.308,105.03,115.88,125.9,134.58,140.85,144.54,145.42,143.84,140.38,135.63,130,124.02,118.1,112.24,106.68,101.4,96.477,91.788,87.45,83.23,79.362,75.669,72.27,69.28,66.584,64.416,62.599,61.192,60.254,59.609,59.375,59.433,59.785,60.371,61.133,62.012,63.009,64.005,65.06,66.115,67.112,68.108,68.929,69.632,70.16,70.394,70.511,70.277,69.867,69.222,68.46,67.698,66.76,65.822,64.884,63.947,63.009,62.13,61.25,60.43,59.668,59.023,59.082,60.782,65.178,72.504,81.824,91.964,102.69,113.36,123.38,132,138.44,142.31,143.43,142.14,138.85,134.22,128.77,122.97,117.17,111.42,105.85,100.7,95.773,91.202,86.747,82.527,78.541,74.79,71.449,68.401,65.998,64.005,62.423,61.25,60.371,59.902,59.727,59.785,60.195,60.782,61.602,62.54,63.595,64.65,65.822,66.877,67.932,68.87,69.632,70.218,70.629,70.804,70.687,70.511,70.101,69.632,68.929,68.108,67.288,66.408,65.529,64.65,63.771,62.892,62.071,61.309,60.547,60.137,60.488,62.716,67.815,75.611,85.164,95.422,106.03,116.46,126.19,134.22,140.14,143.37,143.95,142.14,138.5,133.7,128.07,122.15,116.29,110.54,105.03,99.876,94.836,90.264,85.809,81.648,77.721,74.087,70.804,67.874,65.353,63.243,61.602,60.371,59.492,58.965,58.789,58.906,59.258,59.844,60.606,61.544,62.599,63.654,64.767,65.939,66.936,67.756,68.46,68.987,69.339,69.456,69.398,69.105,68.694,67.991,67.229,66.408,65.529,64.65,63.712,62.774,61.837,60.899,60.137,87.861,83.347,79.069,74.966,71.097,67.463,64.24,61.426,59.082,57.206,55.858,54.862,54.217,54.041,54.217,54.686,55.331,56.151,57.206,58.378,59.492,60.723,61.837,63.009,64.005,64.943,65.646,66.233,66.526,66.643,66.643,66.467,66.115,65.588,64.943,64.122,63.243,62.305,61.426,60.547,59.727,58.906,58.085,57.441,56.854,56.913,58.32,61.895,68.225,76.607,86.161,96.242,106.44,116.23,124.85,131.7,136.04,137.8,137.04,134.16,129.83,124.49,118.69,112.71,106.85,101.22,96.008,91.026,86.513,82.175,78.19,74.438,70.863,67.522,64.591,62.012,59.844,58.085,56.796,55.858,55.272,55.037,55.155,55.624,56.268,57.148,58.085,59.258,60.43,61.602,62.774,63.947,64.884,65.646,66.291,66.643,66.819,66.76,66.526,66.115,65.529,64.943,64.24,63.478,62.657,61.837,60.957,60.137,59.375,58.671,58.32,58.613,60.606,65.178,72.504,81.706,91.905,102.57,113.18,122.97,131.41,137.68,141.37,142.43,141.14,137.86,133.29,128.07,122.38,116.76,111.19,105.85,100.81,96.125,91.671,87.568,83.582,79.831,76.373,72.973,69.867,67.112,64.709,62.774,61.25,60.02,59.316,58.847,58.73,58.906,59.375,60.02,60.84,61.778,62.774,63.829,64.884,65.939,66.877,67.698,68.284,68.753,68.929,68.929,68.753,68.343,67.815,67.17,66.467,65.705,64.943,64.122,63.243,62.364,61.485,60.664,59.961,59.668,60.43,63.361,69.28,77.779,87.861,98.763,109.84,120.8,130.82,138.91,144.6,147.41,147.47,145.24,141.26,136.16,130.41,124.49,118.57,112.65,107.09,101.81,96.946,92.315,87.978,83.934,80.065,76.431,72.973,69.808,67.053,64.591,62.657,61.133,59.961,59.316,58.906,58.847,59.023,59.492,60.195,60.957,61.895,62.892,64.005,65.119,66.174,67.112,67.932,68.636,69.046,69.28,69.28,69.163,68.812,68.284,67.756,67.112,66.35,65.588,64.709,63.947,63.126,62.305,61.485,60.84,60.723,61.778,65.353,71.859,80.769,90.967,101.75,112.65,123.26,132.64,139.97,144.72,146.59,145.83,142.84,138.5,133.17,127.42,121.5,115.7,110.07,104.74,99.759,95.07,90.615,86.395,82.41,78.6,75.024,71.684,68.753,66.174,64.005,62.305,60.899,59.902,59.316,58.847,58.789,59.023,59.551,60.254,61.192,62.247,63.361,64.474,65.529,66.526,67.405,68.108,68.636,68.987,69.163,69.163,68.987,68.518,68.05,67.346,66.643,65.881,65.06,64.181,63.302,62.481,61.661,60.899,60.488,60.664,62.481,67.053,74.497,83.875,94.191,104.86,115.58,125.67,134.34,140.79,144.48,145.3,143.6,140.03,135.1,129.53,123.61,117.75,112.07,106.62,101.4,96.594,92.022,87.685,83.523,79.596,75.845,72.446,69.222,66.408,64.064,62.13,60.547,59.375,58.554,58.027,57.851,57.968,58.437,59.023,59.844,60.84,61.895,63.067,64.122,65.119,66.057,66.936,67.698,68.225,68.518,68.636,68.46,68.167,67.698,67.053,66.291,65.471,64.591,63.654,62.774,61.895,61.075,60.195,59.375,58.671,58.378,59.023,61.778,67.522,75.904,85.751,96.184,106.85,117.28,126.84,134.75,140.26,143.02,143.07,140.79,136.86,131.88,126.25,120.39,114.47,108.73,103.16,98.001,93.136,88.505,84.109,80.065,76.197,72.563,69.28,66.408,64.005,62.012,60.371,59.082,58.144,57.616,57.323,57.323,57.616,58.261,59.023,59.961,60.957,62.071,63.185,64.24,65.295,66.233,66.995,67.581,67.991,68.167,68.108,67.874,67.463,66.936,66.233,65.529,64.709,63.947,63.067,62.13,61.25,60.43,59.609,58.906,58.378,58.378,59.844,63.947,70.804,79.655,89.443,99.583,109.84,119.69,128.24,134.87,138.91,140.44,139.38,136.39,132,126.72,121.04,115.17,109.43,103.92,98.587,93.605,88.857,84.403,80.241,76.314,72.621,69.163,66.115,63.595,61.544,59.844,58.613,57.675,57.03,56.737,56.679,56.854,57.382,58.027,58.906,59.902,61.075,62.13,63.185,64.24,65.119,65.881,66.408,66.877,67.112,67.17,67.053,66.76,66.233,65.529,64.767,64.005,63.126,62.247,61.368,60.547,59.727,58.965,58.261,57.616,57.499,58.496,61.778,68.108,76.724,86.571,96.77,107.26,117.28,126.31,133.46,138.33,140.44,139.85,137.15,132.99,127.78,122.15,116.35,110.66,105.09,99.876,94.777,89.971,85.399,81.062,76.959,73.149,69.691,66.408,63.536,61.133,59.023,57.441,56.21,55.506,55.037,54.979,55.155,55.741,56.503,57.499,58.613,59.844,61.075,62.247,63.361,64.416,65.295,66.057,66.526,66.877,66.995,66.936,66.76,66.35,65.881,65.236,64.533,63.771,63.009,62.13,61.25,60.371,59.492,58.671,57.968,57.734,58.554,61.485,67.288,75.728,85.458,95.832,106.44,116.87,126.37,134.11,139.56,142.25,142.19,139.91,136.04,131.12,125.55,119.8,114.12,108.55,103.22,98.235,93.546,89.092,84.93,81.003,77.252,73.618,70.277,67.229,64.591,62.364,60.547,59.258,58.261,57.675,57.382,57.441,57.734,58.32,59.023,59.902,60.899,62.012,63.185,64.24,65.236,66.174,66.877,67.405,67.756,67.932,67.932,67.756,67.288,66.76,66.115,65.353,64.591,63.771,62.892,62.071,61.192,60.371,59.609,59.023,58.965,60.254,64.005,70.804,80.065,90.557,101.69,112.95,123.85,133.46,141.14,145.95,147.76,146.88,143.72,139.21,133.81,128.01,122.15,116.52,111.13,105.91,100.99,96.36,91.964,87.919,84.051,80.417,76.9,73.559,70.394,67.581,65.236,63.185,61.544,60.313,59.433,58.906,58.789,59.023,59.492,60.195,60.957,61.895,63.009,64.064,65.119,66.115,66.995,67.756,68.225,68.636,68.753,68.636,68.343,67.874,67.346,66.76,66.057,65.295,64.474,63.595,62.716,61.895,61.075,60.371,59.785,59.961,61.837,66.526,74.321,84.344,95.48,107.03,118.63,129.36,138.44,145.13,148.88,149.76,148.06,144.42,139.62,134.11,128.42,122.74,117.23,112.01,107.03,102.34,98.059,93.898,90.029,86.337,82.82,79.362,76.021,72.856,69.867,67.229,65.002,63.243,62.012,61.133,60.606,60.488,60.664,61.133,61.778,62.716,63.771,64.943,66.057,67.17,68.225,69.222,70.101,70.746,71.156,71.449,71.332,71.156,70.746,70.16,69.573,68.812,68.05,67.229,66.35,65.471,64.591,63.771,63.126,62.774,63.478,66.35,72.387,81.12,91.612,102.92,114.59,126.13,136.51,144.95,150.64,153.21,153.1,150.64,146.47,141.26,135.51,129.48,123.56,117.75,112.24,107.09,102.28,97.825,93.488,89.502,85.751,82.117,78.6,75.318,72.27,69.632,67.346,65.529,64.181,63.126,62.364,62.012,61.895,62.188,62.657,63.361,64.24,65.119,66.115,67.112,68.108,68.987,69.867,70.511,70.922,71.097,71.039,70.863,70.511,69.984,69.28,68.518,67.698,66.819,65.939,65.06,64.24,63.361,62.54,61.778,61.368,61.778,64.24,69.808,78.424,88.974,100.4,112.24,123.91,134.75,143.6,149.81,152.92,153.16,150.93,147,141.84,136.1,130.18,124.26,118.4,112.77,107.5,102.4,97.708,93.312,89.15,85.34,81.706,78.248,74.907,71.918,69.339,67.17,65.529,64.24,63.361,62.833,62.657,62.774,63.243,63.947,64.767,65.705,66.76,67.815,68.812,69.867,70.863,71.684,72.387,72.797,73.032,73.09,72.973,72.68,72.152,71.566,70.746,69.749,68.753,67.698,66.643,65.822,64.884,64.005,63.126,62.247,61.602,61.778,63.947,69.163,77.545,87.919,99.114,110.66,122.27,132.99,141.84,148.23,151.51,151.81,149.64,145.59,140.38,134.58,128.42,122.33,116.41,110.78,105.5,100.46,95.715,91.26,86.981,82.996,79.245,75.728,72.504,69.632,67.17,65.178,63.536,62.364,61.485,60.957,60.84,60.957,61.368,62.012,62.774,63.771,64.943,66.115,67.346,68.401,69.339,70.101,70.687,71.039,71.215,71.215,70.922,70.511,69.925,69.28,68.46,67.698,66.76,65.822,64.767,63.771,62.833,62.071,61.25,60.488,59.902,59.785,60.899,64.416,70.922,79.772,89.854,100.4,111.07,121.39,130.53,137.86,142.55,144.48,143.66,140.67,135.98,130.41,124.38,118.22,112.24,106.5,100.99,95.773,90.909,86.22,81.882,77.603,73.618,69.925,66.643,63.771,61.368,59.375,57.734,56.444,55.565,54.979,54.803,54.979,55.448,56.151,57.089,58.261,59.492,60.723,61.895,63.067,64.122,65.119,65.998,66.643,67.17,67.346,67.346,67.17,66.877,66.35,65.646,64.884,64.005,63.126,62.188,61.25,60.371,59.433,58.613,57.792,57.089,56.503,56.268,57.206,60.43,66.467,75.083,85.106,95.773,106.68,117.23,126.6,133.99,138.91,140.96,140.32,137.45,132.99,127.54,121.56,115.47,109.55,103.86,98.47,93.37,88.505,83.992,79.714,75.845,72.152,68.753,65.588,62.774,60.43,58.496,56.972,55.917,55.213,54.979,55.096,55.624,56.386,57.206,58.32,59.433,60.606,61.778,63.009,64.122,65.119,65.939,66.643,67.229,67.698,67.932,67.932,67.522,66.995,66.35,65.588,64.767,63.947,63.009,62.071,61.192,60.313,59.433,58.613,57.792,57.089,56.913,57.851,61.133,67.405,76.197,86.395,97.297,108.38,119.04,128.66,136.45,141.67,144.13,143.78,141.32,137.15,132,126.25,120.27,114.35,108.67,103.33,98.294,93.605,89.209,85.106,81.237,77.545,74.028,70.804,67.815,65.178,63.009,61.25,59.844,58.906,58.378,58.085,58.144,58.554,59.199,60.02,60.957,62.071,63.185,64.298,65.412,66.467,67.405,68.167,68.753,69.046,69.105,68.987,68.636,68.167,67.522,66.819,65.939,65.002,64.064,63.185,62.247,61.368,60.606,59.785,59.199,58.73,59.258,61.719,67.112,75.318,85.34,96.242,107.55,118.93,129.48,138.33,144.66,148.17,148.88,147.06,143.31,138.38,132.76,126.78,120.92,115.17,109.66,104.45,99.525,94.894,90.615,86.513,82.527,78.776,75.318,71.977,68.987,66.35,64.24,62.481,61.25,60.371,59.785,59.609,59.727,60.137,60.723,61.485,62.423,63.478,64.533,65.646,66.643,67.581,68.343,68.987,69.398,69.749,69.808,69.691,69.28,68.812,68.167,67.405,66.526,65.529,64.533,63.536,62.599,61.602,60.723,59.844,59.023,58.496,58.554,60.313,64.767,72.504,82.234,92.96,104.16,115.53,126.43,135.86,143.07,147.35,148.7,147.29,143.95,139.26,133.75,127.95,122.09,116.46,111.13,106.03,101.22,96.711,92.491,88.505,84.696,81.003,77.31,73.794,70.57,67.581,65.06,63.067,61.426,60.313,59.609,59.375,59.433,59.785,60.43,61.25,62.188,63.243,64.357,65.471,66.584,67.756,68.694,69.456,70.042,70.335,70.511,70.335,70.042,69.691,69.163,68.518,67.815,66.995,66.174,65.353,64.474,63.654,62.774,62.071,61.485,61.25,61.778,64.181,69.456,77.838,88.271,99.759,111.6,123.56,134.75,144.25,151.05,154.91,155.73,153.98,150.28,145.24,139.44,133.34,127.25,121.33,115.58,110.31,105.21,100.64,96.184,91.964,88.037,84.227,80.593,77.193,73.969,71.097,68.694,66.76,65.295,64.298,63.654,63.419,63.419,63.771,64.416,65.236,66.174,67.112,68.108,69.046,70.042,71.039,71.918,72.621,73.032,73.149,73.032,72.739,72.211,71.684,70.98,70.277,69.456,68.694,67.874,66.995,66.174,65.353,64.591,63.947,63.712,64.709,68.284,75.024,84.168,94.601,105.68,117.05,128.24,138.15,146,150.99,152.98,152.16,149.29,144.89,139.62,133.87,128.07,122.27,116.7,111.36,106.32,101.46,96.946,92.608,88.505,84.637,81.003,77.486,74.321,71.508,68.987,66.995,65.353,64.24,63.419,63.009,62.892,63.185,63.712,64.416,65.353,66.291,67.288,68.343,69.339,70.394,71.332,72.152,72.797,73.325,73.501,73.442,73.207,72.797,72.27,71.625,70.863,69.984,68.987,67.991,66.995,65.998,65.002,64.064,63.185,62.423,61.778,61.719,62.892,66.76,73.852,83.699,94.777,106.5,118.52,130.12,140.44,148.35,153.33,155.09,154.09,150.93,146.24,140.67,134.63,128.36,122.27,116.29,110.66,105.33,100.23,95.48,91.026,86.806,82.82,79.069,75.552,72.446,69.691,67.463,65.646,64.298,63.361,62.774,62.599,62.774,63.185,63.829,64.65,65.646,66.76,67.874,68.987,70.042,71.097,71.918,72.563,72.973,73.149,73.09,72.914,72.621,72.035,71.449,70.629,69.749,68.753,67.756,66.819,65.822,64.943,64.064,63.243,62.481,61.895,61.778,62.833,66.291,72.739,81.53,91.729,102.51,113.47,124.2,133.75,141.26,146.12,148.11,147.35,144.42,139.91,134.58,128.6,122.56,116.52,110.78,105.33,100.11,95.246,90.674,86.278,82.234,78.424,74.79,71.566,68.694,66.233,64.24,62.657,61.602,60.899,60.606,60.606,60.899,61.485,62.305,67.346,64.767,62.716,61.192,60.137,59.433,58.965,58.906,59.199,59.727,60.547,61.485,62.54,63.595,64.884,66.174,67.405,68.401,69.105,69.632,70.101,70.511,70.57,70.335,70.042,69.632,69.163,68.812,68.46,67.932,67.053,65.705,64.24,63.009,61.778,60.723,60.488,61.602,63.536,65.939,70.335,79.01,91.553,105.97,120.1,132.52,142.37,148.76,151.51,150.87,147.7,143.02,137.51,131.88,126.31,120.74,115.29,109.78,104.57,99.466,94.777,90.498,86.395,82.586,79.069,75.728,72.68,69.691,66.467,63.654,62.54,63.009,63.126,62.13,60.899,60.488,60.84,61.661,62.892,64.298,65.646,67.112,68.636,70.042,71.273,72.152,72.504,72.211,71.625,70.98,70.394,69.925,69.398,68.929,68.225,67.405,66.291,65.06,63.771,62.716,61.661,60.547,59.668,59.375,59.551,59.961,61.602,66.115,73.969,84.285,96.125,108.9,121.68,132.99,142.14,148.94,153.62,156.2,155.91,152.51,146.06,138.03,129.83,122.74,117.28,113.01,108.9,104.27,99.525,96.066,93.898,92.198,89.795,86.806,83.465,79.831,76.49,73.559,71.156,69.163,67.229,65.236,63.126,60.899,59.023,58.261,58.906,61.133,63.947,66.233,67.405,67.932,68.46,69.456,70.629,71.097,70.804,70.101,70.042,70.863,71.859,72.094,71.625,70.687,69.28,67.288,64.884,62.833,61.661,61.25,60.957,60.782,60.957,62.188,65.295,71.332,80.417,91.202,102.51,114.06,125.55,136.39,145.36,151.75,154.97,155.27,152.92,148.76,143.43,137.56,131.41,125.37,119.51,113.88,108.55,103.74,99.232,95.011,90.967,87.04,83.289,79.655,76.197,72.914,70.042,67.522,65.588,64.064,63.009,62.305,61.895,62.012,62.247,62.833,63.654,64.709,65.939,67.112,68.284,69.339,70.335,71.215,71.859,72.387,72.563,72.621,72.504,72.094,71.566,70.804,69.925,68.987,67.991,66.936,65.881,64.767,63.771,62.833,62.071,61.309,60.664,60.664,62.305,66.643,74.263,84.168,95.422,107.26,119.28,130.82,140.85,148.7,153.68,155.56,154.62,151.46,146.65,141.08,134.93,128.71,122.68,116.93,111.48,106.44,101.63,97.18,92.843,88.798,84.813,80.944,77.193,73.735,70.687,68.05,65.939,64.24,63.009,62.247,61.837,61.719,61.837,62.364,63.185,64.122,65.236,66.408,67.698,68.87,70.042,71.039,71.918,72.504,72.68,72.68,72.504,72.27,71.918,71.273,70.511,69.456,68.343,67.288,66.291,65.295,64.357,63.419,62.54,61.719,60.957,60.606,60.957,63.185,68.343,76.548,86.747,98.001,109.72,121.62,132.7,142.02,148.82,152.57,153.39,151.57,147.76,142.61,136.74,130.47,124.32,118.22,112.54,107.2,102.1,97.415,92.901,88.74,84.754,80.769,77.076,73.559,70.335,67.581,65.236,63.361,61.837,60.899,60.371,60.254,60.488,60.957,61.661,62.54,63.654,64.884,66.115,67.288,68.401,69.398,70.277,70.98,71.566,71.859,71.918,71.742,71.332,70.746,69.984,69.163,68.225,67.288,66.291,65.353,64.416,63.536,62.657,61.778,60.899,60.254,59.902,60.664,63.595,69.632,78.483,88.974,100.17,111.66,123.09,133.58,142.14,148.06,150.93,150.93,148.47,144.3,138.97,133.11,127.01,120.92,115.06,109.43,104.1,99.056,94.308,89.795,85.575,81.53,77.721,74.145,70.922,68.05,65.588,63.536,62.012,60.782,60.02,59.668,59.668,60.02,60.664,61.544,62.54,63.712,64.943,66.174,67.346,68.46,69.456,70.335,71.039,71.508,71.625,71.566,71.273,70.922,70.335,69.632,68.694,67.581,66.526,65.588,64.709,63.829,62.892,62.012,61.075,60.254,59.609,59.375,60.254,63.419,69.808,78.834,89.502,100.76,112.36,123.73,133.99,142.37,148.11,150.81,150.58,147.88,143.54,138.09,132.11,125.9,119.86,114.06,108.55,103.33,98.47,93.839,89.443,85.282,81.355,77.603,74.087,70.863,67.991,65.588,63.595,62.13,61.075,60.371,60.02,60.02,60.371,60.957,61.837,62.892,64.122,65.353,66.526,67.698,68.753,69.632,70.335,70.98,71.332,71.566,71.508,71.156,70.746,70.101,69.28,68.46,67.522,66.526,65.471,64.474,63.536,62.657,61.837,61.075,60.371,59.785,59.785,61.368,65.529,72.797,82.351,93.194,104.51,116.11,127.25,137.04,144.72,149.64,151.57,150.69,147.59,143.07,137.62,131.59,125.55,119.57,113.88,108.38,103.16,98.294,93.722,89.385,85.164,81.237,77.428,73.911,70.687,67.932,65.529,63.712,62.305,61.309,60.664,60.43,60.488,60.84,61.485,62.364,63.361,64.533,65.646,66.877,67.991,68.987,69.867,70.57,71.156,71.566,71.684,71.625,71.273,70.863,70.16,69.398,68.518,67.522,66.526,65.471,64.474,63.536,62.599,61.778,60.957,60.254,59.785,60.02,62.188,67.346,75.611,86.044,97.356,109.25,121.15,132.41,142.02,149.11,153.16,154.27,152.69,149.05,144.13,138.44,132.47,126.43,120.57,114.88,109.49,104.45,99.583,95.07,90.733,86.63,82.644,78.893,75.376,72.035,69.105,66.584,64.533,63.009,61.837,61.133,60.723,60.664,60.957,61.544,62.364,63.361,64.474,65.646,66.877,68.05,69.105,70.042,70.804,71.273,71.684,71.801,71.684,71.449,70.922,70.277,69.456,68.636,67.698,66.643,65.705,64.767,63.829,62.892,62.012,61.133,60.371,59.785,59.902,61.719,66.291,74.028,84.051,95.187,106.85,118.81,130.18,140.03,147.53,152.1,153.68,152.51,149.17,144.48,138.91,132.93,126.84,120.92,115.23,109.78,104.74,99.876,95.363,91.026,86.981,83.054,79.362,75.786,72.563,69.632,67.112,65.002,63.243,62.012,61.192,60.723,60.664,60.957,61.485,62.247,63.185,64.24,65.353,66.526,67.698,68.753,69.691,70.511,71.039,71.508,71.684,71.684,71.449,70.98,70.335,69.573,68.694,67.698,66.584,65.588,64.591,63.595,62.599,61.719,60.84,60.02,59.375,59.023,59.727,62.657,68.87,77.838,88.623,100.17,112.07,123.91,134.75,143.54,149.7,152.69,152.69,150.17,145.89,140.44,134.34,128.19,121.97,116.05,110.49,105.33,100.4,95.832,91.553,87.45,83.465,79.714,76.138,72.68,69.456,66.76,64.474,62.657,61.368,60.43,59.902,59.844,60.137,60.664,61.485,62.481,63.478,64.591,65.822,66.995,68.05,69.046,69.808,70.511,70.922,71.097,71.156,70.922,70.57,70.042,69.398,68.694,67.815,66.936,66.057,65.178,64.298,63.419,62.599,61.778,61.133,60.547,60.371,61.25,64.122,69.984,78.658,89.15,100.7,112.42,124.02,134.69,143.37,149.58,152.75,153.1,150.99,147.12,142.08,136.45,130.53,124.67,118.98,113.59,108.55,103.86,99.466,95.363,91.495,87.743,84.109,80.593,77.193,73.969,71.097,68.694,66.76,65.236,64.24,63.654,63.419,63.536,64.064,64.767,65.822,66.995,68.225,69.573,70.746,71.859,72.797,73.618,74.263,74.673,74.79,74.673,74.321,73.794,73.149,72.446,71.566,70.629,69.691,68.694,67.756,66.819,65.881,65.002,64.24,63.654,63.771,65.353,69.691,77.135,87.04,98.352,110.49,122.91,134.87,145.24,153.1,158.02,159.66,158.55,155.32,150.64,145.01,139.03,133.05,127.25,121.74,116.52,111.66,106.97,102.57,98.294,94.249,90.322,86.513,82.82,79.362,76.255,73.501,71.156,69.28,67.874,66.877,66.233,66.057,66.174,66.584,67.288,68.108,69.046,70.101,71.215,72.387,73.442,74.38,75.2,75.728,76.138,76.373,76.373,76.138,75.611,74.849,74.028,73.09,72.152,71.156,70.218,69.28,68.401,67.581,66.76,65.881,65.119,64.591,64.884,66.936,72.035,80.534,91.377,103.45,116.11,129.01,140.96,151.05,158.37,162.3,163.12,161.3,157.61,152.69,146.94,140.91,134.81,128.89,123.09,117.64,112.36,107.5,102.92,98.645,94.543,90.557,86.63,82.761,79.069,75.728,72.973,70.746,69.046,67.874,66.995,66.526,66.408,66.584,67.112,67.815,68.694,69.808,71.039,72.27,73.559,74.614,75.552,76.314,76.724,76.959,76.959,76.724,76.373,75.786,75.083,74.38,73.442,72.446,71.332,70.335,69.28,68.284,67.288,66.35,65.646,65.119,64.709,65.119,67.288,63.009,62.305,61.837,62.423,64.884,70.042,77.779,87.157,97.356,107.91,118.52,128.3,136.63,142.72,146.36,147.35,146.24,143.37,139.26,134.4,129.18,123.73,118.34,113.18,108.2,103.51,99.114,95.011,91.026,87.216,83.582,80.124,76.724,73.618,70.804,68.284,66.291,64.591,63.361,62.481,62.012,61.719,61.778,62.13,62.599,63.419,64.357,65.353,66.408,67.405,68.401,69.222,69.867,70.277,70.57,70.629,70.511,70.16,69.749,69.105,68.343,67.463,66.526,65.646,64.767,63.947,63.067,62.247,61.485,60.84,60.782,62.13,66.233,73.501,83.113,94.015,105.44,117.11,128.36,138.33,146,150.93,152.98,152.45,149.76,145.59,140.55,135.04,129.3,123.56,117.93,112.54,107.44,102.63,98.118,93.781,89.678,85.751,81.999,78.365,74.966,71.918,69.222,66.995,65.119,63.595,62.54,61.778,61.368,61.309,61.426,61.778,62.364,63.185,64.181,65.178,66.233,67.229,68.167,69.046,69.808,70.335,70.746,70.863,70.746,70.511,70.042,69.456,68.87,68.05,67.17,66.291,65.295,64.357,63.419,62.481,61.602,60.782,60.195,59.844,60.606,63.654,69.691,78.248,88.154,98.763,109.61,120.45,130.3,138.33,143.95,146.83,147.12,145.18,141.61,136.86,131.41,125.72,120.04,114.47,109.2,104.16,99.466,95.011,90.615,86.395,82.351,78.483,74.849,71.566,68.518,65.998,63.947,62.305,61.133,60.313,59.785,59.609,59.727,60.02,60.606,61.368,62.305,63.361,64.416,65.529,66.526,67.463,68.225,68.87,69.339,69.632,69.632,69.339,68.987,68.401,67.815,67.053,66.233,65.471,64.591,63.712,62.774,61.837,60.899,60.02,59.316,58.847,59.316,61.602,66.819,74.79,84.637,95.363,106.44,117.46,127.83,136.57,142.9,146.59,147.47,145.89,142.37,137.56,132.05,126.19,120.21,114.35,108.67,103.33,98.411,93.781,89.502,85.282,81.296,77.486,70.394,70.101,69.632,68.929,68.108,67.229,66.291,65.295,64.357,63.419,62.54,61.719,60.84,60.02,59.551,59.668,61.309,65.471,72.621,81.941,92.491,103.74,115.17,126.19,135.75,143.13,147.88,149.76,148.99,146.18,141.9,136.74,131.06,125.26,119.57,114.06,108.9,104.1,99.525,95.305,91.26,87.275,83.465,79.772,76.255,72.856,69.808,67.112,64.884,63.126,61.778,60.899,60.43,60.313,60.606,61.25,62.13,63.185,64.298,65.529,66.76,67.932,68.987,69.867,70.687,71.215,71.566,71.625,71.449,71.097,70.629,69.984,69.222,68.343,67.463,66.526,65.588,64.65,63.712,62.774,62.012,61.544,61.895,64.064,68.929,76.666,86.571,97.649,109.37,121.09,132.17,141.61,148.76,152.98,154.44,153.33,150.22,145.95,140.85,135.45,129.94,124.55,119.28,114.3,109.49,104.92,100.7,96.711,92.96,89.209,85.633,82.058,78.658,75.552,72.797,70.394,68.518,67.112,66.174,65.646,65.471,65.646,66.115,66.819,67.756,68.812,69.867,70.98,72.094,73.09,74.028,74.731,75.259,75.435,75.435,75.2,74.79,74.263,73.559,72.797,71.977,71.097,70.16,69.163,68.225,67.288,66.408,65.588,65.06,65.236,67.17,72.035,80.007,90.147,101.4,113.42,125.67,137.33,147.24,154.56,158.78,160.01,158.61,155.27,150.58,145.07,139.09,133.05,127.19,121.45,115.99,110.9,106.15,101.69,97.415,93.312,89.385,85.575,81.941,78.541,75.493,72.797,70.629,68.87,67.522,66.643,66.233,66.115,66.291,66.819,67.522,68.46,69.456,70.687,71.801,72.914,73.911,74.79,75.493,75.962,76.255,76.255,75.962,75.552,74.849,74.145,73.325,72.446,71.449,70.394,69.339,68.343,67.346,66.35,65.471,65.002,65.353,67.698,73.032,81.413,91.788,103.1,115.12,127.19,138.56,148,154.62,158.14,158.49,156.32,152.22,146.94,140.96,134.75,128.42,122.33,116.41,110.84,105.74,100.93,96.418,92.198,88.095,84.227,80.534,77.193,74.087,71.566,69.456,67.815,66.584,65.705,65.236,65.178,65.412,65.998,66.877,67.874,68.987,70.16,71.449,72.739,73.911,75.024,75.845,76.49,76.841,77.135,77.252,77.193,76.841,76.314,75.493,74.556,73.559,72.387,71.215,69.984,68.812,67.581,66.408,65.353,64.474,64.005,64.474,67.112,72.739,81.237,91.495,102.57,114.06,125.49,135.92,144.42,150.11,152.69,152.28,149.58,145.18,139.67,133.7,127.48,121.33,115.29,109.55,104.16,99.114,94.425,89.971,85.809,81.882,78.131,74.614,71.566,68.87,66.643,64.943,63.595,62.716,62.247,62.188,62.364,62.774,63.478,64.416,65.471,66.643,67.874,69.046,70.218,71.332,72.387,73.149,73.735,74.028,74.087,73.911,73.501,72.856,72.094,71.215,70.277,69.28,68.284,67.288,66.233,65.295,64.357,63.478,62.716,62.13,61.895,63.009,66.408,72.914,81.706,91.846,102.4,113.3,123.85,133.29,140.67,145.42,147.29,146.41,143.37,138.68,132.99,126.78,120.45,114.18,108.14,102.34,97.063,92.198,87.626,83.347,79.303,75.493,71.977,68.87,66.233,64.122,62.481,61.368,60.606,60.254,60.195,60.371,60.782,61.544,62.481,63.536,64.767,66.057,67.288,68.46,69.573,70.57,71.449,72.094,72.621,72.856,72.797,72.563,72.152,71.625,70.863,69.984,68.987,67.932,66.877,65.705,64.709,63.771,62.833,62.012,61.192,60.547,60.313,60.723,63.009,68.05,75.786,85.282,95.598,106.44,117.28,127.6,136.39,142.84,146.47,147.18,145.36,141.55,136.51,130.77,124.73,118.69,112.65,106.79,101.22,96.008,91.084,86.63,82.41,78.483,74.79,71.508,68.518,66.174,64.416,63.302,62.657,62.423,62.364,62.423,62.54,62.833,63.536,64.709,66.291,67.815,68.87,69.573,70.218,71.215,72.446,73.501,74.263,74.673,74.79,74.673,74.087,73.09,71.977,71.156,70.687,70.101,69.28,68.343,67.463,66.526,65.471,64.416,63.478,62.657,62.071,62.188,64.064,68.694,75.904,84.754,94.015,103.45,113.06,122.5,130.94,137.68,142.25,144.25,143.72,141.14,136.98,131.88,126.37,120.74,115.12,109.55,104.16,98.88,93.722,88.916,84.461,80.358,76.548,73.149,70.335,68.05,66.115,64.416,63.126,62.247,61.895,62.13,62.716,63.654,64.709,65.705,66.643,67.581,68.46,69.398,70.218,70.98,71.684,72.152,72.563,72.856,72.973,73.032,72.856,72.621,72.152,71.566,70.746,69.808,68.753,67.698,66.584,65.529,64.533,63.654,62.774,62.012,61.368,61.426,63.126,67.463,74.614,83.523,93.136,102.98,112.89,122.44,130.82,137.45,141.67,143.37,142.66,139.97,135.92,130.94,125.49,119.86,114.24,108.73,103.51,98.352,93.546,88.916,84.52,80.417,76.666,73.383,70.511,68.05,65.939,64.298,63.185,62.54,62.364,62.423,62.716,63.302,64.122,65.002,66.057,67.17,68.343,69.573,70.746,71.801,72.739,73.501,73.969,74.321,74.321,74.145,73.794,73.207,72.504,71.742,70.922,70.101,69.28,68.401,67.463,66.467,65.471,64.474,63.712,63.185,62.657,62.481,63.243,66.057,71.508,79.186,87.919,97.18,106.62,116.05,124.67,131.82,136.98,139.97,140.73,139.44,136.51,132.35,127.48,122.15,116.64,110.9,105.33,99.876,94.718,89.854,85.223,80.886,76.959,73.618,70.804,68.46,66.526,64.943,63.595,62.657,62.13,62.012,62.188,62.599,63.361,64.24,65.236,66.291,67.463,68.812,70.16,71.449,72.563,73.442,74.028,74.497,74.614,74.614,74.38,73.969,73.501,72.914,72.152,71.273,70.218,69.105,68.05,66.995,65.998,65.06,64.181,63.419,62.833,62.423,62.599,64.357,68.518,75.259,83.523,92.491,101.63,110.72,119.45,127.01,132.88,136.74,138.38,137.8,135.45,131.53,126.66,121.21,115.53,110.02,104.57,99.349,94.367,89.678,85.223,81.062,77.135,73.618,70.511,67.815,65.529,63.771,62.364,61.368,60.723,60.547,60.84,61.544,62.481,63.595,64.767,65.998,67.112,68.284,69.456,70.57,71.508,72.211,72.856,73.325,73.559,73.618,73.442,73.032,72.504,71.684,70.746,69.691,68.518,67.288,65.939,64.533,63.185,61.837,60.547,59.375,58.261,57.323,56.561,56.151,56.854,59.727,65.353,73.207,81.999,90.967,100.05,108.9,116.99,123.61,128.42,131.06,131.35,129.71,126.55,122.15,117.05,111.48,105.8,100.17,94.777,89.736,84.93,80.358,76.138,72.035,68.225,64.884,61.895,59.609,57.792,56.503,55.624,55.155,55.037,55.155,55.565,56.093,56.913,57.851,58.847,59.961,61.133,62.247,63.302,64.357,65.353,66.233,66.995,67.522,67.932,68.108,68.05,67.874,67.463,66.995,66.35,65.529,64.533,63.419,62.364,61.485,60.782,60.137,59.433,58.613,57.734,57.03,56.854,57.675,60.488,65.705,73.149,81.648,90.557,99.583,108.49,116.64,123.44,128.42,131.18,131.76,130.18,127.01,122.62,117.46,112.07,106.5,100.99,95.656,90.615,85.809,81.355,77.135,73.149,69.456,66.057,63.067,60.488,58.437,56.854,55.799,55.096,54.862,55.037,55.565,56.268,57.148,58.261,59.375,60.547,61.661,62.716,63.771,64.709,65.588,66.408,66.995,67.405,67.698,67.756,67.581,67.17,66.643,66.115,65.471,64.884,64.181,63.419,62.481,61.485,60.43,59.433,58.554,57.91,57.792,58.965,62.305,68.284,76.49,85.868,95.598,105.62,115.47,124.61,132.29,137.97,141.32,142.19,140.85,137.8,133.64,128.66,123.32,117.93,112.6,107.61,102.87,98.294,93.898,89.678,85.692,81.882,78.248,74.966,72.035,69.632,67.522,65.998,64.767,64.064,63.595,63.478,63.654,64.181,64.884,65.822,66.936,68.225,69.632,70.98,72.211,73.383,74.321,75.2,75.845,76.431,76.783,76.9,76.9,76.607,76.138,75.376,74.556,73.676,72.797,71.801,70.804,69.808,68.812,67.815,66.877,66.115,65.881,67.053,70.804,77.662,86.864,97.122,107.79,118.75,129.42,138.97,146.65,151.98,154.56,154.68,152.75,149.29,144.89,139.79,134.4,129.01,123.61,118.4,113.47,108.79,104.27,99.994,95.773,91.788,87.919,84.227,80.769,77.721,75.2,73.09,71.508,70.277,69.573,69.222,69.222,69.573,70.042,70.746,71.566,72.504,73.501,74.497,75.435,76.314,77.076,77.603,78.072,78.307,78.365,78.131,77.603,76.9,76.138,75.318,74.38,73.442,72.446,71.449,70.394,69.573,68.694,67.874,67.112,66.643,67.463,70.57,76.607,85.223,95.187,105.68,116.23,126.6,135.98,143.66,149.05,151.81,152.04,150.17,146.83,142.25,137.04,131.47,125.78,120.16,114.65,109.43,104.39,99.525,95.011,90.733,86.688,82.82,79.186,75.845,72.973,70.629,68.636,67.053,65.881,65.002,64.533,64.416,64.65,65.119,65.705,66.467,67.288,68.108,68.812,69.398,69.925,70.277,70.511,70.57,70.394,70.16,69.867,69.339,68.812,68.108,67.463,66.819,66.057,65.178,64.24,63.361,62.481,61.602,60.723,59.844,58.965,58.085,57.382,56.972,57.734,60.488,66.115,74.263,83.699,93.37,103.1,112.71,121.68,129.3,135.04,138.5,139.44,138.03,134.87,130.36,124.96,119.22,113.53,108.02,102.75,97.708,92.901,88.271,83.934,79.714,75.728,71.977,68.518,65.529,63.067,60.957,59.433,58.378,57.792,57.616,57.734,58.261,59.023,60.02,61.25,62.54,63.771,65.06,66.291,67.405,68.401,69.28,70.042,70.57,70.98,71.215,71.449,71.508,71.332,71.097,70.746,70.218,69.632,68.929,68.225,67.581,66.995,66.35,65.646,65.002,64.357,64.005,64.416,66.291,70.511,76.9,84.989,93.663,102.69,111.66,120.1,127.54,133.29,136.98,138.38,137.62,135.1,131.18,126.31,121.04,115.58,110.25,104.98,99.935,95.07,90.322,85.868,81.589,77.779,74.321,71.332,68.87,66.877,65.236,64.005,63.185,62.657,62.54,62.774,63.478,64.533,65.705,67.053,68.284,69.398,70.57,71.625,72.621,73.501,74.145,74.673,74.966,75.259,75.376,75.259,74.907,74.263,73.442,72.446,71.508,70.57,69.691,68.812,67.932,66.936,65.998,65.119,64.533,64.884,67.053,71.977,79.42,88.388,97.942,107.73,117.58,126.72,134.63,140.44,143.84,144.72,143.43,140.44,136.22,131.29,125.9,120.39,114.82,109.37,104.04,98.997,94.249,89.678,85.458,81.53,77.779,74.321,71.156,68.46,66.291,64.533,63.243,62.423,62.012,61.837,62.188,62.657,63.478,64.474,65.588,66.877,68.05,69.28,70.335,71.332,72.152,72.797,73.325,73.618,73.735,73.676,73.442,72.914,72.387,71.684,70.804,69.749,68.636,67.463,66.408,65.471,64.591,63.947,63.243,62.481,61.661,61.25,61.544,63.595,68.401,76.021,85.399,95.422,105.74,116.23,126.31,135.1,141.9,146.18,147.7,146.59,143.6,139.21,133.87,128.07,122.03,116.05,110.19,104.57,99.173,94.191,89.502,85.047,80.944,77.076,73.442,70.16,67.346,64.943,62.833,61.309,60.137,59.316,58.906,58.847,59.082,59.668,60.43,61.426,62.54,63.712,64.943,65.998,66.995,67.932,68.812,69.573,70.042,70.218,70.277,70.218,69.984,69.398,68.753,67.932,67.053,66.233,65.353,64.416,63.419,62.423,61.426,60.547,59.785,59.199,58.847,59.199,61.075,65.295,71.977,80.475,89.678,99.173,108.67,117.87,125.9,132.35,136.69,138.68,138.38,136.1,132.29,127.37,121.91,116.23,110.54,105.09,99.935,95.07,90.381,85.926,81.706,77.662,73.852,70.277,67.053,64.181,61.778,59.785,58.32,57.323,56.679,56.561,56.796,57.323,58.085,59.082,60.313,61.544,62.774,64.005,65.178,66.233,67.288,68.225,69.046,69.691,70.042,70.16,70.16,69.925,69.456,68.929,68.284,67.581,66.819,65.998,65.119,64.24,63.361,62.481,61.602,60.782,60.195,60.195,61.426,65.06,71.508,80.124,89.854,100.05,110.54,120.92,130.47,138.56,144.42,147.76,148.47,146.94,143.66,139.26,134.05,128.54,122.91,117.4,112.07,106.85,101.99,97.356,92.901,88.623,84.403,80.475,76.841,73.676,70.922,68.636,66.76,65.295,64.298,63.654,63.419,63.478,63.771,64.416,65.353,66.467,67.756,69.163,70.629,71.918,73.032,73.969,74.673,75.259,75.552,75.669,75.611,75.318,74.79,74.087,73.207,72.387,71.332,70.277,69.222,68.108,67.053,66.057,65.119,64.474,64.709,66.643,71.273,78.6,87.685,97.532,107.73,117.99,127.83,136.69,143.66,148.35,150.4,150.17,147.94,144.19,139.56,134.28,128.89,123.44,118.22,113.3,108.55,103.98,99.583,95.363,91.319,87.333,83.582,80.124,76.9,74.028,71.566,69.573,68.05,66.995,66.35,66.057,65.998,66.174,66.526,67.112,67.932,68.929,69.984,71.097,72.035,72.914,73.618,74.087,74.497,74.731,74.79,74.673,74.497,74.145,73.618,72.797,71.801,70.746,69.749,68.812,67.815,66.936,66.115,65.353,64.591,64.005,63.771,64.943,68.284,74.614,83.23,93.194,103.51,114.12,124.61,134.28,142.31,148.06,151.05,151.57,149.81,146.53,142.14,137.04,131.59,126.19,120.74,115.41,110.31,105.44,100.7,96.184,91.905,87.919,84.109,80.593,77.428,74.673,72.387,70.511,68.929,67.874,67.17,66.877,66.877,67.17,67.698,68.284,69.046,69.925,70.863,71.859,72.856,73.794,74.614,75.259,75.728,75.904,75.904,75.611,75.024,74.321,73.442,72.446,71.332,70.335,69.456,68.636,67.756,66.819,65.939,65.06,64.298,63.654,63.419,64.357,67.463,73.325,81.296,90.381,99.876,109.61,119.22,128.13,135.51,140.79,143.72,144.36,143.02,139.91,135.69,130.65,125.37,119.8,114.24,108.79,103.51,98.294,93.37,88.74,84.461,80.534,77.076,73.969,71.449,69.339,67.815,66.643,65.939,65.471,65.353,65.529,65.881,66.35,67.053,67.932,68.929,69.984,71.039,71.977,72.856,73.618,74.321,74.849,75.376,75.611,75.669,75.611,75.435,75.083,74.614,73.852,72.914,71.859,70.629,69.339,68.05,66.819,65.646,64.65,63.712,62.833,62.012,61.602,62.54,65.939,72.094,80.593,90.088,100.05,110.13,120.04,129.18,136.74,142.02,144.48,144.25,141.78,137.8,132.82,127.31,121.56,115.82,110.13,104.68,99.407,94.484,89.678,85.106,80.769,76.607,72.856,69.573,66.995,64.943,63.536,62.54,61.895,61.544,61.309,61.309,61.368,61.602,62.071,62.716,63.712,64.943,66.174,67.405,68.401,69.222,66.35,67.405,68.401,69.28,69.984,70.57,70.863,70.922,70.804,70.394,69.867,69.222,68.518,67.815,66.936,66.057,65.119,64.24,63.302,62.364,61.485,60.723,60.137,59.785,60.488,63.361,69.28,78.131,88.564,99.759,111.42,123.03,133.81,142.66,148.99,152.22,152.57,150.4,146.47,141.43,135.69,129.71,123.79,117.99,112.42,107.09,102.1,97.415,93.077,88.916,84.93,81.12,77.428,73.969,70.804,67.991,65.588,63.712,62.247,61.25,60.547,60.254,60.195,60.371,60.84,61.544,62.364,63.243,64.24,65.178,66.057,66.819,67.405,67.932,68.225,68.401,68.401,68.284,67.932,67.346,66.584,65.822,65.002,64.181,63.302,62.481,61.661,60.84,60.02,59.316,58.554,57.91,57.499,57.675,59.551,64.181,71.742,81.53,92.374,103.63,115,125.78,135.04,142.14,146.47,147.94,146.88,143.72,139.21,133.75,127.83,121.86,116.11,110.6,105.56,100.81,96.36,92.198,88.212,84.344,80.593,76.841,73.383,70.16,67.288,64.943,62.892,61.426,60.254,59.551,59.258,59.375,59.727,60.43,61.309,62.305,63.361,64.416,65.412,66.467,67.346,68.167,68.812,69.28,69.573,69.632,69.573,69.28,68.929,68.343,67.756,66.995,66.115,65.236,64.357,63.478,62.599,61.719,60.84,59.961,59.258,58.906,59.492,62.071,67.463,75.728,85.926,96.946,108.49,119.98,130.59,139.62,146.06,149.64,150.34,148.64,145.13,140.32,134.87,129.18,123.44,117.81,112.42,107.38,102.57,98.001,93.722,89.678,85.809,82.117,78.541,75.083,71.918,68.929,66.35,64.24,62.54,61.368,60.606,60.195,60.02,60.195,60.606,61.309,62.188,63.185,64.298,65.353,66.408,67.346,68.167,68.812,69.222,69.573,69.691,69.573,69.28,68.812,68.167,67.463,66.76,65.998,65.178,64.298,63.361,62.423,61.544,60.782,60.254,60.313,61.837,65.998,72.914,82.058,92.315,103.16,114.35,125.14,134.69,142.14,146.88,148.82,148,145.13,140.73,135.45,129.65,123.79,118.05,112.54,107.38,102.51,97.942,93.605,89.502,85.399,81.589,77.897,74.497,71.273,68.401,65.998,64.005,62.364,61.25,60.488,60.137,60.195,60.488,61.133,62.012,62.892,64.064,65.119,66.174,67.229,68.167,68.987,69.632,70.101,70.394,70.57,70.511,70.16,69.691,69.046,68.284,67.405,66.526,65.588,64.65,63.654,62.716,61.837,61.075,60.254,59.551,58.965,58.906,60.254,64.24,71.508,81.237,92.315,103.92,115.99,127.72,138.33,146.53,151.81,154.03,153.45,150.64,146.24,140.85,134.93,128.89,122.79,116.99,111.48,106.27,101.28,96.594,92.257,88.095,84.227,80.475,76.9,73.559,70.57,67.932,65.822,64.122,62.833,62.012,61.485,61.309,61.485,61.837,62.481,63.302,64.24,65.295,66.35,67.346,68.284,69.163,69.867,70.335,70.746,70.922,70.922,70.687,70.277,69.691,68.987,68.167,67.288,66.408,65.529,64.65,63.771,62.833,62.012,61.192,60.488,60.137,60.782,63.595,69.339,77.779,87.919,98.939,110.43,121.86,132.35,140.96,147.06,150.22,150.64,148.7,144.95,139.85,134.16,128.19,122.15,116.35,110.9,105.8,100.99,96.477,92.198,88.095,84.168,80.3,76.607,73.09,70.042,67.346,65.119,63.243,61.837,60.899,60.371,60.195,60.371,60.782,61.544,62.54,63.595,64.767,65.998,67.112,68.167,69.105,69.867,70.511,70.922,71.097,71.097,70.922,70.57,69.984,69.28,68.518,67.698,66.76,65.822,64.767,63.829,62.833,61.895,60.957,60.195,59.433,58.965,59.551,62.247,68.05,76.841,87.45,98.645,110.31,121.97,132.93,142.02,148.53,152.04,152.63,150.75,146.88,141.78,135.98,129.89,123.73,117.87,112.24,106.91,101.87,97.122,92.608,88.271,84.168,80.182,76.431,72.856,69.749,67.053,64.884,63.126,61.719,60.723,60.195,59.961,60.195,60.547,61.192,62.071,63.067,64.181,65.353,66.526,67.698,68.753,69.632,70.277,70.746,71.039,71.097,70.922,70.57,69.984,69.28,68.518,67.756,66.819,65.822,64.767,63.712,62.716,61.778,60.899,60.195,59.433,58.965,59.375,61.719,66.877,74.79,84.637,95.187,106.15,117.28,127.72,136.63,143.19,146.94,147.88,146.24,142.61,137.68,131.94,125.84,119.8,114,108.43,103.22,98.352,93.781,89.502,85.34,81.53,77.838,74.321,71.039,68.05,65.412,63.243,61.602,60.43,59.668,59.316,59.258,59.433,59.844,60.488,61.368,62.364,63.478,64.65,65.646,66.584,67.346,68.05,68.694,69.105,69.339,69.339,69.222,68.929,68.46,67.874,67.112,66.291,65.471,64.591,63.712,62.833,62.071,61.25,60.43,59.668,59.023,58.671,59.316,62.012,67.698,76.255,86.63,97.825,109.37,120.92,131.7,140.61,147,150.4,150.87,148.88,145.07,140.03,134.4,128.48,122.68,116.99,111.48,106.32,101.46,97.063,92.784,88.798,84.93,81.179,77.603,74.145,70.922,68.05,65.588,63.595,62.13,60.957,60.371,60.137,60.254,60.664,61.368,62.247,63.243,64.357,65.529,66.643,67.815,68.812,69.691,70.394,70.922,71.097,71.097,70.863,70.394,69.808,69.046,68.108,67.17,66.233,65.295,64.357,63.419,62.54,61.719,60.899,60.195,59.609,59.609,61.075,65.119,72.211,81.648,92.315,103.57,115.12,126.31,136.27,144.25,149.4,151.63,151.1,148.41,144.19,138.91,133.17,127.31,121.56,116.05,110.78,105.8,101.11,96.711,92.491,88.505,84.637,80.944,77.31,73.969,70.922,68.343,66.174,64.474,63.126,62.188,61.661,61.485,61.602,62.071,62.657,63.419,64.357,65.412,66.467,67.581,68.636,69.573,70.277,70.922,71.273,71.508,71.449,71.156,70.804,70.218,69.573,68.694,67.756,66.76,65.705,64.767,63.829,63.009,62.13,61.25,60.488,59.844,59.902,61.485,65.939,73.501,83.465,94.601,106.44,118.52,130.12,140.38,148.29,153.33,155.32,154.5,151.51,147,141.55,135.63,129.53,123.5,117.69,112.13,106.91,102.05,97.532,93.312,89.209,85.34,81.53,77.897,74.614,71.625,68.987,66.877,65.119,63.712,62.833,62.364,62.188,62.305,62.657,63.302,64.122,65.06,66.115,67.229,68.343,69.398,70.277,71.039,71.566,71.918,72.094,72.035,71.801,71.273,70.57,69.749,68.87,67.991,67.053,66.115,65.119,64.122,63.185,62.247,61.426,60.664,60.02,59.785,60.723,64.122,70.687,79.714,90.264,101.34,113.01,124.49,134.99,143.43,149.23,152.04,151.98,149.64,145.54,140.5,134.87,129.01,123.2,117.58,112.24,107.09,102.28,97.649,93.37,89.209,85.282,81.472,77.721,74.321,71.215,68.518,66.291,64.474,63.126,62.13,61.485,61.192,61.25,61.602,62.188,63.009,63.947,64.943,66.057,67.112,68.05,68.987,69.749,70.277,70.687,70.922,70.922,70.746,70.394,69.867,69.105,68.284,67.346,66.467,65.471,64.533,63.595,62.657,61.778,60.957,60.137,59.375,58.73,58.73,60.195,64.298,71.625,81.296,92.198,103.63,115.23,126.43,136.22,143.84,148.7,150.58,149.76,146.88,142.43,137.1,131.29,125.31,119.45,113.65,108.26,103.1,98.294,93.722,89.502,85.34,81.355,77.545,73.969,70.687,67.756,65.236,63.243,61.661,60.606,59.961,59.668,59.668,59.902,60.488,61.25,62.247,63.361,64.533,65.646,66.819,67.756,68.518,69.28,69.808,70.101,70.16,70.101,69.808,69.28,68.694,67.932,67.112,66.233,65.295,64.357,63.419,62.481,61.602,60.782,59.961,59.316,58.73,58.554,59.375,62.364,68.343,77.076,87.333,98.352,109.72,120.98,131.35,139.91,145.89,148.94,149.11,146.94,142.84,137.74,131.94,125.9,119.98,114.3,108.84,103.74,98.939,94.425,90.147,86.044,82.175,78.483,74.907,71.625,68.694,66.174,64.122,62.423,61.25,60.43,60.02,59.961,60.254,60.723,61.544,62.481,63.536,64.709,65.881,66.936,67.932,68.753,69.573,70.16,70.629,70.863,70.922,70.687,70.218,69.691,68.929,68.05,67.112,66.115,65.119,64.122,63.185,62.247,61.426,60.606,59.785,59.082,58.789,59.668,62.833,69.163,78.248,88.857,100.17,111.95,123.56,134.22,143.02,149.05,152.04,152.22,149.99,146,140.91,135.16,129.3,123.38,117.69,112.24,107.03,102.16,97.649,93.37,89.209,85.282,81.53,77.897,74.556,71.449,68.694,66.408,64.533,63.185,62.188,61.602,61.368,61.426,61.778,62.481,63.361,64.357,65.471,66.584,67.698,68.694,69.573,70.277,70.922,71.332,71.625,71.684,71.508,71.039,70.335,69.573,68.694,67.756,66.76,65.822,64.767,63.829,62.892,62.13,61.309,60.488,59.785,59.316,59.551,61.485,66.291,74.145,84.168,95.246,106.79,118.63,129.94,139.67,147.12,151.75,153.39,152.45,149.4,145.01,139.62,133.81,127.83,122.09,116.64,111.36,106.44,101.75,97.297,92.96,88.916,84.989,81.179,77.545,74.087,71.097,68.46,66.291,64.591,63.302,62.364,61.778,61.544,61.602,62.012,62.599,63.419,64.357,65.353,66.35,67.346,68.284,69.163,69.867,70.511,70.863,70.98,70.98,70.804,70.335,69.808,69.105,68.284,67.405,66.467,65.529,64.591,63.712,62.833,62.071,61.192,60.43,59.727,59.375,59.961,62.657,68.46,77.135,87.626,98.939,110.78,122.79,133.93,143.19,149.81,153.39,153.98,152.04,148.23,143.19,137.45,131.35,125.37,119.51,113.88,108.61,103.63,98.88,94.425,90.264,86.161,82.234,78.541,75.024,71.801,68.987,66.584,64.709,63.243,62.13,61.485,61.192,61.25,61.544,62.188,62.892,63.829,65.002,66.115,67.288,68.343,69.28,70.042,70.746,71.156,71.508,71.566,71.449,71.039,70.57,69.925,69.105,68.167,67.229,66.233,65.236,64.181,63.243,62.305,61.485,60.664,59.902,59.258,58.789,59.199,61.485,66.76,74.966,85.106,96.125,107.67,119.45,130.47,139.97,147.06,151.05,152.1,150.64,147.12,142.31,136.69,130.77,124.73,118.87,113.3,108.02,103.04,98.294,93.839,89.619,85.575,81.648,78.014,74.556,71.332,68.636,66.233,64.357,62.892,61.895,61.368,61.133,61.192,61.485,62.071,62.833,63.829,64.943,66.115,67.229,68.225,69.105,69.925,70.511,70.98,71.215,71.332,71.215,70.922,70.335,69.691,68.812,67.932,66.936,65.939,65.002,64.005,63.126,62.188,61.309,60.488,59.727,59.082,58.847,59.785,63.067,69.456,78.541,89.15,100.46,112.24,123.85,134.52,143.19,149.05,151.92,151.87,149.4,145.3,140.03,134.22,128.19,122.15,116.41,110.9,105.68,100.76,96.125,91.671,87.509,83.406,79.479,75.669,72.094,68.929,66.115,63.712,61.778,60.313,59.258,58.671,58.437,58.554,58.965,59.609,60.488,61.485,62.54,63.712,64.884,65.939,66.936,67.756,68.401,68.929,69.163,69.222,69.046,68.636,68.108,67.405,66.643,65.822,64.884,63.829,62.892,62.012,61.133,60.371,59.551,58.847,58.144,57.734,57.792,59.023,62.657,69.339,78.717,89.619,101.17,112.95,124.38,134.63,142.84,148.29,150.81,150.52,147.88,143.72,138.56,132.88,127.07,121.33,115.82,110.66,105.97,101.63,97.532,93.781,90.264,86.806,83.406,80.065,76.724,73.559,70.804,68.401,66.467,65.06,64.122,63.536,63.361,63.595,64.181,65.119,66.291,67.581,68.987,70.335,71.566,72.68,73.676,74.556,75.2,75.611,75.786,75.669,75.376,74.79,74.028,73.325,72.504,71.625,70.746,69.867,68.987,68.05,67.17,66.291,65.529,64.884,64.709,66.057,69.808,76.607,85.868,96.418,107.79,119.45,130.77,140.79,148.76,153.92,156.26,155.97,153.62,149.76,144.95,139.56,133.93,128.3,122.79,117.46,112.42,107.73,103.33,99.232,95.305,91.495,87.802,84.227,80.886,77.779,75.2,72.973,71.097,69.632,68.518,67.932,67.756,67.815,68.167,68.812,69.573,70.57,71.625,72.621,73.559,74.38,75.083,75.845,76.431,76.783,76.9,76.783,76.431,75.845,75.083,74.263,73.383,72.446,71.449,70.511,69.573,68.636,67.756,66.819,65.939,65.178,64.709,65.178,67.522,72.856,81.179,91.377,102.28,113.59,125.08,135.75,144.72,151.28,154.86,155.56,153.86,150.34,145.65,140.32,134.69,129.01,123.44,118.1,112.95,108.02,103.28,98.763,94.308,90.029,85.926,81.999,78.248,74.907,71.918,69.456,67.463,65.881,64.65,63.947,63.595,63.654,63.947,64.416,65.119,65.881,66.819,67.874,68.987,70.042,71.039,71.977,72.739,73.325,73.559,73.618,73.442,73.09,72.68,72.094,71.332,70.394,69.398,68.343,67.229,66.233,65.236,64.298,63.419,62.54,61.719,61.075,60.664,61.075,63.302,68.343,76.314,86.044,96.535,107.44,118.28,128.6,137.45,143.84,147.53,148.35,146.77,143.25,138.5,133.05,127.31,121.56,115.88,110.43,105.33,100.46,95.949,91.553,87.45,83.347,79.538,76.138,73.149,70.629,68.401,66.76,65.529,64.709,64.064,63.654,63.536,63.536,63.947,65.002,66.408,67.405,68.225,69.28,70.511,71.215,71.566,71.918,72.739,73.501,73.149,72.035,71.273,71.566,72.504,73.09,72.387,70.277,67.932,66.233,65.236,64.65,64.357,63.712,62.423,60.899,59.961,59.551,58.847,58.261,58.965,62.364,68.518,76.783,86.044,95.715,105.62,115.17,123.73,130.88,136.16,139.26,140.14,138.85,136.04,132.05,127.37,122.09,116.7,111.19,105.8,100.46,95.246,90.029,85.106,80.534,76.431,72.856,69.925,67.053,64.181,62.071,61.426,61.895,62.54,62.423,61.661,60.899,60.664,61.133,62.071,63.126,64.357,65.646,67.053,68.284,69.222,69.925,70.335,70.629,70.804,70.98,70.98,70.863,70.629,70.277,69.925,69.398,68.694,67.756,66.643,65.588,64.533,63.595,62.716,62.012,61.309,60.957,61.368,63.478,68.167,75.376,84.109,93.488,103.22,113.24,122.85,131.35,138.03,142.43,144.42,144.13,141.9,138.27,133.58,128.19,122.62,117.05,111.66,106.5,101.46,96.653,92.022,87.685,83.465,79.303,75.435,71.918,68.987,66.467,64.533,63.185,62.305,61.778,61.661,61.719,62.012,62.423,63.185,64.005,64.943,65.881,66.819,67.698,68.518,69.222,69.984,70.629,71.156,71.508,71.625,71.332,70.804,70.042,69.163,68.284,67.405,66.408,65.412,64.416,63.478,62.481,61.544,60.606,59.785,59.199,58.906,59.492,61.895,66.936,74.38,83.23,92.726,102.69,112.65,122.03,130.18,136.39,140.38,141.84,141.2,138.68,134.87,130.18,124.9,119.45,113.83,108.38,103.16,98.235,93.605,89.15,84.989,80.944,77.193,73.618,70.394,67.581,65.178,63.126,61.485,60.254,59.492,59.023,58.906,59.199,59.668,60.488,61.426,62.54,63.654,64.709,65.588,66.408,67.17,67.815,68.284,68.753,69.105,69.339,69.28,68.929,68.343,67.581,66.877,66.115,65.471,64.884,64.24,63.536,62.774,62.012,61.192,60.43,59.902,59.961,61.309,64.884,71.097,79.538,88.974,98.763,108.55,118.1,126.84,133.93,138.85,141.37,141.61,139.85,136.51,132.05,126.9,121.56,116.11,110.78,105.68,100.81,96.184,91.729,87.626,83.699,79.831,76.197,72.621,69.339,66.643,64.474,62.833,61.602,60.664,59.961,59.609,59.551,59.609,59.961,60.547,61.309,62.247,63.243,64.24,65.178,66.057,66.995,67.874,68.518,69.046,69.339,69.456,69.28,68.929,68.284,67.463,66.643,65.998,65.471,65.06,64.591,64.181,63.712,63.302,63.067,63.243,64.767,68.812,75.611,84.403,94.308,104.68,115.29,125.67,134.87,142.19,146.94,149.11,148.94,146.83,143.37,138.91,133.93,128.66,123.38,118.16,113.18,108.38,103.8,99.407,95.305,91.319,87.509,83.816,80.182,76.783,73.794,71.273,69.222,67.522,66.291,65.471,65.06,65.06,65.295,65.705,66.35,67.229,68.284,69.398,70.687,71.918,72.914,73.735,74.38,74.673,74.79,74.79,74.614,74.263,73.794,73.149,72.504,71.742,70.922,69.984,68.987,67.991,66.936,65.881,64.884,64.064,63.595,64.357,67.463,73.852,82.937,93.37,104.39,115.76,127.07,137.45,146,152.1,155.5,156.26,154.62,151.28,146.77,141.37,135.51,129.53,123.91,118.69,113.71,109.08,104.51,100.05,95.773,91.553,87.45,83.465,79.714,76.373,73.325,70.804,68.753,67.229,66.233,65.529,65.119,64.943,65.002,65.353,65.998,66.877,67.932,69.163,70.335,71.508,72.563,73.559,74.38,74.966,75.259,75.259,74.849,74.321,73.618,72.739,71.801,70.863,69.867,68.929,67.932,67.053,66.174,65.412,64.65,64.122,64.122,65.646,69.867,77.076,86.278,96.418,106.97,117.69,128.01,137.04,144.13,148.64,150.28,149.46,146.77,142.55,137.62,132.17,126.55,120.98,115.58,110.37,105.33,100.4,95.773,91.319,87.04,82.996,79.186,75.611,72.387,69.573,67.112,65.178,63.654,62.54,61.778,61.368,61.25,61.368,61.719,62.364,63.185,64.122,65.178,66.174,67.112,67.932,68.636,69.222,69.749,70.042,70.101,70.042,69.808,69.398,68.87,68.167,67.405,66.526,65.588,64.591,63.536,62.481,61.485,60.547,59.668,58.906,58.437,58.554,60.02,63.947,70.687,79.42,89.033,99.114,109.37,119.16,127.83,134.81,139.44,141.49,141.14,138.68,134.63,129.53,123.91,118.1,112.24,106.62,101.17,96.066,91.202,86.571,82.058,77.721,73.676,69.984,66.76,64.005,61.661,59.844,58.437,57.499,56.913,56.737,56.972,57.441,58.085,58.906,59.785,60.723,61.719,62.774,63.829,65.002,66.057,66.936,67.756,68.343,68.753,68.929,68.987,68.812,68.46,68.05,67.346,66.584,65.881,65.06,64.24,63.419,62.657,61.837,61.133,60.43,59.902,59.727,60.43,62.833,67.874,75.376,84.52,94.484,104.74,114.94,124.44,132.52,138.56,142.14,143.07,141.67,138.56,134.11,128.89,123.26,117.4,111.66,106.27,101.05,96.242,91.671,87.275,83.054,79.069,75.376,72.094,69.222,66.877,64.943,63.478,62.54,62.071,61.895,62.071,62.481,63.067,63.771,64.65,65.705,66.995,68.225,69.339,70.335,71.097,71.684,72.094,72.387,72.387,72.211,71.859,71.273,70.629,69.808,68.987,68.167,67.463,66.76,65.998,65.178,64.357,63.595,62.892,62.423,62.423,63.771,67.756,74.731,84.051,94.367,105.03,115.88,126.25,135.45,142.72,147.53,149.58,149.05,146.41,142.37,137.39,131.88,126.13,120.51,114.94,109.61,104.57,99.7,95.07,90.615,86.395,82.527,78.834,75.376,72.211,69.456,67.17,65.412,64.24,63.478,63.243,63.361,63.654,64.122,64.65,65.353,66.174,67.112,68.167,69.28,70.335,71.273,72.152,72.914,73.442,73.676,73.794,73.676,73.325,72.739,72.035,71.273,70.511,69.691,68.87,68.05,67.17,66.35,65.529,64.591,63.654,62.833,62.54,63.419,66.76,73.149,82.234,92.608,103.51,114.59,125.49,135.28,143.19,148.35,150.58,150.11,147.59,143.6,138.62,132.99,127.13,121.33,115.58,110.07,104.74,99.525,94.543,89.678,84.93,80.651,77.428,74.966,72.621,69.867,67.288,65.529,65.06,64.884,64.24,63.419,63.067,63.536,64.591,65.939,67.346,68.46,69.163,69.573,70.101,70.922,71.801,72.739,73.501,73.969,74.028,73.618,73.032,72.504,71.801,70.922,69.925,68.753,67.17,65.646,64.884,64.767,64.884,64.474,63.595,62.54,61.602,61.544,63.302,67.698,74.731,83.582,93.194,102.98,113.06,122.91,131.7,138.44,142.61,144.07,143.02,139.91,135.28,129.83,123.85,117.99,112.3,106.97,101.87,97.004,92.198,87.626,83.289,79.186,75.435,71.977,68.987,66.408,64.357,62.833,61.837,61.309,61.192,61.485,62.071,62.54,63.067,63.712,64.709,65.939,67.17,68.401,69.691,70.804,71.742,72.446,72.797,72.856,72.68,72.563,72.27,71.918,71.273,70.57,69.632,68.694,67.756,66.819,65.939,65.119,64.416,63.712,63.126,62.364,61.602,60.899,60.782,61.895,65.471,71.684,79.948,89.15,98.821,108.49,117.64,125.61,131.82,135.69,137.1,136.16,133.4,129.24,124.26,118.81,113.18,107.55,102.05,96.653,91.553,86.688,82.058,77.779,73.794,70.101,66.76,63.771,61.368,59.375,57.851,56.737,55.917,55.448,55.213,55.331,55.741,56.268,57.03,57.91,58.965,60.02,61.192,62.305,63.243,64.064,64.709,65.236,65.529,65.646,65.588,65.412,65.06,64.533,63.947,63.185,62.364,61.485,60.547,59.668,58.847,58.027,57.323,56.561,55.858,55.213,54.862,55.037,56.268,59.668,65.588,73.735,83.054,92.843,102.81,112.36,120.92,127.95,132.82,135.22,135.22,133.11,129.42,124.61,119.16,113.53,107.96,102.63,97.532,92.784,88.388,84.168,80.358,76.724,73.501,70.629,68.167,66.174,64.65,63.536,62.774,62.364,62.305,62.54,63.067,63.771,64.767,65.881,67.112,68.401,69.749,71.039,72.387,73.559,74.497,75.259,75.786,76.138,76.197,76.021,75.611,75.024,74.263,73.383,72.387,71.273,70.218,69.105,68.05,67.053,66.233,65.412,64.65,63.947,63.478,64.005,66.408,71.801,80.065,90.088,100.99,112.13,122.97,132.82,140.73,146.3,149.05,149.17,147.06,143.31,138.5,133.05,127.31,121.56,115.94,110.54,105.5,100.76,96.301,92.198,88.212,84.52,81.12,77.897,75.083,72.739,70.863,69.398,68.46,67.932,67.698,67.815,68.167,68.812,69.573,70.511,71.566,72.68,73.852,74.966,75.962,76.783,77.486,78.014,78.307,78.248,77.897,77.31,76.49,75.493,74.438,73.325,72.152,71.039,69.925,68.812,67.756,66.819,65.881,65.06,64.298,63.829,64.298,66.526,71.742,79.948,89.912,100.81,111.83,122.68,132.64,140.67,146.36,149.17,149.23,147.06,143.25,138.33,132.7,126.84,120.92,115.12,109.55,104.21,99.349,94.718,90.498,86.395,82.586,79.127,75.962,73.207,70.98,69.163,67.874,66.995,66.526,66.526,66.877,67.346,68.108,69.046,70.101,71.215,72.387,73.501,74.438,75.318,75.962,76.548,76.9,77.193,77.135,76.9,76.49,75.845,75.083,74.321,73.442,72.504,71.332,70.218,69.163,68.167,67.288,66.408,65.529,64.65,63.712,63.009,62.364,62.305,63.361,66.643,72.797,81.179,90.733,100.76,110.78,120.39,128.54,134.63,138.27,139.26,137.86,134.63,130.06,124.67,118.87,112.95,107.03,101.28,95.832,90.674,85.868,81.296,76.959,72.914,69.105,65.646,62.657,60.254,58.32,56.854,55.917,55.506,55.331,55.448,55.741,56.268,57.089,58.261,59.551,60.84,62.188,63.419,64.474,65.471,66.467,67.346,68.108,68.694,69.046,69.046,68.87,68.401,67.815,67.053,66.233,65.295,64.298,63.302,62.305,61.309,60.371,59.492,58.613,57.792,57.03,56.503,56.268,56.972,59.316,64.064,71.215,80.124,89.678,99.466,109.08,117.75,124.9,130,132.7,132.88,130.88,127.13,122.15,116.52,110.6,104.68,98.939,93.37,88.212,83.465,79.127,75.024,71.273,67.932,64.884,62.247,59.961,58.144,56.737,55.682,54.979,54.686,54.862,55.448,56.21,57.148,58.32,59.551,60.84,62.188,63.536,64.884,65.998,66.877,67.522,67.991,68.225,68.284,68.167,67.874,67.405,66.76,65.998,65.06,64.122,63.126,62.13,61.192,60.488,59.902,59.375,58.73,58.085,57.792,58.378,60.723,65.705,73.149,82.175,91.905,102.05,112.01,121.15,128.89,134.63,137.92,138.62,136.98,133.58,128.95,123.67,118.1,112.42,106.79,101.34,96.184,91.319,86.747,82.468,78.541,74.79,71.332,68.225,65.471,63.185,61.368,59.961,58.965,58.32,57.968,58.027,58.496,59.258,60.195,61.192,62.247,63.361,64.533,65.822,67.053,68.225,69.163,69.867,70.277,70.57,70.629,70.511,70.16,69.691,69.046,68.225,67.346,66.408,65.412,64.474,63.536,62.657,61.719,60.84,60.02,59.258,58.554,58.671,60.606,65.471,73.383,83.23,94.015,105.09,116.29,126.9,136.04,143.02,147.18,148.53,147.35,144.07,139.38,133.81,127.72,121.56,115.41,109.61,104.1,99.056,94.308,89.854,85.692,81.648,77.779,74.263,70.98,68.167,65.822,63.771,62.188,60.957,60.195,59.785,59.785,60.195,60.84,61.719,62.774,63.947,65.178,66.526,67.874,69.163,70.218,71.156,71.801,72.152,72.387,72.387,72.094,71.684,70.98,70.16,69.163,68.108,67.053,66.057,65.119,64.181,63.243,62.305,61.426,60.664,60.195,60.313,62.13,66.643,74.145,83.816,94.484,105.74,117.05,127.78,136.98,143.95,148.17,149.58,148.35,145.18,140.55,135.04,129.12,123.09,117.23,111.54,106.09,100.99,96.242,91.729,87.568,83.523,79.714,76.197,72.856,69.867,67.346,65.236,63.536,62.247,61.309,60.782,60.606,60.782,61.192,61.778,62.54,63.478,64.533,65.705,66.995,68.167,69.222,70.16,70.922,71.449,71.742,71.801,71.566,71.156,70.629,69.925,69.222,68.401,67.463,66.467,65.412,64.416,63.361,62.423,61.485,60.606,59.844,59.375,59.609,61.661,66.526,74.438,84.285,95.07,106.38,117.69,128.36,137.51,144.25,148.17,149.23,147.82,144.42,139.62,133.93,127.72,121.56,115.47,109.66,104.27,99.232,94.484,90.029,85.868,81.882,78.19,74.614,71.332,68.401,65.881,63.712,62.13,60.957,60.313,59.902,59.902,60.195,60.664,61.426,62.364,63.419,64.591,65.822,66.936,68.05,68.987,69.808,70.511,70.98,71.156,71.097,70.804,70.335,69.691,68.929,67.991,66.995,65.939,64.884,63.947,63.009,62.071,61.192,60.313,59.551,58.906,58.613,59.258,61.837,67.405,75.728,85.751,96.418,107.44,118.28,128.19,136.39,142.08,144.95,145.13,143.02,139.09,134.05,128.36,122.44,116.52,110.78,105.21,100.05,95.187,90.557,86.22,82.058,78.131,74.438,71.039,67.932,65.236,63.009,61.133,59.668,58.73,58.261,58.144,58.437,58.906,59.668,60.606,61.661,62.833,64.181,65.412,66.643,67.815,68.812,69.691,70.277,70.687,70.804,70.746,70.335,69.867,69.163,68.343,67.405,66.467,65.471,64.533,63.654,62.774,61.895,61.133,60.254,59.492,59.023,59.258,61.133,65.646,73.207,82.937,93.663,104.92,116.17,126.78,135.86,142.72,146.83,148.06,146.65,143.37,138.62,133.05,127.07,120.98,115.12,109.43,104.1,99.114,94.484,90.088,85.985,82.117,78.365,74.79,71.508,68.343,65.705,63.478,61.719,60.43,59.609,59.199,59.082,59.375,59.785,60.43,61.368,62.423,63.536,64.709,65.822,66.819,67.581,68.343,68.929,69.339,69.691,69.749,69.573,69.105,68.518,67.874,67.17,66.408,65.588,64.884,64.064,63.302,62.54,61.837,61.309,60.782,60.664,61.309,63.771,69.163,77.603,88.154,99.818,111.83,123.79,134.93,144.25,150.99,154.8,155.68,154.09,150.69,145.95,140.44,134.58,128.6,122.79,117.28,112.19,107.38,102.87,98.587,94.601,90.791,87.157,83.758,80.475,77.486,74.849,72.621,70.863,69.573,68.753,68.343,68.401,68.812,69.398,70.218,71.215,72.387,73.559,74.731,75.962,77.135,78.131,78.893,79.362,79.596,79.538,79.245,78.776,78.19,77.369,76.431,75.493,74.556,73.618,72.68,71.684,70.746,69.808,68.929,68.167,67.756,68.167,70.746,76.548,85.575,96.594,108.61,120.92,133.05,144.07,152.92,158.9,161.83,161.71,159.49,155.62,150.75,145.36,139.73,134.05,128.48,123.2,118.1,113.36,108.84,104.62,100.52,96.653,92.843,89.209,85.751,82.586,79.831,77.603,75.786,74.438,73.501,72.914,72.739,72.973,73.501,74.321,75.318,76.431,77.545,78.6,79.596,80.534,81.296,81.941,82.41,82.761,82.82,82.644,82.292,81.706,81.003,80.065,79.127,78.072,76.959,75.904,74.849,73.852,72.797,71.801,70.804,69.867,69.046,68.636,69.339,72.387,78.483,87.568,98.352,109.78,121.5,132.82,142.72,150.34,155.21,157.08,156.32,153.45,149.23,144.13,138.5,132.76,127.01,121.39,115.88,110.6,105.62,100.93,96.535,92.374,88.388,84.52,81.12,78.014,75.435,73.325,71.742,70.629,69.867,69.573,69.691,70.042,70.804,71.742,72.856,74.028,75.259,76.431,77.486,78.541,79.42,80.241,80.769,81.237,81.355,81.237,80.886,80.3,79.538,78.658,77.603,76.548,75.435,74.321,73.207,72.094,71.039,69.984,68.987,68.167,67.405,66.819,66.291,66.174,67.17,70.394,76.666,85.458,95.598,106.27,116.93,127.07,135.69,142.02,145.65,146.59,145.13,141.67,136.92,131.35,125.31,119.22,113.24,107.5,102.1,97.004,92.257,87.743,83.523,79.772,76.431,73.559,71.097,69.046,67.405,66.174,65.412,65.06,65.178,65.588,66.35,67.346,68.46,69.632,70.687,71.684,72.621,73.383,73.969,74.497,74.79,75.024,75.259,75.259,75.024,74.614,73.911,73.149,72.211,71.097,69.867,68.46,67.17,65.705,64.357,62.774,60.957,58.847,56.972,56.386,56.737,57.148,56.796,55.565,53.924,53.162,54.276,58.261,65.295,74.673,84.696,94.015,102.69,110.84,118.34,124.55,128.77,130.59,129.89,127.01,122.68,117.46,111.77,105.91,100.35,95.187,90.264,85.282,80.417,75.904,71.918,68.401,65.295,62.599,60.43,58.73,57.499,56.737,56.503,56.679,57.206,58.144,59.375,60.84,62.54,64.357,66.174,67.932,69.749,71.508,73.149,74.673,75.904,76.9,77.721,78.307,78.658,78.834,78.717,78.365,77.662,76.724,75.669,74.673,73.618,72.563,71.332,70.101,68.929,67.932,66.995,66.115,65.295,64.591,64.357,65.236,68.108,73.442,80.769,89.443,98.587,107.85,116.64,124.2,129.94,133.46,134.69,133.58,130.53,126.25,120.98,115.41,109.72,104.16,98.939,93.839,89.15,84.871,80.769,77.135,73.735,70.746,68.108,65.939,64.122,62.774,61.895,61.485,61.426,61.719,62.188,62.774,63.478,64.24,65.002,65.705,66.35,66.819,67.053,67.112,67.112,66.995,66.877,66.526,66.174,65.822,65.412,65.119,64.65,64.064,63.185,62.13,61.25,60.547,59.844,58.73,57.03,55.624,54.979,54.862,54.51,53.748,53.396,54.276,56.796,61.075,67.346,75.786,85.751,96.008,105.5,114,121.33,126.84,130.06,130.59,128.89,125.55,121.21,116.29,110.72,104.86,98.997,93.312,87.919,82.996,78.658,74.849,71.273,67.874,64.65,61.719,59.258,57.148,55.565,54.393,53.807,53.572,53.631,53.865,54.393,55.155,55.975,56.796,57.675,58.671,59.844,61.075,62.13,63.126,64.064,64.884,65.529,66.115,66.467,66.819,66.936,66.877,66.584,66.057,65.353,64.591,63.771,63.009,62.188,61.368,60.488,59.727,58.906,58.144,57.499,56.913,56.737,57.558,60.371,65.939,74.087,83.816,94.191,104.74,115.06,124.32,131.88,137.04,139.56,139.5,137.15,133.23,128.19,122.56,116.7,110.9,105.44,100.23,95.363,90.791,86.513,82.468,78.776,75.376,72.035,69.046,66.408,64.181,62.364,60.957,59.961,59.375,59.199,59.375,59.902,60.664,61.661,62.774,64.064,65.412,66.877,68.167,69.339,70.277,71.039,71.625,71.977,72.152,72.152,71.859,71.332,70.629,69.808,68.87,67.932,66.995,66.057,65.178,64.298,63.419,62.54,61.719,61.075,60.782,61.485,64.181,69.691,77.662,87.157,97.356,107.85,118.05,127.19,134.63,139.73,142.25,142.19,139.85,135.98,131.06,125.55,119.92,114.24,108.73,103.51,98.47,93.781,89.502,85.399,81.589,78.072,74.673,71.566,68.812,66.408,64.416,62.833,61.661,60.899,60.488,60.43,60.606,61.133,61.778,62.599,63.536,64.474,65.471,66.408,67.346,68.284,69.105,69.808,70.218,70.394,70.394,70.218,69.867,69.339,68.812,68.108,67.288,66.408,65.471,64.533,63.712,62.892,62.13,61.309,60.488,59.727,59.023,58.554,58.671,60.371,64.709,72.094,81.706,92.374,103.45,114.53,125.14,134.22,141.2,145.42,146.83,145.65,142.49,137.92,132.41,126.55,120.63,114.65,108.96,103.57,98.352,93.546,89.092,84.93,81.003,77.252,73.676,70.335,67.346,64.884,62.774,61.25,60.02,59.316,58.965,59.023,59.433,60.02,60.899,62.012,63.243,64.533,65.939,67.112,68.225,69.163,69.984,70.687,71.156,71.332,71.332,71.039,70.57,69.867,69.105,68.225,67.288,66.291,65.295,64.298,63.302,62.305,61.368,60.547,59.785,59.199,58.965,59.727,62.481,68.05,76.373,86.571,97.59,108.84,119.92,129.89,137.97,143.54,146.3,146.3,144.07,140.14,135.1,129.53,123.79,118.16,112.77,107.79,103.04,98.587,94.484,90.674,87.099,83.758,80.534,77.486,74.497,71.742,69.339,67.346,65.881,64.767,64.181,63.947,64.122,64.591,65.353,66.408,67.698,68.987,70.277,71.625,72.797,73.852,74.79,75.493,75.904,76.021,75.962,75.669,75.2,74.497,73.735,72.856,71.918,62.364,61.837,62.13,64.181,69.222,77.486,87.743,98.997,110.66,122.38,133.34,142.66,149.46,153.45,154.5,153.16,149.99,145.65,140.61,135.22,129.83,124.44,119.22,114.24,109.55,105.03,100.81,96.77,92.901,89.209,85.575,81.999,78.541,75.376,72.621,70.277,68.343,66.877,65.705,65.002,64.474,64.298,64.416,64.767,65.412,66.233,67.112,68.108,69.046,69.925,70.746,71.449,71.918,72.211,72.387,72.211,71.918,71.449,70.746,69.925,69.046,68.108,67.17,66.174,65.236,64.298,63.419,62.54,61.719,61.075,60.488,60.488,61.895,65.998,73.09,82.468,93.077,104.21,115.58,126.55,136.04,143.31,147.82,149.46,148.64,145.83,141.73,136.8,131.47,126.02,120.51,115.12,110.02,105.09,100.52,96.242,92.139,88.154,84.344,80.71,77.31,74.145,71.449,69.046,67.053,65.353,64.122,63.302,62.833,62.833,63.067,63.361,63.771,64.298,65.002,65.822,66.643,67.581,68.46,69.163,69.749,70.101,70.394,70.629,70.629,70.394,69.984,69.339,68.694,67.932,67.17,66.35,65.588,64.767,63.829,62.892,62.012,61.133,60.313,59.492,58.73,58.085,57.851,58.789,62.071,68.401,77.369,87.743,98.645,109.84,120.63,130.24,137.97,143.19,145.54,145.3,142.9,138.97,134.05,128.48,122.74,117.05,111.54,106.27,101.22,96.535,92.139,87.919,83.934,80.124,76.49,73.09,70.042,67.288,64.884,62.892,61.368,60.313,59.668,59.375,59.433,59.668,60.195,60.899,61.837,62.833,63.829,64.884,65.822,66.584,67.346,67.991,68.46,68.812,68.929,68.87,68.636,68.225,67.581,66.936,66.174,65.295,64.416,63.595,62.716,61.895,61.192,60.371,59.609,58.847,58.144,57.734,57.616,58.496,61.368,67.112,75.376,85.223,95.832,106.68,117.23,126.84,134.63,139.85,142.31,142.19,139.97,136.22,131.47,126.31,120.86,115.41,110.25,105.39,100.81,96.477,92.432,88.505,84.754,81.12,77.545,74.087,70.98,68.108,65.705,63.712,62.188,61.075,60.43,60.137,60.195,60.43,60.899,61.719,62.657,63.771,64.943,65.939,66.877,67.756,68.46,69.105,69.632,69.925,70.042,69.984,69.691,69.163,68.46,67.698,66.819,65.881,65.002,64.064,63.185,62.364,61.544,60.782,60.02,59.375,58.847,58.906,60.371,64.298,71.097,80.358,90.909,102.05,113.36,124.26,133.93,141.49,146.41,148.47,148,145.36,141.26,136.1,130.47,124.73,119.16,113.88,108.84,104.16,99.759,95.598,91.729,88.037,84.52,81.12,77.721,74.497,71.508,68.812,66.584,64.943,63.595,62.716,62.188,61.895,62.012,62.305,62.892,63.712,64.65,65.588,66.526,67.405,68.284,68.987,69.691,70.277,70.746,70.922,70.922,70.687,70.218,69.632,68.87,68.05,67.229,66.291,65.412,64.533,63.654,62.774,62.012,61.192,60.488,59.844,59.551,60.371,63.419,69.456,78.307,88.681,99.935,111.54,122.97,133.46,142.08,147.94,150.87,151.1,149.11,145.48,140.85,135.63,130.06,124.49,118.93,113.59,108.55,103.86,99.407,95.305,91.377,87.568,83.816,80.241,76.783,73.676,70.922,68.518,66.526,64.943,63.654,62.833,62.481,62.423,62.657,63.185,63.771,64.591,65.471,66.408,67.346,68.284,69.046,69.749,70.218,70.687,70.922,70.98,70.863,70.394,69.749,68.929,68.05,67.17,66.233,65.178,64.122,63.067,62.012,60.899,59.902,58.965,58.085,57.382,56.972,57.499,60.137,65.881,74.614,85.223,96.77,108.73,120.63,131.59,140.85,147.41,150.99,151.63,149.81,146.24,141.55,136.22,130.53,124.9,119.45,114.3,109.43,104.92,100.7,96.653,92.843,89.15,85.575,82.058,78.6,75.318,72.211,69.398,67.17,65.353,64.005,63.185,62.833,62.892,63.361,64.122,65.178,66.35,67.698,68.987,70.277,71.625,72.797,73.852,74.731,75.435,75.904,76.197,76.197,75.845,75.376,74.673,73.852,72.856,71.918,70.98,70.101,69.222,68.343,67.463,66.643,65.939,65.295,65.002,65.588,68.343,74.028,82.644,93.194,104.68,116.52,128.24,138.8,147.41,153.21,156.14,156.2,154.03,150.28,145.59,140.26,134.63,129.12,123.73,118.63,113.71,109.2,104.86,100.76,96.887,93.136,89.443,85.926,82.527,79.42,76.666,74.38,72.504,71.039,70.042,69.339,69.046,69.046,69.28,69.867,70.511,71.273,72.211,73.149,74.028,74.849,75.611,76.197,76.548,76.724,76.724,76.548,76.138,75.552,74.731,73.735,72.739,71.625,70.511,69.339,68.225,67.112,65.939,64.884,63.829,62.892,62.247,62.188,63.829,68.401,75.962,85.692,96.36,107.5,118.57,128.89,137.62,144.01,147.7,148.53,147,143.6,138.97,133.64,127.95,122.27,116.7,111.36,106.32,101.46,97.004,92.726,88.681,84.813,81.062,77.369,73.852,70.57,67.698,65.295,63.419,62.071,61.192,60.723,60.606,60.782,61.25,62.012,62.833,63.947,64.943,65.939,66.819,67.581,68.284,68.987,69.456,69.925,70.218,70.335,70.277,70.042,69.632,69.105,68.46,67.815,66.995,66.115,65.178,64.24,63.302,62.423,61.485,60.606,59.785,59.023,58.437,58.085,58.437,60.254,64.591,71.918,81.53,92.374,103.69,115.06,125.78,134.93,141.67,145.54,146.47,144.95,141.43,136.63,131.06,125.26,119.51,113.94,108.61,103.69,99.056,94.66,90.498,86.513,82.527,78.776,75.318,72.094,69.163,66.643,64.533,62.892,61.661,60.782,60.371,60.254,60.547,61.133,62.012,63.126,64.298,65.529,66.76,67.991,69.105,70.16,71.039,71.742,72.211,72.504,72.621,72.446,72.094,71.566,70.922,70.101,69.222,68.284,67.346,66.408,65.471,64.591,63.771,63.009,62.364,62.012,62.481,64.884,69.867,77.545,87.099,97.59,108.55,119.34,129.3,137.56,143.43,146.47,146.83,144.89,141.26,136.51,131.06,125.37,119.69,114.18,108.84,103.8,99.056,94.601,90.44,86.395,82.644,79.127,75.728,72.739,70.16,68.05,66.35,65.119,64.298,63.947,63.947,64.298,64.884,65.588,66.526,67.522,68.636,69.632,70.57,71.332,72.035,72.621,73.032,73.383,73.501,73.501,73.325,72.973,72.563,71.977,71.332,70.629,69.749,68.87,67.991,67.053,66.057,65.119,64.24,63.361,62.54,61.778,61.25,61.192,62.423,66.233,73.149,82.82,93.781,105.39,117.23,128.77,139.03,147.06,152.1,154.03,153.1,150.05,145.48,140.03,134.22,128.3,122.5,116.93,111.66,106.68,101.93,97.415,93.194,89.092,85.223,81.53,78.072,74.849,72.094,69.749,67.815,66.35,65.353,64.767,64.591,64.884,65.353,65.998,66.877,67.815,68.87,70.042,71.156,72.211,73.09,73.852,74.438,74.79,74.907,74.849,74.614,74.145,73.559,72.856,72.094,71.273,70.394,69.573,68.636,67.698,66.877,66.057,65.295,64.591,64.064,63.654,64.064,66.115,70.922,78.541,88.154,98.587,109.49,120.21,130.24,138.44,144.25,147.18,147.24,145.07,141.14,136.04,130.41,124.55,118.75,113.12,107.67,102.57,97.649,93.194,88.974,85.047,81.296,77.779,74.614,71.742,69.28,67.229,65.705,64.65,64.064,63.771,63.829,64.24,64.943,65.705,66.76,67.815,68.929,69.984,70.98,71.918,72.739,73.383,73.794,73.969,73.969,73.735,73.325,72.68,71.977,71.156,70.277,69.222,68.108,66.819,65.471,64.122,62.833,61.661,60.547,59.492,58.378,57.323,56.21,55.331,54.803,55.331,58.027,63.771,72.211,82.175,92.726,103.51,114.12,123.73,131.7,137.15,139.85,139.67,137.1,132.88,127.48,121.5,115.23,109.2,103.33,97.942,92.784,87.978,83.465,79.186,75.2,71.332,67.874,64.709,62.13,59.902,58.144,56.913,56.093,55.741,55.741,56.093,56.796,57.734,58.789,59.961,61.192,62.423,63.595,64.709,65.705,66.643,67.463,68.108,68.518,68.87,68.987,68.929,68.636,68.225,67.698,66.995,66.115,65.236,64.24,63.185,62.188,61.192,60.313,59.433,58.613,57.792,56.972,56.268,55.917,56.386,58.437,63.009,70.16,79.186,89.033,99.232,109.31,118.69,126.55,132.29,135.45,135.86,133.99,130.36,125.43,119.8,113.88,107.91,102.16,96.711,91.612,86.864,82.351,78.19,74.263,70.629,67.288,64.357,61.837,59.785,58.085,56.913,56.034,55.624,55.565,55.858,56.444,57.148,58.027,59.023,60.137,61.25,62.364,63.419,64.416,65.353,66.115,66.76,67.112,67.229,67.229,66.995,66.467,65.881,65.119,64.298,63.419,62.599,61.837,61.192,60.371,59.492,58.554,57.616,56.796,56.151,56.034,56.796,59.316,64.416,72.152,81.648,92.022,102.81,113.47,123.44,131.7,137.62,140.79,141.2,139.21,135.28,130.18,124.49,118.57,112.77,107.26,102.05,97.239,92.667,88.447,84.403,80.534,76.841,73.383,70.16,67.17,64.591,62.364,60.547,59.199,58.261,57.734,57.675,57.968,58.496,59.258,60.195,61.192,62.247,63.361,64.357,65.353,66.35,67.17,67.874,68.401,68.753,68.87,68.753,68.46,68.108,67.581,66.995,66.233,65.412,64.474,63.536,62.599,61.719,60.899,60.195,59.433,58.671,58.027,57.675,58.261,60.899,66.76,75.552,86.337,98.001,109.78,121.5,132.11,140.96,147.24,150.52,150.81,148.7,144.77,139.85,134.28,128.54,122.91,117.58,112.48,107.67,103.1,98.821,94.718,90.967,87.509,84.168,81.003,77.897,75.083,72.563,70.511,68.87,67.698,66.936,66.526,66.526,66.76,67.229,67.815,68.636,69.573,70.57,71.566,72.621,73.501,74.263,74.79,75.2,75.435,75.435,75.318,74.966,74.556,73.911,73.09,72.211,71.273,70.335,69.339,68.401,67.581,66.819,66.057,65.295,64.65,64.474,65.529,68.987,75.669,84.989,95.832,107.38,119.1,130.41,140.38,148.06,152.8,154.62,153.86,151.05,146.83,141.67,135.98,130.24,124.55,119.1,113.88,108.9,104.27,99.994,95.832,91.964,88.154,84.52,81.062,77.779,74.849,72.387,70.277,68.694,67.522,66.819,66.408,66.291,66.467,66.936,67.581,68.401,69.398,70.511,71.508,72.446,73.207,73.911,74.438,74.79,74.966,74.966,74.731,74.321,73.618,72.856,71.918,70.863,69.749,68.518,67.288,66.057,64.884,63.654,62.599,61.544,60.547,59.727,59.316,60.02,63.067,69.28,78.307,88.916,100.23,111.95,123.38,133.75,142.02,147.41,149.81,149.23,146.36,141.84,136.39,130.3,124.26,118.28,112.6,107.32,102.34,97.708,93.429,89.385,85.399,81.589,78.014,74.556,71.449,68.518,66.115,64.122,62.481,61.309,60.664,60.488,60.606,61.075,61.661,62.54,63.478,64.591,65.646,66.76,67.756,68.636,69.398,70.101,70.57,70.863,70.98,70.863,70.629,70.277,69.808,69.163,68.343,67.405,66.467,65.529,64.65,63.712,62.774,61.837,60.899,59.961,59.082,58.496,58.144,58.789,61.25,66.35,74.38,84.285,95.07,106.27,117.23,127.37,135.75,141.55,144.42,144.48,142.19,138.03,132.82,126.84,120.8,114.94,109.37,104.16,99.29,94.66,90.322,86.161,82.175,78.365,74.731,71.332,68.284,65.588,63.302,61.544,60.254,59.316,58.789,58.671,58.847,59.375,60.137,60.957,62.13,63.302,64.533,65.822,66.995,67.991,68.87,69.456,69.984,70.218,70.277,70.101,69.749,69.105,68.343,67.522,66.643,65.822,64.943,64.064,63.126,62.247,61.368,60.488,59.727,59.199,59.199,60.313,63.654,69.984,79.069,89.678,101.05,112.71,124.02,134.11,142.14,147.35,149.58,148.94,146.06,141.61,136.16,130.3,124.38,118.63,113.06,107.79,102.81,98.177,93.781,89.678,85.751,82.058,78.483,75.259,72.387,69.925,67.932,66.35,65.295,64.65,64.474,64.591,65.06,65.588,66.35,67.229,68.225,69.339,70.511,71.625,72.563,73.383,74.028,74.556,74.907,75.083,75.083,74.966,74.614,74.087,73.442,72.621,71.742,70.804,69.808,68.87,67.932,66.995,66.057,65.178,64.298,63.536,62.833,62.423,62.833,65.178,70.57,79.127,89.795,101.46,113.65,125.78,137.04,146.3,152.75,155.97,156.2,153.86,149.81,144.6,138.8,132.64,126.43,120.39,114.59,109.31,104.39,99.876,95.656,91.671,87.861,84.109,80.417,76.9,73.676,70.804,68.343,66.35,64.767,63.654,62.833,62.54,62.481,62.774,63.361,64.122,65.06,66.057,67.053,68.108,69.105,70.101,70.98,71.684,72.152,72.504,72.504,72.211,71.742,71.156,70.511,69.749,68.87,67.932,66.936,65.822,64.709,63.654,62.716,61.895,61.192,60.488,60.02,60.313,62.188,66.819,74.438,83.992,94.601,105.56,116.46,126.72,135.34,141.67,145.13,145.65,143.66,139.91,134.99,129.36,123.44,117.46,111.66,106.15,100.99,96.125,91.612,87.45,83.465,79.655,75.962,72.504,69.339,66.643,64.416,62.657,61.309,60.43,59.844,59.668,59.785,60.254,60.84,61.719,62.716,63.771,64.943,65.998,66.995,67.874,68.636,69.163,69.749,70.101,70.335,70.394,70.218,69.867,69.28,68.636,67.815,66.995,66.057,65.178,64.298,63.361,62.481,61.544,60.606,59.727,58.906,58.261,57.616,57.206,57.616,59.668,64.591,72.446,82.234,93.077,104.27,115.47,126.08,134.93,141.43,145.13,145.89,144.19,140.5,135.63,129.94,123.91,117.93,112.01,106.38,101.05,96.066,91.319,86.864,82.644,78.717,75.024,71.625,68.518,65.881,63.654,61.895,60.723,59.961,59.609,59.492,59.609,59.902,60.547,61.368,62.364,63.536,64.709,65.881,66.995,67.932,68.694,69.222,69.691,69.984,70.16,70.101,69.925,69.456,68.929,68.167,67.346,66.408,65.412,64.474,63.536,62.599,61.661,60.782,59.844,59.023,58.261,57.616,57.499,58.613,62.071,68.518,77.545,87.861,98.763,109.72,120.45,130.12,137.86,143.07,145.42,145.07,142.37,138.09,132.93,127.13,121.15,115.35,109.66,104.39,99.407,94.777,90.498,86.337,82.468,78.658,75.2,71.859,68.987,66.408,64.357,62.657,61.426,60.547,60.02,59.902,60.137,60.547,61.192,62.012,63.009,64.122,65.295,66.467,67.463,68.401,69.222,69.867,70.335,70.629,70.687,70.629,70.277,69.867,69.28,68.518,67.581,66.643,65.646,64.65,63.654,62.716,61.837,61.075,60.254,59.433,58.671,58.085,58.085,59.551,63.536,70.687,80.182,90.967,102.28,113.83,124.9,134.87,142.61,147.53,149.58,148.82,145.89,141.43,136.1,130.36,124.55,118.87,113.36,108.2,103.28,98.645,94.308,90.029,86.044,82.292,78.658,75.318,72.211,69.456,67.053,65.06,63.478,62.364,61.602,61.368,61.426,61.778,62.423,63.185,64.064,65.002,65.998,66.995,67.991,68.929,69.808,70.629,71.156,71.625,71.742,71.684,71.449,70.922,70.277,69.573,68.694,67.756,66.76,65.646,64.591,63.595,116.87,111.48,106.44,101.75,97.356,93.312,89.502,85.809,82.175,78.6,75.318,72.211,69.456,67.17,65.295,63.829,62.833,62.247,62.071,62.188,62.54,63.185,63.947,64.884,65.939,67.053,68.108,69.046,69.867,70.57,71.097,71.508,71.684,71.684,71.508,71.097,70.629,69.925,69.046,68.108,67.112,66.115,65.119,64.181,63.302,62.423,61.602,60.723,59.844,59.258,58.965,59.961,63.419,70.042,79.303,90.088,101.63,113.59,125.43,136.22,145.01,151.05,154.09,154.15,151.92,147.88,142.72,136.98,131.06,125.26,119.63,114.24,109.14,104.39,99.876,95.656,91.729,87.919,84.227,80.593,77.135,73.852,70.922,68.46,66.408,64.767,63.595,62.833,62.481,62.481,62.716,63.243,63.829,64.65,65.588,66.526,67.463,68.284,69.046,69.691,70.16,70.511,70.687,70.687,70.394,69.925,69.222,68.401,67.522,66.584,65.646,64.65,63.712,62.716,61.778,60.84,59.961,59.082,58.261,57.558,57.148,57.675,60.313,66.057,74.849,85.458,97.004,108.79,120.68,131.7,140.91,147.47,151.05,151.57,149.46,145.59,140.61,135.04,129.24,123.44,117.81,112.42,107.38,102.69,98.235,94.132,90.147,86.337,82.586,79.01,75.493,72.152,69.222,66.584,64.416,62.657,61.426,60.664,60.313,60.313,60.664,61.309,62.188,63.185,64.298,65.353,66.408,67.405,68.343,69.222,69.984,70.57,70.922,71.156,71.156,70.922,70.511,69.925,69.222,68.46,67.581,66.76,65.822,64.884,63.947,63.009,62.071,61.192,60.371,59.668,59.433,60.195,63.067,68.987,77.662,88.154,99.466,111.19,122.74,133.34,142.02,147.94,150.75,150.75,148.35,144.36,139.38,133.93,128.24,122.56,117.05,111.83,106.97,102.51,98.235,94.249,90.381,86.63,82.937,79.362,75.904,72.797,69.984,67.522,65.588,64.064,62.892,62.13,61.719,61.661,62.012,62.54,63.419,64.416,65.471,66.584,67.756,68.753,69.749,70.57,71.273,71.742,72.035,72.035,71.859,71.508,70.922,70.277,69.456,68.636,67.815,66.936,66.057,65.178,64.298,63.478,62.657,62.012,61.485,61.719,63.712,68.46,76.255,86.102,97.063,108.61,120.39,131.47,141.14,148.23,152.45,153.57,152.04,148.64,143.78,138.15,132.17,126.08,120.1,114.47,109.25,104.45,99.994,95.773,91.788,88.037,84.403,80.944,77.486,74.38,71.508,69.046,66.995,65.353,64.24,63.478,63.185,63.185,63.419,63.947,64.533,65.353,66.291,67.288,68.284,69.222,70.16,70.922,71.508,71.801,71.918,71.859,71.625,71.156,70.629,69.984,69.28,68.46,67.522,66.584,65.646,64.709,63.771,62.892,62.012,61.133,60.371,59.668,59.258,59.727,62.071,67.346,75.786,86.337,98.001,110.13,122.33,133.75,143.31,150.22,154.09,154.91,153.1,149.4,144.42,138.68,132.52,126.43,120.51,114.94,109.72,104.8,100.17,95.715,91.553,87.568,83.816,80.241,76.724,73.501,70.511,67.874,65.705,64.064,62.833,62.071,61.719,61.719,62.071,62.657,63.478,64.474,65.529,66.76,67.932,69.046,70.042,70.863,71.508,71.977,72.152,72.152,71.977,71.566,70.922,70.218,69.398,68.518,67.581,66.584,65.529,64.416,63.419,62.481,61.661,60.84,60.02,59.433,59.023,59.668,62.247,67.815,76.548,87.275,98.939,110.9,123.03,134.28,143.72,150.28,153.68,153.98,151.75,147.7,142.49,136.69,130.65,124.73,119.04,113.65,108.67,103.98,99.7,95.656,91.788,88.154,84.637,81.179,77.779,74.556,71.566,68.87,66.526,64.709,63.419,62.657,62.364,62.481,62.833,63.361,64.064,64.943,65.881,66.936,68.05,69.046,69.925,70.687,71.215,71.684,71.977,72.035,71.918,71.508,70.863,70.042,69.163,68.343,67.522,66.76,65.822,64.767,63.771,62.716,61.719,60.84,60.195,59.785,60.313,62.716,68.05,76.431,86.923,98.47,110.54,122.56,133.75,143.07,149.7,153.21,153.8,151.87,148.11,143.13,137.56,131.7,125.78,120.21,115,110.07,105.39,101.05,96.946,92.96,89.326,85.692,82.175,78.658,75.376,72.387,69.808,67.756,66.057,64.884,64.064,63.595,63.536,63.771,64.357,65.178,66.233,67.346,68.518,69.632,70.629,71.566,72.387,72.973,73.501,73.794,73.794,73.618,73.149,72.621,71.801,70.922,69.925,68.929,67.932,66.936,65.998,65.119,64.24,63.361,62.54,61.778,61.368,61.895,64.474,70.101,78.776,89.502,101.22,113.53,125.84,137.21,146.53,152.98,156.2,156.38,154.09,150.11,145.07,139.32,133.23,127.25,121.45,115.94,110.72,105.85,101.22,96.887,92.608,88.623,84.813,81.237,77.779,74.673,71.859,69.398,67.405,65.705,64.533,63.712,63.419,63.536,63.829,64.474,65.178,66.057,66.995,67.932,68.87,69.808,70.629,71.332,71.918,72.387,72.621,72.68,72.504,72.152,71.625,70.922,70.16,69.222,68.284,67.288,66.291,65.353,64.474,63.595,62.716,61.837,61.075,60.371,60.195,61.309,64.884,71.684,81.179,92.198,103.92,116.05,127.83,138.44,146.77,152.1,154.33,153.68,150.75,146.3,140.79,134.81,128.6,122.5,116.52,111.01,105.8,100.99,96.477,92.315,88.212,84.344,80.593,77.076,73.676,70.687,68.108,65.998,64.298,63.009,62.13,61.661,61.544,61.719,62.188,62.833,63.712,64.65,65.705,66.819,67.815,68.812,69.632,70.335,70.98,71.449,71.625,71.566,71.215,70.804,70.16,69.456,68.694,67.815,66.877,65.881,64.884,63.947,63.009,62.071,61.192,60.371,59.609,58.965,58.789,59.727,63.009,69.28,78.307,88.798,100.05,111.77,123.32,133.75,142.08,147.59,150.05,149.7,147,142.66,137.39,131.53,125.55,119.63,113.88,108.43,103.28,98.47,94.015,89.736,85.751,81.824,77.897,74.321,70.98,68.108,65.646,63.771,62.305,61.192,60.488,60.137,60.137,60.43,60.957,61.719,62.54,63.536,64.591,65.705,66.936,67.991,68.929,69.749,70.277,70.687,70.863,70.863,70.629,70.16,69.632,68.929,68.108,67.17,66.233,65.295,64.357,63.419,62.423,61.426,60.488,59.668,98.411,93.781,89.385,85.164,81.179,77.428,73.852,70.629,67.756,65.295,63.243,61.544,60.313,59.492,59.023,58.965,59.316,59.961,60.782,61.719,62.716,63.771,64.943,65.998,67.053,67.991,68.753,69.339,69.808,70.042,70.101,69.984,69.691,69.163,68.46,67.698,66.819,65.881,64.884,63.947,63.067,62.188,61.309,60.43,59.551,58.789,58.144,57.91,58.613,61.368,67.112,75.611,85.868,97.004,108.43,119.86,130.36,139.03,145.13,148.06,148.11,145.89,141.78,136.69,130.94,124.9,118.98,113.3,107.91,102.92,98.235,93.781,89.678,85.751,81.999,78.365,74.849,71.625,68.636,66.057,63.829,62.188,60.84,60.02,59.609,59.551,59.844,60.488,61.309,62.305,63.361,64.416,65.412,66.408,67.405,68.343,69.222,69.867,70.277,70.511,70.511,70.277,69.984,69.398,68.753,67.932,66.936,65.939,64.943,64.005,63.067,62.188,61.25,60.371,59.551,58.73,58.144,58.085,59.316,63.009,69.867,79.362,90.44,102.16,114.12,125.61,135.81,143.78,148.99,151.1,150.52,147.59,143.19,137.86,132.05,126.19,120.39,114.88,109.66,104.8,100.23,96.066,92.198,88.505,84.93,81.472,78.131,74.79,71.684,68.87,66.467,64.533,63.126,62.071,61.426,61.192,61.309,61.719,62.423,63.243,64.181,65.119,66.115,67.053,67.991,68.87,69.749,70.394,70.863,70.98,70.863,70.511,69.984,69.339,68.636,67.815,66.995,66.174,65.236,64.357,63.419,62.423,61.426,60.547,59.727,59.199,59.258,60.547,64.24,71.039,80.593,91.788,103.8,116.05,127.83,138.33,146.47,151.69,153.68,152.92,149.93,145.42,140.03,134.28,128.48,122.74,117.28,112.24,107.55,103.22,99.173,95.305,91.553,87.919,84.403,80.944,77.545,74.438,71.508,68.987,66.819,65.002,63.536,62.599,62.071,61.895,62.188,62.657,63.419,64.357,65.295,66.291,67.288,68.225,69.105,69.925,70.57,70.922,71.156,71.215,71.097,70.804,70.335,69.691,68.929,68.05,67.229,66.35,65.471,64.591,63.712,62.833,62.071,61.309,60.782,60.664,61.837,65.295,71.859,81.12,92.139,103.92,116.05,128.01,138.62,147.06,152.57,154.91,154.39,151.51,147.12,141.73,135.98,130.18,124.44,118.93,113.71,108.79,104.21,99.994,96.066,92.257,88.623,85.106,81.589,78.248,74.907,71.977,69.339,67.229,65.529,64.357,63.478,63.009,62.774,62.892,63.361,64.005,64.767,65.646,66.643,67.698,68.518,69.398,70.16,70.804,71.273,71.625,71.684,71.508,71.156,70.629,69.925,69.105,68.284,67.405,66.526,65.588,64.709,63.771,62.774,61.837,61.075,60.313,59.902,60.313,62.54,67.581,75.786,86.102,97.532,109.61,121.86,133.4,143.25,150.4,154.39,155.09,153.21,149.35,144.25,138.5,132.47,126.55,120.8,115.29,110.13,105.33,100.81,96.535,92.55,88.681,84.989,81.355,77.897,74.673,71.684,68.987,66.76,64.884,63.419,62.423,61.895,61.778,61.895,62.364,63.067,63.829,64.709,65.705,66.76,67.756,68.753,69.691,70.511,71.097,71.566,71.801,71.859,71.742,71.508,71.097,70.629,69.984,69.222,68.46,67.756,66.936,66.115,65.295,64.474,63.712,63.126,62.657,62.774,64.357,68.401,75.669,85.633,97.063,109.25,121.74,133.75,144.25,152.16,157.08,158.72,157.67,154.56,150.05,144.72,139.03,133.17,127.37,121.8,116.46,111.48,106.79,102.34,98.235,94.308,90.557,86.864,83.289,79.831,76.724,74.028,71.801,69.925,68.46,67.463,66.877,66.584,66.819,67.229,67.932,68.812,69.749,70.804,71.859,72.973,74.028,74.849,75.552,76.021,76.255,76.255,75.962,75.552,74.907,74.087,73.207,72.27,71.332,70.335,69.339,68.987,68.167,67.288,66.408,65.529,64.591,63.712,62.774,61.895,61.075,60.371,59.961,60.371,62.481,67.405,75.435,85.751,97.18,109.25,121.45,132.99,142.72,149.93,153.98,154.91,153.33,149.76,145.01,139.56,133.87,128.13,122.56,117.17,112.13,107.38,102.92,98.821,94.894,91.26,87.685,84.168,80.71,77.369,74.145,71.273,68.812,66.819,65.178,64.005,63.185,62.774,62.716,63.009,63.419,64.122,64.767,65.588,66.467,67.463,68.401,69.28,69.984,70.57,70.922,71.097,71.097,70.922,70.57,70.042,69.456,68.753,67.991,67.17,66.35,65.471,64.65,63.771,63.009,62.305,61.895,62.481,65.002,70.394,78.658,88.916,100.11,111.95,123.67,134.58,143.6,149.93,153.1,153.39,151.16,147.29,142.31,136.74,130.88,125.08,119.34,113.88,108.67,103.8,99.29,95.07,91.026,87.216,83.582,80.065,76.666,73.501,70.57,67.991,65.822,64.122,62.833,62.012,61.544,61.426,61.661,62.188,62.892,63.712,64.65,65.588,66.526,67.463,68.401,69.28,70.042,70.629,70.98,71.156,71.097,70.922,70.629,70.101,69.398,68.694,67.874,66.995,66.115,65.178,64.24,63.302,62.364,61.485,60.723,59.961,59.492,59.727,61.661,66.408,74.263,84.285,95.598,107.55,119.8,131.59,141.84,149.7,154.33,155.73,154.44,150.99,146.18,140.55,134.58,128.42,122.56,116.87,111.48,106.5,101.81,97.297,92.96,88.916,84.93,81.179,77.486,73.969,70.804,67.991,65.646,63.771,62.305,61.309,60.664,60.43,60.547,60.957,61.661,62.54,63.536,64.65,65.881,66.936,67.932,68.87,69.691,70.335,70.863,71.097,71.156,70.98,70.629,70.042,69.339,68.636,67.815,66.995,66.057,65.119,64.24,63.361,62.599,61.837,61.192,60.782,61.075,62.774,67.17,74.497,84.227,95.363,107.2,119.22,130.88,140.96,148.82,153.57,155.21,154.09,150.93,146.36,140.96,135.22,129.36,123.67,118.28,113.24,108.43,103.98,99.818,95.773,91.905,88.154,84.461,80.886,77.545,74.556,71.977,69.749,67.932,66.526,65.588,65.119,64.943,65.06,65.471,66.115,66.995,67.932,68.929,69.925,70.922,71.859,72.739,73.501,74.028,74.438,74.556,74.497,74.263,73.735,73.09,72.27,71.449,70.394,69.398,68.401,67.405,66.35,65.412,64.474,63.595,62.774,62.247,62.364,64.24,68.987,76.9,87.099,98.587,110.72,123.03,134.75,144.66,152.04,156.32,157.49,155.97,152.57,147.88,142.43,136.63,130.65,124.85,119.16,113.88,108.9,104.27,100.11,96.125,92.257,88.505,84.871,81.296,77.838,74.731,72.035,69.749,67.932,66.526,65.588,65.06,64.767,64.943,65.295,65.939,66.76,67.756,68.753,69.867,70.863,71.859,72.68,73.325,73.794,74.087,74.263,74.145,73.852,73.442,72.856,72.152,71.332,70.511,69.573,68.46,67.463,66.467,65.529,64.709,64.005,63.243,62.599,62.423,63.536,67.17,74.028,83.465,94.425,105.97,117.87,129.3,139.32,146.94,151.51,152.98,151.81,148.47,143.78,138.33,132.41,126.43,120.57,114.88,109.43,104.27,99.466,95.011,90.674,86.513,82.41,78.541,74.907,71.625,68.753,66.233,64.122,62.305,60.899,60.02,59.551,59.492,59.727,60.137,60.664,61.368,62.188,63.126,64.181,65.178,66.115,66.936,67.581,68.167,68.636,68.87,68.987,69.046,68.929,68.636,68.108,67.346,66.467,65.529,64.533,63.536,62.599,61.602,60.664,59.785,58.965,58.32,57.616,57.089,56.913,57.851,60.957,67.112,75.786,86.102,97.063,108.14,118.81,128.42,136.16,141.43,143.66,143.19,140.44,136.04,130.77,124.96,119.1,113.36,107.79,102.63,97.59,92.843,88.447,84.227,80.241,76.49,72.914,69.632,66.584,64.005,61.837,60.195,58.906,58.085,57.734,57.675,57.91,58.437,59.023,59.902,60.899,62.012,63.126,64.24,65.295,66.233,67.053,67.756,68.284,68.636,68.812,68.812,68.636,68.284,67.815,67.112,66.408,65.588,64.709,63.829,63.009,62.13,61.309,60.43,59.551,58.671,57.851,57.206,57.03,57.968,60.957,66.877,75.435,85.692,96.653,107.96,119.04,129.07,137.15,142.66,145.24,145.07,142.49,138.38,133.23,127.54,121.74,115.99,110.54,105.39,100.4,95.832,91.495,87.333,83.465,79.831,76.431,73.032,69.867,66.936,64.298,62.188,60.488,59.375,58.671,58.378,58.437,58.73,59.316,60.137,61.075,62.071,63.185,64.298,65.353,66.35,67.288,68.108,68.753,69.163,69.398,69.456,69.339,69.105,68.636,67.991,67.17,66.291,65.353,64.474,63.595,62.774,61.895,61.075,60.313,59.727,59.668,60.782,64.181,70.335,79.01,89.15,100.11,111.48,122.56,132.47,140.38,145.54,147.76,147.24,144.54,140.38,135.22,129.65,124.02,118.52,113.18,108.02,103.28,98.763,94.543,90.557,86.806,83.113,79.479,76.021,72.797,69.808,67.288,65.236,63.654,62.54,61.719,61.25,61.075,61.25,61.719,62.54,63.536,64.533,65.529,66.467,67.346,68.167,68.987,69.808,70.394,70.863,71.097,71.156,70.98,70.629,70.101,69.573,68.87,68.108,67.229,66.35,65.412,64.474,63.536,62.54,61.661,60.782,60.137,59.609,59.668,61.192,65.295,72.446,81.999,92.784,104.39,116.35,128.07,138.44,146.41,151.46,153.39,152.45,149.29,144.72,139.38,133.58,127.6,121.8,116.23,111.01,106.09,101.46,97.18,93.194,89.385,85.633,82.058,78.541,75.259,72.152,69.456,67.17,65.295,63.947,63.067,62.54,62.423,62.54,62.833,63.419,64.064,64.943,65.881,66.877,67.874,68.87,69.749,70.57,71.156,71.566,71.684,71.625,71.273,70.863,70.335,69.691,68.929,68.108,67.229,66.291,65.353,64.416,63.536,62.657,61.778,61.075,60.547,60.547,62.071,65.939,72.739,81.882,92.315,103.45,115,126.25,136.16,143.95,148.82,150.69,149.81,146.83,142.31,136.92,131.18,125.37,119.63,114.12,108.9,104.04,99.466,95.129,90.967,87.04,83.289,79.655,76.255,73.032,70.101,67.522,65.412,63.654,62.364,61.426,60.957,60.899,61.192,61.661,62.364,63.185,64.181,65.295,66.408,67.522,68.46,69.339,69.984,70.394,70.746,70.863,70.863,70.687,70.277,69.691,68.929,68.05,67.112,66.115,65.06,64.005,63.009,62.071,61.25,60.488,59.727,59.199,58.847,59.668,62.657,68.87,77.838,88.681,100.35,112.42,124.26,134.99,143.6,149.46,152.28,152.22,149.93,145.95,140.91,135.34,129.53,123.79,118.1,112.65,107.61,102.81,98.411,94.249,90.264,86.395,82.761,79.127,75.669,72.504,69.632,67.17,65.236,63.654,62.54,61.895,61.661,61.719,62.13,62.716,63.595,64.533,65.646,66.76,67.815,68.812,69.632,70.335,70.922,71.332,71.625,71.684,71.508,71.156,70.57,69.867,68.987,68.108,67.112,66.115,65.178,64.24,63.361,62.54,61.719,61.075,60.488,60.313,61.133,64.064,70.042,78.834,89.56,101.11,113.01,124.67,135.34,144.07,149.99,152.86,152.75,150.28,146.24,141.14,135.57,129.83,124.02,118.63,113.42,108.55,104.04,99.818,95.773,91.964,88.388,84.813,81.296,77.838,74.497,71.332,68.694,66.35,64.474,63.126,62.13,61.602,61.544,61.778,62.364,63.126,64.064,65.119,66.233,67.346,68.401,69.398,70.218,70.922,71.332,71.566,71.566,71.273,70.922,70.394,69.749,68.929,68.05,67.053,66.115,65.178,64.24,63.361,62.54,61.778,61.133,60.84,61.602,64.474,70.277,79.069,89.736,101.4,113.47,125.49,136.57,145.54,151.69,154.56,154.33,151.63,147.29,142.02,136.22,130.36,124.55,118.98,113.71,108.79,104.16,99.876,95.773,91.905,88.154,84.461,80.769,77.252,73.969,71.039,68.636,66.584,65.06,63.829,63.067,62.599,62.599,62.892,63.478,64.181,65.002,65.939,66.819,67.756,68.636,69.398,70.16,70.804,71.215,71.508,71.566,71.508,71.215,70.804,70.16,69.456,68.636,67.756,66.76,65.881,64.943,64.064,63.185,62.364,61.485,60.723,60.137,59.785,60.488,63.419,69.398,78.365,89.092,100.76,113.01,125.2,136.57,145.95,152.51,155.85,156.26,154.03,149.99,144.77,138.91,132.93,65.529,66.584,67.698,68.636,69.456,70.218,70.863,71.332,71.684,71.742,71.566,71.156,70.629,69.867,68.987,68.167,67.288,66.408,65.471,64.474,63.536,62.657,61.778,61.075,60.43,60.02,60.371,62.364,67.053,74.673,84.227,94.836,106.03,117.34,128.07,137.1,143.84,147.82,148.82,147.35,144.07,139.5,134.16,128.48,122.68,116.99,111.42,106.15,101.17,96.477,92.022,87.861,83.875,80.007,76.431,73.032,70.042,67.346,65.119,63.302,61.837,60.84,60.313,60.02,60.137,60.488,61.075,61.837,62.716,63.712,64.709,65.822,66.936,67.874,68.812,69.456,70.042,70.394,70.629,70.57,70.277,69.867,69.163,68.401,67.581,66.643,65.705,64.709,63.712,62.774,61.895,61.133,60.371,59.609,58.906,58.613,59.375,62.305,68.225,76.783,86.923,97.883,109.25,120.57,130.88,139.32,145.07,147.94,148,145.71,141.84,136.86,131.23,125.26,119.28,113.42,107.85,102.51,97.473,92.726,88.212,83.992,80.007,76.255,72.68,69.456,66.584,64.24,62.364,60.899,59.902,59.316,58.965,58.965,59.258,59.785,60.606,61.602,62.774,64.005,65.236,66.35,67.288,68.108,68.812,69.339,69.749,69.984,69.984,69.867,69.456,68.987,68.225,67.346,66.408,65.353,64.416,63.478,62.54,61.661,60.84,60.02,59.258,58.613,58.261,58.73,61.075,66.057,73.852,83.465,94.191,105.39,116.52,127.07,135.86,142.19,145.65,146.3,144.54,140.91,136.04,130.41,124.44,118.4,112.6,107.09,101.99,97.239,92.784,88.623,84.696,80.944,77.31,73.852,70.687,67.874,65.412,63.361,61.778,60.723,60.02,59.785,59.727,59.961,60.43,61.192,62.13,63.185,64.298,65.412,66.408,67.288,68.108,68.812,69.28,69.632,69.808,69.808,69.749,69.398,68.987,68.284,67.522,66.643,65.881,65.06,64.181,63.302,62.305,61.368,60.43,59.727,59.258,59.258,60.371,63.712,69.925,78.717,89.15,100.4,112.19,123.67,134.05,142.43,148.06,150.64,150.34,147.82,143.6,138.5,132.82,126.9,121.15,115.7,110.43,105.5,100.81,96.36,92.198,88.154,84.403,80.769,77.369,74.028,70.922,68.167,65.822,63.947,62.54,61.602,61.192,60.957,61.192,61.661,62.481,63.654,65.002,66.408,67.815,69.105,70.277,71.449,72.504,73.442,74.087,74.556,74.614,74.438,73.969,73.383,72.68,71.859,71.039,70.16,69.163,68.167,67.17,66.174,65.295,64.474,63.829,63.771,65.295,69.456,76.666,86.278,97.297,109.08,120.98,132.41,142.37,149.87,154.39,155.85,154.68,151.51,146.94,141.61,135.92,130.06,124.32,118.75,113.42,108.49,103.86,99.466,95.422,91.436,87.568,83.816,80.241,76.9,73.911,71.273,69.046,67.229,65.881,65.002,64.533,64.474,64.65,65.06,65.588,66.291,67.053,67.874,68.694,69.456,70.16,70.804,71.215,71.566,71.742,71.742,71.566,71.215,70.804,70.218,69.632,68.87,67.991,67.053,66.115,65.119,64.24,63.361,62.599,62.012,61.426,61.309,62.188,65.353,71.684,80.769,91.671,103.45,115.58,127.6,138.44,147.12,152.92,155.56,155.32,152.69,148.41,143.19,137.39,131.23,125.26,119.34,113.83,108.61,103.74,99.173,94.836,90.733,86.747,82.937,79.362,75.962,72.914,70.277,67.991,66.115,64.65,63.654,63.067,62.716,62.716,63.009,63.536,64.298,65.236,66.291,67.288,68.284,69.222,70.101,70.98,71.684,72.27,72.68,72.739,72.621,72.152,71.566,70.863,70.042,69.163,68.284,67.346,66.408,65.471,64.533,63.654,62.774,62.012,61.309,60.723,60.723,62.071,65.939,72.739,82.058,92.726,104.1,115.88,127.25,137.21,144.89,149.7,151.46,150.4,147.29,142.72,137.33,131.35,125.31,119.28,113.53,108.02,102.81,97.883,93.136,88.681,84.403,80.475,76.841,73.501,70.394,67.756,65.471,63.595,62.188,61.192,60.606,60.371,60.488,60.84,61.485,62.305,63.302,64.416,65.646,66.936,68.108,69.28,70.277,71.097,71.801,72.152,72.387,72.211,71.918,71.332,70.687,69.867,69.046,68.225,67.346,66.408,65.412,64.474,63.595,62.774,62.13,61.426,61.075,61.426,63.478,68.284,75.904,85.633,96.36,107.73,119.16,130,139.21,145.89,149.64,150.34,148.53,144.77,139.73,133.93,127.78,121.74,115.88,110.25,105.03,100.11,95.539,91.26,87.216,83.347,79.655,76.138,72.856,69.925,67.463,65.471,64.005,62.833,62.13,61.602,61.426,61.602,62.012,62.716,63.595,64.591,65.705,66.819,67.874,68.87,69.808,70.629,71.215,71.684,71.918,71.977,71.801,71.449,70.922,70.218,69.398,68.518,67.463,66.408,65.353,64.357,63.419,62.54,61.719,60.957,60.254,59.785,60.02,62.247,67.229,75.024,84.871,95.598,106.91,118.28,129.07,138.09,144.66,148.29,148.99,147.18,143.43,138.44,132.7,126.6,120.51,114.47,108.84,103.63,98.763,94.132,89.678,85.399,81.413,77.545,73.969,70.746,67.874,65.412,63.361,61.661,60.43,59.551,59.023,58.847,58.965,59.492,60.254,61.133,62.071,63.067,64.122,65.178,66.233,67.229,68.167,68.929,69.573,69.925,70.16,70.101,69.749,69.163,68.46,67.756,66.877,65.998,65.119,64.24,63.243,62.188,61.133,60.195,59.316,58.613,58.027,58.027,59.375,63.067,69.691,78.658,88.857,99.7,110.66,121.39,130.94,138.38,143.07,144.77,143.78,140.67,136.1,130.59,124.61,118.57,112.54,106.79,101.4,96.36,91.553,87.04,82.761,78.658,74.849,71.332,68.284,65.588,63.302,61.426,59.902,58.847,58.144,57.91,58.027,58.437,59.023,59.902,60.899,62.012,63.067,64.181,65.178,66.174,67.053,67.874,68.518,69.046,69.28,69.398,69.222,68.929,68.343,67.698,66.877,65.998,65.119,64.298,63.419,62.599,61.719,60.84,59.961,59.199,58.437,57.968,58.554,61.133,66.408,74.438,84.168,94.777,105.85,116.87,127.13,135.69,141.9,145.18,145.59,143.54,139.67,134.69,129.07,123.09,117.17,111.48,106.09,101.05,96.36,91.905,87.743,83.699,79.772,76.197,72.797,69.749,66.995,64.591,62.657,61.133,59.961,59.375,59.082,59.258,59.609,60.195,60.957,61.837,62.774,63.829,65.06,66.174,67.17,68.108,68.87,69.573,70.042,70.277,70.335,70.16,69.691,69.046,68.225,67.405,66.526,65.705,64.943,64.064,63.185,62.364,61.426,60.547,59.785,59.433,60.02,62.716,68.343,76.841,87.157,98.235,109.72,121.15,131.76,140.55,146.83,150.11,150.52,148.41,144.6,139.67,133.99,128.01,121.97,116.05,110.43,105.09,100.23,95.598,91.377,87.275,83.406,79.714,76.314,73.09,70.16,67.581,65.412,63.595,62.247,61.309,60.782,60.606,60.723,61.133,61.719,62.481,63.419,64.416,65.471,66.526,67.522,68.46,69.222,69.925,70.394,70.687,70.746,70.511,70.101,69.573,68.929,68.167,67.346,66.467,65.588,64.591,63.595,62.657,61.719,60.84,60.137,59.551,59.609,61.192,65.412,72.68,82.234,93.136,104.74,116.52,127.83,137.68,145.13,149.7,151.22,150.17,147.12,142.61,137.33,131.47,125.55,119.75,114.06,108.67,103.63,98.88,94.425,90.264,86.278,82.468,78.834,75.376,72.094,69.105,66.408,64.122,62.247,60.782,59.727,59.082,58.847,58.965,59.375,59.961,60.84,61.837,63.009,64.24,65.471,66.643,67.756,68.636,69.28,69.749,69.984,70.042,69.925,69.691,69.163,68.518,67.756,66.76,65.705,64.709,63.771,62.892,62.071,61.25,60.371,59.609,58.906,58.671,59.492,62.54,68.694,77.545,87.978,99.232,110.84,122.33,132.76,141.26,147.06,149.81,149.76,147.35,143.31,138.27,132.52,126.6,120.57,114.59,108.96,103.74,98.88,94.367,90.147,86.161,82.41,78.717,75.259,71.977,69.046,66.408,64.24,62.423,61.075,60.137,59.609,59.492,59.727,60.195,60.84,61.719,62.716,63.771,64.943,65.939,66.877,67.756,68.636,69.339,69.984,70.335,70.511,70.335,69.984,69.456,68.812,68.05,67.229,66.291,65.353,64.357,63.302,62.364,61.485,60.664,59.902,59.316,58.789,58.789,60.254,64.298,71.273,80.534,91.084,102.22,113.65,124.67,134.34,141.84,146.59,148.41,147.59,144.6,140.2,134.99,129.3,123.5,117.69,112.07,106.68,101.69,96.946,92.432,88.154,84.051,80.241,76.607,73.325,70.277,67.698,65.353,63.478,62.012,60.899,60.254,59.902,59.902,60.254,60.723,61.426,62.305,63.185,64.181,65.236,66.233,67.17,67.991,68.694,69.163,69.573,69.749,69.808,69.691,69.28,68.753,68.05,67.229,66.35,65.353,64.416,63.419,62.423,61.544,60.723,59.961,59.375,58.789,58.496,59.023,61.602,67.053,75.376,85.399,96.477,107.91,119.34,129.94,138.8,145.18,148.53,149.05,147.12,143.43,138.56,132.99,127.13,121.09,115.23,109.61,104.21,99.232,94.484,90.088,85.985,82.058,78.307,74.673,71.332,68.284,65.646,63.478,61.661,60.313,59.375,58.906,58.847,59.082,59.551,60.254,61.075,62.012,63.067,64.122,65.178,66.233,67.17,67.991,68.753,69.339,69.691,69.867,69.808,69.456,69.046,68.46,67.874,67.112,66.233,65.353,64.416,63.478,62.599,61.719,60.84,60.02,59.258,58.554,58.027,58.32,60.137,64.533,72.094,82.117,93.37,105.21,117.23,128.54,138.33,145.59,149.99,151.34,150.11,146.94,142.49,137.15,131.47,125.67,120.04,114.76,109.78,105.15,100.81,96.594,92.608,88.798,85.106,81.589,78.365,75.259,72.504,70.042,68.108,66.526,65.412,64.65,64.298,64.24,64.474,64.943,65.529,66.35,67.17,68.108,68.987,69.925,70.746,71.566,72.27,72.856,73.149,73.207,73.032,72.68,72.152,71.566,70.922,70.218,69.398,68.636,67.698,66.643,65.646,64.709,63.829,63.126,62.364,61.895,62.305,64.533,69.691,77.897,88.154,99.466,111.36,123.32,134.52,143.84,150.64,154.33,155.03,153.39,149.93,145.3,139.97,134.22,128.36,122.62,117.11,112.01,107.09,102.57,98.294,94.191,90.264,86.513,82.879,79.42,76.255,73.383,70.98,68.987,67.405,66.291,65.529,65.178,65.178,65.353,65.881,66.467,67.288,68.167,69.163,70.16,71.156,71.977,72.739,73.325,73.794,74.087,74.263,74.263,73.969,73.618,72.973,72.211,71.332,70.394,69.398,68.401,67.405,66.35,65.353,64.416,63.536,62.716,62.012,61.368,61.192,62.188,65.646,72.387,81.882,92.843,104.74,116.99,129.01,139.73,148.29,153.86,156.2,155.56,152.63,148.11,142.72,136.86,130.82,124.79,118.93,113.42,108.26,103.33,98.821,94.484,90.322,86.337,82.586,79.127,75.904,73.09,70.746,68.694,67.112,65.939,65.178,64.767,64.767,65.06,65.529,66.291,67.229,68.284,69.398,70.629,71.684,72.68,73.501,74.263,74.79,75.2,75.376,75.376,75.2,74.79,74.145,73.501,72.621,71.742,70.746,69.749,68.812,67.815,66.877,65.939,65.119,64.24,63.478,62.833,62.481,62.892,65.295,70.629,78.834,89.033,100.23,111.83,123.32,133.75,142.14,147.76,150.4,150.22,147.82,143.78,138.8,133.17,127.25,121.21,115.29,109.66,104.39,99.349,94.66,90.322,86.102,82.234,78.6,75.259,72.211,69.632,67.463,65.939,64.709,63.947,63.536,63.419,63.654,64.24,65.06,65.998,67.053,68.05,69.046,69.984,70.863,71.684,72.504,73.09,73.501,73.735,73.735,73.618,73.383,72.973,72.563,71.918,71.097,70.16,69.105,68.05,66.995,65.939,64.943,63.829,62.892,62.012,61.133,60.254,59.433,58.671,58.32,59.082,62.305,68.284,76.607,86.102,96.301,106.68,116.7,125.55,132.52,137.15,139.03,138.44,135.69,131.41,126.19,120.27,114.24,108.32,102.69,97.356,92.374,87.685,83.172,78.893,74.849,71.156,67.874,65.002,62.481,60.43,58.789,57.616,56.913,56.62,56.679,56.972,57.499,58.261,59.082,60.137,61.192,62.247,63.243,64.24,65.178,66.057,66.877,67.522,68.05,68.401,68.694,68.812,68.812,68.694,68.401,68.05,67.581,67.053,66.467,65.822,65.119,64.357,63.595,62.833,62.247,61.661,61.25,60.782,60.547,60.782,62.364,66.057,72.27,80.593,90.088,100.17,110.25,119.8,128.07,134.22,137.97,139.09,137.8,134.58,130.12,124.79,119.1,113.3,107.61,102.1,96.887,91.905,87.157,82.761,78.658,74.907,71.625,68.753,66.291,64.357,62.892,61.837,61.25,60.899,60.899,61.25,61.778,62.599,63.595,64.65,65.705,66.819,67.815,68.694,69.456,70.218,70.804,71.097,71.156,71.097,70.863,70.57,70.101,69.573,68.87,67.991,66.995,65.939,64.884,63.712,62.716,61.719,60.723,59.727,58.789,57.851,57.089,56.62,56.796,58.789,63.478,70.922,80.241,90.44,101.11,111.72,121.8,130.3,136.63,140.26,141.08,139.5,136.1,131.53,126.19,120.45,114.53,108.84,103.45,98.235,93.37,88.798,84.403,80.358,76.49,72.856,69.632,66.76,64.24,62.13,60.488,59.258,58.437,57.968,57.851,58.027,58.554,59.316,60.195,61.133,62.188,63.185,64.24,65.236,66.174,67.053,67.815,68.401,68.812,69.046,69.105,68.987,68.87,68.518,68.05,67.405,66.584,65.646,64.65,63.712,62.716,61.778,60.84,60.02,59.258,58.496,57.734,57.03,56.561,56.737,58.554,63.067,70.511,80.007,90.557,101.63,112.77,123.32,132.35,139.21,143.25,144.42,143.13,139.79,135.16,129.71,123.85,117.93,112.13,106.56,101.17,96.125,91.377,86.806,82.586,78.658,75.024,71.684,68.636,65.998,63.712,61.895,60.488,59.492,58.847,58.613,58.671,59.023,59.609,60.488,61.485,62.599,63.712,64.943,66.057,67.112,68.05,68.812,69.339,69.749,69.984,69.984,69.925,69.632,69.105,68.401,67.581,66.643,65.588,64.591,63.595,62.657,61.837,61.075,60.371,59.609,58.847,58.144,57.851,58.613,61.426,67.17,75.435,85.223,95.715,106.62,117.23,127.01,135.04,140.67,143.54,143.72,141.67,138.03,133.4,128.13,122.5,116.82,111.19,105.85,100.76,96.008,91.495,87.275,83.347,79.596,75.962,72.621,69.573,66.936,64.65,62.892,61.544,60.606,59.961,59.727,59.727,60.02,60.606,61.309,62.188,63.185,64.181,65.236,66.233,67.112,67.874,68.518,69.105,69.573,69.867,69.984,69.867,69.456,68.87,68.108,67.17,66.233,65.236,64.24,63.243,62.305,61.309,60.313,59.375,58.554,57.675,56.913,56.561,57.089,59.727,65.236,73.618,83.875,95.011,106.56,118.1,128.77,137.8,144.25,147.76,148.29,146.3,142.49,137.51,131.82,125.84,119.98,114.41,109.2,104.21,99.583,95.305,91.202,87.216,83.465,79.772,76.314,73.032,70.101,67.522,65.412,63.712,62.423,61.485,60.957,60.84,60.957,61.426,62.188,63.067,64.064,65.178,66.233,67.288,68.284,69.222,70.042,70.687,71.156,71.449,71.508,71.332,70.98,70.511,69.808,69.046,68.225,67.405,66.584,65.646,64.709,63.771,62.774,61.778,60.84,60.02,59.433,59.433,60.782,64.533,71.215,80.475,91.202,102.51,114.06,125.31,135.22,143.07,148.06,149.99,149.29,146.41,142.14,136.92,131.35,125.72,120.1,114.76,109.66,104.86,100.46,96.301,92.374,88.623,84.989,81.472,78.131,74.79,71.742,69.046,66.76,64.943,63.595,62.657,62.071,61.719,61.719,62.012,62.599,63.419,64.357,65.412,66.467,67.463,68.343,69.222,69.984,70.629,71.039,71.273,71.215,70.922,70.511,69.808,69.105,68.284,67.405,66.467,65.529,64.591,63.654,62.774,62.012,61.192,60.43,60.137,60.84,63.712,69.573,78.19,88.681,100.17,112.19,124.26,135.22,144.25,150.4,153.39,153.16,150.64,146.36,141.2,135.57,129.65,123.85,118.22,112.95,107.91,103.33,99.056,95.129,91.436,87.861,84.461,81.179,77.897,74.849,72.035,69.691,67.756,66.291,65.295,64.65,64.357,64.357,64.65,65.295,66.174,67.17,68.284,69.398,70.57,71.566,72.446,73.207,73.852,74.438,74.731,74.966,74.966,74.79,74.438,73.852,73.09,72.211,71.215,70.218,69.222,68.225,67.288,66.35,65.471,64.591,63.829,63.243,63.009,63.829,67.053,73.501,82.879,94.015,106.03,118.63,131,142.19,151.16,157.14,159.78,159.49,156.91,152.8,147.76,142.19,136.39,130.47,124.79,119.34,114.18,109.37,104.8,100.46,96.418,92.55,88.798,85.223,81.824,78.6,75.669,73.09,70.922,69.222,67.991,67.229,66.936,66.995,67.346,67.932,68.694,69.573,70.57,71.625,72.797,73.852,74.849,75.728,76.373,76.724,76.9,76.841,76.548,76.021,75.435,74.614,73.735,72.797,71.742,70.746,69.749,68.753,67.874,66.995,66.174,65.471,65.178,65.998,69.105,75.435,84.52,95.422,107.09,119.16,131,141.55,149.87,155.27,157.38,156.55,153.57,149.05,143.66,137.8,131.82,125.84,120.16,114.88,109.9,105.33,100.99,96.946,92.901,89.092,85.282,81.648,78.248,75.2,72.504,70.218,68.343,66.936,65.939,65.353,65.236,65.412,65.939,66.526,67.346,68.167,69.046,69.925,70.746,71.449,72.094,72.621,73.032,73.383,73.501,73.501,73.325,72.914,72.27,71.566,70.629,69.632,68.518,67.522,66.526,65.588,64.709,63.771,62.833,61.895,61.133,60.43,59.844,59.727,60.84,64.357,70.863,80.065,90.674,102.1,113.94,125.55,135.98,144.3,149.81,152.1,151.51,148.53,143.95,138.44,132.35,126.19,120.04,114.18,108.61,103.33,98.411,93.839,89.56,85.399,81.53,77.897,74.497,71.332,68.518,66.174,64.24,62.833,61.895,61.485,61.426,61.602,62.012,62.54,63.361,64.298,65.412,66.584,67.756,68.812,69.749,70.57,71.215,71.801,72.152,72.387,72.27,71.977,71.508,70.804,70.042,69.222,68.401,67.463,66.467,65.412,64.357,63.302,62.305,61.426,60.606,59.902,59.316,58.965,59.551,61.837,66.877,74.614,84.109,94.543,105.39,116.11,126.08,134.34,140.32,143.43,143.72,141.61,137.8,132.88,127.31,121.39,115.29,109.43,103.74,98.411,93.429,88.74,84.344,80.241,76.431,72.856,69.632,66.76,64.24,62.188,60.606,59.492,58.906,58.73,58.789,59.199,59.727,60.43,61.368,62.423,63.595,64.884,66.115,67.229,68.167,68.987,69.632,70.101,70.394,70.57,70.511,70.277,69.867,69.222,68.401,67.522,66.643,65.705,64.767,63.771,62.833,61.837,60.899,60.02,59.258,58.554,58.027,57.968,59.082,62.599,68.987,77.897,88.154,99.114,110.37,121.39,131.18,139.03,144.25,146.59,146.18,143.48,139.26,133.93,128.07,121.97,116.05,110.31,104.92,99.935,95.246,90.733,86.513,82.41,78.6,74.966,71.625,68.636,65.939,63.712,62.012,60.723,59.961,59.609,59.551,59.785,60.254,60.84,61.719,62.716,63.829,65.002,66.115,67.229,68.225,69.163,69.925,70.511,70.804,70.98,70.922,70.629,70.042,69.339,68.518,67.698,66.819,65.881,64.884,63.829,62.833,61.837,60.84,60.02,59.258,58.554,58.085,58.554,60.723,65.705,73.676,83.582,94.601,106.09,117.75,128.71,138.09,145.13,149.05,149.99,148.29,144.66,139.73,134.11,128.13,122.09,116.29,110.72,105.62,100.76,96.184,91.905,87.861,84.051,80.3,76.724,73.383,70.335,67.815,65.529,63.712,62.247,61.192,60.488,60.254,60.371,60.84,61.602,62.657,63.771,64.943,66.115,67.17,68.167,69.046,69.808,70.394,70.98,71.273,71.449,71.449,71.156,70.746,70.101,69.28,68.401,67.405,66.35,65.295,64.24,63.302,62.423,61.602,60.899,60.254,59.609,59.433,60.488,64.005,70.57,79.655,90.381,101.93,113.83,125.49,135.92,144.25,149.76,152.16,151.81,149.17,144.95,139.79,134.11,128.19,122.27,116.52,111.19,106.03,101.28,96.77,92.608,88.74,85.047,81.472,78.014,74.673,71.625,68.929,66.584,64.767,63.361,62.305,61.602,61.309,61.368,61.661,62.247,63.009,63.947,65.002,66.057,67.112,68.108,68.929,69.632,70.16,70.57,70.746,70.687,70.511,70.042,69.398,68.694,67.815,66.819,65.822,64.767,63.771,62.833,62.012,61.133,60.371,59.668,59.023,58.789,59.316,61.719,67.112,75.552,86.22,98.001,110.31,122.56,134.05,143.78,150.93,155.03,156.14,154.56,151.16,146.59,141.49,136.04,130.53,125.2,119.98,115.12,110.54,106.32,102.28,98.587,95.129,91.729,88.447,85.106,81.999,79.127,76.548,74.497,72.797,71.625,70.922,70.629,70.746,71.156,71.801,72.739,73.794,75.083,76.431,77.721,78.893,79.948,80.769,81.472,82.058,82.292,82.351,82.117,81.589,80.944,80.065,79.069,78.014,76.841,75.728,74.614,73.559,72.563,71.625,70.746,69.925,69.163,68.694,68.87,70.922,75.962,84.227,94.718,106.5,118.93,131.35,142.84,152.28,158.84,162.3,162.83,160.95,157.43,152.86,147.59,142.08,136.39,130.88,125.61,120.57,115.82,111.25,106.91,102.87,98.997,95.246,91.553,87.919,84.637,81.589,79.069,77.076,75.435,74.321,73.559,73.149,73.032,73.207,73.676,74.38,75.259,76.255,77.31,78.424,79.362,80.124,80.71,81.237,81.648,81.941,81.999,81.706,81.237,80.475,79.538,78.541,77.428,76.373,75.259,74.145,73.09,72.094,71.097,70.218,69.28,68.518,67.874,67.815,69.163,73.09,80.3,90.088,101.46,113.47,125.61,137.1,147,154.27,158.49,159.6,158.08,154.62,149.81,144.3,138.38,132.29,126.31,120.57,115.12,110.02,105.21,100.76,96.477,92.432,88.623,85.047,81.824,78.834,76.373,74.321,72.621,71.449,70.746,70.511,70.629,71.039,71.742,72.621,73.618,74.731,75.786,76.841,77.779,78.658,79.42,80.065,80.534,80.886,81.062,81.12,80.944,80.534,79.831,79.01,77.897,76.783,75.552,74.38,73.149,71.977,70.804,69.632,68.46,67.405,66.408,65.412,64.533,63.712,63.243,63.478,65.529,70.277,77.779,87.157,97.415,108.14,118.75,128.54,136.57,142.08,144.66,144.48,142.02,137.86,132.64,126.78,120.68,114.47,108.55,102.81,97.356,92.257,87.509,82.996,78.776,74.849,71.215,68.05,65.353,63.185,61.485,60.195,59.316,58.789,58.671,58.906,59.433,60.254,61.133,62.188,63.302,64.416,65.588,66.76,67.815,68.812,69.573,70.16,70.57,70.804,70.922,70.863,70.687,70.218,69.691,68.929,67.991,66.995,65.939,64.884,63.712,62.657,61.661,60.664,59.844,59.082,58.437,57.734,57.03,56.444,55.975,56.093,57.675,61.485,67.932,76.49,86.102,96.125,106.03,115.41,123.56,129.65,133.4,134.4,132.93,129.42,124.55,118.81,112.65,106.5,100.52,94.894,89.619,84.696,80.065,75.786,71.918,68.284,65.002,62.071,59.609,57.675,56.268,55.331,54.92,54.803,55.037,55.506,56.093,57.03,58.085,59.316,60.547,61.837,63.243,64.474,65.588,66.526,67.346,67.932,68.225,68.46,68.518,68.401,68.225,67.932,67.405,66.76,65.998,65.119,64.181,63.185,62.188,61.25,60.254,59.316,58.437,57.616,56.854,56.21,55.917,56.21,57.968,62.188,69.046,78.014,87.978,98.528,109.25,119.45,128.24,134.87,138.68,139.73,138.27,134.87,130.3,125.08,119.51,113.71,108.2,102.81,97.825,93.077,88.505,84.227,80.241,76.431,72.856,69.573,66.526,63.947,61.778,60.02,58.671,57.616,56.972,56.796,56.913,57.382,58.085,58.965,60.02,61.192,62.305,63.478,64.591,65.646,66.643,67.522,68.225,68.812,69.163,69.28,69.222,68.987,68.46,67.815,67.053,66.174,65.295,64.357,63.478,62.599,61.719,60.84,60.02,59.316,58.613,58.027,58.261,59.961,64.357,71.625,81.12,91.788,102.98,114.3,125.08,134.4,141.61,146.06,147.59,146.53,143.43,138.91,133.58,127.72,121.74,115.88,110.25,104.92,99.994,95.363,91.026,86.923,83.054,79.362,75.845,72.68,69.749,67.229,65.119,63.419,62.188,61.309,60.84,60.664,60.782,61.192,61.778,62.599,63.595,64.65,65.822,66.877,67.874,68.812,69.691,70.335,70.863,71.097,71.215,71.156,70.863,70.394,69.808,69.046,68.167,67.229,66.233,65.295,64.298,63.419,62.481,61.602,60.723,59.902,59.199,58.496,58.32,59.199,62.305,68.401,77.193,87.509,98.587,110.19,121.62,132.05,140.55,146.47,149.4,149.58,147.47,143.78,139.03,133.75,128.07,122.33,116.7,111.31,106.15,101.28,96.77,92.55,88.505,84.696,81.003,77.545,74.38,71.449,68.87,66.76,65.002,63.654,62.716,62.188,61.837,61.778,62.071,62.54,63.243,64.064,65.06,66.115,67.112,68.108,68.987,69.808,70.335,70.804,71.039,71.039,70.922,70.57,70.042,69.339,68.518,67.698,66.76,65.705,64.709,63.712,62.774,61.837,60.899,60.02,59.316,58.613,58.32,59.023,61.778,67.405,75.728,85.751,96.594,107.91,119.22,129.65,138.44,144.72,148.11,148.7,146.77,143.02,138.09,132.52,126.66,120.74,114.94,109.37,104.1,99.232,94.601,90.44,86.513,82.761,79.186,75.669,72.446,69.456,66.936,64.709,62.892,61.485,60.488,59.902,59.668,59.785,60.137,60.606,61.309,62.188,63.185,64.24,65.353,66.408,67.346,68.225,68.987,69.691,70.101,70.394,70.511,70.218,69.808,69.163,68.401,67.522,66.584,65.588,64.591,63.595,62.657,61.778,60.957,60.195,59.375,58.613,58.027,58.144,59.727,63.829,70.804,79.948,90.147,100.99,112.01,122.56,131.94,139.38,144.19,146.18,145.54,142.78,138.56,133.34,127.72,121.86,115.99,110.31,104.92,99.935,95.305,90.967,86.923,83.113,79.362,75.786,72.387,69.28,66.643,64.474,62.716,61.426,60.43,59.844,59.609,59.668,60.02,60.664,61.426,62.305,63.302,64.357,65.471,66.526,67.463,68.343,69.105,69.691,70.101,70.277,70.218,69.925,69.456,68.87,68.108,67.288,66.35,65.412,132.64,126.78,120.86,115.17,109.78,104.8,100.11,95.715,91.612,87.685,83.934,80.3,76.783,73.559,70.629,68.108,65.939,64.181,62.833,62.012,61.485,61.309,61.426,61.837,62.423,63.185,64.064,65.06,66.115,67.17,68.167,69.046,69.867,70.511,70.922,71.156,71.215,71.097,70.746,70.218,69.456,68.694,67.756,66.819,65.881,64.943,64.005,63.126,62.305,61.485,60.723,60.02,59.433,59.316,60.313,63.595,69.925,78.717,89.15,100.4,112.01,123.44,133.81,142.25,148.06,150.81,150.75,148.47,144.6,139.79,134.4,128.71,122.91,117.23,111.72,106.62,101.87,97.415,93.253,89.209,85.399,81.824,78.307,74.966,71.918,69.222,66.936,65.119,63.712,62.774,62.247,62.012,62.071,62.364,62.833,63.595,64.416,65.412,66.467,67.522,68.46,69.339,70.101,70.746,71.215,71.566,71.625,71.449,71.039,70.511,69.808,69.046,68.225,67.346,66.35,65.295,64.298,63.302,62.364,61.485,60.723,59.961,59.433,59.199,59.902,62.774,68.694,77.31,87.743,99.114,111.01,122.85,133.81,142.84,149.35,152.8,153.33,151.34,147.7,142.84,137.45,131.59,125.67,119.86,114.3,109.08,104.16,99.525,95.187,91.026,87.099,83.289,79.655,76.314,73.032,70.16,67.698,65.588,64.064,62.833,62.071,61.602,61.544,61.719,62.247,62.892,63.712,64.709,65.881,66.995,68.108,69.105,69.925,70.629,71.039,71.273,71.449,71.273,70.98,70.57,69.925,69.163,68.343,67.405,66.526,65.588,64.65,63.712,62.833,62.012,61.192,60.43,59.785,59.316,59.551,61.426,66.057,73.559,83.23,94.191,105.74,117.4,128.54,138.09,145.42,149.99,151.57,150.58,147.47,143.02,137.62,131.88,126.02,120.1,114.53,109.31,104.39,99.818,95.48,91.436,87.626,83.816,80.182,76.666,73.442,70.511,67.991,65.881,64.181,62.892,62.071,61.544,61.426,61.602,62.13,62.774,63.595,64.591,65.646,66.76,67.815,68.812,69.632,70.218,70.746,71.097,71.273,71.273,71.097,70.746,70.16,69.456,68.636,67.698,66.76,65.705,64.709,63.712,62.774,61.895,61.133,60.313,59.492,58.789,58.378,58.73,60.84,65.705,73.559,83.406,94.425,106.09,117.81,128.89,138.38,145.42,149.58,150.81,149.4,146.12,141.55,136.22,130.47,124.67,118.87,113.24,107.91,102.87,98.118,93.605,89.502,85.575,81.824,78.19,74.79,71.684,68.929,66.526,64.65,63.185,62.071,61.309,60.899,60.899,61.25,61.778,62.599,63.536,64.591,65.646,66.76,67.756,68.694,69.456,70.218,70.804,71.097,71.215,71.156,70.922,70.57,70.042,69.28,68.401,67.346,66.291,65.236,64.24,63.361,62.481,61.661,60.84,59.961,59.258,58.554,58.32,59.023,61.719,67.288,75.493,85.458,96.418,107.85,119.16,129.65,138.44,144.66,148,148.47,146.53,142.84,137.92,132.35,126.49,120.63,114.88,109.43,104.21,99.349,94.718,90.44,86.337,82.527,78.893,75.611,72.563,69.749,67.17,65.002,63.126,61.602,60.606,59.961,59.785,59.961,60.488,61.192,62.13,63.126,64.181,65.236,66.233,67.17,67.991,68.753,69.398,69.925,70.335,70.57,70.629,70.394,69.984,69.28,68.518,67.756,66.819,65.881,64.884,63.829,62.833,62.012,61.133,60.313,59.551,58.847,58.378,58.378,59.844,63.947,70.98,80.417,91.26,102.69,114.41,125.72,135.81,143.72,148.88,150.93,150.22,147.29,142.9,137.62,131.94,126.08,120.21,114.59,109.25,104.16,99.525,95.246,91.319,87.568,83.875,80.3,76.783,73.559,70.629,68.05,65.939,64.24,63.009,62.188,61.719,61.661,61.837,62.305,62.892,63.712,64.591,65.588,66.584,67.463,68.343,69.105,69.749,70.277,70.687,70.863,70.922,70.804,70.394,69.925,69.222,68.401,67.522,66.584,65.588,64.65,63.712,62.833,62.012,61.192,60.371,59.668,59.023,58.73,59.258,61.602,66.819,74.79,84.813,95.832,107.55,119.28,130.36,139.85,146.88,150.93,151.98,150.52,147.12,142.43,137.04,131.29,125.49,119.8,114.35,109.25,104.45,99.935,95.715,91.671,87.802,84.051,80.417,76.959,73.735,70.804,68.225,66.115,64.298,63.009,62.13,61.544,61.368,61.426,61.719,62.364,63.185,64.122,65.119,66.174,67.17,68.108,68.929,69.691,70.218,70.687,70.98,71.039,70.863,70.511,69.925,69.222,68.401,67.522,66.584,65.646,64.709,63.771,62.774,61.837,60.957,60.195,59.433,58.847,58.613,59.551,62.657,68.812,77.603,88.154,99.583,111.48,123.26,133.93,142.72,148.94,152.1,152.51,150.34,146.47,141.43,135.81,129.89,123.91,118.22,112.77,107.73,102.92,98.47,94.308,90.44,86.806,83.23,79.714,76.314,73.09,70.277,67.991,66.115,64.591,63.478,62.657,62.305,62.188,62.364,62.774,63.419,64.181,65.002,65.939,66.877,67.815,68.694,69.339,69.984,70.394,70.746,70.863,70.804,70.57,70.16,69.632,68.929,68.108,67.229,66.35,65.412,64.474,63.536,62.657,61.778,60.957,60.195,59.551,58.965,58.73,59.433,62.13,67.698,75.904,86.044,97.239,108.96,120.68,131.47,140.55,147.12,150.69,151.28,149.46,145.89,141.14,135.63,129.71,123.85,118.05,112.48,107.26,102.28,97.59,93.253,89.15,85.164,81.355,77.721,74.263,71.097,68.284,65.881,63.829,62.305,61.192,60.488,60.195,60.254,60.547,61.192,62.012,63.009,64.064,65.178,66.291,67.288,68.225,69.046,69.749,70.277,70.687,70.922,70.98,70.922,70.57,70.042,69.339,68.46,67.522,66.526,65.471,64.416,63.419,62.423,61.544,60.664,59.902,59.199,58.554,58.027,58.32,60.254,65.002,72.739,82.82,94.015,105.68,117.58,128.89,138.8,146.3,150.93,152.39,151.1,147.76,143.07,137.62,131.94,126.13,120.39,114.88,109.61,104.74,100.17,95.949,91.905,88.037,84.344,80.769,77.31,73.969,70.922,68.225,65.939,64.181,62.833,62.012,61.485,61.309,61.368,61.778,62.423,63.302,64.298,65.295,66.408,67.463,68.401,69.28,69.984,70.629,70.98,71.097,71.097,70.922,70.629,70.101,69.398,68.636,67.756,66.819,65.881,64.943,64.064,63.126,62.247,61.368,60.547,59.727,59.199,59.199,60.43,64.122,70.746,79.948,90.557,101.93,113.65,125.14,135.57,143.95,149.58,152.16,151.92,149.4,145.42,140.5,134.99,129.3,123.56,117.99,112.71,107.79,103.22,98.88,94.777,90.791,86.981,83.289,79.772,76.431,73.149,70.277,67.756,65.646,64.064,62.833,62.13,61.661,61.602,61.837,62.423,63.185,64.064,64.943,65.939,66.936,67.932,68.87,69.691,70.394,70.98,71.273,71.449,71.449,71.156,70.804,70.218,69.573,68.694,67.756,66.76,65.705,64.709,63.712,62.774,61.895,61.075,60.254,59.492,58.906,58.671,59.492,62.54,68.694,77.603,88.447,100.17,112.42,124.55,135.69,144.77,151.22,154.56,154.97,152.98,149.29,144.48,138.97,133.17,127.37,121.68,116.23,111.07,106.09,101.4,97.063,92.901,88.974,85.223,81.648,78.19,74.849,71.918,69.28,67.229,65.529,64.298,63.361,62.716,62.423,62.423,62.716,63.302,64.064,64.943,65.822,66.76,67.581,68.401,69.163,69.867,70.394,70.863,71.097,71.156,70.922,70.511,69.925,69.163,68.284,67.346,66.35,65.353,64.357,63.478,62.599,61.719,60.899,60.137,59.375,58.789,58.613,59.433,62.247,67.815,76.021,86.161,97.415,109.31,121.21,132.35,141.73,148.53,152.28,153.16,151.46,147.88,143.02,137.45,131.53,125.61,119.92,114.53,109.49,104.8,100.29,96.066,92.022,88.212,84.52,81.003,77.545,74.321,71.273,68.694,66.526,64.767,63.419,62.54,62.012,61.719,61.837,62.305,63.009,63.829,64.884,65.881,66.877,67.815,68.694,69.398,70.101,70.746,71.156,71.449,71.508,71.332,70.98,70.511,69.808,68.929,67.991,67.053,66.174,65.236,64.298,63.361,62.481,61.602,60.723,59.961,59.316,58.73,58.73,60.02,64.005,70.98,80.534,91.553,103.28,115.29,127.07,137.56,145.89,151.34,153.8,153.51,150.81,146.53,141.32,135.51,129.53,123.67,117.99,112.54,107.5,102.75,98.294,94.132,90.147,86.395,82.761,79.245,75.904,72.739,69.925,67.522,65.588,64.064,62.892,62.247,61.837,61.837,62.188,62.716,63.419,64.298,65.178,66.174,67.112,68.05,68.929,69.749,70.394,70.922,71.273,71.508,71.508,71.215,70.804,70.218,69.398,68.46,67.463,66.526,65.588,64.709,63.771,62.892,62.012,61.133,60.254,59.492,58.906,58.789,59.902,63.478,69.984,79.127,89.619,100.87,112.48,123.91,134.28,142.78,148.64,151.51,151.51,149.23,145.3,140.32,134.63,128.66,122.74,117.05,111.72,106.73,101.99,97.473,93.253,89.209,85.34,81.648,78.131,74.673,71.508,68.636,66.115,64.064,62.481,61.368,60.664,60.371,60.371,60.782,61.426,62.305,63.361,64.416,65.471,66.526,67.522,68.46,69.28,69.984,70.57,70.922,71.039,71.039,70.863,70.511,69.925,69.163,68.343,67.463,66.526,65.646,64.709,63.771,62.774,61.837,60.899,60.02,59.316,58.613,58.261,58.613,60.723,65.588,73.618,83.816,95.305,107.32,119.45,130.88,140.73,148.17,152.69,154.15,153.04,149.99,145.54,140.44,134.93,129.24,123.61,118.28,113.24,108.55,104.21,100.17,96.301,92.608,89.033,85.458,82.058,78.658,75.493,72.563,69.925,67.815,66.115,64.943,64.181,63.829,63.829,64.181,64.709,65.529,66.526,67.698,68.812,69.925,70.98,71.918,72.68,73.325,73.735,73.969,73.969,73.735,73.207,72.504,71.742,70.863,69.984,68.987,68.05,67.053,66.115,65.178,64.298,63.478,62.716,62.13,61.837,62.774,65.881,71.918,80.651,91.202,102.75,114.82,126.72,137.68,146.59,152.8,155.91,156.14,153.98,150.17,145.42,139.97,134.28,128.48,122.79,117.34,112.24,107.44,102.87,98.645,94.66,90.85,87.099,83.465,80.007,76.724,73.852,71.332,69.28,67.581,66.291,65.471,65.06,65.002,65.178,65.646,66.291,67.112,67.991,68.987,69.925,70.804,71.625,72.387,72.856,73.207,73.501,73.559,73.501,73.207,72.856,72.27,71.684,70.922,70.042,69.046,68.05,67.053,66.057,65.119,64.24,63.361,62.54,61.778,61.133,60.899,62.012,65.529,72.211,81.53,92.491,104.21,116.35,128.19,138.8,147.24,152.86,155.32,154.91,152.39,148.23,143.13,137.45,131.41,125.43,119.51,113.83,108.49,103.51,98.939,94.66,90.615,86.747,82.996,79.42,76.021,73.032,70.335,68.05,66.174,64.709,63.654,63.009,62.657,62.657,63.009,63.478,64.181,65.06,65.998,66.995,67.991,68.929,69.749,70.394,71.039,71.508,71.801,71.918,71.801,71.449,70.98,70.335,69.632,68.753,67.815,66.819,65.881,64.943,64.005,63.067,62.13,61.309,60.547,59.844,59.316,59.082,59.902,62.657,68.225,76.373,86.102,96.711,107.85,118.87,129.07,137.45,143.31,146.36,146.59,144.48,140.61,135.69,130,123.97,117.93,112.07,106.5,101.28,96.418,91.788,87.45,83.23,79.303,75.552,72.094,68.929,66.115,63.654,61.661,60.137,58.906,58.261,57.851,57.792,58.027,58.554,59.316,60.254,61.309,62.423,63.536,64.591,65.588,66.467,67.229,67.874,68.284,68.694,68.87,68.929,68.812,68.401,67.932,67.288,66.526,65.822,65.002,64.181,63.302,62.364,61.368,60.488,59.609,58.789,57.968,57.206,56.679,56.503,57.441,60.547,66.467,74.907,84.93,95.598,106.62,117.28,127.07,134.99,140.5,143.13,142.9,140.5,136.39,131.23,125.55,119.69,113.88,108.2,102.87,97.825,93.136,88.74,84.52,80.593,76.783,73.207,69.867,66.76,64.005,61.602,59.668,58.32,57.441,56.972,56.972,57.323,57.91,58.671,59.609,60.664,61.778,63.009,64.122,65.119,65.998,66.76,67.405,67.991,68.343,68.518,68.636,68.401,68.05,67.463,66.819,66.057,65.236,64.357,63.478,62.54,61.661,60.782,59.902,59.199,58.437,57.675,56.972,56.561,56.796,58.671,63.067,70.16,79.42,89.912,101.11,112.36,122.97,132.23,139.38,143.78,145.42,144.48,141.55,137.33,132.29,126.84,121.33,115.76,110.37,105.33,100.46,96.066,91.788,87.861,84.051,80.358,76.783,73.442,70.277,67.405,65.002,62.892,61.309,60.137,59.375,58.965,58.965,59.258,59.727,60.43,61.309,62.364,63.478,64.65,65.822,66.936,67.932,68.929,69.691,70.277,70.746,70.98,71.097,70.98,70.687,70.218,69.691,68.987,68.225,67.405,66.584,65.646,64.709,63.771,62.892,62.188,61.602,61.485,62.657,66.233,72.68,81.472,91.788,102.98,114.47,125.61,135.63,143.54,148.76,151.05,150.64,148.06,144.01,138.97,133.58,127.95,122.33,116.87,111.6,106.68,101.99,97.532,93.37,89.385,85.458,81.824,78.248,74.907,71.859,69.222,67.053,65.353,64.122,63.302,62.833,62.774,62.892,63.361,64.005,64.709,65.646,66.643,67.756,68.694,69.573,70.335,71.039,71.566,71.918,72.094,72.094,71.918,71.566,70.98,70.277,69.632,68.812,67.874,66.936,65.998,65.06,64.181,63.361,62.599,61.837,61.133,60.547,60.488,61.837,65.822,72.797,82.234,92.901,104.27,115.94,127.19,137.15,145.07,150.05,152.04,151.46,148.76,144.6,139.62,134.11,128.42,122.74,117.17,111.83,106.91,102.22,97.825,93.605,89.619,85.692,81.941,78.365,75.083,72.094,69.573,67.405,65.646,64.357,63.478,62.892,62.774,62.892,63.302,63.947,64.709,65.646,66.643,67.581,68.518,69.398,70.16,70.804,71.332,71.742,71.977,72.035,71.977,71.801,71.332,70.863,70.16,69.398,68.518,67.581,66.643,65.705,64.709,63.829,63.009,62.13,61.368,60.606,60.02,59.902,61.075,64.533,70.98,80.065,90.615,101.93,113.47,124.79,134.93,143.02,148.29,150.52,149.93,147.24,143.02,137.8,132.17,126.25,120.39,114.59,109.2,104.04,99.232,94.718,90.498,86.395,82.586,79.01,75.552,72.387,69.632,67.288,65.412,64.005,62.892,62.188,61.778,61.778,62.071,62.54,63.243,64.005,64.884,65.822,66.819,67.815,68.694,69.456,70.218,70.804,71.215,71.508,71.508,71.332,70.98,70.394,69.749,68.929,68.05,67.053,65.998,64.884,63.771,62.657,61.661,60.723,59.844,59.082,58.378,57.792,57.499,58.144,60.84,66.291,74.321,83.816,94.015,104.45,114.82,124.44,132.41,138.27,141.32,141.73,139.85,136.22,131.47,126.13,120.45,114.65,108.96,103.51,98.235,93.429,88.857,84.461,80.358,76.431,72.797,69.456,66.584,64.122,62.071,60.371,59.199,58.437,57.968,57.91,58.144,58.613,59.316,60.137,61.133,62.188,63.185,64.24,65.178,66.057,66.819,67.405,67.991,68.46,68.753,68.87,68.753,68.46,68.05,67.405,66.76,65.939,65.002,64.064,63.126,62.13,61.192,60.313,59.433,58.613,57.851,57.089,56.503,56.034,56.21,57.851,61.837,68.636,77.428,87.275,97.649,108.2,118.22,127.13,134.05,138.5,140.14,139.26,136.27,132,126.72,121.04,115.17,109.31,103.63,98.294,93.253,88.505,83.992,79.772,75.786,72.094,68.694,65.588,63.009,60.84,59.199,57.91,57.089,56.679,56.561,56.796,57.323,58.085,59.023,60.137,61.25,62.364,63.478,64.591,65.588,66.526,67.288,67.874,68.225,68.401,68.46,68.343,68.05,67.581,66.995,66.291,65.471,64.591,63.712,62.833,62.012,61.075,60.195,59.258,58.437,57.734,57.03,56.561,56.268,57.03,59.785,65.295,73.383,83.054,93.546,104.45,115.12,125.08,133.34,139.44,142.72,143.31,141.49,137.92,133.17,127.78,122.09,116.41,110.84,105.56,100.52,95.715,91.319,87.04,83.113,79.362,75.786,72.387,69.222,66.408,64.064,62.188,60.664,59.551,58.789,58.378,58.378,58.671,59.258,60.02,61.075,62.071,63.067,64.064,65.06,66.057,66.936,67.756,68.401,68.929,69.222,69.398,69.339,69.222,68.87,68.284,67.522,66.643,65.588,64.533,63.595,62.657,61.778,60.957,60.137,59.258,58.437,57.792,57.499,58.027,60.371,65.471,73.501,83.406,94.484,106.03,117.64,128.48,137.74,144.66,148.7,149.81,148.29,144.89,140.2,134.81,129.12,123.38,117.69,112.24,107.09,102.34,97.942,93.781,89.912,86.161,82.586,79.186,75.845,72.68,69.808,67.229,65.119,63.361,62.13,61.309,60.899,60.899,61.192,61.661,62.364,63.185,64.181,65.178,66.233,67.288,68.225,69.105,69.808,70.335,70.746,70.922,70.98,70.804,70.335,69.749,68.987,68.108,67.229,66.35,65.412,64.474,63.478,62.481,61.485,60.606,59.785,59.082,58.671,58.906,60.723,65.236,72.68,82.292,93.194,104.8,116.64,127.95,137.86,145.54,150.34,152.1,151.16,148.11,143.6,138.33,132.64,126.78,121.04,115.58,110.49,105.68,101.17,97.004,93.077,89.326,85.692,82.175,78.776,75.493,72.446,69.691,67.288,65.412,63.947,62.892,62.247,61.837,61.837,62.13,62.599,63.361,64.24,65.178,66.233,67.229,68.225,69.105,69.867,70.394,70.804,70.98,71.039,70.922,70.687,70.218,69.632,68.812,67.932,66.995,66.057,65.06,64.122,63.185,62.247,61.368,60.547,59.785,59.199,58.789,59.492,62.247,67.932,76.49,87.04,98.587,110.66,122.74,133.99,143.37,150.17,153.86,154.56,152.75,149.05,144.25,138.8,133.05,127.13,121.33,115.7,110.43,105.56,100.99,96.77,92.784,88.974,85.282,81.824,78.424,75.318,72.387,69.808,67.522,65.646,64.298,63.361,62.833,62.599,62.716,63.126,63.654,64.416,65.236,66.174,67.112,68.108,69.046,69.925,70.687,71.156,71.508,71.566,71.449,71.039,70.629,69.925,69.163,68.225,67.229,66.233,65.178,64.181,63.185,62.188,61.25,60.313,59.433,58.613,57.968,57.675,58.261,60.723,66.174,74.497,84.871,96.301,108.2,120.1,131.29,140.85,147.88,151.87,152.8,151.16,147.59,142.9,137.56,131.88,126.08,120.45,115.06,110.07,105.39,101.05,96.946,93.077,89.209,85.633,81.999,78.541,75.259,72.094,69.28,66.877,64.884,63.302,62.247,61.544,61.309,61.368,61.778,62.481,63.361,64.357,65.353,66.291,67.229,68.108,68.87,69.632,70.16,70.629,70.922,70.98,70.922,70.687,70.277,69.749,68.929,68.05,67.112,66.115,65.178,64.24,63.361,62.423,61.544,60.664,59.785,59.023,58.613,58.789,60.606,65.178,72.797,82.937,94.367,106.56,118.81,130.36,140.26,147.76,152.16,153.57,152.28,149.11,144.6,139.38,133.75,128.13,122.56,117.28,112.36,107.67,103.28,99.232,95.363,91.671,88.037,84.52,81.12,77.721,74.556,71.566,68.929,66.643,64.943,63.536,62.657,62.188,62.13,62.364,62.892,63.654,64.533,65.529,66.526,67.463,68.401,69.28,70.042,70.687,71.097,71.332,71.449,71.273,70.922,70.335,69.632,68.812,67.932,67.112,66.233,65.353,64.474,63.595,62.774,61.895,61.192,60.547,60.488,61.544,64.767,70.922,79.655,90.147,101.63,113.36,124.79,135.1,143.37,148.94,151.46,151.1,148.47,144.36,139.32,133.87,128.3,122.79,117.46,112.48,107.67,103.22,98.997,95.07,91.26,87.568,83.992,80.534,77.31,74.145,71.332,68.929,66.936,65.295,64.122,63.361,63.009,62.892,63.185,63.654,64.357,65.178,66.115,66.995,67.932,68.753,69.573,70.277,70.98,71.508,71.859,71.977,71.918,71.625,71.156,70.57,69.925,69.163,68.401,67.581,66.76,65.881,65.06,64.24,63.478,62.716,62.13,61.544,61.133,61.309,63.067,67.463,74.966,84.93,96.418,108.73,121.21,133.05,143.25,150.87,155.38,156.73,155.44,152.16,147.7,142.49,136.86,131.06,125.37,119.86,114.65,109.72,105.09,100.81,96.711,92.784,88.916,85.106,81.53,78.131,74.966,72.211,69.925,68.108,66.643,65.646,65.119,64.884,64.943,65.353,65.998,66.819,67.698,68.636,69.573,70.511,71.332,72.211,72.914,73.501,73.852,74.087,74.087,73.852,73.559,72.973,72.387,71.566,70.687,69.749,68.753,67.756,66.819,65.881,65.002,64.24,63.536,62.892,62.599,63.361,66.174,71.977,80.651,91.26,102.81,114.76,126.55,137.21,146,151.92,154.68,154.62,152.1,148.06,143.07,137.51,131.7,125.84,120.39,115.17,110.31,105.74,101.4,97.297,93.37,89.502,85.809,82.175,78.717,75.611,72.914,70.57,68.636,67.17,66.115,65.471,65.178,65.178,65.412,65.998,66.643,67.463,68.401,69.28,70.218,71.039,71.742,72.27,72.739,72.973,73.032,72.973,72.797,72.446,71.859,71.097,70.218,69.222,68.225,67.229,66.233,65.178,64.122,63.067,62.13,61.309,60.547,59.844,59.258,59.082,60.254,63.771,70.511,79.714,90.557,102.1,114,125.49,135.81,143.84,149.05,151.1,150.28,147.35,143.07,137.86,132.29,126.43,120.57,114.94,109.49,104.39,99.466,94.836,90.498,86.337,82.41,78.658,75.2,71.918,69.046,66.584,64.591,63.009,61.837,61.075,60.664,60.606,60.782,61.309,62.071,62.892,64.005,65.06,66.174,67.17,68.108,68.987,69.691,70.277,70.746,70.98,71.039,70.922,70.57,70.101,69.573,68.812,67.991,67.053,65.998,64.943,63.829,62.833,61.895,61.133,60.254,59.375,58.613,57.851,57.441,57.734,59.668,64.181,71.332,80.417,90.557,101.17,111.83,121.91,130.47,136.98,140.85,141.9,140.61,137.45,132.88,127.6,121.86,115.99,110.25,104.74,99.466,94.66,90.088,85.751,81.589,77.662,73.969,70.687,67.756,65.178,63.067,61.309,59.902,59.023,58.554,58.378,58.496,58.847,59.433,60.195,61.133,62.071,63.126,64.181,65.178,66.115,66.877,67.463,67.991,68.284,68.636,68.694,68.636,68.401,68.05,67.522,66.936,66.115,65.236,64.298,63.302,62.364,61.426,60.547,59.727,58.906,58.085,57.382,56.796,56.503,57.089,59.668,64.943,72.797,82.351,92.784,103.69,114.47,124.49,132.93,138.97,142.37,142.9,141.2,137.62,132.99,127.6,121.97,116.17,110.54,105.09,99.935,95.07,90.44,86.044,81.882,78.014,74.321,70.922,67.815,65.06,62.774,60.957,59.609,58.613,57.968,57.792,57.851,58.32,58.906,59.785,60.782,61.837,62.892,64.005,65.002,65.998,66.877,67.522,68.167,68.518,68.87,68.929,68.812,68.401,67.932,67.288,66.584,65.822,64.943,64.005,63.067,62.13,61.192,60.313,59.492,58.73,57.968,57.323,56.796,56.854,58.32,62.188,68.929,77.838,87.978,98.763,109.66,120.16,129.42,136.8,141.67,143.72,143.19,140.55,136.45,131.35,125.78,119.98,114.3,108.73,103.51,98.528,93.898,89.619,85.458,81.589,77.838,74.38,71.097,68.167,65.646,63.595,62.012,60.664,59.785,59.316,59.082,59.258,59.609,60.254,61.075,61.895,62.892,63.947,65.002,65.998,66.819,67.581,68.284,68.87,69.222,69.398,69.398,69.222,68.87,68.284,67.522,66.76,65.822,64.884,64.005,63.067,62.247,61.368,60.488,59.668,58.847,58.085,57.616,57.792,59.492,63.712,70.804,80.065,90.381,101.34,112.54,123.26,132.64,139.91,144.54,146.3,145.48,142.66,138.44,133.29,127.72,122.03,116.35,110.84,105.68,100.81,96.242,91.964,87.919,83.992,80.241,76.607,73.207,70.16,67.463,65.119,63.185,61.661,60.664,60.137,59.844,59.902,60.254,60.723,61.485,62.423,63.419,64.474,65.529,66.526,67.463,68.284,68.987,69.573,69.867,69.984,69.925,69.691,69.222,68.694,67.991,67.229,66.35,65.412,64.533,63.595,62.716,61.778,60.899,60.02,59.258,58.554,58.027,58.085,59.668,63.712,70.687,79.948,90.44,101.63,113.01,123.91,133.58,141.2,146.18,148.23,147.76,145.13,140.96,135.98,130.53,124.85,119.16,113.59,108.38,103.33,98.645,94.308,90.147,86.22,82.527,78.893,75.493,72.27,69.456,67.053,65.06,63.361,62.13,61.25,60.723,60.547,60.723,61.192,61.837,62.716,63.712,64.709,65.822,66.76,67.698,68.401,69.105,69.691,70.042,70.277,70.335,70.218,69.867,69.339,68.753,67.932,66.995,66.057,65.119,64.24,63.302,62.423,61.544,60.664,59.902,59.199,58.613,58.613,59.902,63.712,70.629,79.948,90.733,102.22,114.06,125.49,135.81,144.07,149.46,151.81,151.28,148.47,144.19,138.91,133.34,127.6,121.86,116.41,111.25,106.38,101.87,97.649,93.722,89.971,86.337,82.82,79.362,76.021,72.973,70.277,67.932,65.998,64.357,63.243,62.481,62.071,62.071,62.305,62.774,63.419,64.298,65.236,66.291,67.288,68.167,68.929,69.632,70.16,70.629,70.863,70.922,70.804,70.394,69.925,69.222,68.46,67.698,66.819,65.822,64.884,63.947,63.067,62.247,61.426,60.606,59.785,59.258,59.082,60.43,64.24,71.039,80.358,91.202,102.81,114.76,126.43,136.92,145.3,150.87,153.33,152.86,150.22,146,140.85,135.22,129.48,123.79,118.22,113.01,108.02,103.45,98.997,94.836,90.909,87.157,83.523,80.007,76.607,73.383,70.57,68.108,66.115,64.533,63.419,62.599,62.188,62.13,62.423,62.892,63.654,64.533,65.529,66.643,67.756,68.753,69.691,70.511,71.097,71.625,71.918,72.035,71.977,71.742,71.215,70.57,69.749,68.812,67.815,66.819,65.822,64.884,63.947,63.009,62.13,61.309,60.488,59.844,59.551,60.371,63.419,69.573,78.483,89.092,100.7,112.89,124.9,136.04,145.24,151.69,154.97,155.32,153.16,149.35,144.42,138.91,133.11,127.25,121.5,115.99,110.78,106.03,101.58,97.297,93.312,89.502,85.809,82.234,78.776,75.552,72.621,70.042,67.874,66.115,64.767,63.947,63.361,63.126,63.185,63.478,64.005,64.65,65.471,66.467,67.463,68.46,69.398,70.218,70.922,71.449,71.684,71.859,71.801,71.566,71.097,70.57,69.867,68.987,68.108,67.112,66.174,65.178,64.181,63.185,62.247,61.426,60.664,59.961,59.551,59.727,61.485,65.998,73.501,83.23,94.367,106.27,118.52,130.18,140.44,148.23,153.04,154.8,153.8,150.69,146.24,140.91,135.16,129.3,123.5,117.99,112.77,107.85,103.22,98.939,94.777,90.909,87.216,83.523,80.007,76.607,73.501,70.746,68.401,66.408,64.943,63.829,63.185,62.774,62.657,62.833,63.302,64.005,64.767,65.822,66.819,67.756,68.694,69.398,70.101,70.746,71.215,71.625,71.859,71.859,71.684,71.215,70.687,69.925,69.046,68.108,67.17,66.174,65.119,64.181,63.243,62.305,61.426,60.606,59.785,59.199,59.023,60.313,64.064,70.922,80.358,91.319,102.98,115.12,126.84,137.45,145.71,151.16,153.57,152.98,150.22,145.95,140.73,134.99,129.12,123.26,117.46,112.01,106.85,102.1,97.59,93.488,89.502,85.633,81.882,78.307,74.907,71.801,68.987,66.643,64.709,63.185,62.012,61.309,60.957,61.133,61.485,62.13,62.892,63.771,64.767,65.939,66.995,67.991,68.87,69.691,70.277,70.746,71.039,71.097,70.98,70.687,70.16,69.573,68.812,67.991,67.053,66.115,65.178,64.181,63.243,62.305,61.368,60.488,59.668,58.906,58.496,58.847,60.899,65.588,73.09,82.586,93.37,104.8,116.35,127.37,136.86,144.07,148.29,149.58,148.17,144.72,140.14,134.69,128.95,123.09,117.4,111.95,106.73,101.87,97.356,93.136,89.092,85.282,81.589,78.014,74.556,71.332,68.46,65.998,63.829,62.247,61.075,60.313,59.961,59.902,60.254,60.723,61.426,62.305,63.302,64.298,65.295,66.291,67.229,68.05,68.812,69.398,69.867,70.042,70.042,69.867,69.456,68.987,68.284,67.405,66.526,65.529,64.533,63.536,62.599,61.661,60.782,60.02,59.375,58.671,58.144,58.144,59.551,63.419,70.218,79.479,90.264,101.75,113.53,125.08,135.45,143.66,149.17,151.63,151.22,148.64,144.36,139.26,133.64,127.78,121.97,116.29,111.01,106.09,101.58,97.297,93.312,89.502,85.809,82.292,78.893,75.611,72.563,69.808,67.405,65.471,63.947,62.833,62.188,61.837,61.837,62.188,62.657,63.419,64.298,65.236,66.174,67.17,68.05,68.929,69.691,70.277,70.746,71.039,71.097,70.98,70.629,70.101,69.456,68.753,67.874,66.936,65.998,65.06,64.122,63.185,62.364,61.485,60.723,59.961,59.433,59.433,60.723,64.416,71.156,80.358,91.084,102.69,114.53,126.19,136.63,145.01,150.69,153.33,153.04,150.52,146.36,141.37,135.86,130.06,124.26,118.52,113.12,107.96,103.22,98.88,94.66,90.733,86.923,83.289,79.772,76.49,73.383,70.629,68.225,66.233,64.591,63.419,62.54,62.13,62.071,62.247,62.716,63.419,64.24,65.178,66.115,67.053,67.991,68.812,69.573,70.101,70.629,70.922,71.039,70.922,70.746,70.277,69.749,68.987,68.167,67.288,66.35,65.412,64.474,63.478,62.599,61.719,60.84,60.02,59.316,58.789,58.965,60.899,65.588,73.442,83.465,94.894,106.97,119.34,131.23,141.55,149.35,154.15,155.85,154.86,151.75,147.18,141.73,135.92,130,124.14,118.52,113.18,108.14,103.45,98.997,94.836,90.909,87.157,83.465,79.948,76.548,73.501,70.746,68.401,66.467,65.002,63.947,63.243,62.833,62.774,63.126,63.595,64.298,65.119,66.057,66.995,67.991,68.929,69.749,70.57,71.097,71.566,71.801,71.918,71.801,71.508,71.039,70.394,69.691,68.87,67.874,66.936,65.939,64.943,63.947,63.009,62.13,61.25,60.43,59.727,59.316,59.492,61.426,66.115,73.794,83.699,94.718,106.32,118.16,129.53,139.5,147.06,151.75,153.57,152.63,149.7,145.36,140.14,134.4,128.48,122.62,116.87,111.42,106.27,101.46,97.063,92.901,88.974,85.164,81.472,77.838,74.438,71.273,68.518,66.233,64.416,63.126,62.247,61.778,61.719,61.837,62.247,62.892,63.712,64.65,65.705,66.819,67.815,68.812,69.691,70.335,70.98,71.332,71.566,71.566,71.332,70.98,70.511,69.867,69.105,68.225,67.288,66.291,65.295,64.298,63.302,62.364,61.485,60.606,59.844,59.082,58.437,58.144,58.965,62.071,68.225,77.135,87.743,99.232,111.25,122.97,133.75,142.49,148.53,151.57,151.69,149.4,145.42,140.44,134.81,128.89,122.79,116.99,111.36,106.09,101.17,96.535,92.315,88.212,84.403,80.71,77.135,73.735,70.687,67.991,65.705,63.829,62.481,61.485,60.84,60.547,60.664,60.957,61.602,62.305,63.185,64.181,65.178,66.233,67.288,68.225,69.105,69.749,70.218,70.57,70.687,70.629,70.394,70.042,69.573,68.812,67.991,67.053,66.057,65.119,64.181,63.185,62.247,61.368,60.488,59.727,58.965,58.32,57.91,58.144,60.137,64.709,72.152,81.648,92.374,103.63,115.06,126.02,135.57,142.84,147.29,148.76,147.53,144.3,139.67,134.22,128.42,122.5,116.64,111.07,105.8,100.87,96.242,91.846,87.802,83.992,80.241,76.724,73.442,70.394,67.756,65.471,63.654,62.247,61.25,60.547,60.254,60.254,60.547,61.133,61.778,62.657,63.595,64.591,65.588,66.467,67.288,67.932,68.46,68.929,69.222,69.339,69.28,69.105,68.753,68.167,67.463,66.643,65.705,64.767,63.771,62.774,61.778,60.84,59.844,58.965,58.085,57.382,56.679,56.21,56.444,58.261,62.657,70.101,79.831,90.909,102.57,114.3,125.61,135.51,143.13,147.82,149.46,148.47,145.36,140.85,135.63,130.06,124.32,118.75,113.3,108.2,103.33,98.88,94.66,90.791,87.099,83.523,80.065,76.607,73.442,70.511,67.932,65.705,64.064,62.774,61.895,61.485,61.485,61.778,62.423,63.302,64.357,65.529,66.877,68.108,69.398,70.687,71.859,72.856,73.676,74.38,74.849,75.024,75.083,74.907,74.556,74.028,73.325,72.504,71.625,70.687,69.749,68.812,67.874,66.995,66.115,65.236,64.416,63.771,63.654,65.002,68.753,75.552,84.989,96.008,107.91,120.21,132.11,142.61,150.81,156.03,158.2,157.49,154.8,150.69,145.71,140.38,134.75,129.18,123.67,118.34,113.36,108.67,104.27,100.11,96.184,92.374,88.74,85.282,81.999,78.893,76.255,73.969,72.094,70.746,69.808,69.163,68.987,69.105,69.456,70.101,70.922,71.859,72.914,73.911,74.907,75.786,76.666,77.31,77.779,78.131,78.19,78.072,77.721,77.31,76.724,76.021,75.259,74.38,73.501,72.563,71.684,70.804,69.984,69.222,68.46,67.815,67.229,67.112,68.284,71.859,78.483,87.802,98.645,110.37,122.27,133.64,143.6,151.22,155.91,157.61,156.67,153.74,149.46,144.42,138.97,133.23,127.54,121.91,116.52,111.54,106.79,102.34,98.118,94.132,90.264,86.571,83.054,79.772,76.9,74.438,72.27,70.687,69.456,68.753,68.343,68.284,68.46,68.987,69.632,70.394,71.273,72.152,73.032,73.852,74.556,75.083,75.611,75.904,76.138,76.138,75.962,75.728,75.318,74.673,73.911,73.032,72.035,70.98,69.867,68.753,67.756,66.76,65.705,64.767,63.829,63.009,62.247,61.602,61.075,60.84,61.544,64.24,69.867,78.19,88.212,99.232,110.66,121.86,132.11,140.55,146.36,149.23,149.29,147.06,143.13,138.03,132.41,126.55,120.57,114.65,109.08,103.8,98.821,94.132,89.736,85.575,81.53,77.721,74.145,70.98,68.225,65.881,64.005,62.481,61.426,60.782,60.547,60.664,61.075,61.661,62.423,63.361,64.357,65.353,66.291,67.229,68.05,68.753,69.28,69.808,70.101,70.277,70.218,69.984,69.573,68.929,68.225,67.463,66.584,65.705,64.709,63.771,62.833,61.778,60.782,59.844,58.965,58.085,57.441,56.737,56.21,56.093,56.972,59.844,65.353,73.207,82.586,92.608,102.92,112.89,121.91,129.42,134.63,137.04,136.86,134.34,130.3,125.31,119.69,113.83,107.96,102.22,96.887,91.788,87.04,82.586,78.365,74.438,70.746,67.288,64.298,61.661,59.492,57.792,56.62,55.799,55.506,55.565,55.858,56.503,57.382,58.378,59.492,60.664,61.778,62.892,64.005,64.943,65.705,66.467,67.112,67.581,67.874,68.05,67.991,67.874,67.581,67.17,66.584,65.939,65.178,64.474,63.654,62.892,62.188,61.426,60.606,59.844,59.199,58.613,58.085,57.91,58.437,60.371,64.65,71.625,80.651,90.967,101.93,113.06,123.61,132.82,139.85,144.25,145.71,144.54,141.32,136.69,131.23,125.49,119.51,113.59,108.02,102.81,97.942,93.37,89.092,85.047,81.237,77.721,74.438,71.449,68.87,66.643,64.943,63.595,62.716,62.247,62.188,62.423,62.892,63.595,64.474,65.412,66.408,67.463,68.518,69.573,70.335,71.156,71.801,72.27,72.68,72.739,72.68,72.387,71.859,71.273,70.57,69.808,68.929,68.05,67.112,66.174,65.236,64.298,63.361,62.54,61.719,61.133,61.133,62.54,66.467,73.383,82.527,93.253,104.68,116.41,127.6,137.39,144.77,149.35,150.87,149.76,146.47,141.84,136.45,130.59,124.67,118.87,113.36,108.2,103.33,98.939,94.718,90.791,87.04,83.465,80.065,76.783,73.794,71.156,68.929,67.112,65.705,64.767,64.24,64.005,64.122,64.416,65.119,65.939,66.936,67.932,68.987,70.042,70.98,71.859,72.68,73.383,73.852,74.263,74.438,74.38,74.145,73.794,73.325,72.739,71.977,71.039,70.042,68.987,67.932,66.936,65.939,64.943,64.005,63.126,62.364,61.661,61.368,62.012,64.533,70.101,78.483,88.857,100.29,112.3,124.26,135.22,144.3,150.64,153.74,153.8,151.51,147.29,142.08,136.1,130,123.85,117.99,112.48,107.38,102.63,98.118,93.839,89.795,85.926,73.852,73.501,72.973,72.387,71.566,70.687,69.691,68.694,67.581,66.526,65.471,64.416,63.361,62.423,61.485,60.664,59.902,59.609,60.371,63.185,68.753,76.783,86.513,97.004,107.79,118.34,127.95,135.75,141.08,143.48,143.19,140.61,136.45,131.29,125.67,119.8,113.94,108.2,102.75,97.532,92.726,88.154,83.934,79.948,76.138,72.563,69.28,66.35,63.947,61.837,60.254,59.082,58.437,58.085,58.085,58.437,58.965,59.727,60.664,61.661,62.774,63.829,64.943,65.939,66.877,67.581,68.225,68.753,69.046,69.105,69.046,68.87,68.46,67.932,67.17,66.35,65.412,64.416,63.419,62.423,61.426,60.488,59.551,58.73,57.91,57.148,56.444,55.858,55.624,56.268,58.906,64.181,72.035,81.53,91.964,102.75,113.3,123.03,131.06,136.69,139.56,139.62,137.45,133.4,128.36,122.62,116.7,110.66,104.86,99.407,94.308,89.502,84.989,80.71,76.724,72.973,69.456,66.174,63.243,60.723,58.73,57.148,56.151,55.565,55.448,55.682,56.268,57.148,58.261,59.433,60.723,62.071,63.361,64.533,65.646,66.643,67.522,68.284,68.87,69.222,69.398,69.456,69.339,69.105,68.753,68.225,67.698,67.112,66.584,66.115,65.588,65.06,64.533,64.357,64.884,66.467,69.632,74.087,79.655,85.926,92.491,98.939,104.8,109.55,112.89,114.59,114.59,113.06,110.19,106.38,101.93,97.004,91.905,86.864,81.999,77.369,72.973,69.046,65.471,62.481,59.902,57.91,56.386,55.213,54.393,53.982,53.865,54.041,54.51,55.037,55.799,56.679,57.675,58.671,59.668,60.606,61.485,62.188,62.774,63.243,63.536,63.712,63.829,64.005,64.064,64.005,63.829,63.595,63.361,63.067,62.716,62.364,61.895,61.426,60.84,60.313,59.668,59.082,58.496,57.851,57.089,56.386,55.624,54.92,54.334,53.924,53.924,55.213,59.258,66.643,76.959,88.916,101.75,114.94,127.83,139.56,149.11,155.68,159.02,159.31,157.2,153.33,148.35,142.72,136.74,130.59,124.49,118.63,113.01,107.67,102.69,98.001,93.488,89.209,85.164,81.296,77.662,74.38,71.449,68.929,66.877,65.295,64.24,63.478,63.067,63.009,63.243,63.712,64.416,65.236,66.233,67.288,68.401,69.573,70.511,71.273,71.918,72.504,72.914,73.09,73.149,72.914,72.504,71.859,71.039,70.16,69.222,68.225,67.17,66.174,65.119,64.181,63.243,62.364,61.544,60.84,60.664,61.719,65.119,71.273,79.772,89.678,100.29,111.25,121.86,131.35,138.91,144.01,146.24,145.95,143.48,139.67,134.93,129.59,124.14,118.57,113.12,108.02,103.22,98.763,94.484,90.498,86.63,82.879,79.303,75.904,72.797,69.984,67.522,65.471,63.829,62.599,61.837,61.485,61.485,61.719,62.188,62.833,63.712,64.709,65.881,66.995,67.991,68.987,69.808,70.511,70.98,71.332,71.508,71.332,71.039,70.511,69.808,68.987,68.05,67.112,66.115,65.06,64.005,63.009,62.071,61.192,60.371,59.609,58.965,58.613,58.847,60.899,65.705,73.559,83.347,94.367,105.91,117.58,128.54,137.97,144.95,148.99,150.05,148.64,145.24,140.67,135.45,129.89,124.14,118.4,113.01,107.73,102.81,98.177,93.722,89.619,85.692,81.941,78.365,75.024,72.035,69.456,67.288,65.471,64.122,63.185,62.599,62.364,62.423,62.716,63.302,64.181,65.178,66.291,67.405,68.518,69.632,70.57,71.332,72.035,72.563,72.914,73.032,72.914,72.621,72.035,71.332,70.57,69.691,68.694,67.581,66.526,65.471,64.474,63.536,62.599,61.719,60.899,60.313,60.195,61.368,64.884,71.332,80.241,90.498,101.34,112.48,123.09,132.47,139.79,144.42,146.24,145.48,142.66,138.56,133.58,128.13,122.5,116.87,111.48,106.38,101.46,97.004,92.667,88.681,84.813,81.179,77.662,74.438,71.449,68.87,66.643,64.943,63.536,62.599,62.012,61.719,61.778,62.071,62.481,63.126,63.771,64.591,65.471,66.408,67.229,67.991,68.518,69.046,69.339,69.573,69.632,69.398,69.046,68.518,67.932,67.112,66.233,65.295,64.298,63.302,62.305,61.309,60.371,59.433,58.613,57.792,57.089,56.737,57.323,59.727,65.119,73.207,83.113,93.898,105.09,116.17,126.31,134.81,140.79,143.95,144.13,141.9,138.03,133.05,127.48,121.68,115.82,110.13,104.74,99.7,94.894,90.498,86.22,82.234,78.424,74.79,71.332,68.225,65.471,63.185,61.25,59.844,58.906,58.437,58.378,58.554,59.082,59.902,60.899,62.071,63.243,64.416,65.529,66.584,67.522,68.401,69.163,69.808,70.218,70.511,70.57,70.335,69.984,69.339,68.694,67.932,67.112,66.291,65.412,64.533,63.654,62.833,62.071,61.192,60.43,59.844,59.785,60.84,63.947,69.749,78.072,88.037,98.997,110.25,121.21,131.18,139.21,144.6,147.18,147,144.66,140.85,136.1,130.88,125.43,119.92,114.53,109.37,104.45,99.7,95.246,90.967,87.04,83.289,79.714,76.373,73.325,70.511,68.108,66.233,64.767,63.771,63.185,63.009,63.067,63.302,63.829,64.591,65.529,66.526,67.581,68.694,69.691,70.57,71.332,71.918,72.387,72.563,72.621,72.446,72.035,71.566,70.922,70.16,69.339,68.518,67.698,66.819,65.881,65.002,64.064,63.243,62.599,62.774,64.709,69.339,76.9,86.571,97.415,108.96,120.57,131.41,140.61,147.29,150.93,151.63,149.81,146.24,141.43,136.1,130.47,124.73,119.04,113.59,108.49,103.69,99.232,95.011,90.967,87.099,83.347,79.831,76.548,73.559,70.863,68.636,66.643,65.178,64.181,63.478,63.185,63.243,63.478,64.005,64.709,65.529,66.467,67.463,68.401,69.28,70.042,70.629,71.097,71.449,71.625,71.625,71.332,70.922,70.335,69.691,68.812,67.874,66.877,65.881,64.767,63.771,62.833,62.012,61.133,60.371,59.609,59.082,59.316,61.192,65.822,73.442,83.172,94.191,105.8,117.46,128.48,137.8,144.66,148.53,149.35,147.59,144.01,139.09,133.58,127.6,121.62,115.7,110.07,104.68,99.7,95.011,90.674,86.571,82.586,78.834,75.376,72.094,69.222,66.584,64.416,62.657,61.368,60.488,60.02,59.902,60.195,60.664,61.368,62.247,63.302,64.298,65.353,66.35,67.346,68.284,69.046,69.749,70.101,70.277,70.277,70.101,69.749,69.222,68.636,67.932,67.112,66.174,65.295,64.357,63.478,62.599,61.778,60.899,60.137,59.433,59.082,59.844,62.54,67.991,76.138,86.044,96.946,108.2,119.16,129.24,137.51,143.25,146.12,146.18,143.84,139.91,135.04,129.65,124.02,118.4,112.95,107.67,102.81,98.177,93.839,89.736,85.868,82.175,78.6,75.259,72.035,69.222,66.76,64.65,63.185,62.071,61.426,61.133,61.192,61.602,62.305,63.243,64.298,65.529,66.819,67.991,69.046,69.984,70.804,71.449,71.859,71.977,71.918,71.684,71.215,70.629,69.867,69.105,68.284,67.405,66.467,65.471,64.416,63.478,62.599,61.837,61.309,61.426,63.126,67.405,74.673,84.168,95.011,106.38,117.87,128.66,137.97,144.89,148.94,149.99,148.47,145.13,140.5,135.1,129.36,123.56,117.75,112.19,106.97,102.1,97.532,93.37,89.385,85.575,81.882,78.365,75.024,72.035,69.456,67.229,65.412,64.122,63.185,62.54,62.364,62.423,62.774,63.361,64.122,65.06,65.998,66.877,67.756,68.401,69.046,69.573,69.925,70.16,70.16,70.042,69.808,69.398,68.987,68.401,67.756,66.995,66.174,65.295,64.416,63.536,62.657,61.778,60.957,60.313,59.668,59.316,59.668,61.895,66.936,74.907,84.93,95.949,107.5,119.04,129.83,138.85,145.42,148.94,149.4,147.35,143.48,138.5,132.88,126.9,120.86,114.94,109.31,103.92,98.88,94.074,89.56,85.282,81.296,77.545,74.028,70.863,67.991,65.471,63.419,61.837,60.664,59.961,59.727,59.785,60.195,60.723,61.426,62.364,63.478,64.591,65.822,66.936,67.932,68.812,69.632,70.218,70.687,70.922,70.922,70.746,70.277,69.808,69.046,68.225,67.229,66.233,65.236,64.24,63.243,62.305,61.485,60.664,59.902,59.258,58.965,59.785,62.833,68.694,76.841,86.63,97.122,107.91,118.57,128.13,135.81,140.96,143.37,143.02,140.44,136.22,131.12,125.43,119.51,113.53,107.79,102.34,97.239,92.432,87.861,83.582,79.596,75.904,72.446,69.28,66.408,63.947,61.837,60.313,59.082,58.437,58.027,58.027,58.32,58.789,59.609,60.547,61.661,62.833,64.005,65.119,66.174,67.17,68.05,68.812,69.28,69.632,69.691,69.456,69.163,68.753,68.05,67.229,66.35,65.412,64.474,63.536,62.599,61.719,60.84,60.02,59.258,58.496,57.851,57.792,59.316,63.302,70.277,79.538,89.971,101.05,112.36,123.2,132.76,140.2,144.77,146.41,145.24,142.02,137.39,131.88,126.02,119.92,113.94,108.2,102.81,97.708,92.96,88.564,84.227,80.182,76.373,72.739,69.398,66.35,63.712,61.544,59.785,58.496,57.675,57.206,57.148,57.441,57.968,58.73,59.668,60.723,61.837,63.067,64.181,65.295,66.291,67.17,67.932,68.46,68.87,68.987,68.87,68.518,68.05,67.405,66.584,65.646,64.709,63.771,62.774,61.895,61.075,60.137,59.258,58.378,57.558,56.972,57.089,58.789,63.009,70.101,79.362,89.736,100.81,112.01,122.74,132.11,139.32,143.66,145.13,143.84,140.55,135.92,130.47,124.73,118.81,112.95,107.32,101.99,97.063,92.432,88.095,84.051,80.182,76.49,72.973,69.808,66.877,64.357,62.188,60.488,59.199,58.32,57.792,57.734,58.027,58.554,59.316,60.254,61.25,62.423,63.595,64.709,65.822,66.76,67.522,68.225,68.753,69.046,69.163,69.163,68.929,68.46,67.932,67.17,66.35,65.471,64.533,63.536,62.657,61.719,60.782,59.902,58.965,58.32,57.968,58.671,61.426,66.936,75.259,85.458,96.711,108.49,119.98,130.47,139.09,145.13,148,147.94,145.48,141.37,136.22,130.59,124.73,118.98,113.36,108.14,103.1,98.411,94.132,90.029,86.278,82.82,79.362,76.021,72.856,69.867,67.288,65.119,63.419,62.188,61.426,61.133,61.133,61.485,62.247,63.185,64.357,65.646,67.112,68.46,69.867,71.039,72.094,72.973,73.618,74.028,74.145,74.087,73.794,73.383,72.68,71.859,70.922,69.925,68.929,67.932,66.877,65.881,64.943,64.005,63.185,62.481,62.481,63.947,68.108,75.376,85.047,96.184,108.02,120.1,131.59,141.49,148.94,153.21,154.44,152.92,149.46,144.77,139.44,133.75,127.83,122.09,116.52,111.36,106.56,101.99,97.708,93.663,89.795,86.102,82.527,79.127,75.962,73.149,70.804,68.812,67.229,66.115,65.295,64.943,64.767,65.06,65.471,66.233,67.112,68.167,69.222,70.218,71.215,72.035,72.797,73.442,73.794,73.969,73.969,73.794,73.442,72.914,72.211,71.332,70.394,69.398,68.401,67.405,66.408,65.471,64.533,63.654,62.892,62.481,63.243,66.291,72.504,81.472,92.315,104.1,116.35,128.42,139.26,147.88,153.51,155.85,155.27,152.28,147.76,142.31,136.39,130.3,124.32,118.52,113.06,107.91,103.16,98.763,94.484,90.498,86.688,83.054,79.538,76.373,73.501,70.98,68.812,67.053,65.705,64.884,64.416,64.298,64.474,64.767,65.353,66.174,67.053,68.05,68.987,69.984,70.863,71.684,72.387,72.914,73.383,73.559,73.559,73.207,72.68,71.977,71.156,70.218,69.222,68.167,67.112,65.998,64.767,63.654,62.54,61.544,60.606,59.785,59.199,59.082,60.488,64.416,71.508,81.062,91.964,103.57,115.35,126.55,136.39,143.72,148.11,149.35,147.88,144.3,139.5,133.93,128.07,122.03,116.17,110.54,105.15,100.11,95.363,90.85,86.63,82.586,78.776,75.318,71.977,69.046,66.408,64.298,62.599,61.368,60.547,60.195,60.137,60.371,60.84,61.544,62.364,63.361,64.416,65.529,66.643,67.698,68.694,69.456,70.101,70.629,70.922,70.98,70.804,70.394,69.867,69.163,68.343,67.463,66.526,65.529,64.591,63.595,62.599,61.602,60.664,59.844,59.082,58.496,58.144,58.906,61.661,67.17,75.259,84.871,95.305,106.03,116.64,126.25,134.05,139.38,141.84,141.61,139.21,135.1,130.12,124.55,118.69,112.71,106.97,101.4,96.125,91.084,86.337,81.941,77.838,74.087,70.687,67.522,64.884,62.54,60.723,59.375,58.378,57.792,57.558,57.734,58.085,58.789,59.609,60.606,61.602,62.657,63.712,64.767,65.705,66.584,67.405,68.05,68.46,68.753,68.753,68.636,68.343,67.932,67.405,66.76,65.939,65.002,64.064,63.067,62.012,61.075,60.137,59.258,58.378,57.558,56.854,56.386,56.503,58.261,62.657,69.867,79.186,89.502,100.35,111.36,121.74,130.82,137.56,141.61,142.84,141.49,138.09,133.4,128.01,122.09,116.11,110.13,104.45,99.114,94.074,89.385,84.93,80.71,76.841,73.149,69.808,66.76,64.064,61.778,60.02,58.671,57.734,57.148,56.972,57.03,57.558,58.378,59.433,60.547,61.778,63.126,64.357,65.529,66.584,67.581,68.343,68.987,69.456,69.867,69.984,69.925,69.573,68.987,68.225,67.405,66.526,65.705,64.767,63.947,63.067,62.188,61.368,60.547,59.727,58.965,58.496,58.73,60.782,65.646,73.325,82.937,93.605,104.92,116.35,127.07,136.1,142.61,146.24,146.88,145.01,141.32,136.51,130.94,124.96,118.98,113.18,107.67,102.51,97.649,93.136,88.798,84.637,80.651,76.9,73.383,70.101,67.288,64.884,62.892,61.368,60.195,59.375,58.906,58.789,58.906,59.375,60.02,60.957,62.071,63.243,64.298,65.353,66.291,67.112,67.874,68.46,68.987,69.222,69.339,69.28,69.046,68.636,67.991,67.17,66.233,65.236,64.298,63.419,62.599,61.895,61.192,60.43,59.609,59.023,58.965,60.43,64.298,71.097,80.241,90.674,101.93,113.47,124.73,134.87,142.9,148.17,150.34,149.81,147.12,143.07,137.97,132.35,126.37,120.45,114.76,109.37,104.45,99.876,95.598,91.671,87.919,84.285,80.71,77.31,73.969,70.98,68.284,65.939,64.005,62.481,61.368,60.723,60.488,60.547,60.957,61.602,62.423,63.361,64.416,65.471,66.467,67.346,68.167,68.87,69.339,69.749,69.984,70.042,69.867,69.573,69.046,68.343,67.463,66.526,65.529,64.533,63.595,62.599,61.602,60.664,59.727,58.847,58.144,58.144,59.668,63.829,71.039,80.651,91.671,103.28,115.17,126.55,136.63,144.36,149.17,150.99,150.05,147.12,142.84,137.8,132.17,126.37,120.57,115.06,109.84,105.03,100.52,96.36,92.432,88.623,84.989,81.355,77.897,74.673,71.625,68.87,66.526,64.591,63.185,62.188,61.544,61.368,61.485,61.837,62.481,63.302,64.24,65.178,66.174,67.17,68.108,68.929,69.632,70.218,70.629,70.863,70.922,70.804,70.394,69.925,69.222,68.46,67.581,66.819,65.939,65.06,64.181,63.361,62.54,61.661,60.899,60.488,60.723,62.774,67.463,75.083,84.989,96.125,107.85,119.69,130.77,140.14,147,150.87,151.87,150.4,147.18,142.72,137.56,132,126.31,120.74,115.53,110.6,106.03,101.69,97.532,93.663,89.912,86.337,82.879,79.42,76.138,72.973,70.16,67.756,65.822,64.24,63.126,62.423,62.071,62.071,62.305,62.774,63.595,64.474,65.471,66.467,67.463,68.343,69.163,69.867,70.394,70.804,70.98,71.039,70.863,70.394,69.749,68.987,68.167,67.346,66.467,65.588,64.709,63.829,62.892,62.071,61.309,60.723,60.957,62.833,67.463,75.083,85.047,96.242,108.2,120.21,131.53,141.14,148.11,152.04,152.98,151.34,147.94,143.37,138.09,132.41,126.55,120.74,115.23,110.02,104.98,100.23,95.832,91.671,87.802,84.051,80.475,77.076,73.794,70.922,68.401,66.291,64.65,63.419,62.599,62.13,61.895,62.13,62.54,63.243,64.005,64.884,65.822,66.76,67.698,68.518,69.339,70.042,70.629,70.922,71.097,71.039,70.863,70.335,69.749,69.046,68.167,67.288,66.35,65.412,64.474,63.478,62.54,61.602,60.782,60.02,59.433,59.258,60.254,63.478,69.808,78.834,89.736,101.46,113.59,125.61,136.45,145.13,150.99,153.74,153.57,151.05,147,141.84,136.16,130.12,124.02,118.22,112.71,107.55,102.75,98.235,94.015,89.971,86.102,82.41,78.776,75.435,72.211,69.398,66.995,65.002,63.361,62.188,61.368,61.075,61.075,61.368,61.895,62.716,63.595,64.65,65.822,66.877,67.874,68.753,69.573,70.218,70.804,71.215,71.449,71.332,70.98,70.394,69.691,68.812,67.932,66.936,65.939,64.884,63.771,62.716,61.661,60.723,59.844,59.082,58.847,59.785,62.892,68.987,77.662,88.154,99.466,111.19,122.74,62.716,61.309,60.371,59.844,59.727,59.785,60.254,60.84,61.778,62.892,64.064,65.178,66.233,67.229,68.108,68.929,69.691,70.16,70.629,70.804,70.746,70.511,69.984,69.339,68.518,67.698,66.819,65.881,64.884,63.829,62.833,61.895,60.957,60.195,59.551,59.258,59.727,62.012,66.877,74.673,84.754,96.066,107.91,119.8,131,140.55,147.7,151.81,152.98,151.75,148.7,144.48,139.56,134.11,128.36,122.68,117.17,112.07,107.2,102.63,98.352,94.249,90.264,86.337,82.644,79.186,75.845,72.856,70.277,68.108,66.35,65.06,64.181,63.712,63.595,63.771,64.24,64.884,65.646,66.584,67.522,68.46,69.456,70.335,71.156,71.859,72.387,72.68,72.797,72.739,72.504,72.094,71.508,70.746,69.867,68.987,68.108,67.17,66.233,65.353,64.416,63.536,63.009,63.126,65.06,69.691,77.31,87.099,98.235,110.02,121.74,132.82,142.19,148.94,152.69,153.45,151.69,148.11,143.31,137.8,131.94,125.9,120.1,114.65,109.49,104.68,100.17,95.949,91.846,87.978,84.227,80.651,77.31,74.145,71.449,69.105,67.229,65.705,64.591,63.829,63.478,63.419,63.595,64.064,64.65,65.412,66.291,67.229,68.167,69.105,70.042,70.804,71.449,71.918,72.27,72.563,72.563,72.446,72.094,71.566,70.863,70.042,69.163,68.284,67.346,66.408,65.471,64.591,63.654,62.716,61.895,61.25,60.84,61.426,64.122,69.867,78.541,89.209,100.93,113.06,124.96,135.86,144.66,150.69,153.57,153.51,150.99,146.94,141.84,136.04,129.94,123.79,117.87,112.24,106.97,101.93,97.18,92.667,88.505,84.403,80.534,76.841,73.501,70.511,67.991,65.881,64.24,63.067,62.305,61.895,61.837,62.13,62.599,63.302,64.181,65.119,66.115,67.17,68.225,69.222,70.042,70.804,71.332,71.859,72.094,72.211,72.094,71.742,71.097,70.335,69.398,68.46,67.405,66.35,65.295,64.24,63.126,62.012,60.899,59.902,59.199,58.554,58.613,60.137,64.181,71.097,80.3,90.674,101.63,112.6,122.97,131.94,138.56,142.43,143.43,142.08,138.74,134.22,128.89,122.97,116.93,111.01,105.39,99.994,94.894,90.088,85.692,81.53,77.662,73.969,70.629,67.522,64.884,62.599,60.782,59.433,58.496,57.851,57.616,57.616,57.91,58.496,59.316,60.254,61.25,62.247,63.302,64.357,65.295,66.115,66.819,67.463,67.991,68.401,68.636,68.636,68.401,67.991,67.346,66.643,65.881,65.002,64.005,63.067,62.071,61.133,60.195,59.258,58.437,57.616,56.913,56.444,56.444,57.675,61.25,67.522,76.197,86.161,96.77,107.55,117.81,126.84,133.93,138.5,140.2,139.38,136.57,132.29,127.19,121.45,115.41,109.43,103.63,98.177,92.96,88.154,83.582,79.303,75.259,71.449,67.991,64.884,62.13,59.844,57.968,56.62,55.682,55.213,55.096,55.272,55.799,56.503,57.382,58.437,59.609,60.782,61.895,63.009,63.947,64.709,65.471,66.115,66.584,66.995,67.229,67.288,67.229,66.995,66.467,65.705,64.884,63.947,62.892,61.895,60.957,60.02,59.199,58.32,57.499,56.737,56.093,55.799,56.386,58.73,63.829,71.625,81.296,91.905,102.98,113.94,123.97,132.47,138.56,141.73,142.14,140.14,136.45,131.53,126.02,120.04,114.12,108.38,102.98,97.942,93.136,88.623,84.403,80.417,76.666,73.09,69.749,66.643,63.947,61.602,59.727,58.261,57.206,56.737,56.561,56.737,57.148,57.851,58.789,59.844,61.075,62.247,63.361,64.416,65.412,66.291,67.112,67.815,68.343,68.812,69.046,69.105,68.987,68.694,68.167,67.522,66.819,66.057,65.295,64.474,63.654,62.833,62.071,61.309,60.664,60.137,59.961,60.84,63.536,68.987,77.135,87.216,98.411,110.07,121.45,131.82,140.32,146.3,149.4,149.87,148.06,144.54,139.97,134.75,129.07,123.2,117.46,112.13,106.97,102.16,97.532,93.136,88.974,85.106,81.355,77.779,74.38,71.215,68.401,66.115,64.298,63.009,62.071,61.544,61.368,61.426,61.778,62.481,63.361,64.357,65.412,66.526,67.581,68.694,69.573,70.335,70.98,71.449,71.742,71.859,71.801,71.566,71.039,70.335,69.573,68.636,67.581,66.526,65.529,64.533,63.595,62.716,62.012,61.426,61.25,62.188,65.412,71.566,80.417,91.084,102.69,114.59,126.19,136.63,144.89,150.28,152.57,152.04,149.29,145.07,139.85,134.11,128.13,122.15,116.46,111.19,106.15,101.58,97.239,93.136,89.209,85.458,81.999,78.6,75.435,72.563,69.925,67.698,65.881,64.474,63.478,62.892,62.599,62.657,63.009,63.478,64.181,65.06,66.057,67.053,68.05,68.929,69.749,70.394,70.98,71.508,71.801,71.977,71.918,71.684,71.215,70.687,69.925,69.105,68.167,67.112,66.115,65.119,64.181,63.243,62.364,61.544,60.782,60.195,60.02,61.309,65.06,71.801,81.12,91.964,103.63,115.47,126.84,136.86,144.6,149.35,151.1,150.22,147.29,143.07,137.92,132.23,126.25,120.39,114.65,109.37,104.27,99.466,94.894,90.615,86.513,82.527,78.717,75.259,71.977,69.105,66.584,64.533,62.892,61.661,60.899,60.488,60.488,60.664,61.133,61.719,62.54,63.536,64.533,65.588,66.643,67.581,68.46,69.222,69.867,70.335,70.687,70.804,70.629,70.218,69.691,68.987,68.225,67.405,66.526,65.588,64.65,63.654,62.716,61.778,60.957,60.195,59.492,58.847,58.73,59.785,63.126,69.339,78.131,88.447,99.466,110.66,121.56,131.23,138.97,144.01,146.06,145.36,142.55,138.44,133.4,127.83,121.97,116.05,110.31,104.86,99.759,94.894,90.381,86.044,81.941,78.072,74.438,71.039,68.108,65.529,63.419,61.778,60.547,59.727,59.375,59.316,59.492,59.961,60.664,61.485,62.481,63.595,64.709,65.939,66.995,67.932,68.753,69.339,69.925,70.394,70.746,70.863,70.804,70.511,69.925,69.163,68.343,67.405,66.467,65.529,64.533,63.595,62.657,61.778,60.957,60.254,59.551,59.023,59.082,60.664,64.709,71.742,81.179,91.964,103.33,114.94,125.84,135.45,142.66,147,148.35,147.12,144.01,139.56,134.28,128.54,122.56,116.64,110.9,105.5,100.4,95.656,91.202,86.981,82.996,79.186,75.611,72.27,69.398,66.995,65.002,63.419,62.305,61.544,61.133,61.075,61.25,61.719,62.423,63.302,64.298,65.353,66.408,67.463,68.46,69.398,70.218,70.863,71.449,71.742,71.918,71.918,71.742,71.273,70.629,69.808,68.87,67.932,66.995,66.057,65.06,64.064,63.126,62.188,61.368,60.547,59.902,59.609,60.313,63.126,68.812,77.135,87.157,98.059,109.25,120.21,130.24,138.44,144.01,146.65,146.59,144.36,140.5,135.57,129.94,123.91,117.87,112.07,106.62,101.46,96.594,92.022,87.743,83.699,79.772,76.197,72.797,69.749,67.053,64.943,63.243,61.895,61.075,60.488,60.254,60.313,60.606,61.25,62.071,63.009,63.947,64.943,65.822,66.643,67.405,68.108,68.694,69.046,69.28,69.339,69.222,68.987,68.401,67.756,66.877,65.939,64.943,63.829,62.774,61.719,60.723,59.727,58.789,57.91,57.148,56.503,55.975,55.917,57.089,60.43,66.584,75.318,85.575,96.418,107.5,118.16,127.66,135.22,140.2,142.25,141.61,138.8,134.58,129.3,123.5,117.46,111.48,105.85,100.52,95.539,90.909,86.513,82.292,78.307,74.556,70.98,67.698,64.709,62.247,60.313,58.789,57.792,57.089,56.854,56.913,57.382,58.144,59.199,60.313,61.426,62.599,63.771,64.943,66.057,67.053,67.932,68.694,69.28,69.691,69.925,69.984,69.984,69.808,69.398,68.87,68.108,67.346,66.467,65.646,64.767,64.064,63.243,62.481,61.778,61.25,60.84,61.25,63.185,67.581,74.673,83.934,94.367,105.33,116.17,126.19,134.69,140.91,144.48,145.36,143.84,140.61,136.16,131.12,125.55,119.86,114.24,108.79,103.63,98.763,94.191,89.854,85.751,81.882,78.248,74.79,71.742,68.929,66.584,64.65,63.185,62.13,61.485,61.25,61.309,61.602,62.247,63.067,64.064,65.119,66.291,67.405,68.401,69.339,70.16,70.863,71.273,71.566,71.684,71.625,71.332,70.863,70.16,69.339,68.518,67.756,66.877,66.057,65.178,64.357,63.478,62.716,62.188,62.071,63.185,66.643,73.09,82.117,92.667,103.98,115.7,126.84,136.69,144.25,148.99,150.75,149.87,147,142.78,137.74,132.11,126.13,120.21,114.53,109.25,104.21,99.525,95.246,91.202,87.333,83.699,80.182,76.841,73.794,71.097,68.87,66.995,65.529,64.533,63.829,63.595,63.654,64.005,64.474,65.236,66.057,66.995,67.991,68.987,69.925,70.746,71.566,72.152,72.739,73.149,73.442,73.501,73.383,72.973,72.446,71.742,70.922,69.984,69.046,68.05,67.053,66.057,65.119,64.24,63.419,62.54,61.778,61.25,61.426,63.361,68.167,76.197,86.571,98.177,110.43,122.68,134.11,143.66,150.58,154.33,154.97,153.16,149.64,144.89,139.38,133.34,127.25,121.15,115.41,110.02,104.92,100.17,95.715,91.553,87.509,83.699,80.065,76.724,73.735,71.097,68.929,67.17,65.939,65.06,64.65,64.591,64.767,65.236,65.939,66.76,67.756,68.87,69.984,71.097,72.152,73.09,73.852,74.497,74.907,75.2,75.259,75.024,74.673,74.087,73.383,72.446,71.508,70.394,69.339,68.284,67.288,66.291,65.353,64.474,63.654,63.067,62.774,63.536,66.408,72.094,80.475,90.557,101.63,112.95,123.85,133.58,141.14,145.95,147.82,147.12,144.36,140.32,135.22,129.65,123.79,117.99,112.42,107.2,102.22,97.532,93.194,88.974,84.989,81.296,77.779,74.614,71.742,69.28,67.288,65.705,64.533,63.771,63.419,63.361,63.536,64.005,64.65,65.471,66.408,67.405,68.401,69.456,70.511,71.332,72.152,72.856,73.383,73.676,73.794,73.794,73.559,73.032,72.446,71.566,70.687,69.691,68.694,67.698,66.584,65.588,64.533,63.595,62.774,62.012,61.309,60.723,60.664,61.837,65.471,71.918,80.769,91.026,101.87,112.65,122.91,131.7,138.33,142.19,143.31,141.9,138.68,134.22,128.89,122.97,116.87,110.78,105.03,99.525,94.425,89.56,85.106,80.944,76.9,73.149,69.691,66.584,63.947,61.778,60.195,58.906,58.027,57.558,57.499,57.792,58.437,59.258,60.254,61.25,62.247,63.302,64.357,65.412,66.291,67.053,67.581,68.05,68.343,68.518,68.694,68.636,68.343,67.932,67.229,66.35,65.529,64.709,64.005,63.185,62.364,61.485,60.664,59.785,58.965,58.261,57.558,57.148,57.616,59.668,64.181,71.449,80.71,91.202,101.99,112.65,122.44,130.47,136.16,139.09,139.44,137.51,133.87,129.12,123.67,117.81,111.77,105.97,100.52,95.422,90.615,86.044,81.824,77.779,74.087,70.746,67.581,64.767,62.481,60.606,59.199,58.261,57.734,57.558,57.675,58.085,58.847,59.727,60.84,62.13,63.419,64.709,65.939,66.995,67.991,68.812,69.456,69.984,70.335,70.629,70.629,70.394,69.925,69.105,67.991,66.819,65.588,64.533,63.654,62.892,62.364,61.778,61.309,60.782,60.371,60.195,60.957,63.595,68.929,76.783,86.571,97.415,108.67,119.8,130.12,138.68,144.89,148.23,148.82,147.12,143.6,138.8,132.93,126.43,120.21,114.82,109.84,105.21,100.52,95.422,90.147,85.575,81.824,78.541,75.493,73.149,71.625,69.749,66.819,63.771,62.012,61.368,61.25,61.426,62.188,63.302,64.416,65.295,66.057,66.76,67.522,68.401,69.28,70.218,71.097,71.742,72.094,72.211,72.094,71.801,71.332,71.039,70.922,70.863,70.687,70.16,69.398,68.636,67.932,67.288,66.526,65.822,65.119,64.474,64.122,64.591,67.17,72.446,80.065,89.209,99.29,109.78,120.27,130.3,65.002,65.705,66.936,67.932,68.167,67.991,68.636,71.684,69.046,66.995,65.412,64.474,63.947,63.654,63.712,64.005,64.357,64.884,65.412,66.057,66.76,67.405,67.991,68.46,68.929,69.339,69.808,70.042,70.218,70.335,70.394,70.394,70.218,69.867,69.339,68.753,68.05,67.288,66.408,65.471,64.474,63.478,62.54,61.719,61.133,60.957,62.012,65.06,70.804,78.776,88.212,98.411,108.9,119.22,128.66,136.57,142.31,145.54,146.36,145.01,141.9,137.8,132.88,127.42,121.68,115.94,110.37,105.03,100.05,95.422,90.967,86.923,83.054,79.42,75.904,72.621,69.573,66.819,64.474,62.657,61.192,60.137,59.492,79.362,76.724,74.673,73.032,71.801,71.039,70.629,70.511,70.629,70.804,71.097,71.566,72.152,72.914,73.794,74.556,75.318,75.904,76.49,76.9,77.193,77.193,76.959,76.548,75.904,75.2,74.321,73.383,72.446,71.625,70.922,70.16,69.398,68.636,67.815,66.936,66.291,66.467,68.694,73.794,81.706,91.553,102.22,113.3,124.26,134.34,142.78,148.82,151.98,152.51,150.69,147.18,142.61,137.45,131.94,126.31,120.68,115.29,110.25,105.5,101.05,96.887,92.843,88.916,85.164,81.648,78.365,75.435,72.797,70.629,68.87,67.698,66.936,66.584,66.643,67.053,67.698,68.46,69.398,70.57,71.566,72.563,73.501,74.321,75.024,75.728,76.314,76.724,76.9,76.841,76.607,76.197,75.611,74.907,74.145,73.207,72.211,71.215,70.277,69.398,68.636,67.932,67.17,66.467,65.822,65.119,64.533,64.416,65.705,69.573,76.373,85.458,95.949,107.09,118.4,129.18,138.38,145.18,149.11,150.17,148.82,145.54,141.08,135.81,130.12,124.44,118.81,113.36,108.26,103.22,98.528,94.015,89.619,85.458,81.53,77.838,74.438,71.273,68.694,66.584,65.295,64.591,64.533,64.767,65.353,66.057,66.819,67.581,68.518,69.573,70.57,71.449,72.094,72.621,73.09,73.618,74.145,74.731,75.2,75.435,75.435,75.083,74.497,73.676,72.739,71.742,70.804,69.867,68.929,67.991,66.936,65.881,64.884,63.829,63.009,62.364,62.012,80.944,77.135,73.852,71.039,68.753,66.819,65.178,63.829,62.833,62.188,61.895,62.012,62.423,63.126,63.947,64.767,65.705,66.643,67.522,68.284,69.046,69.632,70.16,70.629,70.922,71.097,71.097,70.98,70.746,70.277,69.691,68.987,68.167,67.229,66.233,65.178,64.122,63.067,62.012,60.957,59.902,58.965,57.968,57.03,56.034,55.213,54.744,55.213,57.734,62.774,69.925,78.424,87.509,96.711,105.74,113.88,120.63,125.49,128.01,128.19,126.31,122.79,118.16,112.95,107.38,101.75,96.125,90.733,85.692,81.003,76.666,72.739,69.105,65.939,63.067,60.547,58.496,56.796,55.506,54.627,54.041,53.807,53.865,54.1,54.627,55.272,56.093,56.913,57.851,58.789,59.785,60.723,61.602,62.305,62.833,63.361,63.712,64.064,64.24,64.24,64.122,63.829,63.478,63.009,62.364,61.778,61.192,60.488,59.785,59.082,58.378,57.675,56.972,56.386,55.858,55.506,55.448,56.151,58.496,63.009,69.691,77.897,87.04,96.477,105.8,114.35,121.68,127.25,130.47,131.29,129.83,126.6,122.15,117.05,111.54,105.97,100.4,95.129,90.029,85.282,80.944,76.841,73.207,69.925,66.936,64.416,62.247,60.547,59.258,58.378,57.792,57.616,57.675,57.968,58.554,59.375,60.254,61.25,62.364,63.478,64.591,65.646,66.76,67.698,68.401,68.929,69.28,69.573,69.573,69.398,69.105,68.636,68.05,67.288,66.467,65.646,64.943,64.181,63.361,62.54,61.778,61.075,60.313,59.785,59.902,61.661,65.998,73.032,81.941,91.964,102.51,113.06,122.97,131.47,137.86,141.55,142.43,140.96,137.86,133.7,128.95,123.79,118.57,113.3,108.02,103.04,98.294,93.898,89.736,85.809,82.117,78.6,75.318,72.387,69.749,67.522,65.822,64.416,63.361,62.716,62.54,62.657,63.185,63.771,64.65,65.588,66.584,67.522,68.401,69.163,69.808,70.335,70.922,71.449,71.801,71.977,71.977,71.742,71.273,70.804,70.218,69.632,68.87,68.05,67.17,66.233,65.353,64.533,63.712,63.009,62.188,61.485,61.075,61.309,63.243,67.815,75.083,84.461,94.894,105.91,116.87,127.01,135.51,141.61,144.95,145.54,143.84,140.55,136.1,131.06,125.61,119.98,114.47,109.14,104.1,99.29,94.777,90.44,86.278,82.41,78.717,75.376,72.387,69.691,67.405,65.471,63.829,62.657,61.837,61.368,61.25,61.309,61.544,62.071,62.657,63.536,64.474,65.353,66.233,67.053,67.815,68.401,68.987,69.339,69.573,69.573,69.339,69.046,68.46,67.815,66.995,66.115,65.236,64.298,63.419,62.423,61.309,60.195,59.082,58.378,57.91,57.734,57.734,58.085,59.785,63.829,70.511,79.01,88.623,98.645,108.79,118.16,126.25,132.29,135.92,136.98,135.69,132.52,128.19,123.2,117.87,112.36,106.85,101.58,96.477,91.729,87.157,82.996,79.01,75.259,71.684,68.401,65.471,62.892,60.84,59.258,58.027,57.206,56.796,56.679,56.913,57.382,58.085,58.965,59.902,60.957,62.13,63.185,64.181,65.119,65.939,66.584,67.17,67.581,67.874,67.991,67.932,67.698,67.229,66.643,65.998,65.236,64.474,63.595,62.716,61.778,60.899,59.961,59.082,58.261,57.499,56.854,56.561,57.03,59.082,63.595,70.629,79.362,89.209,99.525,109.84,119.45,127.6,133.7,137.1,137.86,136.22,132.82,128.3,123.09,117.64,112.07,106.56,101.22,96.242,91.495,87.04,82.879,79.01,75.318,71.859,68.694,65.822,63.361,61.368,59.727,58.613,57.851,57.558,57.616,57.91,58.437,59.199,60.137,61.192,62.247,63.419,64.591,65.646,66.643,67.522,68.225,68.812,69.163,69.339,69.339,69.105,68.694,68.108,67.346,66.526,65.646,64.709,63.829,62.892,62.012,61.133,60.254,59.433,58.671,58.261,58.437,60.137,64.24,71.039,79.948,90.029,100.93,112.01,122.5,131.76,138.85,143.31,144.95,144.01,141.08,136.8,131.76,126.31,120.74,115.23,109.84,104.74,99.935,95.422,91.26,87.216,83.406,79.831,76.431,73.207,70.335,67.815,65.646,63.829,62.481,61.544,61.075,60.899,61.133,61.485,62.13,62.892,63.947,64.943,65.998,66.995,67.991,68.87,69.632,70.16,70.629,70.804,70.863,70.804,70.511,70.042,69.456,68.753,67.932,67.053,66.115,65.236,64.357,63.419,62.599,61.719,60.899,60.195,59.668,59.902,61.895,66.76,74.321,84.051,95.011,106.62,118.34,129.42,138.85,146,150.22,151.57,150.28,147.12,142.61,137.45,132,126.31,120.68,115.17,109.9,104.92,100.29,95.949,91.846,87.978,84.285,80.71,77.369,74.087,71.215,68.636,66.467,64.709,63.478,62.54,62.071,61.778,61.837,62.13,62.599,63.302,64.181,65.178,66.115,67.112,67.932,68.694,69.28,69.808,70.101,70.218,70.101,69.749,69.222,68.518,67.756,66.877,65.939,65.002,64.005,62.892,62.012,61.075,60.254,59.433,58.789,58.437,58.73,60.723,65.353,72.973,82.879,94.074,105.85,117.75,129.07,138.85,146.36,150.87,152.28,151.05,147.94,143.48,138.44,133.11,127.66,122.38,117.23,112.36,107.79,103.57,99.525,95.832,92.374,88.916,85.692,82.468,79.479,76.724,74.38,72.446,70.922,69.808,69.105,68.812,68.87,69.28,69.984,70.922,71.977,73.149,74.321,75.435,76.431,77.31,78.131,78.717,79.245,79.479,79.479,79.303,78.893,78.365,77.721,76.9,76.021,75.024,74.028,73.032,72.035,71.039,70.101,69.163,68.284,67.581,67.463,68.694,72.27,78.893,88.154,99.056,110.9,123.09,134.75,145.01,152.98,158.02,160.01,159.25,156.44,152.22,147.29,142.02,136.57,131,125.55,120.21,115.23,110.49,106.09,101.93,98.001,94.132,90.498,86.981,83.699,80.651,78.131,75.962,74.263,72.973,72.094,71.625,71.449,71.566,71.859,72.504,73.207,74.145,75.2,76.138,77.076,77.897,78.658,79.362,79.831,80.124,80.182,79.948,79.362,78.6,77.721,76.724,75.728,74.731,73.735,72.739,71.684,70.629,69.573,68.636,67.756,66.995,66.643,67.698,71.039,77.428,86.337,97.004,108.43,120.16,131.47,141.37,148.99,153.74,155.44,154.39,151.28,146.83,141.67,136.16,130.53,124.85,119.28,113.88,108.79,103.98,99.407,95.129,90.909,86.981,83.23,79.772,76.724,73.969,71.684,69.808,68.401,67.522,67.053,66.877,67.053,67.522,68.225,69.163,70.101,71.156,72.211,73.325,74.38,75.318,76.138,76.724,77.31,77.603,77.721,77.603,77.31,76.783,76.138,75.318,74.438,73.442,72.446,71.508,70.511,69.456,68.518,67.581,66.76,65.998,65.295,64.709,64.65,65.881,69.339,75.786,84.461,94.543,105.44,116.52,127.01,135.98,142.78,146.94,148.17,146.88,143.6,139.03,133.7,127.95,122.03,116.11,110.31,104.74,99.466,94.543,89.912,85.633,81.589,77.897,74.614,71.684,69.163,67.053,65.412,64.181,63.361,62.774,62.54,62.54,62.774,63.243,63.712,64.357,65.002,65.705,66.526,67.346,68.108,68.753,69.28,69.749,70.101,70.335,70.394,70.218,69.867,69.339,68.694,67.991,67.112,66.233,65.236,64.298,63.302,62.364,61.426,60.547,59.785,59.023,58.378,57.792,57.499,57.851,59.785,64.064,70.804,79.303,88.798,98.821,108.73,118.05,126.02,131.94,135.34,136.04,134.34,130.77,125.9,120.45,114.53,108.61,102.75,97.063,91.729,86.688,81.941,77.545,73.501,69.749,66.35,63.361,60.723,58.671,57.03,55.858,55.096,54.744,54.803,55.096,55.741,56.561,57.616,58.789,60.02,61.368,62.599,63.712,64.884,65.822,66.584,67.229,67.756,68.05,68.167,68.108,67.932,67.522,67.053,66.408,65.646,64.884,64.005,63.185,62.305,61.426,60.606,59.785,58.965,58.261,57.558,56.972,56.737,57.323,59.609,64.416,71.801,81.003,91.202,101.87,112.42,122.15,130.41,136.27,139.5,139.91,137.8,133.93,128.89,123.32,117.46,111.72,106.03,100.64,95.48,90.733,86.22,82.058,78.131,74.497,71.097,67.991,65.119,62.657,60.606,59.023,57.851,57.206,56.972,57.089,57.558,58.261,59.199,60.313,61.485,62.657,64.005,65.178,66.35,67.346,68.225,68.929,69.398,69.749,69.808,69.632,69.28,68.753,68.108,67.288,66.467,65.529,64.65,63.712,62.833,62.012,61.133,60.254,59.492,58.847,58.73,59.727,62.833,68.694,76.841,86.688,97.415,108.67,119.57,129.42,137.45,142.9,145.48,145.3,142.84,138.8,133.75,128.24,122.56,116.93,111.36,106.09,101.17,96.535,92.198,88.154,84.285,80.651,77.193,73.911,70.863,68.167,65.881,64.005,62.481,61.426,60.782,60.606,60.664,61.133,61.661,62.481,63.419,64.474,65.529,66.643,67.756,68.694,69.573,70.218,70.746,71.039,71.156,71.156,70.922,70.511,69.984,69.28,68.518,67.756,66.819,65.939,65.002,64.122,63.243,62.423,61.602,60.84,60.195,59.844,60.547,63.361,69.046,77.486,87.743,99.056,110.9,122.62,133.4,142.31,148.53,151.81,151.98,149.76,145.71,140.67,135.1,129.3,123.56,117.87,112.42,107.26,102.34,97.825,93.488,89.443,85.633,81.941,78.483,75.2,72.211,69.632,67.346,65.529,64.122,63.126,62.481,62.305,62.364,62.716,63.361,64.181,65.119,66.174,67.288,68.343,69.339,70.218,70.98,71.625,71.977,72.211,72.211,72.035,71.625,70.98,70.277,69.573,68.694,67.698,66.643,65.646,64.709,63.771,62.892,62.071,61.309,60.606,60.254,60.899,63.654,69.28,77.603,87.743,98.997,110.72,122.44,133.05,141.84,148.11,151.28,151.63,149.4,145.48,140.44,134.81,129.01,123.2,117.46,112.07,106.91,102.1,97.59,93.429,89.502,85.751,82.117,78.6,75.318,72.211,69.456,67.17,65.236,63.712,62.657,62.071,61.778,61.778,62.188,62.774,63.654,64.709,65.822,66.936,68.05,68.987,69.867,70.629,71.215,71.684,71.859,71.918,71.801,71.508,70.922,70.218,69.398,68.518,67.581,66.643,65.705,64.767,63.947,63.009,62.188,61.426,60.723,60.254,60.43,62.188,66.643,73.969,83.523,94.425,106.09,117.99,129.24,139.09,146.65,151.22,152.69,151.46,148.11,143.48,138.09,132.35,126.55,120.8,115.12,109.66,104.62,99.876,95.48,91.436,87.568,83.816,80.182,76.666,73.383,70.277,67.698,65.412,63.654,62.305,61.426,60.957,60.899,61.25,61.778,62.657,63.712,64.943,66.115,67.229,68.284,69.28,70.101,70.804,71.273,71.625,71.801,71.684,71.449,70.922,70.277,69.632,68.812,67.991,67.112,66.233,65.353,64.533,63.771,63.009,62.247,61.661,61.485,62.13,64.591,69.867,77.779,87.861,99.173,111.13,123.03,134.11,143.48,150.22,154.03,154.91,153.33,149.81,145.18,139.97,134.4,128.89,123.32,117.99,112.89,108.14,103.63,99.466,95.539,91.788,88.154,84.637,81.179,78.072,75.2,72.739,70.804,69.222,68.108,67.405,67.112,67.17,67.522,68.167,68.929,69.867,70.863,71.859,72.914,73.911,74.79,75.552,76.021,76.373,76.49,76.373,76.021,75.552,74.849,74.028,73.09,72.152,71.215,70.277,69.28,68.343,67.463,66.584,65.822,65.06,64.709,65.471,68.343,74.263,82.996,93.722,105.56,117.87,129.94,140.79,149.58,155.38,158.08,157.73,155.09,150.81,145.59,139.97,134.22,128.42,122.74,117.23,112.13,107.38,102.87,98.587,94.66,90.85,87.216,83.758,80.417,77.31,74.497,71.977,69.925,68.284,67.17,66.408,66.057,66.057,66.35,66.936,67.698,68.636,69.691,70.746,71.801,72.797,73.618,74.321,74.79,75.083,75.259,75.083,74.849,74.38,73.794,73.032,72.211,71.332,70.394,69.398,68.46,67.522,66.643,65.939,65.178,64.533,63.947,63.536,63.829,65.939,70.804,78.6,88.505,99.759,111.66,123.67,134.81,144.19,150.81,154.33,154.68,152.51,148.35,143.19,137.45,131.47,125.49,119.69,114.06,108.73,103.74,99.056,94.543,90.381,86.337,82.527,78.893,75.552,72.563,69.925,67.756,65.939,64.533,63.595,63.126,63.009,63.185,63.654,64.357,65.236,66.233,67.288,68.401,69.456,70.511,71.332,72.094,72.739,73.207,73.501,73.501,73.325,72.914,72.387,71.684,70.804,69.808,68.812,67.756,66.584,65.529,64.416,63.361,62.305,61.368,60.547,59.785,59.258,59.492,61.485,66.115,73.442,82.586,92.96,103.98,115.12,125.49,134.28,140.67,144.25,144.89,143.07,139.26,134.22,128.6,122.68,116.76,110.84,105.21,99.935,94.894,90.147,85.751,81.472,77.545,73.911,70.57,67.522,64.943,62.716,60.957,59.668,58.847,58.437,58.378,58.554,59.023,59.727,60.606,61.661,62.774,63.947,65.119,66.115,67.053,67.874,68.636,69.105,69.573,69.749,69.867,69.808,69.456,69.105,68.518,67.874,67.053,66.174,65.295,64.357,63.361,62.364,61.426,60.488,59.609,58.847,58.261,57.792,57.851,59.316,63.067,69.632,78.307,88.271,98.997,109.78,120.1,129.18,136.16,140.55,142.08,140.85,137.68,132.99,127.48,121.62,115.58,109.66,103.98,98.587,93.605,88.916,84.461,80.3,76.373,72.68,69.339,66.408,63.829,61.661,59.961,58.671,57.792,57.382,57.382,57.675,58.32,59.082,60.137,61.192,62.364,63.595,64.767,65.939,66.936,67.874,68.636,69.163,69.632,69.808,69.867,69.749,69.456,69.046,68.343,67.581,66.76,65.881,65.002,64.122,63.243,62.423,61.544,60.723,59.844,59.082,58.496,58.378,59.551,63.009,69.222,77.838,87.919,98.88,110.19,121.09,131,138.91,144.19,146.41,145.89,143.02,138.62,133.29,127.66,121.91,116.23,110.72,105.44,100.4,95.715,91.319,87.157,83.23,79.479,75.904,72.563,69.456,66.819,64.474,62.657,61.368,60.43,59.844,59.668,59.785,60.254,60.899,61.778,62.774,63.829,64.943,66.057,67.053,67.991,68.87,69.573,70.101,70.394,70.629,70.629,70.335,69.925,69.339,68.636,67.815,66.936,66.057,65.119,64.24,63.302,62.423,61.544,60.664,59.961,59.375,59.258,60.313,63.712,70.101,79.069,89.56,100.99,112.77,124.32,134.69,142.9,148.47,150.93,150.58,147.94,143.72,138.62,132.99,127.25,121.45,115.76,110.31,105.15,100.35,95.949,91.729,87.743,83.934,80.3,76.841,73.618,70.629,67.932,65.588,63.712,62.247,61.192,60.547,60.313,60.313,60.547,61.133,61.895,62.774,63.829,64.884,65.881,66.819,67.698,68.401,69.046,69.573,69.925,70.042,70.042,69.867,69.456,68.929,68.167,67.346,66.467,65.588,64.767,63.947,63.067,62.13,61.25,60.43,59.727,59.316,59.551,61.602,66.408,74.145,84.051,95.129,106.97,68.518,66.174,64.298,62.774,61.661,61.075,60.782,60.84,61.25,61.778,62.54,63.419,64.357,65.295,66.233,67.112,67.874,68.636,69.163,69.691,69.984,70.101,69.984,69.749,69.28,68.753,68.05,67.346,66.526,65.705,64.943,64.064,63.243,62.423,61.602,60.84,60.371,60.488,62.13,66.291,73.383,68.343,66.526,65.178,64.24,63.654,63.419,63.478,63.712,64.24,64.943,65.646,66.584,67.522,68.401,69.28,70.042,70.746,71.273,71.684,71.918,71.918,71.742,71.449,70.922,70.218,69.573,68.753,67.874,66.995,66.174,65.295,64.474,63.654,62.833,62.13,61.368,60.899,61.25,63.419,68.284,75.962,85.575,96.477,108.26,120.21,131.53,141.26,148.47,152.86,154.27,152.98,149.81,145.3,140.14,134.63,129.01,123.44,117.93,112.71,107.73,103.04,98.645,94.543,90.674,86.923,83.289,79.714,76.431,73.442,70.746,68.46,66.584,65.119,64.064,63.419,63.126,63.126,63.361,63.829,64.591,65.412,66.408,67.405,68.46,69.398,70.218,70.98,71.625,71.977,72.211,72.27,72.152,71.859,71.449,70.804,70.042,69.222,68.343,67.463,66.584,65.646,64.709,63.771,62.892,62.071,61.309,60.723,60.723,62.247,66.233,73.149,82.41,93.194,104.92,117.17,129.07,139.44,147.53,152.8,154.91,154.27,151.34,147.06,141.84,136.27,130.65,125.08,119.57,114.18,109.08,104.21,99.759,95.48,91.377,87.509,83.699,80.065,76.666,73.559,70.746,68.284,66.233,64.533,63.302,62.423,61.895,61.719,61.837,62.188,62.716,63.419,64.24,65.178,66.057,66.995,67.874,68.636,69.222,69.808,70.101,70.277,70.335,70.16,69.808,69.28,68.694,67.991,67.229,66.35,65.471,64.474,63.536,62.599,61.719,60.957,60.195,59.492,58.906,58.671,59.316,61.778,67.053,74.849,84.52,95.363,106.91,118.52,129.36,138.62,145.36,149.17,149.99,148.17,144.48,139.62,134.16,128.54,122.97,117.4,112.07,106.97,102.16,97.59,93.37,89.326,85.399,81.648,78.131,74.673,71.566,68.753,66.291,64.24,62.657,61.485,60.723,60.371,60.313,60.547,60.957,61.661,62.481,63.419,64.416,65.471,66.467,67.346,68.167,68.929,69.573,69.984,70.218,70.335,70.277,70.042,69.632,69.046,68.343,67.522,66.643,65.822,64.884,64.005,63.126,62.247,61.426,60.606,59.844,59.375,59.316,60.606,64.122,70.335,79.01,89.092,100.35,112.07,123.61,134.05,142.49,148.17,150.87,150.64,148.06,143.95,138.91,133.46,127.83,122.27,116.82,111.48,106.5,101.81,97.415,93.312,89.385,85.692,82.058,78.541,75.318,72.211,69.632,67.288,65.353,63.829,62.774,62.188,61.837,61.778,62.071,62.54,63.302,64.122,65.06,65.998,66.936,67.815,68.636,69.339,70.042,70.57,70.863,70.98,70.863,70.687,70.277,69.749,69.105,68.343,67.522,66.643,65.822,64.943,64.064,63.126,62.247,61.368,60.547,60.02,60.254,62.071,66.467,73.618,82.937,93.663,105.21,117.17,128.54,138.56,146.3,151.1,152.86,151.87,148.7,144.19,138.85,133.29,127.6,121.91,116.41,111.19,106.27,101.63,97.297,93.253,89.326,85.633,81.999,78.483,75.2,72.094,69.339,66.995,65.002,63.478,62.364,61.661,61.309,61.25,61.544,62.071,62.657,63.419,64.298,65.178,66.115,66.936,67.756,68.401,68.987,69.339,69.632,69.632,69.456,69.163,68.694,68.05,67.346,66.526,65.646,64.709,63.771,62.833,61.895,60.957,60.137,59.258,58.496,57.91,57.792,58.906,62.305,68.694,77.603,88.154,99.876,112.01,123.91,134.87,143.78,149.99,152.98,153.04,150.75,146.88,142.02,136.74,131.35,126.13,120.86,115.82,110.9,106.32,101.93,97.883,93.898,90.264,86.688,83.113,79.655,76.373,73.207,70.511,68.108,66.174,64.709,63.712,63.243,63.067,63.243,63.771,64.591,65.588,66.819,68.05,69.28,70.511,71.625,72.621,73.501,74.263,74.731,75.024,75.083,74.966,74.614,74.028,73.325,72.504,71.625,70.746,69.749,68.812,67.874,66.877,65.881,64.943,64.122,63.536,63.654,65.178,69.105,75.845,84.813,95.422,107.09,119.28,131,141.37,149.46,154.74,156.97,156.5,153.92,149.87,144.95,139.5,133.93,128.42,123.03,117.87,112.95,108.26,103.86,99.759,95.832,92.022,88.388,84.813,81.355,78.19,75.376,72.856,70.804,69.105,67.932,67.17,66.819,66.76,67.053,67.522,68.284,69.163,70.16,71.156,72.152,73.149,74.028,74.79,75.376,75.669,75.786,75.728,75.435,74.966,74.38,73.618,72.739,71.742,70.746,69.749,68.812,67.815,66.877,65.998,65.178,64.474,64.298,65.353,68.812,75.083,83.816,94.191,105.68,117.75,129.42,139.85,148.11,153.39,155.56,154.86,151.92,147.41,142.14,136.39,130.53,124.73,118.98,113.47,108.32,103.45,98.939,94.601,90.498,86.571,82.761,79.127,75.728,72.621,69.808,67.405,65.412,63.947,62.892,62.247,61.895,61.895,62.247,62.716,63.419,64.298,65.236,66.115,67.053,67.991,68.812,69.573,70.16,70.687,70.98,71.156,71.156,71.039,70.687,70.042,69.339,68.46,67.522,66.526,65.529,64.533,63.478,62.481,61.544,60.664,59.844,59.023,58.437,58.144,59.023,62.071,67.815,76.021,85.985,97.004,108.55,119.98,130.53,139.21,145.18,148.11,148.11,145.59,141.43,136.22,130.65,124.96,119.34,113.88,108.55,103.51,98.645,94.132,89.795,85.751,81.882,78.131,74.614,71.449,68.636,66.115,64.122,62.54,61.368,60.664,60.488,60.606,60.957,61.661,62.481,63.361,64.357,65.412,66.408,67.346,68.167,68.929,69.632,70.101,70.57,70.746,70.863,70.746,70.394,69.925,69.28,68.518,67.698,66.76,65.822,64.884,64.005,63.067,62.188,61.309,60.43,59.609,58.965,58.613,59.082,61.25,65.881,73.032,82.292,92.784,104.1,115.53,126.37,135.63,142.55,146.53,147.59,146.12,142.61,137.86,132.47,126.9,121.39,115.88,110.54,105.56,100.81,96.36,92.198,88.154,84.344,80.651,77.193,73.852,70.746,67.991,65.646,63.771,62.364,61.426,60.899,60.723,60.899,61.426,62.188,63.126,64.181,65.295,66.467,67.581,68.753,69.749,70.629,71.273,71.801,72.094,72.27,72.211,71.918,71.449,70.804,70.042,69.222,68.401,67.581,66.76,65.881,65.002,64.122,63.243,62.481,62.012,62.188,63.947,68.05,74.849,83.816,94.191,105.5,117.05,128.13,137.74,145.13,149.58,151.05,149.87,146.59,142.08,136.8,131.18,125.55,119.98,114.53,109.31,104.45,99.818,95.48,91.377,87.45,83.582,80.065,76.666,73.618,70.863,68.46,66.467,65.002,63.947,63.302,63.067,63.126,63.419,64.005,64.709,65.646,66.76,67.815,68.812,69.749,70.57,71.273,71.918,72.446,72.68,72.797,72.739,72.504,72.035,71.508,70.746,69.808,68.87,67.874,66.877,65.939,65.002,64.005,63.126,62.247,61.426,60.723,60.488,61.309,64.181,69.867,78.248,88.388,99.818,111.83,123.91,134.99,144.07,150.4,153.62,153.74,151.28,147.12,141.9,136.16,130.3,124.49,118.81,113.24,107.96,103.1,98.47,94.191,90.088,86.161,82.41,78.834,75.493,72.387,69.691,67.346,65.471,64.122,63.126,62.54,62.364,62.481,62.833,63.478,64.298,65.295,66.291,67.346,68.343,69.28,70.16,70.922,71.508,71.918,72.094,72.094,71.918,71.566,71.039,70.394,69.691,68.87,67.932,66.995,66.057,65.119,64.181,63.243,62.423,61.661,61.075,60.723,61.368,64.005,69.28,77.135,86.63,97.297,108.67,120.04,130.53,139.21,145.3,148.35,148.53,146.3,142.31,137.21,131.59,125.84,120.1,114.47,109.14,103.98,99.232,94.718,90.498,86.395,82.586,79.069,75.669,72.563,69.749,67.288,65.236,63.478,62.13,61.192,60.606,60.313,60.313,60.547,61.075,61.602,62.364,63.243,64.181,65.119,66.057,66.936,67.581,68.225,68.694,68.987,69.105,69.105,68.929,68.518,68.05,67.346,66.584,65.822,65.002,64.122,63.185,62.305,61.426,60.547,59.727,58.965,58.32,57.91,58.261,60.254,65.002,72.563,82.175,93.077,104.62,116.29,127.19,136.45,143.31,147.18,148,146.18,142.49,137.56,132.05,126.43,120.86,115.53,110.37,105.44,100.81,96.477,92.491,88.681,85.106,81.648,78.424,75.435,72.68,70.277,68.343,66.877,65.822,65.119,64.767,64.884,65.236,65.881,66.584,67.522,68.694,69.808,70.863,71.918,72.856,73.676,74.38,74.849,75.259,75.435,75.376,75.083,74.731,74.263,73.676,72.973,72.211,71.332,70.511,69.691,68.812,67.874,66.995,66.115,65.236,64.416,63.712,63.478,64.533,67.932,74.087,82.644,92.901,104.21,116.11,127.6,137.92,146.06,151.46,153.74,153.21,150.58,146.36,141.32,135.81,130.18,124.49,118.93,113.47,108.43,103.69,99.232,95.07,91.084,87.275,83.699,80.241,77.135,74.263,71.742,69.573,67.874,66.526,65.646,65.236,65.06,65.178,65.471,66.057,66.643,67.346,68.167,68.929,69.749,70.394,71.039,71.566,71.859,72.035,72.035,71.801,71.332,70.804,70.101,69.339,68.518,67.698,66.819,65.881,64.943,64.005,63.067,62.188,61.368,60.664,60.254,60.547,62.54,67.229,74.556,83.816,94.308,105.56,116.93,127.6,136.63,143.25,147,147.76,145.95,142.19,137.15,131.7,125.84,120.1,114.41,108.9,103.69,98.763,94.132,89.795,85.692,81.824,78.072,74.556,71.273,68.343,65.881,63.771,62.188,61.075,60.371,60.02,60.02,60.371,60.899,61.719,62.657,63.712,64.884,65.998,67.112,68.108,69.105,69.867,70.511,70.922,71.156,71.215,71.156,70.922,70.511,69.925,69.222,68.46,67.522,66.526,65.471,64.474,63.419,62.364,61.368,60.43,59.609,58.847,58.144,57.792,58.085,59.961,64.357,71.273,80.182,90.264,101.17,112.3,122.85,132,138.97,143.25,144.54,143.19,139.79,135.1,129.65,123.97,118.22,112.6,106.97,101.63,96.535,91.729,87.216,82.937,78.893,75.2,71.684,68.518,65.881,63.595,61.719,60.313,59.375,58.847,58.73,58.906,59.433,60.195,61.075,62.071,63.185,64.357,65.529,66.584,67.581,68.46,69.222,69.808,70.218,70.511,70.511,70.218,69.867,69.339,68.694,67.991,67.229,66.408,65.529,64.65,63.712,62.774,61.778,60.899,60.02,59.258,58.671,58.613,59.902,63.595,69.984,78.6,88.623,99.407,110.54,121.39,131,138.74,143.78,145.95,145.24,142.37,137.97,132.82,127.31,121.74,116.29,110.9,105.74,100.81,96.184,91.729,87.568,83.582,79.772,76.197,72.739,69.632,66.877,64.474,62.599,61.192,60.313,59.785,59.668,59.844,60.371,61.075,62.012,63.067,64.24,65.353,66.526,67.581,68.636,69.456,70.16,70.746,71.039,71.215,71.215,71.039,70.746,70.277,69.749,69.046,68.343,67.522,66.643,65.822,64.943,64.064,63.243,62.481,61.837,61.426,61.719,63.595,67.991,75.2,84.52,95.48,107.5,119.75,131.35,141.43,149.11,153.74,155.21,153.8,150.4,145.65,140.26,134.63,129.01,123.56,118.22,113.12,108.32,103.8,99.525,95.598,91.788,88.095,84.637,81.296,78.248,75.493,73.032,70.98,69.339,68.167,67.346,66.995,66.936,67.17,67.698,68.401,69.28,70.218,71.215,72.152,73.09,73.911,74.614,75.259,75.669,75.962,75.962,75.786,75.318,74.614,73.794,72.973,72.035,71.156,70.218,69.222,68.284,67.288,66.35,65.471,64.65,64.24,64.709,67.288,72.739,80.944,91.026,102.51,114.59,126.72,137.86,147.06,153.39,156.55,156.61,154.15,150.05,144.95,139.26,133.46,127.66,121.97,116.46,111.25,106.38,101.81,97.532,93.488,89.56,85.809,82.175,78.658,75.435,72.563,70.042,67.991,66.291,65.119,64.357,64.005,63.947,64.181,64.533,65.178,65.939,66.819,67.756,68.694,69.573,70.394,71.156,71.801,72.211,72.621,72.68,72.621,72.27,71.859,71.215,70.57,69.808,68.929,67.991,66.995,65.998,65.06,64.122,63.243,62.423,61.602,60.899,60.723,61.719,65.119,71.273,79.948,90.088,101.28,113.01,124.49,134.75,142.84,148.17,150.34,149.64,146.59,142.02,136.51,130.65,124.73,118.93,113.24,107.73,102.63,97.825,93.312,88.974,84.93,81.062,77.428,73.969,70.922,68.167,65.881,63.947,62.481,61.485,60.84,60.606,60.664,61.075,61.661,62.54,63.595,64.767,65.998,67.229,68.343,69.28,70.16,70.98,71.566,71.977,72.211,72.211,71.977,71.566,70.98,70.16,69.28,68.284,67.229,66.174,65.119,64.064,63.126,62.13,61.25,60.43,59.668,59.023,59.023,60.371,64.064,70.511,79.01,88.857,99.7,110.9,121.74,131.29,138.74,143.48,145.3,144.42,141.32,136.74,131.35,125.61,119.86,114.18,108.55,103.16,98.001,93.194,88.623,84.344,80.358,76.607,73.032,69.749,66.877,64.357,62.364,60.782,59.668,58.906,58.554,58.554,58.847,59.433,60.254,61.192,62.247,63.361,64.533,65.705,66.877,67.874,68.753,69.398,69.925,70.218,70.335,70.277,69.984,69.456,68.87,68.108,67.288,66.408,65.529,64.591,63.654,62.716,61.837,60.957,60.195,59.375,58.671,58.437,59.375,62.481,68.284,76.49,86.22,97.004,108.32,119.51,129.59,137.8,143.43,146.12,145.95,143.37,139.21,133.99,128.36,122.68,116.99,111.42,106.03,101.05,96.301,91.846,87.626,83.523,79.714,76.021,72.621,69.398,66.526,64.005,61.895,60.313,59.199,58.554,58.32,58.554,59.082,59.902,60.899,62.071,63.243,64.474,65.646,66.819,67.815,68.694,69.398,69.984,70.335,70.629,70.687,70.57,70.16,69.749,69.163,68.518,67.874,67.112,66.408,65.646,64.943,64.181,63.419,62.657,62.071,61.661,61.837,63.361,67.229,73.794,82.586,93.136,104.62,116.64,128.19,138.38,146.36,151.57,153.62,152.86,149.93,145.54,140.32,134.75,129.18,123.61,118.1,112.77,107.73,102.98,98.528,94.484,90.615,86.981,83.465,80.182,77.076,74.145,71.625,69.573,67.874,66.643,65.998,65.646,65.646,65.998,66.526,67.346,68.284,69.339,70.511,71.625,72.68,73.618,74.438,75.083,75.552,75.786,75.786,75.611,75.259,74.731,74.028,73.383,72.504,71.566,70.57,69.632,68.636,67.698,66.643,65.822,65.06,64.65,65.295,68.05,73.618,81.648,91.612,102.75,114.59,126.43,137.1,145.71,151.57,154.33,154.03,151.57,147.41,142.43,136.92,131.29,125.67,120.16,114.82,109.72,104.92,100.29,96.008,91.846,87.919,84.168,80.534,77.193,73.969,71.156,68.694,66.643,65.119,64.005,63.302,63.009,62.892,63.243,63.712,64.474,65.353,66.291,67.288,68.343,69.339,70.218,71.039,71.684,72.211,72.563,72.621,72.446,72.094,71.625,70.98,70.218,69.398,68.46,67.463,66.526,65.529,64.591,63.654,62.716,61.895,61.192,60.488,60.195,60.899,63.712,69.398,77.662,87.626,98.763,110.49,122.09,132.7,141.26,147.12,149.87,149.76,147.24,143.02,137.74,132.05,126.25,120.45,114.76,109.31,104.1,99.173,94.543,90.088,85.985,82.058,78.307,74.79,71.566,68.518,66.057,63.947,62.305,61.133,60.371,60.02,60.02,60.371,60.899,61.778,62.774,63.829,65.002,66.115,67.17,68.167,69.105,69.925,70.57,70.922,71.156,71.215,71.097,70.746,70.277,69.632,68.812,67.874,66.877,65.822,64.709,63.712,62.774,61.837,60.84,59.961,59.082,58.554,58.437,59.433,62.481,68.225,76.314,85.926,96.535,107.85,118.98,129.12,137.39,143.07,145.83,145.59,143.19,138.91,133.75,128.19,122.5,116.93,111.48,106.27,101.17,96.418,91.964,87.743,83.758,79.948,76.314,72.973,69.925,67.17,64.884,63.067,61.719,60.84,60.43,60.254,60.371,60.782,61.426,62.247,63.243,64.298,65.412,66.526,67.581,68.518,69.28,69.925,70.335,70.629,70.687,70.57,70.277,69.867,69.222,68.46,67.698,66.819,65.939,65.06,64.122,63.126,62.188,61.25,60.43,59.668,59.199,59.316,60.782,64.709,71.508,80.475,90.967,102.51,114.41,126.02,136.04,143.84,148.76,150.4,149.29,146,141.26,135.75,130.06,124.38,118.81,113.42,108.26,103.45,98.88,94.543,90.498,86.63,82.937,79.42,76.021,72.856,69.925,67.346,65.236,63.536,62.364,61.661,61.368,61.368,61.602,62.188,62.892,63.829,64.943,66.057,67.229,68.284,69.222,70.042,70.687,71.097,71.449,71.566,71.449,71.156,70.687,70.042,69.28,68.46,67.698,66.819,65.939,65.002,64.005,63.067,62.247,61.426,60.84,60.84,62.188,65.881,72.446,81.237,91.553,102.92,114.82,126.37,136.69,144.77,150.05,152.1,151.34,148.35,143.78,138.44,132.7,127.01,121.45,115.99,110.78,105.85,101.22,96.887,92.667,88.681,84.871,81.237,77.721,74.556,71.625,69.046,66.877,65.119,63.771,62.892,62.364,62.247,62.423,62.833,63.478,64.357,65.295,66.35,67.405,68.46,69.456,70.335,71.097,71.684,71.918,71.977,71.918,71.684,71.215,70.687,69.984,69.163,68.343,67.463,66.584,65.705,64.767,63.829,62.892,62.071,61.309,60.723,60.782,62.305,66.408,73.501,82.82,93.605,105.5,117.87,129.89,140.44,148.53,153.68,155.56,154.5,151.1,146.3,140.61,134.69,128.71,122.79,117.11,111.6,106.44,101.69,97.239,93.136,89.15,85.399,81.824,78.365,75.083,72.152,69.691,67.463,65.646,64.298,63.361,62.774,62.599,62.657,63.126,63.771,64.65,65.705,66.877,68.05,69.222,70.277,71.215,71.977,72.504,72.914,73.09,73.032,72.797,72.27,71.684,70.863,69.984,68.987,67.991,66.936,65.939,64.943,64.005,63.126,62.247,61.544,61.075,61.485,63.947,69.222,77.193,86.923,97.883,109.72,121.68,132.7,141.78,148.23,151.63,152.04,149.93,146.12,141.2,135.75,130.06,124.44,118.87,113.42,108.14,103.1,98.47,94.132,90.029,86.22,82.527,79.069,75.611,72.563,69.808,67.405,65.471,64.005,62.892,62.305,62.012,62.012,62.247,62.833,63.654,64.65,65.822,66.936,67.991,68.987,69.925,70.804,71.449,71.859,71.977,71.977,71.742,71.449,70.922,70.218,69.456,68.518,67.522,66.584,65.588,64.65,63.712,62.774,61.895,61.133,60.313,59.727,59.668,61.133,65.06,71.918,81.237,91.964,103.63,115.7,127.31,137.51,145.48,150.58,152.45,151.46,148.17,143.48,137.97,132.11,126.25,120.45,114.76,109.25,104.16,99.466,95.187,91.026,87.04,83.172,79.479,75.904,72.739,69.925,67.463,65.471,63.947,62.774,62.071,61.719,61.778,62.188,62.774,63.654,64.65,65.822,66.936,68.108,69.163,70.16,71.039,71.801,72.27,72.621,72.739,72.68,72.387,71.859,71.156,70.277,69.398,68.518,67.581,66.643,65.646,64.65,63.654,62.657,61.719,60.957,60.488,60.782,62.833,67.581,74.966,84.285,94.836,106.27,117.81,128.6,137.92,144.89,148.88,149.81,148.17,144.48,139.56,133.99,128.24,122.5,116.93,111.48,106.32,101.46,96.946,92.608,88.564,84.754,81.062,77.486,74.145,70.98,68.167,65.822,63.829,62.481,61.602,61.25,61.25,61.544,62.13,62.774,63.712,64.767,65.939,67.17,68.284,69.398,70.335,71.097,71.684,72.094,72.27,72.27,72.035,71.625,71.039,70.335,69.573,68.694,67.756,66.76,65.822,64.767,63.947,63.009,62.188,61.368,60.723,60.547,61.485,64.709,70.863,79.479,89.795,101.22,113.36,125.37,136.27,145.18,151.22,154.15,153.98,151.28,146.88,141.37,135.45,129.42,123.56,117.87,112.36,107.2,102.34,97.883,93.663,89.678,85.926,82.292,78.776,75.611,72.68,70.16,68.05,66.291,65.06,64.181,63.712,63.595,63.771,64.24,64.943,65.705,66.643,67.756,68.812,69.867,70.804,71.625,72.387,72.856,73.149,73.325,73.149,72.914,72.446,71.801,71.039,70.16,69.222,68.225,67.288,66.291,65.295,64.298,63.361,62.481,61.661,61.075,60.899,62.13,65.822,72.387,81.472,92.198,103.92,116.29,128.3,138.97,147.41,152.86,155.21,154.56,151.69,147.24,141.84,136.22,130.47,124.79,119.22,113.88,108.73,103.92,99.349,95.07,90.967,87.04,83.23,79.655,76.255,73.09,70.335,67.991,66.057,64.591,63.595,63.067,62.774,62.833,63.185,63.712,64.533,65.529,66.76,67.874,68.987,69.984,70.922,71.684,72.211,72.68,72.856,72.856,72.563,72.094,71.508,70.687,69.808,68.812,67.815,66.819,65.822,64.767,63.712,62.774,61.837,61.075,60.371,59.844,60.195,62.364,67.405,75.376,85.282,96.535,108.67,120.98,132.52,142.37,149.58,153.62,154.56,152.75,148.94,143.78,138.09,132.17,126.37,120.63,115.06,109.66,104.68,99.994,95.539,91.436,87.45,83.523,79.948,76.431,73.207,70.277,67.756,65.588,63.947,62.716,62.012,61.602,61.602,61.895,62.54,63.419,64.474,65.588,66.877,68.05,69.105,70.101,70.922,71.566,72.035,72.446,72.563,72.504,72.211,71.742,71.039,70.218,69.28,68.284,67.288,66.291,65.353,64.416,63.478,62.54,61.661,60.84,60.195,59.785,60.371,62.833,68.167,76.255,86.22,97.415,109.2,120.98,132,141.26,147.88,151.28,151.69,149.46,145.48,140.38,134.81,129.07,123.44,117.87,112.54,107.5,102.75,98.235,94.074,90.029,86.278,82.586,79.069,75.669,72.504,69.691,67.229,65.295,63.771,62.774,62.188,61.837,62.012,62.364,63.067,63.947,64.943,65.998,67.053,68.05,69.046,69.984,70.804,71.449,71.859,72.035,72.035,71.859,71.508,70.98,70.335,69.573,68.753,67.815,66.877,65.881,64.884,63.829,62.892,62.071,61.25,60.606,60.371,61.192,64.064,69.925,78.483,88.857,100.46,112.71,124.9,135.92,145.01,151.22,154.39,154.39,151.92,147.7,142.43,136.8,131.06,125.37,119.8,114.41,109.37,104.57,100.05,95.715,91.612,87.685,83.875,80.241,76.783,73.559,70.629,68.05,65.939,64.298,63.126,62.364,62.071,62.071,62.364,62.892,63.712,64.65,65.705,66.819,67.874,68.87,69.749,70.57,71.215,71.742,72.094,72.211,72.152,71.859,71.332,70.746,69.984,69.163,68.225,67.288,66.35,65.412,64.416,63.536,62.657,61.837,61.075,60.547,60.723,62.599,67.112,74.556,84.168,95.187,107.03,119.34,131.12,141.37,149.23,154.03,155.68,154.5,151.16,146.47,141.14,135.34,129.53,123.79,118.22,113.01,107.96,103.28,98.939,94.718,90.791,86.923,83.23,79.655,76.314,73.149,70.394,68.05,66.115,64.591,63.595,63.067,62.833,62.892,63.302,63.829,64.65,65.646,66.819,67.932,68.987,69.984,70.804,71.508,72.094,72.504,72.739,72.739,72.563,72.094,71.508,70.746,69.925,68.987,68.05,67.112,66.115,65.178,64.298,63.419,62.54,61.719,61.133,60.957,62.13,65.646,72.152,81.179,91.788,103.57,115.88,127.95,138.8,147.41,153.16,155.73,155.38,152.63,148.23,142.84,137.1,131.23,125.55,119.98,114.65,109.61,104.8,100.4,96.242,92.257,88.447,84.637,81.003,77.486,74.263,71.332,68.929,66.877,65.295,64.24,63.536,63.185,63.243,63.536,64.181,65.002,65.939,66.995,68.108,69.105,70.101,70.98,71.684,72.211,72.621,72.739,72.739,72.504,71.977,71.332,70.57,69.691,68.753,67.756,66.76,65.646,64.65,63.595,62.657,61.719,60.84,60.137,59.551,59.668,61.719,66.584,74.438,84.344,95.539,107.55,119.8,131.35,141.32,148.7,152.98,154.09,152.45,148.76,143.78,138.15,132.35,126.6,120.98,115.58,110.49,105.68,101.22,96.946,92.843,88.857,85.047,81.355,77.779,74.497,71.449,68.694,66.408,64.533,63.185,62.364,62.012,62.012,62.364,63.009,63.829,64.943,66.115,67.346,68.46,69.632,70.57,71.449,72.035,72.563,72.797,72.914,72.797,72.504,71.977,71.273,70.511,69.573,68.518,67.581,66.584,65.529,64.533,63.536,62.599,61.719,60.957,60.371,60.254,61.309,64.709,71.156,80.241,91.026,102.92,115.35,127.48,138.38,147,152.69,155.09,154.62,151.69,147.06,141.55,135.75,129.94,124.32,118.87,113.71,108.84,104.27,100.05,96.066,92.198,88.447,84.754,81.179,77.721,74.556,71.684,69.163,67.112,65.471,64.298,63.536,63.243,63.243,63.595,64.181,65.002,65.939,66.936,67.932,68.929,69.867,70.687,71.215,71.684,71.918,72.035,71.977,71.801,71.332,70.804,70.101,69.28,68.343,67.463,66.526,65.588,64.65,63.771,63.009,62.247,61.602,61.544,62.716,66.115,72.27,81.003,91.319,102.69,114.65,126.43,136.98,145.3,150.75,153.1,152.51,149.58,145.07,139.67,133.93,128.3,122.79,117.46,112.42,107.67,103.16,98.939,94.836,90.967,87.216,83.523,80.007,76.49,73.325,70.511,68.108,66.174,64.65,63.595,63.009,62.716,62.833,63.243,63.829,64.591,65.471,66.467,67.522,68.518,69.573,70.394,71.156,71.742,56.679,55.799,55.272,55.096,55.213,55.682,56.268,57.089,58.027,59.023,60.195,61.309,62.364,63.302,64.122,64.884,65.412,65.939,66.233,66.408,66.408,66.233,65.939,65.353,64.709,64.064,63.302,62.481,61.661,60.84,59.961,59.082,58.261,57.499,56.737,56.034,55.331,54.92,55.155,56.796,60.606,66.643,74.38,82.996,92.198,101.63,110.49,118.1,124.02,127.72,129.01,127.95,124.9,120.68,115.58,110.25,104.86,99.583,94.484,89.56,84.871,80.417,76.255,72.387,68.812,65.529,62.599,60.02,57.968,56.386,55.155,54.51,54.158,54.158,54.569,55.096,55.975,56.972,58.144,59.433,60.723,62.13,63.478,64.767,65.998,67.053,67.991,68.694,69.222,69.691,69.925,70.042,69.984,69.749,69.339,68.87,68.284,67.698,66.995,66.291,65.529,64.709,64.005,63.243,62.716,62.833,64.357,68.108,74.497,82.761,92.374,102.75,113.42,123.61,132.41,139.21,143.37,144.89,144.01,141.2,137.04,132.29,127.31,122.15,117.17,112.24,107.38,102.63,98.118,93.839,89.854,86.044,82.468,79.245,76.431,74.028,72.152,70.687,69.632,68.987,68.694,68.753,69.046,69.691,70.57,71.625,72.739,73.852,74.966,76.021,77.135,78.072,78.893,79.479,79.831,80.007,79.948,79.714,79.303,78.717,78.072,77.252,76.373,75.493,74.614,73.735,72.797,71.859,70.98,70.101,69.398,69.046,69.749,72.446,77.897,85.868,95.48,106.03,117.17,127.95,137.51,144.95,149.81,151.81,151.16,148.47,144.36,139.32,133.87,128.36,122.85,117.46,112.24,107.32,102.63,98.177,94.015,90.029,86.278,82.879,79.655,76.9,74.556,72.68,71.156,70.101,69.398,69.046,68.987,69.222,69.749,70.335,71.097,71.918,72.739,73.559,74.38,75.2,75.786,76.314,76.666,76.783,76.724,76.548,76.197,75.611,74.907,74.028,73.032,72.035,71.039,69.984,68.987,67.932,66.936,65.881,64.884,63.947,63.126,62.599,63.067,65.471,70.629,78.072,86.981,96.711,107.03,117.23,126.43,133.87,138.8,141.08,140.55,137.86,133.64,128.42,122.79,116.99,111.25,105.62,100.23,95.129,90.322,85.809,81.589,77.662,73.969,70.629,67.522,64.943,62.657,60.899,59.551,58.671,58.144,57.968,58.085,58.496,59.082,59.902,60.899,62.012,63.126,64.24,65.295,66.233,67.112,67.874,68.46,68.929,69.222,69.28,69.163,68.929,68.46,67.932,67.288,66.526,65.705,64.884,64.005,63.067,62.13,61.192,60.313,59.492,58.73,58.027,57.441,57.089,57.558,59.492,63.771,70.277,78.424,87.333,96.887,106.56,115.58,123.26,128.77,131.76,132.05,129.94,126.02,120.92,115.29,109.49,103.74,98.118,92.726,87.685,82.879,78.424,74.438,70.687,67.346,64.357,61.719,59.551,57.792,56.444,55.506,54.92,54.744,54.862,55.331,56.093,57.03,58.144,59.316,60.488,61.661,62.774,63.947,64.943,65.822,66.526,67.112,67.522,67.815,67.874,67.756,67.463,67.053,66.526,65.881,65.178,64.357,63.595,62.774,62.012,61.192,60.313,59.492,58.789,58.144,57.91,58.378,60.43,64.884,71.742,80.534,90.498,101.11,112.01,122.15,130.94,137.39,141.14,142.08,140.5,136.98,132.17,126.72,120.98,115.29,109.61,104.16,98.997,94.074,89.56,85.34,81.413,77.779,74.438,71.508,68.87,66.643,65.002,63.595,62.657,62.188,62.012,62.188,62.657,63.419,64.416,65.471,66.643,67.932,69.105,70.335,71.449,72.387,73.09,73.618,73.969,74.087,74.028,73.852,73.442,72.797,71.918,71.039,70.16,69.339,68.46,67.581,66.643,65.646,64.709,63.829,63.243,63.185,64.474,68.225,74.79,83.523,93.605,104.51,115.76,126.49,135.81,142.78,147,148.23,146.88,143.48,138.74,133.34,127.66,121.91,116.35,111.01,105.91,101.17,96.711,92.55,88.564,84.813,81.237,77.838,74.79,71.977,69.632,67.581,66.057,64.943,64.181,63.829,63.771,64.005,64.357,64.884,65.529,66.291,67.17,68.05,68.87,69.632,70.218,70.687,70.98,71.097,71.097,70.98,70.687,70.16,69.632,68.987,68.225,67.522,66.76,65.998,65.119,64.181,63.302,62.423,61.602,60.84,60.313,60.137,61.192,64.533,70.629,79.01,88.681,99.232,110.19,120.86,130.3,137.8,142.72,144.66,143.95,140.79,136.04,130.36,124.32,118.34,112.6,107.03,101.75,96.594,91.729,87.275,83.113,79.245,75.552,72.094,68.987,66.291,64.064,62.305,60.899,59.902,59.375,59.082,59.082,59.492,60.02,60.84,61.837,63.009,64.122,65.236,66.291,67.229,68.108,68.87,69.398,69.808,70.042,70.042,69.867,69.573,69.046,68.401,67.756,66.995,66.174,65.295,64.416,63.478,62.54,61.544,60.664,59.785,59.023,58.554,58.554,59.902,63.654,69.925,78.131,87.45,97.532,107.96,117.99,126.78,133.58,137.62,138.91,137.51,134.05,129.24,123.61,117.81,112.01,106.44,101.05,95.832,91.026,86.395,82.175,78.19,74.438,71.039,67.991,65.295,62.892,60.957,59.492,58.437,57.734,57.441,57.499,57.851,58.437,59.258,60.195,61.309,62.423,63.536,64.65,65.646,66.584,67.405,68.05,68.636,68.929,69.046,68.929,68.694,68.225,67.756,67.112,66.408,65.646,64.884,64.064,63.243,62.364,61.485,60.664,59.844,59.316,59.023,59.902,62.833,68.518,76.607,86.161,96.653,107.73,118.63,128.42,136.39,141.73,144.13,143.66,140.85,136.51,131.18,125.55,119.8,114.24,108.9,103.74,98.88,94.191,89.795,85.633,81.648,78.014,74.556,71.449,68.636,66.115,64.064,62.364,61.133,60.254,59.785,59.668,59.902,60.488,61.25,62.247,63.302,64.474,65.705,66.995,68.225,69.339,70.335,71.097,71.742,72.094,72.387,72.504,72.446,72.211,71.918,71.449,70.922,70.335,69.808,69.222,68.694,68.05,67.405,66.819,66.35,66.408,67.815,71.625,78.248,87.099,97.415,108.67,120.21,131.29,140.85,148.06,152.28,153.45,151.92,148.35,143.48,137.92,132.17,126.43,120.92,115.53,110.49,105.68,101.28,97.18,93.253,89.56,86.044,82.644,79.479,76.607,74.028,71.918,70.101,68.812,67.932,67.405,67.288,67.405,67.874,68.518,69.339,70.218,71.215,72.27,73.383,74.321,75.083,75.786,76.314,76.607,76.666,76.49,76.021,75.552,74.849,74.028,73.207,72.27,71.332,70.511,69.573,68.636,67.581,66.76,65.939,65.353,65.412,67.112,71.449,78.717,88.212,99.056,110.72,122.85,134.28,144.01,151.1,155.03,155.85,153.98,150.22,145.3,139.79,134.05,128.3,122.62,117.17,111.95,107.03,102.51,98.294,94.367,90.557,86.864,83.347,80.065,77.076,74.556,72.446,70.746,69.573,68.753,68.343,68.343,68.636,69.222,70.101,71.156,72.387,73.676,74.907,76.138,77.193,78.014,78.6,79.069,79.303,79.303,79.127,78.658,78.014,77.193,76.255,75.318,74.321,73.383,72.387,71.273,70.277,69.339,68.46,67.756,67.053,66.467,66.408,67.756,71.566,78.248,87.216,97.649,108.9,120.39,131.18,140.26,146.83,150.4,150.99,148.94,144.95,139.73,133.99,128.13,122.33,116.7,111.19,105.85,100.81,96.066,91.612,87.45,83.465,79.772,76.373,73.207,70.394,67.932,65.939,64.24,63.067,62.247,61.837,61.719,62.012,62.481,63.185,64.005,64.943,65.939,66.995,68.05,69.046,69.925,70.687,71.273,71.684,71.859,71.859,71.625,71.156,70.57,69.808,68.987,68.167,67.229,66.35,65.412,64.474,63.536,62.657,61.837,61.133,60.43,60.02,60.488,62.54,67.053,73.852,82.175,91.377,101.17,111.07,120.1,127.54,132.82,135.45,135.34,132.99,128.77,123.61,117.93,112.19,106.44,100.87,95.48,90.381,85.633,81.179,77.076,73.207,69.691,66.467,63.595,61.192,59.316,57.968,57.03,56.503,56.268,56.444,56.796,57.499,58.437,59.551,60.723,62.012,63.185,64.357,65.412,66.35,67.229,67.932,68.46,68.87,69.046,69.046,68.87,68.518,68.167,67.581,66.877,66.057,65.178,64.24,63.361,62.54,61.778,60.899,60.02,59.082,58.261,57.558,57.148,57.558,59.551,64.005,71.039,79.772,89.56,99.935,110.43,120.21,128.42,134.4,137.68,138.03,135.92,132,126.78,121.09,115.35,109.72,104.21,98.939,93.839,88.974,84.461,80.3,76.431,72.856,69.456,66.35,63.536,61.25,59.316,57.91,56.972,56.561,56.503,56.737,57.323,58.085,59.082,60.371,61.661,63.009,64.298,65.529,66.76,67.756,68.518,69.105,69.456,69.691,69.632,69.398,69.046,68.518,67.874,67.112,66.291,65.471,64.591,63.654,62.716,61.837,60.957,60.137,59.375,58.789,58.965,60.782,65.119,72.152,81.12,91.319,102.16,113.42,124.02,133.23,140.14,144.13,145.13,143.43,139.73,134.81,129.24,123.56,117.93,112.48,107.32,102.28,97.59,93.253,89.15,85.282,81.589,78.072,74.673,71.566,68.753,66.291,64.298,62.657,61.544,60.84,60.547,60.606,60.84,61.426,62.13,63.009,64.064,65.119,66.233,67.288,68.284,69.105,69.867,70.394,70.804,70.98,71.039,70.863,70.511,69.984,69.339,68.518,67.756,66.819,65.881,65.002,64.122,63.243,62.305,61.485,60.723,60.137,60.02,61.25,64.709,71.097,79.772,90.029,101.22,112.95,124.38,134.63,142.66,148,150.28,149.76,146.83,142.31,136.86,131.06,125.2,119.45,113.94,108.61,103.63,98.939,94.543,90.381,86.395,82.586,79.069,75.669,72.621,69.925,67.522,65.529,64.005,62.833,62.188,61.837,61.895,62.247,62.774,63.595,64.533,65.646,66.936,68.108,69.222,70.218,71.097,71.859,72.387,72.739,72.856,72.797,72.563,72.035,71.449,70.687,69.808,68.929,67.991,67.053,66.115,65.119,64.181,63.361,62.599,61.895,61.719,62.657,65.881,71.918,80.417,90.498,101.58,113.24,124.85,135.34,143.78,149.35,151.87,151.51,148.88,144.6,139.44,133.93,128.3,122.74,117.28,112.07,107.09,102.34,98.001,93.839,89.854,86.044,82.292,78.776,75.669,72.856,70.394,68.343,66.643,65.353,64.474,63.947,63.771,64.064,64.474,65.119,65.939,66.819,67.815,68.812,69.867,70.863,71.801,72.621,73.09,73.442,73.442,73.207,72.856,72.27,71.625,70.863,69.984,69.046,68.05,67.053,66.057,65.119,64.181,63.243,62.423,61.778,62.012,64.005,68.812,76.49,86.044,96.77,108.38,120.1,131.12,140.38,147.12,150.81,151.51,149.64,145.83,140.85,135.28,129.48,123.73,118.1,112.65,107.5,102.69,98.177,93.839,89.795,85.868,82.117,78.6,75.376,72.27,69.691,67.346,65.471,64.005,63.009,62.364,62.071,62.13,62.423,63.009,63.771,64.709,65.705,66.877,67.932,68.987,69.925,70.746,71.332,71.859,72.152,72.211,72.035,71.742,71.215,70.57,69.808,68.929,67.991,66.936,65.881,64.767,63.771,62.774,61.895,60.957,60.195,59.492,59.433,60.957,65.236,72.446,81.53,91.671,102.63,113.94,124.73,134.05,141.14,145.36,146.59,145.24,141.78,136.98,131.53,125.78,120.04,114.41,108.96,103.69,98.645,93.898,89.443,85.223,81.179,77.31,73.618,70.218,67.229,64.591,62.423,60.606,59.316,58.437,58.027,58.027,58.378,58.965,59.844,60.84,62.012,63.185,64.474,65.705,66.877,67.874,68.753,69.456,69.984,70.335,70.511,70.335,70.042,69.573,68.87,68.167,67.346,66.526,65.646,64.767,63.947,63.009,62.13,61.25,60.547,60.02,60.137,61.485,65.06,71.332,79.948,89.854,100.7,111.83,122.68,132.17,139.62,144.3,146.12,145.18,142.02,137.39,131.88,126.13,120.45,114.88,109.49,104.39,99.466,94.836,90.557,86.395,82.468,78.776,75.376,72.152,69.339,66.995,65.002,63.419,62.305,61.661,61.426,61.426,61.719,62.247,62.892,63.829,64.884,65.939,66.995,67.932,68.87,69.632,70.218,70.687,70.922,71.039,70.922,70.629,70.101,69.573,68.87,68.167,67.463,66.643,65.881,65.06,64.24,63.419,62.774,62.247,62.012,62.833,65.822,71.625,79.772,89.56,100.23,111.6,122.91,132.99,140.91,146.06,148.17,147.41,144.48,140.03,134.87,129.36,123.79,118.4,113.24,108.26,103.33,98.821,94.484,90.381,86.513,82.879,79.42,76.314,73.501,70.98,68.987,67.346,66.233,65.529,65.236,65.236,65.529,66.115,66.936,67.932,69.105,70.277,71.508,72.621,73.618,74.556,75.376,75.962,76.431,76.666,76.724,76.607,76.255,75.728,75.083,74.38,73.559,72.68,71.742,70.804,69.867,68.929,67.991,67.053,66.233,65.471,65.119,65.705,68.518,74.263,82.644,92.726,103.8,115.53,127.07,137.33,145.36,150.58,152.63,151.81,148.76,144.3,139.09,133.58,127.95,122.38,116.99,111.66,106.68,101.93,97.415,93.312,89.326,85.458,81.882,78.483,75.552,72.973,70.863,69.222,67.991,67.112,66.584,66.408,66.526,66.995,67.698,68.46,69.339,70.277,71.273,72.387,73.383,74.321,74.966,75.552,75.845,75.904,75.845,75.552,75.024,74.438,73.618,72.739,71.801,70.863,69.984,69.105,68.167,67.288,66.35,65.529,64.884,64.416,64.884,67.112,71.977,79.42,88.447,98.352,108.79,119.1,128.3,135.57,140.44,142.55,142.14,139.44,135.28,130.24,124.79,119.28,114.06,108.96,104.04,99.29,94.777,90.498,86.395,82.586,79.01,75.611,72.563,69.925,67.756,66.057,64.943,64.122,63.654,63.536,63.654,64.122,64.709,65.529,66.467,67.405,68.401,69.28,70.101,70.746,71.273,71.625,71.742,71.684,71.508,71.097,70.629,69.984,69.105,68.108,66.995,65.822,64.533,63.361,62.188,61.075,59.961,58.906,57.91,57.03,56.21,55.565,54.92,54.627,55.096,57.441,62.364,69.749,78.6,88.212,98.235,108.26,117.28,124.85,130.18,132.99,133.11,130.88,126.78,121.74,116.11,110.43,104.8,99.29,94.074,88.974,84.227,79.772,75.611,71.801,68.225,65.06,62.305,59.961,58.085,56.679,55.682,55.096,54.92,55.037,55.448,55.975,56.679,57.558,58.554,59.609,60.664,61.719,62.716,63.595,64.474,65.178,65.705,66.115,66.408,66.526,66.467,66.291,65.939,65.412,64.709,64.122,63.361,62.599,61.778,60.899,59.961,59.199,58.32,57.558,56.796,56.151,55.917,56.444,58.437,62.716,69.222,77.193,85.868,95.07,104.45,113.18,120.27,125.37,128.01,128.13,126.08,122.38,117.64,112.42,107.09,101.87,96.653,91.729,86.981,82.527,78.424,74.614,71.097,67.991,65.119,62.657,60.547,58.847,57.616,56.737,56.268,56.151,56.444,56.854,57.499,58.378,59.375,60.488,61.661,62.833,64.005,65.06,65.998,66.819,67.463,68.108,68.46,68.694,68.694,68.343,67.932,67.288,66.526,65.822,64.943,64.064,63.126,62.305,61.426,60.606,59.785,59.023,58.496,58.554,60.137,64.064,70.511,78.6,87.802,97.532,107.67,117.34,125.61,131.88,135.57,136.57,135.22,132,127.54,122.5,117.11,111.77,106.68,101.69,96.887,92.257,87.861,83.758,79.948,76.373,72.973,69.925,67.17,64.709,62.657,61.075,59.902,59.199,58.73,58.613,58.789,59.258,59.902,60.782,61.719,62.716,63.712,64.709,65.646,66.467,67.229,67.815,68.284,68.518,68.694,68.518,68.225,67.815,67.229,66.584,65.881,65.119,64.24,63.361,62.423,61.544,60.664,59.844,59.082,58.437,57.91,57.968,59.668,64.005,70.922,79.596,89.326,99.583,110.19,120.16,128.66,135.04,138.74,139.67,138.09,134.69,130.12,124.9,119.57,114.24,109.08,104.04,99.173,94.484,90.029,85.809,81.824,78.072,74.556,71.273,68.343,65.705,63.419,61.602,60.137,59.082,58.554,58.32,58.378,58.671,59.316,60.137,61.133,62.247,63.302,64.357,65.353,66.233,67.053,67.698,68.108,68.401,68.636,68.636,68.401,68.167,67.698,67.112,66.35,65.529,64.709,63.829,63.009,62.071,61.133,60.195,59.316,58.496,57.792,57.382,57.616,59.668,64.298,71.742,81.062,91.377,102.28,113.3,123.56,132.11,138.33,141.67,142.19,140.14,136.22,131.18,125.55,119.86,114.41,109.31,104.39,99.7,95.246,90.967,86.923,83.054,79.42,75.904,72.68,69.573,66.76,64.298,62.305,60.782,59.668,58.906,58.554,58.496,58.73,59.316,60.137,61.075,62.13,63.185,64.298,65.353,66.408,67.288,68.05,68.518,68.812,68.87,68.812,68.518,68.167,67.581,66.877,66.057,65.178,64.298,63.478,62.657,61.837,61.075,60.254,59.551,59.258,59.727,62.13,67.053,74.497,83.699,93.839,104.68,115.47,125.43,133.58,139.32,142.25,142.43,140.26,136.45,131.47,126.13,120.63,115.23,110.13,105.33,100.7,96.242,92.022,88.154,84.403,80.886,77.369,73.969,70.863,67.932,65.412,63.361,61.778,60.664,59.961,59.609,59.551,59.785,60.371,61.133,62.071,63.126,64.181,65.236,66.35,67.346,68.284,69.046,69.749,70.16,70.335,70.394,70.277,69.925,69.398,68.753,67.991,67.17,66.233,65.353,64.357,63.419,62.481,61.544,60.723,59.961,59.551,59.785,61.719,66.408,73.735,82.996,93.37,104.57,116.17,127.25,136.74,143.84,148,148.99,147.35,143.84,139.21,133.93,128.48,123.03,117.75,112.54,107.55,102.75,98.235,94.015,89.971,86.161,82.527,79.186,76.138,73.325,70.98,69.105,67.522,66.291,65.412,64.943,64.709,64.943,65.295,65.881,66.584,67.463,68.401,69.398,70.394,71.332,72.211,72.973,73.676,74.145,74.497,74.556,74.438,74.028,73.559,72.973,72.211,71.332,70.394,69.398,68.343,67.346,66.35,65.471,64.65,63.947,63.419,63.595,65.471,70.16,77.603,86.981,97.415,108.73,120.27,131.06,140.03,146.41,149.87,150.52,148.7,145.07,140.38,134.99,129.36,123.73,118.28,113.06,107.96,103.16,98.645,94.425,90.44,86.63,83.054,79.655,76.548,73.735,71.215,69.105,67.405,66.174,65.353,64.767,64.591,64.65,65.002,65.529,66.291,67.17,68.167,69.163,70.16,71.097,71.859,72.446,72.856,73.09,73.207,73.149,72.856,72.27,71.625,70.804,69.925,69.046,68.108,67.112,66.057,65.002,64.005,63.067,62.247,61.544,61.075,61.309,63.243,67.874,75.083,84.168,94.249,105.03,116.17,126.6,135.51,141.84,145.36,145.95,144.01,140.26,135.28,129.83,124.2,118.63,113.3,108.02,102.98,98.118,93.429,89.033,84.989,81.12,77.545,74.145,71.156,68.46,66.291,64.474,63.126,62.188,61.544,61.309,61.426,61.719,62.247,63.009,63.829,64.884,65.939,66.995,67.932,68.753,69.456,70.101,70.629,70.922,71.039,70.98,70.746,70.277,69.749,69.046,68.343,67.522,66.643,65.705,64.767,63.771,62.774,61.778,60.84,59.961,59.199,58.496,58.027,58.496,60.723,65.588,72.973,81.882,91.553,101.81,112.19,121.8,129.89,135.63,138.62,138.91,136.92,133.11,128.19,122.68,116.99,111.42,105.97,100.81,95.715,90.967,86.395,82.175,78.19,74.38,70.922,67.815,65.06,62.657,60.84,59.492,58.554,58.027,57.91,58.027,58.437,59.023,59.844,60.84,62.012,63.126,64.298,65.295,66.233,66.995,67.698,68.225,68.694,68.987,68.987,68.812,68.401,67.991,67.463,66.877,66.174,65.412,64.533,63.595,62.657,61.778,61.075,60.313,59.609,58.847,58.378,58.32,59.609,63.185,69.28,77.545,86.923,97.004,107.44,117.64,126.6,133.58,137.86,139.38,138.27,135.04,130.59,125.43,120.04,114.65,109.43,104.51,99.759,95.187,90.791,86.63,82.586,78.834,75.318,71.977,68.87,66.057,63.595,61.661,60.195,59.199,58.554,58.261,58.261,58.554,59.199,59.961,61.075,62.247,63.478,64.591,65.646,66.526,67.346,67.991,68.46,68.87,69.046,69.046,68.87,68.46,67.932,67.17,66.35,65.529,64.65,63.712,62.774,61.895,61.133,60.313,59.551,59.023,59.082,60.606,64.474,71.097,79.831,89.854,100.64,111.77,122.5,131.82,138.8,143.07,144.42,143.19,139.85,135.34,130.18,124.85,119.75,114.88,110.25,105.85,101.63,97.473,93.605,89.912,86.513,83.172,79.948,76.841,74.028,71.566,69.456,67.874,66.584,65.822,65.353,65.295,65.471,65.998,66.643,67.463,68.401,69.456,70.629,71.742,72.68,73.442,74.028,74.497,74.731,74.849,74.79,74.614,74.263,73.676,72.973,72.152,71.215,70.335,69.398,68.518,67.698,66.877,65.998,65.236,64.533,64.181,64.943,67.874,73.794,82.292,92.374,103.33,115.06,126.66,137.15,145.42,150.87,153.21,152.75,150.11,145.95,140.85,135.51,130.06,124.73,119.75,115,110.43,106.03,101.81,97.708,93.839,90.029,86.513,83.113,80.007,77.193,74.614,72.446,70.57,69.163,68.225,67.756,67.581,67.815,68.284,69.105,70.16,71.332,72.621,73.735,74.673,75.435,76.021,76.548,76.841,76.9,76.783,76.431,75.904,75.318,74.556,73.735,72.797,71.742,70.687,69.632,68.518,67.522,66.643,65.822,65.119,64.884,65.881,69.222,75.493,84.109,94.074,104.74,115.94,126.84,136.45,143.78,148.29,149.76,148.47,145.13,140.38,134.93,129.36,123.91,118.63,113.42,108.26,103.16,98.352,93.898,89.854,86.161,82.82,79.655,76.783,74.145,71.859,69.925,68.401,67.288,66.584,66.35,66.408,66.76,67.288,68.05,68.929,69.984,71.039,72.035,72.914,73.735,74.497,75.024,75.552,75.845,75.962,75.904,75.669,75.259,74.614,73.969,73.207,72.387,71.508,70.57,69.456,68.46,67.405,66.408,65.412,64.533,63.712,63.126,63.067,64.181,67.581,73.794,82.117,91.553,101.75,112.24,122.38,131.12,137.62,141.43,142.43,140.96,137.68,133.11,127.78,122.09,116.29,110.54,104.98,99.7,94.718,90.088,85.809,81.824,78.014,74.438,71.097,68.167,65.646,63.595,61.895,60.664,59.785,59.316,59.082,59.199,59.375,59.785,60.371,61.25,62.188,63.243,64.357,65.353,66.233,67.112,67.815,68.343,68.753,68.929,68.987,68.87,68.518,68.05,67.346,66.584,65.646,64.709,63.771,62.833,61.895,61.075,60.195,59.375,58.671,58.027,57.616,57.616,58.789,62.071,67.581,74.849,83.054,91.729,100.87,109.84,117.93,124.2,128.19,129.65,128.71,125.72,121.39,116.11,110.6,105.03,99.759,94.601,89.678,84.989,80.475,76.255,72.387,68.87,65.705,63.009,60.664,58.73,57.323,56.151,55.565,55.155,55.155,55.448,55.917,56.62,57.558,58.554,59.551,60.664,61.719,62.774,63.712,64.474,65.178,65.646,66.115,66.35,66.467,66.408,66.233,65.939,65.412,64.884,64.181,63.419,62.599,61.837,61.075,60.313,59.551,58.73,57.968,57.148,56.503,55.975,55.975,57.089,60.43,66.291,74.263,83.289,92.96,103.16,113.12,122.03,129.07,133.64,135.45,134.63,131.76,127.48,122.38,116.99,111.48,106.09,100.99,96.066,91.319,86.864,82.586,78.658,74.966,71.566,68.343,65.471,63.067,60.957,59.375,58.144,57.441,56.972,56.913,57.089,57.558,58.32,59.199,60.254,61.368,62.54,63.771,64.943,65.939,66.819,67.463,67.932,68.167,68.284,68.225,67.991,67.581,67.112,66.408,65.646,64.884,64.005,63.126,62.188,61.309,60.43,59.551,58.789,58.085,57.792,58.437,60.84,65.939,73.501,82.586,92.608,103.16,113.94,123.97,132.35,138.38,141.49,141.84,139.79,135.92,130.94,125.49,119.98,114.59,109.49,104.51,99.818,95.305,91.026,87.04,83.23,79.596,76.197,72.914,69.867,67.17,64.884,63.009,61.544,60.606,60.137,59.961,60.313,60.899,61.778,63.009,64.357,65.822,67.288,68.812,70.218,71.625,72.856,73.911,74.849,75.552,76.021,76.373,76.314,76.021,75.552,74.907,74.145,73.442,72.68,71.859,70.98,70.101,69.163,68.284,67.405,66.76,66.819,68.46,72.914,80.241,89.678,100.35,111.77,123.5,134.52,143.6,150.22,153.8,154.39,152.51,148.82,144.07,138.74,133.29,127.95,122.68,117.69,112.89,108.26,103.86,99.818,95.832,92.139,88.564,85.106,81.941,79.069,76.431,74.263,72.387,70.98,70.101,69.573,69.398,69.573,69.984,70.687,71.508,72.387,73.325,74.145,75.024,75.786,76.431,76.841,77.193,77.369,77.369,77.135,76.666,76.021,75.376,74.556,73.735,72.856,71.859,70.922,69.925,69.046,68.225,67.405,66.643,66.115,66.174,67.932,72.387,79.655,88.857,99.173,110.13,121.15,131.47,139.97,146,148.99,149.17,146.88,142.9,137.92,132.41,126.84,121.45,116.23,111.19,106.38,101.75,97.297,93.136,89.092,85.223,81.53,78.072,74.731,71.742,69.105,66.877,65.119,63.654,62.716,62.13,61.778,61.837,62.247,62.774,63.595,64.474,65.353,66.291,67.229,68.108,68.929,69.691,70.277,70.746,70.98,71.097,70.98,70.687,70.16,69.573,68.87,68.05,67.229,66.291,65.353,64.416,63.478,62.599,61.719,60.899,60.137,59.375,58.73,58.496,59.375,62.364,68.167,76.255,85.692,95.715,106.38,116.99,126.6,134.34,139.56,141.78,141.32,138.5,134.11,128.71,123.03,117.28,111.66,106.32,101.11,96.125,91.26,86.747,82.468,78.541,74.907,71.508,68.343,65.588,63.361,61.544,60.313,59.433,58.965,58.789,58.906,59.433,60.137,61.075,62.071,63.126,64.24,65.353,66.408,67.346,68.108,68.812,69.28,69.632,69.808,69.808,69.691,69.339,68.929,68.343,67.756,66.936,66.057,65.178,64.24,63.302,62.364,61.485,60.606,59.785,59.023,58.437,58.32,59.433,62.774,68.929,77.193,86.571,96.653,107.32,117.75,127.01,134.22,138.85,140.61,139.73,136.63,132.05,126.6,120.98,115.35,110.02,104.92,100.05,95.422,90.909,86.747,82.761,79.069,75.552,72.387,69.339,66.643,64.357,62.54,61.133,60.195,59.668,59.551,59.668,59.961,60.488,61.192,62.071,63.067,64.122,65.236,66.291,67.288,68.167,68.929,69.456,69.867,70.042,69.984,69.749,69.339,68.87,68.225,67.522,66.76,65.939,65.06,64.122,63.185,62.305,61.426,60.606,59.844,59.316,59.492,61.309,65.705,72.856,81.882,91.846,102.63,113.71,124.44,133.7,140.55,144.6,145.71,144.3,140.79,135.92,130.41,124.73,119.04,113.59,108.49,103.57,98.88,94.425,90.147,86.102,82.292,78.658,75.259,72.094,69.222,66.819,64.709,63.185,62.071,61.309,60.84,60.782,60.899,61.309,62.012,62.774,63.829,64.943,65.998,66.995,67.991,68.87,69.573,70.101,70.511,70.687,70.629,70.394,69.984,69.398,68.753,67.991,67.112,66.174,65.178,64.122,63.185,62.188,61.309,60.43,59.609,58.906,58.496,58.965,61.426,66.819,74.79,84.344,94.836,105.97,117.4,128.13,137.04,143.48,147.12,147.82,146,142.37,137.51,132.05,126.37,120.74,115.29,110.07,104.98,100.17,95.598,91.319,87.216,83.406,79.655,76.197,72.914,69.984,67.405,65.236,63.419,62.071,61.075,60.43,60.137,60.254,60.664,61.368,62.305,63.361,64.474,65.588,66.76,67.815,68.753,69.573,70.16,70.629,70.804,70.804,70.57,70.16,69.691,69.046,68.225,67.346,66.408,65.471,64.474,63.595,62.657,61.719,60.84,60.02,59.375,59.082,59.961,63.126,69.163,77.603,87.568,98.294,109.66,121.09,131.41,139.67,145.13,147.59,147.24,144.54,140.32,135.1,129.59,124.14,118.81,113.65,108.84,104.21,99.818,95.656,91.671,87.802,84.051,80.417,76.9,73.676,70.687,68.05,65.822,64.005,62.657,61.778,61.368,61.25,61.485,62.012,62.657,63.478,64.474,65.588,66.76,67.756,68.753,69.573,70.16,70.629,70.922,71.097,71.097,70.98,70.629,69.984,69.339,68.636,67.874,67.112,66.291,65.353,64.357,63.361,62.423,61.661,61.192,61.25,62.54,66.174,72.739,81.589,91.905,103.04,114.76,126.13,136.1,143.95,148.88,150.81,149.99,147.06,142.61,137.45,131.94,126.49,121.21,116.29,111.6,107.09,102.81,98.645,94.718,90.909,87.275,83.875,80.475,77.31,74.38,71.684,69.398,67.581,66.291,65.353,64.884,64.65,64.767,65.236,65.881,66.643,67.698,68.753,69.749,70.687,71.625,72.504,73.149,73.676,74.028,74.145,74.087,73.794,73.383,72.739,72.035,71.215,70.335,69.456,68.518,67.581,66.584,65.705,64.767,64.064,63.654,64.298,67.112,72.739,80.944,90.791,101.69,113.24,124.85,135.51,144.01,149.81,152.51,152.39,149.93,145.83,140.67,135.04,129.3,123.73,118.4,113.24,108.32,103.63,99.232,95.129,91.319,87.626,84.051,80.593,77.369,74.497,71.977,69.925,68.225,66.936,66.115,65.588,65.529,65.822,66.35,67.112,67.991,68.987,70.042,71.156,72.27,73.207,74.087,74.79,75.376,75.786,75.962,75.904,75.669,75.2,74.614,73.911,73.149,72.27,71.273,70.277,69.222,68.284,67.346,66.584,65.881,65.178,64.767,65.119,67.112,71.918,79.538,89.033,99.583,110.9,122.44,133.23,142.19,148.41,151.57,151.75,149.46,145.48,140.5,134.87,129.18,123.5,117.99,112.65,107.61,102.81,98.235,93.898,89.854,86.044,82.527,79.362,76.431,73.852,71.684,69.808,68.343,67.405,66.995,66.936,67.112,67.522,68.167,68.987,69.925,70.98,72.094,73.149,74.145,74.966,75.611,76.138,76.431,76.607,76.666,76.49,76.138,75.552,74.79,73.911,73.032,72.094,71.097,70.042,69.046,67.991,66.995,66.057,65.178,64.357,63.654,63.185,63.243,64.591,68.46,75.2,83.758,93.253,103.33,113.65,123.56,132,138.15,141.61,142.31,140.55,136.92,132.11,126.72,121.15,115.58,110.25,105.03,100.05,95.363,90.85,86.63,82.586,78.893,75.552,72.504,69.867,67.581,65.822,64.416,63.478,62.892,62.716,62.892,63.361,64.064,64.884,65.822,66.877,68.05,69.163,70.218,71.215,72.035,72.739,73.149,73.559,73.735,73.735,73.618,73.207,72.68,71.977,71.156,70.277,69.398,68.46,67.522,66.643,65.646,64.709,63.771,62.833,62.071,61.309,60.547,59.961,60.137,61.895,66.115,72.68,80.593,89.209,98.294,107.5,116.05,123.26,128.36,131.12,131.29,129.36,125.67,120.86,115.47,109.9,104.51,99.173,94.132,89.209,84.52,80.124,75.962,72.152,68.753,65.646,63.067,60.782,58.965,57.558,56.561,55.975,55.741,55.799,56.093,56.679,57.441,58.32,59.258,60.254,61.368,62.423,63.478,64.416,65.178,65.822,66.291,66.584,66.819,66.877,66.76,66.408,65.998,65.471,64.767,64.122,63.302,62.423,61.544,60.606,59.727,58.906,58.144,57.441,56.737,56.034,55.506,55.272,55.799,57.851,62.247,68.812,76.666,85.106,93.839,102.81,111.31,118.57,123.79,126.72,127.25,125.43,121.91,117.23,111.95,106.38,100.99,95.773,90.85,86.102,81.589,77.31,73.325,69.691,66.467,63.654,61.25,59.258,57.616,56.444,55.624,55.213,55.155,55.331,55.799,56.444,57.323,58.32,59.375,60.488,61.544,62.54,63.478,64.298,65.06,65.646,66.174,66.467,66.584,66.584,66.408,66.115,65.588,65.002,64.24,63.419,62.599,61.719,60.782,59.844,58.906,57.968,57.089,56.386,55.624,55.037,54.862,55.565,58.261,63.595,71.156,80.007,89.326,98.997,108.73,117.87,125.43,130.88,133.81,134.11,132.23,128.6,123.97,118.75,113.36,108.02,102.92,98.059,93.429,88.974,84.754,80.593,76.666,72.914,69.456,66.408,63.654,61.426,59.551,58.085,56.972,56.268,55.975,56.034,56.503,57.148,57.968,58.906,60.02,61.192,62.364,63.478,64.533,65.412,66.233,66.877,67.346,67.581,67.698,67.522,67.229,66.819,66.233,65.588,64.943,64.122,63.243,62.364,61.485,60.606,59.727,58.906,58.085,57.499,57.148,57.792,60.195,65.236,72.914,82.351,92.667,103.69,114.94,125.43,134.16,140.44,143.78,144.3,142.37,138.74,133.99,128.71,123.38,118.1,113.12,108.43,103.98,99.818,95.715,91.905,88.212,84.754,81.355,78.19,75.083,72.152,69.456,67.229,65.412,64.064,63.067,62.481,62.188,62.247,62.599,63.478,64.591,65.939,67.288,68.636,69.867,71.039,72.152,73.149,73.911,74.438,74.673,74.673,74.438,73.969,73.383,72.621,71.742,70.804,69.808,68.87,67.932,66.936,65.998,65.06,64.298,64.122,65.178,68.518,74.731,83.23,93.136,103.74,114.88,125.78,135.63,143.25,148.17,150.11,149.35,146.53,142.25,137.15,131.82,126.43,121.33,116.29,111.54,106.97,102.63,98.411,94.425,90.615,86.981,83.465,80.241,77.193,74.438,72.094,70.16,68.636,67.463,66.76,66.291,66.174,66.408,66.877,67.463,68.225,69.046,69.925,70.863,71.742,72.504,73.09,73.559,73.794,73.911,73.794,73.501,73.032,72.504,71.801,70.98,70.101,69.163,68.225,67.229,66.291,65.295,64.298,63.302,62.423,61.661,61.25,61.837,64.591,70.218,78.424,88.037,98.47,109.49,120.57,130.82,139.09,144.77,147.53,147.41,144.95,140.73,135.63,130.06,124.32,118.75,113.42,108.32,103.51,98.88,94.543,90.44,86.513,82.761,79.186,75.786,72.797,70.042,67.698,65.705,64.181,63.009,62.305,62.012,62.071,62.364,62.833,63.536,64.416,65.353,66.35,67.346,68.343,69.222,70.042,70.746,71.156,71.449,71.508,71.332,71.039,70.629,69.984,69.28,68.518,67.756,66.877,65.939,65.002,64.005,63.067,62.247,61.426,60.723,60.195,60.02,61.25,64.65,70.804,78.893,88.037,97.825,107.85,117.93,126.84,133.75,138.03,139.62,138.62,135.57,131.06,125.78,120.16,114.59,109.2,103.98,99.056,94.308,89.795,85.575,81.53,77.721,74.263,71.039,68.284,65.822,63.712,62.071,60.782,59.844,59.316,59.082,59.258,59.609,60.254,61.075,61.895,62.892,64.005,65.119,66.115,67.112,67.932,68.636,69.163,69.573,69.749,69.691,69.456,69.105,68.636,67.932,67.17,66.408,65.588,64.767,63.947,63.009,62.012,61.075,60.254,59.492,58.906,58.554,59.023,61.25,66.115,73.501,82.41,92.198,102.57,113.18,123.2,131.41,137.39,140.55,141.08,139.21,135.45,130.53,125.14,119.51,113.94,108.55,103.51,98.587,94.015,89.56,85.34,81.296,77.545,74.028,70.863,68.05,65.705,63.771,62.247,61.075,60.254,59.785,59.668,59.844,60.313,60.957,61.837,62.833,64.005,65.06,66.174,67.229,68.167,68.987,69.573,69.984,70.218,70.335,70.277,70.042,69.632,69.046,68.401,67.698,66.819,65.881,64.884,63.947,63.009,62.13,61.309,60.606,59.902,59.433,59.433,60.957,65.119,72.035,81.003,90.85,101.34,112.13,122.44,131.41,138.09,142.19,143.48,142.19,138.85,134.22,128.77,123.2,117.64,112.24,107.2,102.34,97.708,93.312,89.092,85.047,81.179,77.545,74.145,71.097,68.343,66.057,64.24,62.774,61.778,61.133,60.782,60.723,60.899,61.368,62.012,62.833,63.771,64.884,65.939,66.936,67.874,68.694,69.28,69.867,70.16,70.335,70.335,70.16,69.808,69.222,68.518,67.815,66.936,65.998,65.06,64.122,63.126,62.247,61.368,60.547,59.844,59.316,59.082,60.02,63.243,69.28,77.662,87.275,97.59,108.38,119.1,128.95,136.74,142.02,144.42,144.13,141.61,137.51,132.41,127.01,121.5,116.11,111.01,106.09,101.4,96.946,92.608,88.505,84.52,80.769,77.31,74.028,71.097,68.401,66.115,64.181,62.657,61.602,60.957,60.723,60.723,61.075,61.602,62.364,63.243,64.24,65.295,66.408,67.405,68.284,69.046,69.632,70.101,70.394,70.629,70.629,70.394,69.984,69.339,68.636,67.756,66.877,65.998,65.06,64.122,63.185,62.247,61.368,60.547,59.785,59.375,59.609,61.544,66.233,73.676,82.879,92.96,103.74,114.82,125.43,134.52,141.14,144.89,145.71,144.01,140.38,135.57,130.24,124.73,119.34,114.24,109.31,104.62,100.05,95.715,91.612,87.743,83.992,80.358,70.98,70.687,70.16,69.632,68.87,68.05,67.17,66.291,65.353,64.357,63.419,62.481,61.661,60.957,60.488,60.606,62.247,66.408,73.501,82.644,93.077,104.1,115.58,126.66,136.16,143.43,147.88,149.29,148.11,144.89,140.38,135.16,129.83,124.55,119.51,114.76,110.25,105.91,101.87,98.001,94.308,90.791,87.275,83.816,80.358,76.959,73.852,71.097,68.753,66.819,65.295,64.122,63.302,62.833,62.716,63.009,63.536,64.357,65.236,66.174,67.112,67.991,68.812,69.632,70.277,70.804,71.097,71.215,71.097,70.804,70.335,69.808,69.105,68.343,67.522,66.643,65.705,64.943,64.122,63.302,62.54,62.012,61.837,63.009,66.467,72.914,81.648,91.671,102.57,113.94,125.14,135.1,142.78,147.76,149.7,148.94,146.06,141.67,136.51,131,125.43,120.1,115.12,110.37,105.91,101.63,97.532,93.663,89.912,86.337,82.937,79.655,76.607,73.794,71.273,69.163,67.463,66.233,65.412,65.119,65.06,65.353,65.939,66.76,67.756,68.929,70.16,71.449,72.563,73.559,74.38,75.024,75.552,75.845,76.138,76.138,75.904,75.611,75.083,74.497,73.676,72.856,71.918,70.98,69.984,69.046,68.167,67.288,66.467,65.705,65.178,65.353,67.288,72.152,80.065,89.971,100.99,112.77,124.9,136.27,145.71,152.51,156.2,156.79,154.91,151.1,146.24,140.79,135.16,129.65,124.32,119.16,114.24,109.61,105.15,101.05,97.122,93.253,89.443,85.751,82.292,79.186,76.49,74.145,72.152,70.629,69.573,68.87,68.636,68.694,68.929,69.339,69.984,70.804,71.801,72.914,74.028,75.083,75.904,76.607,77.135,77.486,77.662,77.662,77.428,77.076,76.49,75.786,75.083,74.321,73.442,72.446,71.508,70.629,69.691,68.87,68.05,67.405,67.229,68.343,71.977,78.483,87.216,97.18,107.79,118.81,129.59,139.03,146.12,150.34,151.63,150.28,146.94,142.25,136.8,131.18,125.55,120.21,115.17,110.37,105.68,101.17,96.887,92.784,88.916,85.223,81.706,78.365,75.318,72.563,70.277,68.518,67.229,66.408,65.998,65.939,66.174,66.643,67.405,68.401,69.456,70.629,71.801,72.914,73.911,74.849,75.669,76.255,76.607,76.783,76.724,76.49,76.021,75.435,74.673,73.794,72.856,71.859,70.863,69.808,68.753,67.698,66.643,65.822,65.002,64.298,63.654,63.302,63.595,65.471,69.925,77.135,86.044,95.832,106.38,117.05,127.25,135.75,141.73,144.77,145.01,142.78,138.8,133.75,128.07,122.09,116.35,110.72,105.44,100.35,95.48,90.909,86.63,82.41,78.483,74.79,71.508,68.518,66.115,64.064,62.364,61.133,60.313,59.785,59.668,59.785,60.254,60.899,61.719,62.657,63.654,64.709,65.822,66.819,67.698,68.46,69.105,69.691,70.042,70.218,70.218,69.984,69.573,68.987,68.284,67.581,66.819,65.939,65.002,64.064,63.067,62.13,61.133,60.254,59.316,58.496,57.734,57.206,57.148,58.378,61.719,67.698,75.493,84.109,93.253,102.69,112.01,120.27,126.78,130.88,132.29,131.23,128.19,123.61,118.28,112.6,106.97,101.63,96.418,91.553,86.864,82.351,78.19,74.321,70.687,67.405,64.591,62.188,60.254,58.73,57.675,57.03,56.679,56.62,56.796,57.148,57.734,58.554,59.551,60.606,61.661,62.716,63.771,64.709,65.529,66.291,66.936,67.346,67.581,67.756,67.581,67.405,67.112,66.584,66.057,65.353,64.591,63.829,63.067,62.188,61.309,60.43,59.609,58.73,57.968,57.323,56.679,56.444,57.03,59.551,64.709,72.152,81.003,90.322,100.05,109.84,119.1,126.78,132.29,135.1,135.22,133.11,129.24,124.32,118.87,113.3,107.85,102.69,97.649,92.901,88.447,84.051,80.007,76.255,72.739,69.456,66.467,63.829,61.602,59.785,58.496,57.616,57.089,56.972,57.089,57.499,58.085,58.906,59.961,61.192,62.364,63.536,64.65,65.588,66.467,67.229,67.815,68.167,68.401,68.46,68.343,68.05,67.581,66.995,66.291,65.471,64.65,63.829,63.009,62.13,61.25,60.371,59.551,58.789,58.144,57.851,58.378,60.664,65.705,73.325,82.351,92.139,102.4,113.01,122.97,131.47,137.62,141.08,141.73,139.97,136.45,131.7,126.37,120.92,115.47,110.25,105.21,100.46,96.008,91.612,87.45,83.465,79.772,76.314,73.032,70.042,67.405,65.119,63.243,61.778,60.723,60.02,59.727,59.668,59.902,60.488,61.25,62.13,63.126,64.181,65.178,66.174,67.112,67.932,68.694,69.28,69.691,69.867,69.867,69.632,69.163,68.636,67.932,67.17,66.35,65.529,64.65,63.771,62.892,62.071,61.25,60.488,59.785,59.199,58.789,59.316,61.661,66.995,74.849,84.461,94.836,105.8,116.87,127.25,135.92,142.25,145.83,146.47,144.77,141.26,136.51,131.12,125.55,120.1,114.88,109.9,105.21,100.76,96.418,92.198,88.095,84.109,80.417,76.959,73.794,70.863,68.225,66.057,64.181,62.657,61.602,60.899,60.547,60.488,60.606,60.957,61.602,62.423,63.302,64.298,65.236,66.174,66.995,67.698,68.225,68.694,68.929,69.046,68.987,68.812,68.401,67.874,67.17,66.35,65.588,64.767,64.005,63.185,62.364,61.485,60.606,59.844,59.199,58.789,59.023,60.957,65.471,72.797,81.999,92.257,103.16,114.47,58.73,59.375,60.137,61.075,62.071,63.185,64.298,65.353,66.35,67.288,68.108,68.812,69.222,69.456,69.573,69.456,69.28,69.105,68.812,68.343,67.932,67.405,66.877,66.291,65.705,65.236,64.709,64.24,63.947,64.122,65.646,69.398,75.435,83.113,92.139,102.16,112.71,122.85,131.53,138.15,142.37,143.95,143.19,140.61,136.8,132.41,127.83,123.26,118.75,114.3,109.84,105.5,101.28,97.356,93.546,89.912,86.513,83.172,80.182,77.545,75.259,73.207,71.625,70.335,69.398,68.87,68.636,68.694,68.987,69.456,70.101,70.804,71.625,72.446,73.207,74.028,74.731,75.318,75.728,75.962,76.021,75.904,75.611,75.083,74.497,73.676,72.856,71.977,71.039,70.101,69.163,68.284,67.346,66.467,65.646,64.943,64.65,65.588,68.753,74.556,82.351,91.436,101.28,111.72,121.97,131,138.03,142.55,144.42,143.84,141.37,137.56,133.05,128.24,123.26,118.28,113.36,108.55,103.86,99.349,95.129,91.026,87.216,83.523,80.124,76.841,73.852,71.156,68.812,66.76,65.119,63.829,63.009,62.423,62.247,62.305,62.657,63.302,64.122,65.119,66.174,67.229,68.108,68.929,69.632,70.16,70.629,70.922,70.98,70.922,70.629,70.16,69.632,68.929,68.108,67.288,66.467,65.646,64.884,64.005,63.126,62.305,61.602,60.899,60.371,59.902,60.137,61.602,65.353,71.625,79.538,88.447,98.118,108.38,118.4,127.19,133.81,137.92,139.38,138.38,135.51,131.29,126.43,121.33,116.11,111.13,106.27,101.58,97.063,92.726,88.564,84.52,80.71,77.135,73.735,70.57,67.756,65.236,63.185,61.602,60.43,59.727,59.375,59.375,59.668,60.195,60.957,62.012,63.067,64.181,65.295,66.408,67.346,68.225,68.987,69.632,70.042,70.277,70.335,70.218,69.925,69.398,68.812,68.05,67.229,66.408,65.529,64.65,63.712,62.833,62.13,61.368,60.664,59.961,59.551,59.785,61.778,66.35,73.383,81.824,91.026,100.93,111.25,121.04,129.42,135.63,139.03,139.85,138.27,134.93,130.41,125.43,120.16,115,109.9,105.09,100.46,96.125,91.846,87.743,83.934,80.241,76.783,73.618,70.746,68.108,65.998,64.24,62.892,62.012,61.426,61.133,61.133,61.309,61.778,62.481,63.361,64.357,65.412,66.408,67.346,68.167,68.929,69.573,70.101,70.57,70.746,70.804,70.629,70.218,69.691,69.046,68.284,67.463,66.584,65.705,64.767,63.829,63.009,62.13,61.368,60.606,59.902,59.433,59.609,61.544,66.057,73.032,81.53,90.791,100.87,111.54,121.97,131,137.74,141.78,143.13,141.84,138.68,134.28,129.24,124.02,118.87,113.88,108.96,104.21,99.7,95.305,91.202,87.216,83.465,79.772,76.431,73.207,70.511,68.05,66.057,64.416,63.185,62.305,61.719,61.485,61.544,61.837,62.364,63.009,63.771,64.709,65.705,66.643,67.522,68.284,68.929,69.398,69.808,70.042,69.984,69.808,69.398,68.929,68.225,67.405,66.526,65.646,64.767,63.829,62.892,62.012,61.075,60.195,59.375,58.613,57.91,57.792,58.965,62.423,68.518,76.666,86.044,96.242,107.26,118.28,128.24,136.16,141.49,143.95,143.6,141.14,137.04,132.11,126.72,121.21,115.88,110.66,105.8,101.11,96.653,92.432,88.388,84.52,80.886,77.369,74.028,70.98,68.284,66.057,64.181,62.716,61.661,61.133,60.84,60.899,61.309,61.837,62.599,63.595,64.65,65.705,66.643,67.581,68.46,69.222,69.925,70.394,70.687,70.804,70.804,70.629,70.218,69.808,69.222,68.518,67.815,66.936,65.998,65.119,64.181,63.302,62.423,61.602,60.782,60.02,59.551,59.609,61.192,65.119,71.684,80.124,89.502,99.583,110.37,120.98,130.41,137.74,142.31,144.01,143.13,140.2,135.92,130.94,125.55,120.16,114.88,109.78,104.98,100.35,96.008,91.729,87.743,83.934,80.3,76.841,73.559,70.57,67.932,65.646,63.947,62.54,61.602,60.957,60.723,60.782,61.192,61.719,62.54,63.419,64.416,65.412,66.35,67.346,68.225,69.105,69.749,70.218,70.511,70.629,70.57,70.335,69.984,69.456,68.87,68.05,67.17,66.233,65.353,64.416,63.595,62.833,62.13,61.309,60.547,59.902,59.902,61.25,65.06,71.508,79.831,89.326,99.525,110.43,121.45,131.29,138.97,143.84,145.83,145.07,142.14,137.8,132.7,127.19,121.68,116.35,111.31,106.5,101.93,97.532,93.37,89.443,85.751,82.234,78.893,75.728,72.739,70.042,67.581,65.646,64.122,63.067,62.364,62.012,61.895,62.188,62.657,63.361,64.181,65.119,66.115,67.112,68.108,68.987,69.749,70.394,70.922,71.215,71.332,71.332,71.156,70.746,70.16,69.456,68.753,67.932,67.112,66.174,65.295,64.416,63.536,62.716,62.012,61.25,60.606,60.254,60.606,62.833,67.756,75.259,84.285,94.191,104.86,116.05,126.84,136.22,143.31,147.41,148.76,147.47,144.25,139.79,134.58,129.07,123.5,118.05,112.89,107.91,103.28,98.88,94.718,90.791,87.04,83.406,80.007,76.724,73.735,71.097,68.87,66.936,65.412,64.298,63.536,63.243,63.243,63.478,64.005,64.591,65.412,66.233,67.17,68.108,68.929,69.808,70.629,71.273,71.859,72.152,72.211,72.094,71.801,71.332,70.804,70.101,69.28,68.46,67.522,66.526,65.529,64.591,63.771,63.009,62.188,61.368,60.606,60.195,60.547,63.009,68.108,75.728,84.93,94.894,105.74,117.11,128.13,137.45,144.25,148.11,149.05,147.47,143.95,139.09,133.75,128.19,122.62,117.28,112.13,107.26,102.63,98.177,93.898,89.912,85.985,82.234,78.658,75.259,72.035,69.163,66.643,64.65,63.126,62.012,61.25,60.899,60.84,61.075,61.426,62.13,62.892,63.947,65.002,66.057,67.112,68.05,68.87,69.456,69.984,70.277,70.394,70.394,70.16,69.867,69.28,68.636,67.815,66.936,65.998,65.06,64.064,63.185,62.305,61.485,60.664,59.902,59.258,58.73,58.613,59.609,62.657,68.636,76.959,86.688,97.122,108.2,119.51,130.06,138.74,144.72,147.76,147.88,145.54,141.67,136.8,131.59,126.37,121.33,116.46,111.95,107.61,103.63,99.876,96.301,92.901,89.619,86.337,83.172,80.241,77.545,75.083,73.032,71.273,69.867,68.812,68.05,67.581,67.522,67.756,68.167,68.812,69.573,70.394,71.332,72.211,73.032,73.794,74.497,75.083,75.552,75.845,75.962,75.845,75.611,75.259,74.731,74.028,73.383,72.563,71.684,70.804,69.867,68.987,68.167,67.346,66.584,66.115,66.291,68.225,72.856,80.182,89.385,99.466,110.43,121.68,132.47,141.73,148.47,152.22,153.16,151.63,148.17,143.54,138.33,132.82,127.37,122.03,116.99,112.19,107.61,103.28,99.232,95.422,91.671,88.095,84.696,81.472,78.483,75.845,73.559,71.684,70.218,69.222,68.694,68.46,68.636,69.046,69.749,70.511,71.332,72.27,73.207,74.145,75.083,75.904,76.607,77.076,77.31,77.428,77.369,77.135,76.666,76.138,75.435,74.614,73.735,72.797,71.859,70.922,69.984,69.105,68.225,67.405,66.643,65.998,65.295,64.943,65.295,67.581,72.68,80.475,89.912,100.11,110.84,121.97,132.41,141.14,147.12,150.17,150.28,148.11,144.3,139.38,134.05,128.54,123.09,117.81,112.71,107.85,103.22,98.939,94.718,90.791,86.981,83.289,80.007,76.959,74.38,72.152,70.394,68.987,67.991,67.288,66.995,67.053,67.405,68.05,68.87,69.808,70.804,71.801,72.797,73.676,74.497,75.2,75.669,76.138,76.373,76.373,76.255,75.845,75.376,74.79,74.028,73.325,72.387,71.508,70.511,69.573,68.518,67.522,66.584,65.705,64.943,64.181,63.478,62.892,62.657,63.478,66.291,71.684,79.186,87.861,97.18,106.79,116.46,125.49,132.76,137.45,139.38,138.74,136.04,131.82,126.66,121.09,115.53,110.07,104.8,99.818,94.894,90.322,85.926,81.706,77.838,74.263,70.98,68.05,65.529,63.419,61.661,60.371,59.433,58.847,58.554,58.496,58.73,59.316,59.961,60.84,61.778,62.657,63.595,64.533,65.471,66.408,67.229,67.874,68.225,68.46,68.518,68.343,68.108,67.698,67.17,66.467,65.705,65.002,64.122,63.243,62.364,61.544,60.664,59.902,59.082,58.378,57.616,56.913,56.386,56.093,56.62,58.671,63.009,69.398,77.076,85.164,93.605,102.16,110.49,117.69,122.91,125.84,126.31,124.49,120.98,116.35,111.19,105.74,100.4,95.246,90.322,85.633,81.179,76.9,72.973,69.339,66.057,63.243,60.782,58.847,57.206,55.975,55.155,54.686,54.569,54.744,55.096,55.799,56.62,57.499,58.496,59.433,60.43,61.426,62.364,63.243,64.005,64.591,65.119,65.471,65.705,65.939,65.998,65.939,65.705,65.412,65.002,64.474,63.829,63.185,62.423,61.544,60.723,59.844,59.023,58.32,57.558,56.854,56.21,55.741,55.682,56.679,59.668,65.178,72.563,80.886,89.56,98.528,107.73,116.41,123.73,128.71,131.12,130.94,128.54,124.55,119.63,114.24,108.73,103.45,98.294,93.546,88.974,84.696,80.593,76.783,73.149,69.867,66.877,64.24,62.071,60.313,58.906,57.91,57.206,56.913,56.854,57.089,57.558,58.261,59.023,59.961,61.075,62.13,63.185,64.122,65.002,65.822,66.467,67.053,67.463,67.698,67.756,67.581,67.288,66.936,66.408,65.822,65.002,64.181,63.302,62.481,61.661,60.957,60.313,59.609,58.906,58.261,57.675,57.558,58.671,62.071,67.991,75.904,84.93,94.484,104.57,62.188,60.899,60.02,59.551,59.375,59.551,59.961,60.664,61.485,62.364,63.361,64.357,65.353,66.35,67.229,67.991,68.694,69.163,69.573,69.808,69.808,69.632,69.222,68.753,68.108,67.288,66.408,65.529,64.591,63.712,62.774,61.895,61.075,60.254,59.433,58.73,58.32,58.613,60.606,65.178,72.446,81.296,90.967,101.22,112.07,122.74,132.17,139.44,143.72,145.24,144.19,141.14,136.69,131.47,126.02,120.51,115.17,110.13,105.33,100.76,96.418,92.257,88.212,84.461,80.886,77.369,74.087,71.039,68.401,66.174,64.357,62.892,61.837,61.25,60.899,60.957,61.25,61.719,62.423,63.302,64.24,65.236,66.233,67.17,68.05,68.87,69.456,69.984,70.277,70.511,70.511,70.277,69.984,69.456,68.87,68.108,67.229,66.35,65.412,64.474,63.536,62.657,61.837,61.133,60.313,59.609,59.023,59.258,61.075,65.471,72.621,81.472,91.202,101.4,112.13,122.74,132.23,139.5,144.01,145.65,144.72,141.73,137.39,132.17,126.66,121.09,115.7,110.54,105.8,101.22,97.004,92.901,88.974,85.223,81.648,78.307,75.083,72.152,69.632,67.346,65.412,63.829,62.716,62.012,61.544,61.485,61.719,62.247,62.892,63.712,64.65,65.705,66.76,67.756,68.694,69.573,70.335,70.922,71.332,71.566,71.508,71.273,70.863,70.277,69.632,68.812,67.874,66.877,65.881,64.943,64.005,63.067,62.13,61.192,60.371,59.668,59.199,59.433,61.25,65.705,72.914,81.882,91.553,101.75,112.42,122.97,132.47,139.73,144.19,145.71,144.66,141.55,137.04,131.82,126.25,120.68,115.35,110.31,105.5,100.87,96.418,92.198,88.154,84.344,80.71,77.31,74.087,71.156,68.636,66.408,64.591,63.243,62.247,61.602,61.368,61.426,61.778,62.364,63.067,63.947,64.884,65.881,66.877,67.874,68.753,69.456,70.042,70.57,70.863,71.039,71.039,70.804,70.335,69.808,69.046,68.225,67.346,66.408,65.471,64.533,63.595,62.716,61.837,61.075,60.313,59.668,59.082,59.199,60.664,64.591,71.332,80.007,89.678,99.994,110.66,121.33,130.77,138.09,142.84,144.66,143.78,140.79,136.45,131.23,125.67,120.1,114.76,109.66,104.86,100.29,95.949,91.729,87.743,83.875,80.3,76.841,73.735,70.804,68.225,66.057,64.298,63.009,62.13,61.602,61.426,61.544,61.895,62.54,63.419,64.357,65.353,66.408,67.405,68.343,69.222,69.984,70.687,71.156,71.449,71.508,71.332,71.097,70.687,70.16,69.456,68.753,67.874,66.995,66.057,65.119,64.24,63.419,62.54,61.719,60.899,60.254,59.785,60.137,62.247,66.995,74.438,83.465,93.312,103.63,114.3,124.79,133.99,140.91,145.01,146.12,144.66,141.26,136.51,131.12,125.43,119.86,114.53,109.61,104.92,100.52,96.301,92.257,88.447,84.754,81.237,77.838,74.731,71.801,69.163,66.936,65.06,63.595,62.657,62.13,61.837,61.895,62.305,62.833,63.536,64.474,65.471,66.467,67.463,68.401,69.28,70.101,70.746,71.215,71.508,71.625,71.566,71.332,70.922,70.394,69.749,68.929,68.05,67.112,66.115,65.236,64.357,63.478,62.657,61.837,61.075,60.371,59.844,60.195,62.364,67.346,75.024,84.461,94.66,105.44,116.46,127.37,136.86,143.84,147.88,148.88,147.29,143.72,138.97,133.58,128.01,122.5,117.23,112.24,107.61,103.22,99.173,95.246,91.495,87.861,84.344,81.003,77.721,74.731,72.035,69.749,67.815,66.233,65.06,64.298,63.829,63.654,63.829,64.24,64.884,65.646,66.584,67.581,68.518,69.398,70.218,70.98,71.625,72.094,72.446,72.563,72.446,72.094,71.625,70.98,70.277,69.456,68.636,67.756,66.877,65.998,65.06,64.181,63.361,62.54,61.778,61.192,60.664,60.723,62.364,66.526,73.618,82.82,93.136,104.16,115.58,126.84,136.8,144.48,149.29,151.16,150.28,147.35,142.9,137.74,132.11,126.49,121.04,115.94,111.07,106.5,102.16,98.118,94.191,90.44,86.806,83.289,80.007,76.783,73.911,71.332,69.222,67.405,65.998,65.002,64.357,64.122,64.122,64.416,64.943,65.646,66.584,67.698,68.694,69.691,70.629,71.449,72.152,72.739,73.09,73.383,73.383,73.149,72.797,72.27,71.625,70.863,69.925,68.987,68.05,67.112,66.115,65.178,64.298,63.478,62.716,62.012,61.309,61.133,62.071,65.412,71.801,80.475,90.44,101.11,112.3,123.56,133.87,142.19,147.82,150.52,150.4,148.06,144.07,139.09,133.7,128.07,122.62,117.34,112.42,107.73,103.33,99.232,95.246,91.436,87.685,84.051,80.534,77.252,74.263,71.508,69.163,67.229,65.705,64.709,64.064,63.712,63.654,63.947,64.357,65.06,65.998,66.995,68.05,69.046,69.925,70.687,71.449,71.977,72.504,72.739,72.797,72.68,72.27,71.801,71.156,70.335,69.456,68.636,67.581,66.526,65.529,64.533,63.595,62.716,61.778,60.957,60.254,59.551,59.375,60.371,63.654,69.984,78.658,88.623,99.232,110.37,121.68,132.35,141.14,147.18,150.11,150.11,147.76,143.6,138.56,132.99,127.37,121.86,116.64,111.66,106.97,102.51,98.235,94.191,90.322,86.571,82.937,79.42,76.197,73.149,70.57,68.225,66.35,64.943,63.947,63.243,62.892,62.892,63.185,63.654,64.416,65.412,66.408,67.463,68.518,69.456,70.277,70.98,71.625,72.035,72.387,72.504,72.446,72.152,71.684,71.097,70.394,69.573,68.636,67.698,66.643,65.646,64.709,63.771,62.892,62.071,61.25,60.488,59.844,59.609,60.254,62.716,68.05,75.845,85.223,95.48,106.32,117.34,127.95,136.8,143.31,146.94,147.59,145.89,142.25,137.39,131.82,126.08,120.45,115,109.9,105.15,100.7,96.36,92.315,88.388,84.52,81.003,77.545,74.438,71.566,68.987,66.877,65.119,63.771,62.774,62.247,62.012,62.071,62.481,63.185,64.005,64.943,65.939,66.995,67.991,68.87,69.691,70.335,70.922,71.332,71.566,71.625,71.566,71.273,70.922,70.335,69.632,68.812,67.932,66.995,66.057,65.119,64.24,63.302,62.423,61.602,60.84,60.137,59.551,59.492,60.547,63.947,70.101,78.541,88.212,98.47,109.2,120.04,65.471,64.181,63.185,62.599,62.423,62.481,62.833,63.419,64.24,65.119,66.115,67.053,67.991,68.812,69.573,70.218,70.804,71.215,71.566,71.625,71.566,71.215,70.804,70.16,69.398,68.636,67.756,66.877,65.939,65.06,64.122,63.243,62.364,61.544,60.782,60.137,59.551,59.375,60.313,63.361,69.339,77.721,87.568,98.118,109.31,120.68,131.29,140.2,146.36,149.64,149.93,147.88,144.07,139.03,133.58,127.78,122.15,116.82,111.72,107.03,102.57,98.352,94.367,90.557,86.864,83.347,80.007,76.783,73.794,71.097,68.812,66.936,65.412,64.357,63.654,63.419,63.478,63.771,64.357,65.06,65.939,66.877,67.874,68.87,69.808,70.687,71.449,71.977,72.446,72.621,72.68,72.504,72.094,71.566,70.922,70.101,69.28,68.343,67.346,66.35,65.471,64.591,63.771,62.892,62.13,61.368,60.664,60.195,60.02,61.25,64.767,71.215,79.948,89.854,100.4,111.48,122.62,132.99,141.49,147.29,150.05,150.05,147.7,143.66,138.68,133.17,127.48,121.97,116.82,111.95,107.38,102.98,98.821,94.718,90.791,87.04,83.406,80.007,76.724,73.676,71.039,68.753,66.877,65.353,64.24,63.536,63.185,63.185,63.478,64.005,64.709,65.529,66.467,67.405,68.343,69.222,70.101,70.804,71.332,71.801,72.094,72.211,72.27,72.094,71.742,71.215,70.57,69.749,68.812,67.874,66.936,65.939,65.002,64.064,63.185,62.305,61.485,60.664,60.02,59.668,60.137,62.364,67.288,74.907,84.285,94.66,105.68,117.05,128.13,137.68,144.89,149.17,150.58,149.29,146,141.49,136.16,130.59,124.9,119.51,114.35,109.55,104.98,100.76,96.653,92.784,89.033,85.34,81.824,78.424,75.259,72.387,69.867,67.815,66.174,64.884,64.064,63.536,63.361,63.536,63.947,64.474,65.236,66.115,67.053,67.991,68.87,69.691,70.394,71.097,71.625,71.977,72.152,72.211,72.035,71.801,71.332,70.804,70.042,69.222,68.225,67.229,66.291,65.353,64.416,63.478,62.54,61.661,60.84,60.195,59.668,59.551,60.664,64.122,70.335,79.01,88.857,99.29,110.19,121.04,131.35,139.85,145.71,148.53,148.53,146.3,142.43,137.62,132.23,126.66,121.15,115.88,110.84,106.09,101.69,97.415,93.312,89.385,85.575,81.941,78.424,75.083,72.094,69.398,67.17,65.353,63.947,62.892,62.364,62.13,62.13,62.423,63.009,63.712,64.591,65.529,66.526,67.522,68.401,69.222,69.925,70.57,70.98,71.215,71.449,71.332,71.097,70.746,70.16,69.456,68.753,67.815,66.936,65.998,65.06,64.122,63.185,62.305,61.485,60.723,59.961,59.375,58.789,58.906,60.43,64.474,71.273,80.065,89.912,100.52,111.66,122.62,132.52,140.44,145.54,147.76,147.18,144.48,140.26,135.04,129.42,123.79,118.34,113.24,108.49,103.98,99.818,95.715,91.846,88.154,84.637,81.179,77.838,74.731,71.859,69.28,67.112,65.412,64.122,63.185,62.657,62.54,62.716,63.185,63.771,64.591,65.471,66.408,67.346,68.284,69.105,69.925,70.629,71.097,71.508,71.742,71.801,71.684,71.449,71.039,70.394,69.691,68.87,67.991,67.053,66.057,65.119,64.24,63.361,62.481,61.661,60.899,60.195,59.609,59.433,60.488,63.712,69.925,78.541,88.505,99.232,110.43,121.68,132.11,140.73,146.65,149.64,149.76,147.53,143.6,138.62,133.05,127.37,121.86,116.64,111.66,107.09,102.81,98.763,94.836,91.084,87.45,83.934,80.534,77.31,74.321,71.625,69.163,67.229,65.646,64.474,63.712,63.302,63.243,63.419,63.829,64.533,65.412,66.467,67.522,68.46,69.339,70.101,70.804,71.332,71.918,72.27,72.504,72.446,72.152,71.684,70.98,70.218,69.398,68.518,67.698,66.819,65.939,65.06,64.181,63.361,62.54,61.719,61.075,60.43,60.195,61.133,64.24,70.277,78.717,88.623,99.173,110.31,121.56,132.05,140.85,147.06,150.28,150.64,148.47,144.6,139.56,133.99,128.36,122.85,117.69,112.77,108.32,104.1,100.11,96.301,92.55,88.857,85.34,81.999,78.658,75.611,72.739,70.218,68.167,66.467,65.236,64.298,63.771,63.654,63.829,64.357,65.119,65.998,66.936,67.874,68.753,69.632,70.394,71.156,71.859,72.446,72.797,73.032,72.973,72.68,72.152,71.508,70.746,69.925,69.046,68.167,67.229,66.291,65.353,64.474,63.595,62.774,62.071,61.368,60.782,60.606,61.661,65.06,71.273,79.948,89.912,100.76,112.13,123.5,133.93,142.49,148.29,151.05,150.99,148.64,144.6,139.56,134.05,128.42,122.91,117.64,112.65,108.02,103.74,99.7,95.773,92.139,88.564,85.106,81.824,78.541,75.552,72.856,70.511,68.46,66.877,65.646,64.884,64.416,64.298,64.474,64.943,65.529,66.35,67.229,68.225,69.222,70.16,70.98,71.742,72.27,72.68,72.914,72.973,72.914,72.68,72.211,71.625,70.863,70.042,69.163,68.167,67.17,66.115,65.119,64.181,63.302,62.54,61.719,60.957,60.43,60.313,61.485,65.06,71.566,80.3,90.322,101.05,112.3,123.5,133.75,142.14,147.82,150.52,150.34,148,143.95,138.8,133.17,127.48,121.97,116.7,111.77,107.2,102.87,98.821,94.894,91.26,87.626,84.051,80.593,77.428,74.497,71.859,69.691,67.815,66.35,65.236,64.474,64.181,64.24,64.591,65.178,65.881,66.643,67.463,68.401,69.339,70.277,71.097,71.859,72.387,72.797,72.973,72.973,72.797,72.446,71.918,71.215,70.511,69.632,68.753,67.815,66.877,65.939,65.002,64.122,63.302,62.481,61.719,61.075,60.488,60.43,61.719,65.353,71.859,80.593,90.733,101.58,112.77,123.91,134.05,142.19,147.47,149.93,149.64,147.12,143.07,137.97,132.47,126.9,121.5,116.29,111.42,106.85,102.57,98.411,94.484,90.674,86.981,83.406,80.007,76.724,73.735,71.097,68.812,66.936,65.471,64.474,63.829,63.654,63.654,64.005,64.533,65.295,66.174,67.17,68.284,69.339,70.277,71.156,71.859,72.387,72.739,72.973,72.973,72.856,72.563,72.094,71.508,70.804,69.984,69.105,68.167,67.229,66.233,65.295,64.416,63.536,62.716,62.012,61.25,60.664,60.547,61.778,65.353,71.801,80.475,90.557,101.28,112.48,123.61,133.81,142.02,147.47,150.05,149.81,147.24,143.02,137.8,132.05,126.31,120.68,115.47,110.6,106.15,101.99,98.001,94.191,90.44,86.747,83.23,79.831,76.666,73.735,71.156,69.046,67.288,65.939,65.06,64.533,64.357,64.416,64.709,65.295,66.057,66.995,67.991,68.987,69.984,70.922,71.742,72.387,72.856,73.09,73.207,73.207,73.032,72.739,72.211,71.625,70.863,69.984,69.105,68.167,67.229,66.233,65.295,64.357,63.478,62.657,61.895,61.25,60.723,60.899,62.774,67.288,74.673,84.051,94.425,105.5,116.87,128.01,137.8,145.42,150.11,151.81,150.81,147.59,143.02,137.62,131.94,126.25,120.8,115.58,110.72,106.15,101.87,97.825,93.839,89.971,86.278,82.644,79.245,76.021,73.149,70.687,68.636,66.936,65.588,64.709,64.24,64.064,64.181,64.474,65.06,65.822,66.76,67.756,68.812,69.867,70.804,71.566,72.211,72.68,72.973,73.09,73.032,72.797,72.446,71.977,71.332,70.629,69.749,68.753,67.815,66.819,65.881,64.943,64.064,63.185,62.423,61.661,61.075,60.723,61.192,63.302,68.167,75.728,85.164,95.539,106.5,117.75,128.48,137.8,144.66,148.76,149.87,148.41,145.01,140.2,134.63,128.71,122.97,117.58,112.48,107.79,103.45,99.349,95.422,91.671,88.037,84.52,81.12,77.779,74.731,71.977,69.632,67.522,65.939,64.709,64.005,63.536,63.478,63.654,64.181,64.767,65.588,66.526,67.522,68.636,69.632,70.394,71.156,71.742,72.152,72.504,72.563,72.446,72.035,71.508,70.804,70.042,69.222,68.343,67.405,66.408,65.471,64.591,63.712,62.892,62.071,61.192,60.371,59.727,59.609,60.664,63.947,70.042,78.6,88.564,99.232,110.31,121.33,131.47,139.85,145.59,148.35,148.23,145.83,141.67,136.51,130.94,125.37,119.98,114.94,110.19,105.74,101.58,97.649,94.015,90.498,87.04,83.758,80.358,77.135,74.028,71.215,68.812,66.819,65.295,64.24,63.654,63.478,63.712,64.24,65.002,65.881,66.936,67.991,69.105,70.16,71.097,71.977,72.739,73.325,73.676,73.852,73.794,73.618,73.207,72.68,72.035,71.332,70.57,69.749,68.87,67.991,67.112,66.233,65.353,64.474,63.712,63.126,63.009,64.005,66.995,72.68,80.886,90.557,101.17,112.3,123.5,133.93,142.66,148.88,152.16,152.69,150.87,147.29,142.61,137.33,131.88,126.49,121.45,116.64,112.13,107.96,104.1,100.4,96.946,93.488,90.088,86.806,83.523,80.417,77.486,74.966,72.914,71.273,70.101,69.339,69.046,69.046,69.339,69.925,70.746,71.742,72.856,73.911,74.966,75.904,76.724,77.428,78.014,78.365,78.483,78.424,78.19,77.721,77.135,76.373,75.493,74.614,73.676,72.68,71.684,70.687,69.691,68.753,67.815,66.995,66.467,66.819,68.987,74.028,81.941,91.729,102.63,114.12,125.84,136.92,146.3,153.04,156.67,157.32,155.56,151.92,147.18,141.73,136.1,130.41,124.96,119.8,115,110.49,106.38,102.51,98.821,95.187,91.671,88.154,84.813,81.648,78.834,76.431,74.38,72.739,71.508,70.687,70.277,70.218,70.629,71.215,72.152,73.207,74.38,75.552,76.666,77.662,78.483,79.186,79.655,80.007,80.182,80.124,79.948,79.42,78.834,78.131,77.369,76.666,75.845,75.024,74.145,73.325,72.387,71.508,70.629,69.867,69.163,68.518,68.284,69.222,72.446,78.541,87.216,97.415,108.38,119.63,130.65,140.67,148.7,153.8,155.85,155.21,152.28,147.94,142.61,136.8,131,125.31,119.92,115,110.37,105.97,101.87,97.942,94.132,90.44,86.806,83.347,80.182,77.428,74.966,72.973,71.332,70.218,69.573,69.339,69.632,70.042,70.746,71.508,72.387,73.383,74.497,75.611,76.607,77.486,78.248,78.717,79.127,79.303,79.245,79.069,78.541,77.838,77.076,76.021,74.966,73.794,72.68,71.508,70.277,69.163,68.108,67.112,66.174,65.236,64.416,63.771,63.712,65.119,68.87,75.376,83.934,93.488,103.51,113.3,122.79,131.23,137.97,142.19,143.54,142.37,139.26,134.69,129.36,123.61,117.87,112.19,106.85,101.87,97.239,92.901,88.74,84.754,80.886,77.252,74.028,71.215,68.812,66.76,65.06,63.771,62.892,62.481,62.423,62.657,63.185,63.947,64.884,65.939,67.053,68.167,69.222,70.277,71.215,72.035,72.739,73.207,73.501,73.559,73.501,73.149,72.797,72.152,71.449,70.629,69.691,68.753,67.756,66.819,65.822,64.709,63.712,62.774,61.895,61.192,60.547,59.902,59.492,59.492,60.723,64.298,70.511,78.6,87.685,97.122,106.5,115.29,123.26,129.65,133.93,135.45,134.52,131.41,126.9,121.56,115.76,109.9,104.27,99.056,94.191,89.619,85.34,81.296,77.486,73.852,70.629,67.698,65.178,63.067,61.426,60.195,59.375,58.906,58.847,59.082,59.609,60.313,61.25,62.305,63.536,64.767,66.057,67.17,68.167,69.046,69.749,70.218,70.629,70.863,70.922,70.804,70.511,69.984,69.339,68.636,67.874,66.995,66.115,65.178,64.181,63.185,62.247,61.426,60.606,59.902,59.199,58.554,57.91,57.675,58.437,61.133,66.35,73.852,82.761,92.139,101.69,111.13,119.92,127.54,133.17,136.27,136.74,134.93,131.29,126.49,120.98,115.35,109.72,104.45,99.407,94.718,90.44,86.337,82.468,78.776,75.259,71.918,68.929,66.35,64.24,62.54,61.25,60.371,59.902,59.785,59.961,60.371,60.957,61.778,62.774,63.829,65.06,66.174,67.288,68.284,69.163,69.867,70.394,70.746,70.922,70.922,70.804,70.511,69.984,69.398,68.636,67.815,66.877,65.939,65.002,64.064,63.185,62.305,61.485,60.723,59.902,59.258,58.613,58.32,59.023,61.778,67.229,75.024,84.168,94.015,103.98,113.88,123.2,131.12,136.92,140.03,140.5,138.62,134.99,130.18,124.67,119.04,113.53,108.26,103.28,98.821,94.543,90.557,86.688,82.937,79.362,75.904,72.739,69.808,67.288,65.236,63.595,62.364,61.544,61.133,60.957,61.25,61.778,62.54,63.478,64.533,65.588,66.76,67.815,68.87,69.749,70.57,71.097,71.566,71.859,71.918,71.801,71.449,70.922,70.218,69.398,68.636,67.698,66.76,65.822,64.943,64.064,63.185,62.305,61.426,60.547,59.844,59.375,59.375,60.84,64.709,71.332,80.124,89.912,100.17,110.49,120.51,129.53,136.92,141.73,143.72,143.13,140.38,136.04,130.88,125.37,119.8,114.41,109.37,104.68,100.23,96.066,92.022,88.154,84.461,80.944,77.428,74.145,71.215,68.753,66.526,64.884,63.478,62.54,62.071,61.895,62.188,62.599,63.361,64.181,65.178,66.291,67.463,68.636,69.632,70.511,71.156,71.742,72.094,72.27,72.27,72.035,71.684,71.097,70.511,69.749,68.87,67.991,67.053,66.115,65.119,64.24,63.361,62.54,61.778,61.133,60.488,60.254,61.075,64.005,69.691,77.779,87.45,97.649,108.32,118.81,128.6,136.98,143.02,146.06,146.3,144.25,140.44,135.51,130.06,124.44,118.98,113.83,108.9,104.51,100.29,96.477,92.784,89.326,85.868,82.468,79.245,76.138,73.207,70.804,68.753,67.053,65.822,65.002,64.474,64.298,64.416,64.767,65.412,66.174,67.112,68.05,69.046,70.042,70.98,71.801,72.446,72.856,73.09,73.149,72.973,72.68,72.211,71.625,70.922,70.042,69.105,68.167,67.17,66.115,65.119,64.181,63.302,62.481,61.719,61.075,60.606,60.84,62.774,67.405,74.907,84.344,94.836,105.74,116.76,127.42,136.92,144.3,148.76,150.28,149.23,146.12,141.61,136.39,130.77,125.08,119.57,114.41,109.66,105.21,101.17,97.297,93.605,90.029,86.688,83.347,80.124,77.135,74.38,71.918,69.867,68.167,66.877,65.939,65.353,65.178,65.353,65.822,66.408,67.229,68.167,69.163,70.16,71.156,72.035,72.797,73.442,73.852,74.028,74.028,73.852,73.501,73.032,72.446,71.684,70.804,69.867,68.87,67.932,66.936,65.939,64.943,64.064,63.302,62.54,61.895,61.719,62.657,65.939,72.094,80.71,90.791,101.63,112.77,123.85,134.05,142.55,148.35,151.16,151.1,148.76,144.72,139.67,134.05,128.36,122.85,117.69,112.89,108.32,104.1,100.17,96.477,92.843,89.326,85.809,82.41,79.186,76.197,73.442,70.922,68.87,67.229,66.057,65.236,64.884,64.709,64.943,65.295,65.998,66.877,67.874,68.87,69.925,70.922,71.742,72.504,73.032,73.442,73.676,73.676,73.501,73.09,72.563,71.918,71.097,70.218,69.28,68.284,67.288,66.35,65.412,64.533,63.654,62.833,62.13,61.485,61.309,62.305,65.588,71.918,80.71,91.026,102.05,113.36,124.55,134.81,143.19,148.88,151.51,151.22,148.7,144.42,139.09,133.29,127.48,121.86,116.64,111.72,107.2,102.98,99.114,95.422,91.846,88.447,84.989,81.706,78.541,75.611,73.032,70.804,68.987,67.522,66.467,65.705,65.412,65.471,65.881,66.526,67.346,68.284,69.222,70.218,71.215,72.094,72.856,73.501,73.852,74.145,74.263,74.145,73.852,73.383,72.739,71.977,71.156,70.277,69.398,68.401,67.346,66.291,65.295,64.357,63.478,62.716,62.071,61.544,61.602,63.126,67.112,73.969,83.23,93.663,104.62,115.76,126.49,136.27,144.07,148.94,150.87,150.05,147.12,142.72,137.45,131.82,126.19,120.8,115.76,111.01,106.62,102.4,98.47,94.718,91.084,87.685,84.285,81.003,77.779,74.907,72.446,70.218,68.401,66.995,66.057,65.412,65.236,65.412,65.881,66.526,67.405,68.401,69.398,70.394,71.449,72.387,73.09,73.735,74.145,74.38,74.38,74.263,73.911,73.383,72.68,71.801,70.922,69.984,69.105,68.167,67.229,66.291,65.353,64.474,63.654,63.009,62.364,62.305,63.361,66.76,73.149,82.058,92.491,103.51,114.59,125.37,135.1,143.31,149.17,152.1,152.16,149.93,146.12,141.2,135.75,130.18,124.67,119.45,114.53,109.9,105.74,101.81,98.177,94.601,91.202,87.743,84.403,81.179,78.131,75.318,72.797,70.687,68.987,67.756,66.936,66.526,66.467,66.76,67.229,67.932,68.87,69.867,70.863,71.859,72.797,73.559,74.145,74.614,74.849,74.966,74.849,74.556,74.028,73.442,72.68,71.859,70.922,69.925,68.987,67.991,67.112,66.174,65.353,64.533,63.712,63.067,62.716,63.361,65.998,71.566,79.948,90.088,101.28,113.01,124.67,135.57,144.6,151.05,154.44,154.86,152.92,149.17,144.3,138.74,132.93,127.25,121.86,116.87,112.19,107.79,103.8,99.994,96.36,92.843,89.443,85.985,82.586,79.42,76.49,73.969,71.801,70.042,68.636,67.581,66.995,66.76,66.819,67.112,67.698,68.343,69.222,70.16,71.097,72.035,72.914,73.676,74.263,74.614,74.849,74.849,74.614,74.321,73.794,73.09,72.387,71.508,70.57,69.632,68.636,67.698,66.643,65.705,64.884,64.064,63.243,62.599,62.247,62.833,65.529,71.273,79.831,90.264,101.46,113.24,125.08,136.1,145.36,151.98,155.5,156.03,153.98,150.05,144.95,139.21,133.23,127.42,121.97,116.82,112.07,107.55,103.45,99.525,95.832,92.315,88.798,85.282,81.999,78.717,75.786,73.149,70.98,69.163,67.815,66.877,66.291,66.057,66.174,66.467,67.053,67.815,68.694,69.632,70.57,71.508,72.27,72.973,73.559,73.911,74.145,74.263,74.087,73.735,73.09,72.387,71.508,70.511,69.456,68.46,67.463,66.408,65.412,64.474,63.536,62.657,61.837,61.133,60.547,60.547,61.895,65.881,72.797,82.175,92.843,104.16,115.82,127.07,137.21,145.24,150.34,152.45,151.69,148.76,144.19,138.74,132.82,126.84,121.09,115.82,110.84,106.38,102.16,98.177,94.308,90.615,86.981,83.465,80.065,76.724,73.618,70.804,68.401,66.467,65.002,63.947,63.302,63.126,63.243,63.712,64.474,65.471,66.584,67.815,69.046,70.218,71.273,72.211,72.973,73.559,73.852,74.028,74.028,73.852,73.501,72.856,72.152,71.273,70.277,69.222,68.167,67.053,65.998,65.06,64.181,63.302,62.481,61.661,60.957,60.664,61.426,64.298,70.16,78.658,88.798,99.759,111.07,122.27,132.52,141.2,147.24,150.28,150.52,148.23,144.19,138.91,133.11,127.25,121.56,116.17,111.25,106.62,102.28,98.294,94.543,90.909,87.333,83.875,80.475,77.252,74.263,71.566,69.222,67.346,65.881,64.884,64.298,64.122,64.298,64.709,65.353,66.174,67.053,68.108,69.105,70.101,70.98,71.801,72.446,72.973,73.383,73.501,73.442,73.149,72.797,72.211,71.625,70.804,69.984,69.046,68.05,67.053,66.115,65.178,64.298,63.419,62.599,61.837,61.309,61.192,62.305,65.705,72.035,80.769,90.85,101.63,112.65,123.67,133.81,142.02,147.53,150.11,149.93,147.41,143.31,138.09,132.41,126.66,121.04,115.76,110.78,106.27,102.05,98.177,94.425,90.85,87.45,84.051,80.71,77.545,74.673,72.035,69.867,68.05,66.643,65.705,65.178,64.884,64.943,65.236,65.881,66.584,67.581,68.636,69.632,70.57,71.449,72.152,72.856,73.442,73.794,73.969,73.852,73.559,73.032,72.387,71.625,70.746,69.808,68.812,67.815,66.819,65.881,64.884,63.947,63.067,62.247,61.485,60.84,60.664,61.719,65.236,71.801,80.944,91.495,102.81,114.47,126.02,136.51,145.01,150.75,153.39,153.16,150.64,146.41,141.26,135.45,129.42,123.61,118.05,113.01,108.38,104.1,100.17,96.477,92.843,89.326,85.868,82.468,79.303,76.314,73.676,71.449,69.573,68.05,66.877,66.057,65.588,65.529,65.705,66.233,66.995,67.815,68.753,69.632,70.511,71.332,72.094,72.797,73.325,73.676,73.794,73.735,73.442,72.973,72.446,71.742,70.922,70.101,69.163,68.167,67.17,66.233,65.295,64.416,63.478,62.657,61.895,61.25,60.899,61.485,64.005,69.456,77.721,87.743,98.587,110.02,121.5,132.29,141.55,148.23,151.92,152.57,150.69,146.94,141.9,136.27,130.36,124.61,119.16,114.12,109.43,105.09,101.17,97.473,93.898,90.44,86.923,83.465,80.124,76.9,74.028,71.508,69.339,67.522,66.174,65.119,64.533,64.24,64.298,64.65,65.295,66.115,66.995,67.932,68.87,69.867,70.804,71.625,72.152,72.621,72.797,72.797,72.68,72.446,71.977,71.449,70.687,69.808,68.812,67.874,66.936,65.998,65.06,64.064,63.067,62.188,61.368,60.664,60.195,60.137,61.368,65.178,71.977,81.12,91.436,102.4,113.59,124.61,134.58,142.55,147.82,150.17,149.81,147.06,142.72,137.45,131.76,126.08,120.57,115.35,110.49,105.91,101.75,97.708,94.015,90.264,86.63,82.996,79.538,76.255,73.207,70.629,68.225,66.35,64.884,63.829,63.243,62.892,63.009,63.361,63.947,64.709,65.646,66.76,67.815,68.87,69.867,70.746,71.566,72.094,72.563,72.739,72.739,72.563,72.152,71.684,71.039,70.218,69.28,68.225,67.17,66.115,65.06,64.122,63.185,62.247,61.368,60.547,59.844,59.492,59.844,62.012,66.76,74.38,83.816,94.191,104.92,115.76,126.08,135.04,141.9,146,147.18,145.89,142.61,137.92,132.52,126.78,121.09,115.7,110.6,105.97,101.75,97.708,94.015,90.381,86.806,83.289,79.948,76.666,73.618,70.804,68.401,66.35,64.884,63.712,63.009,62.599,62.599,62.892,63.478,64.24,65.178,66.233,67.229,68.284,69.28,70.16,70.922,71.566,71.977,72.211,72.211,72.035,71.684,71.156,70.57,69.867,69.046,68.108,67.17,66.233,65.295,64.416,63.536,62.657,61.837,61.133,60.488,60.195,60.723,63.126,68.225,76.021,85.692,96.242,107.2,118.16,128.54,137.56,144.19,147.88,148.7,147.06,143.48,138.68,133.23,127.6,122.03,116.76,111.77,107.2,102.87,98.88,95.07,91.436,87.802,84.285,80.944,77.662,74.614,71.859,69.398,67.405,65.881,64.709,64.064,63.712,63.712,64.005,64.533,65.236,66.174,67.17,68.167,69.163,70.101,70.922,71.684,72.211,72.68,72.973,73.032,72.856,72.504,71.859,71.097,70.218,69.339,68.46,67.522,66.643,65.646,64.709,63.771,62.892,62.071,61.309,60.723,60.547,61.602,64.884,71.097,79.831,90.088,101.11,112.42,123.61,133.81,142.14,147.82,150.52,150.4,148.06,144.07,138.97,133.34,127.6,121.97,116.76,111.77,107.32,103.04,99.114,95.363,91.788,88.271,84.93,81.53,78.365,75.259,72.446,69.984,67.991,66.35,65.178,64.416,64.122,64.064,64.357,64.884,65.529,66.408,67.346,68.343,69.339,70.335,71.156,71.859,72.387,72.739,72.973,73.09,72.973,72.621,72.035,71.273,70.394,69.456,68.46,67.522,66.584,65.705,64.767,63.829,63.009,62.188,61.485,60.899,60.782,61.837,65.353,71.859,80.886,91.319,102.57,114.06,125.31,135.51,143.72,149.29,151.81,151.63,149.17,145.13,139.97,134.34,128.54,122.97,117.75,112.77,108.26,103.98,99.994,96.184,92.55,89.033,85.633,82.292,79.069,75.962,73.149,70.746,68.812,67.229,66.174,65.412,65.06,65.002,65.178,65.646,66.291,67.112,68.05,69.046,69.984,70.863,71.684,72.387,72.856,73.207,73.383,73.325,73.032,72.68,72.094,71.449,70.629,69.691,68.694,67.698,66.643,65.705,64.767,63.947,63.126,62.305,61.544,60.899,60.547,61.192,63.829,69.339,77.603,87.509,98.294,109.55,120.74,131.18,140.03,146.41,149.87,150.34,148.47,144.72,139.73,134.05,128.19,122.38,116.93,111.77,107.2,102.87,98.821,95.011,91.319,87.743,84.285,80.886,77.545,74.497,71.684,69.28,67.346,65.822,64.591,63.771,63.419,63.361,63.654,64.181,65.002,65.939,66.936,68.05,69.105,70.16,71.156,71.977,72.621,72.973,73.149,73.149,73.032,72.797,72.27,71.625,70.746,69.749,68.694,67.698,66.643,65.822,64.884,63.947,63.067,62.247,61.426,60.723,60.313,60.43,62.071,66.233,73.383,82.761,93.253,104.21,115.35,126.08,135.51,142.9,147.47,149.11,148.11,145.07,140.55,135.16,129.53,123.91,118.52,113.3,108.43,103.92,99.876,96.008,92.315,88.623,85.047,81.53,78.19,75.024,72.152,69.632,67.405,65.646,64.357,63.478,63.067,62.892,63.126,63.595,64.298,65.236,66.291,67.346,68.46,69.398,70.335,71.097,71.742,72.27,72.621,72.739,72.68,72.387,71.859,71.215,70.511,69.632,68.753,67.874,66.936,65.998,65.06,64.122,63.243,62.364,61.544,60.84,60.371,60.488,62.071,66.057,72.973,82.058,92.432,103.33,114.47,125.26,134.87,142.43,147.24,149.11,148.29,145.42,141.08,135.81,130.12,124.44,118.93,113.71,109.08,104.74,100.7,96.946,93.37,89.854,86.395,83.054,79.714,76.666,73.735,71.156,68.929,67.112,65.705,64.884,64.357,64.181,64.24,64.533,65.119,65.881,66.819,67.874,68.929,69.925,70.746,71.508,72.094,72.68,72.973,73.149,73.032,72.68,72.152,71.508,70.746,69.925,69.046,68.05,67.053,66.057,65.06,64.181,63.361,62.599,61.837,61.192,60.782,61.309,63.654,68.87,76.9,86.806,97.59,108.79,120.04,130.65,139.73,146.47,150.34,151.22,149.58,145.95,140.91,135.22,129.36,123.61,118.22,113.3,108.73,104.62,100.7,96.946,93.312,89.736,86.22,82.879,79.655,76.666,73.852,71.449,69.339,67.698,66.408,65.529,65.119,65.002,65.119,65.529,66.115,66.877,67.581,68.46,69.339,70.218,71.097,71.801,72.387,72.797,73.09,73.325,73.325,73.149,72.797,72.27,71.684,70.922,70.101,69.163,68.284,67.405,66.526,65.705,64.943,64.064,63.185,62.364,61.837,61.895,63.595,67.991,75.318,84.813,95.48,106.68,118.1,129.18,138.97,146.59,151.46,153.16,152.39,149.4,145.07,139.79,134.11,128.36,122.79,117.46,112.54,107.91,103.74,99.818,96.066,92.374,88.74,85.164,81.706,78.541,75.669,73.149,71.039,69.28,67.991,66.995,66.35,66.057,66.057,66.35,66.877,67.581,68.401,69.339,70.335,71.273,72.211,73.09,73.794,74.38,74.673,74.79,74.731,74.556,74.263,73.735,73.09,72.446,71.566,70.57,69.456,68.46,67.522,66.643,65.822,65.06,64.298,63.536,63.009,63.009,64.533,68.694,75.786,85.223,95.773,106.97,118.34,129.36,139.09,146.65,151.34,153.1,152.16,149.29,145.01,139.73,134.11,128.36,122.79,117.58,112.65,108.14,103.98,100.11,96.418,92.784,89.15,85.692,82.292,79.245,76.431,73.969,71.918,70.277,69.046,68.167,67.756,67.581,67.874,68.284,68.987,69.749,70.687,71.684,72.68,73.676,74.614,75.376,75.962,76.431,76.666,76.783,76.666,76.431,75.904,75.259,74.438,73.501,72.563,71.566,70.629,69.691,68.694,67.698,66.643,65.705,64.943,64.181,63.536,63.185,63.712,66.233,71.684,80.007,89.971,100.76,111.77,122.79,132.93,141.49,147.47,150.64,150.87,148.76,144.95,139.91,134.28,128.42,122.68,117.17,112.13,107.44,103.16,99.114,95.246,91.436,87.743,84.168,80.71,77.545,74.614,72.094,69.984,68.284,66.995,66.057,65.529,65.353,65.529,65.939,66.526,67.288,68.167,69.163,70.218,71.215,72.152,72.973,73.618,74.028,74.321,74.38,74.145,73.852,73.442,72.797,72.094,71.215,70.16,69.105,67.991,66.936,65.939,65.06,64.181,63.361,62.54,61.719,61.075,60.488,60.371,61.485,64.943,71.097,79.42,88.916,98.939,109.14,118.93,127.72,134.81,139.56,141.61,141.14,138.5,134.22,129.07,123.44,117.75,112.24,107.03,102.16,97.59,93.429,89.443,85.633,81.941,78.248,74.731,71.566,68.753,66.35,64.357,62.774,61.661,60.84,60.488,60.488,60.782,61.368,62.188,63.185,64.24,65.353,66.467,67.581,68.636,69.456,70.218,70.863,71.215,71.508,71.508,71.273,70.922,70.394,69.749,68.987,68.108,67.229,66.291,65.353,64.416,63.478,62.599,61.719,60.84,60.02,59.316,58.73,58.496,59.199,61.719,66.936,74.556,83.523,93.253,103.04,112.6,121.45,128.89,134.22,137.1,137.39,135.34,131.53,126.6,121.04,115.29,109.66,104.39,99.407,94.777,90.557,86.571,82.761,79.069,75.552,72.211,69.163,66.467,64.181,62.305,60.84,59.844,59.316,59.082,59.316,59.668,60.371,61.192,62.188,63.302,64.474,65.705,66.877,67.932,68.812,69.456,70.042,70.335,70.57,70.511,70.277,69.867,69.398,68.812,68.108,67.288,66.35,65.412,64.474,63.536,62.716,61.837,60.957,60.195,59.433,58.789,58.613,59.492,62.423,68.108,76.314,85.868,96.066,106.5,116.7,126.08,133.93,139.56,142.43,142.55,140.5,136.69,131.82,126.31,120.68,115.17,110.07,105.21,100.76,96.594,92.726,89.033,85.399,81.999,78.6,75.435,72.446,69.749,67.405,65.471,63.947,62.833,62.247,62.012,62.071,62.423,63.126,64.005,65.002,66.115,67.288,68.401,69.456,70.394,71.215,71.918,72.446,72.68,72.68,72.504,72.094,71.566,70.922,70.16,69.28,68.284,67.288,66.291,65.353,64.474,63.595,62.774,62.071,61.368,60.782,60.782,62.188,66.057,72.856,81.882,91.964,102.69,113.53,124.02,133.58,141.14,146.06,148.06,147.47,144.72,140.44,135.16,129.48,123.73,118.22,113.06,108.32,103.86,99.818,96.066,92.491,88.974,85.633,82.292,79.069,76.021,73.325,70.863,68.812,67.112,65.881,65.002,64.416,64.24,64.298,64.591,65.119,65.881,66.643,67.581,68.518,69.573,70.394,71.215,71.859,72.27,72.563,72.563,72.387,71.977,71.566,70.922,70.218,69.398,68.636,67.756,66.819,65.881,64.943,64.064,63.243,62.423,61.602,60.899,60.547,61.133,63.771,69.456,77.897,87.978,98.763,109.84,120.86,131.06,139.56,145.59,148.82,149.05,146.94,143.07,138.03,132.47,126.72,121.15,115.99,111.13,106.68,102.57,98.763,95.129,91.612,88.212,84.871,81.53,78.307,75.2,72.387,69.925,67.874,66.291,65.06,64.181,63.712,63.536,63.595,64.005,64.533,65.236,66.057,66.877,67.756,68.518,69.339,70.042,70.629,70.98,71.156,71.215,71.039,70.746,70.218,69.456,68.694,67.756,66.819,65.881,64.943,64.005,63.067,62.188,61.309,60.547,59.727,59.023,58.554,58.554,59.844,63.654,70.394,79.362,89.443,99.935,110.49,120.74,130,137.56,142.72,145.07,144.77,142.31,138.15,132.99,127.31,121.56,115.99,110.72,105.91,101.46,97.356,93.488,89.678,86.044,82.468,79.01,75.669,72.621,69.808,67.346,65.353,63.712,62.481,61.661,61.25,61.192,61.368,61.837,62.54,63.419,64.357,65.295,66.174,67.112,67.991,68.753,69.339,69.867,70.101,70.16,70.101,69.867,69.398,68.87,68.108,67.229,66.35,65.471,64.591,63.712,62.716,61.778,60.84,59.961,59.258,58.554,58.027,57.851,58.73,61.602,67.288,75.669,85.575,96.066,106.68,116.99,126.49,134.4,140.2,143.19,143.43,141.43,137.8,133.11,127.95,122.62,117.4,112.54,107.91,103.74,99.876,96.242,92.901,89.736,86.63,83.699,80.71,77.897,75.318,72.914,70.98,69.573,68.636,68.167,68.108,68.343,68.987,69.808,70.863,72.094,73.383,74.556,75.728,76.783,77.721,78.483,79.01,79.245,79.303,79.245,79.127,78.776,78.424,77.838,77.193,76.373,75.493,74.614,73.735,72.973,72.152,71.332,70.511,69.691,69.222,69.867,72.68,78.248,86.337,96.066,106.56,117.23,127.54,136.74,144.13,149.11,151.46,151.1,148.82,145.13,140.5,135.34,130.18,124.96,120.04,115.35,111.01,106.91,103.1,99.466,96.008,92.608,89.385,86.278,83.289,80.593,78.307,76.373,74.966,74.087,73.618,73.383,73.442,73.735,74.321,75.083,76.021,76.959,77.897,78.776,79.596,80.3,80.886,81.237,81.472,81.472,81.355,81.062,80.593,80.007,79.245,78.307,77.31,76.255,75.259,74.263,73.207,72.211,71.273,70.394,69.691,68.987,68.46,68.46,69.925,73.969,81.12,90.557,101.28,112.42,123.44,133.46,141.9,148.17,151.63,152.28,150.64,147.12,142.37,136.92,131.18,125.55,120.1,115.06,110.31,105.85,101.69,97.708,93.898,90.322,86.747,83.465,80.475,77.897,75.786,74.087,72.797,71.859,71.273,71.156,71.273,71.684,72.27,72.973,73.852,74.731,75.669,76.607,77.486,78.19,78.776,79.303,79.655,79.831,79.948,79.831,79.538,79.186,78.6,77.838,77.135,76.197,75.259,74.263,73.207,72.211,71.273,70.335,69.398,68.518,67.698,66.936,66.35,66.115,66.936,69.691,75.024,82.879,92.139,101.93,111.95,121.33,129.48,135.81,139.91,141.43,140.5,137.51,133.11,127.95,122.38,116.76,111.31,106.03,101.22,96.653,92.491,88.623,84.93,81.413,78.19,75.318,72.797,70.687,69.046,67.815,66.995,66.584,66.526,66.76,67.229,67.991,68.87,69.867,70.98,72.152,73.325,74.321,75.083,75.786,76.314,76.724,76.959,77.135,77.076,76.841,76.49,75.962,75.376,74.614,73.794,72.856,71.918,70.98,70.042,69.046,68.05,66.995,65.998,65.06,64.24,63.536,62.892,62.364,62.012,62.188,63.829,67.815,74.145,82.234,91.026,100.17,109.14,116.99,123.32,127.66,129.94,129.89,127.72,123.97,119.1,113.53,107.67,101.93,96.477,91.495,86.864,82.644,78.776,75.259,71.918,68.87,66.174,63.829,61.895,60.371,59.082,58.261,57.616,57.323,57.323,57.499,57.91,58.554,59.316,60.254,61.25,62.305,63.361,64.298,65.119,65.881,66.467,66.995,67.346,67.581,67.698,67.581,67.463,67.17,66.643,66.115,65.353,64.533,63.654,62.774,61.837,60.957,60.137,59.316,58.554,65.119,63.654,62.657,62.188,62.13,62.481,63.243,64.298,65.529,67.053,68.753,70.511,72.211,73.794,75.318,76.548,77.603,78.307,78.776,78.893,78.834,78.541,78.072,77.369,76.548,75.669,74.673,73.559,72.504,71.332,70.277,69.28,68.343,67.522,66.76,66.233,66.526,68.636,73.325,80.593,89.678,99.759,110.19,120.39,129.59,137.33,142.9,146.24,147.18,146.24,143.78,140.32,136.1,131.47,126.72,122.09,117.64,113.42,109.49,105.74,102.28,99.114,96.066,93.077,89.971,86.981,84.051,81.296,78.893,76.9,75.318,73.969,73.032,72.446,72.094,72.094,72.387,72.797,73.442,74.321,75.259,76.255,77.252,78.072,78.658,79.127,79.303,79.303,79.127,78.717,78.248,77.603,76.841,76.021,75.2,74.38,73.442,72.563,71.742,70.922,70.218,69.632,69.222,69.691,72.152,77.662,86.044,96.125,106.97,117.93,128.42,137.62,144.77,149.64,151.69,151.34,149.17,145.59,141.14,136.16,131.06,126.08,121.33,116.87,112.65,108.73,105.03,101.46,98.059,94.777,91.553,88.447,85.458,82.644,80.124,77.897,76.021,74.556,73.559,72.856,72.446,72.211,72.211,72.563,73.032,73.794,74.556,75.435,76.373,77.252,78.014,78.717,79.303,79.714,80.007,79.948,79.596,79.245,78.717,78.19,77.486,76.666,75.728,74.673,73.618,72.563,71.625,70.746,69.867,69.105,68.401,67.991,68.343,70.57,75.318,82.644,91.729,101.58,111.48,120.98,129.3,135.81,140.2,142.25,142.02,139.91,136.45,132.11,127.19,122.03,116.87,111.95,107.2,102.81,98.763,94.894,91.377,87.919,84.637,81.472,78.541,75.962,73.794,71.977,70.629,69.632,68.929,68.636,68.694,68.987,69.456,70.16,70.922,71.742,72.621,73.501,74.38,75.2,75.845,76.373,76.666,76.783,76.724,76.49,76.138,75.552,74.907,74.263,73.501,72.68,71.859,71.097,70.277,69.456,68.694,67.932,67.17,66.467,65.881,65.353,65.236,66.291,69.339,75.083,82.937,91.729,100.99,110.19,118.63,125.61,130.77,133.75,134.63,133.34,130.41,126.25,121.21,115.88,110.43,105.09,100.05,95.422,91.26,87.333,83.816,80.534,77.486,74.79,72.387,70.277,68.636,67.288,66.291,65.705,65.412,65.353,65.471,65.881,66.408,67.112,67.991,68.987,69.984,71.039,72.094,73.032,73.852,74.497,74.907,75.2,75.376,75.376,75.259,74.966,74.556,73.969,73.383,72.68,71.859,70.98,70.042,69.046,68.108,67.17,66.233,65.353,64.591,63.947,63.361,62.892,62.833,63.829,66.76,72.035,79.245,87.45,96.066,104.62,112.54,119.1,123.85,126.55,127.13,125.72,122.68,118.52,113.53,108.26,102.92,97.649,92.784,88.212,84.168,80.358,76.9,73.735,70.863,68.225,65.939,64.005,62.305,61.075,60.02,59.433,59.082,59.082,59.316,59.727,60.371,61.192,62.188,63.185,64.181,65.119,66.057,66.936,67.698,68.284,68.753,69.046,69.222,69.28,69.28,69.046,68.694,68.05,67.346,66.526,65.705,64.943,64.122,63.243,62.364,61.544,60.664,59.844,59.023,58.437,57.851,57.499,57.616,58.906,62.305,67.932,75.259,83.289,91.729,100.05,107.67,114,118.63,121.39,122.09,120.98,118.16,114.12,109.2,103.8,98.352,93.136,88.212,83.699,79.596,75.845,72.504,69.339,66.467,63.829,61.485,59.433,57.792,56.62,55.799,55.272,55.155,55.448,55.917,56.737,57.734,58.906,60.195,61.426,62.774,64.064,65.295,66.35,67.229,68.05,68.694,69.222,69.573,69.632,69.398,69.046,68.46,67.932,67.17,66.408,65.529,64.591,63.654,62.774,62.012,61.309,60.606,59.961,59.316,58.73,58.554,59.375,62.13,67.288,74.673,83.289,92.491,101.81,110.66,118.52,124.73,129.12,131.29,131.23,129.18,125.61,121.04,115.82,110.43,105.03,99.994,95.246,90.791,86.747,82.996,79.479,76.314,73.325,70.629,68.108,65.998,64.298,63.009,62.071,61.544,61.368,61.485,61.778,62.364,63.067,63.947,65.002,66.115,67.288,68.401,69.573,70.629,71.508,72.094,72.563,72.739,72.797,72.68,72.387,71.859,71.273,70.57,69.691,68.753,67.815,66.819,65.939,65.002,64.122,63.302,62.54,61.837,61.368,61.485,63.185,67.522,74.731,83.875,93.898,104.39,114.76,124.32,132.47,138.56,142.19,143.13,141.78,138.68,134.28,129.12,123.56,117.99,112.6,107.55,102.81,98.47,94.484,90.791,87.216,83.875,80.651,77.662,74.849,72.387,70.101,68.343,66.995,65.998,65.412,65.178,65.236,65.529,66.057,66.819,67.698,68.694,69.808,70.922,71.918,72.856,73.676,74.38,74.849,75.083,75.083,74.79,74.38,73.735,72.973,72.094,71.156,70.101,69.046,68.05,67.053,66.115,65.236,64.474,63.712,63.009,62.423,62.247,63.419,66.936,73.325,81.882,91.612,101.87,112.36,122.33,130.82,137.33,141.43,143.07,142.31,139.62,135.63,130.65,125.26,119.63,114.18,109.08,104.21,99.818,95.598,91.612,87.861,84.227,80.769,77.545,74.497,71.684,69.222,67.112,65.412,64.122,63.185,62.657,62.54,62.657,63.126,63.829,64.767,65.881,66.995,68.167,69.28,70.277,71.215,71.977,72.621,73.032,73.325,73.383,73.149,72.797,72.152,71.508,70.629,69.749,68.87,67.932,66.995,66.057,65.119,64.122,63.185,62.364,61.661,61.192,61.309,63.126,67.522,74.79,83.875,93.781,103.92,113.83,122.68,130.12,135.51,138.56,139.09,137.45,133.93,129.3,123.91,118.22,112.54,107.09,102.05,97.415,93.136,89.15,85.458,82.058,78.776,75.669,72.797,70.16,67.932,66.057,64.591,63.536,62.833,62.481,62.481,62.774,63.361,64.181,65.178,66.233,67.346,68.46,69.632,70.687,71.566,72.27,72.797,73.09,73.207,73.149,72.973,72.563,71.977,71.215,70.277,69.222,68.167,67.17,66.174,65.236,64.416,63.536,62.716,62.012,61.309,60.957,61.602,64.181,69.691,77.779,87.568,98.001,108.67,118.98,128.24,135.75,140.91,143.37,143.13,140.73,136.74,131.76,126.19,120.51,115,109.84,105.15,100.87,96.946,93.312,89.795,86.513,83.172,80.065,77.076,74.321,71.742,69.573,67.698,66.233,65.178,64.533,64.24,64.24,64.533,65.06,65.822,66.643,67.756,68.929,70.042,71.156,72.094,72.856,73.442,73.676,73.794,73.676,73.383,72.856,72.211,71.508,70.687,69.925,69.046,68.167,67.288,66.291,65.412,64.533,63.712,63.126,63.009,63.947,67.053,73.032,81.648,91.905,102.87,113.94,124.55,133.87,141.14,145.89,147.82,147.18,144.6,140.55,135.63,130.18,124.67,119.45,114.47,110.02,105.8,101.99,98.352,95.011,91.729,88.623,85.458,82.41,79.362,76.431,73.735,71.332,69.456,67.991,66.877,66.174,65.881,65.939,66.291,66.877,67.698,68.636,69.691,70.746,71.742,72.68,73.559,74.145,74.673,74.907,74.79,74.497,73.969,73.383,72.621,71.801,70.863,69.867,68.929,67.991,67.053,66.174,65.353,64.533,63.771,63.419,63.947,66.35,71.742,79.948,89.912,100.76,111.77,122.5,131.94,139.5,144.54,146.94,146.83,144.54,140.73,135.92,130.53,125.08,119.63,114.47,109.66,105.21,101.11,97.356,93.781,90.44,87.216,84.051,81.062,78.131,75.318,72.739,70.511,68.694,67.288,66.291,65.705,65.529,65.588,65.998,66.526,67.288,68.225,69.28,70.394,71.508,72.446,73.149,73.852,74.321,74.556,74.556,74.321,73.852,73.383,72.68,71.918,70.98,70.042,69.046,68.108,67.229,66.291,65.412,64.533,63.654,62.892,62.423,62.657,64.65,69.456,77.252,86.981,97.708,108.96,120.1,130.3,138.74,144.72,147.94,148.29,146.3,142.61,137.8,132.35,126.6,120.98,115.58,110.6,105.97,101.75,97.825,94.074,90.557,87.099,83.875,80.651,77.662,74.79,72.211,69.984,68.108,66.643,65.588,65.002,64.709,64.767,65.119,65.646,66.467,67.405,68.401,69.456,70.57,71.566,72.504,73.325,73.969,74.497,74.79,74.907,74.849,74.673,74.263,73.618,72.739,71.801,70.922,70.277,69.984,70.042,70.511,71.215,72.094,73.09,74.028,74.849,75.318,75.318,74.849,73.969,72.739,71.215,69.456,67.698,61.192,62.716,66.76,73.501,82.234,91.964,102.16,112.42,121.91,130.06,136.22,140.03,141.43,140.44,137.62,133.46,128.48,122.97,117.4,112.01,106.85,102.1,97.708,93.663,89.854,86.22,82.644,79.303,76.021,73.09,70.394,68.108,66.174,64.591,63.419,62.599,62.247,62.188,62.423,62.892,63.595,64.474,65.412,66.408,67.405,68.401,69.222,69.984,70.687,71.215,71.625,71.859,71.859,71.625,71.215,70.687,70.042,69.28,68.401,67.522,66.643,65.822,64.884,64.005,63.126,62.305,61.485,60.782,60.371,60.488,62.071,66.115,72.914,81.882,91.729,102.1,112.54,122.33,130.59,136.98,140.85,142.25,141.32,138.44,134.16,129.07,123.44,117.81,112.42,107.38,102.63,98.235,94.132,90.322,86.688,83.23,79.948,76.724,73.735,70.98,68.518,66.526,65.002,63.829,63.067,62.657,62.54,62.716,63.243,64.005,64.884,65.998,67.112,68.284,69.339,70.277,71.097,71.859,72.446,72.797,72.973,72.914,72.68,72.27,71.742,71.097,70.335,69.573,68.518,67.522,66.584,65.646,64.767,63.947,63.126,62.305,61.544,60.957,61.075,62.364,65.998,72.387,80.944,90.733,101.11,111.54,121.5,130.06,136.74,141.08,142.84,142.25,139.67,135.69,130.77,125.31,119.69,114.24,109.14,104.51,100.23,96.301,92.55,88.974,85.458,82.175,79.069,75.962,73.149,70.629,68.343,66.526,65.178,64.122,63.478,63.185,63.243,63.595,64.24,65.06,65.998,67.053,68.108,69.105,70.042,70.922,71.625,72.152,72.504,72.739,72.739,72.563,72.152,71.684,71.039,70.218,69.398,68.518,67.756,125.37,120.04,115.12,110.54,106.38,102.4,98.821,95.363,92.139,88.916,85.868,82.937,80.182,77.662,75.611,73.852,72.563,71.684,71.097,70.922,71.039,71.332,71.918,72.739,73.676,74.673,75.728,76.666,77.486,78.248,78.834,79.245,79.479,79.538,79.42,79.127,78.658,78.014,77.252,76.373,75.435,74.438,73.501,72.504,71.566,70.687,69.808,68.987,68.284,67.874,68.108,70.16,74.966,82.761,92.55,103.33,114.59,125.61,135.51,143.48,149.11,151.92,152.16,150.22,146.59,141.9,136.57,131,125.49,120.21,115.35,110.9,106.79,102.98,99.349,95.832,92.491,89.15,85.985,82.996,80.124,77.545,75.318,73.501,72.035,71.039,70.394,70.042,69.867,69.925,70.218,70.804,71.508,72.211,72.914,73.559,74.087,74.556,74.907,75.259,75.318,75.259,74.907,74.438,73.735,72.914,72.035,71.097,70.101,69.046,68.05,66.995,66.057,65.119,64.24,63.419,62.657,62.071,61.778,62.54,65.412,71.215,79.596,89.502,99.935,110.54,120.8,129.71,136.74,141.32,143.31,142.78,140.26,136.22,131.23,125.72,120.1,114.53,109.25,104.21,99.7,95.48,91.495,87.802,84.168,80.769,77.545,74.497,71.742,69.28,67.229,65.588,64.357,63.595,63.243,63.185,63.361,63.712,64.357,65.178,66.174,67.288,68.343,69.28,70.218,71.039,71.801,72.446,72.914,73.207,73.207,73.032,72.68,72.211,71.684,70.98,70.16,69.222,68.167,67.112,66.115,65.178,64.298,63.419,62.599,61.837,61.192,60.606,60.195,60.488,62.423,66.877,73.794,82.41,91.788,101.46,111.07,119.8,127.01,132.11,134.87,135.34,133.7,130.3,125.72,120.45,114.88,109.31,104.04,99.114,94.484,90.147,86.102,82.292,78.717,75.435,72.27,69.573,67.112,65.119,63.478,62.305,61.485,61.075,60.899,61.133,61.485,62.13,62.892,63.829,64.884,65.998,67.053,68.108,69.046,69.808,70.511,70.922,71.215,71.332,71.273,71.039,70.687,70.042,69.339,68.636,67.815,66.995,66.115,65.236,64.357,63.478,62.657,61.895,61.25,60.547,59.961,59.727,60.371,63.009,68.225,75.845,84.93,94.601,104.68,114.41,123.2,130.24,135.16,137.74,137.92,136.04,132.47,127.72,122.33,116.64,111.07,105.74,100.87,96.301,92.139,88.154,84.403,80.886,77.428,74.145,71.156,68.401,66.174,64.357,62.892,61.837,61.25,60.899,60.957,61.309,61.778,62.54,63.419,64.533,65.705,67.053,68.225,69.28,70.16,70.863,71.508,71.918,72.27,72.387,72.152,71.684,71.039,70.277,69.456,68.694,67.874,66.936,65.939,65.002,64.122,63.243,62.481,61.661,60.899,60.313,60.02,60.899,64.005,69.984,78.365,88.037,98.411,108.9,119.04,127.83,134.87,139.5,141.67,141.43,139.21,135.34,130.59,125.26,119.63,114.18,108.96,104.16,99.583,95.422,91.495,87.802,84.227,80.944,77.721,74.79,72.094,69.749,67.756,66.174,64.943,64.122,63.654,63.536,63.654,64.064,64.65,65.471,66.467,67.522,68.636,69.691,70.687,71.508,72.211,72.797,73.207,73.383,73.325,72.973,72.504,71.859,71.097,70.218,69.398,68.518,67.698,66.76,65.822,64.884,64.005,63.126,62.305,61.661,61.192,61.25,62.716,66.819,73.735,82.82,93.077,103.74,114.47,124.44,132.99,139.44,143.48,144.95,143.95,141.08,136.74,131.53,125.84,120.1,114.47,109.31,104.57,100.17,96.066,92.257,88.681,85.223,81.941,78.776,75.845,73.149,70.746,68.694,66.995,65.705,64.767,64.24,64.005,64.064,64.416,65.002,65.705,66.643,67.581,68.518,69.456,70.335,71.156,71.918,72.504,72.914,73.09,73.09,72.914,72.504,71.918,71.215,70.394,69.573,68.694,67.698,66.643,65.646,64.767,63.947,63.126,62.364,61.661,61.192,61.192,62.54,66.291,72.973,81.941,92.198,102.98,113.88,124.02,132.93,139.67,144.07,145.65,144.95,142.19,138.03,132.99,127.54,121.91,116.52,111.42,106.68,102.28,98.294,94.543,91.026,87.685,84.461,81.296,78.248,75.376,72.739,70.394,68.518,66.995,65.822,65.06,64.65,64.591,64.884,65.412,66.115,67.053,68.108,69.222,70.335,71.332,72.27,73.032,73.676,74.087,74.38,74.38,74.087,73.735,73.149,72.504,71.625,70.687,69.749,68.753,67.815,66.877,65.939,65.06,64.24,63.419,62.716,62.247,62.481,64.591,69.573,77.369,87.04,97.708,108.84,119.86,129.94,138.38,144.42,147.88,148.64,146.94,143.54,138.85,133.4,127.66,121.97,116.64,111.48,106.79,102.51,98.587,95.07,91.671,88.447,85.164,82.058,78.893,76.138,73.618,71.449,69.632,68.108,67.053,66.35,65.998,65.998,66.291,66.819,67.463,68.284,69.163,70.16,71.215,72.152,73.032,73.794,74.321,74.614,74.673,74.614,74.38,73.911,73.383,72.621,71.742,70.746,69.749,68.753,67.815,66.877,65.939,64.943,63.947,63.009,62.13,61.426,61.075,61.895,65.119,71.273,80.065,90.264,101.11,112.24,122.91,132.41,140.14,145.36,147.82,147.7,145.36,141.43,136.45,130.88,125.2,119.63,114.35,109.49,104.98,100.93,97.122,93.546,90.029,86.688,83.406,80.241,77.193,74.321,71.684,69.339,67.463,66.057,65.119,64.533,64.357,64.416,64.884,65.588,66.526,67.698,68.812,69.867,70.922,71.859,72.68,73.501,74.028,74.438,74.497,74.38,74.028,73.559,72.914,72.152,71.332,70.394,69.573,68.518,67.581,66.643,65.705,64.767,63.829,63.067,62.247,61.719,61.895,63.771,68.343,76.021,85.926,96.946,108.32,119.57,130,138.74,145.07,148.7,149.4,147.82,144.36,139.73,134.34,128.77,123.2,117.87,112.89,108.26,104.04,100.11,96.477,93.136,89.854,86.747,83.699,80.534,77.486,74.614,71.977,69.867,68.167,66.936,66.174,65.705,65.705,66.174,66.995,68.05,69.222,70.629,71.977,73.325,74.497,75.611,76.548,77.31,77.721,77.897,77.779,77.486,76.959,76.255,75.376,74.38,73.325,134.52,128.89,123.32,117.99,113.06,108.49,104.16,100.23,96.594,93.253,89.971,86.806,83.699,80.651,77.838,75.376,73.383,71.684,70.394,69.456,68.87,68.518,68.518,68.812,69.28,69.984,70.746,71.566,72.446,73.325,74.028,74.731,75.318,75.728,76.021,76.197,76.197,75.962,75.611,75.083,74.438,73.618,72.797,71.977,71.156,70.335,69.398,68.401,67.405,66.467,65.588,64.767,64.181,64.064,65.412,69.398,76.666,86.337,97.18,108.55,119.98,130.88,140.14,147.06,151.16,152.39,151.05,147.82,143.31,138.03,132.35,126.66,121.09,115.88,111.01,106.5,102.34,98.47,94.836,91.319,87.802,84.403,81.179,78.307,75.728,73.618,71.801,70.335,69.28,68.636,68.284,68.343,68.694,69.28,69.984,70.863,71.801,72.797,73.852,74.79,75.611,76.373,76.841,77.252,77.369,77.369,77.135,76.666,76.021,75.259,74.38,73.442,72.504,71.566,70.629,69.632,68.636,67.522,66.584,65.646,64.884,64.181,63.771,64.357,66.877,72.152,80.182,89.912,100.46,111.54,122.27,131.82,139.44,144.66,147.24,147.18,144.89,140.96,135.98,130.41,124.61,118.87,113.42,108.38,103.74,99.407,95.48,91.788,88.154,84.696,81.237,78.072,75.083,72.563,70.277,68.46,67.053,65.939,65.236,65.002,65.119,65.529,66.233,67.053,67.991,68.987,70.042,71.097,72.152,73.032,73.794,74.321,74.673,74.849,74.849,74.673,74.321,73.735,72.973,72.094,71.215,70.218,69.28,68.284,67.288,66.35,65.353,64.416,63.595,62.833,62.247,61.661,61.309,61.837,64.357,69.808,77.838,87.568,97.942,108.55,118.87,128.07,135.45,140.5,143.02,142.9,140.73,136.8,131.88,126.25,120.45,114.59,109.14,104.04,99.349,95.07,90.967,87.157,83.465,80.007,76.783,73.852,71.215,68.987,67.112,65.646,64.591,64.005,63.712,63.771,64.181,64.767,65.588,66.643,67.815,69.046,70.16,71.215,72.094,72.797,73.442,73.794,74.028,74.087,73.911,73.559,72.973,72.27,71.566,70.687,69.808,68.87,67.874,66.936,65.998,65.06,64.24,63.361,62.599,61.837,61.25,60.782,60.723,61.661,64.591,70.277,78.424,87.861,98.001,108.26,118.05,126.6,133.46,138.09,140.38,140.2,137.86,133.99,129.07,123.5,117.81,112.19,106.91,102.05,97.473,93.312,89.385,85.692,82.234,79.01,75.904,73.032,70.511,68.343,66.643,65.353,64.474,63.947,63.771,63.947,64.357,65.119,65.998,66.995,68.167,69.339,70.57,71.684,72.68,73.559,74.263,74.731,75.024,75.083,74.907,74.556,74.028,73.383,72.563,71.625,70.687,69.632,68.46,67.346,66.233,65.178,64.298,63.419,62.657,61.895,61.309,61.25,62.716,66.819,73.735,82.761,92.667,103.04,113.42,123.03,131.12,137.15,140.79,141.84,140.5,137.21,132.76,127.48,121.86,116.23,110.78,105.62,100.76,96.242,92.139,88.154,84.461,81.003,77.545,74.38,71.508,68.87,66.76,64.943,63.595,62.716,62.188,62.071,62.188,62.657,63.419,64.357,65.412,66.526,67.698,68.753,69.808,70.746,71.566,72.211,72.68,72.856,72.797,72.621,72.211,71.684,70.922,70.101,69.222,68.284,67.288,66.291,65.236,64.298,63.361,62.481,61.661,60.84,60.195,59.668,59.727,61.192,65.06,71.801,80.71,90.733,101.22,111.66,121.33,129.48,135.69,139.38,140.5,139.26,136.1,131.76,126.49,120.92,115.35,109.9,104.86,100.17,95.832,91.846,88.095,84.637,81.237,78.072,74.966,72.152,69.691,67.522,65.881,64.65,63.829,63.536,63.536,63.947,64.533,65.471,66.76,68.108,69.691,71.156,72.739,74.087,75.376,76.49,77.252,77.721,77.838,77.721,77.369,76.841,76.197,75.376,74.556,73.676,72.797,71.859,70.922,69.984,69.046,68.167,67.346,66.643,66.233,66.467,68.284,72.797,80.241,89.736,100.35,111.48,122.44,132.35,140.55,146.36,149.35,149.7,147.76,144.13,139.32,133.93,128.24,122.62,117.23,112.36,107.85,103.74,99.935,96.301,92.843,89.56,86.337,83.347,80.534,78.014,75.728,73.911,72.504,71.508,70.922,70.804,70.98,71.332,71.977,72.797,73.676,74.614,75.611,76.548,77.428,78.131,78.541,78.834,79.01,78.834,78.6,78.248,77.662,76.959,76.197,75.376,74.497,73.618,72.797,71.918,71.097,70.16,69.339,68.518,67.874,67.405,67.698,69.632,74.497,82.41,92.55,103.69,115.12,126.37,136.39,144.36,149.76,152.16,151.81,149.35,145.3,140.32,134.75,128.95,123.26,117.87,112.95,108.38,104.16,100.29,96.594,93.077,89.619,86.278,83.23,80.417,77.897,75.786,73.969,72.504,71.449,70.804,70.57,70.687,71.097,71.742,72.621,73.559,74.614,75.611,76.548,77.428,78.248,78.834,79.303,79.596,79.655,79.596,79.362,78.893,78.307,77.545,76.607,75.611,74.614,73.676,72.68,71.684,70.687,69.749,68.87,68.05,67.288,66.526,66.057,66.35,68.636,73.735,81.648,91.495,102.05,112.89,123.32,132.52,139.79,144.66,146.83,146.41,143.84,139.73,134.58,128.77,122.85,117.11,111.66,106.62,101.99,97.59,93.605,89.854,86.337,83.113,80.182,77.428,75.024,72.914,71.156,69.808,68.87,68.343,68.225,68.401,68.87,69.573,70.394,71.508,72.68,73.852,75.024,76.138,77.135,77.897,78.483,78.834,79.069,78.893,78.541,78.014,77.252,76.314,75.259,74.087,72.973,71.859,70.804,69.808,68.87,67.991,67.112,66.35,65.529,64.884,64.298,64.298,65.646,69.339,75.728,84.109,93.37,103.04,112.6,121.21,128.24,132.99,135.34,135.28,133.23,129.71,125.14,119.8,114.18,108.61,103.22,98.177,93.546,89.385,85.458,81.941,78.6,75.493,72.621,70.101,67.932,66.115,64.709,63.654,62.833,62.364,62.188,62.305,62.657,63.361,64.122,65.002,65.939,66.819,67.756,68.636,69.456,70.218,70.804,71.215,71.566,71.684,71.625,71.449,71.039,70.511,69.749,68.929,68.05,67.112,66.115,65.236,64.298,63.419,62.54,61.661,60.899,60.195,59.492,58.906,58.73,59.492,62.188,67.346,74.731,83.347,92.55,101.75,110.49,117.99,123.61,127.19,128.42,127.54,124.9,120.92,115.94,110.43,104.68,99.114,93.781,88.857,84.403,80.3,76.49,72.973,69.749,66.819,64.24,62.13,60.43,59.199,58.32,57.734,57.499,57.558,57.91,58.671,59.609,60.723,61.895,63.185,64.416,65.646,66.819,67.815,68.636,69.28,69.808,70.101,70.218,70.16,69.984,69.573,69.046,68.343,67.581,66.76,65.881,64.943,64.064,63.185,62.364,61.485,60.664,59.902,59.258,58.613,58.261,58.378,59.727,63.419,69.632,77.603,86.513,95.715,104.86,113.3,120.27,125.37,128.3,129.01,127.72,124.73,120.57,115.53,110.19,104.68,99.349,94.367,89.678,85.399,81.413,77.721,74.38,71.273,68.46,66.057,63.829,62.13,60.723,59.785,59.199,58.965,59.199,59.551,60.254,61.075,62.071,63.185,64.416,65.646,66.877,67.932,68.87,69.749,70.511,70.98,71.273,71.273,71.097,70.687,70.16,69.573,68.87,68.05,67.112,66.174,65.236,64.357,63.419,62.599,61.719,60.957,60.195,59.551,59.316,60.195,63.126,68.929,77.076,86.63,96.77,107.09,116.93,125.61,132.47,137.15,139.38,139.26,136.98,133.23,128.48,123.26,117.69,112.19,106.85,101.93,97.297,93.077,89.092,85.399,81.941,78.541,75.376,72.446,69.808,67.581,65.881,64.533,63.595,63.067,62.774,62.833,63.185,63.712,64.533,65.529,66.643,67.815,68.987,70.16,71.215,72.094,72.856,73.325,73.559,73.618,73.501,73.149,72.68,72.035,71.332,70.511,69.573,68.518,67.522,66.584,65.705,64.884,64.064,63.243,62.423,61.661,61.25,61.778,64.416,69.984,78.248,88.154,98.939,110.02,120.74,130.3,137.92,143.25,145.89,145.89,143.66,139.97,135.16,129.83,124.2,118.63,113.3,108.38,103.74,99.407,95.48,91.846,88.388,85.047,81.941,78.893,76.138,73.618,71.332,69.456,67.932,66.819,66.057,65.588,65.471,65.646,66.115,66.819,67.698,68.636,69.691,70.746,71.801,72.739,73.559,74.145,74.673,74.907,74.966,74.731,74.38,73.794,73.09,72.211,71.273,70.218,69.163,68.108,67.112,66.115,65.236,64.357,63.536,62.774,62.247,62.364,64.24,68.929,76.607,86.337,97.18,108.43,119.57,129.65,138.15,144.3,147.82,148.53,146.88,143.37,138.62,133.11,127.42,121.74,116.29,111.19,106.44,101.99,97.942,94.132,90.557,87.157,83.934,80.651,77.603,74.731,72.211,70.101,68.343,66.995,66.057,65.529,65.353,65.471,65.881,66.467,67.346,68.343,69.456,70.687,71.742,72.739,73.559,74.321,74.849,75.259,75.318,75.024,74.614,74.028,73.383,72.621,71.684,70.687,69.691,68.636,67.522,66.526,65.588,64.65,63.771,63.009,62.305,61.837,62.071,63.829,68.46,76.021,85.751,96.477,107.79,118.98,129.3,137.86,144.13,147.59,148.35,146.83,143.37,138.74,133.29,127.54,121.8,116.29,111.19,106.5,102.1,98.059,94.308,90.733,87.275,84.051,80.944,77.897,75.2,72.68,70.629,68.987,67.756,66.936,66.408,66.174,66.233,66.526,67.17,67.991,68.987,70.042,71.156,72.211,73.149,73.911,74.556,74.966,75.259,75.376,75.318,74.966,74.438,73.676,72.856,71.859,70.922,69.925,68.929,67.874,66.877,65.881,65.002,64.181,63.361,62.657,62.247,62.364,64.005,68.343,75.728,85.34,96.184,107.44,118.57,128.95,137.56,143.95,147.53,148.41,146.83,143.25,138.38,132.82,126.84,121.04,115.53,110.49,105.74,101.4,97.415,93.663,90.088,86.747,83.406,80.241,77.31,74.556,72.094,70.042,68.401,67.17,66.35,65.881,65.822,66.057,66.467,67.17,67.991,68.929,69.984,71.097,72.152,73.149,73.969,74.614,75.024,75.318,75.435,75.376,75.024,74.614,73.911,73.09,72.094,71.097,70.042,68.987,67.991,66.995,66.057,65.236,64.416,63.712,63.067,62.54,62.716,64.533,69.105,76.666,86.337,97.122,108.32,119.34,129.48,137.92,144.13,147.53,148.23,146.53,143.07,138.44,133.11,127.48,121.8,116.41,111.42,106.73,102.4,98.411,94.718,91.319,87.978,84.813,81.589,78.483,75.552,72.973,70.863,69.105,67.874,66.995,66.467,66.35,66.467,66.936,67.581,68.518,69.632,70.804,71.918,72.973,73.911,74.673,75.259,75.669,75.962,76.138,76.021,75.669,75.2,74.438,73.559,72.563,71.566,70.511,69.456,68.46,67.522,66.643,65.881,65.002,64.24,63.478,62.833,62.833,64.24,68.284,75.552,85.164,96.125,107.55,119.04,129.83,138.97,145.89,149.93,151.22,150.11,147.06,142.61,137.33,131.53,125.72,120.1,114.82,109.9,105.5,101.34,97.59,94.074,90.674,87.45,84.285,81.179,78.19,75.259,72.739,70.629,68.929,67.698,66.936,66.467,66.467,66.76,67.288,68.108,69.046,70.101,71.156,72.27,73.383,74.321,75.024,75.611,75.962,76.197,76.197,75.904,75.493,74.849,73.969,73.09,72.094,71.097,70.042,69.046,67.991,66.995,66.057,65.178,64.474,63.712,63.067,62.716,63.478,66.526,72.739,81.824,92.491,104.1,115.94,127.25,136.92,144.42,149.29,151.28,150.69,147.94,143.72,138.62,132.99,127.31,121.74,116.52,111.77,107.38,103.28,99.466,95.832,92.432,89.092,85.868,82.644,79.479,76.49,73.735,71.332,69.398,67.874,66.76,66.057,65.881,65.998,66.35,66.877,67.581,68.518,69.632,70.804,71.801,72.739,73.501,74.028,74.497,74.731,74.79,74.673,74.38,73.794,73.032,72.094,71.039,69.984,68.929,67.932,66.995,65.998,65.06,64.122,63.185,62.364,61.544,60.957,60.899,62.247,66.174,73.383,83.172,94.308,105.91,117.64,128.48,137.8,144.77,148.94,150.22,148.99,145.83,141.43,136.22,130.65,125.2,119.92,115.06,110.54,106.38,102.51,98.939,95.539,92.315,89.15,86.044,82.937,79.948,76.9,74.145,71.742,69.691,68.108,66.995,66.35,66.115,66.291,66.76,67.405,68.225,69.222,70.277,71.332,72.27,73.149,73.969,74.673,75.083,75.435,75.493,75.376,74.907,74.38,73.676,72.856,71.918,70.98,70.042,69.046,68.05,67.112,66.115,65.178,64.357,63.654,63.419,64.122,66.76,72.094,80.358,90.615,101.93,113.65,125.14,135.34,143.72,149.46,152.51,152.8,150.93,147.41,142.84,137.62,132.11,126.6,121.45,116.64,112.19,107.96,104.16,100.64,97.239,94.074,90.909,87.861,84.871,81.941,79.245,76.9,74.907,73.383,72.211,71.508,71.156,71.215,71.625,72.211,72.973,73.911,74.907,75.904,76.959,78.072,78.893,79.655,80.182,80.417,80.358,80.065,79.538,78.834,78.131,77.252,76.373,75.376,74.438,73.501,72.563,71.625,70.746,69.867,69.105,68.343,67.932,68.401,71.097,76.9,85.633,96.125,107.55,119.28,130.65,140.67,148.47,153.62,155.85,155.56,153.1,149.23,144.36,138.97,133.4,127.78,122.44,117.34,112.65,108.38,104.39,100.7,97.122,93.722,90.381,87.099,83.992,81.062,78.483,76.373,74.614,73.325,72.446,71.859,71.625,71.684,71.918,72.504,73.149,74.028,74.966,75.962,76.959,77.779,78.541,79.069,79.362,79.538,79.479,79.245,78.717,78.131,77.31,76.431,75.552,74.614,73.676,72.68,71.684,70.687,69.691,68.753,67.874,67.17,66.643,66.877,68.753,73.383,81.003,90.674,101.34,112.48,123.44,133.23,140.96,146.18,148.64,148.47,146.24,142.37,137.45,131.88,126.08,120.39,114.94,109.78,105.09,100.81,96.711,92.901,89.326,85.809,82.41,79.186,76.197,73.559,71.273,69.456,68.167,67.346,66.936,66.819,67.053,67.522,68.343,69.28,70.335,71.566,72.797,73.969,74.966,75.845,76.607,77.135,77.486,77.662,77.603,77.31,76.783,76.255,75.493,74.673,73.735,72.797,71.742,70.687,69.691,68.636,67.522,66.526,65.588,64.767,64.064,63.478,63.185,63.771,66.233,71.566,79.479,88.974,99.173,109.61,119.69,128.36,135.04,139.26,140.96,140.44,137.8,133.64,128.36,122.62,116.7,110.9,105.5,100.4,95.656,91.377,87.333,83.582,80.124,76.783,73.676,70.863,68.343,66.35,64.767,63.595,62.774,62.364,62.364,62.599,63.185,64.005,64.943,66.057,67.229,68.518,69.808,70.98,72.035,72.973,73.676,74.145,74.556,74.673,74.614,74.263,73.676,72.856,72.035,71.097,70.101,69.105,68.108,67.112,66.115,65.178,64.24,63.419,62.599,61.837,61.192,60.664,60.723,62.071,65.588,71.625,79.538,88.505,97.883,107.38,116.23,123.73,129.24,132.35,133.17,131.94,129.01,124.79,119.75,114.12,108.38,102.75,97.473,92.726,88.388,84.285,80.475,76.959,73.852,70.98,68.518,66.35,64.591,63.243,62.305,61.719,61.485,61.544,61.895,62.481,63.361,64.357,65.471,66.584,67.815,68.929,69.925,70.922,71.742,72.387,72.856,73.09,73.207,73.149,72.914,72.563,71.977,71.273,70.511,69.573,68.636,67.698,66.76,65.822,64.943,64.122,63.243,62.481,61.719,61.075,60.547,60.43,61.426,64.591,70.629,79.069,88.74,98.939,109.2,118.87,127.13,133.4,137.33,138.68,137.68,134.81,130.53,125.43,119.86,114.12,108.55,103.22,98.352,93.781,89.619,85.692,81.999,78.541,75.376,72.504,69.925,67.581,65.705,64.24,63.126,62.481,62.305,62.481,63.009,63.712,64.65,65.705,66.936,68.167,69.456,70.804,71.977,73.032,73.969,74.673,75.2,75.435,75.435,75.2,74.673,73.969,73.149,72.27,71.332,70.335,69.339,68.401,67.405,66.408,65.471,64.591,63.771,63.067,62.423,62.071,62.364,64.357,68.987,76.255,85.164,95.07,105.21,115.29,124.26,131.41,136.39,138.85,138.91,137.04,133.58,128.95,123.61,117.99,112.36,107.03,102.05,97.473,93.312,89.385,85.692,82.175,78.776,75.728,72.856,70.335,68.225,66.467,65.178,64.298,63.712,63.478,63.536,63.829,64.416,65.236,66.174,67.288,68.46,69.749,70.922,71.977,72.914,73.676,74.145,74.438,74.438,74.263,73.852,73.442,72.797,72.035,71.215,70.218,69.222,68.225,67.229,66.291,65.471,64.709,64.005,63.302,62.716,62.305,62.599,64.591,69.222,76.548,85.633,95.48,105.74,115.76,124.67,131.88,136.74,139.21,139.21,137.1,133.46,128.77,123.5,117.87,112.24,106.79,101.75,97.063,92.784,88.798,85.164,81.706,78.541,75.552,72.739,70.218,68.108,66.467,65.295,64.474,64.064,64.005,64.122,64.533,65.178,66.057,66.995,68.108,69.222,70.394,71.566,72.621,73.501,74.145,74.673,74.907,74.966,74.79,74.497,74.028,73.383,72.563,71.684,70.687,69.749,68.812,118.75,113.18,107.79,102.75,98.001,93.605,89.619,85.926,82.41,79.186,76.138,73.383,70.922,68.812,67.112,65.822,64.943,64.474,64.416,64.591,65.06,65.646,66.408,67.405,68.46,69.691,70.922,72.035,73.09,73.969,74.673,75.2
0.039589,0.049853,0.01955,0.014663,0.0097752,0.034702,0.039589,0.014663,0.024438,0.014663,0.029814,0.01955,0.034702,0.024438,0.049853,0.039589,0.07478,0.069892,0.089932,0.10948,0.12463,0.084555,0.064516,0.029814,0.034702,0.014663,0.0043988,-0.010264,-0.015152,-0.040567,-0.035191,-0.050342,-0.035191,-0.040567,-0.035191,-0.040567,-0.010264,0.044477,0.11486,0.27468,0.36999,0.37488,0.014663,-0.12561,-0.19062,-0.12023,-0.080645,-0.050342,-0.065494,-0.05523,-0.05523,-0.035191,-0.045455,-0.030303,-0.045455,-0.050342,-0.035191,-0.035191,-0.035191,-0.030303,-0.010264,-0.010264,-0.0053763,-0.00048876,0.014663,0.029814,0.039589,0.029814,0.039589,0.01955,0.039589,0.029814,0.034702,0.014663,0.024438,0.014663,0.024438,0.0043988,0.01955,0.0097752,0.01955,0.014663,0.029814,0.034702,0.059629,0.07478,0.084555,0.07478,0.089932,0.10948,0.089932,0.064516,0.034702,0.039589,0.014663,0.014663,-0.010264,-0.020528,-0.050342,-0.040567,-0.05523,-0.040567,-0.05523,-0.035191,-0.05523,-0.020528,0.029814,0.10948,0.26491,0.37977,0.21994,-0.025415,-0.15543,-0.18573,-0.085533,-0.05523,-0.050342,-0.065494,-0.050342,-0.05523,-0.035191,-0.040567,-0.035191,-0.040567,-0.030303,-0.035191,-0.020528,-0.030303,-0.010264,-0.025415,-0.00048876,-0.0053763,0.0097752,0.014663,0.029814,0.024438,0.039589,0.024438,0.039589,0.049853,0.039589,0.049853,0.01955,0.034702,0.0097752,0.01955,0.0097752,0.024438,0.014663,0.014663,0.01955,0.029814,0.01955,0.054741,0.059629,0.084555,0.089932,0.079668,0.10459,0.12463,0.094819,0.079668,0.044477,0.024438,0.029814,-0.0053763,-0.00048876,-0.025415,-0.035191,-0.050342,-0.040567,-0.05523,-0.040567,-0.050342,-0.040567,-0.05523,0.01955,0.064516,0.22483,0.32991,0.35973,0.034702,-0.12561,-0.1955,-0.12023,-0.065494,-0.050342,-0.040567,-0.05523,-0.040567,-0.050342,-0.030303,-0.035191,-0.020528,-0.030303,-0.025415,-0.025415,-0.010264,-0.015152,-0.0053763,-0.010264,0.014663,0.024438,0.039589,0.034702,0.049853,0.049853,0.054741,0.044477,0.054741,0.044477,0.039589,0.049853,0.029814,0.039589,0.024438,0.029814,0.014663,0.034702,0.014663,0.029814,0.014663,0.034702,0.039589,0.059629,0.064516,0.094819,0.084555,0.11486,0.11486,0.11486,0.069892,0.044477,0.01955,0.024438,0.0043988,-0.0053763,-0.025415,-0.040567,-0.030303,-0.050342,-0.035191,-0.05523,-0.035191,-0.050342,-0.025415,0.0043988,0.079668,0.21457,0.33969,0.34995,0.01955,-0.14027,-0.17546,-0.1305,-0.060606,-0.05523,-0.060606,-0.035191,-0.045455,-0.035191,-0.05523,-0.035191,-0.045455,-0.010264,-0.020528,-0.010264,-0.025415,-0.010264,-0.015152,-0.0053763,-0.010264,0.01955,0.014663,0.039589,0.024438,0.049853,0.039589,0.039589,0.029814,0.039589,0.034702,0.024438,0.029814,0.014663,-0.00048876,-0.010264,0.0097752,0.0043988,0.01955,0.014663,0.034702,0.024438,0.049853,0.039589,0.089932,0.084555,0.089932,0.084555,0.12952,0.094819,0.079668,0.039589,0.049853,0.024438,0.01955,-0.00048876,-0.010264,-0.025415,-0.030303,-0.035191,-0.025415,-0.045455,-0.035191,-0.030303,-0.035191,0.034702,0.07478,0.18475,0.31476,0.39003,0.15494,0.014663,-0.09042,-0.085533,-0.065494,-0.045455,-0.060606,-0.050342,-0.05523,-0.025415,-0.040567,-0.045455,-0.035191,-0.040567,-0.020528,-0.035191,-0.025415,-0.035191,-0.015152,-0.035191,-0.015152,-0.030303,-0.010264,-0.00048876,0.014663,0.0043988,0.034702,0.024438,0.034702,0.01955,0.034702,0.01955,0.024438,0.014663,0.024438,0.0097752,0.0043988,0.01955,0.0097752,0.034702,0.01955,0.034702,0.049853,0.054741,0.079668,0.084555,0.069892,0.11486,0.11975,0.10459,0.069892,0.054741,0.039589,0.054741,0.014663,0.014663,-0.015152,-0.020528,-0.025415,-0.015152,-0.035191,-0.015152,-0.025415,-0.015152,-0.035191,0.029814,0.07478,0.23998,0.38514,0.43011,0.13978,-0.060606,-0.15543,-0.17546,-0.060606,-0.040567,-0.045455,-0.05523,-0.030303,-0.035191,-0.035191,-0.045455,-0.025415,-0.030303,-0.015152,-0.025415,-0.015152,-0.015152,-0.0053763,-0.010264,-0.00048876,0.0043988,0.01955,0.029814,0.024438,0.039589,0.039589,0.049853,0.039589,0.039589,0.034702,0.044477,0.024438,0.034702,0.01955,0.039589,0.01955,0.01955,0.0043988,0.01955,0.024438,0.044477,0.049853,0.079668,0.094819,0.094819,0.089932,0.11975,0.12952,0.10948,0.084555,0.059629,0.034702,0.024438,0.029814,0.0097752,0.0043988,-0.020528,-0.025415,-0.035191,-0.030303,-0.040567,-0.025415,-0.035191,-0.015152,0.034702,0.12463,0.26979,0.3998,0.30499,0.054741,-0.11535,-0.16031,-0.11535,-0.060606,-0.050342,-0.05523,-0.040567,-0.045455,-0.030303,-0.035191,-0.025415,-0.035191,-0.025415,-0.035191,-0.020528,-0.020528,-0.010264,-0.020528,-0.00048876,0.0043988,0.01955,0.014663,0.034702,0.044477,0.054741,0.039589,0.044477,0.049853,0.034702,0.044477,0.029814,0.039589,0.024438,0.029814,0.01955,0.024438,0.014663,0.024438,0.024438,0.039589,0.029814,0.054741,0.044477,0.089932,0.094819,0.10459,0.10948,0.12952,0.099707,0.084555,0.044477,0.039589,0.029814,0.014663,-0.00048876,-0.010264,-0.020528,-0.040567,-0.035191,-0.050342,-0.035191,-0.050342,-0.030303,-0.035191,0.029814,0.07478,0.24976,0.34995,0.36999,0.029814,-0.11535,-0.18573,-0.12023,-0.075269,-0.050342,-0.05523,-0.040567,-0.045455,-0.030303,-0.040567,-0.030303,-0.025415,-0.035191,-0.030303,-0.035191,-0.015152,-0.030303,-0.010264,-0.010264,0.0043988,-0.00048876,0.029814,0.01955,0.039589,0.01955,0.039589,0.039589,0.049853,0.034702,0.039589,0.024438,0.014663,0.01955,0.014663,0.0097752,0.0043988,0.01955,-0.00048876,0.01955,0.014663,0.024438,0.01955,0.049853,0.059629,0.089932,0.084555,0.099707,0.10948,0.12952,0.089932,0.079668,0.039589,0.029814,0.014663,0.0097752,-0.0053763,-0.025415,-0.040567,-0.045455,-0.035191,-0.05523,-0.050342,-0.060606,-0.05523,-0.030303,0.039589,0.12463,0.29472,0.37977,0.22483,-0.025415,-0.14027,-0.17546,-0.070381,-0.05523,-0.045455,-0.050342,-0.030303,-0.035191,-0.020528,-0.040567,-0.030303,-0.035191,-0.025415,-0.015152,-0.035191,-0.015152,-0.035191,-0.00048876,-0.010264,0.01955,0.014663,0.039589,0.029814,0.049853,0.039589,0.054741,0.039589,0.049853,0.034702,0.044477,0.024438,0.029814,0.034702,0.024438,0.014663,0.0097752,0.034702,0.024438,0.034702,0.014663,0.039589,0.044477,0.079668,0.099707,0.10948,0.094819,0.12952,0.11975,0.10459,0.059629,0.054741,0.029814,0.01955,0.0043988,0.0097752,-0.025415,-0.030303,-0.050342,-0.030303,-0.040567,-0.045455,-0.035191,-0.050342,-0.0053763,0.049853,0.14956,0.30987,0.40469,0.18475,-0.035191,-0.16569,-0.17546,-0.085533,-0.05523,-0.065494,-0.045455,-0.060606,-0.040567,-0.050342,-0.025415,-0.045455,-0.050342,-0.035191,-0.050342,-0.035191,-0.020528,-0.010264,-0.025415,-0.0053763,0.0097752,0.01955,0.0097752,0.029814,0.01955,0.034702,0.024438,0.044477,0.029814,0.034702,0.024438,0.034702,0.014663,0.01955,0.0043988,0.014663,0.0043988,0.01955,0.014663,0.024438,0.01955,0.034702,0.044477,0.039589,0.07478,0.084555,0.089932,0.084555,0.12463,0.089932,0.059629,0.029814,0.034702,0.0097752,0.014663,-0.010264,-0.025415,-0.040567,-0.030303,-0.045455,-0.035191,-0.05523,-0.040567,-0.045455,-0.020528,0.024438,0.089932,0.2346,0.32991,0.34506,-0.015152,-0.14565,-0.1955,-0.10557,-0.060606,-0.050342,-0.05523,-0.035191,-0.045455,-0.025415,-0.035191,-0.010264,-0.030303,-0.020528,-0.030303,-0.010264,-0.015152,-0.00048876,-0.0053763,-0.010264,0.014663,0.01955,0.039589,0.044477,0.054741,0.039589,0.059629,0.049853,0.059629,0.044477,0.059629,0.034702,0.039589,0.01955,0.034702,0.014663,0.029814,0.014663,0.029814,0.014663,0.029814,0.029814,0.054741,0.07478,0.094819,0.084555,0.094819,0.10948,0.12463,0.089932,0.07478,0.044477,0.014663,0.024438,-0.00048876,0.0043988,-0.030303,-0.035191,-0.05523,-0.035191,-0.050342,-0.035191,-0.045455,-0.030303,-0.015152,0.054741,0.094819,0.22972,0.32991,0.22972,0.01955,-0.070381,-0.12561,-0.080645,-0.05523,-0.05523,-0.050342,-0.060606,-0.040567,-0.045455,-0.030303,-0.035191,-0.025415,-0.030303,-0.010264,-0.030303,-0.015152,-0.025415,-0.010264,-0.010264,0.0043988,-0.015152,0.014663,0.0097752,0.029814,0.014663,0.034702,0.024438,0.039589,0.044477,0.024438,0.039589,0.029814,0.039589,0.01955,0.034702,0.014663,0.039589,0.01955,0.024438,0.01955,0.049853,0.039589,0.084555,0.084555,0.099707,0.10459,0.12952,0.13978,0.094819,0.064516,0.054741,0.029814,0.0097752,-0.0053763,-0.0053763,-0.020528,-0.035191,-0.020528,-0.035191,-0.020528,-0.040567,-0.030303,-0.035191,0.024438,0.064516,0.14956,0.28006,0.37977,0.20479,0.049853,-0.080645,-0.1002,-0.060606,-0.035191,-0.040567,-0.050342,-0.05523,-0.045455,-0.050342,-0.030303,-0.010264,-0.040567,-0.030303,-0.035191,-0.015152,-0.025415,-0.010264,-0.030303,-0.015152,-0.020528,0.0043988,-0.00048876,0.01955,0.0097752,0.01955,0.014663,0.034702,0.029814,0.039589,0.014663,0.024438,0.029814,0.01955,0.0097752,0.024438,0.014663,0.0097752,0.029814,0.014663,0.039589,0.034702,0.064516,0.084555,0.099707,0.084555,0.11975,0.11975,0.094819,0.049853,0.034702,0.01955,0.014663,-0.00048876,0.0043988,-0.030303,-0.035191,-0.030303,-0.045455,-0.030303,-0.045455,-0.050342,-0.035191,-0.020528,0.034702,0.10459,0.23998,0.34995,0.35973,0.084555,-0.050342,-0.10557,-0.11046,-0.05523,-0.065494,-0.050342,-0.065494,-0.035191,-0.050342,-0.035191,-0.045455,-0.040567,-0.035191,-0.045455,-0.025415,-0.035191,-0.010264,-0.040567,-0.020528,-0.035191,-0.00048876,-0.010264,0.0097752,-0.00048876,0.01955,0.0097752,0.029814,0.0097752,0.024438,0.014663,0.01955,-0.00048876,0.01955,-0.00048876,0.014663,0.0043988,0.029814,0.024438,0.029814,0.014663,0.039589,0.054741,0.044477,0.084555,0.084555,0.094819,0.10948,0.12463,0.079668,0.059629,0.029814,0.034702,-0.00048876,0.0043988,-0.015152,-0.025415,-0.040567,-0.035191,-0.045455,-0.035191,-0.040567,-0.040567,-0.040567,-0.00048876,0.054741,0.1696,0.29472,0.34506,0.11975,-0.080645,-0.17546,-0.1955,-0.085533,-0.065494,-0.045455,-0.050342,-0.035191,-0.035191,-0.035191,-0.040567,-0.025415,-0.030303,-0.015152,-0.030303,-0.010264,-0.025415,-0.00048876,0.0097752,0.014663,0.024438,0.01955,0.044477,0.034702,0.054741,0.039589,0.044477,0.039589,0.049853,0.034702,0.044477,0.01955,0.024438,0.014663,0.024438,0.014663,0.029814,0.014663,0.024438,0.014663,0.01955,0.014663,0.049853,0.059629,0.084555,0.094819,0.07478,0.10459,0.11486,0.11975,0.059629,0.044477,0.029814,0.014663,-0.00048876,0.0097752,-0.030303,-0.035191,-0.05523,-0.035191,-0.05523,-0.040567,-0.05523,-0.035191,-0.035191,0.044477,0.094819,0.26002,0.3348,0.21994,-0.025415,-0.16031,-0.1955,-0.10557,-0.050342,-0.045455,-0.040567,-0.045455,-0.035191,-0.045455,-0.015152,-0.025415,-0.0053763,-0.020528,-0.020528,-0.025415,-0.00048876,-0.0053763,0.014663,0.014663,0.034702,0.029814,0.044477,0.044477,0.059629,0.044477,0.054741,0.059629,0.049853,0.059629,0.039589,0.039589,0.034702,0.024438,0.014663,0.01955,-0.0053763,0.014663,0.0097752,0.034702,0.014663,0.029814,0.024438,0.039589,0.054741,0.094819,0.10459,0.089932,0.10948,0.12952,0.10459,0.064516,0.029814,0.01955,0.0097752,-0.0053763,-0.0053763,-0.035191,-0.035191,-0.050342,-0.045455,-0.05523,-0.035191,-0.040567,-0.030303,-0.0053763,0.064516,0.12463,0.28006,0.34995,0.21457,-0.035191,-0.15054,-0.19062,-0.10557,-0.060606,-0.040567,-0.05523,-0.040567,-0.045455,-0.030303,-0.020528,-0.035191,-0.035191,-0.040567,-0.025415,-0.035191,-0.020528,-0.015152,0.0097752,0.0043988,0.01955,0.014663,0.039589,0.039589,0.054741,0.059629,0.044477,0.059629,0.049853,0.059629,0.029814,0.039589,0.029814,0.0097752,-0.0053763,0.0043988,0.01955,0.024438,0.014663,0.024438,0.014663,0.024438,0.01955,0.039589,0.044477,0.084555,0.069892,0.099707,0.11975,0.12952,0.07478,0.059629,0.024438,0.01955,-0.00048876,-0.010264,-0.030303,-0.025415,-0.050342,-0.065494,-0.050342,-0.050342,-0.045455,-0.060606,-0.035191,-0.010264,0.059629,0.12463,0.28983,0.39492,0.25464,0.0097752,-0.11535,-0.1955,-0.11535,-0.070381,-0.05523,-0.070381,-0.045455,-0.05523,-0.05523,-0.05523,-0.040567,-0.050342,-0.030303,-0.020528,-0.015152,-0.035191,-0.040567,-0.010264,-0.0053763,0.014663,-0.0053763,0.0043988,-0.010264,0.014663,-0.00048876,0.01955,0.024438,0.034702,0.01955,0.014663,0.034702,0.039589,0.014663,0.024438,0.0043988,-0.0053763,0.024438,0.014663,0.01955,0.0043988,0.024438,0.024438,0.044477,0.059629,0.079668,0.064516,0.089932,0.099707,0.10948,0.079668,0.049853,0.029814,0.039589,-0.00048876,0.014663,-0.010264,-0.010264,-0.025415,-0.015152,-0.030303,-0.035191,-0.020528,-0.045455,-0.035191,-0.00048876,0.069892,0.21994,0.38514,0.43011,0.19501,-0.030303,-0.1305,-0.16569,-0.065494,-0.05523,-0.045455,-0.05523,-0.045455,-0.05523,-0.040567,-0.050342,-0.035191,-0.040567,-0.015152,-0.010264,-0.020528,-0.010264,-0.020528,-0.010264,-0.020528,0.014663,0.0097752,0.029814,0.014663,0.039589,0.029814,0.039589,0.024438,0.039589,0.024438,0.039589,0.01955,0.034702,0.024438,0.034702,0.024438,0.029814,0.01955,0.029814,0.039589,0.01955,0.039589,0.054741,0.064516,0.089932,0.10948,0.089932,0.10948,0.10948,0.094819,0.054741,0.039589,0.01955,0.024438,-0.00048876,0.0097752,-0.030303,-0.015152,-0.035191,-0.015152,-0.045455,-0.050342,-0.035191,-0.050342,-0.0053763,0.059629,0.17498,0.32502,0.41007,0.20479,-0.030303,-0.16031,-0.18035,-0.09042,-0.05523,-0.065494,-0.040567,-0.05523,-0.030303,-0.040567,-0.030303,-0.040567,-0.030303,-0.025415,-0.010264,-0.030303,-0.015152,-0.010264,-0.025415,-0.00048876,-0.0053763,0.024438,0.01955,0.044477,0.029814,0.039589,0.024438,0.039589,0.024438,0.039589,0.01955,0.029814,0.0097752,0.01955,0.0097752,0.01955,-0.00048876,0.014663,0.0043988,0.01955,0.014663,0.029814,0.034702,0.059629,0.079668,0.099707,0.089932,0.11486,0.12952,0.099707,0.07478,0.039589,0.034702,0.014663,0.0097752,-0.0053763,-0.015152,-0.040567,-0.030303,-0.050342,-0.05523,-0.045455,-0.030303,-0.05523,-0.020528,0.014663,0.079668,0.22483,0.34995,0.39003,0.034702,-0.12561,-0.18035,-0.11535,-0.05523,-0.045455,-0.060606,-0.035191,-0.050342,-0.035191,-0.035191,-0.010264,-0.030303,-0.020528,-0.035191,-0.010264,-0.030303,-0.0053763,-0.015152,0.0097752,0.0097752,0.029814,0.024438,0.054741,0.039589,0.049853,0.059629,0.049853,0.059629,0.039589,0.054741,0.034702,0.039589,0.024438,0.029814,0.014663,0.014663,-0.00048876,0.024438,0.014663,0.029814,0.01955,0.039589,0.029814,0.049853,0.054741,0.084555,0.094819,0.079668,0.089932,0.10948,0.11486,0.07478,0.039589,0.014663,0.024438,-0.00048876,-0.0053763,-0.025415,-0.030303,-0.045455,-0.040567,-0.060606,-0.040567,-0.05523,-0.035191,-0.045455,0.024438,0.064516,0.22972,0.32502,0.35973,0.029814,-0.12023,-0.19062,-0.11535,-0.060606,-0.050342,-0.040567,-0.045455,-0.030303,-0.035191,-0.020528,-0.035191,-0.020528,-0.035191,-0.010264,-0.020528,-0.00048876,-0.015152,0.0043988,-0.00048876,0.029814,0.01955,0.034702,0.029814,0.044477,0.049853,0.054741,0.039589,0.044477,0.034702,0.044477,0.049853,0.034702,0.024438,0.014663,0.024438,0.0097752,0.014663,0.014663,0.039589,0.014663,0.01955,0.014663,0.034702,0.039589,0.07478,0.079668,0.094819,0.089932,0.12463,0.10459,0.084555,0.054741,0.049853,0.01955,0.0097752,0.014663,-0.015152,-0.035191,-0.040567,-0.035191,-0.05523,-0.040567,-0.05523,-0.030303,-0.035191,0.0043988,0.049853,0.1696,0.28495,0.33969,0.089932,-0.09042,-0.18573,-0.14565,-0.070381,-0.045455,-0.05523,-0.040567,-0.035191,-0.045455,-0.020528,-0.030303,-0.020528,-0.025415,-0.010264,-0.025415,-0.0053763,-0.015152,-0.0053763,-0.010264,0.014663,0.014663,0.029814,0.034702,0.059629,0.039589,0.054741,0.059629,0.054741,0.044477,0.054741,0.039589,0.034702,0.01955,0.024438,0.029814,0.014663,0.024438,0.0097752,0.01955,0.014663,0.024438,0.01955,0.039589,0.034702,0.049853,0.069892,0.089932,0.079668,0.099707,0.089932,0.10948,0.069892,0.054741,0.029814,0.01955,0.0043988,0.0043988,-0.020528,-0.030303,-0.05523,-0.060606,-0.040567,-0.040567,-0.030303,-0.050342,-0.030303,0.024438,0.084555,0.1999,0.32991,0.3651,0.12463,-0.035191,-0.1002,-0.11046,-0.05523,-0.05523,-0.050342,-0.05523,-0.035191,-0.040567,-0.025415,-0.015152,-0.035191,-0.030303,-0.035191,-0.020528,-0.030303,-0.015152,-0.025415,-0.0053763,-0.010264,0.0097752,0.0043988,0.01955,0.014663,0.034702,0.014663,0.034702,0.014663,0.01955,0.029814,0.044477,0.01955,0.014663,0.01955,0.014663,0.029814,0.024438,0.039589,0.01955,0.029814,0.024438,0.039589,0.049853,0.064516,0.084555,0.099707,0.089932,0.11486,0.11486,0.11975,0.07478,0.054741,0.029814,0.029814,0.0043988,0.014663,-0.020528,-0.025415,-0.035191,-0.020528,-0.045455,-0.030303,-0.025415,-0.035191,-0.020528,0.024438,0.079668,0.2346,0.37488,0.40469,0.12463,-0.070381,-0.14565,-0.16569,-0.045455,-0.045455,-0.035191,-0.05523,-0.030303,-0.035191,-0.015152,-0.020528,-0.015152,-0.025415,-0.020528,-0.015152,-0.020528,-0.00048876,-0.010264,0.014663,-0.00048876,0.01955,0.034702,0.054741,0.044477,0.059629,0.049853,0.07478,0.054741,0.059629,0.039589,0.054741,0.039589,0.049853,0.034702,0.039589,0.01955,0.039589,0.024438,0.034702,0.039589,0.034702,0.049853,0.039589,0.059629,0.069892,0.094819,0.089932,0.10459,0.11486,0.12952,0.084555,0.089932,0.044477,0.049853,0.0097752,0.014663,-0.015152,-0.010264,-0.035191,-0.030303,-0.040567,-0.030303,-0.020528,-0.035191,-0.025415,-0.00048876,0.044477,0.15494,0.30499,0.39492,0.20479,-0.030303,-0.13539,-0.16569,-0.070381,-0.050342,-0.035191,-0.045455,-0.030303,-0.035191,-0.015152,-0.030303,-0.010264,-0.025415,-0.010264,-0.025415,-0.010264,-0.0053763,-0.010264,0.0097752,0.0043988,0.024438,0.014663,0.039589,0.034702,0.059629,0.044477,0.059629,0.049853,0.059629,0.034702,0.044477,0.034702,0.039589,0.014663,0.034702,0.0097752,0.01955,0.014663,0.029814,0.014663,0.024438,0.01955,0.039589,0.044477,0.039589,0.07478,0.089932,0.084555,0.10459,0.12463,0.10948,0.084555,0.049853,0.044477,0.024438,0.014663,-0.010264,-0.0053763,-0.040567,-0.035191,-0.05523,-0.050342,-0.05523,-0.040567,-0.050342,-0.035191,0.0043988,0.079668,0.20479,0.32502,0.36999,0.064516,-0.12023,-0.17546,-0.13539,-0.065494,-0.045455,-0.05523,-0.040567,-0.040567,-0.030303,-0.040567,-0.010264,-0.035191,-0.015152,-0.030303,-0.010264,-0.015152,-0.0053763,-0.010264,0.014663,0.0097752,0.034702,0.039589,0.034702,0.049853,0.039589,0.059629,0.039589,0.059629,0.039589,0.049853,0.01955,0.034702,0.0097752,0.024438,0.014663,0.014663,0.014663,0.029814,0.014663,0.024438,0.014663,0.029814,0.014663,0.034702,0.039589,0.07478,0.089932,0.099707,0.10459,0.11486,0.11975,0.094819,0.059629,0.034702,0.024438,0.0043988,-0.0053763,-0.020528,-0.030303,-0.040567,-0.035191,-0.05523,-0.040567,-0.045455,-0.035191,-0.050342,-0.015152,0.034702,0.12463,0.28495,0.37977,0.20479,-0.025415,-0.16031,-0.19062,-0.1002,-0.045455,-0.040567,-0.05523,-0.035191,-0.050342,-0.030303,-0.040567,-0.030303,-0.040567,-0.020528,-0.025415,-0.020528,-0.030303,-0.010264,-0.015152,0.0043988,-0.0053763,0.024438,0.029814,0.044477,0.039589,0.054741,0.039589,0.054741,0.059629,0.029814,0.039589,0.014663,0.029814,0.014663,0.024438,-0.0053763,0.0097752,0.0097752,0.014663,0.0097752,0.024438,0.014663,0.034702,0.039589,0.054741,0.059629,0.089932,0.07478,0.084555,0.10459,0.10948,0.07478,0.059629,0.034702,0.01955,-0.00048876,-0.010264,-0.00048876,-0.035191,-0.030303,-0.05523,-0.05523,-0.05523,-0.045455,-0.05523,-0.050342,-0.05523,0.039589,0.12952,0.30987,0.39003,0.21457,-0.030303,-0.15054,-0.1955,-0.095308,-0.060606,-0.05523,-0.050342,-0.05523,-0.040567,-0.050342,-0.035191,-0.045455,-0.030303,-0.040567,-0.035191,-0.040567,-0.030303,-0.035191,-0.015152,-0.015152,-0.00048876,-0.010264,0.01955,0.014663,0.039589,0.01955,0.039589,0.044477,0.039589,0.034702,0.039589,0.01955,0.0097752,0.014663,-0.0053763,0.014663,-0.00048876,-0.00048876,-0.0053763,0.01955,0.014663,0.014663,0.0043988,0.039589,0.039589,0.07478,0.07478,0.084555,0.084555,0.11486,0.11975,0.084555,0.044477,0.039589,0.01955,0.014663,-0.010264,-0.010264,-0.030303,-0.035191,-0.040567,-0.05523,-0.035191,-0.045455,-0.035191,-0.050342,-0.00048876,0.054741,0.17498,0.32502,0.40469,0.18475,-0.035191,-0.16031,-0.18573,-0.1002,-0.05523,-0.050342,-0.05523,-0.050342,-0.05523,-0.035191,-0.045455,-0.025415,-0.045455,-0.035191,-0.040567,-0.015152,-0.035191,-0.010264,-0.015152,-0.010264,-0.015152,0.014663,0.01955,0.039589,0.029814,0.044477,0.029814,0.039589,0.029814,0.039589,0.014663,0.029814,0.01955,0.029814,0.014663,0.0043988,0.014663,-0.0053763,0.014663,0.024438,0.039589,0.014663,0.029814,0.024438,0.059629,0.069892,0.094819,0.07478,0.10459,0.10459,0.10948,0.064516,0.044477,0.014663,0.014663,-0.010264,-0.0053763,-0.030303,-0.045455,-0.040567,-0.045455,-0.035191,-0.060606,-0.045455,-0.060606,-0.035191,0.0043988,0.07478,0.1999,0.32991,0.37488,0.099707,-0.11046,-0.18035,-0.18573,-0.060606,-0.05523,-0.035191,-0.050342,-0.030303,-0.040567,-0.030303,-0.045455,-0.035191,-0.025415,-0.030303,-0.010264,-0.030303,-0.0053763,-0.015152,0.0043988,-0.0053763,0.014663,0.0043988,0.039589,0.029814,0.049853,0.039589,0.049853,0.029814,0.039589,0.024438,0.039589,0.01955,0.024438,0.0097752,0.014663,-0.00048876,0.014663,0.01955,0.0043988,0.01955,0.0097752,0.029814,0.014663,0.039589,0.034702,0.084555,0.07478,0.089932,0.079668,0.11975,0.099707,0.089932,0.049853,0.039589,0.01955,0.0097752,-0.015152,-0.025415,-0.040567,-0.035191,-0.05523,-0.045455,-0.05523,-0.045455,-0.040567,-0.05523,-0.0053763,0.054741,0.16471,0.3001,0.3651,0.11486,-0.085533,-0.1955,-0.16031,-0.085533,-0.045455,-0.05523,-0.050342,-0.05523,-0.030303,-0.040567,-0.030303,-0.035191,-0.015152,-0.020528,-0.015152,-0.025415,-0.010264,-0.0053763,-0.010264,0.0097752,0.0043988,0.034702,0.029814,0.039589,0.034702,0.059629,0.039589,0.054741,0.039589,0.039589,0.014663,0.01955,0.014663,0.024438,0.014663,0.024438,0.0043988,0.014663,0.01955,0.014663,0.01955,0.014663,0.034702,0.029814,0.059629,0.054741,0.084555,0.084555,0.094819,0.084555,0.11975,0.084555,0.064516,0.01955,0.034702,0.0043988,0.0043988,-0.020528,-0.025415,-0.045455,-0.030303,-0.045455,-0.035191,-0.040567,-0.035191,-0.045455,-0.020528,0.034702,0.12463,0.28495,0.39492,0.2346,0.0097752,-0.12023,-0.17546,-0.095308,-0.050342,-0.040567,-0.05523,-0.035191,-0.045455,-0.020528,-0.015152,-0.010264,-0.030303,-0.015152,-0.010264,-0.020528,-0.010264,-0.015152,-0.010264,-0.015152,0.0043988,0.014663,0.029814,0.039589,0.049853,0.039589,0.049853,0.039589,0.059629,0.034702,0.044477,0.014663,0.039589,0.014663,0.01955,0.014663,0.024438,0.0097752,0.039589,0.01955,0.034702,0.01955,0.024438,0.029814,0.059629,0.07478,0.094819,0.079668,0.07478,0.11486,0.099707,0.064516,0.039589,0.029814,0.01955,0.029814,0.0097752,0.014663,-0.035191,-0.030303,-0.045455,-0.035191,-0.045455,-0.035191,-0.050342,-0.045455,-0.020528,0.054741,0.17498,0.34995,0.41984,0.22483,-0.020528,-0.15543,-0.18035,-0.1002,-0.060606,-0.070381,-0.05523,-0.05523,-0.040567,-0.050342,-0.035191,-0.050342,-0.035191,-0.040567,-0.025415,-0.030303,-0.0053763,-0.020528,-0.010264,-0.015152,-0.00048876,0.0097752,0.034702,0.044477,0.034702,0.039589,0.01955,0.029814,0.01955,0.034702,0.024438,0.029814,0.0043988,0.014663,0.0043988,0.014663,0.0097752,0.024438,0.014663,0.024438,0.014663,0.024438,0.014663,0.044477,0.049853,0.069892,0.07478,0.064516,0.084555,0.12463,0.099707,0.07478,0.049853,0.034702,0.01955,0.0043988,0.014663,-0.010264,-0.025415,-0.040567,-0.035191,-0.045455,-0.030303,-0.045455,-0.035191,-0.040567,0.0097752,0.054741,0.1999,0.33969,0.40469,0.15494,-0.045455,-0.16569,-0.18573,-0.1002,-0.065494,-0.060606,-0.065494,-0.045455,-0.050342,-0.035191,-0.040567,-0.035191,-0.040567,-0.015152,-0.025415,-0.015152,-0.025415,-0.0053763,-0.010264,0.0043988,-0.010264,0.014663,0.01955,0.039589,0.049853,0.039589,0.054741,0.039589,0.049853,0.034702,0.039589,0.014663,0.024438,0.0097752,0.01955,-0.00048876,0.014663,-0.00048876,0.01955,0.014663,0.024438,0.014663,0.029814,0.024438,0.064516,0.084555,0.094819,0.069892,0.10459,0.10948,0.089932,0.054741,0.039589,0.01955,0.014663,-0.00048876,-0.010264,-0.020528,-0.045455,-0.035191,-0.050342,-0.040567,-0.05523,-0.045455,-0.05523,-0.015152,0.01955,0.11486,0.24976,0.37488,0.26002,0.014663,-0.15543,-0.18573,-0.11046,-0.040567,-0.035191,-0.05523,-0.040567,-0.05523,-0.035191,-0.045455,-0.020528,-0.035191,-0.015152,-0.035191,-0.0053763,-0.025415,-0.00048876,-0.010264,0.014663,0.0043988,0.034702,0.029814,0.044477,0.034702,0.059629,0.039589,0.054741,0.034702,0.029814,0.039589,0.01955,0.029814,0.014663,0.01955,-0.0053763,-0.00048876,-0.010264,0.0043988,-0.015152,0.0097752,0.0043988,0.014663,0.014663,0.039589,0.049853,0.084555,0.069892,0.079668,0.084555,0.12463,0.079668,0.064516,0.034702,0.024438,-0.00048876,-0.010264,-0.00048876,-0.035191,-0.030303,-0.045455,-0.040567,-0.05523,-0.035191,-0.05523,-0.045455,-0.050342,0.034702,0.079668,0.25464,0.3651,0.3998,0.049853,-0.095308,-0.18573,-0.11535,-0.065494,-0.045455,-0.05523,-0.040567,-0.035191,-0.040567,-0.05523,-0.030303,-0.025415,-0.050342,-0.020528,-0.035191,-0.015152,-0.025415,-0.010264,-0.025415,-0.0053763,0.0043988,0.034702,0.024438,0.054741,0.054741,0.059629,0.039589,0.044477,0.029814,0.039589,0.034702,0.039589,0.0097752,-0.0053763,0.014663,-0.00048876,0.01955,0.0097752,0.01955,-0.0053763,0.014663,0.014663,0.034702,0.039589,0.064516,0.079668,0.084555,0.07478,0.11975,0.10459,0.089932,0.049853,0.039589,0.024438,0.01955,0.0043988,-0.00048876,-0.035191,-0.035191,-0.05523,-0.040567,-0.025415,-0.050342,-0.030303,-0.035191,0.0043988,0.049853,0.17498,0.32991,0.41496,0.17986,-0.025415,-0.15543,-0.17546,-0.1002,-0.060606,-0.065494,-0.05523,-0.05523,-0.035191,-0.045455,-0.040567,-0.035191,-0.040567,-0.010264,-0.015152,-0.035191,-0.045455,-0.035191,-0.020528,-0.010264,-0.015152,0.014663,-0.00048876,0.024438,0.014663,0.044477,0.029814,0.039589,0.0097752,0.024438,0.014663,0.034702,0.014663,0.024438,0.0097752,0.01955,0.029814,0.024438,-0.00048876,0.014663,0.0043988,0.014663,0.024438,0.044477,0.059629,0.079668,0.089932,0.069892,0.10948,0.12463,0.10948,0.059629,0.049853,0.029814,0.034702,0.0043988,0.0043988,-0.015152,-0.015152,-0.030303,-0.035191,-0.040567,-0.045455,-0.025415,-0.035191,-0.025415,0.039589,0.10948,0.28495,0.41496,0.43988,0.11975,-0.070381,-0.16569,-0.18035,-0.05523,-0.065494,-0.050342,-0.05523,-0.035191,-0.040567,-0.030303,-0.040567,-0.030303,-0.045455,-0.030303,-0.035191,-0.015152,-0.010264,-0.020528,-0.00048876,-0.0053763,0.014663,0.0097752,0.034702,0.044477,0.054741,0.039589,0.049853,0.039589,0.034702,0.014663,0.024438,0.014663,0.01955,0.0043988,0.01955,0.024438,0.014663,0.024438,0.01955,0.014663,0.024438,0.029814,0.044477,0.054741,0.079668,0.089932,0.079668,0.10948,0.11975,0.094819,0.064516,0.044477,0.029814,0.039589,0.0097752,0.014663,-0.015152,-0.020528,-0.040567,-0.035191,-0.050342,-0.035191,-0.045455,-0.035191,-0.035191,0.01955,0.069892,0.22483,0.35484,0.39492,0.089932,-0.10557,-0.17546,-0.18035,-0.075269,-0.070381,-0.05523,-0.050342,-0.035191,-0.045455,-0.030303,-0.040567,-0.035191,-0.045455,-0.030303,-0.025415,-0.020528,-0.035191,-0.030303,-0.020528,-0.00048876,0.0097752,0.01955,0.029814,0.039589,0.034702,0.044477,0.034702,0.024438,0.039589,0.024438,0.029814,0.014663,0.014663,0.0043988,0.014663,-0.00048876,0.014663,-0.0053763,0.014663,0.0043988,0.034702,0.024438,0.034702,0.029814,0.054741,0.069892,0.084555,0.084555,0.10459,0.10948,0.084555,0.064516,0.039589,0.01955,0.0097752,-0.0053763,-0.010264,-0.015152,-0.040567,-0.035191,-0.05523,-0.040567,-0.050342,-0.030303,-0.045455,-0.030303,0.0097752,0.094819,0.22972,0.35973,0.39003,0.049853,-0.12023,-0.19062,-0.13539,-0.05523,-0.045455,-0.05523,-0.045455,-0.05523,-0.040567,-0.050342,-0.025415,-0.030303,-0.015152,-0.030303,-0.015152,-0.030303,-0.0053763,-0.010264,0.014663,0.0097752,0.039589,0.044477,0.054741,0.039589,0.059629,0.044477,0.039589,0.054741,0.059629,0.034702,0.024438,0.039589,0.01955,0.029814,-0.00048876,0.014663,-0.00048876,0.014663,0.0097752,0.024438,0.014663,0.034702,0.01955,0.039589,0.044477,0.089932,0.094819,0.084555,0.094819,0.11975,0.099707,0.07478,0.039589,0.029814,0.039589,0.0043988,0.0097752,-0.025415,-0.035191,-0.05523,-0.035191,-0.05523,-0.045455,-0.050342,-0.030303,-0.045455,0.0043988,0.039589,0.19501,0.32502,0.37488,0.089932,-0.09042,-0.18573,-0.19062,-0.070381,-0.040567,-0.05523,-0.040567,-0.035191,-0.05523,-0.025415,-0.035191,-0.025415,-0.030303,-0.015152,-0.035191,-0.010264,-0.030303,-0.0053763,-0.015152,0.014663,0.0097752,0.029814,0.024438,0.059629,0.039589,0.054741,0.039589,0.044477,0.034702,0.039589,0.024438,0.014663,0.0043988,-0.0053763,0.0097752,-0.0053763,0.029814,0.014663,0.029814,0.0097752,0.034702,0.01955,0.039589,0.029814,0.059629,0.059629,0.07478,0.059629,0.10459,0.10948,0.094819,0.059629,0.049853,0.024438,0.014663,0.0043988,-0.0053763,-0.00048876,-0.035191,-0.020528,-0.040567,-0.035191,-0.045455,-0.030303,-0.05523,-0.025415,0.01955,0.099707,0.24976,0.39003,0.41007,0.11486,-0.09042,-0.17058,-0.14027,-0.040567,-0.030303,-0.045455,-0.040567,-0.060606,-0.030303,-0.040567,-0.030303,-0.050342,-0.035191,-0.035191,-0.015152,-0.010264,-0.015152,-0.035191,-0.020528,-0.015152,0.0043988,-0.00048876,0.01955,0.024438,0.039589,0.029814,0.044477,0.034702,0.039589,0.034702,0.039589,0.014663,0.01955,0.0043988,-0.00048876,0.029814,0.0043988,0.01955,0.014663,0.039589,0.014663,0.029814,0.039589,0.064516,0.069892,0.084555,0.07478,0.11486,0.10459,0.094819,0.059629,0.049853,0.024438,0.039589,0.014663,0.014663,-0.015152,-0.020528,-0.035191,-0.025415,-0.020528,-0.035191,-0.025415,-0.050342,-0.035191,-0.00048876,0.059629,0.20968,0.37977,0.43011,0.19501,-0.025415,-0.13539,-0.17058,-0.070381,-0.060606,-0.05523,-0.070381,-0.065494,-0.05523,-0.025415,-0.045455,-0.050342,-0.035191,-0.050342,-0.030303,-0.045455,-0.015152,-0.020528,-0.010264,-0.025415,-0.0053763,-0.015152,0.0043988,-0.00048876,0.034702,0.01955,0.039589,0.029814,0.039589,0.01955,0.029814,0.01955,0.034702,0.014663,0.01955,0.0097752,0.014663,0.01955,0.014663,0.029814,0.024438,0.039589,0.039589,0.059629,0.084555,0.099707,0.084555,0.10948,0.10948,0.11486,0.079668,0.084555,0.039589,0.049853,0.014663,0.014663,-0.015152,-0.025415,-0.035191,-0.035191,-0.040567,-0.045455,-0.035191,-0.040567,-0.035191,0.024438,0.07478,0.24487,0.39492,0.43011,0.15494,-0.060606,-0.15054,-0.17058,-0.060606,-0.05523,-0.040567,-0.050342,-0.045455,-0.060606,-0.035191,-0.045455,-0.035191,-0.045455,-0.025415,-0.035191,-0.040567,-0.025415,-0.035191,-0.015152,0.0043988,0.014663,0.0097752,0.029814,0.039589,0.054741,0.039589,0.044477,0.039589,0.049853,0.01955,0.029814,0.014663,0.024438,0.0097752,0.014663,0.0097752,0.01955,-0.010264,0.014663,0.0043988,0.024438,0.029814,0.044477,0.059629,0.079668,0.084555,0.07478,0.10459,0.10948,0.084555,0.054741,0.044477,0.014663,0.01955,-0.0053763,0.0043988,-0.045455,-0.035191,-0.045455,-0.035191,-0.060606,-0.050342,-0.05523,-0.040567,-0.030303,0.039589,0.094819,0.27468,0.37977,0.38514,0.014663,-0.14027,-0.19062,-0.11535,-0.060606,-0.070381,-0.05523,-0.060606,-0.045455,-0.050342,-0.035191,-0.040567,-0.025415,-0.045455,-0.025415,-0.030303,-0.015152,-0.025415,-0.010264,-0.0053763,0.014663,0.01955,0.039589,0.024438,0.044477,0.054741,0.039589,0.044477,0.034702,0.039589,0.01955,0.034702,0.0097752,0.014663,0.0097752,0.014663,-0.0053763,0.0043988,-0.00048876,0.0097752,-0.0053763,0.014663,0.024438,0.039589,0.039589,0.07478,0.094819,0.07478,0.084555,0.10948,0.11486,0.07478,0.044477,0.024438,0.034702,-0.0053763,0.0043988,-0.015152,-0.020528,-0.050342,-0.035191,-0.050342,-0.035191,-0.05523,-0.030303,-0.035191,0.0097752,0.044477,0.17498,0.30499,0.36999,0.11486,-0.080645,-0.16569,-0.18035,-0.070381,-0.045455,-0.035191,-0.060606,-0.040567,-0.045455,-0.030303,-0.045455,-0.030303,-0.035191,-0.010264,-0.025415,-0.010264,-0.015152,-0.0053763,-0.010264,0.0097752,0.0043988,0.039589,0.039589,0.049853,0.044477,0.054741,0.044477,0.054741,0.034702,0.01955,0.029814,0.01955,0.034702,-0.00048876,0.014663,-0.00048876,0.014663,0.0043988,0.024438,0.014663,0.034702,0.014663,0.034702,0.039589,0.084555,0.079668,0.089932,0.084555,0.12463,0.099707,0.084555,0.049853,0.034702,0.044477,0.01955,0.0097752,-0.010264,-0.020528,-0.045455,-0.035191,-0.05523,-0.035191,-0.045455,-0.035191,-0.050342,0.0097752,0.054741,0.17498,0.30499,0.39003,0.15982,-0.030303,-0.15543,-0.17546,-0.095308,-0.05523,-0.045455,-0.050342,-0.035191,-0.050342,-0.025415,-0.045455,-0.030303,-0.040567,-0.035191,-0.040567,-0.015152,-0.035191,-0.010264,-0.025415,-0.010264,-0.010264,0.034702,0.029814,0.039589,0.044477,0.059629,0.044477,0.039589,0.054741,0.029814,0.034702,0.014663,0.034702,0.014663,0.01955,-0.00048876,0.014663,0.0043988,0.01955,-0.0053763,0.014663,0.01955,0.049853,0.039589,0.07478,0.079668,0.094819,0.084555,0.12463,0.10459,0.084555,0.054741,0.034702,0.039589,0.024438,0.0043988,-0.010264,-0.025415,-0.015152,-0.035191,-0.050342,-0.035191,-0.060606,-0.035191,-0.050342,-0.0053763,0.054741,0.1999,0.34995,0.43011,0.20968,-0.0053763,-0.15054,-0.17058,-0.095308,-0.035191,-0.05523,-0.035191,-0.045455,-0.050342,-0.035191,-0.050342,-0.035191,-0.040567,-0.050342,-0.030303,-0.025415,-0.045455,-0.020528,-0.035191,-0.020528,-0.030303,-0.00048876,0.0097752,0.029814,0.014663,0.039589,0.044477,0.039589,0.029814,0.039589,-0.0053763,0.029814,0.029814,0.024438,0.029814,0.01955,0.0043988,-0.00048876,0.0097752,-0.00048876,0.034702,0.054741,0.039589,0.029814,0.089932,0.07478,0.084555,0.079668,0.12463,0.10459,0.079668,0.034702,0.039589,0.014663,0.0097752,-0.0053763,-0.0053763,-0.025415,-0.020528,-0.015152,-0.030303,-0.05523,-0.035191,-0.025415,-0.040567,0.01955,0.094819,0.26979,0.41496,0.47019,0.14956,-0.040567,-0.16031,-0.17058,-0.080645,-0.050342,-0.065494,-0.05523,-0.05523,-0.040567,-0.05523,-0.020528,-0.035191,-0.040567,-0.050342,-0.030303,-0.025415,-0.035191,-0.015152,-0.010264,-0.015152,-0.020528,0.014663,0.01955,0.034702,0.024438,0.049853,0.029814,0.039589,0.029814,0.029814,0.024438,0.029814,0.0097752,0.014663,-0.00048876,0.014663,0.0043988,0.014663,0.01955,0.014663,0.014663,0.044477,0.049853,0.069892,0.084555,0.079668,0.094819,0.089932,0.10459,0.07478,0.049853,0.01955,0.034702,0.0043988,0.0097752,-0.025415,-0.025415,-0.035191,-0.035191,-0.040567,-0.035191,-0.05523,-0.045455,-0.040567,0.0097752,0.069892,0.24487,0.36999,0.41007,0.11486,-0.075269,-0.17546,-0.18035,-0.080645,-0.060606,-0.05523,-0.065494,-0.05523,-0.060606,-0.035191,-0.045455,-0.035191,-0.045455,-0.035191,-0.040567,-0.030303,-0.045455,-0.020528,-0.025415,0.0043988,-0.0053763,0.01955,0.024438,0.034702,0.039589,0.024438,0.049853,0.039589,0.044477,0.014663,0.01955,0.014663,0.01955,0.0043988,0.014663,0.0043988,0.014663,0.0097752,0.01955,0.014663,0.024438,0.034702,0.054741,0.059629,0.089932,0.079668,0.094819,0.10948,0.11486,0.07478,0.049853,0.024438,0.01955,0.014663,-0.00048876,-0.010264,-0.035191,-0.035191,-0.050342,-0.050342,-0.05523,-0.045455,-0.050342,-0.040567,-0.020528,0.049853,0.1349,0.30499,0.37977,0.19501,-0.050342,-0.16031,-0.17546,-0.085533,-0.060606,-0.065494,-0.05523,-0.065494,-0.040567,-0.060606,-0.050342,-0.045455,-0.035191,-0.040567,-0.015152,-0.030303,-0.010264,-0.030303,-0.00048876,-0.010264,0.024438,0.01955,0.034702,0.024438,0.054741,0.039589,0.044477,0.054741,0.039589,0.044477,0.034702,0.014663,0.0097752,0.039589,-0.0053763,0.0043988,-0.010264,0.0043988,-0.00048876,0.01955,0.014663,0.039589,0.044477,0.059629,0.044477,0.084555,0.064516,0.10459,0.11975,0.12952,0.054741,0.034702,0.014663,0.0097752,-0.020528,-0.030303,-0.015152,-0.030303,-0.035191,-0.025415,-0.050342,-0.05523,-0.025415,-0.050342,-0.040567,-0.030303,0.044477,0.15494,0.34506,0.41007,0.19501,-0.0053763,-0.10557,-0.17546,-0.1002,-0.045455,-0.050342,-0.075269,-0.085533,-0.060606,-0.075269,-0.020528,-0.045455,-0.025415,-0.030303,-0.00048876,-0.05523,-0.040567,-0.030303,0.014663,-0.020528,-0.025415,-0.0053763,0.024438,-0.010264,0.0097752,0.014663,0.024438,0.029814,0.039589,0.034702,0.054741,0.059629,0.039589,0.049853,0.024438,0.024438,0.01955,0.044477,0.024438,0.049853,0.054741,0.07478,0.059629,0.089932,0.10948,0.12463,0.10459,0.1349,0.14956,0.13978,0.094819,0.084555,0.069892,0.07478,0.044477,0.049853,0.0097752,0.024438,-0.00048876,-0.010264,0.014663,-0.010264,0.0097752,-0.020528,0.01955,0.084555,0.18964,0.33969,0.47996,0.30987,0.12463,-0.030303,-0.085533,-0.09042,-0.035191,-0.05523,-0.040567,-0.05523,-0.035191,-0.050342,-0.035191,-0.025415,-0.040567,-0.020528,-0.045455,-0.030303,-0.035191,-0.030303,-0.05523,-0.020528,-0.015152,-0.010264,-0.025415,-0.00048876,-0.010264,0.0097752,-0.0053763,0.01955,-0.0053763,0.01955,0.014663,0.034702,0.014663,0.024438,0.0043988,0.01955,0.024438,0.014663,0.029814,0.014663,0.054741,0.034702,0.069892,0.064516,0.084555,0.089932,0.099707,0.07478,0.064516,0.024438,0.034702,-0.00048876,0.014663,-0.010264,-0.010264,-0.045455,-0.020528,-0.045455,-0.060606,-0.065494,-0.035191,-0.030303,-0.050342,0.0097752,0.099707,0.27468,0.39492,0.45015,0.10459,-0.065494,-0.17546,-0.095308,-0.075269,-0.05523,-0.065494,-0.060606,-0.070381,-0.045455,-0.05523,-0.040567,-0.05523,-0.035191,-0.05523,-0.035191,-0.035191,-0.020528,-0.035191,-0.010264,-0.015152,-0.0053763,0.014663,0.029814,0.039589,0.039589,0.059629,0.039589,0.044477,0.029814,0.039589,0.01955,0.024438,0.014663,0.01955,-0.0053763,0.0043988,0.0097752,0.024438,0.01955,0.034702,0.01955,0.039589,0.039589,0.054741,0.07478,0.099707,0.089932,0.079668,0.10948,0.10459,0.07478,0.014663,-0.010264,-0.010264,-0.0053763,-0.015152,-0.010264,-0.040567,-0.040567,-0.050342,-0.045455,-0.05523,-0.035191,-0.060606,-0.030303,0.014663,0.11486,0.26491,0.40469,0.41496,0.0097752,-0.15054,-0.18573,-0.09042,-0.075269,-0.080645,-0.05523,-0.050342,-0.05523,-0.030303,-0.040567,-0.020528,-0.045455,-0.0053763,-0.030303,-0.015152,-0.020528,-0.025415,-0.030303,-0.010264,0.0097752,0.01955,0.029814,0.034702,0.024438,0.039589,0.044477,0.039589,0.034702,0.034702,0.029814,0.01955,0.034702,0.0097752,0.0043988,-0.0053763,0.014663,0.014663,0.029814,0.014663,0.014663,0.014663,0.039589,0.034702,0.079668,0.094819,0.084555,0.099707,0.12463,0.07478,0.054741,0.01955,0.0043988,-0.015152,-0.020528,0.0043988,-0.035191,-0.030303,-0.05523,0.024438,0.039589,0.054741,0.044477,0.059629,0.044477,0.049853,0.034702,0.039589,0.014663,0.029814,0.014663,0.029814,0.01955,0.029814,0.014663,0.01955,0.014663,0.044477,0.054741,0.084555,0.089932,0.069892,0.094819,0.10948,0.064516,0.044477,0.014663,0.0097752,-0.0053763,-0.010264,-0.00048876,-0.035191,-0.040567,-0.050342,-0.030303,-0.050342,-0.040567,-0.060606,-0.015152,0.01955,0.059629,0.17498,0.32991,0.37488,0.10459,-0.10557,-0.20039,-0.14027,-0.075269,-0.060606,-0.070381,-0.050342,-0.065494,-0.045455,-0.05523,-0.035191,-0.040567,-0.020528,-0.035191,-0.025415,-0.035191,-0.015152,-0.015152,-0.0053763,-0.020528,-0.00048876,0.014663,0.034702,0.024438,0.054741,0.034702,0.049853,0.059629,0.069892,0.054741,0.059629,0.039589,0.029814,0.039589,0.014663,0.029814,0.024438,0.0097752,0.014663,0.01955,0.0097752,0.039589,0.054741,0.084555,0.079668,0.099707,0.094819,0.11486,0.079668,0.059629,0.014663,0.01955,-0.010264,-0.010264,-0.0053763,-0.035191,-0.050342,-0.05523,-0.040567,-0.070381,-0.045455,-0.045455,-0.035191,0.0097752,0.07478,0.17498,0.28983,0.30987,0.044477,-0.13539,-0.1955,-0.15543,-0.05523,-0.050342,-0.05523,-0.05523,-0.030303,-0.045455,-0.030303,-0.025415,-0.030303,-0.010264,-0.010264,-0.015152,-0.0053763,0.0043988,-0.010264,0.014663,0.0097752,0.024438,0.014663,0.049853,0.039589,0.044477,0.039589,0.059629,0.034702,0.029814,0.014663,0.054741,0.034702,0.029814,0.039589,0.039589,0.029814,0.024438,0.034702,0.024438,0.039589,0.054741,0.059629,0.079668,0.10459,0.079668,0.10459,0.10459,0.11975,0.069892,0.054741,0.014663,0.024438,-0.010264,-0.00048876,-0.015152,-0.020528,-0.050342,-0.035191,-0.040567,-0.035191,-0.040567,-0.025415,-0.010264,0.039589,0.084555,0.23998,0.35484,0.37488,0.054741,-0.11535,-0.17546,-0.11535,-0.060606,-0.070381,-0.040567,-0.05523,-0.030303,-0.035191,-0.015152,-0.040567,-0.045455,-0.020528,-0.010264,-0.0053763,-0.010264,-0.00048876,-0.010264,0.0043988,0.0097752,0.0097752,0.01955,0.034702,0.024438,0.044477,0.034702,0.059629,0.054741,0.059629,0.039589,0.044477,0.0097752,0.014663,-0.0053763,-0.010264,0.0043988,-0.0053763,-0.010264,0.01955,0.034702,0.01955,0.059629,0.07478,0.064516,0.059629,0.10459,0.089932,0.094819,0.034702,0.01955,-0.010264,-0.010264,-0.025415,-0.015152,-0.040567,-0.040567,-0.070381,-0.050342,-0.05523,-0.050342,-0.075269,-0.025415,0.014663,0.084555,0.1999,0.29472,0.31965,-0.010264,-0.17546,-0.22043,-0.13539,-0.085533,-0.060606,-0.05523,-0.065494,-0.070381,-0.05523,-0.075269,-0.05523,-0.025415,-0.015152,-0.05523,-0.040567,-0.015152,0.0043988,0.0043988,0.014663,-0.0053763,-0.010264,0.01955,-0.0053763,-0.00048876,0.034702,0.039589,0.039589,0.039589,0.084555,0.099707,0.039589,0.0097752,-0.010264,0.0097752,-0.00048876,0.014663,-0.015152,0.0097752,0.029814,0.049853,0.044477,0.049853,0.039589,0.054741,0.059629,0.094819,0.10459,0.11486,0.079668,0.054741,0.014663,0.029814,0.039589,0.014663,0.039589,-0.00048876,0.024438,-0.015152,-0.00048876,-0.030303,-0.010264,-0.010264,0.024438,0.044477,0.12463,0.24487,0.41984,0.45992,0.17986,-0.025415,-0.10557,-0.1305,-0.040567,-0.030303,-0.040567,-0.025415,-0.035191,-0.015152,-0.00048876,0.0043988,-0.0053763,0.014663,-0.0053763,-0.00048876,-0.010264,-0.00048876,-0.015152,-0.00048876,-0.0053763,0.029814,0.024438,0.044477,0.044477,0.044477,0.024438,0.069892,0.049853,0.059629,0.044477,0.044477,0.01955,0.0097752,0.024438,0.0043988,0.014663,0.0097752,0.01955,0.014663,0.049853,0.064516,0.084555,0.064516,0.10459,0.089932,0.094819,0.039589,0.044477,0.014663,0.01955,-0.010264,-0.0053763,-0.040567,-0.045455,-0.035191,-0.035191,-0.040567,-0.045455,-0.035191,-0.050342,-0.020528,0.029814,0.14956,0.28006,0.35484,0.15982,-0.05523,-0.18573,-0.15543,-0.12023,-0.070381,-0.080645,-0.060606,-0.060606,-0.045455,-0.040567,-0.05523,-0.050342,-0.05523,-0.035191,-0.050342,-0.025415,-0.035191,-0.020528,-0.025415,-0.010264,-0.015152,0.014663,0.0097752,0.034702,0.039589,0.049853,0.024438,0.054741,0.034702,0.014663,0.0097752,0.029814,-0.00048876,0.01955,-0.010264,-0.015152,-0.035191,-0.00048876,-0.010264,0.014663,0.0043988,0.034702,0.029814,0.064516,0.07478,0.059629,0.084555,0.07478,0.094819,0.069892,0.079668,0.01955,0.0097752,-0.030303,-0.015152,-0.040567,-0.045455,-0.070381,-0.050342,-0.060606,-0.035191,-0.045455,-0.020528,-0.015152,0.064516,0.12952,0.28006,0.37977,0.2346,0.034702,-0.11535,-0.16569,-0.17058,-0.050342,-0.060606,-0.050342,-0.070381,-0.030303,-0.035191,-0.035191,-0.050342,-0.040567,-0.025415,-0.020528,-0.040567,-0.010264,-0.025415,0.0043988,-0.015152,-0.010264,-0.010264,0.014663,0.029814,0.024438,0.049853,0.069892,0.07478,0.044477,0.059629,0.054741,0.059629,0.049853,0.054741,0.034702,0.044477,0.024438,0.039589,0.039589,0.054741,0.054741,0.07478,0.084555,0.10948,0.12463,0.15494,0.094819,0.069892,0.054741,0.039589,0.044477,0.024438,0.0097752,-0.010264,-0.0053763,-0.025415,-0.010264,-0.035191,-0.015152,-0.045455,-0.035191,-0.015152,0.059629,0.12463,0.27468,0.39003,0.3998,0.099707,-0.025415,-0.095308,-0.10557,-0.065494,-0.05523,-0.050342,-0.035191,-0.025415,-0.040567,-0.025415,-0.035191,-0.030303,-0.050342,-0.015152,-0.010264,-0.025415,-0.040567,-0.035191,-0.045455,-0.030303,-0.020528,-0.0053763,-0.010264,0.014663,0.014663,0.039589,0.01955,0.0097752,0.0043988,0.024438,0.029814,0.014663,0.024438,0.0043988,0.01955,-0.00048876,0.014663,0.014663,0.034702,0.039589,0.054741,0.059629,0.084555,0.059629,0.094819,0.10948,0.11975,0.069892,0.059629,0.029814,0.034702,0.0097752,0.01955,-0.00048876,-0.010264,-0.035191,-0.045455,-0.035191,-0.030303,-0.025415,-0.030303,-0.010264,0.029814,0.089932,0.22483,0.35484,0.39003,0.11975,-0.09042,-0.15543,-0.16569,-0.060606,-0.065494,-0.050342,-0.045455,-0.020528,-0.035191,-0.025415,-0.050342,-0.025415,-0.015152,-0.020528,-0.015152,-0.040567,-0.020528,0.0097752,0.014663,-0.00048876,0.014663,0.014663,0.039589,0.039589,0.059629,0.034702,0.049853,0.034702,0.059629,0.034702,0.054741,0.024438,0.029814,0.0097752,-0.00048876,0.029814,0.024438,0.034702,0.039589,0.01955,0.039589,0.059629,0.064516,0.079668,0.094819,0.10459,0.10948,0.089932,0.049853,0.049853,0.029814,0.01955,-0.0053763,0.0043988,-0.040567,-0.045455,-0.030303,-0.030303,-0.05523,-0.070381,-0.05523,-0.060606,0.01955,0.069892,0.20479,0.31965,0.34506,0.034702,-0.12023,-0.19062,-0.12023,-0.085533,-0.065494,-0.065494,-0.065494,-0.060606,-0.05523,-0.060606,-0.040567,-0.040567,-0.040567,-0.05523,-0.025415,-0.015152,-0.020528,-0.0053763,-0.00048876,-0.035191,-0.0053763,0.014663,-0.0053763,-0.00048876,0.024438,0.044477,0.034702,0.01955,0.0097752,0.049853,0.01955,0.0097752,0.0043988,0.01955,0.014663,0.039589,-0.0053763,0.029814,0.039589,0.039589,0.014663,0.039589,0.069892,0.089932,0.084555,0.12952,0.1349,0.07478,0.034702,0.0097752,0.01955,0.014663,0.039589,0.014663,-0.020528,-0.035191,0.014663,-0.025415,-0.05523,-0.060606,-0.025415,-0.050342,-0.010264,0.034702,0.13978,0.31476,0.44477,0.30987,0.12463,-0.025415,-0.11046,-0.085533,-0.040567,-0.030303,-0.09042,-0.10557,-0.065494,-0.030303,-0.065494,-0.070381,-0.05523,-0.035191,-0.045455,-0.020528,-0.030303,-0.015152,-0.030303,0.0043988,-0.010264,0.014663,0.01955,0.039589,0.01955,0.039589,0.044477,0.039589,0.049853,0.034702,0.049853,0.039589,0.054741,0.034702,0.064516,0.059629,0.064516,0.054741,0.064516,0.059629,0.094819,0.099707,0.12952,0.11975,0.1349,0.13978,0.14467,0.089932,0.079668,0.049853,0.039589,0.0097752,0.034702,0.0043988,-0.010264,-0.00048876,-0.030303,-0.010264,-0.010264,-0.020528,-0.035191,-0.010264,0.034702,0.10948,0.26491,0.40469,0.43011,0.10459,-0.09042,-0.17546,-0.11046,-0.080645,-0.085533,-0.075269,-0.080645,-0.05523,-0.050342,-0.060606,-0.035191,-0.050342,-0.05523,-0.040567,-0.035191,-0.050342,-0.020528,-0.030303,-0.010264,-0.025415,-0.00048876,-0.0053763,0.014663,0.014663,0.039589,0.029814,0.044477,0.029814,0.024438,0.014663,0.014663,-0.00048876,0.01955,0.014663,0.0043988,0.014663,-0.0053763,0.01955,0.0043988,0.029814,0.01955,0.054741,0.084555,0.079668,0.089932,0.10948,0.094819,0.07478,0.044477,0.024438,0.0097752,-0.00048876,-0.015152,-0.0053763,-0.025415,-0.030303,-0.040567,-0.035191,-0.050342,-0.025415,-0.040567,-0.045455,0.0043988,0.084555,0.23998,0.36999,0.435,0.14956,-0.035191,-0.14565,-0.1002,-0.060606,-0.050342,-0.060606,-0.050342,-0.065494,-0.035191,-0.030303,-0.050342,-0.05523,-0.025415,-0.035191,-0.010264,-0.020528,-0.025415,-0.030303,-0.015152,-0.025415,0.014663,0.029814,0.01955,0.039589,0.01955,0.044477,0.034702,0.044477,0.034702,0.044477,0.024438,0.029814,0.01955,0.044477,0.024438,0.014663,0.01955,0.039589,0.01955,0.044477,0.049853,0.059629,0.069892,0.094819,0.069892,0.059629,0.10459,0.11486,0.089932,0.049853,0.014663,0.029814,0.0097752,-0.010264,-0.00048876,-0.040567,-0.045455,-0.05523,-0.035191,-0.05523,-0.040567,-0.05523,-0.05523,-0.00048876,0.079668,0.22972,0.37488,0.42473,0.14956,-0.070381,-0.17546,-0.12561,-0.085533,-0.075269,-0.09042,-0.075269,-0.060606,-0.045455,-0.065494,-0.040567,-0.060606,-0.040567,-0.05523,-0.050342,-0.05523,-0.025415,-0.020528,-0.015152,-0.020528,0.0097752,0.01955,0.039589,0.01955,0.044477,0.049853,0.039589,0.054741,0.039589,0.059629,0.034702,0.034702,0.01955,0.014663,0.0097752,0.024438,0.014663,0.034702,0.014663,0.024438,0.024438,0.039589,0.039589,0.07478,0.079668,0.069892,0.094819,0.10948,0.07478,0.054741,0.014663,0.014663,-0.00048876,-0.010264,-0.015152,-0.035191,-0.030303,-0.060606,-0.040567,-0.075269,-0.070381,-0.085533,-0.065494,-0.050342,0.034702,0.14956,0.28983,0.32502,0.079668,-0.13539,-0.21554,-0.18035,-0.09042,-0.075269,-0.085533,-0.065494,-0.070381,-0.050342,-0.05523,-0.045455,-0.05523,-0.035191,-0.05523,-0.035191,-0.015152,-0.010264,-0.045455,-0.030303,-0.030303,-0.010264,-0.020528,0.0097752,0.024438,0.044477,0.064516,0.054741,0.084555,0.064516,0.029814,0.014663,0.034702,0.0043988,-0.0053763,-0.010264,0.0097752,-0.0053763,0.024438,0.01955,0.064516,0.024438,0.024438,0.014663,0.059629,0.084555,0.10459,0.089932,0.11486,0.11975,0.10948,0.079668,0.059629,0.034702,0.044477,0.014663,0.024438,-0.00048876,-0.015152,-0.010264,-0.020528,-0.015152,-0.030303,0.0043988,-0.010264,0.054741,0.089932,0.21994,0.35973,0.43011,0.21994,0.014663,-0.12023,-0.15054,-0.085533,-0.030303,-0.040567,-0.045455,-0.035191,-0.015152,-0.030303,-0.035191,-0.020528,-0.025415,-0.0053763,-0.020528,-0.00048876,-0.015152,-0.00048876,-0.015152,-0.00048876,-0.010264,0.0043988,-0.00048876,0.029814,0.01955,0.049853,0.044477,0.059629,0.044477,0.069892,0.039589,0.044477,0.029814,0.039589,0.014663,0.024438,0.014663,0.0097752,0.039589,0.054741,0.064516,0.059629,0.079668,0.069892,0.10948,0.099707,0.07478,0.024438,0.039589,0.0097752,0.014663,-0.0053763,-0.020528,-0.045455,-0.035191,-0.05523,-0.035191,-0.045455,-0.050342,-0.040567,-0.05523,0.0097752,0.094819,0.23998,0.35973,0.39003,0.054741,-0.10557,-0.17546,-0.1002,-0.070381,-0.05523,-0.070381,-0.05523,-0.080645,-0.045455,-0.05523,-0.040567,-0.05523,-0.015152,-0.035191,-0.025415,-0.040567,-0.010264,-0.025415,-0.035191,0.0043988,-0.020528,0.0097752,0.049853,0.054741,0.044477,0.054741,0.029814,0.049853,0.059629,0.069892,0.024438,0.034702,0.024438,0.029814,0.014663,0.01955,0.0097752,0.014663,-0.010264,-0.00048876,0.014663,0.034702,0.049853,0.059629,0.064516,0.07478,0.079668,0.059629,0.094819,0.10459,0.079668,0.044477,0.0097752,-0.0053763,0.0043988,-0.010264,-0.0053763,-0.030303,-0.045455,-0.060606,-0.060606,-0.065494,-0.035191,-0.050342,-0.025415,0.0097752,0.084555,0.25464,0.37977,0.41007,0.059629,-0.11046,-0.17058,-0.095308,-0.080645,-0.075269,-0.065494,-0.05523,-0.05523,-0.075269,-0.085533,-0.035191,-0.045455,-0.035191,-0.050342,-0.010264,-0.020528,0.014663,-0.030303,-0.010264,-0.030303,0.029814,0.039589,0.059629,0.049853,0.059629,0.049853,0.059629,0.064516,0.034702,0.039589,0.059629,0.064516,0.034702,0.039589,0.014663,0.039589,0.014663,0.0097752,-0.00048876,0.0097752,0.034702,0.054741,0.069892,0.10459,0.084555,0.11975,0.12463,0.10459,0.084555,0.039589,0.014663,0.034702,0.0043988,-0.0053763,-0.025415,-0.035191,-0.050342,-0.05523,-0.05523,-0.045455,-0.035191,-0.050342,-0.020528,0.024438,0.099707,0.22972,0.34506,0.36999,0.024438,-0.13539,-0.18573,-0.095308,-0.05523,-0.070381,-0.060606,-0.05523,-0.040567,-0.035191,-0.060606,-0.050342,-0.035191,-0.020528,-0.030303,-0.020528,-0.035191,-0.025415,-0.035191,0.014663,0.0043988,0.014663,0.0097752,0.039589,0.059629,0.069892,0.049853,0.069892,0.049853,0.064516,0.049853,0.044477,0.029814,0.024438,0.029814,0.0097752,0.0097752,0.01955,0.029814,0.01955,0.029814,0.0043988,0.039589,0.029814,0.069892,0.084555,0.084555,0.094819,0.12463,0.094819,0.084555,0.034702,0.029814,0.014663,-0.00048876,-0.010264,-0.015152,-0.035191,-0.040567,-0.035191,-0.045455,-0.035191,-0.035191,-0.045455,-0.050342,0.014663,0.079668,0.22483,0.3001,0.11975,-0.13539,-0.22043,-0.24536,-0.11535,-0.10557,-0.05523,-0.050342,-0.05523,-0.070381,-0.045455,-0.035191,-0.035191,-0.05523,-0.030303,-0.015152,-0.020528,0.0043988,-0.040567,-0.075269,-0.025415,-0.00048876,-0.010264,0.039589,0.029814,0.044477,0.039589,0.044477,0.024438,0.039589,0.0097752,0.014663,0.0043988,0.01955,-0.0053763,-0.015152,-0.010264,-0.015152,0.0043988,0.024438,0.034702,0.044477,0.059629,0.049853,0.084555,0.10459,0.12463,0.10948,0.1696,0.15494,0.14467,0.10459,0.099707,0.059629,0.07478,0.039589,0.049853,0.01955,0.039589,-0.015152,-0.035191,-0.00048876,-0.030303,-0.045455,0.024438,0.054741,0.11486,0.1999,0.34995,0.41984,0.2346,0.014663,-0.12561,-0.16031,-0.11535,-0.05523,-0.040567,-0.020528,-0.040567,-0.045455,-0.030303,-0.0053763,0.0043988,-0.010264,-0.020528,-0.030303,-0.020528,-0.015152,-0.035191,-0.015152,-0.025415,-0.00048876,-0.0053763,0.01955,0.039589,0.039589,0.024438,0.049853,0.079668,0.054741,0.064516,0.049853,0.039589,0.029814,0.044477,0.01955,0.039589,0.014663,0.034702,0.024438,0.054741,0.049853,0.084555,0.094819,0.064516,0.084555,0.10459,0.07478,0.049853,0.024438,-0.010264,-0.0053763,-0.025415,-0.010264,-0.060606,-0.050342,-0.05523,-0.040567,-0.060606,-0.070381,-0.050342,-0.030303,-0.00048876,0.064516,0.17498,0.32502,0.37977,0.12463,-0.075269,-0.15543,-0.11535,-0.080645,-0.070381,-0.085533,-0.045455,-0.05523,-0.045455,-0.050342,-0.035191,-0.050342,-0.035191,-0.035191,-0.010264,-0.035191,-0.020528,-0.015152,-0.0053763,-0.030303,0.0043988,0.0097752,0.039589,0.014663,0.029814,0.039589,0.034702,0.084555,0.069892,0.049853,0.039589,0.044477,0.029814,0.024438,0.0097752,0.01955,0.0097752,0.024438,-0.0053763,0.01955,-0.00048876,0.01955,0.014663,0.049853,0.039589,0.059629,0.059629,0.079668,0.084555,0.099707,0.10459,0.064516,0.014663,-0.0053763,0.0097752,-0.015152,0.0043988,-0.035191,-0.030303,-0.065494,-0.060606,-0.070381,-0.045455,-0.060606,-0.050342,-0.025415,0.044477,0.13978,0.29472,0.35484,0.16471,-0.070381,-0.17546,-0.18573,-0.080645,-0.065494,-0.070381,-0.045455,-0.05523,-0.065494,-0.035191,-0.040567,-0.05523,-0.045455,-0.050342,-0.035191,-0.050342,-0.040567,-0.045455,-0.05523,-0.060606,-0.035191,-0.040567,0.0097752,0.014663,0.034702,0.034702,0.049853,0.054741,0.039589,0.049853,0.034702,0.039589,0.014663,-0.0053763,-0.015152,-0.035191,-0.040567,-0.030303,-0.045455,-0.025415,-0.00048876,0.014663,0.0043988,0.084555,0.069892,0.069892,0.049853,0.084555,0.039589,0.039589,0.024438,0.039589,-0.00048876,0.0043988,-0.040567,-0.045455,-0.040567,-0.060606,-0.045455,-0.05523,-0.065494,-0.070381,-0.035191,-0.080645,0.029814,0.049853,0.21457,0.35973,0.43011,0.1696,0.0043988,-0.1002,-0.12023,-0.09042,-0.035191,-0.05523,-0.085533,-0.1002,-0.035191,-0.070381,-0.050342,-0.070381,-0.05523,-0.040567,-0.05523,-0.020528,-0.035191,-0.060606,-0.065494,-0.010264,-0.015152,-0.025415,-0.035191,0.0097752,0.039589,0.029814,0.01955,0.039589,0.01955,0.044477,0.039589,0.07478,0.084555,0.044477,0.014663,0.049853,0.054741,0.01955,0.039589,0.0043988,0.034702,0.059629,0.11975,0.14956,0.099707,0.084555,0.12952,0.10948,0.094819,0.054741,0.069892,0.034702,0.029814,0.039589,0.024438,0.014663,0.01955,-0.030303,-0.035191,-0.035191,-0.010264,-0.035191,-0.0053763,0.054741,0.16471,0.3651,0.48485,0.49511,0.1696,-0.035191,-0.14565,-0.15054,-0.065494,-0.060606,-0.085533,-0.045455,-0.060606,-0.00048876,-0.010264,-0.015152,-0.020528,-0.010264,-0.050342,-0.035191,-0.045455,-0.015152,-0.020528,-0.00048876,-0.025415,-0.010264,0.0097752,0.034702,0.059629,0.044477,0.039589,0.029814,0.039589,0.024438,0.034702,0.01955,0.039589,0.039589,0.049853,0.029814,0.034702,0.0043988,0.024438,0.024438,0.049853,0.01955,0.059629,0.059629,0.07478,0.069892,0.10948,0.12463,0.099707,0.044477,0.029814,0.049853,0.014663,0.0043988,-0.020528,-0.035191,-0.045455,-0.025415,-0.060606,-0.040567,-0.050342,-0.035191,-0.045455,0.0043988,0.039589,0.19501,0.37488,0.45503,0.24487,0.014663,-0.14565,-0.18035,-0.11046,-0.09042,-0.085533,-0.09042,-0.05523,-0.085533,-0.075269,-0.050342,-0.030303,-0.060606,-0.045455,-0.05523,-0.045455,-0.05523,-0.030303,-0.045455,-0.030303,-0.040567,-0.00048876,0.0043988,0.014663,0.0097752,0.0043988,0.029814,0.0097752,0.014663,0.0043988,0.014663,0.014663,0.01955,0.0097752,0.024438,-0.010264,0.0043988,-0.010264,0.014663,0.0097752,0.039589,0.01955,0.049853,0.064516,0.084555,0.059629,0.079668,0.094819,0.069892,0.044477,0.034702,0.014663,0.0097752,-0.015152,-0.025415,-0.015152,-0.070381,-0.050342,-0.060606,-0.030303,-0.060606,-0.040567,-0.05523,-0.0053763,0.044477,0.15494,0.32502,0.45015,0.23998,0.01955,-0.14027,-0.17546,-0.10557,-0.080645,-0.09042,-0.1002,-0.080645,-0.050342,-0.075269,-0.080645,-0.05523,-0.070381,-0.045455,-0.05523,-0.035191,-0.05523,-0.045455,-0.05523,-0.035191,-0.020528,0.0043988,-0.0053763,0.024438,0.01955,0.039589,0.024438,0.014663,0.029814,0.059629,0.034702,0.049853,0.034702,0.039589,0.014663,0.0043988,0.01955,0.034702,0.039589,0.0043988,0.039589,0.054741,0.07478,0.059629,0.089932,0.07478,0.11975,0.12463,0.12952,0.059629,0.054741,0.034702,0.039589,0.014663,0.01955,-0.00048876,-0.010264,-0.025415,-0.020528,-0.035191,-0.020528,-0.010264,-0.020528,0.014663,0.07478,0.18964,0.31965,0.45015,0.3001,0.12463,-0.015152,-0.060606,-0.070381,-0.040567,-0.05523,-0.045455,-0.05523,-0.035191,-0.050342,-0.035191,-0.050342,-0.040567,-0.05523,-0.045455,-0.040567,-0.050342,-0.030303,-0.035191,-0.015152,-0.035191,-0.015152,-0.035191,-0.010264,-0.015152,0.0097752,0.0043988,0.024438,0.0097752,0.01955,0.01955,0.034702,0.024438,0.024438,0.014663,0.034702,0.01955,0.039589,0.029814,0.049853,0.039589,0.054741,0.084555,0.07478,0.089932,0.099707,0.11975,0.094819,0.069892,0.044477,0.054741,0.024438,0.024438,-0.00048876,0.0043988,-0.035191,-0.015152,-0.040567,-0.030303,-0.040567,-0.035191,-0.040567,-0.015152,0.034702,0.14467,0.31476,0.42473,0.3001,0.049853,-0.10557,-0.14565,-0.085533,-0.060606,-0.045455,-0.060606,-0.040567,-0.060606,-0.020528,-0.040567,-0.025415,-0.050342,-0.030303,-0.035191,-0.020528,-0.030303,-0.030303,-0.025415,-0.010264,0.0097752,0.014663,0.034702,0.039589,0.044477,0.039589,0.059629,0.039589,0.054741,0.039589,0.044477,0.039589,0.039589,0.024438,0.044477,0.0097752,0.014663,-0.00048876,0.039589,0.024438,0.039589,0.039589,0.059629,0.07478,0.099707,0.069892,0.064516,0.10948,0.11486,0.089932,0.059629,0.014663,0.014663,0.024438,0.0043988,0.0097752,-0.025415,-0.015152,-0.050342,-0.045455,-0.05523,-0.045455,-0.050342,-0.040567,-0.0053763,0.07478,0.18964,0.34995,0.39492,0.14467,-0.075269,-0.15543,-0.12561,-0.075269,-0.065494,-0.050342,-0.040567,-0.05523,-0.035191,-0.045455,-0.035191,-0.035191,-0.025415,-0.035191,-0.010264,-0.030303,-0.00048876,-0.010264,0.014663,0.01955,0.014663,0.0043988,0.034702,0.039589,0.054741,0.039589,0.039589,0.039589,0.054741,0.039589,0.044477,0.024438,0.029814,0.01955,0.0097752,0.024438,0.01955,0.029814,0.014663,0.039589,0.029814,0.059629,0.059629,0.10459,0.07478,0.084555,0.099707,0.1349,0.099707,0.089932,0.044477,0.029814,0.039589,0.014663,-0.00048876,-0.015152,-0.040567,-0.030303,-0.025415,-0.040567,-0.035191,-0.05523,-0.030303,-0.035191,0.044477,0.099707,0.24976,0.3348,0.33969,-0.030303,-0.14027,-0.17058,-0.09042,-0.060606,-0.035191,-0.050342,-0.025415,-0.015152,-0.030303,-0.020528,-0.040567,-0.015152,-0.025415,0.0043988,-0.020528,-0.010264,0.0043988,0.014663,0.024438,0.039589,0.029814,0.049853,0.029814,0.059629,0.054741,0.059629,0.044477,0.059629,0.049853,0.044477,0.034702,0.034702,0.039589,0.024438,0.014663,0.024438,0.014663,0.01955,0.024438,0.01955,0.044477,0.034702,0.069892,0.084555,0.10948,0.094819,0.11975,0.11975,0.10948,0.069892,0.059629,0.034702,0.024438,-0.0053763,-0.00048876,-0.025415,-0.020528,-0.045455,-0.050342,-0.035191,-0.035191,-0.035191,-0.045455,-0.00048876,0.044477,0.12952,0.26979,0.34995,0.14956,-0.05523,-0.18573,-0.1955,-0.10557,-0.05523,-0.065494,-0.040567,-0.05523,-0.025415,-0.045455,-0.035191,-0.045455,-0.0053763,-0.015152,-0.020528,-0.0053763,-0.015152,-0.0053763,-0.010264,0.0097752,-0.00048876,0.039589,0.044477,0.064516,0.054741,0.059629,0.054741,0.084555,0.059629,0.064516,0.01955,0.034702,0.01955,0.01955,-0.00048876,0.0097752,-0.00048876,0.01955,0.0097752,0.0043988,0.014663,0.029814,0.039589,0.054741,0.059629,0.049853,0.079668,0.099707,0.11486,0.07478,0.079668,0.029814,0.039589,0.024438,0.039589,0.0043988,-0.010264,-0.035191,-0.00048876,-0.025415,-0.030303,-0.040567,-0.035191,-0.030303,0.024438,0.079668,0.1999,0.34995,0.39003,0.12952,-0.075269,-0.16031,-0.16569,-0.065494,-0.060606,-0.050342,-0.05523,-0.040567,-0.050342,-0.010264,-0.025415,-0.015152,-0.05523,-0.020528,-0.010264,-0.015152,-0.010264,-0.0053763,-0.010264,0.014663,0.029814,0.034702,0.0043988,-0.00048876,0.039589,0.034702,0.044477,0.034702,0.049853,0.039589,0.049853,0.049853,0.029814,0.01955,0.054741,0.039589,0.054741,0.034702,0.044477,0.039589,0.069892,0.07478,0.059629,0.084555,0.079668,0.034702,0.064516,0.084555,0.084555,0.049853,0.014663,-0.00048876,0.0043988,-0.00048876,-0.010264,-0.0053763,-0.035191,-0.030303,-0.045455,-0.020528,-0.035191,0.014663,-0.010264,0.039589,0.079668,0.14956,0.28983,0.43988,0.44477,0.10948,-0.10557,-0.18573,-0.1305,-0.045455,-0.030303,-0.045455,-0.035191,-0.080645,-0.040567,-0.050342,-0.035191,-0.045455,-0.035191,-0.05523,-0.035191,-0.025415,-0.0053763,-0.030303,-0.010264,-0.030303,-0.0053763,-0.0053763,0.01955,0.014663,0.029814,0.014663,0.034702,0.039589,0.014663,0.034702,0.024438,0.039589,0.014663,0.014663,0.024438,0.039589,0.01955,0.049853,0.0043988,0.024438,0.039589,0.059629,0.089932,0.099707,0.084555,0.11486,0.11975,0.099707,0.059629,0.049853,0.039589,0.014663,-0.00048876,-0.010264,-0.030303,-0.045455,-0.030303,-0.040567,-0.025415,-0.040567,-0.035191,-0.050342,-0.025415,0.044477,0.12952,0.28983,0.40469,0.29472,0.064516,-0.11046,-0.16569,-0.11535,-0.045455,-0.05523,-0.060606,-0.05523,-0.045455,-0.040567,-0.050342,-0.05523,-0.030303,-0.025415,-0.035191,-0.035191,-0.035191,-0.030303,-0.035191,-0.020528,-0.020528,-0.010264,0.014663,0.029814,0.0097752,0.049853,0.039589,0.044477,0.01955,0.014663,0.01955,0.024438,0.014663,0.034702,0.039589,0.014663,0.0097752,0.024438,0.01955,0.014663,0.039589,0.044477,0.07478,0.069892,0.099707,0.07478,0.10948,0.1349,0.14467,0.10459,0.10459,0.059629,0.054741,0.01955,0.014663,-0.00048876,0.0043988,-0.035191,-0.035191,-0.030303,-0.045455,-0.035191,-0.045455,-0.035191,-0.00048876,0.059629,0.17498,0.3348,0.3998,0.17986,-0.065494,-0.16569,-0.18573,-0.065494,-0.050342,-0.035191,-0.05523,-0.030303,-0.035191,-0.025415,-0.015152,-0.010264,-0.025415,-0.030303,-0.040567,-0.015152,-0.00048876,0.014663,-0.00048876,-0.00048876,-0.0053763,0.01955,0.054741,0.044477,0.059629,0.039589,0.054741,0.039589,0.049853,0.014663,0.029814,0.01955,0.029814,-0.010264,0.0043988,-0.010264,0.014663,-0.00048876,0.024438,0.01955,0.014663,0.034702,0.054741,0.084555,0.094819,0.079668,0.07478,0.10459,0.069892,0.069892,0.029814,0.014663,-0.010264,-0.00048876,-0.015152,-0.010264,-0.040567,-0.050342,-0.060606,-0.020528,-0.040567,-0.045455,-0.035191,0.01955,0.059629,0.16471,0.28983,0.34995,0.10948,-0.11535,-0.19062,-0.14565,-0.070381,-0.080645,-0.05523,-0.065494,-0.050342,-0.060606,-0.045455,-0.050342,-0.030303,-0.035191,-0.035191,-0.040567,-0.025415,-0.015152,0.014663,0.0043988,0.034702,0.044477,0.024438,0.054741,0.079668,0.084555,0.059629,0.07478,0.059629,0.069892,0.054741,0.064516,0.029814,0.044477,0.0043988,0.034702,0.01955,0.029814,0.014663,0.024438,0.0043988,0.024438,0.0097752,0.039589,0.044477,0.079668,0.084555,0.07478,0.089932,0.084555,0.10948,0.07478,0.049853,0.01955,-0.0053763,-0.035191,-0.025415,-0.030303,-0.025415,-0.065494,-0.05523,-0.075269,-0.05523,-0.070381,-0.045455,-0.05523,-0.00048876,0.044477,0.15494,0.26002,0.30987,0.039589,-0.16031,-0.23558,-0.18035,-0.09042,-0.080645,-0.075269,-0.060606,-0.05523,-0.050342,-0.035191,-0.045455,-0.035191,-0.040567,-0.015152,-0.025415,-0.00048876,0.0043988,0.029814,0.014663,0.039589,0.024438,0.044477,0.054741,0.079668,0.064516,0.094819,0.07478,0.084555,0.064516,0.059629,0.084555,0.064516,0.069892,0.039589,0.044477,0.039589,0.039589,0.024438,0.034702,0.029814,0.039589,0.01955,0.039589,0.039589,0.064516,0.064516,0.084555,0.089932,0.10948,0.084555,0.064516,0.039589,0.024438,-0.00048876,-0.030303,-0.025415,-0.035191,-0.050342,-0.070381,-0.05523,-0.080645,-0.070381,-0.065494,-0.05523,-0.060606,0.0097752,0.044477,0.21457,0.31476,0.32991,0.01955,-0.11535,-0.1955,-0.14027,-0.065494,-0.050342,-0.05523,-0.040567,-0.015152,-0.020528,-0.035191,-0.030303,-0.025415,-0.015152,-0.010264,-0.020528,-0.00048876,-0.035191,-0.020528,-0.025415,-0.010264,-0.020528,0.0043988,-0.015152,-0.010264,-0.0053763,0.024438,0.029814,0.039589,0.014663,0.014663,0.024438,0.014663,0.039589,0.0097752,0.01955,0.0097752,0.034702,0.0097752,0.024438,0.01955,0.059629,0.059629,0.089932,0.069892,0.084555,0.089932,0.14467,0.15494,0.15982,0.12463,0.11486,0.084555,0.079668,0.039589,0.024438,0.0097752,-0.00048876,-0.020528,-0.035191,-0.010264,-0.025415,-0.035191,-0.060606,-0.050342,-0.00048876,0.07478,0.2346,0.3651,0.37977,0.089932,-0.085533,-0.15054,-0.12023,-0.045455,-0.035191,-0.0053763,0.0097752,0.034702,0.024438,0.039589,0.034702,0.12463,0.12952,0.11975,0.079668,0.059629,0.039589,0.01955,0.024438,0.0097752,0.029814,0.01955,0.044477,0.039589,0.054741,0.024438,0.039589,0.0097752,0.024438,-0.0053763,0.01955,-0.010264,-0.025415,-0.015152,-0.010264,-0.030303,-0.035191,-0.020528,-0.025415,0.0043988,-0.010264,0.0097752,0.029814,0.044477,0.024438,0.044477,0.069892,0.084555,0.014663,-0.00048876,-0.030303,-0.030303,-0.045455,-0.025415,-0.05523,-0.060606,-0.085533,-0.095308,-0.075269,-0.060606,-0.075269,-0.060606,-0.050342,0.014663,0.069892,0.23998,0.33969,0.35484,-0.0053763,-0.16569,-0.20039,-0.13539,-0.080645,-0.070381,-0.080645,-0.09042,-0.060606,-0.065494,-0.045455,-0.080645,-0.05523,-0.05523,-0.025415,-0.045455,-0.05523,-0.030303,-0.010264,-0.0053763,-0.010264,0.0097752,0.01955,0.039589,0.054741,0.054741,0.039589,0.044477,0.039589,0.034702,0.049853,0.059629,0.039589,0.049853,0.029814,0.039589,0.024438,0.034702,0.024438,0.039589,0.0097752,0.039589,0.059629,0.099707,0.10459,0.089932,0.099707,0.10948,0.12463,0.10948,0.064516,0.034702,0.034702,0.01955,0.0097752,-0.010264,-0.030303,-0.035191,-0.035191,-0.050342,-0.035191,-0.040567,-0.025415,-0.035191,0.0043988,0.039589,0.14956,0.26979,0.34506,0.12952,-0.09042,-0.20528,-0.16031,-0.10557,-0.075269,-0.060606,-0.075269,-0.050342,-0.065494,-0.040567,-0.05523,-0.045455,-0.040567,-0.045455,-0.05523,-0.030303,-0.05523,-0.05523,-0.060606,-0.030303,-0.015152,0.0097752,-0.00048876,0.014663,0.0043988,0.029814,0.034702,0.0043988,0.01955,0.039589,0.0097752,-0.0053763,0.0097752,-0.010264,-0.0053763,-0.015152,0.0043988,0.0097752,0.0097752,0.0043988,0.014663,0.014663,0.014663,0.0097752,0.044477,0.059629,0.079668,0.089932,0.10948,0.079668,0.059629,0.039589,0.014663,0.0043988,-0.010264,-0.020528,-0.035191,-0.050342,-0.060606,-0.050342,-0.05523,-0.045455,-0.05523,-0.030303,-0.035191,0.029814,0.064516,0.1999,0.32502,0.36999,0.079668,-0.085533,-0.18035,-0.13539,-0.080645,-0.05523,-0.040567,-0.015152,-0.0053763,-0.015152,-0.00048876,-0.015152,-0.0053763,-0.010264,0.0043988,-0.010264,0.0043988,-0.00048876,0.029814,0.01955,0.049853,0.034702,0.044477,0.039589,0.054741,0.044477,0.039589,0.064516,0.049853,0.054741,0.044477,0.049853,0.039589,0.049853,0.024438,0.039589,0.014663,0.044477,0.024438,0.039589,0.029814,0.044477,0.039589,0.069892,0.064516,0.094819,0.069892,0.11486,0.11975,0.10459,0.07478,0.049853,0.039589,0.034702,-0.0053763,0.0097752,-0.020528,-0.035191,-0.025415,-0.050342,-0.035191,-0.05523,-0.035191,-0.035191,-0.010264,0.044477,0.11486,0.26491,0.3651,0.23998,0.01955,-0.12561,-0.17546,-0.12561,-0.050342,-0.035191,-0.045455,-0.040567,-0.020528,-0.040567,-0.035191,-0.030303,-0.035191,-0.025415,-0.015152,-0.010264,-0.035191,-0.00048876,-0.010264,0.014663,0.0043988,0.029814,0.014663,0.029814,0.024438,0.054741,0.039589,0.049853,0.034702,0.049853,0.029814,0.039589,0.014663,0.024438,0.029814,0.0043988,0.014663,-0.015152,0.014663,-0.0053763,0.01955,0.029814,0.039589,0.034702,0.069892,0.049853,0.07478,0.089932,0.099707,0.054741,0.049853,-0.00048876,0.0043988,-0.010264,0.0043988,-0.020528,-0.030303,-0.05523,-0.040567,-0.05523,-0.045455,-0.060606,-0.040567,-0.030303,0.024438,0.079668,0.21994,0.32502,0.3348,0.024438,-0.14027,-0.18573,-0.12023,-0.070381,-0.085533,-0.045455,-0.05523,-0.040567,-0.05523,-0.025415,-0.045455,-0.040567,-0.035191,-0.020528,-0.035191,-0.025415,-0.015152,-0.025415,-0.010264,-0.015152,0.014663,0.0097752,0.039589,0.039589,0.044477,0.039589,0.049853,0.034702,0.049853,0.039589,0.054741,0.014663,0.039589,0.0043988,0.014663,-0.010264,0.014663,0.024438,0.024438,0.0097752,0.034702,0.039589,0.079668,0.064516,0.089932,0.094819,0.10948,0.11975,0.089932,0.049853,0.024438,0.039589,0.01955,0.014663,-0.015152,-0.020528,-0.045455,-0.050342,-0.060606,-0.040567,-0.050342,-0.035191,-0.045455,-0.015152,0.039589,0.13978,0.26979,0.34995,0.14467,-0.065494,-0.16031,-0.17546,-0.070381,-0.045455,-0.040567,-0.035191,-0.025415,-0.035191,-0.025415,-0.035191,-0.015152,-0.020528,0.014663,-0.010264,0.0043988,-0.010264,-0.015152,-0.00048876,-0.0053763,0.01955,0.039589,0.049853,0.059629,0.064516,0.059629,0.049853,0.034702,0.059629,0.054741,0.039589,0.039589,0.044477,0.01955,0.024438,0.014663,0.01955,0.014663,-0.00048876,-0.010264,0.034702,0.044477,0.059629,0.064516,0.079668,0.084555,0.10459,0.11975,0.10948,0.069892,0.044477,0.024438,0.029814,0.0097752,-0.010264,-0.030303,-0.045455,-0.035191,-0.040567,-0.020528,-0.035191,-0.035191,-0.050342,-0.010264,0.029814,0.089932,0.21994,0.32991,0.34506,0.024438,-0.14027,-0.17546,-0.12561,-0.060606,-0.045455,-0.050342,-0.035191,-0.050342,-0.015152,-0.035191,-0.015152,-0.040567,-0.025415,-0.0053763,0.014663,-0.010264,-0.0053763,-0.020528,0.0043988,-0.0053763,0.014663,0.014663,0.034702,0.039589,0.039589,0.029814,0.059629,0.039589,0.039589,0.014663,0.01955,0.01955,0.029814,0.0097752,-0.00048876,0.01955,0.014663,0.024438,0.0097752,0.01955,0.029814,0.039589,0.064516,0.084555,0.054741,0.084555,0.099707,0.10459,0.059629,0.039589,0.014663,0.014663,-0.00048876,-0.010264,-0.025415,-0.035191,-0.045455,-0.040567,-0.035191,-0.025415,-0.035191,-0.045455,-0.030303,0.014663,0.064516,0.1999,0.32991,0.3651,0.10948,-0.035191,-0.080645,-0.10557,-0.05523,-0.050342,-0.05523,-0.075269,-0.050342,-0.045455,-0.035191,-0.030303,-0.035191,-0.020528,-0.035191,-0.010264,-0.035191,-0.025415,-0.030303,-0.020528,-0.025415,-0.010264,-0.020528,0.0097752,-0.0053763,0.024438,0.0043988,0.0097752,0.0043988,0.024438,0.014663,0.014663,-0.010264,0.014663,-0.00048876,0.029814,0.039589,0.0097752,0.014663,-0.00048876,0.014663,0.0043988,0.039589,0.034702,0.089932,0.069892,0.089932,0.10459,0.11975,0.069892,0.054741,0.024438,0.039589,0.0043988,0.01955,0.024438,-0.010264,-0.035191,-0.030303,-0.045455,-0.025415,-0.020528,-0.040567,-0.025415,0.024438,0.059629,0.18964,0.33969,0.41007,0.18964,-0.025415,-0.14027,-0.17058,-0.070381,-0.050342,-0.030303,-0.05523,-0.035191,-0.045455,-0.030303,-0.040567,-0.010264,-0.035191,-0.010264,-0.025415,-0.015152,-0.010264,-0.0053763,-0.00048876,-0.010264,0.0097752,-0.00048876,0.034702,0.029814,0.049853,0.039589,0.049853,0.034702,0.054741,0.039589,0.044477,0.014663,0.01955,0.014663,0.034702,0.01955,0.039589,0.024438,0.01955,0.049853,0.039589,0.059629,0.054741,0.089932,0.084555,0.099707,0.10948,0.11975,0.079668,0.084555,0.039589,0.039589,0.014663,0.029814,-0.00048876,-0.010264,-0.035191,-0.035191,-0.035191,-0.025415,-0.050342,-0.035191,-0.050342,0.0097752,0.044477,0.16471,0.30987,0.39492,0.18964,-0.035191,-0.14565,-0.18573,-0.085533,-0.060606,-0.050342,-0.05523,-0.040567,-0.050342,-0.035191,-0.040567,-0.025415,-0.040567,-0.025415,-0.035191,-0.015152,-0.020528,0.0043988,-0.010264,0.0043988,-0.00048876,0.034702,0.024438,0.044477,0.054741,0.059629,0.039589,0.054741,0.064516,0.044477,0.034702,0.01955,0.034702,0.0097752,-0.0053763,-0.035191,-0.020528,-0.030303,-0.010264,-0.015152,0.044477,0.059629,0.084555,0.084555,0.10948,0.099707,0.12463,0.13978,0.11975,0.07478,0.049853,0.039589,0.029814,0.0097752,-0.00048876,-0.020528,-0.035191,-0.025415,-0.05523,-0.035191,-0.050342,-0.035191,-0.045455,-0.0053763,0.044477,0.15494,0.3001,0.41007,0.2346,0.014663,-0.14027,-0.16031,-0.070381,-0.05523,-0.070381,-0.080645,-0.040567,-0.05523,-0.035191,-0.030303,-0.020528,-0.040567,-0.030303,-0.035191,-0.0053763,-0.010264,0.0097752,0.014663,0.0097752,-0.00048876,0.039589,0.034702,0.049853,0.039589,0.054741,0.044477,0.049853,0.039589,0.039589,0.029814,0.044477,0.034702,0.029814,0.034702,0.014663,0.01955,0.014663,0.029814,0.01955,0.039589,0.044477,0.07478,0.084555,0.094819,0.084555,0.10948,0.11486,0.089932,0.039589,0.034702,0.014663,0.014663,-0.0053763,-0.010264,-0.035191,-0.025415,-0.045455,-0.05523,-0.030303,-0.045455,-0.035191,-0.05523,0.0097752,0.059629,0.18964,0.31965,0.38514,0.10459,-0.10557,-0.19062,-0.12561,-0.065494,-0.050342,-0.05523,-0.040567,-0.05523,-0.040567,-0.045455,-0.025415,-0.035191,-0.045455,-0.030303,-0.035191,-0.030303,-0.035191,-0.010264,0.0043988,0.014663,0.0097752,0.029814,0.024438,0.054741,0.039589,0.054741,0.039589,0.059629,0.034702,0.039589,0.024438,0.01955,0.014663,-0.00048876,-0.010264,0.014663,0.0043988,0.014663,-0.0053763,0.01955,0.029814,0.039589,0.054741,0.069892,0.089932,0.084555,0.094819,0.11486,0.11975,0.089932,0.064516,0.034702,0.039589,-0.00048876,-0.010264,-0.020528,-0.015152,-0.035191,-0.020528,-0.045455,-0.035191,-0.05523,-0.035191,-0.030303,-0.0053763,0.049853,0.15494,0.27468,0.33969,0.12463,-0.1002,-0.18573,-0.21065,-0.085533,-0.060606,-0.045455,-0.065494,-0.025415,-0.040567,-0.025415,-0.030303,-0.015152,-0.015152,-0.010264,-0.010264,-0.015152,-0.010264,-0.015152,0.0097752,0.01955,0.0097752,0.034702,0.049853,0.039589,0.054741,0.034702,0.059629,0.049853,0.049853,0.039589,0.034702,0.0097752,0.034702,0.029814,0.034702,0.01955,0.039589,0.01955,0.029814,0.0097752,0.039589,0.049853,0.069892,0.079668,0.094819,0.099707,0.12463,0.1349,0.07478,0.044477,0.024438,0.039589,0.0097752,-0.0053763,-0.0053763,-0.010264,-0.035191,-0.025415,-0.040567,-0.025415,-0.035191,-0.035191,-0.030303,0.0097752,0.044477,0.15494,0.28006,0.37488,0.1696,-0.045455,-0.15543,-0.17546,-0.1002,-0.05523,-0.035191,-0.05523,-0.035191,-0.060606,-0.030303,-0.020528,-0.010264,-0.035191,-0.010264,-0.040567,-0.025415,-0.030303,0.0097752,-0.010264,0.0097752,0.014663,0.01955,0.029814,0.01955,0.039589,0.054741,0.064516,0.054741,0.059629,0.034702,0.059629,0.039589,0.034702,0.01955,0.039589,0.014663,0.029814,0.0097752,0.029814,0.01955,0.039589,0.034702,0.059629,0.069892,0.089932,0.084555,0.11975,0.12952,0.084555,0.054741,0.044477,0.01955,0.0097752,0.0043988,-0.010264,-0.025415,-0.035191,-0.025415,-0.035191,-0.020528,-0.040567,-0.020528,-0.035191,0.024438,0.049853,0.17498,0.29472,0.3998,0.1999,0.039589,-0.070381,-0.10557,-0.075269,-0.05523,-0.070381,-0.075269,-0.035191,-0.045455,-0.030303,-0.040567,-0.025415,-0.050342,-0.035191,-0.035191,-0.025415,-0.030303,-0.010264,-0.030303,-0.010264,-0.030303,-0.0053763,-0.015152,-0.00048876,-0.0053763,0.029814,0.014663,0.01955,0.014663,0.029814,0.024438,0.034702,0.014663,0.01955,0.029814,-0.00048876,0.044477,0.049853,0.054741,0.029814,0.044477,0.039589,0.089932,0.07478,0.084555,0.094819,0.12952,0.099707,0.084555,0.044477,0.034702,0.049853,0.01955,0.029814,-0.00048876,-0.030303,-0.040567,-0.035191,-0.050342,-0.030303,-0.050342,-0.025415,-0.040567,0.0097752,0.069892,0.23998,0.35973,0.41496,0.12952,-0.05523,-0.16031,-0.17058,-0.080645,-0.050342,-0.05523,-0.035191,-0.040567,-0.030303,-0.045455,-0.035191,-0.030303,-0.035191,-0.015152,-0.025415,-0.020528,-0.035191,-0.00048876,-0.010264,0.0097752,0.0097752,0.024438,0.01955,0.039589,0.01955,0.054741,0.039589,0.044477,0.029814,0.034702,0.024438,0.039589,0.034702,0.024438,0.014663,0.014663,0.014663,0.034702,0.014663,0.024438,0.039589,0.049853,0.059629,0.07478,0.089932,0.069892,0.11975,0.12463,0.10459,0.059629,0.049853,0.029814,0.034702,0.0097752,0.014663,-0.015152,-0.020528,-0.050342,-0.035191,-0.045455,-0.035191,-0.035191,-0.035191,-0.0053763,0.059629,0.12952,0.28006,0.3651,0.20479,-0.040567,-0.16569,-0.17546,-0.11046,-0.060606,-0.05523,-0.035191,-0.050342,-0.045455,-0.050342,-0.025415,-0.045455,-0.020528,-0.025415,-0.010264,-0.030303,-0.0053763,0.0043988,-0.010264,0.014663,-0.00048876,0.024438,0.01955,0.044477,0.039589,0.064516,0.044477,0.059629,0.039589,0.039589,0.024438,0.029814,0.014663,0.024438,0.0043988,0.014663,0.0097752,0.014663,-0.00048876,0.01955,0.024438,0.039589,0.049853,0.069892,0.07478,0.094819,0.084555,0.11486,0.12952,0.10459,0.054741,0.029814,0.024438,-0.0053763,-0.00048876,-0.010264,-0.030303,-0.035191,-0.035191,-0.040567,-0.045455,-0.05523,-0.035191,-0.035191,0.0043988,0.044477,0.1349,0.28006,0.34506,0.15494,-0.075269,-0.17546,-0.1955,-0.09042,-0.050342,-0.045455,-0.060606,-0.040567,-0.050342,-0.035191,-0.025415,-0.015152,-0.035191,-0.020528,-0.015152,-0.010264,-0.025415,0.0097752,0.0043988,0.034702,0.039589,0.044477,0.044477,0.064516,0.044477,0.059629,0.044477,0.054741,0.059629,0.039589,0.044477,0.034702,0.024438,0.014663,0.039589,-0.00048876,0.01955,0.014663,0.024438,0.0097752,0.01955,0.024438,0.054741,0.059629,0.094819,0.094819,0.089932,0.094819,0.12463,0.12952,0.084555,0.039589,0.024438,0.029814,-0.010264,-0.00048876,-0.015152,-0.010264,-0.035191,-0.045455,-0.05523,-0.035191,-0.035191,-0.025415,-0.035191,0.0097752,0.064516,0.20479,0.28983,0.32502,0.039589,-0.12023,-0.21554,-0.15543,-0.070381,-0.045455,-0.035191,-0.040567,-0.035191,-0.030303,-0.030303,-0.035191,-0.015152,-0.010264,-0.0053763,-0.025415,-0.010264,-0.010264,-0.00048876,-0.0053763,0.014663,0.024438,0.044477,0.039589,0.054741,0.044477,0.059629,0.049853,0.044477,0.039589,0.049853,0.034702,0.039589,0.024438,0.014663,0.024438,0.0043988,0.014663,0.024438,0.034702,0.014663,0.039589,0.01955,0.054741,0.049853,0.099707,0.084555,0.10459,0.10459,0.12952,0.079668,0.059629,0.01955,0.0097752,0.024438,-0.015152,-0.010264,-0.035191,-0.010264,-0.035191,-0.045455,-0.035191,-0.030303,-0.060606,-0.045455,-0.020528,0.039589,0.07478,0.26979,0.36999,0.37488,0.034702,-0.11046,-0.18035,-0.12561,-0.075269,-0.040567,-0.05523,-0.035191,-0.065494,-0.080645,-0.05523,-0.070381,-0.040567,-0.040567,-0.035191,-0.020528,-0.0053763,-0.020528,-0.015152,-0.020528,-0.00048876,-0.010264,0.0097752,0.014663,0.039589,0.029814,0.044477,0.024438,0.049853,0.034702,0.024438,0.01955,0.044477,0.029814,0.01955,-0.010264,-0.015152,0.024438,0.039589,0.0043988,-0.010264,0.059629,0.044477,0.034702,0.064516,0.079668,0.069892,0.099707,0.11975,0.12952,0.07478,0.044477,0.024438,0.039589,0.014663,0.0097752,-0.0053763,-0.010264,-0.045455,-0.05523,-0.045455,-0.035191,-0.025415,-0.050342,-0.035191,0.029814,0.10459,0.28983,0.41007,0.42473,0.14956,-0.060606,-0.14565,-0.17546,-0.070381,-0.05523,-0.030303,-0.05523,-0.045455,-0.060606,-0.035191,-0.040567,-0.010264,-0.0053763,-0.035191,-0.05523,-0.035191,-0.020528,-0.00048876,0.014663,-0.020528,0.014663,0.0097752,0.0043988,0.014663,0.044477,0.024438,0.044477,0.014663,0.014663,-0.00048876,0.029814,0.024438,0.024438,0.014663,0.024438,0.0043988,0.014663,0.014663,0.029814,0.024438,0.044477,0.064516,0.059629,0.084555,0.059629,0.10948,0.10459,0.12952,0.064516,0.069892,0.034702,0.039589,0.0043988,0.0097752,-0.020528,-0.025415,-0.050342,-0.040567,-0.05523,-0.030303,-0.05523,-0.035191,-0.035191,0.024438,0.079668,0.24487,0.3651,0.41007,0.11486,-0.070381,-0.17546,-0.19062,-0.075269,-0.060606,-0.040567,-0.060606,-0.035191,-0.05523,-0.035191,-0.05523,-0.040567,-0.035191,-0.020528,-0.025415,-0.010264,-0.030303,-0.010264,-0.015152,0.0097752,0.0043988,0.034702,0.044477,0.024438,0.039589,0.029814,0.054741,0.029814,0.034702,0.01955,0.029814,0.01955,0.014663,0.014663,0.029814,-0.00048876,0.014663,0.0097752,0.029814,0.014663,0.039589,0.014663,0.039589,0.049853,0.079668,0.069892,0.089932,0.11486,0.12952,0.099707,0.069892,0.034702,0.024438,0.0097752,-0.00048876,-0.010264,-0.020528,-0.015152,-0.040567,-0.035191,-0.045455,-0.025415,-0.035191,-0.035191,-0.020528,0.049853,0.10948,0.3001,0.39003,0.26491,0.024438,-0.1305,-0.18573,-0.11535,-0.060606,-0.060606,-0.050342,-0.060606,-0.030303,-0.035191,-0.035191,-0.040567,-0.015152,-0.035191,-0.015152,-0.020528,-0.00048876,-0.020528,0.0097752,-0.0053763,0.024438,0.014663,0.034702,0.034702,0.054741,0.049853,0.059629,0.044477,0.059629,0.039589,0.044477,0.024438,0.01955,0.034702,0.01955,0.024438,-0.0053763,0.0097752,0.014663,0.024438,0.0097752,0.034702,0.034702,0.059629,0.07478,0.084555,0.079668,0.11486,0.11975,0.084555,0.049853,0.039589,0.01955,0.024438,-0.00048876,-0.010264,-0.030303,-0.035191,-0.025415,-0.05523,-0.045455,-0.060606,-0.045455,-0.05523,-0.015152,0.029814,0.12463,0.26491,0.35973,0.18964,-0.040567,-0.18035,-0.20039,-0.11046,-0.060606,-0.050342,-0.060606,-0.050342,-0.060606,-0.035191,-0.030303,-0.040567,-0.035191,-0.010264,-0.020528,-0.010264,-0.020528,-0.00048876,-0.015152,-0.0053763,-0.0053763,0.029814,0.034702,0.039589,0.039589,0.049853,0.034702,0.044477,0.034702,0.049853,0.029814,0.01955,0.034702,0.0043988,0.014663,-0.0053763,0.0097752,0.014663,0.01955,0.014663,0.01955,-0.00048876,0.039589,0.039589,0.079668,0.069892,0.079668,0.064516,0.12463,0.10948,0.084555,0.039589,0.014663,0.0043988,-0.00048876,-0.020528,-0.020528,-0.035191,-0.040567,-0.025415,-0.05523,-0.040567,-0.050342,-0.035191,-0.050342,0.0043988,0.054741,0.17498,0.3001,0.34995,0.089932,-0.10557,-0.1955,-0.16031,-0.075269,-0.040567,-0.065494,-0.05523,-0.050342,-0.035191,-0.045455,-0.035191,-0.030303,-0.035191,-0.010264,-0.035191,-0.0053763,-0.010264,-0.0053763,-0.010264,0.034702,0.024438,0.029814,0.024438,0.054741,0.039589,0.059629,0.044477,0.054741,0.039589,0.049853,0.039589,0.039589,0.024438,0.01955,0.024438,0.0043988,0.01955,0.024438,0.0043988,-0.0053763,0.01955,0.034702,0.054741,0.039589,0.084555,0.07478,0.084555,0.079668,0.12463,0.089932,0.094819,0.029814,0.029814,0.0097752,0.0097752,-0.020528,-0.030303,-0.05523,-0.035191,-0.05523,-0.060606,-0.045455,-0.05523,-0.035191,-0.050342,0.01955,0.069892,0.21457,0.31965,0.34995,0.014663,-0.13539,-0.1955,-0.14565,-0.075269,-0.050342,-0.05523,-0.035191,-0.05523,-0.045455,-0.045455,-0.025415,-0.035191,-0.020528,-0.025415,-0.010264,-0.00048876,-0.015152,-0.020528,-0.00048876,0.014663,0.029814,0.044477,0.01955,0.039589,0.039589,0.054741,0.049853,0.054741,0.039589,0.044477,0.014663,0.01955,-0.00048876,0.0097752,0.014663,0.024438,0.0043988,0.024438,0.014663,0.034702,0.014663,0.034702,0.029814,0.054741,0.07478,0.064516,0.089932,0.10459,0.12463,0.079668,0.059629,0.024438,0.029814,0.0097752,-0.00048876,-0.025415,-0.020528,-0.050342,-0.05523,-0.045455,-0.05523,-0.060606,-0.045455,-0.05523,-0.020528,0.039589,0.10948,0.25464,0.37488,0.37977,0.044477,-0.11046,-0.18035,-0.12023,-0.075269,-0.05523,-0.050342,-0.040567,-0.050342,-0.030303,-0.040567,-0.025415,-0.035191,-0.035191,-0.050342,-0.020528,-0.025415,-0.010264,-0.0053763,0.0097752,-0.0053763,0.0097752,-0.00048876,0.01955,0.039589,0.024438,0.049853,0.039589,0.034702,0.01955,0.039589,0.014663,0.029814,0.014663,0.029814,-0.00048876,0.034702,0.014663,0.049853,0.01955,0.014663,0.024438,0.044477,0.054741,0.069892,0.07478,0.069892,0.089932,0.10459,0.11486,0.064516,0.049853,0.034702,0.044477,-0.0053763,0.0043988,-0.0053763,-0.020528,-0.035191,-0.040567,-0.05523,-0.025415,-0.040567,-0.040567,-0.060606,0.0097752,0.054741,0.19501,0.33969,0.41496,0.18964,-0.020528,-0.16569,-0.19062,-0.080645,-0.05523,-0.040567,-0.05523,-0.035191,-0.045455,-0.035191,-0.040567,-0.035191,-0.045455,-0.025415,-0.030303,-0.015152,-0.035191,-0.00048876,-0.010264,0.0043988,-0.0053763,0.0097752,0.014663,0.039589,0.034702,0.039589,0.034702,0.029814,0.01955,0.039589,0.029814,0.01955,0.029814,0.014663,0.029814,0.014663,0.01955,0.014663,0.029814,0.014663,0.039589,0.034702,0.059629,0.054741,0.089932,0.084555,0.10459,0.099707,0.12952,0.084555,0.059629,0.024438,0.034702,0.039589,-0.00048876,0.014663,-0.010264,-0.015152,-0.030303,-0.015152,-0.040567,-0.035191,-0.045455,-0.020528,-0.025415,0.044477,0.099707,0.27468,0.35973,0.37977,0.014663,-0.11535,-0.18573,-0.11535,-0.060606,-0.045455,-0.060606,-0.045455,-0.035191,-0.035191,-0.030303,-0.040567,-0.035191,-0.040567,-0.025415,-0.015152,-0.0053763,-0.025415,0.0043988,-0.015152,0.0097752,-0.00048876,0.034702,0.034702,0.054741,0.044477,0.059629,0.039589,0.049853,0.034702,0.024438,0.034702,0.014663,0.024438,0.014663,0.0043988,-0.00048876,0.014663,0.0043988,0.014663,0.0097752,0.01955,0.034702,0.049853,0.044477,0.099707,0.084555,0.10948,0.099707,0.10948,0.079668,0.054741,-0.00048876,-0.00048876,-0.010264,-0.020528,-0.045455,-0.05523,-0.045455,-0.05523,-0.070381,-0.05523,-0.050342,-0.05523,-0.030303,-0.010264,0.054741,0.12952,0.29472,0.3651,0.20479,-0.060606,-0.16031,-0.18573,-0.080645,-0.065494,-0.035191,-0.060606,-0.030303,-0.05523,-0.020528,-0.015152,-0.035191,-0.020528,-0.030303,-0.0053763,-0.010264,0.0043988,-0.010264,0.01955,0.014663,0.034702,0.024438,0.054741,0.039589,0.059629,0.054741,0.064516,0.049853,0.054741,0.034702,0.039589,0.034702,0.029814,0.01955,0.014663,0.01955,0.0097752,0.01955,0.014663,0.024438,0.014663,0.029814,0.039589,0.044477,0.039589,0.079668,0.07478,0.099707,0.084555,0.11486,0.094819,0.07478,0.01955,0.014663,-0.010264,-0.010264,-0.015152,-0.020528,-0.05523,-0.045455,-0.05523,-0.045455,-0.035191,-0.05523,-0.040567,-0.060606,0.014663,0.069892,0.20479,0.3001,0.34506,0.034702,-0.12561,-0.20039,-0.14027,-0.075269,-0.040567,-0.050342,-0.035191,-0.05523,-0.020528,-0.040567,-0.030303,-0.040567,-0.010264,-0.0053763,-0.015152,-0.0053763,-0.015152,0.0097752,-0.0053763,0.034702,0.014663,0.044477,0.034702,0.054741,0.039589,0.054741,0.039589,0.064516,0.044477,0.054741,0.029814,0.044477,0.024438,0.029814,0.0043988,0.01955,0.014663,0.01955,0.0097752,0.029814,0.014663,0.034702,0.049853,0.054741,0.07478,0.089932,0.10459,0.094819,0.12463,0.10459,0.079668,0.054741,0.059629,0.014663,-0.010264,-0.030303,-0.015152,-0.030303,-0.010264,-0.015152,-0.0053763,-0.020528,0.0097752,-0.0053763,0.0043988,0.01955,0.07478,0.15494,0.29472,0.34995,0.1349,-0.075269,-0.18035,-0.19062,-0.10557,-0.070381,-0.080645,-0.050342,-0.050342,-0.040567,-0.050342,-0.030303,-0.035191,-0.015152,-0.035191,-0.010264,-0.030303,-0.010264,-0.015152,-0.010264,0.0043988,-0.00048876,0.054741,0.039589,0.064516,0.054741,0.059629,0.044477,-0.0053763,0.0043988,-0.020528,-0.015152,-0.050342,-0.035191,-0.05523,-0.040567,-0.065494,-0.025415,0.014663,0.064516,0.15982,0.3001,0.33969,0.089932,-0.12023,-0.1955,-0.13539,-0.070381,-0.05523,-0.080645,-0.070381,-0.080645,-0.020528,-0.035191,-0.050342,-0.070381,-0.035191,-0.040567,-0.025415,-0.040567,-0.035191,-0.050342,-0.00048876,-0.010264,0.014663,0.0043988,0.034702,0.029814,0.044477,0.049853,0.049853,0.039589,0.054741,0.059629,0.029814,0.0097752,0.024438,0.0097752,-0.0053763,0.014663,-0.0053763,-0.010264,-0.020528,-0.0053763,-0.010264,0.024438,0.049853,0.089932,0.064516,0.079668,0.089932,0.094819,0.069892,0.049853,0.014663,-0.00048876,-0.025415,0.0097752,-0.030303,-0.050342,-0.045455,-0.050342,-0.060606,-0.05523,-0.045455,-0.060606,-0.025415,0.0043988,0.059629,0.15494,0.28983,0.32991,0.039589,-0.16569,-0.18573,-0.14565,-0.060606,-0.05523,-0.035191,-0.050342,-0.040567,-0.045455,-0.010264,-0.040567,-0.025415,-0.020528,-0.030303,-0.0053763,-0.025415,-0.010264,0.0043988,0.014663,-0.0053763,0.049853,0.039589,0.059629,0.049853,0.064516,0.044477,0.059629,0.059629,0.079668,0.054741,0.059629,0.044477,0.039589,0.029814,0.024438,0.0097752,-0.0053763,0.014663,0.029814,0.039589,0.0043988,0.014663,0.024438,0.044477,0.044477,0.059629,0.089932,0.10459,0.069892,0.059629,0.029814,0.039589,0.0097752,-0.010264,-0.035191,-0.035191,-0.070381,-0.075269,-0.065494,-0.070381,-0.060606,-0.030303,-0.040567,-0.00048876,0.029814,0.13978,0.31476,0.37488,0.14956,-0.065494,-0.17546,-0.18573,-0.09042,-0.040567,-0.015152,-0.065494,-0.050342,-0.05523,-0.0053763,0.0043988,-0.030303,-0.020528,-0.040567,-0.035191,-0.00048876,-0.00048876,0.0043988,0.014663,-0.00048876,-0.025415,0.014663,0.029814,0.044477,0.029814,0.049853,0.054741,0.039589,0.084555,0.049853,0.039589,0.059629,0.07478,0.014663,0.024438,0.0097752,0.024438,0.014663,0.014663,0.029814,0.079668,0.089932,0.059629,0.084555,0.054741,0.069892,0.11975,0.14956,0.084555,0.069892,0.024438,0.034702,0.014663,0.024438,0.0043988,-0.035191,-0.040567,-0.030303,-0.045455,-0.030303,-0.025415,-0.00048876,-0.015152,0.049853,0.069892,0.22483,0.3998,0.45992,0.22483,0.029814,-0.11535,-0.16569,-0.1002,-0.060606,-0.040567,-0.05523,-0.045455,-0.025415,-0.010264,-0.035191,-0.025415,-0.030303,-0.0053763,-0.020528,-0.030303,-0.025415,0.014663,-0.00048876,0.014663,0.024438,0.034702,0.039589,0.029814,0.049853,0.039589,0.059629,0.059629,0.049853,0.064516,0.084555,0.039589,0.034702,0.024438,0.044477,0.039589,0.034702,0.029814,0.049853,0.029814,0.064516,0.079668,0.089932,0.069892,0.10459,0.12463,0.10948,0.064516,0.054741,0.034702,0.029814,0.0097752,0.0043988,-0.015152,-0.00048876,-0.015152,-0.030303,-0.015152,-0.040567,-0.020528,-0.035191,-0.00048876,0.044477,0.17498,0.33969,0.43011,0.2346,0.01955,-0.14027,-0.17546,-0.09042,-0.065494,-0.05523,-0.060606,-0.05523,-0.060606,-0.045455,-0.05523,-0.040567,-0.060606,-0.035191,-0.035191,-0.045455,-0.035191,-0.025415,-0.010264,0.0043988,0.0043988,0.024438,0.0097752,0.039589,0.039589,0.044477,0.039589,0.054741,0.059629,0.039589,0.054741,0.034702,0.014663,0.029814,0.014663,0.014663,0.0043988,0.024438,0.034702,0.01955,0.039589,0.049853,0.039589,0.07478,0.089932,0.079668,0.11486,0.10459,0.099707,0.054741,0.054741,0.029814,0.034702,0.0043988,0.014663,-0.035191,-0.040567,-0.030303,-0.035191,-0.020528,-0.030303,-0.015152,-0.05523,-0.0053763,0.049853,0.16471,0.32991,0.43988,0.2346,0.0043988,-0.14027,-0.14565,-0.080645,-0.045455,-0.05523,-0.040567,-0.060606,-0.040567,-0.05523,-0.025415,-0.035191,-0.045455,-0.05523,-0.060606,-0.030303,-0.035191,-0.00048876,-0.00048876,0.014663,0.014663,0.029814,0.024438,0.029814,0.014663,0.064516,0.059629,0.07478,0.044477,0.039589,0.024438,0.034702,0.014663,0.039589,0.029814,0.0097752,-0.010264,0.01955,0.034702,-0.00048876,0.039589,0.034702,0.064516,0.084555,0.094819,0.084555,0.11975,0.099707,0.084555,0.039589,0.039589,0.0043988,0.024438,0.0097752,-0.015152,-0.035191,-0.035191,-0.040567,-0.030303,-0.050342,-0.035191,-0.050342,-0.020528,0.024438,0.11975,0.29472,0.45015,0.45992,0.029814,-0.11046,-0.15543,-0.070381,-0.045455,-0.025415,-0.045455,-0.050342,-0.040567,-0.050342,-0.035191,-0.035191,-0.030303,-0.010264,-0.040567,-0.020528,-0.040567,-0.045455,-0.0053763,0.01955,0.024438,0.014663,0.029814,0.054741,0.039589,0.069892,0.059629,0.054741,0.079668,0.059629,0.064516,0.034702,0.039589,0.0043988,0.039589,0.014663,0.01955,-0.00048876,0.014663,0.0097752,0.039589,0.029814,0.064516,0.079668,0.064516,0.084555,0.11975,0.12952,0.089932,0.054741,0.024438,0.0043988,-0.010264,0.014663,-0.030303,-0.035191,-0.050342,-0.045455,-0.05523,-0.040567,-0.065494,-0.040567,-0.025415,0.01955,0.034702,0.16471,0.32502,0.42473,0.16471,-0.050342,-0.17546,-0.19062,-0.080645,-0.075269,-0.065494,-0.085533,-0.05523,-0.050342,-0.035191,-0.05523,-0.040567,-0.05523,-0.030303,-0.045455,-0.035191,-0.040567,-0.0053763,-0.010264,0.0097752,-0.00048876,0.01955,0.014663,0.044477,0.054741,0.064516,0.054741,0.059629,0.049853,0.07478,0.039589,0.01955,0.029814,0.0043988,0.024438,0.0097752,-0.010264,-0.020528,0.01955,0.014663,0.01955,0.034702,0.064516,0.069892,0.084555,0.094819,0.12463,0.084555,0.079668,0.024438,0.034702,-0.00048876,-0.025415,-0.010264,-0.015152,-0.030303,-0.05523,-0.060606,-0.05523,-0.050342,-0.05523,-0.040567,-0.05523,0.01955,0.069892,0.23998,0.33969,0.38514,0.029814,-0.12023,-0.18035,-0.1002,-0.080645,-0.05523,-0.065494,-0.075269,-0.065494,-0.035191,-0.030303,-0.040567,-0.020528,-0.045455,-0.050342,-0.020528,-0.015152,-0.025415,-0.010264,-0.030303,-0.0053763,0.014663,0.024438,0.014663,0.054741,0.039589,0.069892,0.059629,0.064516,0.039589,0.059629,0.039589,0.014663,0.014663,0.01955,-0.010264,0.0043988,0.01955,0.024438,0.029814,0.01955,0.039589,0.024438,0.054741,0.069892,0.084555,0.069892,0.10948,0.094819,0.07478,0.029814,0.024438,-0.015152,-0.030303,-0.010264,-0.015152,-0.040567,-0.05523,-0.060606,-0.035191,-0.05523,-0.045455,-0.05523,-0.030303,0.024438,0.094819,0.24976,0.34506,0.3651,0.0097752,-0.13539,-0.18573,-0.1002,-0.070381,-0.060606,-0.075269,-0.065494,-0.05523,-0.040567,-0.050342,-0.025415,-0.035191,-0.015152,-0.035191,-0.030303,-0.010264,-0.00048876,-0.020528,-0.025415,0.0097752,0.014663,0.029814,0.039589,0.049853,0.039589,0.07478,0.079668,0.064516,0.059629,0.054741,0.039589,0.039589,0.014663,0.01955,0.0097752,0.029814,0.014663,0.01955,0.0043988,0.044477,0.054741,0.039589,0.059629,0.07478,0.069892,0.099707,0.10948,0.064516,0.029814,0.0097752,0.014663,0.0097752,0.014663,-0.035191,-0.050342,-0.065494,-0.050342,-0.060606,-0.065494,-0.05523,-0.035191,-0.025415,0.01955,0.034702,0.12463,0.25464,0.3348,0.10948,-0.070381,-0.16569,-0.19062,-0.1002,-0.080645,-0.070381,-0.050342,-0.030303,-0.025415,-0.040567,-0.05523,-0.040567,-0.05523,-0.025415,-0.015152,-0.0053763,-0.030303,-0.025415,-0.0053763,0.034702,0.039589,0.01955,0.029814,0.01955,0.049853,0.064516,0.084555,0.07478,0.084555,0.059629,0.049853,0.039589,0.054741,0.039589,0.049853,0.034702,0.039589,0.0097752,0.014663,0.0043988,0.054741,0.014663,0.07478,0.084555,0.079668,0.069892,0.11486,0.11975,0.079668,0.044477,0.039589,-0.00048876,-0.010264,0.0097752,-0.00048876,-0.015152,-0.05523,-0.05523,-0.035191,-0.010264,-0.035191,-0.045455,-0.05523,0.0043988,0.039589,0.14956,0.27468,0.39003,0.21457,0.014663,-0.15054,-0.18573,-0.11535,-0.050342,-0.05523,-0.045455,-0.030303,-0.010264,-0.030303,-0.035191,-0.015152,-0.035191,-0.035191,-0.020528,-0.010264,-0.035191,-0.025415,-0.035191,-0.010264,-0.025415,0.01955,0.014663,0.034702,0.039589,0.044477,0.064516,0.099707,0.049853,0.024438,0.034702,0.049853,0.024438,0.014663,0.044477,0.024438,0.029814,0.014663,0.01955,-0.010264,0.049853,0.079668,0.094819,0.064516,0.079668,0.089932,0.10948,0.064516,0.049853,0.024438,0.044477,-0.010264,0.014663,0.034702,-0.010264,-0.030303,-0.040567,-0.015152,-0.035191,-0.045455,-0.05523,-0.025415,-0.040567,0.039589,0.15494,0.3348,0.435,0.27468,0.07478,-0.030303,-0.070381,-0.060606,-0.080645,-0.070381,-0.065494,-0.035191,-0.040567,-0.030303,-0.025415,-0.050342,-0.075269,-0.040567,-0.030303,-0.035191,-0.045455,-0.050342,-0.015152,-0.040567,-0.015152,-0.035191,-0.010264,-0.0053763,0.01955,0.014663,0.0097752,-0.0053763,0.0097752,-0.010264,0.01955,0.029814,0.039589,0.0043988,-0.0053763,0.024438,-0.0053763,0.01955,0.034702,0.059629,0.069892,0.044477,0.039589,0.07478,0.064516,0.089932,0.10948,0.11975,0.07478,0.039589,0.014663,0.0043988,0.0043988,0.01955,-0.0053763,-0.00048876,-0.010264,-0.015152,-0.05523,-0.05523,-0.060606,-0.035191,-0.025415,0.039589,0.1999,0.36999,0.44477,0.23998,0.094819,-0.060606,-0.12023,-0.085533,-0.065494,-0.080645,-0.065494,-0.080645,-0.050342,-0.080645,-0.060606,-0.050342,-0.015152,-0.045455,-0.025415,-0.045455,-0.030303,-0.025415,-0.00048876,0.0043988,-0.035191,0.0043988,0.014663,0.014663,0.044477,0.059629,0.049853,0.054741,0.014663,0.029814,0.029814,0.039589,0.014663,0.014663,0.014663,0.029814,0.029814,0.054741,0.059629,0.07478,0.059629,0.069892,0.079668,0.099707,0.10948,0.12952,0.10459,0.069892,0.044477,0.054741,0.034702,0.0097752,0.014663,-0.010264,-0.00048876,-0.040567,-0.025415,-0.035191,-0.025415,-0.05523,-0.040567,-0.00048876,0.069892,0.14467,0.34506,0.47019,0.31965,0.054741,-0.09042,-0.1305,-0.085533,-0.1002,-0.050342,-0.030303,-0.050342,-0.05523,-0.035191,-0.045455,-0.060606,-0.035191,-0.025415,-0.015152,-0.030303,-0.020528,-0.010264,-0.025415,-0.020528,0.029814,-0.0053763,0.014663,0.034702,0.039589,0.014663,0.039589,0.039589,0.049853,0.039589,0.024438,0.0043988,-0.00048876,0.034702,-0.00048876,0.014663,0.0097752,0.029814,0.024438,0.014663,0.034702,0.059629,0.054741,0.069892,0.059629,0.10948,0.084555,0.079668,0.044477,0.034702,0.01955,0.014663,-0.0053763,-0.020528,-0.015152,-0.035191,-0.045455,-0.05523,-0.060606,-0.040567,-0.025415,-0.050342,0.0043988,0.069892,0.25464,0.41496,0.45015,0.064516,-0.095308,-0.15054,-0.1002,-0.085533,-0.080645,-0.095308,-0.060606,-0.050342,-0.045455,-0.065494,-0.060606,-0.050342,-0.035191,-0.035191,-0.035191,-0.040567,-0.050342,-0.025415,-0.030303,-0.010264,0.0097752,0.01955,0.0043988,0.039589,0.039589,0.054741,0.039589,0.024438,-0.010264,0.029814,0.039589,0.044477,-0.00048876,-0.010264,-0.015152,0.0043988,-0.010264,0.024438,0.029814,-0.00048876,0.024438,0.014663,0.07478,0.084555,0.089932,0.084555,0.12463,0.084555,0.07478,0.054741,0.049853,-0.00048876,0.014663,0.01955,0.0097752,-0.015152,-0.040567,-0.035191,-0.030303,-0.045455,-0.045455,-0.020528,0.0043988,0.014663,0.069892,0.3001,0.41007,0.22972,0.01955,-0.1002,-0.14027,-0.075269,-0.060606,-0.035191,-0.05523,-0.035191,-0.045455,-0.030303,-0.040567,-0.05523,-0.045455,-0.025415,-0.030303,-0.025415,-0.035191,-0.030303,-0.035191,0.0043988,0.014663,-0.00048876,0.0043988,0.034702,0.054741,0.0043988,0.034702,0.0097752,0.034702,0.039589,0.054741,0.044477,0.029814,0.01955,0.059629,0.0097752,0.044477,0.0097752,0.0043988,0.01955,0.059629,0.034702,0.024438,0.084555,0.10459,0.10948,0.12952,0.07478,0.039589,0.024438,0.034702,-0.0053763,-0.020528,-0.00048876,-0.050342,-0.05523,-0.040567,-0.025415,-0.050342,-0.040567,-0.075269,-0.020528,0.01955,0.094819,0.16471,0.3001,0.32502,0.099707,-0.11046,-0.17546,-0.12561,-0.045455,-0.05523,-0.040567,-0.035191,-0.05523,-0.035191,-0.020528,-0.015152,-0.050342,-0.060606,-0.035191,0.0097752,-0.0053763,0.01955,0.039589,0.049853,0.014663,0.0097752,-0.025415,-0.030303,-0.0053763,-0.010264,0.014663,-0.00048876,0.044477,0.034702,0.034702,0.054741,0.01955,-0.020528,-0.045455,-0.050342,-0.020528,-0.040567,0.029814,-0.0053763,-0.015152,0.0097752,0.054741,0.054741,0.089932,0.029814,0.014663,0.029814,0.099707,0.054741,0.039589,0.0097752,-0.0053763,0.029814,-0.030303,0.014663,-0.020528,-0.045455,-0.050342,-0.0053763,-0.015152,-0.040567,-0.05523,-0.065494,-0.040567,0.029814,0.084555,0.22483,0.39492,0.3001,0.10948,-0.00048876,-0.075269,-0.050342,-0.065494,-0.045455,-0.015152,-0.010264,-0.035191,-0.045455,-0.040567,-0.05523,-0.035191,-0.060606,-0.040567,-0.045455,-0.035191,-0.050342,-0.05523,-0.045455,-0.035191,-0.040567,0.014663,0.01955,0.0043988,-0.020528,0.024438,0.034702,0.039589,0.01955,0.039589,0.034702,0.014663,0.024438,0.039589,0.034702,0.01955,0.049853,0.034702,0.054741,0.039589,0.044477,0.069892,0.089932,0.084555,0.12463,0.084555,0.10948,0.079668,0.044477,0.024438,0.039589,0.029814,0.01955,-0.010264,-0.010264,-0.030303,-0.0053763,0.0043988,-0.035191,-0.030303,-0.035191,0.039589,0.099707,0.21994,0.37977,0.44477,0.22972,0.01955,-0.11046,-0.13539,-0.060606,-0.020528,-0.05523,-0.035191,-0.040567,-0.030303,-0.05523,-0.060606,-0.025415,-0.035191,-0.015152,-0.025415,-0.030303,-0.020528,-0.025415,-0.035191,-0.010264,-0.0053763,0.024438,0.029814,0.054741,0.029814,0.024438,0.034702,0.044477,0.039589,0.014663,0.0043988,0.01955,-0.0053763,-0.00048876,-0.010264,-0.00048876,-0.010264,0.0097752,0.024438,0.034702,0.014663,0.039589,0.059629,0.059629,0.059629,0.089932,0.094819,0.07478,0.059629,0.01955,0.014663,-0.00048876,-0.010264,-0.020528,-0.010264,-0.045455,-0.040567,-0.065494,-0.040567,-0.030303,-0.040567,-0.060606,-0.0053763,0.044477,0.1999,0.3348,0.38514,0.14956,-0.040567,-0.16569,-0.18035,-0.080645,-0.070381,-0.065494,-0.09042,-0.05523,-0.05523,-0.045455,-0.05523,-0.030303,-0.05523,-0.060606,-0.035191,-0.05523,-0.070381,0.0043988,-0.020528,-0.010264,-0.00048876,0.01955,-0.00048876,0.029814,0.024438,0.044477,0.054741,0.044477,0.049853,0.029814,0.044477,0.014663,0.024438,-0.00048876,0.014663,-0.00048876,0.024438,0.014663,-0.00048876,-0.015152,0.049853,0.054741,0.099707,0.089932,0.084555,0.079668,0.10948,0.089932,0.064516,0.01955,0.014663,0.029814,0.0097752,-0.00048876,-0.025415,-0.020528,-0.050342,-0.045455,-0.060606,-0.060606,-0.065494,-0.035191,-0.015152,0.054741,0.12463,0.30987,0.39492,0.2346,-0.020528,-0.1305,-0.16031,-0.080645,-0.085533,-0.065494,-0.080645,-0.040567,-0.030303,-0.050342,-0.050342,-0.060606,-0.035191,-0.035191,-0.040567,-0.020528,-0.015152,-0.025415,-0.0053763,0.014663,0.0097752,0.0043988,0.024438,-0.010264,0.029814,0.039589,0.054741,0.044477,0.059629,0.069892,0.044477,0.01955,0.014663,0.039589,0.034702,0.024438,0.034702,0.039589,0.014663,0.034702,0.029814,0.054741,0.064516,0.084555,0.059629,0.089932,0.10948,0.12463,0.034702,0.064516,0.039589,0.01955,-0.0053763,-0.00048876,-0.030303,-0.035191,-0.020528,-0.035191,-0.030303,-0.050342,-0.025415,-0.040567,0.0097752,0.034702,0.094819,0.28495,0.41984,0.26491,0.029814,-0.1305,-0.16569,-0.09042,-0.05523,-0.065494,-0.040567,-0.045455,-0.040567,-0.065494,-0.075269,-0.045455,-0.035191,-0.030303,-0.020528,-0.040567,-0.045455,-0.020528,-0.05523,-0.025415,-0.0053763,0.034702,0.014663,0.039589,0.029814,0.044477,0.014663,0.044477,0.054741,0.039589,0.024438,0.029814,0.0043988,0.024438,-0.015152,0.014663,-0.015152,-0.0053763,-0.010264,0.01955,0.014663,0.034702,0.044477,0.039589,0.07478,0.034702,0.079668,0.10459,0.11486,0.044477,0.029814,-0.010264,-0.010264,-0.020528,-0.015152,-0.050342,-0.025415,-0.05523,-0.040567,-0.045455,-0.040567,-0.05523,-0.035191,-0.030303,0.044477,0.094819,0.25464,0.36999,0.22483,0.024438,-0.11046,-0.16031,-0.17058,-0.05523,-0.040567,-0.025415,-0.030303,-0.05523,-0.060606,-0.025415,-0.040567,-0.020528,-0.035191,-0.020528,-0.030303,-0.010264,-0.010264,-0.035191,-0.050342,-0.015152,-0.0053763,0.0097752,0.034702,0.01955,0.069892,0.07478,0.039589,0.0097752,0.049853,0.039589,0.044477,0.024438,-0.0053763,-0.015152,0.029814,0.01955,0.034702,0.01955,0.039589,0.034702,0.059629,0.049853,0.064516,0.054741,0.084555,0.12952,0.10948,0.084555,0.044477,0.039589,0.039589,0.029814,0.0097752,0.01955,-0.020528,-0.010264,-0.035191,-0.035191,-0.040567,-0.015152,-0.035191,-0.040567,0.0043988,0.11975,0.27468,0.41007,0.435,0.17986,0.039589,-0.05523,-0.065494,-0.035191,-0.040567,-0.05523,-0.045455,-0.035191,-0.030303,-0.05523,-0.030303,-0.045455,-0.030303,-0.035191,-0.010264,-0.035191,-0.025415,-0.040567,-0.0053763,-0.025415,-0.0053763,-0.020528,-0.0053763,-0.010264,0.034702,0.014663,0.024438,0.039589,0.044477,0.0097752,-0.0053763,0.014663,0.024438,0.014663,0.024438,0.029814,0.01955,0.059629,0.044477,0.054741,0.044477,0.094819,0.094819,0.099707,0.094819,0.084555,0.069892,0.089932,0.049853,0.054741,0.0097752,-0.010264,-0.0053763,-0.015152,-0.010264,-0.030303,-0.015152,-0.030303,-0.025415,-0.050342,-0.020528,0.014663,0.089932,0.20968,0.35973,0.42473,0.1999,-0.05523,-0.16569,-0.18035,-0.060606,-0.075269,-0.040567,-0.035191,-0.040567,-0.035191,-0.035191,-0.040567,-0.020528,-0.040567,-0.045455,-0.020528,-0.030303,-0.025415,-0.010264,-0.00048876,-0.010264,0.01955,0.034702,0.039589,0.044477,0.059629,0.014663,0.044477,0.029814,0.044477,0.049853,0.039589,0.049853,0.044477,0.01955,0.029814,0.034702,0.014663,-0.00048876,0.024438,0.044477,0.039589,0.064516,0.079668,0.084555,0.07478,0.10948,0.10459,0.10948,0.059629,0.069892,0.014663,0.01955,-0.0053763,-0.020528,-0.050342,-0.035191,-0.05523,-0.030303,-0.035191,-0.020528,-0.015152,-0.035191,-0.015152,0.039589,0.17986,0.34506,0.40469,0.1696,-0.045455,-0.15543,-0.11046,-0.070381,-0.060606,-0.085533,-0.065494,-0.080645,-0.045455,-0.030303,-0.040567,-0.035191,-0.035191,-0.050342,-0.030303,-0.040567,-0.015152,-0.010264,0.0097752,-0.00048876,-0.0053763,0.014663,0.029814,0.034702,0.029814,0.049853,0.049853,0.059629,0.039589,0.014663,0.029814,0.01955,-0.035191,0.014663,-0.0053763,0.0043988,-0.00048876,0.014663,0.024438,0.014663,0.024438,0.054741,0.044477,0.079668,0.07478,0.10948,0.11975,0.089932,0.049853,0.0097752,0.029814,0.0043988,-0.025415,-0.035191,-0.045455,-0.050342,-0.035191,-0.05523,-0.045455,-0.050342,-0.060606,-0.040567,0.0043988,0.059629,0.13978,0.26002,0.36999,0.18475,-0.060606,-0.18573,-0.21065,-0.075269,-0.060606,-0.045455,-0.065494,-0.040567,-0.080645,-0.035191,-0.035191,-0.030303,-0.040567,-0.0053763,-0.025415,-0.035191,-0.020528,-0.025415,-0.010264,0.014663,0.0097752,0.024438,0.034702,0.044477,0.029814,0.064516,0.079668,0.039589,0.049853,0.044477,0.059629,0.0097752,0.014663,0.0097752,0.01955,0.0043988,0.029814,-0.00048876,-0.010264,-0.010264,0.024438,0.029814,0.059629,0.049853,0.059629,0.049853,0.084555,0.10459,0.069892,0.0097752,-0.0053763,0.014663,0.0043988,-0.010264,-0.030303,-0.060606,-0.070381,-0.060606,-0.050342,-0.035191,-0.065494,-0.035191,-0.060606,-0.0053763,0.044477,0.14467,0.24976,0.31965,0.049853,-0.1305,-0.21554,-0.18035,-0.10557,-0.060606,-0.05523,-0.070381,-0.05523,-0.080645,-0.05523,-0.035191,-0.020528,-0.035191,-0.035191,-0.025415,-0.035191,-0.025415,-0.00048876,-0.015152,0.029814,0.024438,0.039589,0.029814,0.039589,0.014663,0.059629,0.064516,0.07478,0.039589,0.029814,0.034702,0.024438,0.014663,0.024438,-0.00048876,-0.00048876,0.0097752,0.0043988,0.024438,0.0097752,0.029814,0.014663,0.044477,0.064516,0.099707,0.07478,0.10948,0.079668,0.064516,0.054741,0.044477,0.0097752,0.0043988,-0.010264,0.0097752,-0.030303,-0.040567,-0.070381,-0.035191,-0.060606,-0.065494,-0.030303,-0.060606,-0.035191,0.014663,0.11486,0.28495,0.39003,0.1999,-0.00048876,-0.17546,0.28495,0.029814,-0.1305,-0.21065,-0.15054,-0.065494,-0.030303,-0.060606,-0.050342,-0.035191,-0.015152,-0.025415,-0.010264,-0.050342,-0.065494,-0.025415,-0.05523,-0.035191,-0.00048876,-0.035191,-0.050342,-0.025415,0.01955,0.039589,0.054741,0.059629,0.01955,0.064516,0.024438,0.039589,0.0043988,0.024438,0.039589,0.059629,0.064516,0.054741,0.044477,0.07478,0.039589,0.059629,0.044477,0.029814,0.079668,0.094819,0.099707,0.11975,0.13978,0.10948,0.099707,0.064516,0.064516,0.029814,0.044477,0.054741,0.029814,-0.020528,-0.030303,-0.015152,-0.0053763,-0.030303,-0.025415,-0.050342,0.0097752,0.069892,0.17986,0.35973,0.52004,0.33969,0.15494,0.024438,-0.065494,-0.05523,-0.065494,-0.030303,-0.070381,-0.065494,-0.080645,-0.05523,-0.05523,-0.035191,-0.045455,-0.015152,-0.050342,-0.05523,-0.045455,-0.0053763,-0.00048876,-0.025415,-0.030303,-0.010264,-0.00048876,0.014663,-0.0053763,-0.015152,0.014663,0.0097752,-0.010264,-0.0053763,0.0043988,-0.010264,0.0043988,-0.015152,0.0097752,-0.010264,0.024438,0.01955,0.024438,0.01955,0.059629,0.054741,0.084555,0.07478,0.084555,0.089932,0.099707,0.059629,0.039589,0.049853,0.014663,0.01955,-0.025415,-0.010264,-0.035191,-0.060606,-0.075269,-0.05523,-0.060606,-0.040567,-0.05523,-0.035191,-0.020528,0.054741,0.1999,0.37488,0.44477,0.21457,-0.035191,-0.14565,-0.15543,-0.075269,-0.065494,-0.09042,-0.05523,-0.065494,-0.050342,-0.075269,-0.060606,-0.060606,-0.040567,-0.075269,-0.035191,-0.040567,-0.040567,-0.035191,-0.035191,-0.035191,-0.015152,-0.010264,0.014663,0.014663,0.044477,0.01955,0.014663,0.049853,0.054741,0.029814,0.034702,0.014663,0.0097752,0.029814,-0.010264,0.014663,0.0097752,0.014663,0.0043988,0.014663,0.024438,0.059629,0.054741,0.099707,0.084555,0.10948,0.094819,0.099707,0.049853,0.029814,0.039589,0.014663,-0.00048876,-0.010264,-0.035191,-0.040567,-0.060606,-0.05523,-0.045455,-0.060606,-0.035191,-0.05523,0.01955,0.059629,0.21994,0.3651,0.43011,0.12463,-0.05523,-0.17546,-0.12023,-0.1002,-0.05523,-0.1002,-0.060606,-0.050342,-0.065494,-0.045455,-0.050342,-0.040567,-0.060606,-0.035191,-0.035191,-0.060606,-0.065494,-0.025415,-0.030303,-0.0053763,-0.030303,0.0097752,0.0043988,0.034702,0.029814,0.039589,0.024438,0.039589,0.039589,0.039589,0.034702,0.039589,0.0097752,0.024438,0.0097752,0.01955,0.0097752,-0.0053763,0.0043988,-0.0053763,0.054741,0.059629,0.064516,0.054741,0.10948,0.11486,0.094819,0.059629,0.049853,0.0097752,0.014663,0.0043988,0.014663,-0.015152,-0.020528,-0.040567,-0.030303,-0.040567,-0.035191,-0.05523,-0.040567,-0.050342,0.0043988,0.064516,0.21994,0.3348,0.37977,0.099707,-0.085533,-0.19062,-0.13539,-0.070381,-0.05523,-0.065494,-0.070381,-0.035191,-0.05523,-0.05523,-0.05523,-0.040567,-0.045455,-0.030303,-0.025415,-0.015152,-0.035191,-0.015152,-0.030303,-0.015152,-0.00048876,0.024438,0.029814,0.014663,0.039589,0.059629,0.044477,0.039589,0.059629,0.059629,0.064516,0.039589,0.044477,0.014663,0.01955,0.014663,0.024438,0.0097752,0.039589,0.029814,0.064516,0.07478,0.084555,0.094819,0.10459,0.10948,0.089932,0.079668,0.054741,0.034702,0.014663,0.01955,0.0097752,-0.020528,-0.040567,-0.030303,-0.025415,-0.045455,-0.05523,-0.035191,-0.05523,-0.020528,0.01955,0.094819,0.24976,0.41496,0.44477,0.12463,-0.09042,-0.15543,-0.095308,-0.065494,-0.085533,-0.065494,-0.050342,-0.065494,-0.045455,-0.060606,-0.050342,-0.050342,-0.035191,-0.05523,-0.050342,-0.070381,-0.040567,-0.020528,-0.0053763,-0.010264,-0.00048876,-0.00048876,0.029814,0.01955,0.044477,0.059629,0.064516,0.044477,0.044477,0.024438,0.014663,0.029814,0.0097752,0.01955,-0.00048876,0.014663,-0.010264,0.0097752,0.01955,0.039589,0.054741,0.084555,0.064516,0.099707,0.10459,0.10948,0.059629,0.039589,-0.00048876,-0.0053763,0.014663,-0.010264,-0.035191,-0.035191,-0.030303,-0.050342,-0.035191,-0.060606,-0.05523,-0.060606,-0.035191,0.0043988,0.07478,0.1696,0.30987,0.35484,0.089932,-0.10557,-0.18573,-0.15543,-0.095308,-0.080645,-0.05523,-0.060606,-0.040567,-0.050342,-0.030303,-0.035191,-0.045455,-0.025415,-0.05523,0.0043988,-0.025415,-0.025415,-0.050342,-0.045455,-0.020528,0.014663,-0.00048876,0.024438,0.014663,0.069892,0.0097752,-0.00048876,-0.010264,-0.0053763,-0.045455,-0.025415,-0.015152,-0.035191,-0.030303,-0.040567,-0.035191,-0.065494,0.034702,0.084555,0.20968,0.3651,0.42473,0.22483,0.039589,-0.070381,-0.085533,-0.075269,-0.060606,-0.05523,-0.065494,-0.030303,-0.015152,-0.05523,-0.035191,-0.030303,-0.025415,-0.05523,-0.060606,-0.080645,-0.045455,-0.05523,-0.010264,0.01955,-0.010264,-0.030303,-0.010264,0.014663,0.0097752,0.049853,0.014663,0.034702,0.014663,0.034702,0.034702,0.039589,0.0097752,0.059629,0.039589,0.049853,0.029814,0.024438,0.044477,0.059629,0.079668,0.11486,0.12463,0.12952,0.14467,0.094819,0.049853,0.039589,0.044477,0.029814,0.0043988,-0.020528,-0.010264,-0.015152,-0.00048876,-0.020528,-0.030303,-0.050342,-0.015152,-0.035191,0.01955,0.059629,0.24487,0.42473,0.48485,0.24976,0.089932,-0.045455,-0.085533,-0.065494,-0.075269,-0.050342,-0.080645,-0.065494,-0.035191,-0.010264,-0.045455,-0.030303,-0.050342,-0.035191,-0.045455,-0.025415,-0.035191,-0.025415,-0.050342,-0.035191,-0.015152,0.0097752,0.0043988,0.024438,0.034702,0.039589,0.01955,0.049853,0.034702,0.024438,0.039589,0.039589,0.034702,0.014663,0.034702,0.029814,0.039589,0.01955,0.054741,0.044477,0.079668,0.084555,0.084555,0.084555,0.11975,0.12952,0.084555,0.034702,0.029814,0.039589,0.029814,0.034702,-0.015152,-0.040567,-0.045455,-0.035191,-0.05523,-0.035191,-0.050342,-0.030303,-0.020528,0.029814,0.094819,0.3001,0.41496,0.44477,0.10459,-0.060606,-0.17546,-0.095308,-0.080645,-0.1002,-0.085533,-0.075269,-0.095308,-0.080645,-0.070381,-0.075269,-0.050342,-0.060606,-0.035191,-0.045455,-0.05523,-0.030303,-0.015152,-0.035191,-0.010264,-0.015152,0.014663,0.0097752,0.024438,0.044477,0.054741,0.029814,0.034702,0.01955,0.034702,0.039589,0.039589,0.014663,0.024438,0.0097752,0.0097752,0.0043988,0.024438,0.039589,0.029814,0.059629,0.094819,0.079668,0.099707,0.11486,0.079668,0.079668,0.024438,0.034702,0.024438,0.01955,0.0043988,0.0043988,-0.050342,-0.05523,-0.040567,-0.015152,-0.050342,-0.030303,-0.040567,-0.045455,0.034702,0.094819,0.28983,0.43011,0.435,0.044477,-0.09042,-0.15543,-0.075269,-0.05523,-0.050342,-0.075269,-0.035191,-0.05523,-0.035191,-0.050342,-0.035191,-0.045455,-0.020528,-0.040567,-0.030303,-0.010264,-0.010264,-0.025415,-0.0053763,-0.025415,0.014663,0.024438,0.014663,0.029814,0.01955,0.059629,0.059629,0.069892,0.039589,0.064516,0.034702,0.039589,0.014663,0.01955,0.0043988,0.029814,0.0097752,0.024438,0.029814,0.054741,0.059629,0.079668,0.084555,0.10948,0.11486,0.084555,0.054741,0.039589,0.029814,0.0097752,0.0043988,-0.0053763,-0.015152,-0.035191,-0.050342,-0.05523,-0.050342,-0.030303,-0.035191,-0.040567,0.0097752,0.049853,0.19501,0.3348,0.41496,0.18475,-0.010264,-0.15054,-0.17546,-0.10557,-0.060606,-0.05523,-0.060606,-0.05523,-0.070381,-0.040567,-0.050342,-0.040567,-0.050342,-0.025415,-0.035191,-0.025415,-0.030303,-0.0053763,-0.025415,-0.00048876,0.0043988,0.039589,0.024438,0.014663,0.029814,0.044477,0.049853,0.039589,0.054741,0.039589,0.054741,0.01955,0.034702,0.0097752,0.014663,-0.00048876,0.014663,0.01955,0.01955,0.029814,0.049853,0.044477,0.084555,0.059629,0.094819,0.10948,0.11486,0.054741,0.044477,0.0097752,0.014663,-0.025415,-0.010264,-0.0053763,-0.035191,-0.050342,-0.05523,-0.05523,-0.050342,-0.040567,-0.060606,-0.035191,0.0043988,0.094819,0.23998,0.3651,0.37488,0.044477,-0.11046,-0.16569,-0.11535,-0.075269,-0.075269,-0.040567,-0.065494,-0.070381,-0.050342,-0.035191,-0.050342,-0.040567,-0.035191,-0.040567,-0.025415,-0.040567,-0.010264,-0.020528,-0.010264,-0.010264,0.014663,0.014663,0.029814,0.034702,0.044477,0.039589,0.059629,0.044477,0.064516,0.039589,0.054741,0.029814,0.024438,0.0097752,0.0043988,0.014663,0.0043988,0.034702,0.014663,0.049853,0.039589,0.079668,0.059629,0.094819,0.10459,0.11486,0.064516,0.049853,0.014663,0.01955,0.0097752,0.014663,-0.020528,-0.015152,-0.040567,-0.040567,-0.050342,-0.040567,-0.065494,-0.045455,-0.020528,0.0097752,0.049853,0.18964,0.30987,0.33969,0.069892,-0.12023,-0.17546,-0.14027,-0.060606,-0.05523,-0.040567,-0.060606,-0.035191,-0.045455,-0.020528,-0.040567,-0.035191,-0.045455,-0.020528,-0.010264,-0.025415,-0.025415,-0.010264,-0.015152,0.014663,0.029814,-0.00048876,0.034702,0.01955,0.049853,0.039589,0.059629,0.054741,0.069892,0.039589,0.049853,0.029814,0.044477,0.029814,0.034702,0.0043988,0.014663,0.0097752,0.039589,0.034702,0.069892,0.079668,0.059629,0.079668,0.094819,0.10948,0.099707,0.064516,0.029814,0.01955,0.0097752,0.029814,-0.00048876,-0.020528,-0.050342,-0.020528,-0.05523,-0.040567,-0.050342,-0.035191,-0.05523,0.0043988,0.029814,0.12463,0.25464,0.37488,0.21457,0.049853,-0.060606,-0.1002,-0.070381,-0.060606,-0.040567,-0.05523,-0.050342,-0.05523,-0.040567,-0.05523,-0.040567,-0.05523,-0.025415,-0.035191,-0.015152,-0.030303,-0.015152,-0.035191,-0.020528,-0.035191,-0.0053763,0.0043988,0.014663,0.01955,0.039589,0.049853,0.029814,0.049853,0.039589,0.059629,0.044477,0.049853,0.014663,0.039589,0.014663,0.029814,0.014663,0.034702,0.029814,0.054741,0.054741,0.084555,0.069892,0.11975,0.12463,0.099707,0.069892,0.059629,0.039589,0.029814,0.034702,0.0043988,-0.010264,-0.010264,-0.035191,-0.050342,-0.035191,-0.045455,-0.020528,-0.035191,0.0043988,0.034702,0.10459,0.28495,0.41496,0.29472,0.07478,-0.09042,-0.17546,-0.18035,-0.070381,-0.075269,-0.05523,-0.040567,-0.050342,-0.070381,-0.030303,-0.020528,-0.010264,-0.015152,-0.010264,-0.030303,-0.035191,-0.020528,-0.010264,-0.020528,-0.030303,-0.0053763,-0.0053763,0.014663,0.024438,0.054741,0.034702,0.029814,0.054741,0.059629,0.034702,0.039589,0.01955,0.014663,0.0097752,0.01955,0.039589,0.014663,0.014663,0.039589,0.059629,0.07478,0.084555,0.069892,0.10948,0.10459,0.11486,0.049853,0.059629,0.039589,0.01955,0.0043988,0.014663,-0.0053763,-0.015152,-0.035191,-0.035191,-0.040567,-0.045455,-0.050342,-0.025415,-0.010264,0.044477,0.10459,0.26979,0.41984,0.43011,0.14467,-0.00048876,-0.070381,-0.080645,-0.060606,-0.075269,-0.05523,-0.040567,-0.030303,-0.040567,-0.05523,-0.065494,-0.05523,-0.065494,-0.05523,-0.065494,-0.035191,-0.040567,-0.025415,-0.015152,-0.035191,-0.010264,-0.00048876,-0.020528,-0.035191,-0.00048876,0.029814,0.044477,0.014663,0.029814,0.034702,0.024438,-0.0053763,-0.0053763,-0.0053763,0.029814,0.014663,0.039589,0.024438,0.059629,0.064516,0.054741,0.07478,0.099707,0.11975,0.10948,0.084555,0.069892,0.049853,0.044477,0.049853,0.029814,0.044477,-0.025415,-0.030303,-0.040567,-0.030303,-0.050342,-0.05523,-0.05523,-0.030303,0.01955,0.079668,0.15494,0.32502,0.44477,0.3348,0.12952,-0.00048876,-0.075269,-0.080645,-0.030303,-0.09042,-0.085533,-0.075269,-0.045455,-0.080645,-0.065494,-0.050342,-0.035191,-0.070381,-0.050342,-0.025415,-0.010264,-0.045455,-0.035191,-0.040567,-0.025415,-0.045455,-0.010264,-0.015152,0.0097752,0.014663,0.0097752,0.024438,0.029814,0.0097752,0.014663,0.01955,-0.0053763,0.024438,0.014663,0.029814,0.014663,0.044477,0.039589,0.049853,0.044477,0.079668,0.064516,0.094819,0.099707,0.11486,0.079668,0.084555,0.039589,0.029814,0.054741,0.039589,0.01955,0.0097752,-0.0053763,-0.010264,-0.015152,-0.040567,-0.030303,-0.035191,-0.015152,-0.020528,0.069892,0.17986,0.37977,0.45503,0.25464,-0.010264,-0.13539,-0.16569,-0.065494,-0.05523,-0.045455,-0.070381,-0.080645,-0.05523,-0.035191,-0.050342,-0.05523,-0.020528,-0.040567,-0.035191,-0.040567,-0.030303,-0.035191,-0.010264,-0.035191,0.0043988,-0.0053763,0.024438,0.014663,0.044477,0.024438,0.054741,0.01955,0.054741,0.059629,0.039589,0.029814,0.024438,0.039589,0.024438,0.044477,0.014663,0.039589,0.01955,0.054741,0.039589,0.079668,0.084555,0.079668,0.099707,0.11975,0.079668,0.069892,0.034702,0.039589,0.014663,0.024438,-0.0053763,-0.010264,-0.040567,-0.045455,-0.035191,-0.040567,-0.035191,-0.05523,-0.020528,-0.030303,0.039589,0.14467,0.3348,0.435,0.23998,0.0097752,-0.13539,-0.18573,-0.060606,-0.05523,-0.050342,-0.065494,-0.040567,-0.05523,-0.05523,-0.05523,-0.035191,-0.025415,-0.040567,-0.025415,-0.035191,-0.020528,-0.030303,-0.00048876,-0.035191,-0.00048876,0.01955,0.029814,0.039589,0.034702,0.024438,0.049853,0.029814,0.049853,0.054741,0.049853,0.01955,0.014663,0.014663,0.039589,0.014663,0.024438,0.034702,0.029814,0.039589,0.054741,0.064516,0.084555,0.079668,0.099707,0.11486,0.10948,0.12463,0.064516,0.054741,0.039589,0.044477,0.014663,0.0043988,-0.035191,-0.015152,-0.035191,-0.015152,-0.035191,-0.030303,-0.045455,-0.030303,-0.010264,0.064516,0.16471,0.35484,0.45503,0.24487,0.014663,-0.11535,-0.15054,-0.05523,-0.045455,-0.060606,-0.040567,-0.065494,-0.050342,-0.05523,-0.035191,-0.045455,-0.025415,-0.045455,-0.0053763,-0.015152,-0.010264,-0.025415,-0.010264,-0.015152,0.014663,0.024438,0.014663,0.029814,0.024438,0.039589,0.034702,0.049853,0.034702,0.049853,0.014663,0.039589,0.01955,0.029814,0.0097752,0.014663,0.0097752,0.01955,0.0097752,0.034702,0.039589,0.064516,0.079668,0.089932,0.084555,0.10948,0.12463,0.12952,0.079668,0.049853,0.01955,0.014663,0.0097752,-0.010264,-0.010264,-0.020528,-0.040567,-0.05523,-0.035191,-0.040567,-0.030303,-0.050342,-0.015152,0.029814,0.12952,0.28983,0.41496,0.24487,0.0097752,-0.13539,-0.18035,-0.09042,-0.05523,-0.065494,-0.070381,-0.05523,-0.070381,-0.035191,-0.060606,-0.05523,-0.060606,-0.040567,-0.050342,-0.035191,-0.050342,-0.025415,-0.020528,-0.0053763,-0.010264,0.0097752,-0.00048876,0.039589,0.039589,0.049853,0.034702,0.039589,0.01955,0.029814,0.0097752,0.014663,-0.010264,-0.010264,-0.010264,0.0043988,0.0043988,-0.010264,-0.0053763,-0.00048876,-0.0053763,-0.010264,0.039589,0.064516,0.084555,0.059629,0.079668,0.089932,0.059629,0.049853,0.054741,-0.0053763,-0.020528,-0.035191,-0.010264,-0.035191,-0.05523,-0.05523,-0.040567,-0.05523,-0.025415,-0.040567,-0.045455,-0.0053763,0.029814,0.13978,0.3001,0.38514,0.20479,0.014663,-0.1305,-0.16569,-0.11535,-0.075269,-0.070381,-0.09042,-0.080645,-0.050342,-0.040567,-0.025415,-0.05523,-0.075269,-0.045455,-0.030303,-0.010264,-0.020528,0.0097752,-0.030303,-0.015152,-0.035191,-0.00048876,0.01955,0.034702,0.029814,0.039589,0.034702,0.059629,0.039589,0.059629,0.034702,0.039589,0.034702,0.024438,0.039589,0.059629,0.01955,0.034702,0.029814,0.049853,0.059629,0.054741,0.084555,0.094819,0.084555,0.069892,0.11486,0.094819,0.084555,0.039589,0.01955,0.0097752,0.01955,-0.00048876,-0.010264,-0.025415,-0.020528,-0.045455,-0.050342,-0.05523,-0.035191,-0.025415,-0.035191,0.024438,0.13978,0.3348,0.47019,0.30987,0.1349,-0.020528,-0.12023,-0.09042,-0.065494,-0.05523,-0.060606,-0.045455,-0.035191,-0.045455,-0.05523,-0.05523,-0.060606,-0.035191,-0.05523,-0.05523,-0.060606,-0.045455,-0.05523,-0.030303,-0.015152,-0.025415,-0.020528,-0.035191,-0.00048876,0.014663,-0.00048876,-0.010264,0.014663,0.0097752,0.029814,0.0097752,0.0043988,0.014663,0.014663,0.029814,0.049853,0.024438,0.01955,0.034702,0.054741,0.059629,0.079668,0.084555,0.064516,0.10948,0.10948,0.089932,0.064516,0.054741,0.039589,0.044477,0.014663,-0.010264,-0.040567,-0.030303,-0.045455,-0.015152,-0.040567,-0.030303,-0.045455,-0.015152,0.01955,0.07478,0.21457,0.34995,0.3998,0.1696,-0.050342,-0.15054,-0.13539,-0.060606,-0.035191,-0.065494,-0.060606,-0.075269,-0.035191,-0.045455,-0.035191,-0.05523,-0.035191,-0.050342,-0.025415,-0.045455,-0.020528,-0.025415,-0.020528,-0.015152,0.014663,0.0043988,-0.00048876,0.034702,0.044477,0.039589,0.059629,0.064516,0.049853,0.054741,0.039589,0.034702,0.029814,-0.00048876,0.0097752,0.01955,0.014663,0.024438,0.014663,0.044477,0.049853,0.084555,0.07478,0.079668,0.064516,0.11486,0.12463,0.099707,0.07478,0.039589,0.029814,0.01955,-0.015152,-0.020528,0.0097752,-0.015152,-0.010264,-0.040567,-0.035191,-0.050342,-0.05523,-0.045455,0.0043988,0.039589,0.15494,0.32991,0.40469,0.1696,-0.020528,-0.15054,-0.18035,-0.10557,-0.065494,-0.060606,-0.095308,-0.080645,-0.060606,-0.05523,-0.030303,-0.020528,-0.05523,-0.030303,-0.050342,-0.050342,-0.050342,-0.040567,-0.030303,-0.00048876,-0.010264,0.014663,-0.00048876,0.014663,0.0043988,0.069892,0.049853,0.014663,0.0097752,0.034702,-0.00048876,0.0043988,-0.010264,0.014663,0.01955,0.0043988,0.024438,0.014663,-0.00048876,0.024438,0.054741,0.044477,0.069892,0.064516,0.11486,0.099707,0.12463,0.069892,0.054741,0.01955,0.029814,0.024438,0.024438,0.01955,0.024438,-0.045455,-0.060606,-0.020528,-0.035191,-0.010264,-0.045455,-0.035191,-0.015152,0.039589,0.12952,0.34506,0.49511,0.37488,0.11975,-0.040567,-0.12561,-0.1002,-0.095308,-0.045455,-0.015152,-0.020528,-0.035191,-0.0053763,-0.015152,-0.020528,-0.0053763,-0.010264,-0.00048876,-0.025415,-0.030303,-0.015152,-0.020528,-0.00048876,0.014663,0.0097752,0.039589,0.034702,0.049853,0.024438,0.049853,0.014663,0.029814,0.01955,0.039589,0.029814,0.034702,-0.00048876,0.014663,0.01955,0.034702,0.029814,0.059629,0.054741,0.069892,0.079668,0.07478,0.10948,0.12463,0.099707,0.069892,0.044477,0.0097752,0.029814,0.01955,0.034702,-0.040567,-0.050342,-0.035191,-0.060606,-0.060606,-0.035191,-0.050342,-0.035191,-0.025415,0.029814,0.079668,0.24976,0.3998,0.45503,0.10948,-0.09042,-0.17546,-0.11535,-0.070381,-0.075269,-0.065494,-0.080645,-0.035191,-0.080645,-0.060606,-0.05523,-0.035191,-0.035191,-0.030303,-0.05523,-0.035191,-0.045455,-0.035191,-0.030303,-0.015152,-0.020528,-0.00048876,0.0043988,0.039589,0.039589,0.059629,0.034702,0.024438,0.029814,0.014663,0.024438,0.014663,0.014663,0.0097752,-0.010264,0.0043988,0.029814,0.034702,0.014663,0.0043988,0.029814,0.029814,0.07478,0.07478,0.094819,0.084555,0.10459,0.11975,0.079668,0.049853,0.039589,0.024438,0.0043988,-0.010264,-0.0053763,-0.030303,-0.045455,-0.040567,-0.05523,-0.030303,-0.05523,-0.035191,-0.035191,0.0043988,0.049853,0.24487,0.42473,0.45992,0.14956,-0.060606,-0.17546,-0.11535,-0.080645,-0.065494,-0.060606,-0.065494,-0.05523,-0.050342,-0.030303,-0.060606,-0.050342,-0.060606,-0.060606,-0.040567,-0.035191,-0.060606,-0.025415,-0.035191,-0.00048876,-0.010264,0.0097752,0.014663,0.029814,0.029814,0.039589,0.049853,0.039589,0.01955,0.014663,0.034702,0.014663,0.0043988,0.014663,0.024438,0.029814,0.014663,0.024438,0.039589,0.01955,0.059629,0.099707,0.094819,0.064516,0.089932,0.084555,0.10459,0.064516,0.044477,0.014663,0.01955,-0.010264,-0.0053763,-0.045455,-0.030303,-0.045455,-0.05523,-0.05523,-0.060606,-0.035191,-0.05523,-0.035191,0.014663,0.11486,0.3001,0.435,0.28006,0.059629,-0.1305,-0.16569,-0.11046,-0.05523,-0.065494,-0.050342,-0.070381,-0.05523,-0.05523,-0.035191,-0.060606,-0.070381,-0.05523,-0.060606,-0.045455,-0.05523,-0.035191,-0.040567,-0.025415,-0.030303,0.0097752,-0.0053763,0.024438,0.0097752,0.039589,0.034702,0.049853,0.034702,0.049853,0.034702,0.049853,0.0043988,0.029814,0.024438,0.029814,-0.00048876,-0.0053763,0.029814,0.014663,0.039589,0.029814,0.10459,0.13978,0.1696,0.14956,0.1696,0.21994,0.26979,0.23998,0.14467,-0.095308,-0.30547,-0.50049,-0.50049,-0.39052,-0.1955,-0.11046,-0.060606,-0.045455,-0.020528,-0.00048876,0.024438,0.039589,0.064516,0.069892,0.10948,-0.010264,-0.025415,-0.010264,-0.030303,0.0043988,-0.0053763,0.044477,0.12463,0.32991,0.435,0.32502,0.13978,0.0043988,-0.085533,-0.09042,-0.040567,-0.060606,-0.09042,-0.080645,-0.095308,-0.060606,-0.050342,-0.05523,-0.035191,-0.045455,-0.020528,-0.045455,-0.035191,-0.070381,-0.050342,-0.05523,-0.010264,-0.010264,-0.010264,-0.020528,-0.0053763,-0.010264,0.034702,0.0043988,0.014663,-0.010264,0.0097752,-0.00048876,-0.0053763,0.0043988,0.029814,0.039589,0.01955,0.0043988,0.024438,0.039589,0.054741,0.07478,0.089932,0.099707,0.059629,0.084555,0.12463,0.10948,0.07478,0.044477,0.024438,0.034702,0.0097752,0.014663,-0.025415,-0.0053763,-0.015152,-0.035191,-0.060606,-0.045455,-0.035191,-0.030303,-0.010264,0.059629,0.12952,0.28983,0.41007,0.26491,0.069892,-0.10557,-0.17546,-0.11535,-0.075269,-0.060606,-0.035191,-0.045455,-0.030303,-0.040567,-0.025415,-0.040567,-0.030303,-0.035191,-0.010264,-0.0053763,-0.015152,-0.035191,-0.0053763,0.0097752,0.0043988,0.014663,0.034702,0.044477,0.034702,0.044477,0.039589,0.069892,0.039589,0.064516,0.029814,0.034702,0.014663,0.014663,0.01955,0.0043988,0.014663,0.029814,0.01955,0.014663,0.029814,0.064516,0.084555,0.064516,0.094819,0.11486,0.10948,0.064516,0.054741,0.029814,0.044477,0.029814,0.01955,-0.010264,-0.020528,-0.05523,-0.050342,-0.050342,-0.040567,-0.045455,-0.050342,-0.040567,0.0097752,0.029814,0.14956,0.29472,0.36999,0.16471,-0.050342,-0.14565,-0.17546,-0.1002,-0.070381,-0.050342,-0.05523,-0.035191,-0.05523,-0.045455,-0.05523,-0.05523,-0.045455,-0.035191,-0.030303,-0.025415,-0.045455,-0.015152,-0.00048876,-0.015152,0.0097752,0.024438,0.034702,0.039589,0.044477,0.059629,0.069892,0.059629,0.049853,0.039589,0.044477,0.014663,0.034702,0.014663,0.0097752,-0.00048876,0.029814,0.034702,0.029814,0.024438,0.054741,0.059629,0.07478,0.094819,0.10459,0.10948,0.11486,0.084555,0.079668,0.034702,0.029814,0.044477,0.01955,-0.00048876,-0.015152,-0.010264,-0.045455,-0.025415,-0.035191,-0.05523,-0.080645,-0.045455,-0.050342,0.024438,0.069892,0.24976,0.35973,0.3651,0.0097752,-0.11535,-0.16031,-0.085533,-0.060606,-0.070381,-0.05523,-0.065494,-0.05523,-0.030303,-0.020528,-0.035191,-0.020528,-0.045455,-0.035191,-0.025415,-0.010264,-0.030303,-0.00048876,-0.010264,0.014663,0.014663,0.034702,0.029814,0.069892,0.07478,0.044477,0.034702,0.059629,0.039589,0.039589,0.039589,0.034702,0.039589,0.014663,0.01955,0.0043988,0.029814,0.0097752,0.024438,0.014663,0.049853,0.054741,0.07478,0.064516,0.099707,0.11486,0.15494,0.084555,0.064516,0.039589,0.034702,0.01955,0.024438,0.0097752,-0.010264,-0.030303,-0.040567,-0.030303,-0.040567,-0.025415,-0.05523,-0.035191,-0.040567,0.034702,0.12952,0.29472,0.37488,0.1696,-0.065494,-0.16569,-0.18035,-0.075269,-0.070381,-0.060606,-0.050342,-0.035191,-0.045455,-0.030303,-0.015152,-0.050342,-0.05523,-0.035191,-0.015152,-0.025415,-0.010264,-0.020528,0.0043988,-0.010264,0.029814,0.014663,0.034702,0.044477,0.054741,0.039589,0.059629,0.049853,0.07478,0.034702,0.039589,0.01955,0.039589,0.039589,0.034702,0.0097752,0.0097752,0.01955,-0.00048876,0.01955,0.039589,0.059629,0.049853,0.084555,0.064516,0.10948,0.12463,0.12952,0.084555,0.054741,0.034702,0.014663,0.0097752,0.014663,-0.015152,-0.010264,-0.035191,-0.035191,-0.080645,-0.050342,-0.035191,-0.035191,-0.020528,-0.025415,0.039589,0.15494,0.30499,0.36999,0.14956,-0.0053763,-0.09042,-0.10557,-0.05523,-0.070381,-0.045455,-0.05523,-0.035191,-0.05523,-0.045455,-0.035191,-0.045455,-0.05523,-0.015152,-0.030303,-0.035191,-0.025415,-0.030303,-0.010264,-0.015152,-0.010264,0.014663,0.01955,0.014663,0.01955,0.014663,0.01955,0.014663,0.044477,0.039589,0.049853,0.024438,0.039589,0.0097752,0.024438,-0.00048876,0.01955,0.014663,0.024438,0.01955,0.044477,0.054741,0.099707,0.10459,0.069892,0.089932,0.11975,0.12952,0.089932,0.064516,0.039589,0.01955,0.0097752,0.029814,-0.020528,-0.030303,-0.045455,-0.035191,-0.050342,-0.030303,-0.035191,-0.015152,-0.020528,0.029814,0.064516,0.1999,0.34506,0.38514,0.1349,-0.00048876,-0.080645,-0.1002,-0.035191,-0.040567,-0.050342,-0.05523,-0.035191,-0.05523,-0.035191,-0.05523,-0.025415,-0.035191,-0.035191,-0.035191,-0.015152,-0.035191,-0.020528,-0.010264,-0.015152,-0.020528,0.0097752,0.024438,0.014663,0.01955,0.044477,0.054741,0.034702,0.044477,0.014663,0.024438,0.044477,0.029814,0.01955,0.0097752,-0.00048876,0.0097752,0.014663,0.029814,0.029814,0.049853,0.059629,0.084555,0.079668,0.10459,0.11975,0.12952,0.094819,0.059629,0.049853,0.039589,0.029814,0.0097752,0.014663,-0.015152,-0.010264,-0.025415,-0.020528,-0.035191,-0.025415,-0.045455,-0.040567,-0.025415,0.034702,0.10459,0.29472,0.37488,0.21994,-0.0053763,-0.11535,-0.15543,-0.095308,-0.070381,-0.050342,-0.035191,-0.035191,-0.040567,-0.05523,-0.030303,-0.035191,-0.035191,-0.020528,-0.010264,-0.020528,-0.010264,-0.015152,-0.00048876,-0.015152,0.014663,0.01955,0.039589,0.034702,0.049853,0.044477,0.054741,0.034702,0.024438,0.044477,0.029814,0.034702,0.01955,0.029814,0.014663,0.01955,0.0097752,0.01955,0.0043988,0.024438,0.014663,0.034702,0.054741,0.07478,0.059629,0.089932,0.10948,0.11486,0.069892,0.064516,0.029814,0.039589,0.0097752,0.01955,-0.00048876,-0.010264,-0.00048876,-0.050342,-0.035191,-0.045455,-0.040567,-0.050342,-0.015152,-0.030303,0.049853,0.12952,0.3001,0.36999,0.21457,-0.025415,-0.15054,-0.19062,-0.09042,-0.060606,-0.050342,-0.045455,-0.060606,-0.040567,-0.050342,-0.025415,-0.040567,-0.035191,-0.025415,-0.040567,-0.045455,-0.025415,-0.020528,-0.0053763,0.0097752,0.01955,0.014663,0.029814,0.034702,0.054741,0.044477,0.059629,0.049853,0.054741,0.01955,0.039589,0.044477,0.029814,0.014663,0.014663,0.029814,0.0097752,0.0043988,0.024438,0.024438,0.034702,0.039589,0.064516,0.084555,0.079668,0.094819,0.084555,0.11975,0.084555,0.069892,0.039589,0.069892,0.01955,0.014663,0.0043988,-0.010264,-0.040567,-0.045455,-0.035191,-0.030303,-0.035191,-0.040567,-0.040567,-0.025415,0.034702,0.10948,0.24976,0.34995,0.23998,0.029814,-0.05523,-0.11046,-0.060606,-0.05523,-0.035191,-0.065494,-0.05523,-0.050342,-0.015152,-0.045455,-0.035191,-0.050342,-0.015152,-0.035191,-0.015152,-0.010264,-0.035191,-0.00048876,-0.020528,0.0097752,-0.00048876,0.029814,0.014663,0.039589,0.024438,0.034702,0.014663,0.039589,0.039589,0.044477,0.0097752,0.029814,0.029814,0.039589,-0.00048876,0.01955,0.014663,0.0097752,0.034702,0.014663,0.049853,0.039589,0.079668,0.084555,0.07478,0.11486,0.12952,0.10948,0.099707,0.064516,0.034702,0.029814,0.044477,0.029814,0.034702,-0.025415,-0.030303,-0.035191,-0.040567,-0.040567,-0.025415,-0.045455,-0.015152,0.034702,0.079668,0.18964,0.3348,0.38514,0.12463,-0.070381,-0.15543,-0.17058,-0.080645,-0.040567,-0.050342,-0.050342,-0.05523,-0.040567,-0.045455,-0.010264,-0.05523,-0.035191,-0.040567,-0.00048876,-0.010264,-0.010264,-0.015152,0.0097752,0.0097752,0.014663,0.01955,0.014663,0.034702,0.054741,0.064516,0.034702,0.054741,0.039589,0.054741,0.039589,0.039589,0.024438,0.039589,0.014663,0.034702,0.024438,0.044477,0.01955,0.014663,0.01955,0.039589,0.054741,0.10459,0.084555,0.14467,0.15494,0.13978,0.094819,0.059629,0.034702,0.029814,0.049853,0.024438,-0.00048876,-0.010264,-0.040567,-0.060606,-0.025415,-0.040567,-0.030303,-0.045455,-0.030303,0.0097752,0.07478,0.18475,0.37977,0.45015,0.2346,0.01955,-0.11535,-0.14565,-0.060606,-0.05523,-0.045455,-0.035191,-0.040567,-0.015152,-0.05523,-0.035191,-0.045455,-0.015152,-0.05523,-0.045455,-0.060606,-0.030303,-0.045455,-0.045455,-0.045455,-0.025415,-0.030303,-0.015152,-0.010264,-0.015152,0.014663,0.024438,0.0097752,-0.0053763,0.014663,0.0097752,0.01955,-0.00048876,0.029814,0.014663,0.024438,0.014663,0.039589,0.034702,0.054741,0.054741,0.099707,0.10459,0.12952,0.10948,0.15982,0.16471,0.099707,0.064516,0.054741,0.064516,0.039589,0.054741,0.029814,0.0043988,0.0097752,-0.0053763,-0.010264,0.014663,0.0043988,-0.015152,-0.025415,0.039589,0.094819,0.26491,0.41984,0.49022,0.15982,-0.025415,-0.14565,-0.1002,-0.080645,-0.065494,-0.075269,-0.050342,-0.05523,-0.045455,-0.05523,-0.05523,-0.050342,-0.05523,-0.025415,-0.045455,-0.035191,-0.030303,-0.020528,-0.040567,-0.025415,-0.030303,0.0097752,0.014663,0.01955,0.029814,0.024438,0.014663,0.039589,0.01955,0.029814,0.0043988,0.01955,0.024438,0.014663,0.0043988,0.014663,0.0097752,0.014663,0.029814,0.0043988,0.024438,0.049853,0.069892,0.084555,0.10459,0.099707,0.12952,0.10948,0.084555,0.034702,0.029814,0.01955,0.014663,-0.0053763,-0.00048876,-0.035191,-0.025415,-0.040567,-0.020528,-0.050342,-0.035191,-0.045455,-0.05523,0.014663,0.069892,0.26002,0.41984,0.48485,0.15982,-0.040567,-0.15543,-0.1002,-0.070381,-0.065494,-0.080645,-0.05523,-0.040567,-0.035191,-0.035191,-0.030303,-0.045455,-0.035191,-0.030303,-0.045455,-0.05523,-0.040567,-0.035191,-0.025415,-0.010264,0.0043988,0.014663,0.0097752,0.034702,0.039589,0.029814,0.01955,0.014663,0.0097752,0.01955,0.0097752,0.024438,0.014663,0.014663,-0.0053763,0.024438,-0.00048876,0.014663,0.01955,0.039589,0.034702,0.07478,0.079668,0.099707,0.10459,0.084555,0.11975,0.10948,0.069892,0.034702,0.039589,-0.00048876,0.0043988,-0.010264,-0.015152,-0.035191,-0.035191,-0.050342,-0.030303,-0.05523,-0.040567,-0.035191,-0.020528,0.01955,0.10459,0.28983,0.45992,0.31965,0.07478,-0.09042,-0.14565,-0.080645,-0.065494,-0.05523,-0.075269,-0.035191,-0.050342,-0.030303,-0.05523,-0.045455,-0.05523,-0.045455,-0.045455,-0.035191,-0.030303,-0.025415,-0.035191,-0.020528,-0.015152,-0.00048876,0.014663,0.039589,0.024438,0.034702,0.039589,0.024438,0.039589,0.014663,0.029814,0.024438,0.039589,0.024438,0.029814,0.014663,0.029814,0.0097752,0.014663,0.014663,0.024438,0.0097752,0.01955,0.0097752,0.039589,0.049853,0.059629,0.064516,0.064516,0.07478,0.10459,0.11486,0.084555,0.039589,0.01955,0.024438,0.0097752,0.014663,-0.010264,-0.025415,-0.05523,-0.050342,-0.05523,-0.035191,-0.050342,-0.030303,-0.050342,0.0043988,0.059629,0.21457,0.34995,0.3998,0.11975,-0.080645,-0.18035,-0.14027,-0.080645,-0.060606,-0.045455,-0.05523,-0.035191,-0.040567,-0.035191,-0.050342,-0.015152,-0.020528,-0.010264,-0.025415,-0.010264,-0.035191,0.0043988,-0.00048876,0.014663,0.014663,0.044477,0.049853,0.059629,0.049853,0.039589,0.054741,0.044477,0.064516,0.049853,0.054741,0.039589,0.049853,0.014663,0.01955,0.0043988,0.014663,0.01955,0.039589,0.024438,0.049853,0.049853,0.084555,0.084555,0.084555,0.10459,0.12463,0.12952,0.084555,0.054741,0.034702,0.01955,0.0097752,-0.00048876,-0.015152,-0.035191,-0.035191,-0.025415,-0.05523,-0.040567,-0.045455,-0.030303,-0.035191,0.024438,0.07478,0.23998,0.3348,0.3651,0.0043988,-0.12561,-0.20039,-0.11535,-0.065494,-0.050342,-0.060606,-0.045455,-0.035191,-0.035191,-0.025415,-0.035191,-0.035191,-0.025415,-0.010264,-0.030303,-0.00048876,-0.00048876,0.014663,-0.0053763,0.014663,0.0097752,0.039589,0.039589,0.044477,0.049853,0.059629,0.044477,0.054741,0.039589,0.044477,0.029814,0.029814,0.01955,0.014663,0.024438,0.0097752,0.01955,0.014663,0.039589,0.014663,0.039589,0.034702,0.089932,0.069892,0.089932,0.094819,0.10948,0.069892,0.059629,0.029814,0.014663,-0.0053763,0.0043988,-0.020528,-0.035191,-0.020528,-0.035191,-0.05523,-0.070381,-0.045455,-0.050342,-0.040567,0.0043988,0.044477,0.15494,0.32991,0.37488,0.14956,-0.05523,-0.14027,-0.18035,-0.075269,-0.060606,-0.065494,-0.050342,-0.045455,-0.065494,-0.040567,-0.035191,-0.050342,-0.035191,-0.045455,-0.020528,-0.035191,-0.010264,-0.035191,-0.015152,-0.010264,0.0097752,0.0043988,0.039589,0.039589,0.039589,0.014663,0.039589,0.039589,0.064516,0.034702,0.029814,0.014663,0.029814,0.049853,0.01955,0.0097752,0.0043988,0.0043988,0.034702,0.049853,0.039589,0.034702,0.064516,0.07478,0.044477,0.094819,0.11486,0.12463,0.049853,0.024438,0.014663,0.049853,0.0043988,0.014663,-0.10557,-0.080645,-0.080645,-0.045455,-0.035191,-0.050342,-0.035191,-0.030303,-0.045455,-0.010264,0.01955,-0.010264,-0.040567,-0.05523,0.0043988,0.014663,-0.00048876,-0.010264,0.0097752,0.024438,0.034702,0.014663,0.039589,0.049853,0.014663,-0.025415,0.0097752,0.039589,0.064516,0.079668,0.084555,0.07478,0.094819,0.11486,0.14467,0.099707,0.089932,0.054741,0.039589,0.059629,0.024438,0.039589,0.0097752,0.014663,-0.015152,0.0043988,-0.0053763,-0.045455,-0.065494,-0.015152,-0.00048876,0.069892,0.13978,0.3651,0.49511,0.37977,0.11975,-0.050342,-0.15054,-0.09042,-0.060606,-0.045455,-0.035191,-0.050342,-0.035191,-0.040567,-0.025415,-0.010264,-0.0053763,-0.030303,-0.010264,-0.010264,0.0097752,0.0043988,0.01955,0.014663,0.029814,0.024438,0.049853,0.069892,0.07478,0.059629,0.069892,0.059629,0.054741,0.069892,0.084555,0.064516,0.044477,0.069892,0.059629,0.059629,0.054741,0.059629,0.044477,0.07478,0.069892,0.094819,0.10948,0.12463,0.10948,0.12952,0.11486,0.10948,0.079668,0.059629,0.039589,0.039589,0.039589,0.024438,-0.0053763,-0.010264,-0.035191,-0.040567,-0.030303,-0.035191,-0.020528,-0.035191,0.014663,0.089932,0.28495,0.45015,0.49022,0.16471,-0.030303,-0.15543,-0.11535,-0.085533,-0.070381,-0.075269,-0.05523,-0.050342,-0.05523,-0.045455,-0.05523,-0.040567,-0.050342,-0.040567,-0.05523,-0.035191,-0.035191,-0.015152,-0.025415,-0.00048876,-0.0053763,0.0097752,0.01955,0.034702,0.014663,0.034702,0.029814,0.049853,0.01955,0.029814,0.014663,0.024438,0.014663,0.01955,0.0097752,0.014663,0.024438,0.014663,0.049853,0.054741,0.084555,0.099707,0.099707,0.089932,0.11486,0.094819,0.079668,0.039589,0.024438,0.0043988,0.0097752,-0.0053763,-0.0053763,-0.035191,-0.030303,-0.050342,-0.040567,-0.035191,-0.045455,-0.060606,-0.030303,0.024438,0.12463,0.32502,0.47019,0.48485,0.094819,-0.080645,-0.14565,-0.085533,-0.085533,-0.080645,-0.09042,-0.075269,-0.080645,-0.060606,-0.070381,-0.050342,-0.05523,-0.050342,-0.070381,-0.045455,-0.050342,-0.035191,-0.030303,-0.035191,-0.020528,-0.025415,0.0043988,0.01955,0.029814,0.024438,0.044477,0.024438,0.029814,0.014663,0.034702,0.014663,0.01955,-0.00048876,0.014663,0.01955,0.024438,0.0043988,0.01955,0.034702,0.054741,0.059629,0.084555,0.089932,0.084555,0.10948,0.089932,0.10459,0.054741,0.024438,0.029814,0.0043988,-0.010264,0.0043988,-0.020528,-0.035191,-0.05523,-0.040567,-0.050342,-0.030303,-0.035191,-0.035191,-0.020528,0.054741,0.17498,0.37488,0.47019,0.27468,0.034702,-0.11535,-0.14565,-0.075269,-0.05523,-0.070381,-0.05523,-0.05523,-0.040567,-0.030303,-0.025415,-0.035191,-0.035191,-0.030303,-0.035191,-0.050342,-0.025415,-0.035191,-0.030303,-0.050342,-0.025415,-0.010264,0.0043988,0.014663,0.0043988,0.024438,0.034702,0.039589,0.034702,0.049853,0.039589,0.029814,0.014663,0.01955,-0.00048876,0.029814,0.014663,0.024438,0.01955,0.039589,0.029814,0.069892,0.059629,0.069892,0.079668,0.10948,0.079668,0.069892,0.029814,0.014663,0.024438,-0.010264,0.0043988,-0.015152,-0.030303,-0.045455,-0.060606,-0.050342,-0.040567,-0.05523,-0.040567,-0.050342,0.029814,0.089932,0.28983,0.3998,0.41496,0.044477,-0.095308,-0.15543,-0.085533,-0.060606,-0.075269,-0.060606,-0.070381,-0.050342,-0.05523,-0.05523,-0.060606,-0.050342,-0.05523,-0.035191,-0.050342,-0.035191,-0.045455,-0.030303,-0.045455,-0.030303,-0.010264,0.024438,0.029814,0.044477,0.039589,0.049853,0.044477,0.054741,0.039589,0.054741,0.034702,0.029814,0.014663,0.0097752,0.014663,-0.0053763,0.014663,0.0043988,0.014663,0.029814,0.039589,0.029814,0.064516,0.059629,0.084555,0.094819,0.10948,0.069892,0.059629,0.024438,0.01955,-0.010264,-0.00048876,-0.015152,-0.025415,-0.050342,-0.05523,-0.045455,-0.05523,-0.050342,-0.05523,-0.045455,-0.010264,0.044477,0.17986,0.34506,0.39492,0.17986,-0.05523,-0.16031,-0.17546,-0.080645,-0.09042,-0.075269,-0.075269,-0.045455,-0.060606,-0.065494,-0.050342,-0.05523,-0.045455,-0.05523,-0.045455,-0.05523,-0.035191,-0.050342,-0.015152,-0.035191,-0.015152,-0.020528,0.014663,0.0043988,0.024438,0.034702,0.049853,0.044477,0.059629,0.034702,0.039589,0.01955,0.024438,0.0097752,0.01955,0.0097752,0.0043988,0.014663,0.014663,0.029814,0.034702,0.054741,0.089932,0.099707,0.084555,0.11486,0.10459,0.089932,0.059629,0.029814,0.014663,0.024438,-0.0053763,0.0043988,-0.040567,-0.035191,-0.05523,-0.040567,-0.05523,-0.050342,-0.045455,-0.025415,0.0097752,0.079668,0.21994,0.35484,0.41007,0.14467,-0.060606,-0.16569,-0.11535,-0.05523,-0.045455,-0.065494,-0.045455,-0.05523,-0.050342,-0.05523,-0.045455,-0.060606,-0.015152,-0.035191,-0.020528,-0.015152,-0.030303,-0.010264,-0.025415,-0.010264,0.01955,-0.00048876,0.014663,0.024438,0.039589,0.049853,0.059629,0.049853,0.039589,0.049853,0.034702,0.049853,0.01955,0.029814,0.014663,-0.00048876,0.014663,0.034702,0.014663,0.039589,0.034702,0.054741,0.059629,0.079668,0.084555,0.10459,0.11486,0.084555,0.039589,0.01955,0.034702,-0.0053763,-0.015152,-0.020528,-0.045455,-0.060606,-0.050342,-0.065494,-0.045455,-0.060606,-0.070381,-0.045455,-0.0053763,0.039589,0.17498,0.30987,0.37977,0.1349,-0.050342,-0.17058,-0.18573,-0.075269,-0.080645,-0.075269,-0.080645,-0.065494,-0.050342,-0.05523,-0.050342,-0.035191,-0.040567,-0.035191,-0.045455,-0.020528,-0.025415,-0.015152,-0.010264,0.0043988,-0.0053763,0.014663,0.0097752,0.029814,0.01955,0.039589,0.054741,0.064516,0.054741,0.049853,0.034702,0.01955,0.029814,0.0043988,0.014663,-0.010264,0.029814,0.014663,0.029814,0.01955,0.044477,0.039589,0.069892,0.059629,0.084555,0.07478,0.10459,0.069892,0.07478,0.039589,0.01955,-0.00048876,-0.010264,-0.0053763,-0.025415,-0.040567,-0.060606,-0.045455,-0.050342,-0.05523,-0.040567,-0.045455,-0.015152,0.039589,0.099707,0.26002,0.34995,0.3651,-0.010264,-0.14565,-0.19062,-0.09042,-0.070381,-0.050342,-0.080645,-0.040567,-0.05523,-0.065494,-0.045455,-0.035191,-0.020528,-0.025415,0.0097752,0.0043988,0.014663,-0.015152,-0.0053763,0.0097752,0.014663,0.039589,0.049853,0.064516,0.069892,0.054741,0.069892,0.069892,0.084555,0.064516,0.064516,0.054741,0.049853,0.039589,0.039589,0.014663,0.029814,0.039589,0.024438,0.039589,0.044477,0.039589,0.059629,0.084555,0.069892,0.079668,0.084555,0.10948,0.079668,0.07478,0.029814,0.029814,-0.0053763,-0.00048876,-0.010264,-0.030303,-0.050342,-0.05523,-0.05523,-0.035191,-0.060606,-0.065494,-0.035191,0.029814,0.059629,0.1696,0.28983,0.32991,0.07478,-0.12561,-0.20039,-0.20528,-0.075269,-0.065494,-0.05523,-0.075269,-0.040567,-0.035191,-0.045455,-0.060606,-0.050342,-0.035191,-0.030303,-0.045455,-0.025415,-0.025415,0.0043988,0.014663,-0.00048876,0.014663,0.0043988,0.034702,0.029814,0.059629,0.054741,0.064516,0.059629,0.07478,0.049853,0.049853,0.024438,0.014663,0.014663,0.024438,0.0043988,0.014663,-0.00048876,0.014663,-0.010264,0.044477,0.044477,0.054741,0.069892,0.054741,0.079668,0.099707,0.11486,0.059629,0.039589,0.014663,0.01955,-0.020528,-0.010264,-0.05523,-0.035191,-0.05523,-0.035191,-0.040567,-0.030303,-0.050342,-0.045455,-0.05523,0.014663,0.054741,0.17986,0.26002,0.28006,-0.050342,-0.20528,-0.2654,-0.16031,-0.080645,-0.080645,-0.065494,-0.085533,-0.060606,-0.05523,-0.035191,-0.05523,-0.035191,-0.050342,-0.040567,-0.060606,-0.045455,-0.050342,-0.035191,-0.030303,0.024438,0.039589,0.014663,0.044477,0.029814,0.039589,0.029814,0.069892,0.054741,0.029814,0.01955,0.044477,0.01955,0.014663,0.0097752,0.029814,0.01955,0.034702,-0.0053763,-0.010264,0.0097752,0.044477,0.039589,0.07478,0.084555,0.084555,0.054741,0.069892,0.094819,0.034702,0.024438,0.029814,0.029814,0.0097752,0.029814,0.014663,0.034702,-0.010264,-0.030303,-0.045455,-0.025415,-0.035191,-0.0053763,-0.035191,0.0097752,0.064516,0.1999,0.35484,0.41496,0.17986,-0.0053763,-0.14027,-0.18035,-0.080645,-0.05523,-0.045455,-0.05523,-0.050342,-0.065494,-0.030303,-0.035191,-0.015152,-0.035191,-0.015152,-0.025415,-0.0053763,-0.030303,-0.010264,-0.020528,0.014663,0.0097752,0.034702,0.029814,0.054741,0.034702,0.01955,0.034702,0.064516,0.07478,0.049853,0.064516,0.044477,0.039589,0.024438,0.029814,0.014663,0.029814,0.01955,0.049853,0.064516,0.079668,0.034702,0.07478,0.059629,0.084555,0.10459,0.094819,0.039589,0.029814,0.029814,0.034702,0.014663,0.01955,-0.010264,-0.020528,-0.035191,-0.040567,-0.05523,-0.05523,-0.05523,-0.045455,-0.015152,0.0097752,0.11486,0.26979,0.41007,0.29472,0.11486,-0.030303,-0.10557,-0.1002,-0.070381,-0.075269,-0.05523,-0.050342,-0.05523,-0.035191,-0.045455,-0.035191,-0.040567,-0.035191,-0.040567,-0.020528,-0.035191,-0.015152,-0.030303,-0.020528,-0.025415,-0.010264,-0.015152,0.014663,0.0043988,0.014663,0.024438,0.039589,0.039589,0.039589,0.034702,0.034702,0.0043988,0.039589,0.034702,0.024438,0.034702,0.024438,0.039589,0.024438,0.034702,0.044477,0.054741,0.064516,0.079668,0.069892,0.084555,0.079668,0.044477,0.039589,0.079668,0.039589,0.034702,0.01955,0.024438,-0.030303,-0.035191,-0.045455,-0.030303,-0.045455,-0.030303,-0.040567,-0.050342,-0.0053763,0.07478,0.21457,0.34995,0.41984,0.17986,-0.030303,-0.15543,-0.14027,-0.075269,-0.065494,-0.05523,-0.050342,-0.05523,-0.040567,-0.035191,-0.025415,-0.050342,-0.025415,-0.020528,-0.030303,-0.015152,-0.030303,-0.010264,-0.020528,-0.010264,0.0043988,0.034702,0.01955,0.024438,0.014663,0.044477,0.029814,0.034702,0.01955,0.039589,0.024438,0.044477,0.01955,0.029814,0.0097752,0.014663,-0.00048876,0.039589,0.039589,0.054741,0.059629,0.094819,0.089932,0.084555,0.084555,0.10459,0.079668,0.054741,0.01955,0.0097752,0.014663,0.0043988,-0.0053763,-0.050342,-0.030303,-0.040567,-0.035191,-0.050342,-0.035191,-0.050342,-0.020528,0.024438,0.079668,0.20479,0.34995,0.39492,0.11975,-0.085533,-0.17546,-0.11046,-0.075269,-0.060606,-0.075269,-0.045455,-0.060606,-0.050342,-0.060606,-0.05523,-0.05523,-0.035191,-0.025415,-0.0053763,-0.035191,-0.015152,-0.025415,-0.010264,-0.00048876,0.034702,0.039589,0.039589,0.044477,0.044477,0.034702,0.059629,0.049853,0.034702,0.029814,0.039589,0.029814,0.014663,0.01955,-0.0053763,0.0097752,-0.0053763,0.01955,0.0097752,0.014663,-0.00048876,0.039589,0.039589,0.084555,0.094819,0.079668,0.094819,0.10948,0.079668,0.059629,0.039589,0.014663,-0.015152,-0.060606,-0.095308,-0.12561,-0.10557,-0.09042,-0.080645,-0.09042,-0.075269,-0.095308,-0.05523,-0.030303,0.034702,0.10948,0.27468,0.32991,0.15982,-0.070381,-0.18035,-0.22043,-0.12023,-0.095308,-0.05523,-0.045455,-0.05523,-0.045455,-0.075269,-0.05523,-0.09042,-0.085533,-0.060606,-0.020528,-0.010264,0.014663,0.014663,-0.0053763,-0.025415,0.039589,0.054741,0.01955,-0.0053763,0.049853,0.014663,0.039589,0.039589,0.069892,0.079668,0.10948,0.024438,-0.010264,0.01955,0.034702,0.014663,0.029814,0.049853,0.034702,0.024438,0.07478,0.10459,0.12952,0.13978,0.094819,0.11975,0.11975,0.13978,0.10459,0.099707,0.059629,0.079668,0.039589,0.069892,0.039589,0.024438,0.029814,-0.0053763,-0.00048876,-0.0053763,0.014663,0.0043988,0.034702,0.029814,0.12952,0.27468,0.46481,0.52004,0.28006,0.044477,-0.080645,-0.1305,-0.020528,-0.010264,-0.010264,-0.010264,-0.00048876,-0.010264,0.0097752,-0.015152,-0.025415,-0.015152,-0.030303,-0.010264,-0.015152,-0.010264,-0.025415,-0.0053763,-0.015152,-0.010264,-0.015152,0.0043988,0.014663,0.029814,0.014663,0.049853,0.039589,0.049853,0.054741,0.054741,0.01955,0.034702,0.014663,0.014663,0.01955,0.0097752,0.039589,0.034702,0.059629,0.079668,0.084555,0.064516,0.10948,0.10459,0.084555,0.039589,0.034702,0.01955,0.0097752,-0.0053763,0.014663,-0.010264,-0.015152,-0.045455,-0.035191,-0.035191,-0.040567,-0.05523,-0.045455,-0.010264,0.07478,0.2346,0.35973,0.41984,0.15494,-0.05523,-0.15543,-0.1002,-0.075269,-0.065494,-0.085533,-0.070381,-0.085533,-0.050342,-0.05523,-0.045455,-0.060606,-0.05523,-0.060606,-0.020528,-0.035191,-0.020528,-0.050342,-0.030303,-0.015152,0.0097752,-0.010264,0.0043988,0.014663,0.0097752,0.034702,0.014663,0.024438,0.01955,0.034702,0.0043988,0.0097752,-0.010264,-0.0053763,-0.010264,0.014663,-0.010264,0.0097752,-0.015152,-0.0053763,0.014663,0.034702,0.039589,0.069892,0.079668,0.07478,0.094819,0.10459,0.084555,0.049853,0.0097752,-0.00048876,0.024438,-0.010264,-0.0053763,-0.040567,-0.05523,-0.065494,-0.040567,-0.050342,-0.045455,-0.060606,-0.050342,-0.020528,0.049853,0.15494,0.30987,0.39003,0.20968,-0.035191,-0.15054,-0.17058,-0.065494,-0.05523,-0.065494,-0.050342,-0.065494,-0.05523,-0.05523,-0.045455,-0.050342,-0.040567,-0.045455,-0.035191,-0.040567,-0.020528,-0.030303,-0.015152,-0.0053763,0.01955,0.029814,0.039589,0.01955,0.014663,0.044477,0.039589,0.024438,0.049853,0.034702,0.0097752,-0.015152,-0.020528,-0.015152,-0.040567,-0.010264,-0.015152,0.0097752,-0.010264,0.029814,0.014663,0.034702,0.044477,0.049853,0.044477,0.084555,0.10459,0.079668,0.054741,0.034702,0.01955,0.014663,0.0043988,-0.015152,-0.035191,-0.065494,-0.075269,-0.080645,-0.065494,-0.075269,-0.035191,-0.05523,-0.030303,0.049853,0.10459,0.26002,0.41007,0.28006,0.089932,-0.09042,-0.14565,-0.15543,-0.085533,-0.070381,-0.080645,-0.065494,-0.040567,-0.010264,0.014663,0.024438,-0.025415,-0.035191,-0.030303,-0.020528,-0.035191,-0.025415,-0.045455,0.0097752,-0.010264,-0.010264,-0.015152,0.01955,0.034702,0.024438,0.069892,0.084555,0.044477,0.079668,0.064516,0.034702,0.014663,0.0043988,0.034702,0.054741,0.064516,0.039589,0.059629,0.044477,0.059629,0.064516,0.059629,0.079668,0.099707,0.079668,0.1349,0.12952,0.14467,0.089932,0.054741,0.039589,0.069892,0.039589,0.034702,0.0097752,-0.00048876,0.014663,-0.0053763,-0.00048876,-0.030303,-0.015152,-0.040567,-0.010264,0.044477,0.11975,0.29472,0.47507,0.39003,0.17986,0.024438,-0.070381,-0.095308,-0.070381,-0.050342,-0.035191,-0.075269,-0.045455,-0.035191,-0.020528,-0.035191,-0.025415,-0.020528,-0.030303,-0.015152,-0.010264,-0.020528,-0.015152,-0.00048876,-0.0053763,0.014663,-0.010264,0.014663,0.0043988,0.029814,0.0097752,0.039589,0.01955,0.044477,0.029814,0.034702,0.014663,0.039589,0.014663,0.034702,0.024438,0.014663,0.029814,0.054741,0.059629,0.089932,0.094819,0.069892,0.10459,0.094819,0.10459,0.07478,0.034702,0.01955,0.039589,0.0097752,0.0097752,-0.015152,-0.015152,-0.040567,-0.035191,-0.035191,-0.040567,-0.035191,-0.045455,-0.025415,0.029814,0.14467,0.33969,0.435,0.28983,0.044477,-0.11046,-0.13539,-0.075269,-0.05523,-0.080645,-0.065494,-0.075269,-0.060606,-0.065494,-0.045455,-0.065494,-0.05523,-0.05523,-0.040567,-0.050342,-0.025415,-0.035191,-0.025415,-0.035191,-0.015152,0.0097752,0.049853,0.079668,0.034702,0.024438,0.01955,0.039589,0.0043988,0.014663,0.0097752,0.024438,0.0097752,0.029814,0.014663,0.01955,-0.00048876,0.014663,0.0043988,0.024438,0.034702,0.054741,0.049853,0.079668,0.089932,0.084555,0.10948,0.12952,0.094819,0.059629,0.034702,0.01955,0.014663,0.014663,-0.00048876,-0.015152,-0.030303,-0.050342,-0.030303,-0.035191,-0.030303,-0.050342,-0.015152,-0.00048876,0.054741,0.21457,0.39003,0.44477,0.18964,-0.040567,-0.14565,-0.095308,-0.060606,-0.045455,-0.05523,-0.045455,-0.05523,-0.035191,-0.05523,-0.025415,-0.030303,-0.015152,-0.025415,-0.0053763,-0.035191,-0.010264,-0.0053763,0.0043988,-0.015152,0.0097752,0.014663,0.039589,0.049853,0.029814,0.039589,0.054741,0.064516,0.049853,0.19501,0.089932,-0.015152,-0.020528,-0.00048876,-0.010264,0.0097752,0.0043988,0.014663,0.0043988,0.039589,0.039589,0.07478,0.064516,0.079668,0.084555,0.12463,0.10459,0.089932,0.044477,0.029814,0.0043988,0.01955,0.029814,-0.010264,-0.025415,-0.030303,-0.020528,-0.045455,-0.035191,-0.05523,-0.045455,-0.030303,0.029814,0.094819,0.3001,0.3998,0.41007,0.049853,-0.095308,-0.15543,-0.080645,-0.070381,-0.05523,-0.05523,-0.040567,-0.05523,-0.040567,-0.045455,-0.040567,-0.050342,-0.05523,-0.050342,-0.025415,-0.040567,-0.035191,-0.010264,-0.0053763,0.014663,0.0043988,0.034702,0.039589,0.049853,0.044477,0.064516,0.059629,0.079668,0.054741,0.059629,0.034702,0.029814,0.039589,0.024438,0.034702,0.029814,0.094819,0.084555,0.10948,0.0097752,-0.015152,-0.020528,0.054741,0.059629,0.07478,0.094819,0.10459,0.084555,0.07478,0.039589,0.049853,0.01955,0.014663,-0.010264,-0.015152,-0.035191,-0.040567,-0.035191,-0.050342,-0.045455,-0.035191,-0.040567,-0.025415,0.014663,0.089932,0.26979,0.36999,0.25464,-0.010264,-0.12561,-0.17546,-0.075269,-0.060606,-0.065494,-0.080645,-0.045455,-0.05523,-0.040567,-0.045455,-0.030303,-0.035191,-0.020528,-0.035191,-0.0053763,-0.025415,-0.010264,0.0043988,-0.00048876,0.0097752,0.024438,0.024438,0.044477,0.059629,0.059629,0.064516,0.059629,0.07478,0.049853,0.054741,0.029814,0.044477,0.014663,0.0097752,-0.00048876,0.029814,0.0097752,0.029814,0.044477,0.11486,0.12952,0.11486,0.10459,0.16471,0.23998,0.26979,0.14956,-0.15543,-0.42082,-0.50049,-0.50049,-0.30547,-0.14565,-0.1002,-0.060606,-0.065494,-0.030303,-0.025415,-0.00048876,0.0097752,0.0043988,0.054741,0.089932,0.10948,0.15494,0.18475,0.22972,0.26002,0.28983,0.30499,0.29472,0.28495,0.26979,-0.14565,-0.075269,-0.05523,-0.065494,-0.050342,-0.065494,-0.035191,-0.040567,-0.035191,-0.045455,-0.030303,-0.035191,-0.025415,-0.020528,-0.025415,-0.010264,0.0043988,-0.00048876,0.024438,0.029814,0.049853,0.044477,0.054741,0.059629,0.039589,0.064516,0.044477,0.059629,0.034702,0.044477,0.039589,0.034702,0.0097752,0.014663,-0.0053763,0.014663,0.0097752,0.029814,0.014663,0.044477,0.059629,0.084555,0.064516,0.054741,0.084555,0.12463,0.079668,0.049853,0.01955,-0.00048876,-0.015152,-0.020528,-0.010264,-0.045455,-0.035191,-0.065494,-0.040567,-0.070381,-0.085533,-0.075269,-0.050342,-0.035191,0.01955,0.10459,0.26491,0.39003,0.22483,0.014663,-0.070381,-0.11535,-0.070381,-0.080645,-0.060606,-0.030303,-0.050342,-0.075269,-0.080645,-0.060606,-0.075269,-0.05523,-0.045455,-0.060606,-0.035191,-0.00048876,-0.020528,-0.025415,-0.020528,-0.010264,-0.015152,-0.010264,-0.020528,0.014663,0.029814,0.014663,-0.00048876,-0.0053763,0.01955,-0.010264,0.034702,0.044477,0.049853,0.014663,0.014663,0.024438,0.029814,0.01955,0.064516,0.049853,0.069892,0.069892,0.089932,0.099707,0.084555,0.094819,0.10459,0.084555,0.064516,0.034702,0.014663,-0.00048876,0.029814,0.0097752,-0.0053763,0.0097752,-0.020528,-0.010264,-0.035191,-0.025415,-0.035191,-0.050342,-0.05523,0.064516,0.20479,0.39492,0.47019,0.28006,0.01955,-0.12023,-0.18035,-0.1002,-0.070381,-0.045455,-0.035191,-0.060606,-0.05523,-0.075269,-0.05523,-0.045455,-0.040567,-0.05523,-0.040567,-0.025415,-0.0053763,-0.015152,-0.00048876,-0.030303,-0.010264,-0.010264,0.029814,0.014663,0.024438,0.039589,0.069892,0.029814,0.034702,0.014663,0.034702,0.014663,0.014663,0.039589,0.024438,-0.00048876,-0.0053763,0.024438,0.034702,0.049853,0.039589,0.079668,0.069892,0.089932,0.10459,0.12952,0.089932,0.064516,0.024438,0.014663,0.014663,0.029814,0.0097752,-0.015152,-0.040567,-0.050342,-0.035191,-0.050342,-0.035191,-0.050342,-0.045455,-0.015152,0.039589,0.13978,0.30499,0.40469,0.28983,0.094819,-0.035191,-0.11046,-0.080645,-0.080645,-0.060606,-0.095308,-0.075269,-0.05523,-0.035191,-0.040567,-0.05523,-0.065494,-0.05523,-0.065494,-0.045455,-0.035191,-0.050342,-0.030303,-0.045455,-0.025415,-0.030303,0.0043988,-0.0053763,0.01955,0.0043988,0.0097752,-0.010264,0.0097752,-0.010264,0.0043988,0.0097752,0.014663,-0.00048876,-0.0053763,0.014663,0.0097752,0.039589,0.014663,0.0097752,0.034702,0.049853,0.049853,0.059629,0.079668,0.084555,0.084555,0.10948,0.099707,0.07478,0.039589,0.034702,0.01955,0.014663,-0.010264,-0.010264,-0.035191,-0.020528,-0.045455,-0.050342,-0.075269,-0.045455,-0.025415,-0.035191,0.024438,0.079668,0.22972,0.35973,0.40469,0.084555,-0.085533,-0.18035,-0.13539,-0.075269,-0.045455,-0.05523,-0.05523,-0.060606,-0.035191,-0.050342,-0.035191,-0.035191,-0.030303,-0.040567,-0.020528,-0.010264,-0.015152,-0.030303,-0.035191,0.0043988,0.01955,0.029814,0.014663,0.039589,0.034702,0.054741,0.044477,0.054741,0.034702,0.059629,0.024438,0.029814,-0.00048876,0.014663,-0.0053763,0.014663,0.01955,0.024438,0.0097752,0.039589,0.054741,0.079668,0.084555,0.07478,0.094819,0.11486,0.094819,0.059629,0.044477,0.014663,0.029814,-0.00048876,0.0097752,-0.015152,-0.015152,-0.045455,-0.040567,-0.035191,-0.045455,-0.05523,-0.035191,-0.045455,0.024438,0.059629,0.20968,0.32991,0.36999,0.069892,-0.1002,-0.17058,-0.18035,-0.080645,-0.060606,-0.040567,-0.050342,-0.035191,-0.050342,-0.035191,-0.05523,-0.035191,-0.040567,-0.020528,-0.040567,-0.015152,-0.015152,0.0043988,-0.015152,0.014663,0.024438,0.039589,0.024438,0.034702,0.039589,0.034702,0.054741,0.039589,0.044477,0.034702,0.039589,0.014663,0.029814,0.0043988,0.014663,0.0043988,0.024438,0.014663,0.0097752,0.0043988,0.044477,0.039589,0.069892,0.064516,0.084555,0.07478,0.10948,0.099707,0.084555,0.054741,0.044477,0.014663,0.014663,-0.0053763,-0.020528,-0.035191,-0.045455,-0.035191,-0.050342,-0.040567,-0.050342,-0.040567,-0.060606,-0.020528,0.039589,0.14956,0.28006,0.36999,0.1349,-0.075269,-0.18573,-0.1955,-0.09042,-0.050342,-0.060606,-0.065494,-0.050342,-0.05523,-0.040567,-0.040567,-0.035191,-0.050342,-0.020528,-0.030303,-0.015152,-0.025415,-0.0053763,-0.015152,-0.00048876,-0.010264,0.024438,0.034702,0.049853,0.034702,0.049853,0.039589,0.044477,0.024438,0.039589,0.049853,0.044477,0.024438,0.014663,0.014663,0.01955,0.0097752,0.0097752,0.014663,0.024438,0.039589,0.034702,0.07478,0.084555,0.094819,0.084555,0.12463,0.089932,0.07478,0.044477,0.039589,0.024438,0.029814,0.0097752,0.0043988,-0.025415,-0.035191,-0.030303,-0.025415,-0.040567,-0.030303,-0.035191,-0.040567,0.014663,0.054741,0.17498,0.32502,0.39492,0.11975,-0.070381,-0.15543,-0.13539,-0.075269,-0.045455,-0.05523,-0.050342,-0.045455,-0.060606,-0.035191,-0.020528,-0.040567,-0.020528,-0.035191,-0.035191,-0.025415,-0.035191,-0.010264,-0.020528,-0.010264,-0.015152,0.0097752,-0.00048876,0.024438,0.029814,0.039589,0.029814,0.044477,0.034702,0.049853,0.024438,0.01955,0.0097752,0.01955,0.0097752,0.01955,-0.00048876,0.024438,0.014663,0.014663,0.01955,0.049853,0.059629,0.049853,0.069892,0.059629,0.10948,0.10948,0.099707,0.049853,0.039589,0.014663,0.024438,-0.010264,0.0043988,-0.020528,-0.020528,-0.05523,-0.035191,-0.025415,-0.020528,-0.035191,-0.040567,-0.010264,0.049853,0.16471,0.34506,0.43988,0.2346,-0.00048876,-0.13539,-0.16031,-0.095308,-0.040567,-0.035191,-0.040567,-0.05523,-0.040567,-0.045455,-0.030303,-0.040567,-0.010264,-0.020528,-0.025415,-0.035191,-0.015152,-0.030303,-0.015152,-0.0053763,-0.010264,0.014663,0.0043988,0.034702,0.044477,0.059629,0.039589,0.049853,0.034702,0.054741,0.01955,0.029814,0.014663,0.014663,0.024438,0.034702,0.01955,0.024438,0.0097752,0.044477,0.059629,0.069892,0.069892,0.079668,0.079668,0.10948,0.12463,0.099707,0.064516,0.034702,0.024438,0.014663,0.01955,0.014663,0.01955,-0.020528,-0.015152,-0.05523,-0.040567,-0.035191,-0.030303,-0.05523,-0.030303,0.024438,0.099707,0.28495,0.40469,0.41007,0.049853,-0.12561,-0.18035,-0.12023,-0.065494,-0.045455,-0.060606,-0.05523,-0.075269,-0.035191,-0.050342,-0.035191,-0.045455,-0.025415,-0.035191,-0.015152,-0.035191,-0.010264,-0.015152,0.0097752,-0.010264,0.01955,0.014663,0.034702,0.044477,0.039589,0.039589,0.029814,0.039589,0.01955,0.044477,0.014663,0.024438,-0.00048876,0.014663,0.0097752,0.014663,0.0043988,0.039589,0.029814,0.039589,0.044477,0.034702,0.069892,0.094819,0.079668,0.11486,0.12952,0.11975,0.079668,0.059629,0.039589,0.029814,0.039589,0.0043988,-0.015152,-0.035191,-0.025415,-0.045455,-0.035191,-0.030303,-0.025415,-0.050342,-0.030303,0.014663,0.084555,0.24487,0.37977,0.41007,0.079668,-0.11046,-0.17546,-0.12561,-0.065494,-0.050342,-0.070381,-0.040567,-0.045455,-0.015152,-0.025415,-0.015152,-0.030303,-0.020528,-0.035191,-0.020528,-0.035191,0.0043988,-0.00048876,0.0043988,0.0097752,0.024438,0.024438,0.044477,0.039589,0.059629,0.044477,0.059629,0.039589,0.054741,0.029814,0.039589,0.024438,0.01955,0.039589,0.014663,0.034702,0.014663,0.014663,0.0097752,0.029814,0.024438,0.059629,0.054741,0.094819,0.079668,0.10948,0.10948,0.11975,0.064516,0.054741,0.024438,0.024438,-0.010264,0.0097752,-0.015152,-0.035191,-0.045455,-0.035191,-0.030303,-0.045455,-0.025415,-0.05523,-0.035191,0.014663,0.079668,0.1999,0.32991,0.35973,0.064516,-0.11535,-0.17546,-0.13539,-0.065494,-0.060606,-0.050342,-0.05523,-0.030303,-0.020528,-0.035191,-0.025415,-0.045455,-0.030303,-0.015152,-0.020528,-0.030303,-0.010264,-0.020528,0.0097752,0.0043988,0.024438,0.01955,0.049853,0.039589,0.059629,0.044477,0.049853,0.039589,0.059629,0.039589,0.044477,0.01955,0.029814,0.014663,0.0043988,0.014663,0.0097752,0.034702,0.014663,0.034702,0.024438,0.059629,0.054741,0.084555,0.084555,0.089932,0.10459,0.12952,0.084555,0.064516,0.039589,0.044477,0.0097752,-0.0053763,-0.010264,-0.015152,-0.040567,-0.030303,-0.035191,-0.025415,-0.020528,-0.035191,-0.025415,-0.0053763,0.039589,0.099707,0.26979,0.37488,0.24487,-0.010264,-0.14565,-0.19062,-0.1002,-0.070381,-0.045455,-0.05523,-0.045455,-0.05523,-0.025415,-0.030303,-0.015152,-0.035191,-0.015152,-0.020528,-0.010264,-0.010264,-0.010264,-0.015152,0.0097752,0.024438,0.01955,0.039589,0.029814,0.054741,0.044477,0.059629,0.049853,0.064516,0.054741,0.059629,0.034702,0.034702,0.014663,0.029814,0.01955,0.029814,0.029814,0.039589,0.029814,0.024438,0.044477,0.039589,0.084555,0.094819,0.10459,0.10459,0.11486,0.10948,0.084555,0.059629,0.049853,0.034702,0.01955,-0.0053763,-0.00048876,-0.020528,-0.025415,-0.040567,-0.040567,-0.050342,-0.030303,-0.015152,-0.010264,0.0097752,0.064516,0.22972,0.37977,0.41496,0.099707,-0.095308,-0.17546,-0.14027,-0.060606,-0.040567,-0.045455,-0.035191,-0.045455,-0.035191,-0.045455,-0.035191,-0.035191,-0.035191,-0.040567,-0.015152,-0.025415,-0.010264,-0.020528,-0.0053763,-0.010264,0.024438,0.014663,0.029814,0.039589,0.034702,0.059629,0.039589,0.054741,0.054741,0.034702,0.01955,0.034702,0.014663,0.039589,0.029814,0.039589,0.0097752,0.014663,0.014663,0.044477,0.039589,0.059629,0.069892,0.084555,0.079668,0.089932,0.10459,0.11975,0.07478,0.049853,0.034702,0.039589,0.024438,0.01955,-0.0053763,-0.025415,-0.030303,-0.035191,-0.040567,-0.045455,-0.035191,-0.05523,-0.025415,0.0043988,0.064516,0.20479,0.36999,0.41496,0.14467,-0.070381,-0.17058,-0.17546,-0.075269,-0.065494,-0.060606,-0.045455,-0.025415,-0.015152,-0.035191,-0.020528,-0.050342,-0.040567,-0.045455,-0.015152,-0.025415,-0.010264,-0.020528,-0.010264,-0.0053763,0.024438,0.034702,0.049853,0.034702,0.029814,0.044477,0.054741,0.029814,0.024438,0.044477,0.039589,0.044477,0.01955,0.024438,0.014663,0.034702,0.014663,0.034702,0.0097752,0.044477,0.039589,0.054741,0.059629,0.089932,0.084555,0.089932,0.099707,0.12952,0.084555,0.07478,0.044477,0.039589,0.024438,0.024438,-0.00048876,-0.020528,-0.015152,-0.040567,-0.035191,-0.05523,-0.040567,-0.050342,-0.020528,-0.030303,0.039589,0.094819,0.26979,0.37488,0.37977,0.084555,-0.030303,-0.11046,-0.070381,-0.05523,-0.060606,-0.05523,-0.060606,-0.040567,-0.05523,-0.035191,-0.035191,-0.045455,-0.040567,-0.030303,-0.040567,-0.020528,-0.035191,-0.020528,-0.025415,0.0043988,-0.015152,0.024438,0.014663,0.034702,0.014663,0.024438,0.014663,0.029814,0.034702,0.039589,0.01955,0.034702,0.0097752,0.01955,0.024438,0.0097752,0.01955,0.0097752,0.029814,0.01955,0.039589,0.034702,0.064516,0.079668,0.084555,0.089932,0.12463,0.12952,0.094819,0.054741,0.039589,0.0097752,0.01955,-0.0053763,-0.00048876,-0.030303,-0.020528,-0.035191,-0.030303,-0.015152,-0.030303,-0.025415,-0.045455,0.0097752,0.054741,0.1696,0.30987,0.37977,0.12463,-0.070381,-0.17058,-0.14027,-0.085533,-0.05523,-0.065494,-0.050342,-0.045455,-0.020528,-0.030303,-0.035191,-0.045455,-0.025415,-0.015152,-0.025415,-0.010264,-0.015152,-0.00048876,-0.0053763,0.014663,0.014663,0.039589,0.034702,0.049853,0.039589,0.059629,0.059629,0.064516,0.049853,0.059629,0.029814,0.034702,0.014663,0.034702,0.014663,0.024438,0.0097752,0.014663,0.0097752,0.0043988,0.039589,0.034702,0.054741,0.079668,0.089932,0.084555,0.10459,0.10948,0.12952,0.084555,0.064516,0.01955,0.029814,-0.010264,-0.00048876,-0.015152,-0.010264,-0.035191,-0.030303,-0.05523,-0.035191,-0.035191,-0.030303,-0.040567,-0.00048876,0.054741,0.15494,0.31476,0.37977,0.15494,-0.060606,-0.17058,-0.1955,-0.09042,-0.045455,-0.035191,-0.05523,-0.030303,-0.035191,-0.025415,-0.035191,-0.020528,-0.030303,-0.015152,-0.025415,-0.030303,-0.015152,-0.020528,0.0043988,0.014663,0.01955,0.039589,0.049853,0.044477,0.054741,0.044477,0.059629,0.049853,0.044477,0.039589,0.044477,0.01955,0.029814,0.014663,0.014663,0.0043988,0.034702,0.029814,0.034702,0.014663,0.034702,0.039589,0.064516,0.069892,0.089932,0.079668,0.10459,0.11975,0.10459,0.079668,0.054741,0.039589,0.024438,0.01955,-0.0053763,-0.015152,-0.035191,-0.035191,-0.040567,-0.035191,-0.045455,-0.035191,-0.035191,-0.040567,0.0097752,0.069892,0.21457,0.34506,0.37977,0.07478,-0.11046,-0.17546,-0.14027,-0.065494,-0.040567,-0.040567,-0.030303,-0.045455,-0.035191,-0.035191,-0.020528,-0.035191,-0.020528,-0.035191,-0.0053763,-0.025415,-0.015152,-0.010264,0.0097752,-0.010264,0.024438,0.029814,0.054741,0.044477,0.039589,0.029814,0.024438,0.049853,0.034702,0.039589,-0.00048876,0.034702,0.0043988,0.014663,-0.020528,0.014663,-0.015152,-0.0053763,-0.010264,0.014663,0.0043988,0.01955,0.049853,0.069892,0.07478,0.089932,0.084555,0.079668,0.084555,0.059629,0.024438,0.01955,0.039589,0.024438,0.029814,-0.030303,-0.020528,-0.045455,-0.035191,-0.05523,-0.020528,-0.010264,-0.085533,-0.065494,-0.00048876,0.084555,0.28495,0.43988,0.45015,0.089932,-0.09042,-0.1955,-0.12561,-0.060606,-0.025415,-0.040567,-0.015152,-0.045455,-0.035191,-0.030303,-0.040567,-0.015152,-0.020528,-0.030303,-0.010264,0.0043988,-0.050342,-0.035191,-0.025415,0.014663,0.014663,0.024438,0.034702,0.039589,0.029814,0.07478,0.069892,0.084555,0.054741,0.064516,0.059629,0.054741,0.069892,0.069892,0.079668,0.089932,0.094819,0.059629,0.084555,0.089932,0.10948,0.094819,0.14467,0.12952,0.15982,0.15982,0.1696,0.1349,0.10948,0.084555,0.084555,0.054741,0.07478,0.044477,0.034702,0.039589,-0.0053763,-0.00048876,-0.010264,-0.0053763,-0.010264,0.014663,0.034702,0.094819,0.26491,0.43011,0.47996,0.20479,-0.015152,-0.1305,-0.15054,-0.045455,-0.050342,-0.050342,-0.05523,-0.040567,-0.050342,-0.05523,-0.05523,-0.025415,-0.035191,-0.050342,-0.035191,-0.050342,-0.015152,-0.035191,-0.00048876,-0.025415,-0.010264,0.0097752,0.024438,0.0097752,0.024438,0.029814,0.029814,0.024438,0.034702,0.01955,0.034702,0.0043988,-0.010264,0.0043988,-0.00048876,0.014663,-0.0053763,0.0043988,0.014663,0.029814,0.044477,0.059629,0.079668,0.089932,0.064516,0.10459,0.10948,0.084555,0.059629,0.029814,0.0043988,0.0097752,-0.015152,-0.010264,-0.030303,-0.025415,-0.05523,-0.050342,-0.045455,-0.060606,-0.050342,-0.05523,-0.045455,0.01955,0.11486,0.30987,0.45015,0.31965,0.064516,-0.12561,-0.16569,-0.11046,-0.080645,-0.085533,-0.05523,-0.070381,-0.045455,-0.05523,-0.045455,-0.035191,-0.050342,-0.035191,-0.045455,-0.040567,-0.05523,-0.035191,-0.025415,-0.020528,-0.025415,-0.0053763,-0.010264,0.01955,0.014663,0.024438,0.01955,0.029814,0.0043988,0.024438,0.024438,0.029814,0.0043988,0.014663,-0.00048876,0.0097752,-0.0053763,0.014663,-0.010264,-0.00048876,0.0097752,0.01955,0.034702,0.059629,0.079668,0.07478,0.084555,0.10459,0.11975,0.059629,0.034702,0.0097752,0.014663,-0.015152,-0.010264,-0.050342,-0.035191,-0.065494,-0.05523,-0.080645,-0.035191,-0.05523,-0.045455,-0.05523,-0.00048876,0.044477,0.18964,0.34506,0.39492,0.12463,-0.085533,-0.17546,-0.18035,-0.080645,-0.070381,-0.050342,-0.065494,-0.050342,-0.05523,-0.040567,-0.05523,-0.035191,-0.040567,-0.020528,-0.035191,-0.020528,-0.035191,-0.015152,-0.0053763,0.0097752,0.014663,-0.00048876,0.014663,0.049853,0.034702,0.024438,0.044477,0.039589,0.079668,0.084555,0.039589,0.039589,0.034702,-0.00048876,0.01955,0.014663,0.0097752,-0.015152,0.01955,0.01955,0.039589,0.024438,0.064516,0.12463,0.13978,0.059629,0.089932,0.10948,0.094819,0.044477,0.01955,0.0043988,-0.010264,-0.00048876,-0.010264,0.0043988,-0.030303,0.039589,0.049853,0.059629,0.014663,-0.050342,-0.080645,-0.095308,-0.1002,0.024438,0.18475,0.30499,0.30987,0.014663,-0.14027,-0.21065,-0.15543,-0.09042,-0.065494,-0.09042,-0.070381,-0.080645,-0.045455,-0.050342,-0.045455,-0.050342,-0.030303,-0.0053763,0.054741,0.059629,0.094819,0.01955,-0.080645,-0.085533,-0.035191,-0.025415,0.014663,0.01955,0.034702,0.039589,0.064516,0.099707,0.11486,0.12952,0.15494,0.0097752,-0.015152,-0.0053763,-0.045455,-0.0053763,-0.020528,-0.010264,0.0043988,0.039589,0.024438,0.039589,0.069892,0.1349,0.15982,0.20479,0.17986,0.11975,0.059629,0.0097752,-0.030303,-0.035191,-0.015152,-0.025415,-0.010264,-0.040567,-0.045455,-0.020528,0.039589,0.11486,0.029814,0.11975,0.12463,-0.12561,-0.030303,0.16471,0.32502,0.3651,0.049853,-0.13539,-0.20039,-0.14565,-0.050342,-0.030303,0.01955,-0.010264,-0.040567,-0.09042,-0.10557,-0.1002,-0.10557,-0.085533,-0.060606,-0.05523,-0.075269,-0.040567,-0.015152,0.024438,0.064516,0.1349,0.059629,-0.040567,-0.10557,-0.05523,-0.040567,-0.010264,-0.010264,0.01955,0.01955,0.024438,0.0097752,0.044477,0.064516,0.014663,0.0043988,0.014663,0.034702,-0.015152,-0.050342,-0.010264,0.029814,0.049853,0.084555,0.11975,0.1696,0.28006,0.28495,0.049853,-0.065494,-0.10557,-0.070381,-0.040567,-0.015152,-0.035191,-0.040567,-0.045455,-0.030303,-0.040567,-0.0053763,0.039589,0.094819,0.14956,0.094819,0.12463,0.22483,0.24487,0.084555,-0.095308,-0.17546,-0.15054,-0.095308,-0.080645,-0.1002,-0.015152,-0.00048876,0.099707,0.1349,0.0043988,0.029814,0.039589,-0.075269,-0.09042,-0.045455,-0.020528,-0.010264,0.034702,0.049853,-0.010264,0.084555,0.11975,0.28006,0.3001,0.054741,0.034702,0.0097752,-0.0053763,0.029814,0.049853,0.044477,0.024438,0.01955,-0.0053763,0.049853,0.094819,0.14956,0.089932,0.064516,0.034702,0.024438,0.17498,0.064516,0.029814,0.054741,0.12952,0.14467,0.15494,0.084555,0.079668,0.10459,0.12952,0.14956,-0.010264,-0.14565,-0.085533,-0.080645,-0.075269,-0.10557,-0.045455,-0.035191,-0.00048876,0.029814,0.079668,0.1696,0.49022,0.62023,0.17498,-0.060606,-0.21065,-0.25073,-0.10557,-0.015152,-0.030303,-0.05523,-0.05523,-0.035191,0.0043988,0.1349,0.14467,0.079668,-0.040567,-0.14027,-0.15054,-0.11535,-0.045455,-0.015152,-0.025415,0.01955,0.034702,0.014663,0.039589,0.014663,0.049853,0.07478,0.084555,0.11486,0.12463,0.029814,-0.015152,-0.035191,-0.015152,-0.035191,0.0097752,0.024438,0.054741,0.039589,0.029814,0.079668,0.21457,0.29472,0.30499,-0.075269,-0.015152,0.029814,0.039589,0.01955,-0.00048876,0.0043988,0.0097752,-0.010264,-0.015152,-0.015152,-0.030303,-0.010264,0.0043988,0.014663,-0.00048876,0.014663,-0.05523,0.0097752,0.089932,0.28495,0.40469,0.30499,0.12952,0.01955,-0.045455,-0.025415,0.024438,0.049853,-0.12561,-0.1305,-0.05523,-0.060606,-0.050342,-0.070381,-0.050342,-0.060606,-0.035191,-0.015152,-0.0053763,-0.010264,0.014663,0.099707,0.15982,-0.065494,-0.11046,-0.080645,-0.025415,-0.015152,-0.010264,-0.0053763,-0.010264,0.0043988,-0.00048876,0.039589,0.039589,0.044477,0.054741,0.01955,-0.025415,-0.00048876,-0.010264,0.034702,0.039589,0.069892,0.084555,0.089932,0.054741,0.084555,0.094819,0.099707,0.049853,0.039589,0.084555,0.0097752,0.084555,-0.00048876,-0.1002,-0.080645,-0.05523,-0.05523,-0.05523,-0.045455,-0.035191,-0.05523,-0.020528,0.024438,0.17498,0.37977,0.65005,0.25464,-0.10557,-0.28543,-0.22043,-0.14027,-0.075269,-0.080645,-0.065494,-0.085533,-0.095308,-0.080645,-0.050342,-0.035191,-0.015152,0.079668,0.11486,-0.085533,-0.12023,-0.060606,-0.040567,-0.030303,-0.045455,-0.0053763,-0.015152,0.039589,0.024438,0.049853,0.034702,0.044477,0.059629,0.059629,-0.0053763,-0.015152,0.0043988,-0.010264,-0.025415,-0.030303,0.0043988,-0.00048876,0.014663,-0.0053763,0.044477,0.069892,0.089932,0.07478,0.089932,0.059629,0.064516,0.044477,0.029814,0.014663,0.029814,0.0043988,0.024438,0.0043988,-0.0053763,-0.035191,-0.040567,-0.075269,-0.065494,-0.060606,-0.070381,-0.05523,0.029814,0.10948,0.28006,0.37488,0.2346,0.014663,-0.14027,-0.18035,-0.12561,-0.085533,-0.095308,-0.065494,-0.080645,-0.065494,-0.060606,-0.035191,-0.050342,-0.030303,-0.035191,-0.030303,-0.050342,-0.015152,-0.010264,-0.035191,0.044477,0.039589,-0.0053763,-0.030303,0.0097752,-0.0053763,0.01955,0.014663,0.034702,0.039589,0.054741,0.024438,0.034702,0.0097752,0.014663,0.0097752,0.024438,0.014663,-0.0053763,-0.010264,-0.0053763,0.0043988,0.01955,0.039589,0.079668,0.084555,0.054741,0.10459,0.099707,0.064516,0.039589,0.029814,0.024438,-0.020528,-0.060606,-0.050342,-0.065494,-0.05523,-0.060606,-0.045455,-0.075269,-0.045455,-0.080645,-0.060606,-0.00048876,0.054741,0.14956,0.26979,0.32502,0.099707,-0.11046,-0.18573,-0.19062,-0.09042,-0.065494,-0.070381,-0.045455,-0.035191,-0.015152,-0.050342,-0.040567,-0.045455,-0.035191,-0.05523,-0.035191,-0.050342,-0.020528,-0.050342,-0.040567,-0.050342,-0.010264,0.0097752,0.054741,0.069892,0.064516,0.07478,0.039589,0.0043988,-0.0053763,0.024438,0.014663,0.039589,0.024438,0.034702,-0.015152,-0.00048876,-0.015152,0.0097752,0.014663,0.034702,0.01955,0.049853,0.07478,0.099707,0.049853,0.044477,0.059629,0.099707,0.059629,0.034702,0.0097752,0.014663,0.024438,-0.010264,-0.035191,-0.05523,-0.05523,-0.060606,-0.065494,-0.00048876,0.01955,-0.045455,-0.020528,0.024438,0.089932,0.24487,0.3998,0.42473,0.1349,-0.070381,-0.15543,-0.16031,-0.045455,-0.015152,0.01955,-0.010264,-0.025415,-0.020528,-0.05523,-0.020528,-0.0053763,-0.00048876,-0.040567,0.0043988,-0.0053763,-0.010264,-0.0053763,0.029814,-0.00048876,0.024438,0.024438,0.059629,0.069892,0.079668,0.054741,0.044477,0.054741,0.069892,0.054741,0.049853,0.054741,0.029814,0.039589,0.014663,0.044477,0.059629,0.064516,0.034702,0.049853,0.094819,0.14467,0.10459,0.10948,0.089932,0.07478,0.029814,0.024438,0.014663,0.0097752,-0.010264,-0.00048876,-0.035191,-0.040567,-0.035191,-0.05523,-0.030303,-0.020528,-0.050342,-0.035191,-0.010264,0.039589,0.12952,0.28495,0.39492,0.24976,0.034702,-0.13539,-0.18035,-0.11535,-0.065494,-0.05523,-0.05523,-0.060606,-0.040567,-0.05523,-0.00048876,-0.060606,-0.065494,-0.050342,-0.065494,-0.025415,-0.010264,-0.025415,-0.010264,-0.0053763,-0.015152,0.01955,0.034702,0.059629,0.064516,0.049853,0.0097752,0.039589,0.044477,0.059629,0.034702,0.039589,0.029814,0.039589,0.01955,0.039589,0.029814,0.024438,0.014663,0.039589,0.029814,0.049853,0.064516,0.084555,0.084555,0.10459,0.12463,0.10459,0.10948,0.089932,0.039589,-0.010264,-0.00048876,0.0043988,-0.020528,-0.035191,-0.025415,-0.035191,-0.040567,-0.060606,-0.030303,-0.045455,-0.050342,-0.020528,0.084555,0.24976,0.3651,0.41496,0.094819,-0.085533,-0.17546,-0.11535,-0.085533,-0.045455,-0.05523,-0.05523,-0.065494,-0.035191,-0.05523,-0.030303,-0.030303,-0.0053763,0.0043988,-0.045455,-0.075269,-0.030303,-0.020528,-0.025415,-0.0053763,-0.010264,0.0097752,0.0043988,0.039589,0.029814,0.054741,0.024438,0.07478,0.059629,0.054741,0.039589,0.059629,-0.0053763,0.0043988,-0.010264,0.0097752,0.014663,0.0043988,-0.0053763,0.024438,0.039589,0.07478,0.094819,0.07478,0.069892,0.10948,0.11975,0.094819,0.049853,0.014663,0.01955,0.014663,0.0043988,-0.0053763,-0.030303,-0.050342,-0.035191,-0.05523,-0.050342,-0.05523,-0.040567,-0.060606,-0.00048876,0.044477,0.17498,0.30499,0.39492,0.15494,-0.045455,-0.18035,-0.19062,-0.085533,-0.050342,-0.045455,-0.060606,-0.05523,-0.060606,-0.045455,-0.060606,-0.045455,-0.040567,-0.020528,-0.035191,-0.020528,-0.030303,0.0043988,-0.0053763,0.014663,0.0097752,0.034702,0.039589,0.054741,0.044477,0.059629,0.059629,0.079668,0.059629,0.069892,0.054741,0.049853,0.039589,0.044477,0.049853,0.029814,0.01955,0.014663,0.029814,0.014663,0.039589,0.049853,0.064516,0.079668,0.089932,0.079668,0.11486,0.12463,0.10948,0.059629,0.044477,0.014663,0.0043988,0.0097752,-0.010264,-0.025415,-0.035191,-0.045455,-0.050342,-0.05523,-0.060606,-0.035191,-0.05523,0.0043988,0.064516,0.17986,0.29472,0.33969,0.089932,-0.085533,-0.17058,-0.11535,-0.075269,-0.05523,-0.050342,-0.035191,-0.040567,-0.020528,-0.035191,-0.040567,-0.035191,-0.020528,-0.010264,-0.020528,-0.0053763,-0.010264,0.0097752,-0.00048876,0.034702,0.029814,0.039589,0.029814,0.054741,0.059629,0.079668,0.054741,0.069892,0.039589,0.024438,0.029814,0.034702,-0.0053763,-0.015152,-0.030303,-0.025415,-0.035191,-0.010264,-0.00048876,0.01955,0.039589,0.059629,0.069892,0.084555,0.084555,0.099707,0.11486,0.069892,0.059629,0.0043988,-0.00048876,0.029814,-0.0053763,-0.030303,-0.050342,-0.095308,-0.050342,-0.040567,-0.070381,-0.060606,-0.095308,-0.040567,-0.045455,-0.00048876,0.084555,0.2346,0.32991,0.3651,0.084555,-0.10557,-0.20039,-0.19062,-0.075269,-0.045455,-0.065494,-0.05523,-0.045455,-0.030303,-0.050342,-0.030303,-0.025415,-0.015152,-0.030303,0.0097752,0.0043988,0.029814,0.014663,0.01955,0.024438,-0.00048876,-0.010264,0.01955,0.044477,0.059629,0.079668,0.094819,0.079668,0.069892,0.11486,0.10459,0.089932,0.084555,0.10459,0.084555,0.089932,0.079668,0.094819,0.07478,0.069892,0.084555,0.089932,0.079668,0.069892,0.094819,0.084555,0.14956,0.10948,0.084555,0.059629,0.064516,0.034702,0.01955,0.0097752,-0.0053763,-0.015152,-0.025415,-0.035191,-0.045455,-0.030303,-0.025415,-0.040567,-0.0053763,0.049853,0.19501,0.32502,0.38514,0.12463,-0.085533,-0.1955,-0.15054,-0.050342,-0.045455,-0.05523,-0.085533,-0.040567,-0.050342,-0.040567,-0.035191,-0.040567,-0.035191,-0.080645,-0.035191,-0.0053763,-0.025415,-0.0053763,-0.015152,-0.0053763,0.01955,0.01955,0.029814,0.044477,0.064516,0.07478,0.054741,0.039589,0.059629,0.044477,0.049853,0.0043988,0.014663,-0.0053763,0.0097752,-0.00048876,0.054741,0.014663,0.0043988,0.014663,0.044477,0.069892,0.084555,0.069892,0.099707,0.10459,0.07478,0.044477,0.024438,0.0097752,-0.010264,-0.020528,-0.010264,-0.050342,-0.060606,-0.040567,-0.045455,-0.035191,-0.085533,-0.030303,-0.025415,0.014663,0.034702,0.15982,0.32502,0.38514,0.099707,-0.070381,-0.18573,-0.11046,-0.080645,-0.065494,-0.060606,-0.05523,-0.060606,-0.05523,-0.070381,-0.045455,-0.030303,-0.070381,-0.015152,-0.015152,-0.0053763,-0.015152,-0.0053763,-0.00048876,0.029814,0.049853,0.07478,0.059629,0.069892,0.079668,0.07478,0.059629,0.069892,0.084555,0.034702,0.044477,0.054741,0.029814,0.014663,0.024438,0.0043988,0.0043988,-0.010264,0.0097752,0.024438,0.049853,0.034702,0.044477,0.039589,0.099707,0.089932,0.084555,0.089932,0.099707,0.059629,0.029814,-0.0053763,0.0043988,-0.025415,-0.035191,-0.045455,-0.050342,-0.070381,-0.080645,-0.050342,-0.05523,-0.040567,-0.05523,-0.0053763,0.034702,0.1349,0.25464,0.32991,0.089932,-0.1002,-0.21554,-0.16031,-0.075269,-0.015152,-0.075269,-0.085533,-0.060606,-0.035191,-0.030303,-0.05523,-0.035191,-0.020528,-0.0053763,-0.025415,0.014663,-0.015152,-0.00048876,-0.020528,0.0043988,-0.015152,0.01955,0.014663,0.01955,0.014663,0.064516,0.049853,0.059629,0.064516,0.044477,-0.00048876,-0.015152,0.0043988,-0.00048876,0.0043988,0.014663,0.024438,0.0043988,-0.015152,-0.0053763,0.0043988,-0.015152,0.034702,0.069892,0.079668,0.094819,0.10948,0.12463,0.054741,-0.010264,-0.010264,-0.020528,-0.010264,-0.025415,-0.020528,-0.030303,-0.010264,-0.05523,-0.025415,-0.050342,-0.065494,-0.035191,-0.045455,0.039589,0.07478,0.24487,0.39492,0.435,0.17986,0.0097752,-0.15543,-0.18573,-0.09042,-0.010264,0.0097752,-0.020528,-0.05523,-0.0053763,-0.020528,-0.025415,-0.010264,0.014663,-0.00048876,-0.010264,-0.0053763,0.0097752,0.014663,-0.010264,0.039589,0.014663,-0.00048876,0.014663,0.044477,0.07478,0.094819,0.079668,0.11486,0.099707,0.084555,0.079668,0.059629,0.034702,0.049853,0.054741,0.039589,0.014663,0.039589,0.059629,0.094819,0.084555,0.089932,0.10948,0.094819,0.12463,0.1349,0.099707,0.084555,0.059629,0.029814,0.039589,0.0043988,0.0097752,-0.015152,-0.010264,-0.050342,-0.035191,-0.045455,-0.050342,-0.070381,-0.030303,-0.00048876,0.07478,0.14467,0.29472,0.41984,0.28983,0.094819,-0.025415,-0.085533,-0.05523,-0.040567,-0.05523,-0.035191,-0.050342,-0.015152,-0.020528,-0.040567,-0.050342,-0.040567,-0.050342,-0.035191,-0.060606,-0.030303,-0.035191,-0.025415,-0.035191,-0.010264,-0.015152,-0.010264,-0.00048876,0.01955,0.014663,0.034702,0.049853,0.039589,0.0097752,0.0043988,0.01955,0.024438,0.029814,-0.00048876,-0.0053763,-0.020528,0.014663,-0.010264,-0.0053763,-0.015152,0.029814,0.034702,0.07478,0.059629,0.07478,0.064516,0.089932,0.059629,0.044477,0.014663,0.014663,0.0043988,-0.010264,-0.020528,-0.035191,-0.050342,-0.05523,-0.040567,-0.050342,-0.025415,-0.05523,-0.020528,0.0043988,0.07478,0.14956,0.3001,0.34506,0.13978,-0.075269,-0.18035,-0.1955,-0.095308,-0.070381,-0.060606,-0.080645,-0.065494,-0.05523,-0.045455,-0.05523,-0.040567,-0.035191,-0.050342,-0.035191,-0.050342,-0.030303,-0.035191,-0.015152,-0.025415,0.014663,0.01955,0.024438,0.014663,0.034702,0.044477,0.024438,0.039589,0.059629,0.049853,0.054741,0.034702,0.029814,0.044477,0.01955,0.034702,0.01955,0.034702,0.01955,0.044477,0.029814,0.064516,0.07478,0.089932,0.079668,0.11486,0.11975,0.089932,0.049853,0.029814,-0.0053763,0.0043988,-0.010264,-0.020528,-0.045455,-0.035191,-0.065494,-0.070381,-0.050342,-0.040567,-0.035191,-0.05523,-0.010264,0.049853,0.1696,0.28983,0.3348,0.094819,-0.095308,-0.20039,-0.15543,-0.085533,-0.05523,-0.065494,-0.050342,-0.05523,-0.030303,-0.040567,-0.045455,-0.030303,-0.035191,-0.020528,-0.015152,-0.035191,-0.025415,-0.015152,-0.0053763,0.0043988,-0.00048876,0.034702,0.024438,0.039589,0.049853,0.064516,0.054741,0.069892,0.044477,0.044477,0.029814,0.039589,0.01955,0.024438,-0.00048876,0.024438,0.014663,0.024438,0.014663,0.024438,0.034702,0.029814,0.049853,0.079668,0.07478,0.089932,0.10948,0.10459,0.079668,0.049853,0.034702,0.014663,0.01955,-0.0053763,-0.010264,-0.045455,-0.035191,-0.05523,-0.035191,-0.05523,-0.040567,-0.050342,-0.030303,-0.00048876,0.054741,0.14467,0.27468,0.32991,0.059629,-0.12561,-0.20039,-0.16031,-0.09042,-0.05523,-0.070381,-0.05523,-0.05523,-0.040567,-0.035191,-0.025415,-0.035191,-0.010264,-0.025415,-0.010264,-0.015152,-0.0053763,-0.010264,0.0043988,0.014663,0.034702,0.039589,0.034702,0.044477,0.034702,0.044477,0.039589,0.069892,0.044477,0.054741,0.039589,0.054741,0.034702,0.024438,0.029814,0.024438,0.0097752,0.01955,0.034702,0.039589,0.039589,0.064516,0.07478,0.064516,0.089932,0.11975,0.13978,0.10948,0.07478,0.049853,0.054741,0.0097752,0.014663,-0.00048876,-0.015152,-0.035191,-0.025415,-0.050342,-0.035191,-0.050342,-0.045455,-0.05523,-0.015152,0.034702,0.10459,0.2346,0.34506,0.21994,-0.0053763,-0.14565,-0.18573,-0.10557,-0.040567,-0.025415,-0.030303,-0.025415,-0.035191,-0.020528,-0.015152,-0.010264,-0.035191,-0.010264,-0.010264,-0.00048876,-0.020528,0.0043988,0.014663,0.024438,0.0043988,0.029814,0.039589,0.07478,0.049853,0.044477,0.059629,0.044477,0.059629,0.049853,0.034702,0.029814,0.039589,0.01955,0.034702,0.0097752,0.014663,0.01955,0.029814,0.0043988,0.014663,0.039589,0.064516,0.07478,0.069892,0.079668,0.10948,0.11486,0.089932,0.064516,0.044477,0.034702,0.014663,0.0043988,0.0097752,-0.020528,-0.035191,-0.025415,-0.015152,-0.035191,-0.05523,-0.040567,-0.020528,0.039589,0.069892,0.15494,0.3001,0.39003,0.18475,-0.015152,-0.17058,-0.1955,-0.1002,-0.05523,-0.045455,-0.050342,-0.040567,-0.050342,-0.035191,-0.05523,-0.030303,-0.0053763,-0.015152,-0.020528,-0.010264,-0.025415,-0.00048876,-0.010264,0.029814,0.01955,0.014663,0.01955,0.069892,0.039589,0.044477,0.039589,0.069892,0.064516,0.069892,0.034702,0.064516,0.044477,0.01955,0.01955,0.039589,0.01955,0.024438,0.034702,0.029814,0.07478,0.059629,0.079668,0.079668,0.094819,0.11975,0.11486,0.079668,0.079668,0.064516,0.084555,0.01955,-0.0053763,-0.015152,-0.050342,-0.065494,-0.080645,-0.050342,-0.045455,-0.050342,-0.045455,-0.040567,-0.070381,-0.00048876,0.10459,0.27468,0.43011,0.32502,0.13978,0.0043988,-0.085533,-0.075269,-0.09042,-0.050342,-0.035191,-0.015152,-0.035191,-0.030303,-0.035191,-0.020528,0.0043988,0.014663,-0.015152,-0.020528,0.014663,0.0043988,0.014663,-0.00048876,0.024438,0.014663,0.029814,0.01955,0.059629,0.049853,0.069892,0.039589,0.034702,0.049853,0.059629,0.034702,0.044477,0.034702,0.039589,0.034702,0.044477,0.01955,0.014663,0.044477,0.07478,0.10459,0.094819,0.094819,0.10459,0.12952,0.10459,0.07478,0.054741,0.029814,0.039589,0.01955,-0.00048876,0.0097752,-0.015152,-0.020528,-0.045455,-0.015152,-0.035191,-0.025415,-0.050342,-0.010264,0.034702,0.094819,0.27468,0.3998,0.435,0.11486,-0.085533,-0.16031,-0.09042,-0.080645,-0.085533,-0.050342,-0.035191,-0.05523,-0.040567,-0.05523,-0.030303,-0.060606,-0.035191,-0.05523,-0.050342,-0.040567,-0.015152,-0.0053763,-0.020528,-0.010264,0.014663,0.044477,0.034702,0.069892,0.059629,0.054741,0.029814,0.039589,0.034702,0.039589,0.039589,0.01955,-0.010264,0.024438,-0.0053763,-0.015152,-0.050342,-0.00048876,-0.0053763,0.024438,0.034702,0.07478,0.054741,0.07478,0.059629,0.089932,0.099707,0.10948,0.07478,0.039589,0.029814,-0.010264,-0.030303,-0.010264,-0.020528,-0.050342,-0.05523,-0.080645,-0.05523,-0.065494,-0.040567,-0.080645,-0.020528,0.039589,0.12463,0.25464,0.3651,0.36999,-0.020528,-0.19062,-0.21065,-0.11046,-0.070381,-0.080645,-0.050342,-0.09042,-0.11535,-0.030303,-0.040567,-0.030303,-0.065494,-0.035191,-0.010264,0.0043988,-0.030303,-0.015152,-0.020528,0.0097752,-0.00048876,0.01955,0.039589,0.054741,0.044477,0.039589,0.064516,0.034702,0.059629,0.07478,0.029814,0.034702,-0.0053763,-0.020528,0.054741,0.039589,-0.00048876,-0.015152,-0.0053763,0.0043988,0.01955,0.044477,0.064516,0.054741,0.07478,0.049853,0.054741,0.094819,0.10459,0.069892,0.094819,0.024438,0.0043988,-0.020528,-0.010264,-0.045455,-0.060606,-0.065494,-0.040567,-0.030303,-0.015152,-0.035191,-0.035191,0.0097752,0.039589,0.07478,0.21994,0.33969,0.22483,-0.025415,-0.16569,-0.21065,-0.085533,-0.075269,-0.1002,-0.05523,-0.070381,-0.085533,-0.075269,-0.060606,-0.050342,-0.040567,-0.00048876,-0.020528,-0.010264,-0.015152,-0.00048876,-0.035191,0.029814,0.014663,0.01955,-0.015152,0.064516,0.034702,0.029814,0.07478,0.089932,0.094819,0.059629,0.064516,0.024438,0.049853,0.039589,0.044477,0.0043988,0.044477,0.01955,0.024438,0.0097752,0.059629,0.029814,0.014663,0.0097752,0.044477,0.079668,0.089932,0.059629,0.12952,0.10948,0.10459,0.054741,0.024438,0.0043988,-0.010264,-0.035191,-0.015152,-0.050342,-0.05523,-0.060606,-0.030303,-0.00048876,-0.015152,-0.030303,-0.045455,-0.015152,0.024438,0.16471,0.20479,0.24487,-0.05523,-0.22043,-0.25562,-0.13539,-0.10557,-0.09042,-0.1002,-0.010264,-0.030303,-0.00048876,-0.025415,-0.035191,-0.030303,-0.0053763,-0.025415,-0.035191,-0.035191,-0.040567,-0.015152,-0.045455,-0.025415,0.0097752,0.059629,0.064516,0.044477,0.024438,0.099707,0.11486,0.10459,0.089932,0.07478,0.024438,0.054741,0.059629,0.049853,0.01955,0.0097752,0.054741,0.049853,0.064516,0.079668,0.064516,0.044477,0.079668,0.094819,0.1349,0.14956,0.15982,0.094819,0.1696,0.15494,0.099707,0.029814,0.014663,-0.0053763,0.039589,-0.0053763,0.014663,0.01955,-0.0053763,-0.010264,-0.010264,-0.040567,-0.05523,-0.010264,-0.015152,0.069892,0.18964,0.30987,0.31476,0.11975,-0.05523,-0.15543,-0.17546,-0.065494,-0.050342,-0.015152,-0.010264,-0.05523,-0.060606,-0.025415,-0.05523,-0.030303,-0.020528,-0.010264,-0.050342,-0.025415,-0.010264,-0.015152,0.0097752,-0.00048876,-0.010264,0.044477,0.039589,0.039589,0.064516,0.07478,0.079668,0.054741,0.079668,0.089932,0.054741,0.039589,0.064516,0.01955,0.029814,-0.00048876,0.0097752,-0.010264,0.054741,0.064516,0.099707,0.044477,0.064516,0.079668,0.069892,0.084555,0.059629,0.024438,-0.00048876,0.0043988,-0.025415,-0.010264,-0.060606,-0.05523,-0.11535,-0.12561,-0.030303,-0.015152,-0.05523,-0.060606,-0.09042,-0.070381,-0.00048876,0.07478,0.17986,0.30987,0.32502,-0.030303,-0.16569,-0.20528,-0.15054,-0.11046,-0.09042,-0.1002,-0.075269,-0.080645,-0.080645,-0.05523,-0.045455,-0.065494,-0.030303,-0.05523,0.014663,-0.0053763,-0.035191,-0.065494,-0.00048876,-0.020528,0.0097752,-0.00048876,0.059629,0.054741,0.064516,0.049853,0.039589,0.079668,0.084555,0.049853,0.039589,0.07478,0.029814,0.024438,0.034702,0.069892,0.039589,-0.0053763,-0.020528,0.029814,-0.00048876,0.014663,-0.010264,0.064516,0.069892,0.064516,0.11975,0.099707,0.12463,0.094819,-0.00048876,-0.0053763,0.064516,0.029814,0.024438,0.039589,0.0097752,-0.040567,-0.045455,-0.070381,-0.050342,-0.05523,0.0097752,-0.035191,-0.00048876,0.029814,0.15494,0.35484,0.49022,0.3348,0.099707,-0.060606,-0.12561,-0.1305,-0.040567,-0.080645,-0.00048876,0.01955,-0.035191,-0.020528,-0.030303,-0.010264,-0.030303,0.014663,0.0043988,-0.015152,-0.035191,-0.025415,-0.030303,0.014663,-0.0053763,0.014663,-0.010264,0.034702,0.039589,0.07478,0.049853,0.069892,0.079668,0.054741,0.024438,0.01955,0.049853,0.029814,0.034702,0.01955,0.039589,0.0097752,0.059629,0.054741,0.059629,0.079668,0.099707,0.079668,0.10948,0.094819,0.11486,0.094819,0.079668,0.044477,0.029814,0.01955,0.0043988,0.0097752,-0.015152,-0.00048876,-0.020528,-0.045455,-0.010264,-0.0053763,-0.05523,-0.015152,0.044477,0.14956,0.3001,0.41984,0.26491,0.039589,-0.1305,-0.17546,-0.1305,-0.075269,-0.080645,-0.05523,-0.05523,-0.040567,-0.05523,-0.040567,-0.070381,-0.060606,-0.05523,-0.050342,-0.035191,-0.035191,-0.025415,-0.035191,-0.020528,-0.050342,0.01955,0.014663,0.039589,0.014663,0.029814,0.014663,0.039589,0.034702,0.034702,0.024438,0.014663,-0.015152,-0.025415,-0.00048876,0.014663,-0.0053763,-0.015152,0.0043988,-0.020528,-0.0053763,0.029814,0.059629,0.044477,0.079668,0.059629,0.064516,0.059629,0.10948,0.069892,0.049853,-0.00048876,0.0043988,-0.035191,-0.020528,-0.025415,-0.030303,-0.035191,-0.040567,-0.05523,-0.060606,-0.030303,-0.070381,-0.075269,-0.00048876,0.054741,0.15494,0.30499,0.36999,0.17986,-0.05523,-0.1305,-0.16031,-0.1002,-0.080645,-0.045455,-0.045455,-0.030303,-0.035191,-0.050342,-0.05523,-0.015152,-0.035191,-0.025415,-0.060606,-0.05523,-0.070381,-0.050342,-0.040567,-0.025415,-0.010264,-0.025415,0.0097752,0.029814,0.01955,0.0043988,0.039589,0.029814,0.049853,0.014663,0.024438,0.029814,-0.0053763,-0.030303,0.0043988,-0.020528,-0.0053763,-0.00048876,0.024438,0.039589,0.044477,0.0043988,0.044477,0.07478,0.059629,0.07478,0.11486,0.11975,0.029814,-0.010264,-0.0053763,0.044477,0.044477,0.059629,0.029814,-0.010264,-0.05523,-0.075269,-0.080645,-0.020528,-0.035191,-0.020528,-0.045455,0.014663,0.10459,0.28006,0.41496,0.45992,0.1696,0.024438,-0.065494,-0.1002,-0.05523,-0.035191,-0.050342,-0.035191,-0.05523,-0.080645,-0.030303,-0.045455,-0.025415,-0.05523,-0.045455,-0.060606,-0.030303,-0.010264,0.014663,-0.025415,-0.010264,0.0043988,0.014663,0.01955,0.024438,0.01955,0.044477,0.054741,0.054741,0.059629,0.044477,0.049853,0.039589,0.049853,0.039589,0.079668,0.059629,0.069892,0.039589,0.07478,0.064516,0.094819,0.10948,0.12952,0.12952,0.14956,0.15494,0.099707,0.079668,0.064516,0.079668,0.054741,0.034702,0.01955,0.0043988,-0.010264,-0.030303,-0.030303,-0.010264,-0.010264,-0.035191,-0.050342,0.034702,0.084555,0.30499,0.435,0.45503,0.11486,-0.080645,-0.18035,-0.095308,-0.065494,-0.075269,-0.05523,-0.05523,-0.065494,-0.050342,-0.045455,-0.05523,-0.030303,-0.015152,-0.030303,-0.040567,-0.020528,-0.035191,0.054741,0.059629,0.044477,0.034702,0.039589,0.024438,0.014663,0.034702,-0.0053763,0.0043988,0.01955,0.024438,0.014663,-0.010264,-0.010264,0.0097752,-0.0053763,0.029814,0.014663,0.07478,0.079668,0.089932,0.084555,0.12463,0.069892,0.059629,0.039589,0.029814,-0.00048876,0.014663,-0.015152,-0.030303,-0.050342,-0.060606,-0.045455,-0.050342,-0.070381,-0.05523,-0.045455,-0.025415,0.049853,0.099707,0.23998,0.32502,0.18964,-0.060606,-0.17058,-0.20039,-0.085533,-0.065494,-0.075269,-0.065494,-0.040567,-0.035191,-0.040567,-0.030303,-0.035191,-0.010264,-0.025415,-0.035191,-0.025415,-0.010264,-0.015152,-0.010264,0.0043988,0.024438,0.034702,0.044477,0.039589,0.059629,0.044477,0.054741,0.044477,0.059629,0.049853,0.039589,0.039589,0.034702,0.014663,0.024438,0.029814,0.01955,0.014663,0.01955,0.034702,0.034702,0.039589,0.0097752,0.039589,0.064516,0.084555,0.084555,0.094819,0.089932,0.1349,0.094819,0.079668,0.029814,0.014663,0.0097752,0.01955,-0.010264,-0.040567,-0.070381,-0.045455,-0.040567,-0.035191,-0.050342,-0.05523,-0.050342,-0.020528,0.049853,0.094819,0.24487,0.32991,0.20479,-0.030303,-0.13539,-0.18035,-0.11046,-0.065494,-0.020528,-0.045455,-0.050342,-0.05523,-0.015152,-0.010264,-0.015152,-0.020528,-0.035191,-0.015152,0.0043988,-0.020528,-0.015152,-0.020528,0.0043988,0.014663,-0.0053763,0.054741,0.049853,0.064516,0.039589,0.059629,0.044477,0.069892,0.049853,0.039589,0.01955,0.014663,0.01955,0.0043988,0.0043988,0.01955,0.0097752,0.029814,0.034702,0.014663,0.0043988,0.039589,0.054741,0.039589,0.059629,0.069892,0.12463,0.12952,0.11975,0.079668,0.034702,-0.015152,0.01955,-0.010264,0.0043988,-0.070381,-0.035191,-0.040567,-0.030303,-0.05523,-0.060606,-0.05523,-0.025415,-0.015152,0.034702,0.10948,0.30499,0.41496,0.28983,0.084555,-0.045455,-0.1002,-0.10557,-0.080645,-0.09042,-0.05523,-0.05523,-0.035191,-0.05523,-0.020528,-0.075269,-0.080645,-0.030303,-0.015152,-0.040567,-0.020528,-0.045455,-0.0053763,-0.00048876,-0.035191,-0.020528,-0.035191,-0.0053763,-0.010264,0.014663,0.0043988,0.0097752,0.034702,0.049853,0.029814,0.039589,-0.010264,0.029814,0.029814,0.044477,0.01955,0.054741,0.034702,0.044477,0.039589,0.069892,0.059629,0.099707,0.10459,0.10948,0.099707,0.094819,0.10948,0.079668,0.044477,0.034702,0.039589,0.0043988,0.01955,0.014663,0.0097752,-0.030303,-0.025415,-0.05523,-0.035191,-0.050342,-0.015152,0.0043988,0.059629,0.12463,0.31476,0.44477,0.31965,0.11486,-0.00048876,-0.09042,-0.10557,-0.05523,-0.065494,-0.035191,-0.045455,-0.040567,-0.065494,-0.050342,-0.060606,-0.035191,-0.05523,-0.040567,-0.050342,-0.035191,-0.045455,-0.035191,-0.035191,0.0097752,0.014663,-0.020528,-0.00048876,0.01955,0.034702,0.014663,-0.010264,0.0097752,0.01955,0.0043988,0.034702,0.0043988,-0.00048876,-0.010264,0.039589,0.034702,0.0097752,-0.0053763,0.034702,0.01955,0.044477,0.059629,0.064516,0.059629,0.084555,0.084555,0.10948,0.079668,0.064516,0.039589,0.034702,0.039589,0.01955,0.029814,-0.020528,-0.035191,-0.040567,-0.025415,-0.045455,-0.05523,-0.070381,-0.035191,-0.025415,0.039589,0.094819,0.24487,0.34506,0.36999,0.064516,-0.095308,-0.18573,-0.12023,-0.05523,-0.035191,-0.065494,-0.060606,-0.05523,-0.035191,-0.045455,-0.035191,-0.040567,-0.045455,-0.035191,-0.035191,-0.025415,-0.030303,-0.0053763,-0.020528,0.014663,0.0097752,0.039589,0.039589,0.044477,0.024438,0.054741,0.059629,0.029814,0.039589,0.034702,0.039589,0.024438,0.01955,0.034702,-0.0053763,-0.010264,0.01955,0.014663,0.01955,0.01955,0.034702,0.014663,0.039589,0.059629,0.089932,0.084555,0.099707,0.10948,0.099707,0.064516,0.059629,0.034702,0.024438,0.0043988,-0.0053763,-0.030303,-0.050342,-0.035191,-0.045455,-0.035191,-0.05523,-0.035191,-0.075269,-0.050342,-0.010264,0.049853,0.18964,0.3001,0.31476,0.054741,-0.10557,-0.1955,-0.14027,-0.060606,-0.065494,-0.05523,-0.075269,-0.080645,-0.065494,-0.035191,-0.05523,-0.035191,-0.080645,-0.085533,-0.050342,-0.05523,-0.040567,-0.045455,0.024438,0.044477,0.0043988,0.0043988,0.034702,0.049853,0.059629,0.024438,0.029814,0.014663,0.039589,0.034702,0.039589,0.039589,0.039589,0.01955,0.049853,0.034702,0.029814,0.059629,0.07478,0.044477,0.079668,0.094819,0.089932,0.12952,0.12952,0.13978,0.12952,0.15494,0.11975,0.11486,0.084555,0.07478,0.059629,0.079668,0.029814,0.024438,-0.0053763,0.0043988,-0.00048876,0.01955,0.034702,0.014663,-0.010264,0.024438,0.089932,0.20479,0.35973,0.44477,0.28495,0.034702,-0.11535,-0.16031,-0.065494,-0.05523,-0.045455,-0.05523,-0.040567,-0.050342,-0.030303,-0.050342,-0.05523,-0.035191,-0.050342,-0.035191,-0.020528,-0.020528,-0.020528,-0.035191,-0.045455,-0.0053763,0.01955,0.034702,0.039589,0.039589,0.029814,0.034702,0.0043988,0.01955,0.039589,0.059629,0.0097752,0.029814,0.01955,0.039589,0.014663,0.024438,0.0097752,0.029814,0.029814,0.049853,0.07478,0.084555,0.084555,0.10459,0.10948,0.10948,0.064516,0.034702,0.039589,-0.010264,0.01955,0.0097752,-0.0053763,-0.050342,-0.05523,-0.020528,-0.010264,-0.060606,-0.035191,-0.060606,-0.020528,0.01955,0.079668,0.20968,0.37488,0.42473,0.11486,-0.080645,-0.17058,-0.1305,-0.1002,-0.09042,-0.10557,-0.085533,-0.09042,-0.070381,-0.1002,-0.085533,-0.1002,-0.075269,-0.080645,-0.040567,-0.065494,-0.035191,-0.015152,-0.010264,-0.035191,-0.0053763,-0.030303,0.01955,0.014663,0.034702,0.024438,0.059629,0.069892,0.01955,-0.010264,-0.00048876,0.024438,-0.010264,-0.0053763,-0.00048876,0.0097752,-0.010264,-0.00048876,-0.010264,-0.020528,-0.030303,-0.0053763,0.034702,0.049853,0.059629,0.054741,0.079668,0.069892,0.079668,0.1349,0.084555,0.024438,0.01955,0.024438,-0.015152,-0.035191,-0.050342,-0.05523,-0.025415,-0.035191,-0.015152,-0.035191,-0.030303,-0.070381,-0.010264,0.029814,0.064516,0.20479,0.41496,0.48485,0.2346,0.0043988,-0.12023,-0.18035,-0.080645,-0.050342,-0.060606,-0.035191,-0.040567,-0.020528,-0.030303,-0.025415,-0.050342,-0.015152,-0.010264,-0.015152,-0.00048876,0.014663,-0.010264,-0.00048876,-0.025415,0.0097752,0.0043988,0.01955,0.029814,0.059629,0.044477,0.064516,0.079668,0.049853,0.024438,0.039589,0.054741,0.044477,0.029814,0.0097752,0.024438,0.014663,0.049853,0.029814,0.044477,0.039589,0.10948,0.099707,0.094819,0.089932,0.13978,0.10459,0.10948,0.064516,0.044477,0.01955,0.039589,0.0043988,-0.00048876,0.014663,-0.010264,-0.025415,-0.035191,-0.035191,-0.015152,-0.00048876,-0.015152,0.054741,0.12463,0.30499,0.45015,0.46481,0.099707,-0.060606,-0.15543,-0.085533,-0.060606,-0.030303,-0.05523,-0.030303,-0.035191,-0.040567,-0.05523,-0.040567,-0.05523,-0.035191,-0.025415,-0.045455,-0.020528,-0.050342,-0.035191,-0.015152,0.0097752,-0.0053763,0.01955,0.0043988,0.034702,0.024438,0.039589,0.039589,0.044477,0.029814,0.039589,0.029814,0.024438,-0.00048876,0.0097752,0.014663,0.014663,0.024438,0.039589,0.014663,0.049853,0.059629,0.039589,0.059629,0.07478,0.084555,0.064516,0.10459,0.094819,0.10948,0.059629,0.044477,-0.00048876,0.014663,-0.010264,-0.0053763,-0.015152,-0.025415,-0.045455,-0.040567,-0.05523,-0.035191,-0.05523,-0.065494,-0.045455,0.014663,0.084555,0.28006,0.42473,0.43011,0.10459,-0.1002,-0.16569,-0.12561,-0.080645,-0.065494,-0.045455,-0.070381,-0.080645,-0.085533,-0.060606,-0.05523,-0.030303,-0.05523,-0.060606,-0.065494,-0.05523,-0.035191,-0.025415,-0.020528,-0.060606,-0.00048876,0.024438,0.014663,0.029814,0.01955,0.029814,0.039589,0.049853,0.064516,0.014663,0.034702,0.024438,0.034702,0.014663,0.014663,0.0097752,0.024438,0.01955,0.039589,0.034702,0.059629,0.054741,0.089932,0.079668,0.07478,0.11486,0.10459,0.079668,0.034702,0.014663,0.0043988,-0.015152,-0.035191,-0.010264,-0.020528,-0.040567,-0.05523,-0.035191,-0.045455,-0.040567,-0.05523,-0.030303,0.0097752,0.089932,0.2346,0.39003,0.43011,0.14956,-0.070381,-0.17546,-0.095308,-0.060606,-0.05523,-0.040567,-0.035191,-0.075269,-0.060606,-0.065494,-0.040567,-0.05523,-0.075269,-0.045455,-0.010264,-0.015152,-0.010264,-0.020528,-0.010264,-0.015152,0.0097752,0.01955,0.039589,0.049853,0.034702,0.054741,0.054741,0.059629,0.039589,0.069892,0.044477,0.034702,0.01955,0.029814,0.024438,0.034702,0.01955,0.034702,0.0097752,0.01955,0.0097752,0.059629,0.064516,0.084555,0.084555,0.084555,0.084555,0.10948,0.12463,0.10948,0.064516,0.024438,0.029814,-0.010264,-0.010264,-0.010264,-0.010264,-0.030303,-0.035191,-0.040567,-0.035191,-0.075269,-0.070381,-0.045455,0.01955,0.049853,0.20479,0.33969,0.36999,0.044477,-0.12561,-0.20039,-0.15054,-0.12561,-0.1002,-0.085533,-0.085533,-0.080645,-0.10557,-0.1002,-0.09042,-0.070381,-0.080645,-0.035191,-0.035191,-0.050342,-0.05523,0.0043988,-0.020528,-0.020528,-0.0053763,-0.030303,0.01955,0.034702,0.039589,0.064516,0.084555,0.059629,0.044477,0.029814,0.039589,0.014663,-0.020528,-0.040567,-0.010264,-0.020528,0.039589,0.01955,0.034702,0.014663,0.029814,0.034702,0.049853,0.069892,0.10459,0.069892,0.089932,0.10948,0.12952,0.059629,0.049853,0.029814,0.044477,0.034702,0.029814,0.0043988,-0.0053763,-0.00048876,-0.030303,-0.05523,-0.075269,-0.030303,-0.015152,0.014663,-0.010264,0.054741,0.20479,0.35973,0.3998,0.2346,0.014663,-0.080645,-0.16031,-0.11535,-0.075269,-0.060606,-0.040567,-0.030303,-0.050342,-0.060606,-0.035191,-0.040567,-0.020528,-0.035191,-0.0053763,-0.010264,-0.00048876,-0.035191,-0.010264,-0.020528,-0.00048876,-0.020528,0.014663,0.0097752,0.044477,0.054741,0.059629,0.034702,0.064516,0.069892,0.049853,0.064516,0.069892,0.054741,0.029814,0.014663,0.034702,0.049853,0.014663,0.054741,0.054741,0.064516,0.059629,0.089932,0.084555,0.099707,0.084555,0.10459,0.054741,0.059629,-0.020528,0.0043988,-0.010264,-0.015152,-0.025415,0.0043988,-0.025415,-0.020528,-0.050342,-0.045455,-0.070381,-0.040567,0.01955,0.049853,0.15982,0.26002,0.41496,0.22483,0.059629,-0.060606,-0.095308,-0.075269,-0.040567,-0.060606,-0.070381,-0.09042,-0.065494,-0.085533,-0.09042,-0.070381,-0.05523,-0.040567,-0.045455,-0.030303,-0.00048876,-0.045455,-0.060606,-0.00048876,-0.025415,-0.010264,-0.020528,0.0097752,-0.015152,-0.010264,-0.025415,0.014663,0.0043988,0.014663,-0.020528,0.084555,0.089932,0.039589,0.014663,0.044477,0.01955,-0.0053763,-0.010264,0.024438,0.044477,0.064516,0.07478,0.039589,0.089932,0.10948,0.11486,0.12952,0.099707,0.064516,0.084555,0.024438,0.039589,0.014663,0.01955,-0.020528,-0.010264,-0.035191,-0.025415,-0.020528,-0.025415,-0.020528,-0.05523,-0.020528,-0.035191,0.094819,0.26979,0.41496,0.45015,0.16471,-0.015152,-0.14565,-0.18573,-0.085533,-0.05523,-0.050342,-0.035191,-0.020528,-0.050342,-0.010264,-0.040567,-0.045455,-0.030303,-0.010264,-0.030303,-0.025415,-0.05523,-0.015152,-0.010264,-0.025415,-0.0053763,0.029814,0.034702,0.014663,0.054741,0.044477,0.049853,0.024438,0.039589,0.049853,0.054741,0.059629,0.069892,0.054741,0.049853,0.044477,0.054741,0.049853,0.059629,0.044477,0.084555,0.059629,0.084555,0.099707,0.11975,0.12952,0.12952,0.07478,0.044477,0.034702,0.029814,0.024438,0.029814,-0.0053763,-0.025415,-0.00048876,-0.035191,-0.050342,-0.05523,-0.050342,-0.05523,-0.040567,-0.015152,0.079668,0.24487,0.37977,0.435,0.14956,-0.075269,-0.16031,-0.13539,-0.075269,-0.080645,-0.05523,-0.075269,-0.09042,-0.05523,-0.05523,-0.045455,-0.065494,-0.035191,-0.050342,-0.060606,-0.070381,-0.040567,-0.05523,-0.035191,-0.045455,-0.010264,-0.015152,-0.0053763,-0.00048876,0.044477,0.024438,0.039589,0.0097752,-0.0053763,0.0043988,0.014663,0.01955,-0.015152,-0.020528,-0.025415,0.01955,0.0043988,0.014663,0.0043988,0.034702,0.029814,0.059629,0.044477,0.079668,0.07478,0.099707,0.10948,0.11486,0.054741,0.024438,0.01955,0.014663,-0.00048876,0.0097752,-0.030303,-0.070381,-0.05523,-0.05523,-0.040567,-0.05523,-0.045455,-0.060606,-0.035191,0.014663,0.11975,0.30499,0.42473,0.28495,0.01955,-0.16031,-0.20039,-0.11535,-0.085533,-0.080645,-0.085533,-0.1002,-0.075269,-0.05523,-0.065494,-0.045455,-0.065494,-0.060606,-0.070381,-0.065494,-0.065494,-0.05523,-0.045455,-0.05523,-0.025415,-0.0053763,-0.010264,0.044477,0.079668,0.084555,0.01955,0.034702,0.029814,0.024438,-0.010264,0.01955,-0.0053763,-0.010264,0.024438,0.014663,-0.010264,0.0097752,0.0043988,0.034702,0.029814,0.014663,0.054741,0.044477,0.064516,0.07478,0.084555,0.07478,0.11975,0.094819,0.069892,0.049853,0.034702,0.014663,0.0043988,0.014663,-0.010264,-0.020528,-0.030303,-0.040567,-0.015152,-0.010264,-0.05523,-0.050342,-0.00048876,0.079668,0.11486,0.28983,0.44477,0.45503,0.10459,-0.035191,-0.15543,-0.12561,-0.09042,-0.05523,-0.060606,-0.05523,-0.080645,-0.05523,-0.080645,-0.00048876,0.0097752,-0.025415,-0.020528,-0.0053763,0.0097752,-0.040567,-0.040567,-0.05523,-0.020528,-0.030303,0.034702,0.039589,0.024438,0.034702,0.054741,0.0097752,0.049853,0.054741,0.064516,0.029814,0.049853,0.039589,0.034702,0.054741,0.039589,0.024438,0.049853,0.059629,0.029814,0.049853,0.044477,0.084555,0.10948,0.10948,0.14467,0.11486,0.079668,0.044477,0.0043988,0.01955,0.044477,0.064516,-0.0053763,-0.040567,-0.030303,-0.020528,-0.035191,-0.040567,-0.050342,-0.030303,0.0097752,0.094819,0.16471,0.33969,0.43011,0.24487,-0.00048876,-0.13539,-0.17546,-0.11046,-0.050342,-0.035191,-0.045455,-0.035191,-0.020528,-0.030303,-0.0053763,0.0043988,-0.020528,-0.0053763,0.0097752,-0.015152,0.0097752,-0.010264,-0.015152,0.014663,-0.0053763,0.024438,0.049853,0.059629,0.024438,0.034702,0.0097752,0.054741,0.059629,0.07478,0.044477,0.054741,0.024438,0.039589,0.024438,0.029814,0.014663,0.039589,0.024438,0.029814,0.01955,0.049853,0.059629,0.029814,0.034702,0.064516,0.069892,0.10948,0.11486,0.099707,0.059629,0.01955,0.024438,0.0097752,-0.025415,-0.050342,-0.025415,-0.050342,-0.040567,-0.065494,-0.040567,-0.045455,-0.050342,-0.050342,-0.015152,0.01955,0.13978,0.31476,0.41984,0.24487,0.024438,-0.15543,-0.19062,-0.09042,-0.080645,-0.065494,-0.085533,-0.080645,-0.095308,-0.065494,-0.070381,-0.050342,-0.065494,-0.045455,-0.05523,-0.035191,-0.035191,-0.020528,-0.025415,0.024438,-0.00048876,-0.010264,-0.015152,0.014663,-0.00048876,-0.0053763,0.044477,0.034702,0.059629,0.014663,0.024438,0.0097752,0.014663,-0.010264,-0.030303,-0.015152,-0.010264,-0.035191,-0.010264,0.0097752,0.039589,0.014663,0.044477,0.069892,0.084555,0.07478,0.10459,0.079668,0.069892,0.044477,0.01955,-0.0053763,-0.00048876,-0.015152,-0.025415,-0.020528,-0.060606,-0.050342,-0.060606,-0.050342,-0.05523,-0.040567,-0.045455,0.0097752,0.049853,0.22483,0.34995,0.39003,0.049853,-0.12023,-0.1955,-0.11535,-0.075269,-0.05523,-0.060606,-0.075269,-0.09042,-0.05523,-0.050342,-0.030303,-0.045455,-0.025415,-0.015152,-0.040567,-0.035191,-0.040567,-0.020528,-0.035191,0.014663,-0.00048876,0.01955,0.0097752,0.044477,0.044477,0.049853,0.039589,0.059629,0.024438,0.014663,0.024438,0.0097752,0.014663,0.014663,0.0097752,0.034702,0.01955,0.014663,0.014663,0.0097752,0.029814,0.0097752,0.034702,0.029814,0.079668,0.084555,0.07478,0.064516,0.10459,0.084555,0.064516,0.034702,0.034702,-0.020528,-0.010264,-0.030303,-0.035191,-0.025415,-0.035191,-0.060606,-0.070381,-0.045455,-0.05523,-0.035191,-0.045455,0.024438,0.054741,0.1999,0.30987,0.33969,0.039589,-0.10557,-0.18035,-0.1305,-0.080645,-0.070381,-0.075269,-0.020528,-0.015152,-0.030303,-0.025415,-0.035191,-0.035191,-0.020528,-0.040567,-0.025415,-0.015152,-0.025415,-0.0053763,0.0097752,0.01955,0.0097752,0.01955,0.014663,0.054741,0.029814,0.049853,0.054741,0.079668,0.054741,0.044477,0.024438,0.014663,0.0097752,0.034702,0.039589,-0.0053763,-0.010264,0.029814,0.039589,0.064516,0.049853,0.034702,0.049853,0.039589,0.054741,0.07478,0.11975,0.11486,0.089932,0.064516,0.064516,0.01955,-0.00048876,-0.010264,-0.0053763,-0.035191,-0.035191,-0.040567,-0.025415,-0.065494,-0.040567,-0.035191,-0.040567,0.0043988,0.054741,0.13978,0.27468,0.3348,0.12952,-0.065494,-0.18035,-0.1955,-0.10557,-0.05523,-0.040567,-0.015152,-0.020528,-0.015152,-0.040567,-0.050342,-0.065494,-0.010264,-0.0053763,-0.010264,-0.010264,0.0043988,0.014663,0.0097752,0.029814,0.0097752,0.024438,0.0043988,0.029814,0.0097752,0.084555,0.059629,0.069892,0.079668,0.084555,0.044477,0.029814,-0.0053763,0.01955,0.0097752,-0.00048876,0.014663,0.059629,0.044477,0.039589,0.059629,0.069892,0.01955,0.014663,0.049853,0.064516,0.079668,0.11486,0.12952,0.099707,0.049853,0.01955,0.044477,-0.00048876,0.039589,0.014663,0.0097752,-0.035191,-0.040567,-0.05523,-0.050342,-0.060606,-0.035191,-0.050342,-0.010264,0.029814,0.12952,0.28006,0.37977,0.23998,0.049853,-0.05523,-0.10557,-0.080645,-0.060606,-0.035191,-0.065494,-0.060606,-0.085533,-0.045455,-0.05523,-0.015152,-0.030303,-0.035191,-0.05523,-0.015152,-0.030303,-0.010264,-0.025415,-0.015152,-0.025415,0.0097752,0.024438,-0.00048876,0.014663,0.0097752,0.044477,0.0097752,0.0043988,0.01955,0.029814,0.01955,0.044477,0.01955,0.014663,-0.0053763,0.01955,0.0043988,0.01955,-0.010264,0.044477,0.064516,0.079668,0.064516,0.089932,0.07478,0.069892,0.10459,0.10948,0.069892,0.039589,0.024438,0.039589,0.014663,-0.010264,-0.00048876,-0.030303,-0.010264,-0.035191,-0.010264,-0.040567,-0.035191,-0.05523,-0.0053763,0.029814,0.099707,0.25464,0.3651,0.37977,0.064516,-0.12561,-0.17058,-0.12561,-0.045455,-0.035191,-0.05523,-0.030303,-0.035191,-0.020528,-0.025415,-0.010264,-0.020528,-0.015152,-0.035191,-0.020528,-0.030303,-0.0053763,-0.010264,0.024438,0.01955,0.064516,0.094819,0.12952,0.11486,0.084555,0.049853,0.029814,-0.0053763,-0.020528,0.0043988,-0.010264,-0.035191,-0.030303,-0.045455,-0.060606,-0.05523,-0.050342,-0.035191,-0.050342,0.034702,0.079668,0.22483,0.30987,0.33969,0.0043988,-0.14027,-0.21554,-0.12561,-0.075269,-0.045455,-0.040567,-0.050342,-0.035191,-0.040567,-0.020528,-0.030303,-0.035191,-0.010264,-0.0053763,-0.025415,-0.010264,-0.00048876,0.0097752,-0.010264,0.0097752,-0.00048876,0.054741,0.049853,0.059629,0.054741,0.064516,0.049853,0.059629,0.039589,0.054741,0.029814,0.044477,0.034702,0.014663,0.01955,0.014663,0.029814,0.014663,0.034702,0.0043988,0.049853,0.049853,0.054741,0.079668,0.10948,0.089932,0.11975,0.11486,0.12952,0.064516,0.054741,0.029814,0.029814,0.024438,0.029814,-0.020528,-0.045455,-0.060606,-0.045455,-0.060606,-0.045455,-0.035191,-0.05523,-0.025415,0.034702,0.07478,0.20968,0.30987,0.32502,0.044477,-0.14027,-0.20528,-0.16031,-0.070381,-0.070381,-0.030303,-0.050342,-0.060606,-0.05523,-0.035191,-0.030303,-0.0053763,-0.030303,-0.025415,-0.035191,-0.015152,-0.010264,-0.025415,-0.010264,-0.015152,0.034702,0.059629,0.07478,0.054741,0.064516,0.029814,0.054741,0.059629,0.034702,0.01955,0.07478,0.01955,-0.0053763,0.0097752,0.034702,0.01955,0.049853,0.0043988,-0.010264,0.039589,0.059629,0.054741,0.079668,0.089932,0.059629,0.054741,0.089932,0.12952,0.12463,0.12952,0.084555,0.079668,0.044477,0.024438,0.0043988,0.014663,-0.020528,-0.025415,-0.040567,-0.015152,-0.010264,-0.00048876,-0.025415,0.0097752,0.039589,0.064516,0.22972,0.42473,0.47507,0.15982,-0.020528,-0.15054,-0.15543,-0.09042,-0.045455,-0.040567,-0.035191,-0.05523,-0.010264,-0.025415,-0.010264,-0.025415,-0.010264,-0.025415,-0.010264,-0.020528,0.0097752,-0.010264,0.0043988,-0.015152,-0.00048876,0.014663,0.0097752,0.039589,0.034702,0.059629,0.044477,0.064516,0.034702,0.039589,0.039589,0.049853,0.01955,0.029814,0.01955,0.039589,0.0097752,0.014663,0.0043988,0.039589,0.039589,0.059629,0.084555,0.079668,0.084555,0.11486,0.11975,0.089932,0.049853,0.024438,0.034702,0.0097752,0.01955,-0.010264,-0.0053763,-0.010264,-0.030303,-0.05523,-0.045455,-0.05523,-0.025415,-0.035191,-0.0053763,0.039589,0.1696,0.3001,0.41496,0.24487,0.084555,-0.045455,-0.09042,-0.080645,-0.060606,-0.05523,-0.070381,-0.040567,-0.085533,-0.065494,-0.065494,-0.05523,-0.05523,-0.040567,-0.05523,-0.050342,-0.035191,-0.015152,-0.025415,-0.015152,-0.010264,-0.010264,-0.00048876,-0.025415,-0.010264,0.014663,0.01955,0.0097752,0.014663,0.0043988,0.024438,-0.0053763,0.0043988,0.0097752,0.01955,-0.00048876,0.014663,-0.00048876,0.029814,0.014663,0.034702,0.014663,0.024438,0.014663,0.079668,0.084555,0.069892,0.084555,0.10948,0.064516,0.054741,0.0097752,0.014663,-0.010264,0.0043988,-0.010264,-0.035191,-0.040567,-0.025415,-0.015152,-0.050342,-0.040567,-0.05523,-0.035191,-0.010264,0.064516,0.16471,0.32502,0.39492,0.18964,-0.060606,-0.16031,-0.18035,-0.09042,-0.05523,-0.060606,-0.065494,-0.050342,-0.040567,-0.035191,-0.025415,-0.035191,-0.025415,-0.05523,-0.025415,-0.040567,-0.020528,-0.030303,-0.010264,-0.020528,-0.00048876,-0.015152,0.039589,0.034702,0.049853,0.01955,0.0043988,-0.0053763,0.01955,0.024438,0.0097752,0.024438,-0.00048876,0.0097752,-0.010264,0.024438,-0.0053763,0.014663,-0.010264,0.0097752,0.024438,0.034702,0.0097752,0.059629,0.059629,0.07478,0.064516,0.089932,0.10459,0.084555,0.054741,0.039589,0.014663,-0.015152,-0.015152,-0.015152,-0.040567,-0.05523,-0.030303,-0.025415,-0.020528,-0.035191,-0.020528,-0.035191,0.0043988,-0.00048876,0.21457,0.34995,0.41984,0.16471,-0.025415,-0.16031,-0.17546,-0.065494,-0.040567,-0.070381,-0.060606,-0.080645,-0.05523,-0.035191,-0.015152,-0.030303,-0.035191,-0.010264,-0.010264,-0.040567,-0.05523,-0.035191,-0.045455,-0.0053763,-0.010264,0.039589,-0.020528,0.014663,0.034702,0.059629,0.044477,0.034702,0.024438,0.039589,0.0043988,0.014663,-0.00048876,0.039589,0.034702,0.034702,-0.0053763,-0.010264,0.0097752,0.0043988,0.014663,0.024438,0.079668,0.099707,0.10459,0.079668,0.11975,0.12463,0.079668,0.054741,0.044477,-0.00048876,0.014663,0.0043988,0.014663,-0.025415,-0.015152,-0.035191,-0.020528,-0.060606,-0.080645,-0.030303,-0.015152,0.0043988,0.069892,0.22483,0.37488,0.43011,0.19501,0.0097752,-0.15054,-0.16569,-0.095308,-0.075269,-0.075269,-0.060606,-0.070381,-0.020528,-0.045455,-0.065494,-0.060606,-0.035191,-0.040567,-0.035191,-0.05523,-0.060606,-0.015152,-0.00048876,-0.010264,0.0097752,0.014663,0.034702,-0.00048876,-0.0053763,0.039589,0.024438,0.029814,0.014663,0.014663,0.0097752,0.044477,0.014663,0.014663,0.014663,0.029814,0.01955,0.034702,0.029814,0.044477,0.054741,0.069892,0.079668,0.089932,0.099707,0.079668,0.10948,0.094819,0.099707,0.039589,0.029814,0.024438,0.029814,0.0097752,-0.030303,-0.05523,-0.035191,-0.05523,-0.05523,-0.050342,-0.025415,-0.05523,-0.035191,-0.010264,0.049853,0.17986,0.37488,0.42473,0.17986,-0.045455,-0.17058,-0.17546,-0.075269,-0.060606,-0.080645,-0.095308,-0.065494,-0.05523,-0.070381,-0.05523,-0.060606,-0.05523,-0.065494,-0.035191,-0.045455,-0.035191,-0.035191,-0.015152,-0.035191,-0.030303,-0.015152,0.014663,0.0097752,0.044477,0.049853,0.039589,0.029814,0.024438,0.0097752,0.0043988,0.014663,0.0043988,0.014663,0.01955,0.029814,0.0097752,0.029814,0.01955,0.024438,0.0043988,0.044477,0.029814,0.069892,0.099707,0.094819,0.094819,0.12463,0.12952,0.064516,0.054741,0.039589,-0.00048876,-0.010264,0.014663,-0.020528,-0.040567,-0.040567,-0.035191,-0.05523,-0.045455,-0.05523,-0.035191,-0.050342,0.034702,0.084555,0.28006,0.41496,0.435,0.029814,-0.12023,-0.18573,-0.095308,-0.060606,-0.065494,-0.05523,-0.070381,-0.060606,-0.050342,-0.040567,-0.050342,-0.050342,-0.05523,-0.020528,-0.035191,-0.040567,-0.050342,-0.010264,-0.025415,-0.0053763,0.0043988,0.014663,0.024438,0.034702,0.0097752,0.034702,0.014663,0.029814,0.01955,0.039589,0.0097752,-0.00048876,0.014663,-0.00048876,-0.010264,-0.010264,-0.0053763,-0.010264,0.014663,0.0097752,0.01955,0.014663,0.054741,0.07478,0.084555,0.054741,0.089932,0.10459,0.089932,0.054741,0.034702,0.0097752,0.01955,-0.0053763,-0.0053763,-0.025415,-0.060606,-0.05523,-0.05523,-0.060606,-0.045455,-0.035191,-0.050342,-0.015152,0.044477,0.11975,0.26002,0.38514,0.23998,-0.0053763,-0.15054,-0.17058,-0.1002,-0.045455,-0.050342,-0.035191,-0.035191,-0.020528,-0.035191,-0.025415,-0.020528,-0.025415,-0.0053763,-0.025415,0.0043988,-0.010264,0.0097752,-0.0053763,0.01955,0.024438,0.039589,0.029814,0.07478,0.059629,0.054741,0.069892,0.07478,0.039589,0.059629,0.044477,0.054741,0.024438,0.039589,0.044477,0.014663,0.024438,0.014663,0.044477,0.014663,0.034702,0.044477,0.054741,0.044477,0.089932,0.099707,0.089932,0.10459,0.12952,0.084555,0.059629,0.014663,0.034702,0.0043988,-0.0053763,-0.020528,-0.0053763,-0.040567,-0.030303,-0.040567,-0.045455,-0.035191,-0.040567,-0.015152,-0.035191,0.049853,0.094819,0.25464,0.33969,0.35484,0.029814,-0.095308,-0.19062,-0.12023,-0.060606,-0.045455,-0.060606,-0.020528,-0.050342,-0.040567,-0.065494,-0.020528,-0.010264,-0.025415,-0.010264,-0.030303,-0.010264,-0.020528,-0.035191,-0.015152,0.0097752,0.01955,0.034702,0.014663,0.10948,0.064516,0.039589,0.014663,0.039589,-0.010264,-0.020528,-0.030303,-0.020528,-0.030303,-0.0053763,-0.045455,-0.045455,-0.035191,-0.035191,-0.010264,0.039589,0.089932,0.27468,0.36999,0.27468,0.064516,-0.10557,-0.17058,-0.12561,-0.05523,-0.060606,-0.030303,-0.050342,-0.035191,-0.035191,-0.015152,-0.070381,-0.035191,-0.030303,-0.015152,-0.010264,-0.015152,-0.030303,-0.015152,-0.010264,0.014663,0.024438,0.0097752,0.034702,0.054741,0.064516,0.054741,0.059629,0.029814,0.034702,0.01955,0.054741,0.044477,0.059629,0.039589,0.034702,0.0043988,-0.010264,-0.010264,0.014663,0.024438,0.059629,0.054741,0.084555,0.079668,0.094819,0.084555,0.10948,0.11975,0.084555,0.07478,0.059629,0.049853,0.01955,-0.00048876,-0.015152,-0.0053763,-0.045455,-0.050342,-0.05523,-0.010264,-0.030303,-0.040567,-0.045455,-0.010264,0.034702,0.14467,0.31965,0.43011,0.28006,0.039589,-0.11535,-0.17058,-0.1305,-0.080645,-0.060606,-0.065494,-0.045455,-0.035191,-0.040567,-0.05523,-0.025415,-0.035191,-0.035191,-0.045455,-0.010264,-0.025415,-0.0053763,-0.030303,-0.020528,-0.015152,0.01955,0.014663,0.01955,0.024438,0.039589,0.029814,0.034702,0.054741,0.049853,0.024438,0.0097752,0.039589,-0.0053763,0.0097752,0.044477,0.029814,0.029814,0.024438,0.014663,0.039589,0.029814,0.039589,0.034702,0.089932,0.099707,0.07478,0.089932,0.094819,0.064516,0.054741,0.059629,0.039589,0.0097752,-0.010264,-0.00048876,-0.030303,-0.00048876,-0.035191,-0.035191,-0.030303,-0.040567,-0.05523,-0.015152,0.024438,0.11975,0.30499,0.44477,0.32991,0.10948,-0.1002,-0.15054,-0.10557,-0.075269,-0.070381,-0.10557,-0.060606,-0.020528,-0.010264,-0.035191,-0.020528,-0.045455,-0.065494,-0.040567,-0.020528,-0.040567,-0.030303,-0.040567,-0.035191,-0.015152,0.0043988,-0.0053763,0.039589,0.01955,0.059629,0.039589,0.054741,0.044477,0.059629,0.049853,0.054741,0.014663,0.0097752,0.014663,0.0043988,0.01955,0.014663,0.039589,0.034702,0.059629,0.049853,0.059629,0.054741,0.089932,0.084555,0.11486,0.10459,0.10948,0.079668,0.079668,0.054741,0.01955,-0.010264,0.014663,-0.010264,-0.030303,-0.025415,-0.045455,-0.050342,-0.035191,-0.030303,-0.035191,0.0043988,-0.010264,0.094819,0.27468,0.41496,0.44477,0.1349,-0.075269,-0.15543,-0.17058,-0.075269,-0.05523,-0.035191,-0.05523,-0.035191,-0.040567,-0.030303,-0.085533,-0.09042,-0.05523,-0.045455,-0.05523,-0.010264,-0.045455,-0.035191,-0.045455,-0.05523,0.0043988,0.01955,0.044477,0.024438,0.049853,0.024438,0.014663,-0.00048876,0.014663,0.0043988,0.034702,0.014663,0.014663,0.024438,0.034702,0.01955,-0.0053763,-0.015152,0.0097752,0.01955,0.014663,0.044477,0.034702,0.069892,0.059629,0.11486,0.12463,0.089932,0.044477,0.059629,0.01955,0.039589,-0.00048876,0.014663,-0.025415,-0.010264,-0.045455,-0.035191,-0.060606,-0.040567,-0.060606,-0.065494,-0.035191,0.0043988,0.049853,0.16471,0.34995,0.41496,0.20968,-0.015152,-0.14565,-0.18573,-0.11046,-0.080645,-0.075269,-0.085533,-0.045455,-0.05523,-0.035191,-0.065494,-0.035191,-0.05523,-0.035191,-0.060606,-0.050342,-0.035191,-0.010264,-0.030303,-0.010264,-0.00048876,0.014663,0.029814,0.039589,0.039589,0.044477,0.034702,0.024438,0.039589,0.029814,0.014663,-0.010264,0.01955,-0.00048876,0.0097752,-0.0053763,0.049853,0.039589,0.01955,-0.0053763,0.039589,0.01955,0.044477,0.059629,0.054741,0.059629,0.039589,0.069892,0.094819,0.064516,0.014663,0.0043988,-0.00048876,0.014663,-0.0053763,0.0043988,-0.035191,-0.030303,-0.035191,-0.015152,-0.010264,-0.030303,-0.035191,-0.00048876,0.029814,0.07478,0.22483,0.41007,0.45503,0.15494,-0.015152,-0.1305,-0.15054,-0.035191,-0.030303,-0.05523,-0.045455,-0.030303,-0.015152,-0.020528,0.014663,0.0043988,0.0097752,0.0043988,0.024438,0.014663,0.029814,-0.00048876,0.01955,0.0097752,0.039589,0.034702,0.049853,0.039589,0.059629,0.034702,0.044477,0.01955,0.0043988,0.029814,0.064516,0.044477,0.034702,0.039589,0.014663,0.014663,-0.00048876,0.014663,0.014663,0.034702,0.039589,0.079668,0.084555,0.10948,0.07478,0.11486,0.10948,0.089932,0.064516,0.049853,0.0097752,0.014663,0.014663,0.0043988,0.0097752,-0.035191,-0.015152,-0.035191,-0.05523,-0.045455,-0.040567,-0.05523,-0.040567,0.024438,0.1349,0.31476,0.42473,0.26002,0.044477,-0.12561,-0.17546,-0.1002,-0.060606,-0.05523,-0.085533,-0.05523,-0.050342,-0.045455,-0.05523,-0.035191,-0.040567,-0.025415,-0.035191,-0.0053763,-0.060606,-0.025415,-0.020528,-0.025415,-0.035191,-0.010264,-0.025415,-0.0053763,-0.020528,0.024438,0.024438,0.034702,0.014663,0.059629,0.029814,0.014663,0.024438,0.039589,0.014663,0.039589,0.029814,0.034702,0.029814,0.014663,0.044477,0.029814,0.01955,0.01955,0.034702,0.059629,0.054741,0.084555,0.089932,0.064516,0.10948,0.12463,0.064516,0.029814,0.039589,0.0097752,0.024438,-0.00048876,0.024438,-0.035191,-0.025415,-0.035191,-0.045455,-0.015152,-0.040567,-0.025415,-0.060606,-0.0053763,0.064516,0.20479,0.37488,0.43011,0.16471,-0.030303,-0.18035,-0.15054,-0.1002,-0.060606,-0.05523,-0.070381,-0.085533,-0.050342,-0.05523,-0.05523,-0.05523,-0.05523,-0.060606,-0.05523,-0.040567,-0.030303,-0.040567,-0.030303,-0.025415,-0.0053763,0.01955,0.0043988,0.034702,0.029814,0.059629,-0.00048876,0.029814,-0.0053763,0.014663,0.014663,0.044477,0.029814,0.01955,0.014663,0.01955,-0.010264,0.029814,0.044477,0.029814,0.0097752,0.024438,0.039589,0.034702,0.069892,0.064516,0.084555,0.079668,0.10948,0.049853,0.054741,0.039589,0.039589,0.0043988,-0.010264,-0.010264,-0.0053763,-0.040567,-0.010264,-0.025415,-0.05523,-0.050342,-0.065494,-0.040567,-0.045455,0.024438,0.1349,0.3001,0.39492,0.21994,0.0097752,-0.14027,-0.17058,-0.11535,-0.070381,-0.05523,-0.05523,-0.045455,-0.05523,-0.050342,-0.060606,-0.045455,-0.040567,-0.020528,-0.035191,-0.025415,-0.035191,-0.040567,-0.025415,-0.010264,-0.015152,0.0097752,0.014663,0.0097752,0.034702,0.0097752,0.039589,0.044477,0.034702,0.049853,0.0043988,-0.015152,-0.0053763,-0.010264,0.034702,0.024438,0.034702,-0.015152,0.014663,0.034702,0.039589,0.0097752,0.064516,0.079668,0.059629,0.089932,0.11486,0.084555,0.079668,0.059629,0.014663,0.0043988,0.024438,0.014663,0.01955,-0.040567,-0.050342,-0.030303,-0.080645,-0.060606,-0.065494,-0.035191,-0.050342,-0.020528,0.034702,0.12952,0.31476,0.435,0.28983,0.059629,-0.09042,-0.15054,-0.11046,-0.05523,-0.040567,-0.075269,-0.040567,-0.030303,-0.035191,-0.0053763,0.0043988,-0.025415,-0.015152,-0.010264,0.0097752,-0.015152,0.0097752,-0.010264,0.01955,0.029814,0.044477,0.054741,0.07478,0.049853,0.064516,0.069892,0.054741,0.064516,0.059629,0.044477,0.069892,0.079668,0.044477,0.064516,0.039589,0.034702,0.029814,0.059629,0.054741,0.069892,0.039589,0.059629,0.07478,0.10459,0.089932,0.11975,0.10948,0.11975,0.059629,0.054741,0.024438,0.039589,-0.00048876,0.0097752,-0.020528,-0.035191,-0.020528,-0.030303,-0.015152,-0.030303,-0.05523,-0.060606,-0.010264,0.024438,0.10948,0.28983,0.41496,0.29472,0.054741,-0.12561,-0.16569,-0.09042,-0.065494,-0.05523,-0.060606,-0.080645,-0.035191,-0.030303,-0.065494,-0.040567,-0.050342,-0.045455,-0.035191,-0.030303,-0.020528,-0.030303,-0.015152,-0.00048876,-0.0053763,0.044477,0.014663,0.01955,0.029814,0.039589,0.034702,0.044477,0.014663,0.039589,0.024438,0.029814,0.014663,0.024438,0.039589,0.024438,-0.0053763,-0.010264,0.014663,0.0097752,0.039589,0.044477,0.049853,0.079668,0.10459,0.094819,0.094819,0.084555,0.11975,0.059629,0.049853,0.01955,0.024438,-0.00048876,-0.010264,-0.025415,-0.035191,-0.040567,-0.05523,-0.045455,-0.035191,-0.045455,-0.060606,-0.030303,0.029814,0.089932,0.26491,0.38514,0.40469,0.059629,-0.11535,-0.15543,-0.10557,-0.060606,-0.070381,-0.05523,-0.040567,-0.035191,-0.05523,-0.045455,-0.05523,-0.035191,-0.035191,-0.040567,-0.050342,-0.035191,-0.050342,-0.015152,0.0097752,-0.00048876,0.024438,0.044477,0.049853,0.029814,0.049853,0.054741,0.064516,0.029814,0.049853,0.039589,0.044477,0.0097752,0.0097752,-0.015152,0.014663,-0.020528,-0.025415,-0.00048876,-0.015152,0.0097752,-0.020528,0.029814,0.044477,0.049853,0.059629,0.079668,0.054741,0.099707,0.099707,0.034702,0.0097752,0.024438,0.0097752,-0.020528,-0.040567,0.0043988,-0.040567,-0.05523,-0.080645,-0.045455,-0.035191,-0.050342,-0.060606,-0.045455,-0.0053763,0.049853,0.12463,0.3001,0.39492,0.21457,-0.015152,-0.15543,-0.18035,-0.095308,-0.080645,-0.10557,-0.065494,-0.050342,-0.035191,-0.075269,-0.030303,-0.020528,-0.040567,-0.045455,-0.020528,0.0043988,-0.0053763,-0.025415,-0.040567,-0.015152,-0.045455,-0.015152,0.0097752,0.034702,0.01955,0.054741,0.049853,0.044477,0.064516,0.049853,0.014663,0.014663,0.024438,0.044477,0.0043988,-0.0053763,0.014663,0.01955,0.044477,0.059629,0.034702,0.039589,0.0097752,0.044477,0.064516,0.054741,0.10948,0.13978,0.15494,0.069892,0.039589,0.029814,0.0097752,-0.010264,0.039589,0.01955,-0.010264,-0.035191,-0.030303,-0.035191,-0.020528,-0.05523,-0.035191,-0.040567,-0.0053763,0.044477,0.1696,0.32502,0.45992,0.31965,0.10459,-0.085533,-0.14027,-0.09042,-0.05523,-0.080645,-0.045455,-0.020528,-0.05523,-0.060606,-0.065494,-0.035191,-0.020528,-0.010264,-0.065494,-0.050342,-0.035191,-0.030303,-0.025415,0.029814,-0.010264,0.0043988,0.014663,-0.010264,0.024438,0.039589,0.014663,0.029814,0.024438,0.01955,0.034702,0.014663,0.0097752,0.044477,0.059629,0.014663,0.01955,0.0097752,0.014663,0.039589,0.059629,0.039589,0.079668,0.044477,0.07478,0.10459,0.13978,0.079668,0.064516,0.01955,0.014663,0.0043988,-0.010264,0.014663,-0.020528,0.0097752,-0.040567,-0.015152,-0.040567,-0.035191,-0.015152,-0.035191,-0.020528,0.039589,0.14467,0.34506,0.43011,0.25464,0.034702,-0.095308,-0.18035,-0.11046,-0.080645,-0.070381,-0.050342,-0.045455,-0.035191,-0.050342,-0.035191,-0.050342,-0.040567,-0.040567,-0.030303,-0.040567,-0.025415,-0.030303,-0.010264,-0.025415,0.0097752,-0.010264,0.014663,0.029814,0.039589,0.014663,0.039589,0.029814,0.01955,0.039589,0.034702,0.039589,0.039589,0.0043988,0.024438,0.039589,0.014663,0.0097752,0.024438,0.034702,0.0043988,0.024438,0.049853,0.084555,0.07478,0.089932,0.07478,0.079668,0.07478,0.10948,0.059629,0.039589,0.0097752,0.014663,-0.0053763,-0.00048876,-0.020528,-0.035191,-0.065494,-0.050342,-0.045455,-0.05523,-0.040567,-0.045455,-0.030303,0.014663,0.13978,0.30987,0.41984,0.32502,0.094819,-0.11046,-0.18035,-0.12561,-0.075269,-0.085533,-0.05523,-0.080645,-0.070381,-0.080645,-0.060606,-0.05523,-0.060606,-0.075269,-0.070381,-0.05523,-0.030303,-0.025415,-0.035191,-0.010264,-0.025415,-0.010264,0.014663,0.0097752,0.0043988,0.034702,0.014663,0.024438,0.014663,0.024438,0.014663,0.044477,0.054741,-0.0053763,-0.010264,0.024438,0.029814,0.01955,-0.020528,0.024438,0.054741,0.039589,0.059629,0.079668,0.084555,0.07478,0.10948,0.12463,0.094819,0.059629,0.029814,0.0097752,0.0043988,-0.010264,-0.00048876,-0.015152,0.0043988,-0.050342,-0.040567,-0.050342,-0.040567,-0.040567,-0.035191,-0.015152,0.054741,0.15982,0.32502,0.42473,0.22972,0.014663,-0.13539,-0.16031,-0.080645,-0.065494,-0.080645,-0.050342,-0.05523,-0.050342,-0.05523,-0.030303,-0.05523,-0.040567,-0.045455,-0.035191,-0.040567,-0.025415,-0.040567,-0.015152,-0.025415,0.0097752,0.029814,0.024438,0.014663,0.029814,0.039589,0.024438,0.039589,0.029814,0.044477,0.014663,0.029814,-0.00048876,0.024438,0.01955,0.014663,0.014663,0.0097752,-0.00048876,0.024438,0.0097752,0.039589,0.039589,0.07478,0.089932,0.079668,0.10459,0.094819,0.11486,0.059629,0.064516,0.039589,0.0097752,0.0043988,0.014663,-0.035191,-0.030303,-0.060606,-0.045455,-0.050342,-0.035191,-0.060606,-0.035191,-0.020528,0.049853,0.07478,0.25464,0.3651,0.39003,0.069892,-0.11046,-0.19062,-0.13539,-0.085533,-0.070381,-0.05523,-0.040567,-0.030303,-0.05523,-0.065494,-0.070381,-0.025415,-0.040567,-0.025415,-0.050342,-0.035191,-0.05523,-0.0053763,-0.015152,-0.0053763,-0.010264,-0.0053763,0.01955,0.059629,0.064516,0.039589,0.07478,0.034702,0.059629,0.044477,0.034702,0.0097752,0.01955,-0.010264,0.014663,0.014663,-0.00048876,-0.0053763,0.039589,0.029814,0.069892,0.059629,0.064516,0.054741,0.089932,0.084555,0.10459,0.10948,0.084555,0.089932,0.059629,0.069892,0.01955,-0.015152,-0.025415,-0.015152,-0.020528,-0.035191,-0.010264,-0.0053763,-0.070381,-0.030303,-0.015152,0.01955,0.084555,0.26491,0.435,0.50489,0.17498,-0.040567,-0.15054,-0.16569,-0.065494,-0.010264,-0.050342,-0.065494,-0.070381,-0.020528,-0.00048876,-0.060606,-0.045455,-0.030303,-0.015152,-0.020528,0.014663,-0.00048876,-0.025415,-0.045455,-0.00048876,-0.020528,0.014663,0.01955,0.044477,0.01955,0.059629,0.029814,0.034702,0.039589,0.034702,0.044477,0.0097752,0.029814,0.069892,0.079668,0.014663,-0.00048876,0.01955,0.039589,0.044477,0.059629,0.039589,0.10948,0.10459,0.14956,0.12952,0.11486,0.054741,0.049853,0.024438,0.039589,0.024438,0.029814,0.0043988,-0.0053763,-0.025415,-0.015152,-0.045455,-0.030303,-0.015152,-0.035191,-0.025415,0.024438,0.084555,0.24487,0.38514,0.41984,0.18475,-0.020528,-0.14027,-0.16569,-0.085533,-0.080645,-0.045455,-0.050342,-0.050342,-0.045455,-0.040567,-0.05523,-0.015152,-0.035191,-0.025415,-0.050342,-0.065494,-0.020528,-0.010264,-0.0053763,-0.010264,0.0097752,0.024438,0.039589,0.01955,0.054741,0.049853,0.059629,0.054741,0.07478,0.024438,0.039589,0.01955,0.01955,0.0043988,0.014663,-0.00048876,0.014663,0.0043988,0.039589,0.034702,0.024438,0.044477,0.039589,0.064516,0.094819,0.099707,0.069892,0.099707,0.10459,0.079668,0.054741,0.014663,-0.0053763,0.014663,-0.025415,-0.010264,-0.035191,-0.030303,-0.040567,-0.035191,-0.05523,-0.060606,-0.065494,-0.045455,0.0097752,0.064516,0.1999,0.35484,0.3998,0.1696,-0.050342,-0.17058,-0.15054,-0.085533,-0.080645,-0.075269,-0.065494,-0.075269,-0.020528,-0.035191,-0.035191,-0.05523,-0.045455,-0.05523,-0.035191,-0.060606,-0.035191,-0.025415,-0.030303,-0.025415,-0.0053763,-0.010264,0.01955,0.024438,0.0097752,0.049853,0.039589,0.044477,0.029814,0.049853,0.014663,0.034702,0.029814,0.034702,-0.0053763,-0.0053763,-0.010264,0.014663,0.014663,0.044477,0.029814,0.059629,0.059629,0.079668,-0.070381,-0.16569,-0.1305,-0.065494,-0.070381,-0.050342,-0.065494,-0.05523,-0.050342,-0.035191,-0.040567,-0.025415,-0.010264,-0.035191,-0.035191,-0.030303,-0.020528,-0.035191,-0.015152,-0.010264,0.014663,0.01955,0.029814,0.014663,0.044477,0.024438,0.049853,0.039589,0.039589,0.029814,0.034702,0.01955,0.01955,0.0043988,0.01955,0.014663,0.0097752,0.01955,0.029814,0.039589,0.029814,0.044477,0.054741,0.079668,0.084555,0.094819,0.079668,0.12463,0.11486,0.089932,0.059629,0.029814,-0.00048876,0.014663,0.0043988,-0.010264,-0.065494,-0.040567,-0.035191,-0.060606,-0.05523,-0.030303,-0.020528,-0.035191,0.029814,0.099707,0.23998,0.3348,0.34506,-0.0053763,-0.1305,-0.17546,-0.095308,-0.060606,-0.045455,-0.05523,-0.050342,-0.05523,-0.020528,-0.035191,-0.020528,-0.035191,-0.025415,-0.040567,-0.010264,-0.00048876,-0.025415,-0.015152,0.014663,0.034702,0.024438,0.029814,0.054741,0.069892,0.054741,0.064516,0.039589,0.059629,0.044477,0.049853,0.039589,0.054741,0.039589,0.039589,0.01955,0.049853,0.059629,0.01955,0.01955,0.039589,0.049853,0.054741,0.069892,0.084555,0.084555,0.10948,0.11975,0.094819,0.069892,0.049853,0.014663,0.029814,0.034702,-0.010264,-0.020528,-0.040567,-0.010264,-0.040567,-0.05523,-0.060606,-0.045455,-0.050342,-0.030303,0.0097752,0.084555,0.22972,0.39492,0.41007,0.094819,-0.060606,-0.15543,-0.16569,-0.050342,-0.080645,-0.095308,-0.05523,-0.060606,-0.045455,-0.080645,-0.040567,-0.050342,-0.030303,-0.035191,-0.025415,-0.035191,-0.020528,-0.045455,-0.015152,-0.0053763,-0.010264,0.0043988,-0.0053763,0.014663,-0.010264,0.024438,0.054741,0.034702,0.054741,0.039589,0.029814,0.039589,0.024438,0.069892,0.01955,0.024438,-0.0053763,0.034702,0.0097752,0.029814,0.01955,0.07478,0.084555,0.10459,0.12463,0.10948,0.13978,0.12952,0.099707,0.029814,0.039589,0.039589,0.01955,-0.00048876,0.0097752,-0.025415,-0.045455,-0.030303,-0.025415,-0.020528,-0.010264,-0.030303,-0.035191,0.029814,0.079668,0.24487,0.43988,0.47507,0.1999,0.01955,-0.065494,-0.085533,-0.065494,-0.095308,-0.070381,-0.075269,-0.025415,-0.010264,-0.05523,-0.045455,-0.05523,-0.045455,-0.05523,-0.05523,-0.065494,-0.050342,-0.035191,-0.015152,-0.020528,-0.0053763,-0.025415,-0.010264,-0.020528,-0.00048876,0.0043988,0.014663,-0.0053763,-0.015152,0.034702,0.039589,0.01955,0.0043988,0.014663,0.0043988,0.024438,0.014663,0.034702,0.029814,0.064516,0.039589,0.084555,0.099707,0.10948,0.1349,0.14956,0.12952,0.089932,0.054741,0.044477,0.039589,0.059629,0.044477,0.039589,-0.010264,-0.015152,-0.00048876,-0.025415,-0.010264,-0.035191,-0.020528,-0.00048876,0.064516,0.15494,0.34506,0.44477,0.45503,0.094819,-0.075269,-0.15054,-0.065494,-0.050342,-0.05523,-0.065494,-0.050342,-0.05523,-0.030303,-0.035191,-0.040567,-0.05523,-0.030303,-0.025415,-0.050342,-0.035191,-0.015152,0.0043988,-0.020528,-0.00048876,-0.010264,0.049853,0.034702,0.044477,0.014663,0.01955,0.029814,0.049853,0.034702,0.039589,0.014663,0.014663,-0.0053763,-0.015152,0.014663,0.0043988,0.014663,0.0097752,0.014663,0.034702,0.059629,0.07478,0.084555,0.084555,0.084555,0.084555,0.099707,0.07478,0.054741,0.014663,0.0097752,-0.015152,-0.010264,-0.035191,-0.040567,-0.05523,-0.065494,-0.05523,-0.035191,-0.045455,-0.05523,-0.075269,-0.025415,0.039589,0.21457,0.36999,0.41007,0.11975,-0.070381,-0.17058,-0.11535,-0.065494,-0.085533,-0.060606,-0.080645,-0.05523,-0.060606,-0.045455,-0.05523,-0.050342,-0.045455,-0.040567,-0.05523,-0.040567,-0.045455,-0.010264,-0.020528,-0.0053763,0.0043988,-0.020528,0.034702,0.054741,0.059629,0.039589,0.054741,0.049853,0.054741,0.039589,0.049853,0.014663,0.0097752,-0.00048876,0.014663,-0.0053763,-0.00048876,0.0043988,0.024438,0.014663,0.034702,0.054741,0.049853,0.064516,0.059629,0.084555,0.099707,0.10459,0.084555,0.064516,0.039589,0.0097752,-0.0053763,-0.010264,-0.015152,-0.010264,-0.05523,-0.045455,-0.060606,-0.045455,-0.05523,-0.050342,-0.060606,-0.015152,0.014663,0.10948,0.26491,0.37488,0.2346,0.014663,-0.14027,-0.18573,-0.11046,-0.045455,-0.040567,-0.095308,-0.040567,-0.030303,-0.045455,-0.050342,-0.030303,-0.045455,-0.030303,-0.035191,-0.025415,-0.035191,-0.020528,-0.025415,-0.0053763,-0.010264,0.0043988,0.014663,0.034702,0.029814,0.024438,0.039589,0.044477,0.039589,0.039589,0.024438,0.024438,0.034702,0.0043988,-0.025415,-0.05523,-0.015152,-0.010264,0.014663,0.039589,0.059629,0.044477,0.084555,0.084555,0.099707,0.094819,0.12463,0.11486,0.094819,0.054741,0.039589,0.01955,0.014663,0.0043988,-0.00048876,-0.045455,-0.060606,-0.030303,-0.065494,-0.050342,-0.045455,-0.040567,-0.060606,0.0097752,0.064516,0.20968,0.34995,0.41496,0.17986,-0.035191,-0.16569,-0.17058,-0.080645,-0.085533,-0.065494,-0.070381,-0.05523,-0.035191,-0.030303,-0.050342,-0.040567,-0.050342,-0.035191,-0.045455,-0.025415,-0.020528,-0.015152,-0.025415,-0.015152,-0.0053763,0.0097752,0.014663,0.01955,0.034702,0.064516,0.049853,0.059629,0.049853,0.044477,0.029814,0.039589,0.024438,0.034702,0.039589,0.01955,0.029814,0.014663,0.024438,0.014663,0.039589,0.044477,0.069892,0.059629,0.084555,0.084555,0.099707,0.089932,0.094819,0.024438,0.014663,0.0097752,0.0097752,-0.0053763,-0.015152,-0.045455,-0.040567,-0.05523,-0.040567,-0.035191,-0.050342,-0.035191,-0.05523,-0.010264,0.039589,0.19501,0.32502,0.37977,0.094819,-0.09042,-0.1955,-0.15054,-0.095308,-0.050342,-0.065494,-0.05523,-0.060606,-0.05523,-0.05523,-0.045455,-0.040567,-0.030303,-0.050342,-0.035191,-0.035191,-0.040567,-0.020528,-0.025415,0.014663,-0.015152,0.014663,0.029814,0.039589,0.014663,0.044477,0.049853,0.059629,0.054741,0.034702,0.01955,0.029814,-0.00048876,-0.010264,-0.035191,-0.015152,-0.010264,0.014663,-0.00048876,0.014663,0.0043988,0.01955,0.029814,0.059629,0.07478,0.084555,0.10459,0.10948,0.084555,0.034702,0.029814,0.014663,-0.0053763,-0.015152,-0.010264,-0.040567,-0.035191,-0.05523,-0.045455,-0.050342,-0.030303,-0.010264,-0.025415,-0.0053763,0.029814,0.10459,0.28495,0.3348,0.14956,-0.05523,-0.16031,-0.18573,-0.080645,-0.035191,-0.040567,-0.035191,-0.030303,-0.025415,-0.035191,-0.015152,-0.035191,-0.025415,-0.050342,-0.030303,-0.035191,-0.0053763,-0.00048876,0.0097752,0.0097752,0.0043988,-0.0053763,0.014663,0.024438,0.0043988,0.044477,0.064516,0.07478,0.064516,0.084555,0.054741,0.034702,0.01955,0.039589,0.029814,0.039589,0.039589,0.044477,0.049853,0.059629,0.039589,0.084555,0.099707,0.10459,0.069892,0.12463,0.099707,0.084555,0.094819,0.069892,0.054741,0.034702,0.014663,0.0043988,-0.010264,-0.010264,-0.015152,-0.040567,-0.030303,-0.015152,-0.010264,-0.045455,-0.025415,0.029814,0.10459,0.26002,0.38514,0.40469,0.10459,-0.070381,-0.15054,-0.17058,-0.065494,-0.040567,-0.050342,-0.040567,-0.075269,-0.050342,-0.040567,-0.035191,-0.045455,-0.035191,-0.040567,-0.035191,-0.040567,-0.020528,-0.040567,-0.010264,-0.0053763,0.0097752,0.0043988,0.034702,0.039589,0.034702,0.039589,0.054741,0.044477,0.054741,0.024438,0.01955,0.039589,0.01955,0.034702,0.039589,0.044477,0.014663,0.01955,0.014663,0.049853,0.044477,0.084555,0.084555,0.10948,0.084555,0.10948,0.11975,0.084555,0.044477,0.034702,0.044477,0.024438,0.0043988,0.0097752,-0.025415,-0.030303,-0.035191,-0.045455,-0.035191,-0.045455,-0.050342,-0.025415,0.034702,0.079668,0.20968,0.32502,0.37488,0.13978,-0.045455,-0.16031,-0.17546,-0.075269,-0.05523,-0.070381,-0.05523,-0.05523,-0.060606,-0.050342,-0.05523,-0.040567,-0.035191,-0.050342,-0.040567,-0.030303,-0.035191,-0.020528,-0.030303,-0.00048876,-0.010264,0.01955,0.014663,0.029814,0.024438,0.039589,0.029814,0.039589,0.029814,0.039589,0.034702,0.039589,0.0097752,0.014663,0.0043988,-0.0053763,0.0097752,0.01955,0.0043988,0.034702,0.039589,0.024438,0.064516,0.084555,0.094819,0.089932,0.11486,0.084555,0.064516,0.034702,0.039589,-0.0053763,-0.010264,-0.010264,-0.0053763,-0.040567,-0.035191,-0.05523,-0.05523,-0.05523,-0.045455,-0.05523,-0.025415,0.034702,0.12952,0.28006,0.36999,0.19501,-0.035191,-0.14027,-0.17546,-0.075269,-0.060606,-0.05523,-0.050342,-0.040567,-0.045455,-0.025415,-0.045455,-0.035191,-0.030303,-0.020528,-0.015152,-0.035191,-0.025415,-0.010264,-0.015152,-0.00048876,0.014663,0.029814,0.044477,0.039589,0.044477,0.024438,0.059629,0.039589,0.054741,0.039589,0.049853,0.01955,0.024438,0.0097752,0.024438,0.0097752,0.01955,0.014663,0.01955,-0.0053763,0.01955,0.029814,0.064516,0.07478,0.10459,0.094819,0.089932,0.10948,0.10459,0.084555,0.034702,0.014663,0.0097752,0.014663,-0.0053763,-0.015152,-0.030303,-0.020528,-0.040567,-0.025415,-0.035191,-0.025415,-0.05523,-0.015152,0.01955,0.069892,0.1999,0.35484,0.39492,0.099707,-0.12023,-0.18035,-0.12023,-0.085533,-0.070381,-0.040567,-0.050342,-0.035191,-0.015152,-0.045455,-0.035191,-0.025415,-0.010264,-0.025415,-0.010264,-0.035191,-0.030303,-0.015152,-0.00048876,-0.010264,0.0097752,0.014663,0.044477,0.034702,0.059629,0.064516,0.054741,0.039589,0.034702,0.059629,0.034702,0.039589,0.0043988,0.0097752,0.0043988,0.034702,0.024438,0.044477,0.034702,0.039589,0.049853,0.059629,0.064516,0.094819,0.07478,0.10459,0.12463,0.12952,0.089932,0.059629,0.034702,0.01955,0.0043988,0.024438,-0.00048876,-0.030303,-0.025415,-0.045455,-0.050342,-0.05523,-0.030303,-0.035191,-0.030303,-0.050342,0.049853,0.12463,0.28006,0.38514,0.24976,0.054741,-0.045455,-0.1305,-0.075269,-0.05523,-0.040567,-0.035191,-0.05523,-0.065494,-0.045455,-0.060606,-0.050342,-0.025415,-0.035191,-0.040567,-0.050342,-0.025415,-0.040567,-0.020528,-0.050342,-0.010264,-0.020528,0.0097752,0.014663,0.0043988,0.0097752,0.014663,0.0097752,0.024438,0.014663,0.039589,0.01955,0.014663,-0.00048876,0.014663,0.01955,0.029814,0.034702,0.0043988,0.039589,0.039589,0.049853,0.044477,0.084555,0.069892,0.089932,0.089932,0.10948,0.094819,0.084555,0.01955,0.0043988,0.0097752,-0.00048876,-0.010264,-0.0053763,-0.020528,-0.015152,-0.040567,-0.045455,-0.050342,-0.030303,-0.025415,-0.050342,0.044477,0.094819,0.2346,0.32502,0.36999,0.094819,-0.085533,-0.17058,-0.11535,-0.060606,-0.030303,-0.060606,-0.045455,-0.05523,-0.035191,-0.035191,-0.015152,-0.010264,-0.025415,-0.060606,-0.045455,-0.030303,-0.035191,-0.015152,-0.035191,-0.00048876,0.024438,0.039589,0.034702,0.054741,0.079668,0.054741,0.014663,0.069892,0.059629,0.01955,-0.00048876,0.014663,-0.010264,-0.0053763,-0.0053763,0.024438,0.014663,0.039589,0.024438,0.01955,0.044477,0.034702,0.054741,0.044477,0.084555,0.069892,0.059629,0.099707,0.10948,0.059629,0.049853,0.014663,0.01955,0.034702,0.059629,0.0097752,-0.030303,-0.025415,-0.050342,-0.030303,-0.035191,-0.0053763,-0.015152,0.014663,-0.010264,0.039589,0.13978,0.32502,0.41007,0.27468,0.064516,-0.10557,-0.1955,-0.095308,-0.060606,-0.010264,-0.045455,-0.045455,-0.05523,0.0097752,-0.0053763,-0.020528,-0.035191,-0.015152,-0.0053763,-0.015152,-0.010264,-0.020528,0.0043988,0.0043988,-0.015152,0.0097752,0.039589,0.039589,0.049853,0.044477,0.059629,0.039589,0.054741,0.039589,0.054741,0.044477,0.069892,0.039589,0.049853,0.039589,0.054741,0.044477,0.059629,0.064516,0.049853,0.064516,0.094819,0.10459,0.10948,0.10459,0.12463,0.12952,0.10948,0.094819,0.039589,0.044477,0.01955,0.024438,0.014663,0.0097752,-0.015152,-0.010264,-0.015152,-0.015152,-0.040567,-0.0053763,-0.025415,0.014663,0.07478,0.19501,0.35973,0.45992,0.24976,0.029814,-0.13539,-0.16569,-0.09042,-0.070381,-0.05523,-0.060606,-0.045455,-0.05523,-0.045455,-0.050342,-0.035191,-0.060606,-0.035191,-0.035191,-0.045455,-0.050342,-0.035191,-0.030303,-0.010264,-0.015152,0.0097752,-0.00048876,0.029814,0.024438,0.044477,0.059629,0.039589,0.034702,0.024438,0.029814,0.01955,0.024438,0.0097752,0.014663,0.0097752,0.024438,0.014663,0.039589,0.039589,0.054741,0.034702,0.069892,0.064516,0.094819,0.10948,0.094819,0.099707,0.11975,0.10948,0.089932,0.049853,0.029814,0.034702,-0.0053763,0.014663,-0.0053763,0.0097752,-0.045455,-0.035191,-0.045455,-0.030303,-0.05523,-0.050342,-0.030303,0.039589,0.084555,0.25464,0.37977,0.44477,0.13978,-0.045455,-0.18573,-0.11535,-0.080645,-0.065494,-0.060606,-0.060606,-0.065494,-0.05523,-0.060606,-0.040567,-0.025415,-0.050342,-0.035191,-0.035191,-0.020528,-0.025415,-0.00048876,-0.020528,-0.0053763,0.0043988,0.034702,0.039589,0.014663,0.0097752,0.044477,0.049853,0.034702,0.039589,0.054741,0.029814,0.034702,0.01955,0.01955,0.024438,-0.00048876,0.014663,-0.0053763,0.01955,0.0043988,0.024438,0.034702,0.054741,0.049853,0.089932,0.084555,0.10459,0.10948,0.11486,0.069892,0.034702,0.0097752,0.014663,-0.015152,-0.025415,-0.015152,-0.040567,-0.035191,-0.05523,-0.030303,-0.035191,-0.050342,-0.040567,-0.035191,-0.00048876,0.07478,0.2346,0.37977,0.41496,0.12463,-0.070381,-0.17546,-0.1305,-0.080645,-0.075269,-0.065494,-0.075269,-0.080645,-0.05523,-0.050342,-0.065494,-0.040567,-0.035191,-0.045455,-0.05523,-0.030303,-0.0053763,-0.015152,-0.010264,-0.035191,-0.00048876,-0.010264,0.024438,0.014663,0.049853,0.039589,0.059629,0.049853,0.059629,0.039589,0.034702,0.014663,0.0097752,0.029814,0.014663,0.0097752,0.029814,0.039589,0.024438,0.0043988,0.014663,0.029814,0.039589,0.049853,0.064516,0.089932,0.084555,0.10948,0.10459,0.11486,0.059629,0.039589,0.029814,0.039589,-0.025415,-0.0053763,-0.020528,-0.030303,-0.050342,-0.035191,-0.050342,-0.060606,-0.050342,-0.040567,-0.015152,0.024438,0.064516,0.21994,0.34995,0.37488,0.064516,-0.13539,-0.19062,-0.14027,-0.085533,-0.065494,-0.05523,-0.065494,-0.05523,-0.05523,-0.05523,-0.075269,-0.085533,-0.1002,-0.080645,-0.05523,-0.035191,-0.065494,-0.080645,-0.050342,-0.015152,0.014663,-0.010264,-0.0053763,-0.010264,0.024438,0.034702,0.049853,0.01955,0.029814,0.01955,0.034702,-0.015152,0.0097752,0.024438,0.0043988,-0.010264,-0.020528,0.0043988,-0.00048876,0.014663,0.0043988,0.0097752,-0.025415,0.014663,0.059629,0.084555,0.054741,0.07478,0.059629,0.069892,0.059629,0.024438,-0.035191,0.0043988,-0.010264,-0.00048876,-0.010264,0.0097752,-0.015152,-0.010264,-0.020528,-0.015152,-0.035191,-0.015152,-0.010264,0.039589,0.10459,0.26002,0.3998,0.435,0.19501,-0.0053763,-0.11535,-0.15543,-0.040567,-0.05523,-0.040567,-0.060606,-0.035191,-0.030303,0.0043988,-0.010264,-0.0053763,-0.010264,0.0043988,-0.010264,-0.00048876,-0.0053763,0.0097752,-0.0053763,-0.010264,0.014663,0.0097752,0.049853,0.049853,0.059629,0.039589,0.059629,0.064516,0.07478,0.034702,0.039589,0.034702,0.039589,-0.00048876,0.024438,0.034702,0.024438,0.01955,0.039589,0.024438,0.059629,0.064516,0.089932,0.07478,0.079668,0.10459,0.10459,0.07478,0.059629,0.029814,-0.010264,-0.0053763,-0.020528,-0.010264,-0.05523,-0.035191,-0.070381,-0.05523,-0.070381,-0.05523,-0.09042,-0.065494,-0.040567,0.01955,0.12952,0.28983,0.38514,0.18964,-0.05523,-0.17546,-0.19062,-0.11046,-0.1002,-0.10557,-0.075269,-0.095308,-0.080645,-0.09042,-0.05523,-0.050342,-0.050342,-0.050342,-0.05523,-0.065494,-0.010264,-0.020528,-0.025415,-0.025415,-0.00048876,-0.00048876,0.024438,0.01955,0.034702,0.01955,0.034702,0.039589,0.029814,0.034702,-0.00048876,0.014663,0.0097752,0.049853,0.014663,0.0097752,-0.020528,-0.0053763,0.014663,0.039589,0.029814,0.039589,0.034702,0.039589,0.044477,0.084555,0.094819,0.099707,0.07478,0.10948,0.11975,0.094819,0.039589,0.014663,0.01955,-0.010264,-0.0053763,-0.020528,-0.010264,-0.030303,-0.025415,-0.040567,-0.030303,-0.040567,-0.035191,-0.040567,0.029814,0.069892,0.20479,0.30987,0.35973,0.069892,-0.11046,-0.21554,-0.16031,-0.075269,-0.050342,-0.045455,-0.05523,-0.065494,-0.030303,-0.015152,-0.030303,-0.010264,-0.040567,-0.035191,-0.030303,-0.015152,-0.030303,-0.010264,-0.015152,0.0043988,-0.0053763,0.014663,0.034702,0.044477,0.034702,0.039589,0.049853,0.059629,0.039589,0.049853,0.044477,0.039589,0.014663,0.0043988,-0.015152,0.01955,0.039589,0.01955,0.034702,0.014663,0.034702,0.024438,0.049853,0.084555,0.094819,0.084555,0.10459,0.10948,0.079668,0.034702,0.01955,0.014663,0.014663,0.014663,-0.0053763,-0.045455,-0.025415,-0.050342,-0.070381,-0.060606,-0.040567,-0.035191,-0.050342,-0.0053763,0.049853,0.14956,0.26979,0.32991,0.11975,-0.070381,-0.18035,-0.1955,-0.095308,-0.035191,-0.065494,-0.045455,-0.035191,-0.050342,-0.045455,-0.035191,-0.030303,-0.035191,-0.025415,-0.010264,-0.020528,-0.010264,-0.030303,-0.010264,0.0043988,-0.00048876,0.024438,0.014663,0.039589,0.034702,0.059629,0.049853,0.069892,0.049853,0.059629,0.044477,0.039589,0.014663,0.01955,-0.00048876,0.014663,0.0043988,0.024438,0.014663,0.029814,0.01955,0.039589,0.049853,0.084555,0.10948,0.10459,0.099707,0.084555,0.12463,0.10459,0.079668,0.034702,0.039589,0.029814,0.01955,-0.0053763,-0.015152,-0.040567,-0.00048876,0.014663,-0.030303,-0.050342,-0.035191,-0.060606,-0.065494,0.01955,0.094819,0.24976,0.34995,0.35484,0.024438,-0.12561,-0.20039,-0.1002,-0.035191,-0.020528,-0.070381,-0.05523,-0.080645,-0.045455,-0.035191,-0.05523,-0.050342,-0.070381,-0.040567,-0.0053763,-0.045455,-0.0053763,0.0097752,-0.010264,0.01955,0.039589,0.054741,0.034702,0.054741,0.014663,0.039589,0.034702,0.059629,0.039589,0.049853,0.054741,0.029814,0.014663,0.054741,0.069892,0.044477,-0.020528,0.01955,0.044477,0.07478,0.029814,0.049853,0.064516,0.079668,0.084555,0.059629,0.10459,0.11975,0.10459,0.084555,0.059629,0.044477,0.049853,0.034702,0.039589,-0.0053763,-0.030303,-0.040567,-0.015152,-0.030303,-0.010264,-0.040567,-0.015152,0.0043988,0.07478,0.12952,0.28983,0.435,0.34995,0.15982,0.024438,-0.060606,-0.085533,-0.080645,-0.080645,-0.070381,-0.080645,-0.060606,-0.050342,-0.020528,-0.035191,-0.040567,-0.060606,-0.05523,-0.070381,-0.05523,-0.040567,-0.020528,-0.030303,-0.030303,-0.025415,-0.00048876,0.014663,-0.015152,-0.010264,-0.015152,0.029814,0.039589,0.0097752,-0.020528,-0.0053763,0.024438,0.049853,0.044477,0.014663,-0.010264,0.0043988,0.0043988,0.059629,0.07478,0.079668,0.034702,0.069892,0.079668,0.094819,0.10948,0.11486,0.079668,0.049853,0.039589,0.024438,0.029814,0.0043988,0.0097752,-0.010264,0.014663,-0.040567,-0.035191,-0.05523,-0.045455,-0.050342,-0.020528,0.014663,0.07478,0.26979,0.39003,0.41007,0.11975,-0.075269,-0.16569,-0.14027,-0.080645,-0.085533,-0.050342,-0.045455,-0.070381,-0.065494,-0.070381,-0.045455,-0.035191,-0.045455,-0.060606,-0.025415,-0.035191,-0.020528,-0.035191,0.0043988,-0.030303,-0.0053763,0.0097752,0.039589,0.014663,0.01955,0.029814,0.049853,0.069892,0.059629,0.034702,0.024438,0.039589,0.01955,0.049853,0.024438,0.039589,0.01955,0.059629,0.014663,0.034702,0.029814,0.064516,0.079668,0.084555,0.079668,0.094819,0.079668,0.099707,0.12463,0.11975,0.099707,0.07478,0.039589,0.024438,0.044477,0.014663,-0.00048876,-0.010264,-0.020528,-0.035191,-0.035191,-0.040567,-0.040567,-0.050342,-0.00048876,0.059629,0.18964,0.35484,0.45992,0.25464,0.029814,-0.12023,-0.15543,-0.065494,-0.060606,-0.05523,-0.050342,-0.080645,-0.040567,-0.035191,-0.050342,-0.035191,-0.050342,-0.040567,-0.05523,-0.020528,-0.035191,-0.010264,-0.020528,-0.025415,-0.015152,0.014663,0.014663,0.039589,0.044477,0.054741,0.01955,0.039589,0.029814,0.039589,0.0097752,0.01955,0.0097752,-0.00048876,0.014663,-0.010264,-0.025415,-0.00048876,0.039589,0.024438,0.039589,0.064516,0.094819,0.089932,0.10459,0.1349,0.14956,0.07478,0.084555,0.014663,0.024438,-0.010264,0.0097752,0.014663,-0.015152,-0.035191,-0.040567,-0.035191,-0.030303,-0.05523,-0.05523,-0.05523,0.0043988,0.07478,0.21457,0.37488,0.43011,0.16471,-0.040567,-0.15054,-0.15543,-0.075269,-0.080645,-0.05523,-0.060606,-0.05523,-0.060606,-0.035191,-0.05523,-0.05523,-0.050342,-0.035191,-0.030303,-0.040567,-0.045455,-0.015152,-0.010264,0.0043988,0.014663,-0.00048876,0.01955,0.029814,0.039589,0.014663,0.039589,0.0097752,0.029814,0.014663,0.034702,0.014663,0.014663,0.0097752,0.01955,-0.0053763,-0.0053763,-0.00048876,0.014663,0.0043988,0.01955,0.024438,0.039589,0.049853,0.07478,0.039589,0.029814,0.079668,0.07478,0.094819,0.064516,0.039589,-0.00048876,-0.010264,-0.020528,-0.010264,-0.040567,-0.050342,-0.05523,-0.070381,-0.080645,-0.050342,-0.05523,-0.035191,-0.025415,0.0097752,0.064516,0.24487,0.37488,0.28006,-0.00048876,-0.13539,-0.17058,-0.10557,-0.080645,-0.085533,-0.05523,-0.045455,-0.035191,-0.05523,-0.060606,-0.075269,-0.040567,-0.020528,-0.010264,-0.035191,-0.025415,-0.010264,-0.0053763,-0.035191,0.0097752,0.014663,0.029814,0.01955,0.029814,0.039589,0.054741,0.059629,0.059629,0.054741,0.039589,0.024438,0.014663,0.034702,0.029814,0.01955,-0.0053763,-0.00048876,-0.010264,0.01955,0.014663,0.039589,0.049853,0.044477,0.079668,0.089932,0.084555,0.11486,0.11486,0.10459,0.054741,0.034702,0.0097752,-0.0053763,0.0043988,-0.010264,-0.0053763,-0.050342,-0.035191,-0.050342,-0.040567,-0.050342,-0.010264,-0.035191,0.0097752,0.029814,0.11486,0.26002,0.3651,0.16471,-0.0053763,-0.14027,-0.18035,-0.11535,-0.050342,-0.040567,-0.040567,-0.045455,-0.030303,-0.020528,-0.035191,-0.030303,-0.045455,-0.025415,-0.015152,-0.0053763,-0.010264,0.014663,0.014663,0.029814,0.0097752,0.029814,0.034702,0.049853,0.044477,0.059629,0.064516,0.064516,0.044477,0.064516,0.069892,0.054741,0.044477,0.039589,0.01955,-0.00048876,0.01955,0.01955,0.029814,0.014663,0.044477,0.049853,0.039589,0.064516,0.089932,0.079668,0.11975,0.12952,0.11975,0.079668,0.044477,0.01955,0.029814,0.014663,0.014663,-0.015152,-0.030303,-0.045455,-0.020528,-0.040567,-0.05523,-0.060606,-0.030303,-0.00048876,-0.010264,0.039589,0.12463,0.28495,0.33969,0.17498,-0.065494,-0.16031,-0.18573,-0.085533,-0.050342,-0.040567,-0.065494,-0.030303,-0.015152,-0.035191,-0.015152,-0.030303,-0.025415,-0.050342,-0.015152,-0.00048876,0.014663,-0.015152,0.0097752,0.014663,0.024438,0.0097752,0.039589,0.064516,0.07478,0.034702,0.059629,0.039589,0.069892,0.044477,0.049853,0.034702,0.044477,0.01955,0.014663,0.034702,0.01955,0.039589,0.044477,0.01955,0.0097752,0.034702,0.024438,0.069892,0.089932,0.10459,0.094819,0.11486,0.089932,0.079668,0.044477,0.034702,0.014663,0.029814,-0.00048876,-0.010264,-0.035191,-0.020528,-0.040567,-0.050342,-0.060606,-0.030303,-0.015152,-0.035191,0.01955,0.054741,0.17498,0.3001,0.39003,0.1696,-0.00048876,-0.080645,-0.095308,-0.075269,-0.05523,-0.070381,-0.050342,-0.060606,-0.030303,-0.035191,-0.030303,-0.025415,-0.020528,-0.040567,-0.045455,-0.025415,-0.015152,-0.010264,-0.015152,-0.0053763,-0.010264,0.0043988,-0.00048876,0.01955,0.024438,0.039589,0.024438,0.039589,0.039589,0.029814,-0.00048876,0.014663,0.0043988,0.01955,0.014663,0.029814,0.0043988,0.01955,0.029814,0.039589,0.034702,0.054741,0.069892,0.089932,0.079668,0.069892,0.11486,0.10459,0.11975,0.069892,0.084555,0.024438,0.034702,0.0043988,0.01955,-0.0053763,-0.025415,-0.045455,-0.035191,-0.035191,-0.030303,-0.05523,-0.035191,-0.020528,0.034702,0.084555,0.24487,0.39003,0.40469,0.1349,-0.015152,-0.11046,-0.12023,-0.070381,-0.075269,-0.05523,-0.050342,-0.030303,-0.065494,-0.040567,-0.035191,-0.030303,-0.045455,-0.050342,-0.060606,-0.010264,-0.025415,-0.035191,-0.030303,-0.035191,-0.040567,-0.020528,-0.010264,0.024438,0.029814,0.014663,0.039589,0.039589,0.0043988,-0.00048876,0.024438,0.014663,0.029814,0.034702,0.039589,0.014663,0.039589,0.034702,0.044477,0.014663,0.034702,0.054741,0.10459,0.11486,0.084555,0.054741,0.084555,0.094819,0.07478,0.044477,0.039589,0.044477,0.039589,0.054741,0.024438,-0.020528,-0.050342,-0.040567,-0.070381,-0.085533,-0.075269,-0.050342,-0.060606,0.0097752,0.059629,0.15494,0.31476,0.43988,0.23998,0.059629,-0.065494,-0.13539,-0.12561,-0.095308,-0.065494,-0.060606,-0.045455,-0.050342,-0.040567,-0.050342,-0.010264,-0.035191,-0.020528,-0.045455,-0.00048876,0.0043988,-0.010264,-0.030303,0.0043988,0.014663,0.024438,-0.0053763,0.014663,0.044477,0.049853,0.059629,0.01955,0.044477,0.054741,0.044477,0.07478,0.094819,0.079668,0.089932,0.054741,0.084555,0.039589,0.07478,0.069892,0.084555,0.039589,0.054741,0.11975,0.12952,0.084555,0.15494,0.14956,0.15494,0.099707,0.079668,0.054741,0.029814,0.034702,0.044477,0.0043988,-0.050342,-0.010264,-0.020528,-0.040567,-0.05523,-0.040567,-0.045455,-0.00048876,0.029814,0.094819,0.28006,0.41496,0.435,0.12952,-0.095308,-0.15543,-0.11535,-0.040567,-0.035191,-0.05523,-0.050342,-0.025415,-0.05523,-0.065494,-0.035191,-0.040567,-0.010264,-0.020528,-0.035191,-0.015152,-0.00048876,-0.010264,0.0097752,-0.020528,0.01955,0.044477,0.069892,0.049853,0.059629,0.059629,0.064516,0.024438,0.059629,0.064516,0.034702,0.039589,0.014663,0.0043988,0.014663,-0.010264,-0.00048876,0.014663,-0.010264,0.054741,0.01955,0.049853,0.099707,0.11486,0.059629,0.10948,0.11975,0.13978,0.064516,0.054741,0.014663,-0.00048876,0.0097752,-0.00048876,0.0043988,-0.020528,-0.050342,-0.060606,-0.025415,-0.060606,-0.035191,-0.015152,0.0043988,0.029814,0.044477,0.22483,0.33969,0.36999,0.069892,-0.12561,-0.1955,-0.10557,-0.05523,-0.060606,-0.040567,-0.09042,-0.050342,-0.035191,-0.025415,-0.040567,-0.050342,-0.060606,-0.025415,-0.010264,-0.00048876,0.0043988,0.014663,0.024438,0.0043988,0.014663,0.034702,0.049853,0.044477,0.089932,0.049853,0.024438,0.044477,0.054741,0.014663,0.029814,0.0043988,0.029814,0.039589,0.01955,-0.0053763,0.024438,0.0097752,0.01955,0.014663,0.039589,0.044477,0.0043988,0.044477,0.01955,0.07478,0.054741,0.084555,0.11486,0.12952,0.069892,0.054741,0.014663,-0.0053763,-0.015152,0.0043988,-0.015152,-0.025415,-0.050342,-0.035191,-0.035191,-0.035191,-0.030303,-0.035191,-0.020528,0.024438,0.084555,0.24976,0.30987,0.32991,-0.020528,-0.17546,-0.21065,-0.095308,-0.050342,-0.075269,-0.070381,-0.080645,-0.05523,-0.035191,-0.045455,-0.060606,-0.030303,-0.025415,-0.00048876,-0.060606,-0.030303,-0.010264,-0.015152,-0.00048876,-0.020528,-0.015152,0.0097752,0.029814,0.014663,0.024438,0.014663,0.024438,0.049853,0.064516,0.024438,0.01955,-0.00048876,0.014663,-0.030303,-0.010264,-0.045455,-0.015152,-0.030303,0.01955,0.0043988,-0.00048876,0.01955,0.039589,0.029814,0.044477,0.07478,0.07478,0.07478,0.084555,0.10459,0.069892,0.029814,0.0043988,0.0097752,-0.020528,-0.015152,-0.035191,-0.025415,-0.035191,-0.035191,-0.065494,-0.080645,-0.070381,-0.050342,-0.065494,-0.020528,0.049853,0.14956,0.28495,0.35973,0.15494,-0.040567,-0.17058,-0.20528,-0.11535,-0.05523,-0.020528,-0.040567,-0.025415,-0.050342,-0.060606,-0.065494,-0.050342,-0.040567,-0.025415,-0.045455,-0.010264,-0.015152,0.0043988,-0.020528,-0.0053763,0.0043988,-0.050342,-0.0053763,0.079668,0.059629,0.044477,0.029814,0.039589,0.01955,0.039589,0.044477,0.034702,0.059629,0.044477,0.029814,0.07478,0.079668,0.014663,0.024438,-0.010264,0.0097752,0.044477,0.069892,0.079668,0.069892,0.07478,0.059629,0.10948,0.15494,0.094819,0.059629,0.039589,0.049853,0.024438,0.01955,0.039589,-0.00048876,-0.020528,-0.045455,-0.035191,-0.065494,-0.035191,-0.045455,-0.030303,-0.040567,0.049853,0.12952,0.32502,0.43988,0.3001,0.044477,-0.11046,-0.18573,-0.11046,-0.065494,-0.05523,-0.080645,-0.050342,-0.030303,-0.045455,-0.035191,-0.025415,-0.010264,-0.040567,-0.025415,-0.035191,-0.030303,-0.05523,-0.025415,-0.030303,0.0097752,-0.010264,0.024438,0.014663,0.01955,0.0043988,0.039589,0.024438,0.034702,-0.010264,0.01955,0.034702,0.039589,0.01955,0.0097752,0.029814,0.024438,0.054741,0.014663,0.044477,0.0043988,0.01955,0.014663,0.059629,0.044477,0.064516,0.079668,0.099707,0.079668,0.064516,0.034702,0.044477,0.014663,0.0097752,-0.040567,-0.010264,-0.00048876,-0.035191,-0.05523,-0.050342,-0.040567,-0.050342,-0.035191,-0.040567,0.01955,0.054741,0.18964,0.3001,0.37977,0.1349,-0.00048876,-0.1002,-0.11046,-0.080645,-0.070381,-0.080645,-0.060606,-0.050342,-0.05523,-0.050342,-0.035191,-0.045455,-0.045455,-0.040567,-0.035191,-0.025415,-0.035191,-0.015152,-0.025415,-0.030303,-0.0053763,0.014663,-0.0053763,0.024438,0.014663,0.014663,0.014663,0.029814,0.014663,0.034702,-0.00048876,0.029814,0.014663,0.024438,0.029814,0.014663,-0.00048876,-0.010264,0.014663,0.034702,0.01955,0.029814,0.039589,0.034702,0.07478,0.079668,0.089932,0.084555,0.10948,0.089932,0.094819,0.029814,0.0097752,0.0043988,0.029814,-0.010264,-0.015152,-0.05523,-0.05523,-0.05523,-0.045455,-0.05523,-0.035191,-0.050342,-0.025415,0.034702,0.099707,0.25464,0.34995,0.35973,0.0043988,-0.13539,-0.20039,-0.11046,-0.065494,-0.075269,-0.080645,-0.035191,-0.040567,-0.035191,-0.045455,-0.030303,-0.035191,-0.020528,-0.030303,-0.015152,-0.010264,-0.015152,-0.010264,0.014663,0.024438,0.014663,0.039589,0.034702,0.049853,0.054741,0.059629,0.039589,0.044477,0.039589,0.044477,0.024438,0.034702,0.014663,0.024438,0.0043988,0.014663,0.024438,0.014663,-0.0053763,0.014663,0.034702,0.039589,0.054741,0.069892,0.084555,0.089932,0.099707,0.10948,0.11486,0.054741,0.044477,0.0097752,0.014663,-0.0053763,0.0097752,-0.040567,-0.030303,-0.050342,-0.035191,-0.05523,-0.045455,-0.060606,-0.040567,-0.020528,0.039589,0.069892,0.24487,0.34506,0.24487,-0.020528,-0.15543,-0.18035,-0.11046,-0.05523,-0.060606,-0.050342,-0.060606,-0.035191,-0.05523,-0.035191,-0.030303,-0.015152,-0.025415,-0.0053763,-0.020528,-0.010264,-0.00048876,0.014663,-0.0053763,0.01955,0.029814,0.024438,0.049853,0.044477,0.059629,0.034702,0.054741,0.044477,0.049853,0.039589,0.029814,0.0097752,0.034702,0.0097752,0.014663,0.0097752,0.014663,-0.00048876,0.024438,0.029814,0.01955,0.034702,0.039589,0.044477,0.079668,0.069892,0.099707,0.11975,0.12952,0.069892,0.039589,0.024438,0.01955,0.034702,-0.0053763,-0.015152,-0.040567,-0.030303,-0.035191,-0.040567,-0.075269,-0.025415,-0.045455,-0.05523,-0.0053763,0.059629,0.17986,0.34995,0.39492,0.13978,-0.065494,-0.17058,-0.19062,-0.075269,-0.045455,-0.05523,-0.035191,-0.05523,-0.035191,-0.05523,-0.025415,-0.030303,-0.010264,-0.025415,-0.030303,-0.040567,-0.0053763,-0.00048876,0.0097752,-0.0053763,0.014663,0.01955,0.034702,0.029814,0.054741,0.059629,0.069892,0.059629,0.044477,0.049853,0.039589,0.049853,0.014663,0.029814,0.01955,0.0043988,-0.0053763,0.039589,0.029814,0.049853,0.034702,0.059629,0.054741,0.079668,0.084555,0.064516,0.089932,0.12952,0.10948,0.079668,0.039589,0.034702,0.0097752,0.0043988,0.039589,-0.020528,-0.040567,-0.025415,-0.010264,-0.05523,-0.05523,-0.045455,-0.010264,-0.010264,0.034702,0.07478,0.24487,0.3651,0.41007,0.15494,0.01955,-0.11046,-0.11535,-0.05523,-0.050342,-0.065494,-0.05523,-0.045455,-0.035191,-0.05523,-0.060606,-0.035191,-0.050342,-0.020528,-0.035191,-0.015152,-0.030303,0.064516,0.079668,0.099707,0.079668,0.11975,0.12463,0.10459,0.064516,0.039589,0.034702,0.039589,0.0097752,0.014663,-0.020528,-0.015152,-0.035191,-0.035191,-0.065494,-0.035191,-0.030303,-0.045455,-0.025415,0.039589,0.10948,0.26979,0.37977,0.38514,0.049853,-0.1305,-0.1955,-0.13539,-0.060606,-0.05523,-0.035191,-0.040567,-0.035191,-0.050342,-0.035191,-0.025415,-0.040567,-0.035191,-0.015152,-0.025415,-0.010264,-0.015152,-0.0053763,0.0097752,-0.0053763,0.014663,0.01955,0.039589,0.044477,0.059629,0.039589,0.044477,0.039589,0.039589,0.039589,0.039589,0.014663,0.029814,0.014663,0.024438,0.014663,0.0097752,0.0097752,0.024438,0.014663,0.034702,0.039589,0.029814,0.059629,0.079668,0.089932,0.079668,0.11486,0.094819,0.07478,0.014663,0.014663,0.0097752,0.01955,0.0043988,0.014663,-0.015152,-0.030303,-0.050342,-0.035191,-0.040567,-0.045455,-0.040567,-0.045455,0.014663,0.07478,0.21457,0.34506,0.37977,0.054741,-0.1305,-0.18573,-0.1305,-0.060606,-0.045455,-0.05523,-0.040567,-0.05523,-0.035191,-0.050342,-0.025415,-0.035191,-0.010264,-0.020528,-0.025415,-0.010264,0.0043988,-0.020528,0.0097752,0.014663,0.034702,0.044477,0.039589,0.049853,0.044477,0.069892,0.044477,0.054741,0.044477,0.059629,0.029814,0.01955,0.014663,0.01955,0.0097752,0.029814,0.014663,0.034702,0.01955,0.039589,0.01955,0.049853,0.034702,0.07478,0.094819,0.089932,0.084555,0.11486,0.12952,0.089932,0.059629,0.029814,0.01955,-0.010264,-0.00048876,0.0097752,-0.015152,-0.040567,-0.035191,-0.05523,-0.045455,-0.040567,-0.050342,-0.040567,0.01955,0.054741,0.17498,0.28983,0.34995,0.10459,-0.085533,-0.18573,-0.1955,-0.075269,-0.05523,-0.050342,-0.075269,-0.030303,-0.025415,-0.010264,-0.025415,-0.010264,-0.010264,-0.0053763,-0.020528,-0.010264,-0.010264,0.0043988,0.0097752,0.034702,0.01955,0.039589,0.044477,0.059629,0.044477,0.059629,0.049853,0.039589,0.059629,0.039589,0.044477,0.034702,0.039589,0.014663,0.044477,0.014663,0.01955,0.0043988,0.029814,0.01955,0.039589,0.01955,0.044477,0.059629,0.10459,0.10948,0.084555,0.089932,0.12952,0.1349,0.094819,0.049853,0.034702,0.039589,0.0043988,0.014663,-0.025415,-0.010264,-0.035191,-0.030303,-0.035191,-0.015152,-0.035191,-0.030303,-0.040567,0.0097752,0.059629,0.19501,0.28983,0.3348,0.094819,-0.075269,-0.18573,-0.13539,-0.05523,-0.040567,-0.05523,-0.040567,-0.030303,-0.035191,-0.040567,-0.050342,-0.0053763,-0.010264,-0.020528,-0.030303,-0.010264,-0.025415,-0.00048876,-0.00048876,0.024438,0.014663,0.049853,0.039589,0.054741,0.044477,0.069892,0.079668,0.059629,0.044477,0.049853,0.034702,0.039589,0.029814,0.039589,0.01955,-0.00048876,0.024438,0.0043988,0.034702,0.024438,0.039589,0.029814,0.054741,0.054741,0.099707,0.07478,0.094819,0.089932,0.12463,0.084555,0.089932,0.049853,0.039589,-0.00048876,-0.025415,-0.00048876,-0.010264,-0.035191,-0.045455,-0.040567,-0.050342,-0.035191,-0.050342,-0.030303,-0.040567,0.039589,0.084555,0.24976,0.34995,0.37488,0.054741,-0.095308,-0.19062,-0.14027,-0.080645,-0.050342,-0.05523,-0.035191,-0.050342,-0.010264,-0.030303,-0.045455,-0.035191,-0.040567,-0.020528,-0.025415,-0.0053763,-0.030303,-0.0053763,-0.010264,0.0097752,0.014663,0.029814,0.014663,0.039589,0.039589,0.044477,0.01955,0.039589,0.034702,0.054741,0.039589,0.039589,0.029814,0.024438,0.0097752,-0.010264,-0.00048876,0.0043988,0.014663,0.029814,0.049853,0.034702,0.059629,0.064516,0.089932,0.064516,0.084555,0.094819,0.11486,0.07478,0.069892,0.029814,0.039589,0.014663,0.01955,-0.0053763,-0.030303,-0.040567,-0.035191,-0.05523,-0.035191,-0.030303,-0.040567,-0.030303,-0.00048876,0.059629,0.12463,0.30499,0.3998,0.26979,0.029814,-0.12561,-0.20039,-0.095308,-0.075269,-0.050342,-0.05523,-0.035191,-0.035191,-0.030303,-0.040567,-0.035191,-0.025415,-0.035191,-0.030303,-0.020528,-0.010264,0.014663,-0.010264,-0.025415,0.0043988,0.01955,0.034702,0.01955,0.039589,0.029814,0.049853,0.039589,0.054741,0.034702,0.044477,0.014663,0.024438,0.014663,0.01955,0.029814,0.014663,0.024438,0.01955,0.024438,0.034702,0.039589,0.034702,0.044477,0.039589,0.084555,0.079668,0.089932,0.12463,0.094819,0.07478,0.079668,0.034702,0.039589,-0.00048876,0.0097752,-0.0053763,-0.035191,-0.040567,-0.035191,-0.035191,-0.025415,-0.05523,-0.045455,-0.035191,0.014663,0.064516,0.18964,0.31965,0.36999,0.17498,0.0097752,-0.095308,-0.12023,-0.05523,-0.060606,-0.070381,-0.060606,-0.045455,-0.05523,-0.035191,-0.060606,-0.040567,-0.035191,-0.025415,-0.050342,-0.05523,-0.040567,-0.025415,-0.040567,-0.015152,-0.0053763,-0.025415,0.0097752,0.014663,0.01955,0.0043988,0.024438,0.014663,0.01955,0.0097752,0.014663,-0.0053763,0.014663,-0.0053763,0.0097752,0.0097752,0.01955,0.0097752,0.01955,0.0043988,-0.00048876,0.01955,0.039589,0.044477,0.069892,0.084555,0.064516,0.084555,0.12463,0.089932,0.064516,0.044477,0.014663,0.01955,-0.010264,-0.00048876,-0.030303,-0.015152,-0.05523,-0.035191,-0.05523,-0.035191,-0.05523,-0.025415,-0.020528,0.044477,0.07478,0.24976,0.3651,0.37488,0.034702,-0.12023,-0.19062,-0.11535,-0.070381,-0.075269,-0.035191,-0.045455,-0.035191,-0.05523,-0.050342,-0.060606,-0.035191,-0.030303,-0.010264,-0.015152,-0.010264,-0.015152,-0.0053763,-0.0053763,0.024438,0.014663,0.044477,0.054741,0.039589,0.054741,0.069892,0.084555,0.049853,0.044477,0.034702,0.014663,0.024438,0.01955,0.024438,0.014663,-0.010264,0.014663,0.0097752,0.014663,0.0043988,0.014663,0.024438,0.059629,0.049853,0.084555,0.059629,0.094819,0.099707,0.11975,0.12463,0.079668,0.034702,0.014663,0.01955,-0.0053763,0.014663,-0.025415,-0.010264,-0.045455,-0.035191,-0.045455,-0.035191,-0.050342,-0.035191,-0.025415,0.01955,0.059629,0.23998,0.34995,0.37488,0.049853,-0.095308,-0.18573,-0.12561,-0.080645,-0.065494,-0.050342,-0.05523,-0.045455,-0.035191,-0.020528,-0.035191,-0.015152,-0.030303,-0.020528,-0.050342,-0.025415,-0.020528,0.0097752,-0.010264,-0.00048876,-0.010264,0.024438,0.039589,0.059629,0.01955,0.014663,0.039589,0.044477,0.01955,0.014663,0.039589,0.0043988,-0.00048876,0.0043988,-0.015152,-0.030303,0.0043988,-0.035191,0.014663,0.024438,0.034702,0.034702,0.044477,0.029814,0.069892,0.049853,0.059629,0.064516,0.079668,0.099707,0.084555,0.044477,0.01955,0.029814,0.014663,0.014663,-0.00048876,-0.035191,-0.050342,-0.030303,-0.050342,-0.035191,-0.050342,-0.035191,-0.040567,0.0097752,0.014663,0.14956,0.31476,0.40469,0.18964,0.0097752,-0.16031,-0.18035,-0.11535,-0.065494,-0.05523,-0.030303,-0.035191,-0.020528,-0.035191,-0.05523,-0.035191,-0.050342,-0.010264,-0.015152,-0.0053763,-0.040567,-0.045455,-0.050342,-0.030303,-0.010264,0.034702,0.014663,0.044477,0.039589,0.054741,0.014663,0.024438,0.014663,0.059629,0.064516,0.034702,0.0097752,0.01955,0.014663,0.029814,0.034702,0.01955,0.029814,0.014663,0.0097752,0.034702,0.059629,0.049853,0.084555,0.069892,0.064516,0.10948,0.12952,0.079668,0.069892,0.034702,0.029814,0.01955,0.024438,-0.010264,-0.0053763,-0.025415,-0.045455,-0.035191,-0.045455,-0.040567,-0.035191,-0.025415,-0.010264,0.039589,0.10948,0.32502,0.42473,0.30499,0.039589,-0.11046,-0.1955,-0.11535,-0.080645,-0.05523,-0.070381,-0.045455,-0.020528,-0.020528,-0.040567,-0.045455,-0.025415,-0.050342,-0.035191,-0.040567,-0.015152,-0.025415,-0.0053763,-0.015152,0.014663,-0.0053763,0.01955,0.014663,0.049853,0.054741,0.064516,0.034702,0.049853,0.034702,0.029814,0.014663,0.039589,0.0097752,-0.00048876,0.0043988,0.024438,0.0097752,0.024438,0.014663,0.0097752,0.0043988,0.039589,0.054741,0.034702,0.07478,0.079668,0.069892,0.094819,0.11486,0.099707,0.079668,0.044477,0.039589,0.024438,0.0097752,-0.020528,-0.010264,-0.040567,-0.035191,-0.050342,-0.035191,-0.060606,-0.040567,-0.035191,-0.040567,0.01955,0.069892,0.22483,0.35973,0.41007,0.11975,-0.075269,-0.17058,-0.14565,-0.080645,-0.060606,-0.065494,-0.040567,-0.050342,-0.05523,-0.035191,-0.040567,-0.045455,-0.030303,-0.035191,-0.020528,-0.035191,-0.020528,-0.0053763,-0.010264,0.014663,0.014663,0.01955,0.044477,0.054741,0.034702,0.044477,0.034702,0.054741,0.034702,0.039589,0.014663,0.024438,0.01955,0.029814,0.014663,0.024438,0.0097752,0.034702,0.024438,0.01955,0.029814,0.049853,0.029814,0.054741,0.079668,0.099707,0.10948,0.084555,0.10948,0.084555,0.054741,0.039589,0.039589,0.024438,0.014663,-0.010264,-0.025415,-0.040567,-0.045455,-0.05523,-0.050342,-0.065494,-0.040567,-0.05523,-0.035191,-0.0053763,0.089932,0.22972,0.35973,0.39003,0.079668,-0.11046,-0.1955,-0.12561,-0.060606,-0.05523,-0.065494,-0.035191,-0.045455,-0.035191,-0.050342,-0.010264,-0.030303,-0.035191,-0.030303,-0.030303,-0.035191,-0.010264,-0.010264,-0.010264,-0.0053763,-0.010264,0.0097752,0.034702,0.039589,0.059629,0.044477,0.034702,0.049853,0.039589,0.054741,0.024438,-0.00048876,0.0043988,0.014663,0.0043988,0.01955,0.01955,0.029814,0.0097752,0.034702,0.024438,0.034702,0.029814,0.049853,0.039589,0.07478,0.059629,0.094819,0.099707,0.11975,0.089932,0.069892,0.029814,0.044477,0.014663,-0.010264,0.0043988,-0.035191,-0.040567,-0.050342,-0.035191,-0.05523,-0.040567,-0.030303,-0.035191,-0.030303,0.044477,0.11486,0.31965,0.40469,0.26002,0.0043988,-0.14027,-0.19062,-0.10557,-0.075269,-0.09042,-0.065494,-0.040567,-0.030303,-0.035191,-0.025415,-0.060606,-0.045455,-0.040567,-0.015152,-0.030303,-0.010264,-0.025415,-0.010264,-0.010264,-0.00048876,-0.0053763,0.034702,0.029814,0.044477,0.039589,0.049853,0.039589,0.039589,0.034702,0.01955,0.024438,0.014663,0.024438,-0.00048876,0.01955,0.0097752,0.029814,-0.00048876,0.014663,0.0097752,0.034702,0.024438,0.064516,0.059629,0.094819,0.10459,0.07478,0.099707,0.1349,0.099707,0.084555,0.024438,0.01955,0.034702,-0.00048876,-0.020528,-0.040567,-0.015152,-0.035191,-0.030303,-0.050342,-0.030303,-0.040567,-0.045455,-0.0053763,0.059629,0.11486,0.28495,0.38514,0.3998,0.084555,-0.050342,-0.12561,-0.080645,-0.05523,-0.040567,-0.05523,-0.065494,-0.040567,-0.050342,-0.015152,-0.035191,-0.030303,-0.050342,-0.035191,-0.060606,-0.050342,-0.065494,-0.015152,-0.0053763,-0.025415,-0.030303,0.0043988,-0.00048876,0.014663,-0.00048876,0.0097752,-0.0053763,0.014663,0.024438,0.0043988,0.034702,0.064516,0.0043988,-0.035191,-0.05523,-0.025415,-0.0053763,-0.010264,0.014663,0.024438,0.029814,0.0097752,0.059629,0.064516,0.07478,0.094819,0.069892,0.059629,0.094819,0.079668,0.084555,0.029814,0.0097752,0.024438,0.039589,-0.0053763,0.01955,0.034702,0.0097752,-0.040567,-0.050342,-0.015152,-0.025415,-0.010264,-0.05523,0.0097752,0.079668,0.22972,0.37977,0.47019,0.23998,0.044477,-0.12561,-0.14565,-0.1002,-0.040567,-0.05523,-0.040567,-0.05523,-0.025415,-0.025415,-0.015152,-0.05523,-0.060606,-0.035191,-0.050342,-0.010264,-0.030303,-0.010264,-0.025415,0.0043988,-0.010264,0.0043988,0.024438,0.059629,0.034702,0.059629,0.054741,0.064516,0.049853,0.054741,0.044477,0.054741,0.039589,0.034702,0.054741,0.029814,0.054741,0.029814,0.044477,0.039589,0.054741,0.064516,0.084555,0.11486,0.1349,0.10459,0.12952,0.14467,0.15494,0.10948,0.089932,0.059629,0.059629,0.029814,0.049853,0.029814,0.0043988,-0.015152,-0.020528,-0.010264,-0.015152,-0.00048876,-0.015152,-0.015152,0.029814,0.094819,0.28006,0.45015,0.47996,0.15982,-0.060606,-0.16031,-0.1305,-0.065494,-0.080645,-0.060606,-0.060606,-0.035191,-0.05523,-0.040567,-0.035191,-0.020528,-0.045455,-0.05523,-0.025415,-0.015152,-0.025415,-0.030303,-0.00048876,0.0097752,0.0097752,0.0043988,0.024438,0.01955,0.034702,0.029814,0.039589,0.029814,0.039589,0.01955,0.044477,0.014663,0.01955,-0.010264,0.0097752,0.014663,0.0097752,0.024438,0.0043988,0.014663,0.029814,0.014663,0.039589,0.059629,0.064516,0.079668,0.084555,0.10459,0.10459,0.11486,0.064516,0.024438,0.0043988,0.0097752,-0.0053763,-0.00048876,-0.020528,-0.025415,-0.050342,-0.030303,-0.050342,-0.035191,-0.050342,-0.025415,-0.015152,0.029814,0.099707,0.28983,0.42473,0.44477,0.084555,-0.085533,-0.17058,-0.11535,-0.080645,-0.070381,-0.065494,-0.070381,-0.05523,-0.070381,-0.050342,-0.05523,-0.035191,-0.045455,-0.030303,-0.045455,-0.035191,-0.040567,-0.025415,-0.015152,-0.00048876,0.0043988,0.014663,0.014663,0.039589,0.029814,0.024438,0.039589,0.034702,0.039589,0.01955,0.029814,0.014663,0.024438,-0.010264,0.014663,0.0043988,0.0097752,0.0043988,0.01955,0.014663,0.01955,0.014663,0.039589,0.029814,0.069892,0.084555,0.089932,0.094819,0.10948,0.084555,0.054741,0.014663,0.0043988,0.014663,-0.010264,-0.0053763,-0.045455,-0.05523,-0.065494,-0.045455,-0.05523,-0.050342,-0.060606,-0.040567,-0.030303,0.039589,0.10459,0.28495,0.36999,0.24487,-0.010264,-0.1305,-0.17546,-0.080645,-0.05523,-0.050342,-0.05523,-0.050342,-0.040567,-0.05523,-0.035191,-0.040567,-0.025415,-0.035191,-0.035191,-0.035191,-0.030303,-0.030303,-0.010264,-0.010264,0.014663,0.024438,0.039589,0.014663,0.029814,0.014663,0.029814,0.024438,0.014663,0.039589,0.034702,0.0043988,-0.00048876,-0.00048876,-0.00048876,-0.010264,0.0097752,0.01955,-0.00048876,-0.010264,-0.010264,0.0043988,-0.010264,0.024438,0.014663,0.054741,0.064516,0.069892,0.084555,0.12463,0.10948,0.07478,0.014663,-0.020528,-0.0053763,-0.010264,-0.030303,-0.05523,-0.040567,-0.045455,-0.035191,-0.05523,-0.040567,-0.050342,-0.025415,-0.05523,0.0097752,0.049853,0.15982,0.30987,0.39492,0.17986,-0.015152,-0.17058,-0.1955,-0.11046,-0.070381,-0.075269,-0.070381,-0.05523,-0.045455,-0.050342,-0.015152,0.0043988,-0.030303,-0.025415,-0.05523,-0.050342,-0.065494,-0.040567,-0.045455,0.0097752,-0.010264,0.014663,0.029814,0.039589,0.039589,0.034702,0.014663,0.054741,0.069892,0.039589,0.01955,0.014663,0.034702,0.01955,0.024438,0.014663,0.044477,0.024438,0.029814,0.029814,0.024438,0.044477,0.059629,0.049853,0.10459,0.089932,0.079668,0.10948,0.14467,0.10459,0.079668,0.039589,0.049853,0.024438,0.01955,-0.00048876,-0.020528,-0.030303,-0.020528,-0.025415,-0.035191,-0.05523,-0.070381,-0.020528,-0.010264,0.049853,0.089932,0.24976,0.38514,0.44477,0.17498,0.054741,-0.085533,-0.095308,-0.05523,-0.070381,-0.09042,-0.050342,-0.035191,-0.05523,-0.060606,-0.050342,-0.040567,-0.045455,-0.040567,-0.05523,-0.05523,-0.045455,-0.035191,-0.045455,-0.035191,-0.030303,-0.010264,-0.010264,0.0043988,-0.00048876,0.014663,-0.0053763,-0.015152,-0.020528,0.049853,0.029814,0.014663,0.014663,0.0043988,-0.015152,0.024438,0.014663,0.014663,0.01955,0.014663,0.039589,0.039589,0.049853,0.084555,0.089932,0.084555,0.10948,0.11975,0.12952,0.07478,0.044477,0.034702,0.054741,0.029814,0.034702,0.0043988,-0.0053763,-0.020528,-0.010264,-0.035191,-0.050342,-0.015152,-0.015152,-0.010264,0.069892,0.15494,0.34506,0.46481,0.32991,0.089932,-0.085533,-0.13539,-0.09042,-0.05523,-0.05523,-0.045455,-0.065494,-0.045455,-0.040567,-0.035191,-0.035191,-0.015152,-0.010264,-0.020528,-0.035191,-0.040567,-0.025415,-0.030303,-0.010264,-0.015152,0.01955,0.014663,0.029814,0.014663,0.039589,0.039589,0.059629,0.039589,0.029814,0.024438,0.034702,0.0097752,0.014663,0.0097752,0.024438,0.014663,0.0097752,0.014663,0.029814,0.01955,0.044477,0.049853,0.034702,0.059629,0.084555,0.089932,0.10459,0.11975,0.084555,0.059629,0.01955,0.014663,0.0043988,0.014663,-0.030303,-0.035191,-0.05523,-0.035191,-0.05523,-0.040567,-0.050342,-0.035191,-0.075269,-0.035191,0.01955,0.12952,0.30499,0.43011,0.28495,0.034702,-0.13539,-0.17546,-0.09042,-0.080645,-0.065494,-0.070381,-0.05523,-0.065494,-0.05523,-0.05523,-0.050342,-0.05523,-0.050342,-0.060606,-0.035191,-0.045455,-0.035191,-0.035191,-0.010264,-0.00048876,0.01955,0.024438,0.039589,0.029814,0.039589,0.024438,0.01955,0.024438,0.039589,0.024438,0.014663,0.024438,0.0097752,0.014663,-0.0053763,0.01955,0.0043988,0.01955,0.0097752,0.01955,0.014663,0.034702,0.039589,0.054741,0.079668,0.084555,0.079668,0.094819,0.11486,0.099707,0.054741,0.01955,0.0043988,0.0043988,0.014663,-0.010264,-0.030303,-0.045455,-0.035191,-0.045455,-0.05523,-0.05523,-0.045455,-0.050342,-0.025415,0.01955,0.11486,0.30499,0.44477,0.28983,0.014663,-0.14565,-0.19062,-0.1002,-0.060606,-0.05523,-0.065494,-0.045455,-0.060606,-0.035191,-0.040567,-0.040567,-0.035191,-0.025415,-0.030303,-0.015152,-0.030303,-0.0053763,-0.020528,0.014663,-0.0053763,0.014663,0.0097752,0.034702,0.024438,0.039589,0.034702,0.039589,0.044477,0.039589,0.044477,0.034702,0.01955,0.014663,0.029814,0.0097752,0.029814,0.0043988,0.034702,0.0043988,0.014663,0.0097752,0.044477,0.034702,0.079668,0.059629,0.079668,0.079668,0.10948,0.11975,0.079668,0.044477,0.01955,0.0043988,-0.00048876,-0.015152,-0.020528,-0.015152,-0.05523,-0.065494,-0.050342,-0.045455,-0.070381,-0.050342,-0.060606,-0.020528,0.024438,0.13978,0.27468,0.3651,0.14467,-0.080645,-0.17058,-0.18035,-0.10557,-0.070381,-0.080645,-0.085533,-0.065494,-0.045455,-0.040567,-0.050342,-0.045455,-0.050342,-0.020528,-0.025415,-0.010264,-0.030303,-0.010264,-0.015152,-0.00048876,-0.015152,0.014663,0.0097752,0.039589,0.039589,0.039589,0.024438,0.039589,0.029814,0.054741,0.059629,0.034702,0.049853,0.0097752,-0.00048876,-0.0053763,0.014663,-0.00048876,0.014663,0.0097752,0.01955,-0.00048876,0.039589,0.029814,0.054741,0.069892,0.084555,0.054741,0.10459,0.10459,0.11486,0.064516,0.049853,0.034702,0.029814,0.0097752,0.014663,-0.030303,-0.020528,-0.050342,-0.060606,-0.040567,-0.065494,-0.040567,-0.050342,-0.015152,0.039589,0.10459,0.22972,0.35484,0.26979,0.094819,-0.040567,-0.09042,-0.095308,-0.040567,-0.05523,-0.050342,-0.05523,-0.035191,-0.030303,-0.050342,-0.045455,-0.05523,-0.035191,-0.030303,-0.020528,-0.035191,-0.0053763,-0.040567,-0.035191,-0.045455,-0.00048876,-0.010264,0.0097752,0.029814,0.044477,0.01955,0.039589,0.014663,0.01955,0.024438,0.039589,0.024438,0.039589,0.024438,0.039589,0.014663,0.0097752,0.029814,0.029814,0.039589,0.039589,0.049853,0.039589,0.07478,0.084555,0.089932,0.069892,0.11486,0.11486,0.12463,0.089932,0.054741,0.014663,0.0043988,-0.0053763,0.0097752,-0.035191,-0.020528,-0.035191,-0.040567,-0.045455,-0.035191,-0.030303,-0.015152,0.014663,0.069892,0.15982,0.31476,0.41984,0.22972,-0.00048876,-0.15543,-0.17058,-0.1002,-0.05523,-0.060606,-0.050342,-0.05523,-0.035191,-0.020528,-0.0053763,-0.040567,-0.050342,-0.020528,-0.010264,-0.030303,-0.035191,-0.010264,0.0097752,0.01955,-0.015152,-0.00048876,-0.0053763,0.039589,0.029814,0.059629,0.039589,0.059629,0.039589,0.034702,0.029814,0.039589,0.0097752,-0.00048876,0.01955,0.014663,0.024438,0.029814,0.0097752,0.024438,0.01955,0.044477,0.039589,0.069892,0.084555,0.07478,0.064516,0.069892,0.099707,0.094819,0.084555,0.034702,0.034702,0.014663,0.029814,-0.00048876,0.014663,-0.035191,-0.025415,-0.050342,-0.040567,-0.050342,-0.05523,-0.050342,-0.030303,0.024438,0.084555,0.21994,0.34506,0.41007,0.17498,0.014663,-0.1002,-0.11046,-0.070381,-0.035191,-0.045455,-0.070381,-0.080645,-0.050342,-0.040567,-0.035191,-0.065494,-0.035191,-0.05523,-0.035191,-0.040567,-0.025415,-0.025415,-0.035191,-0.030303,-0.035191,-0.010264,-0.035191,0.034702,0.029814,0.014663,0.029814,0.044477,0.014663,0.0097752,0.01955,0.029814,0.0097752,0.014663,-0.010264,0.014663,0.014663,0.024438,0.0097752,0.034702,0.044477,0.084555,0.064516,0.059629,0.07478,0.079668,0.099707,0.11486,0.094819,0.07478,0.079668,0.039589,0.014663,0.024438,0.029814,0.0097752,0.014663,-0.040567,-0.030303,-0.045455,-0.035191,-0.05523,-0.035191,-0.040567,0.0097752,0.064516,0.20479,0.34506,0.41496,0.19501,-0.025415,-0.16569,-0.18035,-0.080645,-0.060606,-0.050342,-0.065494,-0.050342,-0.030303,-0.020528,-0.035191,-0.015152,-0.045455,-0.05523,-0.050342,-0.025415,-0.020528,-0.00048876,-0.010264,0.014663,0.0097752,0.0043988,0.014663,0.049853,0.054741,0.034702,0.044477,0.029814,0.034702,0.024438,0.039589,0.014663,0.024438,0.014663,0.029814,-0.00048876,0.014663,0.0097752,0.0043988,-0.00048876,0.024438,0.014663,0.039589,0.054741,0.079668,0.084555,0.099707,0.094819,0.10948,0.084555,0.07478,0.039589,0.059629,0.01955,-0.010264,-0.00048876,-0.020528,-0.040567,-0.050342,-0.040567,-0.045455,-0.020528,-0.040567,-0.050342,-0.05523,0.024438,0.064516,0.21994,0.34995,0.3998,0.11975,-0.065494,-0.18035,-0.18573,-0.095308,-0.070381,-0.075269,-0.050342,-0.045455,-0.050342,-0.035191,-0.050342,-0.020528,-0.035191,-0.025415,-0.035191,-0.025415,-0.015152,-0.010264,-0.020528,-0.00048876,-0.010264,0.01955,0.024438,0.039589,0.034702,0.049853,0.039589,0.049853,0.054741,0.039589,0.049853,0.01955,0.0043988,0.01955,0.024438,0.0043988,0.024438,0.014663,0.0097752,0.01955,0.034702,0.01955,0.039589,0.054741,0.089932,0.07478,0.069892,0.079668,0.12463,0.1349,0.084555,0.039589,0.044477,0.0097752,-0.0053763,-0.015152,-0.020528,-0.025415,-0.035191,-0.050342,-0.05523,-0.050342,-0.060606,-0.070381,-0.045455,0.034702,0.069892,0.24487,0.34506,0.39492,0.059629,-0.085533,-0.18035,-0.1305,-0.10557,-0.080645,-0.070381,-0.060606,-0.075269,-0.040567,-0.015152,-0.0053763,-0.00048876,-0.020528,-0.035191,-0.070381,-0.05523,-0.035191,-0.010264,-0.0053763,-0.00048876,0.01955,0.039589,0.029814,0.044477,0.034702,0.049853,0.044477,0.084555,0.059629,0.039589,0.014663,0.024438,0.01955,0.034702,-0.00048876,-0.010264,-0.00048876,-0.0053763,0.039589,0.024438,0.034702,0.029814,0.049853,0.024438,0.089932,0.094819,0.089932,0.084555,0.11486,0.10948,0.11486,0.064516,0.049853,0.01955,0.029814,-0.0053763,0.014663,-0.020528,-0.010264,-0.030303,-0.025415,-0.010264,-0.040567,-0.030303,-0.035191,0.014663,0.049853,0.17498,0.34506,0.45015,0.28983,0.064516,-0.11046,-0.14565,-0.09042,-0.025415,-0.060606,-0.075269,-0.065494,-0.040567,-0.035191,-0.045455,-0.035191,-0.060606,-0.050342,-0.0053763,-0.00048876,-0.010264,-0.015152,0.014663,-0.035191,-0.050342,0.0097752,-0.0053763,0.039589,0.049853,0.059629,0.029814,0.049853,0.049853,0.039589,0.0043988,0.014663,-0.00048876,0.0097752,0.0097752,0.059629,0.039589,0.044477,0.01955,0.054741,0.064516,0.039589,0.069892,0.094819,0.10948,0.084555,0.12463,0.12463,0.099707,0.069892,0.07478,0.059629,0.064516,0.01955,0.029814,-0.00048876,-0.025415,-0.035191,-0.015152,-0.035191,-0.015152,-0.010264,-0.025415,-0.015152,0.049853,0.1349,0.33969,0.45015,0.3348,0.07478,-0.095308,-0.15054,-0.095308,-0.050342,-0.060606,-0.045455,-0.065494,-0.050342,-0.045455,-0.020528,-0.040567,-0.035191,-0.045455,-0.035191,-0.050342,-0.010264,-0.015152,-0.010264,-0.0053763,-0.020528,0.0043988,0.014663,0.024438,0.039589,0.044477,0.01955,0.039589,0.029814,0.039589,0.024438,0.034702,0.024438,0.034702,-0.0053763,0.0097752,-0.00048876,0.024438,0.014663,0.01955,0.014663,0.044477,0.024438,0.034702,0.054741,0.084555,0.064516,0.084555,0.084555,0.10948,0.094819,0.07478,0.039589,0.024438,0.029814,0.0097752,-0.00048876,-0.040567,-0.025415,-0.045455,-0.035191,-0.05523,-0.035191,-0.045455,-0.050342,-0.05523,0.049853,0.12952,0.33969,0.45992,0.34506,0.099707,-0.065494,-0.17058,-0.10557,-0.065494,-0.060606,-0.045455,-0.050342,-0.05523,-0.065494,-0.040567,-0.050342,-0.040567,-0.050342,-0.040567,-0.050342,-0.035191,-0.025415,-0.015152,-0.025415,0.0097752,0.014663,0.0097752,0.01955,0.039589,0.029814,0.024438,0.034702,0.044477,0.054741,0.029814,0.01955,0.029814,0.0097752,0.014663,0.0043988,-0.00048876,0.014663,0.01955,0.034702,0.029814,0.064516,0.039589,0.079668,0.099707,0.094819,0.10948,0.12952,0.099707,0.084555,0.044477,0.024438,0.039589,0.01955,0.0097752,-0.010264,-0.030303,-0.035191,-0.045455,-0.05523,-0.040567,-0.035191,-0.035191,-0.040567,0.0097752,0.059629,0.24487,0.39492,0.46481,0.15982,-0.030303,-0.15543,-0.11046,-0.080645,-0.075269,-0.070381,-0.050342,-0.05523,-0.040567,-0.05523,-0.060606,-0.040567,-0.060606,-0.025415,-0.030303,-0.035191,-0.040567,-0.025415,-0.030303,-0.010264,-0.0053763,0.034702,0.01955,0.039589,0.039589,0.044477,0.039589,0.054741,0.014663,0.034702,0.01955,0.024438,0.014663,0.0097752,0.014663,0.0043988,0.024438,0.014663,0.01955,0.01955,0.01955,0.034702,0.049853,0.034702,0.084555,0.089932,0.099707,0.084555,0.12952,0.084555,0.079668,0.024438,0.01955,-0.0053763,0.0043988,-0.015152,-0.035191,-0.045455,-0.030303,-0.040567,-0.050342,-0.045455,-0.05523,-0.045455,-0.030303,0.014663,0.10459,0.28006,0.41007,0.28495,0.014663,-0.13539,-0.17058,-0.10557,-0.085533,-0.065494,-0.075269,-0.060606,-0.075269,-0.050342,-0.070381,-0.060606,-0.045455,-0.05523,-0.040567,-0.045455,-0.05523,-0.040567,-0.030303,-0.00048876,0.0097752,-0.015152,0.034702,0.01955,0.044477,0.029814,0.044477,0.039589,0.044477,0.029814,0.039589,0.024438,0.029814,0.0097752,-0.00048876,-0.010264,0.0043988,0.014663,-0.00048876,0.0097752,-0.00048876,0.024438,0.01955,0.039589,0.044477,0.069892,0.07478,0.099707,0.10948,0.12952,0.084555,0.054741,0.0097752,0.024438,-0.010264,0.0043988,-0.025415,-0.035191,-0.050342,-0.040567,-0.050342,-0.035191,-0.040567,-0.045455,-0.050342,-0.035191,0.024438,0.094819,0.24976,0.33969,0.2346,-0.015152,-0.14565,-0.1955,-0.11535,-0.075269,-0.045455,-0.05523,-0.050342,-0.05523,-0.035191,-0.040567,-0.015152,-0.040567,-0.025415,-0.010264,-0.030303,-0.010264,-0.020528,-0.00048876,-0.010264,0.014663,0.01955,0.029814,0.039589,0.054741,0.039589,0.054741,0.039589,0.054741,0.049853,0.054741,0.029814,0.039589,0.014663,0.029814,0.014663,0.01955,0.014663,0.029814,0.01955,0.024438,0.014663,0.034702,0.039589,0.054741,0.059629,0.079668,0.084555,0.11486,0.12463,0.089932,0.059629,0.01955,0.024438,0.0097752,-0.00048876,-0.025415,-0.020528,-0.035191,-0.035191,-0.070381,-0.05523,-0.060606,-0.035191,-0.05523,-0.025415,0.024438,0.12463,0.26491,0.35484,0.18475,-0.060606,-0.16569,-0.1955,-0.095308,-0.060606,-0.045455,-0.05523,-0.035191,-0.05523,-0.025415,-0.030303,-0.015152,-0.025415,-0.010264,-0.020528,-0.010264,-0.025415,-0.00048876,-0.015152,0.0043988,0.014663,0.0043988,0.024438,0.044477,0.059629,0.039589,0.059629,0.039589,0.064516,0.049853,0.059629,0.029814,0.034702,0.024438,0.034702,0.0097752,0.029814,0.0043988,0.014663,0.0043988,0.029814,0.029814,0.064516,0.049853,0.069892,0.07478,0.059629,0.094819,0.10948,0.11486,0.069892,0.044477,0.029814,0.039589,0.0097752,-0.00048876,-0.030303,-0.040567,-0.05523,-0.035191,-0.05523,-0.060606,-0.05523,-0.035191,-0.025415,0.034702,0.069892,0.20479,0.31476,0.35973,0.07478,-0.10557,-0.18035,-0.18573,-0.080645,-0.05523,-0.040567,-0.050342,-0.030303,-0.040567,-0.015152,-0.05523,-0.040567,-0.045455,-0.030303,-0.035191,-0.020528,-0.035191,-0.0053763,-0.015152,0.0097752,0.0097752,0.024438,0.014663,0.024438,0.029814,0.039589,0.039589,0.054741,0.059629,0.044477,0.034702,0.01955,0.01955,0.034702,0.024438,-0.00048876,0.024438,0.0043988,0.014663,0.014663,0.034702,0.039589,0.059629,0.064516,0.089932,0.069892,0.094819,0.11975,0.10459,0.07478,0.059629,0.024438,0.024438,0.0043988,0.0097752,-0.00048876,-0.020528,-0.045455,-0.05523,-0.035191,-0.050342,-0.035191,-0.05523,-0.035191,0.0043988,0.064516,0.1999,0.34995,0.37977,0.13978,-0.09042,-0.18035,-0.19062,-0.075269,-0.060606,-0.050342,-0.050342,-0.05523,-0.035191,-0.050342,-0.030303,-0.035191,-0.030303,-0.020528,-0.035191,-0.020528,-0.0053763,-0.020528,-0.010264,-0.00048876,0.014663,0.0097752,0.034702,0.044477,0.049853,0.039589,0.049853,0.044477,0.059629,0.01955,0.034702,0.039589,0.029814,0.014663,0.0097752,-0.0053763,0.0097752,0.014663,0.029814,0.034702,0.014663,0.059629,0.049853,0.069892,0.059629,0.07478,0.069892,0.10948,0.10459,0.084555,0.044477,0.039589,0.0097752,0.0043988,-0.0053763,-0.010264,-0.035191,-0.030303,-0.05523,-0.040567,-0.035191,-0.035191,-0.045455,-0.05523,-0.010264,0.049853,0.14956,0.26979,0.37488,0.20479,0.049853,-0.095308,-0.12023,-0.085533,-0.05523,-0.065494,-0.05523,-0.060606,-0.050342,-0.045455,-0.060606,-0.040567,-0.040567,-0.070381,-0.05523,-0.050342,-0.05523,-0.035191,-0.05523,-0.040567,-0.010264,0.014663,-0.00048876,0.0097752,-0.00048876,0.0043988,-0.0053763,0.0097752,-0.00048876,0.01955,0.0043988,0.024438,-0.0053763,-0.010264,-0.00048876,0.014663,0.0043988,0.014663,-0.0053763,-0.010264,0.024438,0.01955,0.039589,0.044477,0.069892,0.054741,0.084555,0.10459,0.12952,0.10459,0.079668,0.044477,0.049853,0.0097752,0.014663,-0.010264,-0.020528,-0.050342,-0.035191,-0.015152,-0.020528,-0.045455,-0.05523,-0.045455,-0.010264,0.039589,0.11486,0.28006,0.41007,0.3001,0.099707,-0.025415,-0.10557,-0.070381,-0.050342,-0.05523,-0.065494,-0.045455,-0.065494,-0.030303,-0.035191,-0.030303,-0.05523,-0.040567,-0.035191,-0.030303,-0.040567,-0.045455,-0.035191,-0.045455,-0.020528,-0.025415,0.0043988,0.0097752,0.014663,-0.0053763,0.014663,0.0097752,0.039589,0.01955,0.034702,0.0043988,0.014663,0.014663,0.01955,0.024438,0.014663,0.014663,0.039589,0.014663,0.039589,0.044477,0.039589,0.064516,0.094819,0.099707,0.069892,0.10948,0.13978,0.11486,0.054741,0.024438,0.034702,0.044477,0.024438,0.034702,-0.015152,-0.020528,-0.015152,-0.010264,-0.040567,-0.030303,-0.035191,-0.035191,-0.015152,0.044477,0.11486,0.31476,0.42473,0.3001,0.039589,-0.12023,-0.17546,-0.11535,-0.05523,-0.05523,-0.045455,-0.050342,-0.035191,-0.025415,-0.020528,-0.050342,-0.035191,-0.035191,-0.015152,-0.010264,-0.010264,-0.025415,-0.0053763,-0.025415,0.014663,0.014663,0.039589,0.039589,0.054741,0.059629,0.039589,0.044477,0.029814,0.039589,0.014663,0.039589,0.034702,0.024438,0.01955,0.039589,-0.00048876,0.01955,0.0097752,0.034702,0.014663,0.024438,0.034702,0.049853,0.064516,0.07478,0.079668,0.10948,0.12952,0.11486,0.079668,0.059629,0.044477,0.024438,-0.010264,-0.015152,0.0043988,-0.030303,-0.025415,-0.045455,-0.030303,-0.045455,-0.040567,-0.075269,-0.025415,0.024438,0.079668,0.21457,0.35973,0.38514,0.11486,-0.095308,-0.18035,-0.14565,-0.070381,-0.060606,-0.05523,-0.050342,-0.045455,-0.040567,-0.050342,-0.030303,-0.015152,-0.025415,-0.040567,-0.015152,-0.040567,-0.020528,-0.010264,0.0097752,-0.00048876,0.01955,0.014663,0.044477,0.039589,0.059629,0.044477,0.039589,0.039589,0.049853,0.039589,0.039589,0.024438,0.014663,0.024438,0.01955,0.0097752,-0.010264,0.014663,0.0043988,0.029814,0.014663,0.044477,0.039589,0.07478,0.064516,0.084555,0.094819,0.12952,0.11486,0.094819,0.059629,0.049853,0.01955,0.014663,0.0043988,-0.00048876,-0.030303,-0.035191,-0.045455,-0.05523,-0.035191,-0.05523,-0.045455,-0.050342,-0.0053763,0.049853,0.15494,0.30499,0.3651,0.16471,-0.060606,-0.18035,-0.19062,-0.085533,-0.050342,-0.05523,-0.050342,-0.05523,-0.035191,-0.035191,-0.020528,-0.015152,-0.030303,-0.015152,-0.030303,-0.015152,-0.035191,-0.010264,-0.00048876,0.01955,0.0097752,0.034702,0.024438,0.049853,0.039589,0.059629,0.054741,0.059629,0.029814,0.039589,0.024438,0.014663,0.024438,0.014663,0.0043988,0.014663,-0.00048876,0.01955,0.0097752,0.01955,0.034702,0.01955,0.014663,0.039589,0.064516,0.079668,0.089932,0.084555,0.11486,0.12463,0.094819,0.059629,0.039589,0.01955,0.024438,-0.010264,-0.010264,-0.020528,-0.015152,-0.05523,-0.040567,-0.035191,-0.045455,-0.035191,-0.050342,-0.010264,0.039589,0.11486,0.27468,0.3651,0.20968,-0.015152,-0.14565,-0.18035,-0.11046,-0.060606,-0.05523,-0.035191,-0.040567,-0.035191,-0.035191,-0.025415,-0.010264,-0.030303,-0.035191,-0.025415,-0.015152,-0.035191,0.0043988,-0.0053763,-0.00048876,0.0097752,0.024438,0.01955,0.049853,0.044477,0.07478,0.059629,0.049853,0.039589,0.049853,0.029814,0.039589,0.024438,0.039589,0.0097752,0.01955,0.014663,0.034702,0.014663,0.039589,0.049853,0.024438,0.044477,0.054741,0.069892,0.094819,0.084555,0.07478,0.11975,0.10948,0.094819,0.059629,0.044477,0.0097752,0.0043988,-0.010264,-0.010264,-0.025415,-0.020528,-0.05523,-0.030303,-0.035191,-0.040567,-0.025415,-0.040567,0.014663,0.07478,0.20968,0.3651,0.41496,0.11975,-0.065494,-0.16569,-0.14027,-0.085533,-0.05523,-0.05523,-0.045455,-0.05523,-0.030303,-0.025415,-0.015152,-0.045455,-0.035191,-0.030303,-0.040567,-0.035191,-0.020528,-0.025415,-0.0053763,0.0097752,-0.0053763,0.0097752,0.029814,0.039589,0.034702,0.039589,0.034702,0.054741,0.039589,0.034702,0.01955,0.039589,0.0043988,-0.00048876,0.014663,0.01955,-0.00048876,0.014663,-0.0053763,0.024438,0.029814,0.014663,0.039589,0.089932,0.084555,0.089932,0.084555,0.10459,0.10948,0.084555,0.059629,0.029814,0.029814,0.024438,0.034702,-0.010264,-0.015152,-0.030303,-0.045455,-0.060606,-0.050342,-0.060606,-0.030303,-0.035191,-0.00048876,0.049853,0.12463,0.28006,0.43988,0.32991,0.13978,-0.010264,-0.1002,-0.085533,-0.05523,-0.045455,-0.065494,-0.05523,-0.05523,-0.050342,-0.060606,-0.035191,-0.040567,-0.025415,-0.030303,-0.025415,-0.040567,-0.040567,-0.040567,-0.020528,-0.030303,-0.020528,-0.010264,0.0097752,0.0097752,0.029814,0.0097752,0.0043988,0.024438,0.0097752,0.01955,0.034702,0.024438,0.014663,0.039589,0.014663,0.024438,0.014663,0.039589,0.039589,0.039589,0.039589,0.064516,0.059629,0.094819,0.10948,0.084555,0.094819,0.12952,0.094819,0.079668,0.034702,0.024438,0.039589,0.014663,0.01955,0.0043988,-0.020528,-0.040567,-0.030303,-0.040567,-0.035191,-0.040567,-0.035191,-0.040567,0.044477,0.10948,0.28495,0.41007,0.41984,0.10948,-0.020528,-0.10557,-0.085533,-0.065494,-0.05523,-0.05523,-0.05523,-0.050342,-0.05523,-0.035191,-0.050342,-0.035191,-0.040567,-0.035191,-0.060606,-0.035191,-0.050342,-0.035191,-0.040567,-0.010264,-0.015152,0.0043988,-0.00048876,0.014663,0.0043988,0.024438,0.01955,0.029814,0.014663,0.024438,0.0097752,0.01955,0.024438,0.014663,0.024438,-0.0053763,0.0043988,-0.00048876,0.01955,0.0097752,0.024438,0.029814,0.044477,0.054741,0.084555,0.069892,0.089932,0.094819,0.10948,0.084555,0.069892,0.024438,0.014663,-0.0053763,-0.010264,0.0043988,-0.020528,-0.040567,-0.035191,-0.050342,-0.05523,-0.035191,-0.045455,-0.025415,-0.040567,0.054741,0.14956,0.30987,0.37977,0.19501,-0.045455,-0.16569,-0.20039,-0.080645,-0.05523,-0.040567,-0.065494,-0.05523,-0.050342,-0.035191,-0.030303,-0.035191,-0.030303,-0.030303,-0.025415,-0.030303,-0.015152,-0.030303,-0.010264,-0.0053763,0.0043988,0.01955,0.039589,0.034702,0.044477,0.039589,0.054741,0.039589,0.054741,0.039589,0.054741,0.014663,0.024438,0.014663,0.0043988,0.0097752,-0.010264,0.0097752,0.014663,0.014663,0.014663,0.024438,0.034702,0.044477,0.07478,0.10459,0.084555,0.099707,0.10948,0.11975,0.054741,0.059629,0.024438,0.029814,-0.010264,-0.010264,-0.030303,-0.025415,-0.040567,-0.040567,-0.050342,-0.05523,-0.060606,-0.05523,-0.045455,0.0043988,0.044477,0.16471,0.30499,0.35484,0.13978,-0.080645,-0.17546,-0.1955,-0.085533,-0.065494,-0.050342,-0.060606,-0.05523,-0.060606,-0.040567,-0.05523,-0.035191,-0.040567,-0.035191,-0.020528,-0.030303,-0.035191,-0.015152,-0.010264,0.0043988,0.024438,0.014663,0.034702,0.024438,0.049853,0.039589,0.049853,0.039589,0.039589,0.029814,0.034702,0.0097752,0.01955,0.0097752,0.01955,0.0097752,0.024438,0.014663,0.01955,0.0097752,0.024438,0.01955,0.044477,0.049853,0.064516,0.084555,0.07478,0.099707,0.094819,0.1349,0.094819,0.079668,0.034702,0.01955,-0.00048876,0.014663,0.0043988,-0.015152,-0.035191,-0.035191,-0.035191,-0.015152,-0.040567,-0.035191,-0.045455,-0.0053763,0.024438,0.10459,0.25464,0.34995,0.22483,-0.015152,-0.14565,-0.18035,-0.095308,-0.065494,-0.040567,-0.045455,-0.035191,-0.05523,-0.035191,-0.035191,-0.025415,-0.035191,-0.025415,-0.015152,-0.00048876,-0.025415,-0.015152,-0.010264,0.014663,0.014663,0.029814,0.039589,0.054741,0.059629,0.049853,0.059629,0.064516,0.059629,0.039589,0.034702,0.01955,0.044477,0.014663,0.01955,0.0043988,0.01955,-0.00048876,0.01955,0.024438,0.039589,0.01955,0.014663,0.049853,0.079668,0.084555,0.089932,0.10459,0.099707,0.11975,0.094819,0.079668,0.049853,0.034702,0.01955,0.024438,-0.010264,-0.0053763,-0.045455,-0.040567,-0.05523,-0.045455,-0.05523,-0.030303,-0.045455,-0.030303,0.0043988,0.084555,0.2346,0.35973,0.38514,0.089932,-0.1002,-0.17546,-0.14565,-0.070381,-0.05523,-0.040567,-0.030303,-0.05523,-0.025415,-0.035191,-0.020528,-0.035191,-0.020528,-0.025415,-0.015152,-0.035191,-0.015152,-0.025415,-0.0053763,0.0097752,0.024438,0.014663,0.029814,0.039589,0.054741,0.039589,0.039589,0.049853,0.049853,0.039589,0.044477,0.029814,0.0097752,0.024438,0.0097752,0.029814,0.034702,0.01955,0.0043988,0.0097752,0.0043988,0.039589,0.049853,0.039589,0.054741,0.079668,0.084555,0.064516,0.099707,0.11486,0.069892,0.049853,0.054741,0.0097752,-0.010264,-0.020528,-0.00048876,-0.030303,-0.060606,-0.070381,-0.045455,-0.040567,-0.035191,-0.080645,-0.020528,0.01955,0.07478,0.20479,0.34506,0.39003,0.15494,-0.075269,-0.20039,-0.21554,-0.095308,-0.065494,-0.070381,-0.050342,-0.1002,-0.075269,-0.085533,-0.085533,-0.045455,-0.030303,-0.05523,-0.045455,-0.05523,-0.030303,-0.040567,-0.010264,-0.015152,-0.00048876,-0.010264,0.01955,0.029814,0.049853,0.039589,0.044477,0.024438,0.039589,0.029814,0.01955,0.044477,0.029814,0.039589,0.029814,0.039589,0.034702,0.049853,0.039589,0.059629,0.059629,0.069892,0.079668,0.094819,0.089932,0.11975,0.10948,0.14467,0.15494,0.14956,0.089932,0.069892,0.054741,0.059629,0.069892,0.039589,0.049853,0.014663,0.0043988,-0.025415,-0.010264,-0.00048876,0.0097752,0.0043988,0.0097752,0.059629,0.14467,0.30987,0.43988,0.45503,0.1349,-0.060606,-0.15054,-0.11535,-0.060606,-0.070381,-0.05523,-0.045455,-0.05523,-0.035191,-0.050342,-0.035191,-0.035191,-0.020528,-0.030303,-0.040567,-0.065494,-0.030303,-0.020528,-0.0053763,-0.00048876,0.014663,0.0097752,0.039589,0.039589,0.039589,0.024438,0.034702,0.029814,0.034702,0.039589,0.029814,0.014663,0.024438,0.034702,-0.010264,-0.0053763,0.0097752,-0.010264,0.0043988,0.014663,0.0097752,0.039589,0.01955,0.079668,0.099707,0.10459,0.089932,0.094819,0.069892,0.07478,-0.00048876,0.0043988,-0.020528,0.0043988,-0.035191,-0.05523,-0.035191,-0.040567,-0.065494,-0.040567,-0.065494,-0.045455,-0.035191,0.024438,0.07478,0.1999,0.3348,0.37977,0.089932,-0.095308,-0.16031,-0.11046,-0.060606,-0.05523,-0.060606,-0.05523,-0.045455,-0.05523,-0.05523,-0.045455,-0.030303,-0.05523,-0.015152,-0.035191,-0.040567,-0.015152,-0.025415,-0.010264,0.01955,0.014663,0.034702,0.039589,0.029814,0.039589,0.049853,0.039589,0.029814,0.039589,0.014663,0.039589,0.014663,0.039589,0.029814,0.029814,-0.0053763,-0.010264,0.0097752,0.029814,0.014663,0.034702,0.029814,0.014663,0.039589,0.054741,0.069892,0.059629,0.084555,0.07478,0.10948,0.084555,0.059629,0.01955,0.014663,0.0043988,-0.020528,-0.030303,-0.010264,-0.040567,-0.040567,-0.05523,-0.050342,-0.060606,-0.050342,-0.070381,-0.035191,0.014663,0.10459,0.26491,0.3651,0.37488,-0.020528,-0.14565,-0.20039,-0.1002,-0.070381,-0.05523,-0.05523,-0.050342,-0.05523,-0.035191,-0.050342,-0.035191,-0.050342,-0.040567,-0.05523,-0.025415,-0.020528,-0.0053763,-0.020528,0.0043988,0.01955,0.014663,0.01955,0.039589,0.044477,0.039589,0.054741,0.059629,0.069892,0.044477,0.039589,0.024438,0.034702,-0.0053763,0.014663,-0.00048876,0.0097752,0.014663,-0.00048876,0.0097752,0.029814,0.014663,0.034702,0.044477,0.034702,0.079668,0.10948,0.084555,0.07478,0.099707,0.084555,0.049853,0.014663,0.0043988,-0.020528,-0.015152,-0.035191,-0.05523,-0.065494,-0.05523,-0.05523,-0.050342,-0.05523,-0.040567,-0.035191,-0.0053763,0.029814,0.07478,0.20479,0.32991,0.21457,-0.010264,-0.16569,-0.21065,-0.1305,-0.05523,-0.050342,-0.065494,-0.050342,-0.070381,-0.040567,-0.045455,-0.010264,-0.035191,-0.025415,-0.035191,-0.035191,-0.025415,-0.00048876,-0.010264,-0.015152,-0.010264,0.01955,0.034702,0.024438,0.049853,0.034702,0.064516,0.069892,0.049853,0.064516,0.079668,0.039589,0.034702,0.039589,0.029814,0.014663,0.0097752,0.024438,0.039589,0.034702,0.069892,0.044477,0.039589,0.049853,0.039589,0.064516,0.089932,0.084555,0.11486,0.13978,0.14467,0.064516,0.034702,0.024438,0.014663,-0.00048876,-0.010264,-0.030303,-0.035191,-0.010264,-0.035191,-0.035191,-0.030303,-0.010264,-0.025415,-0.00048876,0.01955,0.11486,0.28006,0.44477,0.47507,0.19501,-0.035191,-0.13539,-0.15054,-0.035191,-0.030303,-0.035191,-0.010264,-0.015152,0.014663,-0.010264,0.014663,-0.010264,-0.00048876,-0.0053763,0.0097752,-0.00048876,0.014663,-0.0053763,0.01955,-0.0053763,0.029814,0.039589,0.039589,0.044477,0.039589,0.054741,0.064516,0.069892,0.049853,0.064516,0.039589,0.049853,0.039589,0.044477,0.039589,0.059629,0.034702,0.054741,0.039589,0.059629,0.054741,0.07478,0.079668,0.099707,0.089932,0.12952,0.10948,0.079668,0.039589,0.014663,0.014663,0.0043988,0.0097752,-0.010264,-0.030303,-0.040567,-0.040567,-0.045455,-0.030303,-0.040567,-0.035191,-0.035191,0.0097752,0.069892,0.22483,0.36999,0.435,0.18964,-0.025415,-0.16569,-0.17058,-0.09042,-0.080645,-0.085533,-0.075269,-0.080645,-0.050342,-0.05523,-0.065494,-0.05523,-0.035191,-0.045455,-0.030303,-0.010264,-0.020528,-0.010264,-0.025415,-0.010264,-0.020528,0.014663,0.01955,0.029814,0.014663,0.039589,0.024438,0.039589,0.01955,0.039589,0.014663,0.024438,-0.0053763,0.0043988,0.0097752,-0.015152,0.014663,0.01955,0.029814,0.0097752,0.01955,0.014663,0.039589,0.039589,0.064516,0.084555,0.089932,0.079668,0.11486,0.089932,0.07478,0.039589,0.034702,0.014663,0.014663,-0.010264,-0.010264,-0.040567,-0.045455,-0.035191,-0.050342,-0.065494,-0.045455,-0.035191,-0.040567,-0.010264,0.049853,0.20968,0.3651,0.435,0.1349,-0.080645,-0.20039,-0.1305,-0.09042,-0.075269,-0.080645,-0.070381,-0.080645,-0.060606,-0.05523,-0.060606,-0.050342,-0.05523,-0.050342,-0.035191,-0.060606,-0.040567,-0.035191,-0.010264,-0.015152,-0.025415,-0.00048876,0.014663,0.01955,0.014663,0.034702,0.039589,0.054741,0.039589,0.049853,0.01955,0.034702,0.014663,0.024438,0.01955,0.01955,0.014663,0.024438,0.014663,0.024438,0.039589,0.054741,0.064516,0.089932,0.084555,0.079668,0.10948,0.099707,0.079668,0.044477,0.01955,0.014663,-0.00048876,-0.065494,-0.05523,-0.050342,-0.035191,-0.05523,-0.035191,-0.050342,-0.030303,-0.040567,-0.015152,-0.010264,-0.015152,-0.00048876,0.029814,0.034702,0.039589,0.039589,0.054741,0.039589,0.054741,0.044477,0.039589,0.044477,-0.010264,0.0043988,0.0097752,0.01955,0.0043988,0.01955,0.0097752,0.024438,0.01955,0.0097752,0.0097752,0.039589,0.044477,0.079668,0.069892,0.089932,0.099707,0.084555,0.054741,0.039589,0.014663,-0.00048876,0.0043988,-0.0053763,-0.030303,-0.05523,-0.070381,-0.060606,-0.045455,-0.065494,-0.060606,-0.05523,-0.035191,-0.020528,0.054741,0.14956,0.28006,0.34995,0.1999,0.024438,-0.075269,-0.1305,-0.080645,-0.060606,-0.09042,-0.065494,-0.080645,-0.035191,-0.045455,-0.05523,-0.045455,-0.025415,-0.045455,-0.035191,-0.05523,-0.035191,-0.030303,-0.0053763,-0.045455,-0.035191,-0.030303,-0.015152,-0.00048876,0.039589,0.01955,0.0097752,0.01955,-0.0053763,0.034702,0.044477,0.01955,0.034702,0.029814,0.0097752,0.014663,0.01955,0.024438,0.0043988,0.01955,0.014663,0.039589,0.044477,0.084555,0.084555,0.079668,0.059629,0.099707,0.11975,0.12463,0.089932,0.10459,0.10948,0.07478,0.034702,0.07478,0.11486,0.12952,0.0043988,-0.16031,-0.33578,-0.50049,-0.50049,-0.50049,-0.45064,-0.22043,-0.050342,0.014663,0.089932,0.10459,0.12463,0.12952,0.14956,0.15494,0.17986,0.20968,0.22972,0.23998,0.26979,0.29472,0.32991,0.34995,0.37488,0.39003,0.39492,0.40469,0.3651,0.34506,0.3001,0.27468,0.22483,0.1999,0.15494,0.13978,0.099707,0.094819,0.054741,0.059629,0.039589,0.034702,0.024438,0.029814,0.0043988,0.0097752,0.014663,-0.0053763,-0.010264,-0.010264,-0.010264,-0.015152,-0.00048876,0.0097752,0.029814,0.024438,0.034702,0.01955,0.059629,0.049853,0.029814,-0.015152,-0.025415,-0.040567,-0.050342,-0.045455,-0.05523,-0.085533,-0.075269,-0.070381,-0.085533,-0.070381,-0.09042,-0.075269,-0.09042,-0.020528,0.054741,0.2346,0.37488,0.43011,0.15982,-0.05523,-0.20039,-0.23069,-0.14565,-0.10557,-0.12023,-0.095308,-0.1002,-0.085533,-0.09042,-0.075269,-0.095308,-0.080645,-0.070381,-0.060606,-0.05523,-0.070381,-0.045455,-0.050342,-0.035191,-0.040567,-0.010264,-0.015152,0.014663,-0.00048876,0.014663,0.014663,0.024438,0.014663,0.024438,-0.0053763,0.014663,-0.015152,0.0043988,-0.010264,0.0043988,-0.015152,-0.00048876,0.0043988,0.01955,0.0097752,0.029814,0.054741,0.079668,0.059629,0.069892,0.094819,0.089932,0.059629,0.034702,0.014663,-0.0053763,0.0043988,-0.010264,-0.0053763,-0.050342,-0.040567,-0.05523,-0.045455,-0.040567,-0.05523,-0.040567,-0.05523,-0.0053763,0.049853,0.17498,0.33969,0.39003,0.14956,-0.065494,-0.18035,-0.15054,-0.075269,-0.05523,-0.070381,-0.045455,-0.050342,-0.045455,-0.05523,-0.035191,-0.040567,-0.025415,-0.040567,-0.025415,-0.035191,-0.025415,-0.020528,-0.00048876,0.0097752,-0.0053763,0.01955,0.049853,0.054741,0.039589,0.054741,0.039589,0.049853,0.034702,0.039589,0.029814,0.029814,0.01955,0.039589,0.01955,0.029814,0.014663,0.024438,0.01955,0.034702,0.024438,0.049853,0.039589,0.069892,0.084555,0.084555,0.089932,0.11975,0.12952,0.10459,0.069892,0.039589,0.029814,0.014663,-0.0053763,-0.015152,-0.0053763,-0.05523,-0.045455,-0.065494,-0.05523,-0.080645,-0.075269,-0.05523,0.0043988,0.059629,0.18964,0.3348,0.3998,0.17498,-0.035191,-0.16569,-0.18035,-0.065494,-0.05523,-0.060606,-0.050342,-0.035191,-0.030303,-0.025415,-0.035191,-0.030303,-0.035191,-0.025415,-0.035191,-0.010264,-0.030303,-0.010264,-0.015152,0.014663,0.014663,0.034702,0.039589,0.044477,0.039589,0.059629,0.044477,0.059629,0.044477,0.039589,0.049853,0.059629,0.039589,0.039589,0.044477,0.029814,0.039589,0.034702,0.039589,0.034702,0.054741,0.044477,0.084555,0.10459,0.10948,0.099707,0.12952,0.1349,0.10948,0.064516,0.059629,0.014663,0.0097752,0.01955,0.014663,-0.015152,-0.025415,-0.020528,-0.035191,-0.030303,-0.045455,-0.025415,-0.040567,0.014663,0.049853,0.18475,0.32991,0.41007,0.16471,-0.050342,-0.16031,-0.17058,-0.09042,-0.075269,-0.085533,-0.050342,-0.05523,-0.035191,-0.045455,-0.035191,-0.040567,-0.045455,-0.035191,-0.045455,-0.020528,-0.035191,-0.0053763,-0.010264,-0.00048876,-0.010264,0.029814,0.034702,0.044477,0.034702,0.044477,0.039589,0.059629,0.034702,0.039589,0.014663,0.039589,0.014663,0.01955,-0.00048876,0.01955,0.0097752,0.024438,0.0097752,0.0043988,0.034702,0.029814,0.054741,0.079668,0.089932,0.084555,0.10948,0.10459,0.11486,0.054741,0.029814,0.0043988,0.0097752,-0.030303,-0.00048876,-0.035191,-0.035191,-0.080645,-0.060606,-0.070381,-0.075269,-0.05523,-0.025415,-0.0053763,0.049853,0.099707,0.24487,0.34506,0.18475,-0.05523,-0.18573,-0.21554,-0.14027,-0.085533,-0.070381,-0.040567,-0.060606,-0.040567,-0.020528,-0.025415,-0.05523,-0.035191,-0.025415,-0.00048876,-0.010264,-0.020528,-0.00048876,-0.015152,-0.010264,0.034702,0.059629,0.034702,0.024438,0.044477,0.059629,0.039589,0.059629,0.044477,0.059629,0.064516,0.07478,0.039589,0.054741,0.059629,0.01955,0.0043988,0.049853,0.059629,0.044477,0.059629,0.064516,0.064516,0.079668,0.094819,0.099707,0.1349,0.14467,0.15494,0.089932,0.099707,0.054741,0.029814,0.0097752,0.044477,0.014663,0.024438,-0.020528,-0.025415,-0.035191,-0.00048876,-0.010264,0.0097752,-0.0053763,0.064516,0.12463,0.33969,0.47996,0.37977,0.13978,-0.040567,-0.14027,-0.15543,-0.040567,-0.025415,-0.015152,-0.030303,-0.010264,-0.010264,-0.0053763,-0.010264,0.0097752,-0.010264,0.014663,0.01955,0.014663,0.029814,-0.00048876,0.01955,0.039589,0.014663,0.024438,0.039589,0.034702,0.054741,0.039589,0.059629,0.044477,0.059629,0.049853,0.064516,0.034702,0.039589,0.024438,0.054741,0.039589,0.039589,0.044477,0.079668,0.084555,0.10948,0.089932,0.10459,0.10948,0.12463,0.084555,0.07478,0.034702,0.039589,0.014663,0.0043988,0.014663,-0.025415,-0.040567,-0.05523,-0.030303,-0.05523,-0.035191,-0.045455,-0.030303,0.0043988,0.064516,0.20479,0.36999,0.41984,0.19501,-0.035191,-0.14027,-0.15054,-0.070381,-0.080645,-0.05523,-0.065494,-0.060606,-0.050342,-0.050342,-0.035191,-0.045455,-0.035191,-0.045455,-0.030303,-0.040567,-0.020528,-0.035191,-0.030303,-0.015152,0.0097752,0.0043988,0.034702,0.014663,0.044477,0.039589,0.044477,0.034702,0.029814,0.044477,0.01955,0.034702,0.014663,0.01955,0.0043988,-0.0053763,0.0043988,0.0097752,-0.00048876,0.0097752,0.01955,0.044477,0.039589,0.099707,0.059629,0.084555,0.094819,0.10948,0.069892,0.054741,0.014663,0.01955,-0.010264,-0.010264,-0.025415,-0.040567,-0.035191,-0.050342,-0.070381,-0.080645,-0.045455,-0.080645,-0.05523,-0.025415,0.054741,0.1696,0.31965,0.37488,0.14467,-0.080645,-0.19062,-0.21065,-0.070381,-0.080645,-0.040567,-0.050342,-0.05523,-0.070381,-0.05523,-0.05523,-0.065494,-0.05523,-0.065494,-0.050342,-0.070381,-0.045455,-0.050342,-0.00048876,0.0097752,-0.0053763,0.014663,0.01955,0.014663,0.054741,0.044477,0.059629,0.054741,0.059629,-0.00048876,-0.010264,-0.015152,0.014663,-0.015152,-0.0053763,-0.010264,0.0097752,0.014663,-0.015152,0.044477,0.07478,0.054741,0.054741,0.079668,0.039589,0.059629,0.089932,0.11486,0.054741,0.029814,0.0097752,0.079668,0.01955,0.014663,-0.040567,-0.010264,-0.020528,-0.060606,-0.075269,-0.030303,-0.015152,-0.035191,-0.025415,0.0043988,0.094819,0.28983,0.41984,0.43011,0.11975,-0.080645,-0.18573,-0.20039,-0.070381,-0.060606,-0.050342,-0.05523,-0.015152,-0.040567,-0.030303,-0.030303,-0.0053763,-0.015152,-0.010264,-0.010264,-0.00048876,-0.010264,0.0097752,0.014663,-0.00048876,0.014663,0.039589,0.044477,0.064516,0.079668,0.064516,0.07478,0.069892,0.084555,0.069892,0.059629,0.044477,0.039589,0.034702,0.049853,0.039589,0.044477,0.039589,0.069892,0.064516,0.089932,0.084555,0.10459,0.094819,0.12463,0.099707,0.07478,0.034702,0.039589,0.014663,0.014663,0.0043988,-0.015152,-0.030303,-0.050342,-0.045455,-0.050342,-0.030303,-0.045455,-0.025415,-0.010264,0.059629,0.15982,0.34995,0.40469,0.22483,-0.020528,-0.14565,-0.17546,-0.075269,-0.070381,-0.095308,-0.080645,-0.070381,-0.05523,-0.045455,-0.050342,-0.05523,-0.030303,-0.05523,-0.045455,-0.050342,-0.020528,-0.035191,-0.020528,-0.025415,-0.010264,-0.015152,0.014663,0.024438,0.054741,0.024438,0.01955,0.039589,0.049853,0.034702,0.024438,0.034702,0.01955,0.029814,-0.010264,0.0097752,-0.0053763,0.01955,-0.00048876,0.029814,0.034702,0.044477,0.034702,0.094819,0.084555,0.10948,0.099707,0.11975,0.07478,0.054741,0.014663,0.014663,-0.020528,-0.035191,-0.030303,-0.05523,-0.045455,-0.070381,-0.05523,-0.070381,-0.060606,-0.1002,-0.080645,-0.025415,0.044477,0.16471,0.32991,0.37488,0.15494,-0.085533,-0.17058,-0.18035,-0.085533,-0.080645,-0.09042,-0.085533,-0.060606,-0.05523,-0.035191,-0.05523,-0.070381,-0.060606,-0.065494,-0.050342,-0.05523,-0.040567,-0.030303,-0.015152,-0.030303,0.0043988,-0.00048876,0.01955,0.034702,0.054741,0.029814,0.044477,0.039589,0.049853,0.034702,0.039589,0.014663,0.034702,0.0097752,0.0043988,0.0097752,-0.010264,0.01955,0.014663,0.029814,0.024438,0.054741,0.064516,0.07478,0.059629,0.094819,0.089932,0.10459,0.054741,0.029814,-0.00048876,0.0043988,-0.010264,-0.00048876,-0.030303,-0.035191,-0.05523,-0.040567,-0.035191,-0.060606,-0.045455,-0.05523,-0.0053763,0.049853,0.12463,0.23998,0.3348,0.17498,0.0043988,-0.09042,-0.11535,-0.085533,-0.05523,-0.065494,-0.050342,-0.05523,-0.035191,-0.050342,-0.040567,-0.050342,-0.030303,-0.035191,-0.015152,-0.045455,-0.050342,-0.030303,-0.040567,-0.015152,-0.015152,-0.0053763,0.0097752,0.014663,0.0097752,0.024438,0.0097752,0.024438,0.014663,0.039589,0.024438,0.034702,0.0097752,0.01955,-0.010264,0.01955,0.01955,0.034702,0.0097752,0.0043988,0.024438,0.044477,0.07478,0.089932,0.094819,0.079668,0.10948,0.10459,0.10948,0.064516,0.039589,0.014663,0.01955,-0.010264,0.0043988,-0.010264,-0.030303,-0.050342,-0.050342,-0.05523,-0.045455,-0.050342,-0.025415,-0.0053763,0.069892,0.16471,0.29472,0.32991,0.11486,-0.080645,-0.19062,-0.1955,-0.080645,-0.05523,-0.060606,-0.045455,-0.05523,-0.025415,-0.040567,-0.025415,-0.035191,-0.020528,-0.030303,-0.025415,-0.030303,-0.00048876,-0.020528,-0.010264,0.0043988,0.01955,0.014663,0.044477,0.049853,0.069892,0.059629,0.079668,0.054741,0.059629,0.054741,0.049853,0.054741,0.034702,0.039589,0.01955,0.034702,0.01955,0.029814,0.014663,0.034702,0.039589,0.059629,0.07478,0.084555,0.064516,0.084555,0.10459,0.11486,0.069892,0.044477,0.0097752,0.014663,-0.0053763,-0.015152,-0.00048876,-0.010264,-0.030303,-0.045455,-0.025415,-0.045455,-0.05523,-0.050342,-0.030303,0.014663,0.07478,0.18964,0.30987,0.34995,0.089932,-0.11046,-0.17546,-0.1955,-0.075269,-0.070381,-0.050342,-0.05523,-0.050342,-0.05523,-0.035191,-0.035191,-0.015152,-0.010264,-0.030303,-0.035191,-0.035191,-0.010264,-0.0053763,0.014663,0.0043988,0.029814,0.01955,0.054741,0.039589,0.044477,0.024438,0.039589,0.024438,0.054741,0.059629,0.044477,0.029814,0.044477,0.01955,0.0097752,0.0097752,0.034702,0.01955,0.0097752,0.024438,0.039589,0.059629,0.054741,0.084555,0.069892,0.084555,0.10948,0.12952,0.069892,0.044477,0.024438,0.034702,-0.00048876,0.0097752,-0.020528,-0.030303,-0.010264,-0.015152,-0.035191,-0.030303,-0.035191,-0.025415,-0.010264,0.014663,0.089932,0.24976,0.37977,0.39492,0.12463,-0.070381,-0.16031,-0.17546,-0.060606,-0.075269,-0.060606,-0.05523,-0.025415,-0.010264,-0.025415,-0.020528,-0.05523,-0.070381,-0.040567,-0.060606,-0.045455,-0.040567,-0.0053763,0.0043988,-0.010264,0.01955,-0.010264,-0.010264,0.0043988,0.01955,0.0043988,0.034702,0.014663,0.039589,0.049853,0.039589,0.01955,0.039589,0.024438,0.044477,0.024438,0.039589,0.044477,0.064516,0.069892,0.084555,0.099707,0.10948,0.12463,0.11975,0.14956,0.12952,0.10459,0.084555,0.07478,0.064516,0.07478,0.039589,0.034702,0.0043988,-0.00048876,-0.010264,-0.00048876,-0.030303,-0.0053763,-0.030303,-0.0053763,0.039589,0.1349,0.30499,0.43988,0.32991,0.084555,-0.095308,-0.15543,-0.080645,-0.065494,-0.05523,-0.070381,-0.05523,-0.065494,-0.035191,-0.05523,-0.035191,-0.045455,-0.035191,-0.035191,-0.035191,-0.040567,-0.030303,-0.025415,-0.0053763,-0.015152,-0.00048876,0.0043988,0.029814,0.014663,0.029814,0.039589,0.034702,0.039589,0.034702,0.029814,0.024438,0.0097752,-0.00048876,0.024438,0.0097752,0.014663,0.0043988,0.0097752,0.01955,0.044477,0.039589,0.07478,0.064516,0.094819,0.099707,0.10948,0.069892,0.039589,0.01955,0.0097752,-0.010264,-0.015152,-0.0053763,-0.040567,-0.040567,-0.05523,-0.050342,-0.065494,-0.040567,-0.05523,-0.040567,-0.015152,0.049853,0.1999,0.37977,0.435,0.18964,-0.045455,-0.16031,-0.13539,-0.085533,-0.095308,-0.085533,-0.080645,-0.095308,-0.085533,-0.1002,-0.065494,-0.060606,-0.05523,-0.060606,-0.050342,-0.060606,-0.035191,-0.05523,-0.025415,-0.035191,-0.0053763,-0.00048876,0.014663,0.024438,0.01955,0.029814,0.01955,0.034702,0.01955,0.034702,0.01955,0.024438,0.0097752,0.014663,0.0043988,0.0097752,-0.010264,-0.00048876,-0.010264,0.0043988,0.014663,0.029814,0.024438,0.07478,0.079668,0.079668,0.084555,0.10948,0.079668,0.069892,0.024438,0.034702,0.0097752,0.0043988,-0.010264,-0.015152,-0.010264,-0.045455,-0.050342,-0.05523,-0.035191,-0.05523,-0.050342,-0.070381,0.014663,0.094819,0.28495,0.39492,0.21994,-0.035191,-0.15543,-0.20039,-0.12023,-0.10557,-0.080645,-0.095308,-0.065494,-0.05523,-0.060606,-0.050342,-0.060606,-0.045455,-0.05523,-0.040567,-0.045455,-0.035191,-0.045455,-0.030303,-0.015152,-0.010264,-0.010264,0.014663,0.0043988,0.01955,0.0097752,0.01955,0.014663,0.039589,0.029814,0.034702,0.014663,0.024438,-0.00048876,0.0043988,-0.010264,0.0097752,-0.00048876,0.01955,0.0043988,0.024438,0.034702,0.029814,0.07478,0.07478,0.089932,0.099707,0.11975,0.079668,0.049853,0.014663,0.029814,-0.0053763,-0.010264,-0.040567,-0.035191,-0.05523,-0.045455,-0.060606,-0.05523,-0.065494,-0.050342,-0.05523,-0.020528,0.039589,0.10948,0.24976,0.31965,0.15982,-0.070381,-0.18035,-0.21065,-0.09042,-0.070381,-0.060606,-0.075269,-0.045455,-0.050342,-0.035191,-0.030303,-0.040567,-0.035191,-0.025415,-0.040567,-0.035191,-0.035191,-0.015152,-0.010264,-0.015152,0.01955,0.024438,0.01955,0.034702,0.049853,0.049853,0.059629,0.054741,0.07478,0.054741,0.059629,0.039589,0.039589,0.01955,0.034702,0.024438,0.039589,0.014663,0.01955,0.014663,0.034702,0.029814,0.059629,0.059629,0.079668,0.064516,0.094819,0.11486,0.10948,0.059629,0.029814,0.01955,0.024438,0.0097752,-0.010264,-0.0053763,-0.035191,-0.040567,-0.05523,-0.025415,-0.045455,-0.040567,-0.05523,-0.020528,0.0097752,0.07478,0.1999,0.32991,0.35973,0.029814,-0.1305,-0.20528,-0.15543,-0.065494,-0.050342,-0.060606,-0.045455,-0.050342,-0.035191,-0.045455,-0.020528,-0.035191,-0.020528,-0.035191,-0.015152,-0.020528,-0.0053763,-0.010264,-0.0053763,0.0097752,0.024438,0.034702,0.044477,0.049853,0.059629,0.039589,0.024438,0.044477,0.049853,0.034702,0.029814,0.034702,0.029814,0.039589,0.039589,0.049853,0.014663,0.024438,0.0097752,0.039589,0.024438,0.039589,0.059629,0.084555,0.079668,0.07478,0.089932,0.10948,0.084555,0.094819,0.064516,0.049853,0.014663,0.0043988,-0.030303,-0.045455,-0.035191,-0.05523,-0.045455,-0.035191,-0.020528,-0.05523,-0.020528,0.024438,0.094819,0.22483,0.37488,0.41984,0.17986,-0.09042,-0.20528,-0.21554,-0.09042,-0.080645,-0.060606,-0.05523,-0.065494,-0.045455,-0.050342,-0.035191,-0.040567,-0.050342,-0.020528,-0.010264,-0.030303,-0.020528,-0.030303,-0.0053763,-0.010264,0.01955,0.0043988,0.029814,0.034702,0.059629,0.044477,0.034702,0.014663,0.049853,0.044477,0.049853,0.01955,0.014663,0.034702,0.029814,0.044477,0.039589,0.044477,0.01955,0.039589,0.049853,0.069892,0.084555,0.094819,0.069892,0.10948,0.1349,0.10459,0.069892,0.059629,0.034702,0.029814,0.014663,0.029814,-0.0053763,-0.020528,-0.030303,-0.010264,-0.00048876,-0.010264,-0.025415,-0.040567,-0.015152,0.034702,0.12463,0.28495,0.42473,0.30499,0.11975,-0.035191,-0.085533,-0.095308,-0.040567,-0.065494,-0.075269,-0.075269,-0.060606,-0.05523,-0.060606,-0.045455,-0.060606,-0.035191,-0.05523,-0.035191,-0.025415,-0.035191,-0.025415,-0.010264,-0.020528,-0.010264,-0.015152,0.0097752,-0.0053763,0.014663,0.0097752,0.029814,0.0097752,0.029814,0.01955,0.029814,0.014663,0.01955,0.0043988,0.024438,0.014663,0.039589,0.024438,0.044477,0.054741,0.059629,0.064516,0.079668,0.094819,0.084555,0.10948,0.10948,0.089932,0.064516,0.049853,0.029814,0.014663,-0.00048876,0.014663,-0.015152,-0.010264,-0.040567,-0.020528,-0.035191,-0.040567,-0.050342,-0.025415,0.0097752,0.044477,0.12463,0.28495,0.3651,0.19501,0.0097752,-0.1305,-0.18035,-0.13539,-0.11535,-0.12561,-0.080645,-0.050342,-0.025415,-0.05523,-0.05523,-0.05523,-0.045455,-0.075269,-0.045455,-0.050342,-0.020528,-0.030303,-0.025415,-0.050342,-0.065494,-0.015152,0.014663,0.029814,0.0097752,0.01955,0.044477,0.069892,0.044477,0.0097752,0.0043988,0.034702,0.01955,0.029814,-0.015152,0.0097752,0.014663,0.024438,0.0097752,0.049853,0.039589,0.07478,0.089932,0.11975,0.099707,0.089932,0.11975,0.1349,0.099707,0.059629,0.044477,0.07478,0.044477,0.039589,0.029814,-0.010264,-0.015152,-0.030303,0.0043988,-0.010264,-0.010264,-0.010264,-0.010264,0.0097752,0.079668,0.16471,0.3348,0.45992,0.32502,0.11975,-0.0053763,-0.080645,-0.065494,-0.05523,-0.060606,-0.065494,-0.05523,-0.05523,-0.040567,-0.035191,-0.075269,-0.05523,-0.05523,-0.040567,-0.060606,-0.035191,-0.045455,-0.040567,-0.060606,-0.040567,-0.045455,-0.0053763,0.014663,0.014663,-0.010264,0.0097752,0.014663,-0.00048876,0.01955,0.0097752,0.014663,0.0043988,0.024438,0.034702,0.014663,-0.0053763,0.0043988,-0.00048876,0.034702,0.044477,0.069892,0.059629,0.084555,0.10948,0.11486,0.12463,0.099707,0.059629,0.054741,0.059629,0.064516,0.024438,0.0097752,-0.025415,-0.035191,-0.025415,-0.035191,-0.045455,-0.05523,-0.030303,-0.040567,0.0043988,0.044477,0.1696,0.32502,0.41496,0.23998,0.01955,-0.14565,-0.17546,-0.11046,-0.05523,-0.075269,-0.05523,-0.065494,-0.070381,-0.05523,-0.040567,-0.035191,-0.045455,-0.05523,-0.060606,-0.030303,-0.035191,-0.010264,-0.020528,-0.00048876,-0.0053763,0.0043988,0.0097752,0.034702,0.039589,0.044477,0.029814,0.039589,0.039589,0.039589,0.034702,0.034702,0.014663,0.0097752,0.014663,0.024438,0.0097752,-0.00048876,0.0043988,-0.00048876,0.01955,0.014663,0.044477,0.069892,0.084555,0.064516,0.094819,0.11486,0.12952,0.084555,0.059629,0.029814,0.034702,0.014663,0.014663,-0.025415,-0.035191,-0.040567,-0.045455,-0.050342,-0.040567,-0.035191,-0.035191,-0.030303,0.0097752,0.069892,0.22483,0.34995,0.37977,0.089932,-0.1002,-0.17058,-0.18035,-0.075269,-0.080645,-0.060606,-0.065494,-0.045455,-0.035191,-0.025415,-0.05523,-0.035191,-0.025415,-0.015152,-0.040567,-0.030303,-0.015152,-0.020528,-0.010264,0.0043988,0.014663,0.01955,0.039589,0.049853,0.059629,0.044477,0.059629,0.044477,0.039589,0.01955,0.039589,0.014663,0.014663,-0.00048876,0.014663,-0.010264,0.0097752,0.0043988,0.034702,0.024438,0.01955,0.044477,0.084555,0.094819,0.084555,0.10459,0.11975,0.10459,0.069892,0.039589,0.029814,0.039589,0.014663,0.0097752,-0.015152,-0.010264,-0.025415,-0.015152,-0.045455,-0.030303,-0.025415,-0.030303,-0.035191,0.039589,0.11486,0.28495,0.37488,0.24976,0.0097752,-0.11535,-0.1955,-0.12561,-0.080645,-0.05523,-0.050342,-0.065494,-0.050342,-0.045455,-0.035191,-0.045455,-0.035191,-0.050342,-0.05523,-0.040567,-0.050342,-0.065494,-0.025415,-0.030303,-0.010264,-0.0053763,0.0097752,-0.015152,0.0097752,0.039589,0.064516,0.069892,0.039589,0.054741,0.029814,0.039589,0.044477,-0.0053763,-0.040567,-0.040567,-0.05523,-0.050342,-0.0053763,-0.00048876,0.024438,0.15982,0.35484,0.49022,0.3348,0.15494,-0.010264,-0.080645,-0.05523,-0.05523,-0.045455,-0.060606,-0.035191,-0.050342,-0.035191,-0.030303,-0.010264,-0.020528,-0.0053763,-0.045455,-0.020528,-0.010264,-0.010264,-0.015152,0.014663,0.0043988,0.014663,0.014663,0.024438,0.029814,0.024438,0.044477,0.01955,0.029814,0.024438,0.049853,0.029814,0.039589,0.024438,0.01955,0.034702,0.039589,0.029814,0.059629,0.044477,0.069892,0.064516,0.10948,0.099707,0.12463,0.10459,0.084555,0.054741,0.044477,0.039589,0.029814,0.0043988,-0.00048876,-0.025415,-0.020528,-0.035191,-0.030303,-0.025415,-0.030303,-0.040567,-0.020528,0.0097752,0.059629,0.19501,0.35484,0.45992,0.26002,0.024438,-0.14027,-0.16569,-0.080645,-0.070381,-0.075269,-0.070381,-0.080645,-0.05523,-0.065494,-0.05523,-0.045455,-0.05523,-0.045455,-0.05523,-0.050342,-0.040567,-0.020528,-0.015152,-0.030303,-0.010264,0.0097752,0.0097752,0.024438,0.01955,0.039589,0.029814,0.039589,0.034702,0.029814,0.039589,0.029814,0.014663,0.029814,0.014663,0.014663,0.0097752,0.014663,0.024438,0.014663,0.029814,0.01955,0.054741,0.034702,0.079668,0.084555,0.089932,0.10459,0.12463,0.084555,0.069892,0.034702,0.039589,0.014663,0.0097752,-0.010264,-0.025415,-0.050342,-0.035191,-0.045455,-0.035191,-0.045455,-0.035191,-0.050342,-0.00048876,0.049853,0.19501,0.3651,0.44477,0.21994,-0.030303,-0.15543,-0.16569,-0.075269,-0.080645,-0.05523,-0.05523,-0.060606,-0.075269,-0.060606,-0.070381,-0.040567,-0.065494,-0.05523,-0.050342,-0.05523,-0.045455,-0.050342,-0.025415,-0.010264,0.0043988,0.014663,0.024438,0.014663,0.039589,0.029814,0.034702,0.029814,0.044477,0.034702,0.034702,0.01955,0.029814,0.0097752,0.014663,-0.00048876,0.014663,0.0097752,0.024438,0.01955,0.039589,0.044477,0.069892,0.079668,0.094819,0.10459,0.10948,0.11486,0.079668,0.044477,0.014663,0.0097752,-0.015152,-0.010264,-0.030303,-0.040567,-0.05523,-0.035191,-0.05523,-0.040567,-0.05523,-0.035191,-0.040567,0.0043988,0.054741,0.21994,0.35484,0.3998,0.094819,-0.1002,-0.21554,-0.15543,-0.1002,-0.10557,-0.080645,-0.1002,-0.080645,-0.070381,-0.05523,-0.075269,-0.040567,-0.045455,-0.035191,-0.05523,-0.040567,-0.050342,-0.030303,-0.035191,-0.010264,-0.0053763,0.0043988,0.0097752,0.024438,0.039589,0.034702,0.044477,0.039589,0.044477,0.029814,0.044477,0.024438,0.029814,0.014663,0.0097752,0.0043988,0.014663,0.0097752,0.024438,0.0097752,0.01955,0.029814,0.049853,0.059629,0.084555,0.07478,0.094819,0.094819,0.10459,0.064516,0.044477,0.014663,0.029814,0.0043988,-0.010264,-0.030303,-0.045455,-0.035191,-0.05523,-0.050342,-0.05523,-0.030303,-0.060606,-0.035191,-0.00048876,0.07478,0.17498,0.31965,0.34506,0.089932,-0.11535,-0.17546,-0.18035,-0.05523,-0.050342,-0.040567,-0.035191,-0.05523,-0.035191,-0.040567,-0.020528,-0.020528,-0.015152,-0.025415,-0.020528,-0.035191,-0.030303,-0.020528,-0.0053763,-0.00048876,0.0097752,0.014663,0.034702,0.024438,0.059629,0.044477,0.079668,0.054741,0.059629,0.039589,0.049853,0.059629,0.039589,0.01955,0.034702,0.01955,0.014663,0.029814,0.014663,0.039589,0.01955,0.039589,0.039589,0.07478,0.079668,0.059629,0.099707,0.1349,0.099707,0.084555,0.029814,0.01955,-0.010264,-0.00048876,0.0043988,-0.015152,-0.050342,-0.05523,-0.035191,-0.050342,-0.035191,-0.040567,-0.035191,-0.0053763,0.054741,0.11975,0.29472,0.36999,0.24976,0.024438,-0.1305,-0.18035,-0.11535,-0.075269,-0.065494,-0.05523,-0.045455,-0.040567,-0.025415,-0.035191,-0.030303,-0.035191,-0.010264,-0.035191,-0.05523,-0.035191,-0.015152,-0.00048876,-0.00048876,0.0097752,0.024438,0.014663,-0.00048876,0.024438,0.0097752,0.059629,0.044477,0.059629,0.044477,0.039589,0.0097752,0.044477,0.054741,0.034702,0.0097752,0.034702,0.039589,0.0097752,0.014663,0.0043988,0.054741,0.064516,0.079668,0.064516,0.10948,0.10948,0.12463,0.094819,0.069892,0.039589,0.049853,0.024438,0.034702,0.029814,0.034702,-0.010264,-0.0053763,-0.015152,-0.030303,-0.035191,-0.020528,-0.010264,-0.020528,0.024438,0.094819,0.23998,0.41007,0.49511,0.28495,0.10459,-0.025415,-0.045455,-0.040567,-0.015152,-0.035191,-0.020528,-0.035191,-0.040567,-0.050342,-0.010264,-0.035191,-0.025415,-0.040567,-0.045455,-0.025415,-0.035191,-0.015152,-0.035191,-0.010264,-0.015152,0.0097752,-0.00048876,0.014663,0.01955,0.014663,0.029814,0.034702,0.0097752,0.029814,0.024438,0.029814,0.014663,0.024438,0.0043988,0.01955,0.014663,0.029814,0.024438,0.049853,0.059629,0.089932,0.10459,0.089932,0.10459,0.12463,0.10459,0.084555,0.049853,0.029814,0.034702,0.014663,0.014663,-0.015152,-0.025415,-0.035191,-0.035191,-0.045455,-0.050342,-0.070381,-0.050342,-0.040567,0.01955,0.079668,0.28006,0.40469,0.435,0.11975,-0.065494,-0.18035,-0.11046,-0.060606,-0.060606,-0.05523,-0.065494,-0.050342,-0.05523,-0.045455,-0.060606,-0.040567,-0.05523,-0.045455,-0.05523,-0.030303,-0.035191,-0.015152,-0.025415,-0.00048876,0.0043988,0.024438,0.0097752,0.029814,0.01955,0.039589,0.029814,0.034702,0.039589,0.014663,0.029814,0.0097752,0.014663,0.0043988,0.0097752,0.0043988,0.014663,0.0097752,0.01955,0.014663,0.024438,0.039589,0.054741,0.069892,0.089932,0.07478,0.10459,0.11486,0.10948,0.07478,0.044477,0.029814,0.014663,0.0097752,-0.00048876,0.0097752,-0.025415,-0.035191,-0.045455,-0.045455,-0.05523,-0.045455,-0.035191,-0.025415,0.01955,0.099707,0.27468,0.41496,0.42473,0.089932,-0.10557,-0.16569,-0.1002,-0.05523,-0.050342,-0.05523,-0.040567,-0.05523,-0.045455,-0.05523,-0.040567,-0.05523,-0.045455,-0.05523,-0.035191,-0.060606,-0.035191,-0.040567,-0.030303,-0.020528,0.0097752,0.0043988,0.029814,0.039589,0.049853,0.039589,0.049853,0.039589,0.049853,0.054741,0.039589,0.044477,0.014663,0.01955,0.014663,0.029814,0.0043988,0.014663,0.0097752,0.014663,0.029814,0.044477,0.059629,0.079668,0.084555,0.099707,0.10948,0.11486,0.089932,0.069892,0.01955,0.024438,-0.0053763,-0.010264,-0.00048876,-0.020528,-0.040567,-0.050342,-0.035191,-0.045455,-0.05523,-0.065494,-0.035191,0.0043988,0.059629,0.11975,0.28006,0.34506,0.18475,-0.045455,-0.15543,-0.18573,-0.085533,-0.065494,-0.05523,-0.045455,-0.035191,-0.030303,-0.040567,-0.035191,-0.035191,-0.035191,-0.015152,-0.025415,-0.025415,-0.030303,-0.015152,-0.010264,-0.015152,-0.00048876,0.029814,0.049853,0.049853,0.054741,0.039589,0.049853,0.044477,0.059629,0.049853,0.069892,0.049853,0.039589,0.029814,0.024438,0.014663,0.034702,0.024438,0.034702,0.039589,0.029814,0.044477,0.039589,0.079668,0.069892,0.10459,0.084555,0.12463,0.10948,0.089932,0.079668,0.054741,0.029814,0.024438,0.01955,0.0097752,-0.020528,-0.025415,-0.050342,-0.040567,-0.050342,-0.035191,-0.050342,-0.030303,-0.0053763,0.059629,0.14956,0.30499,0.39003,0.16471,-0.050342,-0.16031,-0.17546,-0.09042,-0.040567,-0.05523,-0.040567,-0.045455,-0.025415,-0.035191,-0.020528,-0.030303,-0.015152,-0.035191,-0.030303,-0.025415,-0.0053763,-0.015152,-0.020528,-0.00048876,0.024438,0.034702,0.014663,0.039589,0.049853,0.059629,0.049853,0.054741,0.049853,0.059629,0.044477,0.054741,0.039589,0.039589,0.024438,0.034702,0.014663,0.029814,0.01955,0.014663,0.039589,0.054741,0.059629,0.089932,0.10459,0.089932,0.10948,0.12952,0.10459,0.079668,0.059629,0.044477,0.029814,-0.0053763,-0.00048876,-0.030303,-0.020528,-0.050342,-0.035191,-0.040567,-0.035191,-0.05523,-0.030303,-0.015152,0.039589,0.094819,0.26491,0.35484,0.24487,0.0097752,-0.12561,-0.17058,-0.095308,-0.045455,-0.05523,-0.040567,-0.045455,-0.035191,-0.035191,-0.025415,-0.035191,-0.015152,-0.015152,-0.010264,-0.020528,-0.015152,-0.020528,-0.010264,-0.010264,0.0097752,0.034702,0.024438,0.039589,0.039589,0.039589,0.054741,0.059629,0.044477,0.059629,0.044477,0.029814,0.034702,0.029814,0.014663,0.01955,0.0097752,0.014663,0.0043988,0.014663,0.014663,0.039589,0.044477,0.079668,0.094819,0.089932,0.07478,0.10459,0.10948,0.10459,0.054741,0.01955,0.024438,-0.020528,-0.015152,-0.045455,-0.050342,-0.045455,-0.040567,-0.050342,-0.05523,-0.070381,-0.060606,-0.050342,0.024438,0.069892,0.15494,0.26979,0.31476,0.069892,-0.10557,-0.17546,-0.18035,-0.070381,-0.065494,-0.075269,-0.060606,-0.05523,-0.060606,-0.050342,-0.060606,-0.020528,-0.040567,-0.010264,-0.010264,0.0043988,-0.010264,0.0043988,-0.00048876,0.034702,-0.0053763,0.014663,-0.010264,0.014663,0.024438,0.044477,0.069892,0.094819,0.07478,0.054741,0.10459,0.07478,0.014663,-0.010264,-0.0053763,0.0097752,0.014663,-0.00048876,0.014663,0.044477,0.084555,0.069892,0.079668,0.12463,0.14956,0.10948,0.11486,0.10948,0.10459,0.059629,0.07478,0.079668,0.014663,0.029814,0.0097752,-0.0053763,-0.00048876,-0.0053763,-0.010264,0.014663,-0.010264,0.0097752,-0.010264,0.024438,0.084555,0.22483,0.38514,0.46481,0.25464,0.049853,-0.1002,-0.1305,-0.065494,-0.00048876,-0.010264,-0.00048876,-0.010264,-0.0053763,-0.00048876,-0.015152,-0.010264,-0.025415,-0.015152,-0.010264,-0.010264,-0.020528,-0.010264,-0.020528,-0.010264,-0.0053763,0.014663,0.024438,0.039589,0.034702,0.054741,0.039589,0.049853,0.044477,0.059629,0.034702,0.029814,0.024438,0.034702,0.014663,0.014663,-0.00048876,0.01955,0.044477,0.039589,0.059629,0.064516,0.079668,0.094819,0.10948,0.099707,0.064516,0.029814,0.034702,0.0097752,0.014663,0.0043988,-0.010264,-0.030303,-0.020528,-0.035191,-0.035191,-0.060606,-0.045455,-0.05523,-0.025415,0.01955,0.11486,0.29472,0.41496,0.29472,0.054741,-0.1002,-0.17058,-0.1002,-0.065494,-0.070381,-0.075269,-0.050342,-0.065494,-0.045455,-0.05523,-0.045455,-0.05523,-0.030303,-0.050342,-0.040567,-0.045455,-0.035191,-0.030303,-0.035191,-0.010264,-0.00048876,0.0097752,0.0043988,0.024438,0.034702,0.044477,0.034702,0.049853,0.029814,0.034702,0.014663,0.0097752,0.0097752,0.014663,-0.0053763,0.0097752,0.014663,0.034702,0.014663,0.029814,0.039589,0.034702,0.064516,0.089932,0.099707,0.079668,0.084555,0.10948,0.079668,0.064516,0.029814,0.014663,0.024438,-0.0053763,0.0097752,-0.030303,-0.035191,-0.035191,-0.035191,-0.050342,-0.045455,-0.05523,-0.045455,-0.035191,0.044477,0.12952,0.31476,0.435,0.28495,0.024438,-0.13539,-0.16569,-0.080645,-0.075269,-0.080645,-0.05523,-0.070381,-0.05523,-0.060606,-0.040567,-0.05523,-0.045455,-0.050342,-0.030303,-0.035191,-0.030303,-0.025415,-0.0053763,-0.020528,0.0043988,-0.0053763,0.01955,0.024438,0.039589,0.024438,0.039589,0.044477,0.059629,0.039589,0.029814,0.024438,0.014663,0.01955,0.014663,0.0097752,-0.00048876,0.039589,0.014663,0.029814,0.034702,0.049853,0.079668,0.089932,0.059629,0.10459,0.11486,0.12463,0.079668,0.054741,0.029814,0.01955,-0.00048876,-0.010264,-0.030303,-0.040567,-0.035191,-0.035191,-0.060606,-0.075269,-0.05523,-0.060606,-0.035191,0.0043988,0.084555,0.24487,0.38514,0.41007,0.084555,-0.11046,-0.16569,-0.11046,-0.080645,-0.075269,-0.065494,-0.060606,-0.040567,-0.05523,-0.050342,-0.040567,-0.020528,-0.035191,-0.050342,-0.035191,-0.040567,-0.025415,-0.030303,-0.015152,-0.015152,0.0043988,-0.0053763,0.014663,0.01955,0.034702,0.029814,0.044477,0.039589,0.059629,0.044477,0.034702,0.024438,0.034702,0.014663,0.014663,0.014663,0.024438,0.0097752,0.0043988,0.029814,0.024438,0.039589,0.049853,0.079668,0.059629,0.089932,0.099707,0.11486,0.079668,0.059629,0.029814,0.024438,-0.010264,0.0043988,-0.010264,-0.015152,-0.045455,-0.040567,-0.050342,-0.040567,-0.05523,-0.045455,-0.040567,-0.010264,0.034702,0.15494,0.30987,0.39003,0.18475,-0.050342,-0.15543,-0.17546,-0.070381,-0.065494,-0.060606,-0.05523,-0.030303,-0.040567,-0.035191,-0.045455,-0.050342,-0.040567,-0.030303,-0.035191,-0.015152,-0.040567,-0.050342,-0.010264,-0.015152,-0.025415,-0.010264,-0.0053763,-0.010264,0.014663,0.024438,0.054741,0.049853,0.059629,0.054741,0.059629,0.0097752,-0.00048876,0.0097752,0.014663,-0.00048876,0.01955,-0.0053763,-0.020528,-0.0053763,0.024438,0.044477,0.014663,0.054741,0.044477,0.039589,0.034702,0.084555,0.07478,0.079668,0.014663,0.029814,0.039589,0.034702,-0.020528,-0.015152,-0.070381,-0.070381,-0.060606,-0.05523,-0.035191,-0.0053763,0.014663,-0.015152,-0.010264,0.10948,0.29472,0.3998,0.28006,0.084555,-0.095308,-0.17546,-0.13539,-0.075269,-0.035191,-0.030303,-0.035191,-0.050342,-0.015152,-0.035191,-0.010264,-0.035191,-0.010264,-0.030303,-0.015152,-0.040567,-0.045455,-0.025415,-0.035191,-0.010264,-0.020528,-0.00048876,0.029814,0.049853,0.049853,0.064516,0.049853,0.059629,0.069892,0.044477,0.039589,0.044477,0.039589,0.049853,0.014663,0.039589,0.01955,0.039589,0.034702,0.069892,0.07478,0.089932,0.10459,0.079668,0.10459,0.12952,0.10459,0.079668,0.059629,0.054741,0.029814,0.049853,0.054741,-0.00048876,-0.020528,-0.035191,-0.030303,-0.050342,-0.015152,-0.030303,-0.025415,-0.035191,0.059629,0.10459,0.25464,0.39492,0.435,0.15494,0.024438,-0.070381,-0.080645,-0.050342,-0.075269,-0.045455,-0.015152,-0.040567,-0.065494,-0.070381,-0.080645,-0.050342,-0.05523,0.11486,0.21994,0.35973,0.15982,-0.070381,-0.21554,-0.18573,-0.13539,-0.085533,-0.065494,-0.025415,-0.010264,-0.015152,-0.00048876,0.01955,0.029814,0.014663,0.01955,0.029814,0.034702,-0.00048876,0.0043988,-0.00048876,0.024438,0.014663,0.039589,0.024438,0.054741,0.039589,0.079668,0.11975,0.10948,0.064516,0.084555,0.089932,0.084555,0.029814,0.014663,0.0097752,0.089932,0.1349,-0.020528,-0.035191,-0.095308,-0.11046,-0.065494,-0.05523,-0.070381,-0.045455,-0.05523,0.024438,0.10459,0.3998,0.84018,0.88025,0.024438,-0.27566,-0.32551,-0.18573,-0.13539,-0.11535,-0.10557,-0.09042,-0.080645,-0.075269,-0.05523,-0.05523,-0.075269,-0.080645,-0.035191,-0.025415,-0.035191,0.014663,-0.010264,-0.065494,-0.05523,-0.030303,-0.0053763,0.0043988,0.014663,0.01955,0.044477,0.034702,0.029814,0.014663,0.16471,0.28006,0.16471,-0.040567,-0.045455,-0.095308,-0.035191,-0.22532,-0.23069,-0.11046,-0.1002,-0.080645,-0.070381,-0.050342,-0.035191,-0.040567,-0.045455,0.099707,0.15982,-0.035191,-0.070381,0.099707,0.26491,0.35484,0.14956,-0.035191,-0.12023,-0.16031,-0.085533,-0.095308,-0.05523,-0.080645,-0.075269,-0.065494,-0.0053763,0.014663,-0.050342,-0.09042,-0.05523,-0.070381,-0.075269,-0.040567,-0.035191,-0.030303,-0.015152,-0.010264,0.014663,0.029814,0.034702,0.039589,0.054741,0.039589,0.07478,0.12463,0.12952,-0.0053763,-0.035191,-0.010264,-0.0053763,-0.010264,-0.040567,-0.010264,-0.00048876,-0.010264,-0.010264,0.014663,0.029814,0.07478,0.10459,0.084555,0.084555,0.11486,0.11975,0.054741,0.039589,0.024438,0.0097752,-0.010264,-0.00048876,-0.040567,-0.065494,-0.080645,-0.035191,-0.075269,-0.070381,-0.085533,-0.050342,-0.05523,-0.015152,-0.045455,-0.045455,-0.035191,-0.025415,-0.045455,-0.0053763,0.049853,0.17986,0.32991,0.435,0.21994,-0.00048876,-0.15054,-0.16031,-0.080645,-0.05523,-0.075269,-0.080645,-0.05523,-0.070381,-0.050342,-0.060606,-0.035191,-0.030303,-0.040567,-0.045455,-0.030303,-0.050342,-0.025415,-0.015152,-0.0053763,-0.010264,0.0097752,0.0043988,0.039589,0.01955,0.039589,0.034702,0.029814,0.039589,0.039589,0.034702,0.029814,0.014663,-0.00048876,0.0043988,0.0097752,0.0043988,0.024438,0.029814,0.024438,0.039589,0.029814,0.01955,0.044477,0.069892,0.059629,0.089932,0.084555,0.11486,0.10948,0.11486,0.054741,0.034702,-0.00048876,-0.010264,-0.0053763,-0.010264,-0.035191,-0.040567,-0.05523,-0.050342,-0.045455,-0.050342,-0.040567,-0.030303,0.01955,0.099707,0.26979,0.39492,0.41984,0.044477,-0.11046,-0.16031,-0.085533,-0.080645,-0.075269,-0.070381,-0.050342,-0.060606,-0.040567,-0.05523,-0.040567,-0.05523,-0.050342,-0.050342,-0.040567,-0.035191,-0.010264,0.0043988,-0.010264,0.0043988,-0.0053763,0.029814,0.039589,0.044477,0.039589,0.059629,0.039589,0.054741,0.059629,0.049853,0.024438,0.029814,0.014663,0.01955,0.0043988,0.014663,-0.00048876,0.01955,0.029814,0.024438,0.014663,0.049853,0.059629,0.089932,0.094819,0.079668,0.10948,0.10948,0.094819,0.059629,0.024438,0.0043988,0.0097752,-0.015152,-0.020528,-0.045455,-0.050342,-0.065494,-0.040567,-0.05523,-0.050342,-0.05523,-0.040567,-0.0053763,0.059629,0.18964,0.31965,0.37488,0.11975,-0.09042,-0.18035,-0.13539,-0.080645,-0.070381,-0.05523,-0.075269,-0.05523,-0.045455,-0.060606,-0.035191,-0.050342,-0.045455,-0.060606,-0.015152,-0.040567,-0.025415,-0.010264,-0.0053763,-0.010264,0.0097752,0.014663,0.01955,0.024438,0.049853,0.059629,0.034702,0.014663,0.0043988,-0.015152,-0.020528,-0.010264,-0.050342,-0.035191,-0.040567,-0.045455,-0.065494,-0.050342,-0.060606,-0.030303,0.0043988,0.059629,0.21457,0.32502,0.33969,-0.035191,-0.19062,-0.23558,-0.13539,-0.065494,-0.060606,-0.080645,-0.070381,-0.080645,-0.075269,-0.080645,-0.05523,-0.060606,-0.050342,-0.05523,-0.040567,-0.045455,-0.030303,-0.040567,-0.010264,-0.0053763,0.014663,0.024438,0.034702,0.014663,0.054741,0.059629,0.039589,0.054741,0.044477,0.069892,0.01955,-0.00048876,-0.010264,0.01955,0.014663,0.01955,-0.00048876,0.024438,0.0043988,-0.00048876,-0.030303,0.0097752,0.029814,0.034702,0.044477,0.069892,0.064516,0.10459,0.11486,0.084555,0.039589,0.0097752,0.01955,-0.010264,-0.00048876,-0.020528,-0.050342,-0.060606,-0.035191,-0.085533,-0.11046,-0.12023,-0.060606,-0.065494,-0.010264,0.034702,0.18475,0.3348,0.3998,0.18964,-0.020528,-0.16031,-0.19062,-0.11535,-0.05523,-0.040567,-0.045455,-0.030303,-0.035191,-0.025415,-0.020528,-0.030303,-0.025415,-0.010264,-0.0053763,0.0043988,-0.010264,0.0097752,-0.0053763,0.0097752,0.0043988,0.039589,0.044477,0.069892,0.059629,0.084555,0.079668,0.079668,0.069892,0.064516,0.049853,0.039589,0.039589,0.044477,0.039589,0.034702,0.039589,0.024438,0.039589,0.01955,0.044477,0.039589,0.07478,0.064516,0.084555,0.084555,0.10948,0.084555,0.064516,0.039589,0.039589,0.014663,0.014663,-0.00048876,-0.010264,-0.030303,-0.020528,-0.035191,-0.030303,-0.025415,-0.040567,-0.020528,0.024438,0.079668,0.24976,0.38514,0.41984,0.14956,-0.060606,-0.15543,-0.16569,-0.045455,-0.065494,-0.040567,-0.05523,-0.040567,-0.040567,-0.015152,-0.035191,-0.030303,-0.035191,-0.025415,-0.035191,-0.020528,-0.010264,-0.025415,-0.00048876,-0.010264,0.014663,0.0097752,0.039589,0.049853,0.059629,0.054741,0.069892,0.034702,0.059629,0.044477,0.059629,0.039589,0.044477,0.01955,0.034702,0.014663,0.029814,0.014663,0.029814,0.034702,0.029814,0.039589,0.069892,0.089932,0.084555,0.07478,0.069892,0.11486,0.069892,0.034702,0.0097752,0.01955,-0.010264,-0.0053763,-0.040567,-0.040567,-0.070381,-0.05523,-0.060606,-0.065494,-0.070381,-0.05523,-0.050342,-0.025415,0.024438,0.16471,0.30987,0.38514,0.14467,-0.070381,-0.19062,-0.20039,-0.09042,-0.095308,-0.080645,-0.075269,-0.065494,-0.060606,-0.040567,-0.050342,-0.050342,-0.070381,-0.040567,-0.035191,-0.040567,-0.020528,-0.035191,-0.0053763,-0.010264,0.0043988,0.01955,0.034702,0.024438,0.049853,0.039589,0.044477,0.039589,0.059629,0.044477,0.049853,0.024438,0.034702,0.01955,0.029814,0.01955,0.029814,0.014663,0.01955,0.014663,0.029814,0.029814,0.044477,0.054741,0.07478,0.054741,0.07478,0.084555,0.089932,0.059629,0.024438,-0.00048876,-0.010264,-0.0053763,-0.030303,-0.015152,-0.05523,-0.045455,-0.060606,-0.05523,-0.070381,-0.05523,-0.070381,-0.040567,0.024438,0.094819,0.20968,0.32991,0.34995,-0.010264,-0.15543,-0.20039,-0.13539,-0.075269,-0.050342,-0.060606,-0.05523,-0.050342,-0.05523,-0.060606,-0.045455,-0.050342,-0.025415,-0.030303,-0.015152,-0.030303,-0.015152,-0.020528,-0.010264,-0.020528,0.0097752,0.01955,0.014663,0.039589,0.059629,0.054741,0.044477,0.059629,0.059629,0.034702,0.0097752,0.014663,-0.0053763,0.0097752,-0.00048876,0.014663,-0.010264,0.029814,0.014663,0.01955,-0.010264,0.014663,0.029814,0.064516,0.07478,0.079668,0.084555,0.10948,0.07478,0.064516,0.054741,0.059629,0.024438,-0.010264,-0.00048876,-0.035191,-0.050342,-0.070381,-0.060606,-0.065494,-0.045455,-0.035191,-0.030303,-0.035191,0.029814,0.079668,0.24976,0.36999,0.37488,0.064516,-0.095308,-0.18573,-0.19062,-0.095308,-0.065494,-0.05523,-0.050342,-0.045455,-0.05523,-0.030303,-0.020528,-0.040567,-0.05523,-0.035191,-0.045455,-0.035191,-0.040567,-0.010264,-0.020528,-0.010264,0.0097752,0.024438,0.0043988,0.014663,0.01955,0.049853,0.029814,0.049853,0.054741,0.059629,0.039589,0.029814,0.014663,0.014663,0.01955,0.0043988,0.0097752,-0.0053763,0.01955,0.024438,0.039589,0.029814,0.079668,0.07478,0.079668,0.084555,0.10948,0.064516,0.054741,0.034702,0.029814,0.014663,0.024438,-0.00048876,-0.025415,-0.070381,-0.050342,-0.035191,-0.015152,-0.010264,-0.045455,-0.035191,0.014663,0.089932,0.20968,0.33969,0.38514,0.20968,0.034702,-0.070381,-0.10557,-0.05523,-0.060606,-0.050342,-0.05523,-0.045455,-0.040567,-0.05523,-0.035191,-0.025415,-0.040567,-0.045455,-0.035191,-0.045455,-0.030303,-0.015152,-0.0053763,-0.020528,-0.00048876,-0.0053763,0.01955,0.024438,0.039589,0.0097752,0.034702,0.01955,0.044477,0.039589,0.039589,0.014663,0.024438,0.01955,0.01955,0.014663,0.029814,0.01955,0.014663,0.029814,0.01955,0.054741,0.044477,0.07478,0.07478,0.084555,0.079668,0.10948,0.07478,0.079668,0.034702,0.029814,0.014663,0.0043988,-0.010264,-0.015152,-0.035191,-0.035191,-0.060606,-0.045455,-0.040567,-0.05523,-0.040567,-0.010264,0.039589,0.1349,0.28983,0.3651,0.15494,-0.065494,-0.17546,-0.20039,-0.1002,-0.085533,-0.060606,-0.060606,-0.045455,-0.05523,-0.040567,-0.05523,-0.035191,-0.045455,-0.035191,-0.025415,-0.015152,-0.030303,-0.0053763,-0.010264,0.0097752,0.014663,0.024438,0.039589,0.034702,0.049853,0.054741,0.064516,0.049853,0.069892,0.039589,0.049853,0.029814,0.039589,0.034702,0.044477,0.039589,0.044477,0.01955,0.024438,0.0043988,0.044477,0.049853,0.079668,0.10459,0.099707,0.059629,0.11975,0.12952,0.084555,0.024438,-0.015152,-0.020528,0.029814,0.039589,-0.010264,-0.010264,-0.025415,-0.060606,-0.080645,-0.05523,-0.060606,-0.080645,-0.1002,-0.00048876,0.039589,0.12463,0.26491,0.34995,0.15494,-0.070381,-0.20528,-0.22532,-0.17058,-0.095308,-0.080645,-0.095308,-0.080645,-0.040567,-0.025415,-0.035191,0.0097752,-0.020528,-0.035191,-0.050342,-0.035191,-0.045455,-0.010264,-0.00048876,0.0097752,0.0097752,0.049853,0.044477,0.069892,0.064516,0.064516,0.059629,0.07478,0.054741,0.079668,0.089932,0.069892,0.07478,0.064516,0.079668,0.059629,0.064516,0.079668,0.089932,0.069892,0.084555,0.079668,0.10948,0.11975,0.12952,0.11486,0.1349,0.15494,0.12952,0.094819,0.059629,0.044477,0.049853,0.024438,0.01955,-0.0053763,-0.010264,-0.015152,-0.030303,-0.020528,-0.045455,-0.025415,-0.035191,-0.00048876,0.049853,0.17986,0.31965,0.41984,0.21994,-0.010264,-0.16031,-0.18035,-0.085533,-0.060606,-0.050342,-0.035191,-0.065494,-0.050342,-0.035191,-0.025415,-0.020528,-0.035191,-0.040567,-0.05523,-0.040567,-0.015152,-0.0053763,-0.025415,0.0043988,0.014663,0.024438,0.014663,0.039589,0.039589,0.049853,0.029814,0.034702,0.014663,0.024438,0.0043988,0.024438,0.034702,0.0097752,0.014663,-0.010264,0.014663,-0.0053763,0.014663,0.014663,0.034702,0.064516,0.089932,0.064516,0.079668,0.084555,0.10948,0.069892,0.049853,0.024438,0.029814,-0.00048876,-0.0053763,-0.035191,-0.040567,-0.050342,-0.035191,-0.040567,-0.020528,-0.030303,-0.045455,-0.030303,0.01955,0.07478,0.20968,0.34506,0.37977,0.069892,-0.11535,-0.18035,-0.11535,-0.075269,-0.075269,-0.050342,-0.065494,-0.050342,-0.045455,-0.035191,-0.065494,-0.045455,-0.050342,-0.025415,-0.035191,-0.010264,-0.0053763,-0.020528,0.0097752,-0.0053763,0.01955,0.029814,0.044477,0.039589,0.069892,0.049853,0.059629,0.039589,0.059629,0.039589,0.049853,0.024438,0.01955,0.0043988,0.014663,-0.00048876,0.024438,0.0097752,-0.00048876,0.0097752,0.034702,0.024438,0.044477,0.064516,0.084555,0.089932,0.069892,0.10948,0.11486,0.079668,0.024438,0.014663,0.0097752,-0.0053763,-0.00048876,-0.010264,-0.045455,-0.05523,-0.05523,-0.050342,-0.05523,-0.045455,-0.080645,-0.040567,0.029814,0.11486,0.25464,0.35484,0.3651,-0.025415,-0.15054,-0.19062,-0.085533,-0.065494,-0.05523,-0.065494,-0.050342,-0.05523,-0.035191,-0.040567,-0.025415,-0.035191,-0.025415,-0.030303,-0.010264,-0.035191,-0.0053763,0.0043988,-0.015152,0.024438,0.044477,0.049853,0.064516,0.079668,0.079668,0.064516,0.069892,0.07478,0.069892,0.084555,0.039589,0.044477,0.014663,0.039589,0.014663,0.034702,0.039589,0.029814,0.01955,0.029814,0.014663,0.034702,0.034702,0.069892,0.07478,0.059629,0.079668,0.10459,0.11486,0.084555,0.044477,0.0097752,-0.0053763,-0.015152,0.0043988,-0.030303,-0.025415,-0.050342,-0.045455,-0.065494,-0.05523,-0.065494,-0.040567,-0.00048876,0.064516,0.11486,0.26491,0.31476,0.14956,-0.070381,-0.17058,-0.18573,-0.095308,-0.050342,-0.05523,-0.025415,-0.035191,-0.035191,-0.040567,-0.015152,-0.035191,-0.030303,-0.040567,-0.020528,-0.025415,-0.0053763,-0.015152,-0.010264,-0.00048876,0.034702,0.014663,0.034702,0.059629,0.07478,0.054741,0.079668,0.07478,0.079668,0.064516,0.039589,0.044477,0.034702,0.044477,0.029814,0.014663,-0.00048876,0.014663,0.0043988,0.034702,0.01955,0.034702,0.049853,0.054741,0.079668,0.07478,0.084555,0.10948,0.11975,0.099707,0.039589,0.024438,0.014663,0.014663,0.01955,-0.00048876,0.0097752,-0.025415,-0.035191,-0.025415,-0.060606,-0.080645,-0.025415,-0.020528,-0.010264,0.01955,0.12952,0.28495,0.41496,0.28983,0.059629,-0.11046,-0.16569,-0.17546,-0.05523,-0.045455,-0.05523,-0.040567,-0.015152,-0.030303,-0.025415,-0.010264,-0.025415,-0.010264,-0.020528,-0.015152,-0.015152,-0.0053763,-0.015152,-0.010264,0.0043988,-0.00048876,0.0097752,0.039589,0.034702,0.049853,0.054741,0.064516,0.044477,0.059629,0.049853,0.039589,0.079668,0.039589,0.0097752,0.01955,0.029814,0.039589,0.014663,0.034702,0.059629,0.049853,0.10459,0.099707,0.094819,0.089932,0.10948,0.084555,0.069892,0.034702,0.039589,0.01955,0.024438,0.014663,0.0097752,-0.030303,-0.035191,-0.015152,-0.035191,-0.030303,-0.035191,-0.025415,-0.030303,0.054741,0.15494,0.30499,0.3998,0.28983,0.094819,-0.015152,-0.10557,-0.075269,-0.065494,-0.05523,-0.05523,-0.035191,-0.050342,-0.045455,-0.050342,-0.05523,-0.060606,-0.025415,-0.045455,-0.050342,-0.045455,-0.020528,-0.015152,-0.020528,-0.010264,-0.015152,-0.0053763,0.0043988,0.014663,0.0043988,0.029814,0.0097752,0.039589,0.024438,0.024438,0.0043988,0.034702,0.014663,0.029814,0.014663,0.029814,0.034702,0.014663,0.024438,0.01955,0.029814,0.054741,0.079668,0.094819,0.079668,0.084555,0.10948,0.12952,0.079668,0.059629,0.054741,0.039589,0.029814,0.014663,0.024438,-0.0053763,-0.015152,-0.040567,-0.045455,-0.05523,-0.040567,-0.035191,-0.015152,0.0097752,0.069892,0.18475,0.31965,0.39003,0.1999,0.01955,-0.09042,-0.10557,-0.070381,-0.05523,-0.065494,-0.050342,-0.05523,-0.040567,-0.05523,-0.030303,-0.040567,-0.020528,-0.035191,-0.035191,-0.045455,-0.015152,-0.020528,-0.00048876,-0.015152,-0.00048876,0.0097752,-0.010264,0.014663,0.024438,0.039589,0.01955,0.034702,0.0097752,0.01955,-0.00048876,0.014663,0.0043988,0.024438,0.014663,0.014663,-0.00048876,0.0043988,-0.010264,0.024438,0.034702,0.049853,0.059629,0.089932,0.094819,0.089932,0.12463,0.12952,0.084555,0.054741,0.039589,0.029814,0.039589,0.014663,0.0043988,-0.025415,-0.020528,-0.035191,-0.025415,-0.040567,-0.045455,-0.050342,-0.025415,0.0097752,0.094819,0.2346,0.34995,0.37488,0.069892,-0.1305,-0.20039,-0.15543,-0.070381,-0.05523,-0.045455,-0.050342,-0.040567,-0.035191,-0.020528,-0.015152,-0.030303,-0.0053763,-0.020528,-0.015152,-0.025415,-0.0053763,-0.010264,-0.00048876,0.0097752,0.039589,0.024438,0.049853,0.059629,0.079668,0.084555,0.049853,0.034702,0.044477,0.034702,0.039589,0.029814,0.01955,0.029814,0.014663,0.024438,0.0097752,0.024438,0.014663,0.039589,0.054741,0.07478,0.059629,0.084555,0.069892,0.084555,0.084555,0.1349,0.13978,0.084555,0.029814,0.014663,0.029814,0.014663,-0.0053763,-0.010264,-0.025415,-0.015152,-0.035191,-0.040567,-0.020528,-0.045455,-0.035191,-0.0053763,0.054741,0.11975,0.3001,0.37977,0.22972,-0.0053763,-0.13539,-0.17546,-0.085533,-0.05523,-0.05523,-0.05523,-0.040567,-0.05523,-0.045455,-0.035191,-0.035191,-0.020528,-0.025415,-0.020528,-0.035191,0.0097752,0.014663,0.01955,-0.00048876,0.01955,0.029814,0.039589,0.044477,0.07478,0.069892,0.094819,0.054741,0.044477,0.029814,0.054741,0.034702,0.0097752,0.014663,0.0043988,0.039589,-0.010264,0.014663,0.039589,0.044477,0.029814,0.049853,0.084555,0.094819,0.10948,0.084555,0.099707,0.12463,0.07478,0.089932,0.034702,0.039589,0.064516,0.069892,0.0043988,-0.045455,-0.070381,-0.05523,-0.060606,-0.050342,-0.040567,-0.035191,-0.050342,-0.0053763,0.059629,0.15494,0.34506,0.46481,0.28983,0.11486,-0.00048876,-0.085533,-0.05523,-0.05523,-0.040567,-0.050342,-0.035191,-0.040567,-0.015152,-0.010264,0.0043988,-0.020528,-0.0053763,-0.00048876,-0.015152,-0.020528,0.0043988,0.014663,0.014663,0.024438,0.014663,0.034702,0.049853,0.059629,0.054741,0.044477,0.044477,0.059629,0.039589,0.059629,0.044477,0.049853,0.039589,0.039589,0.044477,0.059629,0.054741,0.049853,0.059629,0.07478,0.079668,0.10459,0.11486,0.099707,0.11975,0.11486,0.12463,0.07478,0.049853,0.039589,0.034702,0.014663,0.0043988,-0.015152,-0.010264,-0.030303,-0.025415,-0.050342,-0.035191,-0.040567,-0.025415,-0.00048876,0.07478,0.1999,0.36999,0.44477,0.2346,-0.015152,-0.15054,-0.16031,-0.070381,-0.05523,-0.075269,-0.040567,-0.05523,-0.050342,-0.05523,-0.045455,-0.050342,-0.035191,-0.045455,-0.050342,-0.05523,-0.035191,-0.040567,-0.010264,-0.015152,-0.010264,-0.00048876,0.039589,0.029814,0.044477,0.049853,0.054741,0.039589,0.029814,0.039589,0.024438,0.01955,0.0097752,0.014663,-0.010264,0.0097752,-0.00048876,0.014663,0.0043988,0.014663,0.0097752,0.039589,0.044477,0.07478,0.069892,0.084555,0.089932,0.10459,0.084555,0.059629,0.024438,0.014663,0.01955,-0.010264,-0.0053763,-0.030303,-0.050342,-0.060606,-0.05523,-0.070381,-0.05523,-0.05523,-0.050342,-0.030303,0.029814,0.12952,0.32502,0.435,0.24976,0.0097752,-0.12023,-0.15054,-0.075269,-0.065494,-0.080645,-0.065494,-0.070381,-0.060606,-0.050342,-0.040567,-0.05523,-0.045455,-0.05523,-0.035191,-0.040567,-0.030303,-0.045455,-0.00048876,-0.010264,0.014663,0.0043988,0.01955,0.014663,0.044477,0.044477,0.054741,0.024438,0.039589,0.034702,0.039589,0.01955,0.014663,0.0043988,-0.010264,-0.00048876,-0.0053763,0.014663,-0.010264,0.014663,0.0097752,0.039589,0.029814,0.054741,0.069892,0.089932,0.084555,0.099707,0.10459,0.07478,0.034702,0.01955,0.0097752,-0.0053763,-0.020528,-0.025415,-0.050342,-0.060606,-0.050342,-0.065494,-0.05523,-0.065494,-0.05523,-0.070381,0.0097752,0.069892,0.22972,0.34995,0.3998,0.049853,-0.11535,-0.1955,-0.12023,-0.080645,-0.05523,-0.085533,-0.080645,-0.095308,-0.065494,-0.05523,-0.060606,-0.040567,-0.060606,-0.035191,-0.05523,-0.035191,-0.015152,-0.010264,-0.020528,-0.00048876,-0.010264,0.029814,0.024438,0.059629,0.054741,0.079668,0.059629,0.064516,0.034702,0.039589,0.014663,0.024438,0.01955,0.034702,0.01955,0.014663,0.029814,0.044477,0.049853,0.01955,0.034702,0.01955,0.044477,0.039589,0.084555,0.07478,0.089932,0.084555,0.10459,0.07478,0.059629,0.034702,0.039589,0.0043988,-0.00048876,-0.015152,0.0097752,-0.035191,-0.040567,-0.020528,-0.035191,-0.035191,-0.030303,-0.035191,0.014663,0.07478,0.21994,0.3348,0.36999,0.14956,-0.045455,-0.14565,-0.17546,-0.095308,-0.075269,-0.05523,-0.060606,-0.05523,-0.070381,-0.040567,-0.05523,-0.035191,-0.050342,-0.025415,-0.015152,-0.025415,-0.030303,-0.0053763,0.0043988,-0.010264,-0.010264,0.014663,0.034702,0.024438,0.039589,0.01955,0.044477,0.049853,0.049853,0.034702,0.049853,0.024438,0.029814,0.039589,0.049853,0.039589,0.049853,0.01955,0.024438,0.029814,0.054741,0.059629,0.044477,0.069892,0.089932,0.069892,0.064516,0.11975,0.084555,0.079668,0.044477,0.049853,0.034702,0.014663,-0.00048876,-0.015152,-0.035191,-0.020528,-0.040567,-0.030303,-0.050342,-0.05523,-0.045455,-0.0053763,0.049853,0.15982,0.29472,0.41984,0.26979,0.069892,-0.045455,-0.085533,-0.065494,-0.050342,-0.040567,-0.065494,-0.060606,-0.065494,-0.050342,-0.05523,-0.045455,-0.060606,-0.035191,-0.05523,-0.025415,-0.035191,-0.035191,-0.045455,-0.035191,-0.040567,-0.025415,-0.030303,-0.00048876,-0.0053763,0.01955,0.034702,0.014663,0.0097752,0.0043988,0.034702,0.01955,0.034702,0.014663,0.0097752,0.0043988,0.039589,0.01955,0.029814,0.014663,0.039589,0.049853,0.064516,0.07478,0.084555,0.064516,0.099707,0.11486,0.10948,0.084555,0.054741,0.014663,0.0097752,0.014663,0.0043988,0.01955,-0.035191,-0.040567,-0.050342,-0.045455,-0.05523,-0.030303,-0.060606,-0.030303,0.024438,0.094819,0.21994,0.35484,0.39492,0.11975,-0.025415,-0.10557,-0.11046,-0.075269,-0.060606,-0.045455,-0.065494,-0.075269,-0.040567,-0.05523,-0.040567,-0.060606,-0.050342,-0.05523,-0.025415,-0.025415,-0.020528,-0.025415,-0.010264,-0.015152,0.0043988,0.0097752,0.014663,0.014663,0.01955,0.014663,0.039589,0.034702,0.01955,0.034702,0.014663,0.0043988,-0.0053763,-0.00048876,-0.0053763,0.0097752,-0.010264,0.029814,0.014663,0.044477,0.039589,0.054741,0.039589,0.084555,0.069892,0.079668,0.10459,0.10948,0.089932,0.059629,0.01955,0.0097752,0.01955,0.0043988,0.0097752,-0.015152,-0.035191,-0.045455,-0.045455,-0.030303,-0.035191,-0.050342,-0.045455,-0.025415,0.064516,0.17498,0.33969,0.40469,0.1999,-0.010264,-0.14027,-0.17546,-0.075269,-0.070381,-0.05523,-0.05523,-0.045455,-0.05523,-0.040567,-0.050342,-0.030303,-0.020528,-0.030303,-0.015152,-0.030303,-0.010264,-0.025415,-0.010264,-0.020528,0.0043988,0.014663,0.044477,0.034702,0.054741,0.039589,0.049853,0.024438,0.039589,0.029814,0.039589,0.01955,0.014663,-0.040567,-0.045455,-0.025415,-0.040567,-0.025415,-0.0053763,0.049853,0.12463,0.3001,0.41984,0.30499,0.049853,-0.1002,-0.17546,-0.12561,-0.065494,-0.035191,-0.060606,-0.030303,-0.05523,-0.035191,-0.050342,-0.035191,-0.035191,-0.030303,-0.020528,-0.025415,-0.010264,-0.035191,-0.025415,-0.0053763,0.014663,0.014663,0.029814,0.029814,0.039589,0.029814,0.044477,0.039589,0.059629,0.029814,-0.060606,-0.050342,-0.035191,-0.045455,-0.040567,-0.010264,0.044477,0.14956,0.30499,0.35973,0.14467,-0.075269,-0.18035,-0.1955,-0.075269,-0.060606,-0.05523,-0.05523,-0.040567,-0.05523,-0.025415,-0.040567,-0.020528,-0.040567,-0.025415,-0.015152,-0.0053763,-0.00048876,-0.010264,-0.010264,-0.015152,0.024438,0.014663,0.049853,0.044477,0.059629,0.054741,0.059629,0.039589,0.054741,0.029814,0.01955,0.0043988,0.01955,0.014663,0.024438,0.0097752,0.01955,-0.00048876,0.014663,0.01955,0.0097752,0.01955,0.044477,0.054741,0.084555,0.094819,0.07478,0.10459,0.099707,0.10948,0.079668,0.054741,0.029814,0.014663,-0.00048876,0.0043988,-0.015152,-0.030303,-0.045455,-0.040567,-0.040567,-0.035191,-0.045455,-0.035191,-0.015152,0.044477,0.10948,0.26491,0.34995,0.21457,-0.030303,-0.17058,-0.18035,-0.095308,-0.045455,-0.045455,-0.030303,-0.035191,-0.025415,-0.035191,-0.015152,-0.020528,0.0043988,-0.015152,-0.010264,-0.015152,-0.00048876,0.0043988,0.014663,0.024438,0.044477,0.054741,0.049853,0.064516,0.059629,0.079668,0.059629,0.059629,0.044477,0.054741,0.039589,0.044477,0.029814,0.039589,0.014663,0.024438,0.0043988,0.014663,-0.00048876,0.014663,0.014663,0.01955,0.01955,0.039589,0.049853,0.069892,0.079668,0.07478,0.084555,0.099707,0.11486,0.054741,0.01955,0.0097752,0.014663,-0.015152,-0.010264,-0.045455,-0.045455,-0.05523,-0.035191,-0.05523,-0.040567,-0.045455,-0.035191,-0.015152,0.039589,0.069892,0.22972,0.34995,0.37977,0.07478,-0.11046,-0.18573,-0.1305,-0.045455,-0.040567,-0.035191,-0.050342,-0.035191,-0.030303,-0.030303,-0.040567,-0.015152,-0.035191,-0.020528,-0.030303,-0.00048876,-0.010264,0.014663,0.014663,0.01955,0.014663,0.034702,0.039589,0.029814,0.054741,0.069892,0.079668,0.049853,0.054741,0.039589,0.059629,0.034702,0.024438,0.014663,0.034702,0.014663,0.029814,0.034702,0.054741,0.039589,0.049853,0.029814,0.054741,0.064516,0.079668,0.084555,0.099707,0.099707,0.11975,0.10948,0.089932,0.034702,0.014663,0.029814,0.01955,0.059629,-0.010264,-0.045455,-0.05523,-0.020528,-0.025415,-0.035191,-0.035191,-0.010264,-0.015152,0.07478,0.14467,0.33969,0.45992,0.34506,0.07478,-0.095308,-0.17058,-0.095308,-0.05523,-0.045455,-0.030303,-0.035191,-0.040567,-0.025415,-0.010264,-0.015152,-0.020528,-0.030303,-0.020528,-0.035191,-0.00048876,0.0097752,-0.010264,-0.035191,0.0097752,0.024438,0.039589,0.034702,0.059629,0.054741,0.044477,0.039589,0.049853,0.059629,0.039589,0.034702,0.034702,0.039589,0.029814,0.0097752,-0.00048876,0.029814,0.014663,0.029814,0.024438,0.069892,0.059629,0.084555,0.089932,0.094819,0.084555,0.12463,0.12952,0.11975,0.069892,0.044477,0.034702,0.029814,0.039589,0.0097752,-0.015152,-0.030303,-0.035191,-0.035191,-0.030303,-0.045455,-0.020528,-0.020528,0.024438,0.07478,0.20968,0.35484,0.41496,0.18475,-0.015152,-0.16031,-0.18035,-0.095308,-0.050342,-0.05523,-0.040567,-0.050342,-0.05523,-0.035191,-0.015152,-0.025415,-0.035191,-0.020528,-0.025415,-0.020528,-0.030303,-0.00048876,-0.0053763,-0.00048876,-0.0053763,0.024438,0.024438,0.049853,0.044477,0.064516,0.054741,0.059629,0.039589,0.044477,0.01955,0.014663,0.029814,0.01955,0.049853,0.01955,0.014663,0.014663,0.029814,0.014663,0.039589,0.024438,0.069892,0.059629,0.084555,0.084555,0.10459,0.089932,0.11486,0.07478,0.059629,0.034702,0.034702,0.0043988,0.014663,-0.015152,-0.050342,-0.045455,-0.035191,-0.045455,-0.050342,-0.030303,-0.050342,-0.040567,-0.060606,-0.00048876,0.10459,0.28983,0.41007,0.41984,0.069892,-0.12023,-0.22043,-0.14027,-0.080645,-0.05523,-0.085533,-0.05523,-0.060606,-0.05523,-0.070381,-0.045455,-0.035191,-0.040567,-0.05523,-0.015152,-0.020528,-0.015152,-0.065494,-0.075269,-0.00048876,0.01955,0.039589,0.029814,0.034702,0.039589,0.054741,0.01955,0.024438,0.039589,0.054741,-0.00048876,0.0043988,0.0097752,0.044477,0.049853,0.034702,0.049853,0.039589,0.059629,0.049853,0.084555,0.10459,0.094819,0.13978,0.15494,0.12952,0.14467,0.16471,0.17986,0.12952,0.10948,0.084555,0.099707,0.064516,0.07478,0.034702,0.039589,0.0097752,0.01955,0.014663,0.014663,-0.010264,0.0097752,0.0043988,0.059629,0.12463,0.31965,0.46481,0.49511,0.20479,0.034702,-0.085533,-0.10557,-0.05523,-0.050342,-0.045455,-0.065494,-0.05523,-0.060606,-0.045455,-0.040567,-0.035191,-0.080645,-0.070381,-0.070381,-0.05523,-0.050342,-0.040567,-0.045455,-0.030303,-0.030303,-0.00048876,0.0043988,-0.010264,-0.00048876,-0.0053763,0.0043988,0.014663,0.029814,0.0097752,0.01955,0.0097752,0.014663,0.0097752,0.014663,-0.0053763,0.0097752,0.0043988,0.029814,0.039589,0.059629,0.069892,0.094819,0.084555,0.10459,0.10948,0.099707,0.079668,0.054741,0.024438,0.014663,-0.00048876,-0.0053763,-0.020528,-0.040567,-0.035191,-0.045455,-0.040567,-0.050342,-0.035191,-0.05523,-0.030303,0.014663,0.10459,0.3001,0.46481,0.49022,0.11486,-0.1002,-0.16031,-0.1002,-0.075269,-0.065494,-0.085533,-0.080645,-0.085533,-0.075269,-0.080645,-0.060606,-0.065494,-0.045455,-0.050342,-0.045455,-0.050342,-0.035191,-0.040567,-0.0053763,-0.010264,0.014663,0.014663,0.034702,0.0097752,0.014663,0.024438,0.024438,0.0043988,0.014663,0.024438,-0.00048876,0.014663,-0.010264,0.0097752,-0.015152,-0.020528,-0.010264,0.014663,-0.00048876,0.0097752,-0.0053763,0.0043988,0.024438,0.069892,0.059629,0.059629,0.049853,0.089932,0.099707,0.07478,0.034702,0.014663,-0.0053763,0.0043988,-0.010264,-0.035191,-0.050342,-0.065494,-0.050342,-0.080645,-0.070381,-0.050342,-0.045455,-0.065494,-0.025415,-0.030303,0.099707,0.25464,0.39492,0.23998,0.014663,-0.14565,-0.19062,-0.13539,-0.095308,-0.10557,-0.070381,-0.060606,-0.075269,-0.065494,-0.040567,-0.060606,-0.035191,-0.040567,-0.065494,-0.075269,-0.085533,-0.070381,-0.015152,-0.010264,-0.015152,-0.00048876,-0.045455,-0.0053763,-0.010264,0.039589,0.014663,0.039589,0.039589,0.059629,0.014663,0.0043988,0.01955,0.014663,0.034702,0.014663,0.014663,0.029814,0.014663,0.044477,0.059629,0.039589,0.049853,0.039589,0.07478,0.084555,0.094819,0.089932,0.12952,0.1349,0.094819,0.054741,0.049853,0.029814,0.039589,-0.00048876,-0.010264,-0.0053763,-0.015152,-0.035191,-0.030303,-0.040567,-0.045455,-0.015152,-0.025415,0.059629,0.11486,0.28006,0.41984,0.47019,0.19501,0.059629,-0.075269,-0.10557,-0.075269,-0.050342,-0.065494,-0.05523,-0.065494,-0.05523,-0.065494,-0.040567,-0.05523,-0.070381,-0.065494,-0.070381,-0.060606,-0.065494,-0.020528,-0.030303,-0.040567,-0.020528,-0.0053763,-0.015152,-0.0053763,-0.010264,0.01955,0.024438,0.034702,0.0097752,0.029814,0.0097752,0.014663,0.0043988,0.029814,0.014663,0.01955,0.034702,0.014663,0.014663,0.034702,0.059629,0.07478,0.079668,0.069892,0.094819,0.11486,0.12463,0.094819,0.079668,0.039589,0.044477,0.014663,0.034702,0.0043988,-0.010264,-0.040567,-0.035191,-0.060606,-0.030303,-0.045455,-0.030303,-0.045455,-0.00048876,0.064516,0.21994,0.3998,0.48485,0.25464,0.014663,-0.1305,-0.17058,-0.075269,-0.060606,-0.05523,-0.080645,-0.05523,-0.05523,-0.040567,-0.050342,-0.035191,-0.045455,-0.045455,-0.060606,-0.040567,-0.050342,-0.025415,-0.035191,-0.015152,-0.020528,-0.0053763,0.0043988,0.034702,0.039589,0.01955,0.029814,0.014663,0.044477,0.014663,0.0097752,-0.00048876,0.014663,-0.0053763,0.0097752,-0.00048876,0.01955,0.0043988,0.0097752,0.014663,0.034702,0.024438,0.044477,0.054741,0.084555,0.089932,0.084555,0.10948,0.10948,0.069892,0.049853,0.029814,0.024438,0.0043988,-0.0053763,-0.020528,-0.050342,-0.040567,-0.050342,-0.035191,-0.065494,-0.060606,-0.070381,-0.040567,0.01955,0.094819,0.26002,0.42473,0.45992,0.14956,-0.065494,-0.17058,-0.13539,-0.085533,-0.080645,-0.075269,-0.065494,-0.070381,-0.060606,-0.05523,-0.045455,-0.050342,-0.05523,-0.050342,-0.035191,-0.040567,-0.035191,-0.050342,-0.025415,-0.020528,0.0097752,0.014663,0.034702,0.014663,0.0097752,0.039589,0.049853,0.059629,0.049853,0.024438,0.039589,0.034702,0.034702,0.024438,0.014663,0.029814,0.0043988,0.024438,0.01955,0.034702,0.029814,0.054741,0.049853,0.10459,0.07478,0.094819,0.10948,0.10459,0.054741,0.034702,0.01955,0.029814,0.0097752,-0.00048876,0.0043988,-0.035191,-0.050342,-0.060606,-0.040567,-0.045455,-0.05523,-0.05523,-0.035191,0.014663,0.10459,0.28495,0.40469,0.28495,0.049853,-0.12023,-0.17546,-0.12023,-0.070381,-0.085533,-0.065494,-0.05523,-0.065494,-0.045455,-0.035191,-0.050342,-0.065494,-0.050342,-0.05523,-0.035191,-0.040567,-0.020528,-0.025415,-0.0053763,-0.010264,0.014663,0.0097752,0.034702,0.024438,0.049853,0.039589,0.059629,0.044477,0.054741,0.044477,0.039589,0.029814,0.044477,0.034702,0.044477,0.029814,0.01955,0.034702,0.01955,0.0043988,-0.00048876,0.024438,0.034702,0.059629,0.054741,0.07478,0.089932,0.10948,0.079668,0.089932,0.064516,0.024438,-0.010264,-0.00048876,0.0043988,-0.025415,-0.05523,-0.065494,-0.060606,-0.065494,-0.045455,-0.05523,-0.035191,-0.040567,0.024438,0.059629,0.20479,0.31965,0.3651,0.079668,-0.09042,-0.17546,-0.15054,-0.080645,-0.030303,-0.060606,-0.040567,-0.060606,-0.040567,-0.05523,-0.045455,-0.05523,-0.05523,-0.045455,-0.05523,-0.025415,-0.045455,-0.020528,0.0097752,0.014663,0.024438,0.059629,0.059629,0.064516,0.054741,0.079668,0.054741,0.059629,0.054741,0.07478,0.059629,0.079668,0.064516,0.059629,0.059629,0.069892,0.064516,0.089932,0.094819,0.084555,0.079668,0.094819,0.10948,0.11975,0.13978,0.1349,0.14956,0.14467,0.1696,0.11486,0.079668,0.059629,0.064516,0.039589,0.039589,0.0043988,-0.015152,-0.035191,-0.0053763,-0.020528,-0.020528,-0.040567,-0.025415,-0.020528,0.029814,0.10948,0.3001,0.42473,0.45503,0.10459,-0.085533,-0.16569,-0.17058,-0.075269,-0.060606,-0.05523,-0.075269,-0.035191,-0.05523,-0.045455,-0.040567,-0.040567,-0.040567,-0.035191,-0.035191,-0.025415,-0.020528,-0.020528,-0.035191,-0.010264,0.0043988,0.01955,0.034702,0.024438,0.039589,0.034702,0.039589,0.029814,0.044477,0.024438,0.029814,0.0097752,0.014663,0.0043988,0.014663,0.0097752,0.0043988,0.014663,0.039589,0.049853,0.039589,0.054741,0.089932,0.07478,0.089932,0.10459,0.084555,0.044477,0.034702,0.01955,-0.010264,-0.030303,-0.030303,-0.025415,-0.045455,-0.05523,-0.065494,-0.05523,-0.060606,-0.060606,-0.05523,-0.045455,-0.00048876,0.069892,0.22972,0.35484,0.38514,0.059629,-0.12561,-0.19062,-0.14027,-0.1002,-0.080645,-0.065494,-0.080645,-0.070381,-0.05523,-0.045455,-0.030303,-0.050342,-0.035191,-0.045455,-0.025415,-0.035191,-0.010264,-0.010264,-0.010264,-0.0053763,0.029814,0.014663,0.029814,0.024438,0.049853,0.049853,0.044477,0.049853,0.039589,0.049853,0.039589,0.044477,0.014663,0.024438,0.0097752,0.014663,0.024438,0.034702,0.0097752,0.029814,0.014663,0.024438,0.029814,0.049853,0.069892,0.099707,0.084555,0.099707,0.10948,0.11486,0.059629,0.044477,0.014663,0.029814,-0.0053763,-0.015152,-0.010264,-0.040567,-0.035191,-0.050342,-0.045455,-0.065494,-0.045455,-0.080645,-0.05523,-0.00048876,0.079668,0.21457,0.31965,0.3348,0.049853,-0.1305,-0.18035,-0.1955,-0.080645,-0.075269,-0.050342,-0.05523,-0.040567,-0.035191,-0.035191,-0.035191,-0.025415,-0.010264,-0.045455,-0.030303,-0.020528,-0.010264,-0.035191,-0.025415,-0.015152,0.024438,0.014663,0.029814,0.014663,0.039589,0.039589,0.049853,0.039589,0.059629,0.034702,0.039589,0.01955,0.039589,0.054741,0.029814,0.0043988,-0.00048876,-0.010264,0.0097752,0.01955,0.044477,0.059629,0.054741,0.064516,0.049853,0.079668,0.099707,0.11486,0.064516,0.054741,0.039589,0.01955,0.0043988,0.024438,-0.015152,-0.025415,-0.020528,-0.05523,-0.045455,-0.035191,-0.060606,-0.040567,-0.025415,0.014663,0.064516,0.17986,0.33969,0.3998,0.17498,-0.040567,-0.16031,-0.1955,-0.080645,-0.060606,-0.065494,-0.085533,-0.060606,-0.05523,-0.060606,-0.05523,-0.025415,-0.040567,-0.020528,-0.035191,-0.030303,-0.025415,-0.035191,-0.05523,-0.030303,0.014663,0.01955,0.039589,0.0097752,0.014663,-0.010264,0.014663,0.0097752,0.029814,0.014663,0.064516,0.039589,0.034702,0.0097752,0.014663,-0.025415,-0.035191,-0.0053763,0.014663,0.0097752,0.049853,0.044477,0.064516,0.089932,0.10459,0.11486,0.099707,0.079668,0.049853,0.034702,0.014663,0.069892,0.054741,0.029814,0.0043988,-0.020528,-0.05523,-0.045455,-0.040567,-0.035191,-0.035191,-0.015152,-0.030303,0.0043988,0.059629,0.15982,0.36999,0.50489,0.3348,0.10459,-0.070381,-0.14565,-0.1002,-0.05523,-0.035191,-0.040567,-0.025415,-0.025415,-0.010264,-0.025415,-0.010264,-0.0053763,0.0097752,-0.0053763,0.014663,-0.015152,-0.010264,-0.010264,0.0043988,0.014663,0.039589,0.029814,0.014663,0.029814,0.049853,0.054741,0.039589,0.029814,0.014663,0.034702,0.01955,0.014663,0.01955,0.039589,0.039589,0.029814,0.014663,0.039589,0.039589,0.064516,0.059629,0.084555,0.069892,0.064516,0.10948,0.12463,0.089932,0.064516,0.039589,0.039589,0.01955,-0.0053763,0.0043988,-0.020528,-0.040567,-0.045455,-0.035191,-0.050342,-0.05523,-0.060606,-0.045455,-0.010264,0.059629,0.18964,0.3651,0.44477,0.21457,-0.025415,-0.16031,-0.17546,-0.09042,-0.085533,-0.095308,-0.080645,-0.085533,-0.060606,-0.05523,-0.045455,-0.05523,-0.045455,-0.05523,-0.025415,-0.050342,-0.030303,-0.035191,-0.025415,-0.020528,-0.00048876,-0.0053763,0.01955,0.014663,0.039589,0.01955,0.014663,0.024438,0.034702,0.0097752,0.0043988,0.0097752,-0.0053763,0.0043988,-0.015152,-0.00048876,-0.020528,-0.00048876,-0.0053763,0.014663,-0.00048876,0.039589,0.044477,0.079668,0.064516,0.079668,0.084555,0.10948,0.07478,0.059629,-0.00048876,-0.0053763,0.0097752,-0.010264,-0.025415,-0.035191,-0.05523,-0.035191,-0.05523,-0.060606,-0.05523,-0.050342,-0.040567,-0.050342,0.029814,0.099707,0.28006,0.39492,0.3998,0.0097752,-0.12561,-0.1955,-0.10557,-0.075269,-0.050342,-0.075269,-0.065494,-0.060606,-0.065494,-0.050342,-0.040567,-0.035191,-0.045455,-0.030303,-0.040567,-0.030303,-0.035191,-0.020528,-0.035191,0.0043988,0.0043988,0.024438,0.029814,0.01955,0.014663,0.039589,0.034702,0.059629,0.034702,0.039589,0.029814,0.034702,0.01955,0.01955,0.014663,0.0097752,-0.0053763,0.0097752,0.014663,0.034702,0.039589,0.029814,0.064516,0.07478,0.079668,0.069892,0.10948,0.094819,0.07478,0.039589,0.034702,0.0043988,0.014663,-0.010264,-0.010264,-0.040567,-0.040567,-0.05523,-0.035191,-0.05523,-0.060606,-0.040567,-0.05523,-0.00048876,0.049853,0.15494,0.3001,0.34506,0.084555,-0.095308,-0.19062,-0.15543,-0.1002,-0.05523,-0.05523,-0.050342,-0.05523,-0.045455,-0.060606,-0.035191,-0.040567,-0.035191,-0.050342,-0.035191,-0.030303,-0.010264,-0.010264,0.0097752,0.014663,0.0043988,0.024438,0.014663,0.044477,0.039589,0.054741,0.039589,0.064516,0.059629,0.049853,0.029814,0.039589,0.014663,0.014663,-0.0053763,-0.00048876,-0.010264,0.014663,0.034702,0.054741,0.039589,0.029814,0.039589,0.054741,0.064516,0.059629,0.089932,0.11975,0.089932,0.07478,0.029814,0.014663,0.01955,-0.0053763,0.0097752,-0.025415,-0.030303,-0.040567,-0.035191,-0.05523,-0.045455,-0.035191,-0.020528,-0.010264,0.034702,0.094819,0.24976,0.36999,0.25464,0.059629,-0.050342,-0.11535,-0.085533,-0.065494,-0.050342,-0.060606,-0.075269,-0.05523,-0.05523,-0.050342,-0.060606,-0.045455,-0.05523,-0.05523,-0.050342,-0.015152,-0.040567,-0.020528,-0.035191,-0.030303,-0.020528,-0.035191,-0.030303,0.0097752,0.01955,0.029814,0.0043988,0.034702,0.039589,0.014663,0.029814,0.014663,0.01955,0.01955,0.059629,0.054741,0.029814,-0.0053763,-0.010264,-0.010264,0.049853,0.069892,0.059629,0.039589,0.049853,0.07478,0.12952,0.1696,0.079668,0.024438,0.01955,0.0043988,-0.025415,-0.015152,-0.030303,-0.020528,-0.05523,-0.050342,-0.070381,-0.035191,-0.050342,-0.035191,-0.010264,0.054741,0.11486,0.3348,0.47996,0.52493,0.15494,-0.030303,-0.14565,-0.15054,-0.065494,-0.035191,-0.040567,-0.020528,-0.035191,-0.0053763,-0.00048876,-0.015152,0.0043988,-0.020528,-0.00048876,-0.0053763,0.014663,0.0097752,0.014663,-0.00048876,0.024438,0.014663,0.039589,0.039589,0.049853,0.034702,0.054741,0.039589,0.059629,0.039589,0.044477,0.039589,0.049853,0.029814,0.014663,0.0097752,0.01955,0.014663,0.024438,0.039589,0.054741,0.069892,0.079668,0.094819,0.079668,0.11975,0.10459,0.084555,0.049853,0.034702,0.014663,0.0097752,-0.00048876,0.0043988,-0.035191,-0.025415,-0.060606,-0.065494,-0.05523,-0.045455,-0.035191,-0.050342,-0.00048876,0.064516,0.20968,0.36999,0.435,0.15982,-0.045455,-0.18573,-0.1305,-0.095308,-0.075269,-0.09042,-0.070381,-0.080645,-0.05523,-0.060606,-0.05523,-0.060606,-0.050342,-0.065494,-0.050342,-0.040567,-0.030303,-0.025415,-0.030303,-0.020528,-0.030303,0.0043988,-0.00048876,0.039589,0.014663,0.01955,-0.00048876,0.014663,-0.00048876,0.014663,-0.010264,0.014663,-0.0053763,-0.010264,-0.020528,-0.0053763,-0.015152,-0.0053763,-0.010264,0.0043988,-0.0053763,0.014663,0.029814,0.024438,0.064516,0.059629,0.069892,0.064516,0.094819,0.044477,0.029814,-0.0053763,-0.010264,-0.020528,-0.010264,-0.050342,-0.045455,-0.05523,-0.060606,-0.070381,-0.05523,-0.060606,-0.045455,-0.040567,0.01955,0.064516,0.22483,0.34506,0.3651,0.064516,-0.12023,-0.1955,-0.13539,-0.080645,-0.075269,-0.065494,-0.070381,-0.030303,-0.065494,-0.050342,-0.050342,-0.035191,-0.050342,-0.040567,-0.035191,-0.030303,-0.040567,-0.010264,-0.00048876,-0.010264,0.014663,-0.010264,0.024438,0.044477,0.059629,0.039589,0.059629,0.039589,0.034702,0.01955,0.034702,0.014663,0.029814,0.0043988,0.014663,-0.0053763,0.014663,-0.0053763,0.0043988,-0.010264,0.014663,0.0097752,0.044477,0.059629,0.07478,0.084555,0.10459,0.099707,0.089932,0.054741,0.01955,0.029814,-0.010264,-0.0053763,-0.030303,-0.015152,-0.050342,-0.05523,-0.060606,-0.05523,-0.05523,-0.035191,-0.05523,-0.0053763,0.034702,0.13978,0.30499,0.37977,0.14956,-0.040567,-0.17546,-0.20528,-0.1002,-0.075269,-0.05523,-0.070381,-0.045455,-0.05523,-0.040567,-0.05523,-0.035191,-0.030303,-0.010264,-0.035191,-0.025415,-0.020528,-0.010264,-0.020528,-0.010264,-0.010264,0.024438,0.01955,0.034702,0.034702,0.054741,0.034702,0.039589,0.01955,0.039589,0.034702,0.044477,0.024438,-0.00048876,0.039589,0.024438,0.024438,0.01955,0.064516,0.039589,0.044477,0.044477,0.07478,0.084555,0.084555,0.069892,0.094819,0.10459,0.11486,0.069892,0.039589,0.044477,0.034702,0.039589,-0.00048876,-0.030303,-0.035191,-0.020528,-0.010264,-0.0053763,-0.050342,-0.050342,-0.05523,-0.010264,0.029814,0.15494,0.3348,0.435,0.26002,0.044477,-0.13539,-0.17058,-0.095308,-0.045455,-0.040567,-0.060606,-0.045455,-0.060606,-0.05523,-0.020528,-0.015152,-0.010264,-0.050342,-0.040567,-0.035191,-0.025415,-0.010264,-0.020528,-0.030303,-0.035191,0.0097752,0.034702,0.069892,0.064516,0.039589,0.0043988,0.014663,0.034702,0.059629,0.034702,0.024438,0.044477,0.07478,0.01955,0.0043988,0.014663,0.0097752,0.014663,0.039589,0.054741,0.049853,0.089932,0.094819,0.10948,0.099707,0.12463,0.10948,0.10459,0.044477,0.049853,0.0043988,0.014663,0.014663,-0.0053763,-0.020528,-0.035191,-0.045455,-0.015152,-0.035191,-0.040567,-0.025415,-0.040567,0.044477,0.12952,0.31476,0.42473,0.30499,0.054741,-0.11535,-0.16569,-0.1002,-0.065494,-0.05523,-0.070381,-0.050342,-0.05523,-0.045455,-0.045455,-0.025415,-0.030303,-0.020528,-0.035191,-0.020528,-0.010264,-0.015152,-0.010264,0.0043988,-0.00048876,0.01955,0.039589,0.034702,0.049853,0.039589,0.034702,0.024438,0.039589,0.024438,0.039589,0.014663,0.024438,0.0043988,0.0097752,-0.0053763,0.014663,0.01955,0.014663,0.01955,0.044477,0.039589,0.059629,0.079668,0.099707,0.089932,0.07478,0.094819,0.089932,0.07478,0.039589,0.014663,0.0097752,0.014663,-0.0053763,-0.020528,-0.05523,-0.050342,-0.050342,-0.035191,-0.05523,-0.035191,-0.05523,-0.025415,0.01955,0.099707,0.26491,0.37488,0.25464,0.014663,-0.15543,-0.1955,-0.11535,-0.05523,-0.035191,-0.05523,-0.060606,-0.065494,-0.045455,-0.030303,-0.015152,-0.05523,-0.025415,-0.035191,-0.015152,-0.025415,-0.010264,-0.025415,0.014663,0.0097752,0.034702,0.039589,0.049853,0.039589,0.039589,0.034702,0.049853,0.044477,0.039589,0.054741,0.034702,0.014663,0.0043988,0.014663,0.0043988,0.024438,0.014663,0.029814,0.014663,0.034702,0.029814,0.069892,0.084555,0.099707,0.10459,0.12952,0.10459,0.094819,0.054741,0.039589,0.024438,0.014663,-0.00048876,-0.010264,-0.015152,-0.030303,-0.025415,-0.050342,-0.035191,-0.05523,-0.030303,-0.035191,0.01955,0.069892,0.20968,0.31965,0.35973,0.044477,-0.11046,-0.1955,-0.1305,-0.065494,-0.050342,-0.060606,-0.045455,-0.035191,-0.045455,-0.025415,-0.030303,-0.010264,-0.030303,-0.015152,-0.025415,-0.0053763,-0.020528,-0.0053763,-0.010264,0.024438,0.024438,0.059629,0.039589,0.059629,0.039589,0.049853,0.054741,0.044477,0.049853,0.054741,0.034702,0.039589,0.014663,0.024438,0.034702,0.014663,0.024438,0.0097752,0.029814,0.014663,0.029814,0.014663,0.059629,0.07478,0.094819,0.084555,0.11486,0.10948,0.11486,0.064516,0.059629,0.01955,0.014663,0.0097752,0.0043988,-0.030303,-0.045455,-0.060606,-0.045455,-0.040567,-0.05523,-0.040567,-0.035191,-0.015152,0.029814,0.10948,0.26002,0.36999,0.20968,-0.010264,-0.15054,-0.17546,-0.10557,-0.065494,-0.05523,-0.035191,-0.050342,-0.025415,-0.045455,-0.05523,-0.030303,-0.015152,-0.035191,-0.035191,-0.020528,-0.015152,-0.00048876,-0.010264,0.0043988,0.01955,0.039589,0.044477,0.059629,0.039589,0.059629,0.054741,0.069892,0.049853,0.054741,0.029814,0.039589,0.034702,0.059629,0.034702,0.039589,0.014663,0.014663,0.029814,0.01955,0.044477,0.039589,0.059629,0.079668,0.089932,0.07478,0.11975,0.10948,0.094819,0.079668,0.069892,0.044477,0.024438,0.0043988,0.014663,-0.020528,-0.020528,-0.045455,-0.025415,-0.040567,-0.030303,-0.025415,-0.040567,0.0097752,0.069892,0.16471,0.31476,0.39003,0.21457,0.049853,-0.05523,-0.09042,-0.065494,-0.050342,-0.065494,-0.05523,-0.05523,-0.035191,-0.05523,-0.040567,-0.050342,-0.025415,-0.050342,-0.040567,-0.045455,-0.030303,-0.040567,-0.015152,-0.025415,-0.010264,-0.015152,-0.020528,-0.0053763,0.014663,0.01955,0.0043988,0.024438,0.01955,0.029814,0.01955,0.024438,0.0097752,0.01955,0.014663,0.029814,0.01955,0.034702,0.01955,0.039589,0.049853,0.07478,0.07478,0.084555,0.064516,0.089932,0.099707,0.11975,0.084555,0.059629,0.039589,0.034702,0.014663,-0.00048876,0.0043988,-0.035191,-0.030303,-0.035191,-0.025415,-0.035191,-0.025415,-0.045455,-0.030303,0.014663,0.094819,0.23998,0.37488,0.41007,0.1349,-0.080645,-0.17546,-0.15543,-0.065494,-0.050342,-0.065494,-0.050342,-0.040567,-0.035191,-0.050342,-0.030303,-0.035191,-0.030303,-0.040567,-0.015152,-0.035191,-0.015152,-0.010264,0.0043988,-0.010264,0.01955,0.0097752,0.044477,0.049853,0.059629,0.044477,0.054741,0.039589,0.049853,0.039589,0.044477,0.034702,0.039589,0.034702,0.01955,0.034702,0.014663,0.034702,0.014663,0.034702,0.029814,0.064516,0.059629,0.084555,0.07478,0.10948,0.11486,0.12463,0.064516,0.044477,0.024438,0.029814,-0.00048876,0.0097752,-0.020528,-0.035191,-0.05523,-0.065494,-0.040567,-0.045455,-0.040567,-0.050342,-0.025415,0.014663,0.084555,0.22483,0.34506,0.35484,0.039589,-0.13539,-0.19062,-0.13539,-0.05523,-0.065494,-0.050342,-0.045455,-0.050342,-0.035191,-0.040567,-0.025415,-0.030303,-0.020528,-0.035191,-0.020528,-0.030303,-0.010264,-0.0053763,0.0043988,-0.00048876,0.024438,0.01955,0.049853,0.049853,0.039589,0.039589,0.054741,0.039589,0.054741,0.024438,0.034702,0.014663,0.034702,0.014663,0.024438,0.0043988,0.0097752,0.0043988,0.014663,0.024438,0.044477,0.049853,0.029814,0.079668,0.084555,0.099707,0.094819,0.12952,0.099707,0.064516,0.01955,0.0097752,-0.010264,-0.00048876,-0.015152,-0.010264,-0.030303,-0.035191,-0.045455,-0.035191,-0.035191,-0.040567,-0.050342,-0.020528,0.044477,0.14956,0.28983,0.34506,0.1349,-0.080645,-0.17058,-0.21065,-0.1002,-0.085533,-0.060606,-0.070381,-0.040567,-0.035191,-0.010264,-0.035191,-0.025415,-0.045455,-0.025415,-0.035191,-0.025415,-0.010264,-0.00048876,-0.010264,-0.00048876,0.01955,0.034702,0.039589,0.034702,0.039589,0.029814,0.044477,0.039589,0.064516,0.039589,0.049853,0.039589,0.024438,0.01955,0.029814,-0.00048876,0.01955,0.024438,-0.0053763,-0.00048876,0.014663,0.034702,0.069892,0.064516,0.089932,0.084555,0.089932,0.11486,0.10948,0.089932,0.049853,0.024438,0.0097752,0.024438,-0.00048876,0.0097752,-0.020528,-0.015152,-0.045455,-0.035191,-0.045455,-0.035191,-0.030303,-0.045455,0.014663,0.069892,0.18475,0.34995,0.42473,0.19501,-0.030303,-0.15543,-0.17546,-0.10557,-0.05523,-0.040567,-0.035191,-0.045455,-0.040567,-0.035191,-0.030303,-0.045455,-0.020528,-0.010264,-0.00048876,-0.035191,-0.010264,-0.010264,-0.020528,0.0097752,0.014663,-0.010264,0.014663,0.029814,0.044477,0.059629,0.044477,0.034702,0.024438,0.049853,0.029814,0.039589,0.01955,0.034702,0.01955,0.034702,0.024438,0.039589,0.01955,0.039589,0.049853,0.054741,0.054741,0.10948,0.089932,0.10948,0.11486,0.12952,0.089932,0.069892,0.044477,0.039589,0.014663,0.024438,0.029814,-0.025415,-0.010264,-0.050342,-0.030303,-0.030303,-0.020528,-0.035191,-0.010264,0.01955,0.094819,0.20968,0.37488,0.44477,0.21457,0.039589,-0.065494,-0.11535,-0.070381,-0.060606,-0.05523,-0.070381,-0.080645,-0.050342,-0.05523,-0.035191,-0.035191,-0.040567,-0.05523,-0.045455,-0.050342,-0.025415,-0.030303,-0.015152,-0.035191,-0.015152,-0.025415,0.01955,-0.00048876,0.0097752,-0.0053763,-0.010264,0.024438,0.029814,0.024438,0.039589,0.014663,0.01955,0.029814,0.014663,0.01955,0.0097752,0.014663,-0.0053763,0.039589,0.034702,0.044477,0.039589,0.059629,0.079668,0.084555,0.079668,0.12463,0.10459,0.064516,0.014663,0.0043988,0.0097752,0.024438,0.014663,-0.00048876,-0.030303,-0.040567,-0.030303,-0.035191,-0.030303,-0.05523,-0.035191,-0.045455,0.044477,0.11486,0.29472,0.3998,0.28983,0.029814,-0.10557,-0.1955,-0.12023,-0.080645,-0.050342,-0.05523,-0.035191,-0.05523,-0.050342,-0.040567,-0.020528,-0.035191,-0.015152,-0.020528,-0.020528,-0.035191,-0.040567,-0.020528,-0.015152,-0.0053763,-0.010264,0.029814,0.034702,0.054741,0.049853,0.059629,0.034702,0.039589,0.029814,0.039589,0.014663,0.034702,0.024438,0.029814,0.0097752,0.014663,0.024438,0.014663,0.01955,0.014663,0.034702,0.054741,0.079668,0.084555,0.079668,0.07478,0.12952,0.094819,0.064516,0.044477,0.029814,0.0097752,0.0043988,-0.00048876,0.014663,-0.015152,-0.020528,-0.05523,-0.040567,-0.05523,-0.05523,-0.035191,-0.050342,0.01955,0.07478,0.2346,0.3651,0.41007,0.084555,-0.09042,-0.17546,-0.12561,-0.060606,-0.05523,-0.070381,-0.045455,-0.05523,-0.035191,-0.050342,-0.040567,-0.050342,-0.030303,-0.040567,-0.025415,-0.035191,-0.010264,-0.015152,0.0097752,0.014663,0.0043988,0.024438,0.054741,0.044477,0.039589,0.059629,0.049853,0.054741,0.039589,0.044477,0.01955,0.034702,0.01955,0.014663,0.0043988,0.014663,0.0043988,0.01955,0.024438,0.034702,0.029814,0.049853,0.059629,0.094819,0.099707,0.079668,0.11486,0.11975,0.084555,0.059629,0.044477,0.024438,0.0097752,-0.00048876,0.0043988,-0.025415,-0.020528,-0.045455,-0.040567,-0.05523,-0.035191,-0.035191,-0.035191,-0.00048876,0.049853,0.12463,0.28983,0.3651,0.15494,-0.070381,-0.16031,-0.19062,-0.09042,-0.065494,-0.080645,-0.070381,-0.060606,-0.035191,-0.040567,-0.040567,-0.05523,-0.05523,-0.065494,-0.010264,-0.035191,-0.025415,-0.020528,-0.0053763,-0.010264,0.01955,-0.0053763,0.029814,0.034702,0.039589,0.049853,0.024438,0.054741,0.039589,0.014663,0.024438,0.039589,0.034702,0.024438,0.0097752,0.029814,-0.010264,0.0043988,-0.00048876,0.014663,0.024438,0.039589,0.034702,0.079668,0.07478,0.10948,0.10948,0.11975,0.12463,0.079668,0.044477,0.039589,0.044477,0.014663,0.029814,0.01955,-0.0053763,-0.030303,-0.035191,-0.05523,-0.030303,-0.035191,-0.020528,-0.035191,0.044477,0.094819,0.29472,0.43011,0.48485,0.17498,-0.035191,-0.18573,-0.1955,-0.080645,-0.050342,-0.045455,-0.05523,-0.035191,-0.015152,-0.045455,-0.070381,-0.05523,-0.070381,-0.050342,-0.05523,-0.020528,-0.035191,-0.015152,-0.020528,-0.00048876,-0.010264,0.014663,0.0043988,0.014663,0.029814,0.039589,0.0097752,0.039589,0.01955,0.014663,0.034702,0.014663,-0.00048876,0.029814,0.049853,0.024438,0.01955,0.014663,0.034702,0.054741,0.069892,0.064516,0.094819,0.089932,0.11975,0.11486,0.10459,0.07478,0.084555,0.044477,0.029814,0.0097752,0.01955,0.0043988,-0.0053763,-0.025415,-0.015152,-0.035191,-0.05523,-0.030303,-0.045455,-0.025415,0.029814,0.11486,0.26002,0.41984,0.45992,0.20479,0.024438,-0.095308,-0.12023,-0.065494,-0.080645,-0.065494,-0.070381,-0.030303,-0.05523,-0.045455,-0.05523,-0.050342,-0.040567,-0.05523,-0.060606,-0.045455,-0.035191,-0.040567,-0.020528,-0.040567,-0.020528,-0.030303,0.0043988,-0.010264,0.0097752,0.0097752,0.024438,-0.00048876,0.01955,0.029814,0.039589,0.01955,0.029814,0.0097752,0.029814,0.0043988,-0.00048876,0.029814,0.024438,0.029814,0.01955,0.054741,0.049853,0.079668,0.084555,0.10459,0.10948,0.11486,0.07478,0.059629,0.024438,0.029814,0.014663,0.039589,0.0043988,-0.015152,-0.045455,-0.05523,-0.05523,-0.035191,-0.045455,-0.050342,-0.05523,-0.015152,0.044477,0.15494,0.32991,0.435,0.2346,-0.0053763,-0.14027,-0.18573,-0.1002,-0.085533,-0.060606,-0.065494,-0.05523,-0.050342,-0.045455,-0.05523,-0.050342,0.014663,0.10459,0.21457,0.34995,0.38514,0.10948,-0.1002,-0.17058,-0.18573,-0.060606,-0.095308,-0.10557,-0.065494,-0.035191,-0.05523,-0.040567,-0.010264,-0.030303,-0.05523,-0.045455,-0.045455,-0.030303,0.014663,0.0043988,-0.020528,-0.070381,-0.060606,0.024438,0.039589,0.029814,0.064516,0.059629,0.069892,-0.00048876,0.039589,0.059629,0.059629,0.044477,0.054741,0.064516,0.069892,0.029814,0.044477,0.034702,0.089932,0.10948,0.069892,0.059629,0.089932,0.10459,0.089932,0.11975,0.14956,0.11975,0.099707,0.084555,0.07478,0.079668,0.039589,0.034702,0.0043988,0.01955,-0.0053763,-0.010264,-0.015152,-0.0053763,-0.015152,-0.0053763,0.024438,0.089932,0.20479,0.37488,0.49022,0.32991,0.12952,-0.00048876,-0.065494,-0.075269,-0.040567,-0.060606,-0.05523,-0.060606,-0.035191,-0.065494,-0.035191,-0.035191,-0.015152,-0.040567,-0.010264,-0.040567,-0.030303,-0.045455,-0.035191,-0.050342,-0.030303,-0.025415,-0.010264,0.0043988,-0.015152,0.014663,0.039589,0.044477,0.024438,0.029814,0.014663,0.024438,0.0097752,0.01955,0.014663,0.029814,0.014663,0.01955,0.0097752,0.049853,0.039589,0.069892,0.064516,0.059629,0.089932,0.1349,0.079668,0.039589,-0.010264,0.0097752,-0.020528,-0.045455,-0.030303,-0.050342,-0.040567,-0.05523,-0.035191,-0.035191,-0.035191,-0.070381,-0.040567,-0.0053763,0.054741,0.17498,0.3348,0.41007,0.19501,-0.05523,-0.18573,-0.19062,-0.05523,-0.070381,-0.080645,-0.050342,-0.05523,-0.060606,-0.065494,-0.050342,-0.050342,-0.040567,-0.075269,-0.065494,-0.035191,-0.0053763,-0.020528,-0.025415,-0.015152,0.0097752,0.0043988,0.039589,0.039589,0.054741,0.039589,0.049853,0.059629,0.059629,0.034702,0.039589,0.01955,-0.010264,0.01955,0.039589,0.01955,0.0097752,0.024438,0.01955,0.059629,0.064516,0.059629,0.07478,0.089932,0.069892,0.11975,0.11486,0.084555,0.01955,0.0097752,-0.0053763,-0.020528,-0.010264,-0.035191,-0.050342,-0.045455,-0.060606,-0.065494,-0.05523,-0.060606,-0.025415,0.0043988,0.049853,0.12952,0.3001,0.39003,0.21994,-0.020528,-0.16569,-0.1955,-0.065494,-0.09042,-0.080645,-0.09042,-0.060606,-0.05523,-0.070381,-0.060606,-0.045455,-0.035191,-0.050342,-0.030303,-0.040567,-0.030303,-0.035191,-0.040567,-0.050342,-0.025415,-0.010264,0.01955,0.029814,0.049853,0.039589,0.059629,0.044477,0.069892,0.044477,0.039589,0.014663,0.0097752,-0.0053763,0.0097752,0.0043988,0.024438,0.0097752,-0.00048876,-0.020528,-0.025415,0.014663,0.024438,0.039589,0.064516,0.084555,0.054741,0.12952,0.11486,0.069892,0.014663,-0.010264,-0.040567,-0.020528,-0.030303,-0.015152,-0.040567,-0.030303,-0.080645,-0.070381,-0.070381,-0.065494,-0.085533,-0.045455,-0.010264,0.049853,0.1349,0.29472,0.34995,0.14467,-0.030303,-0.16569,-0.20039,-0.12023,-0.070381,-0.09042,-0.080645,-0.09042,-0.050342,-0.040567,-0.035191,-0.05523,-0.020528,-0.030303,-0.010264,-0.030303,-0.025415,-0.030303,0.0097752,-0.010264,-0.030303,0.0097752,0.024438,0.0097752,0.039589,0.024438,0.049853,0.089932,0.07478,0.049853,0.039589,0.069892,0.034702,0.039589,-0.00048876,0.029814,0.039589,0.034702,0.049853,-0.00048876,0.01955,0.039589,0.079668,0.084555,0.044477,0.089932,0.10948,0.094819,0.10459,0.059629,0.024438,0.014663,0.029814,0.024438,-0.010264,-0.030303,-0.015152,-0.025415,-0.010264,-0.040567,-0.035191,-0.050342,0.0097752,0.034702,0.094819,0.29472,0.44477,0.3001,0.089932,-0.060606,-0.15543,-0.1305,-0.060606,-0.060606,-0.035191,-0.020528,-0.030303,-0.00048876,-0.015152,0.0097752,-0.010264,-0.0053763,0.0043988,0.014663,0.0043988,0.014663,0.0097752,0.0043988,0.01955,0.044477,0.039589,0.054741,0.049853,0.064516,0.054741,0.079668,0.084555,0.069892,0.07478,0.054741,0.059629,0.029814,0.034702,0.029814,0.039589,0.029814,0.064516,0.054741,0.064516,0.079668,0.10948,0.094819,0.11486,0.10948,0.089932,0.059629,0.029814,0.014663,0.014663,0.0043988,0.0043988,-0.030303,-0.035191,-0.045455,-0.060606,-0.045455,-0.05523,-0.035191,-0.05523,-0.015152,0.044477,0.15982,0.32502,0.41984,0.22483,-0.00048876,-0.16031,-0.18035,-0.10557,-0.080645,-0.10557,-0.085533,-0.075269,-0.05523,-0.060606,-0.05523,-0.065494,-0.050342,-0.040567,-0.060606,-0.05523,-0.035191,-0.020528,-0.025415,-0.010264,-0.015152,0.014663,0.014663,0.039589,0.024438,0.034702,0.029814,0.049853,0.024438,0.039589,0.01955,0.039589,0.014663,0.0097752,-0.00048876,0.014663,0.0043988,-0.00048876,0.014663,0.0097752,0.034702,0.044477,0.079668,0.069892,0.07478,0.064516,0.094819,0.069892,0.059629,0.01955,0.0097752,-0.010264,-0.015152,-0.020528,-0.015152,-0.060606,-0.05523,-0.060606,-0.05523,-0.065494,-0.05523,-0.050342,-0.015152,0.054741,0.14467,0.28983,0.39492,0.21457,-0.025415,-0.15054,-0.18035,-0.080645,-0.060606,-0.05523,-0.065494,-0.040567,-0.05523,-0.035191,-0.05523,-0.045455,-0.050342,-0.035191,-0.050342,-0.025415,-0.035191,-0.020528,-0.020528,0.0097752,-0.00048876,0.01955,0.044477,0.059629,0.069892,0.059629,0.07478,0.039589,0.054741,0.059629,0.049853,0.039589,0.039589,0.0043988,0.014663,0.0097752,0.014663,0.0043988,0.034702,0.01955,0.034702,0.01955,0.054741,0.084555,0.084555,0.10459,0.12463,0.12952,0.079668,0.084555,0.029814,0.039589,-0.020528,-0.0053763,-0.025415,-0.025415,-0.045455,-0.035191,-0.030303,-0.035191,-0.05523,-0.030303,-0.020528,0.044477,0.059629,0.17498,0.32991,0.37488,0.11975,-0.015152,-0.10557,-0.12561,-0.09042,-0.060606,-0.040567,-0.050342,-0.045455,-0.060606,-0.030303,-0.045455,-0.035191,-0.05523,-0.045455,-0.040567,-0.045455,-0.035191,-0.015152,-0.010264,-0.020528,-0.0053763,-0.015152,-0.035191,-0.040567,-0.020528,-0.00048876,0.034702,0.059629,0.049853,0.029814,0.01955,0.024438,0.029814,0.0043988,0.029814,0.039589,0.039589,0.039589,0.049853,0.044477,0.07478,0.07478,0.084555,0.064516,0.12463,0.12952,0.10459,0.064516,0.054741,0.034702,0.01955,-0.0053763,0.014663,-0.015152,-0.035191,-0.030303,-0.035191,-0.030303,-0.045455,-0.030303,-0.035191,-0.00048876,0.044477,0.12463,0.27468,0.45992,0.3651,0.1696,0.014663,-0.05523,-0.080645,-0.070381,-0.060606,-0.035191,-0.065494,-0.080645,-0.045455,-0.040567,-0.05523,-0.045455,-0.030303,-0.040567,-0.035191,-0.045455,-0.030303,-0.035191,-0.010264,-0.030303,0.0043988,-0.010264,-0.010264,-0.0053763,0.049853,0.039589,0.024438,0.014663,0.039589,0.034702,0.034702,0.01955,0.034702,0.029814,0.044477,0.029814,0.024438,0.049853,0.039589,0.059629,0.054741,0.099707,0.07478,0.099707,0.094819,0.10948,0.079668,0.059629,0.029814,0.039589,0.024438,0.034702,0.014663,-0.010264,-0.040567,-0.020528,-0.010264,-0.020528,-0.035191,-0.010264,-0.0053763,0.049853,0.10948,0.25464,0.39492,0.45015,0.25464,0.089932,-0.045455,-0.080645,-0.035191,-0.050342,-0.020528,-0.035191,-0.020528,-0.035191,-0.0053763,-0.030303,-0.035191,-0.010264,-0.020528,-0.0053763,-0.025415,-0.020528,0.0043988,0.0097752,-0.015152,0.0043988,-0.00048876,0.01955,0.0043988,0.014663,0.0043988,0.029814,0.014663,0.024438,0.01955,0.039589,0.024438,0.034702,0.024438,0.029814,0.0097752,0.01955,0.029814,0.059629,0.054741,0.079668,0.089932,0.084555,0.10459,0.099707,0.12952,0.069892,0.039589,0.01955,0.039589,0.014663,0.014663,-0.015152,-0.030303,-0.030303,-0.020528,-0.040567,-0.035191,-0.060606,-0.040567,-0.045455,0.049853,0.084555,0.27468,0.42473,0.43988,0.094819,-0.080645,-0.17546,-0.1002,-0.070381,-0.060606,-0.070381,-0.050342,-0.035191,-0.05523,-0.045455,-0.035191,-0.035191,-0.030303,-0.015152,-0.05523,-0.025415,-0.030303,0.0097752,-0.010264,0.0097752,0.0043988,0.039589,0.029814,0.069892,0.044477,0.054741,0.069892,0.059629,0.054741,0.044477,0.049853,0.029814,0.034702,-0.010264,0.014663,0.0043988,0.014663,0.0043988,0.039589,0.044477,0.064516,0.039589,0.094819,0.079668,0.11486,0.12952,0.15494,0.099707,0.064516,0.024438,0.034702,-0.0053763,-0.015152,0.0097752,-0.030303,-0.050342,-0.05523,-0.040567,-0.035191,-0.025415,-0.045455,-0.015152,0.01955,0.10948,0.26979,0.40469,0.43011,0.064516,-0.10557,-0.15543,-0.075269,-0.080645,-0.080645,-0.05523,-0.070381,-0.080645,-0.065494,-0.050342,-0.040567,-0.05523,-0.035191,-0.040567,-0.010264,-0.015152,-0.0053763,-0.010264,0.014663,-0.010264,0.014663,0.034702,0.059629,0.054741,0.059629,0.034702,0.049853,0.054741,0.039589,0.054741,0.044477,0.014663,-0.010264,-0.030303,-0.010264,-0.00048876,0.0043988,-0.010264,-0.015152,0.029814,0.024438,0.049853,0.044477,0.064516,0.07478,0.084555,0.054741,0.049853,0.014663,0.034702,-0.00048876,-0.010264,-0.035191,-0.020528,-0.015152,-0.035191,-0.05523,-0.050342,-0.060606,-0.035191,-0.05523,-0.0053763,0.059629,0.14467,0.28983,0.33969,0.14467,-0.080645,-0.18573,-0.21065,-0.095308,-0.065494,-0.050342,-0.065494,-0.05523,-0.060606,-0.025415,-0.020528,-0.040567,-0.030303,-0.050342,-0.030303,-0.035191,-0.010264,-0.025415,-0.00048876,0.0097752,0.014663,0.044477,0.039589,0.059629,0.07478,0.079668,0.084555,0.07478,0.089932,0.064516,0.07478,0.0097752,0.034702,-0.00048876,-0.0053763,0.0097752,0.01955,0.014663,0.064516,0.044477,0.029814,0.044477,0.059629,0.07478,0.069892,0.059629,0.079668,0.089932,0.084555,0.10459,0.044477,0.014663,0.0043988,0.0097752,-0.015152,-0.025415,-0.040567,-0.030303,-0.05523,-0.045455,-0.040567,-0.05523,-0.070381,-0.020528,0.039589,0.10948,0.24487,0.35484,0.25464,0.039589,-0.12561,-0.18035,-0.13539,-0.080645,-0.05523,-0.05523,-0.040567,-0.035191,-0.05523,-0.065494,-0.050342,-0.065494,-0.015152,-0.025415,-0.030303,-0.035191,-0.020528,-0.045455,-0.030303,-0.020528,0.014663,-0.00048876,0.034702,0.044477,0.029814,0.039589,0.0097752,0.049853,0.059629,0.049853,0.044477,0.039589,0.024438,0.029814,0.014663,0.034702,0.01955,0.034702,0.044477,0.064516,0.039589,0.064516,0.069892,0.079668,0.094819,0.11975,0.07478,0.039589,0.01955,0.034702,-0.00048876,-0.0053763,-0.00048876,-0.050342,-0.025415,-0.035191,-0.030303,-0.015152,-0.010264,-0.070381,-0.045455,-0.010264,0.07478,0.21994,0.35484,0.40469,0.20968,0.064516,-0.025415,-0.065494,-0.085533,-0.10557,-0.11046,-0.075269,-0.080645,-0.045455,-0.050342,-0.035191,-0.060606,-0.060606,-0.050342,-0.045455,-0.060606,-0.045455,-0.050342,-0.035191,-0.035191,-0.020528,-0.035191,-0.010264,-0.030303,-0.0053763,0.014663,0.014663,0.0097752,0.01955,0.024438,0.029814,0.01955,0.014663,0.024438,0.034702,0.014663,0.0097752,0.029814,0.014663,0.039589,0.054741,0.059629,0.049853,0.084555,0.069892,0.094819,0.10948,0.12463,0.069892,0.054741,0.029814,0.034702,-0.00048876,0.0043988,-0.025415,-0.030303,-0.015152,-0.030303,-0.025415,-0.040567,-0.040567,-0.035191,-0.025415,0.034702,0.089932,0.23998,0.37977,0.41007,0.1349,-0.020528,-0.095308,-0.11535,-0.035191,-0.070381,-0.05523,-0.070381,-0.050342,-0.05523,-0.040567,-0.05523,-0.040567,-0.035191,-0.05523,-0.035191,-0.020528,-0.025415,-0.010264,-0.025415,-0.00048876,0.014663,-0.00048876,0.01955,-0.0053763,0.0097752,0.0043988,0.029814,0.0043988,0.0043988,-0.025415,-0.020528,-0.025415,-0.010264,-0.0053763,0.01955,0.014663,0.034702,0.039589,0.064516,0.07478,0.049853,0.084555,0.069892,0.099707,0.094819,0.11486,0.10948,0.084555,0.059629,0.034702,0.0097752,0.014663,0.014663,0.0043988,-0.020528,-0.025415,-0.030303,-0.015152,-0.035191,-0.040567,-0.050342,-0.030303,0.029814,0.089932,0.25464,0.3998,0.43988,0.12463,-0.065494,-0.16569,-0.12023,-0.075269,-0.05523,-0.080645,-0.05523,-0.050342,-0.035191,-0.040567,-0.035191,-0.035191,-0.025415,-0.045455,-0.010264,-0.015152,-0.015152,-0.010264,-0.015152,0.0097752,0.0043988,0.034702,0.034702,0.039589,0.024438,0.044477,0.044477,0.054741,0.044477,0.054741,0.034702,0.039589,0.024438,0.044477,0.01955,0.039589,0.014663,0.024438,0.01955,0.049853,0.039589,0.084555,0.094819,0.089932,0.10459,0.094819,0.10459,0.044477,0.024438,0.014663,0.0097752,-0.010264,-0.00048876,-0.035191,-0.040567,-0.05523,-0.035191,-0.060606,-0.05523,-0.080645,-0.045455,-0.030303,0.034702,0.14467,0.32502,0.3998,0.20968,-0.040567,-0.16569,-0.1955,-0.095308,-0.080645,-0.070381,-0.080645,-0.075269,-0.050342,-0.065494,-0.05523,-0.065494,-0.035191,-0.050342,-0.040567,-0.045455,-0.030303,-0.035191,-0.015152,-0.0053763,0.014663,-0.0053763,0.014663,0.024438,0.039589,0.034702,0.039589,0.049853,0.039589,0.029814,0.014663,0.01955,0.014663,0.01955,0.0043988,0.0097752,-0.0053763,0.0097752,-0.00048876,0.01955,0.024438,0.039589,0.034702,0.084555,0.059629,0.094819,0.10459,0.12463,0.07478,0.044477,0.0097752,0.01955,0.0043988,-0.00048876,-0.015152,-0.025415,-0.035191,-0.035191,-0.045455,-0.05523,-0.035191,-0.045455,-0.035191,-0.00048876,0.054741,0.14467,0.30987,0.3348,0.089932,-0.12561,-0.20039,-0.20528,-0.09042,-0.085533,-0.070381,-0.065494,-0.050342,-0.035191,-0.040567,-0.060606,-0.040567,-0.020528,-0.020528,-0.025415,-0.035191,-0.015152,-0.050342,-0.025415,-0.030303,0.01955,0.014663,0.054741,0.064516,0.049853,0.01955,0.054741,0.059629,0.039589,0.014663,0.0097752,0.014663,0.01955,0.034702,0.039589,0.0043988,0.01955,0.029814,-0.010264,0.0097752,0.029814,0.034702,0.064516,0.089932,0.094819,0.10948,0.10948,0.089932,0.059629,0.079668,0.099707,0.084555,0.01955,-0.010264,-0.050342,-0.030303,-0.045455,-0.025415,-0.05523,-0.040567,-0.05523,-0.040567,-0.015152,0.039589,0.14956,0.35973,0.46481,0.29472,0.054741,-0.11535,-0.16569,-0.12023,-0.050342,-0.050342,-0.030303,-0.020528,-0.010264,-0.00048876,0.014663,0.0097752,0.01955,0.014663,0.024438,0.0097752,0.0043988,0.014663,0.014663,-0.010264,-0.00048876,0.014663,0.039589,0.039589,0.029814,0.044477,0.039589,0.07478,0.059629,0.054741,0.039589,0.054741,0.039589,0.054741,0.039589,0.054741,0.039589,0.054741,0.044477,0.079668,0.094819,0.099707,0.079668,0.10459,0.11486,0.10948,0.069892,0.044477,0.029814,0.014663,-0.020528,-0.015152,-0.010264,-0.050342,-0.05523,-0.05523,-0.040567,-0.045455,-0.040567,-0.05523,-0.015152,0.039589,0.12952,0.28495,0.39003,0.41007,0.054741,-0.11046,-0.16569,-0.1002,-0.070381,-0.080645,-0.060606,-0.045455,-0.060606,-0.05523,-0.060606,-0.030303,-0.05523,-0.050342,-0.060606,-0.020528,-0.045455,-0.035191,-0.035191,-0.0053763,-0.010264,0.0097752,-0.0053763,0.01955,0.01955,0.044477,0.034702,0.029814,0.059629,0.044477,0.024438,0.014663,0.029814,0.024438,0.039589,0.0097752,0.01955,0.014663,0.014663,0.024438,0.054741,0.049853,0.079668,0.069892,0.089932,0.07478,0.10459,0.12952,0.094819,0.07478,0.039589,0.034702,0.034702,0.0097752,-0.00048876,0.0043988,-0.040567,-0.025415,-0.050342,-0.040567,-0.065494,-0.040567,-0.060606,-0.0053763,0.054741,0.19501,0.3348,0.435,0.1999,-0.0053763,-0.16031,-0.18035,-0.080645,-0.070381,-0.075269,-0.060606,-0.05523,-0.060606,-0.035191,-0.045455,-0.040567,-0.05523,-0.035191,-0.045455,-0.030303,-0.040567,-0.010264,-0.020528,-0.00048876,-0.015152,-0.00048876,0.01955,0.044477,0.024438,0.044477,0.029814,0.054741,0.034702,0.049853,0.01955,0.024438,0.014663,0.014663,0.0097752,0.014663,-0.0053763,0.0097752,0.029814,0.049853,0.064516,0.059629,0.079668,0.07478,0.11486,0.079668,0.069892,0.034702,0.01955,0.0097752,-0.00048876,-0.020528,-0.025415,-0.035191,-0.020528,-0.05523,-0.05523,-0.065494,-0.070381,-0.035191,-0.065494,0.01955,0.07478,0.22972,0.35484,0.3998,0.079668,-0.1002,-0.18573,-0.09042,-0.080645,-0.05523,-0.065494,-0.05523,-0.065494,-0.060606,-0.05523,-0.030303,-0.060606,-0.040567,-0.035191,-0.050342,-0.035191,-0.020528,-0.040567,-0.0053763,0.0043988,0.01955,0.034702,0.029814,0.054741,0.034702,0.059629,0.039589,0.059629,0.059629,0.054741,0.039589,0.029814,-0.010264,0.029814,-0.010264,0.024438,0.014663,0.0097752,0.01955,0.044477,0.034702,0.039589,0.054741,0.079668,0.10459,0.079668,0.099707,0.10948,0.089932,0.059629,0.024438,0.014663,0.0043988,-0.030303,-0.015152,-0.040567,-0.060606,-0.09042,-0.060606,-0.080645,-0.05523,-0.070381,-0.080645,-0.035191,0.034702,0.12463,0.23998,0.29472,0.069892,-0.11535,-0.1955,-0.15543,-0.075269,-0.060606,-0.09042,-0.080645,-0.09042,-0.05523,-0.070381,-0.050342,-0.050342,-0.040567,-0.050342,-0.025415,-0.020528,0.0043988,-0.010264,-0.0053763,-0.020528,0.01955,0.0043988,0.049853,0.059629,0.064516,0.059629,0.084555,0.099707,0.059629,0.039589,0.01955,0.039589,0.014663,0.029814,0.044477,0.049853,0.029814,0.039589,0.01955,0.024438,0.014663,0.029814,0.039589,0.069892,0.059629,0.084555,0.10948,0.12952,0.089932,0.069892,0.079668,0.054741,-0.0053763,-0.025415,0.014663,-0.010264,-0.00048876,-0.050342,-0.060606,-0.070381,-0.040567,-0.035191,-0.045455,0.034702,0.094819,0.23998,0.3651,0.3998,0.17986,-0.040567,-0.15054,-0.20528,-0.10557,-0.065494,-0.045455,-0.040567,-0.05523,-0.025415,-0.035191,-0.010264,-0.015152,-0.020528,-0.015152,-0.010264,-0.020528,-0.010264,-0.030303,-0.015152,-0.025415,0.024438,0.029814,0.054741,0.044477,0.07478,0.059629,0.079668,0.064516,0.079668,0.084555,0.059629,0.044477,0.039589,0.049853,0.034702,0.039589,0.039589,0.029814,0.039589,0.054741,0.039589,0.084555,0.089932,0.10459,0.10948,0.12463,0.079668,0.069892,0.029814,0.039589,0.0097752,0.014663,-0.00048876,-0.010264,-0.035191,-0.030303,-0.045455,-0.035191,-0.050342,-0.035191,-0.030303,0.014663,0.089932,0.28006,0.39003,0.40469,0.079668,-0.11046,-0.17546,-0.1305,-0.070381,-0.080645,-0.065494,-0.065494,-0.065494,-0.05523,-0.050342,-0.05523,-0.035191,-0.050342,-0.035191,-0.040567,-0.035191,-0.035191,-0.020528,-0.010264,-0.035191,-0.00048876,-0.0053763,0.029814,0.014663,0.029814,0.024438,0.049853,0.034702,0.039589,0.029814,0.039589,0.024438,0.0097752,-0.00048876,-0.0053763,0.0043988,0.034702,0.039589,0.014663,0.01955,0.054741,0.059629,0.079668,0.089932,0.059629,0.089932,0.094819,0.079668,0.034702,0.014663,0.024438,0.0097752,-0.0053763,-0.010264,-0.045455,-0.035191,-0.060606,-0.070381,-0.05523,-0.035191,-0.05523,-0.020528,0.024438,0.094819,0.24487,0.37488,0.3998,0.10459,-0.080645,-0.16031,-0.1002,-0.065494,-0.085533,-0.095308,-0.070381,-0.080645,-0.075269,-0.085533,-0.075269,-0.080645,-0.015152,-0.035191,-0.030303,-0.035191,-0.045455,-0.060606,-0.040567,-0.020528,0.024438,0.039589,0.029814,0.039589,0.0097752,0.029814,0.024438,0.039589,0.054741,0.064516,0.054741,0.029814,0.014663,0.01955,0.0097752,0.054741,0.01955,0.0043988,-0.010264,0.029814,0.024438,0.054741,0.059629,0.079668,0.059629,0.084555,0.11486,0.11975,0.049853,0.064516,0.024438,0.069892,0.01955,-0.00048876,0.01955,0.0043988,-0.025415,-0.060606,-0.045455,-0.070381,-0.080645,-0.05523,-0.00048876,0.034702,0.094819,0.24976,0.41984,0.46481,0.22972,0.064516,-0.045455,-0.1305,-0.13539,-0.095308,-0.12023,-0.080645,-0.050342,-0.035191,-0.070381,-0.035191,-0.05523,-0.045455,-0.050342,-0.00048876,-0.040567,-0.025415,-0.050342,-0.025415,-0.035191,-0.045455,-0.015152,0.0043988,-0.010264,0.0097752,0.014663,0.01955,0.014663,0.024438,0.049853,0.059629,0.049853,0.054741,0.01955,0.0097752,0.039589,0.034702,0.064516,0.059629,0.079668,0.064516,0.10948,0.12463,0.1349,0.11975,0.10459,0.079668,0.064516,0.07478,0.039589,0.014663,0.039589,-0.00048876,-0.035191,-0.020528,-0.00048876,-0.020528,-0.035191,-0.010264,-0.050342,-0.035191,0.029814,0.10459,0.26979,0.44477,0.47019,0.18964,0.024438,-0.060606,-0.075269,-0.05523,-0.080645,-0.050342,-0.040567,-0.05523,-0.05523,-0.05523,-0.060606,-0.040567,-0.025415,-0.050342,-0.060606,-0.070381,-0.030303,-0.040567,-0.025415,-0.015152,-0.00048876,-0.010264,0.014663,-0.015152,0.0043988,-0.00048876,0.0097752,-0.0053763,0.01955,0.044477,0.034702,0.0043988,0.01955,0.024438,0.014663,0.029814,0.0043988,0.024438,0.0097752,0.039589,0.049853,0.059629,0.089932,0.10459,0.084555,0.1349,0.10948,0.094819,0.054741,0.059629,0.039589,0.034702,-0.0053763,0.024438,-0.0053763,-0.030303,-0.035191,-0.015152,-0.010264,-0.035191,-0.050342,-0.030303,-0.00048876,0.069892,0.21457,0.37977,0.43988,0.22483,-0.010264,-0.16569,-0.18573,-0.09042,-0.070381,-0.080645,-0.065494,-0.075269,-0.05523,-0.05523,-0.050342,-0.05523,-0.035191,-0.025415,-0.040567,-0.045455,-0.025415,-0.020528,-0.00048876,-0.0053763,0.014663,0.034702,0.049853,0.059629,0.044477,0.059629,0.054741,0.069892,0.054741,0.039589,0.024438,0.039589,0.034702,0.039589,0.029814,0.039589,0.014663,0.039589,0.01955,0.054741,0.049853,0.07478,0.089932,0.11486,0.094819,0.11486,0.12463,0.10459,0.07478,0.049853,0.059629,0.029814,0.034702,-0.0053763,-0.015152,-0.020528,-0.010264,-0.045455,-0.035191,-0.040567,-0.025415,-0.035191,0.029814,0.064516,0.18475,0.34506,0.45992,0.26491,0.0097752,-0.13539,-0.17058,-0.080645,-0.075269,-0.060606,-0.065494,-0.05523,-0.050342,-0.045455,-0.050342,-0.035191,-0.045455,-0.025415,-0.040567,-0.035191,-0.045455,-0.020528,-0.025415,-0.010264,-0.010264,0.0097752,0.01955,0.049853,0.029814,0.024438,0.049853,0.049853,0.054741,0.044477,0.054741,0.01955,0.039589,0.01955,0.029814,0.024438,0.039589,0.014663,0.029814,0.01955,0.059629,0.049853,0.094819,0.079668,0.089932,0.10459,0.12463,0.07478,0.059629,0.014663,0.024438,-0.0053763,-0.015152,-0.00048876,-0.030303,-0.05523,-0.040567,-0.060606,-0.065494,-0.035191,-0.040567,-0.035191,-0.0053763,0.049853,0.1696,0.35484,0.41984,0.18964,-0.050342,-0.17058,-0.17546,-0.080645,-0.080645,-0.065494,-0.05523,-0.065494,-0.05523,-0.065494,-0.05523,-0.05523,-0.05523,-0.035191,-0.035191,-0.020528,-0.010264,-0.035191,-0.010264,-0.0053763,0.014663,0.0097752,0.01955,0.024438,0.039589,0.044477,0.064516,0.044477,0.039589,0.049853,0.039589,0.014663,0.0043988,0.014663,0.014663,0.0097752,-0.00048876,0.014663,0.024438,0.029814,0.01955,0.049853,0.029814,0.059629,0.079668,0.094819,0.094819,0.11486,0.094819,0.054741,0.014663,0.014663,-0.00048876,-0.0053763,-0.015152,-0.025415,-0.060606,-0.05523,-0.050342,-0.060606,-0.035191,-0.05523,-0.05523,-0.020528,0.024438,0.10459,0.26979,0.31965,0.15494,-0.065494,-0.17058,-0.20528,-0.095308,-0.080645,-0.070381,-0.080645,-0.050342,-0.060606,-0.020528,-0.050342,-0.045455,-0.065494,-0.050342,-0.045455,-0.030303,-0.040567,-0.025415,-0.030303,-0.015152,-0.00048876,0.029814,0.039589,0.029814,0.054741,0.044477,0.049853,0.034702,0.064516,0.059629,0.054741,0.029814,0.014663,0.0097752,0.014663,-0.025415,0.0097752,0.014663,0.014663,0.01955,0.049853,0.064516,0.07478,0.099707,0.084555,0.07478,0.094819,0.10948,0.07478,0.049853,0.014663,0.034702,-0.00048876,0.01955,-0.00048876,-0.0053763,-0.05523,-0.010264,-0.0053763,-0.040567,-0.060606,-0.030303,-0.030303,0.024438,0.064516,0.20479,0.35484,0.41007,0.19501,-0.010264,-0.15054,-0.18573,-0.080645,-0.065494,-0.060606,-0.035191,-0.030303,-0.05523,-0.040567,-0.075269,-0.050342,-0.060606,-0.040567,-0.045455,-0.010264,-0.0053763,-0.035191,-0.0053763,-0.020528,-0.010264,0.014663,0.024438,-0.010264,0.024438,0.049853,0.059629,0.044477,0.064516,-0.0053763,0.01955,0.029814,0.039589,0.029814,0.044477,-0.00048876,0.014663,-0.00048876,0.049853,0.054741,0.064516,0.064516,0.10948,0.11975,0.10459,0.10948,0.07478,0.059629,0.044477,0.054741,0.01955,0.034702,0.0043988,-0.010264,-0.0053763,-0.015152,-0.025415,0.024438,-0.010264,-0.0053763,-0.05523,-0.020528,0.034702,0.18964,0.35973,0.46481,0.29472,0.11975,-0.045455,-0.11046,-0.10557,-0.075269,-0.070381,-0.060606,-0.045455,-0.05523,-0.030303,-0.05523,-0.045455,-0.050342,-0.035191,-0.040567,-0.035191,-0.045455,-0.025415,-0.035191,-0.030303,-0.035191,-0.020528,-0.020528,0.014663,0.01955,0.014663,0.034702,0.044477,0.034702,0.054741,0.069892,0.039589,0.059629,0.054741,0.049853,0.079668,0.084555,0.059629,0.07478,0.07478,0.084555,0.079668,0.11486,0.099707,0.12952,0.14467,0.14956,0.11486,0.094819,0.054741,0.064516,0.029814,0.01955,0.024438,0.014663,-0.00048876,-0.015152,-0.030303,-0.035191,-0.020528,-0.035191,-0.015152,0.0097752,0.079668,0.21994,0.38514,0.45015,0.22972,-0.025415,-0.15543,-0.17546,-0.075269,-0.085533,-0.065494,-0.070381,-0.045455,-0.060606,-0.050342,-0.070381,-0.045455,-0.035191,-0.040567,-0.035191,-0.05523,-0.035191,-0.040567,-0.010264,-0.030303,-0.0053763,-0.020528,0.0097752,0.024438,0.044477,0.014663,0.039589,0.029814,0.044477,0.034702,0.049853,0.029814,0.024438,0.014663,0.0097752,0.01955,0.0043988,0.0097752,0.039589,0.049853,0.039589,0.084555,0.07478,0.089932,0.079668,0.11975,0.079668,0.059629,0.01955,0.029814,-0.010264,0.014663,0.0043988,-0.0053763,-0.040567,-0.015152,-0.035191,-0.025415,-0.045455,-0.025415,-0.010264,0.034702,0.079668,0.26979,0.3998,0.435,0.10948,-0.075269,-0.15054,-0.085533,-0.080645,-0.075269,-0.080645,-0.070381,-0.045455,-0.05523,-0.035191,-0.045455,-0.030303,-0.035191,-0.025415,-0.05523,-0.035191,-0.030303,-0.010264,-0.0053763,-0.010264,0.014663,0.0097752,0.034702,0.014663,0.039589,0.034702,0.039589,0.039589,0.049853,0.034702,0.049853,0.014663,0.014663,0.0097752,0.014663,0.0043988,0.01955,-0.00048876,0.014663,0.0097752,0.014663,0.0097752,0.084555,0.084555,0.099707,0.07478,0.11486,0.11975,0.079668,0.049853,0.014663,0.014663,-0.020528,-0.015152,-0.035191,-0.015152,-0.045455,-0.050342,-0.080645,-0.050342,-0.060606,-0.060606,-0.020528,0.049853,0.12952,0.3001,0.39003,0.23998,-0.0053763,-0.14027,-0.18573,-0.09042,-0.080645,-0.070381,-0.05523,-0.075269,-0.060606,-0.065494,-0.035191,-0.050342,-0.040567,-0.050342,-0.015152,-0.030303,-0.020528,-0.035191,-0.010264,-0.00048876,0.029814,0.01955,0.024438,0.039589,0.059629,0.064516,0.059629,0.054741,0.07478,0.054741,0.039589,0.049853,0.014663,0.01955,-0.00048876,-0.0053763,-0.0053763,-0.00048876,-0.010264,0.014663,0.0097752,0.014663,0.039589,0.064516,0.059629,0.084555,0.089932,0.079668,0.034702,0.029814,-0.0053763,-0.0053763,-0.020528,-0.010264,-0.035191,-0.040567,-0.035191,-0.045455,-0.035191,-0.050342,-0.045455,-0.05523,0.0097752,0.054741,0.12463,0.26491,0.33969,0.18964,-0.015152,-0.14027,-0.17546,-0.12561,-0.095308,-0.075269,-0.040567,-0.060606,-0.065494,-0.050342,-0.030303,-0.020528,-0.035191,-0.030303,-0.015152,-0.030303,-0.035191,-0.010264,-0.015152,0.014663,0.0043988,0.014663,-0.0053763,0.039589,0.049853,0.079668,0.064516,0.07478,0.059629,0.079668,0.054741,0.044477,0.014663,0.01955,0.024438,-0.00048876,0.024438,0.049853,0.024438,0.014663,-0.0053763,0.0043988,0.034702,0.059629,0.07478,0.079668,0.10948,0.10459,0.11975,0.094819,0.089932,0.034702,0.029814,0.034702,-0.010264,-0.0053763,-0.030303,-0.020528,-0.045455,-0.060606,-0.045455,-0.05523,-0.030303,-0.015152,0.029814,0.07478,0.22483,0.35484,0.3998,0.15982,-0.050342,-0.14027,-0.17058,-0.085533,-0.070381,-0.040567,-0.060606,-0.050342,-0.05523,-0.035191,-0.05523,-0.060606,-0.05523,-0.020528,-0.025415,0.014663,-0.025415,-0.040567,-0.025415,-0.05523,-0.0053763,0.014663,0.01955,0.0043988,0.039589,0.034702,0.069892,0.044477,0.054741,0.024438,0.029814,0.0097752,0.029814,0.039589,0.034702,0.01955,0.049853,0.0097752,0.034702,0.039589,0.034702,0.07478,0.089932,0.07478,0.10948,0.12463,0.094819,0.079668,0.034702,0.034702,0.039589,0.01955,-0.0053763,-0.015152,-0.020528,-0.010264,-0.035191,-0.030303,-0.045455,-0.035191,-0.05523,-0.015152,0.049853,0.1349,0.26491,0.39492,0.41007,0.16471,0.01955,-0.085533,-0.1002,-0.065494,-0.05523,-0.070381,-0.050342,-0.05523,-0.045455,-0.050342,-0.015152,-0.05523,-0.060606,-0.080645,-0.030303,-0.025415,-0.030303,-0.045455,-0.050342,-0.035191,-0.05523,-0.020528,-0.00048876,-0.010264,-0.015152,-0.030303,-0.00048876,-0.0053763,-0.010264,0.0097752,-0.0053763,0.0043988,-0.0053763,0.029814,0.024438,0.029814,0.039589,0.059629,0.049853,0.064516,0.049853,0.084555,0.089932,0.10459,0.10948,0.1349,0.14467,0.10948,0.099707,0.084555,0.07478,0.064516,0.07478,0.034702,0.039589,-0.00048876,0.0097752,-0.00048876,0.01955,-0.010264,-0.010264,-0.015152,0.044477,0.099707,0.30499,0.41984,0.46481,0.14467,-0.050342,-0.16031,-0.17058,-0.05523,-0.030303,-0.05523,-0.040567,-0.020528,-0.035191,-0.010264,-0.035191,-0.030303,-0.035191,-0.015152,-0.025415,-0.010264,-0.030303,-0.010264,-0.010264,0.029814,0.0097752,0.034702,0.039589,0.049853,0.044477,0.079668,0.054741,0.039589,0.024438,0.014663,0.029814,0.014663,0.039589,0.029814,0.01955,0.039589,0.029814,0.044477,0.059629,0.054741,0.079668,0.089932,0.094819,0.084555,0.099707,0.089932,0.059629,0.039589,0.039589,0.014663,0.0097752,-0.020528,-0.035191,-0.065494,-0.030303,-0.015152,-0.050342,-0.060606,-0.040567,-0.05523,-0.020528,0.049853,0.12952,0.30987,0.39003,0.2346,-0.00048876,-0.12561,-0.17058,-0.085533,-0.080645,-0.085533,-0.095308,-0.065494,-0.05523,-0.040567,-0.045455,-0.035191,-0.050342,-0.035191,-0.025415,-0.045455,-0.020528,-0.035191,-0.015152,-0.025415,-0.0053763,0.014663,0.01955,0.014663,0.029814,0.039589,0.044477,0.034702,0.024438,-0.00048876,-0.0053763,-0.010264,-0.0053763,-0.020528,-0.015152,-0.015152,-0.00048876,-0.020528,-0.010264,-0.0053763,0.014663,-0.00048876,0.024438,0.029814,0.054741,0.064516,0.059629,0.07478,0.089932,0.099707,0.069892,0.039589,0.0043988,0.0097752,-0.025415,-0.015152,-0.045455,-0.05523,-0.065494,-0.070381,-0.060606,-0.05523,-0.045455,-0.030303,-0.0053763,0.039589,0.07478,0.23998,0.33969,0.17986,-0.035191,-0.14565,-0.17058,-0.10557,-0.075269,-0.075269,-0.05523,-0.05523,-0.050342,-0.075269,-0.05523,-0.050342,-0.045455,-0.065494,-0.020528,-0.015152,-0.030303,-0.035191,-0.015152,-0.030303,0.01955,0.0097752,0.039589,0.059629,0.044477,0.059629,0.044477,0.054741,0.014663,0.029814,0.014663,0.034702,0.029814,0.024438,0.01955,0.029814,-0.00048876,0.029814,0.039589,0.029814,0.024438,0.049853,0.07478,0.099707,0.069892,0.084555,0.10459,0.12463,0.069892,0.044477,0.059629,0.039589,0.014663,0.0043988,-0.025415,-0.050342,-0.010264,-0.025415,-0.020528,-0.050342,-0.040567,-0.040567,-0.020528,0.0043988,0.069892,0.1999,0.3651,0.40469,0.19501,-0.035191,-0.14565,-0.18035,-0.11535,-0.080645,-0.040567,-0.060606,-0.065494,-0.050342,-0.065494,-0.070381,-0.060606,-0.025415,-0.025415,-0.010264,-0.05523,-0.025415,-0.030303,-0.010264,-0.0053763,-0.00048876,-0.025415,0.014663,0.014663,0.039589,0.044477,0.039589,0.044477,0.034702,0.054741,0.044477,0.059629,0.014663,0.039589,0.0097752,0.01955,0.029814,0.034702,0.01955,0.049853,0.054741,0.084555,0.07478,0.079668,0.07478,0.084555,0.089932,0.084555,0.044477,0.024438,0.029814,0.034702,-0.0053763,-0.020528,-0.035191,-0.035191,-0.045455,-0.05523,-0.045455,-0.025415,-0.015152,-0.040567,0.0097752,0.044477,0.17498,0.3001,0.37488,0.17498,0.034702,-0.095308,-0.10557,-0.080645,-0.060606,-0.080645,-0.05523,-0.065494,-0.075269,-0.05523,-0.050342,-0.045455,-0.05523,-0.040567,-0.050342,-0.05523,-0.040567,-0.030303,-0.035191,-0.025415,-0.040567,-0.010264,-0.0053763,0.014663,-0.0053763,0.0043988,-0.010264,0.014663,0.014663,0.01955,0.014663,0.029814,0.0097752,0.0097752,-0.0053763,0.014663,0.034702,0.029814,0.034702,0.01955,0.039589,0.044477,0.069892,0.084555,0.079668,0.069892,0.10948,0.094819,0.079668,0.044477,0.029814,0.014663,0.01955,0.014663,0.0097752,-0.015152,-0.030303,-0.025415,-0.05523,-0.035191,-0.030303,-0.035191,-0.020528,0.014663,0.069892,0.20479,0.31965,0.3651,0.059629,-0.12023,-0.21065,-0.14027,-0.095308,-0.05523,-0.05523,-0.035191,-0.045455,-0.010264,-0.035191,-0.040567,-0.045455,-0.020528,-0.015152,0.014663,-0.00048876,0.014663,-0.010264,0.0043988,0.014663,0.0097752,0.024438,0.054741,0.064516,0.039589,0.049853,0.034702,0.039589,0.039589,0.054741,0.049853,0.07478,0.059629,0.039589,-0.0053763,0.0097752,0.0097752,0.024438,0.0097752,0.014663,0.034702,0.054741,0.064516,0.089932,0.094819,0.079668,0.099707,0.10948,0.094819,0.064516,0.054741,0.039589,0.039589,0.029814,0.0097752,-0.015152,-0.040567,-0.060606,-0.025415,-0.045455,-0.035191,-0.040567,-0.020528,0.039589,0.084555,0.25464,0.41984,0.44477,0.099707,-0.070381,-0.16031,-0.1305,-0.075269,-0.060606,-0.040567,-0.010264,-0.030303,-0.045455,-0.030303,-0.020528,-0.070381,-0.045455,-0.035191,0.0097752,-0.0053763,-0.010264,0.0043988,0.014663,-0.00048876,0.014663,-0.00048876,-0.010264,0.01955,0.064516,0.084555,0.049853,-0.010264,0.034702,0.039589,0.01955,0.064516,0.029814,0.0043988,-0.0053763,0.054741,0.034702,0.029814,0.044477,0.024438,0.044477,0.10948,0.12952,0.089932,0.079668,0.15494,0.11975,0.10459,0.059629,0.049853,0.069892,0.024438,0.034702,0.024438,-0.010264,-0.015152,0.0097752,0.014663,-0.0053763,-0.030303,-0.015152,-0.035191,0.044477,0.11486,0.31965,0.48485,0.52493,0.23998,0.069892,-0.045455,-0.070381,-0.040567,-0.025415,-0.045455,-0.05523,-0.020528,-0.045455,-0.025415,-0.010264,-0.015152,-0.010264,-0.030303,-0.035191,-0.010264,-0.00048876,0.0097752,-0.0053763,0.024438,0.0043988,0.024438,0.01955,0.039589,0.039589,0.039589,0.029814,0.044477,0.044477,0.059629,0.029814,0.024438,0.029814,0.044477,0.034702,0.039589,0.049853,0.039589,0.064516,0.079668,0.094819,0.099707,0.10459,0.079668,0.12463,0.12952,0.10948,0.054741,0.044477,0.029814,0.024438,0.014663,0.01955,-0.020528,-0.030303,-0.020528,-0.035191,-0.045455,-0.050342,-0.035191,-0.045455,-0.00048876,0.054741,0.21994,0.37977,0.45992,0.22483,-0.015152,-0.15543,-0.16031,-0.095308,-0.080645,-0.085533,-0.065494,-0.060606,-0.05523,-0.075269,-0.045455,-0.035191,-0.05523,-0.060606,-0.045455,-0.035191,-0.040567,-0.045455,-0.020528,-0.010264,-0.0053763,0.014663,0.024438,0.039589,0.01955,0.034702,0.024438,0.029814,0.01955,0.044477,0.024438,0.014663,0.014663,0.01955,0.014663,0.0097752,-0.0053763,-0.00048876,-0.0053763,0.024438,0.039589,0.034702,0.069892,0.089932,0.099707,0.084555,0.10948,0.099707,0.079668,0.039589,0.029814,0.01955,0.0043988,-0.010264,-0.030303,-0.050342,-0.035191,-0.050342,-0.050342,-0.065494,-0.045455,-0.05523,-0.020528,0.014663,0.07478,0.29472,0.45992,0.31476,0.034702,-0.14027,-0.19062,-0.09042,-0.070381,-0.05523,-0.080645,-0.080645,-0.060606,-0.050342,-0.05523,-0.040567,-0.080645,-0.040567,-0.050342,-0.035191,-0.045455,-0.020528,-0.010264,-0.020528,-0.025415,0.0097752,0.0043988,0.01955,0.039589,0.029814,0.049853,0.044477,0.049853,0.034702,0.049853,0.029814,0.044477,0.029814,0.014663,0.0097752,0.034702,0.0097752,0.01955,0.0097752,0.0043988,0.034702,0.07478,0.084555,0.079668,0.049853,0.099707,0.11486,0.099707,0.069892,0.039589,0.01955,0.0043988,-0.010264,-0.020528,-0.010264,-0.045455,-0.040567,-0.075269,-0.05523,-0.065494,-0.035191,-0.05523,-0.00048876,0.044477,0.18964,0.32991,0.41007,0.16471,-0.040567,-0.16569,-0.18035,-0.080645,-0.070381,-0.075269,-0.080645,-0.075269,-0.085533,-0.05523,-0.050342,-0.040567,-0.075269,-0.065494,-0.075269,-0.045455,-0.030303,-0.025415,-0.020528,-0.00048876,0.014663,0.039589,0.024438,0.054741,0.059629,0.044477,0.064516,0.059629,0.069892,0.044477,0.054741,0.01955,0.024438,0.014663,0.01955,-0.010264,0.0097752,-0.010264,-0.00048876,-0.010264,0.01955,0.014663,0.049853,0.059629,0.089932,0.07478,0.10948,0.10459,0.094819,0.054741,0.034702,-0.010264,-0.0053763,-0.025415,-0.020528,-0.035191,-0.050342,-0.05523,-0.070381,-0.065494,-0.050342,-0.040567,-0.05523,-0.010264,0.044477,0.13978,0.28983,0.36999,0.1696,-0.040567,-0.15054,-0.17546,-0.11046,-0.065494,-0.080645,-0.070381,-0.060606,-0.075269,-0.065494,-0.075269,-0.05523,-0.060606,-0.065494,-0.070381,-0.045455,-0.050342,-0.035191,-0.035191,-0.010264,-0.0053763,0.014663,0.0097752,0.039589,0.029814,0.064516,0.064516,0.07478,0.059629,0.054741,0.024438,0.039589,0.014663,0.024438,-0.0053763,0.014663,-0.010264,-0.0053763,0.0043988,-0.010264,0.014663,0.0097752,0.039589,0.034702,0.069892,0.059629,0.069892,0.084555,0.10948,0.049853,0.039589,0.0097752,0.01955,-0.010264,0.0043988,-0.025415,-0.05523,-0.075269,-0.065494,-0.060606,-0.05523,-0.050342,-0.05523,-0.030303,0.01955,0.079668,0.20479,0.31476,0.3348,0.10948,-0.09042,-0.18035,-0.20039,-0.10557,-0.060606,-0.040567,-0.060606,-0.035191,-0.030303,-0.05523,-0.040567,-0.020528,-0.035191,-0.015152,-0.010264,-0.025415,-0.015152,-0.020528,-0.00048876,-0.010264,0.014663,0.024438,0.039589,0.024438,0.044477,0.054741,0.069892,0.059629,0.079668,0.044477,0.054741,0.044477,0.054741,0.014663,0.024438,0.024438,0.039589,0.024438,0.034702,0.029814,0.024438,0.034702,0.049853,0.079668,0.069892,0.089932,0.10459,0.11975,0.084555,0.064516,0.039589,0.044477,0.01955,0.029814,-0.015152,-0.030303,-0.050342,-0.05523,-0.050342,-0.065494,-0.050342,-0.035191,-0.050342,0.01955,0.054741,0.17986,0.30499,0.3651,0.11486,-0.075269,-0.17546,-0.1955,-0.11535,-0.080645,-0.065494,-0.095308,-0.070381,-0.060606,-0.045455,-0.030303,-0.060606,-0.080645,-0.05523,-0.075269,-0.05523,-0.030303,-0.010264,-0.010264,0.014663,0.014663,0.0097752,-0.00048876,-0.010264,0.029814,0.01955,0.054741,0.029814,0.014663,-0.00048876,0.039589,0.029814,0.0097752,-0.00048876,0.034702,0.0097752,0.084555,0.054741,0.029814,0.014663,0.024438,0.0097752,0.034702,0.039589,0.07478,0.10948,0.1349,0.11486,0.089932,0.044477,0.014663,0.034702,0.049853,0.029814,-0.020528,-0.010264,-0.035191,-0.035191,-0.045455,0.0043988,-0.05523,-0.040567,-0.050342,0.034702,0.079668,0.31476,0.46481,0.48485,0.13978,-0.045455,-0.16569,-0.19062,-0.095308,-0.075269,-0.050342,-0.075269,-0.080645,-0.05523,-0.050342,-0.030303,-0.035191,-0.015152,-0.035191,-0.035191,-0.030303,-0.060606,-0.020528,-0.035191,-0.020528,-0.0053763,0.0043988,0.01955,0.034702,0.059629,0.049853,0.059629,0.049853,0.039589,0.039589,0.044477,0.024438,0.039589,0.029814,0.054741,0.014663,0.024438,0.044477,0.054741,0.07478,0.10459,0.10948,0.099707,0.11975,0.15982,0.13978,0.12952,0.089932,0.069892,0.084555,0.084555,0.044477,0.039589,0.0097752,-0.0053763,0.014663,-0.010264,-0.025415,-0.030303,-0.020528,-0.035191,0.039589,0.10459,0.29472,0.43011,0.47507,0.1349,-0.065494,-0.17058,-0.095308,-0.060606,-0.060606,-0.075269,-0.045455,-0.040567,-0.060606,-0.05523,-0.065494,-0.045455,-0.050342,-0.040567,-0.05523,-0.045455,-0.05523,-0.030303,-0.045455,-0.025415,-0.0053763,0.0097752,-0.0053763,0.034702,0.024438,0.034702,0.0097752,0.034702,0.014663,0.034702,0.01955,0.024438,-0.0053763,0.0097752,-0.015152,-0.020528,0.0097752,-0.010264,0.0097752,0.024438,0.034702,0.059629,0.079668,0.069892,0.084555,0.07478,0.11486,0.07478,0.049853,0.0097752,0.014663,-0.015152,-0.010264,-0.030303,-0.035191,-0.05523,-0.065494,-0.05523,-0.070381,-0.05523,-0.040567,-0.060606,-0.0053763,0.044477,0.20968,0.38514,0.44477,0.13978,-0.09042,-0.20039,-0.13539,-0.09042,-0.11535,-0.085533,-0.10557,-0.080645,-0.080645,-0.065494,-0.085533,-0.050342,-0.045455,-0.05523,-0.045455,-0.05523,-0.035191,-0.045455,-0.020528,-0.010264,0.0043988,-0.0053763,0.014663,0.0043988,0.024438,0.0097752,0.039589,0.014663,0.024438,-0.00048876,0.024438,-0.00048876,0.014663,-0.0053763,0.014663,-0.0053763,-0.010264,0.0043988,0.014663,0.01955,0.034702,0.044477,0.054741,0.059629,0.084555,0.10459,0.099707,0.10459,0.039589,0.0097752,-0.010264,0.0043988,-0.010264,0.014663,-0.025415,-0.050342,-0.080645,-0.070381,-0.080645,-0.040567,-0.035191,-0.050342,-0.010264,0.049853,0.14956,0.30499,0.34995,0.11486,-0.09042,-0.19062,-0.1955,-0.075269,-0.065494,-0.05523,-0.065494,-0.05523,-0.040567,-0.035191,-0.040567,-0.05523,-0.035191,-0.050342,-0.035191,-0.035191,-0.015152,-0.020528,-0.0053763,-0.010264,0.0043988,-0.00048876,0.034702,0.029814,0.054741,0.059629,0.039589,0.059629,0.049853,0.064516,0.044477,0.034702,0.024438,0.039589,0.014663,0.0097752,-0.010264,-0.0053763,0.0097752,0.014663,0.024438,0.044477,0.064516,0.099707,0.059629,0.094819,0.10948,0.10948,0.069892,0.049853,0.01955,0.0043988,0.014663,0.0043988,0.0097752,-0.035191,-0.035191,-0.050342,-0.065494,-0.060606,-0.045455,-0.05523,-0.030303,0.029814,0.099707,0.23998,0.34995,0.2346,-0.0053763,-0.15543,-0.18573,-0.11535,-0.05523,-0.060606,-0.050342,-0.05523,-0.040567,-0.030303,-0.020528,-0.035191,-0.035191,-0.035191,-0.020528,-0.015152,-0.020528,-0.00048876,-0.0053763,-0.00048876,-0.010264,0.014663,0.0097752,0.039589,0.034702,0.059629,0.064516,0.049853,0.054741,0.049853,0.039589,0.039589,0.024438,0.01955,0.024438,0.014663,0.0097752,0.0043988,0.014663,0.029814,0.034702,0.029814,0.049853,0.084555,0.089932,0.069892,0.10459,0.084555,0.089932,0.044477,0.029814,0.0043988,0.014663,-0.010264,0.0097752,-0.020528,-0.030303,-0.040567,-0.050342,-0.040567,-0.050342,-0.035191,-0.045455,0.0097752,0.059629,0.1696,0.29472,0.33969,0.084555,-0.095308,-0.19062,-0.15543,-0.09042,-0.065494,-0.05523,-0.045455,-0.035191,-0.040567,-0.045455,-0.030303,-0.040567,-0.030303,-0.020528,-0.025415,-0.010264,-0.025415,-0.010264,-0.015152,0.014663,0.01955,0.024438,0.034702,0.044477,0.039589,0.064516,0.054741,0.059629,0.044477,0.039589,0.029814,0.044477,0.034702,0.034702,0.014663,0.024438,0.0043988,0.014663,0.014663,0.029814,0.039589,0.029814,0.054741,0.07478,0.079668,0.11486,0.12952,0.099707,0.10459,0.029814,0.01955,0.0043988,-0.00048876,-0.010264,-0.025415,-0.050342,-0.045455,-0.040567,-0.025415,-0.050342,-0.05523,-0.045455,-0.0053763,0.024438,0.094819,0.25464,0.35484,0.21457,-0.020528,-0.15054,-0.19062,-0.10557,-0.075269,-0.065494,-0.080645,-0.050342,-0.05523,-0.040567,-0.050342,-0.030303,-0.035191,-0.025415,-0.045455,-0.025415,-0.010264,-0.025415,-0.010264,-0.00048876,-0.0053763,0.014663,0.029814,0.01955,0.049853,0.029814,0.049853,0.054741,0.039589,0.044477,0.054741,0.029814,0.034702,0.0097752,0.01955,-0.0053763,0.024438,-0.00048876,0.014663,0.014663,0.029814,0.024438,0.059629,0.054741,0.084555,0.079668,0.099707,0.084555,0.084555,0.059629,0.034702,0.039589,0.0097752,0.014663,-0.00048876,-0.020528,-0.040567,-0.025415,-0.035191,-0.035191,-0.050342,-0.045455,-0.060606,0.024438,0.059629,0.17986,0.32502,0.37977,0.15494,-0.035191,-0.16569,-0.1955,-0.11046,-0.065494,-0.045455,-0.050342,-0.05523,-0.040567,-0.035191,-0.050342,-0.035191,-0.060606,-0.040567,-0.035191,-0.025415,-0.040567,-0.025415,-0.020528,-0.015152,-0.030303,0.0097752,0.049853,0.084555,0.049853,0.0097752,0.0097752,0.024438,0.014663,0.039589,0.0097752,0.024438,0.034702,0.01955,0.024438,0.0097752,0.044477,0.01955,0.024438,0.039589,0.034702,0.044477,0.084555,0.094819,0.079668,0.07478,0.10459,0.11975,0.10948,0.044477,0.014663,0.039589,0.014663,-0.0053763,-0.030303,-0.025415,-0.060606,-0.045455,-0.050342,-0.05523,-0.045455,-0.035191,-0.045455,-0.035191,-0.040567,-0.0053763,0.014663,0.044477,0.014663,0.029814,-0.020528,0.0043988,0.0097752,-0.010264,-0.010264,0.014663,0.01955,-0.00048876,0.024438,0.014663,0.029814,0.039589,0.049853,0.044477,0.079668,0.069892,0.094819,0.11975,0.12463,0.094819,0.089932,0.069892,0.044477,0.01955,0.014663,0.014663,0.0097752,-0.0053763,-0.010264,-0.05523,-0.05523,-0.040567,-0.030303,-0.020528,-0.045455,0.029814,0.10459,0.27468,0.41007,0.45992,0.20479,0.034702,-0.09042,-0.1002,-0.070381,-0.075269,-0.085533,-0.05523,-0.050342,-0.045455,-0.070381,-0.05523,-0.05523,-0.045455,-0.070381,-0.050342,-0.070381,-0.040567,-0.035191,-0.05523,-0.035191,-0.045455,-0.010264,-0.010264,-0.010264,-0.010264,-0.010264,-0.0053763,0.0097752,0.0043988,0.014663,0.0043988,0.014663,0.0043988,0.039589,0.024438,0.029814,0.0097752,0.014663,0.029814,0.059629,0.054741,0.059629,0.089932,0.084555,0.11486,0.094819,0.12952,0.14467,0.10459,0.07478,0.059629,0.039589,0.039589,0.014663,0.01955,-0.0053763,0.0043988,-0.020528,-0.010264,-0.030303,-0.015152,-0.030303,-0.035191,0.029814,0.11486,0.28983,0.43011,0.47996,0.14467,-0.065494,-0.16569,-0.11535,-0.065494,-0.060606,-0.075269,-0.05523,-0.05523,-0.050342,-0.05523,-0.035191,-0.045455,-0.035191,-0.050342,-0.030303,-0.045455,-0.035191,-0.025415,-0.0053763,-0.00048876,0.014663,-0.00048876,0.01955,0.01955,0.034702,0.039589,0.054741,0.064516,0.049853,0.054741,0.0043988,0.01955,0.0097752,0.014663,-0.00048876,0.029814,-0.00048876,0.014663,0.044477,0.054741,0.044477,0.10948,0.089932,0.11486,0.12463,0.11486,0.079668,0.059629,0.014663,0.014663,0.0097752,0.0043988,-0.020528,-0.040567,-0.015152,-0.020528,-0.010264,-0.060606,-0.065494,-0.035191,-0.035191,0.014663,0.094819,0.26002,0.3998,0.43988,0.11975,-0.080645,-0.17058,-0.1002,-0.070381,-0.085533,-0.05523,-0.080645,-0.05523,-0.050342,-0.05523,-0.040567,-0.05523,-0.035191,-0.05523,-0.040567,-0.035191,-0.010264,-0.010264,-0.020528,-0.035191,0.0043988,-0.010264,0.034702,0.014663,0.034702,0.039589,0.049853,0.029814,0.039589,0.039589,0.044477,0.014663,0.0097752,0.014663,-0.010264,-0.00048876,-0.010264,0.014663,0.0043988,0.014663,0.01955,0.049853,0.039589,0.069892,0.099707,0.084555,0.069892,0.1349,0.11486,0.10459,0.049853,0.0097752,-0.00048876,0.0097752,-0.015152,-0.035191,-0.030303,-0.040567,-0.060606,-0.040567,-0.030303,-0.050342,-0.035191,-0.00048876,0.059629,0.1696,0.32502,0.38514,0.16471,-0.070381,-0.15543,-0.16569,-0.065494,-0.070381,-0.040567,-0.05523,-0.040567,-0.05523,-0.030303,-0.025415,-0.045455,-0.025415,-0.0053763,-0.010264,-0.020528,-0.0053763,-0.025415,0.014663,0.0043988,0.034702,0.039589,0.054741,0.039589,0.084555,0.069892,0.079668,0.059629,0.064516,0.034702,0.01955,0.0097752,0.01955,0.0097752,0.0043988,-0.010264,-0.0053763,-0.010264,-0.0053763,-0.020528,0.0043988,0.014663,0.034702,0.054741,0.049853,0.064516,0.059629,0.10948,0.079668,0.044477,0.014663,0.024438,0.0043988,0.0097752,-0.015152,-0.035191,-0.060606,-0.05523,-0.085533,-0.075269,-0.05523,-0.040567,-0.05523,-0.00048876,0.059629,0.11486,0.25464,0.32991,0.18964,-0.010264,-0.13539,-0.20039,-0.1305,-0.065494,-0.05523,-0.070381,-0.050342,-0.05523,-0.030303,-0.035191,-0.020528,-0.030303,-0.035191,-0.030303,-0.00048876,0.0043988,-0.010264,0.0043988,-0.00048876,0.014663,0.0043988,0.034702,0.024438,0.079668,0.084555,0.084555,0.079668,0.084555,0.039589,0.054741,0.034702,0.049853,0.014663,0.029814,0.039589,0.044477,0.0043988,0.039589,0.024438,0.044477,0.014663,0.059629,0.069892,0.099707,0.07478,0.089932,0.10948,0.12463,0.089932,0.069892,0.049853,0.039589,0.049853,0.0043988,-0.0053763,-0.025415,-0.040567,-0.065494,-0.035191,-0.035191,-0.025415,-0.050342,-0.025415,-0.010264,0.064516,0.15494,0.32991,0.37488,0.18964,-0.025415,-0.14027,-0.1955,-0.10557,-0.045455,-0.05523,-0.040567,-0.045455,-0.05523,-0.030303,-0.025415,-0.050342,-0.040567,-0.050342,-0.020528,-0.050342,-0.020528,-0.020528,-0.010264,-0.020528,-0.00048876,-0.00048876,0.034702,0.039589,0.064516,0.039589,0.024438,0.034702,0.049853,0.059629,0.054741,0.059629,0.039589,0.059629,0.014663,0.029814,0.0097752,0.024438,0.014663,0.034702,0.059629,0.084555,0.07478,0.079668,0.059629,0.094819,0.10948,0.10459,0.064516,0.059629,0.039589,0.034702,0.0043988,0.01955,-0.010264,-0.030303,-0.020528,-0.035191,-0.020528,-0.040567,-0.020528,-0.035191,-0.00048876,0.044477,0.10459,0.26002,0.3998,0.26002,0.034702,-0.1305,-0.18035,-0.11535,-0.05523,-0.070381,-0.060606,-0.050342,-0.035191,-0.020528,-0.030303,-0.020528,-0.030303,-0.020528,-0.035191,-0.025415,-0.035191,-0.010264,-0.010264,-0.010264,-0.025415,0.0097752,0.01955,0.054741,0.039589,0.039589,0.044477,0.059629,0.039589,0.034702,0.054741,0.024438,0.014663,0.029814,0.01955,0.014663,0.01955,-0.00048876,0.014663,0.0043988,0.014663,-0.00048876,0.024438,0.059629,0.089932,0.084555,0.094819,0.089932,0.10948,0.064516,0.054741,0.014663,0.024438,-0.00048876,-0.0053763,0.0043988,-0.010264,-0.045455,-0.050342,-0.035191,-0.050342,-0.045455,-0.040567,-0.035191,0.024438,0.084555,0.21994,0.33969,0.36999,0.069892,-0.12023,-0.18573,-0.19062,-0.060606,-0.05523,-0.045455,-0.05523,-0.040567,-0.045455,-0.035191,-0.045455,-0.015152,-0.035191,-0.025415,-0.030303,-0.0053763,0.0043988,-0.010264,0.0097752,-0.00048876,0.014663,0.01955,0.029814,0.044477,0.059629,0.049853,0.059629,0.044477,0.054741,0.039589,0.054741,0.024438,0.01955,0.029814,0.039589,0.014663,-0.00048876,0.014663,-0.00048876,-0.00048876,0.014663,0.029814,0.064516,0.084555,0.10459,0.079668,0.069892,0.084555,0.059629,0.069892,0.01955,0.0043988,-0.010264,-0.00048876,-0.040567,-0.045455,-0.060606,-0.030303,-0.05523,-0.060606,-0.035191,-0.025415,-0.05523,-0.015152,0.044477,0.17986,0.32991,0.37488,0.14467,-0.060606,-0.17546,-0.1955,-0.080645,-0.05523,-0.050342,-0.05523,-0.050342,-0.05523,-0.035191,-0.010264,-0.010264,-0.010264,-0.00048876,-0.030303,-0.010264,-0.015152,-0.020528,-0.045455,-0.010264,0.0043988,-0.0053763,0.079668,0.059629,0.039589,0.054741,0.064516,0.039589,0.049853,0.034702,0.044477,0.034702,0.059629,0.039589,0.31965,0.45992,0.47019,0.17498,0.044477,-0.065494,-0.070381,-0.035191,-0.015152,-0.030303,-0.015152,-0.0053763,0.0043988,-0.020528,-0.010264,-0.035191,-0.010264,-0.00048876,-0.015152,-0.010264,0.0097752,-0.0053763,-0.015152,-0.0053763,-0.015152,0.034702,0.014663,0.01955,0.014663,0.024438,0.029814,0.039589,0.024438,0.044477,0.024438,0.029814,0.014663,0.0097752,0.01955,0.024438,0.014663,0.044477,0.059629,0.044477,0.064516,0.094819,0.084555,0.10459,0.12463,0.12952,0.079668,0.049853,0.034702,0.024438,0.0097752,-0.015152,-0.0053763,-0.020528,-0.010264,-0.045455,-0.035191,-0.050342,-0.035191,-0.045455,-0.015152,0.034702,0.11486,0.26979,0.37977,0.39492,0.049853,-0.11046,-0.16031,-0.09042,-0.070381,-0.075269,-0.065494,-0.05523,-0.060606,-0.035191,-0.045455,-0.05523,-0.045455,-0.035191,-0.05523,-0.060606,-0.040567,-0.025415,-0.030303,-0.010264,-0.020528,-0.00048876,0.029814,0.054741,0.044477,0.084555,0.07478,0.054741,0.059629,0.034702,0.039589,0.039589,0.0097752,-0.010264,-0.00048876,-0.010264,0.0043988,-0.010264,-0.00048876,-0.0053763,0.014663,0.0043988,0.039589,0.029814,0.07478,0.089932,0.10459,0.084555,0.094819,0.069892,0.064516,0.034702,-0.00048876,-0.015152,-0.020528,-0.010264,-0.05523,-0.060606,-0.05523,-0.050342,-0.05523,-0.015152,-0.030303,-0.025415,-0.0053763,0.054741,0.15982,0.3001,0.34506,0.10459,-0.080645,-0.17058,-0.18573,-0.040567,-0.035191,-0.065494,-0.060606,-0.05523,-0.035191,-0.035191,-0.045455,-0.050342,-0.030303,-0.045455,-0.010264,-0.010264,-0.015152,-0.030303,-0.00048876,0.0043988,0.01955,0.014663,0.039589,0.034702,0.064516,0.069892,0.064516,0.024438,0.014663,0.039589,0.034702,0.059629,0.039589,0.014663,0.024438,0.029814,0.014663,0.029814,0.039589,0.034702,0.01955,0.034702,0.044477,0.094819,0.079668,0.10459,0.11975,0.12463,0.064516,0.049853,0.029814,0.039589,0.0043988,0.0097752,-0.025415,-0.0053763,-0.015152,-0.030303,-0.050342,-0.035191,-0.025415,-0.035191,-0.015152,0.049853,0.094819,0.24487,0.37488,0.39003,0.069892,-0.11046,-0.18035,-0.14027,-0.05523,-0.05523,-0.035191,-0.040567,-0.020528,-0.015152,-0.030303,-0.015152,-0.025415,-0.015152,-0.030303,-0.035191,-0.020528,-0.030303,-0.015152,-0.0053763,-0.00048876,0.014663,0.034702,0.044477,0.034702,0.049853,0.039589,0.079668,0.059629,0.059629,0.039589,0.039589,0.039589,0.034702,0.024438,0.034702,0.014663,0.034702,0.039589,0.01955,0.014663,0.029814,0.034702,0.064516,0.094819,0.094819,0.10948,0.11486,0.11975,0.084555,0.049853,0.014663,0.029814,0.014663,0.014663,-0.015152,-0.025415,-0.050342,-0.045455,-0.05523,-0.035191,-0.030303,-0.045455,-0.035191,0.034702,0.084555,0.21457,0.30987,0.3348,0.044477,-0.12561,-0.20528,-0.16569,-0.065494,-0.05523,-0.05523,-0.065494,-0.050342,-0.065494,-0.035191,-0.035191,-0.020528,-0.035191,-0.010264,-0.010264,0.0043988,0.0097752,-0.00048876,0.014663,0.0043988,0.029814,0.01955,0.044477,0.054741,0.059629,0.054741,0.064516,0.054741,0.059629,0.049853,0.054741,0.029814,0.029814,0.014663,0.014663,0.014663,0.014663,0.024438,0.039589,0.01955,0.039589,0.049853,0.069892,0.089932,0.084555,0.094819,0.12952,0.14467,0.099707,0.07478,0.039589,0.034702,0.014663,0.024438,-0.010264,-0.0053763,-0.045455,-0.045455,-0.075269,-0.05523,-0.065494,-0.05523,-0.065494,0.0043988,0.049853,0.17498,0.28495,0.32991,0.10459,-0.070381,-0.20528,-0.22532,-0.080645,-0.060606,-0.05523,-0.065494,-0.05523,-0.045455,-0.025415,-0.025415,-0.010264,-0.035191,-0.030303,-0.040567,-0.020528,-0.035191,0.01955,0.0097752,0.0043988,0.01955,0.039589,0.059629,0.054741,0.044477,0.059629,0.064516,0.059629,0.044477,0.059629,0.044477,0.029814,0.034702,0.024438,0.029814,-0.010264,0.014663,0.014663,0.039589,0.01955,0.039589,0.049853,0.059629,0.064516,0.084555,0.059629,0.099707,0.12952,0.1349,0.084555,0.044477,0.029814,0.024438,0.044477,0.0043988,0.0097752,-0.035191,-0.030303,-0.040567,-0.035191,-0.05523,-0.030303,-0.040567,-0.015152,0.01955,0.07478,0.19501,0.33969,0.39003,0.17498,-0.05523,-0.17058,-0.18035,-0.065494,-0.030303,-0.040567,-0.035191,-0.05523,-0.035191,-0.05523,-0.050342,-0.05523,-0.015152,-0.030303,-0.015152,-0.030303,0.0043988,-0.020528,-0.015152,-0.010264,0.024438,-0.00048876,0.034702,0.044477,0.064516,0.049853,0.054741,0.039589,0.049853,0.029814,0.034702,0.01955,0.034702,0.0043988,-0.00048876,0.039589,0.029814,0.034702,0.014663,0.039589,0.049853,0.029814,0.01955,0.07478,0.084555,0.10948,0.10459,0.12463,0.079668,0.064516,0.029814,0.024438,-0.00048876,0.014663,0.0043988,-0.010264,-0.015152,-0.020528,-0.030303,-0.030303,-0.020528,-0.045455,-0.025415,0.0043988,0.07478,0.19501,0.34995,0.3998,0.18475,-0.035191,-0.14565,-0.18035,-0.085533,-0.060606,-0.035191,-0.045455,-0.035191,-0.025415,-0.035191,-0.05523,-0.040567,-0.035191,-0.045455,-0.035191,-0.035191,-0.025415,-0.035191,0.0043988,-0.00048876,0.0097752,-0.010264,0.039589,0.059629,0.069892,0.049853,0.044477,0.039589,0.049853,0.024438,0.044477,0.029814,0.039589,0.029814,0.034702,0.024438,0.039589,0.029814,0.039589,0.01955,0.034702,0.044477,0.064516,0.079668,0.069892,0.094819,0.079668,0.10948,0.10459,0.099707,0.064516,0.054741,0.039589,0.039589,0.014663,0.024438,-0.010264,-0.015152,-0.040567,-0.045455,-0.030303,-0.045455,-0.035191,-0.040567,0.01955,0.079668,0.18475,0.31965,0.39492,0.1999,0.034702,-0.075269,-0.1002,-0.060606,-0.05523,-0.070381,-0.050342,-0.05523,-0.045455,-0.05523,-0.035191,-0.045455,-0.040567,-0.050342,-0.030303,-0.025415,-0.015152,-0.0053763,-0.020528,-0.010264,-0.025415,-0.00048876,0.0097752,0.01955,0.014663,0.024438,0.01955,0.029814,0.014663,0.029814,0.014663,0.034702,0.014663,0.024438,-0.00048876,0.0043988,0.014663,0.034702,0.014663,0.014663,0.014663,0.039589,0.054741,0.079668,0.084555,0.07478,0.089932,0.099707,0.11486,0.079668,0.049853,0.024438,0.039589,-0.00048876,-0.0053763,-0.015152,-0.030303,-0.050342,-0.045455,-0.05523,-0.035191,-0.050342,-0.035191,-0.050342,0.0097752,0.069892,0.22483,0.32991,0.35484,0.034702,-0.12023,-0.19062,-0.12023,-0.075269,-0.065494,-0.045455,-0.050342,-0.040567,-0.050342,-0.025415,-0.035191,-0.035191,-0.030303,-0.020528,-0.020528,-0.010264,-0.015152,0.0043988,0.0097752,0.024438,0.024438,0.039589,0.039589,0.07478,0.059629,0.054741,0.039589,0.034702,0.039589,0.029814,0.01955,-0.00048876,0.01955,-0.010264,-0.020528,-0.040567,0.0043988,-0.00048876,0.014663,-0.00048876,0.039589,0.054741,0.014663,0.0043988,0.049853,0.069892,0.054741,0.084555,0.07478,0.099707,0.069892,0.049853,0.01955,-0.00048876,-0.015152,-0.00048876,-0.05523,-0.050342,-0.05523,-0.020528,-0.045455,-0.010264,-0.035191,-0.040567,-0.050342,0.024438,0.079668,0.28006,0.43011,0.31476,0.044477,-0.10557,-0.19062,-0.14027,-0.095308,-0.015152,-0.0053763,-0.075269,-0.070381,-0.05523,-0.040567,-0.050342,-0.035191,-0.080645,-0.085533,-0.05523,-0.010264,-0.010264,0.0097752,-0.00048876,0.049853,0.044477,0.059629,0.059629,0.084555,0.069892,0.084555,0.079668,0.07478,0.084555,0.064516,0.079668,0.069892,0.084555,0.054741,0.039589,0.049853,0.069892,0.054741,0.07478,0.064516,0.079668,0.084555,0.11975,0.11486,0.12952,0.12952,0.15494,0.11486,0.089932,0.054741,0.049853,0.034702,0.039589,0.0097752,-0.010264,-0.025415,-0.0053763,-0.00048876,-0.030303,-0.025415,-0.050342,-0.035191,-0.015152,0.064516,0.17498,0.34995,0.43011,0.2346,-0.00048876,-0.14027,-0.17546,-0.09042,-0.075269,-0.060606,-0.09042,-0.060606,-0.045455,-0.050342,-0.040567,-0.045455,-0.040567,-0.045455,-0.035191,-0.025415,-0.020528,-0.040567,-0.010264,-0.035191,-0.00048876,0.0097752,0.034702,-0.00048876,0.039589,0.039589,0.054741,0.024438,0.039589,0.0097752,0.0043988,0.01955,0.0043988,0.01955,0.014663,-0.0053763,0.0043988,-0.0053763,0.014663,0.0043988,-0.010264,0.01955,0.044477,0.069892,0.064516,0.084555,0.059629,0.10948,0.11975,0.099707,0.054741,0.029814,0.01955,0.0043988,-0.035191,-0.040567,-0.020528,-0.035191,-0.05523,-0.050342,-0.045455,-0.060606,-0.050342,-0.060606,-0.025415,0.034702,0.1999,0.35484,0.44477,0.17986,-0.045455,-0.17058,-0.1002,-0.080645,-0.085533,-0.070381,-0.080645,-0.09042,-0.065494,-0.05523,-0.035191,-0.045455,-0.040567,-0.05523,-0.040567,-0.030303,-0.035191,-0.010264,-0.035191,-0.010264,0.014663,0.034702,0.029814,0.044477,0.039589,0.054741,0.034702,0.044477,0.034702,0.039589,0.0043988,0.024438,0.014663,0.014663,-0.00048876,0.0097752,-0.010264,-0.00048876,0.0097752,0.0043988,0.014663,0.034702,0.039589,0.029814,0.084555,0.084555,0.079668,0.079668,0.10948,0.069892,0.054741,0.014663,0.01955,-0.010264,-0.010264,-0.035191,-0.030303,-0.05523,-0.050342,-0.05523,-0.060606,-0.060606,-0.05523,-0.050342,-0.00048876,0.059629,0.17986,0.31476,0.38514,0.15982,-0.045455,-0.16569,-0.18035,-0.060606,-0.075269,-0.070381,-0.075269,-0.05523,-0.05523,-0.050342,-0.050342,-0.035191,-0.05523,-0.035191,-0.035191,-0.020528,-0.035191,-0.010264,-0.020528,-0.00048876,0.0043988,0.024438,0.034702,0.039589,0.044477,0.039589,0.054741,0.059629,0.069892,0.049853,0.039589,0.01955,0.024438,0.014663,0.01955,-0.0053763,-0.010264,-0.025415,-0.00048876,-0.010264,-0.010264,-0.00048876,0.014663,0.01955,0.064516,0.069892,0.059629,0.07478,0.094819,0.069892,0.039589,0.029814,0.014663,-0.00048876,-0.040567,-0.025415,-0.050342,-0.060606,-0.075269,-0.05523,-0.075269,-0.080645,-0.09042,-0.060606,-0.015152,0.059629,0.094819,0.26491,0.32991,0.22972,-0.025415,-0.14565,-0.1955,-0.12023,-0.060606,-0.05523,-0.050342,-0.05523,-0.050342,-0.040567,-0.050342,-0.060606,-0.05523,-0.05523,-0.050342,-0.045455,-0.030303,-0.030303,-0.010264,-0.035191,-0.010264,0.0097752,0.044477,0.064516,0.054741,0.044477,0.069892,0.07478,0.059629,0.049853,0.039589,0.029814,0.024438,0.054741,0.014663,0.014663,0.0043988,0.014663,0.01955,-0.0053763,-0.025415,0.014663,0.034702,0.039589,0.01955,0.064516,0.059629,0.07478,0.089932,0.099707,0.07478,0.054741,0.049853,0.024438,-0.0053763,-0.010264,-0.010264,-0.020528,-0.010264,-0.035191,-0.05523,-0.060606,-0.040567,-0.05523,-0.020528,-0.035191,0.044477,0.099707,0.29472,0.3998,0.28983,0.029814,-0.11535,-0.17058,-0.1305,-0.080645,-0.070381,-0.075269,-0.060606,-0.045455,-0.035191,-0.030303,-0.040567,-0.025415,-0.05523,-0.035191,-0.035191,-0.020528,-0.030303,-0.010264,-0.025415,-0.0053763,0.0043988,0.029814,0.024438,0.044477,0.039589,0.059629,0.054741,0.064516,0.039589,0.044477,0.054741,0.029814,0.039589,0.014663,0.039589,0.029814,0.034702,-0.00048876,0.014663,0.024438,0.054741,0.039589,0.064516,0.059629,0.079668,0.084555,0.12463,0.12952,0.079668,0.029814,0.014663,0.024438,0.014663,0.029814,-0.0053763,-0.00048876,-0.025415,-0.045455,-0.05523,-0.040567,-0.030303,-0.040567,-0.045455,0.01955,0.064516,0.19501,0.31476,0.37977,0.15982,0.014663,-0.11046,-0.12023,-0.080645,-0.065494,-0.080645,-0.045455,-0.05523,-0.060606,-0.05523,-0.040567,-0.030303,-0.035191,-0.035191,-0.015152,-0.010264,-0.040567,-0.025415,-0.030303,-0.0053763,-0.0053763,0.0097752,0.0043988,0.014663,0.014663,0.01955,-0.0053763,0.039589,0.024438,0.039589,0.01955,0.029814,0.0097752,-0.00048876,-0.05523,-0.060606,-0.040567,-0.05523,-0.040567,0.014663,0.084555,0.22483,0.32991,0.34506,0.039589,-0.1305,-0.1955,-0.14027,-0.070381,-0.065494,-0.050342,-0.05523,-0.035191,-0.050342,-0.035191,-0.030303,-0.025415,-0.040567,-0.045455,-0.015152,-0.025415,-0.0053763,-0.010264,0.0043988,0.014663,0.029814,0.014663,0.054741,0.054741,0.064516,0.054741,0.059629,0.054741,0.059629,0.034702,0.039589,0.039589,0.039589,0.01955,0.034702,0.0097752,0.0043988,0.01955,0.014663,0.0097752,0.01955,0.024438,0.044477,0.054741,0.079668,0.094819,0.084555,0.12952,0.10948,0.069892,0.029814,0.034702,0.014663,0.014663,-0.0053763,-0.00048876,-0.035191,-0.035191,-0.050342,-0.035191,-0.035191,-0.040567,-0.05523,-0.060606,0.0043988,0.049853,0.19501,0.30987,0.34995,0.039589,-0.12561,-0.1955,-0.14565,-0.075269,-0.05523,-0.065494,-0.045455,-0.050342,-0.025415,-0.035191,-0.025415,-0.025415,-0.025415,-0.035191,-0.010264,-0.020528,-0.00048876,-0.015152,0.0043988,0.014663,0.034702,0.044477,0.034702,0.049853,0.059629,0.064516,0.059629,0.049853,0.044477,0.049853,0.014663,0.01955,-0.00048876,0.024438,0.014663,0.014663,-0.00048876,0.01955,0.014663,0.029814,0.024438,0.049853,0.039589,0.069892,0.084555,0.069892,0.084555,0.11975,0.12463,0.079668,0.054741,0.014663,0.029814,0.0043988,0.014663,-0.020528,-0.035191,-0.05523,-0.05523,-0.05523,-0.035191,-0.05523,-0.040567,-0.035191,0.014663,0.059629,0.18964,0.29472,0.3348,0.044477,-0.12023,-0.20528,-0.14565,-0.075269,-0.05523,-0.045455,-0.05523,-0.050342,-0.05523,-0.035191,-0.050342,-0.030303,-0.030303,-0.015152,-0.030303,-0.015152,-0.010264,0.0097752,-0.0053763,0.01955,0.014663,0.034702,0.024438,0.054741,0.059629,0.044477,0.054741,0.059629,0.039589,0.049853,0.039589,0.029814,0.034702,0.014663,0.0097752,0.0043988,0.024438,-0.00048876,0.0097752,-0.00048876,0.034702,0.01955,0.049853,0.059629,0.099707,0.084555,0.10459,0.10948,0.099707,0.069892,0.039589,0.024438,0.014663,0.0043988,0.0097752,-0.0053763,-0.025415,-0.045455,-0.060606,-0.040567,-0.045455,-0.040567,-0.050342,-0.025415,0.0097752,0.044477,0.1349,0.27468,0.3348,0.14956,-0.0053763,-0.080645,-0.10557,-0.060606,-0.050342,-0.05523,-0.040567,-0.035191,-0.045455,-0.035191,-0.05523,-0.060606,-0.035191,-0.025415,-0.035191,-0.040567,-0.015152,-0.030303,-0.010264,-0.0053763,0.0097752,-0.015152,0.014663,0.014663,0.039589,0.029814,0.034702,0.01955,0.034702,0.039589,0.049853,0.014663,0.014663,0.024438,0.014663,0.024438,0.01955,0.039589,0.014663,0.029814,0.039589,0.054741,0.01955,0.07478,0.089932,0.084555,0.094819,0.11486,0.11975,0.094819,0.039589,0.01955,0.024438,-0.00048876,0.01955,-0.00048876,-0.025415,-0.035191,-0.030303,-0.040567,-0.035191,-0.040567,-0.020528,-0.045455,0.024438,0.064516,0.23998,0.34995,0.39003,0.089932,-0.085533,-0.19062,-0.14027,-0.095308,-0.040567,-0.05523,-0.045455,-0.05523,-0.035191,-0.025415,-0.030303,-0.020528,-0.015152,-0.020528,-0.025415,-0.0053763,-0.035191,-0.020528,-0.010264,0.014663,0.0043988,0.024438,0.054741,0.079668,0.054741,0.064516,0.059629,0.059629,0.044477,0.049853,0.024438,0.034702,0.014663,0.01955,0.024438,0.014663,0.029814,0.039589,0.029814,0.014663,0.029814,0.024438,0.039589,0.059629,0.084555,0.069892,0.084555,0.089932,0.11486,0.07478,0.079668,0.024438,0.039589,0.0043988,0.014663,-0.0053763,-0.020528,-0.050342,-0.060606,-0.040567,-0.045455,-0.05523,-0.035191,-0.040567,0.024438,0.079668,0.1999,0.35973,0.39492,0.1349,-0.070381,-0.17058,-0.19062,-0.065494,-0.05523,-0.040567,-0.050342,-0.035191,-0.045455,-0.050342,-0.040567,-0.020528,-0.025415,-0.015152,-0.025415,-0.0053763,0.0043988,-0.010264,0.0043988,-0.0053763,0.014663,0.024438,0.029814,0.044477,0.069892,0.059629,0.069892,0.039589,0.039589,0.034702,0.039589,0.029814,0.024438,0.014663,0.029814,0.014663,0.034702,0.034702,0.054741,0.039589,0.034702,0.049853,0.039589,0.059629,0.084555,0.089932,0.079668,0.10459,0.11486,0.10948,0.064516,0.039589,0.014663,0.0043988,-0.025415,0.0097752,-0.015152,-0.010264,-0.035191,-0.030303,-0.050342,-0.035191,-0.040567,-0.045455,-0.010264,0.069892,0.15494,0.31476,0.39003,0.17986,-0.05523,-0.15054,-0.17058,-0.09042,-0.05523,-0.075269,-0.05523,-0.040567,-0.035191,-0.040567,-0.025415,-0.040567,-0.030303,-0.025415,-0.015152,-0.010264,-0.00048876,-0.010264,-0.0053763,0.0097752,-0.00048876,0.01955,0.049853,0.059629,0.054741,0.064516,0.044477,0.054741,0.049853,0.059629,0.024438,0.034702,0.01955,0.024438,0.0097752,0.0043988,-0.0053763,0.024438,0.014663,0.024438,0.0043988,0.034702,0.029814,0.044477,0.079668,0.10459,0.099707,0.10459,0.12463,0.094819,0.079668,0.054741,0.039589,0.014663,-0.00048876,-0.010264,0.0043988,-0.035191,-0.030303,-0.035191,-0.020528,-0.040567,-0.030303,-0.040567,-0.010264,0.039589,0.094819,0.26491,0.36999,0.2346,-0.0053763,-0.15543,-0.19062,-0.1002,-0.05523,-0.060606,-0.050342,-0.035191,-0.035191,-0.020528,-0.040567,-0.035191,-0.025415,-0.015152,-0.025415,-0.0053763,-0.015152,-0.010264,0.0043988,0.01955,0.0097752,0.01955,0.039589,0.059629,0.069892,0.054741,0.044477,0.059629,0.069892,0.054741,0.039589,0.034702,0.01955,0.014663,0.029814,0.01955,0.029814,0.0097752,0.014663,0.0043988,0.029814,0.024438,0.01955,0.034702,0.059629,0.079668,0.094819,0.084555,0.11486,0.11486,0.10948,0.069892,0.039589,0.034702,0.024438,0.0097752,-0.0053763,-0.035191,-0.050342,-0.025415,-0.035191,-0.030303,-0.05523,-0.035191,-0.040567,-0.015152,0.034702,0.10459,0.24976,0.35973,0.18964,-0.05523,-0.18573,-0.20039,-0.11535,-0.05523,-0.070381,-0.05523,-0.045455,-0.05523,-0.035191,-0.035191,-0.030303,-0.040567,-0.025415,-0.025415,-0.015152,-0.025415,-0.0053763,-0.0053763,0.014663,0.01955,0.054741,0.044477,0.084555,0.07478,0.084555,0.054741,0.044477,0.039589,0.054741,0.044477,0.049853,0.01955,0.0097752,0.029814,0.01955,-0.00048876,-0.0053763,0.034702,0.014663,0.024438,0.0097752,0.034702,0.024438,0.07478,0.084555,0.089932,0.069892,0.10459,0.10948,0.084555,0.054741,0.039589,0.034702,0.014663,-0.00048876,-0.0053763,-0.015152,-0.010264,-0.030303,-0.05523,-0.060606,-0.045455,-0.035191,-0.030303,-0.00048876,0.044477,0.10459,0.24976,0.3651,0.24487,0.034702,-0.11535,-0.15543,-0.11535,-0.050342,-0.05523,-0.040567,-0.035191,-0.040567,-0.05523,-0.040567,-0.05523,-0.030303,-0.020528,-0.030303,-0.015152,-0.030303,-0.00048876,0.014663,-0.00048876,-0.0053763,0.0043988,0.01955,0.059629,0.034702,0.044477,0.039589,0.064516,0.039589,0.049853,0.039589,0.039589,0.014663,0.01955,0.024438,0.029814,0.034702,0.014663,0.024438,0.029814,0.01955,0.034702,0.049853,0.044477,0.054741,0.069892,0.094819,0.084555,0.099707,0.094819,0.099707,0.054741,0.039589,0.01955,0.029814,-0.015152,-0.025415,-0.040567,-0.050342,-0.035191,-0.045455,-0.030303,-0.05523,-0.035191,-0.045455,-0.00048876,0.044477,0.13978,0.30499,0.3998,0.20479,-0.0053763,-0.14565,-0.18035,-0.1002,-0.045455,-0.05523,-0.050342,-0.075269,-0.050342,-0.045455,-0.030303,-0.040567,-0.045455,-0.040567,-0.015152,-0.010264,-0.025415,-0.0053763,-0.010264,0.0043988,-0.0053763,0.014663,0.029814,0.039589,0.029814,0.059629,0.034702,0.039589,0.049853,0.039589,0.014663,0.0097752,0.01955,0.014663,0.014663,-0.035191,-0.05523,-0.035191,-0.045455,-0.035191,-0.020528,0.039589,0.12463,0.28495,0.37977,0.24487,0.024438,-0.12023,-0.18035,-0.11535,-0.060606,-0.065494,-0.035191,-0.035191,-0.035191,-0.040567,-0.035191,-0.035191,-0.020528,-0.035191,-0.025415,-0.025415,-0.020528,-0.010264,-0.015152,0.0043988,0.014663,0.024438,0.039589,0.049853,0.034702,0.044477,0.039589,0.054741,0.039589,0.054741,0.034702,0.039589,0.014663,0.01955,0.0097752,0.014663,-0.00048876,0.014663,0.014663,0.029814,0.039589,0.01955,0.039589,0.044477,0.064516,0.089932,0.079668,0.099707,0.10948,0.10948,0.07478,0.064516,0.034702,0.014663,0.01955,0.0043988,0.01955,-0.030303,-0.040567,-0.050342,-0.035191,-0.045455,-0.035191,-0.040567,-0.035191,-0.020528,0.049853,0.1349,0.29472,0.3651,0.19501,-0.030303,-0.15543,-0.18573,-0.09042,-0.050342,-0.05523,-0.060606,-0.065494,-0.035191,-0.050342,-0.030303,-0.035191,-0.020528,-0.030303,-0.020528,-0.045455,-0.030303,-0.035191,-0.015152,-0.00048876,0.01955,0.034702,0.01955,0.039589,0.059629,0.054741,0.044477,0.059629,0.054741,0.059629,0.039589,0.029814,0.014663,0.029814,0.0043988,0.0043988,-0.010264,0.0097752,0.0097752,0.024438,0.014663,0.039589,0.034702,0.064516,0.059629,0.084555,0.084555,0.089932,0.084555,0.10459,0.10948,0.069892,0.039589,0.01955,0.024438,-0.010264,-0.00048876,-0.030303,-0.035191,-0.05523,-0.035191,-0.045455,-0.020528,-0.040567,-0.025415,-0.035191,0.024438,0.059629,0.21994,0.32991,0.3651,0.049853,-0.11535,-0.1955,-0.13539,-0.070381,-0.060606,-0.05523,-0.060606,-0.040567,-0.035191,-0.030303,-0.050342,-0.030303,-0.035191,-0.015152,-0.020528,-0.010264,-0.020528,-0.0053763,-0.0053763,0.014663,0.029814,0.039589,0.034702,0.049853,0.044477,0.054741,0.059629,0.044477,0.049853,0.039589,0.029814,0.014663,0.01955,0.0043988,0.014663,0.0043988,0.01955,0.014663,0.01955,0.014663,0.024438,0.0043988,0.034702,0.044477,0.064516,0.079668,0.089932,0.084555,0.11975,0.12952,0.094819,0.059629,0.034702,0.039589,0.0043988,0.014663,-0.010264,-0.025415,-0.040567,-0.050342,-0.05523,-0.040567,-0.050342,-0.035191,-0.05523,-0.020528,0.024438,0.11486,0.26491,0.35973,0.15982,-0.050342,-0.18035,-0.20039,-0.095308,-0.045455,-0.050342,-0.05523,-0.050342,-0.05523,-0.030303,-0.040567,-0.035191,-0.040567,-0.030303,-0.035191,-0.020528,-0.035191,-0.010264,-0.015152,0.014663,0.01955,0.034702,0.029814,0.044477,0.044477,0.049853,0.039589,0.064516,0.044477,0.054741,0.029814,0.029814,-0.00048876,-0.0053763,0.0043988,-0.010264,0.0043988,-0.015152,0.014663,-0.00048876,0.0097752,-0.00048876,0.049853,0.039589,0.039589,0.064516,0.084555,0.059629,0.079668,0.084555,0.089932,0.059629,0.039589,0.014663,0.029814,-0.0053763,0.0097752,-0.015152,-0.040567,-0.05523,-0.045455,-0.035191,-0.05523,-0.025415,-0.045455,-0.030303,0.0043988,0.064516,0.17498,0.32502,0.36999,0.1349,-0.065494,-0.16031,-0.18573,-0.070381,-0.050342,-0.060606,-0.045455,-0.035191,-0.030303,-0.050342,-0.040567,-0.025415,-0.015152,-0.035191,-0.030303,-0.035191,-0.015152,-0.0053763,0.014663,0.01955,0.034702,0.01955,0.049853,0.044477,0.07478,0.044477,0.039589,0.029814,0.059629,0.039589,0.059629,0.064516,0.024438,0.014663,0.029814,0.0043988,-0.0053763,0.034702,0.024438,0.039589,0.044477,0.059629,0.029814,0.059629,0.069892,0.099707,0.069892,0.084555,0.099707,0.11975,0.084555,0.079668,0.034702,0.024438,0.0043988,0.024438,0.014663,0.0043988,-0.035191,-0.065494,-0.060606,-0.030303,-0.025415,-0.05523,-0.050342,-0.010264,0.064516,0.14467,0.32991,0.41496,0.23998,-0.010264,-0.12561,-0.1955,-0.11046,-0.070381,-0.060606,-0.070381,-0.045455,-0.05523,-0.040567,-0.035191,-0.040567,-0.060606,-0.045455,-0.025415,-0.025415,-0.035191,-0.045455,-0.020528,-0.035191,0.0043988,0.01955,0.044477,0.034702,0.024438,0.044477,0.054741,0.044477,0.049853,0.024438,0.029814,0.014663,0.024438,0.0043988,-0.00048876,0.014663,0.029814,0.01955,0.014663,0.024438,-0.00048876,0.014663,0.01955,0.049853,0.054741,0.079668,0.064516,0.089932,0.10459,0.11486,0.079668,0.059629,0.01955,0.014663,0.024438,0.01955,-0.00048876,-0.010264,-0.040567,-0.050342,-0.05523,-0.040567,-0.05523,-0.030303,-0.020528,-0.040567,0.039589,0.10459,0.3001,0.39003,0.26002,0.014663,-0.12023,-0.18573,-0.11535,-0.080645,-0.065494,-0.070381,-0.045455,-0.050342,-0.040567,-0.040567,-0.035191,-0.050342,-0.020528,-0.035191,-0.035191,-0.035191,-0.015152,-0.010264,-0.010264,-0.00048876,-0.010264,0.029814,0.044477,0.049853,0.039589,0.059629,0.039589,0.039589,0.014663,0.029814,0.014663,0.024438,-0.00048876,0.014663,0.0097752,0.014663,0.014663,0.01955,-0.00048876,0.014663,0.01955,0.014663,0.049853,0.059629,0.079668,0.07478,0.10459,0.094819,0.12463,0.079668,0.059629,0.039589,0.029814,0.014663,0.014663,-0.015152,-0.010264,-0.045455,-0.05523,-0.040567,-0.035191,-0.045455,-0.045455,-0.035191,-0.0053763,0.044477,0.11975,0.28006,0.37977,0.22972,-0.010264,-0.13539,-0.18035,-0.11046,-0.060606,-0.050342,-0.060606,-0.045455,-0.050342,-0.035191,-0.045455,-0.035191,-0.045455,-0.035191,-0.035191,-0.015152,-0.035191,-0.020528,-0.025415,-0.0053763,-0.00048876,0.01955,0.029814,0.044477,0.059629,0.039589,0.059629,0.034702,0.049853,0.034702,0.029814,0.01955,0.034702,0.0097752,0.014663,-0.0053763,0.014663,-0.00048876,0.014663,0.014663,0.01955,0.014663,0.034702,0.044477,0.07478,0.084555,0.084555,0.084555,0.10459,0.10948,0.084555,0.049853,0.01955,0.029814,0.014663,-0.00048876,-0.020528,-0.030303,-0.050342,-0.045455,-0.05523,-0.035191,-0.05523,-0.040567,-0.050342,-0.0053763,0.044477,0.14956,0.28983,0.36999,0.18475,-0.030303,-0.15054,-0.19062,-0.1002,-0.060606,-0.05523,-0.060606,-0.05523,-0.035191,-0.025415,-0.045455,-0.035191,-0.030303,-0.015152,-0.025415,-0.010264,-0.035191,-0.010264,-0.0053763,0.014663,0.014663,0.044477,0.039589,0.039589,0.049853,0.049853,0.054741,0.029814,0.054741,0.039589,0.024438,0.014663,0.024438,-0.00048876,0.0097752,-0.010264,0.0097752,0.014663,0.01955,0.0043988,0.01955,0.0097752,0.039589,0.049853,0.07478,0.07478,0.084555,0.069892,0.10948,0.12952,0.079668,0.054741,0.029814,0.0097752,-0.0053763,0.0043988,-0.0053763,-0.025415,-0.040567,-0.035191,-0.045455,-0.035191,-0.045455,-0.020528,-0.045455,-0.0053763,0.039589,0.14467,0.29472,0.37977,0.15494,-0.050342,-0.17058,-0.18573,-0.095308,-0.065494,-0.05523,-0.060606,-0.035191,-0.045455,-0.035191,-0.045455,-0.030303,-0.040567,-0.030303,-0.015152,-0.010264,-0.025415,-0.00048876,-0.020528,0.0043988,0.0097752,0.034702,0.039589,0.039589,0.044477,0.054741,0.049853,0.064516,0.034702,0.01955,0.039589,0.029814,0.039589,0.014663,0.0097752,0.0043988,0.01955,0.0043988,0.014663,0.014663,0.014663,0.029814,0.044477,0.039589,0.064516,0.064516,0.079668,0.079668,0.12463,0.12952,0.064516,0.044477,0.034702,0.0043988,-0.0053763,0.0097752,-0.010264,-0.025415,-0.035191,-0.040567,-0.050342,-0.035191,-0.040567,-0.030303,-0.050342,-0.00048876,0.044477,0.15982,0.29472,0.36999,0.1349,-0.05523,-0.16569,-0.18573,-0.085533,-0.045455,-0.060606,-0.040567,-0.035191,-0.05523,-0.030303,-0.020528,-0.025415,-0.030303,-0.015152,-0.045455,-0.025415,-0.030303,-0.00048876,-0.015152,0.014663,0.0097752,0.029814,0.01955,0.039589,0.049853,0.059629,0.049853,0.039589,0.044477,0.034702,0.0097752,0.0043988,0.024438,-0.00048876,0.01955,0.0097752,0.01955,-0.00048876,0.024438,0.0043988,0.024438,0.014663,0.039589,0.044477,0.079668,0.084555,0.084555,0.07478,0.10948,0.084555,0.079668,0.039589,0.029814,0.01955,0.014663,-0.0053763,-0.015152,-0.035191,-0.040567,-0.035191,-0.030303,-0.035191,-0.05523,-0.040567,-0.050342,0.024438,0.069892,0.21457,0.31965,0.3651,0.07478,-0.1002,-0.1955,-0.12561,-0.075269,-0.05523,-0.075269,-0.035191,-0.030303,-0.020528,-0.030303,-0.015152,-0.025415,-0.010264,-0.015152,-0.0053763,0.0043988,-0.010264,-0.00048876,0.0097752,0.024438,0.0043988,0.039589,0.059629,0.079668,0.054741,0.069892,0.049853,0.054741,0.029814,0.039589,0.034702,0.029814,0.024438,0.034702,0.01955,0.014663,0.014663,0.024438,0.029814,0.024438,0.014663,0.029814,0.049853,0.039589,0.07478,0.079668,0.094819,0.10459,0.12463,0.10459,0.10948,0.049853,0.034702,0.0097752,0.0043988,-0.010264,-0.015152,-0.040567,-0.025415,-0.05523,-0.030303,-0.025415,-0.035191,-0.025415,-0.035191,0.034702,0.089932,0.1999,0.31476,0.36999,0.10948,-0.020528,-0.12561,-0.09042,-0.050342,-0.035191,-0.05523,-0.05523,-0.040567,-0.025415,-0.040567,-0.035191,-0.045455,-0.030303,-0.020528,-0.035191,-0.050342,-0.020528,-0.010264,0.0043988,-0.010264,-0.0053763,0.0097752,0.0043988,0.01955,0.014663,0.034702,0.024438,0.034702,0.014663,0.024438,0.01955,0.0097752,-0.00048876,0.014663,0.014663,0.029814,0.024438,0.029814,0.034702,0.014663,0.039589,0.024438,0.039589,0.049853,0.059629,0.079668,0.10948,0.099707,0.11486,0.07478,0.059629,0.01955,0.01955,-0.010264,0.014663,0.0043988,-0.030303,-0.040567,-0.030303,-0.035191,-0.040567,-0.060606,-0.035191,-0.045455,-0.020528,0.029814,0.13978,0.31965,0.3998,0.18964,-0.020528,-0.14565,-0.18035,-0.1002,-0.050342,-0.070381,-0.080645,-0.05523,-0.035191,-0.035191,-0.065494,-0.065494,-0.035191,0.0043988,-0.035191,-0.030303,-0.020528,-0.015152,-0.05523,-0.015152,0.014663,0.014663,0.01955,0.064516,0.079668,0.039589,0.0097752,0.029814,0.059629,0.039589,0.054741,0.049853,0.054741,-0.00048876,0.014663,0.014663,0.01955,0.034702,0.059629,0.034702,0.039589,0.024438,0.089932,0.099707,0.079668,0.084555,0.099707,0.12952,0.10459,0.07478,0.064516,0.069892,0.049853,0.069892,0.01955,-0.0053763,-0.010264,0.0043988,-0.025415,-0.0053763,-0.010264,0.0043988,-0.025415,0.0097752,0.054741,0.1349,0.30499,0.47507,0.51515,0.25464,0.079668,-0.040567,-0.060606,-0.035191,-0.020528,-0.045455,-0.040567,-0.05523,-0.035191,-0.015152,-0.00048876,-0.015152,-0.020528,-0.030303,-0.0053763,-0.015152,-0.010264,-0.025415,-0.015152,-0.020528,0.0043988,0.0097752,0.029814,0.01955,0.039589,0.024438,0.034702,0.01955,0.029814,0.014663,0.034702,0.039589,0.01955,0.024438,0.014663,0.029814,0.014663,0.024438,0.014663,0.039589,0.049853,0.084555,0.07478,0.084555,0.084555,0.12463,0.12952,0.10459,0.07478,0.044477,0.024438,0.014663,-0.0053763,-0.0053763,-0.035191,-0.05523,-0.045455,-0.035191,-0.030303,-0.035191,-0.020528,-0.035191,-0.010264,0.044477,0.19501,0.35484,0.45992,0.2346,-0.0053763,-0.15054,-0.17058,-0.095308,-0.05523,-0.070381,-0.075269,-0.05523,-0.070381,-0.05523,-0.060606,-0.050342,-0.065494,-0.050342,-0.060606,-0.040567,-0.045455,-0.025415,-0.040567,-0.020528,-0.025415,0.0097752,0.014663,0.039589,0.029814,0.044477,0.024438,0.034702,0.014663,0.034702,0.014663,0.0097752,-0.010264,-0.010264,-0.00048876,-0.010264,-0.015152,0.0097752,0.014663,0.01955,0.034702,0.029814,0.059629,0.064516,0.094819,0.084555,0.094819,0.084555,0.10948,0.059629,0.044477,0.0097752,0.014663,-0.010264,-0.0053763,-0.035191,-0.040567,-0.05523,-0.045455,-0.065494,-0.040567,-0.035191,-0.060606,-0.035191,0.0043988,0.069892,0.2346,0.38514,0.41984,0.14467,-0.05523,-0.16031,-0.11535,-0.080645,-0.09042,-0.075269,-0.070381,-0.045455,-0.05523,-0.040567,-0.045455,-0.040567,-0.050342,-0.035191,-0.040567,-0.045455,-0.025415,-0.030303,-0.0053763,-0.015152,0.0043988,0.0097752,0.024438,0.0043988,0.034702,0.039589,0.044477,0.024438,0.029814,0.014663,0.034702,0.014663,0.014663,-0.0053763,-0.010264,0.0097752,0.01955,0.0043988,0.014663,0.01955,0.029814,0.039589,0.034702,0.094819,0.084555,0.079668,0.084555,0.099707,0.069892,0.039589,0.0097752,0.014663,-0.00048876,0.0043988,-0.015152,-0.015152,-0.045455,-0.035191,-0.050342,-0.05523,-0.045455,-0.050342,-0.035191,0.024438,0.07478,0.24487,0.34995,0.38514,0.064516,-0.10557,-0.18035,-0.10557,-0.065494,-0.075269,-0.05523,-0.05523,-0.05523,-0.065494,-0.05523,-0.050342,-0.030303,-0.035191,-0.035191,-0.070381,-0.030303,-0.015152,-0.010264,-0.0053763,0.014663,0.01955,0.014663,0.034702,0.01955,0.039589,0.034702,0.064516,0.049853,0.059629,0.029814,0.0097752,0.0043988,0.029814,0.0097752,0.014663,0.0043988,0.0097752,-0.025415,-0.010264,0.0043988,0.024438,0.01955,0.029814,0.039589,0.059629,0.059629,0.084555,0.099707,0.099707,0.079668,0.049853,0.0097752,0.014663,-0.0053763,-0.015152,-0.0053763,-0.050342,-0.045455,-0.045455,-0.040567,-0.05523,-0.050342,-0.05523,-0.040567,-0.010264,0.054741,0.10948,0.26002,0.31476,0.13978,-0.085533,-0.17546,-0.20039,-0.1002,-0.05523,-0.045455,-0.035191,-0.045455,-0.035191,-0.05523,-0.030303,-0.035191,-0.015152,-0.035191,-0.020528,-0.030303,-0.010264,-0.015152,-0.00048876,-0.0053763,0.0097752,0.0043988,0.029814,0.039589,0.044477,0.049853,0.059629,0.054741,0.064516,0.054741,0.049853,0.039589,0.024438,0.014663,0.0097752,0.039589,0.024438,0.029814,0.0043988,0.014663,0.0097752,0.034702,0.039589,0.049853,0.084555,0.079668,0.069892,0.089932,0.10948,0.10459,0.064516,0.034702,0.0097752,0.024438,-0.00048876,-0.0053763,-0.035191,-0.040567,-0.035191,-0.05523,-0.035191,-0.05523,-0.060606,-0.065494,-0.015152,0.024438,0.079668,0.1999,0.30499,0.31476,0.01955,-0.14565,-0.19062,-0.14565,-0.045455,-0.035191,-0.045455,-0.05523,-0.035191,-0.030303,-0.035191,-0.010264,-0.030303,-0.010264,-0.010264,-0.00048876,-0.010264,-0.0053763,-0.015152,0.01955,0.014663,0.034702,0.029814,0.054741,0.044477,0.049853,0.054741,0.064516,0.059629,0.054741,0.059629,0.039589,0.029814,0.034702,0.01955,0.01955,0.0043988,-0.0053763,0.039589,0.034702,0.039589,0.014663,0.044477,0.059629,0.07478,0.084555,0.089932,0.079668,0.12463,0.094819,0.094819,0.039589,0.034702,0.014663,0.014663,-0.0053763,-0.020528,-0.040567,-0.035191,-0.050342,-0.05523,-0.040567,-0.050342,-0.025415,-0.035191,0.01955,0.069892,0.18964,0.28495,0.32991,0.064516,-0.11046,-0.19062,-0.15054,-0.085533,-0.045455,-0.050342,-0.035191,-0.035191,-0.035191,-0.040567,-0.015152,-0.025415,-0.035191,-0.025415,-0.015152,-0.010264,-0.00048876,0.0043988,-0.010264,0.014663,0.024438,0.044477,0.054741,0.069892,0.054741,0.059629,0.039589,0.059629,0.054741,0.049853,0.029814,0.039589,0.014663,0.01955,0.0043988,-0.00048876,0.01955,0.014663,0.0097752,-0.00048876,0.029814,0.039589,0.054741,0.064516,0.084555,0.084555,0.10459,0.11975,0.10459,0.069892,0.054741,0.014663,0.01955,-0.010264,0.0097752,-0.030303,-0.035191,-0.045455,-0.030303,-0.040567,-0.045455,-0.05523,-0.045455,-0.035191,0.029814,0.07478,0.17986,0.30499,0.33969,0.11975,-0.010264,-0.085533,-0.11046,-0.060606,-0.065494,-0.040567,-0.05523,-0.030303,-0.050342,-0.035191,-0.035191,-0.025415,-0.035191,-0.025415,-0.020528,-0.030303,-0.015152,-0.035191,-0.0053763,-0.010264,-0.010264,-0.010264,0.0097752,0.014663,0.029814,0.01955,0.034702,0.029814,0.054741,0.039589,0.044477,0.049853,0.029814,0.014663,0.029814,-0.0053763,0.0043988,0.0097752,0.034702,0.039589,0.034702,0.059629,0.079668,0.094819,0.084555,0.089932,0.11486,0.12952,0.07478,0.059629,0.034702,0.044477,0.01955,0.024438,0.0043988,0.014663,-0.040567,-0.035191,-0.040567,-0.025415,-0.035191,-0.030303,-0.035191,-0.00048876,0.039589,0.12463,0.26979,0.3998,0.27468,0.099707,-0.015152,-0.1002,-0.080645,-0.05523,-0.05523,-0.060606,-0.05523,-0.050342,-0.035191,-0.045455,-0.030303,-0.040567,-0.025415,-0.035191,-0.020528,-0.030303,-0.010264,-0.040567,-0.025415,-0.010264,-0.025415,0.0097752,0.014663,0.01955,0.0043988,0.029814,0.024438,0.039589,0.014663,0.029814,0.014663,0.029814,0.0097752,0.029814,0.0097752,0.024438,0.029814,0.01955,0.014663,0.044477,0.054741,0.049853,0.064516,0.084555,0.079668,0.10459,0.10948,0.12463,0.07478,0.044477,0.034702,0.039589,0.024438,0.014663,-0.00048876,-0.025415,-0.035191,-0.040567,-0.035191,-0.050342,-0.035191,-0.040567,-0.025415,0.0097752,0.069892,0.16471,0.30987,0.37488,0.19501,0.0097752,-0.09042,-0.11046,-0.050342,-0.035191,-0.060606,-0.05523,-0.040567,-0.035191,-0.040567,-0.030303,-0.040567,-0.030303,-0.045455,-0.020528,-0.030303,-0.020528,-0.030303,-0.010264,-0.015152,0.0043988,-0.00048876,0.014663,0.014663,0.034702,0.039589,0.039589,0.029814,0.034702,0.039589,0.029814,0.039589,0.014663,0.01955,-0.00048876,0.014663,-0.00048876,0.01955,0.014663,0.034702,0.0097752,0.054741,0.064516,0.094819,0.079668,0.094819,0.10459,0.1349,0.094819,0.07478,0.039589,0.034702,0.039589,0.0097752,0.014663,-0.015152,-0.010264,-0.035191,-0.030303,-0.040567,-0.035191,-0.05523,-0.030303,-0.035191,0.044477,0.099707,0.23998,0.33969,0.35484,0.034702,-0.050342,-0.11046,-0.065494,-0.045455,-0.050342,-0.05523,-0.040567,-0.025415,-0.040567,-0.020528,-0.035191,-0.025415,-0.030303,-0.010264,-0.015152,-0.0053763,-0.015152,-0.010264,-0.015152,0.0043988,-0.00048876,0.039589,0.024438,0.034702,0.024438,0.054741,0.039589,0.034702,0.014663,0.014663,0.014663,0.014663,0.0043988,-0.00048876,0.014663,0.0097752,0.014663,0.014663,0.0097752,0.0043988,0.034702,0.024438,0.059629,0.064516,0.084555,0.094819,0.10948,0.099707,0.084555,0.069892,0.07478,0.034702,0.029814,-0.010264,-0.015152,-0.040567,-0.020528,-0.015152,-0.025415,-0.040567,-0.045455,-0.05523,-0.030303,-0.00048876,0.049853,0.10948,0.27468,0.38514,0.25464,0.029814,-0.13539,-0.18035,-0.11535,-0.050342,-0.060606,-0.030303,-0.035191,-0.025415,-0.05523,-0.025415,-0.035191,-0.025415,-0.035191,-0.015152,-0.010264,-0.015152,-0.010264,-0.015152,0.014663,-0.015152,0.01955,0.039589,0.059629,0.059629,0.059629,0.044477,0.054741,0.034702,0.059629,0.049853,0.054741,0.024438,0.014663,0.029814,0.0097752,0.0097752,0.014663,0.0043988,0.024438,0.034702,0.049853,0.054741,0.069892,0.079668,0.064516,0.089932,0.10459,0.11975,0.079668,0.054741,0.034702,0.054741,0.024438,0.029814,0.014663,-0.010264,-0.030303,-0.025415,-0.050342,-0.035191,-0.025415,-0.030303,-0.015152,-0.020528,0.054741,0.13978,0.28983,0.41496,0.24976,0.069892,-0.065494,-0.12561,-0.065494,-0.060606,-0.050342,-0.05523,-0.045455,-0.05523,-0.040567,-0.070381,-0.05523,-0.060606,-0.035191,-0.05523,-0.060606,-0.05523,-0.025415,-0.010264,-0.025415,-0.010264,-0.015152,-0.00048876,-0.00048876,0.0043988,-0.025415,0.0097752,0.0043988,0.029814,-0.010264,0.0097752,-0.010264,0.014663,0.0097752,0.01955,0.014663,0.0097752,-0.010264,0.01955,0.029814,0.039589,0.034702,0.059629,0.069892,0.084555,0.079668,0.07478,0.10948,0.089932,0.069892,0.039589,0.034702,0.039589,0.034702,0.014663,0.0043988,-0.025415,-0.025415,-0.040567,-0.030303,-0.040567,-0.025415,-0.040567,-0.0053763,0.034702,0.10459,0.26002,0.40469,0.435,0.16471,0.024438,-0.075269,-0.09042,-0.075269,-0.065494,-0.05523,-0.045455,-0.065494,-0.05523,-0.060606,-0.040567,-0.05523,-0.025415,-0.040567,-0.035191,-0.045455,-0.030303,-0.035191,-0.010264,-0.020528,-0.010264,-0.010264,0.014663,0.0043988,0.029814,0.044477,0.029814,0.039589,0.014663,0.024438,0.0097752,0.01955,0.029814,0.034702,0.014663,0.039589,0.024438,0.034702,0.014663,0.034702,0.034702,0.059629,0.069892,0.089932,0.079668,0.099707,0.12463,0.12952,0.064516,0.054741,0.059629,0.014663,0.024438,0.014663,0.024438,-0.030303,-0.025415,-0.050342,-0.040567,-0.040567,-0.025415,-0.040567,-0.030303,0.0043988,0.079668,0.1999,0.35484,0.39492,0.15494,-0.060606,-0.16569,-0.17058,-0.075269,-0.05523,-0.065494,-0.050342,-0.05523,-0.030303,-0.040567,-0.035191,-0.040567,-0.020528,-0.040567,-0.025415,-0.035191,-0.020528,-0.025415,-0.0053763,-0.0053763,0.01955,0.014663,0.039589,0.054741,0.07478,0.054741,0.059629,0.039589,0.034702,0.039589,0.01955,0.0097752,0.0043988,0.034702,0.014663,0.024438,0.014663,0.024438,0.014663,0.024438,0.0097752,0.044477,0.059629,0.079668,0.084555,0.084555,0.079668,0.1349,0.11486,0.084555,0.054741,0.039589,0.029814,0.014663,-0.00048876,-0.010264,-0.035191,-0.020528,-0.045455,-0.050342,-0.035191,-0.040567,-0.035191,-0.045455,0.01955,0.07478,0.18475,0.30499,0.35973,0.089932,-0.095308,-0.20039,-0.14565,-0.085533,-0.050342,-0.065494,-0.040567,-0.035191,-0.010264,-0.035191,-0.035191,-0.030303,-0.015152,-0.010264,-0.030303,-0.015152,-0.025415,-0.00048876,0.014663,0.014663,0.039589,0.054741,0.034702,0.049853,0.049853,0.059629,0.039589,0.059629,0.039589,0.034702,0.039589,0.01955,0.0097752,0.034702,0.0043988,-0.00048876,0.0097752,0.01955,0.029814,0.014663,0.01955,0.014663,0.044477,0.064516,0.079668,0.07478,0.099707,0.11975,0.12952,0.079668,0.054741,0.014663,0.029814,-0.010264,-0.00048876,-0.010264,-0.020528,-0.040567,-0.030303,-0.045455,-0.05523,-0.035191,-0.040567,-0.05523,-0.00048876,0.049853,0.14467,0.28495,0.34506,0.13978,-0.065494,-0.16569,-0.18573,-0.085533,-0.065494,-0.050342,-0.05523,-0.050342,-0.060606,-0.045455,-0.040567,-0.030303,-0.05523,-0.035191,-0.010264,-0.0053763,0.0043988,0.014663,0.01955,0.0043988,0.01955,0.029814,0.039589,0.029814,0.059629,0.049853,0.069892,0.059629,0.064516,0.029814,0.034702,0.029814,0.01955,-0.0053763,-0.00048876,0.0043988,0.014663,0.0043988,0.014663,0.0097752,0.034702,0.039589,0.059629,0.064516,0.059629,0.10459,0.084555,0.089932,0.084555,0.11975,0.069892,0.054741,0.034702,0.044477,-0.010264,0.0097752,-0.010264,-0.010264,-0.035191,-0.025415,-0.045455,-0.040567,-0.050342,-0.025415,-0.015152,0.034702,0.099707,0.28006,0.39492,0.29472,0.049853,-0.11046,-0.19062,-0.1955,-0.070381,-0.060606,-0.040567,-0.045455,-0.040567,-0.05523,-0.035191,-0.045455,-0.020528,-0.05523,-0.045455,-0.040567,-0.020528,-0.040567,-0.025415,-0.015152,-0.020528,0.0043988,-0.00048876,0.029814,0.039589,0.049853,0.039589,0.049853,0.039589,0.044477,0.024438,0.039589,0.0097752,0.01955,0.014663,0.014663,0.01955,0.034702,0.014663,0.01955,0.0097752,0.034702,0.029814,0.054741,0.069892,0.084555,0.084555,0.11486,0.12952,0.084555,0.059629,0.054741,0.034702,0.014663,0.029814,-0.010264,-0.0053763,-0.035191,-0.025415,-0.040567,-0.035191,-0.045455,-0.035191,-0.045455,-0.0053763,0.039589,0.11486,0.26002,0.41007,0.3001,0.10459,-0.025415,-0.10557,-0.1002,-0.075269,-0.060606,-0.050342,-0.040567,-0.060606,-0.050342,-0.065494,-0.05523,-0.060606,-0.035191,-0.050342,-0.040567,-0.05523,-0.040567,-0.050342,-0.025415,-0.030303,-0.015152,-0.020528,-0.00048876,0.0043988,0.014663,-0.0053763,-0.010264,0.0097752,-0.0053763,0.01955,0.0043988,0.01955,0.014663,0.0043988,0.014663,0.0097752,0.0043988,0.01955,0.014663,0.029814,0.024438,0.044477,0.039589,0.089932,0.084555,0.084555,0.079668,0.11975,0.12463,0.084555,0.049853,0.039589,0.01955,0.0043988,0.0097752,-0.00048876,-0.025415,-0.045455,-0.035191,-0.050342,-0.020528,-0.045455,-0.040567,-0.020528,0.054741,0.10459,0.30499,0.37977,0.28006,0.034702,-0.10557,-0.17546,-0.095308,-0.065494,-0.050342,-0.050342,-0.040567,-0.05523,-0.035191,-0.045455,-0.05523,-0.020528,-0.035191,-0.025415,-0.040567,-0.030303,-0.025415,-0.00048876,0.0097752,0.01955,0.01955,0.039589,0.034702,0.059629,0.044477,0.059629,0.039589,0.049853,0.034702,0.039589,0.029814,0.034702,0.014663,0.0097752,0.0043988,-0.00048876,0.014663,0.0097752,0.034702,0.014663,0.034702,0.029814,0.049853,0.064516,0.089932,0.084555,0.099707,0.10948,0.099707,0.054741,0.049853,0.01955,0.024438,0.0043988,0.0097752,-0.025415,-0.035191,-0.050342,-0.035191,-0.030303,-0.050342,-0.040567,-0.045455,-0.035191,0.0043988,0.079668,0.22483,0.34506,0.3651,0.064516,-0.12023,-0.18035,-0.14027,-0.065494,-0.075269,-0.05523,-0.065494,-0.050342,-0.050342,-0.030303,-0.025415,-0.035191,-0.040567,-0.020528,-0.010264,-0.045455,-0.025415,-0.030303,-0.010264,0.0043988,0.01955,0.014663,0.054741,0.039589,0.044477,0.039589,0.049853,0.029814,0.039589,0.034702,0.039589,0.01955,0.024438,0.0097752,0.01955,-0.00048876,-0.00048876,-0.0053763,0.014663,0.01955,0.0097752,0.029814,0.044477,0.069892,0.064516,0.084555,0.079668,0.10948,0.10948,0.084555,0.039589,0.039589,0.014663,0.0043988,-0.010264,-0.0053763,-0.040567,-0.025415,-0.060606,-0.045455,-0.040567,-0.035191,-0.05523,-0.060606,-0.015152,0.049853,0.1349,0.28983,0.3651,0.15494,-0.060606,-0.17058,-0.15543,-0.085533,-0.05523,-0.060606,-0.050342,-0.060606,-0.040567,-0.050342,-0.035191,-0.05523,-0.040567,-0.030303,-0.010264,-0.030303,-0.035191,-0.010264,0.014663,0.01955,0.0097752,0.024438,0.039589,0.039589,0.049853,0.059629,0.039589,0.044477,0.039589,0.049853,0.029814,0.029814,0.014663,0.0097752,0.0043988,0.014663,0.0043988,0.029814,0.014663,0.014663,0.01955,0.054741,0.044477,0.069892,0.079668,0.084555,0.079668,0.094819,0.10948,0.084555,0.069892,0.054741,0.039589,0.0043988,-0.00048876,-0.010264,-0.0053763,-0.035191,-0.035191,-0.045455,-0.045455,-0.060606,-0.035191,-0.045455,-0.035191,0.014663,0.089932,0.2346,0.35484,0.39492,0.10948,-0.080645,-0.17058,-0.18035,-0.080645,-0.05523,-0.065494,-0.040567,-0.060606,-0.045455,-0.050342,-0.035191,-0.05523,-0.045455,-0.035191,-0.025415,-0.035191,-0.015152,-0.035191,-0.020528,-0.025415,-0.010264,-0.0053763,0.034702,0.039589,0.054741,0.039589,0.01955,0.039589,0.039589,0.044477,0.01955,0.024438,-0.00048876,0.014663,-0.00048876,0.029814,0.0043988,0.024438,0.0043988,0.024438,0.029814,0.054741,0.049853,0.084555,0.054741,0.07478,0.10459,0.099707,0.11486,0.084555,0.044477,0.034702,0.039589,0.0043988,0.0043988,-0.030303,-0.025415,-0.040567,-0.05523,-0.065494,-0.040567,-0.035191,-0.015152,-0.020528,0.034702,0.084555,0.28006,0.40469,0.435,0.10948,-0.070381,-0.19062,-0.15543,-0.080645,-0.060606,-0.05523,-0.070381,-0.060606,-0.065494,-0.040567,-0.050342,-0.040567,-0.050342,-0.015152,-0.035191,-0.020528,-0.040567,-0.030303,-0.025415,-0.0053763,-0.010264,0.01955,0.0097752,0.034702,0.029814,0.049853,0.034702,0.01955,0.039589,0.029814,0.039589,0.014663,0.034702,0.01955,0.014663,0.0097752,0.024438,0.014663,0.029814,0.014663,0.039589,0.039589,0.064516,0.084555,0.094819,0.069892,0.11975,0.12952,0.10948,0.064516,0.039589,0.029814,0.014663,-0.010264,-0.0053763,-0.030303,-0.05523,-0.040567,-0.035191,-0.040567,-0.045455,-0.035191,-0.040567,-0.015152,0.029814,0.11975,0.28006,0.40469,0.26979,0.039589,-0.1305,-0.16031,-0.10557,-0.065494,-0.05523,-0.065494,-0.045455,-0.05523,-0.035191,-0.045455,-0.035191,-0.05523,-0.040567,-0.025415,-0.015152,-0.025415,-0.030303,-0.035191,-0.010264,-0.015152,0.029814,0.014663,0.029814,0.024438,0.039589,0.034702,0.039589,0.01955,0.014663,0.034702,0.014663,0.0097752,0.014663,0.0097752,0.0043988,0.0097752,-0.00048876,0.014663,0.0097752,0.024438,0.014663,0.044477,0.039589,0.079668,0.059629,0.079668,0.084555,0.10948,0.079668,0.064516,0.029814,0.01955,-0.00048876,0.0043988,-0.010264,-0.020528,-0.040567,-0.05523,-0.045455,-0.070381,-0.045455,-0.050342,-0.040567,-0.050342,0.039589,0.10948,0.28006,0.35973,0.24487,-0.00048876,-0.14027,-0.20039,-0.11535,-0.080645,-0.060606,-0.065494,-0.05523,-0.050342,-0.020528,-0.050342,-0.05523,-0.040567,-0.025415,-0.035191,-0.020528,-0.035191,-0.020528,-0.010264,-0.0053763,0.0043988,-0.0053763,0.01955,0.034702,0.054741,0.039589,0.054741,0.039589,0.039589,0.024438,0.039589,0.01955,0.034702,0.024438,0.01955,0.0097752,-0.00048876,0.0097752,0.0043988,0.024438,0.0097752,0.01955,0.034702,0.059629,0.079668,0.099707,0.089932,0.10948,0.10459,0.10948,0.064516,0.044477,0.014663,0.01955,-0.010264,0.0097752,-0.030303,-0.035191,-0.045455,-0.030303,-0.045455,-0.035191,-0.040567,-0.045455,-0.020528,0.024438,0.069892,0.21994,0.34995,0.36999,0.084555,-0.040567,-0.11535,-0.12023,-0.065494,-0.080645,-0.05523,-0.070381,-0.060606,-0.075269,-0.050342,-0.045455,-0.035191,-0.045455,-0.030303,-0.060606,-0.035191,-0.035191,-0.010264,-0.025415,-0.035191,-0.010264,0.0097752,0.01955,-0.00048876,0.01955,0.014663,0.01955,0.0043988,0.014663,-0.00048876,0.014663,0.014663,-0.00048876,-0.015152,0.0097752,-0.0053763,0.039589,0.014663,0.034702,0.039589,0.029814,0.024438,0.039589,0.049853,0.089932,0.099707,0.069892,0.089932,0.12463,0.10459,0.064516,0.039589,0.024438,0.0097752,-0.0053763,-0.00048876,-0.035191,-0.035191,-0.035191,-0.030303,-0.040567,-0.030303,-0.050342,-0.025415,-0.0053763,0.059629,0.15494,0.31476,0.41496,0.23998,0.064516,-0.05523,-0.10557,-0.05523,-0.040567,-0.075269,-0.050342,-0.05523,-0.035191,-0.030303,-0.015152,-0.040567,-0.035191,-0.050342,-0.030303,-0.035191,-0.025415,-0.050342,-0.035191,-0.045455,-0.015152,-0.0053763,0.0097752,0.014663,0.024438,0.039589,0.044477,0.01955,0.0097752,0.024438,0.0097752,0.024438,0.01955,0.029814,-0.00048876,0.034702,0.039589,0.034702,0.029814,0.044477,0.029814,0.049853,0.039589,0.064516,0.07478,0.094819,0.099707,0.10948,0.084555,0.07478,0.084555,0.034702,0.039589,0.034702,0.0097752,-0.010264,-0.025415,-0.035191,-0.015152,-0.040567,-0.045455,-0.040567,-0.035191,-0.045455,0.0043988,0.059629,0.20968,0.37488,0.42473,0.17498,-0.020528,-0.16031,-0.18573,-0.085533,-0.070381,-0.060606,-0.065494,-0.045455,-0.05523,-0.030303,-0.035191,-0.045455,-0.05523,-0.030303,-0.045455,-0.035191,-0.035191,-0.025415,-0.030303,-0.010264,-0.0053763,0.01955,0.024438,0.039589,0.039589,0.049853,0.039589,0.044477,0.034702,0.029814,0.039589,0.01955,0.034702,0.014663,0.039589,0.0097752,0.029814,0.014663,0.014663,0.01955,0.034702,0.039589,0.059629,0.069892,0.099707,0.079668,0.07478,0.099707,0.10948,0.064516,0.054741,0.029814,0.024438,0.0097752,0.01955,-0.0053763,-0.030303,-0.040567,-0.05523,-0.035191,-0.040567,-0.030303,-0.035191,-0.010264,0.014663,0.079668,0.22972,0.38514,0.41007,0.1349,-0.080645,-0.17058,-0.14565,-0.070381,-0.05523,-0.035191,-0.065494,-0.050342,-0.040567,-0.030303,-0.045455,-0.050342,-0.030303,-0.035191,-0.015152,-0.030303,-0.015152,-0.030303,-0.0053763,-0.015152,-0.0053763,0.0097752,0.039589,0.024438,0.044477,0.034702,0.039589,0.029814,0.049853,0.034702,0.039589,0.01955,0.034702,0.01955,0.014663,0.014663,0.01955,0.029814,0.014663,0.024438,0.0097752,0.039589,0.049853,0.07478,0.084555,0.099707,0.064516,0.10948,0.10948,0.089932,0.064516,0.039589,0.014663,0.0043988,0.0097752,0.014663,-0.015152,-0.025415,-0.035191,-0.020528,-0.050342,-0.05523,-0.035191,-0.035191,-0.010264,0.049853,0.12952,0.28006,0.41007,0.26979,0.07478,-0.060606,-0.09042,-0.070381,-0.035191,-0.05523,-0.050342,-0.05523,-0.040567,-0.035191,-0.045455,-0.040567,-0.045455,-0.020528,-0.035191,-0.020528,-0.035191,-0.020528,-0.035191,-0.020528,-0.015152,0.0043988,0.0097752,0.01955,0.014663,0.029814,0.01955,0.039589,0.029814,0.034702,0.024438,0.039589,-0.00048876,-0.0053763,0.014663,0.01955,0.0043988,0.01955,-0.00048876,-0.010264,-0.0053763,0.029814,0.039589,0.054741,0.079668,0.084555,0.094819,0.11975,0.12952,0.099707,0.069892,0.039589,0.029814,-0.00048876,0.01955,-0.0053763,-0.010264,-0.030303,-0.010264,-0.035191,-0.030303,-0.040567,-0.015152,-0.035191,-0.010264,0.044477,0.14956,0.30987,0.42473,0.28006,0.029814,-0.1305,-0.17058,-0.075269,-0.040567,-0.035191,-0.05523,-0.040567,-0.035191,-0.030303,-0.040567,-0.015152,-0.035191,-0.015152,-0.025415,-0.015152,-0.020528,-0.025415,-0.010264,-0.0053763,-0.010264,-0.00048876,0.024438,0.034702,0.039589,0.034702,0.039589,0.044477,0.059629,0.034702,0.039589,0.034702,0.039589,0.01955,0.024438,-0.0053763,0.029814,0.029814,0.01955,0.0043988,0.01955,0.024438,0.039589,0.044477,0.069892,0.079668,0.089932,0.094819,0.11486,0.12463,0.069892,0.044477,0.014663,0.024438,-0.00048876,0.0097752,-0.020528,-0.030303,-0.050342,-0.040567,-0.05523,-0.040567,-0.060606,-0.035191,-0.045455,-0.00048876,0.049853,0.21994,0.34506,0.38514,0.07478,-0.095308,-0.18035,-0.12023,-0.070381,-0.060606,-0.05523,-0.060606,-0.040567,-0.050342,-0.040567,-0.050342,-0.035191,-0.050342,-0.05523,-0.060606,-0.025415,-0.035191,-0.030303,-0.035191,0.0043988,0.0043988,0.014663,0.024438,0.01955,0.039589,0.054741,0.034702,0.029814,0.039589,0.024438,0.039589,0.0097752,0.014663,-0.010264,-0.010264,-0.010264,0.0043988,-0.0053763,-0.00048876,-0.015152,0.014663,0.024438,0.044477,0.049853,0.084555,0.059629,0.094819,0.10948,0.089932,0.054741,0.039589,0.0097752,-0.00048876,-0.015152,-0.025415,-0.00048876,-0.030303,-0.050342,-0.065494,-0.050342,-0.05523,-0.035191,-0.050342,-0.040567,-0.00048876,0.064516,0.17498,0.28983,0.31965,0.034702,-0.14565,-0.1955,-0.13539,-0.070381,-0.05523,-0.040567,-0.050342,-0.020528,-0.010264,-0.030303,-0.025415,-0.035191,-0.030303,-0.040567,-0.020528,-0.025415,-0.010264,-0.020528,-0.010264,-0.010264,0.01955,0.029814,0.044477,0.059629,0.07478,0.049853,0.069892,0.07478,0.059629,0.069892,0.054741,0.034702,0.01955,-0.00048876,-0.010264,0.01955,0.014663,-0.0053763,-0.010264,0.014663,0.0097752,0.034702,0.024438,0.094819,0.11486,0.10459,0.079668,0.10948,0.099707,0.084555,0.044477,0.054741,0.029814,0.014663,0.024438,-0.010264,-0.025415,-0.030303,-0.050342,-0.030303,-0.050342,-0.05523,-0.040567,-0.050342,0.029814,0.064516,0.18964,0.32502,0.39003,0.15494,-0.040567,-0.16031,-0.17058,-0.075269,-0.050342,-0.060606,-0.05523,-0.080645,-0.050342,-0.040567,-0.020528,-0.010264,-0.020528,-0.00048876,-0.0053763,0.014663,-0.0053763,-0.00048876,-0.020528,-0.0053763,-0.010264,0.01955,0.034702,0.059629,0.039589,0.059629,0.039589,0.049853,0.059629,0.054741,0.039589,0.054741,0.024438,0.01955,0.0097752,0.024438,0.01955,0.039589,0.044477,0.01955,0.039589,0.034702,0.064516,0.07478,0.084555,0.059629,0.10459,0.10948,0.094819,0.054741,0.029814,0.014663,0.029814,0.014663,0.0097752,-0.030303,-0.040567,-0.030303,-0.050342,-0.035191,-0.050342,-0.040567,-0.050342,-0.0053763,0.049853,0.13978,0.28983,0.41496,0.25464,0.079668,-0.070381,-0.10557,-0.095308,-0.05523,-0.075269,-0.065494,-0.070381,-0.060606,-0.070381,-0.060606,-0.060606,-0.05523,-0.050342,-0.035191,-0.025415,-0.020528,-0.050342,-0.060606,-0.035191,-0.020528,-0.010264,-0.00048876,0.0097752,-0.0053763,0.014663,0.0097752,0.034702,0.01955,0.029814,0.01955,0.024438,-0.0053763,0.029814,0.01955,0.034702,0.01955,0.029814,0.0097752,0.034702,0.059629,0.059629,0.064516,0.089932,0.07478,0.064516,0.10948,0.11975,0.10459,0.064516,0.039589,0.024438,0.029814,0.014663,0.014663,-0.025415,-0.015152,-0.025415,-0.010264,-0.060606,-0.020528,-0.010264,-0.015152,-0.00048876,0.069892,0.15982,0.30499,0.41496,0.26491,0.069892,-0.050342,-0.10557,-0.065494,-0.040567,-0.070381,-0.065494,-0.050342,-0.035191,-0.050342,-0.030303,-0.035191,-0.020528,-0.050342,-0.040567,-0.035191,-0.015152,-0.025415,-0.010264,-0.020528,-0.010264,-0.020528,-0.010264,0.014663,0.024438,0.029814,0.014663,0.01955,0.014663,0.01955,0.0043988,0.014663,0.014663,0.029814,0.01955,0.024438,0.014663,0.024438,0.029814,0.029814,0.024438,0.044477,0.039589,0.089932,0.094819,0.079668,0.094819,0.11486,0.10459,0.084555,0.044477,0.024438,0.014663,-0.00048876,-0.010264,-0.030303,-0.035191,-0.050342,-0.035191,-0.05523,-0.035191,-0.040567,-0.035191,-0.035191,0.029814,0.079668,0.23998,0.32502,0.35484,0.029814,-0.11535,-0.19062,-0.11535,-0.065494,-0.05523,-0.05523,-0.040567,-0.030303,-0.045455,-0.035191,-0.035191,-0.025415,-0.035191,-0.010264,-0.025415,-0.010264,-0.015152,-0.00048876,-0.0053763,0.01955,0.024438,0.044477,0.049853,0.064516,0.044477,0.059629,0.044477,0.039589,0.054741,0.044477,0.024438,0.01955,0.034702,0.0097752,0.01955,0.0043988,0.014663,0.0043988,0.029814,0.01955,0.044477,0.039589,0.049853,0.054741,0.084555,0.089932,0.11486,0.10948,0.11975,0.084555,0.049853,0.014663,0.024438,-0.010264,-0.015152,-0.0053763,-0.020528,-0.060606,-0.070381,-0.05523,-0.065494,-0.060606,-0.05523,-0.045455,-0.0053763,0.064516,0.1696,0.30987,0.3348,0.089932,-0.11046,-0.20039,-0.21554,-0.09042,-0.070381,-0.045455,-0.05523,-0.035191,-0.05523,-0.045455,-0.035191,-0.020528,-0.010264,-0.015152,-0.010264,-0.025415,-0.00048876,-0.010264,0.0097752,-0.010264,0.0043988,0.044477,0.069892,0.01955,0.039589,0.039589,0.069892,0.054741,0.059629,0.059629,0.054741,0.034702,0.024438,0.034702,0.0043988,-0.030303,-0.0053763,0.0097752,0.0043988,0.0097752,0.0043988,0.039589,0.039589,0.07478,0.094819,0.10459,0.099707,0.12463,0.084555,0.089932,0.034702,0.034702,0.014663,0.039589,0.024438,0.01955,-0.030303,-0.035191,-0.025415,-0.035191,-0.020528,-0.015152,-0.065494,-0.070381,-0.025415,0.034702,0.15982,0.32991,0.435,0.24487,0.024438,-0.11535,-0.15054,-0.11535,-0.085533,-0.075269,-0.05523,-0.030303,-0.05523,-0.075269,-0.045455,-0.035191,-0.010264,-0.040567,-0.015152,-0.040567,-0.015152,-0.0053763,-0.015152,0.014663,-0.00048876,0.01955,0.039589,0.079668,0.064516,0.059629,0.07478,0.099707,0.084555,0.079668,0.079668,0.089932,0.07478,0.099707,0.089932,0.10948,0.084555,0.089932,0.10459,0.12463,0.11975,0.1349,0.14956,0.15494,0.1696,0.18475,0.18964,0.14956,0.11975,0.084555,0.094819,0.064516,0.054741,0.014663,0.0097752,-0.010264,0.0097752,-0.015152,-0.020528,-0.015152,-0.0053763,-0.015152,-0.020528,0.07478,0.26002,0.37977,0.41496,0.16471,-0.040567,-0.16569,-0.17546,-0.075269,-0.09042,-0.080645,-0.065494,-0.035191,-0.05523,-0.045455,-0.035191,-0.020528,-0.050342,-0.040567,-0.030303,-0.040567,-0.035191,-0.050342,-0.030303,-0.010264,-0.0053763,-0.015152,0.014663,0.029814,0.0097752,0.014663,0.0043988,-0.010264,0.029814,0.024438,0.024438,0.014663,0.034702,-0.015152,0.0097752,-0.00048876,-0.0053763,-0.010264,0.024438,0.0043988,0.044477,0.059629,0.054741,0.084555,0.07478,0.064516,0.089932,0.094819,0.069892,0.044477,0.0043988,0.014663,-0.015152,-0.010264,-0.025415,-0.035191,-0.05523,-0.050342,-0.065494,-0.05523,-0.060606,-0.035191,-0.05523,0.029814,0.10459,0.28983,0.38514,0.41496,0.07478,-0.095308,-0.15054,-0.070381,-0.060606,-0.080645,-0.075269,-0.080645,-0.05523,-0.075269,-0.070381,-0.080645,-0.05523,-0.040567,-0.025415,-0.035191,-0.040567,-0.020528,0.0043988,-0.0053763,0.029814,0.014663,0.059629,0.039589,0.029814,0.059629,0.079668,0.059629,0.054741,0.039589,0.034702,0.029814,0.014663,0.039589,0.014663,0.024438,-0.010264,0.0097752,-0.0053763,0.014663,-0.00048876,0.049853,0.039589,0.054741,0.059629,0.069892,0.064516,0.089932,0.099707,0.084555,0.054741,0.014663,0.0097752,-0.015152,-0.035191,-0.010264,-0.030303,-0.060606,-0.030303,-0.05523,-0.050342,-0.05523,-0.030303,-0.040567,-0.00048876,0.039589,0.12952,0.26002,0.35484,0.21994,-0.035191,-0.18035,-0.19062,-0.070381,-0.060606,-0.065494,-0.05523,-0.060606,-0.065494,-0.045455,-0.050342,-0.030303,-0.020528,-0.010264,-0.025415,-0.0053763,-0.040567,-0.015152,-0.00048876,0.014663,0.034702,0.014663,0.034702,0.049853,0.059629,0.069892,0.049853,0.054741,0.079668,0.084555,0.039589,0.034702,0.044477,0.029814,0.039589,0.01955,0.014663,0.034702,0.044477,-0.00048876,0.0043988,0.029814,0.039589,0.039589,0.039589,0.064516,0.099707,0.084555,0.10948,0.099707,0.10948,0.059629,0.029814,0.029814,0.014663,-0.0053763,-0.00048876,-0.015152,-0.040567,-0.035191,-0.05523,-0.040567,-0.050342,-0.05523,-0.040567,-0.00048876,0.034702,0.15982,0.28983,0.34506,0.14467,-0.075269,-0.18573,-0.19062,-0.065494,-0.060606,-0.05523,-0.035191,-0.030303,-0.035191,-0.025415,-0.05523,-0.035191,-0.020528,-0.025415,-0.015152,-0.0053763,0.0043988,0.0097752,0.01955,0.0043988,-0.00048876,0.039589,0.054741,0.07478,0.059629,0.07478,0.099707,0.094819,0.07478,0.07478,0.039589,0.024438,0.024438,0.039589,0.01955,0.0097752,-0.010264,-0.0053763,-0.020528,-0.00048876,-0.0053763,0.0043988,0.014663,0.029814,0.039589,0.024438,0.069892,0.07478,0.084555,0.099707,0.10459,0.039589,0.039589,0.014663,0.0097752,-0.030303,-0.015152,-0.040567,-0.045455,-0.05523,-0.035191,-0.05523,-0.040567,-0.050342,-0.035191,-0.0053763,0.054741,0.10459,0.22972,0.32502,0.20479,0.034702,-0.060606,-0.1002,-0.070381,-0.040567,-0.060606,-0.045455,-0.060606,-0.050342,-0.060606,-0.040567,-0.050342,-0.020528,-0.035191,-0.010264,-0.040567,-0.035191,-0.030303,-0.010264,-0.025415,-0.00048876,0.0097752,-0.00048876,-0.0053763,-0.010264,-0.020528,0.01955,0.089932,0.18475,0.32502,0.43011,0.24976,0.059629,-0.070381,-0.10557,-0.075269,-0.080645,-0.05523,-0.085533,-0.05523,-0.070381,-0.05523,-0.070381,-0.05523,-0.060606,-0.050342,-0.040567,-0.030303,-0.040567,-0.050342,-0.035191,-0.040567,-0.010264,-0.0053763,-0.010264,-0.010264,0.0097752,-0.010264,0.0097752,-0.010264,-0.015152,0.0043988,0.014663,-0.010264,0.0097752,-0.0053763,-0.020528,-0.030303,0.0043988,-0.0053763,0.014663,0.039589,0.024438,0.034702,0.064516,0.059629,0.094819,0.10948,0.089932,0.054741,0.039589,0.029814,-0.0053763,-0.010264,-0.020528,-0.010264,-0.05523,-0.050342,-0.060606,-0.05523,-0.075269,-0.085533,-0.05523,-0.040567,0.024438,0.094819,0.24976,0.39003,0.435,0.064516,-0.10557,-0.18035,-0.095308,-0.080645,-0.09042,-0.095308,-0.070381,-0.065494,-0.05523,-0.065494,-0.035191,-0.040567,-0.035191,-0.065494,-0.030303,-0.050342,-0.035191,-0.010264,0.014663,-0.010264,0.0043988,0.044477,0.029814,0.01955,0.054741,0.064516,0.034702,0.049853,0.034702,0.049853,0.014663,0.01955,-0.015152,0.014663,-0.015152,0.0043988,0.0097752,-0.0053763,0.0043988,0.014663,0.034702,0.054741,0.069892,0.089932,0.089932,0.11486,0.11975,0.079668,0.044477,0.029814,0.0097752,-0.0053763,-0.00048876,-0.020528,0.0043988,-0.050342,-0.040567,-0.075269,-0.025415,-0.040567,-0.020528,-0.040567,0.014663,0.059629,0.18475,0.31476,0.38514,0.099707,-0.070381,-0.17058,-0.10557,-0.075269,-0.11046,-0.085533,-0.05523,-0.045455,-0.065494,-0.050342,-0.045455,-0.030303,-0.035191,-0.050342,-0.05523,-0.015152,-0.020528,0.0097752,-0.010264,0.01955,0.0097752,0.039589,0.014663,0.0097752,0.039589,0.07478,0.084555,0.059629,0.024438,0.039589,0.049853,0.039589,0.054741,0.01955,0.0097752,-0.015152,0.034702,0.014663,0.014663,0.0097752,0.044477,0.034702,0.079668,0.059629,0.049853,0.089932,0.12463,0.084555,0.059629,0.014663,0.014663,-0.00048876,-0.015152,-0.035191,-0.065494,-0.060606,-0.070381,-0.045455,-0.060606,-0.050342,-0.070381,-0.060606,-0.00048876,0.064516,0.15494,0.30499,0.34995,0.11486,-0.11535,-0.18035,-0.15054,-0.075269,-0.065494,-0.080645,-0.065494,-0.040567,-0.025415,-0.05523,-0.030303,-0.060606,-0.025415,-0.025415,-0.015152,-0.015152,-0.010264,-0.015152,0.014663,-0.0053763,0.014663,0.039589,0.059629,0.059629,0.084555,0.079668,0.084555,0.059629,0.059629,0.069892,0.07478,0.034702,0.039589,0.0097752,-0.010264,0.0043988,0.034702,0.01955,0.0043988,0.0097752,-0.010264,0.01955,0.029814,0.039589,0.054741,0.044477,0.039589,0.10948,0.089932,0.079668,0.039589,0.014663,0.0097752,-0.010264,-0.0053763,-0.00048876,-0.040567,-0.035191,-0.05523,-0.060606,-0.045455,-0.065494,-0.040567,-0.010264,0.044477,0.10459,0.24976,0.30499,0.31476,-0.060606,-0.16031,-0.20039,-0.09042,-0.060606,-0.05523,-0.065494,-0.050342,-0.05523,-0.025415,-0.035191,-0.015152,-0.035191,-0.025415,-0.015152,-0.030303,-0.010264,-0.015152,-0.00048876,0.014663,0.024438,0.014663,0.049853,0.049853,0.044477,0.059629,0.07478,0.069892,0.084555,0.069892,0.059629,0.029814,0.039589,0.0043988,0.014663,0.0043988,0.024438,0.014663,0.0097752,-0.015152,0.014663,0.029814,0.014663,0.0097752,0.064516,0.07478,0.059629,0.099707,0.10948,0.084555,0.044477,0.014663,-0.015152,0.0043988,-0.010264,0.014663,-0.020528,-0.040567,-0.060606,-0.05523,-0.065494,-0.070381,-0.060606,-0.030303,0.0097752,0.064516,0.15494,0.26979,0.3001,0.084555,-0.11046,-0.1955,-0.17058,-0.080645,-0.05523,-0.070381,-0.040567,-0.050342,-0.035191,-0.040567,-0.020528,-0.045455,-0.035191,-0.035191,-0.0053763,-0.010264,-0.00048876,-0.015152,-0.0053763,-0.00048876,0.0097752,0.01955,0.039589,0.034702,0.079668,0.084555,0.059629,0.054741,0.039589,0.054741,0.054741,0.039589,0.024438,0.029814,0.0097752,0.024438,0.0097752,0.034702,0.01955,0.024438,0.0097752,0.034702,0.044477,0.079668,0.059629,0.079668,0.094819,0.084555,0.10948,0.064516,0.039589,0.0043988,-0.015152,-0.0053763,0.0043988,-0.035191,-0.025415,-0.05523,-0.060606,-0.050342,-0.035191,-0.045455,-0.015152,0.024438,0.07478,0.18475,0.30499,0.32991,0.079668,-0.11046,-0.19062,-0.16569,-0.080645,-0.065494,-0.060606,-0.065494,-0.045455,-0.030303,-0.035191,-0.015152,-0.030303,-0.020528,-0.040567,-0.0053763,-0.015152,-0.00048876,-0.010264,-0.0053763,0.0097752,0.014663,0.014663,0.034702,0.039589,0.059629,0.054741,0.049853,0.069892,0.054741,0.034702,0.029814,0.049853,0.024438,0.0097752,0.0097752,0.014663,0.0097752,0.024438,0.014663,0.029814,0.01955,0.054741,0.064516,0.07478,0.07478,0.10948,0.094819,0.084555,0.034702,0.01955,0.0097752,-0.010264,-0.010264,-0.015152,-0.045455,-0.050342,-0.040567,-0.060606,-0.050342,-0.060606,-0.040567,-0.05523,0.0097752,0.049853,0.17986,0.27468,0.31476,0.029814,-0.12561,-0.1955,-0.12561,-0.075269,-0.040567,-0.05523,-0.050342,-0.05523,-0.030303,-0.040567,-0.030303,-0.045455,-0.025415,-0.020528,-0.030303,-0.015152,-0.010264,-0.00048876,-0.0053763,0.0097752,0.014663,0.029814,0.014663,0.049853,0.034702,0.059629,0.049853,0.059629,0.039589,0.054741,0.039589,0.029814,0.0097752,0.014663,0.0097752,0.0043988,0.014663,0.0043988,0.01955,-0.0053763,0.039589,0.054741,0.069892,0.064516,0.084555,0.084555,0.10948,0.089932,0.07478,0.029814,0.01955,-0.00048876,-0.0053763,-0.030303,-0.040567,-0.05523,-0.050342,-0.045455,-0.05523,-0.035191,-0.05523,-0.035191,-0.040567,0.049853,0.11975,0.26979,0.30987,0.10459,-0.12023,-0.1955,-0.21554,-0.070381,-0.060606,-0.05523,-0.080645,-0.030303,-0.040567,-0.020528,-0.040567,-0.025415,-0.035191,-0.0053763,-0.025415,-0.015152,-0.00048876,0.014663,0.014663,0.014663,0.024438,0.054741,0.059629,0.054741,0.064516,0.059629,0.07478,0.059629,0.064516,0.029814,0.039589,0.01955,0.024438,0.0097752,0.0043988,-0.020528,-0.010264,-0.025415,0.014663,0.029814,0.024438,0.044477,0.039589,0.069892,0.094819,0.10948,0.11486,0.089932,0.079668,0.054741,0.024438,0.029814,-0.010264,-0.010264,-0.035191,-0.035191,-0.050342,-0.035191,-0.050342,-0.030303,-0.050342,-0.035191,-0.010264,0.059629,0.079668,0.22972,0.33969,0.34506,-0.00048876,-0.12561,-0.17546,-0.18573,-0.070381,-0.035191,-0.025415,-0.035191,-0.035191,-0.040567,-0.020528,-0.030303,-0.020528,-0.035191,-0.015152,-0.035191,-0.020528,-0.010264,0.0043988,0.0097752,0.014663,0.0097752,0.01955,0.029814,0.024438,0.039589,0.059629,0.07478,0.069892,0.07478,0.039589,0.049853,0.01955,0.034702,0.014663,0.024438,0.014663,0.034702,0.014663,0.034702,0.039589,0.024438,0.034702,0.064516,0.07478,0.069892,0.10459,0.10948,0.079668,0.069892,0.049853,0.039589,0.01955,-0.010264,-0.035191,-0.040567,-0.0053763,-0.020528,-0.030303,-0.040567,-0.025415,-0.035191,-0.015152,0.01955,0.10948,0.23998,0.34506,0.37488,0.12952,-0.025415,-0.085533,-0.10557,-0.060606,-0.05523,-0.075269,-0.070381,-0.080645,-0.1002,-0.065494,-0.050342,-0.045455,-0.030303,-0.035191,-0.050342,-0.060606,-0.015152,-0.035191,-0.020528,-0.05523,-0.040567,-0.05523,-0.010264,0.014663,-0.00048876,-0.00048876,0.024438,0.029814,0.039589,0.014663,0.01955,0.029814,0.014663,0.01955,0.024438,0.029814,0.014663,0.034702,0.029814,0.044477,0.049853,0.079668,0.069892,0.10459,0.10948,0.11975,0.079668,0.039589,0.024438,0.039589,0.014663,-0.010264,-0.035191,-0.035191,-0.040567,0.0097752,0.01955,-0.040567,-0.065494,-0.050342,-0.0053763,0.044477,0.099707,0.21994,0.37977,0.43011,0.26002,0.094819,-0.040567,-0.09042,-0.075269,-0.080645,-0.060606,-0.080645,-0.05523,-0.045455,-0.020528,-0.015152,-0.040567,-0.060606,-0.05523,-0.070381,-0.035191,-0.015152,-0.025415,0.0097752,-0.020528,-0.025415,-0.035191,-0.00048876,0.014663,0.044477,0.039589,0.039589,0.0043988,0.014663,0.01955,0.039589,0.049853,0.01955,-0.010264,0.014663,0.01955,0.039589,0.034702,0.044477,0.034702,0.059629,0.099707,0.11486,0.099707,0.094819,0.11486,0.094819,0.10459,0.059629,0.044477,0.024438,0.044477,0.014663,-0.010264,-0.025415,-0.015152,-0.035191,-0.030303,-0.045455,-0.030303,-0.015152,0.044477,0.07478,0.19501,0.33969,0.42473,0.22972,0.054741,-0.070381,-0.11046,-0.05523,-0.070381,-0.065494,-0.075269,-0.045455,-0.075269,-0.05523,-0.070381,-0.045455,-0.05523,-0.025415,-0.05523,-0.045455,-0.05523,-0.035191,-0.035191,-0.025415,-0.020528,-0.015152,-0.010264,0.0043988,0.0043988,0.014663,0.01955,-0.00048876,0.0097752,0.0043988,-0.010264,-0.010264,0.01955,0.0097752,0.024438,-0.010264,-0.0053763,-0.0053763,-0.010264,0.029814,0.049853,0.049853,0.07478,0.079668,0.089932,0.094819,0.099707,0.079668,0.069892,0.034702,0.01955,0.029814,-0.010264,0.0097752,-0.025415,-0.040567,-0.05523,-0.035191,-0.060606,-0.040567,-0.035191,-0.030303,-0.010264,0.059629,0.13978,0.3001,0.37488,0.20968,-0.035191,-0.14565,-0.16569,-0.075269,-0.05523,-0.075269,-0.060606,-0.065494,-0.040567,-0.050342,-0.035191,-0.050342,-0.025415,-0.030303,-0.0053763,-0.025415,-0.015152,-0.020528,-0.010264,-0.020528,0.014663,0.014663,0.044477,0.049853,0.039589,0.039589,0.049853,0.029814,0.039589,0.054741,0.039589,0.024438,0.014663,0.024438,-0.0053763,0.01955,0.014663,0.024438,0.01955,0.039589,0.0097752,0.069892,0.11975,0.14956,0.1349,0.15494,0.18964,0.25464,0.18964,0.044477,-0.22532,-0.45552,-0.50049,-0.50049,-0.34555,-0.17058,-0.1002,-0.060606,-0.020528,-0.0053763,0.014663,0.034702,0.039589,0.059629,0.094819,0.10459,0.14467,0.14956,0.19501,0.22972,0.26979,0.28006,0.31476,0.31476,0.33969,0.32502,0.31476,0.26491,0.22972,0.1999,0.15982,0.11975,0.089932,0.049853,0.029814,0.039589,0.0097752,-0.00048876,-0.010264,-0.00048876,-0.010264,-0.010264,-0.020528,-0.010264,-0.030303,-0.025415,-0.050342,-0.020528,-0.035191,-0.030303,-0.035191,-0.040567,-0.030303,0.039589,0.034702,0.039589,0.029814,0.044477,0.01955,0.034702,0.039589,0.034702,0.014663,0.0097752,0.024438,0.01955,0.029814,0.024438,0.059629,0.069892,0.089932,0.069892,0.10459,0.11975,0.12463,0.069892,0.059629,0.029814,0.034702,-0.0053763,-0.010264,-0.030303,-0.035191,-0.05523,-0.045455,-0.040567,-0.05523,-0.030303,-0.045455,-0.030303,0.01955,0.079668,0.19501,0.3348,0.37488,0.13978,-0.060606,-0.15054,-0.17546,-0.085533,-0.060606,-0.040567,-0.05523,-0.040567,-0.045455,-0.020528,-0.045455,-0.050342,-0.015152,-0.010264,-0.025415,-0.015152,-0.010264,-0.020528,-0.010264,0.0043988,0.029814,0.044477,0.069892,0.054741,0.039589,0.034702,0.054741,0.044477,0.044477,0.049853,0.034702,0.014663,0.024438,0.029814,0.039589,0.014663,-0.0053763,0.01955,0.034702,0.029814,0.024438,0.049853,0.07478,0.094819,0.084555,0.089932,0.11486,0.12463,0.069892,0.07478,0.029814,0.01955,-0.00048876,0.029814,0.039589,-0.00048876,-0.035191,-0.015152,-0.045455,-0.030303,-0.045455,-0.030303,-0.020528,-0.025415,0.054741,0.16471,0.32991,0.41496,0.24487,0.07478,-0.045455,-0.095308,-0.040567,-0.035191,-0.05523,-0.065494,-0.025415,-0.045455,-0.050342,-0.070381,-0.05523,-0.060606,-0.035191,-0.040567,-0.015152,-0.040567,-0.05523,-0.015152,-0.025415,-0.025415,-0.030303,0.014663,0.0097752,0.024438,0.014663,-0.020528,-0.010264,-0.00048876,-0.0053763,0.014663,0.01955,0.039589,0.024438,0.034702,-0.00048876,0.0097752,-0.00048876,0.034702,0.044477,0.039589,0.059629,0.089932,0.10459,0.079668,0.10948,0.11486,0.084555,0.049853,0.039589,0.034702,0.044477,-0.00048876,0.014663,-0.035191,-0.040567,-0.045455,-0.050342,-0.045455,-0.030303,-0.035191,-0.0053763,0.01955,0.059629,0.12463,0.31965,0.43011,0.32502,0.12952,0.0043988,-0.075269,-0.080645,-0.05523,-0.060606,-0.045455,-0.035191,-0.025415,-0.035191,-0.020528,-0.045455,-0.025415,-0.020528,-0.010264,-0.025415,0.014663,0.014663,0.014663,0.099707,0.11975,0.12463,0.10948,0.07478,0.049853,0.034702,0.014663,-0.0053763,-0.00048876,0.0097752,-0.010264,-0.035191,-0.045455,-0.035191,-0.035191,-0.025415,-0.040567,-0.010264,0.049853,0.15494,0.30987,0.41984,0.26491,0.034702,-0.12023,-0.16031,-0.11046,-0.060606,-0.065494,-0.070381,-0.060606,-0.070381,-0.05523,-0.040567,-0.050342,-0.060606,-0.035191,-0.040567,-0.020528,-0.030303,-0.010264,-0.050342,-0.0053763,-0.00048876,-0.00048876,0.014663,0.044477,0.039589,0.044477,0.039589,0.044477,0.039589,0.039589,0.01955,0.0043988,0.014663,0.014663,0.01955,0.0043988,-0.00048876,0.014663,0.0097752,-0.00048876,0.024438,0.049853,0.084555,0.079668,0.07478,0.084555,0.099707,0.079668,0.059629,0.0043988,0.0097752,-0.020528,-0.035191,-0.020528,-0.015152,-0.050342,-0.075269,-0.080645,-0.060606,-0.05523,-0.075269,-0.065494,-0.030303,0.034702,0.10459,0.28006,0.3651,0.22483,-0.035191,-0.15054,-0.18035,-0.09042,-0.085533,-0.080645,-0.085533,-0.05523,-0.060606,-0.05523,-0.045455,-0.050342,-0.035191,-0.045455,-0.030303,-0.035191,-0.020528,-0.00048876,0.0097752,-0.015152,-0.00048876,0.01955,0.044477,0.059629,0.064516,0.039589,0.054741,0.039589,0.054741,0.049853,0.054741,0.014663,0.01955,0.014663,0.024438,0.0043988,0.014663,0.014663,0.014663,0.01955,0.014663,0.024438,0.014663,0.044477,0.059629,0.069892,0.089932,0.11486,0.10948,0.094819,0.054741,0.039589,0.0097752,-0.0053763,-0.025415,-0.015152,-0.05523,-0.035191,-0.045455,-0.040567,-0.05523,-0.045455,-0.050342,-0.035191,-0.020528,0.049853,0.089932,0.21457,0.29472,0.21457,0.034702,-0.060606,-0.11535,-0.12561,-0.060606,-0.065494,-0.05523,-0.060606,-0.05523,-0.045455,-0.050342,-0.040567,-0.025415,-0.035191,-0.015152,-0.035191,-0.030303,-0.035191,-0.020528,-0.015152,-0.025415,-0.010264,0.0043988,0.029814,0.034702,0.024438,0.014663,0.034702,0.024438,0.054741,0.049853,0.039589,0.01955,0.029814,0.014663,0.01955,0.0097752,0.024438,0.029814,0.039589,0.034702,0.044477,0.059629,0.084555,0.07478,0.079668,0.10459,0.10948,0.084555,0.069892,0.034702,0.014663,0.024438,-0.020528,-0.0053763,-0.030303,-0.020528,-0.035191,-0.030303,-0.045455,-0.035191,-0.045455,-0.025415,-0.0053763,0.059629,0.10948,0.22483,0.32991,0.1999,0.014663,-0.080645,-0.11535,-0.085533,-0.050342,-0.05523,-0.050342,-0.060606,-0.045455,-0.050342,-0.035191,-0.05523,-0.040567,-0.050342,-0.020528,-0.020528,-0.0053763,-0.015152,-0.0053763,-0.00048876,0.0097752,0.0043988,0.01955,0.024438,0.034702,0.044477,0.039589,0.029814,0.024438,0.044477,0.034702,0.039589,0.014663,0.034702,0.014663,0.024438,0.029814,0.039589,0.029814,0.039589,0.024438,0.054741,0.064516,0.094819,0.079668,0.099707,0.10948,0.12952,0.099707,0.07478,0.034702,0.01955,0.024438,0.0097752,-0.0053763,-0.030303,-0.025415,-0.030303,-0.020528,-0.035191,-0.040567,-0.05523,-0.020528,0.0097752,0.064516,0.12463,0.28495,0.33969,0.17986,-0.05523,-0.16569,-0.18573,-0.095308,-0.05523,-0.035191,-0.030303,-0.035191,-0.030303,-0.045455,-0.035191,-0.040567,-0.020528,-0.025415,-0.025415,-0.020528,-0.0053763,-0.010264,0.014663,0.0097752,0.024438,0.01955,0.054741,0.039589,0.044477,0.039589,0.064516,0.054741,0.049853,0.024438,0.054741,0.034702,0.024438,0.034702,0.014663,0.029814,0.014663,0.024438,0.014663,0.029814,0.01955,0.029814,0.049853,0.089932,0.084555,0.089932,0.099707,0.11486,0.064516,0.07478,0.034702,0.039589,0.0097752,-0.0053763,0.0043988,-0.030303,-0.040567,-0.05523,-0.040567,-0.050342,-0.030303,-0.040567,-0.030303,0.0097752,0.069892,0.1349,0.26491,0.35484,0.1999,0.014663,-0.070381,-0.10557,-0.05523,-0.05523,-0.040567,-0.05523,-0.050342,-0.040567,-0.045455,-0.050342,-0.040567,-0.05523,-0.050342,-0.040567,-0.020528,-0.010264,-0.035191,-0.015152,-0.020528,0.0043988,-0.010264,0.014663,0.014663,0.029814,0.039589,0.049853,0.039589,0.029814,0.014663,0.029814,0.014663,0.034702,0.014663,0.039589,0.014663,0.01955,0.029814,0.01955,0.0097752,0.034702,0.049853,0.054741,0.084555,0.069892,0.064516,0.089932,0.11975,0.094819,0.07478,0.039589,0.044477,0.01955,0.014663,0.024438,-0.010264,-0.045455,-0.035191,-0.045455,-0.035191,-0.05523,-0.065494,-0.050342,-0.00048876,0.054741,0.12952,0.26491,0.3998,0.28006,0.084555,-0.045455,-0.11535,-0.085533,-0.060606,-0.040567,-0.05523,-0.05523,-0.05523,-0.050342,-0.060606,-0.020528,-0.020528,-0.035191,-0.05523,-0.050342,-0.05523,-0.030303,-0.020528,-0.025415,-0.010264,-0.010264,-0.0053763,0.0097752,0.024438,0.01955,0.029814,0.014663,0.014663,0.0097752,0.029814,0.024438,0.029814,0.014663,0.0097752,-0.00048876,0.014663,0.0097752,0.029814,0.014663,0.039589,0.039589,0.069892,0.079668,0.084555,0.084555,0.10459,0.11486,0.094819,0.064516,0.034702,0.039589,0.014663,0.014663,0.0097752,-0.0053763,-0.030303,-0.025415,-0.045455,-0.035191,-0.05523,-0.035191,-0.030303,0.0097752,0.049853,0.17498,0.30987,0.39492,0.1696,-0.025415,-0.14565,-0.17546,-0.09042,-0.065494,-0.050342,-0.05523,-0.035191,-0.045455,-0.030303,-0.045455,-0.040567,-0.050342,-0.020528,-0.025415,-0.0053763,-0.020528,-0.010264,-0.020528,0.014663,0.01955,0.044477,0.039589,0.044477,0.039589,0.059629,0.064516,0.054741,0.044477,0.034702,0.039589,0.024438,0.014663,0.01955,0.034702,0.01955,0.029814,0.014663,0.01955,0.0097752,0.034702,0.039589,0.059629,0.079668,0.084555,0.07478,0.10459,0.10948,0.094819,0.069892,0.049853,0.024438,0.014663,-0.00048876,0.0043988,-0.020528,-0.035191,-0.030303,-0.040567,-0.035191,-0.045455,-0.035191,-0.035191,-0.010264,0.044477,0.12463,0.26002,0.35973,0.24487,-0.00048876,-0.16031,-0.20039,-0.11535,-0.05523,-0.070381,-0.080645,-0.065494,-0.035191,-0.030303,-0.060606,-0.045455,-0.050342,-0.040567,-0.035191,-0.020528,-0.035191,-0.020528,-0.015152,0.014663,-0.0053763,0.014663,0.01955,0.044477,0.029814,0.024438,0.039589,0.034702,0.0097752,-0.00048876,0.014663,0.024438,0.01955,0.029814,0.034702,0.0043988,-0.010264,-0.0053763,0.0043988,0.014663,0.029814,0.0097752,0.049853,0.034702,0.079668,0.039589,0.059629,0.084555,0.11975,0.079668,0.069892,0.039589,0.039589,0.0043988,0.034702,0.044477,0.0097752,-0.020528,-0.05523,-0.050342,-0.05523,-0.020528,-0.015152,-0.045455,-0.0053763,0.054741,0.15494,0.36999,0.46481,0.26002,-0.00048876,-0.11046,-0.18035,-0.095308,-0.05523,-0.050342,-0.060606,-0.045455,-0.035191,-0.040567,-0.05523,-0.040567,-0.030303,-0.035191,-0.045455,-0.035191,-0.015152,-0.010264,-0.0053763,-0.025415,0.0043988,-0.00048876,0.034702,0.014663,0.014663,0.039589,0.059629,0.014663,0.044477,0.024438,0.01955,0.0043988,0.024438,0.034702,0.044477,0.024438,0.01955,0.044477,0.054741,0.064516,0.059629,0.094819,0.089932,0.099707,0.094819,0.12952,0.12952,0.11486,0.079668,0.064516,0.044477,0.049853,0.039589,0.034702,-0.0053763,-0.00048876,-0.020528,-0.025415,-0.045455,-0.025415,-0.015152,-0.035191,0.0097752,0.07478,0.20968,0.34995,0.40469,0.17986,-0.025415,-0.15054,-0.16031,-0.075269,-0.05523,-0.075269,-0.060606,-0.060606,-0.050342,-0.05523,-0.030303,-0.05523,-0.035191,-0.045455,-0.025415,-0.020528,-0.035191,0.044477,0.069892,0.079668,0.059629,0.079668,0.099707,0.10459,0.049853,0.029814,0.014663,0.029814,-0.0053763,-0.0053763,-0.020528,-0.015152,-0.045455,-0.040567,-0.050342,-0.025415,-0.045455,-0.045455,-0.050342,0.024438,0.084555,0.26491,0.37488,0.39492,0.084555,-0.09042,-0.17546,-0.11535,-0.070381,-0.075269,-0.060606,-0.070381,-0.065494,-0.05523,-0.040567,-0.05523,-0.045455,-0.05523,-0.040567,-0.035191,-0.020528,-0.035191,-0.020528,-0.015152,-0.00048876,0.0097752,-0.00048876,0.024438,0.039589,0.049853,0.044477,0.049853,0.044477,0.039589,0.034702,0.044477,0.024438,0.014663,0.01955,0.034702,0.014663,0.0097752,-0.0053763,0.029814,0.01955,0.034702,0.049853,0.079668,0.084555,0.079668,0.084555,0.11486,0.089932,0.059629,0.039589,0.01955,0.014663,-0.00048876,0.0097752,-0.010264,-0.030303,-0.045455,-0.035191,-0.05523,-0.050342,-0.05523,-0.050342,-0.05523,0.0043988,0.059629,0.24487,0.36999,0.41007,0.069892,-0.1002,-0.17546,-0.095308,-0.070381,-0.05523,-0.080645,-0.065494,-0.05523,-0.05523,-0.050342,-0.05523,-0.040567,-0.045455,-0.035191,-0.035191,-0.035191,-0.045455,-0.030303,-0.025415,-0.00048876,-0.0053763,0.0097752,0.0043988,0.034702,0.029814,0.044477,0.029814,0.044477,0.049853,0.034702,0.0097752,0.024438,0.029814,0.0097752,0.014663,-0.00048876,0.0097752,-0.0053763,0.014663,-0.00048876,0.014663,0.014663,0.049853,0.059629,0.07478,0.079668,0.10948,0.10459,0.094819,0.044477,0.034702,-0.00048876,-0.0053763,-0.025415,-0.010264,-0.030303,-0.045455,-0.060606,-0.065494,-0.05523,-0.065494,-0.050342,-0.05523,-0.025415,0.024438,0.099707,0.24976,0.34995,0.2346,-0.020528,-0.16031,-0.18035,-0.11046,-0.075269,-0.060606,-0.030303,-0.045455,-0.050342,-0.05523,-0.035191,-0.025415,-0.020528,-0.015152,-0.035191,-0.025415,-0.030303,-0.0053763,-0.010264,-0.010264,-0.00048876,0.014663,0.024438,0.049853,0.044477,0.059629,0.054741,0.064516,0.049853,0.059629,0.044477,0.054741,0.014663,0.034702,0.01955,0.034702,0.024438,0.01955,0.0097752,0.01955,0.029814,0.024438,0.054741,0.039589,0.094819,0.089932,0.099707,0.11486,0.12952,0.089932,0.069892,0.024438,0.01955,-0.0053763,-0.00048876,-0.040567,-0.05523,-0.080645,-0.070381,-0.075269,-0.040567,-0.035191,-0.050342,-0.040567,0.0043988,0.054741,0.15494,0.28495,0.3651,0.1696,-0.05523,-0.16569,-0.19062,-0.085533,-0.065494,-0.040567,-0.050342,-0.035191,-0.035191,-0.025415,-0.040567,-0.035191,-0.040567,-0.020528,-0.035191,-0.020528,-0.015152,-0.025415,-0.010264,0.0043988,0.014663,0.0043988,0.029814,0.029814,0.039589,0.039589,0.054741,0.044477,0.07478,0.044477,0.049853,0.039589,0.044477,0.029814,0.039589,0.014663,0.039589,0.029814,0.039589,0.024438,0.054741,0.059629,0.07478,0.094819,0.10459,0.10948,0.11975,0.12463,0.079668,0.059629,0.029814,0.039589,-0.0053763,0.0043988,-0.020528,-0.030303,-0.050342,-0.035191,-0.060606,-0.035191,-0.060606,-0.065494,-0.040567,0.024438,0.079668,0.21994,0.31965,0.34995,0.044477,-0.14027,-0.20039,-0.1305,-0.075269,-0.080645,-0.05523,-0.05523,-0.050342,-0.05523,-0.020528,-0.030303,-0.015152,-0.020528,-0.0053763,-0.035191,-0.035191,-0.045455,-0.030303,-0.035191,-0.010264,-0.0053763,0.034702,0.039589,0.01955,0.044477,0.039589,0.059629,0.084555,0.064516,0.044477,0.024438,-0.010264,-0.015152,-0.015152,-0.00048876,-0.0053763,0.0043988,-0.010264,0.014663,0.034702,0.059629,0.064516,0.089932,0.064516,0.07478,0.064516,0.084555,0.064516,0.069892,0.054741,0.034702,0.039589,0.0043988,0.01955,-0.010264,-0.025415,-0.05523,-0.025415,-0.040567,-0.035191,-0.05523,-0.035191,-0.050342,0.044477,0.064516,0.18964,0.32502,0.3651,0.089932,-0.070381,-0.18573,-0.20039,-0.075269,-0.060606,-0.075269,-0.09042,-0.060606,-0.040567,-0.025415,-0.085533,-0.050342,-0.05523,-0.0053763,-0.010264,-0.0053763,-0.025415,-0.010264,-0.025415,-0.010264,-0.010264,-0.00048876,0.039589,0.059629,0.039589,0.044477,0.049853,0.054741,0.034702,0.024438,0.049853,0.039589,0.044477,0.024438,0.039589,0.024438,0.049853,0.049853,0.069892,0.064516,0.084555,0.10459,0.11975,0.11486,0.12952,0.13978,0.1349,0.10459,0.084555,0.054741,0.044477,0.034702,0.044477,0.014663,0.014663,-0.0053763,-0.020528,-0.010264,-0.010264,-0.010264,0.0043988,0.034702,0.089932,0.17986,0.31965,0.44477,0.25464,0.07478,-0.065494,-0.095308,-0.05523,-0.05523,-0.065494,-0.050342,-0.05523,-0.025415,-0.050342,-0.035191,-0.05523,-0.050342,-0.065494,-0.040567,-0.035191,-0.05523,-0.045455,-0.05523,-0.035191,-0.040567,-0.020528,-0.030303,-0.00048876,-0.010264,0.014663,-0.00048876,0.024438,0.01955,0.024438,0.0097752,0.024438,0.029814,0.014663,-0.020528,-0.00048876,0.0043988,-0.00048876,0.01955,0.039589,0.054741,0.084555,0.094819,0.084555,0.094819,0.084555,0.094819,0.059629,0.034702,0.014663,0.0097752,-0.015152,-0.035191,-0.060606,-0.05523,-0.080645,-0.060606,-0.070381,-0.050342,-0.040567,-0.060606,-0.045455,0.024438,0.1349,0.32502,0.42473,0.22483,-0.010264,-0.16031,-0.17546,-0.10557,-0.085533,-0.10557,-0.085533,-0.10557,-0.080645,-0.075269,-0.05523,-0.05523,-0.050342,-0.05523,-0.060606,-0.045455,-0.025415,-0.045455,-0.010264,-0.030303,-0.015152,-0.00048876,0.0097752,0.01955,0.029814,0.044477,0.034702,0.054741,0.034702,0.039589,0.014663,0.024438,-0.0053763,0.014663,-0.00048876,0.014663,-0.0053763,0.0043988,0.0097752,-0.00048876,0.0097752,0.034702,0.039589,0.069892,0.07478,0.044477,0.079668,0.094819,0.07478,0.054741,0.0097752,-0.010264,-0.025415,-0.050342,-0.015152,-0.030303,-0.035191,-0.060606,-0.050342,-0.050342,-0.05523,-0.05523,-0.045455,-0.010264,0.054741,0.17498,0.33969,0.39003,0.13978,-0.080645,-0.16569,-0.12561,-0.080645,-0.070381,-0.080645,-0.075269,-0.085533,-0.060606,-0.05523,-0.045455,-0.065494,-0.045455,-0.050342,-0.030303,-0.040567,-0.015152,-0.030303,-0.00048876,-0.010264,0.0097752,0.0097752,0.024438,0.039589,0.049853,0.059629,0.064516,0.049853,0.039589,0.049853,0.024438,0.044477,0.014663,0.01955,-0.00048876,0.024438,0.0097752,0.024438,0.0043988,0.039589,0.044477,0.07478,0.084555,0.089932,0.07478,0.094819,0.10459,0.079668,0.044477,0.024438,0.029814,-0.010264,-0.015152,-0.015152,-0.035191,-0.050342,-0.030303,-0.070381,-0.045455,-0.05523,-0.035191,-0.05523,0.0097752,0.054741,0.24487,0.32991,0.37488,0.01955,-0.11535,-0.18035,-0.095308,-0.070381,-0.080645,-0.065494,-0.080645,-0.050342,-0.030303,-0.025415,-0.045455,-0.025415,-0.020528,-0.010264,-0.025415,-0.0053763,-0.020528,-0.0053763,-0.00048876,0.01955,0.014663,0.049853,0.044477,0.064516,0.054741,0.069892,0.064516,0.07478,0.049853,0.044477,0.029814,0.01955,0.034702,0.024438,0.014663,0.039589,0.024438,0.0043988,-0.00048876,-0.00048876,0.034702,0.01955,0.044477,0.064516,0.07478,0.059629,0.10459,0.079668,0.059629,0.0043988,-0.0053763,-0.010264,-0.0053763,-0.020528,-0.035191,-0.050342,-0.060606,-0.05523,-0.035191,-0.05523,-0.060606,-0.040567,-0.0053763,0.059629,0.094819,0.21994,0.28006,0.29472,-0.060606,-0.16031,-0.20528,-0.11535,-0.070381,-0.040567,-0.070381,-0.040567,-0.035191,-0.020528,-0.045455,-0.050342,-0.040567,-0.015152,-0.00048876,-0.015152,-0.010264,-0.00048876,0.0043988,-0.00048876,0.014663,0.024438,0.039589,0.029814,0.059629,0.049853,0.059629,0.064516,0.079668,0.079668,0.064516,0.039589,0.054741,0.029814,0.024438,0.01955,0.034702,0.0097752,0.014663,-0.0053763,0.01955,0.034702,0.01955,0.07478,0.059629,0.069892,0.064516,0.10948,0.094819,0.054741,0.024438,0.024438,0.01955,0.029814,-0.00048876,-0.015152,-0.045455,-0.060606,-0.070381,-0.040567,-0.025415,-0.035191,-0.05523,-0.00048876,0.054741,0.11975,0.28006,0.3651,0.17986,-0.015152,-0.15054,-0.18035,-0.12023,-0.075269,-0.035191,-0.030303,-0.025415,-0.050342,-0.040567,-0.035191,-0.020528,-0.040567,-0.020528,-0.035191,-0.025415,-0.015152,-0.010264,-0.010264,0.0097752,-0.0053763,0.0043988,-0.00048876,0.039589,0.054741,0.044477,0.064516,0.054741,0.059629,0.049853,0.064516,0.059629,0.039589,0.014663,0.0043988,-0.010264,0.0097752,0.0043988,0.014663,0.01955,0.039589,0.059629,0.084555,0.07478,0.089932,0.10459,0.11975,0.084555,0.059629,0.029814,0.01955,0.034702,0.014663,0.01955,-0.020528,-0.040567,-0.050342,-0.035191,-0.035191,-0.040567,-0.05523,-0.030303,-0.020528,0.049853,0.12463,0.25464,0.33969,0.19501,0.014663,-0.075269,-0.11046,-0.075269,-0.05523,-0.045455,-0.040567,-0.050342,-0.030303,-0.040567,-0.030303,-0.040567,-0.035191,-0.035191,-0.035191,-0.025415,-0.0053763,-0.025415,-0.015152,-0.020528,0.0097752,0.0097752,0.01955,-0.00048876,0.014663,-0.00048876,0.014663,0.034702,0.049853,0.029814,0.034702,0.0097752,0.014663,0.0097752,-0.0053763,0.039589,0.029814,0.029814,0.014663,0.039589,0.024438,0.044477,0.059629,0.07478,0.084555,0.094819,0.099707,0.10948,0.079668,0.059629,0.029814,0.014663,-0.015152,0.014663,-0.0053763,-0.025415,-0.035191,-0.050342,-0.045455,-0.050342,-0.040567,-0.050342,-0.030303,0.034702,0.089932,0.20968,0.32502,0.3348,0.01955,-0.15543,-0.19062,-0.14027,-0.050342,-0.045455,-0.035191,-0.05523,-0.035191,-0.030303,-0.035191,-0.015152,-0.030303,-0.020528,-0.035191,-0.020528,-0.015152,-0.010264,-0.010264,0.014663,0.024438,0.034702,0.01955,0.059629,0.049853,0.069892,0.039589,0.059629,0.044477,0.059629,0.039589,0.039589,0.01955,0.01955,0.0043988,0.01955,0.024438,0.014663,0.0097752,0.01955,0.034702,0.044477,0.059629,0.079668,0.089932,0.084555,0.12463,0.11486,0.084555,0.044477,0.044477,0.029814,0.029814,0.0043988,0.0097752,-0.030303,-0.035191,-0.035191,-0.035191,-0.050342,-0.05523,-0.050342,-0.05523,0.0097752,0.069892,0.1696,0.28495,0.32991,0.10948,-0.095308,-0.19062,-0.16031,-0.075269,-0.040567,-0.045455,-0.035191,-0.045455,-0.025415,-0.035191,-0.025415,-0.035191,-0.010264,-0.025415,-0.010264,-0.00048876,-0.0053763,0.014663,-0.00048876,0.01955,0.029814,0.039589,0.059629,0.069892,0.044477,0.069892,0.049853,0.054741,0.049853,0.059629,0.039589,0.034702,0.014663,0.039589,0.01955,0.014663,-0.00048876,0.014663,0.01955,0.039589,0.044477,0.029814,0.054741,0.079668,0.084555,0.094819,0.10948,0.11486,0.079668,0.049853,0.034702,0.029814,0.014663,-0.010264,-0.00048876,-0.035191,-0.025415,-0.045455,-0.030303,-0.045455,-0.035191,-0.040567,-0.025415,-0.00048876,0.054741,0.14956,0.28006,0.32502,0.11486,-0.09042,-0.17546,-0.16031,-0.070381,-0.045455,-0.050342,-0.035191,-0.050342,-0.020528,-0.025415,-0.010264,-0.015152,-0.00048876,-0.020528,-0.00048876,-0.010264,0.0097752,-0.0053763,0.014663,0.014663,0.034702,0.029814,0.049853,0.059629,0.049853,0.059629,0.044477,0.064516,0.064516,0.069892,0.039589,0.049853,0.01955,0.034702,0.014663,0.039589,0.01955,0.039589,0.024438,0.029814,0.039589,0.059629,0.079668,0.094819,0.084555,0.10459,0.10948,0.12463,0.07478,0.064516,0.034702,0.024438,0.034702,0.0043988,0.014663,-0.030303,-0.025415,-0.035191,-0.020528,-0.040567,-0.040567,-0.05523,-0.025415,0.0043988,0.069892,0.12952,0.29472,0.34506,0.1696,-0.060606,-0.16569,-0.18035,-0.075269,-0.045455,-0.035191,-0.040567,-0.05523,-0.035191,-0.040567,-0.010264,-0.020528,-0.045455,-0.035191,-0.0053763,-0.0053763,0.0097752,-0.010264,0.0043988,0.0043988,0.014663,0.024438,0.039589,0.039589,0.059629,0.054741,0.049853,0.064516,0.059629,0.044477,0.034702,0.049853,0.039589,0.029814,0.024438,0.039589,0.0097752,0.014663,0.024438,0.034702,0.0097752,0.034702,0.01955,0.089932,0.079668,0.10459,0.11975,0.12463,0.089932,0.07478,0.034702,0.024438,0.034702,0.0043988,0.014663,-0.020528,-0.025415,-0.035191,-0.045455,-0.050342,-0.035191,-0.040567,-0.040567,0.0043988,0.064516,0.11975,0.27468,0.37488,0.21994,0.039589,-0.045455,-0.11535,-0.075269,-0.05523,-0.045455,-0.060606,-0.050342,-0.045455,-0.05523,-0.035191,-0.040567,-0.025415,-0.035191,-0.015152,-0.020528,-0.010264,-0.040567,-0.035191,-0.040567,-0.010264,-0.015152,0.014663,0.01955,0.029814,0.01955,0.024438,0.01955,0.034702,0.014663,0.034702,0.039589,0.014663,0.0043988,0.01955,0.014663,0.029814,0.024438,0.039589,0.044477,0.059629,0.054741,0.07478,0.094819,0.094819,0.10459,0.084555,0.11975,0.094819,0.084555,0.044477,0.029814,0.01955,0.039589,0.014663,-0.0053763,-0.025415,-0.010264,-0.030303,-0.025415,-0.035191,-0.035191,-0.025415,-0.0053763,0.044477,0.10948,0.24976,0.3651,0.38514,0.089932,-0.025415,-0.11046,-0.070381,-0.045455,-0.035191,-0.045455,-0.035191,-0.05523,-0.035191,-0.040567,-0.050342,-0.030303,-0.010264,-0.025415,-0.020528,-0.030303,-0.0053763,-0.010264,0.0097752,0.014663,0.0043988,0.014663,0.0097752,0.034702,0.01955,0.044477,0.029814,0.039589,0.01955,0.034702,0.01955,0.034702,0.01955,0.029814,0.0097752,0.024438,0.034702,0.039589,0.024438,0.039589,0.049853,0.069892,0.084555,0.10948,0.084555,0.10459,0.12463,0.11486,0.084555,0.044477,0.039589,0.024438,0.01955,0.0043988,-0.010264,-0.030303,-0.020528,-0.035191,-0.030303,-0.035191,-0.030303,-0.045455,-0.015152,0.034702,0.079668,0.1999,0.31476,0.34995,0.054741,-0.12561,-0.19062,-0.1305,-0.05523,-0.035191,-0.05523,-0.040567,-0.045455,-0.010264,-0.015152,-0.0053763,-0.025415,-0.015152,-0.015152,-0.0053763,-0.010264,-0.0053763,-0.010264,0.0043988,0.0097752,0.029814,0.034702,0.054741,0.029814,0.044477,0.049853,0.034702,0.01955,0.014663,0.039589,0.01955,0.034702,0.024438,0.029814,-0.0053763,-0.00048876,-0.010264,0.0043988,-0.00048876,0.024438,0.014663,0.034702,0.044477,0.084555,0.07478,0.064516,0.10948,0.12463,0.089932,0.049853,0.029814,0.014663,0.034702,0.0097752,0.01955,-0.020528,-0.040567,-0.05523,-0.035191,-0.045455,-0.035191,-0.05523,-0.015152,-0.030303,0.029814,0.084555,0.26979,0.39003,0.2346,0.029814,-0.11046,-0.17546,-0.095308,-0.05523,-0.050342,-0.025415,-0.045455,-0.09042,-0.05523,-0.020528,-0.05523,-0.045455,-0.00048876,0.0043988,-0.025415,-0.020528,-0.030303,-0.015152,-0.0053763,0.0097752,-0.0053763,0.0097752,-0.00048876,0.029814,0.014663,0.034702,0.054741,0.064516,0.029814,0.014663,0.024438,-0.00048876,0.01955,0.069892,0.079668,0.0097752,0.01955,0.014663,0.024438,0.044477,0.064516,0.059629,0.084555,0.099707,0.1349,0.14467,0.14467,0.094819,0.084555,0.069892,0.069892,0.054741,0.039589,0.044477,0.01955,-0.0053763,-0.015152,0.0043988,-0.00048876,0.039589,-0.020528,-0.025415,0.0043988,0.094819,0.21994,0.43988,0.50978,0.28983,0.039589,-0.09042,-0.15543,-0.050342,-0.040567,-0.015152,-0.030303,-0.015152,-0.010264,-0.015152,-0.010264,-0.020528,-0.010264,-0.030303,-0.0053763,-0.00048876,-0.020528,-0.025415,-0.0053763,0.0097752,0.039589,0.024438,0.049853,0.039589,0.059629,0.049853,0.069892,0.059629,0.059629,0.049853,0.044477,0.039589,0.039589,0.01955,0.044477,0.049853,0.014663,0.029814,0.014663,0.044477,0.039589,0.059629,0.07478,0.089932,0.07478,0.10459,0.10459,0.094819,0.054741,0.029814,0.0043988,0.014663,-0.0053763,-0.0053763,-0.040567,-0.030303,-0.045455,-0.040567,-0.035191,-0.05523,-0.040567,-0.075269,-0.015152,0.044477,0.16471,0.34506,0.45503,0.28006,0.014663,-0.14027,-0.16569,-0.11535,-0.095308,-0.10557,-0.095308,-0.085533,-0.05523,-0.070381,-0.05523,-0.065494,-0.060606,-0.070381,-0.050342,-0.045455,-0.05523,-0.050342,-0.030303,-0.020528,-0.025415,0.0097752,0.014663,0.024438,0.0097752,0.024438,0.039589,0.044477,0.024438,0.029814,0.0097752,0.024438,0.0043988,-0.00048876,-0.015152,-0.0053763,0.0097752,0.01955,0.0097752,0.029814,0.01955,0.034702,0.069892,0.084555,0.07478,0.089932,0.099707,0.084555,0.054741,0.0097752,-0.00048876,-0.020528,-0.010264,-0.010264,-0.020528,-0.050342,-0.045455,-0.050342,-0.040567,-0.05523,-0.035191,-0.035191,0.0043988,0.054741,0.1999,0.34995,0.45992,0.21994,-0.015152,-0.15543,-0.16031,-0.070381,-0.070381,-0.085533,-0.095308,-0.060606,-0.050342,-0.040567,-0.070381,-0.05523,-0.060606,-0.05523,-0.060606,-0.040567,-0.05523,-0.030303,-0.025415,-0.010264,-0.0053763,0.01955,0.014663,0.0097752,0.01955,0.039589,0.044477,0.039589,0.054741,0.029814,0.044477,0.029814,0.0097752,0.0043988,0.014663,0.0043988,0.01955,0.014663,0.01955,0.014663,0.034702,0.039589,0.059629,0.054741,0.084555,0.07478,0.094819,0.099707,0.10459,0.064516,0.034702,0.0043988,-0.0053763,-0.00048876,-0.010264,-0.0053763,-0.035191,-0.040567,-0.065494,-0.045455,-0.05523,-0.040567,-0.050342,-0.015152,0.024438,0.10948,0.26491,0.40469,0.41496,0.059629,-0.12561,-0.16569,-0.095308,-0.065494,-0.060606,-0.075269,-0.05523,-0.050342,-0.040567,-0.045455,-0.05523,-0.05523,-0.065494,-0.05523,-0.035191,-0.030303,-0.020528,-0.035191,-0.015152,-0.020528,-0.00048876,0.0043988,0.034702,0.039589,0.049853,0.034702,0.059629,0.049853,0.064516,0.039589,0.029814,0.034702,0.014663,0.0043988,0.014663,0.01955,0.0043988,0.0097752,0.014663,0.029814,0.034702,0.054741,0.059629,0.079668,0.07478,0.10459,0.10948,0.10459,0.064516,0.039589,0.0097752,-0.00048876,-0.010264,0.014663,-0.025415,-0.035191,-0.040567,-0.05523,-0.045455,-0.070381,-0.050342,-0.05523,-0.010264,0.049853,0.11486,0.25464,0.32991,0.18475,-0.040567,-0.17546,-0.1955,-0.1002,-0.040567,-0.050342,-0.040567,-0.05523,-0.035191,-0.040567,-0.020528,-0.015152,-0.035191,-0.035191,-0.010264,-0.0053763,-0.015152,-0.010264,-0.00048876,0.014663,0.01955,0.039589,0.034702,0.054741,0.044477,0.059629,0.059629,0.059629,0.044477,0.079668,0.049853,0.044477,0.024438,0.034702,0.014663,0.029814,0.0097752,0.014663,0.01955,0.014663,0.034702,0.01955,0.039589,0.034702,0.084555,0.079668,0.094819,0.099707,0.11486,0.084555,0.059629,0.014663,0.01955,-0.010264,0.0043988,-0.035191,-0.050342,-0.065494,-0.045455,-0.035191,-0.05523,-0.040567,-0.05523,-0.050342,-0.00048876,0.054741,0.17498,0.3001,0.32502,0.084555,-0.11535,-0.18573,-0.1955,-0.070381,-0.060606,-0.050342,-0.05523,-0.035191,-0.040567,-0.025415,-0.035191,-0.030303,-0.035191,-0.020528,-0.025415,-0.010264,-0.020528,-0.010264,-0.015152,-0.020528,0.0097752,-0.0053763,0.014663,0.014663,0.039589,0.049853,0.069892,0.054741,0.059629,0.039589,0.059629,0.044477,0.049853,0.014663,0.01955,0.014663,0.01955,0.014663,0.034702,0.014663,0.034702,0.044477,0.084555,0.089932,0.079668,0.10459,0.11486,0.099707,0.054741,0.039589,0.01955,0.0097752,-0.010264,0.0097752,-0.035191,-0.030303,-0.05523,-0.060606,-0.045455,-0.030303,-0.040567,-0.035191,-0.035191,0.039589,0.10948,0.28983,0.3651,0.21994,-0.015152,-0.16031,-0.19062,-0.095308,-0.05523,-0.050342,-0.060606,-0.065494,-0.030303,-0.035191,-0.015152,-0.035191,-0.035191,-0.035191,-0.010264,-0.025415,-0.010264,-0.015152,0.0043988,-0.020528,0.01955,0.024438,0.029814,0.024438,0.034702,0.049853,0.044477,0.059629,0.039589,0.049853,0.029814,0.039589,0.0097752,0.0097752,0.0043988,0.01955,0.0043988,0.014663,0.014663,0.024438,0.01955,0.029814,0.064516,0.084555,0.069892,0.089932,0.10948,0.094819,0.049853,0.034702,0.014663,0.0043988,-0.015152,-0.025415,-0.010264,-0.040567,-0.05523,-0.05523,-0.05523,-0.070381,-0.045455,-0.030303,0.0097752,0.044477,0.11486,0.23998,0.32502,0.18964,-0.035191,-0.16569,-0.1955,-0.09042,-0.05523,-0.060606,-0.035191,-0.025415,-0.040567,-0.050342,-0.040567,-0.015152,-0.025415,-0.030303,-0.035191,-0.015152,-0.010264,-0.0053763,-0.0053763,0.014663,0.01955,0.039589,0.034702,0.059629,0.039589,0.059629,0.064516,0.084555,0.059629,0.054741,0.044477,0.054741,0.039589,0.029814,0.0097752,0.014663,0.024438,0.01955,0.0097752,-0.00048876,0.049853,0.044477,0.084555,0.079668,0.079668,0.094819,0.12952,0.11486,0.089932,0.034702,0.039589,0.014663,0.0043988,0.0043988,-0.020528,-0.035191,-0.035191,-0.030303,-0.045455,-0.050342,-0.035191,-0.025415,-0.030303,0.044477,0.089932,0.2346,0.33969,0.35484,0.01955,-0.13539,-0.18573,-0.10557,-0.045455,-0.035191,-0.065494,-0.050342,-0.040567,-0.010264,-0.020528,-0.025415,-0.015152,-0.020528,-0.00048876,-0.010264,-0.015152,-0.025415,0.0043988,0.07478,0.10948,0.10948,0.099707,0.059629,0.024438,0.014663,0.01955,-0.00048876,0.0043988,-0.025415,-0.035191,-0.070381,-0.060606,-0.050342,-0.035191,-0.040567,-0.045455,-0.0053763,0.049853,0.1349,0.26979,0.32502,0.10948,-0.12023,-0.20528,-0.18035,-0.09042,-0.05523,-0.060606,-0.035191,-0.040567
