1.6647,1.6784,1.6911,1.7009,1.7067,1.7087,1.7077,1.7028,1.6931,1.6784,1.6598,1.6393,1.6168,1.5924,1.567,1.5464,1.5288,1.5083,1.4858,1.4633,1.4428,1.4233,1.4047,1.3881,1.3715,1.3548,1.3382,1.3216,1.3089,1.2991,1.2913,1.2942,1.3187,1.3754,1.4721,1.6119,1.7889,1.9922,2.2072,2.4154,2.5806,2.7077,2.8162,2.8915,2.9277,2.9277,2.8954,2.8377,2.7625,2.6784,2.5894,2.5015,2.4184,2.349,2.2903,2.2366,2.1916,2.1554,2.1281,2.1095,2.0978,2.0909,2.085,2.0772,2.0645,2.0489,2.0283,2.002,1.9726,1.9423,1.914,1.8895,1.87,1.8553,1.8465,1.8426,1.8407,1.8416,1.8446,1.8495,1.8553,1.8612,1.8661,1.868,1.8671,1.8612,1.8514,1.8368,1.8192,1.7996,1.782,1.7634,1.7419,1.7185,1.6911,1.6628,1.6334,1.6022,1.5718,1.5425,1.5132,1.4848,1.4624,1.4438,1.4233,1.4027,1.3822,1.3627,1.3441,1.3275,1.3187,1.3236,1.3529,1.4154,1.5191,1.6393,1.7791,1.9629,2.1701,2.3822,2.5806,2.7527,2.8895,2.9873,3.0469,3.0704,3.0626,3.0323,2.9853,2.9208,2.8436,2.7595,2.6725,2.5855,2.5034,2.4272,2.3597,2.3021,2.2522,2.2111,2.1799,2.1544,2.131,2.1085,2.0841,2.0587,2.0303,2,1.9687,1.9257,1.8798,1.8485,1.828,1.8162,1.8094,1.8094,1.8162,1.828,1.8426,1.8583,1.8729,1.8866,1.8964,1.9013,1.9013,1.8974,1.8886,1.8729,1.8524,1.827,1.7986,1.7674,1.7331,1.696,1.6579,1.6197,1.5826,1.5513,1.523,1.4927,1.4614,1.433,1.4086,1.3881,1.3705,1.3548,1.3412,1.3304,1.3265,1.3343,1.3539,1.392,1.4594,1.5591,1.6901,1.8446,2.0117,2.1769,2.3265,2.4506,2.5415,2.5963,2.6178,2.6109,2.5787,2.5249,2.4536,2.3695,2.2766,2.1808,2.0841,1.9902,1.9022,1.824,1.7576,1.7077,1.6706,1.6364,1.607,1.5816,1.5572,1.5327,1.5083,1.4848,1.4624,1.4409,1.4242,1.4145,1.4115,1.4115,1.4174,1.4291,1.4457,1.4653,1.4848,1.5024,1.5161,1.5269,1.5327,1.5337,1.5318,1.5269,1.5161,1.5005,1.4819,1.4604,1.437,1.4115,1.3842,1.3578,1.3304,1.303,1.2815,1.263,1.2424,1.2219,1.2014,1.1818,1.1652,1.1515,1.1388,1.1281,1.1173,1.1065,1.0958,1.089,1.088,1.0938,1.1183,1.1701,1.2581,1.3861,1.5523,1.7478,1.958,2.1672,2.3568,2.5005,2.6022,2.6813,2.7283,2.741,2.7214,2.6764,2.6119,2.5337,2.4497,2.3627,2.2776,2.1984,2.1329,2.0772,2.0254,1.9814,1.9462,1.9198,1.9032,1.8925,1.8847,1.8759,1.8641,1.8495,1.8328,1.8143,1.7908,1.7654,1.74,1.7165,1.697,1.6823,1.6755,1.6735,1.6745,1.6784,1.6823,1.6862,1.6901,1.6931,1.696,1.6989,1.6989,1.695,1.6872,1.6764,1.6637,1.6481,1.6295,1.6129,1.5973,1.5797,1.5611,1.5406,1.5181,1.4956,1.4731,1.4506,1.4291,1.4086,1.39,1.3754,1.3636,1.349,1.3333,1.3167,1.2991,1.2835,1.2766,1.2874,1.3255,1.4018,1.521,1.6794,1.8377,1.999,2.1857,2.3715,2.5376,2.6706,2.7634,2.8162,2.8309,2.8133,2.7703,2.7077,2.6413,2.5709,2.4907,2.4086,2.3304,2.259,2.1965,2.1466,2.1095,2.0821,2.0645,2.0528,2.045,2.0381,2.0303,2.0205,2.0078,1.9892,1.9648,1.9355,1.9042,1.8739,1.8465,1.825,1.8084,1.7967,1.7908,1.7879,1.7859,1.7849,1.7849,1.7849,1.7849,1.783,1.7781,1.7703,1.7605,1.7468,1.7331,1.7185,1.6999,1.6755,1.6491,1.6246,1.6002,1.5777,1.5562,1.5347,1.5132,1.4917,1.4761,1.4624,1.4457,1.4282,1.4086,1.3891,1.3675,1.346,1.3245,1.3021,1.2786,1.2581,1.2444,1.2434,1.263,1.3128,1.4027,1.5386,1.7175,1.9296,2.1584,2.3851,2.5943,2.7722,2.913,3.0029,3.0508,3.0733,3.0665,3.0313,2.9736,2.8983,2.8084,2.7097,2.607,2.5024,2.4027,2.3109,2.2356,2.173,2.1144,2.0626,2.0186,1.9814,1.9492,1.9189,1.8895,1.8592,1.826,1.7918,1.7625,1.737,1.7126,1.694,1.6833,1.6813,1.6872,1.6989,1.7155,1.7331,1.7488,1.7634,1.7761,1.7849,1.7908,1.7947,1.7947,1.7889,1.7771,1.7595,1.7351,1.7048,1.6706,1.6315,1.5914,1.5572,1.5259,1.4907,1.4545,1.4174,1.3803,1.3451,1.3118,1.2815,1.2551,1.2326,1.2131,1.1955,1.1848,1.1799,1.1789,1.1926,1.2317,1.304,1.4135,1.5582,1.7312,1.9218,2.1124,2.2874,2.4203,2.5152,2.5875,2.6276,2.6334,2.609,2.5572,2.4839,2.3939,2.2952,2.1916,2.089,1.9902,1.9081,1.8387,1.7683,1.7038,1.6471,1.5992,1.5591,1.5249,1.4946,1.4673,1.4409,1.4145,1.392,1.3744,1.3578,1.347,1.3431,1.347,1.3568,1.3734,1.3939,1.4164,1.4399,1.4614,1.479,1.4927,1.5034,1.5103,1.5103,1.5044,1.4917,1.4751,1.4555,1.4321,1.4066,1.3803,1.3509,1.3255,1.303,1.2757,1.2473,1.2199,1.1935,1.1701,1.1505,1.1329,1.1163,1.0997,1.0841,1.0762,1.0723,1.0655,1.0567,1.0459,1.0362,1.0342,1.0469,1.087,1.1662,1.2893,1.4575,1.6647,1.8641,2.0587,2.2717,2.4751,2.6481,2.7791,2.8641,2.9032,2.9022,2.868,2.8094,2.7312,2.65,2.567,2.4741,2.3803,2.2884,2.2023,2.1271,2.0665,2.0166,1.9785,1.9521,1.9365,1.9267,1.9198,1.914,1.9042,1.8905,1.8719,1.8485,1.8211,1.7937,1.7703,1.7507,1.737,1.7292,1.7263,1.7283,1.7341,1.741,1.7488,1.7537,1.7566,1.7566,1.7556,1.7517,1.7449,1.7322,1.7155,1.6979,1.6804,1.6569,1.6295,1.6012,1.5728,1.5445,1.5161,1.4888,1.4624,1.437,1.4125,1.3939,1.3803,1.3656,1.35,1.3343,1.3187,1.303,1.2874,1.2727,1.26,1.2444,1.2395,1.2649,1.3128,1.39,1.5161,1.6872,1.8944,2.1222,2.3519,2.565,2.7458,2.8856,2.9785,3.0264,3.0352,3.0127,2.9648,2.8983,2.8182,2.7292,2.6364,2.5445,2.4575,2.3773,2.3069,2.2483,2.2014,2.1662,2.1408,2.1212,2.1056,2.0938,2.0821,2.0655,2.043,2.0147,1.9804,1.9433,1.9062,1.8739,1.8456,1.8182,1.7957,1.7781,1.7664,1.7605,1.7576,1.7556,1.7546,1.7537,1.7507,1.7468,1.741,1.7341,1.7234,1.7077,1.6891,1.6667,1.6413,1.6129,1.5816,1.5484,1.5152,1.4819,1.4545,1.4291,1.3998,1.3695,1.3392,1.3099,1.2815,1.2551,1.2317,1.2121,1.1955,1.1808,1.1672,1.1584,1.1525,1.1476,1.1496,1.1681,1.2131,1.2933,1.4115,1.5689,1.7576,1.9668,2.1789,2.3558,2.5034,2.6442,2.7605,2.8446,2.8925,2.9071,2.8925,2.8504,2.7889,2.7126,2.6256,2.5435,2.4633,2.3783,2.2942,2.2141,2.1408,2.0772,2.0235,1.9795,1.9433,1.913,1.8866,1.8631,1.8426,1.8221,1.7986,1.7713,1.7439,1.7185,1.696,1.6774,1.6647,1.6598,1.6618,1.6696,1.6804,1.6931,1.7087,1.7234,1.737,1.7488,1.7576,1.7625,1.7615,1.7556,1.7429,1.7243,1.7009,1.6774,1.653,1.6227,1.5894,1.5533,1.5161,1.478,1.4409,1.4047,1.3695,1.3382,1.3099,1.2884,1.2717,1.2551,1.2405,1.2278,1.218,1.2111,1.2102,1.2209,1.2532,1.3128,1.4057,1.5327,1.6647,1.8035,1.9687,2.1378,2.2923,2.4203,2.5132,2.5689,2.5885,2.5777,2.5376,2.4731,2.4018,2.3236,2.2287,2.1261,2.0225,1.9218,1.828,1.7429,1.6676,1.6022,1.5484,1.5044,1.4682,1.4428,1.4213,1.3959,1.3695,1.3441,1.3206,1.3001,1.2845,1.2766,1.2776,1.2864,1.3021,1.3196,1.3392,1.3617,1.3832,1.4018,1.4184,1.4321,1.4409,1.4438,1.4409,1.433,1.4194,1.4008,1.3822,1.3627,1.3392,1.3128,1.2825,1.2512,1.2209,1.1906,1.1613,1.1329,1.1046,1.0792,1.0626,1.0508,1.0371,1.0235,1.0117,1.0029,0.99511,0.98534,0.97458,0.96383,0.95699,0.95992,0.9824,1.0244,1.0958,1.2121,1.3754,1.5787,1.8084,2.0459,2.2717,2.4712,2.6305,2.7429,2.8104,2.8358,2.828,2.7937,2.737,2.65,2.5464,2.4467,2.3509,2.261,2.1779,2.1026,2.0371,1.9834,1.9433,1.915,1.8935,1.8788,1.87,1.8641,1.8583,1.8504,1.8368,1.8182,1.7957,1.7703,1.7468,1.7273,1.7107,1.6979,1.6911,1.6901,1.6931,1.6989,1.7038,1.7067,1.7087,1.7097,1.7097,1.7097,1.7097,1.7058,1.6979,1.6843,1.6657,1.6442,1.6197,1.5934,1.567,1.5406,1.5142,1.4907,1.4692,1.4448,1.4194,1.3939,1.3705,1.35,1.3314,1.3157,1.3001,1.2864,1.2727,1.2571,1.2454,1.2375,1.2307,1.2336,1.2561,1.3099,1.4018,1.5376,1.7136,1.9198,2.1398,2.3568,2.5327,2.6716,2.7937,2.8837,2.9355,2.9501,2.9316,2.8876,2.826,2.7507,2.6686,2.5846,1.8944,1.8905,1.8856,1.8759,1.8612,1.8416,1.8182,1.7918,1.7644,1.738,1.7146,1.696,1.6833,1.6764,1.6735,1.6735,1.6764,1.6813,1.6862,1.6901,1.6931,1.694,1.6911,1.6843,1.6745,1.6618,1.6442,1.6227,1.5992,1.5738,1.5464,1.5181,1.4888,1.4594,1.4291,1.3998,1.3715,1.349,1.3294,1.3089,1.2893,1.2717,1.2561,1.2405,1.2239,1.2072,1.1916,1.1769,1.1691,1.174,1.1984,1.2522,1.346,1.4848,1.6657,1.8788,2.1085,2.3382,2.5494,2.7253,2.8583,2.9443,2.9834,2.9844,2.955,2.9003,2.825,2.737,2.6413,2.5435,2.4487,2.3587,2.2786,2.2102,2.1584,2.1202,2.0899,2.0694,2.0567,2.0489,2.044,2.0381,2.0293,2.0147,1.9922,1.9648,1.9326,1.9022,1.8729,1.8426,1.8133,1.7869,1.7644,1.7478,1.7351,1.7253,1.7204,1.7195,1.7204,1.7234,1.7283,1.7322,1.7361,1.739,1.7419,1.7419,1.739,1.7331,1.7243,1.7126,1.6979,1.6804,1.6647,1.6491,1.6295,1.6061,1.5797,1.5533,1.5259,1.4976,1.4712,1.4467,1.4242,1.4047,1.392,1.3812,1.3675,1.3529,1.3402,1.3343,1.3431,1.3754,1.4409,1.5455,1.6901,1.868,2.0665,2.2454,2.4076,2.5767,2.7292,2.8534,2.9423,2.9961,3.0137,2.998,2.955,2.8895,2.8084,2.7273,2.6442,2.5503,2.4536,2.3597,2.2698,2.1877,2.1153,2.0538,2.0029,1.9609,1.9238,1.8925,1.8641,1.8319,1.7986,1.7644,1.7322,1.7038,1.6823,1.6706,1.6676,1.6716,1.6813,1.696,1.7116,1.7273,1.7429,1.7556,1.7654,1.7693,1.7674,1.7605,1.7488,1.7312,1.7058,1.6755,1.6471,1.6178,1.5806,1.5376,1.4927,1.4467,1.4008,1.3548,1.305,1.2551,1.2102,1.1681,1.13,1.1026,1.0831,1.0616,1.042,1.0235,1.0068,0.99218,0.9824,0.98436,1.0059,1.0567,1.1447,1.2502,1.3803,1.5533,1.7537,1.9629,2.1632,2.3412,2.4839,2.5855,2.6442,2.6628,2.6471,2.6031,2.5455,2.478,2.3949,2.303,2.2082,2.1163,2.0293,1.9511,1.8847,1.8319,1.7908,1.7615,1.7439,1.7341,1.7273,1.7224,1.7155,1.7048,1.6872,1.6637,1.6364,1.6061,1.5767,1.5513,1.5308,1.5181,1.5132,1.5112,1.5132,1.5191,1.5279,1.5376,1.5464,1.5543,1.5601,1.564,1.564,1.5621,1.5572,1.5484,1.5357,1.5191,1.4995,1.477,1.4536,1.4282,1.4008,1.3734,1.347,1.3216,1.3011,1.2854,1.2669,1.2473,1.2287,1.2111,1.1935,1.176,1.1564,1.1369,1.1183,1.1046,1.1017,1.1144,1.1515,1.2248,1.3402,1.4985,1.6921,1.9081,2.131,2.3412,2.5249,2.6686,2.7683,2.8221,2.8377,2.825,2.7849,2.7234,2.6461,2.5591,2.4682,2.3763,2.2874,2.2053,2.132,2.0733,2.0293,1.9912,1.9619,1.9413,1.9277,1.9179,1.9091,1.8983,1.8817,1.8583,1.8299,1.7977,1.7674,1.74,1.7107,1.6833,1.6608,1.6452,1.6364,1.6344,1.6354,1.6383,1.6413,1.6442,1.6471,1.65,1.652,1.65,1.6442,1.6364,1.6256,1.6109,1.5934,1.5738,1.5513,1.5269,1.5015,1.48,1.4614,1.4409,1.4184,1.3949,1.3724,1.3509,1.3294,1.3099,1.2942,1.2805,1.2678,1.259,1.2522,1.2434,1.2336,1.2278,1.2356,1.2669,1.3324,1.4409,1.5924,1.782,1.9971,2.2199,2.4076,2.564,2.7107,2.826,2.9013,2.9355,2.9335,2.9003,2.8416,2.7654,2.6804,2.5914,2.5093,2.435,2.3597,2.2903,2.2297,2.1789,2.1388,2.1105,2.0919,2.0802,2.0723,2.0665,2.0596,2.0499,2.0332,2.0098,1.9814,1.9492,1.915,1.8807,1.8495,1.8211,1.7967,1.7761,1.7576,1.7439,1.7341,1.7253,1.7185,1.7136,1.7077,1.7009,1.6931,1.6852,1.6764,1.6657,1.6549,1.6452,1.6373,1.6256,1.6109,1.5943,1.5758,1.5562,1.5376,1.52,1.5024,1.4848,1.4682,1.4516,1.4389,1.4282,1.4154,1.4027,1.391,1.3783,1.3656,1.3519,1.3382,1.3275,1.3226,1.3314,1.3529,1.3959,1.48,1.6061,1.7644,1.9492,2.1486,2.348,2.5357,2.6999,2.8328,2.9306,2.9912,3.0166,3.0127,2.9853,2.9365,2.87,2.7898,2.7009,2.607,2.5112,2.4154,2.3236,2.2375,2.1672,2.1075,2.0508,2,1.9541,1.912,1.8719,1.8309,1.7908,1.7537,1.7185,1.6901,1.6706,1.6598,1.6588,1.6657,1.6794,1.7009,1.7273,1.7566,1.7869,1.8152,1.8397,1.8573,1.868,1.8719,1.868,1.8563,1.8377,1.8113,1.7791,1.7419,1.6999,1.654,1.6051,1.5552,1.5054,1.4555,1.4164,1.3822,1.3441,1.304,1.2639,1.2248,1.1877,1.1544,1.1261,1.1007,1.0772,1.0557,1.042,1.0342,1.0323,1.0459,1.086,1.1623,1.2796,1.437,1.6256,1.8319,2.0381,2.2278,2.3881,2.5015,2.5728,2.6168,2.6305,2.6129,2.5679,2.5015,2.4203,2.3284,2.2297,2.132,2.0381,1.9599,1.8944,1.8338,1.784,1.7429,1.7116,1.6891,1.6745,1.6637,1.653,1.6403,1.6237,1.6031,1.5836,1.565,1.5445,1.5249,1.5073,1.4946,1.4888,1.4888,1.4927,1.5005,1.5093,1.5181,1.5259,1.5318,1.5347,1.5347,1.5327,1.5279,1.52,1.5083,1.4936,1.4761,1.4565,1.435,1.4115,1.392,1.3744,1.3519,1.3284,1.305,1.2815,1.259,1.2385,1.2199,1.2033,1.1887,1.176,1.1681,1.1623,1.1535,1.1417,1.13,1.1193,1.1153,1.1251,1.1584,1.2248,1.3314,1.4829,1.6413,1.8113,2.0166,2.2307,2.4311,2.5992,2.7253,2.8055,2.8397,2.8338,2.7967,2.7351,2.6579,2.5797,2.5005,2.4125,2.3245,2.2395,2.1613,2.0938,2.0381,1.9941,1.9629,1.9423,1.9296,1.9218,1.9169,1.911,1.9022,1.8866,1.8651,1.8387,1.8084,1.7781,1.7488,1.7224,1.6999,1.6833,1.6735,1.6676,1.6637,1.6628,1.6637,1.6657,1.6676,1.6686,1.6676,1.6657,1.6628,1.6569,1.65,1.6432,1.6334,1.6207,1.6051,1.5894,1.5738,1.5562,1.5367,1.5171,1.4966,1.4741,1.4516,1.433,1.4164,1.3978,1.3783,1.3568,1.3353,1.3138,1.2923,1.2698,1.2463,1.2239,1.2053,1.1975,1.2033,1.2307,1.2913,1.392,1.5347,1.7155,1.9238,2.1427,2.3558,2.5484,2.7097,2.8328,2.9091,2.9482,2.9619,2.9501,2.914,2.8563,2.783,2.6999,2.6002,2.4946,2.4008,2.3167,2.2493,2.1935,2.1417,2.0968,2.0587,2.0264,1.999,1.9746,1.9501,1.9247,1.8964,1.8631,1.827,1.7957,1.7664,1.738,1.7146,1.6979,1.6882,1.6872,1.694,1.7067,1.7234,1.7439,1.7634,1.7801,1.7928,1.8016,1.8074,1.8084,1.8045,1.7957,1.7801,1.7576,1.7312,1.7009,1.6667,1.6285,1.5943,1.5621,1.5259,1.4868,1.4477,1.4125,1.3783,1.346,1.3148,1.2874,1.263,1.2434,1.2307,1.2219,1.2121,1.2033,1.2014,1.2141,1.2493,1.3148,1.4154,1.5513,1.7155,1.8964,2.0792,2.2297,2.3509,2.4604,2.5435,2.5924,2.608,2.5914,2.5484,2.4829,2.4008,2.3089,2.2111,2.1241,2.042,1.955,1.8719,1.7977,1.7351,1.6833,1.6422,1.61,1.5846,1.563,1.5435,1.523,1.5044,1.4868,1.4653,1.4438,1.4242,1.4096,1.4018,1.4018,1.4086,1.4203,1.434,1.4487,1.4624,1.4741,1.4839,1.4907,1.4946,1.4956,1.4917,1.4829,1.4712,1.4555,1.436,1.4125,1.3871,1.3666,1.348,1.3236,1.2972,1.2708,1.2454,1.2209,1.1975,1.176,1.1554,1.1378,1.1222,1.1134,1.1075,1.1017,1.0958,1.0899,1.0841,1.0782,1.0743,1.0782,1.0978,1.1427,1.2229,1.3206,1.4438,1.6139,1.8162,2.0332,2.2444,2.434,2.5894,2.7009,2.7703,2.7986,2.7898,2.7507,2.696,2.6305,2.5503,2.4614,2.3695,2.2805,2.1965,2.1193,2.0528,1.998,1.955,1.9238,1.9042,1.8925,1.8856,1.8817,1.8768,1.868,1.8534,1.8338,1.8084,1.7801,1.7527,1.7273,1.7058,1.6911,1.6823,1.6774,1.6755,1.6764,1.6804,1.6843,1.6872,1.6891,1.6882,1.6833,1.6755,1.6657,1.654,1.6373,1.6168,1.5943,1.5689,1.5435,1.5171,1.4897,1.4614,1.433,1.4057,1.3812,1.3627,1.348,1.3304,1.3118,1.2933,1.2766,1.262,1.2493,1.2375,1.2248,1.2111,1.1984,1.1916,1.1916,1.2014,1.2326,1.2962,1.3988,1.5455,1.7302,1.9404,2.1623,2.3763,2.566,2.7204,2.8231,2.8837,2.9179,2.9208,2.8935,2.8436,2.7761,2.696,2.608,2.5152,2.4233,2.3363,2.262,2.1965,2.1339,2.0792,2.0332,1.9961,1.9677,1.9453,1.9257,1.9091,1.8915,1.871,1.8465,1.8231,1.8006,1.7674,1.7322,1.7077,1.6931,1.6882,1.6921,1.7028,1.7195,1.739,1.7586,1.7732,1.7849,1.7967,1.8055,1.8094,1.8074,1.7996,1.7879,1.7713,1.7488,1.7224,1.6931,1.6588,1.6285,1.5992,1.564,1.5259,1.4868,1.4487,1.4106,1.3734,1.3392,1.3079,1.2805,1.2561,1.2395,1.2287,1.217,1.3001,1.2825,1.2708,1.2649,1.2639,1.2678,1.2776,1.2903,1.305,1.3187,1.3294,1.3382,1.3431,1.3441,1.3402,1.3314,1.3196,1.304,1.2903,1.2766,1.2571,1.2336,1.2082,1.1808,1.1535,1.13,1.1085,1.089,1.0714,1.0538,1.042,1.0352,1.0283,1.0205,1.0127,1.0049,0.99902,0.99609,0.99413,0.99316,0.99316,0.9912,0.98925,0.9912,0.99902,1.0156,1.0547,1.1271,1.2385,1.392,1.5787,1.7869,2.002,2.2053,2.3793,2.5024,2.5816,2.6305,2.6452,2.6266,2.5806,2.5122,2.4291,2.3372,2.2434,2.1515,2.0645,1.9932,1.9355,1.8837,1.8436,1.8152,1.7986,1.7908,1.7898,1.7918,1.7918,1.7879,1.7781,1.7644,1.7498,1.7322,1.7087,1.6833,1.6579,1.6373,1.6217,1.6119,1.608,1.609,1.6139,1.6188,1.6237,1.6276,1.6285,1.6276,1.6276,1.6246,1.6197,1.6109,1.5982,1.5816,1.5611,1.5386,1.5152,1.4966,1.479,1.4575,1.435,1.4115,1.39,1.3715,1.3529,1.3333,1.3138,1.2962,1.2796,1.2669,1.2581,1.2502,1.2434,1.2356,1.2248,1.2141,1.2043,1.1984,1.1994,1.216,1.259,1.3363,1.4321,1.5513,1.7175,1.9159,2.1271,2.3314,2.5152,2.6608,2.7625,2.8192,2.8338,2.8123,2.7693,2.7107,2.6325,2.5435,2.4506,2.3617,2.2776,2.2043,2.1457,2.1017,2.0723,2.0567,2.0518,2.0518,2.0557,2.0635,2.0704,2.0743,2.0723,2.0616,2.042,2.0166,1.9892,1.9599,1.9306,1.9062,1.8866,1.871,1.8602,1.8534,1.8504,1.8485,1.8485,1.8514,1.8563,1.8612,1.8651,1.869,1.8719,1.8739,1.8749,1.8749,1.8749,1.8739,1.871,1.8641,1.8534,1.8387,1.8201,1.7986,1.7791,1.7586,1.7341,1.7077,1.6804,1.654,1.6305,1.61,1.5914,1.5738,1.5572,1.5415,1.5288,1.52,1.5142,1.5083,1.5054,1.5073,1.521,1.5533,1.61,1.6979,1.8182,1.9697,2.1681,2.3646,2.5347,2.7097,2.87,3.002,3.0978,3.1554,3.176,3.1613,3.1144,3.042,2.9492,2.8446,2.7458,2.651,2.5494,2.4497,2.3578,2.2776,2.2092,2.1525,2.1056,2.0655,2.0303,1.998,1.9707,1.9462,1.9179,1.8866,1.8553,1.827,1.8035,1.7879,1.7791,1.7761,1.7761,1.7791,1.782,1.7859,1.7898,1.7928,1.7937,1.7918,1.7859,1.7761,1.7605,1.738,1.7107,1.6774,1.6393,1.6051,1.5718,1.5318,1.4878,1.4418,1.3939,1.3451,1.2981,1.2522,1.2072,1.1662,1.129,1.0948,1.0714,1.0528,1.0323,1.0127,0.99707,0.9824,0.96872,0.95601,0.94721,0.9433,0.95112,0.97947,1.0254,1.0997,1.2141,1.3675,1.5543,1.7605,1.9677,2.1613,2.3265,2.4526,2.5337,2.5718,2.5767,2.5533,2.5015,2.4291,2.3431,2.2483,2.1505,2.0547,1.9658,1.8876,1.8221,1.7713,1.7341,1.7097,1.696,1.6882,1.6843,1.6804,1.6774,1.6745,1.6647,1.6481,1.6246,1.5953,1.566,1.5435,1.5259,1.5083,1.4956,1.4878,1.4848,1.4858,1.4897,1.4966,1.5073,1.5171,1.5239,1.5288,1.5337,1.5367,1.5357,1.5308,1.521,1.5064,1.4878,1.4682,1.4477,1.4272,1.4086,1.391,1.3773,1.3656,1.347,1.3275,1.3089,1.2923,1.2776,1.263,1.2493,1.2366,1.2239,1.2102,1.1975,1.1887,1.1818,1.172,1.1623,1.1574,1.1662,1.2004,1.2678,1.3754,1.5249,1.7146,1.9326,2.132,2.3148,2.5044,2.6716,2.8006,2.8856,2.9247,2.9218,2.8837,2.8182,2.7341,2.6373,2.5367,2.4457,2.3646,2.2845,2.2111,2.1496,2.1017,2.0694,2.0518,2.044,2.044,2.0479,2.0518,2.0518,2.0479,2.0371,2.0176,1.9892,1.957,1.9238,1.8915,1.8641,1.8426,1.8289,1.8221,1.8211,1.824,1.8289,1.8358,1.8446,1.8543,1.8622,1.868,1.871,1.87,1.8651,1.8563,1.8416,1.827,1.8123,1.7947,1.7722,1.7458,1.7175,1.6901,1.6657,1.6432,1.6227,1.6031,1.5846,1.566,1.5533,1.5435,1.5327,1.521,1.5103,1.5034,1.4995,1.4995,1.5015,1.5054,1.5112,1.523,1.5396,1.566,1.6139,1.6911,1.8016,1.9472,2.1241,2.3206,2.523,2.7175,2.8944,3.0411,3.1525,3.2199,3.2512,3.259,3.2405,3.1965,3.0567,2.868,2.7331,2.6276,2.5367,2.4555,2.3851,2.3284,2.2815,2.2385,2.2033,2.173,2.1486,2.1281,2.1075,2.086,2.0606,2.0303,1.9961,1.9609,1.9306,1.9042,1.8788,1.8573,1.8416,1.8319,1.8289,1.8319,1.8397,1.8495,1.8602,1.8719,1.8807,1.8866,1.8905,1.8905,1.8847,1.8739,1.8573,1.8368,1.8104,1.781,1.7478,1.7116,1.6794,1.6481,1.6109,1.5709,1.5298,1.4888,1.4506,1.4135,1.3783,1.3451,1.3138,1.2854,1.26,1.2424,1.2297,1.217,1.2033,1.1906,1.1848,1.1926,1.2209,1.2757,1.3607,1.478,1.6217,1.7605,1.8935,2.0371,2.172,2.2825,2.3597,2.4018,2.4106,2.391,2.349,2.2884,2.2141,2.1329,2.0606,1.9941,1.9238,1.8563,1.7947,1.7439,1.7048,1.6784,1.6637,1.6559,1.652,1.65,1.6491,1.6461,1.6373,1.6227,1.6031,1.5797,1.5572,1.5367,1.5191,1.5073,1.5005,1.4976,1.4985,1.5034,1.5112,1.521,1.5308,1.5396,1.5455,1.5474,1.5474,1.5445,1.5386,1.5298,1.5171,1.5064,1.4956,1.48,1.4604,1.4428,1.4252,1.4076,1.392,1.3773,1.3607,1.3451,1.3324,1.3206,1.3128,1.3089,1.306,1.3021,1.2981,1.2952,1.2913,1.2874,1.2805,1.2727,1.2669,1.2659,1.2727,1.2923,1.3353,1.4086,1.5181,1.6608,1.8299,2.0127,2.1965,2.3656,2.5073,2.6109,2.6735,2.6999,2.697,2.6686,2.6178,2.5503,2.4731,2.392,2.3118,2.2356,2.1681,2.1105,2.0626,2.0274,2.0029,1.9873,1.9795,1.9756,1.9746,1.9736,1.9707,1.9638,1.9511,1.9306,1.9052,1.8778,1.8534,1.8319,1.8113,1.7937,1.782,1.7752,1.7732,1.7752,1.7801,1.7859,1.7918,1.7977,1.8016,1.8035,1.8025,1.7986,1.7928,1.784,1.7732,1.7615,1.7468,1.7312,1.7136,1.694,1.6725,1.6549,1.6393,1.6217,1.6022,1.5816,1.5621,1.5445,1.5279,1.5132,1.5005,1.4897,1.4819,1.478,1.4761,1.4751,1.4761,1.479,1.4829,1.4897,1.5034,1.5288,1.5709,1.6373,1.7312,1.8524,1.9756,2.1026,2.2542,2.4125,2.564,2.696,2.8016,2.8778,2.9247,2.9423,2.9355,2.9052,2.8602,2.8065,2.74,2.6657,2.5904,2.5152,2.4428,2.3783,2.3216,2.2737,2.2346,2.2053,2.1623,2.1134,2.0802,2.0538,2.0293,2.0029,1.9726,1.9384,1.9032,1.869,1.8368,1.8113,1.7918,1.7801,1.7752,1.7752,1.781,1.7908,1.8025,1.8143,1.825,1.8338,1.8397,1.8416,1.8377,1.8299,1.8182,1.8006,1.7781,1.7507,1.7204,1.6862,1.65,1.6129,1.5748,1.5367,1.4995,1.4653,1.4379,1.4125,1.3842,1.3548,1.3275,1.3021,1.2786,1.2561,1.2366,1.2199,1.2053,1.1935,1.1887,1.1926,1.2092,1.2454,1.3069,1.3969,1.5122,1.6471,1.7928,1.9365,2.0665,2.173,2.2502,2.2952,2.3118,2.305,2.2757,2.2278,2.1672,2.0968,2.0215,1.9472,1.8759,1.8094,1.7507,1.7058,1.6706,1.6403,1.6168,1.6022,1.5943,1.5894,1.5846,1.5777,1.566,1.5503,1.5318,1.5112,1.4936,1.48,1.4663,1.4545,1.4457,1.4409,1.4389,1.4399,1.4428,1.4467,1.4516,1.4585,1.4643,1.4702,1.4731,1.4721,1.4692,1.4624,1.4516,1.4389,1.4252,1.4086,1.391,1.3734,1.3558,1.3431,1.3333,1.3206,1.3089,1.2972,1.2854,1.2727,1.262,1.2522,1.2434,1.2375,1.2346,1.2346,1.2356,1.2346,1.2336,1.2307,1.2268,1.2248,1.2287,1.2454,1.2835,1.349,1.4467,1.5777,1.7107,1.8475,2.0068,2.1662,2.3089,2.4233,2.5034,2.5474,2.5572,2.5386,2.4956,2.436,2.3754,2.3118,2.2405,2.1691,2.1017,2.0401,1.9873,1.9453,1.9159,1.8983,1.8895,1.8886,1.8925,1.8974,1.8993,1.8993,1.8935,1.8807,1.8612,1.8368,1.8113,1.7849,1.7605,1.7419,1.7292,1.7224,1.7195,1.7204,1.7253,1.7322,1.74,1.7478,1.7546,1.7595,1.7615,1.7605,1.7546,1.7458,1.7361,1.7253,1.7126,1.697,1.6784,1.6579,1.6373,1.6178,1.5982,1.5777,1.5562,1.5357,1.521,1.5093,1.4956,1.4809,1.4653,1.4516,1.4409,1.434,1.4311,1.4301,1.4311,1.433,1.436,1.4428,1.4536,1.4741,1.5093,1.564,1.6432,1.7478,1.8759,2.0205,2.173,2.3226,2.4594,2.5621,2.6373,2.6999,2.74,2.7566,2.7507,2.7253,2.6833,2.6276,2.564,2.4966,2.4282,2.3666,2.3109,2.2551,2.2043,2.1593,2.1212,2.0899,2.0635,2.0391,2.0166,1.9961,1.9726,1.9453,1.9189,1.8915,1.8602,1.828,1.7977,1.7732,1.7644,1.7674,1.7713,1.7781,1.7879,1.7996,1.8104,1.8201,1.8299,1.8368,1.8397,1.8377,1.8289,1.8152,1.7967,1.7742,1.2864,1.2776,1.2395,1.1877,1.1613,1.1466,1.1388,1.1349,1.132,1.1329,1.1427,1.1711,1.2268,1.3157,1.4409,1.6002,1.7869,1.9853,2.1574,2.306,2.4506,2.5699,2.6549,2.7009,2.7097,2.6862,2.6383,2.5718,2.4936,2.4076,2.3216,2.2473,2.1818,2.1193,2.0635,2.0186,1.9844,1.9619,1.9492,1.9443,1.9423,1.9423,1.9404,1.9345,1.9238,1.9071,1.8847,1.8592,1.8328,1.8084,1.7869,1.7693,1.7586,1.7537,1.7537,1.7576,1.7634,1.7683,1.7732,1.7771,1.7801,1.781,1.7791,1.7722,1.7615,1.7478,1.7302,1.7077,1.6862,1.6647,1.6393,1.6119,1.5846,1.5582,1.5318,1.5044,1.478,1.4536,1.4311,1.4106,1.393,1.3812,1.3734,1.3666,1.3627,1.3617,1.3627,1.3646,1.3675,1.3715,1.3783,1.391,1.4145,1.4448,1.4897,1.563,1.6676,1.8016,1.9589,2.1281,2.2991,2.4604,2.6012,2.7155,2.7986,2.8514,2.8729,2.87,2.8465,2.8045,2.7468,2.6755,2.5943,2.5093,2.4242,2.3441,2.2708,2.2063,2.1544,2.1114,2.0733,2.0411,2.0137,1.9873,1.9619,1.9345,1.9032,1.8671,1.828,1.7879,1.7498,1.7185,1.6931,1.6716,1.6569,1.65,1.6491,1.651,1.6559,1.6637,1.6716,1.6784,1.6843,1.6882,1.6882,1.6843,1.6755,1.6608,1.6403,1.6139,1.5826,1.5484,1.5112,1.4712,1.4301,1.3861,1.349,1.3157,1.2776,1.2395,1.2023,1.1681,1.1388,1.1105,1.0841,1.0587,1.0342,1.0108,0.99316,0.98045,0.96774,0.9609,0.96872,1,1.0606,1.1574,1.2893,1.4477,1.6227,1.8016,1.9697,2.1017,2.1994,2.2786,2.3284,2.347,2.3353,2.2981,2.2414,2.1701,2.088,2,1.913,1.8397,1.7771,1.7175,1.6647,1.6217,1.5904,1.5709,1.5591,1.5533,1.5494,1.5445,1.5347,1.5181,1.5005,1.4809,1.4575,1.433,1.4106,1.391,1.3763,1.3666,1.3617,1.3617,1.3656,1.3724,1.3812,1.3891,1.3939,1.3969,1.3969,1.3949,1.391,1.3842,1.3744,1.3636,1.3509,1.3353,1.3206,1.306,1.2874,1.2678,1.2493,1.2317,1.2141,1.1965,1.1799,1.1642,1.1496,1.1369,1.1281,1.1232,1.1212,1.1173,1.1134,1.1075,1.1017,1.0958,1.0899,1.0909,1.1065,1.1466,1.219,1.3069,1.4184,1.5728,1.7732,1.9932,2.1926,2.3646,2.5024,2.6012,2.6598,2.6813,2.6696,2.6325,2.5826,2.522,2.4487,2.3695,2.2903,2.216,2.1496,2.0919,2.0459,2.0127,1.9902,1.9775,1.9707,1.9687,1.9707,1.9726,1.9707,1.9629,1.9482,1.9267,1.8993,1.87,1.8407,1.8143,1.7908,1.7732,1.7605,1.7507,1.7429,1.739,1.737,1.7361,1.737,1.737,1.7361,1.7341,1.7302,1.7253,1.7185,1.7077,1.6931,1.6764,1.6579,1.6383,1.6168,1.5934,1.5709,1.5503,1.5308,1.5112,1.4966,1.4848,1.4712,1.4565,1.4428,1.4301,1.4174,1.4047,1.392,1.3803,1.3695,1.3587,1.3519,1.349,1.3509,1.3656,1.4037,1.4751,1.5846,1.7312,1.911,2.1095,2.3099,2.4976,2.6608,2.7771,2.8524,2.9042,2.9257,2.9189,2.8866,2.8348,2.7703,2.6999,2.6276,2.5562,2.4888,2.433,2.3851,2.3402,2.3021,2.2708,2.2463,2.2287,2.216,2.2053,2.1935,2.1799,2.1593,2.132,2.1026,2.0704,2.0332,1.9922,1.9521,1.9159,1.8847,1.8602,1.8446,1.8368,1.8348,1.8387,1.8456,1.8543,1.8671,1.8807,1.8935,1.9042,1.911,1.913,1.9091,1.9003,1.8866,1.8671,1.8436,1.8211,1.7977,1.7713,1.7429,1.7136,1.6833,1.653,1.6237,1.5934,1.564,1.5367,1.5112,1.4907,1.4741,1.4565,1.4418,1.4282,1.4154,1.4047,1.3959,1.391,1.3969,1.4194,1.4663,1.5435,1.6315,1.7361,1.8759,2.0381,2.2063,2.3666,2.5083,2.6227,2.7058,2.7556,2.7732,2.7615,2.7312,2.6843,2.6188,2.5376,2.4467,2.3539,2.261,2.172,2.089,2.0156,1.9521,1.8993,1.8592,1.828,1.7967,1.7664,1.737,1.7067,1.6755,1.6452,1.6168,1.5914,1.5699,1.5552,1.5474,1.5435,1.5445,1.5484,1.5533,1.5582,1.563,1.565,1.566,1.565,1.5601,1.5494,1.5337,1.5171,1.4976,1.4721,1.4418,1.4076,1.3724,1.3402,1.3079,1.2757,1.2444,1.2131,1.1857,1.1613,1.1437,1.129,1.1105,1.0919,1.0753,1.0616,1.0508,1.0401,1.0293,1.0176,1.0059,0.99609,0.99316,1,1.0186,1.0606,1.1349,1.2454,1.391,1.564,1.7537,1.9453,2.1241,2.2776,2.3969,2.4721,2.5112,2.5249,2.5112,2.4741,2.4174,2.347,2.2688,2.1887,2.1183,2.0577,2.002,1.957,1.9218,1.8925,1.8729,1.8622,1.8583,1.8583,1.8592,1.8583,1.8524,1.8407,1.8221,1.7977,1.7732,1.7507,1.7263,1.7038,1.6852,1.6725,1.6647,1.6628,1.6647,1.6696,1.6774,1.6852,1.6931,1.6999,1.7058,1.7097,1.7107,1.7087,1.7038,1.696,1.6852,1.6725,1.6569,1.6393,1.6188,1.6022,1.5855,1.566,1.5445,1.522,1.5024,1.4839,1.4653,1.4487,1.435,1.4223,1.4115,1.4047,1.3969,1.3851,1.3724,1.3587,1.347,1.3412,1.3509,1.3851,1.4516,1.5533,1.6901,1.8563,2.0137,2.1652,2.3304,2.4848,2.6139,2.7097,2.7693,2.7937,2.7859,2.7537,2.7009,2.6364,2.5728,2.5103,2.4448,2.3803,2.3206,2.2708,2.2326,2.2033,2.1848,2.175,2.1701,2.1672,2.1662,2.1632,2.1574,2.1476,2.131,2.1095,2.0841,2.0557,2.0274,1.998,1.9707,1.9482,1.9316,1.9198,1.911,1.9071,1.9062,1.9071,1.9091,1.912,1.913,1.912,1.9062,1.8964,1.8827,1.8661,1.8495,1.8328,1.8113,1.7859,1.7605,1.7341,1.7087,1.6833,1.6579,1.6334,1.61,1.5885,1.5709,1.5552,1.5376,1.521,1.5064,1.4927,1.4819,1.4731,1.4663,1.4594,1.4545,1.4545,1.4624,1.479,1.5103,1.567,1.654,1.7693,1.9101,2.0684,2.2356,2.3998,2.5503,2.6794,2.7801,2.8436,2.8768,2.8915,2.8856,2.8602,2.8182,2.7634,2.6989,2.6276,2.5543,2.4829,2.4164,2.3607,2.3128,2.2669,2.2268,2.1906,2.1584,2.129,2.1007,2.0723,2.0411,2.0068,1.9707,1.9316,1.8974,1.8671,1.8358,1.8084,1.7889,1.7771,1.7732,1.7761,1.7859,1.7996,1.8162,1.8338,1.8485,1.8592,1.8671,1.871,1.87,1.8641,1.8524,1.8348,1.8113,1.783,1.7498,1.7136,1.6735,1.6364,1.6012,1.5621,1.521,1.48,1.4418,1.4066,1.3724,1.3421,1.3148,1.2903,1.2698,1.2551,1.2434,1.2287,1.216,1.2063,1.2043,1.218,1.2532,1.3177,1.4145,1.5406,1.6891,1.8485,1.9863,2.1046,2.218,2.3099,2.3734,2.4047,2.4047,2.3783,2.3294,2.2639,2.1867,2.1026,2.0274,1.958,1.8847,1.8143,1.7517,1.6999,1.6579,1.6266,1.6061,1.5934,1.5846,1.5758,1.566,1.5572,1.5474,1.5318,1.4878,1.4301,1.393,1.3695,1.3578,1.3539,1.3568,1.3646,1.3754,1.3861,1.3969,1.4066,1.4145,1.4194,1.4213,1.4194,1.4145,1.4066,1.3959,1.3842,1.3705,1.3529,1.3372,1.3206,1.3001,1.2786,1.2551,1.2326,1.2111,1.1906,1.1701,1.1515,1.1359,1.1222,1.1124,1.1056,1.0978,1.0929,1.088,1.0831,1.0782,1.0733,1.0704,1.0723,1.0899,1.132,1.2072,1.2991,1.4154,1.5758,1.7644,1.9677,2.1681,2.347,2.4917,2.5963,2.6569,2.6774,2.6608,2.6227,2.5679,2.4946,2.4115,2.3236,2.2356,2.1515,2.0762,2.0117,1.9599,1.9218,1.8964,1.8837,1.8798,1.8817,1.8866,1.8905,1.8905,1.8856,1.8749,1.8553,1.8289,1.8006,1.7732,1.7468,1.7263,1.7107,1.6999,1.695,1.694,1.696,1.6999,1.7048,1.7107,1.7155,1.7175,1.7175,1.7155,1.7116,1.7058,1.697,1.6852,1.6716,1.6559,1.6373,1.6168,1.5943,1.5709,1.5455,1.521,1.5005,1.4819,1.4594,1.436,1.4145,1.3939,1.3754,1.3597,1.347,1.3372,1.3294,1.3245,1.3206,1.3196,1.3206,1.3275,1.346,1.3832,1.4477,1.5425,1.6716,1.8309,2.0127,2.2043,2.393,2.5474,2.6706,2.784,2.8739,2.9326,2.958,2.955,2.9257,2.8768,2.8113,2.7351,2.654,2.5777,2.5064,2.4321,2.3597,2.2933,2.2336,2.1828,2.1408,2.1065,2.0782,2.0528,2.0283,2.002,1.9775,1.9501,1.9159,1.8778,1.8407,1.8065,1.7781,1.7556,1.74,1.7322,1.7322,1.739,1.7478,1.7595,1.7732,1.7849,1.7937,1.7986,1.7996,1.7947,1.7849,1.7683,1.7458,1.7185,1.6862,1.6549,1.6237,1.5855,1.5425,1.4966,1.4506,1.4057,1.3597,1.3157,1.2727,1.2326,1.1975,1.1711,1.1515,1.132,1.1134,1.0968,1.0821,1.0714,1.0645,1.0684,1.0909,1.1398,1.2219,1.3372,1.4604,1.5924,1.7498,1.914,2.0674,2.1975,2.2962,2.3578,2.3832,2.3744,2.3353,2.2747,2.2092,2.1378,2.0528,1.9638,1.8768,1.7967,1.7283,1.6706,1.6237,1.5894,1.566,1.5503,1.5425,1.5386,1.5347,1.5288,1.5191,1.5064,1.4897,1.4721,1.4555,1.4399,1.4272,1.4194,1.4174,1.4203,1.4262,1.435,1.4467,1.4585,1.4692,1.479,1.4858,1.4897,1.4888,1.4741,1.4506,1.4311,1.4154,1.4008,1.3812,1.3587,1.3343,1.3089,1.2835,1.26,1.2395,1.2209,1.2033,1.1857,1.174,1.1662,1.1574,1.1486,1.1417,1.1378,1.1359,1.1349,1.1349,1.1339,1.132,1.1339,1.1447,1.1662,1.2082,1.2854,1.4027,1.5591,1.7488,1.9599,2.173,2.3695,2.5357,2.6618,2.7429,2.7801,2.782,2.7566,2.7058,2.6354,2.5523,2.4624,2.3715,2.2845,2.2043,2.1349,2.0802,2.0391,2.0088,1.9883,1.9765,1.9717,1.9707,1.9726,1.9726,1.9687,1.9599,1.9443,1.9228,1.8993,1.8778,1.8573,1.8368,1.8201,1.8084,1.8025,1.8035,1.8084,1.8172,1.827,1.8368,1.8456,1.8504,1.8524,1.8495,1.8416,1.8289,1.8133,1.7928,1.7693,1.7439,1.7175,1.6891,1.6608,1.6334,1.61,1.5885,1.565,1.5425,1.521,1.5005,1.48,1.4624,1.4497,1.4409,1.435,1.4311,1.4301,1.433,1.436,1.4389,1.4418,1.4448,1.4516,1.4702,1.5083,1.5728,1.6667,1.7918,1.9433,2.088,2.2278,2.3861,2.5425,2.6804,2.7898,2.868,2.914,2.9277,2.914,2.8759,2.8182,2.7527,2.6843,2.6061,2.522,2.4389,2.3597,2.2874,2.2239,2.1691,2.1222,2.0831,2.0479,2.0156,1.9873,1.9589,1.9257,1.8876,1.8436,1.7977,1.7517,1.7077,1.6706,1.6422,1.6227,1.6119,1.609,1.6139,1.6246,1.6383,1.6549,1.6716,1.6862,1.6979,1.7038,1.7038,1.696,1.6813,1.6588,1.6344,1.6061,1.5699,1.5288,1.4839,1.436,1.3881,1.3412,1.2952,1.2502,1.2063,1.1652,1.1339,1.1085,1.0811,1.0547,1.0313,1.0098,0.9912,0.97361,0.95797,0.94721,0.94819,0.96774,1.0137,1.0762,1.1623,1.2884,1.4477,1.6266,1.8113,1.9853,2.1378,2.2561,2.3353,2.3763,2.3812,2.3607,2.3196,2.2571,2.1799,2.0938,2.0049,1.915,1.8299,1.7546,1.6911,1.6403,1.6022,1.5758,1.5621,1.5562,1.5533,1.5503,1.5464,1.5376,1.522,1.4995,1.4721,1.4438,1.4164,1.392,1.3763,1.3666,1.3597,1.3578,1.3597,1.3656,1.3734,1.3822,1.392,1.4018,1.4106,1.4164,1.4194,1.4203,1.4194,1.4135,1.4027,1.3881,1.3705,1.3519,1.3324,1.3128,1.2933,1.2737,1.2542,1.2395,1.2278,1.2121,1.1945,1.1906,1.1945,1.1896,1.1808,1.1691,1.1574,1.1447,1.132,1.1193,1.1124,1.1124,1.1222,1.1525,1.2151,1.3167,1.4594,1.6383,1.8426,2.0557,2.261,2.4428,2.5758,2.6637,2.7243,2.7498,2.741,2.7038,2.6442,2.5689,2.4858,2.3988,2.3128,2.2326,2.1623,2.1075,2.0665,2.0323,2.0068,1.9922,1.9863,1.9863,1.9883,1.9873,1.9824,1.9707,1.9521,1.9306,1.9081,1.8807,1.8534,1.827,1.8035,1.7859,1.7732,1.7674,1.7664,1.7693,1.7761,1.7849,1.7928,1.7996,1.8055,1.8094,1.8094,1.8055,1.7967,1.783,1.7654,1.7449,1.7224,1.6999,1.6794,1.6588,1.6354,1.6109,1.5855,1.5591,1.5347,1.5132,1.4946,1.478,1.4643,1.4526,1.4457,1.4428,1.4399,1.4379,1.4389,1.4409,1.4448,1.4516,1.4653,1.4927,1.5415,1.6168,1.7243,1.8397,1.9658,2.1241,2.2972,2.4692,2.6276,2.7615,2.8661,2.9374,2.9775,2.9873,2.9717,2.9374,2.8905,2.8289,2.7556,2.6755,2.5943,2.5161,2.4428,2.3754,2.3157,2.2659,2.2239,2.1857,2.1535,2.1241,2.0929,2.0577,2.0186,1.9756,1.9296,1.8827,1.8368,1.7937,1.7576,1.7312,1.7146,1.7067,1.7067,1.7116,1.7224,1.738,1.7556,1.7722,1.7869,1.7977,1.8025,1.8016,1.7937,1.782,1.7644,1.739,1.7067,1.6676,1.6256,1.5806,1.5337,1.4848,1.437,1.39,1.3451,1.3099,1.2805,1.2493,1.218,1.1877,1.1613,1.1378,1.1153,1.0929,1.0723,1.0547,1.043,1.0459,1.0635,1.1017,1.172,1.2786,1.4203,1.5865,1.7674,1.9482,2.1153,2.2542,2.3558,2.4194,2.4457,2.4418,2.4115,2.3578,2.2864,2.2033,2.1153,2.0274,1.9433,1.8671,1.8016,1.7468,1.7028,1.6725,1.653,1.6403,1.6325,1.6266,1.6207,1.6139,1.6041,1.5885,1.567,1.5415,1.5152,1.4946,1.48,1.4673,1.4594,1.4565,1.4585,1.4643,1.4721,1.4809,1.4888,1.4936,1.4976,1.5015,1.5044,1.5054,1.5034,1.5005,1.4946,1.4848,1.4712,1.4536,1.434,1.4145,1.3939,1.3734,1.3568,1.3431,1.3275,1.3109,1.2942,1.2776,1.261,1.2463,1.2346,1.2239,1.2141,1.2063,1.1975,1.1906,1.1877,1.1857,1.1906,1.2131,1.263,1.349,1.4761,1.6413,1.8348,2.0371,2.2326,2.393,2.5181,2.6276,2.7038,2.7419,2.7429,2.7107,2.654,2.5806,2.4976,2.4115,2.3275,2.2502,2.1867,2.1349,2.0909,2.0567,2.0313,2.0156,2.0078,2.0059,2.0059,2.0059,2.002,1.9922,1.9795,1.9619,1.9374,1.9081,1.8778,1.8475,1.8211,1.8016,1.7879,1.782,1.783,1.7869,1.7928,1.7986,1.8065,1.8143,1.8192,1.8201,1.8172,1.8104,1.7996,1.7849,1.7654,1.7429,1.7175,1.695,1.6706,1.6413,1.6109,1.5806,1.5484,1.5171,1.4897,1.4643,1.4399,1.4164,1.3969,1.3842,1.3744,1.3646,1.3578,1.3548,1.3558,1.3607,1.3685,1.3793,1.3978,1.4272,1.4721,1.5425,1.6227,1.7185,1.8514,2.0108,2.1848,2.3597,2.523,2.6657,2.781,2.8641,2.915,2.9345,2.9277,2.8993,2.8504,2.7849,2.7087,2.6266,2.5435,2.4633,2.3891,2.3216,2.2639,2.2151,2.173,2.1388,2.1105,2.0841,2.0567,2.0283,1.9971,1.9599,1.9169,1.871,1.8231,1.7752,1.7312,1.6979,1.6735,1.654,1.6413,1.6373,1.6413,1.651,1.6637,1.6774,1.6911,1.7038,1.7126,1.7175,1.7185,1.7146,1.7048,1.6872,1.6618,1.6305,1.5934,1.5513,1.5064,1.4594,1.4115,1.3646,1.3255,1.2913,1.2522,1.2121,1.174,1.1388,1.1056,1.0772,1.0508,1.0274,1.0059,0.98631,0.97361,0.97067,0.98143,1.0098,1.0665,1.1574,1.2835,1.4409,1.6188,1.8035,1.9804,2.1339,2.2532,2.3284,2.3666,2.3773,2.3597,2.3167,2.2522,2.174,2.088,1.998,1.9101,1.826,1.7507,1.6862,1.6383,1.6051,1.5777,1.5591,1.5494,1.5435,1.5376,1.5298,1.5181,1.5015,1.48,1.4545,1.4321,1.4125,1.392,1.3754,1.3636,1.3578,1.3558,1.3578,1.3636,1.3715,1.3803,1.39,1.3998,1.4086,1.4154,1.4194,1.4203,1.4184,1.4106,1.3978,1.3822,1.3636,1.3441,1.3226,1.3011,1.2864,1.2737,1.2581,1.2414,1.2239,1.2053,1.1877,1.172,1.1574,1.1437,1.1329,1.1241,1.1163,1.1105,1.1046,1.0958,1.086,1.0811,1.089,1.1183,1.1799,1.2815,1.4242,1.6031,1.8074,1.9932,2.1613,2.3353,2.4907,2.609,2.6852,2.7185,2.7136,2.6764,2.6149,2.5376,2.4506,2.3607,2.2825,2.2121,2.1427,2.0821,2.042,2.0196,2.002,1.9922,1.9902,1.9922,1.9971,2.001,2.001,1.9951,1.9814,1.9609,1.9355,1.9071,1.8778,1.8495,1.827,1.8104,1.8006,1.7967,1.7957,1.7977,1.8035,1.8113,1.8182,1.8231,1.827,1.828,1.826,1.8201,1.8104,1.7967,1.7781,1.7595,1.741,1.7175,1.6901,1.6598,1.6285,1.5963,1.565,1.5357,1.5073,1.4819,1.4575,1.4379,1.4223,1.4076,1.393,1.3803,1.3705,1.3646,1.3617,1.3617,1.3656,1.3734,1.3881,1.4145,1.4506,1.5044,1.5904,1.7107,1.8622,2.0362,2.2219,2.4076,2.5787,2.7253,2.8426,2.9257,2.9707,2.9844,2.9756,2.9443,2.8944,2.8289,2.7517,2.6676,2.5806,2.4956,2.4164,2.346,2.2845,2.2356,2.1965,2.1623,2.1339,2.1085,2.0831,2.0567,2.0283,1.9941,1.955,1.911,1.8651,1.825,1.7889,1.7527,1.7224,1.6989,1.6843,1.6784,1.6804,1.6891,1.7019,1.7165,1.7302,1.7419,1.7498,1.7527,1.7507,1.7429,1.7302,1.7126,1.6882,1.6579,1.6237,1.5855,1.5435,1.4985,1.4594,1.4242,1.3822,1.3372,1.2933,1.2512,1.2131,1.1779,1.1476,1.1212,1.0987,1.0802,1.0626,1.0499,1.0411,1.0342,1.0362,1.0557,1.1017,1.1799,1.2933,1.4399,1.61,1.7889,1.9648,2.1056,2.2141,2.306,2.3685,2.3969,2.391,2.3558,2.2962,2.2209,2.1359,2.045,1.9541,1.8661,1.7937,1.7341,1.6764,1.6256,1.5855,1.5572,1.5396,1.5308,1.5249,1.52,1.5112,1.4976,1.4819,1.4643,1.4409,1.4145,1.391,1.3724,1.3597,1.3548,1.3558,1.3597,1.3675,1.3763,1.3851,1.3949,1.4037,1.4096,1.4125,1.4145,1.4135,1.4086,1.4008,1.3891,1.3744,1.3548,1.3333,1.3157,1.3001,1.2805,1.2581,1.2366,1.218,1.2014,1.1867,1.172,2.7703,2.7478,1.4096,1.4389,1.4897,1.5689,1.6823,1.828,2,2.1887,2.3812,2.565,2.7283,2.8612,2.9511,3.0049,3.0362,3.0411,3.0225,2.9824,2.9247,2.8543,2.7761,2.694,2.6119,2.5327,2.4448,2.3548,2.2805,2.2209,2.173,2.1329,2.0997,2.0704,2.0411,2.0108,1.9765,1.9365,1.8915,1.8504,1.8123,1.7713,1.7312,1.6979,1.6755,1.6628,1.6588,1.6628,1.6735,1.6901,1.7097,1.7273,1.7429,1.7576,1.7683,1.7732,1.7713,1.7625,1.7458,1.7214,1.6901,1.654,1.6139,1.5709,1.5327,1.4956,1.4516,1.4057,1.3597,1.3148,1.2727,1.2326,1.1955,1.1613,1.131,1.1036,1.085,1.0704,1.0538,1.0362,1.0215,1.0147,1.0225,1.0528,1.1144,1.2121,1.346,1.5103,1.694,1.8592,2.0059,2.1525,2.2776,2.3675,2.4184,2.4311,2.4106,2.3617,2.2903,2.2023,2.1065,2.0205,1.9404,1.8563,1.7752,1.7028,1.6413,1.5924,1.5562,1.5318,1.5152,1.5034,1.4946,1.4848,1.4751,1.4633,1.4448,1.4213,1.3959,1.3724,1.3548,1.3421,1.3363,1.3353,1.3402,1.349,1.3587,1.3685,1.3783,1.3891,1.3969,1.4018,1.4037,1.4018,1.3949,1.3832,1.3695,1.3539,1.3392,1.3236,1.303,1.2805,1.2571,1.2346,1.2111,1.1887,1.1662,1.1466,1.129,1.1134,1.0997,1.0899,1.0841,1.0782,1.0714,1.0655,1.0587,1.0528,1.0489,1.0469,1.0508,1.0674,1.1075,1.1652,1.2493,1.3793,1.5523,1.7546,1.9717,2.1857,2.3783,2.5386,2.6579,2.7322,2.7644,2.7576,2.7263,2.6764,2.6061,2.523,2.4321,2.3402,2.2532,2.174,2.1065,2.0518,2.0098,1.9814,1.9638,1.955,1.9531,1.955,1.9589,1.9589,1.9521,1.9374,1.915,1.8856,1.8553,1.825,1.7977,1.7771,1.7634,1.7556,1.7527,1.7546,1.7605,1.7674,1.7732,1.7791,1.784,1.7859,1.7849,1.782,1.7761,1.7664,1.7537,1.7361,1.7136,1.6891,1.6618,1.6334,1.6051,1.5758,1.5455,1.5142,1.4878,1.4643,1.4399,1.4164,1.393,1.3724,1.3548,1.3412,1.3294,1.3206,1.3148,1.3118,1.3128,1.3167,1.3245,1.3392,1.3656,1.4096,1.479,1.5797,1.7136,1.8768,2.0616,2.2561,2.4467,2.5992,2.7204,2.8328,2.9218,2.9814,3.0088,3.0068,2.9795,2.9296,2.8631,2.7869,2.7038,2.6246,2.5513,2.4751,2.4018,2.3333,2.2727,2.2219,2.1779,2.1417,2.1095,2.0782,2.0469,2.0147,1.9824,1.9482,1.9062,1.8602,1.8143,1.7713,1.7292,1.6931,1.6696,1.6579,1.6559,1.6608,1.6696,1.6813,1.697,1.7126,1.7253,1.7341,1.739,1.738,1.7312,1.7175,1.697,1.6716,1.6403,1.61,1.5787,1.5406,1.4976,1.4506,1.4008,1.3519,1.305,1.259,1.216,1.175,1.1378,1.1105,1.089,1.0684,1.0499,1.0323,1.0156,1.002,0.99511,1,1.0244,1.0753,1.1593,1.2786,1.4066,1.5455,1.7146,1.8925,2.0616,2.2063,2.3167,2.3881,2.4203,2.4174,2.3861,2.3324,2.2708,2.2023,2.1202,2.0323,1.9443,1.8612,1.7859,1.7224,1.6696,1.6276,1.5963,1.5758,1.564,1.5572,1.5523,1.5445,1.5318,1.5132,1.4907,1.4653,1.4389,1.4135,1.392,1.3754,1.3636,1.3587,1.3597,1.3646,1.3744,1.3871,1.3998,1.4115,1.4203,1.4262,1.4282,1.4252,1.4184,1.4106,1.4018,1.3861,1.3666,1.3441,1.3196,1.2952,1.2708,1.2473,1.2239,1.2023,1.1818,1.1623,1.1476,1.1378,1.1271,1.1153,1.1046,1.0958,1.089,1.0841,1.0792,1.0723,1.0655,1.0606,1.0616,1.0762,1.1114,1.1789,1.2874,1.437,1.6227,1.8328,2.0499,2.2551,2.434,2.5758,2.6745,2.7283,2.7439,2.7331,2.696,2.6383,2.565,2.4819,2.3949,2.3089,2.2287,2.1584,2.0997,2.0547,2.0205,1.9932,1.9756,1.9668,1.9619,1.9589,1.955,1.9482,1.9355,1.9169,1.8905,1.8583,1.8299,1.8045,1.7781,1.7566,1.74,1.7283,1.7224,1.7204,1.7234,1.7273,1.7302,1.7331,1.7341,1.7331,1.7273,1.7175,1.7038,1.6862,1.6657,1.6442,1.6217,1.5992,1.5767,1.5552,1.5347,1.5181,1.5034,1.4868,1.4692,1.4545,1.4418,1.4321,1.4262,1.4213,1.4174,1.4125,1.4076,1.4037,1.3988,1.392,1.3822,1.3685,1.3548,1.3451,1.3451,1.3636,1.4106,1.4946,1.6188,1.781,1.9423,2.1046,2.2933,2.4839,2.6579,2.8025,2.911,2.9804,3.0137,3.0127,2.9844,2.9335,2.8719,2.8035,2.7234,2.6383,2.5543,2.4731,2.3978,2.3304,2.2708,2.217,2.1711,2.131,2.0948,2.0645,2.0371,2.0068,1.9726,1.9345,1.8935,1.8524,1.8113,1.7752,1.7478,1.7292,1.7204,1.7185,1.7224,1.7331,1.7458,1.7605,1.7752,1.7879,1.7977,1.8025,1.8006,1.7918,1.7771,1.7576,1.7351,1.7097,1.6813,1.65,1.6158,1.5797,1.5425,1.5044,1.4643,1.4233,1.3842,1.349,1.3206,1.2972,1.2737,1.2522,1.2346,1.2209,1.2092,1.1984,1.1887,1.1799,1.174,1.175,1.1896,1.218,1.2659,1.3451,1.4565,1.5973,1.7576,1.9228,2.0792,2.216,2.3226,2.3939,2.4291,2.433,2.4115,2.3666,2.3021,2.2219,2.1329,2.0371,1.9394,1.8436,1.7546,1.6764,1.6109,1.5621,1.5249,1.4917,1.4653,1.4448,1.4252,1.4057,1.3832,1.3587,1.3343,1.3109,1.2913,1.2757,1.2678,1.2669,1.2688,1.2766,1.2884,1.304,1.3196,1.3324,1.3441,1.3539,1.3597,1.3617,1.3627,1.3597,1.3519,1.3402,1.3236,1.3021,1.2776,1.2512,1.2239,1.1965,1.1691,1.1437,1.1183,1.0987,1.0831,1.0645,1.0459,1.0283,1.0127,0.99902,0.98925,0.9824,0.97752,0.97361,0.96774,0.96481,0.96383,0.9609,0.95992,0.96872,0.99511,1.0499,1.1398,1.2688,1.436,1.6315,1.8426,2.0538,2.2268,2.3646,2.4888,2.5816,2.6364,2.6549,2.6413,2.5992,2.5357,2.4575,2.3724,2.2845,2.2072,2.1378,2.0684,2.0059,1.955,1.915,1.8876,1.8719,1.8641,1.8612,1.8592,1.8553,1.8456,1.8338,1.8172,1.7937,1.7654,1.737,1.7097,1.6852,1.6667,1.653,1.6442,1.6403,1.6383,1.6373,1.6373,1.6383,1.6383,1.6373,1.6354,1.6315,1.6246,1.6139,1.6002,1.5846,1.5679,1.5494,1.5337,1.52,1.5034,1.4858,1.4692,1.4526,1.437,1.4213,1.4047,1.3861,1.3666,1.348,1.3343,1.3226,1.3089,1.2942,1.2786,1.2649,1.2512,1.2366,1.2219,1.2092,1.2014,1.2063,1.2336,1.2776,1.348,1.4624,1.6178,1.8084,2.0205,2.2385,2.4467,2.6325,2.7859,2.9022,2.9785,3.0147,3.0176,2.9971,2.9541,2.8915,2.8152,2.7302,2.6393,2.5474,2.4585,2.3754,2.3001,2.2346,2.1828,2.1408,2.1056,2.0753,2.0489,2.0235,1.9971,1.9668,1.9316,1.8915,1.8495,1.8094,1.7752,1.7468,1.7234,1.7067,1.6979,1.6979,1.7048,1.7185,1.737,1.7566,1.7761,1.7937,1.8074,1.8162,1.8192,1.8152,1.8035,1.7849,1.7615,1.7312,1.696,1.6559,1.6119,1.565,1.5171,1.4761,1.4389,1.3978,1.3568,1.3177,1.2805,1.2454,1.2229,1.2092,1.1935,1.1789,1.1652,1.1515,1.1417,1.1349,1.131,1.1369,1.1593,1.2072,1.2864,1.3978,1.5376,1.697,1.8622,2.0186,2.1417,2.2356,2.3157,2.3685,2.391,2.3832,2.349,2.2923,2.2199,2.1378,2.0508,1.9629,1.8866,1.8192,1.7517,1.6901,1.6354,1.5904,1.5552,1.5269,1.5044,1.4848,1.4663,1.4477,1.4262,1.4066,1.3891,1.3695,1.35,1.3333,1.3226,1.3177,1.3196,1.3284,1.3421,1.3578,1.3734,1.3891,1.4027,1.4145,1.4233,1.4282,1.4301,1.4282,1.4223,1.4115,1.3969,1.3783,1.3578,1.3343,1.3138,1.2952,1.2737,1.2522,1.2317,1.2121,1.1935,1.175,1.1574,1.1398,1.1251,1.1124,1.1046,1.1017,1.0987,1.0948,1.0899,1.0841,1.0782,1.0762,1.0821,1.1026,1.1466,1.2219,1.3363,1.4614,1.6031,1.783,1.9814,2.1779,2.3558,2.5024,2.61,2.6764,2.7028,2.695,2.6588,2.609,2.5494,2.4751,2.393,2.3099,2.2297,2.1544,2.088,2.0332,1.9902,1.958,1.9374,1.9277,1.9238,1.9218,1.9208,1.9179,1.9101,1.8974,1.8778,1.8534,1.828,1.8016,1.7761,1.7537,1.738,1.7273,1.7204,1.7165,1.7165,1.7195,1.7224,1.7253,1.7263,1.7273,1.7273,1.7263,1.7214,1.7155,1.7087,1.6979,1.6823,1.6628,1.6422,1.6197,1.5953,1.5709,1.5464,1.522,1.4976,1.478,1.4604,1.4399,1.4184,1.3969,1.3773,1.3587,1.3431,1.3294,1.3167,1.305,1.2962,1.2893,1.2854,1.2854,1.2923,1.3148,1.3636,1.4448,1.5611,1.7126,1.8925,2.088,2.2854,2.4712,2.6158,2.7263,2.8221,2.8915,2.9316,2.9413,2.9238,2.8827,2.824,2.7517,2.6716,2.5885,2.5064,2.4321,2.3646,2.2991,2.2375,2.1818,2.1349,2.0948,2.0596,2.0283,1.999,1.9697,1.9384,1.9091,1.8798,1.8456,1.8104,1.7781,1.7507,1.7292,1.7165,1.7116,1.7136,1.7214,1.7322,1.7449,1.7566,1.7674,1.7771,1.784,1.7869,1.784,1.7752,1.7605,1.741,1.7155,1.6852,1.651,1.6197,1.5885,1.5513,1.5093,1.4663,1.4223,1.3793,1.3382,1.2981,1.26,1.2258,1.1955,1.175,1.1603,1.1447,1.129,1.1144,1.1007,1.0899,1.085,1.0929,1.1193,1.174,1.261,1.3793,1.5024,1.6256,1.7732,1.9355,2.0899,2.2219,2.3216,2.3851,2.4125,2.4066,2.3705,2.3099,2.2434,2.172,2.089,2,1.9101,1.824,1.7458,1.6774,1.6197,1.5738,1.5386,1.5152,1.4995,1.4907,1.4829,1.4721,1.4575,1.4389,1.4184,1.3959,1.3744,1.3568,1.3431,1.3353,1.3343,1.3382,1.347,1.3587,1.3724,1.3861,1.3988,1.4086,1.4154,1.4174,1.4154,1.4096,1.3998,1.3851,1.3715,1.3558,1.3343,1.3118,1.2874,1.263,1.2375,1.2121,1.1877,1.1642,1.1427,1.1222,1.1085,1.0997,1.089,1.0743,1.0606,1.0528,1.045,1.0381,1.0313,1.0225,1.0137,1.0059,1.002,1.0088,1.0332,1.086,1.174,1.303,1.4702,1.6667,1.8788,2.089,2.2815,2.4438,2.567,2.6422,2.6774,2.6843,2.6628,2.6168,2.5503,2.4702,2.3822,2.2933,2.2063,2.1241,2.0518,1.9902,1.9443,1.911,1.8866,1.8719,1.8651,1.8622,1.8612,1.8573,1.8475,1.8299,1.8055,1.7732,1.7419,1.7126,1.6823,1.6549,1.6325,1.6168,1.608,1.6051,1.6061,1.61,1.6149,1.6207,1.6276,1.6334,1.6373,1.6383,1.6364,1.6305,1.6207,1.609,1.5934,1.5748,1.5552,1.5337,1.5103,1.4897,1.4712,1.4497,1.4272,1.4057,1.3842,1.3617,1.3392,1.3187,1.2991,1.2805,1.2649,1.2502,1.2405,1.2326,1.2239,1.216,1.2121,1.217,1.2385,1.2893,1.3763,1.5054,1.6745,1.8759,2.0626,2.2395,2.433,2.6139,2.7654,2.8768,2.9472,2.9785,2.9756,2.9453,2.8935,2.827,2.7527,2.6813,2.6109,2.5386,2.4692,2.4057,2.348,2.2972,2.2532,2.216,2.1848,2.1584,2.1329,2.1085,2.0841,2.0547,2.0205,1.9814,1.9384,1.8807,1.828,1.7898,1.7517,1.7185,1.6911,1.6716,1.6588,1.652,1.651,1.6549,1.6618,1.6725,1.6843,1.694,1.7019,1.7058,1.7048,1.6989,1.6911,1.6794,1.6618,1.6403,1.6149,1.5855,1.5543,1.521,1.4858,1.4497,1.4145,1.3803,1.3519,1.3265,1.3001,1.2747,1.2502,1.2268,1.2063,1.1887,1.174,1.1623,1.1515,1.1427,1.1378,1.1417,1.1584,1.1945,1.259,1.3558,1.4858,1.6442,1.8231,2.0098,2.1906,2.3539,2.4888,2.5806,2.6373,2.6725,2.6813,2.6628,2.6207,2.5562,2.4751,2.3793,2.2747,2.1711,2.0714,1.9775,1.9003,1.8358,1.7771,1.7263,1.6833,1.6481,1.6197,1.5953,1.5718,1.5484,1.5259,1.5054,1.4897,1.479,1.4702,1.4643,1.4633,1.4653,1.4692,1.4741,1.48,1.4848,1.4878,1.4858,1.48,1.4721,1.4614,1.4438,1.4213,1.3949,1.3646,1.3324,1.2972,1.262,1.2258,1.1896,1.1544,1.1281,1.1056,1.0782,1.0508,1.0235,0.99902,0.97556,0.95406,0.93548,0.91984,0.90616,0.89443,0.8827,0.87586,0.87097,0.86315,0.85533,0.86706,0.88954,0.92082,0.98925,1.0987,1.303,1.5112,1.6716,1.8328,1.9853,2.1437,2.2835,2.391,2.4604,2.4917,2.4878,2.4536,2.3724,2.2864,2.219,2.1369,2.0596,1.9883,1.915,1.8465,1.7879,1.741,1.7077,1.6872,1.6764,1.6735,1.6745,1.6745,1.6725,1.6676,1.6559,1.6373,1.6139,1.5894,1.566,1.5445,1.5269,1.5142,1.5064,1.5024,1.5005,1.5005,1.5034,1.5073,1.5103,1.5112,1.5112,1.5083,1.5015,1.4917,1.48,1.4643,1.4497,1.4399,1.4242,1.3988,1.3724,1.347,1.3236,1.3011,1.2835,1.2639,1.2385,1.2151,1.1955,1.1818,1.1711,1.1584,1.1457,1.1349,1.1241,1.1144,1.1026,1.0929,1.088,1.0948,1.1241,1.1711,1.2444,1.3627,1.522,1.7136,1.9228,2.1339,2.3284,2.4946,2.6217,2.7067,2.7507,2.7576,2.737,2.697,2.6383,2.567,2.4878,2.4047,2.3226,2.2473,2.1808,2.1241,2.0792,2.0459,2.0225,2.0078,2,1.9961,1.9922,1.9873,1.9785,1.9638,1.9413,1.912,1.8788,1.8436,1.8094,1.781,1.7576,1.737,1.7204,1.7087,1.7019,1.6989,1.697,1.696,1.696,1.696,1.695,1.6931,1.6891,1.6813,1.6676,1.6491,1.6276,1.6031,1.5777,1.5503,1.521,1.4907,1.4604,1.436,1.4145,1.39,1.3636,1.3382,1.3157,1.2952,1.2757,1.2581,1.2434,1.2326,1.2258,1.2219,1.2209,1.2209,1.2209,1.2229,1.2287,1.2473,1.2864,1.3548,1.4585,1.5973,1.7664,1.957,2.129,2.2845,2.4457,2.5934,2.7155,2.8074,2.8661,2.8915,2.8876,2.8573,2.8065,2.741,2.6657,2.5914,2.5181,2.4389,2.3597,2.2835,2.2131,2.1505,2.0987,2.0557,2.0215,1.9941,1.9697,1.9472,1.9238,1.9238,1.9335,1.9179,1.8895,1.8563,1.824,1.7967,1.7761,1.7644,1.7595,1.7615,1.7674,1.7761,1.7879,1.7996,1.8104,1.8201,1.827,1.8289,1.826,1.8172,1.8045,1.7859,1.7664,1.7449,1.7165,1.6833,1.6471,1.609,1.5679,1.5269,1.4888,1.4516,1.4154,1.3803,1.348,1.3236,1.303,1.2825,1.2639,1.2483,1.2346,1.2209,1.2072,1.1955,1.1887,1.1945,1.2219,1.2649,1.3294,1.4282,1.5582,1.7116,1.8749,2.0342,2.1769,2.2923,2.3744,2.4213,2.435,2.4203,2.3881,2.3412,2.2766,2.2004,2.1153,2.0274,1.9413,1.8583,1.782,1.7146,1.6559,1.608,1.5738,1.5494,1.5269,1.5064,1.4858,1.4653,1.4448,1.4242,1.4047,1.3871,1.3734,1.3666,1.3666,1.3715,1.3803,1.393,1.4086,1.4262,1.4428,1.4575,1.4673,1.4731,1.4751,1.4731,1.4673,1.4604,1.4526,1.4389,1.4213,1.3988,1.3734,1.346,1.3157,1.2874,1.261,1.2366,1.2131,1.1926,1.1789,1.1691,1.1574,1.1437,1.131,1.1212,1.1144,1.1105,1.1085,1.1095,1.1114,1.1124,1.1144,1.1193,1.1271,1.1457,1.1857,1.2571,1.3656,1.5112,1.6901,1.8905,2.0968,2.2913,2.4614,2.5846,2.6657,2.7204,2.7429,2.7331,2.696,2.6373,2.563,2.479,2.391,2.303,2.218,2.1466,2.087,2.0303,1.9804,1.9413,1.914,1.8964,1.8876,1.8837,1.8798,1.8749,1.8641,1.8495,1.8319,1.8094,1.784,1.7586,1.7361,1.7175,1.7028,1.694,1.6901,1.6901,1.694,1.6999,1.7077,1.7155,1.7224,1.7302,1.7361,1.74,1.739,1.7341,1.7273,1.7165,1.7009,1.6813,1.6628,1.6432,1.6197,1.5934,1.566,1.5376,1.5073,1.478,1.4497,1.4223,1.3969,1.3744,1.3529,1.3353,1.3216,1.3069,1.2933,1.2835,1.2757,1.2688,1.263,1.262,1.2727,1.3021,1.3558,1.4252,1.5171,1.6491,1.8143,2,2.1935,2.3793,2.5464,2.6862,2.7918,2.8631,2.9013,2.9081,2.8915,2.8573,2.8055,2.74,2.6647,2.5826,2.4985,2.4164,2.3402,2.2717,2.2111,2.1593,2.1193,2.087,2.0596,2.0352,2.0127,1.9883,1.9629,1.9345,1.9022,1.868,1.8348,1.8055,1.781,1.7634,1.7517,1.7449,1.7449,1.7498,1.7586,1.7703,1.783,1.7849,1.7791,1.7781,1.7761,1.7742,1.7693,1.7586,1.7419,1.7195,1.6911,1.6588,1.6237,1.5855,1.5435,1.4985,1.4516,1.4047,1.3646,1.3294,1.2903,1.2502,1.2111,1.175,1.1408,1.1095,1.0831,1.0596,1.0391,1.0205,1.0088,1.0059,1.0137,1.0401,1.0929,1.1799,1.304,1.4594,1.6383,1.826,2.0049,2.1623,2.2874,2.3705,2.4154,2.433,2.4194,2.3793,2.3177,2.2395,2.1505,2.0557,1.9599,1.868,1.784,1.7175,1.6647,1.6168,1.5777,1.5494,1.5288,1.5171,1.5103,1.5044,1.4966,1.4868,1.4731,1.4545,1.4389,1.4272,1.4145,1.4047,1.4008,1.4027,1.4106,1.4203,1.4301,1.4399,1.4497,1.4585,1.4663,1.4721,1.4741,1.4712,1.4633,1.4506,1.434,1.4135,1.3891,1.3636,1.3363,1.3099,1.2854,1.2669,1.2512,1.2317,1.2111,1.1916,1.174,1.1593,1.1457,1.1339,1.1251,1.1173,1.1105,1.1065,1.1046,1.1007,1.0958,1.0929,1.0938,1.1046,1.132,1.1857,1.2766,1.4066,1.5738,1.7693,1.9511,2.1212,2.3021,2.4682,2.6031,2.6979,2.7488,2.7605,2.737,2.6872,2.6178,2.5367,2.4575,2.3812,2.3011,2.2239,2.1535,2.0929,2.043,1.8104,1.8084,1.8016,1.7918,1.7781,1.7634,1.7478,1.7273,1.7038,1.6774,1.65,1.6217,1.5943,1.5679,1.5415,1.5161,1.4917,1.4712,1.4555,1.4448,1.435,1.4252,1.4184,1.4145,1.4145,1.4174,1.4223,1.4301,1.4379,1.4477,1.4594,1.478,1.5122,1.5699,1.6559,1.7732,1.9189,2.087,2.2659,2.4438,2.608,2.7498,2.8612,2.9316,2.9697,2.9883,2.9834,2.956,2.9091
78.688,78.981,79.86,81.423,83.426,85.624,87.919,90.362,92.853,95.49,98.225,100.91,103.31,105.16,106.48,107.36,107.99,108.63,109.31,110,110.49,110.83,110.88,110.83,110.73,110.68,110.53,110.29,109.95,109.36,108.68,107.85,106.97,106.24,105.75,105.36,104.82,103.84,102.38,100.67,99.056,97.737,97.053,96.858,96.907,97.004,96.76,96.223,95.539,95.002,94.855,95.295,96.125,96.809,97.053,96.907,96.809,96.858,97.004,96.76,95.539,93.292,90.41,87.724,85.868,85.038,84.94,84.94,84.354,82.84,80.544,77.76,74.78,71.947,69.31,66.965,64.914,62.911,61.055,59.687,59.687,61.251,64.181,67.551,70.629,73.071,74.976,76.978,79.372,82.302,85.575,88.701,91.29,93.292,94.855,96.418,98.372,100.91,103.74,106.48,108.73,110.39,111.12,111.17,110.73,110.29,109.85,109.51,108.73,107.7,106.28,104.87,103.45,102.04,100.47,98.616,96.467,94.22,92.218,90.557,89.385,88.506,87.919,87.382,86.747,85.917,85.233,84.793,84.696,84.842,85.233,85.575,85.624,85.379,84.989,84.5,84.012,83.621,83.426,83.377,83.182,82.595,81.814,80.935,80.055,79.421,78.981,78.541,78.102,77.662,77.32,77.027,76.929,76.929,76.978,76.978,76.929,76.783,76.929,77.369,78.248,79.665,81.423,83.475,85.721,88.261,90.948,93.683,96.369,98.86,100.91,102.47,103.5,104.18,104.67,105.11,105.36,105.5,105.36,105.01,104.43,103.84,103.31,102.91,102.62,102.23,101.55,100.67,99.691,98.812,98.03,97.444,96.858,96.223,95.637,94.855,94.171,93.634,93.243,92.999,92.999,93.048,93.097,93.048,92.95,92.755,92.511,92.315,92.218,92.071,91.778,91.436,90.85,90.215,89.629,89.043,88.603,88.115,87.626,86.943,86.112,85.282,84.549,83.914,83.377,82.791,82.156,81.277,80.3,79.225,78.248,77.467,76.929,76.539,76.343,76.246,76.246,76.49,77.174,78.346,80.104,82.302,84.842,87.529,90.215,92.853,95.344,97.884,100.23,102.43,104.38,105.8,106.87,107.51,107.85,108.19,108.43,108.68,108.82,108.68,108.24,107.8,107.36,107.16,107.07,106.92,106.63,106.04,105.36,104.58,103.79,103.11,102.43,101.69,100.72,99.74,98.812,97.932,97.297,96.907,96.662,96.369,95.979,95.441,94.904,94.513,94.22,94.22,94.171,94.074,93.683,93.097,92.511,91.876,91.387,90.997,90.655,90.313,89.678,88.847,87.919,86.991,86.308,85.721,85.379,84.989,84.354,83.572,82.595,81.716,80.935,80.349,79.909,79.616,79.421,79.323,79.421,80.007,81.13,82.937,85.233,87.822,90.362,92.95,95.49,98.128,100.72,103.31,105.5,107.12,108.09,108.82,109.36,109.95,110.49,110.92,111.07,110.92,110.53,110.09,109.66,109.36,109.26,109.12,108.92,108.63,108.19,107.55,106.82,106.04,105.26,104.38,103.55,102.67,101.79,101.01,100.33,99.74,99.349,98.909,98.567,98.128,97.688,97.297,97.004,96.858,96.662,96.467,96.125,95.539,95.002,94.416,93.927,93.488,93.097,92.56,91.778,90.948,90.069,89.189,88.408,87.675,86.943,85.917,84.842,83.621,82.302,80.984,79.811,78.737,77.662,76.539,75.318,74.048,73.12,72.729,73.071,73.852,74.976,76.441,77.906,79.616,81.472,83.67,86.063,88.554,91.045,93.341,95.344,97.102,98.47,99.74,100.86,101.74,102.38,102.72,102.87,102.67,102.57,102.47,102.38,102.13,101.6,101.06,100.37,99.593,98.909,98.323,97.493,96.418,95.197,93.927,92.755,91.778,91.045,90.362,89.824,89.189,88.554,87.968,87.48,87.187,87.187,87.382,87.48,87.431,87.187,86.845,86.698,86.601,86.601,86.698,86.601,86.405,85.966,85.477,84.94,84.403,84.11,83.719,83.279,82.693,81.912,81.13,80.349,79.86,79.421,79.03,78.688,78.102,77.613,77.174,76.929,77.027,77.662,78.737,80.055,81.667,83.475,85.575,87.822,90.313,92.755,95.099,97.346,99.349,101.11,102.57,103.79,104.82,105.5,105.85,105.94,105.85,105.6,105.31,105.06,104.72,104.23,103.55,102.72,101.94,101.16,100.47,99.935,99.154,98.372,97.297,96.174,95.099,94.318,93.781,93.488,93.243,92.999,92.56,92.12,91.729,91.534,91.534,91.632,91.68,91.632,91.29,90.948,90.557,90.215,90.069,89.873,89.531,88.994,88.31,87.529,86.796,86.161,85.673,85.184,84.598,83.865,82.986,82.058,81.228,80.544,80.007,79.567,78.981,78.297,77.564,76.734,76.099,75.757,75.806,76.294,77.125,78.297,79.811,81.667,84.012,86.601,89.482,92.413,95.295,97.981,100.37,102.47,104.28,105.94,107.31,108.19,108.68,108.87,108.97,109.07,109.17,109.26,109.17,108.92,108.43,107.85,107.31,106.92,106.68,106.43,106.14,105.5,104.62,103.7,102.67,101.89,101.25,100.72,100.23,99.544,98.812,98.03,97.493,97.102,97.004,96.907,96.809,96.565,96.076,95.539,95.099,94.855,94.758,94.562,94.171,93.634,92.95,92.169,91.485,90.997,90.557,90.166,89.531,88.799,87.871,86.943,86.161,85.575,85.135,84.598,84.012,83.133,82.107,81.13,80.446,80.007,79.811,79.665,79.665,79.909,80.593,81.912,83.865,86.308,88.945,91.534,94.123,96.76,99.349,101.94,104.43,106.48,107.99,108.97,109.61,110.09,110.49,110.88,111.17,111.22,111.12,110.73,110.29,109.85,109.51,109.26,109.07,108.87,108.43,107.85,107.16,106.38,105.55,104.82,104.18,103.5,102.72,101.89,101.01,100.23,99.593,99.251,99.007,98.812,98.421,98.03,97.542,97.053,96.662,96.369,96.125,95.783,95.246,94.513,93.634,92.755,91.925,91.241,90.508,89.678,88.603,87.431,86.259,85.038,83.914,82.791,81.667,80.495,79.323,78.053,76.783,75.66,74.634,73.803,73.12,72.436,71.801,71.312,71.117,71.508,72.533,74.097,76.05,78.053,79.909,81.863,83.865,86.112,88.554,91.192,93.634,95.686,97.346,98.616,99.593,100.47,101.35,102.04,102.47,102.57,102.28,101.89,101.45,101.11,100.91,100.72,100.37,99.789,98.909,97.981,97.004,96.076,95.246,94.367,93.341,92.315,91.241,90.215,89.434,88.847,88.506,88.115,87.675,87.236,86.796,86.503,86.356,86.405,86.552,86.601,86.503,86.259,85.819,85.477,85.233,85.184,85.135,84.842,84.403,83.816,83.182,82.547,82.009,81.423,80.886,80.3,79.665,79.03,78.346,77.76,77.32,76.929,76.685,76.343,76.001,75.757,75.855,76.246,76.978,78.102,79.616,81.472,83.572,85.819,88.115,90.508,92.95,95.246,97.346,99.251,100.81,102.13,103.26,104.14,104.82,105.16,105.26,105.01,104.48,104.04,103.84,103.7,103.31,102.72,101.99,101.11,100.33,99.593,98.909,98.03,97.102,96.125,95.197,94.416,93.781,93.439,93.195,92.853,92.56,92.12,91.729,91.436,91.29,91.29,91.436,91.485,91.436,91.192,90.85,90.41,89.971,89.482,88.994,88.554,88.115,87.675,87.284,86.747,85.966,85.038,84.061,83.182,82.498,81.912,81.374,80.788,80.055,79.176,78.297,77.467,76.881,76.441,76.05,75.66,75.366,75.22,75.562,76.441,78.053,80.104,82.449,84.842,87.284,89.824,92.413,95.197,98.03,100.81,103.11,104.87,105.99,106.82,107.36,107.99,108.53,108.97,109.12,108.87,108.43,107.95,107.55,107.36,107.31,107.07,106.63,106.04,105.36,104.72,104.18,103.7,103.11,102.43,101.55,100.62,99.74,99.007,98.421,98.128,97.932,97.591,97.2,96.662,96.174,95.881,95.686,95.686,95.686,95.49,95.051,94.513,93.878,93.292,92.853,92.56,92.169,91.68,90.948,90.069,89.189,88.359,87.675,87.187,86.747,86.112,85.379,84.549,83.67,82.791,82.009,81.277,80.739,80.251,79.762,79.225,78.883,78.786,79.225,80.349,82.107,84.256,86.552,88.945,91.29,93.781,96.467,99.349,102.23,104.67,106.53,107.7,108.43,108.97,109.61,110.29,110.92,111.32,111.17,110.83,110.24,109.8,109.56,109.41,109.31,109.07,108.63,107.99,107.26,106.53,105.85,105.31,104.67,103.94,103.06,102.04,101.11,100.37,99.886,99.544,99.251,98.909,98.421,97.884,97.346,96.907,96.76,96.614,96.467,87.284,86.845,86.405,86.063,85.721,85.575,85.477,85.233,84.745,83.67,82.253,80.788,79.665,78.932,78.444,78.053,77.76,77.564,77.662,78.444,79.616,81.179,82.84,84.842,87.187,89.873,92.657,95.344,97.688,99.886,102.04,104.38,106.63,108.43,109.61,110,109.85,109.56,109.36,109.26,108.92,108.29,107.41,106.68,106.19,105.94,105.75,105.41,105.01,104.62,104.43,104.38,104.04,103.16,101.6,99.74,97.932,96.418,95.246,94.367,93.536,92.804,92.169,91.632,91.045,90.508,89.971,89.727,89.531,89.385,88.799,87.919,87.04,86.503,86.308,86.308,86.308,85.917,85.038,83.719,82.253,81.032,80.446,80.3,80.251,79.762,78.541,76.978,75.366,74.243,73.559,73.168,72.924,72.485,71.801,70.97,70.433,70.384,70.97,72.045,73.315,74.634,75.904,77.32,78.883,80.69,82.84,85.233,87.675,90.117,92.413,94.513,96.174,97.542,98.616,99.3,99.74,100.18,100.67,101.11,101.35,101.16,100.62,99.74,98.665,97.786,97.2,97.004,97.004,96.907,96.76,96.418,96.076,95.686,95.002,93.976,92.608,91.241,90.215,89.922,90.508,91.485,92.56,93.243,93.292,92.804,91.925,90.948,89.971,89.189,88.506,87.822,87.284,86.943,86.747,86.747,86.796,86.845,86.796,86.405,85.868,84.94,83.621,82.058,80.446,78.883,77.809,77.418,78.199,80.153,82.986,84.94,84.11,80.349,75.806,72.875,72.192,72.387,72.094,71.068,70.091,70.97,75.318,83.67,94.562,104.23,109.07,107.26,101.01,94.611,91.436,92.071,94.758,97.2,98.128,97.737,97.053,97.102,98.225,100.33,102.43,103.7,103.45,101.79,99.74,98.177,97.297,96.809,96.369,96.174,96.907,98.909,101.6,104.04,105.8,106.82,107.26,107.07,106.28,105.11,103.74,102.38,101.16,99.984,98.665,97.297,96.174,95.344,95.002,94.855,94.758,94.22,93.292,91.925,90.41,89.092,87.968,87.187,86.552,85.966,85.428,84.793,84.158,83.572,82.791,81.912,80.935,79.665,78.346,77.125,75.904,74.878,73.999,73.315,72.875,72.778,73.315,74.487,76.294,78.688,81.472,84.549,87.675,90.801,93.927,97.053,100.13,102.87,105.16,106.92,108.09,108.97,109.66,110.24,110.63,110.88,110.92,110.83,110.63,110.29,110,109.56,108.97,108.43,107.8,107.16,106.48,105.7,104.82,103.84,102.87,101.79,100.86,99.935,99.105,98.372,97.688,97.102,96.565,96.125,95.686,95.295,94.855,94.367,93.878,93.341,92.853,92.413,92.071,91.68,91.192,90.313,89.287,88.359,87.724,87.431,87.284,87.138,86.698,86.112,85.624,85.184,84.989,84.745,84.403,83.865,83.182,82.351,81.57,80.886,80.251,79.762,79.372,79.176,79.225,79.762,80.593,82.009,83.719,85.868,88.261,90.85,93.536,96.223,98.812,101.11,103.26,105.06,106.53,107.8,108.68,109.36,109.8,110,110,109.8,109.61,109.36,109.12,108.82,108.48,108.19,107.8,107.36,106.87,106.38,105.75,105.11,104.38,103.6,102.87,102.13,101.3,100.42,99.544,98.763,97.786,96.907,96.076,95.246,94.416,93.732,93.048,92.315,91.534,90.85,90.117,89.434,88.701,87.968,87.236,86.503,85.721,84.989,84.305,83.475,82.742,81.863,81.032,80.153,79.323,78.492,77.662,76.929,76.197,75.464,74.731,74.048,73.315,72.631,71.996,71.508,71.068,70.726,70.677,70.922,71.654,72.778,74.243,76.001,77.858,79.909,82.058,84.354,86.698,89.043,91.29,93.439,95.441,97.102,98.567,99.593,100.42,101.01,101.35,101.55,101.55,101.35,101.06,100.62,100.03,99.495,98.812,98.128,97.346,96.565,95.686,94.806,93.927,93.048,92.169,91.485,90.85,90.362,89.971,89.678,89.434,89.287,89.287,89.385,89.482,89.727,89.922,90.215,90.557,90.997,91.387,91.29,90.85,90.215,89.873,89.727,89.824,89.727,89.434,88.847,87.968,87.04,86.259,85.575,84.842,84.158,83.279,82.449,81.57,80.739,80.007,79.323,78.688,78.053,77.564,77.125,76.783,76.783,77.125,77.906,79.176,80.886,82.937,85.233,87.675,90.166,92.657,95.051,97.297,99.447,101.35,103.01,104.43,105.55,106.38,106.87,107.16,107.26,107.12,106.92,106.63,106.24,105.8,105.36,104.92,104.58,104.14,103.7,103.11,102.47,101.74,100.86,100.03,99.154,98.372,97.688,97.053,96.418,95.881,95.344,95.002,94.611,94.22,93.976,93.732,93.488,93.243,92.999,92.657,92.364,91.973,91.632,91.192,90.752,90.215,89.678,89.092,88.506,87.822,87.138,86.405,85.721,84.989,84.305,83.621,82.937,82.156,81.472,80.788,80.104,79.421,78.786,78.199,77.613,77.125,76.734,76.636,76.783,77.467,78.59,80.3,82.302,84.549,86.991,89.531,92.169,94.806,97.346,99.789,101.89,103.6,105.01,105.99,106.82,107.36,107.75,107.99,108.04,108.04,107.95,107.7,107.51,107.26,106.97,106.72,106.43,106.04,105.7,105.26,104.72,104.14,103.35,102.57,101.74,100.91,100.13,99.349,98.665,98.03,97.493,97.004,96.565,96.125,95.734,95.441,95.099,94.758,94.416,94.074,93.683,93.292,92.95,92.413,91.925,91.436,90.85,90.215,89.629,88.847,88.115,87.284,86.503,85.624,84.793,83.865,82.986,82.058,81.032,80.104,79.127,78.199,77.223,76.246,75.366,74.536,73.852,73.364,73.168,73.413,74.194,75.464,77.125,79.03,81.032,83.182,85.379,87.626,89.824,91.973,94.123,96.076,97.786,99.3,100.47,101.35,101.99,102.38,102.62,102.82,102.82,102.67,102.47,102.23,101.94,101.5,101.06,100.47,99.886,99.154,98.421,97.493,96.565,95.539,94.513,93.488,92.56,91.68,90.85,90.117,89.482,88.945,88.554,88.164,87.968,87.822,87.724,87.675,87.626,87.626,87.626,87.529,87.431,87.236,87.04,86.796,86.503,86.112,85.673,85.184,84.745,84.158,83.67,83.035,82.449,81.716,81.032,80.446,79.811,79.176,78.59,78.053,77.564,77.027,76.685,76.294,76.099,76.197,76.539,77.418,78.737,80.446,82.351,84.549,86.747,89.043,91.387,93.634,95.783,97.884,99.691,101.25,102.57,103.55,104.28,104.82,105.16,105.31,105.31,105.11,104.87,104.58,104.18,103.79,103.31,102.82,102.23,101.6,100.91,100.13,99.251,98.372,97.493,96.662,95.93,95.295,94.758,94.318,93.878,93.488,93.195,92.853,92.657,92.511,92.364,92.218,92.071,91.778,91.534,91.241,90.85,90.41,89.971,89.482,88.945,88.31,87.724,87.138,86.503,85.819,85.038,84.354,83.67,82.986,82.253,81.57,80.886,80.153,79.567,78.932,78.346,77.809,77.223,76.685,76.246,75.904,75.904,76.343,77.223,78.541,80.349,82.498,84.842,87.382,89.971,92.608,95.246,97.737,100.13,102.18,103.94,105.31,106.38,107.16,107.75,108.09,108.29,108.39,108.29,108.24,107.99,107.7,107.36,107.07,106.87,106.63,106.38,105.99,105.41,104.82,104.04,103.26,102.47,101.69,101.01,100.37,99.886,99.3,98.763,98.225,97.737,97.444,97.297,97.102,96.467,95.246,93.732,92.804,92.804,93.634,94.904,95.93,96.076,94.855,92.657,90.117,87.919,86.845,87.04,88.066,88.994,89.092,88.261,86.747,85.135,83.621,82.351,81.228,80.153,79.176,78.297,77.662,77.467,77.76,78.297,78.981,79.616,80.251,80.935,82.009,83.572,85.673,88.164,90.948,93.634,96.174,98.567,100.86,103.01,104.82,106.24,107.31,107.85,108.04,107.95,107.7,107.36,107.07,106.63,106.19,105.7,105.06,104.43,103.79,103.16,102.67,102.13,101.55,100.86,100.03,99.154,98.128,97.053,95.93,94.806,93.683,92.56,91.534,90.655,89.971,89.482,89.238,89.092,88.945,88.75,88.506,88.261,88.066,87.871,87.675,87.382,86.943,86.356,85.575,84.696,83.67,82.693,81.667,80.69,79.665,78.59,77.564,76.539,75.611,74.731,73.999,73.217,72.68,72.24,71.85,71.557,71.166,70.824,70.433,70.091,69.847,69.847,70.042,70.531,71.312,72.387,73.657,75.318,77.32,79.665,82.156,84.745,87.04,89.092,91.045,92.95,94.855,96.809,98.616,100.18,101.25,101.89,102.04,101.99,101.99,101.94,101.89,101.74,101.45,101.01,83.133,82.498,81.912,81.277,80.69,80.104,79.567,79.03,78.541,78.248,78.053,78.102,78.59,79.567,80.984,82.84,85.038,87.48,90.069,92.755,95.344,97.932,100.37,102.57,104.48,106.04,107.31,108.24,108.92,109.41,109.75,109.95,110.05,110.09,110,109.85,109.75,109.56,109.36,109.12,108.87,108.53,108.09,107.7,107.07,106.38,105.6,104.82,103.99,103.16,102.47,101.79,101.16,100.62,100.13,99.593,99.251,98.86,98.567,98.225,97.932,97.591,97.249,96.858,96.418,96.076,95.637,95.099,94.562,93.976,93.439,92.853,92.315,91.68,91.045,90.362,89.678,88.994,88.261,87.529,86.943,86.259,85.575,84.94,84.305,83.621,82.937,82.253,81.618,81.179,80.739,80.3,80.007,79.909,80.349,81.228,82.498,84.158,86.259,88.603,91.241,93.927,96.614,99.251,101.69,103.84,105.7,107.12,108.24,109.12,109.8,110.29,110.73,110.97,111.12,111.12,111.07,110.88,110.68,110.44,110.24,110.05,109.75,109.31,108.87,108.24,107.55,106.68,105.8,104.82,103.7,102.62,101.6,100.67,99.74,98.86,97.981,97.2,96.321,95.637,94.904,94.22,93.634,93.048,92.56,92.071,91.485,90.948,90.313,89.678,89.092,88.506,87.871,87.236,86.601,85.966,85.282,84.549,83.816,83.035,82.156,81.374,80.544,79.762,78.932,78.102,77.369,76.636,75.855,75.122,74.487,73.852,73.315,72.778,72.387,72.192,72.192,72.631,73.364,74.536,76.197,78.053,80.153,82.449,84.745,87.138,89.434,91.68,93.781,95.783,97.542,99.105,100.42,101.5,102.28,102.87,103.26,103.45,103.5,103.45,103.35,103.16,102.91,102.62,102.28,101.94,101.5,100.91,100.33,99.593,98.86,98.128,97.346,96.76,96.174,95.686,95.295,94.904,94.611,94.367,94.171,94.074,93.976,93.927,93.878,93.781,93.683,93.536,93.439,93.195,92.95,92.657,92.315,91.876,91.436,90.85,90.313,89.678,88.994,88.31,87.626,86.845,86.161,85.428,84.745,84.11,83.475,82.84,82.156,81.57,80.935,80.349,79.86,79.421,79.03,78.786,78.737,78.981,79.665,80.788,82.351,84.305,86.552,88.945,91.436,93.976,96.565,98.909,101.11,103.06,104.72,106.19,107.31,108.09,108.68,109.07,109.31,109.51,109.51,109.41,109.26,109.07,108.87,108.63,108.39,108.09,107.8,107.41,106.92,106.38,105.7,104.92,104.04,103.26,102.38,101.6,100.91,100.23,99.691,99.154,98.665,98.323,97.932,97.688,97.444,97.2,96.858,96.565,96.223,95.881,95.49,95.099,94.611,94.123,93.634,93.048,92.413,91.778,91.192,90.606,89.922,89.238,88.554,87.871,87.187,86.405,85.721,85.135,84.5,83.865,83.23,82.547,81.912,81.277,80.739,80.251,79.762,79.421,79.372,79.762,80.495,81.716,83.426,85.477,87.822,90.362,92.999,95.637,98.225,100.67,102.91,104.87,106.48,107.8,108.73,109.41,110,110.39,110.63,110.83,110.88,110.83,110.68,110.49,110.29,110.19,109.95,109.75,109.41,109.07,108.63,108.04,107.41,106.63,105.8,105.01,104.18,103.45,102.72,102.04,101.45,100.81,100.33,99.789,99.447,99.105,98.763,98.372,97.932,97.444,96.858,96.321,95.734,95.099,94.416,93.683,92.853,91.973,91.094,90.166,89.287,88.359,87.382,86.405,85.428,84.5,83.475,82.498,81.57,80.544,79.567,78.688,77.809,76.978,76.197,75.464,74.78,74.243,73.755,73.413,73.364,73.608,74.292,75.366,76.881,78.59,80.593,82.791,85.038,87.382,89.678,91.925,94.123,96.174,97.981,99.691,101.11,102.28,103.16,103.79,104.18,104.38,104.43,104.43,104.23,104.04,103.79,103.5,103.11,102.72,102.23,101.74,101.06,100.37,99.495,98.47,97.542,96.614,95.783,95.051,94.367,93.732,93.243,92.853,92.56,92.413,92.315,92.315,92.364,92.511,92.608,92.657,92.755,92.804,92.853,92.804,92.657,92.511,92.218,91.925,91.534,91.192,90.801,90.313,89.629,88.799,87.968,87.236,86.503,85.721,84.989,84.305,83.621,83.035,82.351,81.716,81.032,80.349,79.86,79.421,79.323,79.469,80.104,81.032,82.449,84.158,86.308,88.75,91.29,93.878,96.223,98.567,100.81,102.87,104.62,106.14,107.31,108.09,108.68,109.07,109.31,109.36,109.31,109.17,109.07,108.87,108.63,108.39,108.09,107.75,107.31,106.82,106.28,105.7,104.92,104.04,103.16,102.28,101.5,100.72,100.03,99.447,98.86,98.421,97.981,97.591,97.297,96.907,96.662,96.369,96.174,95.93,95.686,95.344,95.051,94.611,94.171,93.732,93.243,92.657,92.12,91.534,90.997,90.362,89.727,89.043,88.359,87.675,86.991,86.308,85.673,84.989,84.305,83.67,83.035,82.351,81.814,81.179,80.593,80.104,79.665,79.372,79.323,79.616,80.446,81.667,83.426,85.575,87.968,90.557,93.243,95.93,98.47,100.91,103.16,105.16,106.87,108.19,109.17,109.95,110.49,110.88,111.12,111.32,111.36,111.32,111.22,111.12,110.92,110.73,110.53,110.24,109.95,109.61,109.17,108.63,107.95,107.16,106.38,105.55,104.72,103.99,103.31,102.67,102.04,101.5,101.01,100.57,100.18,99.789,99.447,99.056,98.616,98.177,97.737,97.249,96.662,96.076,95.344,94.611,93.878,92.999,92.12,91.241,90.313,89.385,88.408,87.382,86.356,85.282,84.256,83.23,82.156,81.179,80.104,79.127,78.199,77.32,76.49,75.66,74.976,74.341,73.803,73.413,73.315,73.51,74.097,75.122,76.49,78.248,80.251,82.351,84.598,86.991,89.287,91.534,93.732,95.734,97.591,99.3,100.81,102.04,103.01,103.74,104.23,104.58,104.67,104.67,104.62,104.48,104.28,104.04,103.7,103.31,102.87,102.38,101.74,101.06,100.23,99.3,98.323,97.346,96.418,95.637,94.904,94.318,93.781,93.341,93.048,92.853,92.755,92.657,92.755,92.804,92.95,93.048,93.195,93.243,93.243,93.243,93.097,92.95,92.755,92.413,91.973,91.534,91.045,90.41,89.824,89.092,88.359,87.529,86.747,85.917,85.184,84.403,83.67,82.986,82.253,81.57,80.935,80.349,79.909,79.469,79.323,79.323,79.665,80.495,81.716,83.426,85.477,87.724,90.166,92.657,95.246,97.688,99.935,102.04,103.84,105.41,106.68,107.7,108.43,108.92,109.26,109.36,109.41,109.36,109.26,109.12,108.87,108.63,108.29,107.95,107.51,107.07,106.48,105.85,105.16,104.28,103.5,102.67,101.89,101.11,100.42,99.886,99.349,98.909,98.421,97.981,97.493,97.053,96.614,96.125,95.686,95.344,95.051,94.855,94.758,94.611,94.416,94.171,93.781,93.292,92.755,92.071,91.387,90.606,89.824,89.092,88.408,87.822,87.187,86.503,85.868,85.135,84.354,83.67,82.937,82.253,81.57,80.935,80.349,79.86,79.421,79.03,78.932,79.176,79.86,81.032,82.742,84.793,87.187,89.727,92.413,95.099,97.737,100.18,102.47,104.48,106.19,107.55,108.63,109.41,110.05,110.44,110.68,110.83,110.88,110.88,110.88,110.83,110.68,110.53,110.44,110.19,110,109.66,109.31,108.73,108.04,107.31,106.53,105.8,105.11,104.43,103.7,102.87,102.13,101.45,100.86,100.33,99.935,99.593,99.3,98.909,98.567,98.03,97.542,96.907,96.321,95.539,94.806,94.123,93.439,92.657,91.876,90.948,89.922,88.994,88.066,87.04,86.063,84.989,83.914,82.84,81.912,80.935,79.909,78.981,78.102,77.174,76.343,75.611,74.927,74.243,73.755,73.413,73.315,73.51,74.048,75.122,76.539,78.297,80.3,82.449,84.696,87.04,89.385,91.632,93.732,95.686,97.493,99.105,100.47,101.69,102.62,103.31,103.74,103.99,104.14,104.14,103.99,103.84,103.74,103.55,103.26,102.91,102.47,101.99,101.45,100.72,99.984,99.105,98.225,97.346,96.614,95.93,95.344,94.855,94.416,94.171,93.927,93.878,93.878,93.927,94.074,94.123,94.22,94.367,94.416,94.416,94.416,94.318,94.171,93.927,93.634,93.243,92.804,92.315,91.729,91.094,90.41,89.678,88.945,88.164,87.382,86.601,85.819,84.989,84.158,83.377,82.595,81.912,81.277,80.69,80.153,79.86,79.665,79.811,80.3,81.277,82.742,84.598,86.747,89.092,91.68,94.22,96.76,99.105,106.72,106.97,108.48,110.63,112.44,113.17,112.73,111.61,110.44,109.56,108.92,108.48,108.24,107.85,107.16,106.19,105.01,103.99,103.31,102.87,102.43,101.79,101.16,100.86,100.86,101.06,101.06,100.72,99.984,99.056,98.323,97.737,97.493,97.2,96.662,95.637,94.123,92.413,90.85,89.482,88.115,86.747,85.282,83.914,82.937,82.693,83.377,84.354,84.745,84.012,82.498,80.886,79.616,79.127,78.932,78.346,76.636,73.901,70.97,68.675,67.503,67.405,68.382,69.798,71.605,73.315,74.78,76.001,77.125,78.688,81.032,84.5,88.701,92.999,96.369,98.421,99.251,99.691,100.37,101.74,103.45,104.62,105.01,104.72,104.23,103.84,103.55,103.26,102.91,102.91,103.16,103.26,102.82,101.89,100.62,99.3,98.128,97.102,96.223,95.344,94.562,93.732,92.95,91.973,90.948,89.922,89.287,89.238,89.531,89.971,90.557,91.241,91.876,92.218,92.315,92.413,92.755,93.195,93.536,93.683,93.292,92.315,90.801,88.945,86.991,85.282,84.061,83.377,83.182,83.377,83.67,83.865,83.67,82.986,81.814,80.446,79.176,78.492,78.346,78.737,79.03,79.225,79.127,79.176,79.86,81.618,84.5,87.968,91.387,94.123,96.125,97.786,99.544,101.5,103.55,105.5,106.92,107.7,107.55,106.92,106.19,105.8,105.8,106.24,106.82,107.16,107.12,106.68,105.99,105.5,105.06,104.62,103.79,102.38,100.62,99.105,98.372,98.372,98.909,99.447,99.544,99.251,98.763,98.177,97.786,97.346,96.76,95.93,94.904,93.976,93.488,93.683,94.416,95.441,96.076,95.93,95.002,93.732,92.657,92.413,93.048,93.781,93.536,91.485,88.164,84.745,82.449,81.863,82.595,83.816,84.5,84.354,83.572,82.595,81.814,81.13,80.544,80.007,79.323,78.688,78.492,79.03,80.007,80.69,81.13,81.57,82.351,84.012,86.698,90.166,93.781,96.858,99.007,100.62,102.47,105.01,107.85,110.39,111.66,111.51,110.05,108.43,107.51,107.75,108.87,110.29,111.32,111.56,111.17,110.63,110.19,109.56,108.24,105.99,103.45,101.35,100.47,100.62,101.06,100.47,98.177,94.758,91.925,91.241,93.195,97.004,100.81,102.82,101.94,99.056,95.734,93.732,94.171,96.858,100.72,103.84,104.28,101.55,96.907,92.657,90.655,91.436,93.634,95.099,94.367,91.534,88.066,85.233,84.11,84.745,86.796,89.238,90.997,91.094,89.824,87.626,85.282,83.279,81.374,79.421,77.369,75.464,74.194,73.755,74.634,76.685,79.909,83.914,88.115,91.876,94.806,96.858,98.372,99.691,101.06,102.62,104.43,106.14,107.55,108.68,109.41,109.85,110.05,109.85,109.36,108.82,108.24,107.85,107.75,107.51,107.07,106.38,105.5,104.67,104.14,103.6,103.11,102.57,102.04,101.6,101.01,100.03,98.909,97.688,96.174,94.367,92.413,90.557,88.994,87.968,87.822,88.408,89.629,90.85,91.485,90.948,89.287,87.284,85.721,85.038,85.233,85.819,86.112,85.721,84.549,82.742,80.886,79.372,78.102,77.125,76.441,76.539,77.467,78.248,77.418,74.878,72.192,70.531,69.798,69.163,68.479,67.991,67.258,65.598,62.814,59.981,59.297,61.983,67.796,75.366,83.133,89.971,95.49,99.447,101.6,102.38,102.04,101.01,99.154,96.662,94.074,92.315,91.973,93.048,95.197,97.591,100.03,102.18,104.04,105.41,105.85,105.06,103.26,101.25,99.593,98.47,97.493,96.76,96.369,96.174,95.881,95.246,94.318,93.243,92.315,91.485,90.606,89.287,88.066,87.919,89.434,91.729,93.048,92.413,90.41,88.359,87.04,86.405,86.112,86.356,87.48,89.531,91.436,91.68,89.434,85.282,81.228,78.932,79.372,82.156,85.575,87.529,87.04,84.842,82.693,82.547,84.598,86.698,85.624,80.495,73.364,67.503,65.793,69.407,77.174,85.819,91.436,91.973,88.164,81.13,72.24,64.279,61.299,66.916,81.032,99.593,116.3,126.26,127.83,122.45,114.25,107.6,105.26,106.63,109.66,111.95,112.05,110.19,108.19,108.48,112.54,119.57,126.6,129.97,127.39,119.62,110.44,103.79,100.72,99.251,96.76,91.925,85.868,81.13,80.007,83.67,90.997,98.763,103.31,102.72,98.567,93.634,89.873,87.187,85.282,85.135,87.919,93.878,100.62,104.72,104.58,101.11,96.809,93.439,91.68,91.192,90.948,90.215,88.75,86.747,85.038,84.256,84.354,84.94,85.233,84.745,83.426,81.667,80.251,79.665,79.567,78.981,77.613,75.757,74.634,75.318,77.76,80.593,82.742,84.158,85.966,88.847,92.608,96.565,100.13,103.26,105.99,108.48,110.49,111.66,112,111.51,110.63,109.8,109.41,109.56,110.05,110.53,110.63,110.39,109.85,109.36,109.12,108.92,108.63,108.04,107.26,106.28,105.41,104.72,104.14,103.6,103.01,102.04,100.62,99.105,98.03,97.591,97.688,97.932,97.932,97.786,97.786,98.47,99.886,101.6,102.91,102.67,100.47,97.053,93.683,91.192,89.385,87.822,86.112,84.403,82.742,81.277,80.544,80.593,81.277,82.009,82.009,81.13,79.616,78.004,76.636,75.66,75.122,74.634,74.048,73.217,72.289,71.557,71.215,71.557,72.436,73.657,75.073,76.49,78.004,79.616,81.423,83.67,86.405,89.434,92.413,95.002,97.004,98.567,99.789,100.86,101.89,102.57,102.82,102.43,101.69,100.81,100.18,99.886,99.984,100.23,100.42,100.42,100.03,99.495,98.812,97.884,96.76,95.539,94.513,93.683,93.097,92.657,92.169,91.485,90.655,89.922,89.385,89.043,88.847,88.75,88.603,88.506,88.554,88.945,89.629,90.362,91.045,91.387,91.094,90.313,89.287,88.31,87.431,86.698,86.112,85.575,84.989,84.5,83.914,83.279,82.547,81.863,81.228,80.739,80.349,80.055,79.762,79.225,78.59,78.004,77.564,77.369,77.613,78.346,79.616,81.228,83.23,85.233,87.382,89.434,91.68,94.074,96.565,99.056,101.3,103.11,104.48,105.36,105.8,105.94,105.99,105.94,105.8,105.55,105.11,104.58,103.99,103.6,103.55,103.79,104.04,104.14,103.84,103.26,102.57,101.79,101.16,100.42,99.544,98.567,97.542,96.614,95.979,95.734,95.734,95.783,95.539,94.904,94.074,93.292,93.195,93.732,94.66,95.637,95.686,94.367,91.973,89.678,88.31,88.066,88.408,88.603,88.164,86.991,85.428,84.158,83.475,83.475,84.11,84.94,85.428,84.745,82.498,78.932,75.122,72.094,70.97,72.094,75.073,78.932,82.351,84.696,85.624,85.721,85.917,86.845,88.799,91.241,93.732,95.734,97.249,98.421,99.691,101.35,103.26,105.11,106.68,107.7,108.19,108.29,108.19,108.09,108.04,108.24,108.43,108.48,108.24,107.6,106.82,106.28,106.72,107.95,109.17,109.41,107.75,104.18,100.03,97.053,96.565,98.567,101.99,105.41,107.6,108.04,106.92,104.92,102.87,101.06,99.251,97.346,95.344,93.341,91.534,90.313,89.873,90.508,91.925,93.732,95.441,96.369,96.467,95.734,94.22,92.364,90.362,88.408,86.747,85.233,84.061,83.035,82.253,81.423,80.446,79.03,77.467,75.806,74.194,72.875,71.947,71.361,71.117,70.922,70.824,70.873,71.557,72.875,74.731,76.881,79.127,81.277,83.377,85.379,87.187,88.847,90.655,92.608,94.855,97.249,99.495,101.16,102.04,102.13,101.69,101.25,101.45,102.23,103.35,103.94,103.5,102.38,101.16,100.18,99.349,98.567,97.591,96.565,95.539,94.66,93.976,93.243,92.364,91.29,90.166,89.189,88.603,88.506,88.75,89.189,89.824,90.313,90.41,90.215,89.727,89.238,88.75,88.31,87.871,87.675,87.919,88.554,89.189,89.434,89.189,88.701,87.968,87.382,86.943,86.747,86.601,86.308,85.673,84.745,83.621,82.547,81.374,79.909,78.444,77.223,76.783,77.32,78.492,80.055,81.618,83.133,84.549,85.917,87.236,88.261,89.189,90.313,92.071,94.416,97.053,99.544,101.6,103.16,104.23,105.01,105.6,106.28,107.12,107.6,107.55,106.68,105.31,103.99,103.35,103.45,103.84,104.28,104.38,103.99,103.26,102.38,101.79,101.69,101.89,101.99,101.45,99.984,98.177,96.565,95.734,95.734,96.369,97.297,98.128,98.421,97.932,96.174,93.634,90.997,88.994,87.919,87.919,88.701,89.678,90.41,90.752,90.752,90.85,91.29,91.876,92.218,92.12,91.436,90.166,88.408,86.503,84.696,83.426,82.84,82.595,82.449,81.863,80.739,79.03,77.32,75.904,75.22,75.415,76.343,77.76,79.225,80.788,82.547,84.745,87.529,90.997,94.806,98.47,101.69,104.28,106.38,108.19,109.75,111.07,112,112.44,112.29,111.76,110.97,110.24,109.56,109.07,108.63,108.39,108.39,108.53,108.73,108.87,108.82,108.53,108.19,107.7,107.07,106.19,105.26,104.43,103.74,103.31,102.82,102.13,101.35,100.67,100.13,99.691,99.105,98.372,97.591,97.004,96.565,96.321,95.979,95.49,94.806,93.976,93.195,92.364,91.485,90.557,89.531,88.506,87.48,86.552,85.575,84.549,83.572,82.498,81.374,80.153,78.932,77.613,76.294,75.073,73.999,73.071,72.24,71.605,71.068,70.531,70.287,70.384,70.873,71.996,73.559,75.562,77.809,80.153,82.498,84.842,87.138,89.385,91.485,93.488,95.246,96.76,98.03,99.154,100.03,100.62,100.86,100.86,100.81,100.81,100.86,101.01,100.91,100.67,100.33,99.935,99.593,99.447,99.154,98.86,98.323,97.542,96.662,95.734,94.806,93.927,93.292,92.804,92.56,92.413,92.413,92.511,92.511,92.364,92.12,91.778,91.485,91.29,91.387,91.534,91.729,91.876,91.876,91.778,91.729,91.632,91.29,90.801,90.215,89.531,88.75,87.822,86.845,85.868,84.94,84.012,83.133,82.351,81.618,80.984,80.349,79.811,79.372,78.981,78.737,78.688,78.883,79.421,80.349,81.814,83.67,85.868,88.359,90.948,93.536,96.076,98.372,100.37,102.13,103.55,104.72,105.5,106.04,106.43,106.72,106.97,107.16,107.26,107.16,106.92,106.63,106.43,106.24,106.04,105.8,105.41,105.01,104.43,103.74,102.87,101.94,101.01,100.18,99.544,98.909,98.323,97.737,97.249,96.858,96.467,96.223,96.076,95.979,95.979,95.783,95.539,95.197,94.66,94.22,93.878,93.536,93.243,92.804,92.218,91.534,90.948,90.215,89.629,88.799,87.968,87.04,86.112,85.184,84.354,83.816,83.475,83.23,82.84,82.302,81.57,80.69,79.909,79.421,79.225,79.225,79.469,79.909,80.593,81.472,82.791,84.549,86.845,89.678,92.853,96.125,99.251,101.94,104.14,105.7,106.82,107.8,108.82,109.75,110.49,110.92,111.07,110.92,110.68,110.49,110.24,110.09,110,109.75,109.41,108.87,108.29,107.8,107.41,106.87,106.14,105.31,104.58,103.79,103.11,102.57,102.18,101.94,101.5,100.86,100.13,99.593,99.3,99.056,98.812,98.567,98.177,97.688,96.858,95.881,94.806,93.781,92.95,91.973,90.85,89.824,88.847,88.066,87.431,86.747,85.966,84.989,83.914,82.791,81.667,80.544,79.469,78.444,77.369,76.246,75.318,74.487,73.755,73.12,72.631,72.24,71.947,71.85,72.045,72.924,74.487,76.685,79.323,82.009,84.598,86.796,88.31,89.385,90.41,91.973,94.22,96.809,99.349,101.3,102.43,102.87,102.67,102.28,102.04,101.94,101.79,101.69,101.74,101.94,102.28,102.43,102.18,101.55,100.62,99.593,98.567,97.493,96.321,95.051,93.732,92.608,91.729,91.241,91.094,91.29,91.632,91.876,91.925,91.778,91.632,91.436,91.387,91.485,91.876,92.315,92.608,92.657,92.364,91.778,91.241,90.801,90.41,89.922,89.189,88.359,87.48,86.601,85.721,84.94,84.256,83.67,83.182,82.498,81.667,80.886,80.446,80.153,79.909,79.567,79.176,79.323,79.86,80.935,82.107,83.475,85.135,87.04,89.385,91.778,94.22,96.467,98.421,100.03,101.55,103.11,104.87,106.63,107.99,108.68,108.63,107.99,107.31,106.68,106.28,106.19,106.14,106.04,105.85,105.55,105.31,105.06,105.01,104.87,104.62,104.14,103.35,102.38,101.25,100.03,99.154,98.616,98.47,98.47,98.372,97.932,97.053,95.881,94.806,94.074,93.878,94.123,94.562,95.002,95.099,95.002,94.611,94.123,93.634,92.999,92.12,91.094,90.117,89.287,88.554,87.968,87.431,86.747,85.966,85.038,84.11,83.377,82.84,82.498,82.058,81.57,80.886,80.104,79.567,79.372,79.469,80.055,81.179,82.742,84.696,86.796,88.945,91.094,93.439,95.881,98.372,100.86,103.11,105.01,106.38,107.41,108.24,109.07,109.8,110.44,110.73,110.88,110.88,110.83,110.68,110.49,110.39,110.44,110.53,110.49,110.05,109.26,108.09,106.87,105.7,104.72,104.18,103.99,103.94,103.74,103.16,102.43,101.55,100.91,100.42,100.18,99.886,99.495,99.056,98.567,98.128,97.688,97.297,96.907,96.418,95.881,95.051,94.074,92.999,91.876,90.85,89.922,89.043,88.066,86.845,85.477,84.061,82.547,81.13,79.811,78.688,77.76,76.929,76.099,75.366,74.536,73.803,73.12,72.533,72.045,71.605,71.361,71.654,72.729,74.292,76.001,77.418,78.737,80.495,83.035,86.405,89.971,93.048,95.295,96.76,97.786,99.007,100.37,101.89,103.01,103.45,103.31,102.82,102.13,101.45,101.11,101.16,101.55,101.79,101.74,101.25,100.47,99.691,98.909,98.177,97.346,96.418,95.441,94.513,93.781,93.292,92.999,92.657,92.169,91.485,90.801,90.41,90.557,91.045,91.778,92.511,92.804,92.804,92.511,91.925,91.29,90.752,90.166,89.824,89.531,89.434,89.531,89.824,90.069,90.069,89.629,88.847,87.822,86.503,85.038,83.719,82.595,81.716,81.032,80.544,80.153,79.86,79.421,78.932,78.346,78.004,78.248,79.323,81.277,83.914,86.601,88.994,90.997,92.95,95.051,97.591,100.47,103.31,105.8,107.6,108.53,108.73,108.43,108.09,107.99,108.04,107.95,107.51,106.63,105.75,105.16,104.87,104.82,104.67,104.43,103.94,103.35,102.62,101.94,101.3,100.81,100.42,100.13,99.789,99.349,98.909,98.47,98.177,97.786,97.297,96.662,95.93,95.295,94.758,94.171,93.683,93.195,92.755,92.413,92.218,92.169,92.071,91.876,91.387,90.606,89.629,88.701,88.066,87.822,87.724,87.675,87.431,86.943,86.308,85.575,84.94,84.354,83.865,83.182,82.156,80.984,79.86,78.932,78.492,78.59,79.176,80.251,81.716,83.621,85.819,88.31,90.997,93.781,96.467,99.056,101.35,103.35,105.11,106.53,107.7,108.63,109.31,109.95,110.44,110.88,111.07,111.07,110.97,110.88,110.73,110.68,110.63,110.24,109.61,108.68,107.6,106.72,106.14,105.7,105.16,104.72,104.38,103.94,103.45,102.67,101.89,101.3,100.91,100.81,100.62,100.42,100.13,99.593,99.007,98.225,97.542,96.907,96.223,95.539,94.855,94.171,93.683,93.243,92.657,91.729,90.41,88.799,87.236,85.917,84.842,84.012,83.133,82.302,81.374,80.349,79.176,78.004,76.881,75.806,74.878,74.048,73.315,72.631,71.996,71.508,71.215,71.605,72.729,74.536,76.881,79.372,81.863,84.061,85.917,87.675,89.385,91.192,93.097,95.002,96.662,98.03,99.056,99.74,100.23,100.67,101.06,101.45,101.55,101.55,101.45,101.3,101.16,101.01,100.72,100.33,99.74,99.105,98.421,97.688,96.809,95.93,95.197,94.513,93.781,93.048,92.315,91.534,90.948,90.508,90.362,90.362,90.313,89.922,89.531,89.531,89.971,90.85,91.778,92.413,92.56,92.169,91.632,90.997,90.508,90.069,89.727,89.385,88.847,88.115,87.138,86.112,85.184,84.305,83.426,82.449,81.374,80.3,79.421,78.786,78.492,78.346,78.297,78.297,78.248,78.444,78.932,79.86,81.374,83.426,85.868,88.554,91.241,93.781,95.979,97.786,99.349,101.01,102.72,104.67,106.28,107.41,107.8,107.6,107.26,106.72,106.48,106.43,106.63,106.97,107.36,107.51,107.31,106.97,106.53,105.94,105.11,104.14,103.06,101.99,100.91,99.984,99.056,98.225,97.346,96.467,95.734,95.099,94.806,94.758,94.758,94.758,94.758,94.66,94.562,94.22,93.878,93.439,93.048,92.657,92.218,91.632,90.801,90.117,89.678,89.727,89.971,90.215,90.117,89.434,88.115,86.552,85.038,83.865,83.133,82.547,82.058,81.374,80.495,79.616,78.786,78.248,78.004,78.004,78.297,78.932,79.811,81.032,82.595,84.549,86.991,89.922,93.195,96.369,99.105,101.16,102.82,104.14,105.31,106.43,107.41,108.24,108.82,109.12,99.447,99.056,99.007,98.812,98.177,96.907,95.197,93.341,91.925,90.948,90.362,89.873,89.385,89.043,89.092,89.727,90.606,91.436,91.973,92.218,92.413,92.511,92.413,92.12,91.534,90.801,90.069,89.385,88.847,88.554,88.408,88.408,88.506,88.359,87.968,87.382,86.503,85.428,84.256,82.986,81.863,80.935,80.153,79.469,78.883,78.297,77.906,77.809,77.906,78.199,78.59,79.225,80.251,81.667,83.67,86.112,88.603,90.85,92.804,94.611,96.614,98.665,100.67,102.23,103.35,103.99,104.48,105.01,105.41,105.94,106.43,107.07,107.85,108.24,107.75,106.19,104.23,102.91,102.72,103.45,104.28,105.16,105.6,105.5,104.62,103.11,101.3,99.349,97.542,95.979,94.855,94.367,94.66,95.637,96.614,97.004,96.467,95.49,94.611,94.171,94.074,93.781,93.292,92.755,92.413,92.364,92.315,92.12,91.68,90.997,89.922,88.506,86.845,85.282,84.11,83.377,82.986,82.498,81.228,78.981,76.099,73.559,72.533,73.755,76.929,80.739,83.67,84.696,83.67,81.57,79.421,78.248,78.541,80.349,83.572,87.822,92.364,96.565,100.03,102.82,105.06,106.72,107.6,107.75,107.51,107.31,107.6,108.43,109.56,110.88,112,112.54,112.05,110.24,107.31,104.14,101.94,101.6,102.87,104.67,106.28,107.16,107.55,107.51,106.82,105.41,103.55,101.89,100.81,100.67,101.16,101.69,101.45,100.23,98.372,96.565,95.49,95.49,96.321,97.053,97.2,96.418,95.099,93.488,92.071,90.801,90.069,89.531,89.043,88.506,87.919,87.626,87.626,87.724,87.626,86.845,85.624,84.256,83.182,82.84,82.791,82.547,81.374,79.176,76.294,73.364,70.97,69.554,68.968,69.163,69.994,71.312,72.875,74.487,76.001,77.32,78.541,80.153,82.595,85.819,89.238,92.218,94.123,94.904,95.197,95.539,96.467,97.932,99.349,100.42,100.72,100.42,99.886,99.251,98.812,98.616,98.47,98.225,97.884,97.346,96.809,96.418,96.223,96.076,95.734,95.197,94.513,93.732,93.048,92.413,91.973,91.778,91.778,91.973,92.12,92.071,91.778,91.485,91.29,91.387,91.485,91.632,91.632,91.436,91.192,90.801,90.215,89.482,88.945,88.75,88.799,88.554,87.919,86.991,86.112,85.477,85.135,84.842,84.403,83.719,82.742,81.228,79.323,77.76,77.027,77.369,78.102,78.59,78.59,78.248,78.053,78.297,79.372,81.032,83.23,85.673,87.968,90.215,92.413,94.758,97.249,99.74,102.13,104.23,105.8,106.82,107.16,107.16,106.97,106.72,106.43,106.04,105.6,105.26,104.92,104.62,104.43,104.18,104.04,103.94,103.74,103.35,102.67,101.74,100.81,99.886,99.105,98.47,98.03,97.591,97.053,96.565,95.979,95.539,95.099,94.758,94.367,94.074,93.732,93.488,93.243,93.097,92.853,92.511,91.876,90.997,90.069,89.238,88.603,88.261,87.919,87.529,87.04,86.356,85.575,84.549,83.67,82.986,82.547,82.449,82.351,82.156,81.912,81.423,80.886,80.153,79.469,78.786,78.297,78.248,78.932,80.349,82.351,84.549,86.552,88.554,90.606,92.999,95.539,98.03,100.13,101.74,103.06,104.28,105.75,107.26,108.48,109.31,109.51,109.17,108.68,108.24,108.04,107.95,107.85,107.75,107.7,107.7,107.7,107.36,106.63,105.55,104.38,103.55,103.11,103.06,103.01,102.72,102.13,101.25,100.23,99.3,98.47,97.688,96.907,96.418,96.418,96.907,97.591,98.03,97.932,97.297,96.418,95.686,95.246,95.051,94.855,94.416,93.536,92.364,91.094,89.922,88.945,88.066,87.284,86.601,85.917,85.282,84.598,83.914,83.23,82.498,81.667,80.788,79.811,78.737,77.613,76.441,75.318,74.341,73.852,73.999,74.731,76.099,78.004,80.055,82.156,84.256,86.161,88.115,89.971,91.925,93.781,95.637,97.297,98.616,99.593,100.37,100.81,101.06,101.06,100.86,100.67,100.42,100.13,99.691,99.3,98.86,98.47,98.128,97.542,96.907,96.125,95.197,94.074,92.804,91.485,90.215,89.238,88.408,87.919,87.529,87.284,87.04,86.845,86.747,86.601,86.552,86.405,86.308,86.063,85.721,85.575,85.428,85.477,85.624,85.673,85.477,84.989,84.256,83.426,82.791,82.351,82.058,81.912,81.716,81.57,81.277,80.935,80.349,79.616,78.883,78.297,77.906,77.809,77.662,77.418,77.027,76.636,76.441,76.685,77.418,78.688,80.3,82.156,84.256,86.503,88.847,91.241,93.634,95.783,97.884,99.593,100.91,101.74,102.18,102.43,102.57,102.67,102.87,103.01,102.91,102.62,102.18,101.74,101.3,101.01,100.72,100.47,100.13,99.495,98.763,97.884,97.053,96.369,95.734,95.197,94.562,93.976,93.439,92.999,92.755,92.657,92.755,92.853,92.95,92.853,92.56,92.071,91.485,90.85,90.362,89.971,89.629,89.287,88.847,88.408,87.919,87.284,86.601,85.868,85.038,84.256,83.377,82.595,81.912,81.374,80.788,80.153,79.469,78.786,78.053,77.418,76.881,76.441,76.099,75.806,75.464,75.122,74.927,75.171,76.05,77.564,79.616,82.009,84.598,87.236,89.971,92.755,95.441,97.786,99.886,101.6,103.06,104.38,105.41,106.28,106.87,107.12,107.16,107.12,106.92,106.82,106.63,106.43,106.24,106.04,105.85,105.75,105.6,105.41,105.06,104.58,103.99,103.26,102.47,101.74,101.01,100.33,99.593,99.105,98.616,98.323,98.03,97.786,97.542,97.2,96.809,96.369,95.93,95.49,95.051,94.611,94.171,93.732,93.195,92.56,91.925,91.29,90.752,90.117,89.385,88.506,87.431,86.308,85.184,84.158,83.182,82.253,81.277,80.3,79.176,78.004,76.734,75.464,74.292,73.217,72.289,71.508,70.873,70.433,70.287,70.531,71.312,72.631,74.341,76.441,78.59,80.788,83.035,85.379,87.724,90.117,92.364,94.318,95.979,97.346,98.372,99.105,99.593,99.935,100.13,100.13,99.984,99.74,99.349,98.909,98.47,98.128,97.688,97.2,96.614,95.93,95.197,94.318,93.439,92.413,91.387,90.215,89.189,88.359,87.724,87.284,87.04,86.943,86.796,86.747,86.747,86.796,86.845,86.991,87.04,87.138,87.187,87.138,87.138,87.138,87.04,86.943,86.698,86.503,86.161,85.868,85.477,85.038,84.549,83.914,83.182,82.351,81.618,80.935,80.251,79.567,78.786,78.053,77.32,76.636,76.05,75.66,75.562,75.611,76.05,76.881,78.102,79.762,81.716,84.012,86.356,88.847,91.241,93.536,95.686,97.591,99.3,100.72,101.99,102.91,103.7,104.14,104.28,104.28,104.18,103.99,103.74,103.5,103.26,103.01,102.72,102.43,102.04,101.5,100.72,99.935,99.007,98.128,97.346,96.662,95.979,95.344,94.758,94.123,93.634,93.292,93.048,92.804,92.608,92.413,92.218,92.12,91.973,91.778,91.632,91.241,90.801,90.215,89.678,89.092,88.701,88.261,87.822,87.284,86.747,86.112,85.379,84.598,83.865,83.133,82.302,81.57,80.788,80.055,79.323,78.59,78.004,77.369,76.734,76.197,75.757,75.366,75.171,75.171,75.611,76.441,77.662,79.323,81.423,84.012,86.845,89.922,92.95,95.686,98.128,100.03,101.74,103.11,104.28,105.26,106.14,106.72,107.26,107.41,107.41,107.12,106.82,106.43,106.24,106.14,105.94,105.75,105.55,105.31,105.06,104.82,104.48,104.04,103.45,102.72,102.04,101.35,100.72,100.13,99.495,98.86,98.323,97.932,97.688,97.591,97.493,97.249,96.858,96.369,95.881,95.344,94.855,94.22,93.536,92.853,92.169,91.632,91.045,90.313,89.434,88.359,87.236,86.112,85.135,84.11,83.133,82.058,80.886,79.762,78.492,77.223,76.05,74.927,73.803,72.729,71.752,70.824,69.994,69.359,68.968,69.114,69.652,70.677,72.094,73.852,75.806,77.858,80.055,82.351,84.793,87.187,89.482,91.632,93.439,94.904,96.125,97.053,97.737,98.225,98.567,98.763,98.86,98.909,98.86,98.665,98.323,97.786,97.297,96.809,96.321,95.783,95.246,94.562,93.732,92.804,91.925,91.192,90.508,89.922,89.385,88.799,88.31,87.871,87.529,87.431,87.431,87.626,87.871,88.066,88.261,88.359,88.506,88.554,88.554,88.554,88.408,88.261,87.968,87.724,87.382,86.991,86.552,86.063,85.428,84.745,84.012,83.182,82.449,81.618,80.788,80.055,79.323,78.688,78.102,77.564,77.027,76.49,76.001,75.611,75.464,75.757,76.441,77.613,79.323,81.374,83.67,86.112,88.603,91.045,93.341,95.637,97.737,99.691,101.3,102.47,103.35,103.84,104.18,104.43,104.48,104.43,104.14,103.7,103.31,102.91,102.62,102.43,102.38,102.23,102.04,101.74,101.11,100.23,99.251,98.177,97.346,96.76,96.223,95.783,95.197,94.562,93.927,93.439,93.097,93.048,92.999,92.999,92.755,92.413,92.071,91.729,91.436,91.192,90.948,90.606,90.166,89.629,89.043,88.359,87.675,86.943,86.259,85.477,84.793,84.158,83.475,82.84,82.156,81.423,80.69,80.007,79.372,78.786,78.297,77.76,77.223,76.636,76.05,75.464,75.171,75.318,76.001,77.223,78.981,81.13,83.475,85.966,88.701,91.387,93.976,96.467,98.763,100.72,102.38,103.7,104.67,105.41,105.99,106.38,106.53,106.63,106.53,106.43,106.24,105.99,105.7,105.41,105.31,105.11,104.92,104.67,104.28,103.74,103.11,102.43,101.69,100.91,100.23,99.495,98.812,98.128,97.542,97.004,96.467,96.076,95.686,95.344,95.197,95.051,94.904,94.806,94.562,94.318,93.927,93.536,93.097,92.608,92.12,91.632,91.094,90.606,90.117,89.531,88.945,88.31,87.724,87.138,86.503,85.868,85.233,84.549,83.914,83.182,82.449,81.667,80.886,80.153,79.567,79.03,78.786,78.786,79.127,80.007,81.277,83.133,85.379,88.066,90.948,93.781,96.467,98.86,101.01,102.82,104.28,105.6,106.68,107.55,108.19,108.63,108.73,108.73,108.53,108.24,107.95,107.55,107.12,106.63,106.14,105.55,104.92,104.23,103.45,102.62,101.69,100.67,99.691,98.567,97.346,96.174,95.099,94.171,93.292,92.511,91.68,90.948,90.166,89.482,88.799,88.261,87.724,87.382,87.138,86.796,86.552,86.259,85.819,85.282,84.745,84.158,83.621,83.035,82.449,81.716,80.984,80.153,79.323,78.444,77.467,76.636,75.66,74.878,73.999,73.12,72.192,71.312,70.433,69.603,68.919,68.382,67.942,67.698,67.698,67.844,68.479,69.407,70.824,72.485,74.536,76.881,79.225,81.716,84.256,86.698,88.945,90.948,92.608,94.123,95.344,96.418,97.297,97.932,98.372,98.567,98.665,98.665,98.616,98.421,98.177,97.786,97.297,96.809,96.321,95.734,95.197,94.611,94.074,93.488,92.999,92.56,92.12,91.778,91.485,91.241,90.997,90.801,90.655,90.508,90.41,90.362,90.313,90.117,89.922,89.824,89.678,89.482,89.238,88.945,88.554,88.115,87.626,87.04,86.503,85.819,85.184,84.5,83.719,83.035,82.302,81.618,80.935,80.251,79.567,78.883,78.199,77.467,76.881,76.246,75.757,75.22,74.927,74.731,74.78,75.22,76.197,77.613,79.469,81.716,84.256,86.943,89.629,92.315,94.758,97.004,99.007,100.81,102.28,103.55,104.48,105.01,105.26,105.31,105.26,105.16,105.11,105.06,105.01,104.87,104.62,104.28,103.99,103.74,103.5,103.16,102.82,102.28,101.69,100.91,100.23,99.544,98.86,98.177,97.542,97.004,96.418,95.979,95.686,95.49,95.295,95.002,94.66,94.318,93.878,93.536,93.243,92.95,92.608,92.218,91.729,91.192,90.606,89.971,89.434,88.847,88.31,87.724,87.138,86.356,85.624,84.793,84.061,83.279,82.595,81.912,81.228,80.495,79.762,78.932,78.199,77.418,76.881,76.539,76.49,76.881,77.613,78.883,80.495,82.498,84.793,87.382,90.069,92.95,95.686,98.225,100.47,102.28,103.79,104.92,105.8,106.43,106.92,107.31,107.6,107.75,107.7,107.41,107.12,106.92,106.87,106.87,106.92,106.82,106.48,105.99,105.41,104.87,104.38,103.79,103.16,102.57,101.79,101.11,100.42,99.886,99.349,99.007,98.616,98.323,97.786,97.249,96.614,96.076,95.734,95.539,95.246,94.758,94.074,93.292,92.56,91.778,91.094,90.508,89.824,88.994,88.066,86.991,85.917,84.793,83.67,82.547,81.374,80.153,79.03,78.053,77.027,76.099,75.171,74.292,73.413,72.631,71.752,70.922,70.287,70.042,70.238,70.922,71.947,73.217,74.683,76.294,78.199,80.3,82.595,85.135,87.48,89.824,91.729,93.439,94.758,95.881,96.858,97.786,98.665,99.349,99.74,99.691,99.349,98.812,98.323,97.737,97.346,97.004,96.76,96.565,96.223,95.686,94.855,93.878,92.755,91.68,90.606,89.678,88.799,87.919,87.04,86.503,86.161,86.112,86.112,85.917,85.721,85.721,86.063,86.698,87.236,87.48,87.236,86.503,85.624,84.989,84.745,84.94,85.184,85.282,85.184,84.842,84.5,83.914,83.182,82.156,81.032,80.055,79.225,78.541,78.102,77.858,77.906,78.102,78.248,78.199,77.809,77.174,76.636,76.099,76.001,76.441,77.613,79.616,82.253,85.135,87.871,89.922,91.192,91.925,92.56,93.195,93.878,95.051,97.493,101.11,104.92,107.41,107.7,105.7,102.82,100.72,100.47,101.94,103.84,104.87,104.67,103.55,102.43,101.55,100.86,99.886,98.372,96.809,95.637,95.197,95.344,95.783,96.076,96.076,95.637,94.855,93.878,92.95,92.218,91.778,91.632,91.68,92.169,92.804,93.097,92.657,91.436,89.922,88.506,87.284,86.356,85.624,85.233,85.624,86.845,88.506,89.287,88.603,86.259,83.279,80.935,80.055,80.69,82.302,84.061,85.184,85.282,84.305,82.351,79.665,77.027,74.927,73.852,73.803,74.634,75.855,77.32,78.932,80.495,82.009,83.816,86.112,88.408,89.971,90.752,91.632,93.927,97.737,102.04,105.75,108.09,108.97,109.07,109.17,110.05,111.22,111.85,110.97,108.97,106.87,105.55,105.31,105.6,105.94,105.99,105.7,105.31,104.92,104.58,104.18,103.6,102.72,101.69,100.62,99.935,99.886,100.23,100.81,100.91,100.42,99.349,98.372,97.786,97.591,97.2,96.321,95.246,94.513,94.513,95.099,95.881,96.174,95.686,94.367,92.657,90.948,89.287,87.919,86.698,85.428,84.11,82.693,81.032,79.372,77.662,76.246,74.976,73.999,72.973,72.045,71.166,70.384,69.847,69.652,69.749,70.042,70.873,72.045,73.559,75.22,77.125,79.127,81.179,83.279,85.477,87.724,89.922,91.973,93.781,95.295,96.467,97.444,98.225,98.86,99.3,99.495,99.544,99.495,99.349,99.154,98.86,98.567,98.177,97.786,97.444,97.053,96.565,95.979,95.441,94.758,94.123,93.439,92.755,92.12,91.485,90.948,90.508,90.166,89.922,89.482,88.994,88.701,88.799,89.238,89.678,89.922,89.922,89.824,89.727,89.873,90.069,90.166,90.069,89.678,89.043,88.359,87.626,86.845,86.161,85.379,84.549,83.719,82.937,82.107,81.472,80.935,80.446,80.007,79.567,79.127,78.59,78.199,77.809,77.467,77.369,77.467,78.004,78.932,80.3,82.058,84.11,86.405,88.799,91.241,93.683,95.93,98.03,99.886,101.45,102.62,103.55,104.23,104.72,105.11,105.31,105.31,105.16,105.01,104.67,104.38,104.04,103.74,103.45,103.06,102.57,102.04,101.45,100.81,100.18,99.447,98.763,97.981,97.297,96.76,96.174,95.734,95.344,95.051,94.758,94.513,94.367,94.22,93.976,93.732,93.488,93.195,92.804,92.413,92.071,91.68,91.192,90.606,89.922,89.189,88.359,87.675,86.943,86.259,85.575,84.793,84.11,83.377,82.595,81.912,81.228,80.593,79.909,79.372,78.786,78.248,77.76,77.223,76.929,76.685,76.685,76.978,77.76,79.03,80.886,83.133,85.624,88.31,91.045,93.781,96.418,98.812,101.01,102.82,104.38,105.55,106.43,107.12,107.7,108.09,108.43,108.53,108.63,108.53,108.43,108.29,108.09,107.99,107.8,107.6,107.36,106.97,106.48,105.99,105.36,104.82,104.23,103.6,103.01,102.38,101.69,101.11,100.62,100.23,99.886,99.495,99.007,98.372,97.591,96.907,96.321,95.637,95.002,94.318,93.488,92.657,91.876,91.045,71.605,72.68,74.097,75.855,77.858,79.909,82.058,84.305,86.601,88.945,91.192,93.243,95.051,96.614,97.981,99.105,99.984,100.67,101.11,101.35,101.5,101.5,101.35,101.11,100.86,100.67,100.42,100.18,99.789,99.349,98.86,98.225,97.542,96.76,95.881,95.002,94.171,93.341,92.657,92.12,91.68,91.29,91.045,90.948,90.948,91.094,91.29,91.534,91.729
0.44482,0.45508,0.44482,0.43506,0.41992,0.39502,0.37012,0.33984,0.31494,0.29004,0.2749,0.26025,0.25488,0.25,0.24512,0.24512,0.24512,0.24512,0.24512,0.24512,0.24512,0.24512,0.25,0.25,0.25,0.25,0.25,0.26025,0.27002,0.28516,0.31006,0.34521,0.38525,0.3999,0.41016,0.37988,0.33496,0.28516,0.25488,0.24023,0.23486,0.24023,0.24023,0.23486,0.2002,0.1001,0.035156,0.31494,1.0249,1.5,1.5,1.0249,0.4248,0.18994,0.12988,0.11523,0.10498,0.1001,0.10498,0.11523,0.12012,0.095215,0.095215,0.10498,0.11523,0.13525,0.15527,0.16504,0.17529,0.19531,0.22021,0.24023,0.26514,0.30029,0.33008,0.34521,0.3501,0.3501,0.375,0.39014,0.37012,0.3501,0.34521,0.34521,0.3252,0.29492,0.26514,0.25488,0.25,0.22998,0.19531,0.17529,0.18994,0.2002,0.17529,0.15527,0.16016,0.17529,0.16992,0.16016,0.16016,0.17529,0.18506,0.18994,0.18506,0.18994,0.20996,0.2251,0.24512,0.28027,0.30518,0.31494,0.31006,0.28516,0.24512,0.22021,0.20508,0.2002,0.19531,0.20508,0.21484,0.2002,0.12012,0.02002,0.12988,0.6748,1.4146,1.5,1.2847,0.6001,0.23486,0.16016,0.15527,0.1499,0.14014,0.14502,0.1499,0.15527,0.16016,0.16504,0.17529,0.18506,0.19531,0.20996,0.22021,0.23486,0.25488,0.2749,0.30029,0.31982,0.34521,0.37012,0.39502,0.41504,0.43018,0.43994,0.44482,0.4502,0.44482,0.43994,0.41992,0.39502,0.375,0.3501,0.3252,0.30518,0.29004,0.28516,0.28027,0.2749,0.27002,0.26514,0.26514,0.27002,0.27002,0.27002,0.2749,0.28027,0.28027,0.28516,0.28516,0.28516,0.29004,0.29492,0.30029,0.31006,0.3252,0.33984,0.35986,0.39014,0.41016,0.41992,0.41016,0.375,0.33008,0.30029,0.28516,0.28027,0.28027,0.28027,0.28516,0.26514,0.18018,0.095215,0.27002,0.89502,1.5,1.5,1.2847,0.63477,0.31494,0.2251,0.19531,0.18018,0.17529,0.17529,0.18018,0.18018,0.18994,0.19531,0.20508,0.21484,0.22998,0.24023,0.25,0.26025,0.2749,0.29004,0.31006,0.33496,0.35986,0.38525,0.3999,0.41992,0.43018,0.43994,0.4502,0.45508,0.4502,0.43994,0.41992,0.39502,0.36523,0.34521,0.31982,0.29492,0.28027,0.26514,0.25488,0.24512,0.24512,0.24512,0.25,0.25,0.25,0.25,0.24512,0.24512,0.24512,0.25,0.25,0.25488,0.26025,0.26514,0.27002,0.28516,0.30518,0.33008,0.35986,0.37988,0.39014,0.37988,0.34521,0.30029,0.27002,0.25488,0.25488,0.25488,0.25488,0.25488,0.24512,0.16992,0.080078,0.20996,0.77979,1.5,1.5,1.355,0.68018,0.31982,0.20996,0.16992,0.15527,0.1499,0.1499,0.15527,0.16504,0.16992,0.17529,0.18506,0.19531,0.2002,0.21484,0.2251,0.24023,0.25488,0.2749,0.29004,0.31982,0.34521,0.37012,0.38525,0.40479,0.41992,0.43506,0.43994,0.44482,0.43994,0.43018,0.41504,0.39502,0.36523,0.33984,0.31006,0.29004,0.27002,0.26025,0.25,0.24023,0.24023,0.24023,0.24023,0.24023,0.24023,0.24512,0.24512,0.24512,0.24512,0.24512,0.24512,0.24512,0.24512,0.25,0.26025,0.2749,0.30029,0.33008,0.36523,0.38525,0.39502,0.38525,0.3501,0.31006,0.2749,0.26025,0.25488,0.25,0.25,0.25,0.24023,0.14502,0.060059,0.24023,0.86475,1.5,1.5,1.23,0.5752,0.26025,0.16016,0.125,0.10498,0.080078,0.064941,0.070313,0.090332,0.095215,0.095215,0.10986,0.11523,0.125,0.14502,0.16992,0.18994,0.20508,0.21484,0.2251,0.25,0.29492,0.33984,0.36523,0.375,0.375,0.39014,0.39014,0.37988,0.375,0.36523,0.33984,0.31494,0.30029,0.28027,0.25,0.24512,0.24512,0.20996,0.16992,0.18994,0.21484,0.20508,0.18018,0.18018,0.18506,0.17529,0.16992,0.18018,0.18506,0.16992,0.16992,0.17529,0.19531,0.21484,0.2251,0.24512,0.28027,0.30518,0.31982,0.3252,0.29004,0.25488,0.22021,0.20508,0.20508,0.20508,0.20996,0.21484,0.2002,0.14014,0.030273,0.02002,0.5752,1.3198,1.5,1.3799,0.69482,0.27002,0.17529,0.16992,0.16992,0.16016,0.15527,0.15527,0.16016,0.17529,0.17529,0.18018,0.18994,0.20508,0.22021,0.23486,0.24512,0.26025,0.28027,0.30518,0.33008,0.35498,0.375,0.39502,0.41504,0.4248,0.43994,0.44482,0.44482,0.43994,0.43506,0.41992,0.3999,0.375,0.3501,0.3252,0.30518,0.29004,0.28027,0.27002,0.26514,0.26514,0.26025,0.26025,0.26025,0.26025,0.26025,0.26025,0.26514,0.26514,0.26514,0.27002,0.2749,0.28027,0.28027,0.28027,0.29004,0.30518,0.31982,0.34521,0.37012,0.39502,0.41016,0.41504,0.38525,0.34521,0.30518,0.28027,0.27002,0.27002,0.27002,0.27002,0.27002,0.22021,0.11523,0.090332,0.55518,1.3047,1.5,1.5,0.90479,0.41016,0.24512,0.2002,0.18506,0.17529,0.16992,0.16992,0.16992,0.17529,0.18506,0.19531,0.20508,0.20996,0.22021,0.23486,0.25,0.26514,0.28027,0.30029,0.31982,0.3501,0.37012,0.39502,0.41016,0.4248,0.43994,0.44482,0.44482,0.44482,0.44482,0.43506,0.41504,0.38525,0.35498,0.33008,0.30518,0.28516,0.27002,0.26025,0.25,0.24512,0.24512,0.24023,0.24023,0.24512,0.24512,0.24512,0.24023,0.24023,0.24023,0.24023,0.24023,0.24023,0.24023,0.24512,0.25488,0.2749,0.29492,0.3252,0.35498,0.375,0.38525,0.36523,0.3252,0.28027,0.25,0.24023,0.24023,0.24023,0.24023,0.24512,0.22021,0.125,0.055176,0.29492,0.95996,1.5,1.5,1.1597,0.56006,0.28516,0.2002,0.16504,0.1499,0.14502,0.14502,0.1499,0.15527,0.16016,0.16504,0.17529,0.18506,0.2002,0.20996,0.22021,0.24023,0.25488,0.2749,0.29004,0.31982,0.34521,0.37012,0.39014,0.40479,0.41992,0.4248,0.43506,0.43506,0.43506,0.41992,0.3999,0.37988,0.3501,0.3252,0.30029,0.28027,0.26514,0.25,0.24023,0.23486,0.23486,0.23486,0.23486,0.22998,0.22998,0.23486,0.23486,0.22998,0.22998,0.2251,0.2251,0.2251,0.22998,0.24023,0.25488,0.2749,0.30029,0.3252,0.35498,0.375,0.37988,0.35498,0.30518,0.25,0.21484,0.20508,0.2002,0.2002,0.20508,0.21484,0.18994,0.084961,0.010254,0.24512,0.90967,1.5,1.5,1.0801,0.4751,0.20508,0.13525,0.10986,0.095215,0.090332,0.084961,0.080078,0.090332,0.095215,0.095215,0.10498,0.11523,0.125,0.13525,0.15527,0.17529,0.18994,0.21484,0.25,0.29004,0.30518,0.31494,0.3501,0.375,0.37988,0.37012,0.37988,0.39502,0.375,0.34521,0.33008,0.33008,0.31006,0.28027,0.26514,0.26514,0.24512,0.21484,0.20996,0.20508,0.18994,0.18018,0.18506,0.18506,0.18018,0.17529,0.16992,0.16992,0.17529,0.18994,0.19531,0.18506,0.2002,0.22021,0.22998,0.24023,0.26025,0.29004,0.31006,0.3252,0.30029,0.26514,0.2251,0.20508,0.20508,0.20508,0.20996,0.20508,0.20508,0.16504,0.064941,0.024902,0.43018,1.165,1.5,1.5,0.81982,0.31494,0.16992,0.16016,0.16016,0.15527,0.1499,0.1499,0.15527,0.16016,0.16016,0.16992,0.18018,0.18994,0.20508,0.22021,0.23486,0.25,0.26514,0.28516,0.31006,0.33496,0.35986,0.38525,0.3999,0.41504,0.43018,0.43506,0.43994,0.43994,0.43506,0.41992,0.3999,0.375,0.3501,0.33008,0.31006,0.29004,0.28027,0.27002,0.27002,0.26514,0.26025,0.26025,0.26025,0.26025,0.26514,0.26514,0.27002,0.27002,0.2749,0.2749,0.28027,0.28027,0.28516,0.28516,0.29004,0.30029,0.31494,0.33008,0.35498,0.38525,0.40479,0.41016,0.39502,0.36523,0.3252,0.29004,0.2749,0.27002,0.27002,0.27002,0.2749,0.26025,0.16992,0.090332,0.26025,0.85986,1.5,1.5,1.2949,0.64502,0.31494,0.22021,0.18506,0.16992,0.16504,0.16504,0.16504,0.16992,0.17529,0.18018,0.18506,0.19531,0.20996,0.22021,0.22998,0.24512,0.26025,0.28027,0.30518,0.3252,0.3501,0.37012,0.39014,0.40479,0.41992,0.4248,0.43018,0.43506,0.43994,0.43018,0.41504,0.39014,0.36523,0.33008,0.30518,0.28027,0.26025,0.24512,0.24023,0.23486,0.23486,0.23486,0.24023,0.23486,0.22998,0.22998,0.23486,0.23486,0.22998,0.22998,0.22998,0.23486,0.22998,0.22998,0.24023,0.25,0.26514,0.29492,0.3252,0.35498,0.375,0.37012,0.34521,0.30029,0.26514,0.24023,0.22998,0.22998,0.22998,0.22998,0.22998,0.2002,0.1001,0.055176,0.39502,1.1099,1.5,1.5,1.0146,0.45996,0.24023,0.17529,0.1499,0.14014,0.13525,0.13525,0.13525,0.14502,0.1499,0.15527,0.16016,0.17529,0.18506,0.2002,0.21484,0.23486,0.25488,0.27002,0.29004,0.31006,0.33984,0.36523,0.38525,0.3999,0.41504,0.41992,0.4248,0.4248,0.4248,0.41504,0.39014,0.35986,0.33496,0.31006,0.28516,0.26514,0.25,0.24023,0.2251,0.2251,0.2251,0.2251,0.2251,0.22021,0.2251,0.2251,0.2251,0.2251,0.22998,0.22998,0.22998,0.22998,0.23486,0.24023,0.25,0.27002,0.30029,0.33496,0.37012,0.39014,0.39014,0.36523,0.31494,0.26514,0.23486,0.2251,0.2251,0.22021,0.2251,0.22021,0.18018,0.090332,0.044922,0.3501,1.0498,1.5,1.5,1.0049,0.15527,0.16504,0.17529,0.18506,0.19531,0.20508,0.22021,0.24023,0.26025,0.28516,0.31006,0.33496,0.35498,0.375,0.39502,0.40479,0.41504,0.41992,0.41992,0.41992,0.40479,0.38525,0.36523,0.33984,0.31494,0.29492,0.28027,0.26025,0.24023,0.2251,0.22021,0.21484,0.20508,0.2002,0.19531,0.19531,0.19531,0.19531,0.19531,0.19531,0.19531,0.18994,0.18506,0.17529,0.16992,0.18018,0.19531,0.20996,0.24023,0.2749,0.30029,0.31006,0.28516,0.23486,0.18994,0.16992,0.16992,0.17529,0.17529,0.16992,0.16016,0.13525,0.044922,-0.014648,0.23486,0.875,1.5,1.5,1.0298,0.41016,0.14014,0.095215,0.10498,0.10986,0.080078,0.070313,0.084961,0.090332,0.10986,0.125,0.10498,0.095215,0.12012,0.14502,0.1499,0.16504,0.18506,0.19531,0.22021,0.27002,0.30029,0.30518,0.3252,0.3501,0.37012,0.375,0.37012,0.37012,0.37012,0.36523,0.3501,0.3252,0.30029,0.26514,0.24512,0.2251,0.20996,0.19531,0.18506,0.18018,0.17529,0.17529,0.18018,0.18018,0.18018,0.18506,0.18506,0.18018,0.18018,0.18018,0.18506,0.19531,0.2002,0.20996,0.22021,0.24023,0.26025,0.29492,0.33008,0.34521,0.3501,0.3252,0.28516,0.24023,0.21484,0.20508,0.20508,0.20508,0.20996,0.21484,0.18506,0.090332,0.040039,0.31494,0.98975,1.5,1.5,1.0801,0.48486,0.23486,0.18018,0.16016,0.15527,0.15527,0.15527,0.15527,0.15527,0.16504,0.17529,0.18506,0.19531,0.20996,0.22021,0.24023,0.25488,0.2749,0.28516,0.30518,0.3252,0.3501,0.375,0.39502,0.41504,0.43018,0.43994,0.44482,0.44482,0.43994,0.43018,0.41016,0.39014,0.35986,0.33008,0.31006,0.29004,0.27002,0.26025,0.25,0.24023,0.24023,0.24023,0.23486,0.22998,0.22998,0.23486,0.24023,0.24023,0.23486,0.23486,0.23486,0.24023,0.24023,0.24023,0.25,0.26514,0.28516,0.31494,0.3501,0.37012,0.375,0.35498,0.31494,0.2749,0.24512,0.23486,0.23486,0.23486,0.23486,0.23486,0.22021,0.14014,0.055176,0.20996,0.7998,1.5,1.5,1.3198,0.6499,0.29492,0.18994,0.15527,0.14014,0.14014,0.13525,0.14014,0.14502,0.1499,0.16016,0.16992,0.18018,0.18994,0.2002,0.21484,0.23486,0.24512,0.26025,0.28027,0.30518,0.33008,0.35498,0.37988,0.39502,0.41016,0.41992,0.4248,0.43506,0.43506,0.4248,0.40479,0.37988,0.3501,0.3252,0.30029,0.2749,0.25488,0.24512,0.23486,0.22998,0.2251,0.2251,0.22021,0.22021,0.22021,0.22021,0.22021,0.22021,0.22021,0.22021,0.2251,0.2251,0.2251,0.22998,0.24023,0.25,0.26514,0.30029,0.33008,0.35498,0.37012,0.35986,0.33008,0.28516,0.24512,0.22998,0.2251,0.22998,0.24023,0.24512,0.24023,0.19531,0.090332,0.060059,0.49023,1.2446,1.5,1.5,0.90479,0.3999,0.22998,0.18018,0.16992,0.15527,0.1499,0.1499,0.15527,0.15527,0.16504,0.17529,0.18506,0.19531,0.20508,0.22021,0.23486,0.25,0.2749,0.29004,0.31006,0.33984,0.36523,0.38525,0.3999,0.41992,0.43506,0.43994,0.44482,0.4502,0.43994,0.4248,0.41016,0.37988,0.3501,0.33008,0.31006,0.29004,0.28027,0.27002,0.26514,0.25488,0.24512,0.24023,0.24023,0.23486,0.22998,0.22998,0.2251,0.22021,0.22021,0.22021,0.22021,0.21484,0.21484,0.2251,0.23486,0.24023,0.25,0.28027,0.30518,0.31494,0.31982,0.30029,0.25488,0.20508,0.18018,0.18994,0.2002,0.19531,0.20508,0.21484,0.17529,0.075195,0.010254,0.20508,0.81006,1.5,1.5,1.1348,0.48486,0.2002,0.12988,0.11523,0.10986,0.1001,0.10986,0.12012,0.10498,0.1001,0.125,0.12988,0.125,0.1499,0.17529,0.18994,0.21484,0.22998,0.22998,0.26025,0.31006,0.33008,0.3501,0.38525,0.39014,0.39502,0.43018,0.43506,0.41992,0.40479,0.39502,0.375,0.34521,0.31982,0.30029,0.27002,0.24512,0.2251,0.22021,0.21484,0.2002,0.19531,0.2002,0.20508,0.20508,0.20996,0.20996,0.21484,0.22021,0.22021,0.2251,0.22998,0.22998,0.24023,0.24512,0.26025,0.27002,0.28516,0.31982,0.3501,0.37012,0.37988,0.35986,0.3252,0.28516,0.25488,0.24512,0.24023,0.24023,0.24512,0.24512,0.23486,0.16016,0.060059,0.20996,0.79492,1.5,1.5,1.2998,0.62988,0.29004,0.20996,0.18506,0.17529,0.16992,0.16992,0.17529,0.18018,0.18994,0.2002,0.20996,0.22021,0.23486,0.25,0.26514,0.28027,0.30029,0.3252,0.34521,0.36523,0.39014,0.41016,0.43506,0.4502,0.46484,0.47998,0.49023,0.49512,0.49023,0.47021,0.44482,0.41992,0.39502,0.37012,0.34521,0.31982,0.30518,0.29004,0.28027,0.28027,0.28027,0.28027,0.28027,0.2749,0.27002,0.26514,0.26514,0.26514,0.26514,0.26514,0.26514,0.26514,0.27002,0.27002,0.28027,0.29004,0.30518,0.31982,0.34521,0.37988,0.3999,0.41016,0.39502,0.35986,0.31982,0.28027,0.26514,0.26514,0.26514,0.26514,0.26514,0.26025,0.2002,0.1001,0.090332,0.63477,1.4048,1.5,1.5,0.83496,0.38525,0.24023,0.19531,0.18018,0.16992,0.16992,0.16992,0.16992,0.17529,0.18018,0.18506,0.2002,0.20508,0.22021,0.23486,0.25488,0.26514,0.28516,0.30518,0.33008,0.35498,0.38525,0.40479,0.4248,0.43994,0.44482,0.45508,0.45996,0.45996,0.4502,0.43506,0.41016,0.37988,0.3501,0.31982,0.29492,0.28027,0.26514,0.25,0.24512,0.24512,0.24512,0.24512,0.24512,0.24023,0.24023,0.24023,0.23486,0.23486,0.23486,0.22998,0.22998,0.23486,0.24023,0.24512,0.26025,0.2749,0.30029,0.33008,0.36523,0.39014,0.3999,0.375,0.33496,0.29004,0.26514,0.25488,0.25,0.24512,0.24023,0.24512,0.22998,0.14502,0.044922,0.20996,0.81982,1.5,1.5,1.27,0.60986,0.27002,0.18018,0.1499,0.125,0.1001,0.090332,0.1001,0.11523,0.125,0.12988,0.125,0.14014,0.1499,0.16504,0.18506,0.20508,0.21484,0.22998,0.25488,0.28027,0.30518,0.33496,0.35498,0.375,0.39014,0.39014,0.39014,0.39502,0.3999,0.39014,0.375,0.34521,0.31006,0.29492,0.28027,0.25488,0.22021,0.20508,0.20508,0.19531,0.16992,0.16992,0.18018,0.18506,0.17529,0.16992,0.17529,0.18506,0.18018,0.17529,0.18018,0.18506,0.18506,0.18506,0.2002,0.22021,0.24023,0.2749,0.30518,0.3252,0.31982,0.29004,0.25488,0.22021,0.20508,0.20508,0.20508,0.20508,0.20996,0.20508,0.16504,0.060059,0.02002,0.39502,1.125,1.5,1.5,0.875,0.33496,0.16504,0.1499,0.14014,0.13525,0.12988,0.12988,0.12988,0.14014,0.1499,0.15527,0.16016,0.16992,0.18018,0.19531,0.20996,0.2251,0.24023,0.26025,0.28516,0.31006,0.33496,0.35498,0.37988,0.39502,0.40479,0.41504,0.4248,0.4248,0.41992,0.40479,0.38525,0.35986,0.33496,0.31006,0.29004,0.27002,0.26025,0.24512,0.24512,0.24023,0.24023,0.24023,0.24023,0.24512,0.24512,0.24512,0.24023,0.24023,0.24023,0.24023,0.24512,0.24512,0.25,0.25,0.26025,0.27002,0.28516,0.30518,0.33984,0.37012,0.39014,0.39502,0.37012,0.33496,0.29492,0.26514,0.25,0.25,0.25,0.25,0.26025,0.24023,0.16504,0.070313,0.20996,0.79004,1.5,1.5,1.3447,0.6748,0.31006,0.20996,0.18018,0.16992,0.16016,0.15527,0.15527,0.15527,0.16016,0.17529,0.18018,0.19531,0.20508,0.21484,0.2251,0.24023,0.25488,0.2749,0.29004,0.31494,0.33984,0.36523,0.38525,0.3999,0.41504,0.41992,0.4248,0.43018,0.43506,0.4248,0.41016,0.38525,0.35498,0.33008,0.30518,0.28027,0.26025,0.25,0.24512,0.24023,0.23486,0.22998,0.22998,0.22998,0.22998,0.22998,0.23486,0.22998,0.23486,0.24023,0.24023,0.24023,0.24023,0.24023,0.24512,0.25488,0.27002,0.28516,0.31982,0.3501,0.375,0.37988,0.36523,0.3252,0.28027,0.25,0.24023,0.24023,0.23486,0.24023,0.24023,0.2251,0.15527,0.060059,0.18506,0.74512,1.5,1.5,1.335,0.6748,0.31006,0.2002,0.16016,0.14502,0.13525,0.13525,0.13525,0.14014,0.1499,0.16016,0.16992,0.18018,0.19531,0.20996,0.22021,0.24023,0.25488,0.2749,0.30029,0.33008,0.35498,0.375,0.39014,0.3999,0.41016,0.41992,0.43018,0.43506,0.41992,0.40479,0.39014,0.36523,0.33984,0.31006,0.28027,0.24512,0.20996,0.18018,0.16992,0.16992,0.17529,0.18018,0.18018,0.18018,0.18506,0.2002,0.18506,0.16992,0.16016,0.16016,0.16992,0.16504,0.16504,0.16504,0.16992,0.19531,0.23486,0.26514,0.28027,0.30029,0.31982,0.30029,0.24512,0.20508,0.17529,0.15527,0.16016,0.17529,0.18018,0.18994,0.17529,0.090332,0,0.13525,0.7002,1.4448,1.5,1.2148,0.52979,0.18994,0.12988,0.12012,0.10986,0.1001,0.1001,0.10498,0.10498,0.12012,0.14014,0.1499,0.1499,0.16992,0.18018,0.18506,0.2002,0.22021,0.24512,0.26514,0.29492,0.3252,0.34521,0.36523,0.38525,0.3999,0.41504,0.41504,0.41504,0.41504,0.41016,0.39014,0.36523,0.33496,0.31006,0.28516,0.27002,0.25,0.24023,0.22998,0.2251,0.22021,0.22021,0.22021,0.22021,0.22021,0.2251,0.2251,0.2251,0.22998,0.22998,0.23486,0.24023,0.24512,0.25,0.26025,0.26514,0.24023,0.26025,0.2749,0.29492,0.31982,0.33984,0.37012,0.39014,0.41016,0.41992,0.43018,0.43994,0.43994,0.43506,0.4248,0.3999,0.375,0.34521,0.31982,0.29004,0.27002,0.25,0.24023,0.22998,0.22998,0.2251,0.2251,0.2251,0.22021,0.22021,0.2251,0.2251,0.2251,0.2251,0.2251,0.22021,0.22021,0.2251,0.2251,0.22998,0.22998,0.24023,0.25488,0.27002,0.29492,0.33008,0.35498,0.37012,0.35986,0.33496,0.29492,0.26025,0.24023,0.22998,0.2251,0.2251,0.22998,0.22998,0.19531,0.095215,0.055176,0.41016,1.1299,1.5,1.5,1.0146,0.45508,0.23486,0.17529,0.1499,0.13525,0.13525,0.13525,0.13525,0.14014,0.1499,0.15527,0.16504,0.17529,0.18506,0.2002,0.21484,0.22998,0.24512,0.26514,0.29004,0.31006,0.33984,0.36523,0.38525,0.40479,0.41504,0.41992,0.4248,0.43506,0.43018,0.41992,0.3999,0.375,0.3501,0.3252,0.30518,0.28027,0.26025,0.24512,0.23486,0.2251,0.22021,0.22021,0.21484,0.21484,0.21484,0.21484,0.20508,0.2002,0.2002,0.19531,0.19531,0.20508,0.2002,0.18506,0.17529,0.18018,0.19531,0.2002,0.20996,0.24512,0.29492,0.33984,0.3501,0.3252,0.28027,0.23486,0.19531,0.18506,0.19531,0.18506,0.16992,0.16992,0.16992,0.11523,0.010254,-0.0048828,0.51514,1.2646,1.5,1.4248,0.7251,0.28027,0.16016,0.125,0.10986,0.10498,0.095215,0.095215,0.10498,0.10986,0.10986,0.125,0.14014,0.14502,0.16504,0.18018,0.19531,0.20996,0.23486,0.25,0.27002,0.30518,0.33008,0.34521,0.35986,0.375,0.39014,0.3999,0.41016,0.41504,0.41016,0.39502,0.375,0.3501,0.33008,0.30029,0.2749,0.25488,0.23486,0.2251,0.21484,0.21484,0.20996,0.20508,0.2002,0.2002,0.20508,0.20508,0.21484,0.21484,0.20996,0.20996,0.21484,0.22021,0.2251,0.22998,0.22998,0.24023,0.25488,0.27002,0.29004,0.31982,0.3501,0.36523,0.37012,0.34521,0.30518,0.27002,0.25,0.24512,0.24512,0.24512,0.24512,0.25,0.2251,0.13525,0.075195,0.33008,0.99512,1.5,1.5,1.1597,0.54004,0.27002,0.20996,0.19531,0.18506,0.18018,0.18018,0.18506,0.18994,0.19531,0.20508,0.21484,0.2251,0.23486,0.25,0.26514,0.28027,0.29492,0.31006,0.33496,0.35498,0.38525,0.41016,0.43018,0.4502,0.46484,0.47021,0.47998,0.48486,0.47998,0.47021,0.4502,0.4248,0.39502,0.36523,0.33984,0.31494,0.29492,0.28516,0.2749,0.27002,0.26514,0.26514,0.26514,0.26025,0.26025,0.26025,0.26025,0.26025,0.26025,0.26025,0.26025,0.26025,0.26025,0.26514,0.26514,0.26514,0.2749,0.29004,0.30518,0.3252,0.35498,0.39014,0.3999,0.40479,0.375,0.33984,0.30029,0.2749,0.26514,0.26514,0.26514,0.26514,0.27002,0.24512,0.15527,0.090332,0.33008,1,1.5,1.5,1.2046,0.5752,0.29004,0.20996,0.18506,0.17529,0.16992,0.16992,0.17529,0.17529,0.18018,0.18506,0.19531,0.20508,0.22021,0.22998,0.24023,0.26025,0.2749,0.29492,0.31982,0.33984,0.37012,0.39502,0.41504,0.43506,0.4502,0.45996,0.46484,0.46484,0.46484,0.45996,0.43994,0.41504,0.38525,0.3501,0.3252,0.30518,0.28516,0.27002,0.26025,0.25,0.25,0.25,0.25,0.25488,0.25488,0.25488,0.26025,0.26025,0.25488,0.25488,0.26025,0.26514,0.26514,0.27002,0.27002,0.26514,0.26514,0.28027,0.29492,0.31982,0.3501,0.37012,0.37988,0.36523,0.33008,0.29004,0.25488,0.23486,0.23486,0.24023,0.24512,0.21484,0.18994,0.12988,0.030273,0.02002,0.56494,1.3398,1.5,1.48,0.75977,0.30518,0.18018,0.14502,0.11523,0.1001,0.095215,0.10986,0.11523,0.11523,0.12012,0.14014,0.1499,0.1499,0.16504,0.2002,0.22021,0.2251,0.23486,0.27002,0.30029,0.31494,0.33984,0.38525,0.41016,0.3999,0.39502,0.41504,0.43506,0.41992,0.39502,0.39502,0.38525,0.35986,0.3252,0.29004,0.28027,0.26025,0.24023,0.2251,0.21484,0.20508,0.2002,0.2002,0.2002,0.2002,0.20508,0.21484,0.21484,0.22021,0.22021,0.22021,0.2251,0.22998,0.23486,0.24023,0.24512,0.26025,0.28027,0.29492,0.33008,0.36523,0.37988,0.37012,0.34521,0.30029,0.26514,0.25,0.24512,0.24512,0.25,0.25,0.25488,0.20996,0.1001,0.060059,0.44482,1.1797,1.5,1.5,0.96484,0.41504,0.2251,0.19531,0.18506,0.18018,0.18018,0.18018,0.18506,0.19531,0.2002,0.20508,0.22021,0.22998,0.24512,0.25488,0.26514,0.28516,0.30518,0.33008,0.35498,0.375,0.3999,0.43018,0.4502,0.46484,0.47998,0.49023,0.5,0.5,0.49023,0.4751,0.45508,0.4248,0.39502,0.37012,0.34521,0.3252,0.31494,0.30518,0.29492,0.28516,0.28027,0.2749,0.2749,0.2749,0.28027,0.28027,0.28027,0.28027,0.28027,0.28027,0.28027,0.28027,0.28027,0.28027,0.28027,0.28516,0.28516,0.29492,0.31006,0.33008,0.35498,0.39014,0.40479,0.41016,0.38525,0.3501,0.31006,0.28516,0.28027,0.28027,0.28027,0.28027,0.28027,0.26025,0.17529,0.1001,0.28516,0.90967,1.5,1.5,1.2949,0.64502,0.31982,0.2251,0.19531,0.18018,0.17529,0.16992,0.17529,0.18018,0.18018,0.18994,0.2002,0.20996,0.22021,0.22998,0.24023,0.25488,0.2749,0.29004,0.31006,0.33496,0.36523,0.39014,0.41504,0.43018,0.44482,0.45996,0.46484,0.47021,0.46484,0.45508,0.43994,0.41504,0.39014,0.35498,0.33008,0.30518,0.28516,0.27002,0.26025,0.25488,0.25,0.25,0.25,0.25,0.25,0.25,0.25,0.25,0.25488,0.25,0.25,0.25,0.25,0.25,0.25,0.26025,0.26514,0.27002,0.28516,0.31006,0.34521,0.36523,0.375,0.36523,0.33008,0.29004,0.25488,0.2251,0.22021,0.22021,0.22998,0.2251,0.20996,0.15527,0.044922,0.010254,0.375,1.085,1.5,1.5,0.95508,0.39502,0.18994,0.14502,0.10986,0.095215,0.095215,0.095215,0.090332,0.090332,0.090332,0.095215,0.10986,0.125,0.13525,0.15527,0.18994,0.20508,0.22021,0.23486,0.25,0.27002,0.31006,0.3501,0.35498,0.35986,0.38525,0.3999,0.39014,0.38525,0.39502,0.3999,0.35986,0.33984,0.33008,0.30518,0.25488,0.2251,0.22021,0.20996,0.19531,0.18018,0.18018,0.18018,0.18018,0.18018,0.18018,0.18018,0.18018,0.19531,0.2002,0.20508,0.20508,0.20996,0.21484,0.21484,0.21484,0.22998,0.25488,0.2749,0.30518,0.33984,0.35498,0.35986,0.33008,0.29004,0.25,0.2251,0.2251,0.2251,0.2251,0.22998,0.22998,0.20508,0.10498,0.040039,0.30518,1,1.5,1.5,1.0698,0.45508,0.20996,0.16992,0.16016,0.15527,0.15527,0.15527,0.15527,0.16504,0.17529,0.18018,0.18994,0.20508,0.21484,0.22998,0.24512,0.26025,0.28027,0.30518,0.3252,0.34521,0.37012,0.39502,0.41504,0.43506,0.44482,0.45996,0.47021,0.4751,0.47021,0.45996,0.43506,0.41016,0.38525,0.35498,0.33008,0.31006,0.29492,0.28516,0.27002,0.26514,0.26514,0.26514,0.26514,0.26514,0.26514,0.27002,0.2749,0.26025,0.25,0.25,0.25488,0.26025,0.26025,0.26025,0.26514,0.26514,0.27002,0.28027,0.29004,0.30518,0.33984,0.37012,0.39014,0.39502,0.38525,0.3501,0.31006,0.2749,0.26025,0.26025,0.26025,0.26025,0.26025,0.25,0.18018,0.080078,0.18506,0.70996,1.4697,1.5,1.4346,0.75488,0.34521,0.21484,0.18018,0.16504,0.15527,0.15527,0.15527,0.16016,0.16992,0.17529,0.18018,0.18994,0.2002,0.20996,0.2251,0.24023,0.25488,0.2749,0.29492,0.31982,0.34521,0.37012,0.39014,0.41016,0.4248,0.43994,0.44482,0.45508,0.4502,0.44482,0.4248,0.40479,0.37988,0.3501,0.3252,0.30029,0.2749,0.26025,0.24512,0.24023,0.24023,0.23486,0.22998,0.22998,0.22998,0.23486,0.24023,0.24023,0.24023,0.24023,0.24023,0.24023,0.24023,0.24512,0.25,0.26025,0.26025,0.26514,0.27002,0.29004,0.33008,0.35498,0.36523,0.3501,0.31494,0.2749,0.24023,0.22021,0.22021,0.22021,0.20508,0.18506,0.17529,0.13525,0.030273,-0.014648,0.33008,1.0547,1.5,1.5,0.96484,0.38525,0.16016,0.10498,0.090332,0.095215,0.090332,0.080078,0.090332,0.1001,0.10498,0.095215,0.095215,0.1001,0.13525,0.16016,0.16504,0.15527,0.18018,0.21484,0.23486,0.26025,0.30029,0.3252,0.33496,0.34521,0.37012,0.37988,0.37012,0.36523,0.38525,0.39014,0.33496,0.30518,0.28516,0.26514,0.24512,0.2251,0.20508,0.18994,0.18018,0.17529,0.16992,0.17529,0.17529,0.17529,0.18018,0.18018,0.18506,0.18994,0.19531,0.2002,0.2002,0.2002,0.20508,0.20508,0.22021,0.22998,0.24512,0.26514,0.29492,0.3252,0.34521,0.3501,0.33008,0.29004,0.25,0.2251,0.2251,0.2251,0.2251,0.22998,0.23486,0.21484,0.12012,0.044922,0.2749,0.92969,1.5,1.5,1.165,0.52002,0.24023,0.18018,0.16504,0.16016,0.16016,0.16016,0.16016,0.16992,0.18018,0.18994,0.2002,0.21484,0.2251,0.23486,0.25,0.26514,0.28027,0.30029,0.3252,0.34521,0.37012,0.39502,0.41992,0.43506,0.45508,0.46484,0.47021,0.47021,0.47021,0.45996,0.43994,0.41504,0.39014,0.35986,0.33008,0.31006,0.29004,0.28027,0.25488,0.26025,0.26025,0.26025,0.26025,0.25488,0.25,0.24512,0.24023,0.24512,0.26025,0.28027,0.30518,0.33496,0.3501,0.35986,0.34521,0.31006,0.26514,0.23486,0.22021,0.20508,0.19531,0.18018,0.17529,0.18018,0.14502,0.035156,-0.0048828,0.37012,1.1147,1.5,1.5,0.91504,0.35986,0.16016,0.10498,0.090332,0.090332,0.090332,0.080078,0.080078,0.095215,0.11523,0.10498,0.090332,0.10986,0.14502,0.15527,0.16016,0.17529,0.2002,0.21484,0.23486,0.27002,0.29004,0.30029,0.33008,0.36523,0.37012,0.36523,0.37012,0.375,0.36523,0.35498,0.3501,0.3252,0.29004,0.26514,0.25488,0.22998,0.2002,0.18506,0.18506,0.18018,0.18018,0.18506,0.18994,0.18018,0.18018,0.18018,0.18506,0.19531,0.19531,0.19531,0.2002,0.20508,0.20996,0.21484,0.22021,0.23486,0.26025,0.29004,0.3252,0.34521,0.3501,0.33984,0.30518,0.26025,0.23486,0.2251,0.2251,0.2251,0.2251,0.22998,0.2251,0.16016,0.055176,0.050293,0.64502,1.3999,1.5,1.4097,0.71484,0.29492,0.18506,0.16504,0.15527,0.15527,0.15527,0.16016,0.16992,0.17529,0.18018,0.19531,0.2002,0.21484,0.2251,0.24512,0.26025,0.2749,0.29004,0.31006,0.33984,0.36523,0.39502,0.41504,0.43506,0.45508,0.46484,0.47021,0.47998,0.47021,0.45996,0.44482,0.41992,0.3999,0.37012,0.34521,0.31982,0.30029,0.28516,0.28027,0.2749,0.27002,0.26514,0.26025,0.25488,0.25488,0.25488,0.26025,0.26514,0.26514,0.26514,0.26514,0.26514,0.26025,0.26025,0.26025,0.26514,0.2749,0.28516,0.30518,0.33984,0.37012,0.39502,0.3999,0.375,0.34521,0.30518,0.2749,0.26025,0.25488,0.25488,0.25488,0.26025,0.24512,0.18018,0.084961,0.19531,0.75,1.5,1.5,1.3999,0.70996,0.3252,0.21484,0.18018,0.16992,0.16016,0.16016,0.16016,0.16992,0.17529,0.18506,0.18994,0.2002,0.20508,0.22021,0.22998,0.24512,0.26025,0.28027,0.30029,0.3252,0.3501,0.375,0.3999,0.41992,0.43506,0.44482,0.45508,0.45996,0.45996,0.45508,0.43506,0.41016,0.38525,0.3501,0.3252,0.30029,0.28027,0.26514,0.25488,0.25,0.24512,0.24512,0.24512,0.24512,0.24512,0.25,0.25,0.25,0.25,0.25,0.25,0.24512,0.24023,0.23486,0.23486,0.24512,0.25488,0.2749,0.30518,0.33984,0.375,0.39502,0.39014,0.36523,0.31982,0.28027,0.25488,0.24512,0.24023,0.24023,0.24023,0.24512,0.2251,0.14502,0.064941,0.27002,0.90479,1.5,1.5,1.2246,0.58984,0.28027,0.19531,0.16504,0.1499,0.14502,0.14502,0.1499,0.15527,0.16016,0.16504,0.16992,0.17529,0.18506,0.2002,0.21484,0.23486,0.25,0.27002,0.29004,0.31494,0.33984,0.37012,0.39014,0.41016,0.4248,0.43994,0.45508,0.45996,0.44482,0.4248,0.41016,0.38525,0.3501,0.31982,0.29492,0.2749,0.25488,0.23486,0.2251,0.21484,0.2002,0.19531,0.18018,0.16992,0.16016,0.16016,0.16016,0.16016,0.16016,0.16016,0.16992,0.18018,0.19531,0.18018,0.16992,0.18018,0.2002,0.22998,0.26025,0.2749,0.28027,0.27002,0.24512,0.22998,0.2002,0.15527,0.14014,0.16504,0.17529,0.15527,0.16016,0.125,0.010254,-0.029785,0.37988,1.1147,1.5,1.4448,0.75977,0.25488,0.10986,0.090332,0.080078,0.084961,0.090332,0.084961,0.084961,0.1001,0.11523,0.125,0.125,0.12988,0.13525,0.14502,0.16016,0.18018,0.2002,0.2251,0.25488,0.28516,0.31006,0.33008,0.35498,0.375,0.39014,0.3999,0.40479,0.41016,0.40479,0.39502,0.37012,0.3501,0.31982,0.29004,0.26514,0.24512,0.22998,0.2251,0.21484,0.21484,0.20996,0.20996,0.20996,0.20996,0.21484,0.21484,0.22021,0.22021,0.22021,0.2251,0.22998,0.23486,0.24023,0.24512,0.25,0.26025,0.26514,0.28027,0.30518,0.33984,0.36523,0.375,0.35986,0.33008,0.29004,0.26514,0.25,0.25,0.25,0.26025,0.26025,0.26514,0.18994,0.090332,0.17529,0.68506,1.4448,1.5,1.4648,0.7749,0.3501,0.2251,0.19531,0.18018,0.17529,0.16992,0.16992,0.17529,0.18506,0.18994,0.2002,0.20508,0.21484,0.2251,0.23486,0.25488,0.27002,0.28516,0.30518,0.31982,0.34521,0.375,0.3999,0.41504,0.43018,0.43994,0.44482,0.4502,0.45508,0.44482,0.4248,0.40479,0.375,0.3501,0.33008,0.30518,0.29492,0.28516,0.2749,0.25488,0.24023,0.23486,0.23486,0.23486,0.23486,0.23486,0.24023,0.24512,0.24512,0.24023,0.24023,0.24023,0.24023,0.24023,0.24512,0.24512,0.26025,0.28027,0.29492,0.3252,0.35498,0.375,0.37988,0.35498,0.31982,0.28027,0.25,0.24512,0.24512,0.24512,0.24512,0.24512,0.22998,0.14502,0.064941,0.28027,0.9248,1.5,1.5,1.2148,0.58008,0.28027,0.19531,0.16504,0.15527,0.1499,0.14502,0.14502,0.1499,0.15527,0.16504,0.17529,0.18994,0.2002,0.20996,0.22021,0.23486,0.25488,0.27002,0.29004,0.31494,0.33984,0.36523,0.38525,0.40479,0.4248,0.43506,0.43994,0.44482,0.43994,0.43506,0.41504,0.39502,0.36523,0.33984,0.31006,0.28516,0.26514,0.25,0.24512,0.24023,0.23486,0.23486,0.23486,0.23486,0.23486,0.23486,0.24023,0.24023,0.24023,0.24512,0.25,0.25,0.25488,0.25488,0.26025,0.2749,0.28516,0.30029,0.3252,0.3501,0.37012,0.375,0.35498,0.31006,0.26514,0.24512,0.22998,0.2251,0.22021,0.21484,0.20508,0.18994,0.11523,0.010254,0.0048828,0.62012,1.3999,1.5,1.3447,0.65479,0.26514,0.15527,0.11523,0.095215,0.084961,0.080078,0.084961,0.095215,0.10498,0.10498,0.10986,0.12012,0.12988,0.14014,0.16016,0.16992,0.17529,0.19531,0.2251,0.24023,0.27002,0.31494,0.34521,0.36523,0.39502,0.40479,0.37988,0.375,0.3999,0.40479,0.35986,0.34521,0.33008,0.29492,0.26025,0.24512,0.21484,0.18994,0.2002,0.19531,0.16992,0.17529,0.18506,0.18994,0.16992,0.16992,0.17529,0.18018,0.18506,0.19531,0.2002,0.2002,0.2002,0.21484,0.2251,0.24023,0.25488,0.28516,0.31982,0.33984,0.3501,0.33984,0.30029,0.25488,0.2251,0.22021,0.22021,0.2251,0.22998,0.23486,0.21484,0.12988,0.044922,0.2251,0.8501,1.5,1.5,1.21,0.54492,0.24512,0.18506,0.16992,0.16016,0.15527,0.15527,0.16016,0.16992,0.17529,0.18018,0.19531,0.20508,0.21484,0.23486,0.24512,0.26514,0.28516,0.31006,0.33008,0.35498,0.37988,0.40479,0.43018,0.4502,0.45996,0.47021,0.4751,0.48486,0.47998,0.47021,0.45508,0.43018,0.40479,0.37988,0.35498,0.33008,0.31494,0.30029,0.29004,0.28027,0.28027,0.2749,0.28027,0.28027,0.2749,0.2749,0.28027,0.28027,0.28027,0.28027,0.28516,0.29004,0.29004,0.29004,0.29004,0.29492,0.31006,0.31982,0.34521,0.37012,0.3999,0.41992,0.41992,0.39502,0.36523,0.3252,0.30029,0.28516,0.28516,0.28516,0.28516,0.28516,0.26514,0.18018,0.10498,0.31494,0.95508,1.5,1.5,1.2549,0.61475,0.31006,0.22998,0.2002,0.18994,0.18506,0.18018,0.18018,0.18506,0.19531,0.20508,0.20996,0.22021,0.22998,0.24023,0.25,0.26514,0.28516,0.30518,0.3252,0.34521,0.37012,0.39502,0.41992,0.43994,0.45508,0.45996,0.46484,0.47021,0.4751,0.46484,0.44482,0.41992,0.39502,0.36523,0.33984,0.31494,0.29492,0.28516,0.2749,0.26514,0.26025,0.26025,0.26514,0.26025,0.26025,0.26514,0.26514,0.26514,0.26514,0.26514,0.26514,0.26514,0.26514,0.26514,0.2749,0.28516,0.30029,0.3252,0.35498,0.39014,0.41016,0.41504,0.375,0.33984,0.29492,0.25488,0.22998,0.22998,0.2251,0.2251,0.2251,0.20996,0.13525,0.035156,0.125,0.64502,1.395,1.5,1.3599,0.6748,0.27002,0.15527,0.125,0.095215,0.084961,0.090332,0.10498,0.10986,0.10498,0.10986,0.10986,0.10986,0.11523,0.14502,0.16992,0.18018,0.18506,0.21484,0.24512,0.25,0.26514,0.31006,0.3501,0.35986,0.37012,0.37988,0.37988,0.39014,0.39014,0.36523,0.3501,0.33496,0.31494,0.29492,0.2749,0.25,0.24512,0.2251,0.18994,0.17529,0.18506,0.18018,0.17529,0.17529,0.17529,0.16992,0.16992,0.17529,0.18018,0.18506,0.19531,0.2002,0.20508,0.21484,0.22998,0.24512,0.26514,0.30029,0.33496,0.35498,0.3501,0.33008,0.29004,0.25,0.22998,0.22998,0.2251,0.2251,0.2251,0.22998,0.20996,0.11523,0.040039,0.2749,0.93994,1.5,1.5,1.125,0.49023,0.2251,0.18018,0.17529,0.16992,0.16504,0.16016,0.16016,0.16992,0.17529,0.18506,0.19531,0.20996,0.2251,0.24023,0.25,0.26514,0.29004,0.31006,0.33496,0.35986,0.38525,0.41016,0.43506,0.4502,0.46484,0.47021,0.4751,0.47998,0.4751,0.46484,0.4502,0.4248,0.39502,0.37012,0.3501,0.3252,0.31006,0.29492,0.28516,0.28027,0.27002,0.27002,0.27002,0.27002,0.27002,0.27002,0.26514,0.26514,0.27002,0.28027,0.28027,0.28516,0.28516,0.28516,0.28516,0.29004,0.30518,0.31982,0.33984,0.37012,0.3999,0.41504,0.40479,0.38525,0.33984,0.30518,0.28027,0.2749,0.27002,0.27002,0.2749,0.2749,0.23486,0.13525,0.095215,0.46484,1.1997,1.5,1.5,1.0146,0.47021,0.26514,0.20996,0.19531,0.18506,0.17529,0.17529,0.18018,0.18506,0.19531,0.2002,0.20508,0.22021,0.2251,0.24023,0.25,0.26514,0.28516,0.31006,0.33008,0.35498,0.37988,0.3999,0.41992,0.43506,0.4502,0.45996,0.46484,0.47021,0.46484,0.4502,0.43018,0.40479,0.37988,0.35498,0.33008,0.31006,0.29004,0.28027,0.27002,0.26514,0.26514,0.26025,0.26025,0.26025,0.26025,0.26514,0.26514,0.27002,0.27002,0.26514,0.26514,0.26514,0.26514,0.26514,0.26025,0.26514,0.28027,0.30518,0.33008,0.35498,0.37012,0.35986,0.33008,0.29492,0.26025,0.2251,0.2002,0.18994,0.18506,0.18506,0.18506,0.15527,0.060059,0.015137,0.33984,1.0601,1.5,1.5,0.96484,0.38525,0.16016,0.10986,0.095215,0.090332,0.095215,0.095215,0.080078,0.075195,0.10498,0.10986,0.10986,0.125,0.13525,0.13525,0.1499,0.17529,0.18994,0.22021,0.26025,0.28516,0.29004,0.30029,0.33496,0.3501,0.35986,0.39014,0.3999,0.38525,0.38525,0.37988,0.35498,0.33496,0.31006,0.2749,0.25,0.24023,0.20996,0.18506,0.18018,0.18506,0.18018,0.18506,0.18994,0.18506,0.18506,0.18506,0.18994,0.19531,0.20508,0.20996,0.21484,0.21484,0.22021,0.22998,0.24512,0.26025,0.28516,0.31494,0.34521,0.35986,0.35498,0.33008,0.29004,0.25488,0.23486,0.22998,0.22998,0.22998,0.23486,0.24023,0.2002,0.095215,0.055176,0.44482,1.1699,1.5,1.5,0.93994,0.3999,0.21484,0.18018,0.16992,0.16992,0.16992,0.16992,0.16992,0.18018,0.18506,0.19531,0.20508,0.22021,0.22998,0.24023,0.25,0.26514,0.28027,0.30518,0.3252,0.3501,0.375,0.3999,0.4248,0.44482,0.45508,0.46484,0.47021,0.47021,0.47021,0.45508,0.43506,0.41016,0.38525,0.35986,0.33984,0.31494,0.29492,0.28516,0.28027,0.28027,0.2749,0.27002,0.26514,0.26514,0.26514,0.26514,0.26514,0.27002,0.27002,0.2749,0.27002,0.27002,0.28027,0.28027,0.28027,0.29004,0.30518,0.3252,0.35498,0.39014,0.40479,0.40479,0.37988,0.33984,0.30029,0.28027,0.27002,0.26514,0.26514,0.26514,0.26514,0.23486,0.14014,0.090332,0.375,1.0698,1.5,1.5,1.1196,0.52002,0.27002,0.20508,0.18018,0.16992,0.16992,0.16504,0.16992,0.17529,0.18018,0.18994,0.19531,0.20508,0.21484,0.2251,0.24023,0.25488,0.27002,0.29004,0.31494,0.33984,0.36523,0.39014,0.41504,0.43018,0.44482,0.45508,0.45996,0.45996,0.45996,0.44482,0.43018,0.3999,0.375,0.34521,0.31982,0.29492,0.28027,0.27002,0.26025,0.26025,0.26025,0.25488,0.25,0.25,0.25,0.25,0.25,0.25488,0.25488,0.25488,0.26025,0.26514,0.26514,0.26514,0.26514,0.27002,0.28027,0.30518,0.33984,0.36523,0.375,0.35498,0.31494,0.27002,0.23486,0.2251,0.22021,0.20996,0.2002,0.18994,0.17529,0.12012,0.010254,-0.014648,0.45508,1.2148,1.5,1.5,0.83008,0.3252,0.14502,0.10986,0.090332,0.075195,0.080078,0.090332,0.095215,0.090332,0.084961,0.1001,0.10498,0.1001,0.125,0.14502,0.16016,0.16992,0.18506,0.20508,0.24023,0.26025,0.28027,0.3252,0.3501,0.3501,0.36523,0.37988,0.37012,0.37012,0.37988,0.37012,0.3501,0.33008,0.29004,0.25488,0.23486,0.20996,0.18994,0.16504,0.15527,0.16016,0.16504,0.16016,0.15527,0.15527,0.16016,0.16992,0.18018,0.18506,0.18506,0.18506,0.18506,0.18994,0.2002,0.20996,0.2251,0.24512,0.2749,0.30518,0.33008,0.33496,0.31006,0.28027,0.24023,0.21484,0.20996,0.20996,0.20996,0.20996,0.20996,0.19531,0.11523,0.030273,0.19531,0.7998,1.5,1.5,1.23,0.56006,0.23486,0.16504,0.1499,0.14014,0.14014,0.14502,0.1499,0.15527,0.16016,0.16992,0.17529,0.18994,0.2002,0.21484,0.22998,0.24023,0.26025,0.28516,0.31006,0.33496,0.35498,0.37988,0.3999,0.41992,0.43994,0.45508,0.45996,0.46484,0.45996,0.44482,0.43018,0.3999,0.375,0.3501,0.3252,0.30029,0.28516,0.27002,0.26025,0.25488,0.25,0.25,0.24512,0.24512,0.24512,0.24512,0.25,0.25,0.25,0.25,0.25,0.25,0.25488,0.25488,0.26025,0.27002,0.28516,0.30029,0.33008,0.35986,0.38525,0.39014,0.375,0.34521,0.30029,0.26514,0.25,0.25,0.25,0.25,0.25,0.23486,0.16016,0.070313,0.20508,0.7749,1.5,1.5,1.3599,0.69482,0.3252,0.20996,0.17529,0.16016,0.15527,0.15527,0.15527,0.16016,0.16992,0.16992,0.17529,0.18506,0.19531,0.20996,0.2251,0.24023,0.25488,0.2749,0.29004,0.31982,0.33984,0.36523,0.38525,0.40479,0.41992,0.43506,0.43994,0.44482,0.43994,0.43506,0.41992,0.39502,0.37012,0.34521,0.31494,0.29004,0.2749,0.26025,0.24512,0.24023,0.24023,0.24023,0.24023,0.24023,0.24023,0.24023,0.24023,0.24512,0.24512,0.24512,0.24512,0.25,0.25488,0.26025,0.26514,0.26514,0.26514,0.28516,0.31494,0.3501,0.36523,0.37012,0.33008,0.29004,0.25,0.22998,0.22021,0.2002,0.18506,0.17529,0.16992,0.13525,0.040039,-0.02002,0.20996,0.86475,1.5,1.5,1.1147,0.47998,0.2002,0.13525,0.10498,0.084961,0.075195,0.070313,0.055176,0.055176,0.070313,0.090332,0.1001,0.095215,0.11523,0.1499,0.16016,0.16504,0.18994,0.20508,0.20996,0.23486,0.26514,0.28516,0.31494,0.33984,0.3501,0.35986,0.36523,0.36523,0.375,0.375,0.35498,0.3252,0.29492,0.2749,0.25,0.22998,0.20996,0.17529,0.16992,0.16992,0.17529,0.16504,0.15527,0.15527,0.16016,0.16992,0.16992,0.17529,0.18018,0.18506,0.18994,0.19531,0.2002,0.20996,0.22021,0.24023,0.26514,0.30029,0.3252,0.34521,0.33984,0.31006,0.27002,0.23486,0.22021,0.22021,0.22021,0.22021,0.22021,0.21484,0.16504,0.055176,0.030273,0.52002,1.2749,1.5,1.5,0.80469,0.33008,0.18994,0.16504,0.15527,0.1499,0.1499,0.1499,0.15527,0.16016,0.16992,0.18018,0.18994,0.2002,0.21484,0.22998,0.24512,0.26514,0.28516,0.30518,0.33008,0.35498,0.38525,0.41016,0.43018,0.44482,0.45996,0.46484,0.47021,0.47021,0.45996,0.44482,0.43018,0.41016,0.38525,0.35498,0.3252,0.30029,0.28516,0.2749,0.27002,0.27002,0.27002,0.26514,0.26514,0.26514,0.26514,0.26514,0.26514,0.26514,0.26514,0.27002,0.27002,0.27002,0.27002,0.2749,0.28027,0.29004,0.30518,0.3252,0.35498,0.39014,0.40479,0.3999,0.375,0.33984,0.30029,0.2749,0.26514,0.26514,0.27002,0.27002,0.27002,0.24023,0.14014,0.095215,0.39502,1.0947,1.5,1.5,1.0947,0.51514,0.27002,0.20996,0.18506,0.17529,0.16992,0.16992,0.17529,0.18018,0.18506,0.19531,0.2002,0.20996,0.22021,0.22998,0.24512,0.26514,0.28027,0.30029,0.31982,0.34521,0.37012,0.39502,0.41504,0.43018,0.44482,0.45508,0.45996,0.45996,0.45508,0.44482,0.43018,0.3999,0.37012,0.34521,0.31982,0.30029,0.2749,0.26514,0.26025,0.25488,0.25,0.25,0.24512,0.24512,0.24512,0.24512,0.25,0.25488,0.26025,0.25488,0.25488,0.26025,0.26025,0.26514,0.27002,0.2749,0.28516,0.30518,0.33984,0.36523,0.37988,0.375,0.34521,0.29492,0.26025,0.24023,0.2251,0.21484,0.20996,0.20508,0.19531,0.16016,0.055176,-0.0048828,0.25488,0.93994,1.5,1.5,1.0747,0.45996,0.2002,0.12988,0.095215,0.084961,0.084961,0.084961,0.075195,0.075195,0.10498,0.11523,0.10498,0.10986,0.13525,0.14502,0.15527,0.18018,0.19531,0.20508,0.2251,0.24512,0.27002,0.30518,0.33496,0.3501,0.35498,0.35986,0.37988,0.39014,0.36523,0.33984,0.33984,0.34521,0.30518,0.27002,0.26025,0.25,0.22021,0.19531,0.19531,0.18018,0.16504,0.16504,0.16992,0.16504,0.16992,0.17529,0.18018,0.18018,0.18018,0.18018,0.18994,0.19531,0.19531,0.20508,0.22021,0.24023,0.26025,0.29492,0.31982,0.33008,0.3252,0.30518,0.26514,0.22998,0.21484,0.21484,0.21484,0.21484,0.22021,0.21484,0.16504,0.055176,0.024902,0.47998,1.2349,1.5,1.5,0.83984,0.33496,0.18506,0.16016,0.15527,0.1499,0.1499,0.15527,0.15527,0.16016,0.16992,0.17529,0.18506,0.19531,0.20996,0.2251,0.24023,0.26025,0.28027,0.30029,0.3252,0.3501,0.375,0.39502,0.41504,0.43506,0.4502,0.45996,0.47021,0.47021,0.46484,0.44482,0.4248,0.3999,0.375,0.3501,0.3252,0.30518,0.29004,0.28027,0.27002,0.27002,0.27002,0.26514,0.26514,0.26514,0.26514,0.26025,0.26025,0.26025,0.26025,0.26025,0.26025,0.26025,0.26025,0.26025,0.26025,0.27002,0.28516,0.30518,0.33984,0.37012,0.39014,0.39502,0.37988,0.3501,0.31006,0.2749,0.26025,0.25488,0.25488,0.25,0.25,0.24023,0.16504,0.075195,0.20996,0.77002,1.5,1.5,1.375,0.70508,0.33008,0.22021,0.18994,0.16992,0.16016,0.16016,0.16016,0.16016,0.16992,0.18018,0.18506,0.19531,0.20508,0.22021,0.22998,0.24512,0.26025,0.28027,0.30029,0.31982,0.34521,0.37012,0.39502,0.41504,0.43506,0.44482,0.45508,0.45996,0.45508,0.44482,0.43018,0.41016,0.38525,0.3501,0.31982,0.30029,0.29004,0.28027,0.26514,0.26025,0.26025,0.25488,0.25,0.25,0.25488,0.26025,0.18018,0.14014,0.33008,0.34521,0.33496,0.30518,0.26025,0.2251,0.21484,0.21484,0.21484,0.21484,0.22021,0.21484,0.16016,0.050293,0.030273,0.56494,1.3247,1.5,1.4448,0.74512,0.29492,0.18018,0.16992,0.16016,0.1499,0.1499,0.1499,0.16016,0.16992,0.18018,0.18506,0.2002,0.20996,0.22021,0.23486,0.25,0.27002,0.29004,0.31494,0.33984,0.36523,0.39014,0.41016,0.43018,0.4502,0.45996,0.47021,0.4751,0.4751,0.46484,0.45508,0.43506,0.41016,0.37988,0.35498,0.33008,0.31006,0.29492,0.29004,0.28516,0.28027,0.2749,0.27002,0.27002,0.27002,0.27002,0.27002,0.27002,0.27002,0.2749,0.2749,0.2749,0.2749,0.28027,0.28027,0.28516,0.29492,0.31006,0.33008,0.35986,0.39014,0.40479,0.41016,0.38525,0.33984,0.30518,0.28027,0.27002,0.27002,0.28027,0.28027,0.2749,0.25,0.16016,0.095215,0.31982,0.96973,1.5,1.5,1.2246,0.6001,0.30518,0.22021,0.18994,0.18018,0.17529,0.17529,0.17529,0.18018,0.18506,0.19531,0.20508,0.21484,0.22021,0.23486,0.24512,0.26025,0.2749,0.30029,0.31982,0.34521,0.37012,0.39502,0.41016,0.43018,0.43994,0.45508,0.46484,0.47021,0.46484,0.45508,0.43506,0.41016,0.38525,0.35498,0.3252,0.30518,0.29004,0.28027,0.27002,0.27002,0.27002,0.26514,0.26025,0.26025,0.26025,0.26025,0.26025,0.26025,0.26025,0.26514,0.26514,0.26514,0.27002,0.2749,0.28027,0.29004,0.30029,0.31006,0.3252,0.35498,0.37988,0.38525,0.35498,0.31006,0.26514,0.22998,0.22021,0.22021,0.22021,0.21484,0.20508,0.18018,0.075195,-0.0097656,0.20508,0.875,1.5,1.5,1.105,0.47998,0.20508,0.13525,0.10986,0.1001,0.095215,0.095215,0.080078,0.064941,0.080078,0.10498,0.10986,0.090332,0.10498,0.12988,0.15527,0.18994,0.2002,0.20508,0.2251,0.25488,0.28027,0.31494,0.33984,0.3501,0.3501,0.35498,0.375,0.39014,0.37988,0.35986,0.34521,0.3252,0.30518,0.28027,0.25,0.2251,0.20508,0.18994,0.18018,0.18018,0.17529,0.16992,0.16992,0.17529,0.18018,0.18018,0.18018,0.18018,0.18018,0.18018,0.18506,0.18994,0.19531,0.20508,0.21484,0.22998,0.25488,0.28516,0.31982,0.33984,0.34521,0.3252,0.28516,0.24023,0.21484,0.20996,0.20996,0.20996,0.21484,0.22021,0.2002,0.10986,0.024902,0.23486,0.87988,1.5,1.5,1.1548,0.50488,0.22021,0.16016,0.1499,0.14502,0.14014,0.14014,0.1499,0.15527,0.16016,0.16992,0.18018,0.19531,0.20996,0.22021,0.23486,0.25,0.26514,0.29004,0.31006,0.33984,0.36523,0.39014,0.41504,0.43018,0.44482,0.45508,0.46484,0.46484,0.46484,0.45508,0.43994,0.41504,0.39014,0.36523,0.33496,0.31006,0.29492,0.28027,0.27002,0.27002,0.27002,0.27002,0.27002,0.27002,0.26514,0.26514,0.26025,0.26025,0.26514,0.26025,0.26025,0.26514,0.27002,0.26514,0.26514,0.2749,0.29004,0.30518,0.33008,0.36523,0.39014,0.3999,0.39014,0.35498,0.31006,0.28027,0.26025,0.25488,0.25488,0.26025,0.26025,0.25488,0.20996,0.10498,0.080078,0.50977,1.2598,1.5,1.5,0.93994,0.43506,0.24512,0.19531,0.17529,0.16992,0.16016,0.16016,0.16016,0.16504,0.16992,0.17529,0.18018,0.19531,0.20508,0.21484,0.2251,0.24512,0.26025,0.28027,0.30518,0.3252,0.3501,0.375,0.3999,0.41992,0.43506,0.43994,0.43994,0.44482,0.43994,0.43018,0.41016,0.38525,0.35498,0.33008,0.30518,0.28516,0.26514,0.25,0.24512,0.24512,0.24512,0.24023,0.24023,0.24023,0.24023,0.24023,0.24023,0.24023,0.24023,0.24023,0.24023,0.24512,0.24512,0.24512,0.25488,0.27002,0.28516,0.31006,0.34521,0.375,0.39014,0.375,0.33984,0.29492,0.26514,0.25,0.24512,0.25,0.25,0.25488,0.26025,0.2251,0.12012,0.075195,0.43994,1.1699,1.5,1.5,0.95996,0.43506,0.21484,0.1499,0.12988,0.12012,0.11523,0.11523,0.12012,0.12012,0.11523,0.095215,0.090332,0.10498,0.12988,0.16504,0.18994,0.2002,0.20508,0.20996,0.2251,0.25,0.28516,0.31982,0.3501,0.37012,0.37988,0.38525,0.39502,0.39502,0.38525,0.36523,0.33984,0.31494,0.29004,0.26025,0.23486,0.20996,0.18994,0.18506,0.18018,0.17529,0.16992,0.17529,0.17529,0.16016,0.16016,0.16992,0.16016,0.15527,0.16016,0.16016,0.16992,0.17529,0.16992,0.19531,0.22021,0.2251,0.24023,0.2749,0.31006,0.33008,0.3252,0.29004,0.25,0.22021,0.21484,0.21484,0.22021,0.22998,0.24023,0.24512,0.2002,0.090332,0.060059,0.5249,1.2646,1.5,1.5,0.84473,0.37012,0.23486,0.22021,0.22021,0.21484,0.21484,0.22021,0.22021,0.22021,0.22998,0.24512,0.26025,0.26514,0.28027,0.28516,0.29492,0.31006,0.3252,0.33984,0.35498,0.37012,0.39014,0.41016,0.4248,0.43994,0.45508,0.45996,0.45996,0.45996,0.4502,0.43506,0.41504,0.38525,0.35498,0.3252,0.30029,0.28027,0.26514,0.25488,0.25,0.24512,0.24023,0.24023,0.24023,0.24023,0.24023,0.24023,0.24023,0.24512,0.25,0.25488,0.26025,0.26514,0.27002,0.28027,0.28516,0.29004,0.30518,0.31494,0.33984,0.37012,0.39502,0.41016,0.41504,0.38525,0.34521,0.30518,0.28027,0.28027,0.28027,0.2749,0.2749,0.28027,0.25,0.15527,0.084961,0.31982,0.97998,1.5,1.5,1.1997,0.5752,0.29492,0.22021,0.2002,0.19531,0.19531,0.18994,0.19531,0.19531,0.2002,0.20996,0.22021,0.2251,0.23486,0.24512,0.25488,0.27002,0.28516,0.30518,0.33008,0.35498,0.37988,0.3999,0.4248,0.43994,0.45508,0.46484,0.47021,0.47021,0.46484,0.45508,0.43994,0.41504,0.39014,0.36523,0.33984,0.31982,0.31006,0.29492,0.29004,0.28516,0.28027,0.28027,0.28027,0.28027,0.27002,0.26514,0.25488,0.24512,0.23486,0.22998,0.2251,0.22021,0.21484,0.20508,0.20508,0.20508,0.21484,0.22998,0.26025,0.29492,0.31982,0.33496,0.33984,0.30029,0.26025,0.2251,0.21484,0.20996,0.20508,0.19531,0.2002,0.20508,0.16504,0.060059,0.024902,0.41504,1.1499,1.5,1.5,0.90479,0.37012,0.16504,0.10498,0.090332,0.090332,0.095215,0.10498,0.10986,0.11523,0.1001,0.090332,0.10498,0.12988,0.1499,0.16504,0.19531,0.2251,0.24512,0.26025,0.28516,0.31006,0.33008,0.35986,0.38525,0.3999,0.40479,0.41992,0.43506,0.4248,0.4248,0.41504,0.39014,0.37012,0.3501,0.31982,0.29004,0.26025,0.22998,0.21484,0.2002,0.2002,0.20508,0.18018,0.16992,0.17529,0.18018,0.18506,0.18506,0.18506,0.18994,0.19531,0.2002,0.2002,0.20508,0.21484,0.22998,0.25,0.28027,0.31494,0.34521,0.35498,0.34521,0.31494,0.2749,0.24512,0.22998,0.2251,0.2251,0.2251,0.22998,0.22998,0.2002,0.1001,0.030273,0.29492,0.9751,1.5,1.5,1.0298,0.4248,0.18994,0.15527,0.15527,0.15527,0.15527,0.15527,0.16016,0.16504,0.17529,0.18018,0.18506,0.18994,0.2002,0.20996,0.2251,0.23486,0.24512,0.26025,0.28516,0.31006,0.33984,0.37012,0.39014,0.40479,0.41992,0.43018,0.43506,0.43994,0.43994,0.43018,0.41016,0.38525,0.35986,0.33496,0.31006,0.29492,0.28027,0.27002,0.26514,0.26025,0.25488,0.25488,0.25488,0.26025,0.26514,0.27002,0.28027,0.28516,0.28516,0.28516,0.28516,0.29004,0.29004,0.29004,0.29004,0.29004,0.29492,0.31006,0.33008,0.36523,0.39502,0.41016,0.41504,0.39014,0.3501,0.30518,0.28027,0.26514,0.26514,0.26514,0.26514,0.27002,0.25488,0.17529,0.080078,0.2251,0.80469,1.5,1.5,1.3398,0.66504,0.30518,0.20508,0.17529,0.16504,0.16016,0.16016,0.16504,0.16992,0.16992,0.17529,0.18018,0.18506,0.19531,0.20508,0.22021,0.23486,0.25,0.27002,0.29004,0.31006,0.33496,0.35986,0.38525,0.3999,0.41504,0.4248,0.43018,0.43506,0.43506,0.4248,0.41016,0.38525,0.35498,0.33008,0.30518,0.28516,0.26514,0.25,0.24023,0.22998,0.22998,0.22998,0.22998,0.22998,0.22998,0.22998,0.22998,0.2251,0.2251,0.2251,0.2251,0.2251,0.22998,0.2251,0.2251,0.23486,0.24512,0.27002,0.30029,0.33496,0.36523,0.375,0.37012,0.33008,0.28027,0.24023,0.21484,0.20996,0.21484,0.20996,0.20996,0.21484,0.18018,0.070313,0.024902,0.37012,1.0801,1.5,1.5,0.8999,0.35986,0.16016,0.10986,0.090332,0.075195,0.060059,0.050293,0.044922,0.064941,0.084961,0.090332,0.084961,0.084961,0.11523,0.13525,0.14502,0.16504,0.18506,0.19531,0.22998,0.2749,0.29004,0.28516,0.31982,0.36523,0.37012,0.35986,0.37988,0.39014,0.37988,0.39014,0.36523,0.31982,0.28516,0.25,0.2251,0.20996,0.18994,0.16992,0.1499,0.13525,0.13525,0.14014,0.12988,0.125,0.12988,0.13525,0.13525,0.14014,0.14502,0.1499,0.15527,0.16016,0.16992,0.18018,0.18994,0.2002,0.2251,0.25488,0.29492,0.31494,0.31494,0.28516,0.24512,0.20508,0.19531,0.18994,0.18994,0.18994,0.19531,0.2002,0.17529,0.090332,0.015137,0.24023,0.8999,1.5,1.5,1.1196,0.47998,0.20996,0.16016,0.1499,0.1499,0.1499,0.1499,0.15527,0.16016,0.16992,0.18018,0.18994,0.2002,0.21484,0.2251,0.24023,0.25,0.26514,0.2749,0.29004,0.31006,0.33496,0.35498,0.37988,0.3999,0.41992,0.43994,0.4502,0.45508,0.4502,0.43506,0.41504,0.38525,0.35498,0.33008,0.31006,0.29492,0.28516,0.2749,0.26514,0.26025,0.26025,0.26514,0.27002,0.2749,0.28027,0.28516,0.28516,0.29004,0.29004,0.29004,0.29004,0.29004,0.29004,0.29492,0.29492,0.30518,0.31494,0.33008,0.3501,0.37988,0.41016,0.43018,0.43506,0.41504,0.37988,0.33984,0.31006,0.28516,0.27002,0.26514,0.25488,0.25,0.23486,0.16504,0.070313,0.16504,0.68018,1.4297,1.5,1.3896,0.70996,0.30029,0.16992,0.12988,0.10986,0.10986,0.10986,0.10986,0.11523,0.11523,0.12012,0.12988,0.14502,0.16016,0.18018,0.2002,0.22021,0.24023,0.26025,0.28516,0.31006,0.33496,0.35986,0.37988,0.3999,0.41992,0.43506,0.4502,0.45508,0.45996,0.45996,0.45508,0.44482,0.43506,0.41016,0.36523,0.33008,0.30518,0.29004,0.28027,0.26514,0.25,0.25,0.25,0.25,0.25488,0.25,0.25,0.25,0.25,0.25488,0.26025,0.26025,0.26514,0.27002,0.27002,0.28516,0.30518,0.3252,0.34521,0.37988,0.40479,0.41504,0.40479,0.37988,0.33496,0.29004,0.26514,0.26025,0.25488,0.26025,0.26025,0.26514,0.23486,0.14502,0.084961,0.33496,1.0049,1.5,1.5,1.145,0.54492,0.2749,0.2002,0.16992,0.1499,0.14014,0.14014,0.1499,0.1499,0.15527,0.16016,0.16992,0.18018,0.19531,0.20996,0.2251,0.24512,0.26025,0.2749,0.29004,0.31006,0.33008,0.35498,0.375,0.3999,0.41992,0.43994,0.45508,0.45508,0.44482,0.43506,0.41504,0.39014,0.36523,0.33008,0.30029,0.2749,0.25,0.22998,0.2251,0.21484,0.20508,0.21484,0.22021,0.20996,0.20996,0.21484,0.2002,0.19531,0.19531,0.19531,0.2002,0.2002,0.20996,0.22021,0.2251,0.2251,0.2251,0.24023,0.2749,0.31006,0.3252,0.33008,0.31494,0.2749,0.23486,0.20996,0.20508,0.21484,0.2251,0.2251,0.2251,0.18506,0.080078,0.030273,0.30029,0.95508,1.5,1.5,1.0098,0.39502,0.18506,0.1499,0.13525,0.13525,0.14014,0.1499,0.16016,0.15527,0.1499,0.17529,0.18994,0.18018,0.18506,0.20996,0.22021,0.22998,0.24512,0.25488,0.27002,0.30518,0.33008,0.34521,0.35498,0.375,0.39502,0.41016,0.41992,0.4248,0.40479,0.39014,0.36523,0.33984,0.31494,0.29004,0.26514,0.24023,0.2251,0.22021,0.2251,0.24023,0.25,0.26025,0.26514,0.26514,0.26025,0.25488,0.24512,0.24512,0.24512,0.25,0.25488,0.26514,0.27002,0.2749,0.2749,0.28027,0.28516,0.30029,0.3252,0.35498,0.38525,0.39502,0.39014,0.35498,0.31494,0.28516,0.26514,0.26025,0.26514,0.26514,0.27002,0.26514,0.20996,0.10498,0.095215,0.62988,1.3848,1.5,1.5,0.86475,0.3999,0.25488,0.2251,0.21484,0.20996,0.20508,0.20508,0.20508,0.20508,0.20508,0.20508,0.21484,0.22021,0.2251,0.24023,0.26025,0.2749,0.29492,0.31982,0.34521,0.37012,0.39014,0.41016,0.43018,0.44482,0.45996,0.46484,0.47021,0.4751,0.46484,0.44482,0.41992,0.39502,0.36523,0.33008,0.30518,0.28027,0.26514,0.25,0.24512,0.24512,0.24023,0.24023,0.23486,0.23486,0.22998,0.23486,0.22998,0.22998,0.23486,0.24023,0.24023,0.24512,0.25,0.25,0.26025,0.26514,0.28027,0.29492,0.3252,0.36523,0.39502,0.40479,0.39014,0.35986,0.3252,0.29004,0.27002,0.26514,0.26514,0.26514,0.25488,0.24023,0.17529,0.064941,0.14502,0.66504,1.4448,1.5,1.46,0.78516,0.37012,0.23486,0.19531,0.17529,0.16992,0.16504,0.16016,0.16016,0.16504,0.17529,0.18018,0.19531,0.20996,0.2251,0.24512,0.26514,0.28516,0.30518,0.3252,0.34521,0.37012,0.38525,0.3999,0.41992,0.43018,0.43994,0.44482,0.4502,0.45508,0.44482,0.4248,0.3999,0.37012,0.33984,0.31006,0.28027,0.25488,0.24023,0.23486,0.22998,0.22998,0.22998,0.22998,0.22998,0.22998,0.22998,0.22998,0.23486,0.24023,0.24512,0.23486,0.2251,0.21484,0.2002,0.19531,0.18506,0.18018,0.17529,0.18506,0.2002,0.20996,0.21484,0.19531,0.14502,0.084961,0.035156,-0.0048828,-0.024902,-0.034668,-0.040039,-0.034668,-0.02002,-0.044922,-0.13965,-0.18506,0.14014,0.8501,1.4946,1.5,0.83008,0.2749,0.064941,0.015137,0.010254,0.024902,0.035156,0.030273,0.024902,0.030273,0.044922,0.060059,0.075195,0.090332,0.11523,0.1499,0.17529,0.19531,0.2251,0.26025,0.28516,0.30518,0.33984,0.36523,0.38525,0.41016,0.4248,0.41992,0.41992,0.43994,0.43018,0.4248,0.43994,0.41016,0.36523,0.3501,0.33008,0.30518,0.29492,0.2749,0.24512,0.25,0.26025,0.25,0.25488,0.26025,0.24512,0.24023,0.23486,0.23486,0.23486,0.24023,0.24512,0.24512,0.24512,0.25488,0.27002,0.28516,0.30518,0.33496,0.37012,0.39014,0.39014,0.37012,0.33496,0.30029,0.27002,0.26514,0.26025,0.26025,0.26025,0.26514,0.25488,0.16992,0.070313,0.22021,0.81006,1.5,1.5,1.27,0.59521,0.26025,0.19531,0.18994,0.18506,0.18506,0.18018,0.18018,0.18506,0.18506,0.19531,0.2002,0.20996,0.2251,0.23486,0.24512,0.26025,0.2749,0.29492,0.31982,0.34521,0.37012,0.39502,0.41992,0.43994,0.45508,0.46484,0.47021,0.4751,0.4751,0.46484,0.44482,0.41992,0.39502,0.37012,0.3501,0.33008,0.31006,0.30029,0.29004,0.28516,0.28027,0.28027,0.2749,0.27002,0.27002,0.2749,0.28027,0.28027,0.28027,0.28027,0.28027,0.28516,0.28516,0.28516,0.28516,0.28516,0.29492,0.30518,0.31494,0.33984,0.36523,0.39502,0.40479,0.41016,0.38525,0.3501,0.31006,0.28027,0.27002,0.27002,0.27002,0.27002,0.27002,0.24512,0.1499,0.095215,0.36523,1.0498,1.5,1.5,1.125,0.52979,0.27002,0.20508,0.18506,0.17529,0.17529,0.17529,0.17529,0.18018,0.18506,0.18994,0.19531,0.2002,0.21484,0.2251,0.24023,0.25,0.26514,0.28516,0.30518,0.33008,0.35498,0.375,0.39502,0.41504,0.4248,0.43506,0.43994,0.44482,0.43994,0.4248,0.41016,0.38525,0.35498,0.33008,0.30029,0.28027,0.26025,0.25,0.24512,0.24512,0.24023,0.23486,0.22998,0.22998,0.22998,0.22998,0.22998,0.22998,0.22998,0.22998,0.23486,0.24023,0.24023,0.24023,0.24512,0.25488,0.27002,0.29004,0.3252,0.36523,0.38525,0.39014,0.37012,0.33008,0.2749,0.24023,0.2251,0.22021,0.21484,0.20508,0.20508,0.20996,0.15527,0.055176,0.040039,0.5498,1.2998,1.5,1.4346,0.73975,0.28516,0.14502,0.10986,0.095215,0.095215,0.095215,0.095215,0.095215,0.10498,0.11523,0.11523,0.11523,0.10986,0.125,0.1499,0.16016,0.17529,0.2002,0.22998,0.25,0.2749,0.31006,0.34521,0.36523,0.375,0.37988,0.37012,0.37012,0.37988,0.36523,0.33984,0.33496,0.31494,0.28027,0.26025,0.24512,0.22021,0.2002,0.18506,0.18018,0.18018,0.18506,0.18018,0.16992,0.16016,0.15527,0.16016,0.17529,0.18018,0.17529,0.16992,0.17529,0.18506,0.19531,0.20508,0.22021,0.24023,0.2749,0.31006,0.33984,0.3501,0.33984,0.31006,0.26514,0.22998,0.21484,0.21484,0.22021,0.2251,0.2251,0.2251,0.16992,0.055176,0.035156,0.52979,1.2798,1.5,1.4849,0.79004,0.31494,0.18506,0.16992,0.16016,0.15527,0.15527,0.16016,0.16992,0.17529,0.18018,0.19531,0.20508,0.21484,0.22998,0.24512,0.26514,0.28027,0.30029,0.31982,0.3501,0.375,0.3999,0.41992,0.43506,0.45508,0.46484,0.47021,0.47021,0.47021,0.46484,0.45508,0.43018,0.40479,0.375,0.3501,0.33008,0.31006,0.29492,0.29004,0.28027,0.28027,0.2749,0.27002,0.27002,0.27002,0.27002,0.27002,0.2749,0.28027,0.28516,0.28027,0.2749,0.27002,0.2749,0.28027,0.29004,0.29492,0.31006,0.33008,0.35498,0.39014,0.41016,0.41504,0.3999,0.36523,0.3252,0.29004,0.28027,0.28027,0.28027,0.28027,0.28027,0.26514,0.20508,0.10498,0.18506,0.68506,1.4399,1.5,1.4849,0.7998,0.37012,0.24023,0.2002,0.18506,0.18018,0.17529,0.17529,0.18018,0.18506,0.19531,0.20508,0.21484,0.2251,0.23486,0.25,0.26514,0.28027,0.29492,0.31982,0.33984,0.36523,0.39502,0.41504,0.43506,0.45508,0.46484,0.46484,0.47021,0.4751,0.47021,0.45508,0.43018,0.3999,0.375,0.34521,0.31982,0.30029,0.29004,0.28027,0.27002,0.27002,0.26514,0.26514,0.26514,0.26514,0.27002,0.28027,0.28027,0.2749,0.2749,0.28027,0.2749,0.27002,0.27002,0.27002,0.27002,0.28027,0.28516,0.30029,0.33496,0.36523,0.375,0.37012,0.33984,0.30029,0.25,0.20996,0.2002,0.19531,0.18506,0.17529,0.17529,0.1499,0.055176,0.02002,0.37988,1.105,1.5,1.5,0.8999,0.3501,0.16992,0.1499,0.12988,0.40479,0.37012,0.37012,0.35498,0.31494,0.28027,0.25488,0.23486,0.21484,0.20508,0.19531,0.19531,0.2002,0.2002,0.19531,0.18994,0.18506,0.19531,0.2002,0.20996,0.21484,0.21484,0.21484,0.21484,0.21484,0.2251,0.24023,0.25488,0.2749,0.30518,0.33984,0.35498,0.35986,0.3501,0.31494,0.27002,0.24023,0.22998,0.22998,0.22998,0.23486,0.24023,0.22021,0.14502,0.055176,0.18994,0.75,1.4849,1.5
