1.8319,1.9169,2.0117,2.1134,2.2043,2.2864,2.3705,2.4506,2.523,2.5875,2.6413,2.6823,2.7116,2.7331,2.7458,2.7498,2.7488,2.7439,2.737,2.7302,2.7253,2.7214,2.7146,2.7048,2.694,2.6823,2.6686,2.651,2.6295,2.608,2.5846,2.5601,2.5386,2.5191,2.4995,2.48,2.4614,2.4409,2.4184,2.393,2.3666,2.3412,2.3187,2.2981,2.2737,2.2444,2.2131,2.1828,2.1574,2.1349,2.1144,2.0948,2.0762,2.0577,2.042,2.0274,2.0108,1.9932,1.9756,1.9599,1.9511,1.9453,1.9404,1.9384,1.9355,1.9326,1.9316,1.9326,1.9345,1.9355,1.9374,1.9394,1.9423,1.9472,1.9541,1.9668,1.9902,2.0283,2.0802,2.1339,2.1945,2.2717,2.3607,2.4545,2.5464,2.6344,2.7175,2.7937,2.8563,2.9052,2.9423,2.9687,2.9814,2.9834,2.9795,2.9697,2.9541,2.9355,2.915,2.8905,2.8661,2.8446,2.824,2.8016,2.7781,2.7556,2.7322,2.7077,2.6794,2.6471,2.6119,2.5777,2.5445,2.5112,2.4751,2.437,2.3959,2.3597,2.3284,2.2942,2.2581,2.2209,2.1857,2.1525,2.1222,2.0948,2.0694,2.0479,2.0274,2.0108,1.9961,1.9795,1.9658,1.955,1.9472,1.9413,1.9384,1.9374,1.9365,1.9365,1.9365,1.9374,1.9394,1.9404,1.9413,1.9413,1.9433,1.9462,1.9472,1.9482,1.9482,1.9482,1.9501,1.955,1.9638,1.9795,2.0078,2.0499,2.1065,2.1779,2.261,2.3519,2.4477,2.5406,2.6276,2.7048,2.7625,2.8035,2.8416,2.8729,2.8935,2.9032,2.9081,2.9091,2.9062,2.9022,2.8954,2.8837,2.869,2.8524,2.8348,2.8133,2.7869,2.7595,2.7341,2.7067,2.6764,2.6422,2.6051,2.564,2.522,2.4829,2.4409,2.3148,2.1417,2.0176,1.9179,1.8328,1.7566,1.6872,1.6227,1.5621,1.5064,1.4545,1.4135,1.3763,1.3363,1.2981,1.2659,1.2375,1.2111,1.1867,1.1623,1.1378,1.1144,1.0909,1.0733,1.0596,1.045,1.0283,1.0078,0.98534,0.9609,0.93646,0.91202,0.88856,0.86413,0.84066,0.81916,0.80645,0.80156,0.7957,0.79081,0.79179,0.8045,0.83187,0.88172,0.95406,1.0479,1.1584,1.2766,1.3851,1.4878,1.5943,1.695,1.784,1.8622,1.9296,1.9853,2.0283,2.0626,2.087,2.1017,2.1065,2.1056,2.1007,2.0899,2.0733,2.0547,2.0362,2.0127,1.9853,1.955,1.9228,1.8847,1.8436,1.8094,1.7791,1.7439,1.7067,1.6657,1.6197,1.5709,1.523,1.477,1.436,1.3998,1.3675,1.3421,1.3255,1.3148,1.3079,1.304,1.3021,1.3011,1.305,1.3148,1.3275,1.3421,1.3568,1.3685,1.3783,1.3891,1.3978,1.4066,1.4154,1.4252,1.4379,1.4526,1.4653,1.4761,1.4829,1.4868,1.4907,1.4966,1.5015,1.5083,1.5152,1.523,1.5327,1.5415,1.5533,1.5738,1.6051,1.6549,1.7234,1.7947,1.8759,1.9775,2.0919,2.2111,2.3255,2.4321,2.5249,2.6031,2.6686,2.7214,2.7595,2.7859,2.8016,2.8094,2.8152,2.8143,2.8055,2.7918,2.7732,2.7517,2.7292,2.7058,2.6823,2.6588,2.6354,2.6109,2.5875,2.5621,2.5327,2.5024,2.4673,2.4262,2.3783,2.3245,2.2717,2.219,2.1652,2.1163,2.0723,2.0264,1.9795,1.9326,1.8856,1.8407,1.7986,1.7576,1.7175,1.6774,1.6373,1.6031,1.5767,1.5533,1.5337,1.5161,1.4995,1.4829,1.4673,1.4516,1.433,1.4125,1.392,1.3783,1.3675,1.3539,1.3392,1.3236,1.3099,1.3011,1.2952,1.2884,1.2805,1.2747,1.2737,1.2796,1.2903,1.305,1.3324,1.3773,1.4418,1.5279,1.6295,1.7419,1.8631,1.9873,2.1065,2.2219,2.3177,2.3969,2.4721,2.5357,2.5875,2.6266,2.6549,2.6706,2.6764,2.6755,2.6716,2.6628,2.653,2.6403,2.6217,2.6002,2.5777,2.5552,2.5337,2.5132,2.4888,2.4604,2.4311,2.3959,2.3548,2.3167,2.2815,2.2424,2.2004,2.1564,2.1105,2.0655,2.0215,1.9775,1.9316,1.8847,1.8416,1.8025,1.7713,1.7478,1.7243,1.7009,1.6774,1.653,1.6315,1.6149,1.6559,1.7263,1.7566,1.7664,1.7693,1.7713,1.7722,1.7722,1.7722,1.7703,1.7683,1.7654,1.7625,1.7605,1.7595,1.7595,1.7595,1.7605,1.7634,1.7664,1.7713,1.7801,1.8006,1.8348,1.8856,1.9531,2.0362,2.132,2.2366,2.3284,2.4076,2.4936,2.5777,2.6549,2.7243,2.781,2.8231,2.8534,2.8719,2.8788,2.8778,2.87,2.8573,2.8446,2.8348,2.826,2.8152,2.8025,2.7898,2.7732,2.7546,2.7341,2.7077,2.6774,2.6491,2.6207,2.5894,2.5572,2.522,2.4848,2.4467,2.4106,2.3754,2.3392,2.2991,2.2571,2.216,2.1799,2.1466,2.1095,2.0704,2.0323,2,1.9697,1.9413,1.9169,1.8964,1.8788,1.8631,1.8504,1.8368,1.8201,1.8016,1.784,1.7683,1.7537,1.74,1.7263,1.7126,1.7019,1.6931,1.6823,1.6735,1.6686,1.6667,1.6637,1.6608,1.6588,1.6598,1.6657,1.6804,1.7077,1.7507,1.8094,1.8729,1.9433,2.0313,2.1281,2.2297,2.3314,2.4301,2.522,2.6022,2.6696,2.7234,2.7634,2.7908,2.8045,2.8074,2.8055,2.7977,2.784,2.7664,2.7458,2.7224,2.695,2.6647,2.6354,2.609,2.5836,2.5591,2.5337,2.5073,2.4809,2.4536,2.4262,2.3969,2.3656,2.3324,2.2991,2.2659,2.2336,2.2053,2.1779,2.1466,2.1124,2.0782,2.0479,2.0205,1.9971,1.9785,1.9658,1.956,1.9482,1.9423,1.9345,1.9198,1.9022,1.8817,1.8583,1.8328,1.8074,1.7869,1.7693,1.7537,1.7429,1.739,1.74,1.7458,1.7556,1.7693,1.7859,1.8045,1.826,1.8504,1.8768,1.9013,1.9277,1.956,1.9795,2.002,2.0303,2.0694,2.1202,2.1799,2.2483,2.3236,2.4018,2.4819,2.5601,2.6295,2.6813,2.7224,2.7634,2.7996,2.8289,2.8524,2.871,2.8876,2.9003,2.9101,2.9189,2.9247,2.9296,2.9306,2.9277,2.9238,2.9169,2.9071,2.8935,2.8749,2.8534,2.8289,2.7996,2.7664,2.7273,2.6872,2.6491,2.607,2.5611,2.5103,2.4594,2.4106,2.3617,2.3138,2.2639,2.216,2.1681,2.1163,2.0704,2.0323,1.9951,1.957,1.9208,1.8856,1.8514,1.8192,1.7889,1.7605,1.7331,1.7058,1.6833,1.6637,1.6383,1.608,1.5797,1.5513,1.521,1.4888,1.4555,1.4213,1.3891,1.3597,1.3314,1.3099,1.2962,1.2444,1.176,1.1417,1.132,1.1447,1.1779,1.2307,1.3021,1.3861,1.478,1.5621,1.6393,1.7214,1.7977,1.8661,1.9257,1.9756,2.0166,2.0479,2.0684,2.0811,2.087,2.086,2.0802,2.0723,2.0616,2.0489,2.0352,2.0176,1.998,1.9775,1.9531,1.9247,1.8925,1.8583,1.8289,1.8006,1.7664,1.7273,1.6843,1.6413,1.5982,1.5552,1.5122,1.4731,1.4409,1.4154,1.3978,1.3891,1.3861,1.3861,1.39,1.3959,1.4057,1.4194,1.434,1.4487,1.4624,1.479,1.4956,1.5112,1.5259,1.5406,1.5552,1.5699,1.5826,1.5904,1.5943,1.6002,1.607,1.6139,1.6246,1.6354,1.6442,1.652,1.6598,1.6667,1.6745,1.6813,1.6882,1.6989,1.7155,1.74,1.7791,1.8338,1.8935,1.9629,2.0518,2.1535,2.262,2.3675,2.4673,2.5562,2.6334,2.697,2.7468,2.783,2.8074,2.8201,2.8231,2.824,2.8231,2.8172,2.8074,2.7947,2.781,2.7693,2.7576,2.7449,2.7292,2.7107,2.6911,2.6706,2.6491,2.6276,2.6031,2.5748,2.5435,2.5083,2.4692,2.4282,2.3842,2.3451,2.3069,2.263,2.216,2.1672,2.1193,2.0704,2.0205,1.9746,1.9316,1.8925,1.8553,1.8182,1.7889,1.7674,1.7458,1.7243,1.7028,1.6813,1.6618,1.6442,1.6285,1.6139,1.5992,1.5806,1.565,1.5533,1.5386,1.52,1.5024,1.4858,1.4702,1.4575,1.4477,1.4389,1.433,1.4301,1.4301,1.436,1.4477,1.4673,1.4985,1.5464,1.6119,1.6931,1.7889,1.8944,2.0049,2.1153,2.2229,2.3128,2.39,2.4663,2.5347,2.5943,2.6432,2.6823,2.7107,2.7302,2.74,2.741,2.738,2.7331,2.7253,2.7146,2.7019,2.6862,2.6676,2.6481,2.6256,2.5982,2.5699,2.5435,2.5161,2.4878,2.4594,2.4272,2.3881,2.3431,2.2952,2.2463,2.1965,2.1486,2.1026,2.0587,2.0127,1.9668,1.9228,1.8866,1.8543,1.8182,1.782,1.7478,1.7185,1.6931,1.6706,1.653,1.6383,1.6256,1.6139,1.608,1.6051,1.6002,1.5963,1.5904,1.5816,1.5738,1.565,1.5572,1.5513,1.5445,1.5396,1.5367,1.5357,1.5347,1.5347,1.5347,1.5367,1.5445,1.5611,1.5885,1.6334,1.695,1.7703,1.8602,1.9482,2.0371,2.1427,2.2542,2.3636,2.4633,2.5513,2.6276,2.6891,2.7429,2.7879,2.8143,2.827,2.828,2.8211,2.8123,2.8025,2.7937,2.7859,2.7781,2.7693,2.7556,2.738,2.7185,2.6979,2.6745,2.6471,2.6168,2.5875,2.5543,2.5161,2.4751,2.433,2.392,2.35,2.304,2.2532,2.1994,2.1505,2.1046,2.0528,2,1.9501,1.9013,1.8553,1.8123,1.7713,1.7322,1.697,1.6647,1.6393,1.6178,1.5924,1.565,1.5367,1.5122,1.4888,1.4663,1.4477,1.4311,1.4154,1.3988,1.3803,1.3666,1.3568,1.3421,1.3265,1.3079,1.2874,1.2659,1.2463,1.2297,1.218,1.2151,1.2248,1.2444,1.2757,1.3275,1.3988,1.4848,1.5836,1.6931,1.8035,1.9091,2.0088,2.1007,2.1828,2.2532,2.304,2.3421,2.3773,2.4057,2.4272,2.4418,2.4497,2.4497,2.4418,2.4311,2.4164,2.3969,2.3763,2.3568,2.3363,2.3128,2.2854,2.2532,2.217,2.1779,2.1359,2.0938,2.0508,2.0078,1.9677,1.9277,1.8866,1.8475,1.8104,1.7732,1.737,1.7028,1.6745,1.653,1.6373,1.6276,1.6227,1.6217,1.6237,1.6266,1.6334,1.6432,1.652,1.6598,1.6696,1.6745,1.6755,1.6755,1.6755,1.6755,1.6755,1.6755,1.6755,1.6755,1.6755,1.6755,1.6755,1.6755,1.6755,1.6755,1.6755,1.6774,1.6823,1.6901,1.7048,1.7322,1.7761,1.8377,1.9169,2.0127,2.1241,2.2434,2.3607,2.4741,2.565,2.6393,2.7107,2.7732,2.825,2.8651,2.8964,2.9169,2.9296,2.9355,2.9384,2.9365,2.9277,2.915,2.8993,2.8807,2.8573,2.8328,2.8055,2.7742,2.74,2.7048,2.6676,2.6276,2.5855,2.5464,2.5083,2.4682,2.4223,2.3724,2.3206,2.2639,2.2043,2.1496,2.0968,2.0411,1.9844,1.9296,1.8837,1.8426,1.7977,1.7507,1.7097,1.6745,1.6442,1.6197,1.6002,1.5836,1.5679,1.5533,1.5425,1.5327,1.5171,1.4946,1.4751,1.4575,1.4418,1.4301,1.4203,1.4125,1.4047,1.3969,1.39,1.3861,1.3861,1.3861,1.3881,1.393,1.4008,1.4154,1.4389,1.4761,1.5327,1.608,1.6999,1.7889,1.8798,1.9892,2.1017,2.2102,2.3138,2.4086,2.4927,2.563,2.6217,2.6696,2.7058,2.7331,2.7488,2.7546,2.7556,2.7527,2.7478,2.738,2.7224,2.7038,2.6833,2.6618,2.6403,2.6188,2.5992,2.5787,2.5543,2.5083,2.4477,2.3949,2.347,2.303,2.263,2.2209,2.174,2.1251,2.0753,2.0323,1.9902,1.9443,1.8974,1.8524,1.8113,1.7732,1.7361,1.6989,1.6618,1.6285,1.6031,1.5865,1.5748,1.563,1.5562,1.5503,1.5435,1.5386,1.5327,1.5259,1.521,1.5142,1.5093,1.5073,1.5073,1.5073,1.5064,1.5054,1.5054,1.5054,1.5054,1.5064,1.5142,1.5327,1.564,1.6109,1.6657,1.7322,1.824,1.9316,2.0499,2.1711,2.2884,2.3959,2.4917,2.5748,2.6413,2.6931,2.7263,2.7458,2.7634,2.7781,2.7869,2.7898,2.7849,2.7752,2.7615,2.7439,2.7273,2.7126,2.694,2.6735,2.652,2.6305,2.609,2.5855,2.5572,2.523,2.4878,2.4516,2.4115,2.3695,2.3284,2.2923,2.2542,2.2092,2.1613,2.1134,2.0674,2.0225,1.9746,1.9247,1.8807,1.8407,1.8055,1.7771,1.7556,1.738,1.7185,1.697,1.6755,1.6559,1.6383,1.6227,1.6109,1.6051,1.6002,1.5963,1.5963,1.5963,1.5943,1.5934,1.5934,1.5934,1.5934,1.5914,1.5885,1.5865,1.5855,1.5875,1.5934,1.6041,1.6237,1.6588,1.7136,1.7898,1.8876,2,2.1163,2.2336,2.349,2.4575,2.5552,2.6295,2.6852,2.737,2.781,2.8133,2.8338,2.8436,2.8446,2.8377,2.827,2.8152,2.7996,2.781,2.7605,2.74,2.7185,2.697,2.6755,2.653,2.6276,2.5963,2.5611,2.521,2.4761,2.4242,2.3744,2.3275,2.2747,2.216,2.1535,2.0909,2.0313,1.9717,1.913,1.8563,1.8025,1.7507,1.6989,1.6549,1.6158,1.5748,1.5337,1.4976,1.4624,1.4272,1.3949,1.3656,1.3382,1.3138,1.2903,1.2737,1.26,1.2414,1.2219,1.2014,1.1799,1.1593,1.1417,1.1261,1.1105,1.0938,1.0762,1.0606,1.0508,1.044,1.0332,1.0244,1.0254,1.042,1.0782,1.1349,1.2102,1.3011,1.4027,1.5103,1.6061,1.6921,1.7801,1.868,1.9501,2.0225,2.086,2.1398,2.1848,2.2219,2.2473,2.262,2.2698,2.2717,2.2688,2.2639,2.2561,2.2444,2.2297,2.2111,2.1896,2.1623,2.13,2.0978,2.0655,2.0362,2.0088,1.9765,1.9423,1.9071,1.8719,1.8358,1.7996,1.7634,1.7273,1.694,1.6667,1.6422,1.6227,1.609,1.6012,1.5973,1.5953,1.5943,1.5953,1.5992,1.6051,1.6315,1.6686,1.6911,1.7058,1.7165,1.7253,1.7331,1.74,1.7468,1.7537,1.7615,1.7683,1.7752,1.782,1.7889,1.7957,1.8025,1.8094,1.8162,1.824,1.828,1.8299,1.8358,1.8495,1.8749,1.915,1.9717,2.043,2.1134,2.1887,2.2825,2.3812,2.478,2.5709,2.6579,2.7322,2.7937,2.8436,2.8827,2.911,2.9267,2.9326,2.9355,2.9355,2.9306,2.9208,2.9091,2.8964,2.8827,2.8651,2.8426,2.8182,2.7937,2.7693,2.741,2.7097,2.6764,2.6403,2.6022,2.5621,2.5171,2.4673,2.4145,2.3587,2.2991,2.2454,2.1945,2.1388,2.0831,2.0274,1.9736,1.9267,1.8837,1.8436,1.8065,1.7703,1.7351,1.7019,1.6784,1.6628,1.6481,1.6334,1.6197,1.6061,1.5914,1.5777,1.564,1.5503,1.5357,1.522,1.5112,1.5024,1.4917,1.4809,1.4721,1.4643,1.4585,1.4555,1.4555,1.4594,1.4633,1.4663,1.477,1.4956,1.5259,1.5748,1.6403,1.7234,1.8221,1.9326,2.0479,2.1613,2.2688,2.3695,2.4594,2.5269,2.5787,2.6266,2.6667,2.697,2.7185,2.7312,2.7361,2.7351,2.7273,2.7165,2.7038,2.6872,2.6686,2.6491,2.6285,2.6051,2.5777,2.5484,2.5142,2.4761,2.436,2.3949,2.3558,2.3167,2.2805,2.2434,2.1984,2.1476,2.0948,2.0401,1.9853,1.9355,1.8935,1.8553,1.8221,1.7957,1.7752,1.7634,1.7556,1.7468,1.7351,1.7243,1.7116,1.697,1.6823,1.6686,1.651,1.6285,1.6031,1.5816,1.5621,1.5415,1.5249,1.5093,1.4946,1.4839,1.479,1.478,1.479,1.4809,1.4839,1.4858,1.4878,1.4946,1.5044,1.522,1.5513,1.5973,1.6618,1.7449,1.8416,1.9453,2.0508,2.1554,2.2434,2.3167,2.391,2.4594,2.52,2.5728,2.6188,2.6549,2.6843,2.7077,2.7273,2.7429,2.7507,2.7507,2.7458,2.74,2.7302,2.7146,2.696,2.6745,2.65,2.6227,2.5914,2.5582,2.523,2.4878,2.4526,2.4106,2.3636,2.3157,2.2678,2.219,2.172,2.1281,2.085,2.043,2.001,1.9609,1.9306,1.9052,1.8788,1.8553,1.8289,1.8025,1.7781,1.7556,1.7341,1.7146,1.6999,1.6891,1.6833,1.6804,1.6755,1.6716,1.6667,1.6608,1.6579,1.654,1.651,1.6491,1.6481,1.6461,1.6413,1.6383,1.6373,1.6354,1.564,1.4673,1.4389,1.4536,1.5015,1.5758,1.6696,1.7781,1.8974,2.0078,2.1124,2.2258,2.3353,2.435,2.521,2.5924,2.6491,2.6891,2.7155,2.7312,2.7361,2.7302,2.7175,2.7028,2.6872,2.6696,2.6481,2.6256,2.6022,2.5777,2.5533,2.5288,2.5044,2.48,2.4536,2.4242,2.3939,2.3578,2.3157,2.2698,2.2229,2.175,2.1241,2.0704,2.0127,1.9511,1.8964,1.8485,1.7957,1.741,1.6911,1.6461,1.6041,1.5621,1.521,1.48,1.4409,1.4096,1.3812,1.3568,1.3343,1.3069,1.2757,1.2414,1.2082,1.1769,1.1486,1.1222,1.0968,1.0684,1.0362,1.0117,0.98925,0.95992,0.9306,0.90616,0.88368,0.86217,0.84555,0.83675,0.84066,0.86119,0.90127,0.96481,1.0371,1.1183,1.2151,1.3187,1.4233,1.5249,1.6158,1.696,1.7644,1.8211,1.8661,1.8983,1.9189,1.9296,1.9326,1.9296,1.9218,1.9101,1.8964,1.8807,1.8612,1.8348,1.8035,1.7654,1.7224,1.6843,1.651,1.6119,1.566,1.5152,1.4633,1.4106,1.3539,1.2923,1.2317,1.175,1.1241,1.086,1.0547,1.0186,0.98436,0.95503,0.9306,0.91202,0.90029,0.89443,0.8915,0.89247,0.89736,0.90323,0.91202,0.92278,0.93451,0.94624,0.95601,0.96579,0.97458,0.9824,0.9912,1.001,1.0127,1.0244,1.0381,1.0577,1.0753,1.088,1.1026,1.1163,1.1271,1.1349,1.1408,1.1496,1.1642,1.1877,1.2239,1.2688,1.3255,1.4027,1.4985,1.609,1.7292,1.8524,1.9736,2.089,2.1955,2.2874,2.3636,2.4184,2.4555,2.4888,2.5152,2.5347,2.5445,2.5455,2.5415,2.5337,2.5191,2.5044,2.4888,2.4682,2.4457,2.4242,2.4057,2.3861,2.3627,2.3343,2.304,2.2727,2.2366,2.1955,2.1554,2.1144,2.0753,2.0342,1.9844,1.9335,1.8837,1.8338,1.7849,1.7361,1.6891,1.6452,1.6031,1.5621,1.521,1.4878,1.4614,1.434,1.4096,1.39,1.3715,1.3539,1.3372,1.3206,1.3021,1.2805,1.26,1.2454,1.2317,1.2151,1.1984,1.1848,1.173,1.1652,1.1613,1.1593,1.1584,1.1584,1.1584,1.1603,1.1652,1.174,1.1906,1.2209,1.2688,1.3353,1.4262,1.5386,1.6657,1.8006,1.9374,2.0704,2.1799,2.2698,2.3568,2.437,2.5083,2.5679,2.6119,2.6422,2.6618,2.6716,2.7077,2.7546,2.7703,2.7732,2.7703,2.7654,2.7576,2.7439,2.7263,2.7067,2.6852,2.6598,2.6285,2.5963,2.565,2.7889,2.7849,2.7771,2.7683,2.7605,2.7517,2.74,2.7243,2.6608,2.5728,2.5181,2.478,2.4418,2.4076,2.3763,2.346,2.3128,2.2747,2.2346,2.1926,2.1486,2.1017,2.0577,2.0147,1.9638,1.9101,1.8543,1.8016,1.7537,1.7107,1.6706,1.6334,1.5982,1.5679,1.5445,1.522,1.4995,1.4809,1.4643,1.4487,1.434,1.4213,1.4096,1.3969,1.3832,1.3695,1.3548,1.346,1.3431,1.3421,1.3412,1.3392,1.3363,1.3353,1.3343,1.3343,1.3343,1.3372,1.35,1.3705,1.4018,1.4506,1.5181,1.6031,1.7028,1.8133,1.9296,2.0459,2.1554,2.2571,2.346,2.4194,2.4702,2.5044,2.5337,2.5562,2.5709,2.5797,2.5826,2.5806,2.5758,2.566,2.5503,2.5298,2.5073,2.4819,2.4506,2.4174,2.3842,2.3539,2.3206,2.2805,2.2336,2.1799,2.1202,2.0587,2.0029,1.9511,1.8964,1.8407,1.784,1.7273,1.6706,1.6119,1.5513,1.4966,1.4477,1.4018,1.3568,1.3196,1.2923,1.2678,1.2454,1.2229,1.2014,1.1799,1.1584,1.1378,1.1212,1.1056,1.089,1.0753,1.0626,1.0469,1.0323,1.0176,1.0029,0.98827,0.97458,0.95992,0.94526,0.93157,0.91887,0.90909,0.9042,0.90323,0.90518,0.91496,0.93939,0.9824,1.045,1.1261,1.2248,1.3343,1.4506,1.566,1.6628,1.7468,1.8309,1.9071,1.9756,2.0362,2.086,2.1261,2.1564,2.1789,2.1955,2.2053,2.2102,2.2111,2.2014,2.1906,2.1779,2.1593,2.1476,2.1349,2.1212,2.1056,2.087,2.0674,2.0479,2.0274,2.001,1.9697,1.9384,1.9081,1.8827,1.8592,1.8348,1.8113,1.7908,1.7732,1.7576,1.7439,1.7322,1.7204,1.7136,1.7097,1.7077,1.7067,1.7077,1.7155,1.7224,1.7312,1.7439,1.7498,1.7527,1.7546,1.7556,1.7556,1.7595,1.7654,1.7683,1.7693,1.7703,1.7703,1.7683,1.7664,1.7654,1.7644,1.7644,1.7644,1.7674,1.7801,1.824,1.87,1.9306,2.0909,2.172,2.26,2.4037,2.4927,2.5699,2.6334,2.6862,2.7312,2.7664,2.7908,2.8025,2.8055,2.7996,2.7859,2.7664,2.74,2.7097,2.6764,2.6432,2.6139,2.5885,2.565,2.5396,2.5083,2.477,2.4438,2.4047,2.3607,2.3099,2.2551,2.2014,2.1476,2.0899,2.0303,1.9736,1.9189,1.8622,1.8123,1.7683,1.7214,1.6745,1.6295,1.6285,1.653,1.65,1.6354,1.6158,1.5943,1.5738,1.5572,1.5435,1.5298,1.5152,1.4985,1.4819,1.4673,1.4526,1.4409,1.4321,1.4203,1.4086,1.3959,1.3851,1.3763,1.3646,1.3529,1.3421,1.3333,1.3284,1.3294,1.3353,1.348,1.3705,1.4047,1.4448,1.4936,1.5611,1.6452,1.7439,1.8524,1.9658,2.0792,2.1887,2.2884,2.3763,2.4516,2.5152,2.5601,2.5904,2.6168,2.6364,2.6481,2.652,2.651,2.6471,2.6393,2.6256,2.609,2.5904,2.5718,2.5503,2.5249,2.4976,2.4712,2.4418,2.4076,2.3705,2.3324,2.2923,2.2493,2.2043,2.1642,2.1261,2.0821,2.0381,1.9932,1.9472,1.9071,1.871,1.8358,1.8025,1.7693,1.74,1.7155,1.696,1.6833,1.6735,1.6657,1.6598,1.6569,1.6559,1.6549,1.6549,1.6549,1.6549,1.6559,1.6588,1.6598,1.6618,1.6667,1.6716,1.6774,1.6843,1.6901,1.697,1.6999,1.7019,1.7058,1.7107,1.7165,1.7263,1.7439,1.7742,1.8172,1.8729,1.9433,2.0254,2.1173,2.2121,2.305,2.393,2.4594,2.5103,2.5601,2.6051,2.6413,2.6667,2.6833,2.6911,2.6931,2.6891,2.6813,2.6725,2.6647,2.6559,2.6432,2.6305,2.6178,2.6012,2.5816,2.5572,2.5288,2.4995,2.4692,2.434,2.3969,2.3597,2.3216,2.2796,2.2356,2.1916,2.1466,2.0997,2.0499,1.999,1.9501,1.9062,1.8671,1.8309,1.8016,1.7752,1.7439,1.7087,1.6745,1.6452,1.6168,1.5894,1.563,1.5367,1.5103,1.4858,1.4692,1.4555,1.4409,1.4252,1.4076,1.3891,1.3695,1.35,1.3284,1.3069,1.2845,1.2639,1.2434,1.2287,1.218,1.2043,1.1906,1.1808,1.1789,1.1896,1.2131,1.2502,1.3069,1.3793,1.4643,1.5464,1.6246,1.7116,1.7967,1.8768,1.9511,2.0166,2.0704,2.1134,2.1466,2.1711,2.1887,2.1994,2.2023,2.2004,2.1965,2.1896,2.1779,2.1623,2.1447,2.1232,2.0978,2.0714,2.045,2.0156,1.9863,1.9589,1.9286,1.8974,1.869,1.8416,1.8152,1.7918,1.7703,1.7527,1.741,1.7322,1.7263,1.7243,1.7273,1.7312,1.737,1.7429,1.7498,1.7556,1.7625,1.7703,1.783,1.7986,1.8162,1.8319,1.8446,1.8534,1.8612,1.869,1.8729,1.8749,1.8759,1.8759,1.8759,1.8759,1.8759,1.8905,1.912,1.9228,1.9277,1.9306,1.9316,1.9326,1.9326,1.9326,1.9365,1.9482,1.9687,2.002,2.0411,2.088,2.1544,2.2366,2.3284,2.4262,2.522,2.6109,2.6931,2.7664,2.8289,2.8788,2.915,2.9355,2.9433,2.9453,2.9404,2.9306,2.9189,2.9052,2.8886,2.869,2.8504,2.8338,2.8152,2.7957,2.7742,2.7488,2.7175,2.6833,2.6471,2.608,2.566,2.523,2.4751,2.4233,2.3715,2.3245,2.2805,2.2287,2.1711,2.1124,2.0528,1.9971,1.9482,1.9062,1.8661,1.827,1.7928,1.7644,1.7429,1.7243,1.7058,1.6891,1.6735,1.6598,1.6471,1.6334,1.6227,1.6158,1.6109,1.6061,1.6041,1.6051,1.6051,1.6031,1.6002,1.5973,1.5914,1.5855,1.5787,1.5728,1.5699,1.5689,1.5679,1.5718,1.5826,1.6031,1.6344,1.6774,1.739,1.8162,1.9062,2.0078,2.1183,2.2356,2.3519,2.4497,2.5318,2.6139,2.6852,2.74,2.7801,2.8074,2.8231,2.8289,2.8299,2.8309,2.8289,2.825,2.8172,2.8074,2.7967,2.784,2.7683,2.7498,2.7292,2.7077,2.6813,2.652,2.6188,2.5777,2.5347,2.4888,2.436,2.3773,2.3138,2.2493,2.1848,2.1222,2.0616,2.0029,1.9492,1.8983,1.8504,1.8133,1.782,1.7478,1.7155,1.6901,1.6696,1.652,1.6354,1.6237,1.6178,1.6149,1.6139,1.6149,1.6207,1.6276,1.6334,1.6383,1.6403,1.6413,1.6422,1.6422,1.6422,1.6422,1.6422,1.6422,1.6442,1.6471,1.6481,1.6491,1.653,1.6647,1.6872,1.7243,1.781,1.8573,1.9511,2.0587,2.1564,2.2483,2.349,2.4497,2.5435,2.6256,2.695,2.7498,2.7908,2.8172,2.8319,2.8397,2.8416,2.8387,2.8328,2.827,2.8201,2.8084,2.7918,2.7722,2.7478,2.7165,2.6823,2.6481,2.6158,2.5865,2.5552,2.5171,2.4761,2.435,2.392,2.3441,2.2923,2.2346,2.174,2.1134,2.0528,1.9951,1.9482,1.9081,1.8651,1.8231,1.783,1.7449,1.7087,1.6774,1.652,1.6325,1.6149,1.5982,1.5865,1.5767,1.5689,1.565,1.563,1.5621,1.5611,1.5611,1.5611,1.5611,1.5591,1.5543,1.5474,1.5445,1.5406,1.5357,1.5327,1.5318,1.5308,1.5337,1.5445,1.567,1.6041,1.6569,1.7263,1.8006,1.8788,1.9736,2.0792,2.1877,2.2942,2.348,2.3734,2.4252,2.479,2.5239,2.5582,2.5777,2.5846,2.5855,2.5816,2.5709,2.5513,2.5279,2.5024,2.4761,2.4467,2.4135,2.3793,2.3431,2.3089,2.2737,2.2307,2.1818,2.1281,2.0665,1.9971,1.9208,1.8387,1.7517,1.6628,1.5709,1.4907,1.4203,1.3421,1.261,1.1838,1.1114,1.0469,0.99218,0.94135,0.89345,0.84848,0.80841,0.77419,0.75464,0.74096,0.72239,0.70186,0.67937,0.65494,0.62463,0.59042,0.55523,0.51906,0.48485,0.45455,0.435,0.42033,0.39883,0.37928,0.36266,0.34702,0.33529,0.32454,0.31867,0.32551,0.34506,0.38221,0.43988,0.50733,0.5914,0.6999,0.82796,0.97165,1.1241,1.2786,1.4291,1.5699,1.6979,1.8074,1.8993,1.9658,2.0127,2.0528,2.0841,2.1065,2.1222,2.1349,2.1457,2.1535,2.1544,2.1505,2.1437,2.1359,2.1251,2.1085,2.089,2.0694,2.0489,2.0244,1.999,1.9726,1.9453,1.915,1.8817,1.8465,1.8152,1.784,1.7429,1.6999,1.6579,1.6158,1.5767,1.5367,1.4985,1.4653,1.435,1.4066,1.3783,1.3578,1.3421,1.3275,1.3157,1.305,1.2933,1.2825,1.2727,1.263,1.2581,1.2561,1.2551,1.2571,1.26,1.262,1.263,1.263,1.261,1.2551,1.2473,1.2414,1.2385,1.2375,1.2366,1.2405,1.2512,1.2708,1.306,1.3627,1.4438,1.5455,1.6647,1.7957,1.9296,2.0587,2.176,2.2805,2.3578,2.4154,2.4692,2.5142,2.5464,2.567,2.5797,2.5836,2.5806,2.5699,2.5513,2.5279,2.5024,2.478,2.4565,2.437,2.4184,2.3998,2.3763,2.3441,2.303,2.2551,2.2014,2.1417,2.0782,2.0166,1.956,1.8886,1.8143,1.7312,1.6461,1.5621,1.4809,1.4037,1.3314,1.263,1.1984,1.1388,1.0909,1.0508,1.0127,0.97947,0.94917,0.92082,0.89443,0.86999,0.84848,0.82893,0.80938,0.79277,0.78006,0.77126,0.76246,0.75367,0.74682,0.74389,0.74194,0.74096,0.74096,0.74096,0.74096,0.74096,0.74096,0.74291,0.74389,0.74389,0.75562,0.7869,0.84164,0.9218,1.0283,1.1544,1.2933,1.4379,1.5816,1.7038,1.8113,1.9218,2.0274,2.1241,2.2092,2.2786,2.3324,2.3705,2.3959,2.4115,2.4194,2.4203,2.4164,2.4125,2.4057,2.393,2.3773,2.3607,2.3431,2.3206,2.2913,2.2581,2.2209,2.1789,2.2395,2.3529,2.3891,2.3822,2.3558,2.3196,2.2776,2.2317,2.1828,2.132,2.086,2.042,2.0039,1.9707,1.9365,1.9062,1.8768,1.8475,1.8192,1.7947,1.7752,1.7586,1.7449,1.7361,1.7283,1.7214,1.7146,1.7058,1.6979,1.6882,1.6804,1.6764,1.6745,1.6735,1.6725,1.6725,1.6706,1.6696,1.6686,1.6667,1.6676,1.6696,1.6764,1.695,1.7312,1.784,1.8543,1.9404,2.0371,2.1417,2.2336,2.3187,2.4096,2.4995,2.5826,2.6559,2.7155,2.7605,2.7957,2.8201,2.8358,2.8475,2.8534,2.8543,2.8524,2.8446,2.8309,2.8133,2.7937,2.7732,2.7507,2.7273,2.7038,2.6774,2.651,2.6256,2.5963,2.563,2.5269,2.4839,2.433,2.3773,2.3216,2.2659,2.2102,2.1564,2.1056,2.0626,2.0215,1.9726,1.9218,1.8719,1.824,1.7791,1.738,1.7028,1.6755,1.651,1.6285,1.6031,1.5816,1.564,1.5406,1.5152,1.4897,1.4653,1.4389,1.4115,1.3861,1.3627,1.3402,1.3206,1.3089,1.3011,1.2903,1.2747,1.2581,1.2463,1.2366,1.2317,1.2366,1.2542,1.2893,1.346,1.4213,1.4995,1.5806,1.6716,1.7644,1.8553,1.9404,2.0156,2.0802,2.1349,2.1799,2.216,2.2444,2.2639,2.2796,2.2903,2.2962,2.2991,2.2972,2.2893,2.2766,2.2571,2.2336,2.2082,2.1808,2.1515,2.1251,2.0997,2.0694,2.0371,2,1.957,1.912,1.869,1.825,1.7801,1.7361,1.695,1.6637,1.6393,1.6149,1.5924,1.5709,1.5494,1.5318,1.5191,1.5132,1.5132,1.5191,1.5308,1.5474,1.566,1.5855,1.6061,1.6266,1.6442,1.6559,1.6637,1.6676,1.6716,1.6764,1.6833,1.6901,1.6989,1.7067,1.7116,1.7165,1.7204,1.7243,1.7283,1.7331,1.741,1.7517,1.7693,1.7996,1.8456,1.9003,1.9677,2.0596,2.1652,2.2776,2.391,2.5005,2.6012,2.6882,2.7595,2.8172,2.8661,2.8993,2.9208,2.9384,2.9511,2.9589,2.9609,2.9589,2.9511,2.9365,2.9189,2.8993,2.8788,2.8583,2.8377,2.8162,2.7957,2.7732,2.7478,2.7204,2.6891,2.653,2.6139,2.5718,2.5259,2.479,2.436,2.3949,2.35,2.3011,2.2522,2.2033,2.1525,2.1036,2.0538,2.0049,1.957,1.912,1.8759,1.8456,1.8133,1.781,1.7507,1.7214,1.695,1.6471,1.5885,1.5484,1.5181,1.4927,1.4721,1.4604,1.4506,1.4409,1.4291,1.4164,1.4057,1.3969,1.3891,1.3822,1.3754,1.3675,1.3636,1.3675,1.3803,1.4037,1.4438,1.5044,1.5836,1.6774,1.783,1.8954,2.0088,2.1202,2.2287,2.3304,2.4096,2.4702,2.5249,2.5699,2.6051,2.6315,2.6481,2.6569,2.6608,2.6628,2.6637,2.6647,2.6628,2.6569,2.6471,2.6344,2.6217,2.6041,2.5816,2.5562,2.5298,2.5005,2.4682,2.435,2.4008,2.3695,2.3372,2.2991,2.2571,2.2151,2.1691,2.1183,2.0665,2.0166,1.9668,1.9169,1.871,1.8358,1.8074,1.7791,1.7507,1.7243,1.7028,1.6852,1.6686,1.654,1.6393,1.6246,1.6109,1.5982,1.5904,1.5846,1.5777,1.5748,1.5748,1.5748,1.5748,1.5748,1.5728,1.5709,1.5699,1.5689,1.5699,1.5728,1.5777,1.5904,1.6158,1.6569,1.7126,1.7849,1.8719,1.9717,2.0811,2.1955,2.3069,2.3978,2.477,2.5552,2.6227,2.6774,2.7185,2.7498,2.7722,2.7869,2.7977,2.8035,2.8025,2.7967,2.7889,2.7781,2.7615,2.741,2.7155,2.6862,2.6598,2.6344,2.607,2.5797,2.5503,2.5161,2.4829,2.4487,2.4057,2.3539,2.2981,2.2424,2.1867,2.13,2.0753,2.0244,1.9726,1.9198,1.8759,1.8377,1.7977,1.7566,1.7185,1.6852,1.6549,1.6256,1.5992,1.5748,1.5523,1.5308,1.5093,1.4936,1.48,1.4643,1.4497,1.435,1.4194,1.4027,1.3851,1.3675,1.3519,1.3372,1.3226,1.3138,1.3089,1.305,1.303,1.304,1.3109,1.3304,1.3666,1.4213,1.4927,1.5797,1.6774,1.7683,1.8583,1.957,2.0577,2.1554,2.2463,2.3275,2.3939,2.4448,2.4829,2.5103,2.5298,2.5415,2.5455,2.5435,2.5386,2.5318,2.521,2.5083,2.4946,2.479,2.4624,2.4457,2.4272,2.4066,2.3881,2.3666,2.3382,2.306,2.2747,2.2414,2.2033,2.1632,2.1222,2.0802,2.0401,2.0049,1.9717,1.9443,1.9238,1.9022,1.8817,1.8602,1.8407,1.826,1.8182,1.8182,1.8211,1.8231,1.824,1.828,1.8299,1.8309,1.8338,1.8348,1.8358,1.8358,1.8358,1.8358,1.8358,1.8358,1.8377,1.8407,1.8416,1.8436,1.8485,1.8543,1.8612,1.868,1.8749,1.8856,1.9052,1.9374,1.9863,2.0528,2.1212,2.1906,2.2805,2.3871,2.4966,2.6051,2.7058,2.7967,2.8729,2.9316,2.9746,3.0068,3.0293,3.0381,3.0381,3.0362,3.0293,3.0196,3.0088,2.9951,2.9804,2.9629,2.9413,2.9189,2.8954,2.871,2.8446,2.8133,2.7771,2.737,2.6921,2.6452,2.5953,2.5396,2.4819,2.4242,2.3666,2.3099,2.259,2.2092,2.1515,2.0899,2.0293,1.9707,1.912,1.8563,1.8065,1.7615,1.7185,1.6784,1.6481,1.6227,1.5934,1.565,1.5406,1.52,1.5015,1.48,1.4594,1.4448,1.434,1.4242,1.4154,1.4106,1.4086,1.4037,1.3969,1.3891,1.3812,1.3754,1.3744,1.3803,1.3949,1.4213,1.4585,1.5034,1.5611,1.6383,1.7361,1.8495,1.9717,2.0958,2.2151,2.3236,2.4184,2.4985,2.563,2.6139,2.6491,2.6725,2.6911,2.7038,2.7107,2.7097,2.7009,2.6823,2.653,2.61,2.5552,2.4936,2.434,2.3734,2.305,2.2336,2.1613,2.087,2.0137,1.9423,1.8739,1.8113,1.7537,1.7019,1.6579,1.6256,1.5992,1.5699,1.5386,1.5073,1.477,1.4497,1.4233,1.3978,1.3734,1.349,1.3245,1.306,1.2952,1.2815,1.2669,1.2551,1.2454,1.2366,1.2278,1.219,1.2151,1.217,1.2239,1.2375,1.2561,1.2776,1.3011,1.3245,1.3451,1.3597,1.3705,1.3822,1.3978,1.4164,1.4379,1.4673,1.5015,1.5474,1.6109,1.694,1.7967,1.9169,2.0479,2.1867,2.3294,2.4682,2.5982,2.7165,2.8084,2.8768,2.9374,2.9883,3.0274,3.0577,3.0811,3.0987,3.1095,3.1153,3.1134,3.1046,3.0899,3.0684,3.045,3.0215,2.9951,2.9697,2.9453,2.9189,2.8876,2.8514,2.8123,2.7713,2.7263,2.6833,2.6413,2.5934,2.5386,2.4809,2.4242,2.3627,2.2972,2.2346,2.1769,2.1232,2.0723,2.0225,1.9814,1.9482,1.9169,1.8895,1.8631,1.8407,1.8231,1.8104,1.7977,1.7849,1.7752,1.7654,1.7586,1.7537,1.7468,1.739,1.7312,1.7234,1.7155,1.7077,1.7019,1.6989,1.697,1.6979,1.7028,1.7116,1.7283,1.7566,1.7996,1.8573,1.9326,2.0274,2.1378,2.26,2.3891,2.5142,2.6295,2.7175,2.7859,2.8534,2.911,2.9589,2.9951,3.0205,3.0401,3.0518,3.0577,3.0567,3.0479,3.0352,3.0186,3,2.9824,2.9638,2.9423,2.9189,2.8954,2.8162,2.7077,2.6393,2.5885,2.5455,2.5112,2.479,2.4448,2.4086,2.3724,2.3333,2.2933,2.2551,2.217,2.1789,2.1398,2.0978,2.0567,2.0205,1.9883,1.955,1.9238,1.8925,1.8622,1.8358,1.8152,1.7977,1.7801,1.7634,1.7478,1.7351,1.7243,1.7097,1.6911,1.6706,1.6491,1.6315,1.6149,1.5973,1.5826,1.5738,1.565,1.5533,1.5445,1.5357,1.5279,1.5239,1.5259,1.5396,1.5689,1.6149,1.6794,1.7576,1.8465,1.9413,2.0244,2.0997,2.1789,2.2512,2.3138,2.3656,2.4086,2.4409,2.4624,2.4751,2.48,2.4761,2.4673,2.4555,2.4399,2.4194,2.39,2.3539,2.3148,2.2727,2.2258,2.176,2.1251,2.0733,2.0196,1.9707,1.9238,1.871,1.8133,1.7507,1.6852,1.6207,1.5591,1.4985,1.4379,1.3803,1.3294,1.2854,1.2522,1.2258,1.1994,1.175,1.1554,1.1417,1.132,1.1232,1.1163,1.1134,1.1114,1.1105,1.1144,1.1183,1.1163,1.1134,1.1114,1.1105,1.1105,1.1105,1.1105,1.1105,1.1105,1.1105,1.1144,1.1212,1.1271,1.132,1.1398,1.1525,1.176,1.2141,1.2688,1.3421,1.433,1.5376,1.651,1.7527,1.8485,1.9521,2.0528,2.1417,2.216,2.2757,2.3226,2.3568,2.3812,2.3988,2.4096,2.4135,2.4135,2.4135,2.4115,2.4047,2.3939,2.3812,2.3675,2.3509,2.3314,2.3109,2.2893,2.2678,2.2473,2.2278,2.2053,2.1769,2.1447,2.1095,2.0753,2.0411,2.0078,1.9726,1.9345,1.8944,1.8573,1.824,1.7898,1.7537,1.7185,1.6862,1.6569,1.6315,1.607,1.5855,1.5679,1.5513,1.5357,1.5259,1.5191,1.5083,1.4995,1.4927,1.4878,1.4858,1.4848,1.4839,1.4819,1.479,1.477,1.478,1.4809,1.4819,1.4829,1.4848,1.4907,1.5034,1.5249,1.5562,1.5992,1.6598,1.737,1.7517,1.739,1.7273,1.7175,1.7097,1.7038,1.6989,1.6931,1.6891,1.6852,1.6833,1.6843,1.6843,1.6882,1.6979,1.7165,1.7488,1.7947,1.8553,1.9316,2.0225,2.1222,2.2111,2.2933,2.3842,2.4751,2.5611,2.6373,2.7009,2.7527,2.7918,2.8201,2.8397,2.8514,2.8553,2.8524,2.8456,2.8387,2.8319,2.825,2.8162,2.8055,2.7918,2.7742,2.7556,2.7361,2.7146,2.6911,2.6657,2.6344,2.5982,2.5601,2.522,2.4858,2.4506,2.4164,2.3822,2.3451,2.304,2.263,2.2287,2.1994,2.1681,2.1369,2.1075,2.0831,2.0626,2.0459,2.0303,2.0127,1.9971,1.9844,1.9746,1.9658,1.955,1.9443,1.9316,1.915,1.8964,1.8788,1.8631,1.8485,1.8348,1.8211,1.8113,1.8025,1.7918,1.7791,1.7664,1.7527,1.741,1.7351,1.741,1.7625,1.8016,1.8602,1.9374,2.0147,2.0948,2.1887,2.2884,2.3881,2.4291,2.4428,2.4917,2.5455,2.5934,2.6266,2.6471,2.6559,2.6559,2.653,2.6471,2.6393,2.6305,2.6197,2.6031,2.5806,2.5552,2.5288,2.5044,2.478,2.4506,2.4233,2.392,2.3578,2.3216,2.2854,2.2463,2.2043,2.1593,2.1144,2.0645,2.0117,1.9668,1.9238,1.8739,1.8221,1.7683,1.7165,1.6676,1.6197,1.5758,1.5347,1.4956,1.4604,1.4262,1.3978,1.3763,1.3548,1.3304,1.306,1.2805,1.2532,1.2307,1.2082,1.1828,1.1544,1.1241,1.1017,1.086,1.0665,1.045,1.0254,1.0059,0.98729,0.96872,0.95015,0.93353,0.92082,0.91496,0.92082,0.94037,0.97752,1.0371,1.1183,1.216,1.3255,1.4418,1.5601,1.6745,1.782,1.8768,1.957,2.0156,2.0587,2.0938,2.1183,2.1349,2.1457,2.1486,2.1457,2.1349,2.1163,2.0929,2.0645,2.0303,1.9941,1.9599,1.9228,1.8788,1.8289,1.7761,1.7204,1.6608,1.5982,1.5347,1.4712,1.4086,1.3568,1.3099,1.259,1.2063,1.1544,1.1056,1.0606,1.0215,0.98827,0.96188,0.94428,0.93353,0.9306,0.93548,0.94526,0.95699,0.9697,0.98045,0.99022,1,1.0117,1.0274,1.042,1.0557,1.0674,1.0753,1.0821,1.085,1.087,1.088,1.088,1.088,1.088,1.088,1.088,1.088,1.088,1.0909,1.0987,1.1163,1.1505,1.2043,1.2796,1.3773,1.4927,1.6217,1.7625,1.9091,2.0518,2.1848,2.2933,2.3793,2.4594,2.5269,2.5816,2.6256,2.6559,2.6764,2.6862,2.6862,2.6823,2.6755,2.6676,2.6569,2.6442,2.6285,2.607,2.5826,2.5562,2.5318,2.5103,2.4858,2.4555,2.4213,2.3861,2.3519,2.3148,2.2708,2.2248,2.1789,2.1329,2.087,2.0411,1.998,1.955,1.9081,1.8622,1.8182,1.7781,1.7419,1.7048,1.6657,1.6285,1.5963,1.566,1.5396,1.5191,1.5015,1.4839,1.4682,1.4555,1.4399,1.4184,1.3959,1.3783,1.3675,1.3617,1.3587,1.3578,1.3519,1.3451,1.3363,1.3275,1.3236,1.3216,1.3206,1.3216,1.3314,1.3529,1.3861,1.4399,1.5171,1.6158,1.7341,1.8671,1.9892,2.1056,2.2346,2.3636,2.4839,2.5904,2.6774,2.7468,2.7996,2.8377,2.8641,2.8798,2.8827,2.8749,2.8641,2.8514,2.8358,2.8192,2.8035,2.7918,2.781,2.7664,2.7449,2.7204,2.697,2.6755,2.652,2.6266,2.5953,2.5611,2.5239,2.4809,2.436,2.3891,2.3412,2.2903,2.2366,2.1877,2.1408,2.0909,2.042,1.9932,1.9443,1.8954,1.8485,1.8074,1.7722,1.7429,1.7165,1.6911,1.6696,1.651,1.6295,1.607,1.5836,1.5611,1.5425,1.5249,1.5083,1.4936,1.4819,1.4702,1.4604,1.4536,1.4457,1.436,1.4252,1.4154,1.4086,1.4057,1.4037,1.4047,1.4135,1.4321,1.4633,1.5034,1.5582,1.6383,1.739,1.8534,1.9756,2.0997,2.2209,2.3363,2.4399,2.5288,2.6012,2.652,2.6872,2.7185,2.7429,2.7595,2.7674,2.7674,2.7634,2.7576,2.7498,2.74,2.7253,2.7058,2.6833,2.6559,2.6227,2.5875,2.5533,2.52,2.4878,2.4526,2.4135,2.3695,2.3206,2.2678,2.219,2.1681,2.1085,2.0469,1.9834,1.9208,1.8631,1.8084,1.7546,1.7038,1.6559,1.6119,1.5718,1.5415,1.5161,1.4888,1.4653,1.4457,1.4282,1.4125,1.4008,1.391,1.3803,1.3666,1.3539,1.347,1.3441,1.3402,1.3363,1.3324,1.3284,1.3226,1.3157,1.3079,1.3001,1.2942,1.2913,1.2893,1.2903,1.2972,1.3128,1.3431,1.3949,1.4673,1.5582,1.6667,1.7869,1.914,2.0401,2.1623,2.262,2.3441,2.4242,2.4927,2.5484,2.5924,2.6246,2.6471,2.6628,2.6745,2.6823,2.6843,2.6813,2.6735,2.6618,2.6452,2.6246,2.6022,2.5787,2.5572,2.5386,2.5171,2.4897,2.4604,2.4272,2.392,2.3548,2.3118,2.2639,2.2111,2.1544,2.0938,2.0313,1.9677,1.9032,1.8426,1.7908,1.7507,1.7165,1.6784,1.6393,1.6012,1.5699,1.5464,1.5269,1.5093,1.4936,1.4839,1.479,1.477,1.48,1.4858,1.4907,1.4966,1.5015,1.5044,1.5073,1.5132,1.52,1.5259,1.5308,1.5376,1.5425,1.5455,1.5484,1.5543,1.5611,1.5709,1.5875,1.6188,1.6686,1.7361,1.8221,1.9277,2.0469,2.1554,2.2561,2.3675,2.478,2.5816,2.6725,2.7458,2.8055,2.8514,2.8847,2.9071,2.9208,2.9228,2.9159,2.9042,2.8905,2.8729,2.8543,2.8348,2.8152,2.7977,2.7801,2.7634,2.7449,2.7234,2.6989,2.6676,2.6325,2.5943,2.5533,2.5083,2.4614,2.4135,2.3656,2.3148,2.261,2.2063,2.1564,2.1065,2.0518,1.9961,1.9413,1.8876,1.8035,1.7087,1.6393,1.5826,1.5327,1.4868,1.4438,1.4115,1.3851,1.3568,1.3294,1.3011,1.2688,1.2385,1.2082,1.175,1.1457,1.1202,1.0948,1.0753,1.0616,1.044,1.0244,1.0059,0.98534,0.96285,0.94233,0.92766,0.91887,0.91887,0.93548,0.97458,1.0264,1.0929,1.1828,1.2874,1.3978,1.5073,1.609,1.7009,1.782,1.8485,1.9032,1.9472,1.9775,2,2.0176,2.0264,2.0264,2.0215,2.0108,1.9922,1.9677,1.9384,1.9071,1.8739,1.8397,1.8074,1.7722,1.7283,1.6833,1.6354,1.5806,1.5239,1.4673,1.4125,1.3597,1.3069,1.2551,1.2121,1.175,1.1369,1.1026,1.0733,1.0499,1.0332,1.0235,1.0205,1.0235,1.0293,1.0381,1.0518,1.0674,1.086,1.1056,1.1241,1.1417,1.1593,1.1769,1.1945,1.2121,1.2287,1.2463,1.259,1.2698,1.2815,1.2923,1.2991,1.3069,1.3196,1.3343,1.3509,1.3656,1.3773,1.3891,1.4057,1.4291,1.4585,1.4985,1.5552,1.6285,1.7234,1.8358,1.957,2.0802,2.2023,2.3167,2.4194,2.5093,2.5758,2.6266,2.6735,2.7097,2.7322,2.7439,2.7449,2.737,2.7263,2.7165,2.7077,2.697,2.6852,2.6706,2.65,2.6276,2.6012,2.5679,2.5298,2.4917,2.4555,2.4194,2.3842,2.35,2.3109,2.2698,2.2297,2.1857,2.1359,2.0811,2.0196,1.9541,1.8905,1.8309,1.7713,1.7136,1.6637,1.6207,1.5826,1.5415,1.4995,1.4575,1.4213,1.3939,1.3715,1.3519,1.3333,1.3157,1.2981,1.2805,1.2678,1.2571,1.2454,1.2326,1.2219,1.2141,1.2063,1.2004,1.1935,1.1828,1.173,1.1642,1.1603,1.1584,1.1554,1.1535,1.1564,1.173,1.2072,1.263,1.3431,1.4457,1.5679,1.7038,1.8475,1.9736,2.086,2.2023,2.3128,2.4115,2.4946,2.5621,2.6129,2.65,2.6745,2.6891,2.696,2.695,2.6882,2.6804,2.6725,2.6637,2.651,2.6325,2.61,2.5855,2.5562,2.52,2.4819,2.4457,2.4125,2.3763,2.3324,2.2845,2.2375,2.1877,2.1329,2.0753,2.0137,1.9492,1.8817,1.8162,1.7615,1.7155,1.6686,1.6237,1.5797,1.5357,1.4927,1.4516,1.4184,1.393,1.3734,1.3617,1.3539,1.35,1.348,1.3421,1.3353,1.3275,1.3167,1.305,1.2952,1.2884,1.2845,1.2825,1.2815,1.3324,1.4096,1.4477,1.4673,1.4741,1.4761,1.477,1.477,1.4809,1.4956,1.5239,1.566,1.6285,1.6979,1.7781,1.8817,2.001,2.13,2.2581,2.3793,2.4907,2.5875,2.6706,2.741,2.7947,2.825,2.8426,2.8553,2.8622,2.8612,2.8543,2.8465,2.8368,2.8221,2.8025,2.7801,2.7566,2.7302,2.7009,2.6676,2.6325,2.5992,2.566,2.5327,2.4976,2.4575,2.4135,2.3646,2.3118,2.2561,2.2063,2.1584,2.1085,2.0626,2.0196,1.9756,1.9306,1.8856,1.8436,1.8035,1.7693,1.74,1.7136,1.6921,1.6774,1.6657,1.6559,1.6471,1.6383,1.6295,1.6207,1.6129,1.6051,1.5963,1.5885,1.5826,1.5797,1.5777,1.5767,1.5767,1.5767,1.5767,1.5787,1.5816,1.5826,1.5855,1.5914,1.6022,1.6197,1.6471,1.6931,1.7586,1.8426,1.9443,2.0567,2.176,2.2972,2.4145,2.5249,2.6227,2.6979,2.7566,2.8084,2.8465,2.8719,2.8866,2.8895,2.8827,2.871,2.8592,2.8495,2.8407,2.828,2.8094,2.7879,2.7644,2.741,2.7165,2.6921,2.6657,2.6364,2.6051,2.5728,2.5367,2.4936,2.4516,2.4106,2.3656,2.3187,2.2698,2.2209,2.172,2.1251,2.0811,2.0371,1.9941,1.956,1.9247,1.8974,1.869,1.8475,1.8328,1.825,1.825,1.825,1.8231,1.8201,1.8143,1.8074,1.8006,1.7947,1.7898,1.783,1.7761,1.7683,1.7605,1.7517,1.7439,1.7361,1.7273,1.7214,1.7185,1.7185,1.7234,1.7292,1.741,1.7605,1.7889,1.827,1.8807,1.955,2.0469,2.1564,2.2796,2.4018,2.5024,2.5894,2.6794,2.7595,2.824,2.871,2.9003,2.9169,2.9238,2.9208,2.911,2.8954,2.8759,2.8534,2.8299,2.8065,2.782,2.7537,2.7185,2.6813,2.6442,2.607,2.566,2.521,2.4712,2.4223,2.3734,2.3196,2.26,2.1935,2.1251,2.0547,1.9785,1.9042,1.8338,1.7644,1.695,1.6373,1.5904,1.5425,1.4936,1.4448,1.3959,1.3509,1.3118,1.2776,1.2463,1.217,1.1857,1.1535,1.129,1.1065,1.0811,1.0547,1.0244,0.99316,0.9609,0.92864,0.89638,0.86413,0.83089,0.80059,0.78104,0.76735,0.7478,0.7263,0.70283,0.6784,0.65885,0.64516,0.64027,0.65005,0.67937,0.72825,0.79765,0.87781,0.96676,1.0772,1.1994,1.3226,1.4389,1.61,1.7977,1.9228,2.0117,2.0772,2.1261,2.1593,2.1828,2.1984,2.2082,2.2131,2.2141,2.2111,2.2072,2.2004,2.1906,2.1799,2.1662,2.1486,2.13,2.1114,2.089,2.0655,2.044,2.0244,2.0049,1.9863,1.9677,1.9492,1.9277,1.9042,1.8866,1.871,1.8553,1.8426,1.8348,1.8338,1.8387,1.8446,1.8504,1.8563,1.8641,1.8739,1.8847,1.8964,1.9081,1.9189,1.9286,1.9404,1.9511,1.9589,1.9668,1.9736,1.9785,1.9824,1.9873,1.9912,1.9932,1.9961,2,2.0059,2.0117,2.0176,2.0235,2.0283,2.0293,2.0283,2.0293,2.0323,2.0371,2.045,2.0645,2.1026,2.1574,2.2248,2.3021,2.3861,2.4731,2.5582,2.6383,2.7087,2.7615,2.8006,2.8358,2.8622,2.8817,2.8944,2.9013,2.9013,2.8954,2.8856,2.8749,2.8631,2.8495,2.8328,2.8152,2.7977,2.7791,2.7595,2.7361,2.7087,2.6794,2.651,2.6237,2.5953,2.5621,2.5298,2.4985,2.4643,2.4262,2.3822,2.3324,2.2815,2.2307,2.1808,2.131,2.0831,2.0381,2,1.9648,1.9286,1.8954,1.8651,1.8368,1.8133,1.7957,1.781,1.7674,1.7537,1.741,1.7283,1.7195,1.7116,1.7009,1.6901,1.6784,1.6676,1.6588,1.652,1.6471,1.6422,1.6373,1.6315,1.6305,1.6325,1.6325,1.6325,1.6354,1.6413,1.652,1.6716,1.7048,1.7537,1.8182,1.8974,1.9863,2.0694,2.1496,2.2385,2.3275,2.4125,2.4907,2.5591,2.6139,2.6549,2.6852,2.7048,2.7165,2.7185,2.7155,2.7107,2.7019,2.6882,2.6716,2.654,2.6373,2.6237,2.609,2.5904,2.5689,2.5455,2.523,2.4995,2.4702,2.4389,2.4076,2.3754,2.3382,2.2981,2.2551,2.2082,2.1603,2.1114,2.0704,2.0342,1.9961,1.9589,1.9228,1.8905,1.8622,1.8358,1.8104,1.7849,1.7625,1.7419,1.7224,1.7097,1.6999,1.6891,1.6774,1.6676,1.6588,1.652,1.6452,1.6354,1.6207,1.6041,1.5865,1.5738,1.564,1.5543,1.5464,1.5396,1.5347,1.5308,1.5269,1.5269,1.5298,1.5357,1.5484,1.5699,1.5992,1.6403,1.6979,1.7703,1.8563,1.9501,2.0469,2.1417,2.2307,2.3109,2.3812,2.4428,2.4888,2.5239,2.5572,2.5846,2.6061,2.6217,2.6315,2.6344,2.6295,2.6197,2.608,2.5943,2.5767,2.5269,2.4585,2.4086,2.3675,2.3275,2.2864,2.2454,2.2053,2.1662,2.1251,2.0831,2.044,2.0108,1.9785,1.9404,1.8983,1.8534,1.8113,1.7752,1.7429,1.7155,1.6901,1.6657,1.6413,1.6178,1.5982,1.5846,1.5738,1.564,1.5552,1.5464,1.5406,1.5376,1.5357,1.5347,1.5347,1.5347,1.5347,1.5347,1.5327,1.5298,1.5279,1.5269,1.5269,1.5288,1.5337,1.5376,1.5376,1.5357,1.5347,1.5367,1.5415,1.5513,1.5728,1.609,1.6618,1.7331,1.824,1.9277,2.043,2.1632,2.2805,2.3783,2.4624,2.5474,2.6237,2.6852,2.7322,2.7654,2.7879,2.8006,2.8074,2.8065,2.7986,2.7849,2.7703,2.7546,2.7351,2.7116,2.6843,2.6549,2.6227,2.5865,2.5513,2.5181,2.4848,2.4487,2.4115,2.3734,2.3304,2.2835,2.2326,2.1799,2.1261,2.0714,2.0166,1.9599,1.9003,1.8407,1.7918,1.7498,1.7067,1.6657,1.6256,1.5894,1.5621,1.5406,1.5259,1.5181,1.5142,1.5122,1.5112,1.5112,1.5073,1.4976,1.4868,1.477,1.4663,1.4575,1.4506,1.4457,1.4409,1.437,1.433,1.433,1.433,1.433,1.433,1.433,1.4252,1.4291,1.4409,1.4643,1.5015,1.5533,1.6246,1.7126,1.7996,1.8905,1.999,2.1153,2.2326,2.3441,2.4477,2.5386,2.6178,2.6823,2.7302,2.7644,2.783,2.7908,2.7947,2.7928,2.7859,2.7761,2.7654,2.7566,2.7478,2.7361,2.7185,2.6979,2.6716,2.6403,2.607,2.5709,2.5318,2.4878,2.4428,2.3969,2.348,2.2962,2.2424,2.1887,2.1339,2.085,2.0391,1.9883,1.9355,1.8837,1.8368,1.7937,1.7527,1.7165,1.6862,1.6598,1.6344,1.61,1.5904,1.5718,1.5552,1.5406,1.5298,1.52,1.5093,1.5005,1.4936,1.4888,1.4819,1.4751,1.4712,1.4673,1.4575,1.4487,1.4409,1.433,1.4291,1.4272,1.4262,1.4291,1.4409,1.4624,1.4966,1.5376,1.5875,1.6569,1.7468,1.8524,1.9697,2.0929,2.216,2.3343,2.4448,2.5406,2.6207,2.6764,2.7097,2.7341,2.7507,2.7586,2.7605,2.7576,2.7527,2.7458,2.739,2.7312,2.7214,2.7067,2.6872,2.6657,2.6432,2.6188,2.5885,2.5562,2.5239,2.4927,2.4604,2.4252,2.3842,2.3402,2.3001,2.26,2.2131,2.1623,2.1095,2.0567,2.0068,1.914,1.7986,1.7165,1.653,1.6022,1.5572,1.5191,1.4858,1.4516,1.4145,1.3763,1.3421,1.3109,1.2825,1.2581,1.2366,1.216,1.1955,1.1779,1.1593,1.1349,1.1056,1.0733,1.0401,1.0059,0.97654,0.94917,0.92571,0.90909,0.89638,0.88465,0.87879,0.88074,0.89443,0.92278,0.9697,1.0401,1.1349,1.2493,1.3754,1.5073,1.6403,1.7654,1.868,1.9541,2.0391,2.1163,2.1799,2.2258,2.2561,2.2747,2.2786,2.2678,2.2454,2.2141,2.1818,2.1457,2.0978,2.0391,1.9746,1.9081,1.8426,1.7752,1.7019,1.6285,1.5572,1.4819,1.4027,1.3363,1.2757,1.2053,1.131,1.0587,0.99022,0.9218,0.85728,0.80059,0.7478,0.69892,0.65982,0.63734,0.62952,0.62757,0.63441,0.64516,0.65494,0.66471,0.67449,0.68426,0.6999,0.72239,0.7478,0.77615,0.8045,0.83871,0.88074,0.92375,0.96481,1.0059,1.0479,1.0968,1.1505,1.2072,1.263,1.3157,1.3587,1.393,1.4203,1.4438,1.4702,1.5034,1.5464,1.6051,1.6862,1.7889,1.9091,2.0411,2.1769,2.2942,2.3969,2.5024,2.6022,2.6891,2.7605,2.8182,2.8622,2.8935,2.9169,2.9316,2.9335,2.9218,2.9042,2.8856,2.8661,2.8465,2.824,2.7977,2.7703,2.7419,2.7097,2.6716,2.6276,2.5806,2.5376,2.4985,2.4575,2.4096,2.3558,2.2991,2.2434,2.1887,2.129,2.0674,2.0039,1.9404,1.8866,1.8368,1.782,1.7253,1.6676,1.6168,1.5767,1.5367,1.4966,1.4594,1.4213,1.3851,1.3519,1.3255,1.3021,1.2776,1.2561,1.2326,1.2063,1.1779,1.1496,1.1173,1.087,1.0616,1.0391,1.0254,1.0215,1.0166,1.0088,1.0029,1,0.99804,1.0049,1.0283,1.0743,1.1496,1.2512,1.3763,1.5005,1.6295,1.7801,1.9374,2.0899,2.2326,2.3587,2.4614,2.5425,2.6051,2.654,2.6911,2.7116,2.7224,2.7273,2.7253,2.7195,2.7116,2.6999,2.6813,2.6579,2.6305,2.6022,2.5738,2.5445,2.5171,2.4917,2.4614,2.4262,2.3842,2.3333,2.2776,2.2229,2.1711,2.1173,2.0616,2.001,1.9462,1.8964,1.8416,1.7849,1.7263,1.6676,1.6119,1.5591,1.5132,1.4751,1.4409,1.4096,1.3793,1.3568,1.3421,1.3304,1.3196,1.3089,1.2991,1.2864,1.2757,1.2698,1.2669,1.2659,1.2649,1.2649,1.3519,1.4839,1.5474,1.5777,1.5934,1.6012,1.6061,1.6139,1.6295,1.6579,1.7038,1.7556,1.8172,1.8993,1.9961,2.1036,2.219,2.3343,2.4418,2.5367,2.6168,2.6813,2.7283,2.7615,2.7801,2.7869,2.7908,2.7928,2.7937,2.7898,2.781,2.7713,2.7605,2.7498,2.737,2.7195,2.6989,2.6784,2.6549,2.6266,2.5934,2.5601,2.5288,2.4946,2.4555,2.4135,2.3685,2.3196,2.2698,2.2239,2.1808,2.1349,2.0899,2.043,1.9941,1.9453,1.9003,1.8602,1.8211,1.783,1.7458,1.7136,1.6862,1.6598,1.6373,1.6188,1.6041,1.5914,1.5816,1.5728,1.5601,1.5445,1.5279,1.5103,1.4936,1.48,1.4663,1.4516,1.4389,1.4272,1.4174,1.4086,1.4008,1.3969,1.3969,1.4037,1.4203,1.4487,1.4966,1.565,1.651,1.7498,1.8563,1.9677,2.0792,2.1887,2.2893,2.3783,2.4526,2.5024,2.5367,2.567,2.5894,2.6051,2.6158,2.6256,2.6344,2.6383,2.6344,2.6237,2.607,2.5875,2.567,2.5474,2.5298,2.5112,2.4897,2.4643,2.436,2.4037,2.3656,2.3255,2.2874,2.2473,2.2111,2.174,2.132,2.088,2.0459,2.0068,1.9668,1.9257,1.8886,1.8563,1.825,1.7947,1.7683,1.7458,1.7234,1.7009,1.6823,1.6676,1.654,1.6422,1.6305,1.6188,1.6061,1.5924,1.5777,1.567,1.5572,1.5455,1.5318,1.52,1.5103,1.5015,1.4936,1.4839,1.4712,1.4594,1.4516,1.4497,1.4526,1.4633,1.4888,1.5337,1.5963,1.6784,1.7761,1.8847,1.9922,2.0948,2.1887,2.2708,2.3343,2.3822,2.4272,2.4663,2.4966,2.5161,2.5259,2.5269,2.5191,2.5044,2.4829,2.4565,2.4301,2.4008,2.3636,2.3245,2.2864,2.2454,2.1984,2.1496,2.0968,2.0411,1.9795,1.914,1.8485,1.7908,1.738,1.6804,1.6217,1.563,1.5034,1.4457,1.3949,1.3509,1.3109,1.2717,1.2336,1.2053,1.1857,1.1662,1.1496,1.1339,1.1202,1.1114,1.1075,1.1075,1.1095,1.1105,1.1105,1.1105,1.1144,1.1183,1.1183,1.1183,1.1183,1.1183,1.1183,1.1183,1.1183,1.1183,1.1202,1.1261,1.1369,1.1496,1.1672,1.1945,1.2375,1.2981,1.3754,1.4673,1.5709,1.6823,1.7967,1.9101,2.0029,2.085,2.1711,2.2493,2.3157,2.3695,2.4096,2.4389,2.4731,2.5064,2.523,2.5298,2.5288,2.5249,2.5191,2.5103,2.4985,2.4848,2.4702,2.4516,2.4262,2.4008,2.3763,2.3529,2.3294,2.3079,2.2884,2.263,2.2307,2.1955,2.1593,2.1202,2.0772,2.0332,1.9902,1.9492,1.914,1.8807,1.8534,1.8319,1.8074,1.7801,1.7527,1.7283,1.7038,1.6823,1.6637,1.6471,1.6315,1.6158,1.6041,1.5963,1.5904,1.5875,1.5836,1.5787,1.5699,1.5621,1.5562,1.5513,1.5484,1.5474,1.5464,1.5484,1.5552,1.566,1.5787,1.5963,1.6227,1.6608,1.7146,1.783,1.869,1.9707,2.085,2.1896,2.2845,2.3851,2.4858,2.5777,2.6579,2.7243,2.7752,2.8104,2.8319,2.8426,2.8456,2.8436,2.8368,2.828,2.8192,2.8113,2.8016,2.7889,2.7732,2.7537,2.7322,2.7107,2.6862,2.6569,2.6266,2.5982,2.567,2.5298,2.4888,2.4418,2.391,2.3412,2.2893,2.2366,2.1848,2.1349,2.0831,2.0362,1.9892,1.9413,1.8983,1.8583,1.8192,1.7801,1.741,1.7048,1.6755,1.653,1.6344,1.6207,1.61,1.5973,1.5836,1.5689,1.5533,1.5347,1.5132,1.4956,1.479,1.4624,1.4467,1.435,1.4311,1.4311,1.4291,1.4242,1.4203,1.4184,1.4194,1.4272,1.4467,1.4829,1.5435,1.6246,1.7097,1.7996,1.9091,2.0293,2.1486,2.26,2.3597,2.4477,2.522,2.5826,2.6295,2.6667,2.6931,2.7058,2.7126,2.7155,2.7136,2.7067,2.694,2.6764,2.6559,2.6344,2.6139,2.5943,2.5709,2.5455,2.5191,2.4907,2.4614,2.4291,2.3939,2.3578,2.3187,2.2737,2.2248,2.172,2.1144,2.0557,2.0029,1.958,1.913,1.869,1.828,1.7879,1.7488,1.7107,1.6764,1.6452,1.6188,1.5973,1.5836,1.5728,1.5591,1.5455,1.5308,1.5171,1.5044,1.4946,1.4858,1.478,1.4721,1.4673,1.4663,1.4682,1.4692,1.4692,1.4692,1.4692,1.4692,1.4731,1.4829,1.4956,1.5152,1.5474,1.5924,1.6422,1.7048,1.7918,1.8954,2.0127,2.1349,2.2532,2.3617,2.4604,2.5435,2.6119,2.6696,2.7077,2.7322,2.7546,2.7713,2.784,2.7898,2.7889,2.7849,2.7791,2.7683,2.7517,2.7312,2.7097,2.6872,2.6647,2.6403,2.6129,2.5836,2.5523,2.5152,2.4741,2.4301,2.3832,2.3333,2.2815,2.2346,2.1896,2.1017,1.9902,1.9071,1.8377,1.7771,1.7283,1.6901,1.6569,1.6266,1.5934,1.5572,1.5298,1.5073,1.4819,1.4555,1.433,1.4194,1.4125,1.4086,1.4047,1.3978,1.392,1.3871,1.3842,1.3851,1.3861,1.3861,1.391,1.4008,1.4076,1.4115,1.4135,1.4164,1.4223,1.437,1.4673,1.5083,1.564,1.6452,1.7507,1.8729,2.0088,2.1496,2.2845,2.4106,2.52,2.6149,2.697,2.7566,2.7977,2.8319,2.8563,2.871,2.8788,2.8798,2.8759,2.869,2.8612,2.8524,2.8407,2.824,2.8016,2.7742,2.739,2.6979,2.6549,2.6119,2.567,2.5171,2.4643,2.4096,2.3539,2.2981,2.2473,2.1965,2.1378,2.0782,2.0166,1.9482,1.8768,1.8065,1.739,1.6725,1.6061,1.5406,1.478,1.4272,1.3832,1.3333,1.2805,1.2268,1.176,1.132,1.089,1.045,1.002,0.96188,0.92473,0.89932,0.87977,0.8563,0.83284,0.80743,0.7781,0.74976,0.72141,0.69306,0.66667,0.64418,0.62366,0.60899,0.60606,0.61388,0.63245,0.66667,0.72141,0.79765,0.89638,1.0108,1.1359,1.2639,1.3881,1.5083,1.608,1.6882,1.7654,1.8368,1.9003,1.9531,1.9883,2.0088,2.0166,2.0156,2.0078,1.9951,1.9795,1.9648,1.9501,1.9286,1.8993,1.8641,1.8231,1.7771,1.7283,1.6813,1.6344,1.5855,1.5308,1.48,1.433,1.3842,1.3363,1.2913,1.2502,1.2111,1.176,1.1486,1.13,1.1163,1.1095,1.1134,1.1241,1.1388,1.1584,1.1818,1.2072,1.2336,1.2639,1.2972,1.3324,1.3685,1.4076,1.4506,1.4888,1.522,1.5543,1.5846,1.6139,1.6422,1.6676,1.6852,1.694,1.6989,1.7009,1.6999,1.6989,1.7009,1.7019,1.7028,1.7028,1.7097,1.7322,1.7732,1.8377,1.9238,2.0274,2.1447,2.2688,2.3773,2.4712,2.567,2.6588,2.7419,2.8094,2.8592,2.8954,2.9208,2.9365,2.9443,2.9433,2.9306,2.9081,2.8807,2.8534,2.825,2.7977,2.7693,2.741,2.7136,2.6852,2.6549,2.6217,2.5865,2.5523,2.5191,2.4839,2.4428,2.3939,2.3441,2.2962,2.2463,2.1906,2.131,2.0704,2.0117,1.9619,1.9159,1.8651,1.8113,1.7595,1.7107,1.6657,1.6266,1.5924,1.5621,1.5327,1.5044,1.4761,1.4526,1.434,1.4145,1.3978,1.3851,1.3744,1.3617,1.3509,1.4272,1.5425,1.5953,1.6178,1.6295,1.6354,1.6364,1.6334,1.6246,1.6168,1.6129,1.6129,1.6197,1.6393,1.6725,1.7224,1.7889,1.8563,1.9296,2.0215,2.1251,2.2307,2.3314,2.4272,2.5112,2.5826,2.6422,2.6901,2.7253,2.7468,2.7576,2.7664,2.7742,2.7781,2.7761,2.7722,2.7664,2.7586,2.7458,2.7292,2.7107,2.6891,2.6667,2.6413,2.6129,2.5855,2.5572,2.5259,2.4897,2.4506,2.4086,2.3636,2.3167,2.2669,2.2219,2.1799,2.1329,2.0821,2.0293,1.9804,1.9384,1.9003,1.8641,1.8289,1.7967,1.7703,1.7488,1.7351,1.7283,1.7243,1.7224,1.7214,1.7214,1.7214,1.7214,1.7214,1.7214,1.7214,1.7214,1.7224,1.7253,1.7263,1.7273,1.7273,1.7292,1.7331,1.7351,1.7361,1.74,1.7458,1.7517,1.7625,1.7781,1.8045,1.8485,1.9091,1.9853,2.0792,2.1848,2.2952,2.4018,2.5005,2.5875,2.6628,2.7175,2.7566,2.7898,2.8152,2.8319,2.8397,2.8416,2.8377,2.8289,2.8192,2.8113,2.8025,2.7928,2.7801,2.7634,2.7449,2.7224,2.6931,2.6618,2.6305,2.6012,2.5718,2.5406,2.5034,2.4624,2.4233,2.3851,2.3412,2.2952,2.2483,2.2023,2.1544,2.1026,2.0528,2.0078,1.9658,1.9296,1.8993,1.8768,1.8592,1.8397,1.8221,1.8074,1.7967,1.7879,1.7801,1.7722,1.7683,1.7664,1.7644,1.7634,1.7625,1.7605,1.7556,1.7498,1.7439,1.7361,1.7253,1.7126,1.7028,1.6979,1.695,1.697,1.7058,1.7165,1.7322,1.7576,1.7967,1.8524,1.9247,2.0127,2.1134,2.2209,2.3304,2.437,2.523,2.5943,2.6637,2.7243,2.7742,2.8123,2.8407,2.8602,2.8719,2.8778,2.8768,2.869,2.8563,2.8416,2.828,2.8123,2.7937,2.7742,2.7537,2.7331,2.7126,2.6882,2.6588,2.6285,2.5982,2.567,2.5347,2.4956,2.4506,2.4018,2.3529,2.304,2.2561,2.2092,2.1652,2.1222,2.0802,2.043,2.0098,1.9756,1.9462,1.9218,1.8993,1.8778,1.8563,1.8348,1.8143,1.7937,1.7722,1.7546,1.7449,1.7361,1.7253,1.7126,1.697,1.6813,1.6667,1.652,1.6383,1.6237,1.61,1.5963,1.5855,1.5767,1.5621,1.5445,1.5298,1.5191,1.5103,1.5044,1.5064,1.52,1.5455,1.5894,1.651,1.7155,1.784,1.8055,1.8065,1.8592,1.9365,2.0186,2.0948,2.1574,2.2033,2.2375,2.259,2.2678,2.2659,2.2561,2.2395,2.218,2.1926,2.1603,2.1202,2.0733,2.0235,1.9726,1.9208,1.869,1.8231,1.7761,1.7204,1.6618,1.6012,1.5386,1.4721,1.4037,1.3372,1.2727,1.2141,1.1632,1.1241,1.0919,1.0538,1.0176,0.98631,0.96188,0.94526,0.93255,0.9218,0.91202,0.90714,0.9042,0.89834,0.89834,0.90225,0.90225,0.89736,0.89541,0.89443,0.88954,0.88465,0.8827,0.88172,0.88074,0.8827,0.88759,0.89443,0.90225,0.91105,0.91984,0.92864,0.93744,0.94624,0.95503,0.96383,0.97654,0.99902,1.0342,1.0802,1.1378,1.217,1.3177,1.4409,1.5806,1.7292,1.8778,2.0205,2.1525,2.2717,2.3724,2.4448,2.4966,2.5415,2.5797,2.607,2.6256,2.6344,2.6344,2.6285,2.6139,2.5943,2.5709,2.5464,2.523,2.5024,2.4839,2.4653,2.4477,2.4252,2.3969,2.3646,2.3314,2.2952,2.2551,2.2131,2.175,2.1378,2.0978,2.0557,2.0108,1.9619,1.911,1.8612,1.8172,1.7771,1.7419,1.7116,1.6882,1.6676,1.6442,1.6188,1.5934,1.567,1.5435,1.5249,1.5073,1.4848,1.4653,1.4487,1.436,1.4301,1.4272,1.4252,1.4242,1.4242,1.4242,1.4242,1.4242,1.4242,1.4242,1.4242,1.4242,1.4242,1.4242,1.4242,1.4242,1.4262,1.436,1.4585,1.4976,1.5572,1.6364,1.737,1.8553,1.9873,2.1056,2.2131,2.3304,2.4457,2.5513,2.6442,2.7204,2.781,2.824,2.8524,2.869,2.8768,2.8739,2.8622,2.8475,2.8309,2.8143,2.7996,2.7879,2.7752,2.7576,2.7361,2.7116,2.6843,2.651,2.6149,2.5748,2.5288,2.479,2.4282,2.3763,2.3216,2.2639,2.2043,2.1437,2.0831,2.0244,1.9746,1.9286,1.8729,1.8113,1.7527,1.6999,1.651,1.6051,1.5601,1.52,1.4868,1.4594,1.4389,1.4272,1.4213,1.4184,1.4164,1.4154,1.4106,1.4037,1.3959,1.3881,1.3842,1.3793,1.3754,1.3754,1.3754,1.3734,1.3724,1.3715,1.3715,1.3715,1.3715,1.3734,1.3812,1.3978,1.4282,1.478,1.5406,1.6149,1.7155,1.8387,1.9746,2.1144,2.2522,2.3803,2.4927,2.5855,2.6608,2.7185,2.7517,2.7703,2.784,2.7908,2.7937,2.7928,2.7889,2.782,2.7742,2.7644,2.7498,2.7302,2.7077,2.6823,2.6569,2.6285,2.5992,2.5689,2.5386,2.5064,2.4692,2.4262,2.3793,2.3314,2.2805,2.2336,2.1896,2.1427,2.0958,2.0479,1.9971,1.9453,1.8964,1.8534,1.8123,1.7722,1.7351,1.7038,1.6804,1.6608,1.6393,1.6197,1.6041,1.5924,1.5846,1.5806,1.5787,1.5777,1.5767,1.5767,1.5787,1.5797,1.5758,1.5709,1.564,1.5591,1.5562,1.5533,1.5474,1.5425,1.5406,1.5396,1.5406,1.5474,1.564,1.5934,1.6383,1.7028,1.7849,1.8847,2,2.1202,2.2375,2.348,2.4477,2.522,2.5787,2.6295,2.6725,2.7077,2.7322,2.7488,2.7605,2.7703,2.7771,2.781,2.783,2.782,2.7752,2.7664,2.7586,2.7468,2.7292,2.7087,2.6872,2.6608,2.6285,2.5953,2.563,2.5298,2.4985,2.4673,2.4301,2.3891,2.347,2.305,2.263,2.219,2.174,2.1329,2.0929,2.0557,2.0264,1.998,1.9648,1.9306,1.8983,1.871,1.8514,1.8387,1.828,1.8192,1.8104,1.8025,1.7947,1.7889,1.784,1.7781,1.7732,1.7683,1.7625,1.7576,1.7527,1.7468,1.7419,1.738,1.7341,1.7322,1.7312,1.7302,1.7322,1.74,1.7595,1.7898,1.8338,1.8944,1.9707,2.0616,2.1662,2.2786,2.3744,2.4585,2.5464,2.6305,2.7058,2.7644,2.8084,2.8426,2.8651,2.8778,2.8807,2.8749,2.8622,2.8465,2.8309,2.8133,2.7928,2.7713,2.7488,2.7302,2.7136,2.6931,2.6716,2.6491,2.6266,2.6022,2.5748,2.5435,2.5073,2.4624,2.4086,2.35,2.2825,2.2043,2.1193,2.0313,1.9472,1.8807,1.8221,1.7586,1.694,1.6315,1.5718,1.5171,1.4663,1.4203,1.3803,1.346,1.3177,1.2923,1.2717,1.2502,1.2239,1.1955,1.1642,1.1329,1.1026,1.0694,1.0362,1.0039,0.97263,0.94135,0.91887,0.90127,0.87977,0.85142,0.82014,0.7869,0.75171,0.71848,0.69208,0.67546,0.67449,0.69501,0.73803,0.7957,0.8651,0.94917,1.045,1.1466,1.2473,1.3431,1.435,1.5191,1.5914,1.653,1.7048,1.7458,1.781,1.8123,1.8338,1.8465,1.8504,1.8465,1.8397,1.8328,1.825,1.8172,1.8055,1.7889,1.7722,1.7566,1.7331,1.7028,1.6686,1.6344,1.6012,1.5699,1.5386,1.5073,1.477,1.4467,1.4213,1.3998,1.3773,1.4409,1.5484,1.6022,1.6325,1.651,1.6628,1.6735,1.6843,1.696,1.7077,1.7195,1.7312,1.7439,1.7556,1.7674,1.781,1.7957,1.8084,1.8211,1.8338,1.8456,1.8563,1.8641,1.8719,1.8788,1.8847,1.8925,1.9032,1.9169,1.9306,1.9433,1.9531,1.958,1.957,1.955,1.956,1.9609,1.9756,2.002,2.042,2.0978,2.1681,2.2483,2.3314,2.4154,2.4956,2.5709,2.6295,2.6764,2.7243,2.7654,2.7986,2.8231,2.8377,2.8456,2.8465,2.8416,2.8348,2.827,2.8172,2.8065,2.7977,2.7908,2.784,2.7761,2.7644,2.7488,2.7273,2.7009,2.6706,2.6354,2.6002,2.567,2.5357,2.5005,2.4624,2.4223,2.3812,2.3363,2.2884,2.2405,2.1955,2.1515,2.1075,2.0714,2.0391,2.0049,1.9717,1.9384,1.9071,1.8798,1.8553,1.8358,1.8201,1.8055,1.7898,1.7732,1.7615,1.7527,1.7419,1.7312,1.7195,1.7077,1.694,1.6813,1.6725,1.6647,1.6579,1.651,1.6481,1.6461,1.6422,1.6393,1.6393,1.6422,1.6491,1.6637,1.6872,1.7224,1.7722,1.8358,1.913,1.9873,2.0626,2.1535,2.2483,2.3402,2.4272,2.5044,2.5689,2.6188,2.6559,2.6823,2.6999,2.7087,2.7116,2.7116,2.7087,2.7038,2.6989,2.6901,2.6764,2.6608,2.6442,2.6285,2.6129,2.5943,2.5748,2.5543,2.5308,2.5024,2.4702,2.4379,2.4037,2.3656,2.3255,2.2864,2.2473,2.2063,2.1711,2.1369,2.0978,2.0567,2.0186,1.9834,1.9492,1.9169,1.8876,1.8602,1.8368,1.8172,1.8016,1.7908,1.782,1.7722,1.7615,1.7498,1.738,1.7263,1.7136,1.7019,1.6911,1.6833,1.6794,1.6784,1.6764,1.6725,1.6706,1.6696,1.6696,1.6706,1.6725,1.6755,1.6764,1.6774,1.6804,1.6911,1.7087,1.7351,1.7771,1.8338,1.9062,1.9912,2.086,2.1857,2.2835,2.3763,2.4614,2.5337,2.5855,2.6227,2.6569,2.6843,2.7058,2.7204,2.7312,2.739,2.7449,2.7458,2.7439,2.737,2.7243,2.7087,2.6921,2.6745,2.6569,2.6393,2.6227,2.607,2.5885,2.5679,2.5435,2.5152,2.4829,2.4536,2.4233,2.3891,2.3539,2.3167,2.2786,2.2434,2.2092,2.174,2.1378,2.1036,2.0733,2.0469,2.0254,2.0088,1.9932,1.9814,1.9717,1.9638,1.9599,1.958,1.956,1.8602,1.7155,1.6383,1.5982,1.5758,1.5601,1.5474,1.5367,1.5279,1.521,1.5181,1.5181,1.522,1.5288,1.5367,1.5445,1.5533,1.5621,1.5699,1.5826,1.607,1.6452,1.6979,1.7693,1.8592,1.9668,2.089,2.217,2.3265,2.4223,2.5239,2.6227,2.7087,2.7771,2.8309,2.871,2.8954,2.9081,2.9101,2.9022,2.8876,2.869,2.8514,2.8338,2.8162,2.7967,2.7742,2.7498,2.7243,2.6989,2.6716,2.6383,2.6022,2.5689,2.5367,2.5034,2.4702,2.436,2.3969,2.3519,2.306,2.261,2.217,2.1711,2.1251,2.0841,2.044,2.001,1.955,1.9062,1.8563,1.8055,1.7566,1.7107,1.6667,1.6227,1.5797,1.5386,1.5073,1.4848,1.4604,1.436,1.4106,1.3803,1.348,1.3148,1.2805,1.2463,1.2141,1.1848,1.1642,1.1476,1.1261,1.1026,1.0772,1.0518,1.0264,1.001,0.97458,0.95112,0.93548,0.93157,0.94624,0.97752,1.0254,1.0948,1.1838,1.2884,1.3988,1.5103,1.6178,1.7165,1.8045,1.8807,1.9404,1.9795,2.0049,2.0196,2.0225,2.0176,2.0068,1.9932,1.9775,1.9609,1.9394,1.912,1.8788,1.8377,1.7957,1.7517,1.6999,1.6442,1.5855,1.5279,1.4731,1.4203,1.3675,1.3118,1.2512,1.1906,1.1408,1.0968,1.044,0.99218,0.94721,0.90909,0.87977,0.85826,0.84555,0.83871,0.83578,0.83382,0.83773,0.85044,0.86706,0.88465,0.89932,0.90909,0.91593,0.92375,0.92962,0.93255,0.93646,0.94233,0.95015,0.95992,0.97165,0.98143,0.99316,1.0059,1.0186,1.0332,1.0469,1.0606,1.0762,1.0929,1.1095,1.1281,1.1505,1.175,1.2023,1.2395,1.2923,1.3646,1.4565,1.567,1.695,1.8309,1.9629,2.0919,2.1975,2.2845,2.3715,2.4497,2.5142,2.564,2.5992,2.6237,2.6354,2.6373,2.6334,2.6237,2.6051,2.5836,2.5591,2.5367,2.5171,2.4985,2.48,2.4585,2.4301,2.3988,2.3636,2.3226,2.2786,2.2385,2.1994,2.1515,2.0978,2.043,1.9892,1.9365,1.8847,1.8309,1.7761,1.7204,1.6628,1.6051,1.5591,1.5191,1.478,1.4399,1.4037,1.3705,1.3431,1.3206,1.3011,1.2805,1.2571,1.2346,1.219,1.2072,1.1945,1.1838,1.174,1.1652,1.1564,1.1476,1.1408,1.1349,1.1281,1.1251,1.1232,1.1241,1.131,1.1388,1.2072,1.306,1.3607,1.393,1.4145,1.435,1.4614,1.5015,1.5562,1.6139,1.6843,1.7771,1.8847,2.002,2.1202,2.2336,2.3372,2.4291,2.5073,2.5718,2.6246,2.6598,2.6813,2.697,2.7048,2.7048,2.7019,2.697,2.6872,2.6745,2.6608,2.6432,2.6237,2.6012,2.5777,2.5533,2.5269,2.4985,2.4663,2.4282,2.3861,2.3402,2.2933,2.2483,2.2033,2.1593,2.1212,2.086,2.0469,2.0059,1.9619,1.914,1.8651,1.8152,1.7683,1.7253,1.6862,1.652,1.6217,1.6012,1.5875,1.5738,1.5611,1.5494,1.5396,1.5318,1.522,1.5132,1.5073,1.5044,1.5015,1.4995,1.5005,1.5015,1.5015,1.5015,1.5015,1.5015,1.5015,1.5015,1.5015,1.5015,1.5015,1.5015,1.5034,1.5083,1.5161,1.5308,1.5562,1.5943,1.6491,1.7234,1.8152,1.9218,2.0391,2.1574,2.2561,2.3421,2.4321,2.5161,2.5914,2.654,2.7038,2.739,2.7605,2.7713,2.7732,2.7683,2.7625,2.7537,2.7419,2.7273,2.7097,2.6901,2.6686,2.6471,2.6256,2.6022,2.5758,2.5484,2.52,2.4917,2.4594,2.4213,2.3812,2.3392,2.2962,2.2551,2.2141,2.172,2.1329,2.0958,2.0587,2.0225,2.0225,2.0225,2.0225,2.0225,2.0225,2.0225,2.0225,1.871,1.8798,1.9003,1.9374,1.9922,2.0508,2.1163,2.2014,2.2981,2.3969,2.4917,2.5806,2.6598,2.7243,2.7761,2.8172,2.8465,2.8671,2.8749,2.8759,2.8739,2.868,2.8573,2.8446,2.828,2.8045,2.7801,2.7576,2.7351,2.7136,2.6921,2.6686,2.6403,2.608,2.5758,2.5445,2.5132,2.479,2.4418,2.4057,2.3715,2.3363,2.3001,2.2678,2.2356,2.1975,2.1564,2.1183,2.0811,2.044,2.0078,1.9677,1.9277,1.8935,1.8661,1.8446,1.827,1.8074,1.7869,1.7654,1.7439,1.7224,1.7009,1.6794,1.6559,1.6334,1.6149,1.6002,1.5855,1.565,1.5445,1.523,1.5015,1.4819,1.4614,1.4418,1.4242,1.4066,1.391,1.3793,1.3734,1.3744,1.3842,1.4047,1.437,1.4839,1.5464,1.6237,1.7107,1.8016,1.8543,1.8876,1.9316,1.9746,2.0225,2.0655,2.0997,2.1251,2.1378,2.1398,2.132,2.1163,2.0919,2.0587,2.0215,1.9883,1.957,1.9179,1.8739,1.827,1.7791,1.7322,1.6843,1.6315,1.5758,1.521,1.4682,1.4252,1.3871,1.3431,1.2962,1.2502,1.2063,1.1662,1.129,1.0958,1.0674,1.0401,1.0186,1.0039,0.99609,0.99609,1.001,1.0088,1.0235,1.043,1.0674,1.0948,1.1202,1.1417,1.1564,1.1681,1.1779,1.1848,1.1887,1.1926,1.1984,1.2033,1.2063,1.2072,1.2082,1.2082,1.2082,1.2082,1.2121,1.2229,1.2366,1.2512,1.2688,1.2923,1.3245,1.3705,1.4301,1.5083,1.6051,1.7175,1.8426,1.955,2.0567,2.1672,2.2766,2.3754,2.4594,2.5327,2.5943,2.6422,2.6764,2.6999,2.7116,2.7126,2.7048,2.6891,2.6686,2.6461,2.6237,2.6041,2.5846,2.5621,2.5386,2.5142,2.4917,2.4682,2.4418,2.4145,2.3793,2.3372,2.2913,2.2454,2.2014,2.1544,2.1026,2.0469,1.9922,1.9404,1.8895,1.8456,1.8025,1.7566,1.7107,1.6647,1.6217,1.5787,1.5367,1.4976,1.4614,1.4262,1.392,1.3666,1.35,1.3333,1.3167,1.3001,1.2835,1.2669,1.2463,1.2229,1.2053,1.1926,1.1818,1.172,1.1691,1.172,1.174,1.175,1.175,1.175,1.1769,1.1818,1.1926,1.2151,1.2551,1.3206,1.3949,1.478,1.5836,1.7048,1.8358,1.9677,2.0938,2.2131,2.3206,2.4096,2.479,2.5298,2.5679,2.5914,2.6031,2.6129,2.6217,2.6266,2.6246,2.6197,2.6129,2.6031,2.5885,2.5679,2.5455,2.522,2.4976,2.4712,2.4428,2.4145,2.3842,2.3519,2.3177,2.2796,2.2375,2.1916,2.1417,2.088,2.0381,1.9922,1.9443,1.8954,1.8436,1.7908,1.7419,1.697,1.654,1.6119,1.5699,1.5279,1.4927,1.4663,1.4448,1.4282,1.4154,1.4076,1.4018,1.3969,1.3939,1.393,1.39,1.3861,1.3861,1.3891,1.3881,1.3851,1.3822,1.3783,1.3744,1.3705,1.3685,1.3675,1.3666,1.3685,1.3754,1.3891,1.4106,1.4467,1.5044,1.5826,1.6794,1.7918,1.9169,2.0479,2.1779,2.3011,2.4125,2.4966,2.5601,2.6188,2.6686,2.7038,2.7234,2.7331,2.7361,2.7361,2.7331,2.7283,2.7214,2.7116,2.696,2.6764,2.654,2.6305,2.6393,2.6628,2.6559,2.6344,2.607,2.5767,2.5406,2.4976,2.4555,2.4135,2.3656,2.3128,2.2581,2.2014,2.1466,2.0938,2.043,1.9902,1.9374,1.8886,1.8456,1.8035,1.7703,1.7478,1.7234,1.6989,1.6745,1.65,1.6256,1.6031,1.5855,1.5728,1.5621,1.5562,1.5533,1.5455,1.5337,1.5191,1.5083,1.5005,1.4927,1.4848,1.477,1.4663,1.4575,1.4506,1.4467,1.4477,1.4477,1.4516,1.4682,1.5015,1.5533,1.6246,1.7136,1.8201,1.9394,2.0674,2.1828,2.2893,2.4047,2.5142,2.6129,2.697,2.7654,2.8192,2.8563,2.8788,2.8895,2.8915,2.8837,2.8719,2.8573,2.8436,2.8289,2.8094,2.7869,2.7634,2.739,2.7107,2.6755,2.6373,2.5953,2.5543,2.5132,2.4673,2.4194,2.3685,2.3148,2.259,2.2004,2.1398,2.0782,2.0186,1.9599,1.9003,1.8495,1.8035,1.7517,1.697,1.6471,1.6051,1.5679,1.5308,1.4936,1.4585,1.4242,1.391,1.3636,1.3412,1.3177,1.2942,1.2698,1.2414,1.2102,1.1799,1.1486,1.1183,1.0909,1.0626,1.0323,1.0088,0.98827,0.96579,0.94233,0.91593,0.89247,0.87292,0.85924,0.8563,0.86901,0.90029,0.95308,1.0186,1.0987,1.2033,1.3216,1.4448,1.5679,1.6872,1.7986,1.8993,1.9873,2.0596,2.1193,2.1672,2.2014,2.2248,2.2424,2.2512,2.2542,2.2532,2.2483,2.2375,2.2219,2.2063,2.1877,2.1662,2.1447,2.1261,2.1065,2.0821,2.0538,2.0235,1.9892,1.9492,1.9071,1.8651,1.824,1.783,1.741,1.7077,1.6833,1.6588,1.6334,1.6109,1.5914,1.5758,1.566,1.5611,1.5582,1.5572,1.5562,1.5582,1.5611,1.5621,1.565,1.5728,1.5826,1.5894,1.5934,1.5953,1.5934,1.5904,1.5894,1.5885,1.5885,1.5885,1.5885,1.5885,1.5904,1.5914,1.5914,1.5963,1.6022,1.61,1.6178,1.6276,1.6413,1.6628,1.6999,1.7576,1.8358,1.9345,2.0499,2.174,2.3021,2.4282,2.5464,2.6549,2.739,2.8016,2.8573,2.9042,2.9394,2.9638,2.9775,2.9844,2.9863,2.9804,2.9697,2.956,2.9404,2.9208,2.8964,2.8719,2.8475,2.8221,2.7977,2.7713,2.739,2.7019,2.6647,2.6276,2.5865,2.5455,2.5024,2.4497,2.392,2.3343,2.2747,2.2121,2.1496,2.087,2.0254,1.9648,1.9345,1.9208,1.9003,1.8817,1.8553,1.825,1.7937,1.7625,1.737,1.7175,1.7009,1.6862,1.6716,1.6579,1.6471,1.6403,1.6315,1.6227,1.6149,1.6061,1.5943,1.5806,1.5689,1.5611,1.5533,1.5464,1.5415,1.5406,1.5415,1.5425,1.5445,1.5523,1.5689,1.6012,1.653,1.7224,1.8074,1.9071,2.0156,2.1105,2.1945,2.2854,2.3754,2.4555,2.522,2.5777,2.6227,2.6569,2.6833,2.7019,2.7116,2.7146,2.7107,2.7019,2.6891,2.6725,2.6491,2.6276,2.6119,2.5934,2.5689,2.5474,2.5298,2.5073,2.478,2.4409,2.4037,2.3685,2.3421,2.306,2.2502,2.2092,2.1623,2.0978,2.0381,1.9951,1.9609,1.9189,1.8739,1.828,1.7859,1.7498,1.7165,1.6872,1.6608,1.6393,1.6217,1.6061,1.5943,1.5865,1.5777,1.567,1.5552,1.5425,1.5308,1.5249,1.522,1.5191,1.5171,1.5181,1.52,1.523,1.5239,1.523,1.523,1.523,1.523,1.5259,1.5396,1.566,1.608,1.6667,1.741,1.8192,1.9013,1.999,2.1056,2.2111,2.3109,2.4047,2.4868,2.5552,2.609,2.65,2.6764,2.6931,2.6999,2.6999,2.6979,2.694,2.6911,2.6872,2.6823,2.6745,2.6618,2.6461,2.6266,2.6031,2.5806,2.5601,2.5357,2.5103,2.4839,2.4575,2.4272,2.3939,2.3607,2.3255,2.2854,2.2424,2.2023,2.1652,2.1261,2.086,2.0459,2.0078,1.9756,1.9492,1.9257,1.9042,1.8837,1.8631,1.8426,1.828,1.8182,1.8104,1.8025,1.7957,1.7889,1.782,1.7732,1.7644,1.7566,1.7488,1.7419,1.737,1.7341,1.7331,1.7322,1.7322,1.7322,1.7322,1.7331,1.737,1.7439,1.7576,1.781,1.8182,1.8622,1.914,1.9834,2.0674,2.1632,2.2669,2.3705,2.4702,2.5621,2.6432,2.7087,2.7586,2.7879,2.8045,2.8182,2.827,2.8309,2.8299,2.824,2.8162,2.8055,2.7937,2.7791,2.7615,2.7429,2.7234,2.7038,2.6833,2.6618,2.6354,2.607,2.5797,2.5523,2.522,2.4868,2.4487,2.4115,2.3793,2.346,2.306,2.261,2.2111,2.1593,2.1065,2.0547,2.0068,1.9648,1.9257,1.8876,1.8495,1.8172,1.7898,1.7586,1.7283,1.6999,1.6716,1.6442,1.6168,1.5885,1.5591,1.5327,1.5073,1.4878,1.4702,1.4477,1.4262,1.4057,1.3216,1.2053,1.1349,1.088,1.0518,1.0235,1.002,0.9824,0.97067,0.96774,0.97165,0.99022,1.0235,1.0743,1.1457,1.2366,1.3402,1.4526,1.565,1.6716,1.7615,1.8387,1.913,1.9765,2.0264,2.0655,2.0938,2.1114,2.1241,2.131,2.13,2.1261,2.1153,2.0997,2.0821,2.0635,2.044,2.0196,1.9912,1.9609,1.9257,1.8847,1.8416,1.8006,1.7595,1.7253,1.6921,1.653,1.6109,1.566,1.523,1.4839,1.4457,1.4106,1.3763,1.346,1.3226,1.3089,1.304,1.304,1.304,1.304,1.304,1.304,1.304,1.3079,1.3138,1.3206,1.3284,1.3363,1.346,1.3548,1.3617,1.3666,1.3715,1.3734,1.3763,1.3842,1.3959,1.4096,1.4252,1.4409,1.4565,1.4721,1.4888,1.5044,1.521,1.5386,1.566,1.608,1.6657,1.738,1.8289,1.9345,2.1065,2.2111,2.3167,2.478,2.5758,2.6618,2.7283,2.7761,2.8104,2.8309,2.8416,2.8465,2.8495,2.8446,2.8338,2.8221,2.8104,2.8006,2.7898,2.7742,2.7546,2.7322,2.7087,2.6852,2.6618,2.6373,2.6109,2.5816,2.5494,2.5112,2.4673,2.4194,2.3675,2.3128,2.2571,2.2014,2.1427,2.089,2.042,1.9932,1.9423,1.8925,1.8456,1.8025,1.7625,1.7263,1.6921,1.6608,1.6334,1.607,1.5885,1.5748,1.5621,1.5513,1.5425,1.5318,1.52,1.5103,1.5034,1.5005,1.4985,1.4976,1.4995,1.5024,1.5034,1.5034,1.4995,1.4985,1.4976,1.4995,1.5064,1.522,1.5474,1.5846,1.6276,1.6833,1.7634,1.8641,1.9804,2.1075,2.2375,2.3646,2.4829,2.5865,2.6745,2.7429,2.7849,2.8104,2.827,2.8338,2.8309,2.8211,2.8065,2.7869,2.7644,2.741,2.7155,2.6891,2.6637,2.6383,2.61,2.5797,2.5503,2.5191,2.4839,2.4418,2.393,2.3382,2.2825,2.2258,2.1652,2.1085,2.0567,1.998,1.9365,1.8759,1.8172,1.7576,1.6979,1.6393,1.5846,1.5327,1.4819,1.435,1.3969,1.3656,1.3363,1.3089,1.2835,1.259,1.2366,1.217,1.1975,1.1799,1.1642,1.1486,1.1388,1.1339,1.1232,1.1085,1.0909,1.0714,1.0538,1.0391,1.0254,1.0147,1.0098,1.0068,1.0059,1.0088,1.0166,1.0264,1.0411,1.0674,1.1085,1.1691,1.2522,1.3539,1.4712,1.5992,1.7527,1.8983,2.0088,2.1085,2.1975,2.2757,2.3412,2.3939,2.435,2.4653,2.4848,2.4946,2.4956,2.4917,2.4858,2.4761,2.4633,2.4497,2.435,2.4203,2.4018,2.3793,2.3558,2.3275,2.2923,2.2502,2.2092,2.172,2.1329,2.0909,2.0479,2.0039,1.9609,1.9218,1.8817,1.8407,1.8016,1.7654,1.7341,1.7107,1.696,1.6862,1.6813,1.6794,1.6804,1.6843,1.6882,1.6901,1.6931,1.6979,1.7038,1.7107,1.7175,1.7253,1.7312,1.7341,1.737,1.7419,1.7488,1.7517,1.7537,1.7586,1.7644,1.7713,1.7781,1.781,1.783,1.7879,1.7937,1.8006,1.8094,1.825,1.8534,1.8974,1.956,2.0323,2.1095,2.1906,2.2913,2.3988,2.5054,2.6051,2.696,2.7713,2.8289,2.8729,2.9042,2.9257,2.9345,2.9335,2.9267,2.9159,2.9032,2.8895,2.8719,2.8495,2.827,2.8045,2.782,2.7595,2.7361,2.7087,2.6784,2.6471,2.6149,2.5777,2.5367,2.4936,2.4457,2.3939,2.3421,2.2903,2.2385,2.1935,2.1544,2.1085,2.0557,2,1.9482,1.9022,1.8583,1.8182,1.781,1.7498,1.7224,1.6999,1.6843,1.6725,1.6598,1.65,1.6432,1.6373,1.6344,1.6334,1.6325,1.6325,1.6325,1.6305,1.6295,1.6305,1.6315,1.6295,1.6276,1.6266,1.6237,1.6207,1.6188,1.6178,1.6178,1.6178,1.6197,1.6256,1.6383,1.6579,1.6891,1.739,1.8045,1.8876,1.9853,2.0919,2.2023,2.3118,2.4184,2.5054,2.5748,2.6432,2.7038,2.7546,2.7928,2.8172,2.8319,2.8387,2.8407,2.8377,2.8328,2.824,2.8104,2.7928,2.7732,2.7517,2.7283,2.6999,2.6667,2.6334,2.6022,2.5699,2.5327,2.4917,2.4506,2.4096,2.3646,2.3167,2.2669,2.2151,2.1652,2.1163,2.0655,2.0137,1.9658,1.9238,1.8847,1.8514,1.8221,1.7889,1.7556,1.7253,1.7009,1.6813,1.6637,1.6481,1.6364,1.6285,1.6227,1.6217,1.6237,1.6246,1.6246,1.6246,1.6246,1.6246,1.6246,1.6246,1.6246,1.6246,1.6246,1.6266,1.6295,1.6305,1.6334,1.6383,1.6461,1.6579,1.6745,1.7058,1.7546,1.8201,1.9022,1.9863,2.0753,2.1828,2.2981,2.4115,2.5171,2.6109,2.6911,2.7576,2.8094,2.8465,2.869,2.8798,2.8817,2.8749,2.8641,2.8514,2.8358,2.7849,2.7155,2.6667,2.6276,2.5934,2.5611,2.5308,2.4985,2.4624,2.4242,2.3861,2.347,2.3079,2.2639,2.2131,2.1603,2.1095,2.0596,2.0108,1.9589,1.9091,1.8622,1.8113,1.7615,1.7175,1.6755,1.6305,1.5836,1.5425,1.5024,1.4633,1.4291,1.4018,1.3812,1.3636,1.35,1.3382,1.3226,1.3001,1.2737,1.2463,1.2248,1.2092,1.1916,1.173,1.1593,1.1476,1.132,1.1144,1.0958,1.0762,1.0547,1.0313,1.0098,0.98925,0.97165,0.9609,0.95992,0.97165,0.99707,1.044,1.1163,1.2111,1.3245,1.4545,1.5953,1.7341,1.8671,1.9922,2.0919,2.1711,2.2424,2.2972,2.3372,2.3617,2.3715,2.3695,2.3587,2.3412,2.3148,2.2825,2.2414,2.1965,2.1525,2.1007,2.0411,1.9765,1.9101,1.8475,1.7898,1.7312,1.6725,1.6139,1.5533,1.4985,1.4467,1.3861,1.3216,1.263,1.2141,1.1701,1.1281,1.088,1.0528,1.0254,1.002,0.98534,0.97947,0.97947,0.98436,0.99609,1.0117,1.0323,1.0547,1.0753,1.0978,1.1241,1.1496,1.172,1.1926,1.2131,1.2307,1.2444,1.2561,1.2669,1.2766,1.2913,1.3011,1.3099,1.3196,1.3226,1.3245,1.3275,1.3294,1.3324,1.3392,1.35,1.3695,1.4086,1.4702,1.5523,1.6569,1.7801,1.8974,2.0147,2.1496,2.2854,2.4125,2.5249,2.6178,2.6882,2.738,2.7703,2.7889,2.7986,2.7986,2.7859,2.7674,2.7488,2.7322,2.7185,2.7048,2.6882,2.6676,2.6422,2.6149,2.5846,2.5474,2.5064,2.4663,2.4242,2.3763,2.3226,2.2669,2.2092,2.1515,2.0909,2.0264,1.9599,1.8944,1.8328,1.7771,1.7204,1.653,1.5826,1.5152,1.4545,1.3998,1.348,1.3001,1.259,1.2219,1.1887,1.1672,1.1515,1.1339,1.1153,1.0987,1.085,1.0733,1.0606,1.044,1.0264,1.0078,0.98827,0.96872,0.95406,0.94233,0.93157,0.92571,0.92278,0.9218,0.91593,0.90616,0.90127,0.90127,0.90127,0.90323,0.91202,0.9306,0.96676,1.0244,1.1046,1.2082,1.3333,1.479,1.6373,1.7996,1.9589,2.1065,2.2395,2.3402,2.4154,2.4848,2.5435,2.5875,2.6168,2.6344,2.6403,2.6413,2.6393,2.6334,2.6256,2.6139,2.5963,2.5728,2.5464,2.5161,2.479,2.4399,2.4037,2.3656,2.3275,2.2884,2.2444,2.2258,2.2268,2.2053,2.1632,2.1114,2.0538,1.9912,1.9286,1.869,1.8094,1.7556,1.7067,1.6598,1.6207,1.5904,1.5611,1.5337,1.5064,1.479,1.4565,1.4409,1.4282,1.4203,1.4164,1.4145,1.4135,1.4125,1.4096,1.4037,1.3949,1.3861,1.3793,1.3705,1.3646,1.3587,1.3539,1.3519,1.3509,1.3519,1.3548,1.3568,1.3578,1.3578,1.3627,1.3744,1.3891,1.4076,1.437,1.4848,1.5552,1.6325,1.7224,1.8416,1.9765,2.1183,2.2581,2.3891,2.5054,2.6061,2.6872,2.7507,2.7957,2.825,2.8377,2.8397,2.8407,2.8368,2.825,2.8084,2.7869,2.7576,2.7214,2.6784,2.6295,2.5787,2.5308,2.4848,2.435,2.3812,2.3226,2.262,2.1965,2.1232,2.0489,1.9756,1.8983,1.8152,1.7322,1.6618,1.5973,1.5288,1.4663,1.4076,1.3519,1.2991,1.2532,1.2121,1.176,1.1447,1.1193,1.1065,1.1026,1.1007,1.1017,1.1046,1.1036,1.1017,1.1007,1.0978,1.0938,1.0919,1.089,1.0831,1.0802,1.0782,1.0733,1.0665,1.0577,1.0489,1.0401,1.0362,1.0342,1.0332,1.0371,1.0459,1.0616,1.087,1.1271,1.1867,1.2698,1.3744,1.4956,1.6295,1.7722,1.915,2.0518,2.1779,2.2903,2.3783,2.4467,2.5073,2.5552,2.5885,2.607,2.6139,2.6129,2.608,2.5992,2.5836,2.5621,2.5406,2.521,2.4995,2.4731,2.4448,2.4145,2.3842,2.3529,2.3196,2.2835,2.2424,2.1994,2.1564,2.1144,2.0684,2.0166,1.9638,1.915,1.868,1.8231,1.782,1.7439,1.7097,1.6794,1.651,1.6276,1.607,1.5836,1.5601,1.5415,1.5259,1.5112,1.4995,1.4888,1.4819,1.478,1.4761,1.4731,1.4692,1.4653,1.4585,1.4506,1.4428,1.434,1.4252,1.4184,1.4154,1.4135,1.4125,1.4125,1.4125,1.4145,1.4194,1.4272,1.435,1.4477,1.4721,1.5132,1.5767,1.6618,1.7664,1.8876,2.0225,2.1437,2.2512,2.3646,2.4751,2.5758,2.6618,2.7312,2.784,2.8211,2.8465,2.8612,2.8661,2.8602,2.8465,2.8299,2.8152,2.8016,2.783,2.7605,2.7361,2.7107,2.6794,2.6413,2.5982,2.5494,2.5024,2.4575,2.4076,2.3558,2.303,2.2483,2.1896,2.1241,2.0538,1.9824,1.9159,1.8514,1.7918,1.738,1.6843,1.6325,1.5826,1.5357,1.5103,1.5034,1.4917,1.478,1.4624,1.4457,1.436,1.433,1.4321,1.4311,1.4311,1.4311,1.4311,1.4282,1.4252,1.4233,1.4223,1.4223,1.4223,1.4242,1.4272,1.4291,1.4301,1.4301,1.4301,1.434,1.4448,1.4604,1.4829,1.52,1.5806,1.651,1.7302,1.8338,1.955,2.085,2.2141,2.3353,2.4448,2.5396,2.6207,2.6872,2.737,2.7722,2.7928,2.8006,2.8045,2.8065,2.8055,2.8006,2.7918,2.7771,2.7566,2.7341,2.7097,2.6852,2.6579,2.6276,2.5934,2.5572,2.522,2.4878,2.4497,2.4047,2.3548,2.3001,2.2434,2.1848,2.1261,2.0762,2.0323,1.9844,1.9355,1.8856,1.8348,1.7869,1.7419,1.6979,1.6588,1.6266,1.5982,1.5758,1.5582,1.5425,1.5308,1.523,1.5191,1.5191,1.521,1.52,1.5152,1.5083,1.5005,1.4927,1.4868,1.4819,1.477,1.4751,1.4741,1.477,1.4848,1.4976,1.5171,1.5396,1.565,1.5992,1.6373,1.6794,1.738,1.8182,1.915,2.0254,2.1417,2.259,2.3734,2.477,2.5689,2.6481,2.7136,2.7566,2.7801,2.7947,2.8016,2.8025,2.8016,2.7986,2.7928,2.7859,2.7781,2.7703,2.7595,2.7439,2.7234,2.6999,2.6755,2.651,2.6256,2.6012,2.5758,2.5503,2.523,2.4917,2.4575,2.4174,2.3763,2.3363,2.2933,2.2463,2.1994,2.1544,2.1065,2.0596,2.0196,1.9824,1.9472,1.915,1.8895,1.871,1.8534,1.8358,1.8182,1.8016,1.784,1.7693,1.7586,1.7507,1.7468,1.7429,1.737,1.7322,1.7273,1.7165,1.7019,1.6911,1.6813,1.6764,1.6784,1.6833,1.6901,1.6979,1.7058,1.7155,1.7292,1.7458,1.7732,1.8192,1.8847,1.9658,2.0587,2.1603,2.2639,2.3666,2.4643,2.5513,2.6158,2.6657,2.7136,2.7527,2.7801,2.7986,2.8074,2.8123,2.8143,2.8152,2.8143,2.8094,2.7986,2.7801,2.7586,2.7302,2.6931,2.6471,2.5963,2.5435,2.4858,2.4184,2.3451,2.2678,2.1848,2.1095,2.0381,1.9541,1.8631,1.7713,1.6784,1.5885,1.5005,1.4184,1.3421,1.2698,1.2043,1.1525,1.1114,1.0694,1.0274,0.9912,0.96481,0.9433,0.9218,0.90127,0.88172,0.86217,0.84164,0.82893,0.81818,0.80254,0.78397,0.76442,0.74585,0.72825,0.71261,0.70088,0.68915,0.67644,0.66569,0.65591,0.77322,0.95406,1.045,1.0958,1.129,1.1632,1.2072,1.2669,1.346,1.4418,1.5494,1.6628,1.7634,1.8553,1.9501,2.042,2.1232,2.1926,2.2512,2.2991,2.3372,2.3646,2.3832,2.3949,2.3988,2.3969,2.393,2.3871,2.3812,2.3734,2.3607,2.3441,2.3255,2.306,2.2845,2.26,2.2346,2.2111,2.1896,2.1652,2.1388,2.1124,2.085,2.0577,2.0313,2.0049,1.9775,1.9501,1.9247,1.9013,1.8827,1.8671,1.8504,1.8368,1.827,1.8182,1.8143,1.8123,1.8113,1.8143,1.8152,1.8123,1.8113,1.8104,1.8084,1.8074,1.8084,1.8123,1.8182,1.824,1.8309,1.8377,1.8446,1.8514,1.8583,1.8651,1.8719,1.8788,1.8856,1.8925,1.9013,1.9159,1.9404,1.9756,2.0254,2.0929,2.176,2.2551,2.3324,2.4203,2.5122,2.6022,2.6843,2.7566,2.8162,2.8612,2.8925,2.912,2.9198,2.9189,2.9091,2.8964,2.8827,2.871,2.8602,2.8475,2.8328,2.8152,2.7947,2.7693,2.739,2.7067,2.6774,2.651,2.6207,2.5846,2.5425,2.4966,2.4457,2.39,2.3314,2.2737,2.217,2.1613,2.1065,2.0606,2.0196,1.9726,1.9218,1.871,1.825,1.782,1.74,1.6989,1.6588,1.6256,1.5973,1.5758,1.5601,1.5425,1.523,1.5034,1.4868,1.4751,1.4653,1.4536,1.4409,1.4311,1.4233,1.4154,1.4115,1.4096,1.4057,1.3998,1.3959,1.3939,1.3939,1.3978,1.4047,1.4184,1.4428,1.4819,1.5288,1.5846,1.6618,1.7566,1.8602,1.9658,2.0704,2.1681,2.2581,2.3372,2.4037,2.4575,2.4995,2.5288,2.5494,2.564,2.5738,2.5787,2.5777,2.5699,2.5591,2.5474,2.5347,2.522,2.5054,2.4848,2.4643,2.4438,2.4194,2.39,2.3568,2.3187,2.2776,2.2366,2.1916,2.1417,2.0919,2.043,2.002,1.9638,1.9208,1.8759,1.8299,1.7849,1.7419,1.7009,1.6637,1.6295,1.6002,1.5738,1.5543,1.5376,1.5171,1.4985,1.4839,1.4731,1.4682,1.4673,1.4653,1.4604,1.4585,1.4575,1.4565,1.4594,1.4633,1.4653,1.4673,1.4702,1.4731,1.478,1.4839,1.4907,1.4995,1.5132,1.5376,1.5679,1.609,1.6686,1.7449,1.8338,1.9326,2.0381,2.1457,2.2502,2.349,2.435,2.5093,2.563,2.6022,2.6373,2.6647,2.6833,2.696,2.7048,2.695,2.6745,2.6608,2.651,2.6413,2.6276,2.6129,2.5982,2.5846,2.5679,2.5464,2.522,2.4966,2.4692,2.4389,2.4076,2.3754,2.3402,2.306,2.2708,2.2317,2.1926,2.1525,2.1114,2.0674,2.0244,1.9844,1.9482,1.913,1.8798,1.8465,1.8182,1.7957,1.7742,1.7537,1.7351,1.7185,1.7058,1.6979,1.694,1.6921,1.6911,1.6901,1.6901,1.6901,1.6882,1.6852,1.6843,1.6833,1.6833,1.6833,1.6833,1.6833,1.6843,1.6901,1.6999,1.7126,1.7331,1.7644,1.8133,1.8788,1.958,2.0489,2.1476,2.2483,2.346,2.4389,2.522,2.5846,2.6325,2.6764,2.7116,2.737,2.7546,2.7634,2.7654,2.7625,2.7576,2.7488,2.7341,2.7175,2.6989,2.6794,2.6579,2.6344,2.609,2.5836,2.5572,2.5279,2.4927,2.4555,2.4154,2.3724,2.3324,2.2903,2.2414,2.1877,2.1271,2.0655,2.0049,1.9453,1.8866,1.8309,1.7771,1.7234,1.6696,1.6266,1.5904,1.5484,1.5044,1.4604,1.4223,1.39,1.3607,1.3324,1.305,1.2786,1.2512,1.2317,1.217,1.1975,1.176,1.1554,1.1359,1.1144,1.089,1.0626,1.0362,1.0098,0.98827,0.97067,0.96188,0.9609,0.96383,0.97849,1.0127,1.0655,1.1369,1.2258,1.3265,1.4321,1.5337,1.6315,1.7136,1.7791,1.8387,1.8886,1.9267,1.9521,1.9687,1.9765,1.9775,1.9746,1.9697,1.9638,1.956,1.9472,1.9365,1.9208,1.9032,1.8876,1.8729,1.8563,1.8377,1.8162,1.7928,1.7674,1.7419,1.7204,1.7019,1.6794,1.653,1.6237,1.5953,1.5709,1.5494,1.5298,1.5152,1.5044,1.4956,1.4917,1.4897,1.4868,1.4868,1.4897,1.4946,1.5005,1.5073,1.5171,1.5318,1.5494,1.565,1.5758,1.5846,1.5924,1.6012,1.6119,1.6246,1.6373,1.65,1.6628,1.6774,1.6931,1.7077,1.7214,1.7351,1.7488,1.7625,1.7742,1.7869,1.8065,1.8358,1.8788,1.9365,2.0078,2.0919,2.1867,2.2874,2.3724,2.4467,2.522,2.5894,2.6481,2.6979,2.737,2.7683,2.7908,2.8035,2.8104,2.8133,2.8113,2.8055,2.7996,2.7898,2.7752,2.7576,2.739,2.7195,2.6999,2.6784,2.653,2.6256,2.5982,2.5709,2.5425,2.5122,2.478,2.4428,2.4096,2.3724,2.3304,2.2845,2.2366,2.1896,2.1417,2.0997,2.0899,2.0929,2.0792,2.0577,2.0313,2.002,1.9717,1.9443,1.9228,1.9062,1.8915,1.8798,1.8719,1.8651,1.8553,1.8446,1.8328,1.824,1.8162,1.8074,1.8006,1.7918,1.783,1.7752,1.7703,1.7644,1.7556,1.7449,1.7351,1.7283,1.7263,1.7331,1.7537,1.7908,1.8436,1.9101,1.9863,2.0587,2.132,2.217,2.306,2.392,2.4721,2.5464,2.61,2.6608,2.6999,2.7292,2.7478,2.7576,2.7605,2.7605,2.7576,2.7517,2.741,2.7263,2.7097,2.6931,2.6774,2.6598,2.6403,2.6188,2.5963,2.5718,2.5406,2.5083,2.4751,2.4399,2.4037,2.3646,2.3255,2.2874,2.2463,2.2004,2.1593,2.1222,2.0831,2.045,2.0078,1.9717,1.9394,1.911,1.8856,1.8661,1.8495,1.8348,1.8211,1.8133,1.8074,1.8016,1.7957,1.7879,1.781,1.7732,1.7664,1.7595,1.7498,1.739,1.7292,1.7243,1.7214,1.7165,1.7146,1.7136,1.7126,1.7146,1.7155,1.7185,1.7292,1.7517,1.7898,1.8426,1.8983,1.9609,2.0401,2.129,2.2209,2.3138,2.4037,2.4858,2.5582,2.6188,2.6686,2.7058,2.7292,2.7419,2.7517,2.7566,2.7556,2.7517,2.7468,2.7419,2.7331,2.7195,2.7028,2.6833,2.6618,2.6403,2.6197,2.5982,2.5758,2.5523,2.5259,2.4976,2.4682,2.434,2.3959,2.3548,2.3138,2.2796,2.2483,2.2141,2.1789,2.1437,2.1114,2.0792,2.0479,2.0166,1.9883,1.9648,1.9443,1.9277,1.9159,1.9091,1.9052,1.9022,1.8993,1.8974,1.8964,1.8964,1.8964,1.8964,1.8964,1.8944,1.8935,1.8944,1.8954,1.8954,1.8954,1.8954,1.8954,1.8954,1.8974,1.9013,1.9081,1.9208,1.9394,1.9687,2.0147,2.0743,2.1476,2.2307,2.3216,2.4154,2.5054,2.5924,2.6735,2.7439,2.7986,2.8338,2.8563,2.8739,2.8847,2.8876,2.8847,2.8788,2.8729,2.8671,2.8592,2.8475,2.8319,2.8152,2.7977,2.7791,2.7605,2.7419,2.7204,2.696,2.6706,2.6461,2.6197,2.5894,2.5562,2.522,2.4907,2.4585,2.4203,2.3822,2.348,2.3167,2.2884,2.262,2.2366,2.2111,2.1867,2.1632,2.1437,2.1281,2.1153,2.1065,2.0987,2.0919,2.085,2.0753,2.0645,2.0547,2.045,2.0371,2.0303,2.0254,2.0215,2.0156,2.0098,2.0039,1.999,1.9951,1.8798,1.7067,1.6158,1.5699,1.5523,1.5474,1.5572,1.5846,1.6325,1.7019,1.7937,1.9042,2.0283,2.1632,2.3021,2.436,2.5601,2.6725,2.7537,2.8104,2.8592,2.8954,2.9198,2.9345,2.9423,2.9413,2.9316,2.9179,2.9013,2.8817,2.8583,2.8328,2.8045,2.7713,2.7341,2.6931,2.6471,2.5973,2.5445,2.4907,2.436,2.3812,2.3236,2.2698,2.218,2.1593,2.0987,2.0332,1.9687,1.9091,1.8465,1.7859,1.7283,1.6676,1.6051,1.5513,1.5015,1.4516,1.4076,1.3675,1.3294,1.2923,1.2551,1.218,1.1838,1.1476,1.1065,1.0684,1.0401,1.0117,0.97458,0.93744,0.90323,0.86804,0.83187,0.7957,0.75855,0.72239,0.68524,0.64907,0.6217,0.60117,0.58162,0.56696,0.56012,0.56598,0.58944,0.63539,0.70674,0.79961,0.90518,1.0176,1.131,1.2317,1.3206,1.4086,1.4897,1.5572,1.61,1.6471,1.6725,1.6852,1.6872,1.6843,1.6755,1.6647,1.65,1.6285,1.6041,1.5787,1.5494,1.5161,1.479,1.4399,1.4018,1.3627,1.3177,1.2766,1.2375,1.1955,1.1564,1.1202,1.089,1.0596,1.0313,1.0078,0.9912,0.97849,0.96774,0.95699,0.9521,0.9521,0.95406,0.95992,0.97165,0.99413,1.0254,1.0645,1.1046,1.1427,1.1799,1.2121,1.2405,1.2678,1.2952,1.3226,1.348,1.3695,1.39,1.4066,1.4194,1.4282,1.4301,1.4291,1.4262,1.4233,1.4213,1.4203,1.4223,1.4272,1.435,1.4497,1.4829,1.5386,1.6158,1.7165,1.8377,1.9531,2.0684,2.2023,2.3402,2.4731,2.5943,2.6989,2.783,2.8485,2.8974,2.9326,2.957,2.9717,2.9746,2.9687,2.9589,2.9453,2.9296,2.912,2.8944,2.8739,2.8504,2.825,2.7957,2.7605,2.7224,2.6823,2.6393,2.5973,2.5552,2.5112,2.4673,2.4194,2.3685,2.3177,2.2688,2.2199,2.1652,2.1124,2.0635,2.0117,1.958,1.9032,1.8485,1.7937,1.7419,1.6931,1.6481,1.607,1.5679,1.5367,1.5122,1.4868,1.4604,1.435,1.4135,1.393,1.3744,1.3529,1.3284,1.305,1.2845,1.2649,1.2502,1.2385,1.2229,1.2063,1.1887,1.1711,1.1554,1.1457,1.1427,1.1525,1.1828,1.2366,1.303,1.3822,1.4858,1.608,1.7429,1.8807,2.0186,2.1496,2.2678,2.3724,2.4614,2.5337,2.5904,2.6285,2.6471,2.6598,2.6706,2.6764,2.6755,2.6706,2.6598,2.6442,2.6266,2.608,2.5904,2.5748,2.5611,2.5435,2.522,2.4976,2.4721,2.4467,2.4203,2.3939,2.3666,2.3363,2.303,2.2649,2.2278,2.1926,2.1554,2.1153,2.0743,2.0323,1.9912,1.955,1.9208,1.8866,1.8534,1.8201,1.7918,1.7674,1.7458,1.7283,1.7136,1.6989,1.6872,1.6794,1.6725,1.6637,1.6559,1.6491,1.6422,1.6373,1.6315,1.6217,1.61,1.5982,1.5855,1.5758,1.5689,1.564,1.5621,1.5621,1.5679,1.5787,1.5992,1.6334,1.6843,1.7507,1.8309,1.9218,2.0205,2.1202,2.218,2.3099,2.392,2.4643,2.5181,2.5572,2.5914,2.6197,2.6403,2.654,2.6628,2.6657,2.6637,2.6598,2.654,2.6452,2.6305,2.6129,2.5943,2.5758,2.5582,2.5386,2.5181,2.4956,2.4712,2.4457,2.4184,2.3891,2.3607,2.3333,2.303,2.2717,2.2366,2.1975,2.1584,2.1183,2.0792,2.0391,2.002,1.9687,1.9374,1.911,1.8915,1.8719,1.8524,1.8328,1.8152,1.8006,1.7889,1.7761,1.7654,1.7566,1.7507,1.7488,1.7498,1.7507,1.7507,1.7507,1.7488,1.7468,1.7419,1.7361,1.7322,1.7283,1.7263,1.7253,1.7283,1.7361,1.7488,1.7693,1.8025,1.8524,1.9198,2.0029,2.0987,2.2023,2.3089,2.4115,2.4936,2.5611,2.6295,2.6901,2.739,2.7761,2.8025,2.8192,2.828,2.8289,2.8231,2.8133,2.8016,2.7879,2.7713,2.7527,2.7331,2.7136,2.694,2.6745,2.6549,2.6354,2.6139,2.5914,2.5689,2.5464,2.523,2.4985,2.4702,2.436,2.4008,2.3646,2.3284,2.2942,2.261,2.2278,2.1965,2.1672,2.1408,2.1144,2.087,2.0596,2.0352,2.0127,1.9912,1.9707,1.9511,1.9316,1.9101,1.8876,1.87,1.8553,1.8377,1.8192,1.7996,1.7801,1.7625,1.7478,1.739,1.7351,1.7331,1.7322,1.7331,1.737,1.7419,1.7478,1.7537,1.7654,1.7879,1.824,1.8739,1.9404,2.0225,2.1183,2.2209,2.3099,2.392,2.4809,2.565,2.6393,2.7019,2.7488,2.784,2.8104,2.8299,2.8426,2.8495,2.8524,2.8504,2.8436,2.8328,2.8201,2.8016,2.781,2.7605,2.7439,2.7292,2.7116,2.6931,2.6725,2.6491,2.6227,2.5924,2.5591,2.523,2.4858,2.4467,2.4076,2.3236,2.2111,2.1232,2.0479,1.9814,1.9286,1.8817,1.8319,1.7781,1.7243,1.6735,1.6237,1.5767,1.5308,1.4878,1.4506,1.4164,1.3881,1.3636,1.3333,1.3001,1.2639,1.2239,1.1808,1.1378,1.0938,1.0538,1.0156,0.97947,0.94819,0.92278,0.90127,0.87586,0.84946,0.82502,0.80156,0.78299,0.77419,0.78299,0.81134,0.86119,0.93744,1.0205,1.1065,1.2092,1.3157,1.4154,1.5054,1.5816,1.6422,1.6872,1.7214,1.7478,1.7654,1.7742,1.7781,1.7761,1.7654,1.7517,1.7312,1.7038,1.6745,1.6461,1.6188,1.5924,1.5611,1.523,1.4888,1.4555,1.4145,1.3675,1.3177,1.2659,1.2131,1.1623,1.1124,1.0635,1.0166,0.97067,0.93451,0.90518,0.87488,0.84848,0.82698,0.81134,0.80352,0.80156,0.80743,0.8172,0.82698,0.83578,0.84457,0.8563,0.86804,0.87879,0.88856,0.89736,0.90714,0.91593,0.92473,0.93353,0.94233,0.94917,0.95503,0.96188,0.96774,0.97263,0.97947,0.98729,0.99609,1.0068,1.0235,1.0479,1.0802,1.1222,1.1838,1.2678,1.3568,1.4545,1.5738,1.7087,1.8524,1.9932,2.1251,2.2454,2.35,2.437,2.5073,2.563,2.5992,2.6217,2.6393,2.6481,2.6481,2.6442,2.6373,2.6295,2.6197,2.6031,2.5816,2.5572,2.5318,2.5083,2.4829,2.4526,2.4194,2.3851,2.348,2.305,2.259,2.2141,2.1691,2.1241,2.0802,2.0381,1.9971,1.9521,1.9071,1.8622,1.8152,1.7674,1.7195,1.6735,1.6285,1.5855,1.5484,1.5171,1.4917,1.4702,1.4467,1.4213,1.3978,1.3773,1.3578,1.3392,1.3216,1.303,1.2874,1.2727,1.261,1.2551,1.2483,1.2375,1.2278,1.216,1.2033,1.1926,1.1808,1.1711,1.1662,1.1652,1.1789,1.2053,1.2473,1.3128,1.4008,1.5112,1.6403,1.7801,1.9257,2.0674,2.1984,2.3167,2.4203,2.4966,2.5552,2.6109,2.6588,2.6979,2.7263,2.7429,2.7517,2.7556,2.7556,2.7507,2.74,2.7214,2.6989,2.6735,2.6481,2.6217,2.5934,2.5591,2.522,2.4858,2.4477,2.4037,2.3548,2.304,2.2561,2.2082,2.1535,2.0948,2.0342,1.9726,1.9081,1.8407,1.7713,1.7077,1.652,1.6002,1.5513,1.5112,1.4761,1.4389,1.4018,1.3705,1.346,1.3245,1.305,1.2864,1.2678,1.2502,1.2326,1.217,1.1994,1.259,1.3558,1.3949,1.4086,1.4076,1.4008,1.3939,1.3861,1.3783,1.3705,1.3646,1.3656,1.3744,1.39,1.4154,1.4555,1.5142,1.5924,1.6882,1.7957,1.912,2.0303,2.1476,2.2473,2.3324,2.4174,2.4946,2.563,2.6207,2.6667,2.7038,2.7322,2.7517,2.7634,2.7674,2.7634,2.7556,2.7458,2.7312,2.7126,2.6911,2.6686,2.6481,2.6276,2.6041,2.5767,2.5474,2.5132,2.477,2.4409,2.4037,2.3636,2.3187,2.2688,2.218,2.1691,2.1222,2.0753,2.0264,1.9765,1.9345,1.8983,1.8563,1.8123,1.7703,1.7302,1.6931,1.6628,1.6393,1.6197,1.6022,1.5855,1.5718,1.563,1.5562,1.5494,1.5435,1.5367,1.5259,1.5122,1.4976,1.4829,1.4702,1.4594,1.4487,1.4409,1.437,1.433,1.4311,1.4301,1.4321,1.4389,1.4555,1.4868,1.5376,1.61,1.7028,1.8133,1.9189,2.0215,2.1398,2.261,2.3783,2.4848,2.5758,2.6481,2.7058,2.7498,2.782,2.8035,2.8143,2.8201,2.8231,2.8201,2.8152,2.8084,2.7977,2.781,2.7605,2.739,2.7165,2.6931,2.6696,2.6461,2.6207,2.5924,2.563,2.5308,2.4936,2.4536,2.4135,2.3744,2.3353,2.2942,2.2502,2.2092,2.1711,2.1329,2.0919,2.0518,2.0166,1.9834,1.9531,1.9286,1.911,1.8944,1.8778,1.8661,1.8583,1.8524,1.8456,1.8377,1.8299,1.8221,1.8143,1.8065,1.7986,1.7928,1.7879,1.782,1.7771,1.7722,1.7664,1.7595,1.7517,1.7458,1.7449,1.7488,1.7546,1.7674,1.7928,1.8328,1.8895,1.9511,2.0225,2.1163,2.2239,2.3402,2.4585,2.5718,2.6774,2.7713,2.8495,2.912,2.9599,2.9902,3.0049,3.0147,3.0196,3.0215,3.0205,3.0147,3.0039,2.9892,2.9677,2.9413,2.915,2.8895,2.8651,2.8416,2.8182,2.7947,2.7713,2.7478,2.7204,2.6872,2.653,2.6188,2.5797,2.5376,2.4966,2.4565,2.4154,2.3754,2.3363,2.2972,2.2581,2.219,2.1818,2.1476,2.1153,2.0831,2.0499,2.0196,1.9922,1.9629,1.9355,1.9101,1.8856,1.8622,1.8387,1.8152,1.7879,1.7546,1.7204,1.694,1.6706,1.6471,1.6237,1.6002,1.5806,1.5611,1.5376,1.5103,1.4819,1.4555,1.437,1.4233,1.4184,1.4242,1.4409,1.4741,1.5279,1.5992,1.6833,1.7781,1.8299,1.8622,1.9296,2.0078,2.0772,2.1369,2.1955,2.2454,2.2845,2.3118,2.3284,2.3343,2.3314,2.3216,2.304,2.2786,2.2522,2.2229,2.1877,2.1496,2.1056,2.0547,2.0029,1.9501,1.8935,1.8368,1.782,1.7263,1.6676,1.6139,1.5601,1.4985,1.435,1.3705,1.3069,1.2463,1.1916,1.1447,1.1007,1.0577,1.0156,0.98436,0.96481,0.94721,0.92962,0.913,0.90029,0.89443,0.8915,0.88563,0.87683,0.86608,0.85239,0.83773,0.82796,0.82111,0.80938,0.7957,0.78006,0.76442,0.74878,0.73705,0.7263,0.7175,0.71261,0.71065,0.71359,0.71945,0.72239,0.72727,0.74194,0.77224,0.82014,0.88661,0.97556,1.085,1.2111,1.348,1.4907,1.6149,1.7253,1.8426,1.9541,2.0547,2.1417,2.2141,2.2708,2.3138,2.3451,2.3656,2.3754,2.3783,2.3754,2.3675,2.3558,2.3421,2.3245,2.3011,2.2757,2.2502,2.2258,2.2014,2.176,2.1515,2.1271,2.0987,2.0635,2.0254,1.9863,1.9462,1.9062,1.8631,1.8192,1.7771,1.7351,1.696,1.6647,1.6364,1.6061,1.5767,1.5494,1.5239,1.4985,1.4761,1.4565,1.4399,1.4262,1.4125,1.4018,1.3949,1.3871,1.3793,1.3734,1.3685,1.3656,1.3617,1.3578,1.3519,1.3451,1.3392,1.3324,1.3294,1.3294,1.3294,1.3294,1.3294,1.3314,1.3392,1.3509,1.3646,1.3861,1.4194,1.4692,1.5386,1.6119,1.696,1.8055,1.9335,2.0714,2.2082,2.3372,2.4555,2.5572,2.6413,2.7077,2.7595,2.7908,2.8084,2.824,2.8338,2.8368,2.8319,2.8211,2.8074,2.7928,2.7732,2.7488,2.7243,2.6999,2.6755,2.6491,2.6178,2.5816,2.5425,2.5044,2.4673,2.4262,2.3812,2.3294,2.2737,2.217,2.1642,2.1105,2.0508,1.9902,1.9316,1.8739,1.8162,1.7595,1.7019,1.6491,1.6022,1.5582,1.5161,1.4829,1.4555,1.4272,1.4027,1.3822,1.3646,1.347,1.3324,1.3187,1.304,1.2884,1.2727,1.261,1.2502,1.2366,1.2219,1.2082,1.1975,1.1906,1.1887,1.1896,1.1926,1.1955,1.1975,1.1984,1.2023,1.2151,1.2375,1.2776,1.3402,1.4252,1.5308,1.6549,1.7889,1.9257,2.0616,2.1926,2.3011,2.39,2.4731,2.5455,2.6061,2.653,2.6862,2.7077,2.7185,2.7234,2.7243,2.7204,2.7126,2.6999,2.6852,2.6725,2.6598,2.6461,2.6334,2.6188,2.6012,2.5777,2.5503,2.52,2.4858,2.4536,2.4203,2.3832,2.346,2.3089,2.2698,2.2287,2.1877,2.1486,2.1105,2.0723,2.0342,2.001,1.9726,1.9433,1.913,1.8827,1.8514,1.8231,1.7996,1.7801,1.7654,1.7556,1.7478,1.74,1.7361,1.7341,1.7322,1.7312,1.7302,1.7302,1.7302,1.7302,1.7302,1.7302,1.7302,1.7302,1.7312,1.7351,1.739,1.7439,1.7507,1.7576,1.7654,1.7791,1.8045,1.8465,1.9052,1.9775,2.0635,2.1457,2.2239,2.3128,2.4027,2.4868,2.563,2.6285,2.6833,2.7263,2.7576,2.7791,2.7928,2.7967,2.7957,2.7918,2.784,2.7732,2.7625,2.7507,2.738,2.7243,2.7077,2.6901,2.6706,2.6471,2.6207,2.5943,2.567,2.5406,2.5132,2.4829,2.4487,2.4115,2.3705,2.3284,2.2854,2.2444,2.2082,2.176,2.1437,2.1105,2.0753,2.0391,2.0039,1.9726,1.9462,1.9238,1.9032,1.8837,1.8661,1.8524,1.8426,1.8328,1.8231,1.8152,1.8084,1.8016,1.7967,1.7947,1.7918,1.7869,1.782,1.7781,1.7742,1.7693,1.7634,1.7595,1.7576,1.7566,1.7576,1.7605,1.7674,1.7801,1.8016,1.8377,1.8807,1.9316,2,2.0841,2.1789,2.2776,2.3773,2.4721,2.5582,2.6325,2.6921,2.737,2.7644,2.7791,2.7928,2.8045,2.8123,2.8162,2.8143,2.8055,2.7908,2.7713,2.7488,2.7263,2.7028,2.6784,2.654,2.6266,2.5973,2.5679,2.5376,2.5044,2.4673,2.4252,2.3812,2.3372,2.2933,2.2522,2.2102,2.1623,2.1134,2.0645,2.0166,1.9677,1.9169,1.8651,1.8143,1.7674,1.7234,1.6833,1.652,1.6285,1.6041,1.5816,1.5591,1.5367,1.5161,1.4966,1.478,1.4585,1.4399,1.4213,1.4076,1.3959,1.3822,1.3685,1.3558,1.3431,1.3275,1.3089,1.2903,1.2698,1.2473,1.2248,1.2111,1.2023,1.1955,1.1965,1.2111,1.2414,1.2893,1.3558,1.437,1.5279,1.6227,1.7185,1.8113,1.8886,1.9521,2.0108,2.0596,2.0987,2.1261,2.1437,2.1525,2.1544,2.1505,2.1417,2.132,2.1222,2.1124,2.1017,2.087,2.0704,2.0528,2.0313,2.0078,1.9824,1.9541,1.9228,1.8866,1.8475,1.8123,1.7801,1.7458,1.7097,1.6735,1.6364,1.6002,1.5679,1.5415,1.52,1.5044,1.4956,1.4936,1.4985,1.5093,1.5239,1.5386,1.5523,1.565,1.5797,1.5943,1.61,1.6266,1.6432,1.6579,1.6706,1.6833,1.696,1.7087,1.7214,1.7341,1.7449,1.7537,1.7605,1.7674,1.7742,1.7801,1.7869,1.7928,1.7986,1.8055,1.8113,1.8192,1.8309,1.8495,1.8788,1.9228,1.9814,2.0538,2.1398,2.2219,2.3001,2.3871,2.4741,2.5572,2.6305,2.6921,2.7419,2.7791,2.8055,2.8231,2.8338,2.8358,2.8319,2.826,2.8162,2.8055,2.7937,2.782,2.7664,2.7458,2.7253,2.7058,2.6833,2.6569,2.6295,2.6022,2.5728,2.5406,2.5064,2.4702,2.434,2.3969,2.3578,2.3167,2.2747,2.2317,2.1935,2.1574,2.1193,2.0811,2.044,2.0068,1.9707,1.9374,1.9052,1.8759,1.8465,1.8192,1.7967,1.7791,1.7654,1.7527,1.74,1.7312,1.7263,1.7224,1.7195,1.7146,1.7058,1.695,1.6833,1.6745,1.6667,1.6588,1.651,1.6461,1.6422,1.6373,1.6295,1.6197,1.61,1.6041,1.6041,1.6149,1.6344,1.6637,1.7116,1.7791,1.8622,1.956,2.0577,2.1593,2.2561,2.3451,2.4223,2.4858,2.5298,2.5601,2.5855,2.6061,2.6207,2.6315,2.6403,2.6471,2.653,2.654,2.651,2.6432,2.6305,2.6149,2.5973,2.5797,2.5611,2.5445,2.5298,2.5142,2.4956,2.4741,2.4477,2.4164,2.3803,2.3451,2.3109,2.2717,2.2307,2.1896,2.1525,2.1163,2.0811,2.0479,2.0166,1.9863,1.9609,1.9384,1.9218,1.9052,1.8847,1.8631,1.8436,1.826,1.8123,1.8025,1.7947,1.7879,1.781,1.7742,1.7693,1.7654,1.7605,1.7566,1.7546,1.7517,1.7488,1.7478,1.7468,1.7468,1.7468,1.7468,1.7478,1.7507,1.7517,1.7556,1.7664,1.7908,1.8338,1.8935,1.9687,2.0557,2.1505,2.2493,2.346,2.4262,2.4907,2.5543,2.6109,2.6579,2.695,2.7234,2.7429,2.7566,2.7634,2.7654,2.7615,2.7517,2.737,2.7204,2.7028,2.6852,2.6667,2.6481,2.6295,2.608,2.5816,2.5533,2.522,2.4878,2.4545,2.4213,2.3842,2.346,2.3069,2.2688,2.2307,2.1926,2.1564,2.1232,2.0899,2.0547,2.0225,1.9932,1.9609,1.9296,1.8983,1.869,1.8436,1.8211,1.8006,1.783,1.7693,1.7595,1.7527,1.7498,1.7449,1.74,1.6716,1.567,1.5073,1.4702,1.4438,1.4233,1.4057,1.39,1.3744,1.3627,1.3529,1.3412,1.3275,1.3118,1.2962,1.2864,1.2835,1.2913,1.3157,1.3578,1.4174,1.4976,1.5806,1.6667,1.7664,1.868,1.9677,2.0626,2.1447,2.2141,2.2727,2.3206,2.3558,2.3783,2.39,2.392,2.3871,2.3773,2.3617,2.3392,2.3128,2.2845,2.2522,2.216,2.1769,2.1329,2.085,2.0411,1.998,1.9492,1.8983,1.8475,1.7957,1.7478,1.6999,1.65,1.5992,1.5494,1.5024,1.4643,1.4282,1.3861,1.3431,1.3011,1.263,1.2307,1.2072,1.1926,1.1808,1.1711,1.1632,1.1554,1.1515,1.1496,1.1447,1.1388,1.1339,1.129,1.1251,1.1232,1.1202,1.1153,1.1095,1.1026,1.0968,1.0919,1.086,1.0792,1.0723,1.0655,1.0577,1.0528,1.0499,1.0499,1.0557,1.0704,1.0958,1.131,1.1779,1.2424,1.3245,1.4233,1.5337,1.652,1.7722,1.8905,2.001,2.0997,2.1838,2.2483,2.2991,2.349,2.39,2.4213,2.4448,2.4604,2.4682,2.4663,2.4565,2.4418,2.4272,2.4106,2.391,2.3705,2.3509,2.3294,2.306,2.2815,2.2542,2.2258,2.1945,2.1603,2.1251,2.089,2.0557,2.0225,1.9834,1.9413,1.9022,1.8641,1.826,1.7908,1.7566,1.7253,1.6931,1.6598,1.6315,1.608,1.5855,1.563,1.5406,1.522,1.5112,1.5034,1.4966,1.4907,1.4858,1.4819,1.478,1.4761,1.4751,1.4731,1.4682,1.4624,1.4555,1.4487,1.4448,1.4428,1.4418,1.4418,1.4418,1.4428,1.4457,1.4467,1.4477,1.4497,1.4565,1.4731,1.5015,1.5455,1.6119,1.7009,1.8065,1.9218,2.0264,2.1232,2.2307,2.3382,2.437,2.5249,2.6022,2.6667,2.7175,2.7546,2.7791,2.7928,2.7957,2.7937,2.7889,2.7791,2.7664,2.7527,2.739,2.7204,2.697,2.6716,2.6481,2.6237,2.5963,2.5679,2.5367,2.5024,2.4692,2.434,2.3939,2.349,2.2991,2.2463,2.1935,2.1417,2.0899,2.043,1.999,1.9511,1.9013,1.8504,1.8025,1.7605,1.7214,1.6833,1.6461,1.61,1.5777,1.5484,1.5279,1.5142,1.4995,1.4848,1.4721,1.4604,1.4467,1.4321,1.4174,1.4027,1.3881,1.3734,1.3627,1.3529,1.3431,1.3343,1.3284,1.3255,1.3236,1.3226,1.3206,1.3177,1.346,1.3939,1.4301,1.4633,1.5024,1.5552,1.6227,1.7058,1.8016,1.9081,2.0196,2.132,2.2395,2.3363,2.4194,2.48,2.5249,2.5679,2.6051,2.6354,2.6579,2.6706,2.6755,2.6745,2.6706,2.6637,2.651,2.6344,2.6158,2.5963,2.5767,2.5562,2.5347,2.5093,2.4848,2.4604,2.435,2.4086,2.3793,2.346,2.3128,2.2766,2.2346,2.1896,2.1427,2.0978,2.0528,2.0059,1.9609,1.9159,1.871,1.8299,1.7918,1.7615,1.7341,1.7028,1.6725,1.6471,1.6276,1.6109,1.5953,1.5806,1.567,1.5543,1.5445,1.5396,1.5357,1.5269,1.5161,1.5034,1.4897,1.4761,1.4624,1.4487,1.4389,1.4301,1.4194,1.4086,1.4027,1.4018,1.4018,1.4027,1.4086,1.4233,1.4516,1.4956,1.5552,1.6325,1.7273,1.8348,1.9335,2.0254,2.1281,2.2307,2.3265,2.4106,2.48,2.5376,2.5836,2.6178,2.6442,2.6608,2.6686,2.6696,2.6647,2.6588,2.651,2.6383,2.6237,2.609,2.5934,2.5748,2.5552,2.5318,2.5044,2.479,2.4506,2.4164,2.3783,2.3392,2.3001,2.2639,2.2268,2.1857,2.1408,2.0968,2.0538,2.0166,1.9814,1.9413,1.8993,1.8563,1.8152,1.7742,1.7331,1.696,1.6618,1.6315,1.6022,1.5777,1.5621,1.5503,1.5357,1.5181,1.4985,1.479,1.4575,1.436,1.4164,1.3988,1.3812,1.3617,1.347,1.3343,1.3167,1.2952,1.2747,1.2542,1.2336,1.2151,1.2023,1.1955,1.1935,1.1994,1.218,1.2463,1.2864,1.3451,1.4233,1.5132,1.6129,1.7195,1.824,1.9228,2.0127,2.0929,2.1603,2.2092,2.2444,2.2717,2.2903,2.3021,2.3079,2.3089,2.304,2.2952,2.2815,2.2649,2.2444,2.219,2.1926,2.1652,2.1339,2.1017,2.0684,2.0332,1.9951,1.9531,1.9071,1.8583,1.8084,1.7576,1.7146,1.6764,1.6354,1.5943,1.5523,1.5112,1.4702,1.4321,1.4008,1.3783,1.3636,1.3529,1.348,1.3509,1.3568,1.3636,1.3705,1.3773,1.3842,1.391,1.3978,1.4027,1.4057,1.4066,1.4076,1.4096,1.4125,1.4115,1.4096,1.4086,1.4086,1.4086,1.4086,1.4115,1.4164,1.4203,1.4262,1.434,1.4448,1.4585,1.48,1.5142,1.564,1.6305,1.7146,1.8152,1.9247,2.0381,2.1515,2.261,2.3519,2.4272,2.4985,2.5601,2.6579,2.7674,2.828,2.8602,2.8759,2.8837,2.8856,2.8807,2.8729,2.8622,2.8514,2.8397,2.824,2.8035,2.7791,2.7507,2.7204,2.6872,2.653,2.6197,2.5836,2.5445,2.5054,2.4614,2.4174,2.3754,2.3343,2.2893,2.2395,2.1877,2.1378,2.087,2.0332,1.9804,1.9365,1.8983,1.8592,1.8201,1.7801,1.74,1.6999,1.6618,1.6305,1.6051,1.5797,1.5572,1.5425,1.5288,1.5103,1.4907,1.4712,1.4487,1.4282,1.4096,1.392,1.3754,1.3607,1.35,1.3402,1.3353,1.3333,1.3324,1.3353,1.3412,1.3519,1.3695,1.3959,1.4379,1.4966,1.5758,1.6764,1.7761,1.8807,2.0049,2.1369,2.2698,2.3959,2.5112,2.6109,2.695,2.7654,2.8211,2.8602,2.8886,2.9022,2.9052,2.9071,2.9032,2.8935,2.8807,2.8641,2.8436,2.8221,2.7986,2.7732,2.7419,2.7087,2.6735,2.6344,2.5865,2.5288,2.4653,2.4018,2.3353,2.2678,2.2043,2.1427,2.0831,2.0332,1.9863,1.9374,1.8905,1.8475,1.8055,1.7644,1.7243,1.6843,1.6461,1.6149,1.5914,1.5709,1.5572,1.5464,1.5347,1.5249,1.5161,1.5054,1.4946,1.4848,1.4741,1.4643,1.4594,1.4575,1.4585,1.4604,1.4614,1.4643,1.4682,1.4721,1.478,1.4829,1.4888,1.4995,1.5132,1.5318,1.564,1.6041,1.654,1.7273,1.826,1.9433,2.0723,2.2053,2.3363,2.4594,2.5689,2.6647,2.7468,2.8055,2.8446,2.8807,2.911,2.9316,2.9443,2.9482,2.9443,2.9345,2.9169,2.8964,2.8778,2.8592,2.8377,2.8143,2.7908,2.7674,2.739,2.7048,2.6676,2.6276,2.5826,2.5367,2.4897,2.4418,2.3978,2.3539,2.304,2.2502,2.1975,2.1466,2.0978,2.0469,1.9951,1.9453,1.8983,1.8553,1.8133,1.781,1.7566,1.7322,1.7077,1.6833,1.6598,1.6393,1.6276,1.6197,1.6139,1.609,1.6041,1.6022,1.6012,1.5982,1.5953,1.5914,1.5875,1.5855,1.5846,1.5846,1.5846,1.5846,1.5885,1.5982,1.609,1.6227,1.6452,1.6823,1.737,1.8084,1.8983,2.0039,2.1202,2.2454,2.3695,2.4878,2.5816,2.6588,2.7351,2.8016,2.8543,2.8954,2.9257,2.9472,2.9599,2.9668,2.9658,2.957,2.9443,2.9286,2.9062,2.8807,2.8563,2.8319,2.8074,2.781,2.7498,2.7185,2.6862,2.6246,2.5494,2.4976,2.4565,2.4145,2.3675,2.3167,2.263,2.2082,2.1515,2.0948,2.0411,1.9932,1.9521,1.9101,1.8719,1.8397,1.8065,1.7732,1.7419,1.7136,1.6862,1.6647,1.6491,1.6373,1.6266,1.6178,1.6109,1.6051,1.5982,1.5904,1.5865,1.5846,1.5836,1.5855,1.5865,1.5865,1.5865,1.5885,1.5894,1.5904,1.5953,1.6022,1.609,1.6168,1.6315,1.6579,1.6989,1.7595,1.8416,1.9423,2.0587,2.1662,2.2688,2.3842,2.4995,2.607,2.6989,2.7722,2.828,2.869,2.8983,2.9169,2.9267,2.9247,2.913,2.8993,2.8817,2.8573,2.826,2.7889,2.7488,2.7077,2.6657,2.6237,2.5816,2.5367,2.4927,2.4497,2.4027,2.349,2.2903,2.2287,2.1613,2.089,2.0166,1.9423,1.8622,1.782,1.7146,1.653,1.5836,1.5122,1.4467,1.3891,1.3343,1.2815,1.2317,1.1848,1.1398,1.0968,1.0538,1.0215,0.99902,0.97458,0.95015,0.92669,0.90616,0.88368,0.85924,0.83382,0.8045,0.77224,0.739,0.71457,0.69306,0.6696,0.65005,0.63343,0.61681,0.6002,0.58553,0.57087,0.56403,0.56696,0.58553,0.62463,0.67644,0.74487,0.83675,0.94721,1.0704,1.2004,1.3275,1.4467,1.5572,1.6549,1.738,1.8074,1.8592,1.8974,1.9296,1.9501,1.9599,1.9629,1.958,1.9472,1.9316,1.9081,1.8798,1.8485,1.8152,1.784,1.7517,1.7146,1.6745,1.6285,1.5758,1.5191,1.4633,1.4096,1.3568,1.305,1.2542,1.216,1.1896,1.1642,1.1388,1.1153,1.0968,1.086,1.0821,1.0841,1.0919,1.1065,1.1271,1.1476,1.1662,1.1867,1.2072,1.2307,1.2551,1.2757,1.2942,1.3167,1.3412,1.3617,1.3803,1.4027,1.4242,1.4389,1.4506,1.4614,1.4682,1.4721,1.4721,1.4673,1.4633,1.4585,1.4565,1.4594,1.4673,1.48,1.5015,1.5396,1.5973,1.6755,1.7761,1.8964,2.0293,2.1662,2.3011,2.4262,2.5376,2.6237,2.6882,2.7458,2.7937,2.8309,2.8553,2.87,2.8778,2.8768,2.868,2.8553,2.8397,2.8221,2.7996,2.7761,2.7517,2.7263,2.7009,2.6755,2.6452,2.609,2.567,2.521,2.4721,2.4223,2.3754,2.3314,2.2854,2.2366,2.1828,2.1261,2.0674,2.0108,1.9541,1.8964,1.8368,1.7781,1.7234,1.6804,1.6442,1.6051,1.566,1.6129,1.7067,1.7458,1.7605,1.7634,1.7586,1.7517,1.7449,1.741,1.741,1.739,1.7341,1.7283,1.7224,1.7126,1.7019,1.6901,1.6774,1.6657,1.6549,1.6461,1.6422,1.6413,1.6413,1.6422,1.6481,1.6618,1.6872,1.7263,1.781,1.8524,1.9404,2.043,2.1378,2.2248,2.3187,2.4125,2.4966,2.5689,2.6285,2.6755,2.7097,2.7302,2.741,2.7439,2.741,2.7351,2.7292,2.7195,2.7058,2.6891,2.6716,2.652,2.6295,2.6041,2.5767,2.5513,2.5259,2.5015,2.4751,2.4438,2.4106,2.3783,2.3431,2.304,2.262,2.2209,2.1818,2.1427,2.1026,2.0674,2.0342,1.999,1.9658,1.9335,1.9052,1.8807,1.8592,1.8407,1.825,1.8133,1.8025,1.7918,1.7849,1.782,1.7801,1.7791,1.7791,1.7791,1.7791,1.7791,1.7771,1.7713,1.7654,1.7615,1.7595,1.7595,1.7595,1.7595,1.7595,1.7625,1.7693,1.7771,1.7908,1.8133,1.8495,1.9003,1.9648,2.0313,2.1026,2.1896,2.2854,2.3832,2.478,2.564,2.6422,2.7077,2.7605,2.8025,2.8328,2.8504,2.8573,2.8612,2.8592,2.8524,2.8426,2.8299,2.8143,2.7947,2.7742,2.7546,2.7351,2.7165,2.6979,2.6755,2.6491,2.6188,2.5846,2.5484,2.5112,2.4741,2.437,2.4008,2.3656,2.3304,2.2991,2.2678,2.2346,2.2043,2.176,2.1496,2.1241,2.0997,2.0802,2.0606,2.0381,2.0147,1.9922,1.9746,1.9599,1.9462,1.9365,1.9286,1.9208,1.914,1.9071,1.9013,1.8954,1.8856,1.8749,1.8661,1.8573,1.8465,1.8358,1.826,1.8152,1.8045,1.7967,1.7879,1.7801,1.7761,1.7742,1.7752,1.7801,1.7918,1.8162,1.8573,1.912,1.9814,2.0635,2.1496,2.2356,2.3177,2.393,2.4604,2.5112,2.5484,2.5787,2.6002,2.6129,2.6305,2.6119,2.5934,2.5718,2.5455,2.5191,2.4927,2.4663,2.436,2.4018,2.3666,2.3284,2.2884,2.2463,2.2033,2.1652,2.131,2.0948,2.0587,2.0215,1.9844,1.9521,1.9267,1.9052,1.8847,1.8671,1.8534,1.8436,1.8358,1.8289,1.8201,1.8113,1.8045,1.7977,1.7928,1.7918,1.7908,1.7908,1.7937,1.7986,1.8035,1.8094,1.8152,1.8182,1.8201,1.8221,1.8231,1.825,1.8299,1.8368,1.8475,1.8651,1.8876,1.9179,1.9619,2.0196,2.0899,2.173,2.2659,2.3636,2.4604,2.5533,2.6383,2.7107,2.7703,2.8104,2.8368,2.8583,2.87,2.8759,2.8788,2.8768,2.87,2.8602,2.8475,2.8309,2.8104,2.7869,2.7634,2.739,2.7155,2.695,2.6755,2.653,2.6266,2.5982,2.567,2.5327,2.4966,2.4604,2.4262,2.391,2.35,2.3079,2.2649,2.2219,2.1808,2.1417,2.1046,2.0704,2.0371,2.002,1.9717,1.8807,1.7546,1.6774,1.6276,1.5904,1.5562,1.5239,1.4956,1.4692,1.4467,1.4272,1.4135,1.4027,1.39,1.3754,1.3607,1.3451,1.3294,1.3118,1.2913,1.2717,1.2522,1.2297,1.2092,1.1945,1.1857,1.1769,1.1711,1.1701,1.1789,1.2053,1.2522,1.3187,1.4047,1.5083,1.6227,1.7273,1.824,1.9257,2.0176,2.0958,2.1584,2.2033,2.2317,2.2473,2.2532,2.2502,2.2395,2.2199,2.1965,2.173,2.1476,2.1173,2.0802,2.0362,1.9853,1.9277,1.8719,1.8162,1.7576,1.6989,1.6481,1.5973,1.5367,1.4721,1.4086,1.346,1.2825,1.2219,1.1642,1.1075,1.0518,1,0.95699,0.92766,0.90714,0.88661,0.86901,0.85239,0.83578,0.82014,0.80841,0.80254,0.79961,0.79765,0.79668,0.80059,0.80645,0.81134,0.81525,0.82111,0.82796,0.83187,0.83578,0.84164,0.84653,0.84848,0.84946,0.85239,0.86119,0.87586,0.89052,0.90616,0.91984,0.9306,0.9433,0.96579,1.001,1.0518,1.1183,1.2023,1.2913,1.3891,1.5083,1.6403,1.7771,1.9101,2.0323,2.1378,2.2278,2.303,2.3636,2.4096,2.4428,2.4614,2.4702,2.477,2.478,2.4712,2.4555,2.436,2.4164,2.3988,2.3803,2.3568,2.3294,2.3021,2.2747,2.2434,2.2063,2.1662,2.1261,2.0831,2.0342,1.9824,1.9306,1.8807,1.8328,1.7869,1.7488,1.7136,1.6764,1.6403,1.6051,1.5699,1.5347,1.4976,1.4624,1.435,1.4135,1.3949,1.3822,1.3754,1.3724,1.3705,1.3675,1.3646,1.3607,1.3568,1.3548,1.3539,1.3539,1.3539,1.3539,1.3558,1.3587,1.3597,1.3607,1.3607,1.3607,1.3607,1.3607,1.3627,1.3675,1.3763,1.3881,1.3998,1.4115,1.4291,1.4624,1.5161,1.5894,1.6852,1.7996,1.9277,2.0645,2.1994,2.3255,2.4418,2.5318,2.5982,2.6588,2.7107,2.7546,2.7879,2.8104,2.824,2.8289,2.825,2.8113,2.7889,2.7615,2.7322,2.7019,2.6735,2.6471,2.6207,2.5894,2.5543,2.5171,2.479,2.4379,2.3939,2.346,2.2991,2.2502,2.1965,2.1417,2.087,2.0303,1.9697,1.9081,1.8465,1.7879,1.7331,1.6823,1.6432,1.61,1.5758,1.5455,1.5181,1.4927,1.4682,1.4457,1.4272,1.4115,1.4018,1.3969,1.3969,1.3988,1.3978,1.3949,1.39,1.3793,1.3666,1.3519,1.4008,1.4819,1.5181,1.5347,1.5425,1.5484,1.5523,1.5543,1.5543,1.5523,1.5513,1.5543,1.564,1.5836,1.6178,1.6686,1.737,1.8084,1.8856,1.9814,2.089,2.1994,2.3089,2.4125,2.5044,2.5826,2.6452,2.6931,2.7273,2.7517,2.7634,2.7664,2.7654,2.7605,2.7507,2.7361,2.7165,2.697,2.6774,2.6569,2.6354,2.609,2.5806,2.5513,2.52,2.4858,2.4487,2.4096,2.3666,2.3196,2.2727,2.2258,2.1769,2.129,2.085,2.0479,2.0137,1.9765,1.9384,1.8993,1.8612,1.825,1.7908,1.7566,1.7253,1.6999,1.6804,1.6696,1.6618,1.6549,1.6481,1.6432,1.6403,1.6393,1.6383,1.6383,1.6344,1.6256,1.6149,1.6031,1.5934,1.5885,1.5826,1.5767,1.5738,1.5699,1.567,1.565,1.564,1.564,1.564,1.567,1.5758,1.5914,1.6178,1.6579,1.7185,1.7977,1.8905,1.9941,2.1036,2.2141,2.3196,2.4164,2.5034,2.5699,2.6217,2.6686,2.7038,2.7292,2.7458,2.7537,2.7556,2.7517,2.7429,2.7322,2.7185,2.7019,2.6833,2.6637,2.6422,2.6158,2.5865,2.5543,2.523,2.4907,2.4545,2.4164,2.3773,2.3392,2.306,2.2766,2.2434,2.2043,2.1613,2.1183,2.0762,2.0352,1.9941,1.9531,1.915,1.8788,1.8495,1.8211,1.7889,1.7556,1.7224,1.6901,1.6637,1.6442,1.6276,1.6129,1.5982,1.5846,1.567,1.5523,1.5376,1.5191,1.4976,1.477,1.4585,1.4409,1.4252,1.4086,1.39,1.3705,1.3509,1.3372,1.3275,1.3138,1.3011,1.2893,1.2835,1.2874,1.304,1.3382,1.3891,1.4565,1.5386,1.6305,1.7146,1.7937,1.8807,1.9658,2.044,2.1134,2.1711,2.219,2.2551,2.2766,2.2874,2.2903,2.2884,2.2845,2.2757,2.261,2.2405,2.2131,2.1828,2.1505,2.1173,2.0841,2.0489,2.0127,1.9814,1.9501,1.9169,1.8837,1.8504,1.8162,1.783,1.7478,1.7097,1.6706,1.6305,1.5924,1.5582,1.5318,1.5103,1.4868,1.4663,1.4526,1.4438,1.4399,1.4389,1.4418,1.4457,1.4487,1.4555,1.4663,1.478,1.4888,1.4976,1.5034,1.5064,1.5083,1.5093,1.5093,1.5093,1.5093,1.5093,1.5093,1.5112,1.5142,1.5152,1.5161,1.5181,1.521,1.5259,1.5347,1.5455,1.5591,1.5797,1.6119,1.65,1.6999,1.7595,1.8348,1.9394,2.0616,2.1916,2.3187,2.4389,2.5464,2.6393,2.7146,2.7722,2.8084,2.8309,2.8456,2.8534,2.8553,2.8504,2.8397,2.825,2.8055,2.784,2.7615,2.739,2.7155,2.6921,2.6686,2.6432,2.6129,2.5806,2.5484,2.5132,2.4721,2.4282,2.3822,2.3343,2.2825,2.2356,2.1906,2.1408,2.088,2.0362,1.9873,1.9394,1.8915,1.8465,1.8055,1.7654,1.7253,1.6921,1.6618,1.6266,1.5953,1.5718,1.5523,1.5347,1.52,1.5073,1.4927,1.478,1.4663,1.4565,1.4477,1.4399,1.4282,1.4164,1.4066,1.3978,1.3891,1.3832,1.3783,1.3715,1.3646,1.3568,1.3529,1.3529,1.3529,1.3568,1.3724,1.4057,1.4594,1.5357,1.6344,1.7498,1.8729,2.001,2.13,2.2395,2.3353,2.4321,2.521,2.6031,2.6755,2.7331,2.7752,2.8025,2.8162,2.8211,2.8172,2.8055,2.7918,2.781,2.7722,2.7634,2.7537,2.739,2.7195,2.694,2.6618,2.6266,2.5914,2.5562,2.523,2.4907,2.4526,2.4106,2.3656,2.3196,2.2717,2.2199,2.1672,2.1153,2.0616,2.0039,1.9531,1.9081,1.8612,1.8162,1.7742,1.7341,1.694,1.6549,1.6197,1.5924,1.567,1.5425,1.522,1.5083,1.4976,1.4839,1.4692,1.4545,1.4389,1.4233,1.4076,1.392,1.3763,1.3607,1.347,1.3382,1.3324,1.3255,1.3177,1.3118,1.3089,1.3099,1.3157,1.3284,1.3509,1.3891,1.4516,1.5376,1.6276,1.7224,1.8377,1.9638,2.0938,2.219,2.3343,2.437,2.5239,2.5963,2.6559,2.7019,2.7302,2.7488,2.7634,2.7732,2.7781,2.7801,2.7791,2.7713,2.7556,2.7361,2.7146,2.6921,2.6686,2.6432,2.6129,2.5806,2.5484,2.5132,2.4721,2.4282,2.3822,2.3382,2.2942,2.2473,2.1984,2.1544,2.1124,2.0684,2.0225,1.9746,1.9247,1.8788,1.8368,1.7967,1.7586,1.7263,1.6979,1.6764,1.6579,1.6383,1.6227,1.607,1.5914,1.5797,1.5699,1.563,1.5582,1.5513,1.5425,1.5337,1.5298,1.5239,1.5171,1.5093,1.4995,1.4907,1.4848,1.4819,1.478,1.4741,1.4721,1.4731,1.48,1.4927,1.5171,1.5562,1.6149,1.695,1.7947,1.911,2.0362,2.1632,2.2893,2.4086,2.5171,2.6012,2.6647,2.7214,2.7674,2.8025,2.826,2.8397,2.8446,2.8436,2.8377,2.8221,2.7986,2.7732,2.7478,2.7214,2.695,2.6686,2.6422,2.6119,2.5748,2.5367,2.4976,2.4536,2.4057,2.3548,2.3079,2.262,2.2102,2.1535,2.0948,2.0342,1.9717,1.9052,1.8407,1.782,1.7283,1.6794,1.6403,1.6051,1.565,1.523,1.4829,1.4497,1.4242,1.4027,1.3832,1.3646,1.346,1.3236,1.2991,1.2825,1.2698,1.2551,1.2346,1.2111,1.1877,1.1652,1.1427,1.1212,1.0987,1.0792,1.0606,1.0469,1.0352,1.0186,1.002,0.98631,0.97458,0.96872,0.97654,1.0049,1.0587,1.1378,1.2434,1.3715,1.4927,1.6129,1.7478,1.8827,2.0117,2.1271,2.2248,2.306,2.3734,2.4272,2.4673,2.4917,2.5015,2.5015,2.4956,2.4839,2.4643,2.437,2.4057,2.3724,2.3382,2.3011,2.261,2.2141,2.1603,2.1065,2.0538,1.9941,1.9296,1.8622,1.7947,1.7302,1.6628,1.5894,1.5161,1.4438,1.3744,1.3206,1.2757,1.2268,1.1808,1.1417,1.1095,1.0802,1.0518,1.0244,0.99804,0.97165,0.94526,0.92082,0.9042,0.89345,0.88661,0.8827,0.88074,0.87977,0.87977,0.87488,0.86413,0.84946,0.83382,0.8172,1.6119,1.6119,1.6119,1.6139,1.6168,1.6188,1.6158,1.6061,1.5894,1.566,1.5445,1.5239,1.4976,1.4682,1.4399,1.4145,1.392,1.3744,1.3656,1.3734,1.4047,1.4633,1.5474,1.6373,1.7351,1.8563,1.9873,2.1193,2.2483,2.3675,2.4721,2.5601,2.6334,2.696,2.7488,2.7849,2.8094,2.8309,2.8456,2.8534,2.8553,2.8504,2.8416,2.8299,2.8143,2.8006,2.7898,2.7801,2.7693,2.7576,2.7478,2.739,2.7273,2.7097,2.6872,2.6598,2.6266,2.5846,2.5337,2.4731,2.4135,2.3558,2.2884,2.2131,2.1359,2.0567,1.9775,1.9013,1.824,1.7498,1.6794,1.609,1.5396,1.4839,1.434,1.3803,1.3255,1.2708,1.2219,1.1838,1.1544,1.1359,1.1271,1.1241,1.129,1.1388,1.1496,1.1593,1.1681,1.176,1.1838,1.1916,1.2014,1.2121,1.2258,1.2444,1.2678,1.3011,1.3412,1.392,1.4653,1.5582,1.6716,1.7986,1.9306,2.0635,2.1926,2.3148,2.4262,2.5259,2.6012,2.6579,2.7097,2.7517,2.781,2.7996,2.8084,2.8094,2.8055,2.7977,2.784,2.7654,2.7439,2.7214,2.6989,2.6755,2.6256,2.564,2.52,2.4839,2.4506,2.4164,2.3773,2.3372,2.2991,2.2659,2.2346,2.2004,2.1652,2.13,2.0938,2.0557,2.0147,1.9726,1.9267,1.8759,1.826,1.783,1.7449,1.7058,1.6676,1.6325,1.6002,1.5718,1.5464,1.523,1.5024,1.4848,1.4673,1.4467,1.4291,1.4135,1.3949,1.3744,1.3539,1.3324,1.3109,1.2893,1.2659,1.2395,1.2131,1.1906,1.176,1.1652,1.1544,1.1486,1.1515,1.1642,1.1906,1.2346,1.2981,1.3803,1.48,1.5914,1.7067,1.8084,1.9003,1.9951,2.085,2.1662,2.2336,2.2874,2.3294,2.3587,2.3812,2.3959,2.4037,2.4037,2.3959,2.3851,2.3705,2.3509,2.3265,2.2981,2.2649,2.2287,2.1867,2.1408,2.0938,2.0489,2.0078,1.9658,1.9159,1.8641,1.8162,1.7703,1.7243,1.6794,1.6383,1.6012,1.567,1.5347,1.5103,1.4888,1.4673,1.4487,1.4321,1.4184,1.4096,1.4057,1.4037,1.4027,1.4018,1.4018,1.4047,1.4135,1.4252,1.4389,1.4506,1.4604,1.4673,1.4712,1.4731,1.4751,1.48,1.4848,1.4888,1.4936,1.4985,1.5024,1.5064,1.5083,1.5112,1.5181,1.5308,1.5513,1.5855,1.6354,1.7038,1.7937,1.8856,1.9824,2.1007,2.2268,2.3509,2.4682,2.5738,2.6647,2.738,2.7937,2.8348,2.8622,2.8759,2.8798,2.8817,2.8788,2.87,2.8563,2.8368,2.8123,2.7859,2.7605,2.7361,2.7136,2.6872,2.6579,2.6266,2.5894,2.5474,2.5044,2.4614,2.4174,2.3744,2.3324,2.2933,2.2542,2.2111,2.1691,2.1281,2.0802,2.0274,1.9756,1.9257,1.8798,1.8387,1.7996,1.7625,1.7253,1.6882,1.6559,1.6344,1.6197,1.6051,1.5904,1.5758,1.5611,1.5464,1.5298,1.5112,1.4888,1.4673,1.4487,1.436,1.4262,1.4154,1.4047,1.3959,1.3891,1.3822,1.3773,1.3754,1.3754,1.3793,1.3861,1.3988,1.4184,1.4516,1.5083,1.5875,1.6852,1.7986,1.9247,2.0567,2.1906,2.3187,2.436,2.5376,2.6139,2.6706,2.7185,2.7537,2.7761,2.7898,2.7928,2.7869,2.7771,2.7644,2.7527,2.7439,2.7322,2.7146,2.695,2.6745,2.652,2.6276,2.6012,2.5699,2.5376,2.5034,2.4643,2.4233,2.3803,2.3412,2.3011,2.2561,2.2082,2.1584,2.1085,2.0577,2.0068,1.956,1.9071,1.8514,1.7889,1.738,1.6931,1.6471,1.607,1.5718,1.5425,1.52,1.5005,1.4829,1.4682,1.4555,1.4438,1.434,1.4272,1.4194,1.4076,1.3939,1.3773,1.3597,1.3451,1.3343,1.3245,1.3196,1.3216,1.3245,1.3275,1.3314,1.3333,1.3372,1.349,1.3705,1.4086,1.4663,1.5435,1.6422,1.7615,1.8944,2.0342,2.1564,2.2659,2.3812,2.4868,2.5806,2.6608,2.7224,2.7644,2.7898,2.8025,2.8045,2.7977,2.7869,2.7752,2.7634,2.7478,2.7292,2.7077,2.6852,2.6628,2.6354,2.6031,2.5689,2.5347,2.4966,2.4575,2.4184,2.3763,2.3333,2.2913,2.2444,2.1935,2.1417,2.086,2.0274,1.9668,1.9101,1.8641,1.8221,1.7781,1.7322,1.6843,1.6373,1.5943,1.5572,1.523,1.4907,1.4633,1.4418,1.4233,1.4096,1.3988,1.3861,1.3715,1.3568,1.3441,1.3353,1.3294,1.3245,1.3216,1.3226,1.3245,1.3275,1.3294,1.3284,1.3275,1.3275,1.3275,1.3275,1.3304,1.3421,1.3656,1.4057,1.4653,1.5435,1.6266,1.7185,1.8319,1.9609,2.0948,2.2258,2.3509,2.4663,2.567,2.652,2.7175,2.7625,2.7869,2.7967,2.8016,2.8006,2.7918,2.782,2.7713,2.7556,2.737,2.7136,2.6862,2.6549,2.6227,2.5904,2.5591,2.5279,2.4966,2.4614,2.4203,2.3734,2.3206,2.2669,2.2131,2.1593,2.1065,2.0635,2.0205,1.9677,1.9101,1.8524,1.7967,1.74,1.6823,1.6285,1.5787,1.5298,1.4858,1.4487,1.4203,1.3969,1.3695,1.3421,1.3167,1.2923,1.2649,1.2356,1.2072,1.1799,1.1544,1.132,1.1183,1.1114,1.1046,1.0978,1.088,1.0753,1.0616,1.0469,1.0313,1.0156,1,0.98534,0.9697,0.95992,0.95699,0.95992,0.97458,1.0049,1.0528,1.1232,1.2131,1.3157,1.4272,1.5415,1.6549,1.7498,1.8319,1.9179,1.998,2.0665,2.1241,2.1711,2.2063,2.2297,2.2434,2.2483,2.2444,2.2346,2.2199,2.1994,2.1711,2.1378,2.1056,2.0762,2.0459,2.0156,1.9844,1.9492,1.9091,1.8671,1.8328,1.7986,1.7546,1.7058,1.654,1.6022,1.5533,1.5093,1.4721,1.4418,1.4194,1.4018,1.393,1.391,1.39,1.391,1.3978,1.4086,1.4203,1.4301,1.4399,1.4526,1.4673,1.4819,1.4976,1.5132,1.5327,1.5533,1.5738,1.6217,1.6794,1.7116,1.7322,1.7458,1.7546,1.7595,1.7615,1.7644,1.7683,1.7683,1.7664,1.7634,1.7615,1.7644,1.7722,1.7918,1.8289,1.8837,1.9619,2.0606,2.1574,2.2522,2.3636,2.4819,2.5973,2.7077,2.8055,2.8856,2.9472,2.9922,3.0225,3.0391,3.044,3.042,3.0391,3.0323,3.0205,3.0068,2.9902,2.9687,2.9423,2.915,2.8876,2.8573,2.8221,2.7869,2.7517,2.7146,2.6784,2.6432,2.6041,2.5611,2.5142,2.4633,2.4115,2.3578,2.304,2.2551,2.2111,2.1662,2.1202,2.0743,2.0274,1.9814,1.9374,1.8954,1.8573,1.824,1.7957,1.7722,1.7566,1.7429,1.7283,1.7126,1.696,1.6813,1.6706,1.6608,1.652,1.6461,1.6393,1.6276,1.6197,1.6158,1.608,1.5963,1.5865,1.5777,1.5699,1.566,1.5621,1.5582,1.5562,1.5572,1.563,1.5738,1.5934,1.6266,1.6755,1.7449,1.8338,1.9423,2.0684,2.2033,2.3392,2.4692,2.5894,2.6843,2.7625,2.8387,2.9042,2.957,2.9951,3.0196,3.0342,3.0371,3.0313,3.0205,3.0029,2.9785,2.9511,2.9238,2.8983,2.8739,2.8465,2.8133,2.7771,2.739,2.7028,2.6667,2.6276,2.5826,2.5367,2.4888,2.433,2.3744,2.3138,2.2522,2.1906,2.1329,2.0762,2.0205,1.9717,1.9286,1.8876,1.8534,1.824,1.7937,1.7634,1.7341,1.7107,1.6911,1.6735,1.6588,1.6491,1.6422,1.6354,1.6295,1.6246,1.6188,1.61,1.6012,1.5934,1.5816,1.5718,1.563,1.5543,1.5464,1.5367,1.5279,1.521,1.5181,1.5142,1.5083,1.5034,1.5015,1.5044,1.5171,1.5455,1.5943,1.6657,1.7576,1.8504,1.9472,2.0674,2.1975,2.3265,2.4536,2.5738,2.6804,2.7703,2.8426,2.8983,2.9384,2.9599,2.9687,2.9736,2.9736,2.9677,2.957,2.9404,2.9179,2.8954,2.87,2.8407,2.8065,2.7693,2.7331,2.6999,2.6676,2.6325,2.5914,2.5474,2.4976,2.4457,2.3949,2.3421,2.2884,2.2356,2.1935,2.1574,2.1163,2.0743,2.0313,1.9883,1.9482,1.9091,1.87,1.8328,1.8006,1.7722,1.7468,1.7263,1.7097,1.6979,1.6921,1.6891,1.6882,1.6872,1.6872,1.6852,1.6804,1.6716,1.6618,1.6569,1.652,1.6422,1.6334,1.6285,1.6246,1.6207,1.6188,1.6178,1.6168,1.6168,1.5132,1.3607,1.2913,1.2708,1.2845,1.3265,1.3969,1.4946,1.6188,1.7625,1.9189,2.0772,2.2287,2.3724,2.4868,2.5797,2.6706,2.7488,2.8113,2.8583,2.8935,2.9159,2.9247,2.9228,2.912,2.8974,2.8759,2.8465,2.8133,2.7801,2.7468,2.7116,2.6725,2.6325,2.5914,2.5474,2.5064,2.4692,2.4321,2.3969,2.3587,2.3109,2.259,2.2072,2.1554,2.0987,2.0381,1.9746,1.913,1.8563,1.8045,1.7576,1.7195,1.6862,1.651,1.6178,1.5894,1.5679,1.5523,1.5406,1.5298,1.5191,1.5093,1.4995,1.4927,1.4868,1.4819,1.477,1.4721,1.4673,1.4604,1.4516,1.4428,1.4311,1.4184,1.4047,1.391,1.3822,1.3754,1.3675,1.3587,1.3519,1.3509,1.3617,1.391,1.4428,1.5181,1.6168,1.738,1.8553,1.9726,2.1105,2.2551,2.3978,2.5347,2.6569,2.7625,2.8504,2.9208,2.9717,3.002,3.0176,3.0205,3.0127,2.999,2.9804,2.955,2.9257,2.8974,2.8671,2.8328,2.7967,2.7595,2.7204,2.6794,2.6383,2.5894,2.5347,2.479,2.4184,2.3529,2.2845,2.2151,2.1476,2.0811,2.0147,1.9462,1.8847,1.825,1.7576,1.6872,1.6168,1.5484,1.4819,1.4154,1.3568,1.3089,1.2659,1.2258,1.1935,1.1662,1.1339,1.1007,1.0684,1.0352,1.0049,0.97556,0.94624,0.91789,0.88563,0.84555,0.81134,0.78006,0.74389,0.70674,0.6696,0.63148,0.59824,0.56794,0.53666,0.50635,0.47703,0.45064,0.43304,0.42913,0.43891,0.46725,0.52395,0.60802,0.71848,0.84848,0.98925,1.132,1.2717,1.4018,1.5181,1.609,1.6823,1.7527,1.8113,1.8543,1.8827,1.8993,1.9052,1.9032,1.8935,1.8768,1.8592,1.8407,1.824,1.8094,1.7879,1.7586,1.7224,1.6784,1.6305,1.5836,1.5367,1.4897,1.4428,1.391,1.3441,1.3021,1.2532,1.2004,1.1457,1.0909,1.042,1.0029,0.9697,0.94428,0.92669,0.91496,0.91202,0.91691,0.92669,0.93842,0.95601,0.97654,0.99609,1.0176,1.043,1.0694,1.0948,1.1163,1.1369,1.1564,1.176,1.1926,1.2033,1.2082,1.2111,1.2121,1.2131,1.218,1.2297,1.2454,1.2581,1.2659,1.2747,1.2815,1.2854,1.2893,1.2981,1.3167,1.35,1.4018,1.4741,1.5709,1.6921,1.8319,1.9658,2.0958,2.2405,2.3861,2.5239,2.6373,2.7195,2.7801,2.824,2.8543,2.8729,2.8827,2.8856,2.8798,2.869,2.8573,2.8446,2.8289,2.8094,2.7869,2.7634,2.7419,2.7195,2.6931,2.6628,2.6325,2.6022,2.5699,2.5259,2.4839,2.4526,2.4164,2.3783,2.3392,2.2981,2.2532,2.2072,2.1623,2.1251,2.0899,2.0489,2.0049,1.9609,1.9208,1.8837,1.8485,1.8143,1.7801,1.7458,1.7155,1.694,1.6784,1.6598,1.6403,1.6237,1.609,1.5953,1.5826,1.5718,1.5601,1.5474,1.5337,1.5191,1.5064,1.4966,1.4868,1.478,1.4702,1.4653,1.4604,1.4545,1.4516,1.4536,1.4614,1.479,1.5044,1.5415,1.5953,1.6667,1.7546,1.8553,1.9668,2.0831,2.1984,2.3099,2.4145,2.5064,2.5865,2.6452,2.6862,2.7204,2.7458,2.7615,2.7674,2.7654,2.7576,2.7478,2.7361,2.7214,2.7038,2.6852,2.6657,2.6461,2.6246,2.5982,2.5679,2.5376,2.5093,2.4819,2.4516,2.4164,2.3783,2.3392,2.303,2.2659,2.2239,2.1779,2.1281,2.0762,2.0235,1.9717,1.9238,1.8798,1.8397,1.8025,1.7722,1.7458,1.7175,1.6891,1.6618,1.6364,1.6158,1.5982,1.5826,1.5679,1.5562,1.5455,1.5367,1.5288,1.5181,1.5064,1.4946,1.4858,1.478,1.4692,1.4594,1.4516,1.4438,1.437,1.4301,1.4262,1.4262,1.4282,1.4321,1.4389,1.4526,1.4946,1.5445,1.5914,1.6637,1.7546,1.8592,1.958,2.0567,2.1652,2.2727,2.3754,2.4682,2.5503,2.6168,2.6667,2.7019,2.7243,2.737,2.7419,2.74,2.7331,2.7263,2.7195,2.7097,2.695,2.6774,2.6588,2.6373,2.6129,2.5875,2.5611,2.5367,2.5122,2.4829,2.4487,2.4076,2.3617,2.3157,2.2688,2.2219,2.175,2.13,2.087,2.044,2.0049,1.9687,1.9277,1.8876,1.8485,1.8084,1.7703,1.7361,1.7087,1.6882,1.6716,1.6569,1.6461,1.6373,1.6256,1.6139,1.6022,1.5885,1.5748,1.5679,1.5611,1.5513,1.5425,1.5347,1.5259,1.521,1.5171,1.5083,1.4995,1.4917,1.4858,1.4829,1.4819,1.4848,1.4946,1.5142,1.5474,1.5875,1.6383,1.7087,1.7957,1.8983,2.0137,2.131,2.2454,2.3548,2.4555,2.5425,2.6158,2.6745,2.7126,2.7351,2.7527,2.7654,2.7693,2.7664,2.7586,2.7478,2.737,2.7273,2.7155,2.6979,2.6764,2.6579,2.6373,2.6149,2.5885,2.5562,2.52,2.4848,2.4506,2.4164,2.3773,2.3324,2.2845,2.2385,2.1926,2.1388,2.0821,2.0244,1.9677,1.9179,1.871,1.826,1.7801,1.738,1.7126,1.6979,1.6862,1.6764,1.6696,1.6618,1.654,1.6471,1.6403,1.6256,1.61,1.5953,1.5758,1.5572,1.5455,1.5357,1.522,1.5083,1.4976,1.4907,1.4907,1.4976,1.5034,1.5103,1.52,1.5288,1.5376,1.5464,1.5601,1.5836,1.6207,1.6755,1.7527,1.8192,1.9179,2.0684,2.2121,2.346,2.4516,2.5406,2.6325,2.7175,2.7879,2.8416,2.8817,2.9062,2.9159,2.914,2.9052,2.8876,2.8612,2.8309,2.7947,2.7537,2.7116,2.6647,2.6109,2.5543,2.4976,2.4399,2.3763,2.3109,2.2522,2.1945,2.1251,2.0479,1.9668,1.8827,1.7977,1.7155,1.6354,1.5572,1.479,1.4037,1.3294,1.2669,1.2121,1.1525,1.0948,1.042,0.99511,0.95015,0.91007,0.87683,0.84751,0.82014,0.7957,0.78104,0.77224,0.75855,0.739,0.71261,0.68231,0.65396,0.63148,0.61388,0.6002,0.58944,0.57967,0.57967,0.57967,0.57967,0.57967,0.57967,0.57967,0.55914,0.565,0.5738,0.58944,0.61388,0.65396,0.71457,0.78592,0.87292,0.98925,1.129,1.2825,1.436,1.5836,1.7214,1.8436,1.9472,2.0332,2.1046,2.1613,2.2004,2.2268,2.2483,2.2659,2.2766,2.2776,2.2698,2.2551,2.2346,2.2121,2.1877,2.1623,2.1369,2.1114,2.0821,2.0459,2.0059,1.9648,1.9208,1.8768,1.8338,1.7889,1.7449,1.7009,1.6598,1.6266,1.5973,1.566,1.5347,1.5064,1.4819,1.4633,1.4497,1.4379,1.4282,1.4233,1.4252,1.4301,1.4389,1.4526,1.4702,1.4917,1.5152,1.5396,1.565,1.5924,1.6227,1.653,1.6833,1.7155,1.7439,1.7713,1.8025,1.8348,1.871,1.9062,1.9365,1.9638,1.9902,2.0147,2.0332,2.0489,2.0616,2.0743,2.0929,2.1212,2.1632,2.2229,2.305,2.4057,2.5239,2.654,2.7879,2.9853,3.0997,3.1906,3.3138,3.392,3.4565,3.5044,3.5367,3.5523,3.5562,3.5494,3.5357,3.52,3.4995,3.4741,3.4467,3.4154,3.3783,3.3343,3.2884,3.2444,3.1965,3.1427,3.086,3.0254,2.9609,2.8983,2.8348,2.7644,2.6911,2.6158,2.4897,2.3451,2.2454,2.1701,2.1065,2.0469,1.9902,1.9433,1.9013,1.8563,1.8143,1.7752,1.737,1.6999,1.6667,1.6403,1.6197,1.6041,1.5885,1.5718,1.5582,1.5445,1.5269,1.5073,1.4868,1.4643,1.4399,1.4145,1.3891,1.3627,1.3363,1.3128,1.2952,1.2825,1.2708,1.26,1.2493,1.2385,1.2307,1.2268,1.2268,1.2366,1.2561,1.2874,1.3333,1.3842,1.4418,1.5142,1.5973,1.6833,1.7683,1.8524,1.9316,2.002,2.0626,2.1144,2.1554,2.1838,2.2033,2.2199,2.2326,2.2405,2.2444,2.2434,2.2375,2.2278,2.2141,2.1965,2.1769,2.1574,2.1388,2.1183,2.0968,2.0723,2.0469,2.0196,1.9883,1.956,1.9208,1.8817,1.8416,1.8016,1.7683,1.739,1.7058,1.6706,1.6354,1.6041,1.5767,1.5513,1.5279,1.5054,1.4848,1.4682,1.4575,1.4487,1.4409,1.434,1.4301,1.4301,1.4301,1.4301,1.4301,1.4301,1.4301,1.4301,1.4301,1.4311,1.433,1.434,1.435,1.435,1.434,1.4321,1.4311,1.4301,1.4301,1.4301,1.4301,1.4321,1.4389,1.4487,1.4643,1.4897,1.5279,1.5797,1.6452,1.7224,1.8055,1.8935,1.9824,2.0684,2.1388,2.1984,2.2561,2.3079,2.3519,2.3861,2.4096,2.4242,2.4321,2.436,2.435,2.4291,2.4203,2.4096,2.3959,2.3812,2.3646,2.346,2.3245,2.3001,2.2766,2.2542,2.2307,2.2043,2.175,2.1457,2.1153,2.0821,2.0469,2.0108,1.9746,1.9404,1.9091,1.8798,1.8504,1.8211,1.7947,1.7742,1.7566,1.738,1.7204,1.7038,1.6882,1.6716,1.6559,1.6413,1.6295,1.6217,1.6149,1.609,1.6041,1.6002,1.5973,1.5963,1.5953,1.5953,1.5934,1.5914,1.5875,1.5806,1.5748,1.5689,1.564,1.5621,1.5601,1.5572,1.5543,1.5533,1.5552,1.564,1.5797,1.6022,1.6354,1.6813,1.739,1.7967,1.8563,1.9267,2.002,2.0772,2.1486,2.2121,2.2659,2.3089,2.3421,2.3656,2.3793,2.3851,2.3842,2.3793,2.3705,2.3578,2.3421,2.3226,2.2991,2.2747,2.2473,2.218,2.1848,2.1466,2.1124,2.0772,2.0362,1.9912,1.9453,1.8983,1.8495,1.8016,1.7566,1.7116,1.6647,1.6188,1.5826,1.5513,1.5161,1.4809,1.4477,1.4145,1.3832,1.3548,1.3275,1.303,1.2835,1.2688,1.218,1.1544,1.1163,1.085,1.0577,1.0313,1.0117,1.002,1.0098,1.042,1.1017,1.1867,1.2942,1.4037,1.5161,1.6442,1.7732,1.8905,1.9863,2.0508,2.0782,2.0674,2.0196,1.9423,1.8446,1.7361,1.6432,1.5621,1.48,1.4086,1.35,1.3089,1.2825,1.2649,1.2522,1.2395,1.2248,1.2072,1.1945,1.1877,1.1848,1.1935,1.218,1.259,1.3148,1.3812,1.4594,1.5415,1.6178,1.6804,1.7234,1.7478,1.7449,1.7107,1.6491,1.5611,1.4467,1.3138,1.1681,1.0108,0.85239,0.69892,0.55327,0.43891,0.34506,0.24438,0.14956,0.078201,0.039101,0.01955,0.0097752,0.0048876,0.001955,0.00097752,0,0,0.0029326,0.024438,0.070381,0.13196,0.20626,0.28837,0.37634,0.47116,2.3597,2.3314,2.3001,2.2659,2.2297,2.1896,2.1466,2.1026,2.0587,2.0147,1.9717,1.9345,1.9003,1.8592,1.8172,1.7771,1.741,1.7067,1.6745,1.6442,1.6178,1.5953,1.5748,1.5562,1.5445,1.5347,1.5259,1.52,1.5171,1.5152,1.5142,1.5142,1.5142,1.5142,1.5142,1.5142,1.5152,1.5171,1.5171,1.5152,1.5112,1.5064,1.5034,1.5024,1.5015,1.5015,1.5015,1.5015,1.5044,1.5122,1.5239,1.5435,1.5767,1.6266,1.6931,1.7761,1.871,1.9717,2.0753,2.1769,2.2727,2.3509,2.4135,2.4712,2.52,2.5601,2.5894,2.6109,2.6246,2.6285,2.6237,2.6149,2.6031,2.5865,2.565,2.5425,2.52,2.4976,2.4741,2.4487,2.4203,2.39,2.3597,2.3304,2.3011,2.2698,2.2385,2.2053,2.1662,2.1251,2.0831,2.0401,1.998,1.9599,1.9238,1.8895,1.8573,1.825,1.7996,1.7752,1.7488,1.7263,1.7058,1.6862,1.6696,1.6588,1.65,1.6422,1.6354,1.6285,1.6227,1.6178,1.6139,1.609,1.6031,1.5992,1.5953,1.5904,1.5846,1.5787,1.5709,1.5621,1.5552,1.5484,1.5435,1.5396,1.5337,1.5298,1.5288,1.5318,1.5415,1.563,1.6012,1.6559,1.7263,1.8113,1.8935,1.9736,2.0645,2.1593,2.2502,2.3333,2.4057,2.4653,2.5112,2.5464,2.5738,2.5914,2.5992,2.6002,2.5973,2.5875,2.5718,2.5513,2.5308,2.5112,2.4917,2.4721,2.4536,2.433,2.4086,2.3822,2.3539,2.3206,2.2854,2.2493,2.2121,2.175,2.1388,2.1017,2.0635,2.0254,1.9863,1.9521,1.9228,1.8915,1.8602,1.8299,1.8025,1.7761,1.7527,1.7312,1.7116,1.6921,1.6725,1.654,1.6383,1.6237,1.609,1.5953,1.5826,1.5679,1.5533,1.4721,1.3568,1.2903,1.2473,1.217,1.1965,1.1818,1.1652,1.1476,1.1261,1.1036,1.0792,1.0499,1.0235,1.0029,0.98827,0.97849,0.97849,0.99022,1.0147,1.0606,1.13,1.2219,1.3333,1.4624,1.5992,1.7341,1.8602,1.9756,2.0733,2.1427,2.1896,2.2248,2.2473,2.2561,2.2532,2.2375,2.2092,2.1711,2.1281,2.0831,2.0371,1.9883,1.9404,1.8954,1.8465,1.7937,1.739,1.6784,1.6139,1.5484,1.4829,1.4174,1.3539,1.2933,1.2444,1.2014,1.1515,1.0978,1.045,0.99316,0.94135,0.8915,0.84555,0.80547,0.77126,0.73998,0.7175,0.7087,0.70479,0.6999,0.69795,0.69697,0.69599,0.69599,0.69795,0.69892,0.69697,0.69599,0.69599,0.69795,0.69892,0.69697,0.69599,0.69306,0.68719,0.67937,0.67351,0.67058,0.66862,0.67058,0.67644,0.68328,0.69404,0.70674,0.72239,0.75171,0.79863,0.86706,0.96285,1.0841,1.2219,1.3734,1.5337,1.6921,1.8231,1.9355,2.0479,2.1515,2.2434,2.3226,2.3832,2.4252,2.4536,2.4721,2.4868,2.4936,2.4897,2.4761,2.4575,2.4389,2.4174,2.393,2.3666,2.3392,2.3089,2.2747,2.2395,2.2053,2.1711,2.1378,2.1026,2.0616,2.0166,1.9707,1.9247,1.8759,1.8231,1.7634,1.696,1.6246,1.5494,1.4829,1.4262,1.3675,1.3118,1.263,1.2219,1.1896,1.1642,1.1466,1.1378,1.1339,1.132,1.131,1.13,1.1251,1.1105,1.087,1.0567,1.0196,0.98045,0.94135,0.90518,0.87292,0.84262,0.81329,0.79179,0.77419,0.75171,0.72825,0.70674,0.68719,0.66764,0.65103,0.64027,0.64223,0.65982,0.69404,0.74878,0.81427,0.88954,0.98143,1.0841,1.1896,1.2942,1.3978,1.4946,1.5758,1.6422,1.6921,1.7263,1.7478,1.7586,1.7644,1.7674,1.7683,1.7732,1.7859,1.8016,1.8182,1.8387,1.8631,1.8895,1.9189,1.9482,1.9795,2.0186,2.0616,2.1065,2.1525,2.1965,2.2375,2.2747,2.305,2.3255,2.3333,2.3294,2.3187,2.3011,2.2757,2.2395,2.1935,2.1398,2.0802,2.0117,1.9374,1.8631,1.7859,1.7028,1.6285,1.5601,1.4839,1.4027,1.3226,1.2424,1.1603,1.0811,1.0088,0.93939,0.87683,0.82111,0.77908,0.74682,0.71652,0.69208,0.67058,0.65494,0.64712,0.64321,0.64614,0.65689,0.67155,0.68622,0.70283,0.72532,0.8739,1.0938,1.2414,1.3636,1.4839,1.6168,1.7674,1.9345,2.1124,2.2923,2.4653,2.609,2.7341,2.8622,2.9814,3.085,3.172,3.2414,3.2942,3.3294,3.349,3.3587,3.3636,3.3617,3.35,3.3333,3.3157,3.2942,3.2659,3.2336,3.2004,3.1662,3.129,3.088,3.0459,3.0029,2.9619,2.9169,2.8661,2.8094,2.7458,2.6794,2.6109,2.5386,2.4633,2.3881,2.3157,2.2444,2.175,2.1183,2.0704,2.0225,1.9765,1.9316,1.8895,1.8524,1.8211,1.7918,1.7664,1.7449,1.7253,1.7116,1.6999,1.6872,1.6745,1.6598,1.6432,1.6266,1.609,1.5914,1.5738,1.5562,1.5386,1.521,1.5083,1.4976,1.4848,1.477,1.4731,1.4731,1.4819,1.5034,1.5406,1.5992,1.6813,1.7859,1.8915,2.001,2.1329,2.2737,2.4164,2.5582,2.6931,2.8133,2.915,2.9971,3.0577,3.0987,3.1212,3.131,3.1329,3.1281,3.1163,3.1036,3.089,3.0684,3.045,3.0196,2.9922,2.9629,2.9306,2.8964,2.8641,2.8309,2.7967,2.7615,2.7263,2.6872,2.6413,2.5934,2.5474,2.4985,2.4428,2.391,2.3431,2.2933,2.2414,2.1896,2.1369,2.089,2.045,2.0049,1.9717,1.9423,1.914,1.8866,1.8641,1.8446,1.8211,1.7967,1.7713,1.7478,1.7273,1.7077,1.6891,1.6716,1.654,1.6315,1.6119,1.5934,1.5679,1.5425,1.5142,1.4868,1.4643,1.4467,1.4291,1.4115,1.3978,1.3871,1.3812,1.3871,1.4057,1.437,1.4858,1.5582,1.6588,1.781,1.9198,2.0655,2.2131,2.3558,2.4839,2.5855,2.6696,2.7507,2.8201,2.8749,2.915,2.9374,2.9443,2.9384,2.9228,2.8974,2.8651,2.8309,2.7986,2.7674,2.7292,2.6843,2.6354,2.5846,2.5298,2.4721,2.4125,2.35,2.2835,2.2151,2.1544,2.0978,2.0313,1.9589,1.8827,1.8074,1.7351,1.6637,1.5943,1.5337,1.4809,1.433,1.3871,1.3509,1.3196,1.2815,1.2434,1.2063,1.1701,1.1349,1.0997,1.0645,1.0293,0.99413,0.9609,0.93744,0.91887,0.89638,0.87195,0.84946,0.83089,0.8172,0.81036,0.81134,0.81623,0.82307,0.83382,0.84946,0.87097,0.89247,0.91202,0.93548,0.96676,1.0088,1.0694,1.1505,1.2522,1.3803,1.5298,1.695,1.8456,1.9873,2.1437,2.3011,2.4477,2.5787,2.6901,2.781,2.7752,2.7107,2.6862,2.6784,2.6745,2.6676,2.6598,2.651,2.6393,2.6266,2.6139,2.5982,2.5787,2.5562,2.5318,2.5073,2.479,2.4487,2.4174,2.3842,2.3509,2.3187,2.2864,2.2522,2.216,2.1799,2.1447,2.1075,2.0694,2.0313,1.998,1.9687,1.9384,1.9091,1.8827,1.8602,1.8387,1.8182,1.7986,1.7791,1.7615,1.7458,1.7351,1.7263,1.7155,1.7058,1.697,1.6911,1.6882,1.6852,1.6823,1.6794,1.6745,1.6676,1.6579,1.651,1.6471,1.6442,1.6422,1.6413,1.6413,1.6442,1.652,1.6628,1.6745,1.6882,1.7077,1.7322,1.7634,1.8113,1.8749,1.955,2.0518,2.1593,2.2727,2.3851,2.4946,2.5963,2.6852,2.7507,2.7977,2.8407,2.8768,2.9042,2.9218,2.9306,2.9345,2.9335,2.9267,2.9159,2.9032,2.8866,2.8671,2.8446,2.8211,2.7967,2.7693,2.74,2.7087,2.6774,2.6442,2.607,2.567,2.5279,2.4917,2.4575,2.4184,2.3744,2.3304,2.2854,2.2405,2.1955,2.1496,2.1007,2.0518,2.0068,1.9648,1.9316,1.9022,1.87,1.8377,1.8065,1.7801,1.7586,1.7419,1.7263,1.7126,1.6989,1.6862,1.6764,1.6686,1.6579,1.6481,1.6393,1.6325,1.6237,1.6168,1.6109,1.607,1.6051,1.6041,1.6031,1.6041,1.607,1.608,1.6119,1.6197,1.6305,1.6442,1.6647,1.6979,1.7468,1.8162,1.9032,1.9902,2.0802,2.1848,2.2933,2.3988,2.4985,2.5894,2.6676,2.7312,2.7801,2.8162,2.8407,2.8543,2.8573,2.8543,2.8485,2.8387,2.827,2.8133,2.7957,2.7742,2.7517,2.7292,2.7038,2.6745,2.6461,2.6168,2.5865,2.5533,2.5181,2.479,2.435,2.3891,2.3441,2.2991,2.2542,2.2092,2.1652,2.129,2.0968,2.0596,2.0205,1.9795,1.9404,1.9032,1.8671,1.8328,1.8016,1.7761,1.7566,1.7439,1.7341,1.7224,1.7126,1.7058,1.7028,1.7009,1.6999,1.6999,1.6999,1.6999,1.6999,1.6999,1.7009,1.7019,1.7009,1.6999,1.6979,1.695,1.694,1.6931,1.6931,1.6931,1.6931,1.6931,1.696,1.7067,1.7253,1.7537,1.7996,1.8661,1.9511,2.0479,2.1544,2.2669,2.3793,2.4868,2.5855,2.6608,2.7175,2.7732,2.8221,2.8612,2.8915,2.913,2.9257,2.9306,2.9277,2.9189,2.9032,2.8827,2.8592,2.8182,2.7634,2.7136,2.6657,2.6197,2.5738,2.5259,2.4731,2.4174,2.3627,2.303,2.2444,2.1877,2.1281,2.0665,2.0039,1.9413,1.8807,1.8192,1.7517,1.6823,1.6158,1.5582,1.5132,1.4751,1.4379,1.4066,1.3773,1.3529,1.3363,1.3236,1.3157,1.3138,1.3128,1.3118,1.3157,1.3226,1.3255,1.3255
67.756,65.92,64.318,62.794,61.543,60.488,59.746,59.16,58.925,58.847,59.043,59.472,60.059,60.801,61.661,62.559,63.419,64.24,64.982,65.685,66.193,66.506,66.662,66.662,66.428,66.037,65.568,64.943,64.24,63.497,62.755,61.973,61.231,60.488,59.863,59.238,58.613,58.066,57.558,57.128,57.05,57.753,59.98,64.122,70.062,77.291,85.496,93.937,102.26,109.76,116.05,120.82,123.79,125.2,125,123.67,121.37,118.48,115.23,111.87,108.55,105.39,102.38,99.564,96.985,94.601,92.491,90.498,88.622,86.864,85.184,83.543,81.941,80.299,78.619,76.861,75.102,73.227,71.351,69.476,67.756,66.037,64.63,63.38,62.286,61.426,60.723,60.371,60.176,60.293,60.684,61.231,61.934,62.677,63.497,64.357,65.177,65.92,66.545,67.131,67.483,67.678,67.678,67.483,67.17,66.662,66.115,65.373,64.63,63.81,62.989,62.169,61.426,60.684,59.98,59.316,58.73,58.183,57.792,57.753,58.613,60.996,65.177,71.039,78.228,86.161,94.445,102.3,109.45,115.31,119.69,122.31,123.24,122.74,120.98,118.44,115.19,111.68,108.04,104.49,101.13,97.883,94.914,92.1,89.56,87.255,85.106,83.113,81.237,79.479,77.76,76.001,74.243,72.445,70.57,68.616,66.623,64.63,62.755,60.918,59.238,57.792,56.62,55.721,55.096,54.744,54.744,54.979,55.565,56.307,57.167,58.3,59.433,60.606,61.817,62.794,63.732,64.552,65.099,65.568,65.685,65.568,65.256,64.787,64.161,63.497,62.677,61.856,61.035,60.254,59.355,58.535,57.792,57.05,56.425,55.721,55.174,54.744,54.744,55.682,58.3,62.911,69.163,76.548,84.598,92.882,100.74,107.81,113.51,117.54,119.88,120.55,119.8,117.93,115.19,111.87,108.32,104.6,101.05,97.571,94.249,91.123,88.232,85.614,83.191,80.925,78.815,76.744,74.751,72.797,70.882,68.929,67.053,65.256,63.497,61.934,60.606,59.629,58.847,58.378,58.105,58.222,58.613,59.355,60.371,61.543,62.794,64.122,65.412,66.662,67.756,68.694,69.358,69.788,69.984,69.945,69.671,69.163,68.538,67.678,66.819,65.803,64.669,63.614,62.481,61.504,60.488,59.472,58.613,57.792,57.128,56.503,55.917,55.37,54.94,54.549,54.314,54.471,55.721,58.691,63.614,70.257,78.072,86.63,95.304,103.67,111.13,117.11,121.48,123.99,124.81,124.18,122.38,119.8,116.68,113.36,110,106.68,103.63,100.74,98.196,95.812,93.624,91.631,89.756,87.997,86.239,84.559,82.918,81.315,79.635,77.916,76.197,74.36,72.484,70.609,68.733,66.858,65.06,63.497,62.051,60.879,59.785,59.004,58.417,58.066,57.988,58.183,58.535,59.121,59.863,60.684,61.543,62.442,63.224,63.927,64.552,65.06,65.373,65.49,65.412,65.256,64.865,64.357,63.693,62.989,62.169,61.348,60.567,59.785,59.043,58.417,57.792,57.167,56.62,56.19,56.034,56.737,58.925,62.911,68.811,76.04,84.168,92.686,100.93,108.51,114.92,119.8,122.93,124.42,124.42,123.13,120.94,118.12,114.88,111.56,108.2,104.99,101.95,99.173,96.633,94.249,92.061,90.068,88.193,86.317,84.559,82.878,81.198,79.479,77.76,76.001,74.165,72.289,70.413,68.499,66.74,65.06,63.536,62.286,61.192,60.254,59.629,59.16,59.004,59.121,59.433,59.941,60.567,61.348,62.247,63.185,64.044,64.787,65.49,66.037,66.506,66.74,66.74,66.623,66.35,65.92,65.295,64.63,63.81,62.989,62.169,61.426,60.723,60.059,59.433,58.808,58.183,57.597,57.245,57.362,58.691,61.661,66.545,73.11,80.886,89.17,97.571,105.42,112.38,118.01,121.91,124.26,124.88,124.18,122.31,119.73,116.6,113.24,109.76,106.36,103.12,100.11,97.297,94.757,92.413,90.225,88.232,86.434,84.676,82.996,81.433,79.791,78.228,76.548,74.868,73.071,71.195,69.358,67.561,65.803,64.24,62.794,61.622,60.567,59.785,59.238,58.925,58.847,59.043,59.433,60.059,60.723,61.543,62.442,63.302,64.161,64.943,65.607,66.115,66.506,66.662,66.662,66.506,66.037,65.568,64.943,64.161,63.419,62.677,61.934,61.192,60.41,59.746,59.121,58.535,57.988,57.48,57.245,57.558,59.121,62.442,67.6,74.36,82.175,90.537,98.86,106.64,113.36,118.75,122.42,124.38,124.73,123.75,121.76,118.94,115.7,112.26,108.75,105.39,102.18,99.134,96.359,93.819,91.475,89.365,87.372,85.496,83.738,81.98,80.299,78.619,76.939,75.102,73.305,71.508,69.632,67.795,66.037,64.474,63.067,61.856,60.801,60.059,59.472,59.238,59.16,59.433,59.863,60.488,61.231,62.13,63.067,64.005,64.865,65.724,66.428,66.975,67.366,67.561,67.6,67.444,67.131,66.623,65.998,65.295,64.63,63.849,63.067,62.286,61.622,60.879,60.254,59.551,58.925,58.417,57.909,57.675,57.988,59.551,62.872,68.108,74.985,82.996,91.475,99.876,107.69,114.37,119.61,123.16,124.92,125.12,123.99,121.88,118.98,115.7,112.26,108.75,105.39,102.18,99.173,96.359,93.819,91.436,89.17,87.177,85.184,83.308,81.433,79.557,77.603,75.728,73.735,71.742,69.632,67.561,65.412,63.419,61.504,59.668,58.105,56.815,55.721,54.862,54.314,54.002,53.924,54.119,54.549,55.252,56.112,57.128,58.105,59.121,60.098,61.035,61.934,62.559,62.989,63.224,63.419,63.38,63.185,62.755,62.247,61.543,60.879,60.098,59.355,58.613,57.792,57.05,56.307,55.604,54.94,54.314,54.002,54.236,55.917,59.355,64.669,71.429,79.127,87.255,95.226,102.73,109.14,114.14,117.54,119.3,119.49,118.36,116.25,113.36,110,106.44,102.73,99.134,95.617,92.374,89.365,86.551,83.933,81.433,79.049,76.861,74.751,72.68,70.609,68.616,66.623,64.669,62.755,60.996,59.433,58.105,57.05,56.307,55.917,55.995,56.346,57.128,58.183,59.629,61.231,63.067,64.943,66.819,68.616,70.296,71.742,72.875,73.735,74.321,74.477,74.438,74.047,73.422,72.602,71.625,70.492,69.241,68.069,66.819,65.568,64.357,63.185,62.13,61.114,60.254,59.433,58.691,57.909,57.284,56.737,56.229,56.229,57.284,60.254,65.256,72.055,80.065,88.74,97.414,105.62,112.81,118.67,122.81,125.12,125.74,124.92,123.05,120.31,117.07,113.55,110.07,106.68,103.43,100.38,97.571,94.992,92.608,90.42,88.427,86.551,84.754,83.074,81.355,79.752,78.111,76.353,74.673,72.875,71.039,69.163,67.287,65.607,64.005,62.559,61.309,60.254,59.316,58.691,58.3,58.105,58.222,58.496,59.004,59.629,60.371,61.231,62.051,62.872,63.614,64.357,64.943,65.412,65.685,65.724,65.607,65.295,64.865,64.357,63.732,63.067,62.286,61.622,60.879,60.098,59.433,58.808,58.183,57.597,57.128,56.62,56.307,56.542,57.909,60.996,65.92,72.445,80.182,88.544,96.985,104.99,112.07,117.81,121.99,124.38,125.2,124.49,122.81,120.23,117.19,113.87,110.5,107.18,103.98,101.01,98.313,95.812,93.507,91.358,89.365,87.489,85.614,83.855,82.136,80.378,78.697,76.939,75.102,73.305,71.508,69.632,67.795,66.037,64.435,62.989,61.739,60.684,59.863,59.238,58.925,58.847,59.043,59.472,60.059,60.879,61.739,62.598,63.536,64.435,65.256,65.92,66.506,66.858,67.053,67.053,66.858,66.545,65.998,65.373,64.63,63.81,62.989,62.169,61.348,60.606,59.941,59.316,58.691,58.105,57.558,57.128,56.972,57.558,59.472,63.302,68.929,76.001,84.051,92.491,100.74,108.43,115,120,123.24,124.81,124.88,123.63,121.37,118.48,115.23,111.79,108.43,105.19,102.18,99.29,96.672,94.249,91.983,89.912,88.036,86.239,84.559,82.878,81.198,79.479,77.76,75.923,74.047,72.055,70.062,68.069,66.115,64.24,62.559,60.918,59.472,58.222,57.167,56.346,55.799,55.487,55.37,55.487,55.799,56.229,56.854,57.558,58.3,59.043,59.785,60.41,60.996,61.504,61.817,62.051,62.051,62.051,61.934,61.661,61.348,60.918,60.41,59.863,59.316,58.73,58.183,57.675,57.167,56.659,56.307,55.995,56.229,57.558,60.606,65.568,72.055,79.674,87.919,96.242,104.17,111.17,116.76,120.63,122.74,123.24,122.31,120.31,117.54,114.26,110.74,107.18,103.67,100.31,97.18,94.249,91.553,89.13,86.864,84.793,82.878,81.042,79.244,77.447,75.689,73.852,71.976,70.101,68.186,66.232,64.474,62.911,61.622,60.488,59.668,59.121,58.808,58.847,59.16,59.746,60.567,61.543,62.677,63.81,64.982,66.115,67.17,67.991,68.694,69.163,69.476,69.554,69.358,69.007,68.421,67.756,66.936,66.037,65.099,64.122,63.067,62.051,61.114,60.176,59.355,58.613,57.909,57.284,56.659,56.229,55.995,56.542,58.535,62.481,68.382,75.689,84.012,92.608,101.13,108.86,115.51,120.51,123.67,125.12,125.04,123.79,121.6,118.79,115.55,112.26,108.94,105.82,102.81,100.07,97.493,95.109,92.921,90.85,88.935,87.059,85.223,83.504,81.745,79.987,78.228,76.431,74.634,72.758,70.882,68.929,67.131,65.373,63.81,62.442,61.231,60.254,59.472,59.004,58.73,58.808,59.043,59.629,60.293,61.035,61.934,62.872,63.849,64.748,65.49,66.193,66.662,66.936,66.975,66.936,66.662,66.311,65.724,65.099,64.357,63.693,62.911,62.169,61.426,60.723,60.098,59.551,59.043,58.496,58.066,57.792,58.183,59.785,63.185,68.382,75.063,82.8,91.162,99.485,107.3,114.18,119.57,123.24,125.2,125.51,124.42,122.38,119.61,116.44,113.04,109.76,106.48,103.43,100.54,97.922,95.422,93.116,91.045,89.052,87.255,85.496,83.738,82.058,80.378,78.619,76.861,75.102,73.305,71.351,69.476,67.678,66.037,64.474,63.185,61.973,61.035,60.293,59.863,59.629,59.551,59.785,60.254,60.879,61.622,62.481,63.38,64.318,65.177,65.92,66.623,67.131,67.444,67.483,67.444,67.17,66.819,66.311,65.685,64.982,64.24,63.497,62.755,61.973,61.309,60.606,59.941,59.316,58.73,58.535,59.16,61.348,65.607,71.664,79.166,87.489,96.008,104.29,111.87,118.16,122.85,125.74,126.88,126.49,124.88,122.38,119.3,115.94,112.5,109.06,105.85,102.92,100.19,97.688,95.422,93.351,91.436,89.599,87.919,86.239,84.598,83.074,81.433,79.791,78.111,76.353,74.555,72.602,70.687,68.85,67.131,65.568,64.161,62.989,61.973,61.309,60.801,60.567,60.606,60.879,61.348,61.973,62.755,63.536,64.435,65.295,66.115,66.819,67.366,67.756,67.991,68.069,67.913,67.6,67.131,66.506,65.803,65.06,64.24,63.497,62.677,61.973,61.231,60.567,59.941,59.433,59.004,58.925,59.668,62.051,66.35,72.563,80.104,88.427,96.985,105.19,112.58,118.67,123.13,125.74,126.68,126.17,124.42,121.8,118.63,115.12,111.56,108.12,104.8,101.75,98.86,96.242,93.819,91.553,89.443,87.411,85.418,83.504,81.628,79.752,77.799,75.806,73.735,71.625,69.437,67.248,65.06,62.872,60.879,59.121,57.558,56.307,55.291,54.549,54.119,54.041,54.314,54.862,55.682,56.659,57.87,59.238,60.606,61.973,63.302,64.552,65.607,66.506,67.131,67.483,67.6,67.483,67.17,66.623,65.998,65.177,64.357,63.497,62.598,61.739,60.879,59.98,59.16,58.378,57.597,57.128,57.128,58.222,61.231,66.311,72.992,80.729,89.052,97.297,105.11,111.87,117.23,120.94,122.93,123.24,122.19,120.04,117.11,113.75,110.19,106.48,103,99.603,96.438,93.507,90.811,88.31,85.926,83.738,81.667,79.674,77.76,75.806,73.852,71.976,70.062,68.108,66.311,64.552,63.067,61.739,60.723,59.941,59.433,59.16,59.121,59.355,59.863,60.488,61.309,62.169,63.106,64.044,64.943,65.724,66.428,66.936,67.287,67.483,67.483,67.287,66.936,66.428,65.881,65.099,64.357,63.497,62.598,61.739,60.918,60.176,59.355,58.691,58.066,57.44,56.854,56.346,55.917,55.565,55.487,56.229,58.535,62.872,69.124,76.861,85.496,94.445,103,110.82,117.38,122.23,125.31,126.6,126.45,124.92,122.54,119.61,116.44,113.12,109.88,106.75,103.82,101.05,98.548,96.32,94.171,92.256,90.42,88.662,87.059,85.496,83.933,82.292,80.729,79.049,77.291,75.571,73.696,71.82,69.866,68.069,66.311,64.748,63.38,62.247,61.309,60.606,60.176,60.059,60.098,60.488,60.996,61.661,62.481,63.302,64.161,64.982,65.724,66.428,66.975,67.366,67.6,67.6,67.444,67.053,66.506,65.881,65.099,64.357,63.536,62.755,61.934,61.192,60.41,59.746,59.121,58.535,58.066,57.87,58.417,60.41,64.435,70.296,77.603,85.848,94.445,102.73,110.43,116.87,121.8,125,126.37,126.17,124.81,122.5,119.57,116.29,112.89,109.49,106.25,103.12,100.23,97.571,95.187,92.921,90.928,89.13,87.372,85.731,84.129,82.566,81.003,79.362,77.603,75.884,74.008,72.055,70.179,68.382,66.662,65.099,63.81,62.677,61.739,61.035,60.567,60.371,60.488,60.801,61.348,62.051,62.794,63.693,64.552,65.412,66.232,66.975,67.561,67.991,68.186,68.186,67.991,67.6,67.131,66.506,65.724,64.982,64.161,63.38,62.598,61.934,61.231,60.567,59.941,59.355,58.925,58.847,59.746,62.247,66.74,73.188,80.925,89.365,97.883,106.05,113.36,119.3,123.48,125.98,126.76,126.06,124.38,121.88,118.79,115.51,112.11,108.86,105.85,103,100.38,97.922,95.695,93.624,91.748,89.99,88.31,86.669,85.067,83.425,81.745,79.987,78.228,76.353,74.477,72.484,70.57,68.694,66.975,65.412,64.122,62.989,62.169,61.543,61.192,61.114,61.309,61.661,62.247,62.911,63.81,64.669,65.568,66.428,67.248,67.913,68.421,68.811,68.929,68.929,68.694,68.303,67.756,67.131,66.35,65.607,64.865,64.044,63.302,62.559,61.856,61.231,60.606,60.098,59.863,60.41,62.364,66.311,72.25,79.674,87.919,96.438,104.68,112.18,118.44,123.05,125.86,126.92,126.45,124.73,122.19,119.06,115.7,112.26,108.86,105.82,102.92,100.38,98.001,95.812,93.819,91.944,90.107,88.427,86.786,85.184,83.504,81.823,79.987,78.072,76.118,74.008,71.859,69.788,67.756,65.803,64.005,62.364,60.918,59.668,58.691,57.909,57.362,57.128,57.05,57.245,57.675,58.183,58.847,59.629,60.41,61.192,61.934,62.559,63.067,63.419,63.693,63.81,63.732,63.536,63.224,62.794,62.286,61.739,61.114,60.488,59.785,59.16,58.535,57.909,57.362,56.933,56.815,57.558,59.863,64.044,69.984,77.173,85.106,93.312,101.17,108.32,114.18,118.48,121.13,121.99,121.37,119.61,116.91,113.75,110.23,106.64,103,99.485,96.164,93.116,90.225,87.567,85.067,82.761,80.573,78.424,76.353,74.321,72.25,70.179,68.069,65.998,64.005,62.169,60.567,59.16,58.066,57.284,56.854,56.854,57.167,57.87,58.925,60.254,61.817,63.536,65.373,67.17,69.007,70.687,72.25,73.539,74.634,75.376,75.728,75.884,75.728,75.415,74.868,74.126,73.227,72.25,71.234,70.257,69.241,68.225,67.248,66.35,65.49,64.63,63.81,62.989,62.169,61.504,61.035,61.426,63.38,67.287,73.188,80.495,88.622,96.945,104.99,112.26,118.32,122.74,125.35,126.37,125.82,124.1,121.48,118.32,114.8,111.33,107.89,104.57,101.48,98.626,95.93,93.507,91.241,89.17,87.255,85.379,83.621,81.941,80.26,78.502,76.744,74.946,73.11,71.234,69.437,67.6,65.92,64.357,62.989,61.856,60.996,60.293,59.863,59.668,59.785,60.098,60.606,61.309,62.13,62.989,63.849,64.748,65.568,66.311,66.858,67.248,67.444,67.483,67.287,66.975,66.506,65.92,65.177,64.357,63.536,62.677,61.817,60.996,60.254,59.551,58.847,58.222,57.753,57.245,56.972,57.128,58.222,61.035,65.92,72.68,80.69,89.482,98.313,106.75,114.26,120.31,124.57,126.99,127.7,126.92,125.12,122.42,119.3,116.01,112.69,109.49,106.48,103.67,101.13,98.743,96.555,94.484,92.569,90.733,89.052,87.372,85.731,84.129,82.449,80.69,78.932,77.056,75.181,73.188,71.234,69.319,67.561,65.92,64.474,63.302,62.247,61.504,60.918,60.684,60.684,60.918,61.426,62.13,62.911,63.849,64.748,65.607,66.506,67.248,67.874,68.382,68.616,68.733,68.694,68.421,67.991,67.444,66.74,65.998,65.177,64.318,67.756,68.733,69.476,69.984,70.374,70.687,70.882,71,70.921,70.726,70.374,69.788,69.163,68.421,67.678,66.936,66.115,65.295,64.474,63.732,62.989,62.286,61.856,61.817,62.559,64.943,69.358,75.728,83.621,92.178,100.93,109.29,116.76,122.81,127.11,129.69,130.51,129.73,127.81,125.12,121.88,118.44,114.88,111.44,108.12,105.07,102.26,99.603,97.258,95.07,92.999,91.006,89.052,87.177,85.301,83.425,81.628,79.674,77.76,75.728,73.696,71.547,69.437,67.444,65.412,63.693,62.13,60.918,59.863,59.121,58.691,58.535,58.808,59.355,60.098,61.035,62.13,63.38,64.669,65.92,67.053,67.991,68.811,69.319,69.554,69.671,69.554,69.241,68.733,68.108,67.366,66.545,65.724,64.943,64.161,63.419,62.755,62.13,61.543,61.114,60.801,60.918,62.13,65.099,70.413,77.603,86.044,95.07,103.94,112.3,119.49,125.2,128.95,130.86,130.98,129.73,127.42,124.42,120.98,117.42,113.87,110.43,107.26,104.37,101.75,99.29,97.063,94.992,93.038,91.162,89.287,87.489,85.614,83.738,81.745,79.752,77.681,75.689,73.696,71.82,70.062,68.499,67.17,65.998,65.177,64.63,64.318,64.318,64.552,64.982,65.607,66.428,67.248,68.186,69.046,69.866,70.57,71.039,71.429,71.625,71.625,71.351,70.882,70.257,69.476,68.694,67.756,66.819,65.803,64.865,64.044,63.224,62.481,61.739,61.114,60.488,59.98,59.472,59.121,59.043,59.863,62.286,66.936,73.618,81.823,90.811,99.876,108.67,116.6,123.05,127.74,130.43,131.45,130.86,129.07,126.37,123.32,120,116.6,113.36,110.31,107.57,104.99,102.69,100.54,98.548,96.75,95.07,93.624,92.178,90.693,89.17,87.685,86.044,84.363,82.566,80.612,78.541,76.353,74.243,72.172,70.257,68.499,66.936,65.568,64.474,63.693,63.185,62.911,62.989,63.38,64.005,64.865,65.803,66.74,67.756,68.694,69.476,70.257,70.726,71.117,71.234,71.195,70.921,70.492,69.866,69.163,68.421,67.6,66.74,65.881,64.982,64.161,63.38,62.559,61.934,61.348,60.996,60.801,61.348,63.419,67.444,73.5,81.042,89.482,98.313,106.95,114.8,121.37,126.25,129.18,130.35,129.92,128.32,125.67,122.54,119.18,115.82,112.5,109.25,106.32,103.55,101.13,98.86,96.789,94.914,93.116,91.436,89.756,88.115,86.473,84.871,83.191,81.355,79.557,77.603,75.728,73.852,72.055,70.296,68.694,67.287,66.115,65.177,64.552,64.161,64.044,64.24,64.63,65.256,66.037,66.975,67.913,68.85,69.788,70.687,71.351,71.859,72.25,72.445,72.367,72.133,71.664,71.117,70.413,69.632,68.694,67.795,66.936,66.037,65.256,64.474,63.81,63.185,62.598,62.13,61.739,61.934,63.106,66.037,71.195,78.189,86.356,95.187,103.86,112.11,119.26,124.88,128.75,130.82,131.18,130.12,128.05,125.31,122.19,118.79,115.43,111.99,108.82,105.74,103,100.42,98.04,95.851,93.819,91.866,89.99,88.193,86.356,84.598,82.8,80.925,78.932,76.861,74.751,72.563,70.413,68.382,66.428,64.63,63.067,61.661,60.567,59.668,59.121,58.847,58.847,59.16,59.785,60.606,61.622,62.598,63.693,64.787,65.803,66.74,67.483,68.108,68.499,68.694,68.616,68.382,67.913,67.366,66.662,65.92,65.099,64.318,63.497,62.755,62.051,61.504,60.918,60.41,59.98,59.785,60.254,62.13,66.037,72.25,80.182,88.974,98.04,106.87,114.88,121.45,126.25,129.1,130.12,129.5,127.62,124.88,121.48,117.85,114.14,110.43,106.95,103.67,100.74,98.001,95.539,93.312,91.162,89.248,87.411,85.692,83.933,82.253,80.417,78.697,76.861,75.063,73.305,71.664,70.179,68.85,67.756,66.858,66.193,65.803,65.685,65.803,66.115,66.662,67.366,68.108,68.929,69.788,70.57,71.234,71.82,72.172,72.367,72.367,72.133,71.742,71.234,70.57,69.749,68.85,67.991,67.131,66.232,65.373,64.474,63.614,62.872,62.169,61.543,61.114,60.684,60.254,59.863,59.551,59.433,59.941,61.739,65.685,71.742,79.635,88.505,97.727,106.79,115.12,122.19,127.5,130.86,132.43,132.39,130.98,128.67,125.74,122.5,119.06,115.7,112.5,109.57,106.79,104.25,101.99,99.876,97.922,96.125,94.367,92.686,91.045,89.443,87.802,86.161,84.481,82.761,80.925,79.049,77.056,75.063,73.071,71.195,69.437,67.874,66.506,65.373,64.474,63.927,63.614,63.614,63.849,64.435,65.177,66.115,67.17,68.186,69.241,70.179,71.039,71.664,72.133,72.367,72.367,72.133,71.664,71.039,70.257,69.358,68.421,67.444,66.506,65.607,64.787,64.044,63.302,62.559,61.934,61.348,60.918,60.801,61.426,63.614,67.874,74.165,81.941,90.537,99.368,107.81,115.43,121.8,126.49,129.38,130.43,129.92,128.32,125.82,122.74,119.37,116.01,112.61,109.45,106.44,103.67,101.13,98.743,96.555,94.562,92.608,90.733,88.974,87.294,85.692,84.129,82.488,80.729,78.854,76.861,74.751,72.68,70.726,69.046,67.444,66.037,64.865,64.005,63.302,62.911,62.794,63.067,63.693,64.435,65.373,66.35,67.366,68.421,69.437,70.413,71.234,71.937,72.25,72.25,71.976,71.508,70.921,70.257,69.476,68.733,67.991,67.131,66.311,65.568,64.787,64.044,63.38,62.755,62.13,61.543,61.348,61.973,64.161,68.382,74.634,82.449,91.006,99.681,108.12,115.74,122.07,126.6,129.38,130.35,129.92,128.36,125.94,122.93,119.73,116.48,113.24,110.11,107.18,104.45,101.87,99.564,97.414,95.422,93.507,91.748,90.068,88.349,86.747,85.067,83.386,81.628,79.752,77.799,75.884,73.93,71.976,70.179,68.538,67.17,65.92,64.982,64.24,63.732,63.497,63.614,64.005,64.552,65.373,66.232,67.248,68.225,69.163,69.984,70.687,71.234,71.508,71.547,71.351,71,70.492,69.866,69.124,68.225,67.366,66.428,65.568,64.748,63.927,63.106,62.442,61.739,61.192,60.879,61.114,62.481,65.724,71.039,77.994,86.004,94.445,102.81,110.7,117.54,122.93,126.6,128.44,128.64,127.31,125,121.99,118.63,115.12,111.48,108.04,104.88,101.95,99.173,96.672,94.445,92.296,90.303,88.349,86.551,84.793,82.996,81.198,79.323,77.447,75.493,73.422,71.312,69.241,67.17,65.295,63.614,62.13,60.879,59.98,59.316,59.004,59.16,59.668,60.293,61.114,62.364,63.81,65.177,66.506,67.795,69.046,70.062,70.882,71.429,71.82,71.82,71.547,71.195,70.609,69.945,69.124,68.186,67.248,66.428,65.724,65.099,64.474,63.927,63.419,63.106,62.911,63.302,64.787,68.225,74.008,81.628,90.107,98.977,107.61,115.62,122.31,127.31,130.43,131.61,131.18,129.38,126.56,123.05,119.3,115.39,111.56,107.89,104.45,101.17,98.235,95.5,93.038,90.733,88.622,86.551,84.481,82.566,80.612,78.619,76.665,74.751,72.758,70.726,68.85,67.053,65.49,64.122,62.911,62.051,61.426,61.114,61.035,61.231,61.739,62.364,63.185,64.044,65.06,65.998,66.936,67.795,68.499,69.007,69.319,69.358,69.319,69.007,68.499,67.874,67.131,66.35,65.49,64.63,63.81,62.911,62.051,61.231,60.606,60.059,59.433,58.847,58.3,57.988,57.988,58.925,61.543,66.232,72.875,81.003,89.873,98.938,107.5,115.19,121.48,125.98,128.64,129.42,128.75,126.99,124.42,121.29,118.01,114.69,111.44,108.32,105.42,102.73,100.31,98.118,96.125,94.249,92.569,90.928,89.365,87.88,86.317,84.793,83.191,81.55,79.752,77.877,75.923,74.008,71.976,70.062,68.225,66.545,65.06,63.849,62.872,62.169,61.739,61.543,61.661,62.051,62.677,63.38,64.24,65.177,66.115,67.053,67.874,68.538,69.124,69.358,69.358,69.163,68.811,68.225,67.561,66.819,65.998,65.177,64.357,63.536,62.755,61.973,61.309,60.606,60.059,59.863,60.371,62.13,65.803,71.664,79.127,87.607,96.438,105.11,113.04,119.8,125,128.36,129.92,129.89,128.36,125.98,123.05,119.73,116.25,112.81,109.61,106.56,103.74,101.13,98.743,96.477,94.445,92.569,90.811,89.17,87.607,86.004,84.285,82.605,80.925,79.049,77.134,75.102,73.188,71.234,69.358,67.6,66.037,64.669,63.536,62.677,62.051,61.739,61.661,61.856,62.286,62.989,63.849,64.865,65.881,66.858,67.874,68.694,69.241,69.671,69.866,69.866,69.554,69.046,68.694,68.382,67.483,66.193,65.373,65.099,64.63,63.732,62.794,62.051,61.348,60.918,60.879,61.817,64.435,69.124,75.61,83.425,91.944,100.62,108.98,116.56,122.7,126.92,129.3,129.92,129.26,127.54,125.12,121.88,118.12,114.26,110.7,107.61,104.68,101.79,99.134,96.789,94.796,92.921,91.045,89.287,87.489,85.731,84.051,82.292,80.417,78.502,76.509,74.36,72.25,70.062,67.913,65.998,64.24,62.559,61.114,59.98,59.043,58.496,58.105,57.988,58.183,58.535,59.16,59.941,60.879,61.817,62.755,63.497,64.24,64.865,65.373,65.607,65.607,65.412,65.177,64.748,64.24,63.614,62.989,62.364,61.661,60.996,60.371,59.785,59.316,58.691,58.066,57.87,58.691,61.114,65.412,71.508,79.01,87.88,97.063,105.31,112.42,118.67,123.36,125.86,126.37,125.51,123.75,121.05,117.62,113.87,110.11,106.48,103.04,99.915,97.102,94.445,91.944,89.599,87.489,85.418,83.504,81.628,79.87,78.072,76.236,74.438,72.563,70.609,68.694,66.858,65.256,63.927,62.872,62.13,61.622,61.543,61.817,62.364,63.185,64.318,65.607,67.053,68.538,69.984,71.312,72.484,73.5,74.321,74.868,75.181,75.181,74.985,74.477,73.813,72.914,71.937,70.882,69.671,68.499,67.287,66.232,65.256,64.24,63.302,62.442,61.661,60.879,60.176,59.629,59.551,60.684,63.81,69.319,76.744,85.418,94.679,103.82,112.3,119.49,125,128.56,130.2,130.12,128.75,126.29,123.24,119.8,116.37,113.01,109.8,106.75,103.98,101.36,99.056,96.867,94.875,92.999,91.162,89.482,87.88,86.317,84.676,83.074,81.433,79.674,77.877,75.923,73.93,71.937,70.062,68.225,66.623,65.099,63.81,62.794,62.051,61.543,61.348,61.426,61.661,62.13,62.755,63.497,64.318,65.177,65.998,66.819,67.444,67.991,68.303,68.499,68.382,68.069,67.6,67.053,66.428,65.803,65.099,64.357,63.614,62.872,62.169,61.426,60.723,60.098,59.551,59.238,59.668,61.622,65.607,71.664,79.323,87.88,96.789,105.42,113.36,120,125,128.13,129.42,129.18,127.62,125.2,122.19,118.87,115.51,112.18,109.06,106.05,103.24,100.62,98.235,96.008,93.976,92.1,90.225,88.505,86.786,85.106,83.386,81.628,79.87,78.111,76.314,74.36,72.445,70.57,68.811,67.17,65.803,64.552,63.536,62.794,62.286,62.051,61.973,62.247,62.598,63.224,64.005,64.787,65.685,66.545,67.366,68.069,68.616,69.007,69.163,69.241,69.046,68.733,68.186,67.561,66.819,66.037,65.256,64.474,63.693,62.911,62.169,61.504,60.879,60.254,59.863,59.98,61.309,64.435,69.632,76.548,84.598,93.312,101.99,110.11,117.23,122.85,126.76,128.67,128.95,127.74,125.43,122.42,118.98,115.43,111.95,108.51,105.31,102.3,99.485,96.945,94.601,92.413,90.381,88.427,86.551,84.754,82.918,81.12,79.244,77.291,75.298,73.305,71.234,69.163,67.17,65.295,63.536,61.973,60.684,59.551,58.808,58.3,58.183,58.3,58.73,59.433,60.293,61.348,62.559,63.81,64.982,66.115,67.131,67.913,68.499,68.929,69.046,69.007,68.694,68.108,67.444,66.662,65.803,64.943,64.044,63.185,62.364,61.622,60.918,60.254,59.551,59.121,59.121,60.254,63.302,68.616,75.728,84.051,92.882,101.67,110,117.11,122.74,126.49,128.36,128.48,127.31,124.92,121.88,118.36,114.69,111.01,107.5,104.17,101.13,98.352,95.812,93.429,91.241,89.248,87.294,85.418,83.738,82.175,80.417,78.502,76.626,74.634,72.445,70.296,68.382,66.623,65.177,63.849,62.755,61.856,61.231,60.996,61.035,61.348,61.973,62.872,63.849,64.982,66.193,67.366,68.382,69.241,70.062,70.687,71.117,71.351,71.351,71.039,70.57,69.945,69.163,68.303,67.366,66.428,65.49,64.552,63.732,62.911,62.247,61.543,60.918,60.293,59.863,59.629,60.254,62.364,66.545,72.875,80.69,89.443,98.43,107.11,114.88,121.25,125.94,128.67,129.69,129.07,127.31,124.69,121.48,118.05,114.57,111.17,108.04,105.11,102.42,99.993,97.805,95.734,93.859,92.1,90.381,88.74,87.099,85.418,83.816,82.058,80.299,78.502,76.626,74.634,72.602,70.687,68.733,67.053,65.568,64.24,63.106,62.286,61.739,61.543,61.543,61.817,62.247,62.911,63.732,64.669,65.607,66.506,67.287,67.991,68.616,69.007,69.241,69.163,69.007,68.538,67.913,67.17,66.35,65.568,64.748,64.005,63.302,62.559,61.856,61.192,60.488,59.941,59.668,60.176,62.169,66.311,72.445,80.104,88.74,97.571,106.17,113.98,120.51,125.31,128.24,129.42,128.99,127.31,124.73,121.6,118.24,114.8,111.44,108.24,105.19,102.42,99.915,97.61,95.5,93.507,91.67,89.873,88.232,86.63,84.988,83.386,81.667,79.948,78.111,76.236,74.243,72.25,70.296,68.421,66.74,65.256,63.927,62.872,61.973,61.426,61.192,61.231,61.543,62.13,62.794,63.614,64.474,65.412,66.311,67.131,67.874,68.421,68.85,69.124,69.163,69.007,68.694,68.225,67.6,66.936,66.193,65.373,64.552,63.693,62.794,61.934,61.231,60.684,60.254,60.176,61.192,63.81,68.421,74.79,82.488,91.123,100.07,108.55,115.94,121.76,125.98,128.56,129.38,128.48,126.49,123.79,120.63,117.23,113.83,110.5,107.42,104.45,101.67,99.173,97.063,95.07,93.038,91.123,89.287,87.567,85.809,84.012,82.292,80.612,78.854,76.978,75.102,73.227,71.351,69.671,68.069,66.428,64.943,63.693,62.794,62.364,62.051,61.856,61.973,62.364,63.067,64.005,64.943,65.881,66.975,68.186,69.007,69.437,69.671,69.984,70.257,70.296,70.179,69.671,68.929,67.913,66.975,66.115,65.373,64.787,64.122,63.224,62.286,61.622,61.114,60.684,60.684,61.856,64.982,70.179,76.939,84.91,93.546,102.26,110.54,117.93,123.67,127.31,128.99,129.3,128.44,126.29,123.16,119.8,116.48,113.24,110.19,107.18,104.37,101.67,99.251,97.102,95.07,93.233,91.631,90.068,88.31,86.551,84.871,83.191,81.355,79.362,77.447,75.493,73.422,71.429,69.476,67.678,65.998,64.669,63.536,62.677,62.13,61.739,61.504,61.348,61.504,61.934,62.677,63.732,64.865,65.568,65.803,65.803,65.92,66.232,66.545,66.545,66.037,65.295,64.669,64.044,63.302,62.364,61.504,61.114,60.801,60.059,58.847,57.597,56.933,56.62,56.346,56.307,56.972,59.433,64.161,71.312,79.791,88.349,96.555,104.49,111.68,117.54,121.91,124.57,125.51,124.88,123.05,120.31,117.07,113.44,109.8,106.32,103,99.876,96.945,94.249,91.748,89.443,87.255,85.106,83.113,81.198,79.244,77.252,75.181,73.11,71.039,69.007,66.936,64.943,63.067,61.426,60.098,59.121,58.417,58.105,58.183,58.535,59.316,60.41,61.817,63.419,65.06,66.74,68.303,69.788,71.039,72.133,72.914,73.422,73.618,73.539,73.305,72.797,72.172,71.429,70.609,69.788,68.929,68.069,67.131,66.311,65.607,65.099,64.63,64.122,63.732,63.849,64.982,67.795,72.68,79.244,86.942,95.07,103.2,110.7,117.19,122.23,125.55,127.11,127.07,125.67,123.32,120.23,116.8,113.04,109.37,105.82,102.49,99.368,96.477,93.819,91.319,88.974,86.942,84.871,82.918,81.003,79.049,77.173,75.259,73.305,71.312,69.358,67.483,65.685,64.122,62.677,61.504,60.488,59.746,59.355,59.238,59.433,59.785,60.41,61.231,62.169,63.185,64.161,65.256,66.193,66.936,67.561,67.991,68.225,68.225,68.069,67.678,67.17,66.545,65.803,64.982,64.161,63.302,62.442,61.622,60.801,60.098,59.433,58.808,58.222,57.753,57.44,57.753,59.433,63.106,68.811,76.236,84.754,93.663,102.42,110.5,117.38,122.7,126.17,127.81,127.85,126.6,124.38,121.48,118.32,115,111.75,108.55,105.62,102.92,100.42,98.196,96.164,94.288,92.491,90.811,89.17,87.567,86.004,84.363,82.683,80.925,79.127,77.252,109.29,106.25,103.35,100.7,98.196,95.851,93.741,91.788,89.912,88.115,86.434,84.754,83.113,81.511,79.752,77.994,76.236,74.321,72.367,70.413,68.616,66.858,65.295,63.927,62.755,61.739,61.035,60.567,60.293,60.293,60.567,61.035,61.661,62.442,63.224,64.161,65.06,65.881,66.545,67.131,67.483,67.678,67.678,67.561,67.17,66.74,66.115,65.412,64.669,63.849,63.106,62.286,61.622,60.879,60.176,59.551,59.004,58.535,58.535,59.629,62.286,67.053,73.539,81.315,89.599,98.001,105.93,113.01,118.63,122.54,124.73,125.24,124.49,122.7,120.12,117.07,113.75,110.39,107.11,103.98,101.13,98.43,95.93,93.663,91.67,89.795,87.997,86.317,84.676,82.996,81.355,79.635,77.877,76.001,74.126,72.172,70.296,68.421,66.662,65.099,63.693,62.481,61.504,60.606,60.059,59.746,59.551,59.629,59.746,59.941,60.176,60.606,61.192,61.856,62.442,62.677,62.794,62.794,62.598,62.286,61.817,61.309,60.801,60.254,59.668,59.121,58.417,57.753,56.972,56.19,55.487,54.94,54.471,54.041,53.611,53.22,53.181,53.689,55.409,59.004,64.435,71.312,79.127,87.411,95.734,103.51,110.19,115.51,119.18,121.05,121.45,120.35,118.36,115.55,112.42,108.98,105.54,102.18,98.86,95.812,92.921,90.185,87.685,85.223,82.918,80.807,78.697,76.626,74.555,72.563,70.492,68.499,66.506,64.474,62.598,60.918,59.472,58.378,57.558,57.05,56.933,57.167,57.87,58.847,60.293,61.934,63.732,65.607,67.483,69.319,71,72.445,73.539,74.477,75.063,75.376,75.376,75.181,74.673,74.008,73.11,72.133,71.117,69.984,68.85,67.795,66.74,65.724,64.748,63.849,63.067,62.247,61.504,60.801,60.371,60.567,62.169,65.685,71.234,78.228,86.161,94.367,102.42,109.8,116.01,120.63,123.48,124.69,124.42,123.01,120.66,117.73,114.49,111.05,107.73,104.57,101.48,98.743,96.164,93.819,91.553,89.56,87.607,85.731,84.012,82.253,80.417,78.619,76.744,74.868,72.914,71.117,69.319,67.483,65.724,64.24,62.872,61.739,60.801,60.098,59.629,59.472,59.551,59.941,60.41,61.114,61.934,62.872,63.732,64.63,65.412,66.037,66.623,66.975,67.248,67.248,67.053,66.662,66.232,65.685,64.982,64.161,63.38,62.481,61.622,60.879,60.098,59.433,58.73,58.183,57.597,57.128,56.737,56.737,57.597,60.098,64.63,70.921,78.697,87.177,95.851,104.14,111.64,117.73,122.23,124.92,125.82,125.31,123.67,121.37,118.44,115.31,112.11,108.94,106.01,103.2,100.62,98.196,95.93,93.859,91.944,90.107,88.349,86.551,84.793,83.191,81.55,79.87,78.111,76.314,74.36,72.484,70.609,68.811,67.053,65.412,64.005,62.755,61.661,60.879,60.293,59.98,59.98,60.254,60.801,61.504,62.286,63.185,64.122,64.982,65.881,66.545,67.131,67.483,67.756,67.756,67.6,67.287,66.858,66.232,65.568,64.748,63.849,63.067,62.247,61.426,60.606,59.863,59.16,58.535,57.988,57.48,57.128,57.05,57.792,59.98,64.044,70.062,77.447,85.692,94.249,102.49,110,116.25,120.86,123.75,124.92,124.69,123.24,120.86,118.01,114.76,111.44,108.12,104.99,101.99,99.251,96.672,94.288,92.178,90.225,88.349,86.63,84.91,83.23,81.55,79.87,78.189,76.353,74.438,72.563,70.609,68.733,66.936,65.295,63.81,62.559,61.504,60.606,60.059,59.668,59.629,59.785,60.176,60.801,61.543,62.364,63.224,64.122,64.982,65.803,66.506,67.053,67.366,67.483,67.483,67.248,66.858,66.35,65.803,65.06,64.318,63.419,62.598,61.817,61.035,60.293,59.629,59.004,58.496,57.988,57.753,57.909,59.316,62.364,67.366,74.126,81.98,90.42,98.938,106.87,113.87,119.41,123.16,125.2,125.51,124.42,122.38,119.61,116.56,113.24,109.88,106.64,103.51,100.54,97.883,95.422,93.194,91.123,89.248,87.567,85.848,84.246,82.605,81.003,79.362,77.76,76.001,74.165,72.289,70.374,68.538,66.819,65.177,63.81,62.559,61.543,60.801,60.293,60.098,60.098,60.41,60.879,61.504,62.286,63.185,64.044,64.943,65.724,66.428,66.975,67.444,67.678,67.795,67.678,67.444,66.975,66.428,65.724,65.06,64.357,63.536,62.794,62.051,61.348,60.723,60.098,59.472,59.004,58.535,58.496,59.316,61.817,66.232,72.563,80.182,88.427,96.789,104.8,111.99,117.81,122.07,124.42,125.24,124.61,122.85,120.31,117.19,113.87,110.43,107.11,103.94,101.01,98.313,95.851,93.624,91.553,89.678,87.919,86.239,84.441,82.683,81.042,79.479,77.76,75.884,73.93,71.937,69.945,68.069,66.193,64.435,62.872,61.504,60.254,59.16,58.378,57.753,57.362,57.128,57.05,57.167,57.44,57.753,58.222,58.73,59.316,59.863,60.41,60.879,61.231,61.504,61.661,61.739,61.739,61.622,61.348,61.035,60.723,60.293,59.863,59.433,58.925,58.417,57.988,57.558,57.128,56.659,56.425,56.815,58.417,61.934,67.248,73.93,81.511,89.443,97.258,104.49,110.7,115.39,118.48,119.92,119.92,118.63,116.37,113.51,110.19,106.64,103.12,99.681,96.359,93.233,90.303,87.567,85.067,82.761,80.612,78.541,76.509,74.438,72.484,70.492,68.499,66.428,64.474,62.598,60.918,59.472,58.3,57.48,56.933,56.659,56.815,57.284,58.105,59.316,60.723,62.442,64.161,65.92,67.678,69.241,70.687,71.859,72.797,73.422,73.813,73.852,73.696,73.227,72.602,71.82,70.921,69.866,68.811,67.678,66.623,65.607,64.669,63.732,62.911,62.13,61.426,60.801,60.254,59.746,59.433,59.863,61.622,65.256,70.804,77.799,85.809,94.132,102.18,109.57,115.82,120.63,123.67,125,124.81,123.44,121.13,118.16,114.92,111.56,108.24,105.07,101.99,99.173,96.633,94.249,92.061,90.068,88.193,86.317,84.559,82.8,81.12,79.323,77.486,75.689,73.813,71.937,69.984,68.108,66.311,64.669,63.185,61.934,60.879,60.059,59.433,59.043,59.004,59.16,59.551,60.098,60.801,61.661,62.559,63.497,64.318,65.06,65.724,66.232,66.623,66.74,66.662,66.428,66.037,65.568,64.943,64.161,63.38,62.559,61.739,60.918,60.176,59.472,58.847,58.3,57.753,57.284,56.933,56.815,57.284,59.121,62.794,68.421,75.61,83.855,92.569,101.01,108.82,115.55,120.66,124.1,125.74,125.86,124.69,122.62,119.88,116.76,113.55,110.39,107.18,104.17,101.36,98.821,96.438,94.132,91.944,89.912,88.036,86.161,84.441,82.683,81.003,79.323,77.564,75.806,74.008,72.289,70.57,68.694,66.936,65.295,63.849,62.677,61.739,60.918,60.371,59.98,59.941,60.098,60.41,60.996,61.817,62.677,63.536,64.318,65.099,65.881,66.545,67.053,67.444,67.561,67.483,67.287,66.936,66.35,65.724,65.06,64.24,63.419,62.598,61.856,61.114,60.41,59.785,59.16,58.613,58.183,57.792,57.87,58.73,61.192,65.568,71.82,79.479,87.919,96.477,104.68,111.99,118.05,122.54,125.24,126.25,125.74,124.18,121.76,118.75,115.51,112.18,108.86,105.7,102.73,100.07,97.61,95.304,93.116,91.123,89.17,87.372,85.692,84.012,82.292,80.612,78.932,77.173,75.298,73.422,71.508,69.632,67.874,66.232,64.787,63.536,62.481,61.661,61.035,60.606,60.567,60.684,61.114,61.661,62.481,63.302,64.24,65.177,66.115,66.975,67.678,68.303,68.694,68.929,68.929,68.733,68.382,67.874,67.17,66.506,65.685,64.787,64.005,63.185,62.364,61.622,60.879,60.254,59.668,59.16,58.925,59.238,60.801,64.24,69.671,76.744,84.793,93.233,101.48,109.14,115.7,120.74,124.1,125.74,125.82,124.61,122.42,119.57,116.37,113.01,109.68,106.48,103.55,100.81,98.235,95.93,93.859,91.944,90.107,88.427,86.786,85.301,83.738,82.175,80.495,78.736,76.939,75.063,73.188,71.312,69.476,67.756,66.193,64.787,63.614,62.677,61.973,61.622,61.504,61.622,61.973,62.559,63.224,64.044,64.982,65.881,66.819,67.6,68.303,68.85,69.241,69.437,69.437,69.241,68.85,68.382,67.756,67.053,66.35,65.568,64.748,63.927,63.067,62.286,61.543,60.918,60.293,59.785,59.472,59.472,60.41,62.989,67.483,73.813,81.355,89.443,97.571,105.23,111.99,117.42,121.17,123.32,123.87,123.05,121.17,118.55,115.39,111.99,108.55,105.19,101.95,98.86,96.047,93.507,91.123,88.935,86.864,84.91,83.113,81.315,79.479,77.681,75.806,73.852,71.82,69.749,67.6,65.49,63.38,61.426,59.668,58.222,57.128,56.229,55.682,55.37,55.409,55.721,56.307,57.128,58.183,59.355,60.567,61.739,62.794,63.849,64.787,65.607,66.232,66.623,66.858,66.936,66.74,66.428,65.881,65.177,64.435,63.693,62.872,61.973,61.192,60.41,59.668,59.043,58.417,57.792,57.284,56.933,56.933,57.753,60.176,64.63,71,78.619,86.942,95.382,103.51,110.7,116.48,120.66,123.05,123.75,122.93,120.94,118.16,114.88,111.33,107.61,103.98,100.54,97.258,94.249,91.475,88.935,86.551,84.363,82.253,80.26,78.307,76.431,74.555,72.68,70.804,68.929,67.17,65.607,64.161,63.067,62.13,61.426,61.035,60.879,60.879,61.114,61.622,62.286,63.067,63.849,64.669,65.412,66.193,66.819,67.287,67.6,67.795,67.874,67.756,67.444,66.975,66.428,65.724,65.06,64.357,63.536,62.677,61.856,61.035,60.254,59.551,58.925,58.3,57.675,57.128,56.659,56.229,55.877,55.565,55.37,55.682,57.128,60.41,65.724,72.797,81.042,89.873,98.665,107.07,114.29,120.12,124.18,126.37,126.92,126.06,124.1,121.45,118.24,114.88,111.56,108.32,105.19,102.38,99.759,97.297,95.109,93.038,91.241,89.482,87.802,86.161,84.598,83.074,81.433,79.791,78.111,76.353,74.477,72.602,70.687,68.811,66.975,65.295,63.81,62.442,61.309,60.488,59.941,59.629,59.629,59.863,60.293,60.996,61.817,62.677,63.614,64.552,65.412,66.232,66.858,67.366,67.6,67.756,67.678,67.444,66.975,66.35,65.685,64.943,64.044,63.185,62.364,61.543,60.801,60.098,59.433,58.847,58.3,57.792,57.48,57.675,59.004,62.051,66.975,73.539,81.237,89.599,98.04,106.05,113.2,118.94,123.01,125.31,125.86,125.04,123.13,120.51,117.38,113.98,110.54,107.11,103.82,100.7,97.805,95.187,92.686,90.303,88.115,86.122,84.168,82.292,80.495,78.619,76.822,74.946,73.071,71.039,69.124,67.131,65.177,63.38,61.622,60.176,59.004,58.066,57.362,56.933,56.854,57.05,57.558,58.222,59.16,60.293,61.504,62.755,63.927,65.099,66.193,67.131,67.795,68.382,68.694,68.733,68.538,68.186,67.6,66.975,66.232,65.412,64.552,63.732,62.872,62.051,61.309,60.567,59.941,59.316,58.73,58.3,58.066,58.496,60.254,63.927,69.632,76.861,85.106,93.819,102.3,110.19,116.87,121.88,125.12,126.49,126.29,124.81,122.38,119.3,115.94,112.3,108.75,105.23,102.06,99.056,96.242,93.741,91.436,89.287,87.294,85.418,83.621,81.823,80.065,78.228,76.431,74.634,72.797,70.921,69.124,67.366,65.724,64.318,63.106,62.169,61.426,60.918,60.723,60.801,61.114,61.661,62.364,63.224,64.24,65.295,66.35,67.287,68.108,68.811,69.358,69.671,69.788,69.749,69.476,69.046,68.499,67.795,67.053,66.232,65.373,64.474,63.614,62.677,61.817,61.035,60.293,59.629,59.004,58.417,57.909,57.48,57.48,58.378,60.879,65.373,71.82,79.674,88.31,97.102,105.62,113.2,119.41,123.95,126.6,127.5,126.92,125.2,122.62,119.61,116.29,113.04,109.88,106.87,103.98,101.36,98.977,96.789,94.757,92.882,91.045,89.365,87.724,86.122,84.481,82.878,81.237,79.557,77.76,75.884,73.93,71.976,70.101,68.225,66.545,64.982,63.693,62.598,61.739,61.035,60.723,60.684,60.879,61.309,61.934,62.755,63.614,64.552,65.49,66.35,67.131,67.756,68.225,68.538,68.733,68.616,68.382,67.874,67.287,66.545,65.803,65.06,64.318,63.419,62.559,61.739,60.996,60.293,59.668,59.043,58.535,58.378,59.043,61.231,65.49,71.742,79.362,87.724,96.359,104.6,112.11,118.32,122.85,125.63,126.68,126.17,124.57,121.99,118.98,115.7,112.38,109.14,106.05,103.2,100.5,98.118,95.851,93.819,91.866,90.068,88.31,86.63,84.988,83.386,81.745,79.987,78.228,76.431,74.555,72.602,70.609,68.733,66.975,65.412,64.122,62.989,62.13,61.426,61.035,60.918,61.035,61.426,62.051,62.794,63.732,64.669,65.607,66.545,67.366,68.108,68.694,69.046,69.241,69.241,69.046,68.616,68.069,67.366,66.623,65.881,65.06,64.161,63.419,62.598,61.934,61.231,60.567,59.98,59.472,59.316,59.785,61.661,65.607,71.547,79.01,87.372,96.008,104.37,111.99,118.44,123.32,126.37,127.7,127.39,125.86,123.44,120.35,117.07,113.63,110.19,106.99,103.98,101.32,98.86,96.633,94.562,92.686,90.928,89.17,87.567,86.004,84.363,82.761,81.042,79.323,77.486,75.571,73.618,71.664,69.788,67.991,66.35,64.865,63.614,62.559,61.661,61.035,60.684,60.567,60.606,60.918,61.348,61.934,62.559,63.224,63.927,64.552,65.06,65.412,65.607,65.724,65.607,65.373,64.982,64.435,63.732,62.989,62.169,61.348,60.567,59.785,59.004,58.3,57.597,56.933,56.346,55.799,55.409,55.682,57.167,60.606,65.998,72.992,80.925,89.365,97.805,105.74,112.61,118.05,121.76,123.75,124.06,123.05,120.98,118.16,115,111.56,108.04,104.68,101.44,98.43,95.539,92.882,90.381,88.036,85.848,83.738,81.667,79.635,77.603,75.61,73.618,71.547,69.476,67.444,65.412,63.536,61.934,60.488,59.433,58.613,58.105,58.066,58.3,59.004,59.98,61.309,62.872,64.63,66.506,68.303,70.101,71.82,73.305,74.477,75.493,76.197,76.548,76.665,76.509,76.04,75.415,74.634,73.618,72.602,71.547,70.57,69.476,68.421,67.444,66.506,65.607,64.748,63.849,63.106,62.794,63.419,65.724,70.101,76.431,83.933,91.983,100.19,107.89,114.61,120,123.75,125.82,126.25,125.31,123.32,120.63,117.42,114.06,110.62,107.26,104.06,101.13,98.352,95.851,93.546,91.358,89.287,87.372,85.418,83.621,81.823,79.987,78.189,76.236,74.321,72.367,70.492,68.616,66.858,65.295,63.849,62.677,61.661,60.996,60.488,60.254,60.254,60.41,60.918,61.543,62.364,63.185,64.122,65.06,65.881,66.623,67.287,67.756,68.069,68.108,67.991,67.678,67.248,66.662,66.037,65.295,64.474,63.693,62.911,62.169,61.504,60.801,60.176,59.629,59.121,58.613,58.417,58.73,60.371,63.849,69.437,76.665,85.067,93.937,102.61,110.7,117.62,123.01,126.49,128.17,128.32,127.07,124.92,122.11,118.94,115.55,112.26,109.14,106.17,103.51,101.05,98.743,96.633,94.679,92.804,91.045,89.287,87.685,86.044,84.481,82.8,81.12,79.362,77.564,75.689,73.735,71.82,69.945,68.225,66.662,65.373,64.161,63.302,62.598,62.247,62.13,62.169,62.559,63.106,63.849,64.669,65.568,66.506,67.366,68.108,68.811,69.319,69.554,69.671,69.554,69.319,68.85,68.303,67.6,66.858,66.037,65.295,64.474,63.732,63.067,62.286,61.661,61.035,60.606,60.723,62.13,65.373,70.726,77.877,86.004,94.601,103.04,110.86,117.62,122.85,126.25,127.93,127.93,126.68,124.42,121.48,118.32,114.92,111.64,108.43,105.5,102.73,100.19,97.883,95.695,93.741,91.866,90.068,88.31,86.63,84.91,83.23,81.55,79.752,77.916,76.001,74.008,72.055,70.062,68.186,66.545,65.06,63.81,62.755,61.934,61.426,61.192,61.192,61.426,61.934,62.598,63.419,64.318,65.256,66.115,66.975,67.756,68.382,68.811,69.046,69.163,69.046,68.733,68.303,67.678,66.975,66.311,65.49,64.669,63.849,63.106,62.364,61.661,61.035,60.488,60.176,60.41,61.934,65.373,70.882,78.072,86.239,94.875,103.31,111.13,117.73,122.85,126.17,127.62,127.54,126.13,123.75,120.74,117.42,113.98,110.62,107.38,104.45,101.75,99.29,97.063,94.992,93.116,91.436,89.756,88.115,86.473,84.871,83.23,81.55,79.791,77.916,76.04,74.047,72.133,70.257,68.499,66.975,65.607,64.552,63.693,63.067,62.755,62.598,62.755,63.106,63.614,64.318,64.982,65.724,66.428,67.053,67.6,67.913,68.108,68.069,67.795,67.287,66.662,65.881,64.865,63.81,62.677,61.543,60.41,59.316,58.183,57.167,56.229,55.291,54.471,53.807,53.377,53.689,55.565,59.551,65.724,73.422,82.058,91.123,100.07,108.32,115.39,120.74,124.26,125.94,125.94,124.49,122.07,118.94,115.43,111.79,108.12,104.6,101.32,98.235,95.422,92.804,90.42,88.193,86.122,84.129,82.175,80.26,78.307,76.353,74.438,72.445,70.492,68.421,66.506,64.669,62.989,61.622,60.488,59.629,59.16,59.043,59.316,59.941,60.801,62.051,63.419,64.943,66.506,68.069,69.476,70.726,71.859,72.758,73.305,73.696,73.735,73.539,73.188,72.602,71.976,71.234,70.492,69.671,68.929,68.225,67.561,66.858,66.311,65.724,65.177,64.748,64.435,64.552,65.724,68.733,73.735,80.378,87.919,95.93,103.74,110.93,117.11,121.8,124.81,126.13,125.86,124.38,121.88,118.79,115.31,111.68,108.04,104.57,101.32,98.352,95.617,93.038,90.733,88.622,86.63,84.676,82.8,81.003,79.166,77.369,75.493,73.618,71.742,69.866,68.069,66.428,64.943,63.614,62.559,61.661,60.996,60.567,60.41,60.488,60.801,61.309,61.973,62.794,63.693,64.63,65.49,66.35,67.053,67.678,68.069,68.225,68.303,68.186,67.874,67.444,66.819,66.115,65.373,64.63,63.732,62.872,62.051,61.309,60.606,59.98,59.355,58.847,58.378,57.988,58.183,59.472,62.677,68.069,75.298,83.738,92.686,101.56,109.88,117.11,122.74,126.56,128.44,128.56,127.39,125.12,122.23,118.98,115.62,112.26,109.06,106.05,103.35,100.85,98.548,96.438,94.484,92.686,90.928,89.248,87.567,85.926,84.363,82.761,81.12,79.362,77.564,75.689,73.735,71.82,69.945,68.108,66.545,65.099,63.849,62.872,62.051,61.504,61.192,61.192,61.426,61.856,62.559,63.302,64.24,65.099,66.037,66.819,67.561,68.108,68.538,68.811,68.85,68.694,68.225,67.678,66.975,66.232,65.412,64.63,63.732,62.911,62.169,61.426,60.723,60.059,59.551,59.355,59.98,62.247,66.545,72.875,80.612,89.13,97.805,106.13,113.55,119.73,124.18,126.76,127.62,126.92,125.12,122.5,119.37,116.01,112.58,109.25,106.05,103.2,100.54,98.118,95.851,93.819,91.944,90.107,88.427,86.786,85.184,83.543,81.862,80.104,78.307,76.431,74.438,72.445,70.492,68.616,66.858,65.373,64.044,62.911,62.051,61.426,61.035,60.996,61.192,61.543,62.169,62.911,63.81,64.748,65.685,66.545,67.366,68.069,68.538,68.929,69.046,69.046,68.811,68.382,67.795,67.131,66.35,65.607,64.787,64.005,63.185,62.442,61.661,60.996,60.371,59.863,59.668,60.41,62.755,67.131,73.422,81.042,89.443,97.883,106.01,113.32,119.3,123.67,126.29,127.19,126.6,124.88,122.31,119.26,115.94,112.58,109.29,106.17,103.2,100.5,98.001,95.734,93.663,91.748,89.912,88.232,86.551,84.91,83.23,81.628,79.87,78.072,76.197,74.243,72.25,70.374,68.499,66.858,65.373,64.044,63.067,62.247,61.739,61.504,61.543,61.817,62.364,63.067,63.927,64.865,65.803,66.74,67.678,68.421,69.046,69.476,69.749,69.866,69.671,69.358,68.85,68.186,67.483,66.662,65.803,64.982,64.24,63.497,62.794,62.13,61.426,60.879,60.41,60.606,61.934,65.177,70.492,77.564,85.614,94.132,102.49,110.31,116.99,122.19,125.55,127.19,127.19,125.86,123.56,120.63,117.38,113.94,110.54,107.3,104.17,101.36,98.743,96.242,93.937,91.788,89.756,87.724,85.809,83.855,81.98,79.987,77.916,75.806,73.696,71.547,69.437,67.248,65.177,63.224,61.504,59.941,58.613,57.597,56.933,56.542,56.425,56.503,56.815,57.362,58.222,59.316,60.41,61.543,62.677,63.693,64.552,65.256,65.803,66.193,66.232,66.037,65.724,65.256,64.63,63.927,63.185,62.364,61.543,60.684,59.863,59.043,58.3,57.597,56.933,56.425,56.19,56.854,59.043,63.38,69.554,77.134,85.418,93.937,102.18,109.57,115.74,120.35,123.24,124.18,123.36,121.29,118.44,115.19,111.64,107.89,103.98,100.31,96.789,93.663,90.85,88.036,85.301,82.761,80.495,78.228,76.04,73.735,71.547,69.358,67.248,65.256,63.224,61.504,59.98,59.004,58.3,57.909,57.988,58.378,59.121,60.254,61.739,63.536,65.568,67.756,69.866,71.859,73.813,75.415,76.744,77.76,78.385,78.697,78.619,78.228,77.603,76.744,75.61,74.243,72.797,71.312,69.788,68.421,67.131,65.881,64.63,63.497,62.442,61.426,60.488,59.629,58.847,58.378,58.417,59.785,63.185,68.85,76.314,84.871,93.859,102.73,110.86,117.85,123.24,126.76,128.44,128.36,126.99,124.61,121.56,118.24,114.76,111.33,108,104.92,102.06,99.485,97.063,94.875,92.882,91.006,89.17,87.489,85.848,84.246,82.605,81.003,79.323,77.564,75.689,73.735,71.82,69.866,67.991,66.311,64.787,63.497,62.442,61.504,60.879,60.488,60.371,60.488,60.879,61.426,62.13,62.911,63.849,64.748,65.685,66.428,67.131,67.561,67.874,67.913,67.874,67.6,67.248,66.74,66.115,65.373,64.552,63.732,62.911,62.13,61.348,60.684,59.98,59.355,58.73,58.3,58.066,58.535,60.488,64.318,70.101,77.486,85.809,94.484,103,110.82,117.5,122.62,125.94,127.42,127.19,125.63,123.13,120.04,116.68,113.24,109.92,106.79,103.86,101.13,98.626,96.359,94.249,92.374,90.537,88.857,87.255,85.536,83.933,82.292,80.612,78.854,77.056,75.181,73.305,71.351,69.476,67.678,65.998,64.63,63.419,62.442,61.661,61.114,60.879,60.918,61.192,61.739,62.442,63.302,64.24,65.099,66.037,66.858,67.6,68.225,68.694,68.929,69.007,68.811,68.499,68.069,67.366,66.623,65.803,64.943,64.122,63.302,62.481,61.661,60.918,60.293,59.746,59.16,58.808,58.691,59.355,61.622,65.881,72.055,79.674,88.115,96.789,105.11,112.61,118.87,123.44,126.17,127.23,126.8,125.04,122.42,119.49,116.37,113.36,110.31,107.26,104.29,101.48,98.86,96.359,94.132,92.178,90.303,88.544,86.864,85.223,83.621,81.941,80.26,78.424,76.509,74.555,72.602,70.726,68.929,67.17,65.685,64.357,63.224,62.286,61.622,61.114,60.918,60.996,61.348,61.934,62.677,63.536,64.435,65.373,66.193,66.975,67.6,68.186,68.499,68.694,68.616,68.421,68.069,67.561,66.936,66.232,65.49,64.748,64.005,63.224,62.559,61.817,61.035,60.371,59.668,59.16,59.004,59.668,61.856,65.998,72.055,79.635,87.88,96.359,104.45,111.75,117.81,122.31,125,125.94,125.43,123.75,121.25,118.24,114.92,111.56,108.24,105.11,102.26,99.603,97.18,94.914,92.882,91.006,89.17,87.489,85.809,84.168,82.605,81.003,79.323,77.564,75.689,73.852,71.976,70.101,68.382,66.74,65.295,64.044,62.989,62.247,61.661,61.504,61.622,61.934,61.973,61.856,62.247,63.302,64.474,65.295,65.724,66.193,66.506,66.662,66.623,66.35,65.92,65.295,64.435,63.419,62.364,61.348,60.293,59.316,58.3,57.284,56.425,55.565,54.783,54.158,53.611,53.103,52.673,52.478,52.986,54.862,58.613,64.318,71.547,79.791,88.505,97.102,105.11,112.07,117.5,121.17,123.16,123.48,122.5,120.43,117.62,114.29,110.74,107.18,103.74,100.42,97.375,94.484,91.866,89.482,87.255,85.067,82.878,80.807,78.736,76.626,74.438,72.367,70.296,68.225,66.232,64.24,62.481,60.879,59.433,58.3,57.558,57.128,57.05,57.362,58.066,59.043,60.371,61.973,63.693,65.295,66.936,68.421,69.788,71,71.937,72.563,72.914,73.11,73.071,72.758,72.172,71.429,70.57,69.632,68.694,67.756,66.819,65.92,65.06,64.318,63.614,63.067,62.481,62.051,61.622,61.309,61.192,61.661,63.497,67.17,72.758,79.752,87.607,95.734,103.63,110.86,116.91,121.56,124.38,125.55,125.2,123.56,121.05,117.93,114.57,111.05,107.57,104.29,101.24,98.196,95.226,92.413,89.873,87.607,85.809,84.285,83.074,81.862,80.26,78.072,75.415,72.797,70.296,68.186,66.232,64.63,62.989,61.543,60.371,59.551,59.004,58.691,58.613,58.808,59.16,59.785,60.684,61.739,62.677,63.536,64.435,65.412,66.232,66.858,67.248,67.444,67.483,67.366,67.17,66.819,66.193,65.49,64.669,63.849,62.989,62.13,61.309,60.488,59.785,59.121,58.496,57.909,57.362,56.933,56.542,56.19,55.877,55.877,56.62,58.925,63.185,69.241,76.744,85.184,93.976,102.57,110.39,116.99,121.91,125.04,126.45,126.17,124.69,122.31,119.3,116.05,112.73,109.45,106.32,103.43,100.74,98.313,96.047,93.976,92.061,90.225,88.427,86.747,85.106,83.504,81.823,80.104,78.424,76.626,74.79,72.875,71,69.046,67.287,65.607,64.161,62.872,61.856,61.035,60.606,60.41,60.41,60.723,61.309,61.973,62.872,63.81,64.748,65.685,66.623,67.366,67.991,68.421,68.694,68.733,68.538,68.225,67.678,67.131,66.35,65.568,64.748,63.849,63.067,62.286,61.543,60.879,60.254,59.629,59.043,58.613,58.417,58.808,60.41,63.927,69.437,76.548,84.676,93.233,101.67,109.49,116.25,121.48,124.92,126.68,126.8,125.67,123.63,120.82,117.62,114.26,110.86,107.61,104.49,101.56,98.938,96.438,94.171,92.1,90.185,88.427,86.747,85.106,83.543,81.941,80.26,78.502,76.744,74.868,73.071,71.117,69.241,67.483,65.881,64.435,63.185,62.169,61.426,60.918,60.723,60.801,61.114,61.661,62.442,63.302,64.161,65.177,66.193,67.053,67.874,68.499,68.929,69.163,69.241,69.163,68.85,68.421,67.874,67.17,66.428,65.607,64.748,63.927,63.106,62.364,61.622,60.918,60.293,59.746,59.355,59.238,59.863,61.973,66.037,72.133,79.635,87.997,96.555,104.88,112.38,118.67,123.36,126.17,127.23,126.88,125.24,122.74,119.69,116.25,112.73,109.37,106.25,103.51,101.01,98.626,96.438,94.367,92.491,90.733,89.13,87.411,85.848,84.363,82.761,80.925,79.127,77.173,75.259,73.305,71.351,69.554,67.874,66.428,65.099,64.044,63.224,62.598,62.286,62.169,62.286,62.677,63.224,64.005,64.865,65.803,66.74,67.561,68.303,68.929,69.358,69.671,69.788,69.788,69.554,69.163,68.616,67.991,67.248,66.506,65.685,64.865,64.044,63.302,62.598,61.973,61.348,60.801,60.371,60.098,60.488,62.169,65.803,71.429,78.619,86.669,95.07,103.24,110.82,117.19,121.99,125.04,126.45,126.17,124.69,122.19,119.06,115.62,111.99,108.43,104.99,101.75,98.743,95.93,93.351,91.045,88.857,86.864,84.91,83.113,81.315,79.635,77.799,76.001,74.126,72.172,70.179,68.186,66.193,64.24,62.442,60.723,59.316,58.066,57.05,56.346,55.995,55.917,56.112,56.542,57.245,58.105,59.121,60.176,61.231,62.247,63.185,64.044,64.748,65.177,65.49,65.568,65.49,65.295,64.943,64.357,63.81,63.106,62.364,61.543,60.879,60.098,59.433,58.808,58.105,57.48,56.933,56.425,56.112,56.346,57.792,61.114,66.428,73.305,81.198,89.482,97.727,105.42,111.99,117.07,120.43,122.07,122.11,120.82,118.55,115.55,112.11,108.51,104.88,101.32,97.883,94.757,91.788,89.13,86.63,84.285,82.175,80.104,78.111,76.118,74.126,72.172,70.257,68.382,66.545,64.865,63.419,62.169,61.231,60.606,60.254,60.176,60.41,60.996,61.817,62.794,64.005,65.177,66.428,67.561,68.694,69.554,70.296,70.726,71,71,70.804,70.374,69.749,69.007,68.108,67.17,66.193,65.099,64.122,63.106,62.13,61.192,60.293,59.472,58.73,58.066,57.48,56.933,56.425,56.034,55.682,55.409,55.487,56.425,59.004,63.614,70.101,78.111,86.864,95.812,104.37,112.07,118.44,123.05,125.82,126.88,126.45,124.88,122.5,119.57,116.37,113.12,109.88,106.79,103.94,101.32,98.86,96.633,94.562,92.608,90.811,89.052,87.372,85.731,84.129,82.488,80.886,79.166,77.369,75.571,73.696,71.82,69.866,68.108,66.428,64.943,63.614,62.481,61.622,60.996,60.606,60.488,60.606,60.996,61.543,62.247,63.067,64.005,64.943,65.803,66.623,67.248,67.756,68.069,68.186,68.108,67.874,67.444,66.858,66.193,65.412,64.63,63.81,62.911,62.13,61.309,60.567,59.863,59.238,58.691,58.183,57.792,57.597,58.105,59.941,63.732,69.437,76.665,84.91,93.624,102.1,110,116.68,121.8,125.04,126.6,126.6,125.31,123.05,120.2,116.91,113.63,110.23,106.99,103.94,101.05,98.352,95.93,93.663,91.631,89.678,87.88,86.161,84.481,82.878,81.237,79.557,77.877,76.118,74.321,72.484,70.57,68.733,66.975,65.373,64.005,62.794,61.817,61.114,60.684,60.488,60.488,60.801,61.348,62.051,62.872,63.81,64.669,65.607,66.428,67.17,67.756,68.186,68.421,68.499,68.382,68.069,67.561,66.975,66.311,65.568,64.748,63.849,63.067,62.169,61.426,60.723,60.059,59.472,58.925,58.417,57.988,57.792,58.105,59.472,62.677,67.795,74.634,82.605,91.162,99.603,107.5,114.45,119.92,123.67,125.74,126.17,125.24,123.24,120.55,117.38,114.06,110.74,107.57,104.57,101.79,99.251,96.867,94.757,92.725,90.928,89.248,87.567,86.004,84.363,82.761,81.042,79.323,77.486,75.61,73.696,71.742,69.866,68.108,66.545,65.177,64.044,63.106,62.442,61.973,61.856,61.934,62.247,62.794,63.536,64.357,65.256,66.115,66.975,67.795,68.538,69.124,69.554,69.788,69.866,69.749,69.437,68.929,68.382,67.678,66.858,66.037,65.177,64.357,63.536,62.794,62.13,61.426,60.879,60.293,59.785,59.433,59.238,59.746,61.543,65.295,71,78.307,86.473,94.992,103.24,110.82,117.23,122.07,125.2,126.56,126.49,125.2,122.93,120.04,116.8,113.51,110.11,106.95,103.98,101.32,98.821,96.477,94.367,92.374,90.498,88.74,87.059,85.379,83.699,81.941,80.182,78.385,76.548,74.634,72.68,70.687,68.733,66.975,65.373,63.927,62.677,61.622,60.801,60.176,59.785,59.668,59.746,59.98,60.371,60.879,61.426,61.973,62.559,63.067,63.536,63.849,64.044,64.122,64.005,63.693,63.302,62.755,62.051,61.348,60.567,59.746,58.925,58.105,57.284,56.503,55.721,55.057,54.432,53.846,53.377,52.986,52.791,53.103,54.627,57.988,63.302,70.101,77.994,86.434,94.914,102.92,109.92,115.55,119.49,121.6,122.11,121.13,119.1,116.29,113.01,109.45,105.85,102.3,98.86,95.695,92.725,89.912,87.372,84.988,82.761,80.612,78.541,76.548,74.555,72.563,70.57,68.538,66.545,64.63,62.755,61.114,59.668,58.613,57.753,57.245,57.05,57.245,57.753,58.535,59.746,61.114,62.677,64.357,66.037,67.678,69.163,70.492,71.625,72.484,73.071,73.422,73.539,73.422,72.992,72.367,71.625,70.804,69.866,68.929,67.991,67.053,66.115,65.256,64.435,63.693,63.067,62.442,61.817,61.231,60.723,60.293,60.098,60.606,62.481,66.232,71.859,78.932,86.864,95.109,103.12,110.39,116.48,121.13,123.95,125.12,124.73,123.16,120.74,117.81,114.49,111.05,107.61,104.29,101.13,98.235,95.539,93.038,90.733,88.544,86.473,84.559,82.683,80.886,79.127,77.291,75.493,73.618,71.742,69.866,68.069,66.232,64.63,63.106,61.856,60.879,60.059,59.433,59.121,59.043,59.16,59.551,60.098,60.801,61.661,62.559,63.497,64.357,65.177,65.881,66.428,66.858,67.053,67.053,66.936,66.623,66.115,65.49,64.787,64.005,63.224,62.481,61.661,60.879,60.059,59.316,58.691,58.066,57.48,56.972,56.542,56.112,55.799,55.604,56.034,57.675,61.114,66.506,73.539,81.745,90.615,99.368,107.57,114.61,120.2,123.99,126.06,126.45,125.43,123.44,120.66,117.54,114.29,111.01,107.73,104.68,101.79,99.134,96.75,94.562,92.569,90.615,88.857,87.177,85.614,84.012,82.449,80.807,79.166,77.447,75.689,73.813,71.937,70.062,68.225,66.545,64.982,63.693,62.481,61.543,60.879,60.371,60.176,60.254,60.567,61.035,61.661,62.481,63.38,64.318,65.177,65.998,66.74,67.287,67.756,67.913,67.991,67.874,67.6,67.131,66.545,65.881,65.099,64.24,63.419,62.559,61.661,60.918,60.176,59.551,59.043,58.496,57.988,57.48,57.167,57.245,58.105,60.41,64.669,70.804,78.385,86.747,95.304,103.55,111.01,117.23,121.88,124.73,125.94,125.63,124.18,121.91,119.06,115.94,112.61,109.37,106.17,103.2,100.42,97.922,95.539,93.429,91.436,89.56,87.802,86.122,84.441,82.8,81.198,79.479,77.799,76.04,74.165,72.289,70.413,68.616,66.975,65.412,64.122,62.989,62.13,61.504,61.192,61.114,61.309,61.739,62.364,63.185,64.122,65.06,66.037,66.936,67.756,68.421,69.007,69.319,69.476,69.476,69.241,68.811,68.225,67.561,66.819,65.998,65.099,64.24,63.419,62.559,61.817,61.114,60.488,59.863,59.316,58.808,58.496,58.535,59.551,62.13,66.662,73.071,85.809,84.246,82.605,81.042,79.362,77.603,75.806,73.852,71.859,69.866,67.991,66.311,64.748,63.38,62.286,61.426,60.723,60.293,60.059,60.098,60.293,60.606,61.035,61.543,62.051,62.559,62.911,63.224,63.419,63.497,63.497,63.302,62.989,62.481,61.934,61.309,60.606,59.863,59.043,58.222,57.48,56.737,56.112,55.565,54.979,54.432,54.002,53.533,53.181,52.986,53.181,54.314,57.128,61.856,68.225,75.884,84.246,92.804,101.01,108.36,114.49,118.98,121.76,122.74,122.23,120.51,117.85,114.61,111.05,107.42,103.82,100.31,96.945,93.819,90.928,88.232,85.692,83.386,81.198,79.049,76.939,74.868,72.875,70.882,68.85,66.858,64.943,63.067,61.348,59.863,58.691,57.753,57.167,56.854,56.933,57.362,58.105,59.16,60.567,62.169,63.849,65.568,67.248,68.85,70.374,71.664,72.758,73.5,74.008,74.243,74.243,73.93,73.422,72.758,71.937,71.039,70.062,69.046,68.069,67.053,66.115,65.177,64.357,63.536,62.794,62.13,61.504,60.918,60.567,60.723,62.169,65.49,70.726,77.564,85.301,93.429,101.36,108.67,114.92,119.73,122.93,124.42,124.42,123.16,120.94,118.01,114.69,111.25,107.73,104.29,101.13,98.118,95.382,92.882,90.537,88.427,86.356,84.441,82.488,80.612,78.815,76.978,75.181,73.383,71.508,69.671,67.795,65.998,64.357,62.872,61.543,60.567,59.668,59.043,58.613,58.417,58.496,58.73,59.238,59.863,60.606,61.426,62.286,63.185,64.005,64.748,65.412,65.881,66.193,66.232,66.193,65.881,65.49,64.943,64.357,63.693,62.911,62.13,61.348,60.567,59.863,59.16,58.535,57.909,57.44,56.933,56.542,56.503,57.128,59.16,63.106,69.007,76.236,84.441,92.999,101.36,109.06,115.62,120.51,123.67,125.04,125,123.63,121.45,118.67,115.55,112.38,109.18,106.05,103.04,100.38,97.805,95.5,93.312,91.319,89.443,87.685,86.044,84.441,82.878,81.237,79.635,77.877,76.118,74.321,72.445,70.57,68.694,66.858,65.256,63.732,62.481,61.504,60.684,60.059,59.746,59.668,59.863,60.293,60.879,61.661,62.481,63.419,64.357,65.256,66.037,66.662,67.17,67.483,67.678,67.6,67.444,67.053,66.545,65.881,65.099,64.318,63.497,62.677,61.934,61.192,60.488,59.863,59.238,58.691,58.378,58.417,59.629,62.481,67.366,74.008,81.745,90.107,98.626,106.64,113.63,119.3,123.24,125.43,125.98,125.2,123.32,120.66,117.54,114.26,110.82,107.42,104.17,101.24,98.43,95.851,93.546,91.436,89.443,87.567,85.809,84.129,82.566,81.003,79.44,77.799,76.118,74.321,72.484,70.609,68.733,66.936,65.256,63.732,62.481,61.426,60.606,60.059,59.668,59.629,59.785,60.254,60.879,61.622,62.442,63.302,64.24,65.06,65.881,66.506,66.975,67.366,67.483,67.483,67.248,66.819,66.311,65.685,64.943,64.161,63.302,62.559,61.739,60.996,60.293,59.629,59.004,58.417,57.909,57.675,58.066,59.668,63.185,68.538,75.493,83.425,91.866,100.19,107.89,114.37,119.37,122.62,124.1,124.06,122.74,120.43,117.5,114.14,110.7,107.18,103.86,100.62,97.61,94.757,92.1,89.678,87.411,85.301,83.308,81.355,79.44,77.447,75.493,73.5,71.508,69.437,67.287,65.256,63.224,61.231,59.472,57.909,56.62,55.682,55.057,54.666,54.666,54.94,55.565,56.503,57.597,58.925,60.293,61.739,63.067,64.357,65.49,66.428,67.17,67.6,67.795,67.756,67.561,67.131,66.506,65.803,64.982,64.122,63.185,62.286,61.426,60.606,59.785,59.043,58.417,57.792,57.284,56.854,56.542,56.933,58.613,62.247,67.874,74.985,82.996,91.358,99.603,107.26,113.75,118.67,121.88,123.32,123.16,121.8,119.49,116.44,112.93,109.25,105.54,101.95,98.509,95.304,92.296,89.482,86.942,84.559,82.292,80.104,78.072,76.001,74.008,72.055,70.101,68.225,66.311,64.474,62.794,61.309,60.059,59.043,58.3,57.792,57.558,57.558,57.753,58.222,58.925,59.785,60.723,61.739,62.755,63.732,64.63,65.373,65.998,66.428,66.74,66.819,66.662,66.428,65.998,65.412,64.748,64.005,63.106,62.286,61.504,60.606,59.863,59.121,58.496,57.87,57.284,56.854,56.425,56.034,55.721,55.565,55.799,57.05,59.98,64.865,71.429,79.323,87.88,96.555,104.8,112.07,118.01,122.23,124.69,125.43,124.73,123.01,120.55,117.69,114.45,111.17,108,104.92,102.1,99.485,97.102,94.875,92.804,90.85,89.052,87.294,85.692,84.051,82.449,80.729,79.127,77.369,75.61,73.813,71.937,70.062,68.186,66.428,64.865,63.419,62.169,61.114,60.371,59.785,59.472,59.433,59.629,59.98,60.567,61.231,62.051,62.989,63.81,64.63,65.373,65.998,66.428,66.662,66.74,66.623,66.35,65.92,65.373,64.669,63.927,63.106,62.286,61.504,60.684,59.941,59.238,58.535,57.909,57.44,57.128,57.44,58.925,62.169,67.366,74.165,82.136,90.615,99.056,106.95,113.83,119.26,123.05,125.04,125.43,124.49,122.54,119.88,116.8,113.55,110.23,106.99,103.94,101.05,98.43,95.93,93.663,91.631,89.678,87.88,86.122,84.441,82.8,81.198,79.557,77.877,76.118,74.321,72.484,70.57,68.733,66.936,65.256,63.81,62.481,61.426,60.606,59.98,59.629,59.472,59.629,59.98,60.606,61.348,62.169,63.106,64.005,64.943,65.685,66.35,66.936,67.287,67.483,67.483,67.248,66.858,66.35,65.724,64.982,64.24,63.419,62.677,61.856,61.114,60.371,59.746,59.121,58.535,58.3,58.691,60.293,63.849,69.358,76.509,84.559,92.921,101.17,108.75,115.23,120.2,123.44,125,125,123.75,121.6,118.87,115.7,112.38,109.06,105.85,102.88,100.07,97.571,95.304,93.233,91.319,89.56,87.802,86.161,84.559,82.918,81.315,79.635,77.877,76.001,74.126,72.25,70.374,68.499,66.819,65.256,63.849,62.755,61.817,61.192,60.801,60.684,60.801,61.114,61.622,62.286,63.185,64.044,64.982,65.92,66.74,67.483,68.069,68.421,68.694,68.694,68.499,68.186,67.756,67.131,66.428,65.724,64.943,64.122,63.302,62.559,61.817,61.192,60.567,59.98,59.551,59.355,59.941,61.973,65.998,71.859,79.127,87.177,95.422,103.43,110.62,116.6,121.13,123.87,124.92,124.61,123.13,120.86,118.01,114.88,111.64,108.43,105.39,102.49,99.798,97.375,95.109,92.999,91.006,89.13,87.294,85.536,83.816,82.058,80.299,78.502,76.626,74.673,72.68,70.609,68.616,66.662,64.787,63.185,61.661,60.41,59.355,58.535,57.909,57.48,57.284,57.362,57.558,57.909,58.417,59.043,59.746,60.41,61.114,61.739,62.286,62.677,62.911,63.067,62.989,62.794,62.481,62.051,61.504,60.918,60.254,59.551,58.847,58.183,57.558,56.933,56.307,55.682,55.096,54.744,54.783,55.995,58.847,63.693,70.179,77.799,86.122,94.484,102.57,109.68,115.39,119.49,121.8,122.42,121.68,119.8,117.11,113.94,110.5,106.99,103.63,100.42,97.375,94.601,92.061,89.678,87.567,85.614,83.738,81.98,80.26,78.502,76.744,74.985,73.227,71.508,69.749,68.108,66.545,65.177,64.044,63.185,62.559,62.13,61.934,61.934,62.13,62.559,63.106,63.732,64.435,65.177,65.881,66.545,67.131,67.6,67.991,68.186,68.225,68.108,67.874,67.483,66.975,66.35,65.607,64.865,64.044,63.224,62.442,61.622,60.879,60.098,59.472,58.925,58.378,57.792,57.284,56.933,56.737,57.167,58.925,62.677,68.382,75.689,84.012,92.804,101.48,109.57,116.48,121.91,125.55,127.39,127.54,126.49,124.38,121.56,118.36,115,111.64,108.32,105.19,102.26,99.564,97.102,94.875,92.804,90.85,89.13,87.411,85.809,84.246,82.683,81.12,79.479,77.76,75.923,74.047,72.133,70.179,68.303,66.545,64.982,63.536,62.442,61.543,60.996,60.606,60.488,60.567,60.879,61.426,62.13,62.989,63.849,64.748,65.568,66.311,66.936,67.444,67.795,67.913,67.913,67.756,67.444,66.936,66.232,65.568,64.748,63.927,63.067,62.247,61.426,60.606,59.863,59.238,58.613,58.105,57.597,57.362,57.597,59.121,62.442,67.678,74.555,82.488,90.928,99.29,107.18,114.06,119.57,123.32,125.24,125.55,124.42,122.31,119.41,116.25,112.81,109.37,106.05,102.92,99.915,97.18,94.601,92.256,90.107,88.036,86.122,84.285,82.488,80.729,79.01,77.173,75.298,73.422,71.547,69.632,67.678,65.803,64.122,62.559,61.231,60.059,59.121,58.496,58.066,57.909,57.988,58.3,58.808,59.472,60.293,61.192,62.13,62.989,63.81,64.552,65.177,65.607,65.92,65.92,65.803,65.49,65.06,64.474,63.81,63.067,62.169,61.309,60.488,59.668,58.925,58.222,57.597,56.972,56.425,55.995,55.565,55.409,55.877,57.558,61.114,66.74,73.93,82.175,90.85,99.485,107.57,114.57,120,123.56,125.31,125.35,124.18,121.91,119.06,115.7,112.11,108.55,105.11,101.79,98.665,95.812,93.194,90.733,88.505,86.434,84.481,82.683,80.886,79.049,77.252,75.376,73.422,71.547,69.632,67.795,65.998,64.357,62.989,61.817,60.879,60.254,59.863,59.746,59.98,60.488,61.309,62.247,63.38,64.63,65.881,67.131,68.303,69.358,70.179,70.882,71.312,71.508,71.429,71.195,70.687,69.984,69.163,68.303,67.287,66.311,65.373,64.474,63.614,62.872,62.13,61.543,60.996,60.488,59.98,59.629,59.433,59.785,61.309,64.63,69.984,76.939,84.988,93.429,101.75,109.45,116.05,121.25,124.69,126.37,126.37,125.12,123.01,120.23,117.11,113.83,110.5,107.26,104.14,101.24,98.509,96.008,93.663,91.553,89.482,87.607,85.809,84.012,82.292,80.573,78.854,77.134,75.298,73.5,71.625,69.749,67.913,66.232,64.669,63.38,62.169,61.309,60.606,60.176,59.941,60.059,60.371,60.918,61.622,62.442,63.302,64.24,65.099,65.92,66.662,67.287,67.756,67.991,68.108,67.991,67.756,67.287,66.819,66.115,65.373,64.552,63.732,62.872,62.051,61.309,60.488,59.785,59.16,58.613,58.105,57.597,57.167,56.854,56.972,58.183,60.996,65.881,72.484,80.299,88.935,97.61,105.85,113.2,119.06,123.16,125.55,126.17,125.43,123.56,120.94,117.85,114.57,111.17,107.89,104.76,101.87,99.173,96.75,94.484,92.413,90.537,88.818,87.177,85.536,84.051,82.566,81.003,79.44,77.76,76.04,74.243,72.445,70.57,68.733,66.975,65.373,63.927,62.755,61.739,60.996,60.567,60.41,60.567,60.918,61.543,62.364,63.302,64.318,65.295,66.311,67.17,67.991,68.616,69.046,69.241,69.241,69.046,68.733,68.225,67.678,66.936,66.193,65.295,64.357,63.536,62.677,61.934,61.192,60.488,59.863,59.316,58.73,58.3,58.105,58.613,60.567,64.357,70.062,77.291,85.496,94.132,102.57,110.31,116.87,121.91,125.24,126.8,126.88,125.67,123.48,120.66,117.54,114.29,111.13,108,105.07,102.3,99.759,97.375,95.109,93.038,91.162,89.365,87.685,86.044,84.441,82.761,81.003,79.244,77.369,75.493,73.539,71.625,69.749,67.991,66.311,64.787,63.536,62.442,61.504,60.879,60.567,60.488,60.684,61.035,61.661,62.364,63.185,63.927,64.748,65.49,66.115,66.506,66.74,66.858,66.74,66.35,65.881,65.177,64.357,63.38,62.286,61.231,60.098,59.043,58.066,57.05,56.19,55.409,54.744,54.119,53.533,53.103,52.751,52.791,53.846,56.659,61.622,68.382,76.431,85.223,94.171,102.81,110.5,116.8,121.45,124.18,125.12,124.49,122.74,120.04,116.87,113.32,109.76,106.17,102.81,99.603,96.672,93.937,91.475,89.17,87.059,84.988,83.074,81.237,79.44,77.603,75.806,74.008,72.133,70.257,68.382,66.623,64.982,63.614,62.559,61.739,61.231,61.035,61.231,61.856,62.794,64.005,65.49,67.17,68.85,70.609,72.25,73.735,74.985,76.001,76.744,77.134,77.173,76.939,76.353,75.61,74.673,73.539,72.289,71,69.554,68.108,66.74,65.412,64.161,63.067,62.051,61.192,60.371,59.629,58.925,58.3,57.909,57.988,59.121,62.13,67.287,74.321,82.566,91.358,100.19,108.43,115.62,121.17,125,126.92,127.23,126.17,124.1,121.29,118.05,114.69,111.33,108,104.92,102.06,99.368,96.985,94.796,92.725,90.928,89.13,87.411,85.731,84.051,82.449,80.807,79.049,77.291,75.493,73.618,71.742,69.945,68.108,66.506,65.06,63.732,62.677,61.817,61.192,60.801,60.723,60.879,61.309,61.856,62.598,63.497,64.357,65.295,66.232,67.053,67.756,68.303,68.694,68.85,68.811,68.616,68.225,67.756,67.131,66.35,65.568,64.63,63.732,62.794,61.973,61.114,60.371,59.668,59.043,58.535,58.066,57.675,57.284,57.128,57.245,58.3,60.996,65.724,72.25,80.065,88.544,97.258,105.5,112.89,118.98,123.36,126.06,126.99,126.56,125.04,122.7,119.8,116.56,113.24,109.92,106.75,103.74,100.93,98.352,96.047,93.976,91.983,90.107,88.427,86.747,85.106,83.504,81.862,80.182,78.424,76.665,74.79,72.914,71,69.124,67.366,65.724,64.357,63.224,62.286,61.622,61.192,61.035,61.114,61.504,62.051,62.794,63.693,64.63,65.568,66.545,67.444,68.186,68.733,69.163,69.476,69.554,69.437,69.163,68.694,68.069,67.287,66.506,65.607,64.669,63.732,62.872,62.051,61.231,60.567,59.941,59.355,58.847,58.417,57.988,57.675,57.753,58.613,61.035,65.49,71.82,79.362,87.685,96.242,104.45,111.87,118.01,122.5,125.2,126.17,125.67,124.06,121.56,118.55,115.23,111.79,108.51,105.31,102.26,99.368,96.75,94.367,92.1,90.068,88.115,86.239,84.481,82.761,81.042,79.244,77.447,75.571,73.539,71.547,69.476,67.483,65.607,63.849,62.286,60.996,59.941,59.238,58.925,58.925,59.16,59.785,60.684,61.817,63.067,64.474,65.92,67.287,68.538,69.671,70.609,71.234,71.625,71.742,71.547,71.117,70.492,69.788,68.929,68.069,67.131,66.193,65.256,64.357,63.536,62.794,62.169,61.661,61.192,60.723,60.371,60.176,60.293,61.309,63.927,68.733,75.493,83.504,92.061,100.7,108.86,116.05,121.8,125.74,127.85,128.36,127.39,125.35,122.54,119.3,115.82,112.3,108.94,105.62,102.57,99.759,97.18,94.796,92.686,90.615,88.74,86.942,85.184,83.425,81.667,79.87,78.072,76.197,74.321,72.445,70.57,68.733,67.053,65.607,64.357,63.302,62.559,61.973,61.739,61.661,61.934,62.364,62.989,63.732,64.552,65.49,66.35,67.248,67.991,68.538,69.007,69.241,69.241,69.124,68.811,68.382,67.756,67.053,66.232,65.373,64.435,63.536,62.677,61.856,61.114,60.41,59.746,59.16,58.691,58.222,57.792,57.597,57.909,59.472,62.872,68.382,75.689,84.051,92.999,101.79,110.07,117.19,122.74,126.49,128.36,128.64,127.5,125.35,122.54,119.37,116.05,112.81,109.8,106.95,104.29,101.87,99.603,97.571,95.617,93.859,92.1,90.42,88.74,87.099,85.496,83.816,82.136,80.299,78.502,76.626,74.634,72.68,70.687,68.85,67.17,65.685,64.357,63.302,62.481,61.934,61.622,61.622,61.934,62.481,63.224,64.161,65.177,66.232,67.287,68.303,69.124,69.788,70.374,70.609,70.687,70.57,70.257,69.671,69.007,68.186,67.366,66.428,65.568,64.669,63.849,63.067,62.364,61.661,61.114,60.606,60.567,61.348,63.81,68.303,74.673,82.449,90.928,99.603,107.93,115.31,121.29,125.63,128.13,128.87,128.17,126.37,123.87,120.82,117.5,114.14,110.74,107.57,104.6,101.87,99.29,96.985,94.914,92.999,91.162,89.443,87.802,86.161,84.559,82.918,81.198,79.44,77.603,75.806,73.852,71.976,70.257,68.538,67.131,65.803,64.748,63.849,63.302,62.911,62.872,63.067,63.497,64.161,64.982,65.92,66.858,67.795,68.616,69.437,70.062,70.492,70.804,70.804,70.687,70.374,69.945,69.358,68.694,67.991,67.248,66.506,65.724,64.982,64.24,63.536,62.872,62.169,61.622,61.231,61.504,62.989,66.428,72.133,79.557,88.036,96.945,105.62,113.67,120.63,125.94,129.38,130.94,130.86,129.57,127.31,124.42,121.17,117.73,114.37,111.13,108,105.11,102.49,100.07,97.805,95.695,93.741,91.983,90.225,88.622,86.981,85.301,83.699,81.98,80.26,78.385,76.509,74.634,72.68,70.921,69.241,67.756,66.506,65.412,64.552,63.927,63.536,63.419,63.614,64.005,64.63,65.373,66.193,67.131,67.991,68.85,69.554,70.179,70.57,70.804,70.882,70.687,70.374,69.945,69.319,68.538,67.795,66.975,66.193,65.295,64.474,63.732,62.989,62.364,61.739,61.231,61.309,62.481,65.412,70.374,76.978,84.754,93.038,101.44,109.25,116.05,121.45,125.04,126.92,127.11,125.98,123.75,120.82,117.42,113.87,110.31,106.79,103.55,100.5,97.688,95.187,92.882,90.733,88.818,86.981,85.184,83.504,81.745,80.065,78.228,76.431,74.477,72.563,70.57,68.538,66.623,64.748,63.067,61.543,60.371,59.472,58.925,58.613,58.613,58.847,59.472,60.371,61.504,62.677,63.927,65.177,66.311,67.287,68.186,68.811,69.319,69.476,69.476,69.241,68.811,68.225,67.561,66.819,65.92,65.06,64.161,63.302,62.442,61.661,61.035,60.41,59.941,59.551,59.668,61.035,64.357,69.945,77.252,85.614,94.367,102.92,111.01,117.81,123.05,126.49,128.13,128.13,126.76,124.3,121.17,117.73,114.06,110.43,106.95,103.63,100.62,97.805,95.187,92.725,90.498,88.349,86.317,84.285,82.37,80.378,78.424,76.431,74.438,72.367,70.374,68.421,66.623,64.982,63.614,62.442,61.543,60.918,60.606,60.488,60.684,61.114,61.661,62.442,63.38,64.357,65.373,66.311,67.131,67.795,68.382,68.733,68.85,68.85,68.694,68.303,67.795,67.17,66.428,65.607,64.748,63.849,62.989,62.169,61.426,60.684,59.98,59.355,58.808,58.222,57.792,57.675,58.496,60.996,65.607,72.172,80.182,88.935,97.805,106.32,113.98,120.31,124.88,127.62,128.56,127.93,126.13,123.48,120.43,117.07,113.67,110.39,107.3,104.45,101.79,99.446,97.258,95.226,93.351,91.631,89.912,88.349,86.786,85.223,83.699,82.058,80.417,78.619,76.822,74.868,72.992,71.039,69.163,67.366,65.803,64.357,63.185,62.13,61.348,60.918,60.723,60.801,61.114,61.622,62.364,63.185,64.122,65.06,65.998,66.74,67.444,67.913,68.225,68.421,68.382,68.108,67.678,67.131,66.428,65.685,64.865,64.044,63.302,62.481,61.661,60.996,60.293,59.668,59.238,59.238,60.371,63.224,68.225,74.985,82.996,91.553,100.11,108.2,115.31,120.94,124.88,126.92,127.39,126.45,124.38,121.68,118.48,115.12,111.75,108.43,105.31,102.42,99.759,97.297,95.07,93.038,91.162,89.365,87.685,86.044,84.363,82.761,81.042,79.362,77.564,75.689,73.735,71.82,69.866,68.069,66.35,64.865,63.536,62.442,61.543,60.918,60.606,60.488,60.606,61.035,61.622,62.442,63.302,64.24,65.177,66.115,66.936,67.6,68.186,68.538,68.694,68.616,68.421,68.069,67.483,66.819,66.115,65.373,64.63,63.849,63.106,62.364,61.661,60.996,60.41,60.059,60.254,61.543,64.748,70.062,77.134,85.301,93.937,102.49,110.5,117.42,122.81,126.29,128.01,127.93,126.6,124.3,121.45,118.16,114.8,111.56,108.36,105.39,102.61,100.07,97.727,95.539,93.546,91.67,89.912,88.232,86.63,85.067,83.386,81.745,80.065,78.307,76.431,74.477,72.602,70.687,68.85,67.248,65.724,64.435,63.38,62.481,61.934,61.543,61.504,61.661,62.13,62.755,63.497,64.357,65.256,66.115,66.975,67.756,68.382,68.85,69.163,69.241,69.163,68.85,68.421,67.795,67.17,66.428,65.685,64.865,64.122,63.38,62.598,61.856,61.192,60.684,60.606,61.622,64.357,69.163,75.806,83.621,91.944,100.23,108.04,114.92,120.43,124.26,126.29,126.76,125.82,123.75,120.94,117.69,114.14,110.62,107.18,103.94,100.85,98.001,95.304,92.882,90.537,88.427,86.434,84.481,82.605,80.729,78.854,76.939,74.985,72.992,70.921,68.85,66.74,64.63,62.598,60.801,59.16,57.87,56.815,55.995,55.565,55.409,55.682,56.19,56.972,57.988,59.121,60.41,61.739,62.989,64.161,65.256,66.115,66.74,67.17,67.287,67.248,66.936,66.506,65.803,65.099,64.318,63.419,62.559,61.661,60.879,59.98,59.238,58.417,57.675,57.167,57.128,58.183,61.035,66.037,72.758,80.573,88.74,96.985,104.68,111.33,116.48,120.12,121.99,122.19,121.05,118.87,115.86,112.42,108.67,104.92,101.17,97.61,94.288,91.241,88.427,85.848,83.425,81.198,79.049,76.978,74.946,72.914,70.921,68.929,66.975,65.099,63.38,61.817,60.567,59.551,58.925,58.691,58.691,59.121,59.863,60.996,62.364,63.927,65.607,67.248,68.85,70.296,71.547,72.563,73.305,73.735,73.852,73.735,73.305,72.68,71.82,70.804,69.671,68.499,67.248,66.037,64.865,63.732,62.677,61.661,60.801,59.98,59.238,58.535,57.909,57.44,57.245,57.909,60.293,64.943,71.508,79.479,88.115,96.945,105.42,113.01,119.26,123.79,126.56,127.5,126.88,125.04,122.42,119.26,115.82,112.3,108.94,105.74,102.81,100.11,97.688,95.422,93.351,91.436,89.678,87.997,86.317,84.598,82.996,81.355,79.674,77.994,76.197,74.321,72.367,70.492,68.616,66.858,65.256,63.732,62.559,61.504,60.684,60.098,59.746,59.629,59.785,60.098,60.606,61.348,62.169,62.989,63.849,64.669,65.373,65.998,66.428,66.74,66.819,66.662,66.311,65.881,65.295,64.63,63.849,63.106,62.286,61.543,60.801,60.098,59.433,58.808,58.222,58.066,58.535,60.606,64.748,70.804,78.307,86.63,95.187,103.55,111.17,117.54,122.31,125.2,126.37,125.94,124.38,121.8,118.75,115.39,111.99,108.67,105.5,102.57,99.876,97.375,95.07,92.921,90.928,89.052,87.255,85.496,83.855,82.175,80.573,78.854,77.134,75.298,73.5,71.547,69.671,67.795,65.998,64.435,62.989,61.817,60.723,59.98,59.472,59.238,59.238,59.472,59.941,60.567,61.348,62.247,63.224,64.161,64.982,65.724,66.311,66.74,66.975,67.053,66.936,66.623,66.193,65.607,64.943,64.161,63.419,62.677,61.856,61.114,60.371,59.668,59.004,58.378,58.066,58.496,60.293,64.122,69.945,77.252,85.418,93.976,102.38,110,116.44,121.17,124.18,125.43,125.2,123.67,121.25,118.24,115,111.64,108.32,105.19,102.26,99.485,97.063,94.796,92.686,90.693,88.818,87.059,85.379,83.738,82.058,80.378,78.697,76.861,74.985,73.11,71.195,69.241,67.444,65.685,64.122,62.755,61.622,60.723,60.098,59.746,59.629,59.746,60.059,60.606,61.309,62.169,63.067,64.005,64.865,65.724,66.428,67.053,67.483,67.756,67.756,67.6,67.366,66.936,66.428,65.803,65.177,64.435,63.693,62.911,62.13,61.348,60.567,59.785,59.238,58.925,59.551,61.661,65.881,71.976,79.44,87.567,95.851,103.74,110.93,116.87,121.17,123.67,124.49,123.95,122.19,119.69,116.68,113.44,110.11,106.95,103.94,101.13,98.548,96.164,93.976,91.944,90.068,88.349,86.669,85.067,83.504,81.862,80.26,78.541,76.822,74.985,73.11,71.234,69.358,67.561,65.881,64.435,63.106,62.13,61.231,60.684,60.371,60.254,60.41,60.801,61.426,62.13,62.989,63.849,64.748,65.49,66.232,66.858,67.366,67.6,67.756,67.678,67.444,67.053,66.545,65.92,65.295,64.552,63.81,63.067,62.286,61.543,60.879,60.176,59.629,59.16,59.004,59.746,61.973,66.311,72.484,79.987,88.115,96.359,104.29,111.33,117.07,121.17,123.63,124.38,123.67,121.91,119.3,116.17,112.81,109.29,105.85,102.61,99.485,96.633,93.937,91.358,88.974,86.747,84.598,82.566,80.495,78.502,76.509,74.555,72.563,70.57,68.499,66.35,64.24,62.169,60.293,58.535,57.05,55.799,54.783,54.119,53.728,53.611,53.728,54.158,54.862,55.799,56.933,58.105,59.355,60.567,61.661,62.677,63.536,64.24,64.748,64.982,64.982,64.748,64.357,63.81,63.106,62.364,61.504,60.684,59.785,58.925,58.105,57.362,56.62,55.995,55.409,54.979,55.057,56.112,58.925,63.732,70.179,77.603,85.614,93.663,101.36,108.04,113.44,117.19,119.26,119.69,118.75,116.76,113.94,110.62,106.99,103.2,99.446,95.812,92.296,89.052,86.004,83.191,80.573,78.072,75.728,73.422,71.234,69.124,66.975,64.943,62.911,60.996,59.316,57.792,56.659,55.877,55.409,55.291,55.565,56.19,57.128,58.378,59.941,61.661,63.614,65.568,67.444,69.241,70.804,72.172,73.227,74.008,74.438,74.477,74.321,73.852,73.11,72.25,71.195,70.062,68.85,67.678,66.428,65.177,64.005,62.794,61.739,60.723,59.863,59.043,58.3,57.597,56.972,56.62,57.128,59.238,63.419,69.554,77.173,85.614,94.288,102.73,110.39,116.6,121.25,124.1,125.2,124.81,123.16,120.66,117.62,114.29,110.86,107.57,104.37,101.36,98.626,96.125,93.859,91.748,89.795,87.919,86.161,84.441,82.761,81.12,79.44,77.76,76.001,74.165,72.367,70.492,68.538,66.74,65.06,63.497,62.13,60.918,59.941,59.16,58.613,58.3,58.222,58.417,58.847,59.433,60.176,60.996,61.856,62.755,63.536,64.318,64.943,65.373,65.607,65.685,65.607,65.295,64.943,64.357,63.732,62.989,62.247,61.426,60.723,59.98,59.316,58.613,57.909,57.284,56.854,56.737,57.48,59.785,64.122,70.257,77.76,86.044,94.562,102.69,109.92,115.94,120.31,122.85,123.79,123.32,121.6,119.18,116.29,113.12,109.8,106.68,103.63,100.81,98.196,95.734,93.546,91.436,89.56,87.724,86.044,84.363,82.761,81.042,79.362,77.603,75.806,74.008,72.133,70.179,68.225,66.428,64.669,63.106,61.739,60.606,59.629,58.925,58.496,58.3,58.378,58.613,59.121,59.746,60.488,61.309,62.169,63.067,63.849,64.552,65.099,65.568,65.803,65.881,65.685,65.373,64.943,64.435,63.732,63.067,62.364,61.622,60.879,60.098,59.433,58.73,58.183,57.597,57.284,57.44,58.73,61.817,66.858,73.5,81.237,89.56,97.883,105.62,112.42,117.81,121.45,123.36,123.75,122.7,120.66,117.93,114.8,111.44,108.12,104.92,101.95,99.173,96.672,94.367,92.256,90.225,88.349,86.551,84.793,83.191,81.511,79.791,78.111,76.314,74.477,72.602,70.726,68.85,67.053,65.295,63.732,62.286,61.114,60.176,59.433,59.004,58.73,58.808,59.043,59.551,60.176,60.918,61.817,62.755,63.614,64.435,65.177,65.803,66.232,66.506,66.623,66.545,66.311,65.92,65.373,64.748,64.122,63.38,62.598,61.856,61.192,60.41,59.785,59.16,58.613,58.183,58.105,59.121,61.817,66.506,72.914,80.573,88.74,96.867,104.6,111.36,116.87,120.66,122.81,123.36,122.62,120.82,118.24,115.19,111.87,108.55,105.31,102.26,99.446,96.867,94.445,92.256,90.225,88.349,86.63,84.91,83.308,81.745,80.104,78.502,76.822,75.063,73.227,71.429,69.632,67.795,66.115,64.552,63.185,61.973,61.035,60.371,59.941,59.668,59.746,59.941,60.41,61.035,61.817,62.677,63.536,64.357,65.177,65.803,66.35,66.819,67.053,67.131,66.975,66.662,66.193,65.607,64.982,64.318,63.536,62.755,61.973,61.231,60.488,59.785,59.16,58.613,58.222,58.378,59.629,62.677,67.678,74.36,82.058,90.185,98.235,105.82,112.38,117.54,121.05,122.85,123.13,122.07,119.92,117.19,113.98,110.54,107.18,103.86,100.81,98.001,95.382,92.999,90.811,88.74,86.864,85.067,83.386,81.628,79.948,78.189,76.353,74.477,72.563,70.57,68.538,66.623,64.669,62.872,61.192,59.629,58.3,57.245,56.346,55.721,55.37,55.174,55.174,55.37,55.721,56.229,56.854,57.558,58.183,58.847,59.433,59.98,60.371,60.684,60.801,60.801,60.684,60.488,60.176,59.785,59.433,58.925,58.378,57.792,57.284,56.737,56.229,55.721,55.252,54.862,54.783,55.565,57.87,61.973,67.874,74.868,82.605,90.537,98.235,105.23,111.05,115.39,118.01,118.94,118.44,116.8,114.29,111.17,107.69,103.98,100.42,96.867,93.507,90.303,87.372,84.598,82.058,79.635,77.291,75.102,72.992,70.921,68.929,66.858,64.865,62.872,60.918,59.16,57.558,56.229,55.252,54.471,54.002,53.846,54.041,54.627,55.487,56.62,57.988,59.472,61.114,62.755,64.318,65.803,67.131,68.186,69.046,69.632,69.984,70.062,69.945,69.476,68.929,68.186,67.366,66.506,65.568,64.669,63.849,63.106,62.364,61.661,61.035,60.567,60.098,59.668,59.433,59.472,60.488,63.067,67.561,73.696,81.042,88.974,96.945,104.57,111.25,116.56,120.31,122.38,122.85,121.99,120.12,117.42,114.26,110.93,107.5,104.14,100.85,97.805,94.914,92.296,89.873,87.607,85.418,83.308,81.315,79.362,77.447,75.61,73.735,71.937,70.062,68.186,66.35,64.552,62.911,61.426,60.176,59.043,58.183,57.558,57.167,57.05,57.128,57.362,57.87,58.496,59.238,60.059,60.918,61.817,62.559,63.302,63.849,64.24,64.552,64.63,64.552,64.24,63.849,63.302,62.677,62.051,61.231,60.488,59.668,58.925,58.222,57.558,56.933,56.307,55.721,55.252,54.94,55.174,56.62,59.863,65.099,71.976,79.987,88.544,97.063,105.07,111.99,117.54,121.45,123.48,123.99,123.13,121.17,118.55,115.51,112.26,108.94,105.7,102.61,99.798,97.18,94.796,92.608,90.615,88.662,86.864,85.184,83.504,81.862,80.26,78.619,76.939,75.181,73.422,71.625,69.749,67.874,66.037,64.357,62.794,61.426,60.254,59.316,58.613,58.105,57.87,57.87,58.066,58.496,59.121,59.941,60.723,61.661,62.559,63.302,64.005,64.552,64.982,65.256,65.295,65.256,64.943,64.474,63.927,63.302,62.598,61.856,61.035,60.293,59.551,58.847,58.183,57.48,56.854,56.503,56.542,57.675,60.488,65.256,71.664,79.323,87.567,95.851,103.67,110.54,116.05,119.92,122.11,122.74,122.07,120.23,117.69,114.69,111.44,108.2,104.99,101.95,99.056,96.32,93.859,91.553,89.482,87.567,85.692,83.855,82.175,80.417,78.736,77.056,75.259,73.422,71.547,69.671,67.795,65.998,64.318,62.755,61.348,60.176,59.238,58.496,57.909,57.675,57.675,57.87,58.3,58.925,59.746,60.567,61.504,62.364,63.224,64.044,64.748,65.256,65.607,65.803,65.724,65.568,65.177,64.669,64.044,63.38,62.598,61.856,61.114,60.371,59.629,58.925,58.3,57.753,57.167,56.815,56.815,57.792,60.41,64.982,71.234,78.736,86.942,95.226,103.12,110.11,115.82,119.92,122.31,123.16,122.54,120.86,118.32,115.31,111.99,108.63,105.23,102.1,99.173,96.477,94.132,91.866,89.795,87.919,86.122,84.441,82.761,81.198,79.479,77.799,76.118,74.36,72.563,70.687,68.811,66.975,65.295,63.81,62.481,61.348,60.41,59.746,59.316,59.121,59.16,59.472,59.98,60.684,61.426,62.247,63.106,64.005,64.787,65.568,66.115,66.545,66.858,66.936,66.858,66.662,66.311,65.803,65.177,64.435,63.614,62.872,62.051,61.309,60.606,59.941,59.238,58.613,58.105,57.675,57.558,58.3,60.488,64.63,70.57,77.877,85.809,93.859,101.63,108.67,114.49,118.75,121.29,122.23,121.88,120.35,118.12,115.31,112.18,108.94,105.74,102.69,99.876,97.258,94.796,92.608,90.537,88.662,86.864,85.106,83.425,81.823,80.104,78.424,76.744,74.985,73.11,71.234,69.358,67.561,65.724,64.161,62.755,61.504,60.488,59.746,59.16,58.847,58.73,58.847,59.121,59.551,60.176,60.801,61.504,62.169,62.755,63.185,63.536,63.732,63.81,63.693,63.419,62.989,62.442,61.739,60.996,60.176,59.355,58.496,57.597,56.815,55.995,55.252,54.471,53.807,53.22,52.673,52.361,52.439,53.533,56.307,61.035,67.366,74.79,82.878,91.123,99.056,106.13,112.07,116.37,118.94,119.8,119.26,117.54,115.12,112.07,108.63,105.07,101.56,98.118,94.875,91.866,88.974,86.356,83.855,81.55,79.362,77.252,75.259,73.227,71.234,69.319,67.366,65.412,63.497,61.661,59.941,58.417,57.128,56.034,55.291,54.862,54.666,54.862,55.291,56.034,56.972,58.105,59.433,60.723,62.13,63.38,64.552,65.607,66.506,67.131,67.561,67.756,67.756,67.483,67.131,66.506,65.803,65.06,64.161,63.302,62.481,61.739,60.996,60.371,59.746,59.16,58.73,58.378,58.066,57.909,58.183,59.238,61.817,66.232,72.289,79.479,87.294,95.226,102.81,109.49,114.92,118.79,120.98,121.6,120.86,119.06,116.44,113.32,109.88,106.32,102.69,99.173,95.851,92.725,89.873,87.177,84.598,82.253,79.987,77.877,75.806,73.813,71.859,69.945,68.069,66.115,64.318,62.481,60.879,59.433,58.222,57.245,56.503,55.995,55.721,55.721,55.917,56.346,56.972,57.753,58.613,59.551,60.488,61.426,62.247,62.989,63.614,64.044,64.318,64.357,64.318,64.005,63.614,63.106,62.481,61.817,61.035,60.254,59.472,58.691,57.909,57.167,56.542,55.917,55.37,54.862,54.354,53.924,53.611,53.377,53.689,55.057,58.183,63.224,69.984,77.877,86.356,94.875,102.92,109.92,115.55,119.57,121.88,122.62,122.07,120.43,118.05,115.19,112.07,108.82,105.62,102.57,99.681,96.985,94.484,92.178,90.068,88.036,86.161,84.363,82.683,81.042,79.44,77.799,76.197,74.477,72.758,71,69.124,67.287,65.49,63.81,62.286,60.918,59.785,58.847,58.105,57.675,57.48,57.48,57.792,58.3,59.004,59.746,60.567,61.426,62.286,63.106,63.81,64.435,64.865,65.177,65.295,65.256,64.982,64.63,64.122,63.497,62.794,61.973,61.192,60.371,59.629,58.925,58.3,57.597,56.972,56.425,55.917,55.565,55.604,56.659,59.355,63.927,70.257,77.799,86.044,94.367,102.3,109.29,115.12,119.26,121.68,122.54,122.07,120.43,118.05,115.12,111.95,108.67,105.5,102.42,99.485,96.867,94.445,92.1,90.068,88.036,86.239,84.481,82.878,81.198,79.479,77.76,76.001,74.243,72.445,70.57,68.694,66.819,65.06,63.419,61.934,60.723,59.668,58.847,58.3,57.988,57.87,57.988,58.378,58.925,59.668,60.488,61.348,62.247,63.106,63.927,64.552,65.099,65.49,65.685,65.724,65.685,65.373,64.943,64.357,63.732,62.989,62.247,61.426,60.684,59.941,59.238,58.613,57.988,57.44,56.933,56.503,56.425,57.167,59.472,63.614,69.476,76.665,84.598,92.882,100.74,107.93,113.87,118.32,121.13,122.38,122.19,120.82,118.55,115.82,112.61,109.37,106.13,102.92,99.993,97.258,94.679,92.296,90.107,88.115,86.239,84.481,82.8,81.12,79.44,77.76,76.04,74.321,72.563,70.687,68.85,67.053,65.373,63.81,62.442,61.309,60.293,59.551,59.043,58.808,58.73,58.925,59.355,59.941,60.606,61.426,62.169,62.989,63.732,64.435,64.982,65.412,65.724,65.92,65.92,65.803,65.412,64.982,64.357,63.732,62.989,62.286,61.543,60.879,60.098,59.433,58.808,58.222,57.675,57.245,56.933,57.167,58.613,61.817,66.858,73.539,81.198,89.287,97.297,104.8,111.33,116.48,120,121.88,122.19,121.17,119.18,116.48,113.32,109.88,106.44,103.04,99.876,96.945,94.171,91.553,89.17,86.942,84.793,82.8,80.886,79.01,77.173,75.298,73.5,71.547,69.632,67.6,65.607,63.614,61.739,59.941,58.378,56.972,55.877,54.979,54.354,53.924,53.807,53.924,54.314,54.94,55.682,56.62,57.597,58.691,59.668,60.684,61.504,62.247,62.794,63.185,63.38,63.302,63.106,62.755,62.247,61.622,60.918,60.176,59.355,58.535,57.753,56.933,56.19,55.487,54.783,54.158,53.611,53.299,53.533,54.94,58.222,63.302,69.866,77.291,85.301,93.312,100.81,107.3,112.42,116.01,117.93,118.36,117.5,115.51,112.81,109.61,106.13,102.57,99.134,95.734,92.608,89.678,86.981,84.441,82.136,79.87,77.681,75.61,73.539,71.547,69.554,67.561,65.607,63.732,61.934,60.371,59.043,57.988,57.167,56.659,56.503,56.62,57.128,57.909,59.004,60.176,61.622,63.067,64.63,66.037,67.444,68.616,69.632,70.374,70.882,71.039,71,70.726,70.296,69.632,68.811,67.874,66.858,65.803,64.787,63.732,62.755,61.739,60.801,59.98,59.238,58.535,57.87,57.284,56.737,56.229,55.877,55.995,57.245,60.176,65.177,71.742,79.479,87.88,96.164,104.06,110.93,116.48,120.35,122.62,123.32,122.62,120.82,118.32,115.23,111.99,108.67,105.42,102.26,99.29,96.633,94.132,91.866,89.756,87.724,85.848,84.051,82.292,80.69,79.01,77.291,75.61,73.852,72.055,70.257,68.421,66.662,64.943,63.38,61.934,60.684,59.629,58.73,58.066,57.675,57.48,57.558,57.87,58.3,59.004,59.668,60.488,61.309,62.13,62.872,63.497,64.005,64.357,64.63,64.63,64.474,64.24,63.81,63.302,62.598,61.934,61.192,60.371,59.629,58.847,58.105,57.48,56.933,56.425,55.995,55.604,55.409,55.995,57.909,61.739,67.287,74.438,82.488,90.928,99.251,106.87,113.44,118.48,121.88,123.44,123.48,122.31,120.2,117.3,114.14,110.74,107.42,104.25,101.24,98.509,95.93,93.546,91.319,89.248,87.294,85.496,83.738,82.058,80.378,78.736,77.134,75.376,73.618,71.82,69.945,68.069,66.232,64.552,63.067,61.661,60.488,59.551,58.73,58.183,57.792,57.753,57.909,58.3,58.847,59.629,60.371,61.192,61.973,62.872,63.614,64.318,64.865,65.256,65.412,65.412,65.295,64.943,64.474,64.005,63.302,62.598,61.856,61.114,60.371,59.629,58.925,58.3,57.753,57.167,56.659,56.503,57.05,59.004,62.872,68.499,75.571,83.425,91.631,99.603,106.87,113.04,117.73,120.82,122.19,122.11,120.86,118.75,115.94,112.81,109.49,106.17,103,99.993,97.258,94.601,92.296,90.107,88.036,86.161,84.363,82.605,80.886,79.166,77.486,75.806,74.047,72.172,70.374,68.499,66.74,64.982,63.419,61.934,60.684,59.629,58.73,58.105,57.753,57.558,57.597,57.909,58.417,59.004,59.746,60.488,61.231,61.973,62.677,63.224,63.693,63.927,64.044,63.927,63.614,63.185,62.598,61.934,61.114,60.254,59.316,58.3,57.284,56.425,55.565,54.744,54.002,53.22,52.556,52.048,51.736,52.048,53.611,57.128,62.442,69.241,77.056,85.379,93.663,101.44,108.12,113.44,117.07,119.06,119.57,118.75,116.91,114.37,111.33,108,104.6,101.36,98.235,95.226,92.413,89.873,87.372,85.067,82.878,80.807,78.736,76.822,74.868,72.914,71,69.046,67.17,65.256,63.38,61.543,59.98,58.535,57.362,56.425,55.721,55.37,55.291,55.565,56.034,56.854,57.87,59.043,60.293,61.661,62.989,64.161,65.295,66.311,67.131,67.756,68.069,68.225,68.108,67.795,67.287,66.662,65.998,65.177,64.357,63.497,62.755,61.973,61.309,60.684,60.098,59.551,59.121,58.691,58.378,58.183,58.378,59.472,62.247,66.819,72.992,80.299,88.115,96.008,103.35,109.88,115.08,118.67,120.63,120.98,120.12,118.16,115.51,112.38,109.06,105.62,102.26,99.056,96.047,93.233,90.615,88.232,85.926,83.738,81.667,79.674,77.799,75.923,74.047,72.172,70.257,68.382,66.428,64.63,62.872,61.309,59.863,58.73,57.792,57.167,56.659,56.503,56.503,56.737,57.167,57.792,58.535,59.433,60.293,61.192,62.051,62.794,63.497,64.005,64.318,64.474,64.474,64.357,64.122,63.693,63.185,62.559,61.856,61.114,60.371,59.629,58.808,58.066,57.284,56.62,56.034,55.487,54.94,54.471,54.041,53.728,53.494,53.689,54.783,57.597,62.442,68.85,76.509,84.793,93.233,101.32,108.51,114.37,118.67,121.25,122.23,121.8,120.31,117.93,115.12,111.99,108.86,105.7,102.69,99.798,97.18,94.679,92.374,90.225,88.232,86.434,84.676,82.996,81.355,79.752,78.111,76.509,74.79,73.071,71.312,69.476,67.678,65.92,64.24,62.677,61.348,60.176,59.16,58.417,57.909,57.597,57.558,57.753,58.105,58.691,59.433,60.254,61.035,61.856,62.677,63.419,64.122,64.669,65.06,65.295,65.412,65.373,65.099,64.669,64.161,63.536,62.794,61.973,61.114,60.254,59.316,58.496,57.753,57.05,56.425,55.799,55.291,54.94,54.94,55.877,58.417,62.872,69.007,76.314,84.363,92.569,100.42,107.57,113.51,117.93,120.66,121.8,121.56,120.2,118.01,115.12,111.95,108.63,105.39,102.18,99.173,96.438,93.819,91.475,89.287,87.255,85.379,83.543,81.862,80.182,78.541,76.861,75.102,73.383,71.547,69.749,67.913,66.115,64.357,62.755,61.348,60.098,59.121,58.3,57.753,57.362,57.284,57.44,57.753,58.222,58.925,59.668,60.488,61.309,62.13,62.872,63.536,64.122,64.552,64.787,64.865,64.748,64.474,64.044,63.536,62.989,62.286,61.543,60.801,59.98,59.238,58.496,57.792,57.167,56.62,56.112,55.604,55.252,55.057,55.409,57.05,60.371,65.49,72.133,79.752,87.88,95.93,103.43,110,115.19,118.79,120.74,121.17,120.35,118.55,116.05,113.12,110,106.75,103.63,100.62,97.727,95.109,92.608,90.381,88.232,86.239,84.363,82.605,80.925,79.244,77.564,75.884,74.126,72.367,70.57,68.733,66.936,65.177,63.536,62.13,60.879,59.746,58.847,58.105,57.597,57.362,57.245,57.362,57.597,57.909,58.378,58.808,59.316,59.746,60.098,60.41,60.606,60.723,60.684,60.567,60.254,59.785,59.316,58.73,58.105,57.44,56.737,56.034,55.37,54.744,54.119,53.611,53.22,52.869,52.556,52.361,52.165,52.165,52.595,54.002,56.972,61.817,68.108,75.376,83.191,91.162,98.821,105.54,111.13,115.12,117.54,118.36,117.85,116.29,113.94,111.01,107.81,104.49,101.13,97.922,94.875,91.983,89.287,86.786,84.481,82.292,80.26,78.228,76.314,74.438,72.563,70.609,68.733,66.858,64.943,63.106,61.348,59.785,58.417,57.362,56.503,55.995,55.721,55.799,56.19,56.854,57.87,59.043,60.41,61.856,63.302,64.787,66.115,67.366,68.499,69.319,69.945,70.296,70.413,70.296,69.984,69.437,68.733,67.913,67.053,66.193,65.256,64.318,63.419,62.559,61.739,60.996,60.293,59.668,59.121,58.613,58.183,58.222,59.316,62.051,66.819,73.071,80.417,88.31,96.242,103.67,110.23,115.51,119.18,121.25,121.8,121.05,119.3,116.87,113.94,110.74,107.42,104.17,101.05,98.001,95.187,92.491,89.99,87.724,85.614,83.621,81.823,79.987,78.307,76.548,74.79,73.071,71.312,69.554,67.756,65.998,64.24,62.677,61.231,59.98,59.004,58.183,57.558,57.128,56.854,56.933,57.167,57.597,58.183,58.925,59.668,60.488,61.309,62.051,62.755,63.302,63.732,64.044,64.161,64.122,63.927,63.536,63.067,62.442,61.817,61.114,60.371,59.629,58.847,58.183,57.48,56.854,56.229,55.721,55.252,54.783,54.549,54.862,56.346,59.629,64.748,71.429,79.166,87.411,95.695,103.35,110.11,115.51,119.26,121.29,121.91,121.25,119.49,117.07,114.14,111.01,107.73,104.57,101.56,98.665,96.125,93.663,91.475,89.443,87.489,85.731,84.012,82.37,80.729,79.049,77.447,75.728,74.047,72.289,70.492,68.694,66.858,65.099,63.497,62.13,60.879,59.785,59.004,58.378,57.988,57.87,57.988,58.3,58.808,59.433,60.176,60.996,61.817,62.598,63.419,64.122,64.748,65.099,65.373,65.49,65.373,65.099,64.748,64.161,63.536,62.794,62.051,61.348,60.606,59.863,59.16,58.496,57.87,57.284,56.815,56.542,56.972,58.73,62.364,67.756,74.634,82.37,90.498,98.509,105.93,112.3,117.3,120.55,122.23,122.42,121.37,119.3,116.56,113.36,110,106.68,103.51,100.42,97.571,94.914,92.491,90.225,88.193,86.317,84.559,82.8,81.198,79.557,77.877,76.236,74.555,72.797,71.039,69.241,67.483,65.803,64.122,62.677,61.348,60.293,59.355,58.691,58.222,57.988,58.066,58.222,58.691,59.316,60.059,60.918,61.739,62.598,63.419,64.122,64.748,65.256,65.49,65.607,65.607,65.412,65.06,64.552,64.005,63.38,62.598,61.934,61.231,60.567,59.863,59.16,58.535,57.988,57.48,57.167,57.284,58.496,61.309,66.115,72.484,79.987,88.036,96.164,103.74,110.43,115.82,119.61,121.76,122.38,121.76,120,117.54,114.61,111.44,108.24,105.11,102.06,99.173,96.477,93.976,91.67,89.56,87.567,85.614,83.855,82.175,80.495,78.815,77.173,75.493,73.735,71.976,70.179,68.382,66.623,65.06,63.614,62.364,61.309,60.371,59.746,59.316,59.16,59.316,59.551,60.059,60.684,61.426,62.247,63.067,63.849,64.63,65.295,65.881,66.311,66.545,66.623,66.545,66.311,65.92,65.412,64.787,64.122,63.38,62.598,61.856,61.192,60.488,59.785,59.121,58.535,57.988,57.558,57.558,58.496,60.918,65.256,71.234,78.424,86.239,94.054,101.56,108.24,113.67,117.54,119.73,120.43,119.73,118.01,115.43,112.38,109.06,105.62,102.26,98.977,95.93,93.116,90.498,88.115,85.848,83.816,81.862,80.065,78.307,76.626,74.946,73.11,71.351,69.476,67.678,65.803,63.927,62.051,60.293,58.808,57.44,56.307,55.409,54.744,54.314,54.119,54.158,54.471,54.979,55.682,56.503,57.44,58.417,59.433,60.293,61.114,61.817,62.364,62.755,62.911,62.989,62.872,62.559,62.13,61.543,60.918,60.254,59.472,58.73,58.066,57.284,56.659,55.995,55.37,54.783,54.314,54.002,54.314,55.917,59.316,64.552,71.039,78.385,86.161,93.937,101.17,107.5,112.42,115.82,117.5,117.69,116.6,114.61,111.79,108.55,105.07,101.44,97.805,94.367,91.123,87.997,85.106,82.37,79.87,77.564,75.298,73.188,71.117,69.124,67.17,65.177,63.224,61.426,59.785,58.378,57.284,56.503,55.995,55.799,55.995,56.542,57.362,58.535,59.98,61.661,63.419,65.177,66.858,68.499,69.945,71.195,72.172,72.797,73.188,73.227,72.992,72.445,71.625,70.687,69.554,68.303,66.975,65.607,64.318,62.911,61.661,60.41,59.238,58.222,57.284,56.425,55.682,54.979,54.354,53.924,53.846,54.666,57.167,61.817,68.303,76.04,84.559,93.116,101.36,108.86,115,119.49,122.19,123.16,122.74,121.13,118.67,115.74,112.5,109.18,105.93,102.81,99.876,97.18,94.601,92.256,90.068,87.997,86.122,84.363,82.683,81.042,79.479,77.916,76.314,74.673,72.992,71.312,69.476,67.756,65.998,64.318,62.872,61.543,60.41,59.433,58.691,58.183,57.87,57.792,57.909,58.222,58.73,59.433,60.176,60.996,61.817,62.598,63.302,63.927,64.435,64.669,64.787,64.748,64.552,64.161,63.732,63.106,62.481,61.817,61.035,60.293,59.551,58.808,58.105,57.48,56.854,56.307,55.877,55.877,56.737,59.238,63.614,69.788,77.252,85.379,93.663,101.67,108.82,114.76,119.06,121.68,122.62,122.23,120.66,118.36,115.43,112.26,108.98,105.82,102.73,99.876,97.258,94.757,92.413,90.381,88.349,86.473,84.676,82.996,81.315,79.635,77.994,76.236,74.555,72.758,71,69.163,67.366,65.607,64.044,62.598,61.348,60.293,59.433,58.808,58.417,58.222,58.3,58.613,59.121,59.785,60.567,61.426,62.247,63.106,63.849,64.552,65.177,65.607,65.881,65.998,65.998,65.724,65.412,64.982,64.435,63.732,63.067,62.364,61.661,60.996,60.293,59.668,59.121,58.535,58.105,57.909,58.535,60.606,64.552,70.374,77.564,85.496,93.624,101.48,108.67,114.76,119.26,122.11,123.44,123.32,122.07,120,117.23,114.14,110.86,107.61,104.45,101.36,98.548,95.93,93.546,91.319,89.248,87.294,85.496,83.699,81.941,80.26,78.541,76.822,75.063,73.227,71.429,69.554,67.756,65.998,64.357,62.911,61.739,60.723,59.941,59.316,59.004,58.847,58.925,59.16,59.668,60.293,60.996,61.817,62.598,63.38,64.122,64.669,65.256,65.607,65.803,65.881,65.724,65.49,65.099,64.552,63.927,63.224,62.481,61.739,60.918,60.098,59.316,58.496,57.753,56.933,56.229,55.604,55.409,56.19,58.496,62.598,68.303,75.102,82.566,90.225,97.61,104.29,109.92,114.18,116.8,117.93,117.69,116.29,114.18,111.44,108.32,105.07,101.75,98.509,95.422,92.569,89.873,87.372,85.106,82.918,81.003,79.049,77.252,75.493,73.696,71.937,70.179,68.382,66.545,64.748,62.911,61.231,59.668,58.3,57.167,56.307,55.682,55.37,55.37,55.604,56.19,57.05,58.105,59.238,65.412,65.295,65.06,64.669,64.161,63.693,62.989,62.286,61.543,60.801,60.098,59.433,58.808,58.183,57.675,57.167,56.854,56.972,58.105,60.918,65.49,71.742,79.049,86.942,94.875,102.38,108.98,114.37,118.24,120.43,121.13,120.43,118.79,116.37,113.51,110.31,106.99,103.74,100.62,97.61,94.875,92.296,89.912,87.724,85.731,83.816,81.941,80.182,78.502,76.822,75.102,73.422,71.664,69.945,68.186,66.428,64.748,63.185,61.661,60.41,59.355,58.417,57.753,57.245,56.854,56.737,56.815,57.05,57.44,57.87,58.378,58.925,59.433,59.941,60.293,60.606,60.879,60.918,60.879,60.684,60.371,59.941,59.355,58.73,58.066,57.362,56.62,55.877,55.174,54.471,53.807,53.22,52.673,52.165,51.696,51.384,51.423,52.439,54.94,59.16,65.06,71.937,79.557,87.411,95.07,101.99,107.81,112.18,115,116.25,116.13,114.92,112.89,110.23,107.26,104.06,100.74,97.414,94.171,91.123,88.232,85.496,82.918,80.573,78.307,76.118,74.047,72.055,70.101,68.108,66.232,64.318,62.481,60.684,58.925,57.362,56.034,54.94,54.119,53.533,53.181,53.181,53.416,54.041,54.94,55.995,57.245,58.535,59.941,61.231,62.559,63.81,64.865,65.724,66.428,66.858,67.131,67.131,66.936,66.545,65.998,65.373,64.669,63.927,63.224,62.481,61.739,61.035,60.371,59.863,59.433,59.043,58.808,58.535,58.378,58.535,59.472,61.817,65.881,71.547,78.307,85.692,93.233,100.42,106.87,112.18,116.05,118.36,119.18,118.67,117.11,114.8,111.87,108.67,105.31,101.95,98.626,95.382,92.374,89.482,86.786,84.285,81.941,79.752,77.603,75.61,73.696,71.742,69.866,67.991,66.193,64.435,62.677,60.996,59.472,58.183,57.05,56.034,55.37,54.783,54.471,54.432,54.549,54.862,55.37,56.034,56.854,57.675,58.535,59.433,60.254,60.996,61.543,62.051,62.364,62.481,62.442,62.286,62.051,61.661,61.192,60.606,59.98,59.316,58.613,57.988,57.362,56.737,56.112,55.487,54.94,54.354,53.924,53.494,53.103,52.869,53.103,54.432,57.44,62.286,68.733,76.314,84.481,92.725,100.54,107.5,113.12,117.19,119.61,120.51,120.12,118.67,116.48,113.75,110.62,107.38,104.17,101.01,98.001,95.187,92.686,90.303,88.193,86.161,84.285,82.566,80.925,79.362,77.799,76.236,74.673,73.11,71.508,69.866,68.186,66.506,64.865,63.224,61.817,60.488,59.316,58.378,57.558,56.972,56.62,56.542,56.62,56.933,57.44,58.066,58.808,59.551,60.371,61.114,61.856,62.481,62.989,63.38,63.536,63.614,63.497,63.224,62.872,62.364,61.817,61.114,60.41,59.746,59.004,58.3,57.597,56.972,56.425,55.877,55.409,54.979,54.744,55.252,57.128,60.723,66.115,72.797,80.378,88.349,96.164,103.51,109.76,114.69,118.05,119.88,120.23,119.41,117.62,115.19,112.26,108.98,105.7,102.42,99.29,96.359,93.624,91.045,88.74,86.63,84.598,82.8,81.042,79.362,77.76,76.118,74.477,72.797,71.117,69.358,67.6,65.881,64.161,62.559,61.114,59.863,58.73,57.87,57.128,56.62,56.346,56.346,56.542,56.854,57.362,58.066,58.808,59.629,60.41,61.192,61.934,62.559,63.067,63.419,63.693,63.732,63.614,63.419,63.106,62.598,62.051,61.426,60.723,59.98,59.316,58.535,57.87,57.245,56.659,56.112,55.604,55.174,54.94,55.252,56.62,59.668,64.552,70.804,78.111,86.004,93.819,101.17,107.73,113.01,116.8,118.94,119.61,119.06,117.5,115.19,112.38,109.29,106.05,102.92,99.798,96.867,94.132,91.553,89.17,86.981,84.91,82.996,81.198,79.44,77.76,76.04,74.36,72.602,70.882,69.124,67.366,65.685,64.005,62.286,60.801,59.472,58.378,57.362,56.62,55.995,55.604,55.409,55.37,55.487,55.682,56.034,56.425,56.854,57.284,57.753,58.183,58.496,58.808,58.925,58.925,58.847,58.691,58.378,57.988,57.48,57.05,56.542,55.995,55.487,54.94,54.432,53.924,53.533,53.181,52.869,52.556,52.361,52.283,52.673,54.041,56.933,61.543,67.483,74.438,81.98,89.678,97.063,103.67,109.18,113.32,115.86,116.91,116.68,115.31,113.2,110.5,107.42,104.14,100.81,97.571,94.367,91.358,88.544,85.848,83.386,81.042,78.815,76.665,74.634,72.68,70.726,68.811,66.936,65.06,63.185,61.348,59.668,58.105,56.815,55.721,54.94,54.314,54.002,53.924,54.119,54.627,55.409,56.425,57.597,58.925,60.254,61.622,62.911,64.044,65.099,65.998,66.623,67.131,67.366,67.366,67.17,66.819,66.311,65.685,64.943,64.161,63.38,62.559,61.739,60.996,60.293,59.629,59.043,58.417,57.909,57.44,57.05,56.972,57.753,59.98,64.005,69.632,76.353,83.816,91.553,98.977,105.74,111.33,115.43,118.05,119.18,118.94,117.62,115.51,112.81,109.8,106.64,103.35,100.19,97.102,94.249,91.475,88.974,86.63,84.363,82.292,80.378,78.541,76.744,75.063,73.305,71.625,69.945,68.186,66.506,64.787,63.106,61.543,60.176,59.004,57.988,57.167,56.542,56.112,55.995,55.995,56.229,56.62,57.245,57.909,58.73,59.551,60.371,61.114,61.739,62.364,62.794,63.106,63.302,63.302,63.185,62.911,62.481,61.973,61.426,60.801,60.098,59.355,58.613,57.87,57.167,56.503,55.917,55.37,54.862,54.354,54.002,53.728,54.041,55.604,58.847,64.005,70.57,78.189,86.239,94.288,101.79,108.36,113.63,117.23,119.3,119.92,119.3,117.69,115.43,112.69,109.76,106.68,103.63,100.7,97.883,95.226,92.725,90.498,88.349,86.434,84.559,82.8,81.042,79.362,77.681,76.04,74.36,72.68,70.921,69.163,67.444,65.685,63.927,62.364,60.879,59.629,58.496,57.597,56.933,56.503,56.229,56.229,56.425,56.815,57.284,57.988,58.73,59.551,60.371,61.192,61.856,62.442,62.911,63.224,63.419,63.419,63.302,63.067,62.598,62.13,61.504,60.879,60.098,59.433,58.808,58.105,57.48,56.854,56.229,55.721,55.291,55.252,55.917,57.988,61.934,67.483,74.321,81.862,89.756,97.375,104.37,110.31,114.8,117.81,119.18,119.18,118.05,116.01,113.36,110.39,107.26,104.14,101.05,98.118,95.304,92.725,90.381,88.193,86.122,84.129,82.292,80.495,78.815,77.134,75.415,73.735,72.055,70.374,68.616,66.858,65.06,63.38,61.817,60.488,59.316,58.378,57.558,56.972,56.62,56.425,56.503,56.737,57.167,57.792,58.535,59.355,60.176,60.996,61.739,62.442,62.989,63.419,63.732,63.849,63.81,63.693,63.38,62.911,62.442,61.817,61.192,60.567,59.863,59.238,58.535,57.909,57.284,56.737,56.229,55.721,55.487,55.604,56.854,59.668,64.318,70.492,77.76,85.536,93.429,100.85,107.5,112.89,116.76,119.06,119.8,119.26,117.69,115.39,112.58,109.45,106.17,103,99.798,96.789,93.976,91.358,88.935,86.669,84.559,82.605,80.807,79.127,77.447,75.728,74.126,72.445,70.726,69.007,67.287,65.568,63.927,62.364,60.918,59.668,58.613,57.753,57.05,56.542,56.307,56.229,56.346,56.737,57.245,57.87,58.535,59.316,60.059,60.723,61.309,61.817,62.247,62.481,62.598,62.559,62.364,61.973,61.504,60.879,60.176,59.355,58.535,57.675,56.854,55.995,55.174,54.354,53.611,52.908,52.283,51.736,51.306,51.228,52.009,54.158,58.222,63.927,70.726,78.307,86.122,93.741,100.81,106.87,111.48,114.69,116.25,116.37,115.31,113.44,110.86,108,104.8,101.56,98.313,95.187,92.256,89.443,86.786,84.285,81.98,79.791,77.76,75.728,73.813,71.937,70.062,68.186,66.232,64.435,62.559,60.723,59.043,57.48,56.112,54.979,54.119,53.494,53.103,53.064,53.22,53.689,54.432,55.37,56.425,57.597,58.808,60.059,61.192,62.286,63.224,64.005,64.63,65.06,65.256,65.177,64.982,64.63,64.044,63.419,62.677,61.856,61.035,60.176,59.355,58.613,57.909,57.284,56.737,56.229,55.721,55.37,55.096,55.252,56.112,58.535,62.872,68.811,75.884,83.543,91.358,98.86,105.54,111.05,115.12,117.62,118.63,118.24,116.8,114.57,111.79,108.67,105.42,102.18,98.938,95.812,92.725,110.5,107.26,103.98,100.85,97.805,94.992,92.296,89.795,87.567,85.418,83.425,81.628,79.791,78.111,76.431,74.79,73.188,71.508,69.749,67.991,66.232,64.474,62.872,61.309,59.98,58.808,57.792,57.05,56.425,56.112,55.995,56.112,56.346,56.854,57.48,58.222,59.043,59.941,60.723,61.543,62.286,62.911,63.419,63.732,63.849,63.849,63.732,63.419,62.989,62.481,61.934,61.309,60.606,59.941,59.238,58.535,57.87,57.284,56.737,56.229,55.877,55.917,56.933,59.551,63.927,69.866,76.939,84.676,92.569,99.993,106.68,112.26,116.25,118.75,119.73,119.37,117.93,115.7,112.89,109.8,106.56,103.35,100.31,97.258,94.367,91.67,89.17,86.942,84.793,82.8,80.925,79.127,77.369,75.689,74.008,72.289,70.609,68.85,67.053,65.295,63.536,61.934,60.488,59.121,57.909,56.933,56.034,55.37,54.783,54.471,54.354,54.314,54.471,54.744,55.096,55.565,56.034,56.542,56.972,57.44,57.792,58.105,58.3,58.417,58.417,58.3,58.105,57.792,57.44,57.05,56.62,56.112,55.604,55.096,54.666,54.236,53.807,53.377,52.986,52.673,52.556,53.103,54.783,58.3,63.38,69.749,76.939,84.559,92.256,99.446,105.74,110.74,114.26,116.25,116.8,116.13,114.45,112.07,109.14,105.85,102.49,99.173,95.851,92.804,89.795,87.059,84.441,81.98,79.674,77.486,75.376,73.383,71.429,69.476,67.6,65.685,63.81,61.973,60.293,58.73,57.362,56.229,55.37,54.744,54.432,54.354,54.549,55.057,55.799,56.815,58.066,59.355,60.723,62.13,63.497,64.748,65.881,66.858,67.6,68.186,68.499,68.616,68.421,68.069,67.561,66.858,66.115,65.256,64.357,63.419,62.481,61.622,60.801,59.98,59.238,58.496,57.87,57.245,56.737,56.503,57.05,59.004,62.755,68.225,74.985,82.566,90.381,98.001,104.99,110.93,115.39,118.16,119.49,119.37,118.16,116.17,113.63,110.7,107.57,104.45,101.36,98.352,95.539,92.882,90.381,88.036,85.809,83.738,81.745,79.87,78.072,76.314,74.477,72.758,70.921,69.163,67.366,65.607,63.81,62.13,60.567,59.16,57.988,56.972,56.19,55.604,55.252,55.096,55.252,55.487,55.917,56.542,57.284,58.105,58.925,59.668,60.488,61.192,61.817,62.247,62.559,62.755,62.755,62.598,62.364,61.934,61.426,60.879,60.176,59.472,58.847,58.183,57.48,56.815,56.112,55.565,54.979,54.549,54.314,54.549,55.995,59.121,64.122,70.492,77.994,85.926,93.937,101.48,108.2,113.63,117.5,119.73,120.51,119.92,118.32,115.94,113.01,109.8,106.56,103.35,100.31,97.414,94.679,92.178,89.795,87.685,85.731,83.855,82.175,80.495,78.932,77.291,75.689,74.047,72.367,70.687,68.929,67.17,65.412,63.732,62.13,60.684,59.433,58.3,57.44,56.737,56.229,56.034,56.034,56.229,56.62,57.167,57.87,58.613,59.433,60.254,61.035,61.739,62.364,62.794,63.106,63.302,63.302,63.185,62.911,62.481,61.973,61.348,60.723,60.059,59.355,58.691,57.988,57.362,56.737,56.229,55.721,55.37,55.565,56.854,59.863,64.669,70.921,78.189,86.004,93.819,101.13,107.57,112.73,116.48,118.63,119.3,118.75,117.23,115,112.26,109.18,106.01,102.88,99.798,96.945,94.171,91.631,89.17,86.942,84.871,82.878,81.003,79.166,77.447,75.689,74.008,72.25,70.492,68.733,66.975,65.177,63.497,61.817,60.371,59.043,57.909,57.05,56.346,55.877,55.604,55.487,55.682,55.995,56.542,57.167,57.909,58.73,59.551,60.293,61.035,61.661,62.247,62.677,62.989,63.106,63.067,62.872,62.559,62.169,61.622,61.035,60.371,59.668,59.043,58.378,57.753,57.128,56.503,55.917,55.487,55.174,55.291,56.503,59.355,63.927,69.984,77.173,84.988,92.804,100.23,106.87,112.26,116.13,118.44,119.26,118.75,117.23,115.08,112.3,109.18,106.01,102.69,99.485,96.477,93.624,91.006,88.505,86.161,84.051,82.136,80.26,78.502,76.744,75.063,73.305,71.547,69.749,67.991,66.193,64.357,62.559,60.879,59.316,57.87,56.62,55.487,54.549,53.807,53.22,52.869,52.751,52.791,52.986,53.377,53.807,54.354,54.979,55.682,56.307,56.854,57.44,57.909,58.3,58.613,58.73,58.847,58.808,58.691,58.417,58.105,57.675,57.245,56.815,56.346,55.877,55.409,54.94,54.471,54.002,53.533,53.181,53.064,53.494,55.174,58.535,63.536,69.749,76.822,84.285,91.788,98.86,104.92,109.88,113.32,115.23,115.74,115,113.24,110.82,107.89,104.57,101.13,97.688,94.288,91.045,88.036,85.223,82.566,80.065,77.681,75.493,73.383,71.351,69.319,67.366,65.412,63.536,61.661,59.863,58.183,56.659,55.409,54.471,53.807,53.416,53.377,53.533,54.119,54.94,56.112,57.558,59.121,60.879,62.598,64.318,65.998,67.483,68.811,69.866,70.687,71.234,71.508,71.508,71.195,70.687,70.062,69.163,68.186,67.131,65.998,64.787,63.614,62.559,61.504,60.488,59.551,58.691,57.87,57.128,56.503,55.877,55.487,55.604,57.05,60.293,65.295,71.742,79.166,87.177,95.07,102.42,108.86,113.94,117.42,119.26,119.61,118.75,116.91,114.37,111.44,108.32,104.99,101.75,98.665,95.734,92.999,90.498,88.036,85.848,83.816,81.941,80.065,78.307,76.548,74.868,73.188,71.508,69.749,67.991,66.232,64.474,62.794,61.309,59.941,58.691,57.597,56.737,56.034,55.604,55.291,55.252,55.409,55.799,56.307,56.972,57.675,58.496,59.238,59.98,60.684,61.309,61.817,62.13,62.364,62.364,62.286,62.051,61.661,61.231,60.723,60.098,59.433,58.73,58.066,57.362,56.737,56.034,55.487,54.94,54.432,54.002,53.611,53.377,53.728,55.291,58.535,63.536,69.945,77.369,85.301,93.312,100.81,107.5,112.89,116.76,119.06,119.8,119.37,117.81,115.51,112.69,109.61,106.36,103.2,99.993,97.063,94.288,91.748,89.365,87.177,85.106,83.191,81.433,79.674,77.994,76.314,74.634,72.992,71.312,69.554,67.874,66.115,64.357,62.677,61.035,59.629,58.378,57.362,56.503,55.877,55.409,55.252,55.291,55.487,55.917,56.503,57.167,57.988,58.808,59.629,60.41,61.114,61.739,62.247,62.598,62.794,62.872,62.794,62.559,62.13,61.622,61.035,60.41,59.746,59.004,58.3,57.597,56.933,56.229,55.682,55.096,54.627,54.119,53.807,53.924,54.862,57.44,61.661,67.483,74.477,82.253,90.107,97.688,104.49,110.23,114.57,117.23,118.48,118.32,117.11,115.08,112.5,109.57,106.44,103.24,100.11,97.063,94.249,91.553,89.13,86.786,84.754,82.761,80.886,79.127,77.447,75.728,74.047,72.367,70.687,68.929,67.17,65.412,63.693,62.051,60.567,59.16,58.066,57.05,56.229,55.682,55.37,55.174,55.291,55.565,55.995,56.62,57.362,58.183,59.004,59.785,60.606,61.309,61.934,62.442,62.755,62.989,63.067,62.989,62.755,62.364,61.856,61.309,60.606,59.941,59.238,58.496,57.87,57.245,56.62,56.034,55.565,55.057,54.627,54.354,54.549,55.877,58.73,63.38,69.437,76.626,84.363,92.178,99.603,106.25,111.68,115.62,118.01,118.94,118.48,117.07,114.8,111.99,108.86,105.62,102.38,99.251,96.164,93.351,90.693,88.232,86.004,83.933,81.98,80.26,78.502,76.861,75.259,73.696,72.055,70.374,68.733,67.053,65.373,63.732,62.169,60.801,59.551,58.496,57.558,56.854,56.425,56.19,56.112,56.307,56.659,57.245,57.909,58.691,59.472,60.293,61.114,61.856,62.559,63.067,63.497,63.732,63.927,63.927,63.732,63.419,62.911,62.442,61.817,61.114,60.41,59.746,59.043,58.378,57.753,57.167,56.659,56.19,55.721,55.409,55.409,56.307,58.691,62.794,68.538,75.415,82.996,90.811,98.313,105.11,110.82,115.19,117.93,119.18,119.1,117.85,115.74,113.01,109.88,106.56,103.2,99.759,96.555,93.507,90.693,87.997,85.496,83.113,80.925,78.854,76.939,75.063,73.188,71.312,69.437,67.561,65.685,63.81,61.856,60.059,58.222,56.62,55.096,53.846,52.869,52.048,51.501,51.188,51.071,51.188,51.54,52.126,52.869,53.689,54.666,55.682,56.62,57.558,58.417,59.238,59.863,60.371,60.684,60.801,60.801,60.606,60.254,59.785,59.238,58.613,57.988,57.284,56.62,55.917,55.252,54.627,54.041,53.494,52.908,52.478,52.244,52.556,53.924,57.05,61.739,67.678,74.438,81.745,89.17,96.242,102.42,107.42,111.17,113.44,114.18,113.67,112.18,109.8,106.87,103.67,100.23,96.789,93.429,90.107,87.059,84.129,81.355,78.736,76.314,74.008,71.742,69.671,67.6,65.607,63.614,61.661,59.746,57.909,56.229,54.783,53.611,52.673,52.009,51.618,51.501,51.736,52.283,53.22,54.471,55.917,57.558,59.238,60.996,62.677,64.318,65.724,67.053,68.108,68.929,69.476,69.788,69.866,69.671,69.319,68.733,67.991,67.17,66.193,65.177,64.122,63.067,61.973,60.996,60.098,59.238,58.417,57.597,56.933,56.229,55.604,55.096,55.057,55.995,58.613,63.106,69.124,76.197,83.933,91.67,99.134,105.7,111.13,115.12,117.5,118.36,117.85,116.44,114.18,111.44,108.43,105.23,101.99,98.86,95.851,92.999,90.381,87.919,85.614,83.504,81.55,79.674,77.877,76.118,74.438,72.758,71.117,69.476,67.795,66.193,64.552,62.872,61.309,59.863,58.613,57.558,56.62,55.877,55.291,54.979,54.783,54.862,55.096,55.565,56.19,56.854,57.597,58.378,59.16,59.863,60.567,61.035,61.504,61.739,61.856,61.856,61.739,61.426,61.035,60.567,59.941,59.316,58.613,57.988,57.284,56.62,55.995,55.37,54.783,54.236,53.807,53.377,53.181,53.611,55.252,58.613,63.732,70.257,77.681,85.536,93.429,100.74,107.18,112.3,115.86,117.85,118.48,118.01,116.48,114.26,111.48,108.43,105.31,102.1,99.056,96.125,93.312,90.733,88.349,86.161,84.168,82.253,80.417,78.697,76.978,75.376,73.813,72.172,70.57,68.85,67.17,65.49,63.81,62.169,60.606,59.238,58.066,56.972,56.112,55.487,55.057,54.783,54.783,54.979,55.37,55.917,56.62,57.362,58.183,59.004,59.785,60.488,61.114,61.661,62.051,62.247,62.364,62.286,62.051,61.661,61.231,60.684,60.059,59.433,58.73,58.066,57.284,56.659,55.995,55.409,54.94,54.432,54.041,53.807,54.041,55.409,58.417,63.106,69.241,76.431,84.129,91.788,99.134,105.62,110.82,114.61,116.8,117.62,117.19,115.74,113.63,110.93,108,104.88,101.79,98.821,95.851,93.038,90.42,87.997,85.692,83.543,81.511,79.557,77.681,75.884,74.126,72.445,70.726,69.046,67.287,65.568,63.849,62.247,60.684,59.238,57.988,56.933,56.034,55.37,54.94,54.627,54.627,54.783,55.096,55.604,56.229,56.972,57.792,58.691,59.472,60.254,60.918,61.543,61.973,62.286,62.481,62.442,62.286,62.051,61.739,61.309,60.801,60.176,59.551,58.847,58.222,57.597,56.972,56.503,55.917,55.409,54.979,54.783,55.096,56.542,59.629,64.435,70.609,77.76,85.496,93.233,100.54,107.07,112.26,115.94,118.12,118.79,118.32,116.76,114.45,111.68,108.55,105.39,102.18,99.056,96.125,93.312,90.693,88.232,86.004,83.816,81.862,79.987,78.189,76.509,74.79,73.188,71.508,69.788,68.108,66.428,64.748,63.106,61.622,60.254,59.043,58.066,57.167,56.542,56.112,55.917,55.917,56.19,56.542,57.128,57.792,58.535,59.355,60.176,60.996,61.661,62.286,62.794,63.185,63.419,63.497,63.419,63.185,62.872,62.364,61.739,61.114,60.371,59.668,58.925,58.222,57.48,56.737,56.034,55.409,54.744,54.158,53.728,53.689,54.627,57.05,61.192,66.662,73.188,80.299,87.567,94.484,100.85,106.32,110.43,113.12,114.37,114.37,113.2,111.25,108.67,105.74,102.61,99.446,96.32,93.233,90.303,87.607,85.067,82.761,80.573,78.424,76.509,74.555,72.758,70.921,69.163,67.366,65.607,63.732,61.934,60.098,58.417,56.815,55.409,54.158,53.103,52.361,51.814,51.501,51.423,51.54,52.009,52.556,53.377,54.314,55.291,56.346,57.44,58.417,59.316,60.098,60.801,61.309,61.661,61.856,61.856,61.661,61.426,60.996,60.567,59.98,59.316,58.691,57.988,57.284,56.659,56.112,55.565,54.979,54.471,54.041,53.728,53.689,54.432,56.542,60.567,66.115,72.68,79.87,87.294,94.562,101.13,106.68,110.93,113.67,114.92,114.8,113.55,111.56,108.94,105.93,102.61,99.173,95.812,92.569,89.443,86.473,83.699,81.12,78.697,76.353,74.165,72.133,70.179,68.382,66.545,64.865,63.106,61.504,59.98,58.691,57.597,56.737,56.034,55.604,55.409,55.487,55.721,56.19,56.737,57.44,58.222,59.121,59.941,60.723,61.426,62.051,62.559,62.911,63.106,63.224,63.185,62.989,62.598,62.169,61.622,60.996,60.293,59.629,58.847,58.183,57.44,56.659,55.995,55.291,54.666,54.119,53.611,53.103,52.673,52.244,51.931,51.618,51.696,52.478,54.744,58.808,64.435,71.351,79.127,87.177,95.07,102.26,108.43,113.24,116.48,118.16,118.44,117.62,115.82,113.36,110.54,107.5,104.29,101.13,98.118,95.187,92.413,89.873,87.489,85.301,83.308,81.511,79.791,78.189,76.548,74.985,73.422,71.859,70.257,68.616,66.936,65.177,63.497,61.817,60.254,58.808,57.558,56.503,55.682,54.979,54.549,54.354,54.354,54.549,54.94,55.487,56.19,56.933,57.753,58.535,59.355,60.059,60.723,61.309,61.661,61.934,61.973,61.856,61.622,61.309,60.879,60.293,59.668,59.004,58.3,57.558,56.933,56.307,55.682,55.096,54.549,54.041,53.689,53.494,53.846,55.487,58.808,63.732,69.984,77.134,84.793,92.491,99.681,106.01,111.13,114.69,116.76,117.38,116.76,115.23,113.01,110.23,107.26,104.14,100.93,97.805,94.875,92.061,89.443,86.981,84.754,82.605,80.612,78.736,76.978,75.376,73.735,72.133,70.492,68.85,67.17,65.49,63.81,62.13,60.606,59.16,57.909,56.815,55.917,55.252,54.783,54.471,54.471,54.666,55.057,55.565,56.229,56.972,57.792,58.691,59.472,60.293,60.996,61.543,62.051,62.364,62.559,62.559,62.364,62.13,61.661,61.192,60.606,59.98,59.355,58.691,58.066,57.362,56.737,56.19,55.604,55.096,54.627,54.314,54.432,55.565,58.222,62.598,68.499,75.415,82.996,90.693,97.922,104.49,109.92,113.94,116.48,117.54,117.3,116.13,114.14,111.56,108.67,105.62,102.49,99.446,96.477,93.663,91.006,88.505,86.161,84.012,81.98,80.182,78.385,76.665,75.063,73.422,71.82,70.101,68.421,66.74,65.099,63.497,61.934,60.488,59.238,58.105,57.167,56.425,55.877,55.487,55.291,55.37,55.604,55.995,56.542,57.167,57.87,58.691,59.433,60.098,60.801,61.348,61.817,62.13,62.286,62.286,62.169,61.934,61.543,61.035,60.488,59.863,59.16,58.496,57.792,57.05,56.307,55.565,54.862,54.119,53.494,53.064,53.22,54.549,57.48,61.973,67.756,74.321,81.511,88.662,95.5,101.48,106.44,110.07,112.18,112.93,112.42,111.01,108.86,106.25,103.35,100.31,97.258,94.171,91.241,88.505,85.848,83.425,81.12,79.01,76.939,74.985,73.071,71.234,69.476,67.678,65.92,64.122,62.286,60.567,58.847,57.284,55.877,54.744,53.807,53.064,52.595,52.439,52.556,52.908,53.533,54.354,55.37,56.503,57.753,59.004,60.176,61.309,62.364,63.224,63.927,64.435,64.787,64.943,64.865,64.63,64.24,63.693,63.106,62.442,61.739,60.996,60.293,59.629,59.004,58.417,57.87,57.362,56.854,56.503,56.307,56.503,57.597,60.254,64.552,70.257,76.861,84.012,91.241,98.118,104.17,109.18,112.81,115.08,115.86,115.43,113.98,111.79,109.06,106.01,102.73,99.446,96.125,92.921,89.795,86.864,84.051,81.433,78.932,76.626,74.438,72.289,70.296,68.382,66.428,64.552,62.677,60.879,59.16,57.597,56.229,55.057,54.119,53.377,52.869,52.556,52.439,52.556,52.869,53.377,54.002,54.783,55.604,56.542,57.44,58.222,59.043,59.668,60.254,60.684,60.918,61.035,61.035,60.879,60.606,60.254,59.785,59.16,58.613,57.909,57.284,56.62,55.995,55.37,54.744,54.236,53.689,53.22,52.791,52.439,52.244,52.595,54.158,57.44,62.364,68.616,75.884,83.621,91.358,98.665,105.11,110.31,114.14,116.37,117.23,62.286,62.247,62.051,61.739,61.309,60.801,60.254,59.551,58.847,58.183,57.48,56.854,56.229,55.721,55.174,54.666,54.314,54.119,54.549,56.229,59.551,64.474,70.726,77.916,85.536,93.116,100.19,106.32,111.25,114.76,116.76,117.42,116.87,115.39,113.2,110.43,107.42,104.25,101.13,98.001,95.07,92.296,89.678,87.294,85.067,82.996,81.042,79.166,77.447,75.728,74.047,72.445,70.804,69.163,67.483,65.803,64.161,62.559,61.035,59.668,58.417,57.44,56.542,55.877,55.37,55.096,54.979,55.096,55.487,55.995,56.62,57.362,58.183,59.043,59.863,60.606,61.309,61.856,62.286,62.677,62.872,62.872,62.794,62.559,62.169,61.661,61.114,60.567,59.863,59.238,58.613,57.988,57.44,56.854,56.346,55.877,55.487,55.291,55.721,57.362,60.684,65.607,71.859,79.01,86.473,93.859,100.74,106.75,111.48,114.88,116.76,117.3,116.68,115.12,112.93,110.23,107.26,104.14,101.01,97.883,94.914,92.1,89.482,86.981,84.598,82.449,80.417,78.502,76.626,74.79,73.071,71.351,69.671,67.991,66.232,64.552,62.872,61.309,59.863,58.613,57.558,56.62,55.917,55.37,55.057,54.862,54.862,55.057,55.37,55.799,56.346,56.933,57.44,57.988,58.417,58.847,59.121,59.355,59.433,59.355,59.16,58.847,58.417,57.87,57.245,56.542,55.877,55.096,54.432,53.728,53.103,52.556,52.009,51.423,50.915,50.446,50.133,50.055,50.68,52.556,56.034,61.192,67.444,74.438,81.941,89.443,96.477,102.61,107.57,111.13,113.12,113.75,113.24,111.75,109.45,106.68,103.55,100.31,97.063,93.859,90.811,87.88,85.067,82.37,79.87,77.564,75.376,73.305,71.312,69.358,67.483,65.568,63.693,61.856,60.059,58.3,56.659,55.174,53.924,52.869,52.048,51.54,51.228,51.228,51.501,52.009,52.791,53.807,54.94,56.19,57.48,58.73,60.059,61.231,62.286,63.224,63.927,64.435,64.748,64.865,64.787,64.63,64.318,63.849,63.38,62.794,62.286,61.739,61.192,60.684,60.254,59.863,59.551,59.316,59.004,58.808,58.925,59.785,61.973,65.803,71.039,77.291,84.246,91.319,98.118,104.17,109.25,113.04,115.43,116.37,116.05,114.76,112.69,110.07,107.07,103.86,100.62,97.375,94.171,91.045,88.115,85.379,82.8,80.378,78.111,75.923,73.813,71.82,69.866,68.069,66.193,64.435,62.677,60.918,59.316,57.792,56.425,55.252,54.314,53.611,53.064,52.673,52.556,52.556,52.791,53.22,53.846,54.549,55.37,56.229,57.128,57.909,58.691,59.355,59.941,60.371,60.684,60.801,60.801,60.684,60.41,60.059,59.629,59.043,58.417,57.753,57.128,56.503,55.877,55.291,54.744,54.158,53.689,53.181,52.791,52.439,52.283,52.791,54.549,57.988,63.185,69.632,77.056,84.91,92.686,99.915,106.32,111.44,115.08,117.19,117.85,117.3,115.82,113.63,110.86,107.93,104.76,101.63,98.548,95.695,92.921,90.42,87.997,85.809,83.738,81.823,79.987,78.307,76.626,74.985,73.383,71.664,70.062,68.421,66.74,65.099,63.497,61.856,60.293,58.925,57.675,56.659,55.799,55.096,54.627,54.354,54.314,54.471,54.783,55.291,55.917,56.659,57.44,58.222,58.925,59.668,60.293,60.879,61.309,61.622,61.817,61.817,61.661,61.426,61.035,60.567,60.059,59.433,58.73,58.066,57.362,56.659,56.034,55.409,54.862,54.354,53.846,53.728,54.236,56.034,59.551,64.63,71,78.228,85.926,93.507,100.54,106.64,111.48,114.8,116.68,117.23,116.68,115.19,113.01,110.23,107.18,103.98,100.81,97.688,94.679,91.866,89.248,86.786,84.559,82.488,80.495,78.697,76.939,75.181,73.5,71.82,70.101,68.421,66.74,64.982,63.302,61.661,60.176,58.73,57.558,56.503,55.682,55.057,54.627,54.354,54.354,54.549,54.862,55.409,56.034,56.815,57.558,58.378,59.121,59.863,60.567,61.114,61.543,61.856,61.973,61.973,61.856,61.622,61.231,60.723,60.254,59.629,59.004,58.378,57.753,57.128,56.503,55.917,55.409,54.94,54.549,54.432,55.174,57.245,60.996,66.232,72.797,80.104,87.685,95.07,101.87,107.69,112.26,115.31,116.91,117.19,116.29,114.57,112.18,109.37,106.32,103.12,99.915,96.867,93.937,91.241,88.74,86.356,84.246,82.175,80.299,78.541,76.822,75.181,73.539,71.976,70.296,68.616,66.858,65.099,63.419,61.817,60.293,58.925,57.753,56.659,55.877,55.174,54.783,54.549,54.549,54.744,55.096,55.682,56.307,56.972,57.675,58.417,59.121,59.668,60.176,60.567,60.723,60.801,60.684,60.41,59.98,59.472,58.925,58.222,57.48,56.659,55.917,55.096,54.314,53.533,52.791,52.244,51.696,51.11,50.602,50.368,50.68,52.165,55.291,60.059,65.998,72.875,80.299,87.919,95.187,101.67,106.95,110.86,113.24,114.18,113.87,112.58,110.5,107.81,104.76,101.56,98.235,95.07,91.866,88.935,86.122,83.504,81.003,78.736,76.626,74.634,72.68,70.804,69.046,67.248,65.412,63.614,61.817,60.059,58.378,56.737,55.37,54.158,53.299,52.556,52.126,51.853,51.931,52.283,52.908,53.728,54.744,55.877,57.128,58.417,59.629,60.801,61.934,62.872,63.693,64.24,64.63,64.865,64.865,64.669,64.318,63.81,63.224,62.598,61.973,61.309,60.684,60.098,59.551,59.043,58.613,58.222,57.909,57.597,57.44,57.48,58.378,60.567,64.318,69.476,75.689,82.566,89.678,96.477,102.69,107.89,111.75,114.29,115.43,115.31,114.18,112.26,109.68,106.79,103.63,100.42,97.18,93.976,90.928,88.036,85.301,82.761,80.378,78.111,76.001,73.93,71.859,69.945,67.991,66.037,64.161,62.364,60.606,59.004,57.48,56.112,54.94,54.002,53.299,52.791,52.478,52.439,52.556,52.869,53.416,54.119,54.979,55.917,56.933,57.87,58.73,59.472,60.176,60.801,61.192,61.504,61.622,61.543,61.348,61.035,60.684,60.176,59.629,59.004,58.3,57.597,56.933,56.19,55.487,54.862,54.314,53.807,53.299,52.869,52.439,52.126,51.931,52.244,53.689,56.659,61.504,67.678,74.868,82.761,90.615,98.118,104.8,110.19,114.14,116.48,117.38,116.99,115.62,113.55,111.05,108.2,105.19,102.18,99.173,96.32,93.663,91.162,88.857,86.747,84.754,82.878,81.042,79.323,77.681,76.04,74.438,72.758,71.117,69.476,67.756,66.037,64.357,62.598,61.035,59.551,58.222,57.128,56.112,55.291,54.744,54.432,54.314,54.354,54.666,55.174,55.799,56.542,57.284,58.105,58.925,59.668,60.371,60.918,61.426,61.739,61.934,61.934,61.817,61.543,61.192,60.684,60.098,59.472,58.808,58.105,57.44,56.737,56.112,55.487,54.94,54.432,53.924,53.533,53.416,53.846,55.487,58.808,63.732,69.984,77.134,84.793,92.374,99.446,105.7,110.82,114.45,116.56,117.19,116.68,115.19,113.01,110.31,107.38,104.29,101.13,98.04,95.109,92.374,89.795,87.372,85.106,83.074,81.12,79.244,77.564,75.884,74.243,72.68,71,69.319,67.6,65.92,64.24,62.598,60.996,59.551,58.222,57.167,56.229,55.487,54.94,54.549,54.432,54.549,54.862,55.291,55.877,56.62,57.362,58.105,58.925,59.668,60.371,60.918,61.348,61.661,61.856,61.934,61.817,61.504,61.114,60.567,59.941,59.316,58.535,57.792,56.972,56.229,55.565,54.94,54.314,53.689,53.103,52.595,52.244,52.126,52.556,54.314,57.675,62.794,69.241,76.548,84.441,92.296,99.603,106.13,111.33,115,117.11,117.81,117.3,115.82,113.55,110.82,107.73,104.49,101.24,98.118,95.109,92.296,89.599,87.177,84.988,82.918,81.003,79.127,77.369,75.61,73.93,72.25,70.492,68.811,67.053,65.373,63.693,62.051,60.488,59.16,57.988,56.972,56.19,55.565,55.174,54.979,55.057,55.252,55.565,56.034,56.737,57.44,58.183,58.925,59.668,60.41,60.996,61.543,61.934,62.169,62.286,62.286,62.169,61.934,61.543,61.035,60.567,59.941,59.238,58.535,57.87,57.167,56.542,55.917,55.37,54.783,54.314,53.846,53.533,53.494,54.158,56.229,59.98,65.373,71.937,79.323,87.059,94.601,101.56,107.57,112.26,115.43,117.07,117.3,116.37
0.31494,0.18506,0.015137,-0.0048828,0.030273,0.040039,0.044922,0.035156,0.075195,0.12988,0.075195,0.044922,0.41016,0.75,1.355,1.5,1.48,0.61475,0.16016,0.050293,0.040039,0.10498,-0.014648,-0.099609,-0.074707,-0.034668,0.030273,0.10498,0.18994,0.075195,-0.094727,-0.099609,-0.02002,0.044922,0.070313,0.090332,0.10986,0.16504,0.10986,0.10498,0.18018,0.33984,0.39502,0.1499,0.17529,0.02002,0,0.10986,0.18506,0.11523,0.16992,0.24023,0.31494,0.2002,0.14014,0.17529,0.2251,0.17529,0.15527,0.28516,0.37012,0.22021,0.18994,0.19531,0.18506,0.24023,0.19531,0.20996,0.22998,0.17529,0.26025,0.2749,0.2251,0.31982,0.38525,0.43506,0.37988,0.30029,0.2749,0.18506,0.125,0.12988,0.075195,0.080078,0.055176,0.10986,0.2002,0.095215,0.070313,0.095215,0.064941,0.31006,0.88477,1.5,1.5,1.1499,0.4502,0.16992,0.095215,0.030273,-0.040039,-0.014648,-0.034668,0.015137,-0.034668,0.080078,0.010254,-0.074707,-0.0048828,0.070313,0.055176,0.02002,0.12012,0.18018,0.080078,0.090332,0.084961,0.19531,0.12988,0.2002,0.090332,0.22021,0.24023,0.125,0.15527,0.10498,0.19531,0.2002,0.15527,0.18018,0.1001,0.14014,0.20508,0.21484,0.20996,0.24023,0.27002,0.29492,0.26025,0.24023,0.2749,0.22998,0.16504,0.22021,0.24512,0.16016,0.14502,0.25488,0.2251,0.17529,0.28027,0.31982,0.3501,0.31982,0.36523,0.41016,0.30518,0.2251,0.23486,0.13525,0.2251,0.25488,0.1001,0.090332,0.060059,0.10986,0.1499,0.16504,0.055176,0.2749,0.85986,1.5,1.5,1.27,0.44482,0.2002,0.090332,0.055176,0.035156,0.1001,-0.0097656,0.035156,-0.014648,0.024902,0.060059,0.050293,0.11523,0.125,0.084961,0.030273,0.050293,0.040039,0.21484,0.090332,0.060059,0.125,0.10986,0.15527,0.2251,0.18994,0.16504,0.20508,0.22021,0.12012,0.10986,0.18994,0.1499,0.12988,0.21484,0.14014,0.125,0.22021,0.2251,0.18506,0.22021,0.19531,0.18506,0.25488,0.16016,0.14502,0.16992,0.19531,0.14502,0.16016,0.125,0.12012,0.18018,0.22998,0.14502,0.13525,0.24512,0.25488,0.27002,0.26514,0.25,0.30029,0.3252,0.090332,0.084961,0.125,0.035156,0.030273,0.075195,0.095215,0.050293,0.024902,0.060059,-0.024902,0.075195,0.40479,1.1548,1.5,1.5,1.0049,0.35498,0.11523,0.015137,-0.034668,-0.064941,-0.11963,-0.10498,-0.080078,-0.064941,0.030273,-0.034668,-0.069824,-0.10986,-0.054688,0,0.015137,-0.0097656,0.10498,0.12012,0.040039,0.030273,0.11523,0.125,0.15527,0.18018,0.14014,0.090332,0.12988,-0.0048828,0.090332,0.10498,0.030273,0.064941,0.060059,0.12012,0.1001,0.12988,0.1499,0.10498,0.16504,0.24512,0.1499,0.15527,0.16504,0.16992,0.16016,0.2251,0.14502,0.1001,0.2002,0.25488,0.27002,0.11523,0.10986,0.15527,0.18506,0.28516,0.34521,0.3252,0.30029,0.28027,0.24512,0.2251,0.18506,0.16016,0.11523,0.060059,-0.0097656,0.035156,0.095215,0.10498,0.040039,0.035156,0.090332,0.30518,0.75488,1.4048,1.5,1.375,0.54004,0.2002,0.090332,0.12988,-0.084961,-0.13477,-0.10498,-0.10986,-0.034668,0.050293,0.035156,0.055176,-0.040039,-0.0097656,-0.034668,-0.0097656,0.12012,0.16504,0.064941,0.030273,0.060059,0.075195,0.070313,0.125,0.084961,0.14014,0.20996,0.21484,0.13525,0.10498,0.080078,0.075195,0.14502,0.10986,0.1499,0.10986,0.095215,0.13525,0.10498,0.1001,0.22021,0.23486,0.22021,0.24512,0.15527,0.19531,0.2251,0.18018,0.14014,0.18018,0.26025,0.30029,0.31982,0.18506,0.1499,0.16504,0.25488,0.3252,0.33008,0.31982,0.36523,0.25,0.13525,0.16016,0.21484,0.15527,0.050293,0.060059,0.030273,0.060059,0.050293,0.084961,-0.0097656,-0.02002,0.39014,1.0347,1.5,1.5,0.96973,0.3252,0.19531,0.18018,0.035156,-0.034668,0.070313,-0.11963,-0.11963,-0.1748,-0.12988,-0.024902,-0.014648,-0.040039,0.010254,0.035156,0.064941,0.10498,0.125,0.13525,0.11523,0.14014,0.18506,0.20996,0.084961,0.13525,0.044922,0.080078,0.12988,0.10986,0.12988,0.14502,0.10986,0.12012,0.10498,0.12988,0.16016,0.18506,0.16016,0.24023,0.18018,0.29004,0.29492,0.18506,0.21484,0.2251,0.12988,0.14502,0.15527,0.18506,0.17529,0.22998,0.22021,0.25,0.22998,0.29492,0.3252,0.27002,0.35498,0.39502,0.3252,0.29492,0.22998,0.20508,0.12988,0.10986,0.084961,0.040039,0.090332,0.095215,0.080078,0.10498,0.035156,-0.0048828,0.18018,0.54492,1.2046,1.5,1.5,0.79492,0.29004,0.1499,0.0048828,-0.044922,-0.0048828,0.015137,-0.040039,-0.029785,-0.049805,0.070313,-0.044922,0.035156,0.070313,-0.0097656,0.050293,0.080078,0.17529,0.2251,0.075195,0.040039,0.11523,0.10986,0.14502,0.16016,0.13525,0.10986,0.18506,0.23486,0.095215,0.050293,0.16016,0.18506,0.10498,0.090332,0.17529,0.19531,0.22998,0.18018,0.14502,0.16016,0.15527,0.28516,0.19531,0.26025,0.2749,0.22021,0.25,0.23486,0.2749,0.28027,0.14502,0.12988,0.14014,0.20996,0.33008,0.28516,0.26025,0.36523,0.43018,0.41016,0.33496,0.29492,0.16992,0.1001,0.084961,0.035156,0.055176,0.080078,0.13525,0.16504,0.050293,0.080078,0.11523,0.080078,0.43994,1.1147,1.5,1.5,0.875,0.29492,0.095215,0.084961,0.16016,-0.10498,-0.10986,-0.040039,0.0048828,-0.060059,0.02002,0.095215,0.02002,-0.040039,-0.0048828,0.010254,0.095215,0.10498,0.1001,0.084961,0.13525,0.095215,0.12988,0.16504,0.125,0.10498,0.11523,0.14014,0.16504,0.19531,0.21484,0.15527,0.070313,0.10498,0.15527,0.18018,0.075195,0.060059,0.11523,0.16992,0.19531,0.33984,0.20996,0.18018,0.22998,0.18994,0.2002,0.18994,0.24023,0.17529,0.18018,0.16992,0.2251,0.23486,0.2002,0.30029,0.24512,0.30029,0.3252,0.39014,0.41016,0.20508,0.12988,0.17529,0.11523,0.10986,0.19531,0.22998,0.13525,0.12988,0.12012,0.084961,0.060059,0.10986,0.43994,1.0547,1.5,1.5,0.93506,0.29004,0.16016,0.11523,0.090332,0.030273,0.035156,-0.044922,-0.054688,0.050293,0.055176,0.010254,0.18994,0.080078,-0.02002,0.030273,0.070313,0.11523,0.14014,0.14502,0.125,0.10986,0.2251,0.25488,0.11523,0.095215,0.22021,0.2749,0.22998,0.14502,0.22021,0.14502,0.11523,0.1499,0.20508,0.2251,0.21484,0.26514,0.18506,0.26514,0.41016,0.24023,0.17529,0.18018,0.15527,0.17529,0.14502,0.10986,0.19531,0.16992,0.2002,0.2002,0.16992,0.14014,0.12988,0.25,0.29004,0.24023,0.28516,0.29492,0.27002,0.26514,0.25488,0.31006,0.2002,0.064941,0.13525,0.070313,0.035156,0.02002,0.075195,0.050293,0.035156,0.055176,-0.029785,0.064941,0.45996,1.145,1.5,1.5,0.7998,0.29004,0.060059,-0.054688,-0.099609,-0.10498,-0.099609,-0.089844,-0.080078,-0.11963,-0.084961,-0.0048828,0.055176,-0.064941,-0.080078,-0.02002,0.060059,0.050293,0.030273,0.040039,0.044922,0.040039,0.084961,0.13525,0.080078,0.055176,0.084961,0.12988,0.080078,0.10986,0.084961,0.040039,0.030273,0.075195,0.16992,0.18018,0.125,0.055176,0.11523,0.12012,0.095215,0.12988,0.12012,0.19531,0.19531,0.20996,0.1499,0.14502,0.20996,0.23486,0.18994,0.20508,0.15527,0.12012,0.17529,0.19531,0.2002,0.16016,0.28516,0.2749,0.3252,0.33496,0.25,0.20996,0.2002,0.20996,0.055176,0.084961,0.075195,0.084961,0.024902,0.070313,0.050293,0,-0.014648,0.095215,0.47021,1.1396,1.5,1.5,0.91992,0.31982,0.050293,-0.0097656,0,0.075195,-0.074707,-0.069824,-0.10498,-0.069824,-0.02002,-0.049805,-0.064941,0.055176,0.10498,-0.049805,0.02002,0.10986,0.16992,0.22021,0.090332,-0.029785,0,0.035156,0.125,0.17529,0.18994,0.125,0.16016,0.10498,0.10986,0.080078,0.125,0.095215,0.1499,0.044922,0.18994,0.14014,0.1499,0.18018,0.1001,0.080078,0.18506,0.2749,0.22021,0.17529,0.16016,0.24512,0.18994,0.18018,0.20508,0.22998,0.13525,0.18994,0.14502,0.13525,0.19531,0.30029,0.37012,0.33008,0.33984,0.28027,0.20508,0.18994,0.12012,0.10498,0.090332,0.10498,0.13525,0.084961,0.035156,0.010254,0.064941,0.035156,0.080078,0.21484,0.6748,1.2998,1.5,1.4697,0.62988,0.22021,0.090332,0.015137,0,-0.060059,-0.10498,-0.089844,-0.060059,-0.02002,0.030273,0.044922,-0.0048828,-0.024902,-0.044922,0.015137,0.030273,0.02002,0.050293,0.080078,0.13525,0.090332,0.125,0.1499,0.12012,0.080078,0.15527,0.20508,0.12988,0.10986,0.075195,0.18018,0.12012,0.080078,0.10498,0.1001,0.15527,0.14014,0.26025,0.2002,0.20996,0.2002,0.16992,0.23486,0.28516,0.20996,0.24023,0.18506,0.23486,0.18994,0.22998,0.22021,0.20508,0.16016,0.12988,0.24023,0.31494,0.35498,0.4248,0.43506,0.29004,0.2251,0.24512,0.25,0.15527,0.050293,0.040039,0.075195,0.10986,0.17529,0.11523,0.090332,0.11523,0.090332,0.25488,0.7749,1.4497,1.5,1.3447,0.50488,0.19531,0.064941,0.02002,0.030273,0.0048828,0.064941,0.18506,0.040039,-0.0097656,0.20996,-0.029785,-0.074707,0.0048828,-0.080078,-0.0048828,0.064941,0.070313,0.060059,0.11523,0.12988,0.18018,0.16504,0.27002,0.35986,0.30029,0.11523,0.080078,0.064941,0.040039,0.035156,0.070313,0.11523,0.20508,0.25488,0.22998,0.18994,0.25,0.33008,0.36523,0.14014,0.12012,0.13525,0.10498,0.1499,0.20508,0.22998,0.14502,0.12988,0.16016,0.2251,0.36523,0.35498,0.26025,0.19531,0.16504,0.17529,0.24512,0.28027,0.29492,0.26514,0.24512,0.25,0.19531,0.18994,0.18018,0.2749,0.12988,0.030273,0.055176,0.010254,0.075195,-0.0048828,-0.034668,0.26514,0.78516,1.46,1.5,1.3848,0.5498,0.16016,0.090332,0.14502,0.1001,-0.034668,-0.13477,-0.11475,0.060059,0.1001,0.080078,-0.089844,-0.13965,-0.040039,0.030273,0.035156,0.024902,0.015137,0.060059,0.055176,0.11523,0.125,0.12988,0.22998,0.23486,0.15527,0.075195,0.060059,0.18506,0.12988,0.080078,0.084961,0.055176,0.10986,0.1499,0.060059,0.14014,0.24023,0.27002,0.12012,0.10498,0.15527,0.19531,0.23486,0.2749,0.1001,0.084961,0.125,0.090332,0.14502,0.12988,0.17529,0.14014,0.18506,0.22021,0.2002,0.17529,0.23486,0.31006,0.35498,0.31006,0.45996,0.37988,0.18506,0.1001,0.095215,0.02002,-0.054688,-0.089844,-0.014648,0.030273,0.060059,0.035156,0.0048828,0.12988,0.56494,1.2598,1.5,1.5,0.96484,0.33496,0.070313,0.030273,-0.0048828,-0.12988,-0.25488,-0.15479,-0.094727,-0.10498,-0.044922,-0.0097656,-0.034668,-0.02002,-0.0048828,0.040039,0.10498,0.13525,0.10498,0.10986,0.030273,0.14502,0.26514,0.060059,0.050293,0.095215,0.10986,0.10986,0.18994,0.13525,0.060059,0.040039,0.14014,0.1499,0.080078,0.090332,0.21484,0.22998,0.24512,0.16992,0.12988,0.20996,0.19531,0.16016,0.1499,0.18506,0.2002,0.19531,0.22021,0.2749,0.29004,0.25488,0.28027,0.28516,0.24023,0.31982,0.37012,0.31494,0.23486,0.27002,0.24512,0.22021,0.18018,0.18506,0.090332,0.075195,0.14502,0.070313,0.040039,0.18994,0.24512,0.090332,0.075195,0.24023,0.62012,1.3696,1.5,1.395,0.56494,0.20996,0.070313,0.024902,0.015137,0.024902,-0.02002,0.0048828,-0.044922,0.02002,0.070313,0.125,-0.040039,-0.064941,0.035156,0.024902,0.010254,0.084961,0.12012,0.070313,0.12988,0.16504,0.20996,0.24023,0.12012,0.064941,0.16016,0.2251,0.17529,0.14014,0.090332,0.060059,0.14014,0.14502,0.10498,0.1499,0.15527,0.20996,0.22998,0.20508,0.2251,0.16992,0.2251,0.16504,0.18506,0.17529,0.2002,0.2251,0.18994,0.15527,0.19531,0.26514,0.25,0.28516,0.21484,0.2749,0.3501,0.33984,0.31494,0.27002,0.21484,0.2002,0.2251,0.16992,0.075195,0.030273,0.075195,0.12012,0.060059,0.080078,0.084961,0.044922,0.024902,0.18994,0.74512,1.4199,1.5,1.3799,0.48486,0.16016,0.084961,0.02002,-0.034668,-0.029785,-0.060059,-0.069824,-0.069824,-0.0048828,0.035156,-0.049805,-0.034668,-0.024902,-0.0097656,0.044922,0.060059,0.02002,0.055176,0.080078,0.1001,0.10498,0.11523,0.12988,0.13525,0.14502,0.1499,0.14502,0.20508,0.38525,0.73486,0.16016,-0.19482,-0.16992,0.0048828,0.070313,0.040039,0.084961,0.14502,0.2002,0.23486,0.24023,0.25,0.25488,0.26514,0.30029,0.31006,0.2749,0.25488,0.13525,0.10986,0.18506,0.35986,0.3999,0.22998,0.18506,0.28516,0.29492,0.25,0.26025,0.2251,0.21484,0.16016,0.22998,0.27002,0.16504,0.1001,0.10986,0.18506,0.25,0.2002,0.10986,0.095215,0.26025,0.74512,1.3647,1.5,1.1299,0.41504,0.16016,0.12012,0.050293,0.02002,0.035156,0.024902,0.044922,0.060059,0.035156,0.015137,0.055176,-0.02002,0.050293,0.15527,0.23486,0.1499,0.20996,-0.040039,-0.02002,-0.0048828,0.095215,0.16016,0.13525,0.125,0.14014,0.20996,0.22998,0.14014,0.10498,0.2002,0.23486,0.16016,0.20508,0.084961,0.064941,0.25,0.16016,0.12988,0.14502,0.20996,0.22021,0.19531,0.16992,0.15527,0.1499,0.1499,0.14014,0.18018,0.11523,0.095215,0.20508,0.28516,0.31494,0.15527,0.1001,0.090332,0.23486,0.27002,0.25,0.26514,0.27002,0.28027,0.28516,0.11523,0.044922,0.090332,0.125,0.015137,0.040039,-0.0097656,0.060059,0.035156,0.055176,0.21484,0.75977,1.5,1.5,1.5,0.62988,0.14014,0.035156,0.040039,-0.040039,-0.084961,-0.034668,-0.089844,-0.11963,0.010254,-0.0097656,-0.044922,-0.074707,-0.0048828,-0.034668,0.050293,0.13525,0.055176,0.035156,0.055176,0.035156,0.060059,0.10498,0.090332,0.125,0.1499,0.16992,0.19531,0.14502,0.075195,0.070313,0.125,0.22021,0.26025,0.064941,0.024902,0.050293,0.18018,0.22021,0.16504,0.16992,0.17529,0.2002,0.21484,0.22998,0.16992,0.14502,0.14014,0.25,0.30518,0.16992,0.12012,0.17529,0.13525,0.24023,0.27002,0.33984,0.30029,0.28516,0.29492,0.31006,0.29492,0.22021,0.125,0.10986,0.14014,0.17529,0.095215,0.035156,0.095215,0.035156,0.064941,0.075195,0.030273,0.22998,0.6748,1.3296,1.5,1.46,0.65479,0.20996,0.075195,0.055176,0.10498,-0.064941,-0.10986,-0.044922,-0.074707,-0.0097656,-0.064941,-0.080078,0.035156,-0.0048828,-0.02002,0.084961,0.084961,0.14502,0.064941,0.050293,0.10986,0.060059,0.090332,0.16992,0.18994,0.095215,0.084961,0.16992,0.20996,0.14502,0.12988,0.075195,0.095215,0.14502,0.1499,0.10986,0.14502,0.16504,0.1499,0.16504,0.15527,0.25488,0.1499,0.13525,0.1499,0.18506,0.29004,0.27002,0.26514,0.23486,0.18506,0.24023,0.25488,0.18018,0.22998,0.28027,0.33496,0.29492,0.22998,0.29004,0.30029,0.17529,0.12988,0.13525,0.12988,0.19531,0.24512,0.20996,0.25488,0.055176,0.090332,-0.13477,-0.15967,0.18018,0.74512,1.4546,1.5,1.3047,0.49512,0.21484,0.060059,0.030273,-0.0048828,0.035156,0.024902,-0.060059,-0.084961,0.015137,0.060059,0.055176,0.050293,0.12012,0.024902,-0.034668,-0.044922,-0.014648,0.050293,0.055176,0.084961,0.10498,0.13525,0.16504,0.24023,0.4248,0.31982,0.060059,0,0.070313,0.13525,0.21484,0.1001,0.060059,0.090332,0.17529,0.18994,0.16992,0.16504,0.23486,0.25,0.26514,0.33008,0.18506,0.080078,0.18506,0.21484,0.10986,0.20508,0.2251,0.26025,0.33008,0.22021,0.20996,0.28516,0.4751,0.37988,0.3501,0.30518,0.21484,0.18994,0.21484,0.18506,0.090332,0.055176,0.13525,0.14014,0.060059,0.095215,0.14014,0.18018,0,0.13525,0.54004,1.2197,1.5,1.5,0.71973,0.22021,0.040039,0.0048828,0.040039,-0.034668,-0.069824,-0.034668,0.0048828,-0.014648,-0.02002,0.030273,0,0.030273,0.050293,0.040039,0.035156,0.055176,0.080078,0.050293,0.10498,0.11523,0.14014,0.10986,0.18018,0.18994,0.125,0.16016,0.16992,0.090332,0.064941,0.14014,0.084961,0.12988,0.125,0.10498,0.18506,0.21484,0.2002,0.17529,0.18506,0.29004,0.17529,0.16504,0.22021,0.16992,0.21484,0.2002,0.19531,0.17529,0.23486,0.19531,0.24023,0.26025,0.28027,0.33496,0.38525,0.37012,0.3501,0.29004,0.17529,0.1499,0.2002,0.12012,0.11523,0.1499,0.10498,0.10986,0.070313,0.13525,0.070313,0.015137,0.21484,0.64014,1.29,1.5,1.5,0.73486,0.27002,0.12988,0.1001,0.060059,0.080078,0.035156,0.0048828,-0.0097656,0.084961,0.12012,-0.02002,-0.029785,0.030273,0.060059,0.10986,0.17529,0.12012,0.090332,0.080078,0.1499,0.12988,0.2002,0.14014,0.18506,0.21484,0.18018,0.22021,0.2251,0.16504,0.14502,0.18018,0.16992,0.24023,0.25,0.22998,0.26025,0.29004,0.2002,0.16992,0.16016,0.2749,0.24512,0.25,0.21484,0.22998,0.21484,0.19531,0.24512,0.19531,0.18506,0.17529,0.18018,0.33984,0.35986,0.40479,0.25,0.18018,0.28027,0.33008,0.39014,0.26514,0.12012,0.10986,0.15527,0.13525,0.125,0.17529,0.080078,0.090332,0.13525,0.090332,0.064941,0.22021,0.4502,0.87988,1.4497,1.5,1.1851,0.39502,0.18994,0.1001,-0.080078,-0.11475,-0.084961,-0.044922,-0.069824,-0.10498,-0.034668,0.015137,-0.014648,0.084961,-0.094727,-0.125,-0.049805,0.14014,0.044922,0.02002,-0.024902,-0.029785,0.010254,0.055176,0.12012,0.12988,0.075195,0.1001,0.10498,0.33984,0.24023,0.010254,-0.049805,0.070313,0.02002,-0.014648,0.044922,0.10498,0.18018,0.19531,0.1499,0.23486,0.22021,0.20996,0.43018,0.2251,0.024902,0.070313,0.18506,0.21484,0.16992,0.1499,0.125,0.22021,0.25488,0.34521,0.33984,0.44482,0.46484,0.3252,0.22021,0.17529,0.14014,0.16992,0.22021,0.13525,0.10498,0.16992,0.095215,0.035156,0.060059,0.14502,0.090332,0.02002,0,0.375,0.88477,1.5,1.5,1.2549,0.45996,0.18994,0.015137,-0.080078,-0.069824,-0.024902,-0.084961,-0.10498,-0.0048828,0.040039,-0.014648,-0.040039,0.0048828,0.015137,0.0048828,0.18506,0.26514,0.0048828,0.13525,0.075195,0.044922,0.11523,0.16992,0.13525,0.14014,0.20508,0.24512,0.33496,0.16504,0.024902,0.12012,0.1001,0.070313,0.13525,0.16504,0.2002,0.18018,0.29492,0.39502,0.084961,0.070313,0.18506,0.14502,0.18018,0.2002,0.23486,0.3252,0.40479,0.25,0.17529,0.12012,0.080078,0.125,0.16504,0.2002,0.24512,0.3501,0.31494,0.36523,0.39014,0.28516,0.34521,0.3999,0.080078,0.050293,0.14014,0.14502,0.050293,0.040039,0.090332,0.080078,0.044922,0.035156,0.040039,0.015137,0.33984,0.85986,1.5,1.5,1.23,0.41504,0.12012,0.024902,-0.049805,-0.13477,-0.125,-0.10498,-0.049805,0.030273,0.0048828,-0.02002,0.0048828,-0.11963,-0.10498,0.51514,0.090332,-0.040039,-0.074707,-0.099609,-0.10498,-0.125,-0.044922,-0.024902,-0.15967,-0.16504,-0.12988,-0.11475,-0.11963,-0.054688,0.0048828,-0.0097656,0.024902,0.060059,0.030273,0.024902,0.1001,0.18994,0.19531,0.044922,0.030273,0.16016,0.18994,0.14014,0.11523,0.15527,0.14014,0.1499,0.14502,0.22021,0.2251,0.18506,0.24512,0.33008,0.23486,0.18994,0.25488,0.2749,0.31494,0.33984,0.20508,0.18018,0.22021,0.26025,0.31982,0.33984,0.28027,0.27002,0.34521,0.39502,0.44482,0.41016,0.47998,0.46484,0.49023,0.3252,0.2749,0.24023,0.21484,0.24023,0.24512,0.22998,0.26514,0.27002,0.2749,0.29004,0.29492,0.24512,0.5,1.1299,1.5,1.5,1.085,0.43506,0.28516,0.31494,0.2002,0.12988,0.090332,0.02002,0.010254,0.055176,0.084961,0.080078,0.070313,0.10498,0.1499,0.19531,0.19531,0.2002,0.14502,0.1001,0.12988,0.1001,0.13525,0.14014,0.084961,0.060059,0.075195,0.090332,0.125,0.13525,0.18018,0.14502,0.12988,0.1499,0.17529,0.024902,0.064941,0.055176,0.040039,0.044922,0.084961,0.1001,0.095215,0.12988,0.1001,0.12988,0.15527,0.16016,0.090332,0.1499,0.12988,0.14502,0.12988,0.2002,0.17529,0.19531,0.18994,0.2251,0.28516,0.33008,0.27002,0.2749,0.2002,0.20508,0.16992,0.095215,0.010254,-0.014648,0.050293,0.015137,0.010254,0.030273,0.040039,-0.02002,0.20996,0.6001,1.3447,1.5,1.5,0.62988,0.17529,0.024902,-0.02002,-0.089844,-0.125,-0.080078,-0.02002,-0.10498,-0.11475,0.0048828,-0.074707,-0.11475,-0.11963,-0.060059,-0.064941,-0.0048828,0.044922,0.12988,0.084961,0.02002,0.035156,0.084961,0.040039,0.14014,0.15527,0.13525,0.12988,0.10986,0.12012,0.12988,0.125,0.17529,0.14014,0.16016,0.13525,0.125,0.18018,0.24512,0.27002,0.20996,0.25,0.16992,0.25,0.2251,0.28027,0.21484,0.10986,0.16504,0.18994,0.14014,0.17529,0.19531,0.24023,0.27002,0.33008,0.36523,0.30029,0.33984,0.33008,0.3501,0.31006,0.18994,0.22021,0.12012,0.044922,0.015137,0.010254,0.050293,0.035156,0.035156,0.044922,0.055176,-0.0097656,0.14502,0.62012,1.3096,1.5,1.5,0.68018,0.18018,0.070313,0.010254,-0.089844,-0.11963,-0.13477,-0.069824,-0.13965,-0.15967,-0.014648,0.024902,-0.029785,-0.094727,-0.034668,-0.0048828,0.044922,0.060059,0.095215,0.10498,0.035156,0.10986,0.1001,0.090332,0.2251,0.18506,0.095215,0.080078,0.14014,0.044922,0.12012,0.125,0.080078,0.14502,0.10498,0.055176,0.1001,0.125,0.12012,0.2002,0.16016,0.1499,0.26514,0.2749,0.17529,0.1499,0.19531,0.21484,0.26025,0.22021,0.14014,0.18506,0.2251,0.20996,0.24023,0.28027,0.30029,0.33008,0.41992,0.4751,0.3501,0.28516,0.22998,0.12012,0.1001,0.090332,0.080078,0.20508,0.22021,0.084961,0.060059,0.10986,0.070313,0,0.29004,0.7251,1.4399,1.5,1.3447,0.47021,0.17529,0.12988,-0.040039,-0.10986,-0.089844,-0.13965,-0.10498,-0.064941,-0.069824,-0.034668,0,0.035156,0.070313,0.064941,0.080078,0.084961,0.035156,0.055176,0.075195,0.125,0.17529,0.18018,0.12988,0.19531,0.24512,0.18506,0.15527,0.24023,0.15527,0.12988,0.14014,0.17529,0.16016,0.18018,0.20508,0.21484,0.24512,0.2749,0.29492,0.19531,0.17529,0.20508,0.22021,0.18018,0.20508,0.19531,0.21484,0.2002,0.22998,0.2251,0.31006,0.40479,0.3252,0.20508,0.18994,0.18506,0.26025,0.28027,0.27002,0.2749,0.21484,0.19531,0.18018,0.19531,0.18506,0.33984,0.14014,0.040039,0.060059,0.11523,0.12988,0.095215,0.33008,0.82471,1.4497,1.5,1.5,0.75,0.20508,0.044922,0.060059,0.040039,0,-0.029785,0.024902,0.060059,0.060059,0.090332,0.1499,0.060059,0.055176,0.12988,0.095215,0.10498,0.11523,-0.044922,0.010254,0.060059,0.070313,0.064941,0.10986,0.10498,0.14502,0.16504,0.16016,0.18018,0.11523,0.10986,0.10498,0.10986,0.15527,0.20508,0.1499,0.125,0.12012,0.15527,0.1499,0.22021,0.28516,0.20508,0.16016,0.12988,0.10986,0.14014,0.15527,0.18018,0.18994,0.15527,0.17529,0.2002,0.26025,0.28516,0.16504,0.14014,0.2002,0.31982,0.28027,0.2002,0.18506,0.16992,0.13525,0.10498,0.125,0.16992,0.11523,0.070313,0.02002,-0.040039,-0.049805,0,-0.0097656,0.040039,0.37988,1.0601,1.5,1.5,1.0649,0.3999,0.2002,0.11523,0.12988,-0.060059,-0.13965,-0.12988,-0.13477,-0.054688,-0.084961,-0.099609,-0.0097656,0.035156,0.010254,0.030273,0.035156,0.02002,-0.024902,0.030273,0.10498,0.095215,0.14014,0.16016,0.095215,0.080078,0.14502,0.1499,0.084961,0.12012,0.12988,0.095215,0.12988,0.095215,0.17529,0.2002,0.10986,0.125,0.12012,0.21484,0.24023,0.15527,0.14502,0.18506,0.1499,0.18994,0.12988,0.16504,0.25,0.27002,0.15527,0.1499,0.26514,0.28516,0.040039,0.11523,0.18018,0.24512,0.27002,0.3501,0.30029,0.27002,0.30518,0.20996,0.17529,0.14014,0.080078,0.14014,0.050293,0,-0.0048828,0.084961,0.090332,0.02002,0.015137,0.18994,0.66992,1.3896,1.5,1.5,0.60986,0.2251,0.17529,0.064941,-0.0097656,-0.034668,0.055176,-0.054688,0.0048828,-0.0097656,0.02002,0.040039,0.030273,0.02002,0.1001,0.16992,0.12988,0.055176,0.010254,0.010254,0.070313,0.084961,0.010254,0.035156,0.12012,0.14502,0.070313,0.060059,0.10498,0.17529,0.1499,0.12988,0.125,0.1499,0.14014,0.21484,0.10498,0.080078,0.20508,0.2749,0.28027,0.21484,0.20508,0.24512,0.24023,0.26025,0.2749,0.18994,0.16992,0.26025,0.29004,0.18506,0.24023,0.19531,0.22021,0.25488,0.31494,0.34521,0.33008,0.375,0.28027,0.22021,0.10498,0.02002,0.040039,0.060059,0.035156,0.060059,0.044922,0.035156,0.055176,0.015137,-0.014648,0.20996,0.60986,1.2646,1.5,1.4648,1.1196,0.26025,0.024902,-0.049805,-0.10498,-0.099609,-0.19482,-0.24463,-0.20996,-0.13965,-0.12988,-0.10498,-0.060059,-0.0048828,-0.02002,-0.0048828,-0.0097656,0.060059,0.12988,0.14014,0.055176,0.060059,0.1001,0.14014,0.13525,0.16992,0.25488,0.28027,0.24512,0.1499,0.12988,0.18994,0.1001,0.095215,0.17529,0.19531,0.13525,0.14014,0.18506,0.22021,0.24512,0.21484,0.26514,0.27002,0.26025,0.28516,0.30029,0.28027,0.24023,0.20508,0.24023,0.37012,0.26025,0.2251,0.28027,0.39014,0.44482,0.47998,0.46484,0.45508,0.31982,0.23486,0.11523,0.060059,0.14014,0.18506,0.090332,0.10986,0.11523,0.12988,0.14014,0.010254,0.22021,0.5498,1.1348,1.5,1.5,0.85498,0.28027,0.11523,0.12988,0.040039,0.02002,-0.02002,0.02002,-0.064941,-0.040039,0.050293,0.10498,0.060059,0.084961,0.095215,0.060059,0.14014,0.11523,0.060059,0.084961,0.10498,0.10986,0.080078,0.055176,0.035156,0.055176,0.16992,0.125,0.090332,0.125,0.16504,0.1001,0.095215,0.10498,0.1499,0.18018,0.12012,0.11523,0.16504,0.2002,0.17529,0.18018,0.20508,0.22021,0.22998,0.24512,0.16992,0.14502,0.17529,0.23486,0.31006,0.20996,0.16992,0.34521,0.39502,0.41504,0.31982,0.22021,0.16992,0.19531,0.22021,0.18994,0.17529,0.18994,0.19531,0.22021,0.21484,0.24023,0.125,0.10498,0.1001,0.060059,0.1499,0.44482,1.02,1.5,1.5,0.95508,0.20508,0.050293,0.010254,-0.0097656,0.055176,-0.034668,-0.02002,-0.044922,-0.014648,0.02002,0.055176,-0.014648,-0.034668,-0.024902,-0.034668,0.060059,0.090332,0.10498,0.024902,-0.040039,-0.044922,-0.029785,0.0048828,0.02002,0.02002,0.11523,0.21484,0.26025,0.10986,0.084961,0.12012,0.035156,-0.0097656,-0.02002,0.044922,0.084961,0.16504,0.19531,0.2002,0.18018,0.1499,0.16016,0.16992,0.11523,0.12988,0.2002,0.2251,0.17529,0.19531,0.16016,0.2002,0.19531,0.28516,0.33008,0.30518,0.35986,0.43506,0.33496,0.30518,0.35986,0.19531,0.16992,0.125,0.11523,0.1499,0.080078,0.16016,0.16504,0.024902,0.030273,0.010254,0.050293,0.29492,0.81006,1.4697,1.5,1.4746,0.59521,0.25,0.080078,-0.049805,-0.034668,-0.02002,-0.12988,-0.13965,-0.11475,-0.125,-0.049805,0.010254,-0.014648,0.030273,0.075195,-0.034668,0.040039,0.055176,0.030273,0.070313,0.1001,0.12012,0.075195,0.16016,0.1499,0.10498,0.060059,0.1499,0.18506,0.2251,0.14502,0.18018,0.2002,0.1499,0.1499,0.084961,0.080078,0.18994,0.1499,0.16992,0.125,0.1001,0.14014,0.16504,0.24512,0.26025,0.22998,0.28027,0.33008,0.10986,0.17529,0.18018,0.090332,0.16504,0.26025,0.35986,0.41504,0.25488,0.2251,0.24512,0.31006,0.18506,0.090332,0.044922,0.010254,0.044922,0.12012,0.16992,0.10498,0.075195,0.13525,0.10498,0.18994,0.64502,1.1997,1.5,1.5,0.77002,0.33496,0.090332,-0.02002,-0.064941,-0.099609,-0.10498,-0.0097656,-0.0048828,-0.15479,-0.054688,0.024902,0.035156,-0.02002,-0.080078,-0.069824,0.044922,0.040039,0.095215,0.10986,0.010254,0.050293,0.11523,0.1499,0.21484,0.2002,0.18994,0.2002,0.1499,0.10986,0.030273,0.015137,0.090332,0.1499,0.075195,0.064941,0.22021,0.22998,0.095215,0.13525,0.22021,0.2251,0.2002,0.18018,0.22021,0.27002,0.26025,0.21484,0.26514,0.29492,0.27002,0.2749,0.16992,0.22998,0.26025,0.30029,0.31982,0.2749,0.25,0.27002,0.30029,0.2251,0.010254,-0.0097656,0.02002,0.060059,0.075195,0.11523,0.16016,0.040039,-0.054688,-0.0048828,0.3501,0.90479,1.5,1.5,1.3047,0.5,0.16016,0.090332,0.040039,0.024902,0.12012,-0.15479,-0.22461,-0.16504,-0.1748,-0.10498,-0.029785,-0.060059,-0.02002,0.055176,0.075195,0.02002,0.12988,0.064941,0.044922,0.055176,-0.014648,0.040039,0.10986,0.16504,0.10498,0.044922,0.14502,0.1499,0.125,0.1499,0.10498,0.060059,0.12012,0.1499,0.15527,0.12012,0.10498,0.16504,0.125,0.080078,0.19531,0.24512,0.12988,0.15527,0.20508,0.21484,0.2749,0.24023,0.21484,0.27002,0.24512,0.31494,0.35986,0.37988,0.44482,0.375,0.33008,0.31494,0.375,0.23486,0.090332,0,0.044922,0.095215,0.16504,0.18018,0.10986,0.080078,0.12012,0.064941,0.16016,0.39502,1.02,1.5,1.5,0.96484,0.29492,0.125,0.075195,0.035156,-0.044922,-0.064941,-0.044922,-0.089844,0.024902,0.090332,0.024902,-0.014648,-0.02002,-0.014648,-0.064941,-0.069824,-0.0048828,0.060059,0.12988,0.14014,0.10986,0.12012,0.060059,0.125,0.1499,0.18994,0.25488,0.35498,0.36523,0.26514,0.2251,0.20508,0.23486,0.26514,0.2749,0.26025,0.29004,0.36523,0.38525,0.375,0.44482,0.28027,0.090332,0.064941,0.19531,0.22998,0.18506,0.16992,0.25,0.25488,0.26514,0.24023,0.30029,0.31982,0.2749,0.3252,0.41016,0.41504,0.36523,0.40479,0.33984,0.25,0.11523,0.075195,0.090332,0.125,0.18018,0.26025,0.28027,0.21484,0.2251,-0.02002,0.1001,0.4502,1.1396,1.5,1.5,1.0249,0.45996,0.14014,0.060059,-0.014648,-0.040039,0.044922,0.075195,-0.014648,0.095215,0.10498,0.070313,0.040039,0.060059,0.024902,0.10498,0.10498,0.050293,0.015137,0.035156,0.040039,0.055176,0.035156,0.015137,-0.040039,0.015137,0.050293,0.055176,0.044922,0.090332,0.125,0.1001,0.015137,0.035156,0.030273,0.075195,0.060059,0.080078,0.14014,0.095215,0.075195,0.18506,0.10986,0.10498,0.20996,0.18994,0.31494,0.18506,0.16992,0.19531,0.2749,0.2251,0.25,0.19531,0.18506,0.30518,0.28516,0.3252,0.3501,0.37012,0.22998,0.14014,0.16504,0.095215,0.0048828,0.010254,0.0048828,-0.0097656,-0.0097656,0.050293,0.080078,-0.034668,-0.13477,0.015137,0.54004,1.3096,1.5,1.5,0.62012,0.10498,-0.125,-0.20459,-0.23975,-0.14502,-0.25977,-0.33496,-0.40967,-0.31494,-0.30957,-0.39502,-0.38965,-0.34961,-0.33984,-0.34473,-0.11475,-0.080078,-0.13477,-0.11475,-0.049805,-0.02002,-0.0097656,-0.054688,-0.10498,-0.15479,-0.11963,0.02002,0.060059,0.024902,0.10498,0.16992,0.18018,0.22998,0.33496,0.40479,0.20508,0.28027,0.49512,0.51514,0.30518,0.28027,0.24023,0.31494,0.35498,0.44482,0.47021,0.45996,0.49512,0.52002,0.48486,0.54004,0.62012,0.40479,0.38525,0.46484,0.52979,0.5498,0.47021,0.40479,0.38525,0.38525,0.27002,0.23486,0.29492,0.084961,0.075195,0.13525,0.095215,0.090332,0.12988,0.070313,0.040039,0.5249,1.125,1.5,1.5,1,0.30518,0.070313,0.080078,0.015137,-0.044922,-0.064941,-0.040039,0.075195,0.015137,0.050293,-0.0097656,-0.034668,-0.0097656,0.064941,0.050293,0.10986,0.084961,0.080078,0.18506,0.19531,0.095215,0.16504,0.19531,0.20508,0.18506,0.22021,0.19531,0.18506,0.20508,0.29492,0.19531,0.11523,0.070313,0.12988,0.16016,0.20996,0.24512,0.22021,0.24023,0.22021,0.24023,0.26025,0.29492,0.22998,0.20508,0.2002,0.16016,0.2002,0.22021,0.24023,0.2002,0.22021,0.18506,0.26025,0.35498,0.37988,0.30029,0.31982,0.29004,0.22021,0.24512,0.19531,0.14502,0.15527,0.070313,0.084961,0.075195,0.16992,0.12988,0.080078,0.075195,0.29492,0.58496,1.21,1.5,1.5,0.77002,0.375,0.19531,0.12988,0,-0.029785,-0.014648,-0.024902,0.064941,0.11523,0.14502,0.13525,0.030273,-0.044922,-0.044922,0.02002,0.030273,0.0048828,-0.014648,-0.040039,0.010254,0.075195,0.075195,0.1001,-0.0097656,0.050293,-0.034668,-0.049805,0.075195,0.11523,0.015137,0.035156,0.015137,-0.0097656,0.064941,0.10498,0.16016,0.17529,0.16992,0.19531,0.2002,0.16992,0.16016,0.28516,0.41016,0.4502,0.25,0.2251,0.31494,0.375,0.3999,0.18018,0.15527,0.2251,0.27002,0.29492,0.34521,0.44482,0.46484,0.41016,0.3501,0.20508,0.15527,0.075195,0.015137,0.02002,0.070313,0.1001,0.024902,0,0.064941,0.080078,-0.0048828,-0.034668,0.54004,1.2847,1.5,1.5,0.75488,0.33496,0.16504,0,-0.11963,-0.1499,-0.19482,-0.14502,-0.094727,-0.02002,0.044922,0.16016,0.11523,0.064941,0.050293,0.10986,0.095215,0.044922,0.064941,0.060059,0.17529,0.22021,0.095215,0.090332,0.18994,0.26514,0.20508,0.16992,0.14014,0.125,0.15527,0.095215,0.13525,0.125,0.084961,0.11523,0.1001,0.15527,0.21484,0.11523,0.1499,0.18994,0.14502,0.16016,0.22021,0.22998,0.17529,0.16992,0.16992,0.26514,0.30518,0.2002,0.2251,0.2002,0.28516,0.31494,0.375,0.43506,0.43994,0.2749,0.18506,0.24512,0.14014,0.10986,0.075195,0.035156,0.090332,0.14014,0.18018,0.14014,0,-0.040039,0.14502,0.63477,1.0498,1.5,1.5,0.80469,0.33984,0.055176,-0.0048828,-0.014648,0,-0.074707,-0.16504,-0.094727,-0.0048828,0.010254,0.030273,-0.029785,0.010254,0.090332,0.095215,0.015137,0.080078,0.2251,0.12012,0.02002,0.015137,0.10498,0.1499,0.20996,0.25488,0.15527,0.1001,0.20508,0.050293,0.060059,-0.014648,0,0.035156,0.055176,0.080078,0.1001,0.10498,0.2002,0.30029,0.25488,0.31982,0.23486,0.40479,0.48486,0.2002,-0.029785,-0.034668,0.080078,0.090332,0.14014,0.18506,0.18018,0.22998,0.30518,0.36523,0.43994,0.56006,0.4248,0.31494,0.26514,0.33984,0.18994,0.12988,-0.02002,-0.034668,0.035156,0.080078,0.090332,0.1001,0.050293,0.015137,0.24023,0.78516,1.5,1.5,1.4897,0.64014,0.23486,0.1001,0.10986,-0.10986,-0.21484,-0.16992,-0.13477,-0.11475,-0.074707,-0.060059,-0.029785,-0.014648,0.015137,0.075195,0.10498,0.02002,0.33008,0.16016,-0.064941,-0.1748,-0.13965,-0.069824,0,0.044922,0.064941,0.090332,0.095215,0.10498,0.090332,0.10986,0.10498,0.11523,0.10986,0.30518,0.18994,0.1499,0.035156,-0.029785,-0.054688,0.010254,-0.0048828,0.024902,0.080078,0.125,0.1499,0.18994,0.27002,0.41504,0.54004,0.70508,0.93506,0.98975,1.145,1.1851,1.27,1.2847,1.165,1.1899,1.1548,1.0698,0.95508,0.7998,0.73486,0.65479,0.62012,0.65479,0.51514,0.4751,0.4502,0.33008,0.1499,0.3999,0.89014,1.5,1.5,1.2949,0.47998,0.16504,0.1001,0.044922,-0.029785,-0.054688,-0.02002,0.035156,-0.089844,-0.099609,-0.21973,-0.20996,-0.18506,-0.1748,-0.1748,-0.074707,0.084961,-0.040039,-0.16992,-0.17969,-0.069824,-0.094727,-0.099609,-0.10498,-0.089844,-0.040039,-0.014648,0.015137,0.035156,-0.049805,-0.074707,-0.060059,-0.029785,0.010254,-0.049805,-0.064941,0.030273,0.02002,0.064941,0.0048828,-0.0048828,0.090332,0.040039,0.024902,0.070313,0.084961,0.035156,0.0048828,0.075195,0.14502,0.10498,0.070313,0.10498,0.16992,0.2251,0.2749,0.17529,0.16016,0.10986,0.10498,0.12988,0.040039,0,-0.049805,-0.0048828,0.024902,-0.024902,-0.060059,-0.069824,0.044922,0.10986,-0.02002,0.33984,1.0249,1.5,1.5,0.79004,0.22998,0.060059,0,-0.054688,-0.11475,-0.084961,-0.049805,-0.089844,-0.10498,0.015137,-0.014648,-0.060059,-0.084961,-0.099609,0.015137,0.055176,0.044922,0.18018,0.084961,0.080078,0.064941,0.040039,0.095215,0.080078,0.16992,0.2251,0.24023,0.090332,0.075195,0.12012,0.1499,0.16016,0.095215,0.080078,0.16504,0.1499,0.1001,0.10498,0.1499,0.14502,0.20508,0.22998,0.27002,0.28516,0.1499,0.12988,0.11523,0.1001,0.1499,0.1499,0.15527,0.18994,0.24023,0.30029,0.37988,0.39014,0.29004,0.25,0.16504,0.19531,0.13525,0.095215,0.11523,0.10986,0.12012,0.080078,0.090332,-0.0048828,0.1001,-0.0097656,0.12012,0.3501,0.88477,1.5,1.5,1.0098,0.37988,0.10986,-0.024902,-0.044922,-0.0048828,0.0048828,-0.10498,-0.069824,-0.040039,-0.034668,-0.054688,-0.034668,-0.02002,-0.10498,-0.064941,-0.024902,-0.054688,0,-0.014648,0.030273,0.050293,0.0048828,0.060059,-0.0097656,0,0.030273,0.010254,0.10986,-0.029785,-0.080078,0,0.050293,0.070313,0.044922,0.060059,0.084961,0.10986,0.1001,0.11523,0.1001,0.125,0.16504,0.16016,0.24512,0.28027,0.2002,0.2251,0.24512,0.3252,0.15527,0.22998,0.25488,0.26025,0.33496,0.41992,0.43506,0.375,0.27002,0.25,0.22021,0.24023,0.18994,0.070313,0.080078,-0.014648,0.0048828,0.010254,0.0048828,0.12988,0.1499,0.044922,0.035156,0.45996,1.125,1.5,1.5,0.90967,0.37988,0.14502,0.084961,0.10498,0.040039,0.125,0.18506,0.02002,-0.0097656,0.080078,0.084961,0.10498,0.015137,0.010254,0.044922,0.095215,0.14014,0.060059,0.024902,-0.0097656,0.010254,-0.060059,-0.080078,-0.024902,0.024902,0.035156,-0.040039,0.050293,-0.064941,-0.10498,-0.02002,-0.040039,0,0.035156,0.040039,-0.029785,0.090332,0.13525,0.10986,0.18994,0.14014,0.10986,0.18506,0.16016,0.22021,0.11523,0.20508,0.23486,0.18506,0.16992,0.2749,0.375,0.39014,0.33496,0.29492,0.28516,0.31494,0.41016,0.375,0.30518,0.22998,0.26514,0.2749,0.22021,0.22998,0.12012,0.2251,0.26025,0.22998,0.25488,0.2002,0.28516,0.2749,0.39502,0.40479,0.30518,0.30518,0.28516,0.18506,0.14014,0.095215,0.1001,0.080078,0.064941,0.060059,0.17529,0.090332,0.060059,0.064941,0.035156,0.27002,0.8999,1.5,1.5,1.2046,0.44482,0.1499,0.055176,0.084961,0.024902,-0.040039,-0.02002,-0.11475,0.0048828,0.084961,-0.040039,-0.0097656,-0.040039,0.015137,0.040039,0.030273,0.090332,0.10986,0.050293,0.11523,0.050293,0.125,0.080078,0.060059,0.075195,0.125,0.11523,0.14502,0.064941,0.13525,0.18994,0.17529,0.2002,0.17529,0.18506,0.20508,0.25,0.26514,0.2002,0.24512,0.31006,0.29492,0.2749,0.25,0.36523,0.33496,0.27002,0.31006,0.34521,0.28516,0.26025,0.31982,0.35986,0.2749,0.33496,0.35498,0.41016,0.44482,0.41016,0.3252,0.29492,0.26514,0.20996,0.24512,0.20996,0.14014,0.18506,0.2002,0.25488,0.2002,0.17529,0.22021,0.18506,0.2749,0.85986,1.5,1.5,1.2246,0.3501,0.044922,-0.024902,-0.049805,-0.099609,-0.060059,-0.064941,-0.099609,-0.16504,-0.1748,-0.13477,-0.17969,-0.19971,-0.11963,-0.064941,-0.040039,0.0048828,0.050293,0.12988,0.1001,0.075195,0.1001,0.11523,0.10498,0.14014,0.17529,0.23486,0.2749,0.33496,0.16992,0.040039,0.010254,0.070313,0.14014,0.2002,0.18994,0.18506,0.21484,0.34521,0.35986,0.24512,0.2749,0.29492,0.22021,0.20508,0.41016,0.29492,0.15527,0.044922,0.16016,0.18018,0.12988,0.16016,0.18994,0.22998,0.27002,0.37988,0.45508,0.45996,0.3252,0.24023,0.12988,0.125,0.26514,0.070313,-0.029785,0.070313,0.10498,0.035156,-0.02002,0.035156,-0.0048828,-0.014648,0.22998,0.79004,1.5,1.5,1.4146,0.68994,0.39502,0.14014,-0.069824,-0.1748,-0.17969,-0.099609,-0.094727,-0.02002,0.0048828,0.050293,-0.024902,-0.060059,-0.0097656,-0.060059,0.024902,0.040039,-0.049805,-0.080078,0.044922,0.075195,0.02002,0.080078,0.095215,0.060059,0.12988,0.11523,0.10498,0.16992,0.18994,0.15527,0.090332,0.044922,0.1001,0.14014,0.1001,0.16992,0.13525,0.16992,0.16504,0.24023,0.26025,0.2002,0.12988,0.16992,0.19531,0.21484,0.24023,0.16016,0.14014,0.125,0.17529,0.20508,0.24023,0.26514,0.29492,0.22998,0.31494,0.39502,0.3501,0.29004,0.29492,0.2002,0.1499,0.10498,0.090332,0.19531,0.21484,0.125,0.044922,0.030273,0.1001,0.015137,0.070313,0.29004,0.77979,1.4297,1.5,1.4897,0.58984,0.2251,0.18994,0.075195,0.030273,-0.11475,-0.13477,0.010254,-0.040039,0.02002,0.070313,0.084961,-0.040039,-0.054688,-0.0097656,0.050293,0.084961,0.010254,0.070313,-0.0048828,-0.060059,0.024902,0.064941,0.035156,0.10986,0.080078,0.19531,0.12012,0.20996,0.13525,0.1001,0.27002,0.16504,0.080078,0.080078,0.1001,0.070313,0.15527,0.084961,0.14502,0.12988,0.16992,0.13525,0.12988,0.1499,0.125,0.16504,0.27002,0.29492,0.21484,0.14014,0.125,0.1499,0.075195,0.10986,0.16016,0.20508,0.30029,0.28027,0.31006,0.39014,0.25,0.16504,0.18018,0.22021,0.18994,0.16992,0.024902,-0.034668,-0.0048828,0.090332,0.064941,0.050293,0.064941,0.0048828,0.28516,0.71973,1.2646,1.5,1.4448,0.69482,0.31494,0.064941,-0.054688,-0.074707,-0.040039,-0.02002,-0.024902,0.055176,0.0048828,0.070313,-0.049805,-0.094727,-0.054688,-0.060059,-0.0097656,0.060059,0.15527,0.1001,0.024902,-0.040039,0.075195,0.064941,0.075195,0.040039,0.095215,0.12012,0.23486,0.15527,0.14014,0.17529,0.125,0.14014,0.10498,0.22021,0.16504,0.2251,0.27002,0.23486,0.18506,0.1499,0.2251,0.19531,0.31006,0.20996,0.26025,0.29492,0.26514,0.33008,0.26514,0.18506,0.1499,0.30518,0.31494,0.30518,0.29492,0.31982,0.33008,0.34521,0.39502,0.3999,0.18994,0.20996,0.084961,0.12012,0.11523,0.17529,0.125,0.12988,0.010254,0.084961,0.16504,0.11523,0.050293,0.34521,0.97998,1.5,1.5,1.1196,0.39502,0.14502,0.16016,-0.0048828,-0.02002,-0.014648,-0.0097656,-0.084961,-0.040039,-0.02002,0.040039,-0.014648,-0.060059,-0.024902,0.010254,0.060059,0.095215,0.12012,0.070313,0.035156,0.080078,0.070313,0.10498,0.064941,0.044922,0.14014,0.090332,0.16016,0.20508,0.21484,0.10986,0.10498,0.29492,0.13525,0.11523,0.125,0.084961,0.21484,0.24512,0.14014,0.23486,0.25488,0.23486,0.2002,0.22021,0.2749,0.29004,0.21484,0.28516,0.26025,0.14014,0.12988,0.21484,0.22998,0.24512,0.30029,0.375,0.41016,0.29492,0.28516,0.25488,0.18506,0.22998,0.12012,0.090332,0.14014,0.1001,0.18506,0.075195,0.125,0.080078,0.10498,0.044922,0.23486,0.81006,1.4199,1.5,1.5,0.60986,0.11523,0.015137,0.084961,0.10498,0.14502,-0.060059,-0.084961,-0.069824,-0.074707,-0.0097656,0.0048828,0.035156,0.055176,0.02002,0.095215,0.14014,0.070313,0.090332,0.16504,0.17529,0.18994,0.15527,0.26514,0.12988,0.02002,0.14502,0.095215,0.044922,0.055176,0.095215,0.12012,0.14014,0.13525,0.16504,0.18018,0.25488,0.33984,0.37988,0.18506,0.25488,0.41504,0.47021,0.24023,0.17529,0.22998,0.26514,0.2749,0.22998,0.24512,0.26025,0.28027,0.38525,0.33008,0.29004,0.24023,0.29004,0.31494,0.20508,0.22998,0.21484,0.15527,0.10986,0.024902,0.02002,0.075195,0.064941,0.055176,0.14502,0.16016,0.075195,0.060059,0.084961,0.33984,0.96973,1.5,1.5,0.94482,0.31494,0.16504,0.095215,0.064941,0.084961,0.080078,-0.0097656,-0.049805,-0.069824,0.015137,0.040039,0.055176,0.075195,0.02002,0.080078,0.12988,0.19531,0.12988,0.095215,0.12012,0.1001,0.080078,0.1001,0.12012,0.1499,0.18506,0.15527,0.18018,0.12012,0.14502,0.19531,0.14502,0.10986,0.1499,0.14014,0.16992,0.17529,0.090332,0.12012,0.2002,0.16992,0.21484,0.25,0.28516,0.2251,0.18506,0.23486,0.090332,0.125,0.18018,0.2251,0.2251,0.26025,0.22021,0.19531,0.26025,0.37012,0.39502,0.29492,0.26514,0.33496,0.22021,0.14502,0.13525,0.090332,0.080078,0.11523,0.14014,0.050293,0.1001,0.14502,0.075195,0.02002,0.31494,0.74512,1.3296,1.5,1.5,0.64014,0.20508,0.0048828,-0.029785,-0.13965,-0.15479,-0.099609,-0.064941,-0.049805,-0.11963,-0.13477,-0.034668,-0.13477,-0.14502,-0.060059,-0.074707,-0.024902,0.015137,-0.10986,-0.13477,0.080078,0.044922,0.0048828,-0.0097656,0.055176,0.1001,0.10498,0.055176,0.12988,0.10498,0.13525,0.080078,0.16016,0.19531,0.084961,0.050293,0.090332,0.084961,0.12012,0.11523,0.18018,0.20996,0.24023,0.16504,0.18506,0.2749,0.19531,0.125,0.16992,0.1499,0.18994,0.13525,0.13525,0.22998,0.20996,0.25488,0.30518,0.27002,0.31982,0.30518,0.23486,0.26025,0.16992,0.14014,0.20508,0.064941,0.060059,0.10986,0.12988,0.070313,0.095215,0.18994,0.1001,0.044922,0.17529,0.61475,1.2397,1.5,1.5,0.92969,0.31982,0.19531,0.16504,0.12988,0.095215,0.030273,-0.024902,0.095215,0.030273,0.040039,0.090332,0.030273,0.075195,-0.040039,-0.0048828,0.10498,0.10986,0.010254,0.10986,0.12012,0.14502,0.10498,0.060059,0.24512,0.18018,0.1001,0.18018,0.2002,0.24512,0.16504,0.084961,0.13525,0.12988,0.19531,0.23486,0.2251,0.095215,0.035156,0.17529,0.18506,0.13525,0.15527,0.20508,0.15527,0.125,0.18506,0.22998,0.29492,0.19531,0.11523,0.10498,0.18506,0.16992,0.21484,0.2251,0.24023,0.26025,0.2251,0.375,0.39502,0.24512,0.1499,0.084961,0.02002,0.040039,0.080078,0.035156,0.050293,0.030273,0.015137,0.070313,0.125,-0.049805,-0.080078,0.2002,0.77002,1.4248,1.5,1.4048,0.5498,0.14014,0.084961,0.090332,0.010254,-0.10498,-0.12988,-0.089844,-0.060059,-0.014648,0.090332,0.10498,-0.029785,0.010254,0.080078,0.075195,0.084961,0.10498,0.064941,0.16016,0.12988,0.095215,0.18018,0.15527,0.12012,0.13525,0.055176,0.050293,0.17529,0.2002,0.090332,0.14014,0.19531,0.16504,0.11523,0.13525,0.125,0.16504,0.24023,0.20508,0.30518,0.3501,0.24512,0.24023,0.21484,0.28027,0.22021,0.26025,0.31494,0.25,0.2002,0.17529,0.25,0.3252,0.31006,0.25,0.33984,0.38525,0.30518,0.33984,0.25,0.21484,0.18994,0.16504,0.10498,0.12988,0.084961,0.10986,0.17529,0.10498,0.070313,0.16992,0.095215,0.035156,0.38525,1.0747,1.5,1.5,0.98975,0.31006,0.13525,0.18994,0.12988,-0.040039,-0.064941,-0.094727,-0.049805,-0.054688,-0.014648,0.02002,0.010254,0.084961,0.10986,0.055176,0.16992,0.18506,0.090332,0.030273,0.14014,0.035156,0.030273,0.080078,0.070313,0.1001,0.17529,0.2002,0.15527,0.2251,0.22998,0.125,0.050293,0.080078,0.055176,0.125,0.15527,0.16504,0.10498,0.16504,0.22998,0.20508,0.16504,0.28516,0.18994,0.17529,0.25488,0.31006,0.2251,0.13525,0.12988,0.20996,0.26025,0.31494,0.22998,0.21484,0.39014,0.47998,0.29492,0.3252,0.26025,0.2251,0.2749,0.18018,0.19531,0.125,0.15527,0.125,0.18994,0.084961,0.18506,0.20996,0.24023,0.2002,0.40479,0.74512,1.395,1.5,1.2148,0.44482,0.1499,0.095215,0.040039,-0.094727,-0.10986,-0.054688,-0.060059,-0.074707,0.010254,0.044922,0.13525,0.18018,0.16016,0.075195,-0.064941,-0.044922,0.0048828,0.064941,0.084961,0.080078,0.10986,0.10498,0.22021,0.095215,0.060059,0.044922,0.14014,0.16016,0.14502,0.20996,0.30518,0.12988,0.050293,0.035156,0.16992,0.23486,0.28027,0.28516,0.31006,0.19531,0.18018,0.24512,0.28516,0.23486,0.21484,0.20996,0.15527,0.10986,0.10498,0.18994,0.4751,0.50977,0.10498,0.2002,0.18018,0.2749,0.35498,0.30029,0.3501,0.4248,0.30518,0.16016,0.075195,0.060059,0.070313,0.060059,0.084961,0.125,0.20996,0.14014,0.055176,0.035156,0.28027,0.56006,1.29,1.5,1.4648,0.6001,0.15527,0.11523,0.1499,0.064941,0.12988,0.044922,-0.014648,-0.049805,-0.029785,0.024902,0.015137,0.075195,0.10986,0.044922,-0.024902,0.095215,0.125,0.060059,0.080078,0.060059,0.055176,0.1499,0.13525,0.16016,0.17529,0.16016,0.1499,0.12988,0.125,0.16016,0.27002,0.12988,-0.024902,-0.044922,0.040039,0.030273,0.060059,0.16016,0.18018,0.10498,0.1499,0.11523,0.15527,0.060059,0.15527,0.31982,0.16992,0.055176,0.040039,0.064941,0.095215,0.14014,0.18018,0.19531,0.20508,0.075195,0.14014,0.34521,0.3501,0.24512,0.33984,0.34521,0.1001,0.095215,0.16504,0.035156,-0.024902,0.055176,0.080078,0.044922,0.070313,0.10498,0.12988,0,-0.014648,0.3999,1.0698,1.5,1.5,1,0.26025,0.1499,0.050293,-0.0048828,-0.11475,-0.12988,-0.10986,-0.040039,-0.0048828,0.0048828,0.02002,-0.044922,-0.064941,0.030273,0.13525,0.010254,-0.060059,0.050293,0.060059,-0.0097656,0.064941,0.075195,0.11523,0.24023,0.30029,0.125,0.080078,0.2251,0.12012,0.030273,0.024902,0.16504,0.18018,0.1001,0.18506,0.26025,0.19531,0.18018,0.25488,0.10986,0.090332,0.26514,0.10986,0.15527,0.1499,0.21484,0.18018,0.18994,0.14014,0.11523,0.16504,0.20508,0.24512,0.29004,0.20996,0.15527,0.20508,0.17529,0.30518,0.34521,0.31982,0.36523,0.23486,0.18994,0.19531,0.075195,0.010254,0.12012,0.18994,0.090332,0.060059,0.064941,0.024902,0.095215,0.084961,0.47021,1.0947,1.5,1.5,0.82471,0.375,0.16504,0.024902,-0.02002,0.040039,-0.049805,-0.094727,-0.069824,0.024902,0.070313,0.035156,0.084961,-0.049805,-0.060059,-0.0097656,0.010254,0,0.090332,0.10986,0.060059,0.10498,0.095215,0.10986,0.035156,0.10986,0.17529,0.1001,0.095215,0.24023,0.10498,0.16504,0.28027,0.15527,0.070313,0.17529,0.20996,0.10986,0.18994,0.30518,0.31006,0.20996,0.27002,0.23486,0.21484,0.26514,0.14014,0.13525,0.18018,0.23486,0.20508,0.19531,0.25,0.25488,0.20508,0.19531,0.31494,0.2749,0.25488,0.31494,0.26514,0.30518,0.31494,0.18994,0.20508,0.125,0.15527,0.095215,0.14014,0.14502,0.095215,0.125,0.18018,0.14014,0.060059,0.18506,0.73486,1.5,1.5,1.3149,0.5,0.12988,0.060059,0.060059,0.040039,0.050293,-0.02002,-0.029785,0.015137,0.035156,0.030273,0.080078,0.0048828,0.015137,-0.040039,0,0.064941,0.14502,0.12988,0.11523,0.040039,0.035156,0.22021,0.24023,0.064941,0.060059,0.17529,0.24512,0.16992,0.12012,0.095215,0.10986,0.12012,0.18994,0.25,0.25,0.1499,0.075195,0.1499,0.12012,0.11523,0.1499,0.18506,0.19531,0.28027,0.25488,0.35498,0.4248,0.13525,0.030273,0.024902,0.084961,0.10498,0.14014,0.16504,0.18018,0.20508,0.25,0.31006,0.3252,0.3501,0.37012,0.48486,0.53516,0.075195,-0.034668,-0.12988,-0.1499,-0.084961,-0.024902,0.010254,0.024902,0.035156,-0.014648,-0.024902,0.24512,0.8501,1.4849,1.5,1.3999,0.59521,0.26025,0.050293,-0.02002,-0.034668,0.0048828,0.044922,-0.12988,-0.13965,-0.014648,-0.02002,0.080078,-0.029785,-0.11963,-0.074707,0,0.02002,0.055176,0.14014,0.024902,-0.0097656,0.075195,0.030273,0.02002,0.070313,0.14014,0.2002,0.33496,0.29492,0.19531,0.11523,0.064941,0.030273,0.050293,0.075195,0.12012,0.12988,0.1499,0.16016,0.19531,0.20996,0.24023,0.21484,0.29004,0.375,0.33496,0.2749,0.36523,0.46484,0.16016,0.050293,0.090332,0.14502,0.18994,0.22021,0.25,0.31006,0.37988,0.4502,0.51514,0.36523,0.29004,0.23486,0.035156,0.050293,0.015137,0.050293,0.075195,0.090332,0.1001,0.10498,0.10986,0.060059,0.044922,0.37988,0.98486,1.5,1.5,1.375,0.4248,0.090332,-0.014648,-0.044922,0.0048828,-0.014648,-0.029785,-0.060059,-0.024902,-0.029785,0.035156,0.095215,0.075195,0.060059,0.0048828,0.02002,0.084961,0.12012,0.055176,0.035156,0.064941,0.1001,0.12988,0.10986,0.21484,0.26514,0.24023,0.20996,0.16016,0.18506,0.10498,0.02002,0.060059,0.11523,0.12988,0.11523,0.15527,0.1499,0.19531,0.25488,0.2002,0.18506,0.1499,0.29492,0.31494,0.2749,0.16016,0.15527,0.19531,0.125,0.20508,0.2002,0.22998,0.28027,0.22998,0.21484,0.29492,0.41992,0.43994,0.27002,0.30518,0.22998,0.14014,0.12988,0.18018,0.11523,0.1001,-0.014648,-0.054688,0.040039,0.11523,0.12988,0.010254,0,0.61475,1.1797,1.5,1.5,0.81494,0.20508,0.14502,0.070313,0.015137,-0.02002,-0.049805,-0.014648,0.035156,0.0048828,-0.014648,0.02002,0.090332,-0.0048828,-0.040039,0.035156,-0.014648,0.015137,0.044922,0.035156,0.16016,0.1001,0.030273,0.075195,0.095215,0.064941,0.16992,0.15527,0.2251,0.24023,0.10498,0.044922,0.18506,0.19531,0.064941,0.10498,0.084961,0.14502,0.16016,0.1499,0.19531,0.18506,0.22021,0.28516,0.2002,0.24023,0.21484,0.20996,0.26025,0.29004,0.30029,0.16016,0.125,0.26025,0.25488,0.30518,0.35986,0.36523,0.33496,0.36523,0.18506,0.13525,0.14502,0.20996,0.11523,0.040039,0.090332,0.055176,0.15527,0.095215,0.02002,-0.02002,0.040039,0.18994,0.6748,1.4746,1.5,1.2847,0.4502,0.125,0.064941,0.1001,0.080078,0.050293,0.070313,-0.049805,0.070313,0.17529,-0.049805,-0.069824,-0.080078,0.035156,0.075195,0.090332,0.040039,0.090332,0.12988,0.13525,0.10498,0.21484,0.18018,0.14502,0.29492,0.24023,0.10498,0.15527,0.18994,0.16504,0.16992,0.14502,0.14014,0.16504,0.18018,0.2002,0.23486,0.26514,0.2002,0.27002,0.29004,0.23486,0.28516,0.30029,0.125,0.090332,0.13525,0.16992,0.23486,0.2002,0.24512,0.17529,0.22998,0.21484,0.24023,0.3501,0.33496,0.38525,0.29004,0.18994,0.20996,0.25,0.125,0.075195,0.095215,0.070313,0.084961,0.11523,0.035156,0.0048828,0.10498,0.040039,0.18506,0.3501,0.87988,1.5,1.5,1,0.33008,0.1499,-0.034668,0.02002,-0.064941,-0.125,-0.10498,-0.094727,-0.10986,0.050293,0.14502,0.010254,-0.125,-0.069824,-0.044922,-0.02002,-0.0097656,-0.074707,-0.034668,-0.040039,0.070313,0.10986,0.044922,0.10986,0.075195,0.044922,0.084961,0.024902,0.10498,0.21484,0.22998,0.090332,-0.044922,-0.060059,0.084961,0.080078,0.125,0.1499,0.14502,0.26025,0.1499,0.10986,0.18506,0.2002,0.19531,0.22998,0.18018,0.28027,0.29492,0.19531,0.15527,0.29004,0.21484,0.16504,0.30029,0.36523,0.35498,0.3501,0.33984,0.35986,0.22998,0.16504,0.1499,0.090332,0.035156,0.090332,0.11523,0.015137,0.1499,0.080078,0.13525,0.044922,0.035156,0.45996,0.98486,1.5,1.5,1.0649,0.36523,0.13525,0.1001,0.050293,-0.0048828,-0.014648,0.050293,-0.060059,-0.014648,-0.044922,0.050293,0.080078,-0.094727,0.080078,0.125,0.02002,0.0048828,0.035156,0.035156,0.030273,0.064941,0.10986,0.064941,0.15527,0.2002,0.18506,0.16016,0.1001,0.15527,0.17529,0.15527,0.14502,0.20508,0.14014,0.22021,0.14014,0.14502,0.10986,0.2002,0.19531,0.25488,0.18994,0.17529,0.2251,0.22998,0.28027,0.24512,0.23486,0.2251,0.24023,0.33008,0.27002,0.26514,0.34521,0.24512,0.31982,0.38525,0.31494,0.2749,0.28516,0.20996,0.125,0.064941,0.10986,0.15527,0.20996,-0.0048828,0.02002,0.080078,0.10498,-0.02002,0.080078,0.33008,0.88477,1.5,1.5,1.1299,0.375,0.17529,0.15527,0,-0.13477,-0.11475,-0.13965,-0.084961,-0.11475,-0.029785,0,-0.024902,0,0.035156,0.015137,0.044922,0.12012,0.2002,0.010254,-0.014648,0.070313,0.16016,0.11523,0.030273,0.015137,0.060059,0.10986,0.084961,0.125,0.24023,0.17529,0.10498,0.12988,0.10986,0.2002,0.22021,0.26025,0.18018,0.20508,0.21484,0.20508,0.28516,0.23486,0.2251,0.28516,0.21484,0.22021,0.12012,0.13525,0.16504,0.22021,0.25,0.33008,0.38525,0.37988,0.4502,0.45508,0.31982,0.39014,0.16992,0.12988,0.1499,0.075195,0.060059,0.035156,0.055176,0.055176,0.075195,0.10986,0.095215,0.090332,0.18506,0.43994,1.085,1.5,1.5,0.7998,0.27002,0.12988,0.035156,0.060059,0.035156,0.010254,-0.044922,-0.054688,-0.014648,-0.0097656,-0.069824,0.090332,0.16504,-0.034668,-0.069824,0,0.044922,0.010254,0.0048828,0.080078,0.090332,0.10498,0.11523,0.14502,0.1499,0.12988,0.2251,0.34521,0.24023,0.25488,0.060059,0.015137,0.084961,0.125,0.10498,0.12988,0.17529,0.27002,0.2002,0.16992,0.38525,0.2749,0.22998,0.19531,0.22998,0.26025,0.18018,0.14502,0.17529,0.22998,0.28027,0.29004,0.37988,0.36523,0.52002,0.55518,0.38525,0.29492,0.33008,0.27002,0.12988,0.12012,0.10498,0.15527,0.17529,0.15527,0.16992,0.15527,0.12012,0.055176,0.044922,0.28027,0.87012,1.5,1.5,1.2197,0.43506,0.13525,0.084961,0.035156,0.030273,0.035156,0.035156,-0.040039,-0.044922,-0.014648,-0.029785,0.024902,0.044922,0.0048828,-0.024902,0.050293,0.16016,0.13525,0.090332,0.084961,0.125,0.1001,0.16992,0.21484,0.125,0.18018,0.2002,0.15527,0.19531,0.16992,0.15527,0.22021,0.24512,0.17529,0.125,0.18994,0.22998,0.125,0.064941,0.16016,0.20996,0.21484,0.14014,0.16992,0.19531,0.20508,0.25,0.24512,0.25488,0.18994,0.19531,0.12988,0.16016,0.20996,0.29004,0.28516,0.33496,0.29492,0.30029,0.27002,0.20996,0.13525,0.084961,0.11523,0.1499,0.11523,0.10498,0.16992,0.12988,0,-0.080078,0.050293,0.45508,1.1699,1.5,1.5,0.83008,0.30029,0.14014,0.084961,-0.029785,0.0048828,-0.10498,-0.15479,-0.074707,-0.11475,-0.049805,-0.060059,-0.029785,-0.0097656,-0.084961,0.010254,0.070313,0,-0.054688,0,0.030273,0.0048828,0.064941,-0.0097656,0.060059,0.044922,0.10498,0.11523,0.1001,0.12988,0.055176,0.050293,0.060059,0.010254,0.090332,0.12012,0.1001,0.070313,0.060059,0.13525,0.20996,0.14502,0.2002,0.18994,0.22021,0.2251,0.2002,0.2251,0.2002,0.31494,0.18506,0.1499,0.18506,0.14502,0.21484,0.30029,0.375,0.41016,0.37988,0.35498,0.2251,0.2002,0.24512,0.080078,0.084961,0.090332,0.070313,0.060059,0.055176,0.070313,0.060059,0.035156,0.10986,0.36523,0.94482,1.5,1.5,1.1748,0.48486,0.18018,0.035156,0.010254,0.02002,-0.049805,0.030273,0.0048828,-0.089844,0.010254,0.075195,-0.049805,-0.044922,-0.044922,0.0048828,0.0048828,0.10498,0.030273,0,0.11523,0.16504,0.070313,0.12012,0.1499,0.095215,0.1001,0.060059,0.090332,0.1499,0.22998,0.14502,0.1001,0.075195,0.125,0.1499,0.125,0.16016,0.21484,0.16504,0.13525,0.10986,0.18506,0.125,0.28027,0.29492,0.15527,0.25,0.22998,0.2251,0.19531,0.27002,0.29492,0.24512,0.24023,0.3252,0.36523,0.41016,0.3252,0.28027,0.29492,0.22021,0.16992,0.090332,0.064941,0.14502,0.035156,0.095215,0.16504,0.055176,0.0048828,-0.0048828,0.030273,0.18018,0.7002,1.3398,1.5,1.4448,0.55518,0.20508,0.050293,0.060059,0.035156,-0.0097656,0.080078,0.11523,0.02002,-0.10986,-0.024902,-0.0097656,-0.074707,-0.084961,-0.049805,0.090332,0.17529,0.084961,0.0048828,-0.0048828,0.080078,0.18018,0.084961,0.055176,0.15527,0.16504,0.095215,0.25,0.17529,0.1001,0.010254,0.080078,0.18018,0.1499,0.18018,0.21484,0.02002,0.060059,0.11523,0.16992,0.2002,0.23486,0.24512,0.24023,0.28516,0.25,0.22021,0.2749,0.22021,0.18018,0.17529,0.25,0.29492,0.31494,0.29492,0.25488,0.30029,0.33496,0.34521,0.31006,0.25,0.30029,0.095215,0.024902,0.095215,0.035156,0.13525,0.16992,0.070313,0.1001,0.090332,0.13525,0.084961,0.62988,1.3496,1.5,1.3999,0.59521,0.31494,0.125,0.040039,0.055176,-0.0097656,0,-0.014648,-0.0048828,-0.040039,0.14502,0,-0.12988,-0.13965,-0.049805,0.055176,0.090332,0.060059,0.12012,0.060059,0.040039,0.12988,0.18506,0.18994,0.050293,0.044922,0.12012,0.24512,0.28516,0.1001,0.064941,0.12988,0.10498,0.10986,0.090332,0.19531,0.2002,0.17529,0.20508,0.20996,0.15527,0.14014,0.1499,0.2251,0.21484,0.2002,0.19531,0.26514,0.33008,0.15527,0.2749,0.23486,0.2251,0.2749,0.27002,0.31494,0.33984,0.35498,0.31982,0.24512,0.22998,0.2002,0.060059,0.075195,0.064941,0.125,0.084961,0.040039,0.16016,0.050293,0.030273,0.010254,0.3501,0.92969,1.5,1.5,1.1948,0.50488,0.21484,0.084961,-0.0048828,0.024902,-0.024902,-0.034668,-0.02002,0.015137,0.010254,0.015137,-0.0097656,0.010254,0.010254,0.055176,0.080078,0.16016,0.13525,0.125,0.12012,0.16992,0.10498,0.090332,0.18994,0.095215,0.084961,0.16992,0.23486,0.25488,0.22021,0.16992,0.18018,0.2002,0.2251,0.125,0.16992,0.18994,0.18506,0.17529,0.20996,0.24512,0.23486,0.26514,0.18506,0.125,0.1499,0.16504,0.10498,0.125,0.19531,0.31982,0.33496,0.23486,0.28516,0.29004,0.25488,0.31982,0.29004,0.22998,0.2002,0.12988,0.16504,0.20508,0.1001,0.11523,0.075195,0.15527,0.075195,0.22021,0.14014,0.044922,0.030273,0.46484,1.2148,1.5,1.5,0.79492,0.29004,0.10986,0.125,0.080078,0.035156,0.030273,0.060059,-0.02002,0.035156,0.040039,0.10986,-0.044922,-0.049805,0.035156,0.02002,0.070313,0.064941,0.17529,0.095215,0.040039,0.10498,0.18506,0.24023,0.2251,0.25488,0.22021,0.22998,0.125,0.10986,0.24023,0.17529,0.2251,0.21484,0.21484,0.22021,0.2251,0.26514,0.26025,0.34521,0.29492,0.30029,0.21484,0.20996,0.35498,0.21484,0.125,0.040039,0.10986,0.20996,0.20996,0.18506,0.20996,0.125,0.030273,0.015137,0.19531,0.20508,0.26514,0.29004,0.22021,0.12988,0.20996,0.24023,0.16504,0.11523,0.050293,0.16504,0.26025,0.33984,0.39014,0.18506,0.030273,0.14014,0.68018,1.4546,1.5,1.5,1.1899,0.61475,0.41016,0.31494,0.18506,0.055176,-0.080078,-0.15479,-0.20459,0,0.080078,0.11523,0.040039,0.11523,0.024902,-0.014648,-0.040039,-0.014648,-0.089844,-0.10986,-0.1748,-0.15967,-0.29492,-0.32959,-0.22998,-0.21973,-0.31494,-0.35986,-0.38477,-0.20996,-0.19971,-0.25977,-0.22461,-0.25488,-0.27979,-0.28467,-0.1499,-0.16992,-0.074707,-0.064941,-0.054688,-0.11475,-0.024902,0.030273,0.0048828,-0.0097656,0.040039,0.02002,0.084961,0.050293,0.1499,0.10986,0.095215,0.15527,0.17529,0.23486,0.30518,0.38525,0.3252,0.24512,0.28027,0.29004,0.22021,0.2251,0.090332,0.084961,0.095215,0.13525,0.10498,0.16016,0.125,0.16504,0.14014,0.1001,0.20996,0.52002,1.23,1.5,1.5,0.85498,0.41504,0.10498,0.030273,-0.02002,-0.034668,0.090332,-0.0048828,-0.02002,-0.0097656,0.060059,0.055176,0.10986,0.12012,0.024902,0.084961,0.080078,0.095215,0.17529,0.16992,0.16504,0.17529,0.10986,0.070313,0.12988,0.16992,0.15527,0.16504,0.2251,0.17529,0.12988,0.10498,0.16992,0.14014,0.26025,0.16504,0.090332,0.16992,0.19531,0.1499,0.17529,0.080078,0.20508,0.22021,0.1499,0.15527,0.18994,0.18506,0.24512,0.23486,0.24512,0.17529,0.12988,0.21484,0.17529,0.24023,0.2251,0.27002,0.41504,0.45996,0.31494,0.3252,0.18994,0.17529,0.12988,0.070313,0.044922,0.16016,0.1001,0.1499,0.15527,0.14502,0.070313,-0.0097656,0.17529,0.68506,1.3047,1.5,1.5,0.72998,0.25488,0.17529,0.080078,-0.0097656,0.0048828,-0.024902,-0.064941,-0.069824,-0.034668,0.095215,0.14014,-0.060059,-0.0048828,0.030273,0.060059,0.13525,0.16992,0.080078,0.070313,0.24023,0.125,0.010254,0.12012,0.15527,0.12012,0.080078,0.12988,0.24023,0.31494,0.24023,0.18018,0.12012,0.1499,0.12012,0.14502,0.2002,0.26514,0.2002,0.18018,0.24023,0.16016,0.29004,0.37012,0.28516,0.33984,0.27002,0.24512,0.22021,0.24023,0.31982,0.2251,0.25,0.30518,0.39502,0.30518,0.27002,0.37988,0.3501,0.41016,0.44482,0.34521,0.25,0.18018,0.15527,0.1499,0.33008,0.33496,0.26514,0.36523,0.46484,0.55518,0.58008,0.58984,1.2949,1.5,1.5,1.5,1.5,1.5,1.5,1.5,1.5,1.5,0.96484,0.45508,0.16504,-0.0048828,0.030273,-0.15479,-0.29004,-0.37988,-0.41992,-0.38477,-0.41455,-0.44971,-0.30469,-0.24463,-0.36963,-0.40967,-0.34961,-0.30957,-0.21973,-0.25488,-0.26465,-0.21973,-0.27002,-0.15967,-0.10498,-0.099609,-0.1748,-0.13477,-0.10986,-0.084961,-0.13477,-0.13965,-0.014648,-0.034668,-0.044922,0.015137,0.035156,0.015137,0.075195,0.095215,0.035156,-0.02002,-0.040039,0.044922,0.040039,0.075195,0.050293,0.10498,0.080078,0.20508,0.21484,0.29492,0.25,0.23486,0.24512,0.1499,0.125,0.10498,0.10986,0.0048828,0.080078,0.010254,0.080078,-0.029785,-0.040039,0.02002,-0.0097656,-0.034668,0.12988,0.70996,1.3599,1.5,1.0801,0.35986,0.070313,-0.024902,-0.044922,-0.029785,-0.0097656,0.010254,-0.0097656,0.02002,-0.060059,0.015137,-0.044922,-0.089844,0.030273,-0.089844,-0.094727,0.090332,0.10986,0.035156,-0.029785,0.024902,0.125,0.125,0.1499,0.20996,0.26514,0.18506,0.13525,0.095215,0.050293,-0.044922,-0.0097656,0,0.055176,0.14502,-0.0048828,-0.054688,0.1001,0.12988,0.070313,-0.0097656,-0.02002,0.1001,0.1499,0.060059,0.044922,0.024902,0.02002,0.040039,0.10986,0.20996,0.31494,0.25488,0.33984,0.50488,0.39502,0.30518,0.26514,0.375,0.48486,0.50977,0.50488,0.41992,0.40479,0.41016,0.33008,0.36523,0.33984,0.3999,0.29004,0.16504,0.19531,0.125,0.095215,0.34521,0.88477,1.3999,1.5,1.5,0.61475,0.1499,0.010254,0.015137,0.010254,0.044922,-0.024902,-0.10498,0.010254,0.015137,-0.064941,-0.0097656,-0.074707,-0.064941,-0.034668,-0.14502,-0.18506,-0.15479,-0.125,-0.024902,0.0048828,-0.084961,-0.099609,0.1001,-0.054688,-0.16992,-0.11963,-0.060059,-0.054688,-0.11475,-0.064941,0.0048828,0.070313,0.15527,0.055176,-0.024902,-0.080078,-0.099609,-0.0048828,0.030273,0.02002,0.040039,0.12988,0.26514,0.20996,0.18506,0.22998,0.31982,0.3252,0.20508,0.0048828,-0.014648,0.10986,0.24023,0.1001,0.060059,0.16504,0.10986,0.16504,0.29492,0.39014,0.33984,0.29492,0.24512,0.12012,0.064941,0.11523,0.16016,0.084961,-0.080078,0.040039,0.070313,0.0048828,0.024902,-0.094727,-0.11475,0.21484,0.77002,1.4697,1.5,1.4146,0.56494,0.12988,0.035156,0.024902,0.064941,-0.02002,-0.10498,-0.069824,-0.19482,-0.099609,-0.014648,0.075195,-0.10986,-0.1499,-0.064941,-0.049805,0.044922,0.010254,-0.0048828,-0.034668,-0.024902,-0.0048828,0.075195,0.084961,-0.0097656,0.024902,0.044922,0.02002,0,0.080078,0.095215,0.055176,0.095215,0.040039,0.10498,0.040039,0.070313,0.125,0.16016,0.14014,0.22021,0.2251,0.25488,0.2749,0.24023,0.12988,0.20996,0.26025,0.18506,0.17529,0.26025,0.25,0.15527,0.13525,0.21484,0.24512,0.2749,0.30518,0.29004,0.31982,0.28516,0.27002,0.24023,0.2251,0.16504,0.095215,0.11523,0.050293,0.10498,0.11523,0.060059,0.044922,0.075195,0.030273,0.12012,0.5498,1.1948,1.5,1.5,0.90967,0.30518,0.22998,0.24512,0.090332,-0.029785,-0.049805,-0.064941,0.02002,-0.044922,-0.054688,0.090332,0.12012,0.14502,-0.060059,-0.02002,0.084961,0.18506,0.19531,0.14502,0.070313,0.060059,0.070313,0.12988,0.1499,0.2002,0.2251,0.16992,0.20508,0.2749,0.4502,0.33008,0.2002,0.13525,-0.0048828,0.064941,0.12012,0.10498,0.18018,0.16504,0.16992,0.19531,0.28516,0.36523,0.31006,0.21484,0.3252,0.23486,0.22021,0.20996,0.3252,0.29004,0.2251,0.22998,0.20996,0.18018,0.26025,0.38525,0.36523,0.33008,0.2749,0.22021,0.20996,0.24512,0.14014,0.10498,0.060059,0.064941,0.1001,0.12988,0.20508,0.23486,0.1001,0.044922,0.25,0.61475,1.1597,1.5,1.5,0.76514,0.3501,0.20508,-0.014648,-0.094727,-0.10498,-0.14502,-0.1748,-0.094727,-0.11475,-0.064941,-0.034668,-0.02002,-0.0048828,-0.054688,0.044922,0.090332,0.18506,0.21484,0.084961,0.12012,0.075195,0.070313,0.17529,0.125,0.14014,0.10498,0.15527,0.26025,0.2749,0.21484,0.23486,0.22021,0.33008,0.41992,0.17529,0.20508,0.14502,0.12012,0.16016,0.14014,0.2251,0.25,0.24023,0.24512,0.22998,0.28027,0.31494,0.16016,0.1499,0.24023,0.26025,0.25,0.29004,0.30518,0.24023,0.35986,0.44482,0.36523,0.39502,0.24023,0.24512,0.18994,0.23486,0.10986,0.18994,0.22021,0.095215,0.16504,0.19531,0.14502,0.1499,0.10498,0.090332,0.45508,1.1001,1.5,1.5,1.0098,0.29492,0.125,0.1001,0.075195,0.080078,0.035156,-0.044922,-0.034668,-0.049805,0.010254,-0.084961,-0.024902,-0.034668,0.010254,0.055176,0.050293,0.16992,0.20508,0.17529,0.16504,0.18506,0.17529,0.23486,0.24023,0.27002,0.31982,0.25488,0.27002,0.23486,0.31982,0.3501,0.25,0.18018,0.15527,0.14014,0.24023,0.2749,0.20508,0.2251,0.20508,0.22998,0.29492,0.31006,0.24023,0.18994,0.3252,0.33984,0.22021,0.17529,0.22021,0.2002,0.2749,0.37012,0.41016,0.2251,0.25,0.3252,0.44482,0.45508,0.43506,0.29492,0.17529,0.18018,0.14014,0.16992,0.070313,0.030273,0.1001,0.16504,0.14502,0.075195,0.070313,0.095215,0.3252,0.87012,1.4946,1.5,1.145,0.41992,0.1001,0.055176,0.080078,0.060059,0.075195,0,-0.024902,0.070313,0.12988,0.1001,0.21484,-0.060059,-0.15479,-0.074707,-0.040039,0.024902,0.090332,0.17529,0.12012,0.10498,0.10986,0.16016,0.12988,0.10498,0.14014,0.11523,0.20996,0.10498,0.090332,0.080078,0.13525,0.17529,0.18018,0.12012,0.15527,0.075195,0.060059,0.16016,0.18994,0.12012,0.14014,0.17529,0.16016,0.16992,0.1499,0.25,0.12988,0.084961,0.125,0.075195,0.024902,0.12988,0.17529,0.12012,0.064941,0.1001,0.17529,0.28027,0.23486,0.29492,0.31494,0.21484,0.13525,0.15527,-0.054688,-0.10498,-0.029785,0,0.024902,0.084961,-0.0097656,-0.0048828,-0.089844,-0.049805,0.23486,0.81494,1.5,1.5,1.4248,0.4502,0.16016,0.084961,0.095215,-0.080078,-0.10498,-0.074707,-0.099609,-0.054688,-0.060059,0.024902,0.030273,-0.1499,-0.19482,-0.024902,-0.0097656,-0.034668,0.095215,0.10498,0.030273,0.044922,0.030273,0.080078,0.10986,0.12988,0.10986,0.050293,0.12012,0.14014,0.1001,0.1499,0.10986,0.12988,0.075195,0.16504,0.20508,0.14502,0.18994,0.090332,0.070313,0.14014,0.12012,0.16016,0.31006,0.26025,0.16504,0.14502,0.23486,0.2749,0.2251,0.20996,0.26514,0.18018,0.18506,0.14502,0.22998,0.29492,0.30029,0.25488,0.31006,0.35498,0.35986,0.31494,0.22998,0.1001,0.050293,0.16016,0.1001,0.064941,0.095215,0.084961,0.125,0.1001,-0.024902,-0.049805,0.20508,0.55518,1.23,1.5,1.5,0.7749,0.20996,0.1499,0.16992,0,-0.024902,-0.074707,-0.069824,-0.029785,-0.014648,0.040039,0.075195,-0.024902,-0.02002,-0.054688,-0.0097656,0.070313,0.095215,0.055176,0.1001,0.12988,0.080078,0.1001,0.080078,0.16016,0.16992,0.10986,0.10498,0.1499,0.125,0.12988,0.125,0.21484,0.16016,0.090332,0.13525,0.18994,0.10986,0.13525,0.22021,0.26514,0.18018,0.20508,0.14014,0.24023,0.20996,0.2002,0.16992,0.2749,0.33008,0.22998,0.14502,0.20996,0.24023,0.17529,0.20508,0.21484,0.28027,0.34521,0.35986,0.30518,0.31982,0.26025,0.22021,0.16504,0.15527,0.080078,0.084961,0.055176,0.13525,0.095215,0.035156,0.02002,0.040039,0.095215,0.040039,0.28027,0.92969,1.5,1.5,1.0498,0.34521,0.1499,0.084961,0.010254,-0.064941,-0.084961,-0.029785,-0.084961,-0.12988,-0.064941,0.044922,0.064941,-0.044922,-0.074707,0.0048828,0.015137,0.10498,0.125,0.035156,0.0048828,0.070313,0.125,0.070313,0.050293,0.095215,0.12988,0.10498,0.12012,0.10498,0.15527,0.16992,0.1499,0.10498,0.095215,0.20996,0.090332,0.14502,0.22021,0.14502,0.095215,0.16504,0.20996,0.27002,0.13525,0.10986,0.095215,0.17529,0.24512,0.18994,0.24023,0.12988,0.2002,0.18994,0.2251,0.21484,0.31982,0.37988,0.26514,0.31494,0.37988,0.4502,0.28516,0.18018,0.13525,0.080078,0.10498,0.14014,0.16992,0.18506,0.10986,0.12012,0.16016,0.21484,0.18994,0.19531,0.45996,1.2046,1.5,1.5,0.96973,0.37012,0.11523,0.055176,0.070313,0.030273,-0.024902,-0.074707,-0.080078,0.024902,0.0048828,0.14014,0.064941,-0.049805,-0.040039,-0.044922,0.024902,0.084961,0.095215,0.080078,0.10498,0.10986,0.10986,0.1499,0.19531,0.28516,0.17529,0.10986,0.16992,0.10498,0.22998,0.16992,0.055176,0.035156,0.1499,0.19531,0.075195,0.1001,0.18018,0.18506,0.2251,0.3252,0.375,0.33496,0.52979,0.31494,0.12012,0.090332,0.18018,0.22021,0.25,0.25488,0.25,0.29492,0.31494,0.33496,0.375,0.47021,0.70996,0.81494,0.43994,0.024902,-0.044922,0.20996,0.125,0.035156,0.035156,0.075195,0.1001,0.075195,0.10986,0.12988,0.13525,0.14014,0.125,0.37988,1.0747,1.5,1.5,1.0898,0.39014,0.024902,-0.029785,-0.044922,-0.029785,-0.0097656,0.010254,0.015137,0.040039,0.050293,0.084961,0.2002,0.24512,0.1499,0.035156,-0.060059,-0.0048828,0.044922,0.075195,0.024902,0.080078,0.13525,0.16992,0.14014,0.17529,0.29004,0.25488,0.2002,0.18506,0.34521,0.22021,0.10498,0.080078,0.23486,0.070313,0.10986,0.14014,0.1499,0.14502,0.21484,0.29004,0.34521,0.25488,0.22998,0.16504,0.12988,0.18994,0.24512,0.19531,0.12988,0.12012,0.15527,0.19531,0.16992,0.18506,0.13525,0.16504,0.2251,0.3252,0.31494,0.28027,0.33008,0.31494,0.23486,0.15527,0.1001,0.14502,0.15527,0.080078,0.040039,0.024902,0.060059,-0.0048828,-0.029785,-0.0048828,0.30518,0.8501,1.4946,1.5,1.3896,0.43018,0.060059,-0.040039,-0.0097656,0.035156,-0.064941,-0.1499,-0.15479,-0.034668,0.0048828,-0.044922,-0.11475,-0.1499,-0.02002,-0.0048828,-0.064941,-0.069824,0.0048828,-0.024902,0.030273,0.055176,0.035156,0.035156,0.0048828,0.1001,0.10986,0.10498,0.14014,0.16504,0.070313,0.02002,-0.0097656,0.075195,0.044922,0.095215,0.075195,0.12988,0.050293,0.10498,0.13525,0.2251,0.14014,0.1001,0.18018,0.26514,0.21484,0.18506,0.2749,0.26025,0.16016,0.16504,0.15527,0.2251,0.18506,0.21484,0.2002,0.22021,0.24512,0.25,0.2002,0.375,0.28516,0.24512,0.28027,0.2251,0.25,0.16504,0.125,0.064941,0.13525,0.050293,-0.0048828,0.040039,0.095215,0.10986,0.070313,0.044922,0.44482,1.1299,1.5,1.5,0.89502,0.31982,0.18506,0.12012,0.040039,0.050293,0.0048828,-0.0097656,-0.064941,-0.024902,0.02002,0.060059,-0.0048828,-0.040039,-0.02002,0.035156,0.015137,0.10498,0.084961,0.035156,0.095215,0.090332,0.12012,0.1499,0.16016,0.18018,0.125,0.16504,0.2251,0.24512,0.10986,0.12988,0.12988,0.12012,0.125,0.10498,0.18994,0.25,0.10498,0.18506,0.16992,0.1499,0.22021,0.25,0.16016,0.1499,0.22021,0.26025,0.18506,0.2251,0.23486,0.18018,0.084961,0.075195,0.20508,0.18506,0.2251,0.1499,0.20996,0.26514,0.25488,0.3501,0.34521,0.3501,0.22998,0.18994,0.10986,0.030273,0.060059,0.14502,0.17529,0.070313,0.125,0.070313,0.084961,0.030273,0.024902,0.2251,0.74512,1.4648,1.5,1.4399,0.54004,0.20508,0.035156,0.02002,0.075195,0.1001,-0.094727,-0.049805,-0.0097656,0.055176,-0.040039,0.015137,0.035156,-0.014648,-0.054688,0.064941,0.10498,0.12988,0.10498,0.18994,0.1499,0.13525,0.1499,0.18018,0.12988,0.25,0.25488,0.16016,0.1499,0.2251,0.12988,0.10498,0.16992,0.15527,0.16992,0.1499,0.20996,0.21484,0.37988,0.25,0.2002,0.21484,0.28516,0.29492,0.24512,0.30029,0.31982,0.2749,0.28516,0.25488,0.28516,0.2002,0.18994,0.30029,0.25488,0.24512,0.28516,0.375,0.44482,0.4502,0.35498,0.33984,0.31494,0.26025,0.22021,0.2251,0.1001,0.18018,0.20508,0.010254,0.02002,0.095215,0.16016,0.064941,0.044922,0.29492,0.7998,1.5,1.5,1.4048,0.53516,0.24023,0.060059,0.050293,0.095215,0.040039,-0.014648,-0.02002,0.064941,0.080078,0.030273,-0.029785,-0.0048828,-0.060059,0.064941,0.060059,0.16992,0.24023,0.28516,0.11523,0.015137,0.064941,0.060059,0.075195,0.064941,0.080078,0.044922,0.024902,0.39014,0.40479,0.3252,0.28516,0.43018,0.68994,0.71484,0.49512,0.3999,0.4502,0.35498,0.28027,0.26514,0.28516,0.2749,0.28516,0.20996,0.16016,0.084961,0.055176,-0.084961,-0.089844,0.56494,1.4097,1.5,1.2998,0.54004,0.20508,0.14014,0.064941,0.055176,0.10986,0.18506,-0.084961,-0.15967,-0.069824,-0.0048828,0.0048828,-0.014648,-0.0097656,0.035156,0.044922,0.035156,0.24512,0.13525,0,-0.02002,-0.11475,-0.069824,0.060059,0.040039,0.0048828,0,-0.029785,-0.044922,0.090332,0.1499,-0.02002,-0.0097656,-0.034668,-0.089844,-0.044922,-0.0097656,0,-0.02002,-0.0097656,-0.02002,0.044922,0.075195,-0.0048828,0.055176,0.084961,0.1001,0.030273,0.084961,0.024902,0.010254,0.12012,0.19531,0.084961,-0.029785,0.060059,0.2002,0.2251,0.17529,0.20996,0.24023,0.21484,0.125,0.084961,0.010254,0.060059,0.064941,-0.014648,-0.044922,0.10498,0.035156,-0.0097656,-0.034668,-0.074707,0.16504,0.83496,1.5,1.5,1.2446,0.4751,0.12988,-0.02002,-0.054688,0.010254,-0.029785,-0.094727,-0.15479,0.044922,0.070313,-0.11963,-0.13965,-0.12988,-0.16504,-0.18994,0.0048828,-0.014648,0.030273,0.11523,0.055176,0.050293,0.070313,0.11523,0.125,-0.029785,-0.034668,0.090332,0.050293,0.015137,0.090332,0.12988,0.1499,0.055176,0.024902,0.1499,0.2002,0.19531,0.15527,0.12012,0.16504,0.14502,0.18018,0.23486,0.15527,0.12988,0.22021,0.26025,0.24023,0.27002,0.24023,0.31494,0.26514,0.20996,0.27002,0.21484,0.20996,0.30518,0.3252,0.40479,0.43018,0.33008,0.31006,0.2251,0.1499,0.1001,0.010254,0.084961,0.16504,0.18994,0.17529,0.2251,0.14014,0.050293,-0.049805,0.11523,0.60498,1.4849,1.5,1.4897,0.62988,0.20508,0.064941,0.010254,0.010254,0,0.030273,0.055176,0.024902,0.02002,0.18994,0.040039,-0.069824,0.0048828,-0.044922,-0.034668,0.035156,0.1499,0.11523,0.060059,0.044922,0.070313,0.060059,0.050293,0.12012,0.18018,0.2002,0.24023,0.20996,0.14502,0.12012,0.13525,0.1001,0.15527,0.18506,0.12012,0.16016,0.24512,0.25,0.14014,0.16992,0.16016,0.22021,0.17529,0.19531,0.25,0.21484,0.30029,0.24512,0.29004,0.2251,0.2002,0.18994,0.29492,0.375,0.23486,0.29004,0.33984,0.31982,0.26025,0.31006,0.22998,0.14014,0.12012,0.12988,0.16504,0.1001,0.035156,0.075195,0.075195,0.090332,0.10498,0.024902,0.015137,0.3501,0.87988,1.5,1.5,1.21,0.375,0.084961,0.055176,0.080078,0.0048828,0,0.060059,-0.014648,-0.080078,-0.044922,-0.024902,0.035156,-0.02002,-0.060059,-0.0048828,0.0048828,0.030273,0.02002,0.064941,0.12012,0.080078,0.10498,0.024902,0.015137,0.1499,0.19531,0.2002,0.2251,0.14014,0.060059,0.10986,0.13525,0.14502,0.1001,0.17529,0.12988,0.15527,0.1499,0.1499,0.16504,0.18994,0.2251,0.18018,0.20508,0.23486,0.21484,0.26025,0.19531,0.2251,0.21484,0.2002,0.20996,0.40479,0.27002,0.2251,0.30518,0.29004,0.3501,0.37988,0.33496,0.28516,0.18018,0.16504,0.10498,0.11523,0.12012,0.02002,0.050293,0.125,0.12012,0.1499,0.055176,-0.040039,0.075195,0.56982,1.29,1.5,1.5,0.875,0.2749,0.10498,0.075195,-0.0048828,0.055176,-0.02002,-0.10986,-0.034668,-0.060059,0.050293,0.11523,-0.02002,-0.10986,-0.024902,0.095215,0.1001,0.095215,0.2002,0.23486,0.2749,0.28516,0.25,0.26025,0.080078,0.14014,0.20508,0.30029,0.39014,0.34521,0.52002,0.5498,0.23486,0.24023,-0.0097656,0.13525,0.18018,0.19531,0.18994,0.24512,0.24512,0.3252,0.4248,0.43506,0.28516,0.25488,0.33984,0.13525,0.12988,0.21484,0.38525,0.24023,0.1499,0.16992,0.21484,0.24512,0.24023,0.3252,0.36523,0.35498,0.40479,0.29492,0.18506,0.12988,0.29004,0.37012,0.060059,-0.029785,0.02002,0.010254,0.044922,0.064941,0.0048828,0.075195,0.3999,0.97998,1.5,1.5,1.1548,0.41504,0.030273,0.02002,0.20996,0.080078,-0.12988,-0.1499,-0.099609,-0.034668,-0.034668,0.010254,0.040039,0,-0.080078,-0.024902,0.024902,0.084961,0.12012,0.19531,0.16016,0.28516,-0.069824,-0.040039,-0.0097656,-0.034668,0.070313,0.1001,0.10498,0.044922,0.095215,0.12988,0.13525,0.11523,0.16504,0.10986,0.22021,0.29004,0.13525,0.125,0.14502,0.11523,0.10498,0.12988,0.22021,0.17529,0.16504,0.14502,0.16992,0.14502,0.24512,0.18018,0.2251,0.15527,0.14502,0.22021,0.20996,0.2002,0.2749,0.27002,0.30518,0.26025,0.23486,0.31982,0.19531,0.12988,0.044922,0.1001,0.12012,0.02002,0.1001,0.095215,0.12988,0.064941,-0.02002,-0.034668,0.36523,0.96973,1.5,1.5,1.1396,0.37988,0.16016,0.030273,0.055176,-0.024902,-0.089844,-0.029785,0.015137,-0.02002,-0.0097656,-0.0048828,-0.040039,0.010254,-0.02002,-0.054688,0,0.095215,0.11523,0.010254,-0.014648,0.010254,0,0.12988,0.070313,0.050293,0.064941,0.1001,0.080078,0.2251,0.095215,0.070313,0.064941,0.17529,0.10986,0.060059,0.10498,0.044922,0.125,0.12988,0.070313,0.14014,0.15527,0.2002,0.21484,0.16504,0.18994,0.18506,0.20508,0.30518,0.23486,0.19531,0.21484,0.19531,0.1499,0.18018,0.27002,0.35498,0.3999,0.37988,0.45996,0.21484,0.14502,0.064941,0.125,0.18994,0.14014,0.030273,-0.040039,0.060059,0.064941,0.035156,0.064941,0.055176,0.12988,0.59521,1.2397,1.5,1.5,0.83008,0.2749,0.12012,0.050293,0.064941,-0.024902,0.0048828,-0.034668,-0.069824,0.030273,0.075195,0,-0.054688,-0.074707,0,-0.060059,-0.069824,0.125,0.1499,0.075195,0.060059,0.075195,0.12012,0.13525,0.1001,0.1001,0.084961,0.16992,0.24023,0.17529,0.095215,0.22021,0.19531,0.15527,0.13525,0.1499,0.12988,0.12988,0.13525,0.12988,0.19531,0.23486,0.25488,0.18506,0.18018,0.29492,0.31006,0.20996,0.18994,0.18994,0.2749,0.26025,0.31006,0.21484,0.17529,0.30518,0.37012,0.41504,0.3501,0.31494,0.3501,0.18018,0.11523,0.075195,0.070313,0.080078,0.13525,0.090332,0.12012,0.10986,0.1499,0.16016,-0.014648,-0.040039,0.47021,1.25,1.5,1.5,0.70996,0.20996,0.095215,0.040039,0.055176,0.040039,-0.024902,-0.074707,0.044922,-0.044922,-0.024902,-0.029785,-0.0097656,-0.014648,-0.02002,0.015137,0.024902,0.044922,0.060059,0.050293,0.095215,0.084961,0.090332,0.060059,0.2002,0.20508,0.084961,0.12012,0.13525,0.20508,0.16016,0.14014,0.10986,0.10498,0.11523,0.15527,0.18018,0.18994,0.1499,0.18506,0.17529,0.2002,0.24512,0.22021,0.2002,0.20996,0.15527,0.29004,0.18018,0.1499,0.2002,0.23486,0.24512,0.22021,0.24023,0.29004,0.40479,0.44482,0.28027,0.30518,0.20508,0.1001,0.20996,0.10498,0.02002,0.044922,0.0048828,0.044922,0.10498,0.090332,0.1001,0,-0.054688,0.12988,0.58008,1.3096,1.5,1.5,0.75488,0.22021,0.095215,0.11523,0.02002,-0.024902,-0.040039,-0.089844,-0.049805,-0.034668,-0.060059,0.035156,0.075195,-0.024902,-0.049805,0.1001,0.125,0.075195,0.095215,0.10498,0.055176,0.080078,0.16992,0.20996,0.12988,0.20508,0.20996,0.2251,0.16016,0.22998,0.18018,0.14502,0.12988,0.21484,0.2251,0.095215,0.18506,0.23486,0.24023,0.18018,0.30029,0.375,0.33008,0.35986,0.25488,0.22998,0.39502,0.21484,0.26514,0.26025,0.34521,0.36523,0.27002,0.26514,0.35498,0.31494,0.30029,0.39014,0.41504,0.31494,0.25,0.26514,0.2251,0.26514,0.18506,0.050293,0.075195,0.064941,0.14014,0.14502,0.040039,-0.024902,-0.060059,0.21484,0.72998,1.4648,1.5,1.395,0.70996,0.24512,0.015137,-0.049805,-0.02002,0.010254,0.044922,0.030273,0.125,0.050293,-0.0048828,-0.029785,0.095215,-0.0048828,-0.040039,0.16016,0.22021,0.14502,0.050293,0,-0.014648,-0.049805,-0.02002,0.030273,0.070313,0.11523,0.20996,0.29492,0.095215,0.060059,0.21484,0.25488,0.13525,0.070313,0.15527,0.21484,0.19531,0.17529,0.2251,0.090332,0.12012,0.1001,0.17529,0.25,0.21484,0.2251,0.15527,0.16016,0.1001,0.15527,0.18506,0.090332,0.084961,0.2002,0.17529,0.16504,0.30029,0.35986,0.2251,0.3252,0.35986,0.26514,0.21484,0.035156,0.02002,0.10498,0.010254,-0.0097656,0.080078,0.030273,0.064941,0.040039,0.010254,0.15527,0.20508,0.4751,1.1597,1.5,1.5,0.83984,0.43018,0.14502,0.024902,0.070313,0.1001,0,-0.024902,-0.060059,-0.0048828,0.050293,0.02002,-0.069824,-0.10498,-0.074707,-0.064941,0.035156,0.015137,0.060059,0.125,0.095215,0.030273,-0.0097656,0.084961,0.060059,0.090332,0.18018,0.23486,0.10498,0.14014,0.10498,0.050293,0.10498,0.125,0.10498,0.1499,0.10498,0.14502,0.12012,0.17529,0.24023,0.2002,0.28027,0.21484,0.10498,0.090332,0.18506,0.18994,0.11523,0.16992,0.21484,0.24512,0.15527,0.1499,0.20996,0.17529,0.16016,0.18018,0.2251,0.16504,0.2002,0.17529,0.20508,0.25488,0.29492,0.31006,0.2749,0.22021,0.25488,0.29492,0.31006,0.24023,0.1499,-0.044922,-0.16992,0.040039,0.4751,1.1597,1.5,1.5,0.81006,0.30029,0.21484,0.11523,0.035156,0.030273,0.035156,0.044922,-0.0048828,0.015137,0.080078,0.22021,0.27002,-0.080078,-0.11475,0,0.040039,0.060059,0.064941,0.095215,0.10986,0.18994,0.24023,0.20508,0.18994,0.024902,0.02002,0.16016,0.1499,0.16992,0.125,0.064941,0.080078,0.12012,0.1499,0.16016,0.22021,0.24512,0.20508,0.18506,0.19531,0.23486,0.19531,0.18506,0.34521,0.2749,0.22998,0.070313,0.1499,0.2749,0.20996,0.16992,0.22021,0.2251,0.21484,0.20508,0.25488,0.30518,0.36523,0.43994,0.36523,0.37988,0.3501,0.35986,0.20508,0.030273,-0.0097656,0.11523,0.1001,0.080078,0.084961,0.024902,0.125,0.16992,0.12988,0.2749,0.875,1.5,1.5,1.3647,0.5498,0.16016,0.10498,0.14014,0.010254,-0.040039,-0.014648,0.015137,0.050293,0.21484,0.095215,-0.029785,-0.060059,0.095215,-0.054688,0.0048828,0.10498,0.17529,0.20508,0.2002,0.25488,0.30518,0.26025,0.24023,0.11523,0.030273,0.055176,0.090332,0.12012,0.16016,0.1499,0.20996,0.19531,0.28027,0.37012,0.45508,0.055176,0,0.064941,0.12012,0.16016,0.20996,0.16504,0.12012,0.14502,0.20996,0.18994,0.17529,0.21484,0.27002,0.29492,0.34521,0.29004,0.20508,0.17529,0.1499,0.16504,0.18994,0.31006,0.35986,0.30029,0.3252,0.19531,0.1499,0.12012,0.090332,0.16504,0.16016,0.22998,0.090332,0.050293,0.125,0.010254,-0.02002,0.12012,0.47021,1.0947,1.5,1.5,0.8999,0.25,0.12012,0.010254,0.035156,-0.12988,-0.1499,-0.099609,-0.024902,0.024902,0.070313,-0.024902,-0.080078,-0.15479,-0.17969,-0.024902,0.040039,0.1499,0.070313,0.0048828,0.010254,-0.0097656,0,0.010254,0.0048828,0.12012,0.20996,0.26025,0.125,0.095215,0.1499,0.2002,0.11523,0.1001,0.14502,0.14014,0.22021,0.084961,0.13525,0.18994,0.14014,0.23486,0.24512,0.10986,0.095215,0.15527,0.16992,0.14014,0.22021,0.2002,0.19531,0.14014,0.12988,0.22998,0.29004,0.28027,0.34521,0.20508,0.20996,0.18506,0.25488,0.2002,0.22021,0.19531,0.18506,0.19531,0.2251,0.23486,0.040039,0.030273,0.13525,0.0048828,-0.029785,0.044922,0,0.044922,0.10986,0.41016,1.02,1.5,1.5,1.1196,0.33008,0.090332,0.030273,0.060059,-0.0048828,-0.089844,-0.040039,-0.0097656,-0.029785,0.075195,0.11523,-0.034668,-0.074707,-0.034668,-0.0048828,-0.034668,0.1001,0.11523,-0.0097656,0.024902,0.084961,0.060059,0.080078,0.070313,0.2002,0.125,0.23486,0.095215,0.024902,0.18018,0.20508,0.10986,0.080078,0.095215,0.33984,0.3999,0.28027,0.21484,0.18994,0.3252,0.2749,0.16504,0.34521,0.1499,-0.0048828,0.25488,0.31494,0.31982,0.02002,0.30518,0.37012,0.010254,0.044922,0.14014,0.20996,0.22998,0.27002,0.33008,0.38525,0.39502,0.37012,0.33008,0.3252,0.40479,0.43506,0.31494,0.39502,-0.16504,-0.17969,0.010254,-0.0097656,0.015137,0.035156,0.0048828,-0.014648,0.16992,0.66504,1.3599,1.5,1.5,0.79492,0.51514,0.1499,0.030273,0.044922,-0.094727,-0.12988,-0.064941,-0.014648,0.010254,0.010254,0.015137,-0.0048828,0.040039,0.095215,0.11523,0.5752,0.71484,-0.21484,-0.2998,-0.19971,-0.064941,0.015137,0.080078,0.1001,0.11523,0.13525,0.14502,0.16016,0.25488,0.27002,0.10986,0.18018,0.39014,0.15527,0.18994,0.075195,-0.0097656,0.055176,0.070313,0.13525,0.18018,0.2002,0.22021,0.24023,0.27002,0.26514,0.24512,0.22998,0.23486,0.2749,0.3252,0.39014,0.33008,0.25488,0.12988,0.11523,0.25,0.26025,0.2749,0.2749,0.28027,0.2251,0.18994,0.125,0.095215,0.070313,0.060059,0.064941,0.084961,0.084961,0.1001,0.12012,0.15527,0.35986,0.2251,0.40479,1.0801,1.5,1.5,0.76514,0.23486,0.084961,0.055176,0.044922,0.030273,0.064941,0.035156,0.030273,0.035156,0.084961,0.18506,0.060059,0.030273,0.070313,0.22021,0.28516,0.010254,-0.029785,0.055176,0.075195,0.10986,0.15527,0.16992,0.18506,0.20996,0.22021,0.24512,0.2251,0.2002,0.20508,0.23486,0.2002,0.17529,0.2002,0.24023,0.21484,0.26025,0.18018,0.17529,0.2002,0.16016,0.14014,0.10986,0.16992,0.20996,0.25488,0.19531,0.25488,0.080078,0.064941,0.090332,0.10986,0.12988,0.15527,0.18506,0.26514,0.21484,0.20508,0.30029,0.33496,0.27002,0.18506,0.14014,0.080078,0.075195,0.095215,0.064941,0.044922,0.055176,0.075195,0.080078,0.030273,0.035156,-0.0097656,0.1001,0.5752,1.1851,1.5,1.5,0.74512,0.20508,0.024902,0,-0.064941,-0.074707,-0.074707,-0.069824,-0.064941,-0.029785,0.015137,-0.014648,0.024902,0.035156,-0.094727,-0.11475,-0.014648,-0.0097656,0.0048828,0.055176,0.060059,0.035156,0.11523,0.10986,0.075195,0.035156,0.070313,0.095215,0.12012,0.16504,0.125,0.10986,0.095215,0.10986,0.16992,0.10498,0.044922,0.075195,0.1001,0.10986,0.1499,0.16504,0.21484,0.29492,0.2251,0.2002,0.21484,0.18994,0.21484,0.23486,0.24512,0.22021,0.2002,0.18994,0.17529,0.2002,0.18018,0.17529,0.1499,0.16016,0.15527,0.30029,0.33984,0.29004,0.20996,0.20508,0.25488,0.2002,0.010254,0.060059,0.0048828,-0.0097656,0.075195,0.084961,0.030273,0.050293,-0.0048828,-0.0097656,0.3501,0.87012,1.5,1.5,1.27,0.47998,0.22021,0.10986,0.035156,0.084961,0.02002,-0.024902,-0.10498,-0.054688,-0.0048828,-0.064941,0,0.055176,-0.02002,-0.049805,-0.069824,0.090332,0.035156,-0.049805,-0.0097656,0.125,0.17529,0.024902,0.075195,0.11523,0.12988,0.17529,0.24023,0.16992,0.070313,0.10498,0.18506,0.13525,0.080078,0.064941,0.11523,0.1499,0.23486,0.24512,0.14014,0.12988,0.25,0.16016,0.125,0.21484,0.24023,0.18018,0.16504,0.20508,0.16016,0.15527,0.24512,0.17529,0.12988,0.095215,0.090332,0.17529,0.24512,0.22998,0.2251,0.33984,0.3501,0.31982,0.31494,0.20996,0.14014,0.10498,0.080078,0.11523,0.13525,0.12988,0.15527,0.10498,0.060059,0.060059,0.024902,0.070313,0.33984,0.95996,1.5,1.5,1.145,0.44482,0.16992,0.024902,0.0048828,-0.040039,0,0.055176,-0.044922,-0.080078,-0.029785,-0.014648,0,0.030273,-0.029785,-0.054688,0.040039,0.044922,-0.0048828,0.060059,0.13525,0.10986,0.095215,0.1001,0.11523,0.080078,0.12988,0.22998,0.25,0.23486,0.2002,0.22021,0.23486,0.20508,0.2002,0.27002,0.20996,0.2002,0.27002,0.18018,0.20996,0.34521,0.39502,0.20996,0.18018,0.22021,0.2251,0.2002,0.21484,0.25,0.29004,0.27002,0.37012,0.27002,0.12988,0.10986,0.20996,0.22998,0.2251,0.30518,0.3501,0.37012,0.375,0.31494,0.25488,0.12988,0.10986,0.090332,0.125,0.1499,0.16992,0.14014,0.1499,0.080078,0.040039,0.030273,0.39502,0.9751,1.5,1.5,1.0498,0.39014,0.18506,0.2251,0.095215,-0.069824,-0.02002,-0.0097656,-0.080078,-0.094727,-0.125,-0.029785,0.035156,0.044922,0.0048828,0.030273,0.035156,0.030273,0.060059,0.125,0.090332,0.060059,0.055176,0.17529,0.20508,0.14502,0.050293,-0.014648,-0.0048828,0.035156,0.064941,0.080078,0.10498,0.17529,0.1499,0.090332,0.14014,0.15527,0.125,0.22998,0.125,0.090332,0.1001,0.12012,0.13525,0.1499,0.17529,0.2251,0.2749,0.18994,0.16992,0.23486,0.34521,0.20508,0.060059,0.1001,0.22998,0.29492,0.25,0.24023,0.26025,0.29492,0.31494,0.23486,0.1499,0.125,0.20996,0.080078,0.064941,0.2251,0.10986,0.050293,0.024902,-0.0097656,-0.044922,0.044922,0.50977,1.1348,1.5,1.5,0.93994,0.33008,0.1499,0.064941,0.16992,0.2002,0.090332,-0.024902,-0.1499,-0.17969,-0.11475,-0.029785,0.030273,-0.02002,-0.049805,-0.0097656,0.075195,0.125,0.1001,0.24512,0.11523,-0.034668,0.010254,0.044922,0.044922,0.13525,0.14014,0.070313,0.11523,0.18018,0.2251,0.20996,0.18506,0.20508,0.13525,0.1001,0.064941,0.10986,0.12988,0.26514,0.28027,0.095215,0.12988,0.1499,0.2002,0.29492,0.21484,0.18018,0.27002,0.24512,0.24512,0.21484,0.2002,0.26025,0.31494,0.35986,0.24512,0.30518,0.33008,0.30029,0.33496,0.26025,0.19531,0.22021,0.18994,0.16504,0.13525,0.10986,0.090332,0.19531,0.10498,0.035156,-0.069824,-0.02002,0.22998,0.81982,1.5,1.5,1.3047,0.49512,0.15527,0.040039,0.125,0.18506,0.040039,-0.060059,-0.099609,-0.074707,-0.040039,-0.034668,0.0048828,0.02002,0,0.095215,0.14502,0.15527,0.080078,-0.0097656,-0.040039,0.070313,0.064941,0.040039,0.060059,0.090332,0.15527,0.24512,0.26025,0.125,0.15527,0.18506,0.19531,0.14502,0.20996,0.14502,0.12012,0.22021,0.18018,0.12988,0.125,0.21484,0.2251,0.16992,0.16016,0.18018,0.17529,0.23486,0.30029,0.3501,0.22021,0.14014,0.18506,0.21484,0.2002,0.24023,0.31006,0.38525,0.39502,0.3252,0.30518,0.22998,0.24512,0.18994,0.1499,0.090332,0.095215,0.090332,0.19531,0.1499,0.10986,0.10986,0.075195,0.060059,0.35986,0.95508,1.5,1.5,1.1699,0.4248,0.14502,0.02002,-0.0097656,0.0048828,-0.064941,-0.1499,-0.15479,-0.10498,-0.080078,-0.10986,-0.12988,-0.099609,-0.049805,-0.02002,0.010254,0.070313,0.084961,0.14014,0.16992,0.18506,0.17529,0.20508,0.18506,0.15527,0.1499,0.1499,0.16992,0.14502,0.18018,0.18506,0.18994,0.1001,0.10498,0.1001,0.1001,0.17529,0.18994,0.1499,0.2251,0.24512,0.16992,0.1499,0.26025,0.31006,0.27002,0.20508,0.10986,0.12988,0.18506,0.22998,0.18506,0.20508,0.25,0.28516,0.36523,0.37012,0.30029,0.3501,0.23486,0.22998,0.125,0.044922,0.060059,-0.0097656,-0.014648,0.0048828,0.070313,0.080078,0.064941,0.040039,0.12988,0.45996,1.1499,1.5,1.5,0.96484,0.22998,0.050293,-0.034668,-0.024902,-0.044922,-0.049805,-0.034668,0.030273,0.060059,0.0048828,0.024902,0.10498,0.14014,0.18994,0.24023,0.050293,-0.125,-0.13477,-0.060059,-0.014648,0.040039,0.055176,0.090332,0.10498,0.125,0.16016,0.18994,0.24023,0.2002,0.19531,0.22998,0.16016,0.125,0.12012,0.10986,0.10498,0.125,0.16016,0.2251,0.24512,0.24023,0.28027,0.30029,0.25488,0.27002,0.24512,0.2251,0.31494,0.28516,0.27002,0.26025,0.21484,0.24023,0.3252,0.39014,0.39502,0.30518,0.31006,0.29004,0.25488,0.23486,0.13525,0.12988,0.19531,0.10986,0.12988,0.084961,0.10498,0.11523,0.12012,0.050293,0.19531,0.68506,1.3647,1.5,1.4297,0.60986,0.22998,0.14502,0.02002,-0.0097656,-0.014648,0.070313,-0.074707,-0.099609,-0.060059,-0.10986,-0.034668,0.010254,-0.034668,-0.094727,-0.024902,-0.0048828,0.040039,0.055176,0.10986,0.030273,-0.069824,-0.064941,-0.0048828,0.060059,0.060059,0.12012,0.13525,0.1001,0.050293,0.035156,0.035156,0.080078,0.024902,0.015137,0.1001,0.10498,0.060059,0.12988,0.13525,0.030273,0.064941,0.080078,0.12988,0.20508,0.23486,0.14014,0.125,0.1499,0.17529,0.10498,0.075195,0.16504,0.20996,0.18018,0.17529,0.22998,0.33008,0.24023,0.2002,0.22998,0.084961,0.050293,0.125,0.084961,0.125,0,0.02002,0.050293,0.024902,-0.014648,-0.044922,0,0.25,0.79004,1.5,1.5,1.3247,0.5498,0.20996,0.030273,0,-0.089844,-0.099609,-0.10986,-0.084961,-0.094727,-0.10498,-0.029785,-0.054688,-0.0048828,0.010254,-0.080078,-0.089844,0.030273,-0.029785,-0.054688,-0.074707,-0.040039,0.010254,0.055176,-0.0048828,0.010254,0.030273,0.090332,0.10986,0.064941,0.080078,0.030273,0.040039,0.0048828,0,0.070313,0.075195,0.0048828,0.02002,-0.0097656,0.070313,0.095215,0.044922,0.060059,0.10986,0.14014,0.10498,0.1001,0.14502,0.16504,0.10986,0.084961,0.15527,0.19531,0.17529,0.24512,0.21484,0.2749,0.22998,0.2002,0.18994,0.18506,0.15527,0.16992,0.080078,0.095215,-0.0097656,0.10986,0.12988,0.064941,-0.024902,-0.094727,-0.11963,-0.040039,0.30518,0.93506,1.5,1.5,1.1348,0.43994,0.14014,0.030273,-0.0048828,-0.099609,-0.18506,-0.11475,-0.060059,-0.084961,-0.064941,-0.074707,-0.034668,0.010254,-0.064941,-0.034668,-0.02002,-0.0048828,0.040039,0.060059,0.060059,0.064941,0.010254,0.040039,0.12988,0.16016,0.080078,0.16504,0.14502,0.13525,0.14014,0.1001,0.12012,0.13525,0.1001,0.12988,0.12012,0.2002,0.19531,0.2002,0.10986,0.16504,0.22021,0.16016,0.14502,0.2251,0.24023,0.20508,0.22998,0.21484,0.26514,0.30029,0.22998,0.19531,0.27002,0.30029,0.41016,0.33008,0.31006,0.34521,0.26514,0.16504,0.10498,0.080078,0.064941,0.080078,0.1001,0.11523,0.084961,0.1001,0.080078,0.050293,0.050293,0.3501,0.99512,1.5,1.5,1.0601,0.33984,0.20508,0.125,0,-0.034668,-0.060059,-0.049805,-0.040039,-0.0097656,0.015137,0.02002,0.024902,-0.034668,-0.014648,0.024902,0.16504,0.070313,0.060059,0.10986,0.055176,0.075195,0.080078,0.044922,0.10986,0.095215,0.16992,0.2002,0.13525,0.18018,0.095215,0.14502,0.1499,0.095215,0.12988,0.1499,0.14502,0.18994,0.13525,0.125,0.24512,0.19531,0.22021,0.24512,0.22998,0.24512,0.18506,0.22998,0.26514,0.22021,0.26514,0.25,0.28516,0.3252,0.30518,0.35986,0.43018,0.30029,0.2749,0.31982,0.24023,0.12012,0.13525,0.10498,0.11523,0.060059,0.12012,0.13525,0.095215,0.050293,0.015137,-0.02002,0.26514,0.77979,1.5,1.5,1.3096,0.56006,0.12988,0.055176,0.080078,0.084961,-0.040039,-0.064941,-0.040039,-0.049805,-0.029785,0.1001,0.11523,-0.084961,-0.044922,0.024902,0.060059,0.090332,0.125,0.14502,0.13525,0.1001,0.1499,0.26025,0.18018,0.095215,0.18018,0.22998,0.22021,0.20996,0.19531,0.24023,0.12988,0.2251,0.37988,0.23486,0,0.044922,0.14014,0.16504,0.17529,0.19531,0.21484,0.2002,0.2251,0.33984,0.46484,0.33008,0.30518,0.20996,0.16992,0.090332,0.1499,0.26025,0.31006,0.35986,0.38525,0.40479,0.41504,0.31006,0.31494,0.2002,0.12988,0.12012,0.1499,0.2749,0.30518,0.15527,0.084961,0.17529,0.024902,-0.074707,0.22998,0.875,1.4697,1.5,1.3096,0.41504,0.15527,0.1001,0.1001,0.084961,0.080078,0.14502,0.15527,-0.060059,-0.069824,0.02002,0.060059,-0.080078,-0.125,-0.054688,0.010254,0.024902,0.064941,0.12012,0.16504,0.17529,0.16016,0.17529,0.18506,0.25,0.33008,0.22021,0.15527,0.29492,0.30518,0.17529,0.20508,0.14014,0.10498,0.12988,0.16016,0.20508,0.18994,0.18506,0.22021,0.2251,0.28027,0.28516,0.30029,0.16016,0.075195,0.055176,0.084961,0.16016,0.17529,0.084961,0.14502,0.2002,0.23486,0.31982,0.33008,0.34521,0.31006,0.27002,0.24023,0.2251,0.22998,-0.0048828,-0.0097656,0.044922,0.02002,0.17529,0.16016,0.19531,0.030273,-0.074707,-0.089844,0.2251,0.7749,1.5,1.5,1.27,0.5249,0.21484,0.064941,-0.0048828,-0.054688,-0.049805,-0.080078,-0.089844,-0.069824,-0.029785,0.0048828,0.044922,0.055176,-0.054688,-0.014648,0.024902,0.090332,0.10498,0.035156,0.010254,0.050293,0.030273,0.064941,0.1001,0.14502,0.12988,0.125,0.10498,0.12012,0.10986,0.1499,0.10498,0.16504,0.035156,0.11523,0.14014,0.12988,0.095215,0.075195,0.14014,0.18018,0.19531,0.16504,0.16016,0.2251,0.25488,0.24512,0.28516,0.375,0.34521,0.30029,0.2749,0.22998,0.28516,0.15527,0.27002,0.33496,0.35498,0.3501,0.28516,0.25,0.16992,0.14502,0.11523,0.095215,0.16504,0.090332,0.060059,0.10498,0.11523,0.030273,0.064941,0.26025,0.71973,1.3696,1.5,1.5,0.62988,0.16992,0.070313,0.10498,0.02002,-0.02002,0.010254,-0.064941,-0.040039,0.055176,0.095215,-0.024902,-0.014648,0.0048828,0.02002,0.11523,0.12988,0.044922,0.12988,0.070313,0.024902,0.075195,0.1001,0.075195,0.16016,0.17529,0.16992,0.17529,0.14502,0.125,0.11523,0.20508,0.12988,0.12012,0.18506,0.16504,0.13525,0.14014,0.12988,0.18018,0.16992,0.24512,0.23486,0.25488,0.24023,0.20508,0.22998,0.20508,0.19531,0.31494,0.29004,0.25,0.23486,0.27002,0.28516,0.35986,0.39502,0.41504,0.3501,0.25488,0.19531,0.15527,0.084961,0.040039,0.125,0.1499,0.1001,0.060059,0.1001,0.14014,0.070313,0.010254,0.16504,0.62012,1.2847,1.5,1.5,0.72998,0.30029,0.080078,0.0048828,-0.014648,-0.0048828,-0.080078,-0.054688,-0.0097656,-0.0048828,-0.024902,0.030273,0.050293,0.0048828,-0.034668,0.024902,0,0.060059,0.084961,0.070313,0.10498,0.080078,0.080078,0.10498,0.12988,0.11523,0.16504,0.2002,0.15527,0.11523,0.1001,0.13525,0.11523,0.1499,0.15527,0.10986,0.14502,0.13525,0.2002,0.2251,0.1499,0.18994,0.20996,0.20508,0.25488,0.27002,0.22021,0.16992,0.24023,0.22021,0.23486,0.26514,0.27002,0.29004,0.27002,0.3501,0.44482,0.3501,0.24512,0.30029,0.33008,0.19531,0.070313,0.044922,0.11523,0.084961,0.064941,0.075195,0.055176,0.040039,0.035156,0.064941,0.26514,0.70996,1.27,1.5,1.4849,0.60498,0.30029,0.070313,0.010254,0,-0.044922,-0.11963,-0.125,-0.064941,-0.0048828,0.024902,0,0.015137,0.010254,0.035156,0.060059,0.080078,0.125,0.18018,0.12012,0.080078,0.035156,0.080078,0.090332,0.070313,0.1499,0.11523,0.10498,0.12988,0.20508,0.21484,0.12988,0.18506,0.16016,0.17529,0.12988,0.15527,0.10498,0.16992,0.1499,0.15527,0.21484,0.23486,0.22998,0.25,0.2251,0.26514,0.25488,0.23486,0.28027,0.3252,0.39014,0.41016,0.20996,0.35986,0.4248,0.41016,0.34521,0.23486,0.21484,0.18506,0.18506,0.14502,0.10498,0.1001,0.125,0.084961,0.11523,0.1001,0.15527,0.080078,-0.014648,0.29492,0.70508,1.3696,1.5,1.3896,0.47021,0.16016,0.084961,0.055176,0,0.040039,0.080078,-0.014648,0.015137,-0.014648,0.010254,-0.02002,0.024902,-0.044922,0.10986,0.050293,0.040039,0.14014,0.10986,0.044922,0.040039,0.11523,0.13525,0.16992,0.24512,0.27002,0.31494,0.25488,0.1499,0.16504,0.21484,0.3252,0.18506,0.084961,0.1001,0.1499,0.17529,0.2251,0.16504,0.14502,0.18018,0.2251,0.21484,0.23486,0.18018,0.22021,0.18506,0.22998,0.17529,0.24512,0.25488,0.22998,0.2251,0.26514,0.29492,0.31494,0.35986,0.37012,0.27002,0.20508,0.22021,0.084961,0.11523,0.095215,0.10986,0.095215,0.090332,0.15527,0.12012,0.12988,0.10498,0.095215,0.27002,0.78516,1.4697,1.5,1.1396,0.44482,0.17529,0.15527,0.35986,0.1499,-0.074707,-0.02002,-0.13965,-0.15479,-0.084961,-0.064941,-0.014648,0.055176,0.080078,0.084961,0.1001,0.12988,0.11523,0.1499,0.18506,0.2002,0.14502,0.10986,0.26025,0.24023,0.17529,0.1499,0.18506,0.14014,0.13525,0.16992,0.18018,0.17529,0.19531,0.18506,0.24512,0.26025,0.24512,0.3252,0.25488,0.2002,0.23486,0.24512,0.26025,0.21484,0.1499,0.17529,0.1499,0.14502,0.2002,0.17529,0.39014,0.33984,0.2002,0.17529,0.15527,0.23486,0.26025,0.25,0.19531,0.14502,0.10498,0.084961,0.060059,0.12988,0.14502,0.070313,0.035156,0.11523,0.22998,0.10986,0.024902,0.02002,0.23486,0.81006,1.5,1.5,1.3149,0.48486,0.21484,0.11523,0.02002,0.050293,0.12012,0.12988,-0.11475,-0.18506,-0.11475,0.035156,0.055176,-0.10498,-0.060059,-0.029785,-0.0097656,0.035156,0.14502,0.15527,0.044922,0.084961,0.10498,0.070313,0.11523,0.12012,0.1001,0.084961,0.18506,0.19531,0.11523,0.13525,0.080078,0.040039,0.064941,0.16504,0.075195,0.1001,0.12988,0.24512,0.14502,0.1001,0.2251,0.25,0.22021,0.26025,0.12988,0.17529,0.2251,0.30518,0.20508,0.17529,0.25,0.29004,0.18994,0.18018,0.26514,0.37012,0.43994,0.49023,0.2749,0.19531,0.18994,0.25,0.12012,0.060059,0,0.030273,0.070313,0.080078,0.060059,0.13525,0.030273,0.035156,0.22021,0.77002,1.5,1.5,1.3149,0.54492,0.2002,0.050293,-0.044922,-0.014648,-0.069824,-0.089844,0.050293,-0.014648,-0.069824,-0.014648,0.0048828,0.02002,-0.044922,-0.0097656,0.0048828,0.064941,0.075195,0.064941,0.10498,0.12988,0.095215,0.18994,0.17529,0.035156,0.070313,0.11523,0.14502,0.15527,0.1499,0.18506,0.16504,0.12012,0.10986,0.084961,0.10986,0.14014,0.20996,0.18994,0.19531,0.2002,0.21484,0.18018,0.15527,0.28516,0.29492,0.1499,0.14502,0.21484,0.26514,0.23486,0.24023,0.24512,0.2251,0.30029,0.39014,0.31006,0.43994,0.3501,0.21484,0.22998,0.17529,0.14502,0.10986,0.1001,0.12988,0.064941,0.060059,0.084961,0.10498,-0.034668,-0.024902,0.075195,0.4502,1.0601,1.5,1.5,0.97998,0.28516,0.050293,0.030273,0.070313,0.015137,-0.040039,-0.094727,-0.084961,0,0.010254,-0.0097656,-0.0048828,-0.014648,-0.034668,0.0048828,0.060059,0.080078,0.084961,0.055176,0.060059,0.070313,0.055176,0.14014,0.16016,0.13525,0.12988,0.16992,0.17529,0.11523,0.1001,0.14014,0.16992,0.090332,0.14014,0.2251,0.17529,0.16992,0.10986,0.21484,0.25,0.11523,0.13525,0.22998,0.24023,0.17529,0.25,0.28027,0.23486,0.18506,0.27002,0.24023,0.28027,0.2749,0.31982,0.30029,0.3501,0.39014,0.28516,0.29004,0.26025,0.21484,0.19531,0.10498,0.080078,0.11523,0.12988,0.10498,0.090332,0.080078,0.095215,0.035156,0.010254,0.22998,0.80469,1.5,1.5,1.2998,0.53516,0.14502,0.015137,0.070313,0.010254,-0.040039,-0.02002,-0.060059,0,-0.02002,-0.034668,0.040039,-0.040039,-0.060059,0.010254,0.125,0.060059,0.044922,0.075195,0.1001,0.070313,0.11523,0.2002,0.22021,0.12012,0.10498,0.2002,0.13525,0.14502,0.084961,0.15527,0.10986,0.060059,0.084961,0.125,0.11523,0.14502,0.25,0.18994,0.16504,0.24023,0.21484,0.2251,0.23486,0.26025,0.16992,0.10986,0.20508,0.20996,0.2002,0.18994,0.2749,0.36523,0.31982,0.30029,0.40479,0.43994,0.43506,0.30029,0.18506,0.18018,0.2251,0.17529,0.17529,0.1001,0.024902,0.010254,0.030273,0.060059,0.075195,0.055176,0.090332,0.3999,0.98486,1.5,1.5,1.085,0.4751,0.25488,0.12988,0.040039,-0.044922,-0.11475,-0.13965,-0.064941,-0.029785,-0.029785,-0.040039,0.075195,0.010254,-0.034668,0.10498,0.12988,0.10498,0.11523,0.0048828,0,0.035156,0.070313,0.2002,0.1001,0.080078,0.19531,0.2251,0.040039,0.024902,0.22021,0.1001,0.064941,0.18506,0.2002,0.12988,0.080078,0.075195,0.16016,0.25488,0.3252,0.21484,0.20996,0.28516,0.30518,0.26025,0.33008,0.37988,0.22998,0.19531,0.2251,0.20996,0.31982,0.26514,0.30029,0.3501,0.37988,0.41016,0.36523,0.33008,0.20996,0.070313,0.075195,0.060059,0.084961,0.075195,0.064941,0.10498,0.084961,0.040039,0.044922,-0.0048828,0.10986,0.5498,1.2646,1.5,1.5,0.69482,0.18994,0.090332,0.125,0.02002,-0.0097656,-0.0048828,0.0048828,-0.044922,-0.0048828,0.035156,0.02002,-0.0048828,0.030273,0.010254,0.080078,0.075195,0.080078,0.075195,0.16016,0.080078,0.13525,0.080078,0.125,0.090332,0.1499,0.12988,0.20996,0.25488,0.16992,0.1499,0.16992,0.1499,0.18018,0.2002,0.18994,0.24512,0.24512,0.2251,0.28027,0.37012,0.27002,0.22998,0.15527,0.18506,0.17529,0.16504,0.17529,0.12988,0.17529,0.22998,0.26025,0.2749,0.22998,0.22021,0.29492,0.37988,0.41016,0.3501,0.25,0.2002,0.28027,0.2002,0.090332,0.16016,0.18018,0.024902,0.064941,0.060059,0.055176,0.095215,0.055176,0.10986,0.46484,1.0898,1.5,1.5,0.97998,0.25488,0.080078,0.0048828,-0.0097656,0.050293,-0.049805,-0.014648,0.010254,-0.064941,-0.080078,-0.10986,-0.060059,-0.029785,0.0048828,0.090332,0.13525,0.044922,0.040039,0.084961,0.015137,0.064941,0.095215,0.125,0.095215,0.14502,0.064941,0.125,0.11523,0.14014,0.070313,0.044922,0.095215,0.16016,0.095215,0.080078,0.14014,0.095215,0.12012,0.17529,0.23486,0.16504,0.17529,0.18506,0.2002,0.18506,0.16504,0.18994,0.33496,0.24512,0.12012,0.16016,0.27002,0.30029,0.22998,0.21484,0.33008,0.34521,0.28516,0.28027,0.31006,0.28516,0.22021,0.17529,0.090332,0.080078,0.084961,0.070313,0.055176,0.095215,0.10498,0.064941,0.015137,0.1499,0.46484,1.0601,1.5,1.5,0.95996,0.375,0.1001,0.040039,0.0048828,-0.044922,-0.089844,-0.094727,0.0048828,-0.089844,-0.044922,0.015137,0.035156,-0.060059,0.0048828,0.015137,0.044922,0.035156,0.12988,0.044922,0.024902,0.035156,0.12012,0.16504,0.10986,0.095215,0.1499,0.19531,0.125,0.14502,0.13525,0.14014,0.084961,0.070313,0.095215,0.13525,0.11523,0.2002,0.14502,0.16992,0.22998,0.19531,0.20996,0.16504,0.18506,0.18994,0.25,0.2749,0.15527,0.14014,0.22998,0.26025,0.2251,0.24023,0.2749,0.24023,0.33984,0.3252,0.37012,0.375,0.2749,0.22998,0.18506,0.14014,0.12012,0.044922,0.075195,0.060059,0.1001,0.080078,0.070313,0.1001,0.10498,0.030273,0.35498,0.99512,1.5,1.5,1.0649,0.33008,0.10986,0.080078,0.044922,-0.02002,-0.069824,-0.084961,-0.024902,0.044922,-0.024902,-0.049805,0.070313,0.02002,-0.044922,0.010254,0.040039,0.095215,0.13525,0.090332,0.060059,0.055176,0.015137,0.10498,0.15527,0.11523,0.084961,0.15527,0.125,0.2002,0.16992,0.19531,0.11523,0.075195,0.125,0.084961,0.080078,0.22021,0.22998,0.15527,0.2002,0.12988,0.20996,0.18994,0.2002,0.15527,0.18994,0.23486,0.24512,0.25,0.2251,0.33008,0.25488,0.2251,0.26025,0.27002,0.24512,0.30518,0.3501,0.41016,0.29492,0.2251,0.22998,0.17529,0.14014,0.084961,0.040039,0.060059,0.10986,0.075195,0.10986,0.070313,-0.0048828,0.1001,0.29004,0.77002,1.4897,1.5,1.355,0.5,0.15527,0.095215,0.12012,-0.014648,-0.044922,-0.049805,-0.029785,-0.0097656,-0.040039,0.02002,0.010254,-0.02002,-0.0097656,0.070313,0.075195,0.10498,0.064941,0.084961,0.11523,0.060059,0.095215,0.084961,0.12988,0.18018,0.12012,0.11523,0.21484,0.14014,0.125,0.12012,0.14014,0.10498,0.11523,0.1499,0.14502,0.15527,0.12988,0.17529,0.16016,0.20508,0.25488,0.19531,0.22021,0.23486,0.2002,0.18994,0.2251,0.18506,0.2002,0.25488,0.2749,0.24512,0.26514,0.25488,0.31494,0.31006,0.36523,0.31982,0.28516,0.33496,0.21484,0.11523,0.1001,0.11523,0.10986,0.13525,0.050293,0.080078,0.11523,0.10498,0.030273,0.024902,0.20996,0.6748,1.3398,1.5,1.4746,0.65479,0.18506,0.1001,0.060059,0.0048828,0.015137,-0.089844,-0.10986,-0.040039,-0.034668,-0.040039,0.030273,-0.049805,0.11523,0.125,-0.02002,0.055176,0.14502,0.070313,0.040039,0.14014,0.084961,0.125,0.14502,0.12988,0.14014,0.125,0.16504,0.15527,0.18506,0.125,0.1499,0.10986,0.10498,0.12988,0.16992,0.19531,0.26514,0.090332,0.084961,0.2251,0.28027,0.16504,0.20996,0.25488,0.27002,0.25,0.18994,0.17529,0.2002,0.25,0.27002,0.3501,0.33496,0.29492,0.2749,0.39502,0.41504,0.31494,0.3252,0.31006,0.29004,0.3252,0.18994,0.040039,0.035156,0.125,0.12988,0.080078,0.10498,0.055176,-0.0048828,-0.014648,0.20508,0.60986,1.3647,1.5,1.4199,0.54492,0.19531,0.044922,0.015137,-0.024902,-0.014648,-0.069824,-0.080078,-0.029785,-0.040039,-0.029785,0.024902,0.050293,0.16992,0.14014,0.044922,0.030273,0.060059,0.18018,0.2251,0.1001,0.02002,0.055176,0.095215,0.12988,0.14014,0.16992,0.2002,0.22998,0.25,0.29004,0.31982,0.1001,0.095215,0.090332,0.12988,0.15527,0.18994,0.22998,0.24512,0.2251,0.30029,0.16016,0.1499,0.2251,0.23486,0.18994,0.20508,0.12988,0.17529,0.16992,0.22021,0.24512,0.2749,0.2251,0.2251,0.28027,0.37012,0.37988,0.43018,0.38525,0.31006,0.18018,0.1499,0.10498,0.080078,0.19531,0.2251,0.10498,0.040039,0.070313,0.050293,0.060059,0.13525,0.41016,0.99512,1.5,1.5,0.89014,0.26025,0.084961,0.064941,0.075195,0.044922,-0.024902,-0.084961,-0.060059,-0.024902,0.044922,0.050293,-0.044922,0.010254,0.040039,-0.0097656,0.084961,0.090332,0.050293,0.080078,0.070313,0.080078,0.084961,0.075195,0.10986,0.12988,0.10986,0.095215,0.13525,0.084961,0.055176,0.18018,0.070313,0.035156,0.10986,0.13525,0.1499,0.10986,0.12988,0.10498,0.1499,0.19531,0.14502,0.25,0.26025,0.16504,0.20996,0.14502,0.21484,0.18994,0.24023,0.14014,0.13525,0.18994,0.22998,0.20508,0.2002,0.22021,0.31006,0.39014,0.31006,0.3252,0.30518,0.24512,0.22998,0.16992,0.10498,0.060059,0.055176,0.10986,0.024902,0.080078,0.075195,0.040039,0.060059,0.16504,0.5,1.145,1.5,1.5,1.0449,0.40479,0.18018,0.060059,-0.054688,-0.064941,-0.014648,-0.034668,-0.014648,-0.049805,0,-0.0097656,0.024902,0,0.044922,-0.049805,-0.064941,0.010254,0.0048828,0.035156,0.050293,0.060059,0.080078,0.10986,0.16016,0.24023,0.36523,0.41016,0.1001,-0.080078,0.030273,0.055176,-0.0048828,0.010254,0.040039,0.075195,0.10498,0.12988,0.14502,0.18018,0.20996,0.2002,0.2251,0.28027,0.375,0.39502,0.24512,0.18506,0.084961,0.090332,0.060059,0.1001,0.14502,0.18994,0.21484,0.22998,0.24512,0.30029,0.36523,0.43506,0.50488,0.52979,0.24023,0.12012,0.084961,0.060059,0.055176,0.064941,0.070313,0.055176,0.12988,0.075195,0.14502,0.17529,0,0.040039,0.28027,0.85498,1.5,1.5,1.2349,0.43994,0.18018,0.14014,0.035156,0.030273,-0.049805,-0.084961,-0.099609,-0.10498,-0.080078,-0.069824,0,0.030273,0.055176,0.1001,-0.014648,-0.029785,0.044922,0.060059,0.18506,0.20508,0.055176,0.010254,0.090332,0.1001,0.02002,0.10498,0.070313,0.12988,0.17529,0.18018,0.10498,0.10498,0.14502,0.16992,0.10498,0.12012,0.080078,0.13525,0.17529,0.14502,0.14014,0.2002,0.19531,0.2251,0.24512,0.26025,0.17529,0.19531,0.22998,0.18018,0.27002,0.2002,0.25,0.2251,0.23486,0.27002,0.37012,0.4502,0.36523,0.30029,0.30518,0.24023,0.10498,0.080078,0.1499,0.11523,0.030273,0.10986,0.11523,0.035156,0.095215,0.030273,0.044922,0.2749,0.7749,1.4897,1.5,1.3447,0.50977,0.15527,0.125,0.070313,0.010254,-0.034668,-0.0097656,-0.054688,-0.02002,-0.044922,-0.0048828,0.024902,0.035156,-0.0097656,-0.014648,0.050293,0.14502,0.15527,0.090332,0.030273,0.015137,0.125,0.18994,0.14014,0.10498,0.13525,0.19531,0.13525,0.16016,0.18994,0.10986,0.1001,0.16504,0.20508,0.080078,0.090332,0.1001,0.18994,0.2251,0.24512,0.26025,0.27002,0.22998,0.22021,0.18506,0.18994,0.22998,0.26025,0.24023,0.2002,0.31006,0.25488,0.16504,0.25,0.27002,0.28027,0.33008,0.36523,0.44482,0.37012,0.34521,0.23486,0.17529,0.2002,0.21484,0.11523,0.12988,0.095215,0.12988,0.10986,0.10498,0.10986,0.070313,0.044922,0.5249,1.1299,1.5,1.5,0.93506,0.34521,0.16992,0.10986,0,-0.034668,-0.084961,-0.069824,-0.060059,-0.034668,-0.054688,0,0.050293,0.040039,0.010254,0.040039,0.075195,0.12988,0.090332,0.125,0.14014,0.14502,0.1001,0.15527,0.17529,0.14502,0.18994,0.20508,0.1499,0.13525,0.17529,0.10498,0.12988,0.12988,0.18018,0.19531,0.12988,0.12988,0.18018,0.12988,0.12012,0.24512,0.2002,0.19531,0.23486,0.24512,0.22021,0.16016,0.21484,0.18994,0.16016,0.23486,0.20508,0.24023,0.14014,0.23486,0.33496,0.35986,0.26025,0.29004,0.24512,0.20996,0.16016,0.12988,0.02002,-0.02002,0.02002,0.050293,0.060059,0,0.075195,0.055176,0,-0.0097656,0.3501,0.95996,1.5,1.5,1.0098,0.35498,0.125,0.080078,0.064941,0.11523,0.050293,0.015137,-0.0048828,0.035156,0.10498,0.17529,0.19531,0.064941,0.11523,0.12988,0.055176,0.14014,0.16504,0.125,0.10498,0.1499,0.1001,0.20508,0.28516,0.2251,0.18994,0.11523,0.090332,0.16992,0.13525,0.10498,0.14502,0.18018,0.21484,0.28027,0.22998,0.2002,0.22021,0.18018,0.16504,0.25,0.31982,0.2749,0.28516,0.21484,0.084961,0.035156,0.17529,0.20996,0.16504,0.14502,0.12988,0.2002,0.20996,0.1499,0.25488,0.24512,0.31494,0.30518,0.31006,0.24512,0.22998,0.23486,0.12988,0.12012,0.1001,0.10986,0.035156,0.075195,0.055176,0.095215,0.1499,0.15527,0.084961,0.16992,0.50977,1.2148,1.5,1.5,0.84473,0.31982,0.1001,0.050293,0.064941,-0.0048828,-0.034668,-0.054688,0.02002,0.050293,-0.040039,-0.060059,0.070313,-0.0097656,-0.029785,-0.040039,0.024902,0.0048828,0.11523,0.16992,0.070313,0.015137,0.024902,0.0048828,0.060059,0.055176,0.12988,0.11523,0.14502,0.2251,0.16504,0.14502,0.125,0.1001,0.20508,0.21484,0.10498,0.125,0.14502,0.13525,0.20996,0.23486,0.17529,0.15527,0.25,0.26025,0.19531,0.18506,0.2002,0.20996,0.22021,0.17529,0.20996,0.21484,0.24512,0.20996,0.30518,0.31494,0.39014,0.3999,0.375,0.2749,0.29492,0.24512,0.21484,0.23486,0.070313,0.1001,0.060059,0.050293,0.11523,0.015137,0.064941,0.070313,0.010254,0.24023,0.69482,1.3296,1.5,1.5,0.62012,0.1499,0.080078,0.075195,-0.014648,-0.024902,0.024902,-0.094727,-0.064941,-0.040039,-0.029785,0.040039,0.084961,0.10498,-0.014648,-0.0097656,0.040039,0.075195,-0.084961,-0.089844,0.0048828,0.010254,-0.040039,0.070313,0.0048828,0.040039,0.075195,0.13525,0.16016,0.15527,0.21484,0.125,0.075195,0.16992,0.19531,0.11523,0.26514,0.17529,0.0048828,0.035156,0.125,0.1499,0.19531,0.20996,0.21484,0.20508,0.25,0.25488,0.30029,0.33008,0.2251,0.14502,0.19531,0.22021,0.2002,0.27002,0.31494,0.38525,0.3999,0.33984,0.3252,0.29492,0.30518,0.2251,0.15527,0.125,0.084961,0.080078,0.10498,0.095215,0.12012,0.18018,0.084961,0.024902,0.21484,0.70996,1.4097,1.5,1.4248,0.6001,0.23486,0.14502,0.12988,0.095215,0.015137,-0.034668,-0.02002,0,0.044922,0.015137,-0.074707,-0.080078,0.055176,0.030273,0.095215,0.10498,0.070313,0.064941,0.060059,0.050293,0.1499,0.15527,0.080078,0.21484,0.24023,0.10986,0.1001,0.1499,0.13525,0.17529,0.16992,0.125,0.1499,0.14014,0.1499,0.23486,0.19531,0.18506,0.20996,0.28516,0.30518,0.24512,0.26025,0.22998,0.2002,0.2251,0.20508,0.2002,0.27002,0.24512,0.26025,0.25,0.26025,0.25,0.30518,0.35986,0.39502,0.49023,0.38525,0.31494,0.28516,0.24512,0.25,0.080078,0.125,0.10498,0.090332,0.1001,0.040039,0.1001,0.080078,0.015137,0.0048828,0.35498,0.94482,1.5,1.5,1.105,0.41504,0.16016,0.030273,-0.0048828,0.030273,-0.044922,-0.034668,-0.049805,0.024902,-0.044922,-0.049805,0.064941,0.02002,0.010254,0.070313,0.075195,0.055176,0.14502,0.15527,0.084961,0.060059,0.12988,0.10498,0.18994,0.23486,0.13525,0.12988,0.20996,0.2002,0.24023,0.16504,0.14014,0.16992,0.15527,0.20508,0.22998,0.24023,0.25488,0.31006,0.16504,0.12988,0.19531,0.23486,0.20996,0.26514,0.27002,0.20996,0.16016,0.25,0.30029,0.20508,0.20996,0.2002,0.29492,0.30029,0.26514,0.30029,0.28516,0.31982,0.30029,0.33496,0.34521,0.26514,0.33496,0.18018,0.1001,0.095215,0.28516,0.29004,0.040039,0.075195,0.16016,0.18506,0.030273,0.22021,0.55518,1.1001,1.5,1.5,0.82471,0.25,0.16992,0.060059,0.040039,0.084961,-0.029785,-0.054688,-0.014648,-0.044922,0.064941,0.044922,-0.049805,-0.080078,-0.029785,0.044922,0.10498,0.1499,0.16992,0.035156,0.055176,0.070313,0.064941,0.11523,0.18506,0.25,0.15527,0.16992,0.14014,0.084961,0.12988,0.2002,0.15527,0.125,0.10986,0.10498,0.18994,0.15527,0.14014,0.19531,0.22021,0.16992,0.16504,0.2251,0.23486,0.17529,0.15527,0.22998,0.17529,0.16992,0.20508,0.16504,0.20996,0.26025,0.16016,0.2002,0.24512,0.2002,0.28516,0.35986,0.29492,0.2749,0.29004,0.2002,0.18994,0.16504,0.1499,0.10986,0.080078,0.084961,0.1499,0.15527,0.1001,0.030273,0.055176,0.1001,0.030273,0.43018,1.0801,1.5,1.5,1.0347,0.40479,0.18506,0.055176,0,-0.040039,-0.02002,-0.034668,-0.0097656,-0.034668,-0.060059,0.075195,0.090332,-0.060059,-0.0048828,0.030273,0.084961,0.12012,0.084961,0.060059,0.12012,0.050293,0.12012,0.20508,0.13525,0.1001,0.090332,0.12988,0.2002,0.13525,0.10986,0.17529,0.125,0.14014,0.12012,0.14014,0.090332,0.14502,0.12988,0.19531,0.2251,0.18994,0.15527,0.17529,0.2002,0.21484,0.22021,0.26514,0.18018,0.14502,0.26514,0.14014,0.20996,0.2002,0.15527,0.23486,0.2749,0.2251,0.19531,0.30029,0.39014,0.50488,0.44482,0.22998,0.075195,0.064941,0.10498,0.075195,0.02002,0.060059,0.084961,0.10986,0.064941,0.084961,0.035156,-0.02002,0.095215,0.4502,1.1851,1.5,1.5,1.1899,0.24023,-0.069824,-0.080078,-0.084961,-0.12988,-0.089844,-0.060059,-0.029785,-0.0097656,0.024902,0.050293,0.060059,0.02002,0.1001,0.10498,0.064941,0.13525,0.14502,0.050293,-0.044922,-0.0097656,0.015137,0.070313,0.080078,0.10986,0.14502,0.18994,0.19531,0.1499,0.18994,0.14014,0.064941,0.10986,0.1499,0.10986,0.1001,0.16016,0.11523,0.13525,0.12988,0.20508,0.25488,0.18506,0.16992,0.16016,0.22998,0.24512,0.18018,0.20508,0.25488,0.28027,0.21484,0.095215,0.14502,0.2251,0.18994,0.24023,0.29492,0.28027,0.27002,0.30029,0.33008,0.27002,0.22021,0.16504,0.080078,0.1499,0.11523,0.015137,0.090332,0.075195,0.055176,0.050293,0.055176,-0.024902,0.18994,0.6499,1.2749,1.5,1.5,0.68994,0.2002,0.080078,0.055176,0.070313,-0.064941,-0.10986,-0.099609,-0.074707,-0.024902,0.030273,-0.014648,-0.024902,0.064941,0.030273,0.024902,0.090332,0.125,0.060059,0.070313,0.055176,0.080078,0.1001,0.084961,0.15527,0.18506,0.14014,0.14502,0.20996,0.21484,0.10986,0.14014,0.18018,0.14502,0.1499,0.084961,0.080078,0.15527,0.19531,0.16016,0.23486,0.22021,0.20508,0.15527,0.2002,0.21484,0.27002,0.2251,0.20508,0.24512,0.31006,0.26025,0.22998,0.22021,0.22998,0.28027,0.31494,0.28027,0.3252,0.3252,0.27002,0.2749,0.24512,0.18018,0.14502,0.095215,0.080078,0.084961,0.060059,0.075195,0.0048828,-0.014648,0.060059,0,-0.034668,0.13525,0.66016,1.3848,1.5,1.4448,0.60498,0.18994,0.084961,0.035156,-0.040039,-0.034668,-0.024902,-0.040039,-0.014648,0.095215,0.1001,-0.029785,0.0048828,0.035156,0.060059,0.084961,0.15527,0.17529,0.15527,0.10498,0.095215,0.12988,0.080078,0.1499,0.17529,0.16504,0.20508,0.21484,0.18506,0.19531,0.20996,0.23486,0.28516,0.18506,0.15527,0.17529,0.19531,0.14502,0.13525,0.25488,0.21484,0.18018,0.26025,0.28027,0.18994,0.14502,0.18994,0.22998,0.2002,0.2002,0.20996,0.33008,0.35498,0.18994,0.16992,0.2749,0.19531,0.30518,0.27002,0.26514,0.31006,0.31494,0.22998,0.17529,0.17529,0.16016,0.17529,0.15527,0.12988,0.10986,0.14502,0.024902,0.010254,0.060059,0.19531,0.5249,1.1997,1.5,1.5,0.83008,0.30518,0.125,0.090332,0.080078,-0.049805,-0.099609,-0.10986,0.02002,0,0.030273,-0.014648,0,0.035156,0.040039,0.11523,0.14502,0.11523,0.080078,0.090332,0.12988,0.12988,0.16992,0.050293,0.035156,0.11523,0.1001,0.2251,0.12988,0.070313,0.1001,0.12988,0.1499,0.16016,0.125,0.20996,0.13525,0.15527,0.10498,0.18994,0.20508,0.14014,0.16504,0.16016,0.2251,0.18506,0.18994,0.20996,0.26025,0.29492,0.30518,0.2251,0.19531,0.22998,0.19531,0.18506,0.22998,0.2749,0.28516,0.31982,0.28516,0.2749,0.31006,0.24512,0.16504,0.125,0.1499,0.090332,0.060059,0.070313,0.035156,0.02002,0.095215,0.12012,0.02002,0.17529,0.52979,1.21,1.5,1.5,0.85986,0.37012,0.15527,-0.034668,-0.060059,-0.080078,-0.10986,-0.029785,-0.0097656,-0.080078,-0.0048828,0.075195,0.064941,0.055176,0.095215,0.10498,0.070313,0,0.030273,0.015137,0.060059,0.044922,0.12012,0.1499,0.075195,0.14502,0.22021,0.16992,0.19531,0.16016,0.16504,0.080078,0.090332,0.055176,0.12988,0.12012,0.12988,0.13525,0.20508,0.22021,0.2002,0.27002,0.30518,0.18994,0.27002,0.20508,0.24512,0.14502,0.12988,0.18018,0.21484,0.25488,0.28027,0.24512,0.30518,0.33496,0.26514,0.36523,0.25,0.22998,0.40479,0.44482,0.22021,0.064941,0.18506,0.31494,0.13525,0.024902,0.060059,-0.02002,0.010254,0.050293,-0.024902,0,0.19531,0.76514,1.4297,1.5,1.5,0.66504,0.2002,0.024902,0.010254,-0.024902,-0.040039,-0.044922,0.024902,0.14014,0.16504,0.060059,-0.0097656,0.030273,-0.080078,-0.099609,0,0.02002,0.090332,0.10498,0.10498,0.12988,0.1001,0.080078,0.16504,0.14014,0.12988,0.17529,0.13525,0.16992,0.16016,0.22998,0.075195,0.12012,0.064941,0.125,0.16992,0.24512,0.14014,0.1499,0.14014,0.19531,0.22021,0.22998,0.20996,0.2002,0.2749,0.25,0.16504,0.18994,0.26514,0.21484,0.2251,0.22021,0.30518,0.34521,0.36523,0.3252,0.4248,0.40479,0.43018,0.34521,0.24512,0.25488,0.18018,0.064941,0.055176,0.14502,0.095215,0.1001,0.095215,0.12988,0.1001,0.040039,0.12012,0.4502,0.99512,1.5,1.5,1.0547,0.39502,0.13525,0.040039,-0.029785,-0.069824,-0.060059,-0.080078,-0.044922,-0.084961,-0.034668,0.0048828,0.010254,-0.02002,-0.060059,-0.029785,0.050293,0.10986,0.125,0.15527,0.080078,0.090332,0.035156,0.1499,0.18506,0.11523,0.095215,0.16992,0.14014,0.12988,0.17529,0.125,0.080078,0.15527,0.10986,0.1499,0.17529,0.20508,0.2002,0.22021,0.2749,0.20508,0.17529,0.26514,0.28027,0.22998,0.25488,0.25,0.20508,0.22998,0.20508,0.18506,0.20508,0.22998,0.29492,0.28027,0.33008,0.38525,0.41992,0.33984,0.3501,0.26514,0.16504,0.16016,0.2002,0.22998,0.055176,0.044922,0.080078,0.035156,0.10498,0.055176,-0.024902,-0.034668,0.24023,0.82471,1.5,1.5,1.1748,0.45508,0.18018,0.010254,-0.029785,0.035156,-0.040039,-0.0048828,-0.060059,-0.0048828,-0.02002,0.010254,0.060059,0.044922,0.070313,0.060059,0.11523,0.16992,0.18994,0.095215,0.125,0.14014,0.1499,0.11523,0.125,0.060059,0.10498,0.095215,0.090332,0.125,0.10498,0.14014,0.16016,0.14502,0.16016,0.075195,0.095215,0.10498,0.1001,0.1499,0.12012,0.18018,0.2002,0.12988,0.12988,0.12988,0.1499,0.125,0.17529,0.24512,0.18506,0.20508,0.16016,0.2002,0.25,0.28027,0.31494,0.3501,0.35498,0.31982,0.27002,0.28516,0.14014,0.095215,0.060059,0.125,0.12012,0.1499,0.070313,0.060059,0.095215,0.10986,0.015137,0.16992,0.51514,1.1196,1.5,1.5,0.85986,0.27002,0.10986,0.14014,0.055176,0.035156,0.070313,-0.0097656,0.02002,0.040039,0.070313,0.090332,0.060059,0.075195,0.1001,0.070313,0.15527,0.18506,0.125,0.14014,0.12012,0.13525,0.12988,0.16504,0.15527,0.22021,0.25,0.20508,0.25488,0.29004,0.21484,0.19531,0.17529,0.16992,0.20508,0.19531,0.23486,0.22998,0.24023,0.20508,0.22998,0.19531,0.21484,0.29492,0.31494,0.125,0.16504,0.24023,0.26514,0.18994,0.24023,0.18506,0.16016,0.17529,0.33008,0.22021,0.18994,0.22021,0.29004,0.31982,0.28027,0.22998,0.21484,0.24023,0.125,0.070313,0.095215,0.13525,0.15527,0.070313,0.010254,0.055176,0.095215,0.010254,0.0048828,0.41016,1.1348,1.5,1.5,1.0049,0.41504,0.17529,0.064941,-0.02002,-0.089844,-0.064941,-0.10498,-0.074707,0,0.010254,0.044922,0.070313,0.0048828,0,0.060059,0.010254,0.12012,0.14014,0.070313,0.1001,0.060059,0.090332,0.10498,0.14502,0.16504,0.14502,0.2002,0.13525,0.12012,0.095215,0.12988,0.12012,0.084961,0.125,0.16992,0.12012,0.084961,0.1001,0.15527,0.22998,0.24512,0.2002,0.18018,0.25,0.2251,0.20508,0.17529,0.26025,0.25,0.18994,0.16016,0.18994,0.26514,0.24023,0.22998,0.30029,0.44482,0.47021,0.31006,0.27002,0.28516,0.25,0.2002,0.16504,0.11523,0.095215,0.10986,0.075195,0.075195,0.060059,0.16016,0.16504,0.055176,0.084961,0.38525,0.9248,1.5,1.5,1.1099,0.45508,0.16504,0.030273,0,-0.084961,-0.074707,-0.014648,-0.049805,0.010254,0.015137,0.060059,0.050293,0.095215,0.1499,0.075195,-0.084961,-0.024902,0,0.060059,0.015137,0.040039,0.11523,0.18506,0.12012,0.064941,0.095215,0.11523,0.16016,0.18506,0.2002,0.16504,0.25,0.16016,0.060059,0.17529,0.25488,0.125,0.090332,0.075195,0.20508,0.17529,0.18994,0.10498,0.1499,0.18018,0.16504,0.22021,0.19531,0.27002,0.22021,0.19531,0.24023,0.27002,0.20508,0.28516,0.35498,0.31982,0.33496,0.35986,0.30518,0.22998,0.16016,0.17529,0.095215,0.060059,0.044922,0.055176,0.044922,0.060059,0.030273,0.070313,0.010254,-0.0048828,0.23486,0.66016,1.3398,1.5,1.5,0.6748,0.25488,0.0048828,-0.040039,-0.024902,-0.024902,-0.069824,-0.089844,-0.064941,-0.0097656,-0.014648,0.02002,0.064941,0.080078,-0.014648,0.0048828,0.030273,0.075195,0.1001,0.090332,0.084961,0.11523,0.1001,0.12988,0.25488,0.30029,0.40479,0.18018,0.075195,0.050293,0.035156,0.02002,0.024902,0.010254,0.080078,0.10498,0.14502,0.1499,0.16992,0.17529,0.20508,0.21484,0.22998,0.24512,0.22998,0.2251,0.26025,0.31494,0.18018,0.14502,0.2749,0.31982,0.22021,0.21484,0.26025,0.31982,0.36523,0.34521,0.37012,0.3252,0.23486,0.21484,0.22998,0.10986,0.080078,0.125,0.040039,0.035156,0.10498,0.075195,0.064941,0.055176,0.040039,0.13525,0.58984,1.2197,1.5,1.5,0.75,0.23486,0.11523,0.075195,0.044922,0,-0.049805,-0.060059,-0.099609,-0.10498,-0.0048828,0.010254,-0.0097656,0.035156,0.02002,0.010254,0.075195,0.044922,0.050293,0.010254,-0.0048828,0.040039,0.035156,0.13525,0.11523,0.17529,0.10498,0.060059,0.090332,0.16504,0.15527,0.18994,0.17529,0.20996,0.24512,0.12988,0.12012,0.16504,0.19531,0.24023,0.2749,0.2251,0.26514,0.2251,0.2002,0.17529,0.19531,0.24512,0.21484,0.2002,0.2251,0.24512,0.22021,0.21484,0.2749,0.31982,0.30518,0.34521,0.36523,0.26514,0.2749,0.27002,0.29004,0.19531,0.12988,0.12012,0.125,0.16504,0.17529,0.11523,0.13525,0.1499,0.090332,0.010254,0.16504,0.61475,-0.054688,-0.040039,-0.02002,-0.0048828,0.050293,0.12988,0.02002,0.010254,0.044922,0.035156,0.060059,0.035156,0.064941,0.080078,0.14014,0.1499,0.125,0.16016,0.17529,0.125,0.14502,0.15527,0.13525,0.16016,0.19531,0.084961,0.075195,0.15527,0.1499,0.16992,0.12988,0.16504,0.18506,0.2251,0.20996,0.2251,0.26025,0.29492,0.22998,0.29492,0.25488,0.17529,0.10986,0.16504,0.2251,0.21484,0.24512,0.2251,0.27002,0.29004,0.30029,0.33008,0.36523,0.29004,0.25488,0.27002,0.14014,0.090332,0.055176,0.060059,0.055176,0.015137,-0.0097656,0.010254,0.064941,-0.0097656,-0.040039,0.21484,0.68018,1.355,1.5,1.29,0.54492,0.14502,-0.024902,-0.060059,-0.040039,-0.040039,-0.034668,-0.040039,0,0.035156,-0.054688,-0.014648,0.010254,0.030273,0.0048828,0.090332,0.10986,0.064941,0.1001,0.10986,0.12012,0.095215,0.090332,0.125,0.11523,0.25,0.21484,0.18506,0.20996,0.17529,0.2002,0.2002,0.23486,0.16992,0.1499,0.21484,0.19531,0.16504,0.19531,0.21484,0.22998,0.21484,0.25488,0.26514,0.19531,0.18018,0.20508,0.2251,0.2749,0.29004,0.1499,0.20508,0.18994,0.21484,0.22021,0.2002,0.17529,0.26514,0.3252,0.38525,0.35986,0.38525,0.25488,0.19531,0.17529,0.12012,0.125,0.12988,0.11523,0.16016,0.125,0.1001,0.084961,0.10498,0.055176,0.39014,1.0298,1.5,1.5,1.02,0.33496,0.040039,-0.0048828,0.035156,0.040039,0.0048828,-0.02002,0.035156,0.064941,-0.024902,-0.040039,-0.029785,-0.034668,0.0048828,0.095215,0.1001,0.070313,0.10498,0.10986,0.090332,0.060059,0.075195,0.070313,0.125,0.15527,0.18994,0.2251,0.095215,0.055176,0.044922,0.080078,0.10498,0.125,0.14502,0.12988,0.16504,0.12012,0.16504,0.26514,0.30029,0.15527,0.14014,0.13525,0.18506,0.1499,0.18018,0.30518,0.20996,0.13525,0.125,0.22998,0.1499,0.1499,0.16504,0.1499,0.16016,0.25,0.2749,0.375,0.43506,0.44482,0.29492,0.25,0.30518,0.18506,0.1499,0.17529,0.02002,0.064941,0.090332,0.080078,0.16504,0.14502,0.084961,0.030273,0.21484,0.56982,1.2446,1.5,1.5,0.83496,0.31006,0.080078,-0.034668,-0.060059,-0.0097656,-0.034668,0.02002,0.030273,-0.074707,0.080078,0.015137,-0.060059,0.015137,0.050293,0.044922,0.075195,0.084961,0.12988,0.14502,0.070313,0.02002,0.14014,0.19531,0.15527,0.10498,0.070313,0.11523,0.14502,0.15527,0.12012,0.15527,0.21484,0.125,0.075195,0.13525,0.15527,0.17529,0.18018,0.2251,0.16992,0.14014,0.20996,0.23486,0.22021,0.28516,0.19531,0.18018,0.2251,0.25488,0.13525,0.10986,0.19531,0.2002,0.18018,0.24512,0.22021,0.21484,0.28516,0.35498,0.44482,0.33008,0.29492,0.30029,0.18994,0.14014,0.070313,0.02002,0.060059,0.064941,0.095215,0.1001,0.070313,0.090332,0.024902,-0.0097656,0.24023,0.75977,1.5,1.5,1.395,0.50488,0.2002,0.0048828,0.030273,-0.024902,-0.099609,-0.064941,-0.024902,-0.080078,-0.02002,0.024902,0.055176,-0.044922,-0.049805,0.035156,0.080078,0.095215,0.035156,0.084961,0.055176,0.095215,0.064941,0.060059,0.080078,0.15527,0.13525,0.1499,0.14014,0.1499,0.1499,0.16992,0.14014,0.064941,0.125,0.18018,0.2002,0.084961,0.1499,0.10498,0.16992,0.24512,0.29004,0.14014,0.125,0.18994,0.24023,0.19531,0.2002,0.16504,0.17529,0.25,0.18018,0.13525,0.16504,0.24023,0.31494,0.33984,0.24512,0.31494,0.35986,0.31006,0.25488,0.26514,0.22021,0.16016,0.080078,0.050293,0.040039,0.13525,0.050293,0.02002,0.050293,0.16016,0.18994,-0.0048828,0.1499,0.6001,1.2749,1.5,1.5,0.65479,0.21484,0.080078,0.030273,0.035156,-0.024902,-0.054688,-0.034668,-0.014648,0.0048828,0.010254,0.0048828,0.024902,-0.0097656,0.035156,0.070313,0.050293,0.10498,0.13525,0.080078,0.12012,0.1001,0.080078,0.075195,0.12988,0.16504,0.19531,0.15527,0.1499,0.14502,0.18018,0.11523,0.095215,0.17529,0.20508,0.15527,0.11523,0.10498,0.15527,0.21484,0.24023,0.21484,0.19531,0.22998,0.26025,0.22021,0.25,0.2002,0.2251,0.26025,0.27002,0.20996,0.24512,0.26025,0.20508,0.2002,0.24023,0.30029,0.34521,0.35498,0.30029,0.31494,0.27002,0.16016,0.070313,0.035156,0.080078,0.055176,0.075195,0.030273,-0.029785,0.02002,0.084961,0.02002,-0.0048828,0.30518,0.73486,1.48,1.5,1.2646,0.4502,0.11523,0.055176,0.015137,0.044922,-0.024902,-0.02002,-0.034668,-0.0097656,0.044922,0.070313,-0.014648,0.035156,0.024902,0.070313,0.080078,0.14014,0.14502,0.064941,0.11523,0.10986,0.095215,0.125,0.14502,0.18018,0.16992,0.16016,0.20996,0.1499,0.18994,0.17529,0.22021,0.17529,0.19531,0.16992,0.16016,0.25,0.27002,0.15527,0.22021,0.20508,0.2002,0.25,0.20508,0.24023,0.2002,0.20996,0.17529,0.21484,0.24023,0.24512,0.22021,0.2002,0.22021,0.25,0.20508,0.21484,0.31006,0.35498,0.31494,0.3252,0.28516,0.23486,0.1499,0.12988,0.14502,0.12988,0.17529,0.13525,0.095215,0.075195,0.075195,0.10498,0.050293,0.125,0.47998,1.1997,1.5,1.5,0.86475,0.24023,0.13525,0.16016,0.055176,-0.034668,-0.099609,-0.10498,-0.0097656,0.064941,0.075195,-0.02002,-0.060059,0.0048828,-0.0097656,0.10986,0.12012,0.095215,0.075195,0.10498,0.10986,0.095215,0.080078,0.064941,0.1001,0.12988,0.2002,0.2251,0.19531,0.12988,0.16992,0.14502,0.125,0.16992,0.19531,0.16992,0.16504,0.16992,0.1499,0.2002,0.18506,0.21484,0.25488,0.22021,0.26514,0.22998,0.21484,0.2002,0.20996,0.2002,0.16504,0.18018,0.18994,0.1499,0.19531,0.24023,0.24512,0.2251,0.25,0.24512,0.38525,0.30518,0.28516,0.25488,0.19531,0.2002,0.080078,0.12012,0.090332,0.064941,0.090332,0.10986,0.084961,0.090332,0.080078,0.12988,0.095215,0.69482,1.3999,1.5,1.5,0.71973,0.2749,0.12012,0.075195,0.030273,0.0048828,-0.10498,-0.12988,-0.040039,0.010254,0.010254,0.035156,0.024902,0.0048828,-0.024902,0.064941,0.080078,0.044922,0.090332,0.12012,0.075195,0.070313,0.125,0.10498,0.1001,0.18018,0.12988,0.12988,0.16016,0.125,0.14014,0.11523,0.084961,0.070313,0.11523,0.15527,0.12988,0.11523,0.16016,0.15527,0.26514,0.18994,0.16504,0.125,0.20508,0.15527,0.1499,0.19531,0.20996,0.22021,0.2251,0.14014,0.12012,0.22998,0.20508,0.24512,0.28027,0.29492,0.35498,0.33984,0.31494,0.28027,0.2002,0.19531,0.16504,0.10986,0.075195,0.060059,0.1001,0.075195,0.030273,0.064941,0.070313,-0.014648,0.080078,0.3252,0.90967,1.5,1.5,1.145,0.375,0.125,0.035156,0.064941,-0.054688,-0.044922,-0.074707,-0.10498,-0.064941,0.024902,-0.014648,0,-0.0048828,0.010254,0.030273,0.035156,0.080078,0.060059,0.084961,0.12012,0.13525,0.040039,0.064941,0.080078,0.080078,0.13525,0.16504,0.1499,0.24023,0.1499,0.075195,0.13525,0.12012,0.060059,0.090332,0.17529,0.18018,0.1499,0.19531,0.20508,0.14502,0.22998,0.26025,0.22998,0.19531,0.24023,0.22021,0.20508,0.11523,0.090332,0.14014,0.16992,0.19531,0.22998,0.23486,0.24023,0.29004,0.3501,0.5249,0.37988,0.35498,0.28027,0.23486,0.084961,0,-0.014648,0.030273,0,0.015137,0.040039,0.055176,0.060059,0.064941,0.0048828,0.12988,0.56006,1.1997,1.5,1.5,0.85498,0.26025,0.044922,0.015137,0.050293,0.02002,-0.074707,-0.10498,-0.044922,-0.060059,-0.044922,-0.034668,-0.029785,0,0.015137,0.010254,0.060059,0.080078,0.10498,0.080078,0.080078,0.080078,0.075195,0.084961,0.14014,0.16016,0.12988,0.14014,0.2002,0.17529,0.1001,0.18506,0.1499,0.095215,0.055176,0.035156,0.064941,0.10498,0.14502,0.16016,0.14502,0.24023,0.20508,0.16992,0.18018,0.18506,0.18994,0.17529,0.18506,0.20508,0.24512,0.21484,0.18994,0.21484,0.22998,0.2251,0.24023,0.29492,0.43994,0.3252,0.33496,0.25488,0.28027,0.27002,0.16016,0.12988,0.13525,0.040039,0.050293,0.040039,0.064941,0.030273,0.035156,-0.02002,-0.040039,0.22998,0.70508,1.335,1.5,1.4399,0.55518,0.16016,0.050293,0.010254,-0.029785,-0.040039,-0.029785,-0.054688,-0.024902,-0.029785,-0.014648,0.010254,0.0048828,0.035156,0.055176,0.095215,0.075195,0.14014,0.064941,0.055176,0.084961,0.080078,0.125,0.15527,0.16504,0.14502,0.16992,0.23486,0.27002,0.20508,0.21484,0.19531,0.25,0.16992,0.2002,0.19531,0.18994,0.21484,0.23486,0.21484,0.2002,0.29004,0.24512,0.20508,0.2002,0.18018,0.20508,0.23486,0.24512,0.22021,0.18018,0.18994,0.2002,0.19531,0.22021,0.22021,0.26514,0.29004,0.28027,0.39502,0.43018,0.28027,0.25488,0.26514,0.18994,0.2002,0.11523,0.11523,0.14014,0.1499,0.1001,0.080078,0.10498,0.084961,0.060059,0.22998,0.61475,1.2598,1.5,1.5,0.73486,0.26514,0.090332,0.055176,0.064941,0.02002,0.010254,-0.0048828,0.055176,0.060059,0.015137,-0.02002,-0.034668,0.050293,-0.029785,0.0048828,0.044922,0.064941,0.090332,0.1001,0.16992,0.2251,0.20996,0.1001,0.030273,0.010254,0.070313,0.1499,0.13525,0.125,0.10498,0.125,0.10986,0.16992,0.20508,0.10498,0.12988,0.19531,0.18506,0.24512,0.26025,0.2002,0.16504,0.27002,0.13525,0.1499,0.14502,0.20996,0.18994,0.18506,0.20996,0.2002,0.20508,0.2251,0.18506,0.21484,0.20996,0.18994,0.22998,0.25,0.25488,0.24023,0.29004,0.39014,0.47021,0.39502,0.3501,0.29004,0.21484,0.14502,0.10498,0.125,0.14014,0.11523,0.090332,0.11523,0.035156,0.030273,0.050293,0.060059,0.1499,0.52002,1.1948,1.5,1.5,0.90479,0.25488,0.1001,0.050293,0.070313,0,-0.044922,-0.040039,-0.060059,-0.0097656,0.090332,0.030273,0.044922,0.024902,0.044922,0.035156,0.084961,0.10498,0.12012,0.10498,0.12988,0.090332,0.125,0.15527,0.10498,0.16992,0.13525,0.16992,0.17529,0.14502,0.18994,0.16504,0.15527,0.10986,0.18994,0.2002,0.17529,0.14502,0.22998,0.2749,0.20996,0.18506,0.23486,0.29004,0.34521,0.2749,0.22021,0.2251,0.22998,0.18994,0.1499,0.15527,0.18994,0.20996,0.20508,0.24023,0.25488,0.33008,0.3501,0.33008,0.31494,0.26025,0.2251,0.23486,0.11523,0.050293,0.080078,0.075195,0.064941,0.084961,0.1001,0.084961,0.024902,-0.014648,0.095215,0.47021,1.0947,1.5,1.5,0.84473,0.26514,0.10986,0.080078,0.040039,-0.02002,-0.040039,-0.014648,-0.029785,0,-0.064941,-0.040039,0,0.060059,0.10498,0.090332,0.015137,0.035156,0.044922,0.040039,0.075195,0.12012,0.11523,0.15527,0.1499,0.14502,0.18506,0.2251,0.17529,0.25488,0.18018,0.18506,0.10986,0.1001,0.16016,0.14502,0.20996,0.18994,0.23486,0.28027,0.2749,0.19531,0.2251,0.19531,0.18506,0.20996,0.22998,0.2749,0.2251,0.16992,0.16504,0.25,0.19531,0.29492,0.28516,0.29492,0.27002,0.30029,0.29492,0.39502,0.33496,0.20996,0.19531,0.2002,0.10498,0.090332,0.080078,0.10986,0.13525,0.12988,0.2002,0.2251,0.16016,0.060059,0.14014,0.41504,1.0698,1.5,1.5,1.04,0.33008,0.090332,0.030273,-0.0097656,0.0048828,0.015137,-0.044922,0,0.030273,-0.0048828,0.050293,0.075195,0.02002,0.075195,0.084961,0.060059,0.044922,0.125,0.14014,0.090332,0.050293,0.13525,0.16992,0.14502,0.14014,0.18018,0.16016,0.17529,0.15527,0.13525,0.14502,0.18018,0.20508,0.1001,0.125,0.18018,0.14502,0.12988,0.2251,0.22998,0.17529,0.21484,0.18994,0.20996,0.16992,0.19531,0.17529,0.20996,0.20508,0.2002,0.27002,0.15527,0.16992,0.16016,0.17529,0.2002,0.24023,0.3252,0.3501,0.375,0.36523,0.28027,0.22021,0.15527,0.070313,0.064941,0.080078,0.1499,0.080078,0.070313,0.044922,0.075195,0.015137,-0.014648,0.18018,0.6499,1.3647,1.5,1.5,0.7002,0.25,0.10498,-0.014648,-0.024902,-0.060059,-0.044922,-0.080078,-0.094727,-0.024902,-0.029785,-0.0048828,0.0048828,0.040039,0.0048828,0.040039,0.080078,0.10498,0.13525,0.1499,0.02002,0.084961,0.12012,0.080078,0.10986,0.14014,0.1499,0.19531,0.16016,0.24023,0.1499,0.10986,0.1499,0.125,0.16992,0.1499,0.11523,0.10986,0.1499,0.2002,0.16504,0.20508,0.22021,0.18506,0.2002,0.20996,0.18506,0.21484,0.20996,0.22998,0.2749,0.24512,0.22021,0.2002,0.18018,0.22021,0.31982,0.39014,0.43018,0.31006,0.27002,0.29004,0.18018,0.14502,0.13525,0.1001,0.090332,0.125,0.15527,0.17529,0.070313,0.02002,-0.0048828,-0.014648,0.18994,0.70996,1.3647,1.5,1.4897,0.65479,0.2251,0.084961,0.075195,0.0048828,-0.049805,-0.099609,-0.084961,0.0048828,0.024902,-0.044922,0.080078,0.024902,0.010254,0.040039,0.064941,0.060059,0.070313,0.080078,0.060059,0.060059,0.084961,0.1001,0.10498,0.080078,0.1001,0.125,0.1499,0.14502,0.2002,0.20996,0.22021,0.095215,0.055176,0.10498,0.055176,0.075195,0.16016,0.22998,0.18506,0.1499,0.14014,0.2002,0.20508,0.19531,0.1499,0.17529,0.19531,0.26025,0.18994,0.16016,0.24023,0.22021,0.2002,0.20508,0.16992,0.29004,0.31494,0.28516,0.29492,0.25,0.2749,0.21484,0.18994,0.16992,0.055176,0.035156,0.080078,0.090332,0.060059,0.055176,0.064941,-0.02002,-0.044922,0.17529,0.6499,1.2998,1.5,1.5,0.66992,0.22998,0.024902,0.060059,-0.029785,-0.089844,-0.094727,-0.024902,-0.034668,0,-0.034668,0.0048828,0.040039,0.024902,0.064941,0.080078,0.030273,0.070313,0.095215,0.055176,0.040039,0.1001,0.11523,0.055176,0.080078,0.12012,0.17529,0.2002,0.16992,0.15527,0.11523,0.10498,0.16016,0.15527,0.18018,0.10986,0.12988,0.16992,0.18994,0.17529,0.21484,0.33008,0.27002,0.21484,0.22021,0.15527,0.16992,0.2002,0.20996,0.19531,0.17529,0.15527,0.23486,0.25488,0.18506,0.1499,0.21484,0.29004,0.43018,0.29492,0.26514,0.22998,0.16992,0.13525,0.10498,0.090332,0.080078,0.090332,0.084961,0.10986,0.14014,0.12988,0.10986,0.070313,0.044922,0.33984,0.95996,1.1997,1.5,1.4746,0.60986,0.16016,0.044922,0.035156,0.010254,-0.0097656,0,-0.0048828,0.0048828,0.010254,0.024902,0.030273,0.055176,0.084961,0.10986,0.1001,0.16992,0.18994,0.30518,0.16504,0.024902,0.13525,0.075195,0.030273,0.070313,0.090332,0.14014,0.16992,0.18994,0.20996,0.20508,0.2251,0.20508,0.23486,0.22998,0.22021,0.26025,0.41016,0.50488,0.55518,0.18506,-0.125,-0.024902,0.070313,0.14502,0.19531,0.20508,0.18506,0.2002,0.18994,0.21484,0.20508,0.2251,0.25,0.23486,0.31006,0.22021,0.16504,0.25488,0.28027,0.30518,0.33984,0.31006,0.24512,0.15527,0.10986,0.084961,0.095215,0.125,0.12988,0.060059,0.16016,0.095215,0.10498,0.055176,0.050293,0.2749,0.93506,1.5,1.5,1.1597,0.45508,0.17529,0.055176,-0.014648,0.035156,-0.040039,-0.10498,-0.074707,-0.044922,0.050293,0.075195,0.0048828,-0.014648,0.015137,0.090332,0.055176,0.035156,0.095215,0.125,0.090332,0.080078,0.10986,0.11523,0.1001,0.14502,0.16992,0.23486,0.14014,0.11523,0.18018,0.14014,0.084961,0.064941,0.1499,0.18506,0.1499,0.18018,0.18018,0.15527,0.14014,0.18506,0.28027,0.21484,0.16992,0.2002,0.24512,0.22021,0.24023,0.24512,0.1499,0.16016,0.13525,0.21484,0.19531,0.22021,0.20508,0.24023,0.24512,0.22021,0.31982,0.38525,0.31006,0.33496,0.28516,0.21484,0.18018,0.090332,0.044922,0.095215,0.1001,0.13525,0.090332,0.064941,0.15527,0.010254,0.030273,0.22021,0.7749,1.4399,1.5,1.4849,0.66992,0.25488,0.035156,0.010254,0.035156,-0.024902,-0.069824,-0.094727,-0.034668,-0.0097656,-0.02002,0.024902,0.064941,0.044922,0.064941,0.040039,0.11523,0.17529,0.1001,0.075195,0.070313,0.1001,0.1001,0.095215,0.16016,0.1499,0.13525,0.15527,0.14014,0.16992,0.1499,0.16992,0.19531,0.12012,0.10986,0.18994,0.22021,0.16992,0.18994,0.2002,0.14502,0.19531,0.22998,0.18018,0.17529,0.21484,0.24512,0.19531,0.16992,0.20508,0.25488,0.20508,0.24512,0.17529,0.19531,0.24023,0.24512,0.21484,0.27002,0.31006,0.34521,0.33496,0.37988,0.26025,0.1499,0.12988,0.11523,0.084961,0.080078,0.070313,0.10986,0.125,0.070313,0.10498,0.075195,-0.014648,0.090332,0.5498,1.1797,1.5,1.5,0.92969,0.30518,0.084961,0,-0.02002,-0.0097656,-0.060059,-0.080078,-0.0097656,0,-0.060059,0.015137,0.010254,0.055176,0.070313,0.080078,-0.0097656,0.070313,0.084961,0.10498,0.080078,0.080078,0.075195,0.125,0.11523,0.16992,0.12988,0.1001,0.18018,0.21484,0.1001,0.1499,0.125,0.1499,0.11523,0.090332,0.14014,0.20508,0.1499,0.14502,0.22021,0.20508,0.2251,0.18506,0.20508,0.2251,0.17529,0.22998,0.22021,0.17529,0.2002,0.27002,0.21484,0.13525,0.1499,0.23486,0.25488,0.24512,0.26025,0.3501,0.33496,0.35498,0.30029,0.2251,0.18994,0.16016,0.13525,0.10986,0.12988,0.02002,0.010254,0.16992,0.11523,0.060059,-0.014648,-0.029785,0.095215,0.56006,1.27,1.5,1.5,0.74512,0.25,0.095215,0.040039,0.030273,0.075195,0.084961,-0.094727,-0.0048828,0.064941,-0.0097656,0.1499,-0.044922,-0.094727,0.010254,0.0048828,0.060059,0.084961,0.075195,0.10498,0.070313,0.090332,0.090332,0.125,0.17529,0.18506,0.14014,0.2002,0.18506,0.125,0.2002,0.24023,0.15527,0.20996,0.125,0.064941,0.11523,0.10986,0.18994,0.18018,0.1499,0.13525,0.19531,0.2251,0.19531,0.2002,0.23486,0.27002,0.24512,0.23486,0.22998,0.28516,0.2251,0.24512,0.25488,0.19531,0.20996,0.30518,0.33008,0.31006,0.37988,0.33984,0.20508,0.16504,0.24512,0.18994,0.2002,0.1499,0.024902,-0.029785,0.064941,0,-0.014648,0.070313,0.02002,0.010254,0.54004,1.1899,1.5,1.5,0.99512,0.28027,0.064941,-0.029785,-0.069824,0.015137,0.060059,0,0.030273,0.040039,-0.10986,-0.11963,-0.044922,0.050293,0.080078,0.1001,0.10498,0.1001,0.14014,0.024902,0.15527,0.36523,0.075195,0.080078,-0.024902,0.055176,0.090332,0.14502,0.12988,0.15527,0.18506,0.19531,0.21484,0.30518,0.33008,0.23486,0.095215,0.060059,0.095215,0.040039,0.010254,0.125,0.1499,0.14014,0.18994,0.2002,0.18506,0.22021,0.24023,0.21484,0.29492,0.16992,0.2749,0.18506,0.12012,0.14014,0.20508,0.27002,0.30518,0.41016,0.31006,0.25488,0.29004,0.18018,0.16504,0.12012,0.10498,0.1001,0.10986,0.18018,0.18506,0.064941,0.16504,0.24512,0.044922,0.12988,0.50488,1.2446,1.5,1.5,0.73486,0.25,0.14014,0.060059,-0.0097656,-0.014648,0.015137,0,0.0048828,-0.0097656,0.02002,0.064941,0.10498,0.11523,0.060059,0.075195,0.11523,0.12988,0.18018,0.13525,0.064941,0.055176,0.090332,0.125,0.15527,0.20508,0.2002,0.19531,0.24512,0.2002,0.18994,0.22998,0.21484,0.2002,0.23486,0.22021,0.2749,0.29492,0.2251,0.19531,0.22021,0.22998,0.17529,0.20996,0.22021,0.26025,0.29004,0.17529,0.14014,0.14502,0.12012,0.20996,0.22998,0.18018,0.13525,0.18018,0.17529,0.22998,0.2749,0.30029,0.3252,0.31494,0.28516,0.23486,0.18018,0.1499,0.2002,0.13525,0.080078,0.075195,0.080078,0.070313,0.080078,0.1001,0.044922,0.010254,0.29492,0.77979,1.5,1.5,1.4199,0.52002,0.19531,0.024902,-0.064941,-0.060059,-0.080078,-0.11963,-0.125,-0.044922,-0.034668,0,-0.029785,0,0.055176,0.035156,0.040039,0.035156,0.10498,0.13525,0.14502,0,-0.0048828,0.080078,0.060059,0.10986,0.10498,0.13525,0.1499,0.14502,0.18018,0.16504,0.12988,0.16016,0.084961,0.055176,0.16016,0.18018,0.16992,0.18018,0.16504,0.16992,0.2002,0.2251,0.18994,0.16504,0.18994,0.20996,0.20508,0.23486,0.17529,0.20996,0.19531,0.20996,0.17529,0.20996,0.22998,0.2002,0.22021,0.29004,0.33984,0.375,0.3252,0.2749,0.25488,0.21484,0.125,0.1001,0.12012,0.070313,0.050293,0.095215,0.12988,0.1499,0.024902,0.010254,0,0.26025,0.7998,1.5,1.5,1.4048,0.58984,0.26025,0.14502,0.030273,-0.064941,-0.060059,-0.060059,-0.074707,-0.054688,-0.034668,0.044922,0.084961,0.024902,-0.0048828,0.060059,0.090332,0.075195,0.125,0.084961,0.1001,0.080078,0.064941,0.125,0.15527,0.095215,0.16016,0.22021,0.2251,0.14502,0.17529,0.13525,0.14014,0.10498,0.14502,0.19531,0.15527,0.13525,0.2251,0.16992,0.20508,0.20996,0.16992,0.18018,0.2002,0.22998,0.25,0.2002,0.2002,0.20996,0.24023,0.18994,0.1499,0.19531,0.16992,0.20508,0.20996,0.26514,0.2749,0.28516,0.30518,0.33496,0.31982,0.35986,0.25488,0.2002,0.16504,0.10498,0.070313,0.040039,0.064941,0.125,0.12012,0.125,0.064941,-0.0048828,0.010254,0.19531,0.71973,1.4048,1.5,1.4648,0.61475,0.18994,0.090332,0.055176,-0.034668,-0.094727,-0.054688,-0.064941,-0.02002,-0.060059,0.0048828,0.070313,0.035156,-0.024902,-0.060059,0.024902,0.075195,0.055176,0.070313,0.12988,0.1001,0.10498,0.060059,0.064941,0.10498,0.16016,0.2002,0.16016,0.15527,0.18994,0.12988,0.1499,0.064941,0.1001,0.18506,0.2251,0.18506,0.18994,0.1499,0.13525,0.16504,0.14014,0.18018,0.17529,0.22998,0.25488,0.35498,0.24512,0.2251,0.2749,0.14014,0.125,0.18506,0.16016,0.23486,0.28027,0.27002,0.36523,0.4751,0.3252,0.30518,0.27002,0.26514,0.18018,0.11523,0,-0.014648,0.040039,0.055176,0.070313,0.084961,0.095215,0.12988,0.080078,0.075195,0.26025,0.7251,1.4097,1.5,1.4897,0.60498,0.23486,0.084961,-0.0097656,0.075195,-0.040039,-0.13965,-0.10986,-0.064941,-0.034668,-0.029785,-0.0048828,0.040039,0.1499,0.064941,0.055176,0.10986,0.21484,0.12988,0.0048828,0.02002,0.060059,0.080078,0.1001,0.12988,0.12988,0.16992,0.20996,0.31006,0.24512,0.2002,0.12012,0.064941,0.10986,0.12012,0.090332,0.070313,0.125,0.15527,0.17529,0.2002,0.20996,0.20996,0.2251,0.24023,0.25,0.2251,0.24023,0.30029,0.33984,0.30029,0.26514,0.29492,0.16992,0.10986,0.12012,0.18018,0.26514,0.31982,0.35498,0.33496,0.31006,0.28516,0.24023,0.21484,0.15527,0.070313,0.1001,0.10986,0.080078,0.125,0.084961,0.050293,-0.014648,0.0048828,0.22021,0.77002,1.4399,1.5,1.4448,0.64502,0.29492,0.080078,0.02002,-0.014648,-0.089844,-0.034668,-0.0097656,-0.049805,0,-0.044922,-0.089844,-0.034668,-0.0097656,-0.049805,0.010254,0.024902,0.055176,0.050293,0.095215,0.064941,0.060059,0.090332,0.080078,0.075195,0.080078,0.12988,0.1499,0.18018,0.20508,0.15527,0.18994,0.14014,0.10498,0.1499,0.13525,0.12988,0.20508,0.2002,0.26025,0.22998,0.2002,0.2002,0.22998,0.24023,0.20508,0.2002,0.21484,0.18018,0.16992,0.20996,0.22021,0.17529,0.21484,0.24023,0.2002,0.2251,0.24023,0.28516,0.33984,0.33008,0.35498,0.31006,0.21484,0.13525,0.084961,0.125,0.16992,0.055176,0.080078,0.1001,0.13525,0.14014,0.095215,0.050293,0.29004,0.81982,1.4897,1.5,1.2646,0.5,0.17529,0.070313,0.080078,0.064941,0.015137,-0.0048828,-0.0097656,0.02002,0.010254,0.044922,0.035156,0.040039,0.060059,0.080078,0.080078,0.10498,0.10498,0.1001,0.095215,0.10498,0.10986,0.14502,0.15527,0.24023,0.28027,0.23486,0.17529,0.28516,0.18506,-0.094727,-0.10498,0.015137,0.070313,0.1001,0.13525,0.1499,0.16992,0.16504,0.17529,0.17529,0.17529,0.17529,0.2002,0.17529,0.22998,0.30518,0.24023,0.14014,0.18994,0.075195,0.030273,0.084961,0.13525,0.1499,0.16992,0.18506,0.2002,0.22998,0.28516,0.3252,0.33496,0.31494,0.33496,0.22021,0.17529,0.22021,0.14502,0.040039,0,0.035156,0.040039,0.064941,0.064941,0.075195,0.030273,0.125,0.52002,1.1699,1.5,1.5,1.0146,0.37012,0.1499,0.084961,0.02002,-0.049805,-0.074707,-0.084961,-0.040039,-0.080078,-0.014648,0.1001,0.010254,-0.069824,-0.014648,0.055176,0.064941,0.060059,0.075195,0.055176,0.050293,0.075195,0.095215,0.125,0.11523,0.16992,0.125,0.16992,0.18506,0.095215,0.064941,0.12012,0.090332,0.14014,0.20508,0.10986,0.084961,0.16504,0.18506,0.13525,0.11523,0.18994,0.15527,0.18506,0.20996,0.2251,0.19531,0.2002,0.15527,0.2002,0.22021,0.18994,0.22021,0.14014,0.19531,0.24023,0.21484,0.24023,0.26025,0.24512,0.35986,0.36523,0.30518,0.29492,0.24023,0.23486,0.12988,0.10498,0.16016,0.10498,0.084961,0.064941,0.10986,0.13525,0.044922,-0.02002,0.040039,0.33984,0.89014,1.5,1.5,1.2598,0.43994,0.17529,0.14502,0.040039,-0.029785,-0.049805,-0.064941,-0.080078,-0.074707,-0.02002,-0.0048828,0.024902,0.075195,0.040039,0.02002,0.075195,0.055176,0.080078,0.18994,0.064941,0.044922,0.084961,0.1001,0.080078,0.1499,0.14014,0.090332,0.16016,0.17529,0.125,0.14502,0.1499,0.17529,0.1001,0.125,0.1499,0.14014,0.10986,0.17529,0.20996,0.18994,0.2251,0.2002,0.19531,0.18994,0.22998,0.19531,0.18018,0.21484,0.2251,0.17529,0.16504,0.22021,0.2002,0.19531,0.20508,0.17529,0.25,0.30518,0.36523,0.33008,0.3252,0.34521,0.22998,0.14014,0.10498,0.12012,0.17529,0.064941,0.035156,0.070313,0.02002,0.060059,0.010254,-0.02002,0.095215,0.53516,1.2397,1.5,1.5,0.7998,0.28027,0.12988,0.0048828,-0.040039,-0.024902,-0.040039,-0.034668,-0.044922,-0.02002,0.055176,0.070313,-0.064941,-0.080078,0.0048828,0.035156,0.080078,0.095215,0.11523,0.125,0.070313,0.064941,0.080078,0.080078,0.125,0.16504,0.11523,0.16016,0.1499,0.18506,0.14014,0.11523,0.095215,0.125,0.10986,0.12988,0.13525,0.15527,0.16504,0.14502,0.20508,0.30518,0.33984,0.18506,0.1499,0.1499,0.2002,0.2251,0.2002,0.22021,0.2251,0.20996,0.20508,0.2251,0.20508,0.25488,0.26025,0.3252,0.37988,0.3501,0.31982,0.27002,0.18506,0.14502,0.084961,0.090332,0.064941,0.080078,0.050293,0.095215,0.070313,0.075195,0.040039,0.015137,0.14014,0.55518,1.1899,1.5,1.5,0.87012,0.26514,0.060059,-0.0048828,-0.040039,-0.049805,-0.049805,-0.064941,-0.080078,-0.060059,-0.014648,0.02002,-0.0048828,0,0.024902,0.075195,-0.044922,0.0048828,0.035156,0.040039,0.035156,0.084961,0.1001,0.080078,0.10498,0.14502,0.12988,0.14502,0.16992,0.2251,0.21484,0.18994,0.16992,0.20996,0.23486,0.33008,0.25,0.18994,0.13525,0.12988,0.1499,0.13525,0.1499,0.16992,0.20508,0.18994,0.2002,0.16992,0.17529,0.18018,0.2002,0.18506,0.2002,0.20508,0.24023,0.29492,0.3252,0.2749,0.30518,0.31494,0.39502,0.26514,0.21484,0.2002,0.125,0.10986,0.060059,0.075195,0.10498,0.12988,0.070313,0.1001,0.11523,0.030273,0.024902,0.31494,0.83008,1.5,1.5,1.1699,0.44482,0.18506,0.040039,-0.02002,0.050293,-0.044922,-0.10986,-0.14502,-0.1499,-0.094727,-0.060059,-0.064941,-0.044922,-0.0097656,0.0048828,0.064941,0.080078,0.070313,0.080078,0.10498,0.10986,0.12988,0.055176,0.12012,0.16504,0.084961,0.080078,0.14014,0.2002,0.2251,0.10986,0.17529,0.125,0.13525,0.20508,0.2251,0.2002,0.26025,0.15527,0.24512,0.28516,0.27002,0.18018,0.19531,0.20508,0.12988,0.10498,0.12988,0.14502,0.15527,0.18994,0.2002,0.2002,0.20508,0.25488,0.18994,0.18506,0.31006,0.39014,0.45508,0.43018,0.26514,0.20508,0.22021,0.12012,0.11523,0.12988,0.090332,0.17529,0.11523,0.070313,0.060059,0.080078,0.070313,0.060059,0.31494,0.83984,1.5,1.5,1.4648,0.6001,0.2002,0.030273,0.010254,0.035156,-0.0048828,-0.034668,-0.029785,-0.060059,-0.02002,0.050293,0.064941,0.02002,0,0.035156,0.084961,0.13525,0.14014,0.080078,0.10498,0.10986,0.060059,0.14014,0.1499,0.10986,0.1499,0.13525,0.18994,0.2002,0.12012,0.090332,0.1499,0.10986,0.13525,0.12988,0.12012,0.1499,0.15527,-0.084961,-0.089844,-0.024902,0.010254,0,0.044922,0.024902,0.015137,0.024902,0.044922,0.040039,0.10498,0.055176,0.10986,0.075195,0.035156,0.055176,0.1001,0.12988,0.14014,0.12988,0.14502,0.16016,0.18018,0.16504,0.17529,0.16992,0.17529,0.12988,0.13525,0.14502,0.125,0.16504,0.24512,0.30518,0.22021,0.20996,0.18018,0.125,0.16992,0.20508,0.21484,0.17529,0.16504,0.2002,0.21484,0.2251,0.24023,0.25,0.26025,0.29004,0.29492,0.33008,0.35498,0.375,0.31494,0.27002,0.2251,0.1499,0.16016,0.035156,0.0048828,0.060059,0.075195,0.040039,0.060059,0.1001,-0.024902,-0.060059,0.20508,0.73975,1.46,1.5,1.3149,0.50488,0.18018,0.024902,-0.014648,0,-0.024902,-0.02002,-0.054688,-0.044922,0,0.060059,0.080078,0.050293,-0.0048828,0.040039,0.070313,0.080078,0.1001,0.14014,0.070313,0.064941,0.080078,0.14014,0.16504,0.22998,0.14502,0.10498,0.1499,0.14014,0.16504,0.12988,0.13525,0.095215,0.1499,0.125,0.16016,0.16504,0.14014,0.13525,0.18018,0.16504,0.18506,0.2002,0.22021,0.2251,0.25,0.2749,0.18018,0.16992,0.25488,0.27002,0.20996,0.21484,0.26025,0.26025,0.30029,0.30518,0.3501,0.37988,0.30518,0.28027,0.27002,0.28027,0.16504,0.084961,0.040039,0.055176,0.050293,0.060059,0.055176,0.035156,0.010254,0.010254,0.035156,0.12988,0.58008,1.27,1.5,1.4497,0.54492,0.13525,0.024902,0.015137,0.030273,-0.0097656,-0.074707,-0.080078,-0.024902,-0.049805,-0.064941,-0.029785,0.0048828,0.044922,0.075195,0.084961,0.060059,0.080078,0.13525,0.1001,0.080078,0.090332,0.080078,0.13525,0.10986,0.16992,0.19531,0.18018,0.17529,0.2251,0.16504,0.16992,0.20508,0.24023,0.18994,0.1499,0.16504,0.17529,0.2251,0.26514,0.28516,0.17529,0.16504,0.18018,0.17529,0.18994,0.21484,0.2251,0.18994,0.2251,0.17529,0.19531,0.2251,0.17529,0.21484,0.19531,0.18506,0.23486,0.3252,0.31006,0.29492,0.2749,0.20996,0.1499,0.16504,0.095215,0.14502,0.16992,0.084961,0.030273,0.080078,0.16016,0.084961,-0.02002,0.10498,0.51514,1.1699,1.5,1.5,0.75488,0.20508,0.064941,0.075195,0.060059,0.044922,-0.029785,-0.12988,-0.099609,-0.064941,-0.0097656,-0.034668,-0.0048828,-0.040039,0.02002,0.035156,0.064941,0.070313,0.040039,0.11523,0.064941,0.10498,0.10498,0.11523,0.1001,0.095215,0.12012,0.10986,0.125,0.16016,0.125,0.10498,0.14502,0.1499,0.10986,0.084961,0.1499,0.19531,0.1499,0.18506,0.2002,0.19531,0.16992,0.20996,0.24023,0.18994,0.19531,0.24512,0.2251,0.19531,0.17529,0.18994,0.1499,0.18506,0.22998,0.24512,0.27002,0.25488,0.30518,0.34521,0.36523,0.37012,0.34521,0.30518,0.19531,0.14014,0.10986,0.14502,0.125,0.064941,0.1001,0.080078,0.050293,0.080078,0.064941,0.060059,0.31006,0.81982,1.5,1.5,1.3096,0.48486,0.16992,0.055176,0.0048828,0.015137,-0.029785,-0.084961,-0.089844,-0.054688,-0.0048828,0.055176,0.064941,-0.0097656,0.055176,0.015137,0,0.044922,0.050293,0.070313,0.10986,0.084961,0.095215,0.1001,0.12012,0.12988,0.1499,0.16016,0.19531,0.18506,0.21484,0.14014,0.18018,0.24512,0.18994,0.10986,0.11523,0.16504,0.15527,0.125,0.10986,0.17529,0.18506,0.18018,0.20508,0.18994,0.25488,0.3252,0.27002,0.2749,0.15527,0.21484,0.18994,0.16504,0.13525,0.20508,0.22021,0.2002,0.2251,0.27002,0.34521,0.37988,0.34521,0.3501,0.29004,0.20508,0.095215,0.15527,0.16016,0.050293,0.11523,0.080078,0.11523,0.035156,0.010254,-0.02002,0.095215,0.3999,0.93506,1.5,1.5,1.1396,0.43994,0.14502,0.064941,0.035156,0.02002,0.024902,-0.034668,-0.024902,-0.080078,-0.029785,-0.049805,0.035156,0,0.0048828,0.044922,0.080078,0.125,0.17529,0.12988,0.095215,0.080078,0.10498,0.125,0.18506,0.17529,0.18018,0.14014,0.16992,0.17529,0.12012,0.12988,0.12988,0.13525,0.16992,0.125,0.14502,0.18018,0.17529,0.20996,0.24512,0.17529,0.20508,0.24023,0.29004,0.24512,0.18994,0.19531,0.2251,0.20508,0.16016,0.15527,0.22998,0.25,0.22998,0.31982,0.21484,0.18506,0.26514,0.3501,0.38525,0.33984,0.37988,0.2251,0.16016,0.125,0.10498,0.044922,0.090332,0.11523,0.055176,0.010254,0.035156,0.060059,0.080078,0.064941,0.39014,1.0698,1.5,1.5,0.98486,0.33496,0.17529,0.050293,-0.049805,-0.024902,0,-0.069824,-0.084961,-0.049805,-0.060059,0.075195,0.044922,0.015137,-0.0097656,0.030273,0.050293,0.12012,0.15527,0.095215,0.12988,0.050293,0.050293,0.044922,0.1001,0.14502,0.16504,0.2002,0.16504,0.14502,0.16992,0.13525,0.12012,0.12012,0.14014,0.13525,0.17529,0.18506,0.10986,0.15527,0.18018,0.2251,0.24023,0.27002,0.19531,0.20996,0.2002,0.20508,0.21484,0.18018,0.21484,0.22998,0.2251,0.24023,0.2251,0.24512,0.21484,0.29492,0.31494,0.43018,0.39502,0.31982,0.30029,0.2251,0.125,0.15527,0.090332,0.055176,0.084961,0.075195,0.095215,0.024902,0.010254,0.030273,-0.044922,-0.054688,0.43994,1.1099,1.5,1.5,0.8999,0.2749,0.055176,0,0.02002,-0.060059,-0.069824,-0.080078,-0.069824,-0.014648,0.024902,-0.034668,-0.0048828,-0.014648,0.055176,0.080078,0.084961,0.0048828,0.070313,0.1001,0.10498,0.060059,0.080078,0.1001,0.125,0.16992,0.18018,0.19531,0.20508,0.25488,0.20508,0.16504,0.13525,0.19531,0.21484,0.29004,0.2251,0.18018,0.24512,0.18506,0.15527,0.12988,0.16504,0.21484,0.24023,0.29004,0.22998,0.19531,0.21484,0.16016,0.14014,0.16992,0.2251,0.24512,0.28027,0.1499,0.13525,0.18018,0.26025,0.35498,0.38525,0.28516,0.28516,0.25,0.23486,0.19531,0.12988,0.13525,0.095215,0.10498,0.14014,0.17529,0.075195,-0.040039,-0.060059,0.12012,0.50977,1.23,1.5,1.5,0.68994,0.22021,0.12012,0.10986,0.12012,0.050293,-0.080078,-0.10498,-0.094727,-0.060059,-0.029785,-0.0097656,-0.0097656,0.024902,0.035156,0.040039,0.050293,0.11523,0.14502,0.11523,0.1001,0.084961,0.11523,0.13525,0.125,0.16504,0.18018,0.10986,0.15527,0.16016,0.14014,0.16504,0.17529,0.14502,0.15527,0.17529,0.2002,0.15527,0.18018,0.22998,0.25,0.2002,0.18994,0.16504,0.22021,0.19531,0.2002,0.22021,0.18994,0.24023,0.2002,0.23486,0.20996,0.23486,0.16016,0.16504,0.2002,0.19531,0.24023,0.2749,0.33496,0.39502,0.41016,0.31006,0.25488,0.22021,0.12988,0.10498,0.10498,0.10986,0.040039,0.035156,0.080078,0.075195,0.095215,0.030273,0.010254,0.22998,0.73486,1.4097,1.5,1.5,0.64014,0.24023,0.075195,0.030273,-0.034668,-0.094727,-0.10498,-0.125,-0.080078,-0.040039,0.0048828,0,0.030273,0.044922,0.02002,0.060059,0.075195,0.080078,0.12988,0.11523,0.14014,0.16016,0.060059,0.13525,0.1499,0.084961,0.10986,0.14502,0.12988,0.13525,0.1499,0.17529,0.18506,0.125,0.12012,0.18506,0.19531,0.1499,0.22021,0.15527,0.13525,0.18018,0.20996,0.2251,0.20996,0.20508,0.25488,0.23486,0.18994,0.1499,0.17529,0.17529,0.15527,0.16504,0.24512,0.31006,0.31494,0.19531,0.25488,0.24512,0.31494,0.37012,0.31494,0.24512,0.22021,0.2002,0.125,0.084961,0.02002,0.055176,0.084961,0.14502,0.1001,0.070313,0.055176,0.044922,0.040039,0.26514,0.7749,1.5,1.5,1.3247,0.44482,0.125,0.035156,-0.0097656,0.015137,-0.080078,-0.074707,-0.084961,-0.074707,-0.02002,0.035156,0.060059,0.040039,0.035156,0.040039,0.055176,0.060059,0.044922,0.095215,0.14014,0.1499,0.070313,0.060059,0.125,0.095215,0.090332,0.13525,0.16504,0.21484,0.29004,0.18018,0.075195,0.060059,0.12988,0.1499,0.19531,0.1499,0.20508,0.125,0.15527,0.18994,0.20508,0.21484,0.2251,0.17529,0.18018,0.22021,0.25488,0.2749,0.25,0.18994,0.18018,0.22021,0.18506,0.24512,0.16992,0.24023,0.2002,0.16992,0.25488,0.33008,0.31494,0.31006,0.33984,0.24023,0.25,0.20996,0.080078,0.044922,0.10986,0.11523,0.050293,0.035156,0.084961,0.024902,-0.024902,0.044922,0.31006,0.83496,1.5,1.5,1.1699,0.3501,0.084961,-0.014648,-0.0097656,-0.040039,0.02002,-0.049805,-0.10498,-0.094727,-0.014648,0.010254,0.024902,0.050293,0.060059,0.035156,0.040039,0.064941,0.12012,0.13525,0.10498,0.10498,0.125,0.12988,0.16016,0.17529,0.24512,0.25,0.16016,0.22021,0.18506,0.24023,0.18018,0.18994,0.1499,0.16992,0.16504,0.22021,0.25,0.16016,0.1499,0.2002,0.20508,0.25488,0.22021,0.20996,0.19531,0.2251,0.19531,0.2002,0.18994,0.25488,0.28027,0.18018,0.11523,0.15527,0.22998,0.20508,0.1499,0.19531,0.28027,0.375,0.3999,0.26514,0.2251,0.18506,0.14014,0.12012,0.11523,0.090332,0.070313,0.075195,0.080078,0.070313,0.075195,0.12012,0.16504,0.1001,0.41504,1.0601,1.5,1.5,0.94482,0.33496,0.1001,0.040039,-0.024902,-0.040039,-0.029785,-0.094727,-0.10986,-0.034668,0.024902,0,0.064941,-0.049805,-0.0097656,0.0048828,0.055176,0.10498,0.10498,0.10498,0.075195,0.060059,0.125,0.055176,0.084961,0.13525,0.1499,0.125,0.1499,0.14502,0.2251,0.11523,0.12988,0.12012,0.13525,0.15527,0.12988,0.16992,0.17529,0.15527
