2.5679,2.5709,2.5572,2.5288,2.4888,2.4399,2.3842,2.3245,2.262,2.1965,2.13,2.0616,2,1.9413,1.8739,1.8016,1.7253,1.6481,1.5718,1.4985,1.4282,1.3627,1.303,1.2493,1.2111,1.1838,1.1584,1.1378,1.1251,1.1261,1.1369,1.1466,1.1584,1.1711,1.1857,1.2004,1.2131,1.2268,1.2395,1.2502,1.259,1.2659,1.2698,1.2717,1.2708,1.2669,1.261,1.2532,1.2434,1.2366,1.2326,1.2268,1.2199,1.2131,1.2053,1.1955,1.1848,1.176,1.1711,1.175,1.1906,1.2239,1.2678,1.3275,1.4135,1.523,1.652,1.7957,1.9482,2.1036,2.2542,2.392,2.5122,2.6119,2.6794,2.7234,2.7556,2.7722,2.7722,2.7586,2.7331,2.6989,2.6588,2.6158,2.5689,2.52,2.4692,2.4213,2.3734,2.3196,2.2639,2.2063,2.1476,2.0919,2.0391,1.9883,1.9423,1.9013,1.8651,1.8377,1.8192,1.8045,1.7957,1.7928,1.7986,1.8074,1.8152,1.827,1.8407,1.8543,1.8671,1.8788,1.8876,1.8925,1.8964,1.8974,1.8954,1.8905,1.8817,1.87,1.8543,1.8368,1.8172,1.7957,1.7761,1.7595,1.7419,1.7234,1.7048,1.6872,1.6696,1.651,1.6315,1.6119,1.5924,1.5767,1.567,1.564,1.5709,1.5943,1.6364,1.6999,1.7859,1.8925,2.0166,2.1535,2.2952,2.434,2.5621,2.6588,2.7322,2.7957,2.8436,2.8729,2.8847,2.8788,2.8602,2.8299,2.7918,2.7458,2.696,2.6471,2.5973,2.5279,2.4643,2.4008,2.3372,2.2727,2.2082,2.1584,2.1007,2.0244,1.9404,1.8827,1.8338,1.7761,1.7253,1.6794,1.6403,1.608,1.5865,1.5689,1.5513,1.5396,1.5298,1.5249,1.522,1.52,1.5171,1.5132,1.5083,1.5015,1.4917,1.479,1.4643,1.4477,1.4282,1.4057,1.3871,1.3705,1.349,1.3255,1.3011,1.2766,1.2522,1.2287,1.2053,1.1818,1.1574,1.1339,1.1163,1.1036,1.0909,1.085,1.0899,1.1124,1.1564,1.2258,1.3206,1.4379,1.5748,1.7273,1.8856,2.0215,2.1408,2.2639,2.3754,2.4682,2.5386,2.5865,2.6149,2.6246,2.6197,2.6022,2.5748,2.5415,2.5054,2.4643,2.4203,2.3734,2.3245,2.2727,2.219,2.1623,2.1036,2.043,1.9824,1.9228,1.8719,1.828,1.784,1.7429,1.7087,1.6804,1.6579,1.6432,1.6364,1.6364,1.6442,1.6588,1.6745,1.6931,1.7146,1.737,1.7605,1.783,1.8025,1.8182,1.8289,1.8358,1.8377,1.8338,1.827,1.8182,1.8084,1.7957,1.7791,1.7625,1.7458,1.7283,1.7116,1.694,1.6774,1.6608,1.6373,1.6129,1.5934,1.5758,1.563,1.5572,1.563,1.5846,1.6285,1.695,1.7849,1.8993,2.0323,2.1779,2.3069,2.4252,2.5533,2.6745,2.781,2.8671,2.9286,2.9658,2.9804,2.9756,2.955,2.9218,2.8817,2.8358,2.783,2.7253,2.6647,2.6022,2.5376,2.4751,2.4115,2.346,2.2776,2.2092,2.1398,2.0772,2.0176,1.9541,1.8895,1.826,1.7654,1.7116,1.6637,1.6227,1.5885,1.5621,1.5425,1.5308,1.523,1.5171,1.5132,1.5103,1.5093,1.5073,1.5054,1.5024,1.4976,1.4907,1.4809,1.4682,1.4555,1.4418,1.4233,1.4027,1.3793,1.3548,1.3314,1.3069,1.2835,1.26,1.2375,1.2141,1.1955,1.1808,1.1613,1.1408,1.1202,1.1026,1.0909,1.0909,1.1085,1.1476,1.2111,1.3001,1.3949,1.4985,1.6266,1.7674,1.912,2.0508,2.176,2.2805,2.3627,2.4203,2.4545,2.4682,2.4643,2.4477,2.4223,2.3881,2.347,2.3001,2.2483,2.1926,2.1349,2.0743,2.0108,1.9462,1.8798,1.8201,1.7625,1.697,1.6276,1.5562,1.4858,1.4184,1.3548,1.2972,1.2454,1.2014,1.1652,1.1378,1.1212,1.1124,1.1075,1.1075,1.1124,1.1212,1.1339,1.1476,1.1593,1.1701,1.1789,1.1857,1.1926,1.1984,1.1994,1.1975,1.1926,1.1857,1.176,1.1652,1.1544,1.1437,1.131,1.1173,1.1026,1.0919,1.0841,1.0723,1.0567,1.0411,1.0254,1.0127,1.0078,1.0166,1.043,1.0899,1.1603,1.2395,1.3314,1.4516,1.5914,1.741,1.8935,2.0401,2.173,2.2874,2.3812,2.4506,2.4985,2.5249,2.5327,2.5269,2.5122,2.4888,2.4575,2.4203,2.3783,2.3333,2.2864,2.2375,2.1857,2.1329,2.0841,2.0362,1.9824,1.9257,1.8671,1.8104,1.7586,1.7107,1.6676,1.6305,1.6002,1.5777,1.5621,1.5543,1.5523,1.5552,1.5621,1.5728,1.5865,1.6012,1.6168,1.6305,1.6403,1.6471,1.652,1.654,1.654,1.651,1.6461,1.6393,1.6285,1.6149,1.5982,1.5797,1.5611,1.5415,1.522,1.5044,1.4907,1.48,1.4682,1.4545,1.4399,1.4242,1.4076,1.392,1.3783,1.3715,1.3754,1.3959,1.4282,1.4761,1.5484,1.6432,1.7566,1.8856,2.0215,2.1574,2.2864,2.4018,2.4985,2.5748,2.6295,2.6608,2.6716,2.6686,2.654,2.6285,2.5943,2.5523,2.5064,2.4585,2.4076,2.3548,2.3001,2.2483,2.1975,2.1398,2.0762,2.0088,1.9374,1.8641,1.7908,1.7195,1.65,1.5836,1.521,1.4643,1.4203,1.3832,1.346,1.3109,1.2805,1.2551,1.2356,1.2199,1.2082,1.2004,1.1945,1.1896,1.1857,1.1838,1.1789,1.1711,1.1623,1.1525,1.1408,1.1271,1.1114,1.0948,1.0772,1.0587,1.044,1.0313,1.0156,1,0.98436,0.96872,0.95308,0.93744,0.9218,0.90909,0.89932,0.89638,0.90323,0.91984,0.95015,0.99902,1.0694,1.1613,1.2727,1.3988,1.5347,1.6735,1.8094,1.9374,2.0518,2.1408,2.2082,2.2698,2.3187,2.3529,2.3734,2.3812,2.3793,2.3685,2.3519,2.3324,2.3099,2.2835,2.2571,2.2307,2.1984,2.1623,2.1241,2.0831,2.0401,1.9951,1.9501,1.9052,1.8631,1.824,1.7908,1.7634,1.737,1.7126,1.6921,1.6764,1.6657,1.6598,1.6579,1.6598,1.6657,1.6725,1.6794,1.6862,1.6931,1.6999,1.7067,1.7107,1.7116,1.7097,1.7048,1.697,1.6862,1.6725,1.6579,1.6442,1.6305,1.6129,1.5943,1.5767,1.5601,1.5435,1.5269,1.5103,1.4936,1.477,1.4604,1.4457,1.436,1.434,1.4418,1.4643,1.5054,1.567,1.6481,1.7468,1.8612,1.9834,2.1075,2.2278,2.3245,2.4027,2.478,2.5415,2.5885,2.6168,2.6276,2.6237,2.607,2.5787,2.5435,2.5015,2.4555,2.4115,2.3675,2.3187,2.2669,2.2121,2.1544,2.0929,2.0303,1.9668,1.9022,1.8377,1.7752,1.7214,1.6725,1.6217,1.5709,1.522,1.477,1.4379,1.4037,1.3754,1.3529,1.3353,1.3226,1.3138,1.3089,1.306,1.3001,1.2913,1.2815,1.2708,1.2581,1.2434,1.2268,1.2092,1.1896,1.1691,1.1535,1.1398,1.1212,1.1007,1.0792,1.0557,1.0323,1.0098,0.98729,0.96579,0.94428,0.92375,0.90518,0.89345,0.88856,0.88661,0.89247,0.913,0.95112,1.0108,1.0929,1.1965,1.3177,1.4506,1.5914,1.7165,1.8299,1.9482,2.0606,2.1593,2.2395,2.3001,2.3421,2.3656,2.3734,2.3705,2.3587,2.3392,2.3167,2.2933,2.2659,2.2366,2.2053,2.1711,2.1349,2.0968,2.0567,2.0147,1.9736,1.9335,1.9003,1.871,1.8407,1.8123,1.7869,1.7634,1.7449,1.7312,1.7224,1.7185,1.7204,1.7263,1.7928,1.8925,1.9521,1.9932,2.0215,2.043,2.0596,2.0723,2.0802,2.0841,2.085,2.0821,2.0762,2.0704,2.0626,2.0528,2.0401,2.0244,2.0068,1.9892,1.9717,1.9541,1.9365,1.9189,1.9013,1.8856,1.8719,1.8563,1.8397,1.825,1.8162,1.8192,1.8387,1.8798,1.9453,2.0342,2.1466,2.2776,2.3988,2.5152,2.6471,2.782,2.9071,3.0176,3.1065,3.173,3.217,3.2375,3.2366,3.218,3.1877,3.1486,3.1017,3.0489,2.9912,2.9316,2.869,2.8045,2.739,2.6716,2.6031,2.5327,2.4604,2.3939,2.3314,2.263,2.1935,2.1241,2.0577,1.9961,1.9384,1.8856,1.8397,1.8016,1.7703,1.7488,1.7331,1.7195,1.7087,1.6999,1.694,1.6901,1.6872,1.6823,1.6774,1.6706,1.6598,1.6461,1.6344,1.6217,1.6031,1.5816,1.5562,1.5288,1.4995,1.4702,1.4418,1.4135,1.3851,1.3568,1.3353,1.3167,1.2903,1.261,1.2317,1.2043,1.1818,1.1691,1.172,1.1945,1.2395,1.3089,1.4047,1.5064,1.6168,1.7527,1.9032,2.0596,2.2111,2.3519,2.4741,2.5748,2.65,2.7019,2.7312,2.74,2.7322,2.7136,2.6862,2.65,2.608,2.563,2.5142,2.4624,2.4086,2.3539,2.2962,2.2356,2.1808,2.1271,2.0655,2,1.9335,1.868,1.8045,1.7458,1.6931,1.6481,1.6119,1.5846,1.5689,1.5611,1.5582,1.5611,1.5689,1.5816,1.5973,1.6139,1.6315,1.651,1.6716,1.6901,1.7067,1.7224,1.7361,1.7478,1.7586,1.7664,1.7722,1.7761,1.7781,1.782,1.7869,1.7918,1.7957,1.7986,1.8016,1.8025,1.8025,1.8006,1.7967,1.7947,1.7967,1.8074,1.8338,1.8788,1.9462,2.0391,2.1359,2.2424,2.3793,2.5347,2.6989,2.8602,3.0108,3.1437,3.2532,3.3353,3.3891,3.4174,3.4194,3.4008,3.3685,3.3245,3.2708,3.2102,3.1457,3.0792,3.0108,2.9413,2.8719,2.8025,2.7322,2.6667,2.6041,2.5357,2.4633,2.3881,2.3148,2.2454,2.1789,2.1173,2.0626,2.0156,1.9765,1.9482,1.9267,1.9091,1.8974,1.8915,1.8915,1.8944,1.8993,1.9042,1.9081,1.911,1.912,1.911,1.9071,1.9003,1.8905,1.8768,1.8602,1.8387,1.8143,1.7889,1.7625,1.7361,1.7097,1.6852,1.6647,1.6471,1.6256,1.6022,1.5777,1.5523,1.478,1.3803,1.3236,1.2933,1.2825,1.2913,1.3138,1.3548,1.4233,1.5181,1.6364,1.7742,1.9247,2.0802,2.2297,2.3666,2.4848,2.5806,2.651,2.6921,2.7097,2.7126,2.7009,2.6755,2.6393,2.5943,2.5425,2.4868,2.4282,2.3666,2.303,2.2454,2.1896,2.1281,2.0606,1.9902,1.9169,1.8426,1.7674,1.6931,1.6217,1.5543,1.4897,1.4311,1.3851,1.349,1.3148,1.2835,1.2571,1.2375,1.2248,1.216,1.2121,1.2111,1.2111,1.2092,1.2102,1.2111,1.2092,1.2043,1.1975,1.1887,1.176,1.1613,1.1457,1.1281,1.1085,1.089,1.0694,1.0547,1.042,1.0244,1.0059,0.98729,0.96872,0.9521,0.93548,0.91984,0.90811,0.90225,0.90518,0.91789,0.94428,0.98827,1.0557,1.1476,1.2659,1.4086,1.567,1.7341,1.9032,2.0655,2.2121,2.3382,2.4291,2.4927,2.5425,2.5738,2.5875,2.5836,2.565,2.5367,2.5005,2.4585,2.4145,2.3705,2.3294,2.2903,2.2493,2.2072,2.1632,2.1163,2.0665,2.0156,1.9638,1.914,1.8661,1.8211,1.7801,1.7478,1.7224,1.7009,1.6843,1.6735,1.6706,1.6735,1.6813,1.6931,1.7067,1.7214,1.7361,1.7498,1.7605,1.7713,1.7801,1.7849,1.7869,1.7869,1.784,1.7771,1.7664,1.7527,1.7361,1.7185,1.7028,1.6891,1.6725,1.6549,1.6373,1.6197,1.6012,1.5826,1.563,1.5455,1.5308,1.5191,1.5132,1.5171,1.5337,1.566,1.6188,1.695,1.7957,1.9179,2.0557,2.2033,2.3519,2.4936,2.6217,2.7175,2.7869,2.8446,2.8847,2.9032,2.9042,2.8886,2.8583,2.8172,2.7664,2.7077,2.6461,2.5885,2.5318,2.4702,2.4057,2.3402,2.2737,2.2053,2.1359,2.0645,1.9912,1.9179,1.8465,1.7771,1.7185,1.6676,1.6149,1.565,1.521,1.4848,1.4555,1.434,1.4194,1.4096,1.4047,1.4037,1.4066,1.4106,1.4125,1.4135,1.4145,1.4145,1.4115,1.4047,1.3949,1.3832,1.3685,1.3509,1.3363,1.3226,1.304,1.2835,1.262,1.2385,1.217,1.1965,1.1769,1.1574,1.1378,1.1173,1.0968,1.0831,1.0743,1.0665,1.0645,1.0743,1.1007,1.1476,1.219,1.3148,1.434,1.5689,1.7136,1.8426,1.9589,2.0802,2.1935,2.2903,2.3666,2.4194,2.4497,2.4594,2.4526,2.4311,2.3978,2.3558,2.3333,2.3196,2.2835,2.2356,2.1818,2.1241,2.0635,1.999,1.9326,1.8641,1.7937,1.7234,1.6618,1.6051,1.5435,1.4809,1.4203,1.3646,1.3148,1.2727,1.2385,1.2121,1.1935,1.1808,1.175,1.176,1.1818,1.1896,1.2004,1.2131,1.2258,1.2375,1.2463,1.2522,1.2551,1.2551,1.2532,1.2512,1.2502,1.2444,1.2366,1.2278,1.218,1.2082,1.1984,1.1877,1.1779,1.1672,1.1574,1.1466,1.1398,1.1359,1.1329,1.1339,1.1427,1.1652,1.2063,1.2688,1.3548,1.4633,1.5924,1.738,1.8729,2,2.1417,2.2835,2.4164,2.5327,2.6276,2.6999,2.7498,2.7781,2.7879,2.7801,2.7586,2.7302,2.695,2.654,2.609,2.5611,2.5122,2.4614,2.4096,2.3548,2.2991,2.2405,2.1808,2.1271,2.0782,2.0254,1.9736,1.9238,1.8778,1.8377,1.8055,1.7801,1.7615,1.7507,1.7458,1.7458,1.7498,1.7566,1.7664,1.7781,1.7898,1.7986,1.8055,1.8104,1.8123,1.8113,1.8065,1.7996,1.7918,1.783,1.7713,1.7566,1.741,1.7253,1.7097,1.694,1.6784,1.6637,1.6491,1.6334,1.6168,1.6022,1.5885,1.5728,1.5572,1.5435,1.5357,1.5367,1.5494,1.5787,1.6285,1.7019,1.7977,1.8954,1.999,2.1261,2.2639,2.4027,2.5318,2.6461,2.74,2.8113,2.8592,2.8847,2.8895,2.8778,2.8534,2.8201,2.7791,2.7312,2.6784,2.6227,2.565,2.5064,2.4467,2.3861,2.3255,2.2639,2.2082,2.1554,2.0958,2.0332,1.9707,1.9081,1.8475,1.7908,1.739,1.6921,1.652,1.6168,1.5875,1.5689,1.5572,1.5494,1.5445,1.5435,1.5455,1.5484,1.5533,1.5572,1.5601,1.5611,1.5591,1.5572,1.5552,1.5484,1.5376,1.5249,1.5093,1.4917,1.4731,1.4516,1.4301,1.4086,1.3881,1.3724,1.3597,1.3451,1.3294,1.3128,1.2962,1.2786,1.262,1.2502,1.2463,1.2542,1.2796,1.3265,1.3851,1.4585,1.5601,1.6833,1.8211,1.9668,2.1114,2.2473,2.3685,2.4692,2.5474,2.6022,2.6325,2.6432,2.6413,2.6246,2.5973,2.5601,2.5161,2.4663,2.4125,2.3558,2.2972,2.2346,2.1701,2.1124,2.0567,1.9932,1.9247,1.8563,1.7869,1.7175,1.65,1.5855,1.5249,1.4692,1.4184,1.3803,1.3509,1.3236,1.3011,1.2854,1.2766,1.2737,1.2493,1.2141,1.2033,1.2033,1.2072,1.2131,1.2209,1.2278,1.2307,1.2326,1.2326,1.2307,1.2258,1.218,1.2082,1.1945,1.1779,1.1593,1.1447,1.1329,1.1202,1.1085,1.0968,1.0841,1.0704,1.0577,1.0459,1.0381,1.0381,1.0528,1.087,1.1339,1.1994,1.2981,1.4272,1.5816,1.7556,1.9404,2.129,2.3099,2.4761,2.6217,2.7419,2.824,2.8768,2.915,2.9345,2.9355,2.9208,2.8944,2.8583,2.8152,2.7674,2.7175,2.6667,2.6129,2.5611,2.5103,2.4536,2.393,2.3304,2.2649,2.1984,2.132,2.0674,2.0078,1.9541,1.9062,1.869,1.8407,1.8162,1.7996,1.7898,1.7879,1.7928,1.8016,1.8152,1.8299,1.8446,1.8573,1.868,1.8759,1.8817,1.8847,1.8837,1.8788,1.87,1.8573,1.8416,1.8231,1.8016,1.7781,1.7556,1.7361,1.7175,1.6979,1.6784,1.6608,1.6413,1.6197,1.5982,1.5777,1.5572,1.5396,1.5279,1.5249,1.5337,1.5572,1.6022,1.6735,1.7732,1.8993,2.0479,2.2121,2.3832,2.5533,2.7116,2.8514,2.9521,3.0225,3.0792,3.1153,3.129,3.1202,3.0919,3.0479,2.9932,2.9296,2.8602,2.7869,2.7107,2.6413,2.5748,2.5024,2.4252,2.346,2.2649,2.1828,2.0997,2.0176,1.9384,1.8631,1.7898,1.7292,1.6774,1.6237,1.5738,1.5298,1.4936,1.4653,1.4457,1.435,1.4311,1.4321,1.435,1.4399,1.4457,1.4506,1.4536,1.4526,1.4487,1.4409,1.4291,1.4145,1.3978,1.3793,1.3578,1.3343,1.3167,1.3001,1.2766,1.2532,1.2307,1.2082,1.1857,1.1642,1.1417,1.1183,1.0929,1.0674,1.0508,1.0401,1.0323,1.0352,1.0547,1.0968,1.1662,1.263,1.3861,1.5327,1.697,1.871,2.045,2.1906,2.3138,2.434,2.5367,2.6149,2.6676,2.694,2.696,2.6784,2.6452,2.6002,2.5455,2.4907,2.436,2.3734,2.3069,2.2356,2.1623,2.086,2.0068,1.9247,1.8397,1.7537,1.6686,1.5846,1.5142,1.4516,1.3851,1.3206,1.261,1.2082,1.1652,1.1329,1.1095,1.0958,1.0899,1.0919,1.0997,1.1114,1.1251,1.1417,1.1584,1.174,1.1887,1.2014,1.2111,1.217,1.219,1.218,1.216,1.2151,1.2131,1.2082,1.2014,1.1935,1.1857,1.1769,1.1681,1.1603,1.1515,1.1408,1.131,1.1271,1.1183,1.1065,1.1065,1.1222,1.1564,1.2151,1.3001,1.4115,1.5484,1.7058,1.8788,2.0596,2.217,2.3558,2.4985,2.6285,2.737,2.8201,2.8749,2.9032,2.9081,2.8935,2.8631,2.8211,2.7742,2.7243,2.6696,2.6109,2.5484,2.4819,2.4125,2.3421,2.2698,2.1984,2.1271,2.0567,1.9892,1.9306,1.8768,1.8201,1.7664,1.7185,1.6774,1.6432,1.6168,1.5992,1.5894,1.5875,1.5924,1.6002,1.609,1.6217,1.6364,1.65,1.6628,1.6735,1.6804,1.6833,1.6813,1.6755,1.6657,1.653,1.6393,1.6256,1.609,1.5885,1.565,1.5406,1.5161,1.4917,1.4682,1.4467,1.4262,1.4057,1.3881,1.3734,1.3568,1.3382,1.3196,1.305,1.2991,1.3089,1.3402,1.3959,1.479,1.5885,1.7224,1.8524,1.9824,2.1339,2.2913,2.4418,2.5767,2.6891,2.7752,2.8328,2.8641,2.871,2.8573,2.8299,2.7918,2.7439,2.6901,2.6305,2.567,2.5015,2.435,2.3685,2.3011,2.2326,2.1623,2.0899,2.0235,1.9599,1.8886,1.8143,1.74,1.6676,1.6012,1.5406,1.4878,1.4418,1.4037,1.3734,1.3548,1.3451,1.3382,1.3353,1.3353,1.3392,1.3441,1.349,1.3529,1.3548,1.3539,1.3509,1.348,1.3431,1.3324,1.3167,1.2981,1.2766,1.2532,1.2287,1.2033,1.1779,1.1535,1.131,1.1105,1.0948,1.0821,1.0645,1.045,1.0235,1.001,0.97752,0.95894,0.94917,0.95503,0.98143,1.0332,1.0987,1.1838,1.3021,1.4457,1.607,1.7771,1.9482,2.1105,2.2551,2.3763,2.4712,2.5367,2.5738,2.5865,2.5806,2.5611,2.5298,2.4878,2.4379,2.3832,2.3265,2.2678,2.2082,2.1466,2.0841,2.0283,1.9736,1.912,1.8465,1.7781,1.7087,1.6383,1.5699,1.5054,1.4457,1.393,1.348,1.3128,1.2903,1.2786,1.2727,1.2727,1.2796,1.2933,1.3109,1.3314,1.3529,1.3744,1.3959,1.4164,1.435,1.4516,1.4673,1.4809,1.4917,1.4995,1.5044,1.5073,1.5073,1.5073,1.5083,1.5103,1.5132,1.5152,1.5171,1.5181,1.5181,1.5152,1.5103,1.5034,1.4966,1.4936,1.5005,1.523,1.566,1.6188,1.6891,1.7928,1.9238,2.0762,2.2414,2.4096,2.5709,2.7165,2.8377,2.9296,2.9922,3.0264,3.0332,3.0196,2.9912,2.9482,2.8954,2.8348,2.7693,2.6931,2.6119,2.5386,2.4702,2.4037,2.3441,2.2884,2.2278,2.1642,2.0978,2.0303,1.9629,1.8974,1.8328,1.7722,1.7155,1.6637,1.6178,1.5836,1.5582,1.5357,1.5191,1.5083,1.5024,1.5015,1.5044,1.5093,1.5161,1.522,1.5259,1.5288,1.5308,1.5288,1.523,1.5122,1.4966,1.478,1.4575,1.434,1.4086,1.3812,1.3548,1.3294,1.3118,1.2962,1.2776,1.259,1.2405,1.2199,1.1984,1.1769,1.1574,1.1408,1.1281,1.1251,1.1339,1.1564,1.1994,1.2678,1.3636,1.4848,1.6256,1.781,1.9413,2.0987,2.2454,2.3754,2.4819,2.5552,2.6002,2.6295,2.6403,2.6334,2.6109,2.5758,2.5298,2.477,2.4203,2.3607,2.2981,2.2414,2.1867,2.1261,2.0616,1.9932,1.9228,1.8504,1.7781,1.7058,1.6334,1.563,1.4956,1.4321,1.3812,1.3392,1.2972,1.26,1.2287,1.2043,1.1857,1.173,1.1652,1.1613,1.1603,1.1613,1.1662,1.1711,1.175,1.176,1.174,1.1681,1.1584,1.1466,1.1329,1.1163,1.0987,1.0811,1.0684,1.0567,1.042,1.0254,1.0078,0.99022,0.97263,0.95503,0.93744,0.92082,0.90616,0.89247,0.88172,0.88074,0.88954,0.90714,0.94233,1,1.0831,1.1906,1.3206,1.4702,1.6315,1.7957,1.956,2.089,2.1984,2.303,2.3939,2.4653,2.5152,2.5435,2.5543,2.5484,2.5308,2.5044,2.4721,2.437,2.4027,2.3685,2.3314,2.2913,2.2483,2.2043,2.1584,2.1114,2.0616,2.0108,1.9599,1.911,1.87,1.8338,1.7986,1.7644,1.7351,1.7107,1.6921,1.6794,1.6716,1.6686,1.6716,1.6794,1.6901,1.6989,1.7077,1.7165,1.7253,1.7322,1.7361,1.7361,1.7331,1.7263,1.7165,1.7048,1.6901,1.6755,1.6608,1.6442,1.6256,1.6061,1.5875,1.5709,1.5552,1.5396,1.5249,1.5093,1.4936,1.478,1.4663,1.4565,1.4467,1.4428,1.4506,1.4741,1.5181,1.5865,1.6774,1.7889,1.9159,2.0518,2.1711,2.2796,2.3939,2.5005,2.5914,2.6618,2.7107,2.738,2.7449,2.7351,2.7126,2.6804,2.6393,2.5953,2.5503,2.4995,2.4457,2.39,2.3333,2.2747,2.2141,2.1515,2.087,2.0225,1.957,1.8983,1.8456,1.7889,1.7322,1.6764,1.6237,1.5767,1.5347,1.4985,1.4682,1.4438,1.4242,1.4106,1.4027,1.4389,1.4976,1.5288,1.5455,1.5533,1.5572,1.5582,1.5552,1.5484,1.5367,1.521,1.5083,1.4946,1.477,1.4565,1.434,1.4106,1.3881,1.3656,1.3431,1.3236,1.306,1.2874,1.2678,1.2522,1.2395,1.2229,1.2033,1.1848,1.172,1.1701,1.1838,1.219,1.2786,1.3607,1.4643,1.5679,1.6764,1.8045,1.9384,2.0684,2.1887,2.2923,2.3754,2.437,2.478,2.4995,2.5024,2.4907,2.4702,2.4418,2.4037,2.3597,2.3109,2.259,2.2053,2.1496,2.0909,2.0313,1.9707,1.9081,1.8514,1.7977,1.738,1.6755,1.6149,1.5572,1.5034,1.4545,1.4135,1.3793,1.3519,1.3314,1.3206,1.3177,1.3177,1.3236,1.3343,1.35,1.3675,1.3851,1.4018,1.4184,1.433,1.4457,1.4555,1.4633,1.4702,1.4741,1.4751,1.4741,1.4721,1.4682,1.4653,1.4624,1.4604,1.4594,1.4594,1.4624,1.4663,1.4692,1.4712,1.4721,1.4751,1.4819,1.4966,1.523,1.564,1.6246,1.7077,1.8133,1.9179,2.0264,2.1603,2.306,2.4536,2.5934,2.7195,2.827,2.912,2.9736,3.0117,3.0293,3.0274,3.0088,2.9795,2.9413,2.8954,2.8436,2.7889,2.7312,2.6725,2.6129,2.5523,2.4897,2.4252,2.3656,2.3089,2.2473,2.1848,2.1251,2.0704,2.0205,1.9756,1.9365,1.9032,1.8768,1.8563,1.8416,1.8328,1.8289,1.828,1.8309,1.8358,1.8416,1.8465,1.8504,1.8534,1.8563,1.8563,1.8543,1.8504,1.8446,1.8348,1.8221,1.8065,1.7898,1.7693,1.7478,1.7243,1.6989,1.6735,1.6491,1.6305,1.6149,1.5982,1.5806,1.5621,1.5415,1.52,1.4995,1.4829,1.4731,1.4731,1.4888,1.5249,1.5728,1.6354,1.7263,1.8407,1.9726,2.1153,2.262,2.4047,2.5367,2.65,2.7429,2.8143,2.8563,2.8768,2.8847,2.8778,2.8573,2.826,2.7859,2.74,2.6911,2.6393,2.5855,2.5298,2.4712,2.4154,2.3607,2.3001,2.2356,2.1681,2.1007,2.0332,1.9677,1.9042,1.8426,1.784,1.7302,1.6882,1.6549,1.6227,1.5953,1.5738,1.5591,1.5484,1.5425,1.5406,1.5406,1.5415,1.5435,1.5445,1.5455,1.5445,1.5386,1.5279,1.5142,1.4966,1.477,1.4565,1.434,1.4106,1.3871,1.3636,1.3451,1.3294,1.3089,1.2854,1.262,1.2375,1.2141,1.1916,1.129,1.0489,1.002,0.97556,0.96774,0.97654,1.002,1.0499,1.1232,1.2229,1.348,1.4946,1.6549,1.824,1.9941,2.1554,2.3011,2.4125,2.4956,2.567,2.6197,2.653,2.6667,2.6637,2.6471,2.6207,2.5855,2.5445,2.4995,2.4506,2.4037,2.3568,2.303,2.2444,2.1818,2.1163,2.0499,1.9824,1.9159,1.8524,1.7928,1.7361,1.6921,1.6569,1.6256,1.6012,1.5846,1.5758,1.5738,1.5787,1.5894,1.6061,1.6266,1.65,1.6725,1.6931,1.7165,1.739,1.7595,1.7761,1.7898,1.8006,1.8074,1.8104,1.8123,1.8123,1.8104,1.8065,1.7996,1.7898,1.7781,1.7654,1.7527,1.739,1.7234,1.7058,1.6882,1.6706,1.6549,1.6442,1.6403,1.6461,1.6696,1.7136,1.7849,1.8827,2.0059,2.1496,2.3079,2.4741,2.6403,2.7957,2.9159,3.0088,3.0938,3.1593,3.2014,3.2199,3.216,3.1916,3.1515,3.0978,3.0352,2.9668,2.9022,2.8377,2.7683,2.697,2.6266,2.5552,2.4829,2.4076,2.3304,2.2522,2.175,2.0987,2.0244,1.9609,1.9042,1.8465,1.7908,1.74,1.696,1.6598,1.6305,1.61,1.5963,1.5894,1.5885,1.5914,1.5953,1.5992,1.6022,1.6041,1.6031,1.5992,1.5924,1.5826,1.5689,1.5513,1.5298,1.5073,1.4878,1.4682,1.4457,1.4203,1.3939,1.3675,1.3421,1.3177,1.2942,1.2717,1.2493,1.2268,1.2111,1.1984,1.1828,1.172,1.1701,1.1828,1.218,1.2786,1.3666,1.4829,1.6246,1.7849,1.957,2.1085,2.2454,2.3891,2.523,2.6354,2.7214,2.7791,2.8094,2.8152,2.8006,2.7683,2.7243,2.6764,2.6246,2.565,2.4995,2.4311,2.3607,2.2893,2.216,2.1408,2.0616,1.9795,1.8944,1.8084,1.7331,1.6657,1.5914,1.5171,1.4457,1.3803,1.3226,1.2727,1.2336,1.2033,1.1818,1.1701,1.1672,1.1701,1.1769,1.1867,1.1984,1.2111,1.2239,1.2346,1.2434,1.2493,1.2532,1.2551,1.2551,1.2551,1.2532,1.2463,1.2366,1.2248,1.2111,1.1965,1.1818,1.1691,1.1584,1.1466,1.1359,1.129,1.1232,1.1134,1.1036,1.0978,1.1007,1.1193,1.1593,1.2278,1.3275,1.4594,1.6188,1.8006,1.9697,2.131,2.3109,2.4888,2.652,2.7918,2.9022,2.9824,3.0323,3.0538,3.0538,3.0342,3.002,2.9599,2.8602,2.7312,2.6373,2.5601,2.4917,2.4262,2.3617,2.2952,2.2278,2.1603,2.0997,2.043,1.9814,1.9198,1.8612,1.8065,1.7566,1.7116,1.6735,1.6432,1.6207,1.6061,1.5982,1.5973,1.6012,1.609,1.6197,1.6305,1.6422,1.6549,1.6657,1.6735,1.6774,1.6774,1.6745,1.6696,1.6628,1.652,1.6383,1.6217,1.6022,1.5806,1.5582,1.5357,1.5132,1.4907,1.4702,1.4497,1.433,1.4194,1.4037,1.3851,1.3646,1.3451,1.3275,1.3148,1.3118,1.3226,1.3519,1.4057,1.4702,1.5513,1.6657,1.8045,1.9599,2.1222,2.2815,2.4291,2.5572,2.6618,2.741,2.7937,2.8211,2.825,2.8113,2.783,2.7439,2.697,2.6432,2.5846,2.5239,2.4633,2.4018,2.3402,2.2766,2.218,2.1613,2.0987,2.0323,1.9638,1.8935,1.8231,1.7546,1.6882,1.6246,1.566,1.5142,1.4702,1.4389,1.4164,1.3978,1.3851,1.3773,1.3754,1.3783,1.3832,1.39,1.3969,1.4027,1.4076,1.4125,1.4145,1.4125,1.4076,1.3988,1.3871,1.3734,1.3568,1.3392,1.3216,1.303,1.2845,1.2669,1.2542,1.2434,1.2307,1.216,1.2004,1.1857,1.1701,1.1535,1.1369,1.1232,1.1163,1.1222,1.1417,1.1769,1.2356,1.3187,1.4262,1.5562,1.7048,1.8622,2.0205,2.172,2.3109,2.4282,2.522,2.5826,2.6178,2.6403,2.6461,2.6364,2.6129,2.5787,2.5367,2.4897,2.4389,2.3861,2.3314,2.2805,2.2317,2.1779,2.1193,2.0577,1.9932,1.9257,1.8583,1.7908,1.7243,1.6598,1.5982,1.5425,1.4985,1.4633,1.4291,1.3978,1.3724,1.3539,1.3421,1.3363,1.3343,1.3372,1.3421,1.348,1.3558,1.3627,1.3685,1.3715,1.3715,1.3685,1.3636,1.3548,1.3441,1.3314,1.3167,1.2991,1.2805,1.2659,1.2522,1.2356,1.218,1.1994,1.1818,1.1632,1.1437,1.1241,1.1065,1.089,1.0753,1.0714,1.0772,1.0948,1.13,1.1896,1.2747,1.3861,1.521,1.6764,1.8426,2.0108,2.173,2.3216,2.436,2.521,2.5953,2.651,2.6833,2.694,2.6852,2.6618,2.6276,2.5836,2.5337,2.48,2.4291,2.3803,2.3275,2.2708,2.2111,2.1496,2.085,2.0186,1.9492,1.8798,1.8113,1.7468,1.6931,1.6461,1.6002,1.5591,1.5239,1.4966,1.477,1.4653,1.4614,1.4624,1.4673,1.48,1.4985,1.5191,1.5415,1.565,1.5875,1.608,1.6266,1.6413,1.652,1.6588,1.6637,1.6647,1.6637,1.6618,1.6588,1.653,1.6461,1.6403,1.6344,1.6266,1.6168,1.6051,1.5914,1.5767,1.5611,1.5445,1.5308,1.522,1.5191,1.5259,1.5494,1.5943,1.6657,1.7644,1.8895,2.0381,2.2023,2.3734,2.5181,2.6432,2.7722,2.8886,2.9814,3.0469,3.086,3.0997,3.0909,3.0616,3.0166,2.9589,2.8944,2.8328,2.7713,2.7038,2.6334,2.5611,2.4878,2.4135,2.3372,2.259,2.1789,2.0987,2.0176,1.9472,1.8827,1.8133,1.7449,1.6784,1.6178,1.564,1.5181,1.4809,1.4516,1.4311,1.4184,1.4115,1.4096,1.4125,1.4164,1.4203,1.4233,1.4242,1.4252,1.4242,1.4203,1.4125,1.4018,1.3881,1.3754,1.3617,1.3412,1.3167,1.2903,1.2639,1.2375,1.2121,1.1887,1.1662,1.1447,1.1232,1.1017,1.085,1.0714,1.0557,1.042,1.0323,1.0323,1.0469,1.0821,1.1437,1.2326,1.349,1.4907,1.6285,1.7664,1.9257,2.0909,2.2483,2.39,2.5083,2.5992,2.6637,2.7028,2.7185,2.7116,2.6872,2.653,2.61,2.5582,2.5005,2.4399,2.3773,2.3128,2.2473,2.1789,2.1075,2.0332,1.956,1.8886,1.825,1.7537,1.6794,1.6041,1.5308,1.4614,1.3959,1.3372,1.2864,1.2454,1.2121,1.1867,1.174,1.1691,1.1662,1.1662,1.1691,1.175,1.1799,1.1848,1.1896,1.1926,1.1945,1.1945,1.1955,1.1965,1.1926,1.1848,1.174,1.1613,1.1466,1.132,1.1193,1.1075,1.0968,1.085,1.0743,1.0665,1.0606,1.0508,1.0411,1.0313,1.0254,1.0264,1.0381,1.0645,1.1124,1.1838,1.2825,1.3881,1.5064,1.6588,1.8338,2.0205,2.2092,2.3891,2.5513,2.6901,2.8016,2.8837,2.9374,2.9668,2.9726,2.9599,2.9365,2.9032,2.8602,2.8113,2.7586,2.7019,2.6432,2.5826,2.5191,2.4526,2.39,2.3304,2.2639,2.1945,2.1261,2.0616,2,1.9443,1.8944,1.8504,1.8143,1.7849,1.7644,1.7517,1.7439,1.741,1.7439,1.7517,1.7625,1.7761,1.7908,1.8035,1.8143,1.8231,1.8319,1.8387,1.8416,1.8426,1.8407,1.8348,1.826,1.8162,1.8035,1.7889,1.7722,1.7546,1.737,1.7234,1.7107,1.697,1.6706,1.6364,1.6109,1.5904,1.5728,1.5562,1.5425,1.5347,1.5357,1.5513,1.5767,1.6158,1.6794,1.7693,1.8827,2.0156,2.1632,2.3157,2.4653,2.6041,2.7243,2.8201,2.8817,2.9159,2.9365,2.9374,2.9198,2.8876,2.8426,2.7879,2.7273,2.6628,2.5963,2.5279,2.4585,2.3949,2.3353,2.2688,2.1965,2.1202,2.042,1.9638,1.8856,1.8094,1.7361,1.6657,1.6012,1.5484,1.5044,1.4604,1.4194,1.3832,1.3548,1.3324,1.3157,1.304,1.2962,1.2913,1.2884,1.2864,1.2854,1.2864,1.2845,1.2796,1.2717,1.26,1.2444,1.2248,1.2033,1.1808,1.1574,1.1329,1.1134,1.0958,1.0723,1.045,1.0186,0.99316,0.9697,0.94721,0.92669,0.90714,0.88954,0.8739,0.86022,0.85435,0.85533,0.86315,0.8827,0.9218,0.98534,1.0743,1.1867,1.3196,1.4682,1.6246,1.781,1.914,2.0254,2.1359,2.2336,2.3109,2.3646,2.3949,2.4057,2.3988,2.3783,2.347,2.3099,2.2678,2.2278,2.1877,2.1427,2.0948,2.043,1.9883,1.9296,1.8661,1.7996,1.7312,1.6618,1.5943,1.5376,1.4897,1.4389,1.391,1.348,1.3118,1.2845,1.2649,1.2532,1.2502,1.2551,1.2659,1.2815,1.3001,1.3216,1.3451,1.3695,1.393,1.4135,1.4311,1.4448,1.4555,1.4653,1.4741,1.4809,1.4868,1.4927,1.4985,1.5034,1.5073,1.5103,1.5142,1.5171,1.5191,1.521,1.522,1.523,1.523,1.5239,1.5249,1.5308,1.5455,1.5728,1.6178,1.6843,1.7752,1.8886,2.0215,2.1691,2.3236,2.4565,2.5728,2.6931,2.8035,2.8944,2.9629,3.0059,3.0244,3.0225,3.0029,2.9697,2.9247,2.8759,2.8231,2.7654,2.7038,2.6403,2.5767,2.5112,2.4448,2.3773,2.3089,2.2395,2.1701,2.0997,2.0381,1.9824,1.9238,1.8661,1.8133,1.7664,1.7273,1.695,1.6706,1.651,1.6373,1.6285,1.6246,1.6237,1.6246,1.6276,1.6325,1.6373,1.6403,1.6403,1.6373,1.6305,1.6188,1.6031,1.5836,1.565,1.5455,1.522,1.4956,1.4663,1.436,1.4047,1.3744,1.3451,1.3157,1.2874,1.26,1.2366,1.216,1.1916,1.1642,1.1359,1.1105,1.0919,1.0831,1.0919,1.1222,1.1779,1.261,1.3695,1.4809,1.5973,1.7361,1.8837,2.0283,2.1623,2.2786,2.3724,2.4399,2.4809,2.4976,2.4936,2.4761,2.4477,2.4076,2.3578,2.3021,2.2434,2.1818,2.1193,2.0567,1.9941,1.9306,1.8671,1.8025,1.7458,1.6931,1.6344,1.5738,1.5142,1.4565,1.4037,1.3558,1.3138,1.2796,1.2542,1.2375,1.2317,1.2346,1.2414,1.2542,1.2737,1.2981,1.3245,1.3509,1.3754,1.3978,1.4184,1.436,1.4497,1.4594,1.4673,1.4731,1.4761,1.477,1.478,1.479,1.4819,1.4858,1.4907,1.4976,1.5064,1.5161,1.5259,1.5347,1.5425,1.5494,1.5552,1.563,1.5728,1.5894,1.6168,1.6608,1.7243,1.8084,1.8944,1.9873,2.1036,2.2336,2.3666,2.4946,2.61,2.7087,2.7869,2.8426,2.8768,2.8895,2.8837,2.8641,2.8338,2.7947,2.7488,2.6979,2.6432,2.5875,2.5308,2.4741,2.4174,2.3597,2.3001,2.2463,2.1945,2.1378,2.0802,2.0225,1.9668,1.9159,1.8719,1.8368,1.8055,1.7722,1.7312,1.6872,1.6432,1.6041,1.6031,1.6745,1.8397,2.0958,2.4106,2.7351,3.0166,3.219,3.3324,3.3685,3.3529,3.3079,3.2473,3.1818,3.1173,3.0538,2.9902,2.9267,2.8631,2.7996,2.737,2.6764,2.6207,2.567,2.5103,2.4536,2.3969,2.3412,2.2845,2.2287,2.174,2.1222,2.0753,2.0381,2.0137,2.0029,2.0078,2.0352,2.0841,2.1525,2.2375,2.3343,2.435,2.5318,2.6168,2.6872,2.741,2.7752,2.8006,2.8299,2.8553,2.8573,2.8045,2.6657,2.4233,2.089,1.6979,1.3011,0.95015,0.69795,0.5347,0.42229,0.35679,0.32063,0.29521,0.27077,0.24438,0.21799,0.19257,0.16911,0.15054,0.13685,0.1349,0.14076,0.14663,0.15738,0.17204,0.19257,0.21799,0.24731,0.27957,0.31378,0.348,0.38319,0.41838,0.45455,0.4868,0.51613,0.54154,0.56305,0.58065,0.59433,0.60606,0.61584,0.62463,0.63148,0.63734,0.64712,0.65787,0.66569,0.67253,0.68035,0.68817,0.69697,0.70772,0.71848,0.72923,0.74096,0.75758,0.77908,0.80938,0.85044,0.90714,0.98143,1.0753,1.1877,1.3177,1.4594,1.6061,1.7527,1.8935,2.0205,2.1193,2.1965,2.2659,2.3206,2.3597,2.3832,2.393,2.392,2.3803,2.3607,2.3363,2.3069,2.2776,2.2463,2.2102,2.1701,2.1271,2.0811,2.0332,1.9844,1.9345,1.8856,1.8397,1.7986,1.7625,1.7341,1.7126,1.695,1.7478,1.8387,1.8866,1.913,1.9296,1.9413,1.9521,1.9619,1.9697,1.9756,1.9795,1.9834,1.9873,1.9902,1.9912,1.9902,1.9873,1.9834,1.9775,1.9697,1.9609,1.9511,1.9423,1.9345,1.9247,1.914,1.9032,1.8925,1.8817,1.8719,1.8622,1.8524,1.8426,1.8319,1.8231,1.8152,1.8065,1.7986,1.7947,1.7967,1.8074,1.8289,1.8622,1.9062,1.9599,2.0205,2.085,2.1417,2.1916,2.2434,2.2913,2.3304,2.3587,2.3763,2.3832,2.3812,2.3705,2.3539,2.3314,2.3069,2.2815,2.2522,2.2199,2.1857,2.1505,2.1144,2.0782,2.0401,2.001,1.9609,1.9198,1.8788,1.8426,1.8113,1.7771,1.564,1.563,1.5621,1.5611,1.5621,1.563,1.563,1.563,1.564,1.5679,1.5767,1.5914,1.6158,1.651,1.697,1.7537,1.8201,1.8827,1.9433,2.0108,2.0802,2.1457,2.2053,2.2561,2.2981,2.3294,2.35,2.3627,2.3675,2.3666,2.3607,2.3519,2.3402,2.3265,2.3109,2.2942,2.2747,2.2542,2.2317,2.2082,2.1838,2.1613,2.1398,2.1163,2.0929,2.0694,2.0479,2.0293,2.0127,1.999,1.9892,1.9824,1.9785,1.9765,1.9756,1.9765,1.9785,1.9804,1.9824,1.9853,1.9883,1.9902,1.9912,1.9902,1.9873,1.9824,1.9785,1.9736,1.9677,1.9609,1.9521,1.9433,1.9335,1.9228,1.912,1.9013,1.8905,1.8798,1.869,1.8602,1.8534,1.8475,1.8407,1.8338,1.827,1.8192,1.8113,1.8055,1.8025,1.8045,1.8143,1.8289,1.8504,1.8847,1.9286,1.9814,2.0411,2.1036,2.1642,2.2209,2.2708,2.3118,2.3431,2.3636,2.3734,2.3744,2.3695,2.3578,2.3402,2.3177,2.2923,2.263,2.2326,2.2014,2.1691,2.1369,2.1075,2.0802,2.0489,2.0156,1.9814,1.9462,1.9101,1.8749,1.8416,1.8104,1.781,1.7537,1.7283,1.7097,1.695,1.6804,1.6676,1.6579,1.651,1.6471,1.6452,1.6461,1.6491,1.653,1.6559,1.6598,1.6647,1.6676,1.6686,1.6686,1.6676,1.6657,1.6628,1.6598,1.6549,1.5386,1.3627,1.2639,1.2111,1.1818,1.1574,1.1369,1.1183,1.1007,1.0841,1.0694,1.0557,1.043,1.0352,1.0352,1.0469,1.0733,1.1183,1.1857,1.2776,1.3939,1.5337,1.6891,1.8534,2.0196,2.1808,2.3304,2.4633,2.565,2.6403,2.7038,2.7517,2.782,2.7947,2.7947,2.782,2.7605,2.7331,2.6989,2.6598,2.6217,2.5826,2.5367,2.4858,2.4301,2.3705,2.3079,2.2444,2.1828,2.1241,2.0684,2.0166,1.9707,1.9365,1.9101,1.8856,1.8661,1.8514,1.8436,1.8426,1.8475,1.8573,1.8719,1.8886,1.9052,1.9198,1.9335,1.9462,1.957,1.9648,1.9707,1.9746,1.9765,1.9756,1.9707,1.9629,1.9521,1.9384,1.9257,1.915,1.9022,1.8905,1.8798,1.869,1.8583,1.8475,1.8348,1.8221,1.8074,1.7918,1.7801,1.7713,1.7644,1.7654,1.7791,1.8123,1.869,1.9501,2.0557,2.1818,2.3245,2.477,2.61,2.7283,2.8553,2.9765,3.0831,3.1681,3.2297,3.2688,3.2864,3.2845,3.2669,3.2375,3.1975,3.1515,3.1007,3.043,2.9814,2.9159,2.8475,2.7771,2.7048,2.6315,2.5562,2.479,2.4018,2.3333,2.2708,2.2033,2.1339,2.0665,2.0029,1.9443,1.8935,1.8495,1.8133,1.7849,1.7634,1.7458,1.7361,1.7312,1.7263,1.7214,1.7155,1.7087,1.7009,1.6931,1.6833,1.6716,1.6569,1.6393,1.6237,1.609,1.5894,1.5679,1.5455,1.522,1.5015,1.4829,1.4653,1.4477,1.4282,1.4096,1.392,1.3793,1.3695,1.3558,1.3392,1.3236,1.3128,1.3109,1.3245,1.3587,1.4154,1.4966,1.6022,1.7107,1.824,1.9599,2.1065,2.2522,2.39,2.5152,2.6217,2.7058,2.7683,2.8094,2.8309,2.8348,2.825,2.8035,2.7703,2.7273,2.6774,2.6217,2.5621,2.5005,2.436,2.3675,2.2981,2.2258,2.1613,2.1007,2.0303,1.955,1.8778,1.8025,1.7312,1.6637,1.6022,1.5484,1.5034,1.4673,1.4399,1.4242,1.4174,1.4145,1.4164,1.4233,1.433,1.4448,1.4575,1.4702,1.48,1.4858,1.4907,1.4956,1.4995,1.4995,1.4956,1.4897,1.4829,1.4751,1.4653,1.4545,1.4418,1.4311,1.4223,1.4145,1.4106,1.4096,1.4066,1.4047,1.4037,1.4047,1.4115,1.4272,1.4565,1.5044,1.5748,1.6696,1.7703,1.8827,2.0274,2.1935,2.3157,2.4066,2.5269,2.651,2.7674,2.868,2.9482,3.0059,3.0411,3.0538,3.0518,3.0401,3.0166,2.9844,2.9443,2.8993,2.8504,2.7977,2.741,2.6823,2.6207,2.563,2.5073,2.4477,2.3871,2.3284,2.2727,2.2209,2.174,2.1329,2.0978,2.0684,2.0469,2.0313,2.0215,2.0166,2.0166,2.0215,2.0303,2.0411,2.0528,2.0645,2.0762,2.088,2.0978,2.1046,2.1065,2.1056,2.1026,2.0968,2.088,2.0762,2.0635,2.0499,2.0342,2.0166,1.998,1.9775,1.955,1.9355,1.9169,1.8974,1.8778,1.8573,1.8368,1.8152,1.7918,1.7683,1.7478,1.7331,1.7302,1.738,1.7595,1.8016,1.8661,1.9541,2.0645,2.1916,2.3284,2.4682,2.6031,2.7273,2.8358,2.914,2.9658,3.0068,3.0313,3.0371,3.0235,2.9932,2.9492,2.8944,2.8319,2.7654,2.696,2.6227,2.5533,2.4878,2.4164,2.3421,2.263,2.1808,2.0968,2.0117,1.9267,1.8446,1.7654,1.6901,1.6285,1.5767,1.523,1.4731,1.4301,1.3939,1.3646,1.3412,1.3255,1.3157,1.3099,1.3069,1.306,1.3079,1.3099,1.3099,1.3079,1.304,1.2981,1.2903,1.2815,1.2708,1.2581,1.2434,1.2297,1.2209,1.2131,1.2023,1.1896,1.176,1.1623,1.1496,1.1378,1.1271,1.1144,1.1017,1.0899,1.0802,1.0782,1.0841,1.0978,1.1271,1.1789,1.2571,1.3617,1.4927,1.6452,1.8133,1.9912,2.1701,2.3216,2.4526,2.5855,2.7067,2.8074,2.8847,2.9384,2.9687,2.9785,2.9726,2.9541,2.9257,2.8895,2.8514,2.8104,2.7654,2.7175,2.6676,2.6158,2.5611,2.5054,2.4487,2.392,2.3343,2.2776,2.2287,2.1848,2.1398,2.0978,2.0596,2.0274,2.001,1.9824,1.9717,1.9677,1.9687,1.9756,1.9863,1.9971,2.0068,2.0196,2.0313,2.0401,2.0469,2.0499,2.0499,2.0459,2.0391,2.0313,2.0215,2.0117,2.001,1.9883,1.9746,1.9599,1.9433,1.9267,1.9091,1.8915,1.8749,1.8592,1.8436,1.828,1.8133,1.7986,1.783,1.7713,1.7683,1.7781,1.8055,1.8573,1.9345,2.0381,2.1672,2.3157,2.4516,2.5816,2.7292,2.8768,3.0127,3.131,3.2258,3.2942,3.3372,3.3578,3.3568,3.3363,3.3011,3.2581,3.2082,3.1486,3.0802,3.0068,2.9296,2.8495,2.7674,2.6833,2.5973,2.4467,2.2659,2.1427,2.0489,1.9619,1.8788,1.8006,1.7273,1.6588,1.5973,1.5425,1.4936,1.4526,1.4194,1.3959,1.3822,1.3754,1.3724,1.3734,1.3773,1.3842,1.391,1.3959,1.3988,1.3998,1.3978,1.392,1.3851,1.3763,1.3627,1.3441,1.3216,1.2981,1.2717,1.2444,1.216,1.1877,1.1603,1.1329,1.1105,1.0909,1.0665,1.0401,1.0147,0.99022,0.97067,0.95894,0.95992,0.97654,1.0137,1.0723,1.1544,1.2434,1.3431,1.4692,1.6119,1.7615,1.9091,2.0469,2.1672,2.2659,2.3421,2.3939,2.4242,2.435,2.4311,2.4164,2.391,2.3587,2.3206,2.2776,2.2326,2.1848,2.1349,2.0831,2.0293,1.9746,1.9247,1.8768,1.8221,1.7644,1.7048,1.6442,1.5865,1.5318,1.4809,1.436,1.3998,1.3734,1.3568,1.349,1.347,1.3509,1.3597,1.3705,1.3842,1.3988,1.4135,1.4282,1.4409,1.4506,1.4575,1.4633,1.4682,1.4721,1.4741,1.4751,1.4761,1.478,1.4819,1.4878,1.4946,1.5024,1.5112,1.5181,1.5239,1.5298,1.5337,1.5357,1.5367,1.5376,1.5415,1.5494,1.564,1.5894,1.6305,1.6901,1.7566,1.8348,1.9423,2.0704,2.2131,2.3617,2.5083,2.6452,2.7664,2.8651,2.9394,2.9873,3.0078,3.0068,2.9922,2.9648,2.9257,2.8778,2.825,2.7683,2.7087,2.6481,2.5875,2.5259,2.4633,2.4047,2.348,2.2884,2.2278,2.1652,2.1046,2.0469,1.9922,1.9404,1.8925,1.8495,1.8123,1.7849,1.7644,1.7468,1.7351,1.7292,1.7283,1.7312,1.738,1.7468,1.7546,1.7605,1.7644,1.7654,1.7644,1.7615,1.7556,1.7468,1.7341,1.7175,1.6989,1.6774,1.653,1.6276,1.6022,1.5767,1.5552,1.5357,1.5142,1.4927,1.4702,1.4487,1.4252,1.4018,1.3773,1.3509,1.3255,1.304,1.2903,1.2864,1.2952,1.3196,1.3666,1.436,1.5288,1.6413,1.7674,1.9003,2.0313,2.1535,2.259,2.3343,2.3851,2.4223,2.4409,2.4389,2.4194,2.3851,2.3392,2.2845,2.2239,2.1593,2.0929,2.0254,1.9648,1.9081,1.8446,1.7791,1.7116,1.6413,1.5689,1.4946,1.4194,1.3451,1.2747,1.2082,1.1544,1.1105,1.0655,1.0244,0.99022,0.96383,0.94624,0.93646,0.93451,0.94037,0.9521,0.96676,0.9824,1,1.0186,1.0362,1.0518,1.0821,1.1193,1.1408,1.1535,1.1613,1.1632,1.1613,1.1564,1.1525,1.1496,1.1427,1.1349,1.1281,1.1232,1.1193,1.1173,1.1173,1.1193,1.1212,1.1271,1.1369,1.1525,1.1769,1.2141,1.2669,1.3392,1.433,1.5464,1.6764,1.8192,1.9677,2.1144,2.2512,2.3597,2.4438,2.5191,2.5787,2.6178,2.6373,2.6383,2.6227,2.5953,2.5572,2.5122,2.4633,2.4154,2.3675,2.3157,2.262,2.2053,2.1476,2.089,2.0293,1.9697,1.9101,1.8524,1.7967,1.7439,1.6999,1.6628,1.6256,1.5914,1.5601,1.5347,1.5171,1.5054,1.4995,1.4966,1.4976,1.5005,1.5054,1.5122,1.5181,1.523,1.5269,1.5288,1.5239,1.5171,1.5103,1.4985,1.4839,1.4653,1.4448,1.4272,1.4096,1.3871,1.3646,1.3421,1.3196,1.2981,1.2776,1.2561,1.2346,1.2131,1.1906,1.173,1.1574,1.1378,1.1193,1.1065,1.1036,1.1153,1.1457,1.1955,1.2669,1.3587,1.4663,1.5846,1.6921,1.7918,1.8974,1.9971,2.0841,2.1544,2.2063,2.2395,2.2551,2.2551,2.2414,2.217,2.1867,2.1525,2.1114,2.0655,2.0166,1.9648,1.911,1.8563,1.8016,1.7449,1.6862,1.6266,1.567,1.5152,1.4692,1.4194,1.3675,1.3167,1.2698,1.2287,1.1945,1.1672,1.1466,1.132,1.1232,1.1212,1.1241,1.129,1.1369,1.1476,1.1603,1.175,1.1887,1.2023,1.2141,1.2229,1.2307,1.2395,1.2493,1.26,1.2698,1.2796,1.2903,1.3021,1.3148,1.3284,1.3412,1.3539,1.3656,1.3763,1.3861,1.3949,1.4018,1.4096,1.4164,1.4272,1.4457,1.4761,1.522,1.5846,1.6657,1.7634,1.8749,1.9775,2.0743,2.1818,2.2884,2.3861,2.4702,2.5367,2.5846,2.6139,2.6246,2.6217,2.6051,2.5816,2.5523,2.5152,2.4731,2.4272,2.3793,2.3294,2.2796,2.2287,2.1632,2.1046,2.0606,2.0117,1.9668,1.9247,1.8778,1.8309,1.7859,1.7439,1.7048,1.6696,1.6383,1.6109,1.5885,1.5709,1.5582,1.5494,1.5425,1.5376,1.5347,1.5337,1.5318,1.5298,1.5269,1.521,1.5122,1.5024,1.4917,1.4819,1.4721,1.4575,1.4409,1.4233,1.4047,1.3842,1.3617,1.3402,1.3187,1.2981,1.2786,1.2639,1.2502,1.2326,1.2121,1.1896,1.1672,1.1466,1.132,1.1271,1.1339,1.1574,1.1906,1.2326,1.303,1.4086,1.5376,1.6813,1.8299,1.9756,2.1095,2.2268,2.3245,2.4008,2.4526,2.4819,2.4907,2.4848,2.4673,2.4379,2.3998,2.3558,2.3069,2.2542,2.1994,2.1417,2.0821,2.0215,1.9677,1.9159,1.8573,1.7957,1.7322,1.6676,1.6051,1.5455,1.4897,1.4379,1.391,1.35,1.3157,1.2923,1.2776,1.2659,1.259,1.2581,1.262,1.2698,1.2805,1.2923,1.304,1.3148,1.3245,1.3333,1.3402,1.346,1.35,1.3519,1.3519,1.349,1.3441,1.3372,1.3294,1.3226,1.3157,1.3109,1.3099,1.3099,1.3089,1.306,1.3021,1.2991,1.2962,1.2962,1.3021,1.3167,1.3451,1.3939,1.4819,1.5709,1.65,1.7664,1.9091,2.0674,2.2336,2.3978,2.5513,2.6882,2.8045,2.8954,2.9619,3,3.0147,3.0166,3.0029,2.9775,2.9394,2.8925,2.8407,2.7849,2.7253,2.6637,2.5992,2.5406,2.4829,2.4194,2.3519,2.2825,2.2121,2.1427,2.0772,2.0156,1.9589,1.9081,1.8641,1.828,1.8016,1.782,1.7654,1.7527,1.7458,1.7429,1.7449,1.7507,1.7586,1.7664,1.7742,1.7791,1.783,1.783,1.7791,1.7713,1.7595,1.7439,1.7243,1.7028,1.6784,1.652,1.6237,1.5953,1.5679,1.5445,1.5239,1.5034,1.4839,1.4643,1.4457,1.4272,1.4076,1.3871,1.3666,1.347,1.3333,1.3284,1.3333,1.3539,1.3959,1.4624,1.5543,1.6696,1.8055,1.956,2.1144,2.2747,2.4272,2.563,2.6647,2.739,2.8006,2.8407,2.8583,2.8543,2.8319,2.7937,2.7449,2.6872,2.6246,2.5582,2.4956,2.434,2.3666,2.2942,2.219,2.1408,2.0606,1.9785,1.8954,1.8113,1.7263,1.6432,1.563,1.4976,1.4418,1.3851,1.3314,1.2835,1.2434,1.2111,1.1887,1.175,1.1691,1.1701,1.176,1.1867,1.2014,1.2151,1.2307,1.2434,1.2512,1.2581,1.261,1.262,1.261,1.2571,1.2502,1.2454,1.2405,1.2326,1.2239,1.2151,1.2063,1.1984,1.1906,1.1828,1.174,1.1642,1.1525,1.1408,1.1349,1.1329,1.1349,1.1466,1.175,1.2248,1.3001,1.4018,1.5269,1.6706,1.8289,1.9951,2.1388,2.2669,2.3988,2.52,2.6217,2.7019,2.7566,2.7879,2.7977,2.7889,2.7654,2.7292,2.6852,2.6393,2.5924,2.5386,2.479,2.4145,2.3265,2.2248,2.1349,2.0489,1.9629,1.8759,1.7889,1.7136,1.6452,1.5728,1.4995,1.4291,1.3646,1.305,1.2532,1.2092,1.173,1.1447,1.1232,1.1095,1.1046,1.1046,1.1046,1.1046,1.1046,1.1046,1.1036,1.1017,1.0987,1.0938,1.087,1.0772,1.0684,1.0616,1.0499,1.0352,1.0176,0.99902,0.98045,0.96188,0.9433,0.92669,0.91105,0.89736,0.88368,0.8739,0.86804,0.85924,0.85239,0.85239,0.8651,0.89736,0.9521,1.0323,1.1378,1.2669,1.4164,1.5572,1.6931,1.8456,1.9971,2.1378,2.26,2.3597,2.434,2.4839,2.5093,2.5142,2.5024,2.478,2.4477,2.4135,2.3587,2.306,2.2659,2.2199,2.1535,2.0919,2.0459,1.9932,1.9198,1.8524,1.8104,1.7674,1.7195,1.6696,1.6217,1.5777,1.5396,1.5093,1.4858,1.4702,1.4633,1.4633,1.4712,1.4839,1.4995,1.5171,1.5386,1.5601,1.5797,1.5973,1.6139,1.6266,1.6354,1.6383,1.6373,1.6344,1.6295,1.6197,1.609,1.5973,1.5846,1.5718,1.5591,1.5464,1.5337,1.522,1.5112,1.5005,1.4927,1.4848,1.4731,1.4575,1.4438,1.437,1.4379,1.4653,1.5024,1.5425,1.6432,1.7713,1.8524,1.9316,2.087,2.2776,2.4399,2.5758,2.6843,2.7556,2.8065,2.8465,2.8622,2.8583,2.8407,2.8123,2.7752,2.7312,2.6804,2.6256,2.567,2.5064,2.4438,2.3812,2.3177,2.2522,2.1916,2.1339,2.0704,2.0039,1.9365,1.868,1.8016,1.738,1.6911,1.6413,1.5806,1.5327,1.4936,1.4653,1.4438,1.4242,1.4096,1.3998,1.3939,1.391,1.39,1.3891,1.3871,1.3822,1.3734,1.3656,1.3558,1.3412,1.3255,1.3089,1.2913,1.2708,1.2493,1.2268,1.2043,1.1828,1.1632,1.1486,1.1359,1.1202,1.1046,1.087,1.0674,1.0459,1.0254,1.0078,0.99707,0.99609,1.0108,1.045,1.0909,1.1525,1.2414,1.3539,1.4868,1.6344,1.7869,1.9384,2.0821,2.2111,2.3196,2.4057,2.4624,2.4956,2.5161,2.522,2.5152,2.4985,2.4712,2.434,2.39,2.3412,2.2884,2.2336,2.1769,2.1251,2.0753,2.0176,1.9541,1.8866,1.8172,1.7449,1.6725,1.6041,1.5386,1.478,1.4223,1.3783,1.3441,1.3118,1.2825,1.259,1.2405,1.2278,1.2219,1.2199,1.2219,1.2258,1.2307,1.2708,1.3304,1.3636,1.3803,1.3861,1.3851,1.3793,1.3695,1.3568,1.3441,1.3314,1.3187,1.306,1.2981,1.2903,1.2776,1.263,1.2493,1.2366,1.2219,1.2072,1.1916,1.176,1.1642,1.1574,1.1584,1.1701,1.1965,1.2424,1.3118,1.4047,1.52,1.6549,1.8035,1.9589,2.1144,2.262,2.3969,2.5005,2.5797,2.65,2.7028,2.7361,2.7498,2.7478,2.7341,2.7116,2.6823,2.6481,2.61,2.5679,2.5288,2.4897,2.4477,2.4037,2.3578,2.3089,2.2571,2.2033,2.1496,2.0978,2.0469,2.001,1.9638,1.9326,1.9022,1.8768,1.8592,1.8485,1.8436,1.8436,1.8485,1.8573,1.868,1.8788,1.8886,1.8954,1.9013,1.9062,1.9062,1.9032,1.8983,1.8895,1.8788,1.8671,1.8553,1.8436,1.8309,1.8192,1.8074,1.7937,1.7791,1.7644,1.7507,1.738,1.7263,1.7146,1.7009,1.6852,1.6696,1.6549,1.6452,1.6393,1.6364,1.6442,1.6657,1.7058,1.7674,1.8534,1.9629,2.0938,2.2414,2.3988,2.5347,2.6549,2.781,2.9003,3.001,3.0782,3.131,3.1584,3.1632,3.1496,3.1193,3.0772,3.0264,2.9736,2.9189,2.8583,2.7957,2.7312,2.6647,2.5973,2.5298,2.4614,2.39,2.3187,2.2454,2.1799,2.1183,2.0518,1.9834,1.9189,1.8583,1.8045,1.7586,1.7204,1.6882,1.6637,1.6461,1.6334,1.6276,1.6256,1.6266,1.6285,1.6315,1.6344,1.6354,1.6344,1.6305,1.6217,1.607,1.5885,1.5699,1.5513,1.5259,1.4966,1.4643,1.4311,1.3988,1.3685,1.3412,1.3148,1.2893,1.2659,1.2483,1.2336,1.2151,1.1935,1.174,1.1574,1.1476,1.1486,1.1642,1.2004,1.261,1.347,1.4594,1.5738,1.695,1.8436,2.0068,2.174,2.3363,2.4848,2.6149,2.7195,2.7967,2.8495,2.8798,2.8866,2.8768,2.8553,2.824,2.7849,2.741,2.6931,2.6422,2.5894,2.5337,2.4761,2.4164,2.3548,2.2981,2.2444,2.1848,2.1241,2.0635,2.0039,1.9472,1.8954,1.8504,1.8113,1.7781,1.7527,1.737,1.7283,1.7243,1.7263,1.7331,1.7439,1.7576,1.7713,1.783,1.7937,1.8045,1.8143,1.8221,1.828,1.8319,1.8338,1.8338,1.8309,1.8231,1.8123,1.7996,1.784,1.7674,1.7517,1.7361,1.7243,1.7146,1.7038,1.6921,1.6794,1.6667,1.6197,1.5572,1.5269,1.5191,1.5327,1.5689,1.6295,1.6989,1.782,1.8954,2.0293,2.1769,2.3284,2.4751,2.6109,2.7292,2.824,2.8944,2.9404,2.9599,2.957,2.9413,2.913,2.8749,2.828,2.7742,2.7165,2.6559,2.5934,2.5298,2.4643,2.3969,2.3363,2.2786,2.2151,2.1496,2.0841,2.0176,1.9511,1.8856,1.8231,1.7644,1.7107,1.6608,1.6227,1.5943,1.5709,1.5523,1.5406,1.5337,1.5308,1.5308,1.5318,1.5327,1.5347,1.5357,1.5347,1.5337,1.5308,1.5239,1.5122,1.4976,1.478,1.4555,1.4311,1.4066,1.3822,1.3578,1.3343,1.3157,1.3001,1.2835,1.2678,1.2522,1.2366,1.2209,1.2053,1.1896,1.175,1.1632,1.1574,1.1613,1.175,1.2023,1.2473,1.3128,1.3978,1.5034,1.6266,1.7615,1.9032,2.044,2.176,2.2913,2.3763,2.436,2.4839,2.5132,2.522,2.5112,2.4839,2.4428,2.392,2.3353,2.2757,2.216,2.1574,2.1065,2.0587,2.0059,1.9531,1.8993,1.8416,1.782,1.7195,1.6569,1.5943,1.5347,1.478,1.434,1.3978,1.3617,1.3284,1.3011,1.2796,1.262,1.2502,1.2444,1.2424,1.2454,1.2532,1.2649,1.2786,1.2923,1.304,1.3138,1.3206,1.3255,1.3265,1.3245,1.3177,1.3079,1.2942,1.2776,1.263,1.2493,1.2326,1.216,1.2004,1.1867,1.173,1.1603,1.1476,1.1349,1.1212,1.1095,1.1036,1.1026,1.1056,1.1173,1.1447,1.1926,1.263,1.3548,1.4682,1.5992,1.7419,1.8905,2.0371,2.1603,2.2639,2.3666,2.4565,2.5288,2.5797,2.609,2.6188,2.6109,2.5894,2.5562,2.5171,2.478,2.4389,2.3959,2.3509,2.303,2.2512,2.1955,2.1388,2.0811,2.0235,1.9677,1.915,1.8671,1.8289,1.7967,1.7644,1.7341,1.7077,1.6862,1.6716,1.6618,1.6579,1.6588,1.6647,1.6716,1.6784,1.6843,1.6901,1.694,1.696,1.697,1.696,1.6931,1.6882,1.6823,1.6735,1.6598,1.6413,1.6227,1.6041,1.5826,1.5591,1.5357,1.5122,1.4888,1.4653,1.4418,1.4194,1.3988,1.3793,1.3636,1.349,1.3314,1.3148,1.3001,1.2903,1.2884,1.2972,1.3216,1.3636,1.4233,1.5015,1.5963,1.6891,1.782,1.8895,2.002,2.1095,2.2063,2.2884,2.3519,2.3969,2.4233,2.4321,2.4242,2.3988,2.3617,2.3196,2.2717,2.2199,2.1672,2.1124,2.0577,2.0039,1.9511,1.8983,1.8456,1.7918,1.7449,1.6999,1.6491,1.5982,1.5484,1.4995,1.4536,1.4106,1.3734,1.3412,1.3138,1.2923,1.2796,1.2727,1.2678,1.2659,1.2649,1.2659,1.2659,1.2659,1.2659,1.2659,1.2639,1.259,1.2512,1.2444,1.2375,1.2278,1.2151,1.2004,1.1857,1.1701,1.1544,1.1388,1.1232,1.1065,1.0919,1.0811,1.0733,1.0626,1.0508,1.0401,1.0303,1.0225,1.0166,1.0147,1.0196,1.0332,1.0596,1.1017,1.1525,1.2141,1.2962,1.3939,1.5034,1.6188,1.7331,1.8407,1.9365,2.0176,2.0831,2.13,2.1574,2.1691,2.1701,2.1603,2.1408,2.1134,2.0802,2.043,2.002,1.958,1.912,1.8631,1.8113,1.7654,1.7214,1.6716,1.6178,1.564,1.5093,1.4555,1.4037,1.3548,1.3069,1.263,1.2239,1.1945,1.172,1.1496,1.13,1.1163,1.1085,1.1075,1.1124,1.1212,1.132,1.1437,1.1564,1.1691,1.1818,1.1945,1.2053,1.2141,1.219,1.2219,1.2219,1.2209,1.218,1.2121,1.2043,1.1965,1.1926,1.1916,1.1887,1.1857,1.1828,1.1789,1.175,1.1711,1.1681,1.1681,1.175,1.1916,1.2141,1.2444,1.2884,1.348,1.4223,1.5122,1.6158,1.7302,1.8495,1.9697,2.085,2.1926,2.2884,2.3607,2.4145,2.4633,2.5005,2.522,2.5298,2.5249,2.5093,2.4848,2.4545,2.4203,2.3822,2.3441,2.305,2.261,2.2151,2.1681,2.1202,2.0723,2.0254,1.9775,1.9326,1.8905,1.8514,1.8152,1.7859,1.7625,1.7439,1.7312,1.7234,1.7214,1.7224,1.7253,1.7283,1.7312,1.7331,1.7341,1.7341,1.7322,1.7302,1.7283,1.7263,1.7224,1.7155,1.7058,1.695,1.6823,1.6667,1.65,1.6344,1.6207,1.607,1.5894,1.5699,1.5494,1.5298,1.5103,1.4936,1.48,1.4692,1.4604,1.4526,1.4467,1.4428,1.437,1.433,1.433,1.4428,1.4673,1.5083,1.567,1.6442,1.739,1.8504,1.9726,2.0841,2.1877,2.3011,2.4135,2.5152,2.6012,2.6686,2.7165,2.7449,2.7546,2.7478,2.7273,2.6989,2.6628,2.6188,2.5689,2.5161,2.4594,2.3998,2.3382,2.2747,2.2092,2.1427,2.0733,2.0029,1.9404,1.8827,1.8201,1.7556,1.6921,1.6295,1.5836,1.5474,1.5064,1.4682,1.434,1.4057,1.3861,1.3724,1.3617,1.3519,1.3451,1.3402,1.3382,1.3372,1.3363,1.3343,1.3284,1.3187,1.3069,1.2962,1.2854,1.2698,1.2542,1.2405,1.2278,1.2141,1.1994,1.1838,1.1662,1.1505,1.1359,1.1271,1.1222,1.1163,1.1105,1.1075,1.1105,1.1202,1.1398,1.174,1.2278,1.304,1.4037,1.5259,1.6461,1.7722,1.9257,2.0929,2.263,2.4272,2.5787,2.7107,2.8201,2.9032,2.9619,2.9971,3.0098,3.0039,2.9873,2.9589,2.9208,2.8759,2.825,2.7732,2.7195,2.6647,2.608,2.5494,2.4936,2.4399,2.3812,2.3216,2.262,2.2043,2.1476,2.0938,2.0459,2.0029,1.9668,1.9384,1.9179,1.9052,1.8974,1.8954,1.8993,1.9081,1.9198,1.9316,1.9423,1.9501,1.955,1.958,1.957,1.9531,1.9472,1.9394,1.9306,1.9198,1.9062,1.8876,1.8661,1.8426,1.8192,1.7937,1.7664,1.739,1.7175,1.6989,1.6784,1.6588,1.6393,1.6207,1.6031,1.5875,1.5748,1.564,1.5552,1.5533,1.5611,1.5806,1.6188,1.6813,1.7703,1.8847,2.0205,2.174,2.3402,2.5112,2.6804,2.8368,2.9746,3.0733,3.1417,3.1955,3.2278,3.2366,3.2239,3.1926,3.1466,3.0899,3.0254,2.956,2.8847,2.8182,2.7537,2.6852,2.6139,2.5396,2.4643,2.3871,2.3069,2.2248,2.1417,2.0587,1.9765,1.8983,1.8319,1.7732,1.7126,1.6559,1.608,1.5679,1.5337,1.5054,1.4829,1.4653,1.4506,1.4379,1.4301,1.4252,1.4194,1.4115,1.4018,1.39,1.3734,1.3539,1.3304,1.304,1.2766,1.2493,1.2209,1.1975,1.175,1.1486,1.1202,1.0899,1.0587,1.0303,1.0039,0.97947,0.95797,0.93744,0.91887,0.90811,0.90127,0.89345,0.89052,0.89932,0.92473,0.97165,1.043,1.1408,1.2659,1.4125,1.5758,1.7517,1.9081,2.0499,2.2004,2.3421,2.4653,2.564,2.6354,2.6804,2.7019,2.7048,2.694,2.6696,2.6364,2.5982,2.5523,2.5005,2.4428,2.3822,2.3187,2.2532,2.1887,2.1251,2.0606,1.9961,1.9296,1.87,1.8152,1.7586,1.7038,1.6549,1.6139,1.5826,1.5601,1.5474,1.5425,1.5455,1.5562,1.5699,1.5865,1.607,1.6325,1.6598,1.6872,1.7146,1.74,1.7634,1.784,1.8006,1.8104,1.8143,1.8065,1.7928,1.783,1.7732,1.7625,1.7507,1.738,1.7253,1.7107,1.695,1.6804,1.6657,1.653,1.6413,1.6295,1.6188,1.61,1.6041,1.6051,1.6188,1.6481,1.697,1.7693,1.8631,1.9775,2.089,2.1984,2.3275,2.4624,2.5924,2.7107,2.8113,2.8915,2.9482,2.9834,2.998,2.9932,2.9726,2.9423,2.9032,2.8583,2.8094,2.7586,2.7048,2.6491,2.5924,2.5367,2.48,2.4223,2.3685,2.3157,2.2571,2.1945,2.1281,2.0606,1.9951,1.9335,1.8759,1.825,1.781,1.7429,1.7097,1.6833,1.6628,1.6422,1.6237,1.608,1.5963,1.5875,1.5797,1.5738,1.5689,1.563,1.5552,1.5464,1.5357,1.5191,1.4985,1.4741,1.4487,1.4223,1.3978,1.3734,1.349,1.3255,1.3021,1.2776,1.2571,1.2395,1.219,1.1965,1.172,1.1476,1.1241,1.1026,1.0841,1.0714,1.0694,1.0802,1.1026,1.1398,1.1994,1.2796,1.3793,1.4976,1.6285,1.7654,1.9032,2.0332,2.1486,2.2463,2.3216,2.3715,2.3988,2.4135,2.4145,2.4018,2.3773,2.3441,2.305,2.262,2.218,2.175,2.132,2.0919,2.0508,2.002,1.9472,1.8876,1.824,1.7595,1.695,1.6334,1.5767,1.5259,1.48,1.4389,1.4076,1.3822,1.3548,1.3294,1.3089,1.2942,1.2884,1.2893,1.2962,1.3069,1.3216,1.3353,1.349,1.3617,1.3734,1.3832,1.39,1.3949,1.3978,1.3978,1.3949,1.3881,1.3763,1.3617,1.3451,1.3324,1.3226,1.3118,1.304,1.2981,1.2933,1.2893,1.2845,1.2796,1.2747,1.2727,1.2757,1.2845,1.303,1.3363,1.3891,1.4624,1.5562,1.6686,1.7977,1.9384,2.085,2.2287,2.3636,2.4819,2.5689,2.6315,2.6843,2.7185,2.7341,2.7341,2.7195,2.694,2.6598,2.6178,2.5709,2.523,2.477,2.4321,2.3832,2.3324,2.2796,2.2258,2.1711,2.1163,2.0626,2.0108,1.9609,1.915,1.8729,1.8377,1.8094,1.782,1.7576,1.74,1.7273,1.7224,1.7224,1.7273,1.7361,1.7468,1.7586,1.7674,1.7742,1.7781,1.7801,1.7801,1.7771,1.7693,1.7566,1.741,1.7224,1.7028,1.6852,1.6686,1.6549,1.6413,1.6266,1.6109,1.5953,1.5806,1.567,1.5543,1.5415,1.5288,1.5171,1.5073,1.5015,1.4976,1.4956,1.4976,1.5064,1.5269,1.564,1.608,1.6676,1.7576,1.871,2.002,2.1427,2.2659,2.3763,2.4936,2.6051,2.7019,2.7791,2.8348,2.869,2.8817,2.8749,2.8543,2.8221,2.782,2.737,2.6862,2.6344,2.5816,2.5279,2.4731,2.4174,2.3597,2.3011,2.2414,2.1808,2.1251,2.0733,2.0196,1.9648,1.912,1.8622,1.8133,1.7674,1.7243,1.6862,1.6549,1.6295,1.61,1.5963,1.5865,1.5767,1.5689,1.5621,1.5543,1.5474,1.5406,1.5327,1.522,1.5083,1.4897,1.4702,1.4497,1.4233,1.393,1.3627,1.3314,1.3001,1.2698,1.2434,1.218,1.1916,1.1652,1.1398,1.1193,1.1007,1.0762,1.0499,1.0235,0.99804,0.97654,0.95992,0.95112,0.95406,0.97165,1.0059,1.0518,1.1124,1.1955,1.2972,1.4106,1.5298,1.6481,1.7595,1.8573,1.9384,2.001,2.043,2.0665,2.0733,2.0665,2.0489,2.0215,1.9844,1.9413,1.8944,1.8436,1.7908,1.7361,1.6804,1.6246,1.5748,1.5269,1.4712,1.4106,1.349,1.2884,1.2297,1.175,1.1222,1.0714,1.0235,0.97849,0.93939,0.913,0.89638,0.88465,0.87977,0.88368,0.89443,0.90909,0.92473,0.93842,0.94819,0.95308,0.95503,0.95894,0.96481,0.96872,0.97067,0.97067,0.96676,0.95992,0.94819,0.93255,0.913,0.8915,0.87195,0.8563,0.84848,0.84555,0.84262,0.83969,0.83773,0.83578,0.83382,0.83089,0.82796,0.82698,0.83284,0.84946,0.87586,0.91496,0.97361,1.0518,1.1515,1.2688,1.4008,1.5406,1.6813,1.8172,1.9423,2.0518,2.1417,2.2053,2.2473,2.2786,2.2962,2.2991,2.2874,2.2659,2.2366,2.2014,2.1642,2.1261,2.086,2.0499,2.0147,1.9775,1.9394,1.8993,1.8602,1.8231,1.7889,1.7576,1.7292,1.7048,1.6843,1.6676,1.6559,1.65,1.6481,1.652,1.6608,1.6745,1.694,1.7155,1.737,1.7576,1.7771,1.7937,1.8065,1.8152,1.8231,1.8289,1.8328,1.8348,1.8358,1.8348,1.8328,1.8299,1.824,1.8152,1.8025,1.7898,1.7771,1.7634,1.7527,1.7439,1.7361,1.7292,1.7224,1.7146,1.7038,1.6921,1.6813,1.6725,1.6676,1.6706,1.6843,1.7136,1.7605,1.827,1.914,2.0166,2.131,2.2522,2.3734,2.4731,2.5582,2.6442,2.7185,2.7742,2.8104,2.826,2.8231,2.8025,2.7693,2.7253,2.6725,2.6139,2.5562,2.5288,2.5132,2.4741,2.4252,2.3715,2.3128,2.2502,2.1828,2.1105,2.0342,1.957,1.8895,1.8299,1.7654,1.7009,1.6393,1.5836,1.5337,1.4907,1.4545,1.4242,1.3998,1.3803,1.3656,1.3568,1.3519,1.348,1.3451,1.3402,1.3333,1.3255,1.3157,1.305,1.2923,1.2766,1.261,1.2502,1.2424,1.2317,1.218,1.2043,1.1896,1.175,1.1593,1.1437,1.129,1.1163,1.1036,1.0909,1.0821,1.0762,1.0684,1.0635,1.0655,1.0772,1.1007,1.1388,1.1955,1.2708,1.3636,1.4731,1.5797,1.6862,1.8113,1.9433,2.0723,2.1906,2.2933,2.3773,2.4409,2.4839,2.5073,2.5142,2.5064,2.4897,2.4663,2.437,2.4018,2.3617,2.3187,2.2727,2.2248,2.176,2.1271,2.0782,2.0293,1.9863,1.9453,1.9022,1.8592,1.8172,1.7781,1.7439,1.7155,1.696,1.6823,1.6764,1.6784,1.6862,1.697,1.7107,1.7292,1.7507,1.7742,1.7967,1.8172,1.8368,1.8543,1.869,1.8807,1.8905,1.8974,1.9013,1.9032,1.9022,1.8974,1.8905,1.8817,1.8719,1.8622,1.8524,1.8436,1.8348,1.826,1.8182,1.8094,1.8006,1.7937,1.7879,1.7849,1.7859,1.7937,1.8133,1.8456,1.8935,1.9589,2.0274,2.1036,2.2023,2.3157,2.4399,2.565,2.6823,2.7889,2.8807,2.9541,3.0049,3.0342,3.043,3.0352,3.0137,2.9824,2.9433,2.9003,2.8524,2.8016,2.7498,2.696,2.6422,2.5875,2.5318,2.48,2.4301,2.3744,2.3157,2.2551,2.1926,2.13,2.0684,2.0088,1.9531,1.9013,1.8534,1.8113,1.7791,1.7537,1.7283,1.7077,1.6911,1.6784,1.6686,1.6608,1.654,1.6461,1.6354,1.6217,1.609,1.5943,1.5738,1.5474,1.5171,1.4848,1.4516,1.4184,1.3842,1.3509,1.3187,1.2854,1.2512,1.2248,1.2014,1.173,1.1427,1.1124,1.0831,1.0577,1.0342,1.0137,0.99707,0.98631,0.98436,0.99413,1.0156,1.0518,1.1075,1.1838,1.2786,1.3891,1.5093,1.6344,1.7605,1.8798,1.9863,2.0674,2.129,2.1818,2.219,2.2395,2.2444,2.2366,2.219,2.1926,2.1603,2.1241,2.086,2.044,2.0059,1.9697,1.9286,1.8847,1.8377,1.7869,1.7341,1.6794,1.6227,1.567,1.5142,1.4663,1.4291,1.3998,1.3705,1.3451,1.3265,1.3138,1.306,1.303,1.3089,1.3196,1.3304,1.3421,1.3548,1.3685,1.3822,1.3959,1.4076,1.4184,1.4272,1.435,1.4418,1.4477,1.4536,1.4594,1.4673,1.477,1.4878,1.4976,1.5073,1.5171,1.5279,1.5386,1.5494,1.5591,1.5679,1.5777,1.5885,1.6022,1.6188,1.6422,1.6794,1.7322,1.8016,1.8905,1.9971,2.1173,2.2454,2.3773,2.5054,2.6237,2.7136,2.782,2.8436,2.8905,2.9198,2.9306,2.9247,2.9042,2.8729,2.8328,2.7879,2.739,2.6901,2.6442,2.5992,2.5523,2.5034,2.4545,2.4047,2.3529,2.3001,2.2473,2.1955,2.1447,2.0968,2.0567,2.0215,1.9863,1.9541,1.9257,1.9003,1.8798,1.8631,1.8504,1.8416,1.8368,1.8338,1.8328,1.8319,1.8319,1.8299,1.825,1.8182,1.8074,1.7937,1.7791,1.7615,1.7419,1.7204,1.6979,1.6784,1.6608,1.6403,1.6188,1.5973,1.5758,1.5552,1.5347,1.5152,1.4956,1.4751,1.4545,1.435,1.4213,1.4106,1.4008,1.3959,1.3998,1.4164,1.4506,1.5034,1.5758,1.6667,1.7732,1.8915,1.999,2.0987,2.2063,2.3099,2.4018,2.477,2.5327,2.5689,2.5855,2.5855,2.5728,2.5494,2.5171,2.4819,2.4448,2.4027,2.3587,2.3138,2.2669,2.218,2.1662,2.1134,2.0596,2.0039,1.9462,1.8964,1.8504,1.7986,1.7458,1.6931,1.6422,1.5973,1.5591,1.5279,1.5034,1.4848,1.4721,1.4643,1.4624,1.4624,1.4633,1.4663,1.4692,1.4721,1.4751,1.478,1.4809,1.4819,1.4809,1.478,1.4751,1.4721,1.4633,1.4516,1.436,1.4184,1.3988,1.3803,1.3636,1.348,1.3353,1.3265,1.3187,1.3138,1.3099,1.3021,1.2933,1.2854,1.2805,1.2825,1.2972,1.3294,1.3812,1.4536,1.5464,1.6403,1.739,1.8583,1.9883,2.1193,2.2424,2.3529,2.4467,2.523,2.5797,2.6158,2.6344,2.6354,2.6246,2.6051,2.5777,2.5425,2.5024,2.4594,2.4135,2.3646,2.3148,2.2639,2.2111,2.1564,2.1065,2.0577,2.001,1.9404,1.8788,1.8192,1.7634,1.7107,1.6628,1.6207,1.5836,1.5523,1.5298,1.5152,1.5034,1.4956,1.4907,1.4888,1.4897,1.4927,1.4956,1.4966,1.4956,1.4927,1.4868,1.4819,1.477,1.4682,1.4575,1.4438,1.4282,1.4096,1.39,1.3705,1.3509,1.3324,1.3148,1.3011,1.2903,1.2082,1.0899,1.0235,0.98338,0.95797,0.94135,0.93451,0.93744,0.9521,0.98045,1.0254,1.0802,1.1515,1.2512,1.3744,1.5161,1.6725,1.8368,1.999,2.1505,2.2825,2.391,2.4731,2.523,2.5474,2.5562,2.5474,2.52,2.479,2.4311,2.3783,2.3226,2.2659,2.2082,2.1505,2.0899,2.0342,1.9795,1.9169,1.8475,1.7742,1.6999,1.6285,1.5611,1.4966,1.437,1.3822,1.3353,1.3011,1.2776,1.2581,1.2444,1.2375,1.2375,1.2434,1.2542,1.2688,1.2845,1.3011,1.3177,1.3333,1.346,1.3578,1.3675,1.3754,1.3812,1.3851,1.3871,1.3891,1.392,1.3949,1.3978,1.4008,1.4037,1.4066,1.4086,1.4096,1.4096,1.4096,1.4096,1.4076,1.4057,1.4047,1.4096,1.4242,1.4526,1.4888,1.5386,1.6158,1.7185,1.8436,1.9873,2.1427,2.304,2.4604,2.6061,2.7341,2.8397,2.911,2.9531,2.9814,2.9922,2.9844,2.9609,2.9238,2.8768,2.8231,2.7644,2.7028,2.6393,2.5728,2.5093,2.4477,2.3812,2.3089,2.2336,2.1564,2.0782,2,1.9257,1.8543,1.7859,1.7214,1.6686,1.6237,1.5787,1.5396,1.5073,1.4819,1.4633,1.4516,1.4457,1.4448,1.4467,1.4497,1.4526,1.4545,1.4545,1.4506,1.4418,1.4311,1.4164,1.3998,1.3832,1.3656,1.349,1.3294,1.3089,1.2923,1.2766,1.2551,1.2287,1.1984,1.1691,1.1408,1.1144,1.0899,1.0694,1.0518,1.0371,1.0293,1.0274,1.0293,1.042,1.0704,1.1222,1.2014,1.3109,1.4477,1.607,1.7801,1.957,2.1261,2.262,2.3715,2.4741,2.5582,2.6188,2.6569,2.6735,2.6745,2.6598,2.6315,2.5904,2.5386,2.4839,2.4262,2.3627,2.2942,2.2239,2.1515,2.0772,2.0049,1.9326,1.8592,1.7849,1.7107,1.6373,1.5748,1.52,1.4624,1.4047,1.3509,1.304,1.2639,1.2307,1.2053,1.1887,1.1799,1.1779,1.1818,1.1877,1.1935,1.1975,1.1994,1.1994,1.1965,1.1906,1.1808,1.1711,1.1603,1.1457,1.1271,1.1085,1.0909,1.0665,1.0371,1.0059,0.97556,0.94721,0.92082,0.89541,0.87097,0.84848,0.82698,0.81232,0.79961,0.78201,0.7654,0.75464,0.75464,0.77126,0.81232,0.88074,0.97947,1.1056,1.2551,1.4252,1.5836,1.7341,1.8993,2.0626,2.2121,2.3372,2.435,2.5034,2.5552,2.5875,2.5924,2.5767,2.5513,2.5181,2.4761,2.4301,2.3812,2.3304,2.2796,2.2268,2.172,2.1163,2.0596,2.001,1.9404,1.8886,1.8416,1.7928,1.7458,1.7028,1.6667,1.6373,1.6139,1.5963,1.5865,1.5855,1.5934,1.607,1.6246,1.65,1.6794,1.7107,1.7419,1.7713,1.7986,1.8231,1.8436,1.8602,1.871,1.8778,1.8798,1.8759,1.868,1.8573,1.8446,1.8338,1.8289,1.8348,1.8563,1.8974,1.9619,2.0499,2.1388,2.2326,2.349,2.4761,2.6041,2.7234,2.8289,2.913,2.9726,3.0088,3.0215,3.0117,2.9844,2.9472,2.9022,2.8495,2.7918,2.7322,2.6706,2.609,2.5474,2.4839,2.4203,2.3548,2.2864,2.2229,2.1623,2.0948,2.0254,1.956,1.8895,1.827,1.7713,1.7234,1.6843,1.653,1.6295,1.6129,1.6041,1.6012,1.5992,1.5982,1.5982,1.5963,1.5924,1.5875,1.5797,1.5689,1.5562,1.5406,1.5259,1.5122,1.4946,1.477,1.4585,1.4409,1.4223,1.4018,1.3812,1.3597,1.3382,1.3167,1.2972,1.2845,1.2757,1.2639,1.2502,1.2366,1.2239,1.2111,1.2014,1.1945,1.1896,1.1838,1.1769,1.173,1.1711,1.1701,1.175,1.1916,1.2248,1.2796,1.3597,1.4682,1.6031,1.7615,1.9384,2.0997,2.2502,2.4164,2.5777,2.7195,2.8348,2.9198,2.9717,2.9932,2.9902,2.9677,2.9306,2.8827,2.8319,2.7781,2.7185,2.6549,2.5894,2.523,2.4555,2.3891,2.3226,2.2532,2.1808,2.1056,2.0371,1.9736,1.9052,1.8377,1.7752,1.7204,1.6755,1.6393,1.61,1.5855,1.566,1.5503,1.5376,1.5298,1.5269,1.5259,1.5288,1.5357,1.5445,1.5533,1.5601,1.5621,1.5601,1.5523,1.5386,1.5239,1.5073,1.4858,1.4614,1.434,1.4066,1.3812,1.3568,1.3333,1.3099,1.2874,1.2649,1.2414,1.2229,1.2053,1.1838,1.1613,1.1398,1.1212,1.1114,1.1134,1.1329,1.174,1.2375,1.3255,1.4184,1.521,1.651,1.7996,1.958,2.1173,2.2698,2.4066,2.521,2.608,2.6657,2.697,2.7048,2.6931,2.6667,2.6276,2.5797,2.5259,2.4682,2.4076,2.3451,2.2796,2.2131,2.1447,2.0753,2.0137,1.9541,1.8866,1.8162,1.7429,1.6676,1.5924,1.52,1.4526,1.393,1.3431,1.304,1.2757,1.26,1.2532,1.2258,1.1906,1.1769,1.1779,1.1887,1.2043,1.2229,1.2424,1.261,1.2757,1.2864,1.2933,1.2942,1.2923,1.2874,1.2786,1.2659,1.2522,1.2366,1.2199,1.2033,1.1867,1.1701,1.1584,1.1496,1.1369,1.1232,1.1085,1.0958,1.086,1.0841,1.0929,1.1153,1.1603,1.2307,1.3118,1.4086,1.5396,1.697,1.8719,2.0538,2.2326,2.3988,2.5464,2.6706,2.7683,2.8387,2.8837,2.9022,2.9003,2.8856,2.8583,2.8201,2.7742,2.7214,2.6647,2.6051,2.5425,2.477,2.4066,2.3421,2.2796,2.2102,2.1388,2.0694,2.0029,1.9404,1.8817,1.8299,1.7849,1.7468,1.7165,1.694,1.6813,1.6745,1.6725,1.6745,1.6804,1.6901,1.7038,1.7195,1.7351,1.7498,1.7625,1.7722,1.7771,1.7781,1.7752,1.7683,1.7566,1.741,1.7214,1.6999,1.6794,1.6598,1.6422,1.6256,1.6119,1.6002,1.5885,1.5748,1.5601,1.5445,1.5269,1.5103,1.4936,1.479,1.4692,1.4673,1.4741,1.4878,1.5152,1.565,1.6403,1.7419,1.8671,2.0137,2.1769,2.347,2.5152,2.6725,2.8113,2.913,2.9853,3.0469,3.0899,3.1114,3.1114,3.0909,3.0528,3.001,2.9404,2.8729,2.8025,2.7322,2.6667,2.6041,2.5386,2.4721,2.4027,2.3294,2.2532,2.175,2.0958,2.0176,1.9423,1.8719,1.8133,1.7625,1.7097,1.6569,1.607,1.5611,1.52,1.4868,1.4624,1.4457,1.437,1.433,1.4301,1.4282,1.4262,1.4213,1.4135,1.4018,1.3871,1.3695,1.3519,1.3324,1.3109,1.2913,1.2708,1.2542,1.2395,1.2209,1.2004,1.1779,1.1535,1.13,1.1065,1.0841,1.0635,1.045,1.0283,1.0137,1.0059,1.0029,1.0049,1.0156,1.0411,1.085,1.1515,1.2405,1.3519,1.4839,1.6325,1.7918,1.9326,2.0587,2.1896,2.3089,2.4096,2.4878,2.5435,2.5777,2.5914,2.5885,2.5709,2.5396,2.4985,2.4536,2.4047,2.35,2.2923,2.2346,2.176,2.1153,2.0567,1.9971,1.9335,1.868,1.7996,1.739,1.6833,1.6237,1.564,1.5073,1.4555,1.4086,1.3656,1.3294,1.3001,1.2786,1.2649,1.2571,1.2551,1.2571,1.26,1.263,1.2659,1.2688,1.2678,1.263,1.2532,1.2395,1.2229,1.2043,1.1906,1.1789,1.1623,1.1437,1.1251,1.1056,1.087,1.0694,1.0528,1.0381,1.0244,1.0098,0.99413,0.98338,0.97556,0.96579,0.95601,0.95015,0.95406,0.97067,1.0029,1.0547,1.1261,1.217,1.3255,1.4321,1.5406,1.6696,1.8074,1.9423,2.0665,2.173,2.2571,2.3177,2.3548,2.3705,2.3685,2.3548,2.3333,2.305,2.2708,2.2317,2.1877,2.1388,2.086,2.0293,1.9697,1.9091,1.8485,1.7879,1.7351,1.6843,1.6266,1.564,1.4995,1.4379,1.3783,1.3236,1.2766,1.2385,1.2092,1.1896,1.1789,1.176,1.1789,1.1838,1.1916,1.2023,1.216,1.2317,1.2473,1.26,1.2678,1.2708,1.2698,1.2678,1.2649,1.2581,1.2502,1.2405,1.2287,1.216,1.2033,1.1916,1.1799,1.1691,1.1584,1.1505,1.1447,1.1388,1.1329,1.1271,1.1232,1.1251,1.1369,1.1603,1.1994,1.259,1.3392,1.4399,1.5415,1.6481,1.7791,1.9228,2.0704,2.2131,2.346,2.4633,2.5601,2.6334,2.6823,2.7077,2.7116,2.6999,2.6764,2.6432,2.6022,2.5562,2.5073,2.4545,2.3978,2.3382,2.2757,2.2102,2.1447,2.086,2.0303,1.9717,1.913,1.8543,1.7986,1.7478,1.7019,1.6608,1.6266,1.5992,1.5787,1.565,1.5582,1.5552,1.5572,1.5621,1.5699,1.5787,1.5875,1.5953,1.6002,1.6031,1.6022,1.5982,1.5934,1.5875,1.5806,1.5718,1.5621,1.5503,1.5367,1.521,1.5044,1.4888,1.4751,1.4643,1.4565,1.4506,1.4428,1.433,1.4213,1.4076,1.3939,1.3803,1.3695,1.3627,1.3636,1.3763,1.4057,1.4448,1.4985,1.5777,1.6804,1.8025,1.9394,2.0831,2.2268,2.3636,2.4868,2.5904,2.6725,2.7243,2.7527,2.7674,2.7664,2.7507,2.7224,2.6852,2.6403,2.5904,2.5376,2.4819,2.4242,2.3656,2.3109,2.2571,2.1965,2.131,2.0616,1.9902,1.9179,1.8456,1.7742,1.7058,1.6403,1.5787,1.5269,1.4839,1.4409,1.4027,1.3705,1.346,1.3275,1.3138,1.304,1.2952,1.2864,1.2776,1.2678,1.259,1.2493,1.2336,1.2141,1.1906,1.1642,1.1369,1.1085,1.0782,1.0479,1.0186,0.98827,0.96383,0.94037,0.90909,0.8739,0.83578,0.79668,0.7566,0.71848,0.68328,0.65103,0.62268,0.59726,0.57771,0.56989,0.5738,0.58749,0.61681,0.66667,0.739,0.8348,0.95112,1.085,1.2297,1.3773,1.521,1.6403,1.741,1.8377,1.9922,2.1632,2.259,2.3109,2.3353,2.3412,2.3343,2.3196,2.2991,2.2737,2.2483,2.2229,2.1916,2.1564,2.1173,2.0733,2.0254,1.9746,1.9198,1.8622,1.8035,1.7458,1.6979,1.6569,1.6139,1.5728,1.5357,1.5044,1.48,1.4633,1.4545,1.4516,1.4555,1.4643,1.4761,1.4897,1.5034,1.5171,1.5308,1.5445,1.5562,1.567,1.5758,1.5816,1.5855,1.5865,1.5846,1.5826,1.5797,1.5738,1.566,1.5562,1.5435,1.5298,1.5152,1.5005,1.4868,1.4731,1.4594,1.4497,1.4428,1.436,1.433,1.4399,1.4594,1.4956,1.5533,1.6325,1.7322,1.8495,1.9785,2.1134,2.2307,2.3333,2.4389,2.5357,2.6168,2.6794,2.7234,2.7507,2.7625,2.7605,2.7468,2.7243,2.6979,2.6676,2.6334,2.5973,2.5582,2.5181,2.4761,2.4321,2.3861,2.3402,2.2942,2.2493,2.2053,2.1681,2.1378,2.1075,2.0811,2.0606,2.0469,2.0391,2.0371,2.0401,2.0479,2.0577,2.0704,2.0831,2.0938,2.1065,2.1183,2.1281,2.1359,2.1408,2.1427,2.1417,2.1388,2.1339,2.1281,2.1193,2.1095,2.0997,2.087,2.0733,2.0587,2.045,2.0303,2.0156,2.001,1.9863,1.9726,1.958,1.9443,1.9306,1.915,1.9013,1.8935,1.8935,1.9052,1.9326,1.9775,2.042,2.1251,2.2229,2.3314,2.4272,2.5142,2.61,2.7019,2.784,2.8524,2.9032,2.9345,2.9492,2.9482,2.9326,2.9052,2.8729,2.8358,2.7928,2.7458,2.696,2.6452,2.5934,2.5406,2.4878,2.435,2.3812,2.3265,2.2708,2.2199,2.173,2.1222,2.0694,2.0176,1.9687,1.9238,1.8837,1.8475,1.8162,1.7898,1.7664,1.7488,1.7351,1.7214,1.7097,1.6979,1.6843,1.6696,1.6549,1.6383,1.6197,1.5982,1.5748,1.5494,1.5269,1.5044,1.4761,1.4457,1.4154,1.3832,1.3519,1.3216,1.2913,1.263,1.2356,1.2102,1.1926,1.1799,1.1642,1.1476,1.13,1.1153,1.1056,1.1036,1.1134,1.1378,1.1799,1.2414,1.3216,1.4057,1.4956,1.6041,1.7224,1.8436,1.9609,2.0694,2.1632,2.2414,2.3021,2.3451,2.3715,2.3842,2.3861,2.3803,2.3685,2.3509,2.3294,2.304,2.2747,2.2424,2.2063,2.1672,2.1261,2.0821,2.042,2.0039,1.9599,1.913,1.8661,1.8201,1.7752,1.7331,1.697,1.651,1.6031,1.5728,1.5552,1.5474,1.5445,1.5474,1.5552,1.5679,1.5836,1.5992,1.6139,1.6276,1.6393,1.65,1.6588,1.6667,1.6716,1.6745,1.6755,1.6764,1.6764,1.6745,1.6716,1.6676,1.6628,1.6569,1.651,1.6461,1.6422,1.6373,1.6305,1.6227,1.6158,1.609,1.6022,1.5982,1.6012,1.6149,1.6413,1.6755,1.7214,1.7898,1.1642,1.1935,1.2375,1.3001,1.3812,1.48,1.5943,1.7185,1.8475,1.9746,2.0938,2.1994,2.2884,2.3519,2.3939,2.4252,2.4428,2.4457,2.437,2.4203,2.3969,2.3695,2.3402,2.3089,2.2766,2.2463,2.217,2.1848,2.1496,2.1114,2.0714,2.0293,1.9863,1.9443,1.9022,1.8612,1.8231,1.7889,1.7625,1.7419,1.7243,1.7126,1.7067,1.7058,1.7097,1.7175,1.7263,1.737,1.7468,1.7546,1.7615,1.7654,1.7674,1.7674,1.7654,1.7605,1.7546,1.7468,1.738,1.7292,1.7204,1.7116,1.7009,1.6911,1.6813,1.6706,1.6598,1.6481,1.6354,1.6217,1.608,1.5943,1.5806,1.567,1.5543,1.5464,1.5435,1.5474,1.5611,1.5885,1.6334,1.696,1.7761,1.8719,1.9795,2.0938,2.2102,2.3216,2.4115,2.4829,2.5513,2.608,2.6491,2.6745,2.6843,2.6804,2.6637,2.6373,2.6041,2.566,2.5269,2.4868,2.4438,2.3988,2.3519,2.305,2.2561,2.2063,2.1554,2.1017,2.0459,1.9892,1.9335,1.8856,1.8416,1.7957,1.7498,1.7067,1.6676,1.6334,1.6041,1.5797,1.5591,1.5425,1.5288,1.52,1.5142,1.5073,1.4985,1.4878,1.477,1.4663,1.4545,1.4418,1.4291,1.4145,1.3988,1.3832,1.3715,1.3617,1.348,1.3324,1.3167,1.3011,1.2864,1.2727,1.259,1.2463,1.2346,1.2239,1.217,1.2131,1.2082,1.2043,1.2053,1.216,1.2395,1.2786,1.3343,1.4076,1.4966,1.5992,1.695,1.7879,1.8915,1.9961,2.0929,2.1769,2.2454,2.2972,2.3324,2.3519,2.3578,2.3529,2.3392,2.3206,2.2981,2.2717,2.2414,2.2092,2.175,2.173,2.1838,2.1632,2.1261,2.0792,2.0264,1.9765,1.9286,1.8749,1.8201,1.7674,1.7165,1.6696,1.6276,1.5914,1.5621,1.5386,1.522,1.5132,1.5112,1.5152,1.5249,1.5406,1.5591,1.5787,1.5982,1.6188,1.6383,1.6569,1.6735,1.6882,1.6999,1.7116,1.7234,1.7341,1.7458,1.7556,1.7625,1.7674,1.7713,1.7732,1.7722,1.7693,1.7634,1.7576,1.7517,1.7429,1.7331,1.7243,1.7214,1.7292,1.7517,1.7908,1.8514,1.9335,2.0362,2.1369,2.2395,2.3607,2.4897,2.6158,2.7331,2.8348,2.915,2.9726,3.0088,3.0254,3.0235,3.0068,2.9804,2.9462,2.9062,2.8612,2.8123,2.7615,2.7097,2.6579,2.6041,2.5503,2.4946,2.437,2.3822,2.3284,2.2688,2.2063,2.1437,2.0831,2.0254,1.9726,1.9267,1.8876,1.8573,1.8338,1.8162,1.8055,1.7986,1.7957,1.7957,1.7967,1.7986,1.8006,1.8006,1.7986,1.7937,1.7869,1.7771,1.7674,1.7566,1.741,1.7214,1.7009,1.6813,1.6598,1.6364,1.6119,1.5885,1.566,1.5425,1.52,1.5034,1.4897,1.4731,1.4555,1.4389,1.4242,1.4125,1.4057,1.4066,1.4213,1.4516,1.5024,1.564,1.6393,1.7419,1.8671,2.0068,2.1544,2.3021,2.4428,2.5679,2.6735,2.7566,2.8172,2.8553,2.8729,2.8729,2.8612,2.8407,2.8123,2.7781,2.74,2.6979,2.652,2.6041,2.5552,2.5024,2.4526,2.4037,2.348,2.2893,2.2287,2.1662,2.1026,2.0391,1.9775,1.9189,1.8641,1.8152,1.7742,1.7429,1.7195,1.6999,1.6852,1.6774,1.6735,1.6725,1.6735,1.6735,1.6735,1.6735,1.6725,1.6725,1.6716,1.6657,1.6559,1.6442,1.6295,1.6129,1.5934,1.5718,1.5503,1.5279,1.5044,1.4819,1.4643,1.4497,1.4311,1.4125,1.3939,1.3744,1.3558,1.3392,1.3265,1.3196,1.3216,1.3353,1.3597,1.3998,1.4633,1.5513,1.6618,1.7937,1.9404,2.0958,2.2522,2.4018,2.5376,2.6549,2.739,2.7967,2.8407,2.868,2.8778,2.871,2.8504,2.8182,2.7771,2.7283,2.6735,2.6158,2.5552,2.4976,2.4409,2.3773,2.3099,2.2375,2.1632,2.087,2.0117,1.9365,1.8641,1.7937,1.7283,1.6755,1.6315,1.5875,1.5474,1.5122,1.4819,1.4575,1.4379,1.4233,1.4135,1.4086,1.4057,1.4047,1.3314,1.2199,1.1603,1.1251,1.1007,1.0802,1.0587,1.0371,1.0127,0.98631,0.95797,0.92766,0.9042,0.8827,0.8563,0.82893,0.80352,0.77908,0.75562,0.73314,0.71163,0.6911,0.67155,0.652,0.63734,0.63441,0.64223,0.6608,0.69795,0.75855,0.84653,0.96188,1.1017,1.263,1.4389,1.6197,1.7967,1.9433,2.0655,2.1818,2.2805,2.3548,2.4027,2.4272,2.4301,2.4174,2.392,2.3578,2.3167,2.2747,2.2356,2.1975,2.1574,2.1163,2.0743,2.0303,1.9853,1.9404,1.8944,1.8495,1.8055,1.7644,1.7312,1.7038,1.6794,1.6579,1.6413,1.6305,1.6256,1.6256,1.6305,1.6413,1.6559,1.6735,1.6901,1.7038,1.7146,1.7234,1.7273,1.7273,1.7234,1.7175,1.7087,1.697,1.6833,1.6676,1.65,1.6344,1.6207,1.6061,1.5894,1.5718,1.5552,1.5396,1.5259,1.5152,1.5044,1.4927,1.48,1.4653,1.4516,1.4399,1.4291,1.4233,1.4272,1.4487,1.4907,1.5562,1.6471,1.7615,1.8974,2.0489,2.1838,2.3079,2.4438,2.5748,2.6911,2.7849,2.8573,2.9052,2.9296,2.9326,2.9169,2.8856,2.8426,2.7947,2.741,2.6794,2.6149,2.5484,2.4809,2.4135,2.3451,2.2757,2.2053,2.1339,2.0616,1.9961,1.9335,1.8631,1.7879,1.7126,1.6383,1.5679,1.5024,1.4438,1.3939,1.3529,1.3216,1.2972,1.2825,1.2717,1.259,1.2463,1.2326,1.218,1.2023,1.1848,1.1642,1.1427,1.1222,1.1017,1.085,1.0684,1.0469,1.0225,0.99609,0.96676,0.93548,0.90323,0.87097,0.83969,0.81232,0.7869,0.76246,0.74585,0.73216,0.71457,0.69599,0.67644,0.6608,0.65396,0.65885,0.68231,0.72727,0.79668,0.89247,0.99609,1.1105,1.2522,1.4096,1.5738,1.7361,1.8866,2.0205,2.1339,2.2229,2.2854,2.3255,2.3431,2.3431,2.3324,2.3118,2.2825,2.2473,2.2072,2.1642,2.1183,2.0694,2.0186,1.9648,1.9081,1.8553,1.8045,1.7439,1.6784,1.6129,1.5464,1.4829,1.4233,1.3675,1.3196,1.2796,1.2473,1.2268,1.216,1.2111,1.2121,1.219,1.2317,1.2493,1.2708,1.2942,1.3196,1.3451,1.3695,1.392,1.4115,1.4301,1.4487,1.4663,1.4819,1.4966,1.5083,1.5171,1.522,1.5239,1.522,1.5181,1.5142,1.5103,1.5044,1.4976,1.4888,1.48,1.4721,1.5298,1.6246,1.6794,1.7195,1.7625,1.8182,1.8768,1.9472,2.043,2.1613,2.2942,2.435,2.5777,2.7136,2.8368,2.9413,3.0244,3.086,3.1202,3.1339,3.1359,3.1271,3.1085,3.0821,3.0489,3.0117,2.9697,2.9247,2.8778,2.828,2.7732,2.7195,2.6647,2.6051,2.5425,2.478,2.4115,2.3441,2.2786,2.216,2.1564,2.0997,2.0479,2.0059,1.9707,1.9374,1.9081,1.8837,1.8651,1.8504,1.8407,1.8338,1.828,1.8201,1.8123,1.8045,1.7967,1.7879,1.7761,1.7605,1.7419,1.7204,1.697,1.6716,1.6442,1.6149,1.5865,1.5572,1.5318,1.5093,1.4848,1.4594,1.434,1.4086,1.3822,1.3558,1.3294,1.304,1.2815,1.2649,1.2571,1.261,1.2796,1.3157,1.3744,1.4545,1.5552,1.6725,1.8016,1.9355,2.0684,2.1935,2.304,2.3861,2.4457,2.4946,2.5269,2.5415,2.5386,2.52,2.4897,2.4506,2.4057,2.3578,2.3079,2.2561,2.2092,2.1652,2.1173,2.0655,2.0108,1.9521,1.8905,1.825,1.7576,1.6891,1.6207,1.5543,1.5005,1.4565,1.4135,1.3754,1.3451,1.3245,1.3128,1.3089,1.3099,1.3157,1.3245,1.3333,1.3412,1.3509,1.3597,1.3675,1.3744,1.3803,1.3851,1.3891,1.39,1.3881,1.3832,1.3763,1.3675,1.3607,1.3568,1.3519,1.349,1.349,1.3519,1.3568,1.3646,1.3744,1.3861,1.3998,1.4145,1.4321,1.4555,1.4897,1.5376,1.6031,1.6901,1.7986,1.9267,2.0714,2.2268,2.3891,2.5494,2.6989,2.8162,2.9081,2.9932,3.0616,3.1105,3.1378,3.1437,3.131,3.1046,3.0684,3.0244,2.9765,2.9286,2.8807,2.8299,2.7781,2.7243,2.6696,2.6139,2.5572,2.4985,2.4389,2.3803,2.3236,2.2698,2.2239,2.1828,2.1447,2.1114,2.0831,2.0616,2.0479,2.042,2.043,2.0479,2.0567,2.0674,2.0772,2.088,2.1007,2.1144,2.1281,2.1417,2.1544,2.1662,2.1769,2.1867,2.1945,2.2004,2.2023,2.2014,2.1984,2.1945,2.1887,2.1828,2.1779,2.174,2.1701,2.1652,2.1593,2.1505,2.1378,2.1222,2.1026,2.0762,2.0479,2.0225,2.0039,1.998,2.0088,2.0411,2.0968,2.174,2.2688,2.3763,2.4741,2.564,2.6618,2.7556,2.8368,2.8983,2.9384,2.956,2.9531,2.9306,2.8905,2.8348,2.7752,2.6647,2.52,2.4037,2.3021,2.2082,2.1183,2.0303,1.9443,1.8583,1.7713,1.6843,1.6002,1.5308,1.4702,1.4037,1.3363,1.2698,1.2043,1.1427,1.085,1.0332,0.98729,0.94917,0.91887,0.90127,0.89052,0.88074,0.8739,0.86901,0.8651,0.86119,0.85826,0.85435,0.85044,0.84653,0.84164,0.8348,0.83187,0.82991,0.82502,0.81623,0.8045,0.78788,0.76833,0.74682,0.7263,0.70577,0.68622,0.6696,0.6608,0.65689,3.3607,3.3314,3.2991,3.263,3.2239,3.1818,3.1408,3.1007,3.0557,3.0078,2.9599,2.913,2.868,2.826,2.7889,2.7556,2.7283,2.7058,2.6891,2.6774,2.6696,2.6667,2.6676,2.6725,2.6794,2.6891,2.6999,2.7126,2.7253,2.737,2.7488,2.7576,2.7654,2.7742,2.783,2.7918,2.7996,2.8055,2.8104,2.8133,2.8152,2.8152,2.8143,2.8113,2.8084,2.8045,2.7996,2.7937,2.7869,2.7801,2.7732,2.7664,2.7595,2.7527,2.7449,2.737,2.7302,2.7234,2.7165,2.7087,2.6999,2.6911,2.6813,2.6716,2.6637,2.6608,2.6657,2.6813,2.7019,2.7322,2.7801,2.8426,2.9169,2.999,3.0841,3.1672,3.2444,3.3118,3.3675,3.4096,3.4389,3.4526,3.4545,3.4497,3.4389,3.4213,3.3978,3.3705,3.3402,3.3069,3.2737,3.2395,3.2043,3.172,3.1408,3.1065,3.0714,3.0352,2.999,2.9619,2.9247,2.8886,2.8534,2.8192,2.7859,2.7556,2.7302,2.7087,2.6882,2.6696,2.6549,2.6432,2.6334,2.6256,2.6197,2.6139,2.608,2.6022,2.5963,2.5904,2.5826,2.5738,2.564,2.5523,2.5396,2.5269,2.5132,2.4985,2.4839,2.4692,2.4565,2.4448,2.4311,2.4164,2.4027,2.3891,2.3754,2.3617,2.349,2.089,1.7048,1.5064,1.4018,1.348,1.3216,1.3089,1.3079,1.3187,1.3421,1.3783,1.4272,1.4868,1.5543,1.6266,1.6989,1.7605,1.8123,1.8641,1.9101,1.9472,1.9746,1.9932,2.0029,2.0068,2.0049,1.998,1.9883,1.9765,1.9638,1.9501,1.9335,1.915,1.8944,1.871,1.8446,1.8152,1.784,1.7498,1.7126,1.6745,1.6422,1.6129,1.5816,1.5503,1.521,1.4946,1.4721,1.4545,1.4409,1.4321,1.4272,1.4252,1.4262,1.4301,1.435,1.4409,1.4467,1.4536,1.4594,1.4643,1.4682,1.4712,1.4721,1.4721,1.4712,1.4702,1.4692,1.4663,1.4624,1.4575,1.4526,1.4477,1.4428,1.437,1.4311,1.4252,1.4184,1.4106,1.4047,1.3998,1.3949,1.392,1.393,1.4018,1.4203,1.4497,1.4917,1.5455,1.609,1.6794,1.7419,1.7996,1.8631,1.9238,1.9785,2.0254,2.0635,2.0919,2.1114,2.1222,2.1261,2.1232,2.1153,2.1036,2.0909,2.0762,2.0596,2.042,2.0235,2.0029,1.9804,1.956,1.9296,1.9003,1.868,1.8377,1.8094,1.7771,1.7449,1.7136,1.6852,1.6588,1.6354,1.6158,1.5992,1.5855,1.5758,1.5689,1.565,1.563,1.563,1.565,1.5679,1.5709,1.5728,1.5748,1.5758,1.5758,1.5748,1.5728,1.5709,1.5689,1.566,1.5621,1.5572,1.5533,1.5484,1.5435,1.5386,1.5337,1.5288,1.5239,1.52,1.5161,1.5122,1.5064,1.4995,1.4917,1.4829,1.4751,1.4692,1.4673,1.4721,1.4858,1.5103,1.5386,1.5718,1.6158,1.6667,1.7204,1.7742,1.824,1.869,1.9071,1.9374,1.9599,1.9746,1.9834,1.9863,1.9853,1.9814,1.9746,1.9648,1.9521,1.9384,1.9228,1.9062,1.8876,1.868,1.8465,1.826,1.8055,1.781,1.7546,1.7263,1.697,1.6667,1.6364,1.607,1.5797,1.5543,1.5318,1.5122,1.4976,1.4868,1.477,1.4692,1.4643,1.4614,1.4604,1.4614,1.4633,1.4663,1.4682,1.4692,1.4712,1.4721,1.4721,1.4702,1.4682,1.4663,1.4643,1.4624,1.4604,1.4575,1.4545,1.4506,1.4467,1.4428,1.437,1.4291,1.4203,1.4115,1.4018,1.391,1.3803,1.3695,1.3607,1.3548,1.3548,1.3617,1.3763,1.4008,1.437,1.4839,1.5376,1.5963,1.6569,1.7155,1.7693,1.8182,1.8592,1.8886,1.9091,1.9257,2.0909,2.3265,2.4389,2.4868,2.4985,2.4897,2.4702,2.4438,2.4125,2.3773,2.3421,2.306,2.263,2.2131,2.1574,2.0958,2.0283,1.957,1.8837,1.8084,1.7322,1.6579,1.5963,1.5445,1.4917,1.4428,1.4008,1.3685,1.346,1.3314,1.3245,1.3255,1.3314,1.3402,1.3519,1.3656,1.3783,1.39,1.4008,1.4086,1.4145,1.4194,1.4213,1.4213,1.4203,1.4174,1.4115,1.4066,1.4027,1.3939,1.3812,1.3666,1.3519,1.3353,1.3177,1.2991,1.2805,1.2639,1.2522,1.2473,1.2512,1.2669,1.2981,1.3519,1.4301,1.5327,1.6579,1.8016,1.956,2.1134,2.2669,2.4096,2.523,2.6129,2.6989,2.7713,2.827,2.8651,2.8866,2.8935,2.8886,2.8729,2.8495,2.8211,2.7889,2.7556,2.7204,2.6813,2.6393,2.5934,2.5425,2.4888,2.4311,2.3705,2.3099,2.2512,2.1955,2.1486,2.1085,2.0694,2.0342,2.0049,1.9834,1.9687,1.9599,1.957,1.9589,1.9638,1.9707,1.9765,1.9804,1.9824,1.9844,1.9844,1.9814,1.9756,1.9668,1.955,1.9413,1.9247,1.9052,1.8827,1.8622,1.8436,1.8211,1.7957,1.7693,1.7429,1.7155,1.6891,1.6637,1.6393,1.6158,1.5934,1.5709,1.5533,1.5386,1.5259,1.5191,1.523,1.5445,1.5875,1.6559,1.7498,1.869,2.0088,2.1623,2.2991,2.4242,2.5621,2.697,2.8201,2.9257,3.0098,3.0723,3.1134,3.1329,3.1339,3.1193,3.0929,3.0596,3.0215,2.9795,2.9335,2.8847,2.8338,2.7791,2.7214,2.6588,2.5914,2.5191,2.4428,2.3715,2.3011,2.2239,2.1447,2.0674,1.9941,1.9277,1.869,1.8182,1.7781,1.7458,1.7234,1.7107,1.7038,1.7009,1.7019,1.7048,1.7077,1.7087,1.7077,1.7048,1.6999,1.6931,1.6843,1.6735,1.6647,1.6559,1.6432,1.6276,1.609,1.5875,1.565,1.5415,1.5181,1.4946,1.4712,1.4487,1.4311,1.4145,1.392,1.3666,1.3392,1.3138,1.2933,1.2805,1.2815,1.3021,1.348,1.4213,1.521,1.6246,1.739,1.8837,2.0489,2.2209,2.39,2.5484,2.6901,2.8113,2.9091,2.9834,3.0362,3.0635,3.0723,3.0714,3.0596,3.0381,3.0098,2.9746,2.9355,2.8915,2.8426,2.7889,2.7302,2.6667,2.6061,2.5435,2.4712,2.392,2.3069,2.2199,2.1329,2.0469,1.9658,1.8377,1.6901,1.5904,1.5249,1.4809,1.4457,1.4203,1.4037,1.3959,1.3939,1.3969,1.4037,1.4125,1.4213,1.4301,1.4379,1.4438,1.4467,1.4457,1.4409,1.4311,1.4184,1.4008,1.3812,1.3597,1.3353,1.3079,1.2786,1.2532,1.2278,1.1965,1.1603,1.1232,1.085,1.0469,1.0117,0.98045,0.95699,0.94624,0.95406,0.98729,1.0362,1.1065,1.2131,1.3539,1.522,1.7087,1.9071,2.1085,2.3021,2.4809,2.6383,2.7703,2.8622,2.9247,2.9736,3.0059,3.0196,3.0156,2.9971,2.9658,2.9247,2.8749,2.8182,2.7566,2.6911,2.6266,2.5611,2.4858,2.4027,2.3138,2.219,2.1202,2.0205,1.9218,1.826,1.7351,1.652,1.5865,1.5327,1.4819,1.4399,1.4076,1.3861,1.3744,1.3705,1.3724,1.3773,1.3842,1.393,1.4018,1.4106,1.4184,1.4242,1.4282,1.4301,1.4301,1.4301,1.4301,1.4282,1.4262,1.4233,1.4213,1.4203,1.4223,1.4242,1.4272,1.4311,1.435,1.4379,1.4409,1.4428,1.4448,1.4467,1.4526,1.4692,1.4946,1.5347,1.6022,1.6999,1.8299,1.9892,2.1711,2.3666,2.5679,2.7654,2.9482,3.1095,3.2258,3.3069,3.3734,3.4164,3.433,3.4252,3.3969,3.3509,3.2903,3.2199,3.1437,3.0635,2.9795,2.9003,2.8231,2.739,2.651,2.5601,2.4663,2.3715,2.2757,2.1789,2.085,1.9941,1.9091,1.8387,1.7781,1.7185,1.6647,1.6197,1.5836,1.5582,1.5425,1.5347,1.5318,1.5327,1.5347,1.5367,1.5376,1.5367,1.5318,1.523,1.5103,1.4927,1.4721,1.4487,1.4223,1.393,1.3607,1.3265,1.2972,1.2708,1.2375,1.2023,1.1672,1.1329,1.1007,1.0694,1.0401,1.0127,0.98631,0.96188,0.94526,0.93353,0.9218,0.91789,0.9306,0.96579,1.0283,1.1232,1.2532,1.4154,1.6061,1.8152,2.0332,2.2209,2.3861,2.5572,2.7126,2.8416,2.9384,3.0039,3.0391,3.0459,3.0303,2.9971,2.9511,2.8983,2.8416,2.7771,2.7087,2.6383,2.566,2.4907,2.4125,2.3304,2.2454,2.1544,2.0596,1.9619,1.8749,1.7947,1.7067,1.6188,1.5337,1.4555,1.3871,1.3294,1.2835,1.2483,1.2229,1.2082,1.2023,1.2043,1.2102,1.219,1.2278,1.2366,1.2434,1.2483,1.2493,1.2473,1.2414,1.2317,1.219,1.2063,1.1935,1.175,1.1623,1.1535,1.1349,1.1114,1.086,1.0606,1.0352,1.0108,0.98534,0.96676,0.95015,0.92864,0.90518,0.8827,0.86217,0.84946,0.84946,0.86999,0.91496,0.98729,1.0899,1.2209,1.3539,1.4907,1.6549,1.8309,2.0068,2.172,2.3187,2.4409,2.5367,2.6061,2.6481,2.6657,2.6618,2.6432,2.6129,2.5728,2.5249,2.4712,2.4125,2.3509,2.2864,2.2199,2.1505,2.0782,2.0039,1.9355,1.869,1.7947,1.7165,1.6383,1.5621,1.4897,1.4223,1.3627,1.3109,1.2678,1.2366,1.218,1.2082,1.2043,1.2063,1.2151,1.2287,1.2454,1.2639,1.2825,1.2991,1.3128,1.3236,1.3304,1.3353,1.3372,1.3353,1.3284,1.3177,1.304,1.2874,1.2669,1.2454,1.2229,1.1984,1.173,1.1535,1.1349,1.1124,1.088,1.0616,1.0352,1.0108,0.99022,0.97654,2.2121,2.1437,2.0743,2.0039,1.9345,1.8671,1.8025,1.7429,1.695,1.6549,1.6168,1.5826,1.5543,1.5327,1.5152,1.5024,1.4927,1.4848,1.479,1.4731,1.4692,1.4653,1.4585,1.4487,1.437,1.4242,1.4106,1.3959,1.3812,1.3656,1.349,1.3314,1.3138,1.3001,1.2874,1.2727,1.2571,1.2395,1.2219,1.2043,1.1848,1.1632,1.1408,1.1193,1.1017,1.0938,1.0978,1.1134,1.1505,1.2141,1.3079,1.4301,1.5797,1.7488,1.9306,2.1163,2.2962,2.4633,2.5934,2.694,2.7859,2.8583,2.9081,2.9365,2.9453,2.9384,2.9189,2.8905,2.8563,2.8172,2.7761,2.7322,2.6833,2.6285,2.5679,2.5034,2.435,2.3617,2.2854,2.2063,2.1251,2.043,1.9619,1.8925,1.8328,1.7722,1.7175,1.6706,1.6325,1.6031,1.5836,1.5728,1.5699,1.5748,1.5855,1.5973,1.609,1.6237,1.6373,1.651,1.6618,1.6706,1.6755,1.6774,1.6764,1.6716,1.6647,1.654,1.6432,1.6315,1.6168,1.6002,1.5806,1.5591,1.5367,1.5122,1.4868,1.4604,1.434,1.4106,1.3949,1.3861,1.3861,1.4027,1.4418,1.5083,1.6061,1.7351,1.8935,2.0733,2.2678,2.4663,2.6334,2.7761,2.9218,3.0518,3.1564,3.2346,3.2845,3.3089,3.3109,3.2942,3.263,3.2209,3.1691,3.1134,3.0557,2.9932,2.9267,2.8573,2.784,2.7067,2.6266,2.5425,2.4565,2.3695,2.2825,2.2053,2.1349,2.0635,1.9941,1.9296,1.8719,1.8231,1.783,1.7537,1.7322,1.7185,1.7097,1.7048,1.7028,1.7019,1.7009,1.6999,1.6979,1.6931,1.6872,1.6784,1.6667,1.651,1.6325,1.6109,1.5914,1.5728,1.5503,1.5239,1.4976,1.4702,1.4438,1.4174,1.391,1.3636,1.3353,1.306,1.2512,1.1896,1.1505,1.1202,1.0958,1.0802,1.0772,1.0929,1.131,1.1955,1.2903,1.4145,1.564,1.7087,1.8543,2.0244,2.2014,2.3705,2.523,2.651,2.7507,2.8211,2.8641,2.8827,2.8798,2.8612,2.8309,2.7918,2.7449,2.6921,2.6344,2.5738,2.5103,2.4438,2.3744,2.3011,2.2248,2.1437,2.0684,1.9951,1.913,1.827,1.741,1.6569,1.5777,1.5044,1.4379,1.3783,1.3275,1.2864,1.2532,1.2307,1.216,1.2053,1.1984,1.1945,1.1926,1.1896,1.1867,1.1828,1.1789,1.173,1.1652,1.1584,1.1515,1.1398,1.1251,1.1085,1.0899,1.0714,1.0528,1.0342,1.0147,0.99511,0.97654,0.95894,0.94624,0.93548,0.91984,0.90518,0.89541,0.88759,0.88661,0.89541,0.92082,0.96872,1.044,1.1486,1.262,1.3891,1.5523,1.741,1.9413,2.1437,2.3363,2.5112,2.6608,2.781,2.871,2.9296,2.9609,2.9658,2.9521,2.9286,2.8944,2.8534,2.8074,2.7586,2.7058,2.65,2.5894,2.5249,2.4565,2.39,2.3226,2.2473,2.1662,2.0841,2.002,1.9218,1.8465,1.7791,1.7204,1.6735,1.6373,1.6139,1.6002,1.5943,1.5934,1.5963,1.6031,1.6129,1.6246,1.6364,1.6461,1.654,1.6588,1.6598,1.6579,1.653,1.6442,1.6305,1.6129,1.5924,1.5699,1.5445,1.5171,1.4868,1.4555,1.4233,1.392,1.3666,1.3431,1.3167,1.2884,1.26,1.2307,1.2023,1.1769,1.1574,1.1476,1.1544,1.1808,1.2219,1.2835,1.3773,1.5005,1.6491,1.8182,1.999,2.1808,2.3539,2.5103,2.6442,2.7498,2.8182,2.8563,2.8778,2.8817,2.869,2.8407,2.8006,2.7498,2.6901,2.6237,2.5533,2.4809,2.4066,2.3382,2.2717,2.1994,2.1222,2.042,1.958,1.8729,1.7889,1.7058,1.6266,1.5513,1.48,1.4223,1.3724,1.3236,1.2786,1.2405,1.2092,1.1828,1.1642,1.1535,1.1457,1.1369,1.129,1.1232,1.1183,1.1134,1.1056,1.0958,1.0831,1.0674,1.0499,1.0313,1.0108,0.9912,0.97263,0.95503,0.94233,0.93353,0.92375,0.91398,0.9042,0.89443,0.88465,0.8739,0.86315,0.85142,0.84262,0.83969,0.8436,0.85728,0.88465,0.93157,1.0039,1.1046,1.2366,1.3959,1.5767,1.7722,1.9717,2.1632,2.3382,2.4721,2.5748,2.6667,2.739,2.7889,2.8172,2.8299,2.828,2.8065,2.7703,2.7224,2.6657,2.6031,2.5415,2.4809,2.4145,2.3431,2.2669,2.1857,2.1007,2.0117,1.9198,1.827,1.7341,1.6442,1.5689,1.5034,1.436,1.3724,1.3167,1.2698,1.2317,1.2033,1.1857,1.1769,1.1769,1.1838,1.1955,1.2102,1.2268,1.2434,1.26,1.2757,1.2893,1.3001,1.3069,1.3109,1.3109,1.303,1.2923,1.2864,1.2766,1.262,1.2444,1.2248,1.2033,1.1799,1.1554,1.13,1.1046,1.0802,1.0587,1.042,1.0352,1.0518,1.0772,1.1075,1.1672,1.2581,1.3793,1.5269,1.696,1.8778,2.0626,2.2414,2.3861,2.5024,2.6149,2.7107,2.783,2.8319,2.8602,2.87,2.8612,2.825,2.7683,2.7263,2.6891,2.6266,2.566,2.5181,2.4575,2.3675,2.2825,2.218,2.1202,2.0059,1.9277,1.868,1.7898,1.7224,1.6725,1.6178,1.564,1.5161,1.4751,1.4428,1.4194,1.4037,1.3959,1.393,1.3959,1.4047,1.4125,1.4174,1.4194,1.4194,1.4154,1.4076,1.3959,1.3822,1.3705,1.3539,1.3284,1.3079,1.2893,1.2669,1.2434,1.219,1.1955,1.173,1.1525,1.1339,1.1173,1.1017,1.088,1.0792,1.0723,1.0635,1.0557,1.0528,1.0587,1.0782,1.1183,1.1818,1.2717,1.3891,1.5308,1.6921,1.8407,1.9824,2.1398,2.2952,2.435,2.5523,2.6432,2.7067,2.7439,2.7586,2.7537,2.7322,2.7009,2.6618,2.6158,2.564,2.5083,2.4506,2.391,2.3284,2.2639,2.1965,2.1261,2.0518,1.9746,1.9042,1.8377,1.7634,1.6872,1.6129,1.5425,1.4761,1.4154,1.3636,1.3206,1.2854,1.2581,1.2414,1.2317,1.2239,1.2199,1.219,1.2209,1.2239,1.2268,1.2307,1.2336,1.2346,1.2326,1.2268,1.2229,1.217,1.2072,1.1945,1.1789,1.1613,1.1417,1.1212,1.0997,1.0772,1.0547,1.0323,1.0156,1.002,0.98338,0.96285,0.94135,0.9218,0.90616,0.90029,0.90811,0.93353,0.98338,1.0606,1.1662,1.2776,1.3998,1.5533,1.7243,1.9013,2.0743,2.2346,2.3744,2.4897,2.5797,2.6442,2.6872,2.7067,2.7107,2.7067,2.695,2.6764,2.651,2.6197,2.5836,2.5435,2.4985,2.4487,2.3939,2.3324,2.2727,2.2111,2.1408,2.0645,1.9853,1.9062,1.828,1.7546,1.6872,1.6276,1.5758,1.5337,1.5318,1.5533,1.5591,1.5601,1.5621,1.566,1.5728,1.5816,1.5904,1.5992,1.607,1.6129,1.6158,1.6168,1.6168,1.6129,1.6061,1.5982,1.5885,1.5777,1.566,1.5543,1.5425,1.5318,1.521,1.5122,1.5034,1.4927,1.4809,1.4663,1.4497,1.433,1.4194,1.4106,1.4096,1.4233,1.4555,1.5112,1.5777,1.6598,1.7742,1.914,2.0704,2.2346,2.3969,2.5474,2.6804,2.7908,2.8759,2.9345,2.9658,2.9765,2.9746,2.9599,2.9335,2.8983,2.8563,2.8084,2.7566,2.7019,2.6452,2.5855,2.5239,2.4653,2.4076,2.3431,2.2737,2.2014,2.1271,2.0538,1.9814,1.912,1.8465,1.7869,1.7331,1.6911,1.6569,1.6237,1.5934,1.5679,1.5464,1.5288,1.5152,1.5034,1.4927,1.4829,1.4741,1.4653,1.4575,1.4487,1.436,1.4194,1.4008,1.3803,1.3587,1.3353,1.3118,1.2884,1.2649,1.2414,1.2229,1.2072,1.1887,1.1672,1.1457,1.1232,1.1017,1.0821,1.0635,1.0469,1.0342,1.0283,1.0323,1.0479,1.0792,1.132,1.2102,1.3148,1.4448,1.5963,1.7615,1.9316,2.0968,2.2483,2.3812,2.48,2.5513,2.609,2.6491,2.6706,2.6745,2.6637,2.6403,2.608,2.5679,2.522,2.4721,2.4233,2.3744,2.3196,2.261,2.1984,2.1329,2.0645,1.9922,1.9179,1.8426,1.7683,1.695,1.6256,1.5679,1.5191,1.4682,1.4213,1.3803,1.346,1.3187,1.2981,1.2845,1.2766,1.2727,1.2727,1.2766,1.2825,1.2864,1.2893,1.2903,1.2884,1.2835,1.2757,1.2649,1.2512,1.2356,1.217,1.1965,1.1799,1.1652,1.1466,1.1261,1.1056,1.085,1.0635,1.042,1.0205,0.99902,0.97849,0.95992,0.94819,0.94233,0.93939,0.94428,0.96383,1.0029,1.0655,1.1554,1.2727,1.4145,1.5758,1.7498,1.9267,2.0772,2.2063,2.3353,2.4506,2.5455,2.6158,2.6637,2.6901,2.6979,2.6901,2.6706,2.6413,2.608,2.5709,2.5279,2.479,2.4272,2.3715,2.3128,2.2512,2.1877,2.1222,2.0538,1.9844,1.9159,1.8573,1.8045,1.7488,1.694,1.6432,1.5982,1.5611,1.5308,1.5083,1.4936,1.4868,1.4868,1.4917,1.4995,1.5103,1.523,1.5367,1.5494,1.5611,1.5699,1.5767,1.5797,1.5797,1.5758,1.5689,1.5621,1.5533,1.5425,1.5298,1.5161,1.5005,1.4985,1.5034,1.4995,1.4917,1.4819,1.4712,1.4624,1.4545,1.4448,1.434,1.4272,1.4282,1.4409,1.4702,1.521,1.5973,1.697,1.8172,1.9531,2.0772,2.1945,2.3226,2.4477,2.5601,2.6549,2.7273,2.7771,2.8055,2.8143,2.8065,2.784,2.7537,2.7165,2.6735,2.6256,2.5738,2.5191,2.4624,2.4037,2.3441,2.2825,2.2199,2.1554,2.089,2.0293,1.9726,1.9101,1.8465,1.784,1.7243,1.6696,1.6217,1.5806,1.5474,1.522,1.5044,1.4956,1.4927,1.4936,1.4995,1.5093,1.521,1.5347,1.5474,1.5591,1.5689,1.5758,1.5787,1.5797,1.5787,1.5738,1.567,1.5572,1.5455,1.5318,1.5171,1.5015,1.4848,1.4673,1.4487,1.4301,1.4154,1.4018,1.3851,1.3666,1.346,1.3245,1.304,1.2854,1.2737,1.2727,1.2874,1.3236,1.3724,1.4389,1.5337,1.653,1.7908,1.9394,2.0909,2.2366,2.3695,2.4839,2.5758,2.6432,2.6862,2.7048,2.7058,2.694,2.6716,2.6383,2.5973,2.5503,2.4985,2.4428,2.3832,2.3216,2.259,2.2014,2.1457,2.0831,2.0156,1.9462,1.8759,1.8065,1.738,1.6725,1.6119,1.5562,1.5073,1.4643,1.434,1.4125,1.392,1.3763,1.3675,1.3636,1.3636,1.3666,1.3715,1.3773,1.3832,1.3871,1.392,1.3969,1.3978,1.3959,1.392,1.3861,1.3773,1.3675,1.3558,1.3441,1.3324,1.3206,1.3089,1.3021,1.2972,1.2903,1.2825,1.2747,1.2659,1.2571,1.2473,1.2385,1.2317,1.2287,1.2326,1.2454,1.2698,1.3128,1.3773,1.4673,1.5806,1.7155,1.8661,2.0254,2.1867,2.3421,2.4839,2.6061,2.694,2.7556,2.8055,2.8397,2.8573,2.8592,2.8475,2.825,2.7957,2.7595,2.7195,2.6755,2.6325,2.5875,2.5367,2.4809,2.4203,2.3558,2.2874,2.217,2.1466,2.0772,2.0108,1.9492,1.8935,1.8504,1.8172,1.7869,1.7625,1.7439,1.7322,1.7273,1.7273,1.7312,1.737,1.7449,1.7527,1.7595,1.7644,1.7693,1.7713,1.7713,1.7683,1.7625,1.7556,1.7458,1.7341,1.7195,1.7048,1.6901,1.6784,1.6676,1.6559,1.6432,1.6305,1.6188,1.6051,1.5924,1.5787,1.564,1.5484,1.5337,1.5239,1.5191,1.52,1.5318,1.5611,1.6109,1.6843,1.782,1.9022,2.0401,2.1896,2.3431,2.4927,2.6373,2.7761,2.9003,3.002,3.0762,3.1232,3.1447,3.1417,3.1202,3.0831,3.0332,2.9726,2.911,2.8465,2.7761,2.7019,2.6256,2.5474,2.4663,2.3832,2.2972,2.2092,2.1212,2.0332,1.9462,1.871,1.8045,1.7361,1.6706,1.6119,1.5611,1.5191,1.4848,1.4585,1.4409,1.4301,1.4233,1.4213,1.4223,1.4242,1.4282,1.4301,1.4311,1.4301,1.4252,1.4145,1.4008,1.3832,1.3627,1.3441,1.3275,1.306,1.2815,1.2551,1.2258,1.1945,1.1632,1.132,1.1017,1.0714,1.043,1.0147,0.99413,0.97654,0.95601,0.93451,0.91496,0.9042,0.90714,0.92766,0.97263,1.0479,1.1554,1.2962,1.4389,1.5894,1.7713,1.9668,2.1623,2.346,2.5083,2.6432,2.7478,2.8211,2.8641,2.8798,2.8719,2.8485,2.8113,2.7625,2.7028,2.6354,2.5611,2.4819,2.3998,2.3148,2.2268,2.1369,2.044,1.9599,1.8817,1.7957,1.7058,1.6168,1.5318,1.4516,1.3793,1.3167,1.2649,1.2248,1.1955,1.1779,1.1701,1.1701,1.175,1.1867,1.2023,1.2209,1.2395,1.2571,1.2727,1.2854,1.2942,1.2981,1.2991,1.2981,1.2923,1.2825,1.2688,1.2502,1.2268,1.2004,1.172,1.1427,1.1144,1.087,1.0616,1.043,1.0274,1.0078,0.98729,0.96676,0.94917,0.93548,0.92864,0.93451,0.95797,1.0059,1.0841,1.175,1.2884,1.4457,1.6373,1.8553,2.088,2.3236,2.5513,2.7586,2.9374,3.0841,3.1955,3.2717,3.3099,3.3206,3.3148,3.2913,3.2512,3.1975,3.1339,3.0635,2.9883,2.9091,2.828,2.7439,2.6647,2.5885,2.5054,2.4184,2.3304,2.2424,2.1574,2.0762,2.001,1.9326,1.8729,1.8211,1.7781,1.7449,1.7214,1.7038,1.6931,1.6891,1.6901,1.694,1.6989,1.7028,1.7067,1.7067,1.7038,1.6999,1.694,1.6843,1.6696,1.651,1.6295,1.6051,1.5777,1.5484,1.5191,1.4917,1.4653,1.4399,1.4203,1.4047,1.3881,1.3724,1.3587,1.3451,1.3324,1.3187,1.306,1.2952,1.2884,1.2884,1.2981,1.3216,1.3675,1.4409,1.5455,1.6804,1.8436,2.0283,2.2268,2.4272,2.6197,2.7937,2.9443,3.0508,3.1232,3.1818,3.2199,3.2356,3.2307,3.2092,3.172,3.1241,3.0665,3.001,2.9306,2.8612,2.7918,2.7155,2.6344,2.5484,2.4575,2.3627,2.2346,2.0948,1.9834,1.8886,1.8025,1.7224,1.6569,1.6012,1.5435,1.4897,1.4418,1.4008,1.3666,1.3392,1.3177,1.3001,1.2874,1.2796,1.2757,1.2747,1.2717,1.2688,1.2649,1.2581,1.2493,1.2385,1.2248,1.2082,1.1887,1.1672,1.1496,1.1339,1.1124,1.089,1.0655,1.043,1.0225,1.002,0.9824,0.96383,0.94624,0.92864,0.91202,0.90225,0.89736,0.89345,0.89638,0.91007,0.94135,0.99316,1.0704,1.173,1.3011,1.4497,1.6129,1.7595,1.8954,2.042,2.1838,2.3109,2.4184,2.5044,2.5679,2.609,2.6315,2.6383,2.6325,2.6168,2.5943,2.5679,2.5376,2.5054,2.4721,2.437,2.3998,2.3597,2.3167,2.2688,2.217,2.1632,2.1124,2.0635,2.0098,1.956,1.9052,1.8592,1.8201,1.7879,1.7634,1.7468,1.738,1.7351,1.738,1.7439,1.7517,1.7615,1.7713,1.781,1.7898,1.7957,1.7986,1.7986,1.7947,1.7869,1.7752,1.7625,1.7488,1.7331,1.7155,1.697,1.6774,1.6588,1.6393,1.6207,1.6031,1.5855,1.5689,1.5523,1.5386,1.5259,1.5112,1.4966,1.4819,1.4702,1.4653,1.4712,1.4927,1.5337,1.5973,1.6843,1.7752,1.8729,1.9961,2.131,2.2678,2.3988,2.5152,2.6129,2.6882,2.74,2.7693,2.7801,2.7722,2.7507,2.7195,2.6804,2.6344,2.5846,2.5298,2.4731,2.4135,2.35,2.2835,2.2131,2.1398,2.0723,2.0078,1.9355,1.8583,1.781,1.7058,1.6315,1.5601,1.4936,1.4311,1.3734,1.3216,1.2757,1.2414,1.2141,1.1857,1.1593,1.1349,1.1124,1.0919,1.0723,1.0538,1.0362,1.0186,1.001,0.98827,0.97752,0.96188,0.94428,0.92473,0.9042,0.8827,0.86119,0.83969,0.81916,0.79961,0.78104,0.76344,0.75269,0.74585,0.73705,0.72727,0.7175,0.70772,0.6999,0.69404,0.69208,0.69795,0.71554,0.74878,0.79374,0.85435,0.94135,1.0538,1.1887,1.3431,1.5093,1.6774,1.8397,1.9883,2.1183,2.2258,2.3089,2.3627,2.3949,2.4164,2.4262,2.4272,2.4194,2.4057,2.3861,2.3636,2.3382,2.3099,2.2786,2.2483,2.218,2.1838,2.1466,2.1075,2.0684,2.0283,1.9892,1.9531,1.9189,1.8886,1.8631,1.8436,1.8289,1.8182,1.8113,1.8104,1.8143,1.8211,1.8309,1.8416,1.8534,1.8641,1.8729,1.8788,1.8798,1.9404,2.0293,2.0674,2.0792,2.0753,2.0616,2.042,2.0196,1.9941,1.9687,1.9423,1.9189,1.8974,1.8729,1.8475,1.8221,1.7977,1.7742,1.7507,1.7273,1.7038,1.6804,1.6569,1.6354,1.6197,1.6109,1.609,1.6188,1.6461,1.694,1.7625,1.8514,1.956,2.0704,2.1887,2.3021,2.392,2.4624,2.5249,2.5709,2.5992,2.608,2.5992,2.5748,2.5376,2.4907,2.4379,2.3803,2.3206,2.2659,2.2151,2.1603,2.1046,2.0479,1.9912,1.9335,1.8749,1.8143,1.7537,1.6931,1.6334,1.5855,1.5445,1.5005,1.4575,1.4184,1.3842,1.3568,1.3363,1.3226,1.3157,1.3148,1.3187,1.3284,1.3412,1.3558,1.3715,1.3861,1.3988,1.4106,1.4203,1.4272,1.4311,1.4321,1.4311,1.4282,1.4262,1.4252,1.4213,1.4154,1.4096,1.4027,1.3959,1.3871,1.3763,1.3646,1.3519,1.3392,1.3265,1.3187,1.3138,1.3099,1.3118,1.3236,1.35,1.3949,1.4594,1.5464,1.653,1.7742,1.9052,2.0215,2.1261,2.2356,2.3382,2.4272,2.4985,2.5513,2.5865,2.6051,2.609,2.6002,2.5816,2.5552,2.5259,2.4936,2.4555,2.4145,2.3705,2.3255,2.2796,2.2317,2.1828,2.132,2.0802,2.0283,1.9834,1.9443,1.9032,1.8651,1.8319,1.8035,1.7801,1.7625,1.7507,1.7458,1.7458,1.7498,1.7576,1.7664,1.7761,1.7879,1.8016,1.8143,1.825,1.8338,1.8407,1.8446,1.8456,1.8426,1.8368,1.8299,1.8231,1.8123,1.7996,1.7869,1.7742,1.7634,1.7527,1.7419,1.7302,1.7185,1.7067,1.694,1.6833,1.6735,1.6608,1.6471,1.6344,1.6237,1.6188,1.6246,1.6442,1.6823,1.7419,1.8211,1.9032,1.9912,2.0997,2.216,2.3324,2.4418,2.5396,2.6217,2.6862,2.7331,2.7634,2.7791,2.781,2.7722,2.7546,2.7292,2.6979,2.6618,2.6227,2.5816,2.5386,2.4936,2.4477,2.4008,2.3519,2.3069,2.2639,2.216,2.1642,2.1114,2.0577,2.0039,1.9531,1.9062,1.8631,1.826,1.7937,1.7693,1.7517,1.737,1.7243,1.7146,1.7067,1.6999,1.694,1.6882,1.6813,1.6735,1.6657,1.6559,1.6461,1.6364,1.6207,1.6012,1.5797,1.5562,1.5318,1.5064,1.4809,1.4555,1.4321,1.4096,1.392,1.3783,1.3617,1.3441,1.3265,1.3099,1.2933,1.2776,1.1984,1.0899,1.0362,1.0186,1.0303,1.0616,1.1153,1.1975,1.3079,1.4428,1.5953,1.7576,1.9208,2.0782,2.2219,2.347,2.4497,2.521,2.5699,2.608,2.6315,2.6413,2.6403,2.6295,2.6119,2.5894,2.5621,2.5298,2.4946,2.4565,2.4184,2.3803,2.3353,2.2835,2.2278,2.1672,2.1046,2.042,1.9814,1.9247,1.8719,1.824,1.7869,1.7586,1.7341,1.7155,1.7038,1.6979,1.6989,1.7058,1.7165,1.7312,1.7488,1.7654,1.781,1.7947,1.8055,1.8133,1.8192,1.8201,1.8182,1.8123,1.8035,1.7937,1.782,1.7693,1.7537,1.74,1.7283,1.7146,1.7009,1.6862,1.6716,1.6579,1.6442,1.6295,1.6139,1.5982,1.5865,1.5826,1.5885,1.607,1.6471,1.7116,1.8016,1.915,2.0479,2.1935,2.3431,2.4897,2.6256,2.7458,2.8338,2.8974,2.9511,2.9902,3.0137,3.0196,3.0098,2.9883,2.958,2.9208,2.8778,2.8309,2.781,2.7331,2.6833,2.6285,2.5689,2.5054,2.4379,2.3666,2.2933,2.219,2.1447,2.0723,2.0039,1.9472,1.8993,1.8524,1.8104,1.7732,1.7439,1.7224,1.7087,1.7009,1.6989,1.6999,1.7038,1.7077,1.7116,1.7116,1.7077,1.6989,1.6852,1.6676,1.6471,1.6237,1.5973,1.5689,1.5396,1.5093,1.4848,1.4643,1.4399,1.4145,1.39,1.3675,1.347,1.3275,1.3089,1.2903,1.2727,1.2561,1.2414,1.2326,1.2297,1.2307,1.2424,1.2698,1.3196,1.3949,1.4936,1.6139,1.7498,1.8935,2.0381,2.1593,2.261,2.3597,2.4457,2.5142,2.563,2.5943,2.609,2.609,2.5973,2.5767,2.5494,2.5152,2.48,2.4438,2.4018,2.3548,2.306,2.2542,2.1994,2.1427,2.0841,2.0235,1.9619,1.8993,1.8456,1.7967,1.7439,1.6921,1.6432,1.5992,1.5611,1.5288,1.5024,1.4829,1.4712,1.4643,1.4624,1.4643,1.4663,1.4673,1.4682,1.4673,1.4643,1.4604,1.4545,1.4467,1.436,1.4223,1.4066,1.3949,1.3832,1.3656,1.3451,1.3236,1.3011,1.2786,1.2561,1.2336,1.2121,1.1926,1.175,1.1632,1.1544,1.1417,1.13,1.1202,1.1163,1.1222,1.1437,1.1848,1.2483,1.3363,1.4487,1.5797,1.7028,1.8231,1.958,2.0919,2.2151,2.3216,2.4076,2.4721,2.5161,2.5425,2.5543,2.5523,2.5406,2.522,2.4927,2.4555,2.4194,2.3832,2.346,2.3069,2.2669,2.2248,2.1808,2.1359,2.089,2.0469,2.0068,1.9638,1.9208,1.8798,1.8436,1.8123,1.7869,1.7674,1.7546,1.7498,1.7507,1.7566,1.7664,1.7801,1.7967,1.8162,1.8358,1.8534,1.87,1.8866,1.9013,1.913,1.9218,1.9277,1.9306,1.9306,1.9277,1.9218,1.914,1.9032,1.8895,1.8749,1.8592,1.8416,1.824,1.8055,1.7898,1.7752,1.7566,1.7341,1.7116,1.6891,1.6716,1.6608,1.6628,1.6813,1.7204,1.782,1.8651,1.9501,2.0411,2.1544,2.2776,2.4018,2.5191,2.6227,2.7087,2.7771,2.825,2.8553,2.869,2.868,2.8543,2.8338,2.8065,2.7742,2.738,2.6999,2.6608,2.6217,2.5826,2.5445,2.5054,2.4633,2.4233,2.3822,2.3363,2.2864,2.2346,2.1828,2.131,2.0811,2.0352,1.9941,1.958,1.9267,1.9022,1.8817,1.8631,1.8465,1.8309,1.8172,1.8055,1.7937,1.782,1.7693,1.7546,1.738,1.7195,1.7019,1.6843,1.6628,1.6373,1.609,1.5787,1.5474,1.5152,1.4839,1.4526,1.4223,1.393,1.3715,1.3539,1.3333,1.3118,1.2893,1.2669,1.2444,1.2229,1.2043,1.1906,1.1848,1.1916,1.2141,1.2493,1.3011,1.3783,1.48,1.6022,1.74,1.8856,2.0303,2.1662,2.2874,2.3881,2.4673,2.5191,2.5494,2.5689,2.5758,2.5699,2.5533,2.5279,2.4956,2.4585,2.4184,2.3763,2.3314,2.2893,2.2483,2.2023,2.1525,2.0987,2.042,1.9824,1.9218,1.8612,1.8016,1.7449,1.6931,1.6471,1.6129,1.5875,1.564,1.5464,1.5347,1.5298,1.5318,1.5386,1.5494,1.5621,1.5758,1.5894,1.6012,1.6109,1.6168,1.6197,1.6188,1.6139,1.607,1.5973,1.5846,1.5699,1.5543,1.5376,1.52,1.5054,1.4917,1.4751,1.4575,1.4379,1.4194,1.4018,1.3851,1.3695,1.3558,1.346,1.3421,1.346,1.3607,1.392,1.4428,1.5181,1.6188,1.7439,1.8886,2.0459,2.2102,2.3724,2.5249,2.6618,2.7634,2.8377,2.9022,2.9492,2.9765,2.9853,2.9785,2.957,2.9247,2.8847,2.8377,2.7859,2.7351,2.6843,2.6285,2.5689,2.5064,2.4418,2.3744,2.306,2.2366,2.1691,2.1036,2.0401,1.9804,1.9316,1.8915,1.8524,1.8172,1.7879,1.7664,1.7517,1.7439,1.7116,1.6696,1.654,1.653,1.6579,1.6657,1.6745,1.6813,1.6843,1.6833,1.6794,1.6716,1.6618,1.65,1.6373,1.6237,1.609,1.5953,1.5816,1.563,1.5415,1.52,1.5005,1.4809,1.4624,1.4438,1.4242,1.4047,1.3861,1.3715,1.3597,1.348,1.3431,1.35,1.3754,1.4233,1.4985,1.6031,1.7351,1.8895,2.0606,2.2385,2.391,2.523,2.6579,2.781,2.8837,2.9629,3.0176,3.0489,3.0606,3.0557,3.0352,3.0029,2.9638,2.9198,2.87,2.8152,2.7566,2.695,2.6305,2.5621,2.4888,2.4106,2.3275,2.2405,2.1496,2.0674,1.9902,1.9052,1.8192,1.7351,1.6559,1.5855,1.5259,1.477,1.4399,1.4135,1.3949,1.3851,1.3822,1.3803,1.3803,1.3812,1.3822,1.3832,1.3822,1.3783,1.3724,1.3627,1.348,1.3275,1.3079,1.2874,1.259,1.2268,1.1926,1.1564,1.1202,1.085,1.0489,1.0137,0.98045,0.94819,0.92473,0.90811,0.88954,0.87292,0.86022,0.85533,0.86315,0.88856,0.93744,1.0147,1.1241,1.2659,1.4379,1.6051,1.7732,1.9697,2.175,2.3724,2.5523,2.7077,2.8348,2.9335,3.0049,3.0508,3.0733,3.0753,3.0616,3.0371,3.002,2.9589,2.911,2.8583,2.8006,2.74,2.6764,2.609,2.5376,2.4702,2.4047,2.3333,2.26,2.1887,2.1222,2.0596,2.0029,1.9531,1.9081,1.8671,1.8309,1.8006,1.7781,1.7634,1.7556,1.7546,1.7625,1.7771,1.7977,1.8192,1.8387,1.8553,1.8671,1.8749,1.8768,1.8749,1.869,1.8583,1.8436,1.825,1.8045,1.781,1.7556,1.7273,1.6979,1.6676,1.6364,1.61,1.5865,1.5601,1.5347,1.5103,1.4897,1.4751,1.4673,1.4702,1.4897,1.5288,1.5934,1.6686,1.7605,1.8905,2.0508,2.2336,2.4282,2.6246,2.8123,2.9804,3.1222,3.2346,3.3157,3.3675,3.3891,3.3871,3.3715,3.3431,3.3021,3.2512,3.1935,3.129,3.0587,2.9844,2.9071,2.8289,2.7566,2.6852,2.6061,2.522,2.434,2.3421,2.2473,2.1535,2.0635,1.9804,1.9062,1.8397,1.781,1.7351,1.6979,1.6618,1.6276,1.5963,1.5679,1.5445,1.5249,1.5083,1.4936,1.48,1.4663,1.4555,1.4448,1.4282,1.4066,1.3803,1.3509,1.3187,1.2845,1.2493,1.2141,1.1789,1.1457,1.1124,1.086,1.0635,1.0665,1.0841,1.0811,1.0674,1.0489,1.0283,1.0078,0.98925,0.97654,0.97263,0.97947,1.002,1.045,1.1134,1.2092,1.3314,1.4751,1.6334,1.7977,1.9589,2.1085,2.2424,2.3548,2.435,2.4888,2.5308,2.5562,2.564,2.5552,2.5327,2.4985,2.4555,2.4057,2.3509,2.2923,2.2375,2.1838,2.1232,2.0577,1.9883,1.9159,1.8407,1.7644,1.6891,1.6158,1.5455,1.479,1.4194,1.3734,1.3372,1.303,1.2747,1.2532,1.2395,1.2317,1.2307,1.2356,1.2463,1.261,1.2786,1.2972,1.3148,1.3324,1.348,1.3617,1.3715,1.3783,1.3803,1.3773,1.3705,1.3607,1.347,1.3314,1.3187,1.3079,1.2933,1.2776,1.263,1.2483,1.2346,1.2209,1.2092,1.1984,1.1906,1.1896,1.1965,1.2141,1.2483,1.303,1.3812,1.4839,1.608,1.7498,1.9022,2.0577,2.2082,2.3451,2.4506,2.5308,2.6022,2.6569,2.6921,2.7087,2.7087,2.694,2.6676,2.6325,2.5894,2.5406,2.4878,2.436,2.3832,2.3245,2.262,2.1965,2.1281,2.0577,1.9873,1.9159,1.8475,1.782,1.7204,1.6706,1.6295,1.5904,1.5552,1.5269,1.5044,1.4888,1.479,1.4741,1.4731,1.4751,1.478,1.4809,1.4848,1.4878,1.4888,1.4868,1.4819,1.4751,1.4653,1.4516,1.436,1.4184,1.3988,1.3793,1.3617,1.346,1.3275,1.3079,1.2874,1.2669,1.2463,1.2268,1.2072,1.1877,1.1691,1.1505,1.132,1.1193,1.1114,1.1056,1.1056,1.1183,1.1476,1.1984,1.2727,1.3705,1.4888,1.6207,1.7586,1.8788,1.9834,2.088,2.1818,2.2571,2.3128,2.349,2.3666,2.3675,2.3539,2.3284,2.2942,2.2532,2.2111,2.1681,2.1183,2.0655,2.0098,1.9521,1.8925,1.8309,1.7674,1.7019,1.6344,1.566,1.5073,1.4545,1.3959,1.3372,1.2805,1.2278,1.1808,1.1408,1.1095,1.086,1.0684,1.0577,1.0528,1.0547,1.0606,1.0674,1.0743,1.0811,1.087,1.0919,1.0948,1.0948,1.0919,1.086,1.0782,1.0714,1.0645,1.0528,1.0381,1.0215,1.0039,0.98631,0.96774,0.94917,0.93255,0.91593,0.90029,0.88563,0.87586,0.86999,0.86217,0.8563,0.85435,0.86022,0.87879,0.913,0.96872,1.0489,1.1525,1.2776,1.3998,1.522,1.6637,1.8094,1.9501,2.0782,2.1877,2.2776,2.346,2.4575,2.5826,2.6452,2.6716,2.6755,2.6657,2.6471,2.6237,2.5953,2.563,2.5279,2.4897,2.4467,2.3988,2.347,2.2913,2.2395,2.1887,2.131,2.0704,2.0098,1.9511,1.8954,1.8446,1.8006,1.7644,1.7361,1.7146,1.7019,1.696,1.695,1.696,1.6999,1.7058,1.7116,1.7165,1.7195,1.7204,1.7185,1.7155,1.7097,1.7048,1.7009,1.695,1.6882,1.6813,1.6745,1.6686,1.6637,1.6588,1.654,1.6491,1.6422,1.6344,1.6266,1.6197,1.61,1.5973,1.5846,1.5758,1.5738,1.5826,1.607,1.651,1.7175,1.8074,1.9003,2,2.1232,2.2571,2.392,2.5181,2.6285,2.7195,2.7898,2.8397,2.8719,2.8866,2.8866,2.8749,2.8553,2.8299,2.7986,2.7634,2.7243,2.6823,2.6383,2.5943,2.5484,2.4995,2.4487,2.3998,2.3509,2.2952,2.2366,2.176,2.1153,2.0547,1.998,1.9462,1.9013,1.8622,1.8289,1.8055,1.7889,1.7732,1.7615,1.7517,1.7439,1.738,1.7322,1.7273,1.7224,1.7155,1.7067,1.695,1.6843,1.6735,1.6588,1.6422,1.6237,1.6051,1.5855,1.565,1.5445,1.5239,1.5034,1.4829,1.4673,1.4545,1.4389,1.4203,1.4018,1.3832,1.3646,1.347,1.3314,1.3216,1.3216,1.3353,1.3685,1.4135,1.4751,1.563,1.6735,1.8025,1.9433,2.088,2.2278,2.3578,2.4731,2.5699,2.6471,2.6989,2.7292,2.7498,2.7595,2.7576,2.7468,2.7283,2.7048,2.6755,2.6432,2.6061,2.565,2.5191,2.4741,2.4291,2.3773,2.3196,2.259,2.1945,2.1271,2.0587,1.9922,1.9286,1.869,1.8133,1.7693,1.7341,1.7019,1.6745,1.653,1.6373,1.6276,1.6237,1.6237,1.6266,1.6305,1.6344,1.6364,1.6383,1.6393,1.6364,1.6285,1.6178,1.6041,1.5875,1.5689,1.5484,1.5259,1.5024,1.477,1.4555,1.437,1.4135,1.3891,1.3636,1.3382,1.3138,1.2893,1.2659,1.2444,1.2258,1.2121,1.2072,1.2121,1.2287,1.261,1.3148,1.392,1.4927,1.6158,1.7556,1.9062,2.0606,2.2111,2.3519,2.4633,2.5503,2.6315,2.6989,2.7488,2.782,2.7986,2.8006,2.7908,2.7713,2.7458,2.7146,2.6794,2.6432,2.6061,2.564,2.5171,2.4663,2.4115,2.3539,2.2942,2.2336,2.173,2.1144,2.0587,2.0127,1.9736,1.9355,1.8807,1.8211,1.783,1.7586,1.7458,1.7419,1.7429,1.7488,1.7566,1.7644,1.7703,1.7742,1.7752,1.7732,1.7683,1.7605,1.7498,1.7361,1.7204,1.7028,1.6833,1.6608,1.6422,1.6246,1.6041,1.5836,1.563,1.5435,1.5239,1.5044,1.4868,1.4702,1.4545,1.4409,1.4311,1.4272,1.4321,1.4477,1.48,1.5347,1.6149,1.7234,1.8592,2.0186,2.1935,2.3754,2.5552,2.7028,2.826,2.9472,3.0538,3.1378,3.1984,3.2356,3.2502,3.2454,3.2248,3.1916,3.1496,3.1036,3.0538,2.999,2.9423,2.8837,2.825,2.7644,2.7028,2.6403,2.5758,2.5093,2.4409,2.3705,2.3079,2.2493,2.1867,2.1251,2.0655,2.0108,1.9629,1.9218,1.8886,1.8622,1.8426,1.828,1.8192,1.8123,1.8074,1.8016,1.7957,1.7889,1.7801,1.7703,1.7595,1.7458,1.7292,1.7097,1.6872,1.6676,1.651,1.6305,1.608,1.5846,1.5601,1.5347,1.5083,1.4829,1.4565,1.4311,1.4047,1.3832,1.3646,1.3412,1.3167,1.2942,1.2776,1.2737,1.2884,1.3265,1.3939,1.4927,1.6217,1.7771,1.9267,2.0782,2.2542,2.436,2.6109,2.7693,2.9042,3.0137,3.0968,3.1525,3.1828,3.1916,3.1808,3.1564,3.1232,3.0821,3.0362,2.9853,2.9296,2.869,2.8065,2.741,2.6735,2.6022,2.5259,2.4555,2.3851,2.305,2.219,2.131,2.044,1.9599,1.8827,1.8143,1.7556,1.7077,1.6706,1.6461,1.6315,1.6227,1.6188,1.6188,1.6217,1.6246,1.6276,1.6295,1.6276,1.6227,1.6139,1.5992,1.5836,1.567,1.5425,1.5132,1.4809,1.4477,1.4145,1.3822,1.3529,1.3245,1.2972,1.2717,1.2522,1.2356,1.2151,1.1916,1.1672,1.1427,1.1183,1.0948,1.0762,1.0684,1.0762,1.1065,1.1652,1.2395,1.3353,1.4692,1.6325,1.8172,2.0147,2.2131,2.4037,2.5777,2.7283,2.8514,2.9453,3.0039,3.0352,3.0518,3.0518,3.0371,3.0088,2.9707,2.9238,2.871,2.8123,2.7498,2.6823,2.6109,2.5425,2.4731,2.393,2.305,2.2131,2.1173,2.0215,1.9257,1.8328,1.7458,1.6667,1.5973,1.5445,1.5044,1.4682,1.4399,1.4203,1.4096,1.4057,1.4076,1.4145,1.4233,1.435,1.4467,1.4565,1.4653,1.4721,1.4741,1.4712,1.4643,1.4536,1.4409,1.4262,1.4115,1.3744,1.3255,1.2933,1.2747,1.262,1.2493,1.2366,1.2248,1.2131,1.2023,1.1926,1.1828,1.174,1.1691,1.172,1.1848,1.2111,1.259,1.3314,1.4321,1.5621,1.7165,1.8905,2.0753,2.261,2.4389,2.6012,2.741,2.8426,2.913,2.9707,3.0068,3.0215,3.0156,2.9912,2.9541,2.9062,2.8504,2.7879,2.7204,2.6549,2.5904,2.5191,2.4438,2.3646,2.2835,2.2004,2.1173,2.0352,1.9541,1.8749,1.7996,1.7302,1.6745,1.6295,1.5875,1.5513,1.522,1.5005,1.4848,1.4761,1.4721,1.4731,1.478,1.4858,1.4946,1.5024,1.5083,1.5103,1.5093,1.5044,1.4956,1.4839,1.4692,1.4526,1.435,1.4164,1.3969,1.3812,1.3675,1.3519,1.3353,1.3187,1.3021,1.2874,1.2727,1.2571,1.2414,1.2258,1.2102,1.1975,1.1857,1.172,1.1603,1.1574,1.1701,1.2033,1.2639,1.3539,1.4731,1.6197,1.7879,1.9677,2.1261,2.2678,2.4184,2.5601,2.6833,2.784,2.8573,2.9062,2.9316,2.9365,2.9247,2.8983,2.8631,2.8211,2.7703,2.7146,2.654,2.5894,2.523,2.4545,2.3822,2.306,2.2268,2.1437,2.0567,1.9785,1.9052,1.825,1.7439,1.6637,1.5885,1.521,1.4614,1.4115,1.3724,1.3451,1.3275,1.3196,1.3187,1.3216,1.3284,1.3372,1.348,1.3587,1.3695,1.3783,1.3842,1.3861,1.3851,1.3812,1.3763,1.3705,1.3587,1.3441,1.3284,1.3109,1.2913,1.2708,1.2493,1.2278,1.2053,1.1818,1.1632,1.1447,1.1212,1.0938,1.0645,1.0371,1.0127,0.99707,0.99511,1.0137,1.0577,1.132,1.2366,1.35,1.4751,1.6334,1.8113,1.9971,2.1789,2.349,2.4995,2.6256,2.7243,2.7967,2.8436,2.8651,2.868,2.8583,2.8368,2.8045,2.7634,2.7146,2.6598,2.6002,2.5357,2.4673,2.3959,2.3196,2.2493,2.1799,2.1007,2.0156,1.9267,1.8368,1.7488,1.6637,1.5846,1.5132,1.4497,1.3969,1.3597,1.3333,1.3109,1.2933,1.2825,1.2786,1.2805,1.2874,1.2981,1.3099,1.3206,1.3284,1.3333,1.3372,1.3402,1.3382,1.3333,1.3245,1.3128,1.2972,1.2776,1.2561,1.2317,1.2063,1.1789,1.1564,1.1349,1.1085,1.0792,1.0489,1.0176,0.98631,0.95601,0.92766,0.90323,0.88465,0.87586,0.88074,0.90225,0.94526,1.0156,1.1437,1.3128,1.4848,1.6637,1.8485,2.0323,2.2082,2.3695,2.5112,2.6168,2.6931,2.7586,2.8084,2.8387,2.8495,2.8446,2.826,2.7967,2.7586,2.7136,2.6628,2.6119,2.5611,2.5024,2.4379,2.3685,2.2952,2.218,2.1378,2.0557,1.9726,1.8915,1.8133,1.74,1.6813,1.6334,1.5875,1.5474,1.5161,1.4936,1.4809,1.4761,1.478,1.4868,1.5005,1.5171,1.5337,1.5513,1.5689,1.5855,1.5992,1.609,1.6139,1.6139,1.61,1.6022,1.5914,1.5767,1.5601,1.5445,1.5298,1.5103,1.4878,1.4643,1.4409,1.4184,1.3969,1.3773,1.3597,1.3431,1.3284,1.3206,1.3187,1.3226,1.3402,1.3763,1.4379,1.5269,1.6442,1.7879,1.9521,2.13,2.3128,2.4907,2.6354,2.7537,2.869,2.9677,3.043,3.0948,3.1232,3.13,3.1173,3.089,3.0479,2.9971,2.9433,2.8876,2.825,2.7595,2.6911,2.6197,2.5455,2.4692,2.3891,2.3069,2.2229,2.1388,2.0567,1.9853,1.9218,1.8573,1.7957,1.739,1.6891,1.6491,1.6168,1.5934,1.5777,1.5689,1.566,1.5689,1.5758,1.5836,1.5914,1.5973,1.6012,1.6002,1.5963,1.5885,1.5758,1.5582,1.5367,1.5122,1.4897,1.4682,1.4409,1.4115,1.3812,1.3519,1.3236,1.2972,1.2727,1.2493,1.2278,1.2092,1.1965,1.1867,1.173,1.1593,1.1466,1.1378,1.1378,1.1525,1.1867,1.2444,1.3304,1.4448,1.5855,1.7243,1.8641,2.0293,2.2023,2.3715,2.5269,2.6618,2.7732,2.8573,2.9159,2.9492,2.9609,2.9531,2.9316,2.9003,2.8592,2.8113,2.7576,2.6999,2.6383,2.5748,2.5073,2.437,2.3646,2.2903,2.2219,2.1564,2.085,2.0098,1.9335,1.8583,1.7869,1.7185,1.6559,1.6022,1.5572,1.521,1.4966,1.4819,1.4712,1.4653,1.4653,1.4682,1.4731,1.479,1.4848,1.4888,1.4897,1.4888,1.4868,1.4829,1.4761,1.4663,1.4545,1.4399,1.4242,1.4066,1.3881,1.3685,1.348,1.3265,1.305,1.2884,1.2757,0.64516,0.652,0.67351,0.71457,0.78104,0.85924,0.95601,1.088,1.2473,1.4262,1.6149,1.8045,1.9863,2.1525,2.2981,2.4203,2.5171,2.5894,2.6344,2.6579,2.6696,2.6676,2.653,2.6285,2.5943,2.5523,2.5034,2.4487,2.391,2.3832,2.4057,2.3891,2.3441,2.2835,2.2141,2.1378,2.0587,1.9775,1.8974,1.8201,1.7116,1.6461,1.5914,1.5288,1.4897,1.4545,1.4233,1.3969,1.3734,1.3529,1.3333,1.3148,1.2962,1.2766,1.26,1.2434,1.218,1.1848,1.1447,1.0997,1.0479,0.99022,0.92766,0.86022,0.7869,0.70968,0.62854,0.56109,0.50147,0.42913,0.34995,0.26979,0.19062,0.11339,0.056696,0.028348,0.013685,0.0068426,0.0029326,0.00097752,0,0,0,0,0.001955,0.040078,0.13294,0.25415,0.38807,0.52199,0.64712,0.7566,0.84457,0.913,0.96676,1.0049,1.0283,1.0381,1.0371,1.0274,1.0098,0.98729,0.9609,0.93255,0.91105,0.8915,0.86413,0.83284,0.79765,0.75855,0.71652,0.67351,0.62952,0.58651,0.54741,0.5132,0.49267,0.48094,0.46921,0.46139,0.45943,0.46432,0.47605,0.49462,0.51906,0.54839,0.58162,0.61486,0.64712,0.67937,0.7087,0.73314,0.75269,0.76735,0.7781,0.78397,0.78495,0.78201,0.77615,0.76735,0.75562,0.7478,0.74096,0.72727,0.71065,0.69208,0.67253,0.65396,0.63636,0.61877,0.60117,0.5826,0.56305,0.5435,0.53079,0.52395,0.51613,0.51515,0.52981,0.56598,0.62952,0.72043,0.83871,0.97849,1.1339,1.2952,1.437,1.5621,1.6872,1.7986,1.8886,1.956,2.001,2.0244,2.0274,2.0147,1.9892,1.9541,1.912,1.8719,1.8319,1.7849,1.7341,1.6833,1.6315,1.5797,1.5269,1.4712,1.4135,1.3548,1.2942,1.2434,1.1975,1.1457,1.0919,1.0401,0.99218,0.95015,0.91496,0.88759,0.86999,0.86119,0.86119,0.86804,0.88172,0.90029,0.91984,0.94037,0.95992,0.97752,0.99413,1.0088,1.0196,1.0264,1.0293,1.0293,1.0303,1.0313,1.0264,1.0186,1.0078,0.99609,0.98338,0.96872,0.95406,0.94037,0.92571,0.91105,0.89541,0.88465,0.87683,0.86315,0.84751,0.83284,0.82405,0.826,0.84457,0.88563,0.95308,1.0469,1.1672,1.2893,1.4164,1.564,1.7185,1.8671,2.0029,2.1193,2.2131,2.2825,2.3294,2.3548,2.3627,2.3548,2.3372,2.3118,2.2786,2.2395,2.1955,2.1486,2.0987,2.0479,1.9951,1.9404,1.8837,1.825,1.7722,1.7224,1.6647,1.6031,1.5406,1.479,1.4213,1.3675,1.3187,1.2776,1.2454,1.2219,1.2082,1.2053,1.2102,1.2199,1.2346,1.2542,1.4936,1.8416,2.0225,2.1202,2.174,2.2043,2.2219,2.2326,2.2395,2.2414,2.2395,2.2346,2.2278,2.219,2.2082,2.1975,2.1857,2.173,2.1593,2.1457,2.1349,2.1261,2.1144,2.1007,2.086,2.0704,2.0567,2.045,2.0401,2.045,2.0635,2.0997,2.1457,2.2053,2.2874,2.3871,2.4976,2.6129,2.7263,2.8319,2.9247,3.001,3.0596,3.1007,3.1241,3.1329,3.1329,3.1241,3.1065,3.0831,3.0557,3.0244,2.9912,2.956,2.9198,2.8827,2.8436,2.8084,2.7732,2.7341,2.6911,2.6471,2.6022,2.5572,2.5142,2.4721,2.433,2.3978,2.3685,2.348,2.3343,2.3236,2.3177,2.3157,2.3187,2.3245,2.3333,2.3431,2.3529,2.3617,2.3685,2.3734,2.3773,2.3793,2.3773,2.3724,2.3656,2.3558,2.3441,2.3314,2.3177,2.303,2.2874,2.2717,2.26,2.2512,2.2405,2.2287,2.217,2.2043,2.1916,2.1789,2.1652,2.1525,2.1427,2.1369,2.1398,2.1525,2.1769,2.218,2.2796,2.3607,2.4585,2.5689,2.6862,2.8035,2.915,3.0156,3.1017,3.1632,3.2072,3.2424,3.2649,3.2766,3.2766,3.2669,3.2502,3.2268,3.1994,3.1691,3.1369,3.1026,3.0704,3.0381,3.0029,2.9668,2.9277,2.8866,2.8436,2.7986,2.7517,2.7038,2.6559,2.61,2.5709,2.5376,2.5034,2.4731,2.4477,2.4282,2.4145,2.4066,2.4027,2.4037,2.4066,2.4115,2.4174,2.4233,2.4291,2.434,2.4379,2.4399,2.4389,2.436,2.4311,2.4233,2.4125,2.4008,2.3871,2.3754,2.3656,2.3519,2.3363,2.3196,2.304,2.2884,2.2717,2.2551,2.2385,2.2219,2.2043,2.1877,2.1769,2.172,2.172,2.1838,2.2111,2.2561,2.3206,2.4047,2.5044,2.6158,2.7322,2.8465,2.9413,3.0205,3.0978,3.1652,3.218,3.2561,3.2796,3.2913,3.2913,3.2825,3.2659,3.2444,3.218,3.1896,3.1613,3.131,3.0997,3.0665,3.0323,2.9951,2.956,2.914,2.869,2.8221,2.7732,2.7302,2.6921,2.651,2.61,2.5709,2.5357,2.5054,2.4809,2.4624,2.4487,2.4409,2.4379,2.4399,2.4438,2.4506,2.4575,2.4643,2.4712,2.4761,2.478,2.478,2.4751,2.4692,2.4614,2.4506,2.4409,2.4321,2.4194,2.4047,2.3891,2.3715,2.3539,2.3363,2.3196,2.3021,2.2845,2.2669,2.0244,1.6686,1.4809,1.3822,1.3372,1.3314,1.3587,1.4194,1.5122,1.6354,1.783,1.9482,2.1222,2.2737,2.4086,2.5484,2.6794,2.7908,2.8798,2.9443,2.9844,3.0029,3.002,2.9863,2.958,2.9228,2.8817,2.8338,2.781,2.7234,2.6618,2.5982,2.5318,2.4614,2.3881,2.3118,2.2326,2.1525,2.0821,2.0196,1.9521,1.8866,1.825,1.7693,1.7214,1.6813,1.65,1.6266,1.61,1.6012,1.5992,1.6012,1.6061,1.6139,1.6217,1.6276,1.6315,1.6325,1.6305,1.6246,1.6149,1.6022,1.5855,1.5709,1.5572,1.5376,1.5161,1.4927,1.4673,1.4418,1.4154,1.3891,1.3627,1.3363,1.3109,1.2923,1.2757,1.2542,1.2307,1.2063,1.1877,1.1818,1.1926,1.2268,1.2884,1.3812,1.5054,1.6569,1.8045,1.9511,2.1202,2.2942,2.4604,2.609,2.7351,2.8358,2.9091,2.957,2.9814,2.9853,2.9736,2.9492,2.915,2.8729,2.825,2.7732,2.7175,2.6588,2.5982,2.5347,2.4673,2.3949,2.3177,2.2473,2.1789,2.1017,2.0205,1.9384,1.8583,1.781,1.7097,1.6452,1.5875,1.5396,1.5005,1.4741,1.4575,1.4467,1.4418,1.4418,1.4477,1.4555,1.4653,1.4751,1.4839,1.4907,1.4956,1.4966,1.4966,1.4936,1.4858,1.4721,1.4545,1.433,1.4086,1.3822,1.3539,1.3255,1.2962,1.2659,1.2424,1.2219,1.1965,1.1681,1.1388,1.1095,1.0811,1.0567,1.043,1.0469,1.0743,1.131,1.2199,1.3206,1.4389,1.5924,1.7683,1.957,2.1476,2.3284,2.4927,2.6354,2.7537,2.8446,2.9091,2.9462,2.9619,2.9648,2.955,2.9345,2.9042,2.8661,2.8231,2.7761,2.7253,2.6716,2.6139,2.5523,2.4927,2.434,2.3656,2.2913,2.2141,2.1359,2.0587,1.9834,1.912,1.8465,1.7869,1.7361,1.6979,1.6706,1.6471,1.6305,1.6207,1.6158,1.6168,1.6246,1.6325,1.6383,1.6432,1.6461,1.6471,1.6481,1.6461,1.6413,1.6325,1.6197,1.6041,1.5855,1.565,1.5425,1.5191,1.4956,1.4721,1.4536,1.437,1.4164,1.393,1.3685,1.3421,1.3157,1.2903,1.2698,1.26,1.2659,1.2942,1.3382,1.4027,1.5015,1.6315,1.7879,1.9629,2.1466,2.3304,2.5044,2.6608,2.7947,2.9042,2.9873,3.0391,3.0655,3.0802,3.0802,3.0655,3.0381,2.9795,2.9022,2.8377,2.7781,2.7204,2.6628,2.608,2.5543,2.4936,2.4272,2.3558,2.2796,2.1994,2.1173,2.0342,1.9531,1.8759,1.8035,1.737,1.6843,1.6442,1.6061,1.5738,1.5503,1.5347,1.5259,1.523,1.5249,1.5298,1.5357,1.5415,1.5484,1.5543,1.5572,1.5562,1.5523,1.5445,1.5337,1.5191,1.5015,1.4819,1.4604,1.437,1.4106,1.3891,1.3715,1.35,1.3255,1.3011,1.2766,1.2502,1.2229,1.1955,1.1701,1.1505,1.1417,1.1466,1.1681,1.2111,1.2825,1.3842,1.5132,1.6657,1.8338,2.0098,2.1848,2.349,2.4966,2.6227,2.7126,2.7752,2.825,2.8573,2.8719,2.8592,2.8368,2.8143,2.7801,2.737,2.6735,2.6139,2.5738,2.5288,2.4741,2.4125,2.3451,2.2532,2.1681,2.1046,2.0323,1.9384,1.8338,1.7634,1.7116,1.6491,1.5855,1.5435,1.5064,1.4682,1.4428,1.4282,1.4213,1.4213,1.4233,1.4291,1.4409,1.4516,1.4614,1.4692,1.4741,1.4751,1.4721,1.4653,1.4594,1.4477,1.4291,1.4086,1.3851,1.3656,1.348,1.3265,1.303,1.2786,1.2542,1.2287,1.2023,1.175,1.1466,1.1202,1.0968,1.0821,1.0792,1.087,1.1144,1.1672,1.2502,1.3656,1.5083,1.6745,1.8553,2.0411,2.2229,2.392,2.5249,2.6285,2.7234,2.7996,2.8534,2.8847,2.8964,2.8915,2.8729,2.8436,2.8055,2.7615,2.7165,2.6686,2.6158,2.5601,2.5005,2.436,2.3666,2.2952,2.2209,2.1437,2.0655,1.9892,1.9169,1.8563,1.8035,1.7507,1.7028,1.6628,1.6305,1.607,1.5924,1.5855,1.5855,1.5894,1.5973,1.607,1.6158,1.6246,1.6315,1.6354,1.6364,1.6334,1.6285,1.6197,1.607,1.5914,1.5738,1.5533,1.5367,1.521,1.5015,1.48,1.4575,1.434,1.4096,1.3851,1.3597,1.3343,1.3089,1.2835,1.2659,1.2551,1.2493,1.2561,1.2825,1.3353,1.4184,1.5327,1.6764,1.8436,2.0264,2.2151,2.3763,2.5171,2.6618,2.7928,2.9032,2.9883,3.0479,3.0831,3.0968,3.0919,3.0723,3.0401,3,2.956,2.9091,2.8573,2.8016,2.741,2.6774,2.61,2.5386,2.4643,2.3871,2.3069,2.2248,2.1515,2.0841,2.0117,1.9384,1.8671,1.8006,1.7419,1.6921,1.652,1.6207,1.5982,1.5846,1.5787,1.5591,1.5337,1.5249,1.5239,1.5259,1.5288,1.5308,1.5308,1.5269,1.52,1.5093,1.4956,1.4819,1.4682,1.4497,1.4282,1.4047,1.3793,1.3548,1.3304,1.306,1.2815,1.2571,1.2317,1.2053,1.1848,1.1672,1.1476,1.129,1.1183,1.1222,1.1466,1.1965,1.2757,1.3861,1.5249,1.6862,1.8377,1.9844,2.1496,2.3157,2.4702,2.6051,2.7165,2.8006,2.8583,2.8915,2.9032,2.8983,2.8798,2.8504,2.8143,2.7713,2.7224,2.6686,2.6109,2.5503,2.4858,2.4184,2.348,2.2727,2.1935,2.1212,2.0508,1.9726,1.8915,1.8113,1.7351,1.6628,1.5973,1.5396,1.4897,1.4487,1.4174,1.3949,1.3822,1.3773,1.3763,1.3793,1.3861,1.3939,1.4008,1.4076,1.4115,1.4125,1.4106,1.4057,1.4018,1.3969,1.3871,1.3734,1.3558,1.3353,1.3128,1.2884,1.263,1.2375,1.2121,1.1857,1.1593,1.1398,1.1222,1.0997,1.0753,1.0499,1.0274,1.0117,1.0098,1.0264,1.0694,1.1417,1.2463,1.3587,1.4839,1.6422,1.8192,2.0029,2.1808,2.346,2.4907,2.6119,2.7067,2.7761,2.8192,2.8407,2.8416,2.8289,2.8065,2.7752,2.737,2.6931,2.6452,2.5934,2.5386,2.48,2.4174,2.3509,2.2884,2.2258,2.1544,2.0792,2.001,1.9228,1.8465,1.7732,1.7048,1.6442,1.5924,1.5494,1.5171,1.4966,1.4848,1.478,1.477,1.4819,1.4907,1.5015,1.5132,1.5239,1.5318,1.5367,1.5376,1.5376,1.5347,1.5259,1.5132,1.4976,1.479,1.4575,1.435,1.4115,1.3871,1.3627,1.3382,1.3138,1.2952,1.2786,1.2581,1.2356,1.2121,1.1896,1.1691,1.1564,1.1554,1.172,1.2131,1.2825,1.3646,1.4643,1.6002,1.7625,1.9423,2.129,2.3118,2.4829,2.6344,2.7615,2.8612,2.9345,2.9756,2.9932,2.998,2.9902,2.9697,2.9384,2.8983,2.8524,2.8006,2.7439,2.6823,2.6168,2.5474,2.4809,2.4145,2.3402,2.26,2.1769,2.0929,2.0078,1.9247,1.8446,1.7683,1.6989,1.6364,1.5875,1.5494,1.5132,1.4839,1.4633,1.4497,1.4428,1.4418,1.4448,1.4497,1.4555,1.4604,1.4633,1.4663,1.4673,1.4633,1.4555,1.4448,1.4301,1.4115,1.391,1.3695,1.346,1.3226,1.2991,1.2796,1.262,1.2414,1.218,1.1935,1.1681,1.1437,1.1193,1.0938,1.0704,1.0518,1.044,1.0518,1.0743,1.1163,1.1867,1.2884,1.4203,1.5767,1.7517,1.9365,2.1212,2.2962,2.4545,2.5904,2.6882,2.7556,2.8094,2.8436,2.8592,2.8563,2.8387,2.8094,2.7703,2.7243,2.6725,2.6149,2.5533,2.4956,2.4389,2.3744,2.303,2.2278,2.1476,2.0645,1.9785,1.8915,1.8065,1.7243,1.6471,1.5846,1.5337,1.4839,1.4389,1.4018,1.3734,1.3548,1.3451,1.3441,1.349,1.3578,1.3695,1.3832,1.3949,1.4057,1.4145,1.4203,1.4233,1.4223,1.4174,1.4096,1.3978,1.3842,1.3685,1.3519,1.3372,1.3236,1.3069,1.2874,1.2659,1.2444,1.2219,1.1994,1.1769,1.1554,1.1339,1.1153,1.1017,1.0978,1.1065,1.132,1.1818,1.26,1.3685,1.5064,1.6676,1.8456,2.0323,2.217,2.39,2.5269,2.6354,2.7361,2.8172,2.8759,2.9101,2.9208,2.911,2.8856,2.8475,2.7996,2.7449,2.6852,2.6266,2.5679,2.5015,2.4301,2.3558,2.2786,2.1975,2.1134,2.0274,1.9423,1.8592,1.7801,1.7155,1.6598,1.6051,1.5552,1.5122,1.478,1.4516,1.434,1.4242,1.4213,1.4242,1.4301,1.4389,1.4487,1.4585,1.4663,1.4721,1.4731,1.4702,1.4643,1.4545,1.4418,1.4262,1.4076,1.3861,1.3675,1.35,1.3284,1.304,1.2796,1.2551,1.2317,1.2102,1.1887,1.1672,1.1457,1.1232,1.1065,1.0929,1.0743,1.0577,1.0479,1.0518,1.0753,1.1232,1.2004,1.3099,1.4487,1.6119,1.7928,1.957,2.1095,2.2757,2.436,2.5797,2.6979,2.7898,2.8534,2.8915,2.9052,2.8993,2.8788,2.8475,2.8084,2.7615,2.7077,2.65,2.5894,2.5259,2.4604,2.392,2.3196,2.2434,2.1632,2.0792,2.0039,1.9326,1.8534,1.7732,1.694,1.6197,1.5523,1.4917,1.4399,1.3978,1.3656,1.3431,1.3304,1.3255,1.3236,1.3255,1.3304,1.3372,1.3441,1.35,1.3529,1.3539,1.3519,1.346,1.3372,1.3304,1.3226,1.3089,1.2923,1.2737,1.2542,1.2326,1.2092,1.1848,1.1603,1.1349,1.1095,1.0899,1.0743,1.0538,1.0303,1.0049,0.98045,0.95992,0.94721,0.94819,0.96872,1.0156,1.0919,1.1984,1.3128,1.4399,1.5982,1.7732,1.9541,2.129,2.2884,2.4262,2.5386,2.6237,2.6823,2.7175,2.7292,2.739,2.7439,2.7283,2.6989,2.6598,2.6149,2.565,2.5112,2.4545,2.3959,2.3343,2.2698,2.2092,2.1496,2.0821,2.0098,1.9355,1.8622,1.7918,1.7243,1.6628,1.608,1.5621,1.5249,1.4985,1.4819,1.4702,1.4653,1.4663,1.4712,1.48,1.4917,1.5024,1.5122,1.52,1.5249,1.5249,1.5239,1.521,1.5142,1.5034,1.4897,1.4731,1.4545,1.434,1.4125,1.39,1.3685,1.347,1.3314,1.3177,1.3001,1.2815,1.262,1.2414,1.2209,1.2004,1.1828,1.172,1.173,1.1935,1.2385,1.2972,1.3744,1.4858,1.6256,1.7869,1.9609,2.1369,2.306,2.4604,2.5943,2.7048,2.7889,2.8407,2.869,2.8837,2.8827,2.8671,2.8397,2.8016,2.7556,2.7048,2.651,2.5943,2.5347,2.4731,2.4164,2.3617,2.3011,2.2356,2.1662,2.0948,2.0215,1.9482,1.8759,1.8065,1.741,1.6813,1.6334,1.5963,1.5611,1.5318,1.5093,1.4946,1.4878,1.4868,1.4907,1.4976,1.5054,1.5122,1.5181,1.523,1.5259,1.5249,1.521,1.5142,1.5034,1.4897,1.4731,1.4545,1.434,1.4125,1.39,1.3715,1.3548,1.3333,1.3099,1.2864,1.2639,1.2414,1.2199,1.1975,1.175,1.1535,1.1359,1.1271,1.1271,1.1388,1.1701,1.2268,1.3128,1.4272,1.567,1.7263,1.8974,2.0704,2.2375,2.39,2.5073,2.5953,2.6735,2.7331,2.7713,2.7898,2.7898,2.7752,2.7478,2.7097,2.6647,2.6139,2.564,2.5142,2.4594,2.4018,2.3412,2.2786,2.2121,2.1417,2.0684,1.9922,1.915,1.8377,1.7615,1.6979,1.6432,1.5875,1.5357,1.4897,1.4526,1.4252,1.4066,1.3959,1.392,1.3949,1.4027,1.4135,1.4262,1.4399,1.4526,1.4624,1.4692,1.4721,1.4712,1.4663,1.4594,1.4497,1.437,1.4223,1.4096,1.3978,1.3812,1.3636,1.3441,1.3245,1.304,1.2835,1.263,1.2424,1.2219,1.2014,1.1857,1.176,1.1681,1.1681,1.1818,1.216,1.2747,1.3617,1.477,1.6178,1.7781,1.9501,2.1251,2.2737,2.3998,2.5239,2.6334,2.7204,2.784,2.8231,2.8407,2.8387,2.8201,2.7879,2.7458,2.7009,2.652,2.5973,2.5376,2.4741,2.4076,2.3382,2.2669,2.1926,2.1173,2.0411,1.9638,1.8886,1.825,1.7683,1.7097,1.654,1.6041,1.563,1.5308,1.4907,1.4497,1.4291,1.4223,1.4242,1.4321,1.4428,1.4555,1.4673,1.478,1.4858,1.4907,1.4907,1.4858,1.477,1.4643,1.4487,1.4301,1.4145,1.3998,1.3793,1.3568,1.3333,1.3089,1.2845,1.261,1.2375,1.2141,1.1906,1.1681,1.1515,1.1378,1.1193,1.0997,1.0811,1.0694,1.0674,1.0821,1.1202,1.1867,1.2854,1.4154,1.5748,1.7292,1.8837,2.0635,2.2493,2.4262,2.5855,2.7204,2.827,2.9052,2.956,2.9814,2.9853,2.9717,2.9453,2.9101,2.8671,2.8192,2.7654,2.7077,2.6471,2.5836,2.5171,2.4487,2.3763,2.3001,2.2307,2.1632,2.087,2.0059,1.9247,1.8456,1.7703,1.6999,1.6373,1.5826,1.5376,1.5024,1.479,1.4643,1.4555,1.4526,1.4545,1.4594,1.4653,1.4712,1.477,1.4809,1.4819,1.479,1.4721,1.4653,1.4575,1.4448,1.4282,1.4076,1.3851,1.3597,1.3324,1.304,1.2737,1.2424,1.2121,1.1887,1.1681,1.1437,1.1183,1.0909,1.0626,1.0352,1.0117,0.99413,0.98729,0.99804,1.0323,1.0841,1.1564,1.263,1.3998,1.5611,1.739,1.9247,2.1075,2.2776,2.4291,2.5552,2.6549,2.7273,2.7693,2.7889,2.7947,2.7879,2.7693,2.741,2.7038,2.6608,2.6129,2.5611,2.5044,2.4457,2.39,2.3343,2.2698,2.1984,2.1222,2.0411,1.956,1.87,1.7859,1.7048,1.6285,1.5601,1.5005,1.4555,1.4233,1.3949,1.3744,1.3627,1.3597,1.3636,1.3744,1.3891,1.4057,1.4223,1.437,1.4497,1.4594,1.4663,1.4692,1.4682,1.4633,1.4545,1.4428,1.4282,1.4106,1.391,1.3695,1.346,1.3265,1.1408,1.1232,1.1085,1.0919,1.0743,1.0567,1.0391,1.0215,1.0059,0.9912,0.97752,0.96774,0.96481,0.97067,0.98729,1.0186,1.0674,1.1623,1.2972,1.4399,1.5904,1.7458,1.8974,2.0391,2.1662,2.2747,2.3519,2.4066,2.4506,2.4809,2.4976,2.5015,2.4936,2.477,2.4536,2.4242,2.391,2.3539,2.3177,2.2815,2.2405,2.1955,2.1457,2.0919,2.0352,1.9746,1.911,1.8465,1.783,1.7204,1.6598,1.609,1.565,1.52,1.478,1.4389,1.4047,1.3754,1.3519,1.3324,1.3167,1.304,1.2933,1.2864,1.2825,1.2766,1.2688,1.259,1.2473,1.2346,1.2209,1.2053,1.1877,1.1691,1.1486,1.1271,1.1105,1.0948,1.0743,1.0508,1.0274,1.0039,0.98045,0.95797,0.93744,0.91887,0.90029,0.88368,0.87292,0.86608,0.85924,0.85728,0.86608,0.8915,0.93744,1.0078,1.1017,1.218,1.3529,1.4985,1.6305,1.7517,1.8798,2.002,2.1085,2.1975,2.2659,2.3138,2.3431,2.3558,2.3558,2.346,2.3265,2.303,2.2757,2.2414,2.2033,2.1613,2.1153,2.0645,2.0098,1.9501,1.8856,1.8162,1.7439,1.6794,1.6188,1.5503,1.4809,1.4135,1.35,1.2933,1.2444,1.2023,1.1681,1.1427,1.1241,1.1114,1.1065,1.1075,1.1085,1.1114,1.1144,1.1163,1.1173,1.1163,1.1134,1.1075,1.0997,1.089,1.0802,1.0714,1.0567,1.0371,1.0147,0.99022,0.96481,0.93744,0.91007,0.8827,0.8563,0.82991,0.8045,0.78592,0.77028,0.7478,0.72141,0.69501,0.67058,0.65494,0.65103,0.66373,0.69795,0.7566,0.83871,0.92864,1.0264,1.1437,1.2678,1.39,1.5015,1.5963,1.6686,1.7175,1.7419,1.7449,1.7283,1.697,1.6608,1.6197,1.565,1.5034,1.4379,1.3695,1.2991,1.2278,1.1564,1.0841,1.0108,0.93646,0.8739,0.81623,0.74878,0.67742,0.60411,0.53177,0.46237,0.39785,0.34115,0.29326,0.25415,0.22678,0.21017,0.20821,0.21701,0.22972,0.24731,0.26979,0.29717,0.32747,0.35973,0.39296,0.4262,0.45748,0.48583,0.51417,0.54057,0.56207,0.57967,0.59335,0.60508,0.61486,0.6217,0.62757,0.63245,0.63636,0.6393,0.64125,0.64614,0.652,0.65396,0.65396,0.65298,0.65005,0.64418,0.63832,0.63343,0.63148,0.63734,0.65591,0.68817,0.73803,0.81427,0.91691,1.0479,1.2023,1.3724,1.5503,1.7263,1.8915,2.0391,2.1632,2.261,2.3255,2.3646,2.3891,2.3969,2.3891,2.3685,2.3382,2.3001,2.2551,2.2063,2.2913,2.4448,2.5024,2.5122,2.4917,2.4536,2.4066,2.3539,2.2972,2.2385,2.1808,2.1251,2.0723,2.0225,1.9795,1.9472,1.9238,1.9032,1.8876,1.8788,1.8759,1.8798,1.8895,1.9032,1.9208,1.9384,1.957,1.9736,1.9883,2,2.0098,2.0166,2.0196,2.0186,2.0137,2.0049,1.9932,1.9785,1.9619,1.9472,1.9345,1.9169,1.8964,1.8749,1.8534,1.8319,1.8113,1.7908,1.7703,1.7507,1.7322,1.7175,1.7107,1.7136,1.7263,1.7556,1.8065,1.8807,1.9795,2.1007,2.2395,2.39,2.5445,2.694,2.8162,2.9179,3.0156,3.0987,3.1613,3.2023,3.2229,3.2248,3.2121,3.1867,3.1525,3.1105,3.0626,3.0166,2.9707,2.9208,2.868,2.8133,2.7556,2.696,2.6334,2.5689,2.5044,2.4409,2.3803,2.3294,2.2854,2.2424,2.2023,2.1681,2.1398,2.1183,2.1046,2.0968,2.0948,2.0978,2.1036,2.1105,2.1173,2.1241,2.13,2.1349,2.1359,2.1339,2.129,2.1202,2.1095,2.0968,2.0821,2.0665,2.0528,2.0391,2.0215,2.001,1.9795,1.958,1.9365,1.9159,1.8954,1.8768,1.8592,1.8426,1.825,1.8113,1.7986,1.783,1.7683,1.7556,1.7507,1.7595,1.7849,1.8328,1.9062,2.0039,2.1241,2.2424,2.3646,2.5093,2.6618,2.8113,2.9501,3.0704,3.1701,3.2473,3.3011,3.3333,3.346,3.3421,3.3255,3.2991,3.2659,3.2268,3.1828,3.1369,3.088,3.0371,2.9844,2.9286,2.871,2.8094,2.7517,2.696,2.6334,2.5679,2.5015,2.436,2.3734,2.3148,2.261,2.2141,2.174,2.1427,2.1193,2.1046,2.0968,2.0919,2.0919,2.0948,2.0997,2.1046,2.1085,2.1105,2.1105,2.1075,2.1017,2.0968,2.0899,2.0792,2.0645,2.0479,2.0293,2.0088,1.9873,1.9658,1.9433,1.9208,1.8974,1.8749,1.8573,1.8407,1.8201,1.7977,1.7742,1.7498,1.7253,1.7028,1.6852,1.6764,1.6804,1.7028,1.739,1.7918,1.871,1.9765,2.1046,2.2483,2.4018,2.5562,2.7048,2.8397,2.956,3.0508,3.1222,3.1662,3.1896,3.2004,3.1975,3.1828,3.1584,3.1271,3.0899,3.0479,3.002,2.9541,2.9042,2.8563,2.8094,2.7556,2.697,2.6325,2.565,2.4946,2.4233,2.3519,2.2825,2.217,2.1554,2.1007,2.0587,2.0264,1.9971,1.9726,1.8016,1.5621,1.4438,1.3871,1.3636,1.3568,1.3587,1.3646,1.3715,1.3783,1.3822,1.3812,1.3773,1.3685,1.3558,1.3402,1.3226,1.303,1.2815,1.259,1.2424,1.2268,1.2072,1.1848,1.1613,1.1378,1.1134,1.089,1.0635,1.0391,1.0176,1,0.98827,0.98827,1.001,1.0303,1.0831,1.1642,1.2727,1.4086,1.567,1.74,1.9198,2.0968,2.262,2.392,2.4956,2.5904,2.6676,2.7214,2.7527,2.7634,2.7566,2.7351,2.7019,2.6608,2.6129,2.5601,2.5083,2.4575,2.4018,2.3421,2.2786,2.2131,2.1437,2.0723,2,1.9286,1.8583,1.7908,1.7351,1.6872,1.6393,1.5953,1.5572,1.5259,1.5024,1.4868,1.478,1.4741,1.4751,1.479,1.4858,1.4936,1.5015,1.5073,1.5103,1.5093,1.5044,1.4956,1.4839,1.4682,1.4497,1.4282,1.4047,1.3851,1.3666,1.3441,1.3206,1.2972,1.2737,1.2512,1.2307,1.2121,1.1945,1.1769,1.1603,1.1447,1.1339,1.1261,1.1153,1.1036,1.0978,1.1026,1.1241,1.1681,1.2395,1.3402,1.4692,1.6227,1.7703,1.9159,2.0831,2.2542,2.4174,2.563,2.6862,2.784,2.8543,2.8983,2.9189,2.9189,2.9032,2.8759,2.8407,2.7977,2.7498,2.6979,2.6442,2.5885,2.5318,2.4731,2.4115,2.347,2.2805,2.219,2.1603,2.0938,2.0235,1.9521,1.8817,1.8152,1.7537,1.6979,1.65,1.61,1.5787,1.5562,1.5425,1.5367,1.5347,1.5357,1.5396,1.5464,1.5533,1.5601,1.565,1.565,1.5611,1.5533,1.5455,1.5357,1.522,1.5044,1.4839,1.4604,1.436,1.4096,1.3832,1.3568,1.3314,1.305,1.2786,1.259,1.2414,1.219,1.1955,1.1711,1.1457,1.1202,1.0978,1.0802,1.0723,1.0802,1.1085,1.1525,1.216,1.3118,1.4379,1.5885,1.7566,1.9326,2.1085,2.2737,2.4233,2.5503,2.652,2.7283,2.7742,2.7967,2.8055,2.8006,2.7849,2.7595,2.7253,2.6843,2.6393,2.5904,2.5386,2.4848,2.434,2.3822,2.3226,2.2581,2.1896,2.1173,2.0411,1.9629,1.8847,1.8084,1.7361,1.6686,1.609,1.563,1.5279,1.4956,1.4702,1.4526,1.4428,1.4399,1.4418,1.4487,1.4565,1.4663,1.4751,1.4839,1.4917,1.4966,1.4995,1.4985,1.4936,1.4848,1.4721,1.4565,1.4399,1.4213,1.4096,1.4066,1.3998,1.3871,1.3695,1.3509,1.3314,1.3099,1.2884,1.2649,1.2405,1.217,1.1965,1.1828,1.1799,1.1906,1.219,1.2708,1.35,1.4575,1.5914,1.7478,1.9189,2.0948,2.2669,2.4272,2.5523,2.65,2.738,2.8074,2.8543,2.8798,2.8856,2.8739,2.8485,2.8133,2.7713,2.7224,2.6686,2.6158,2.564,2.5064,2.4438,2.3793,2.3109,2.2405,2.1691,2.0958,2.0225,1.9501,1.8798,1.8211,1.7703,1.7185,1.6725,1.6344,1.6031,1.5787,1.563,1.5543,1.5513,1.5533,1.5582,1.564,1.5699,1.5748,1.5787,1.5797,1.5777,1.5718,1.5621,1.5484,1.5318,1.5122,1.4907,1.4673,1.4467,1.4272,1.4037,1.3793,1.3548,1.3284,1.3021,1.2757,1.2502,1.2278,1.2053,1.1838,1.1623,1.1457,1.131,1.1114,1.0929,1.0792,1.0753,1.089,1.1261,1.1896,1.2835,1.4066,1.5562,1.7009,1.8456,2.0117,2.1818,2.3441,2.4888,2.61,2.7067,2.7771,2.8221,2.8446,2.8475,2.8338,2.8084,2.7732,2.7302,2.6804,2.6276,2.5709,2.5122,2.4526,2.391,2.3265,2.259,2.1877,2.1222,2.0587,1.9863,1.9101,1.8338,1.7586,1.6862,1.6188,1.5572,1.5024,1.4575,1.4223,1.3949,1.3773,1.3685,1.3627,1.3607,1.3627,1.3666,1.3715,1.3754,1.3783,1.3793,1.3783,1.3734,1.3685,1.3636,1.3539,1.3402,1.3236,1.305,1.2845,1.262,1.2375,1.2131,1.1877,1.1632,1.1398,1.1222,1.1075,1.088,1.0665,1.043,1.0205,0.99804,0.97947,0.96774,0.96676,0.9824,1.0205,1.0743,1.1486,1.2561,1.3939,1.5562,1.737,1.9267,2.1153,2.2942,2.4555,2.5943,2.7058,2.7898,2.8426,2.871,2.8876,2.8915,2.8847,2.868,2.8436,2.8133,2.7781,2.738,2.695,2.6481,2.6002,2.5513,2.4946,2.4311,2.3627,2.2913,2.218,2.1437,2.0714,2.002,1.9374,1.8798,1.8348,1.7996,1.7674,1.7419,1.7243,1.7136,1.7097,1.7107,1.7155,1.7224,1.7302,1.738,1.7449,1.7498,1.7527,1.7546,1.7537,1.7488,1.7419,1.7312,1.7165,1.6989,1.6794,1.6588,1.6373,1.6188,1.6022,1.5836,1.565,1.5455,1.5259,1.5054,1.4839,1.4633,1.4438,1.4262,1.4106,1.4008,1.3998,1.4106,1.435,1.4809,1.5533,1.6706,1.826,1.9961,2.1808,2.3734,2.566,2.7498,2.8944,3.0098,3.1193,3.2102,3.2786,3.3236,3.348,3.3548,3.347,3.3284,3.3001,3.2649,3.2239,3.1808,3.1359,3.087,3.0352,2.9795,2.9208,2.8583,2.7918,2.7214,2.6481,2.5748,2.5024,2.4379,2.3783,2.3177,2.259,2.2053,2.1593,2.1212,2.0909,2.0704,2.0577,2.0518,2.0528,2.0577,2.0635,2.0694,2.0762,2.0821,2.087,2.089,2.087,2.0811,2.0714,2.0587,2.042,2.0235,2.0049,1.9873,1.9668,1.9453,1.9218,1.8974,1.8739,1.8504,1.826,1.8006,1.7742,1.7468,1.7185,1.6931,1.6716,1.65,1.6325,1.6237,1.6285,1.6549,1.7067,1.7849,1.8905,2.0205,2.1701,2.3079,2.437,2.5806,2.7224,2.8514,2.9599,3.044,3.1026,3.1378,3.1515,3.1466,3.1261,3.0929,3.0518,3.0059,2.9521,2.8925,2.8289,2.7634,2.696,2.6266,2.5543,2.478,2.3978,2.3138,2.2375,2.1652,2.0831,1.998,1.914,1.8328,1.7576,1.6891,1.6295,1.5787,1.5367,1.5044,1.4819,1.4702,1.4673,1.4673,1.4712,1.478,1.4868,1.4976,1.5093,1.521,1.5318,1.5406,1.5474,1.5552,1.563,1.5689,1.5728,1.5758,1.5777,1.5777,1.5758,1.5728,1.5699,1.567,1.564,1.5621,1.5611,1.5611,1.5601,1.5591,1.5601,1.565,1.5787,1.6041,1.6481,1.7136,1.8055,1.9247,2.0459,2.176,2.3412,2.5269,2.7204,2.911,3.0899,3.2493,3.3851,3.4946,3.5777,3.6354,3.6696,3.6794,3.6716,3.6569,3.6334,3.6041,3.5699,3.5308,3.4878,3.4418,3.3939,3.3421,3.2864,3.2297,3.1711,3.1056,3.0362,2.9648,2.8935,2.824,2.7576,2.695,2.6383,2.5875,2.5455,2.5112,2.4848,2.4663,2.4545,2.4487,2.4487,2.4536,2.4594,2.4653,2.4692,2.4702,2.4692,2.4663,2.4594,2.4497,2.4379,2.4233,2.4057,2.3851,2.3617,2.3363,2.3089,2.2815,2.2542,2.2268,2.2023,2.1799,2.1554,2.132,2.1085,2.085,2.0606,2.0362,2.0117,1.9883,1.9697,1.9629,1.9717,1.9912,2.0264,2.089,2.1789,2.2933,2.4291,2.5787,2.7331,2.8837,3.0235,3.1447,3.2444,3.3109,3.3509,3.3803,3.3949,3.3949,3.3803,3.3529,3.3157,3.2698,3.217,3.1574,3.0948,2.8739,2.5806,2.4057,2.2854,2.1906,2.1075,2.0283,1.9511,1.8749,1.7996,1.7263,1.6559,1.5885,1.5318,1.4839,1.436,1.392,1.3539,1.3206,1.2933,1.2708,1.2522,1.2356,1.219,1.2023,1.1848,1.1681,1.1515,1.129,1.1017,1.0694,1.0342,0.99511,0.95308,0.90811,0.86217,0.81329,0.76344,0.72141,0.68328,0.63734,0.58847,0.53861,0.48876,0.44086,0.39296,0.34702,0.30205,0.25904,0.21896,0.18182,0.15836,0.14663,0.13978,0.14565,0.17204,0.22287,0.29814,0.39883,0.52199,0.65982,0.80645,0.95406,1.0792,1.1867,1.2903,1.3803,1.4516,1.5054,1.5425,1.565,1.5728,1.5699,1.5591,1.5415,1.5191,1.4966,1.4731,1.4448,1.4125,1.3763,1.3353,1.2903,1.2405,1.1877,1.1329,1.0772,1.0235,0.97947,0.9433,0.90518,0.86901,0.83871,0.81427,0.79668,0.7869,0.78397,0.7869,0.79668,0.81134,0.82893,0.84751,0.86706,0.88661,0.90518,0.9218,0.93646,0.94819,0.95601,0.9609,0.96285,0.96188,0.95894,0.95699,0.95503,0.94917,0.94135,0.93157,0.92082,0.91105,0.90127,0.8915,0.88074,0.86999,0.85728,0.8436,0.83382,0.82698,0.81916,0.81427,0.81818,0.83382,0.86706,0.91984,0.99511,1.0929,1.2092,1.3382,1.4555,1.564,1.6794,1.7908,1.8886,1.9687,2.0283,2.0684,2.0909,2.0987,2.0938,2.0792,2.0577,2.0323,2.0049,1.9736,1.9404,1.9052,1.869,1.8328,1.7947,1.7537,1.7116,1.6667,1.6188,1.5748,1.5327,1.4858,1.4379,1.391,1.3451,1.303,1.2659,1.2346,1.2092,1.1896,1.176,1.1681,1.1642,1.1623,1.1613,1.1593,1.1564,1.1515,1.1447,1.1339,1.1202,1.1026,1.0821,1.0587,1.0381,1.0176,0.99022,0.95992,0.92766,0.89443,0.86022,0.82698,0.79374,0.76149,0.72923,0.69892,0.67644,0.65689,0.63245,0.60606,0.57869,0.5523,0.52786,0.50929,0.50147,0.50929,0.53763,0.58944,0.66373,0.74585,0.83871,0.95308,1.0792,1.2072,1.3284,1.4379,1.5308,1.6041,1.6579,1.6921,1.7097,1.7155,1.7126,1.7009,1.6833,1.6598,1.6325,1.6022,1.5718,1.5406,1.5083,1.4761,1.4418,1.4057,1.3724,1.3392,1.2991,1.2561,1.2102,1.1623,1.1163,1.0723,1.0313,0.99413,0.96188,0.93548,0.91887,0.91007,0.9042,0.90225,0.90323,0.90811,1.1163,1.4262,1.5846,1.6657,1.7077,1.7273,1.7351,1.738,1.738,1.7312,1.7214,1.7087,1.694,1.6774,1.6598,1.6432,1.6256,1.609,1.5934,1.5836,1.5758,1.566,1.5543,1.5435,1.5318,1.521,1.5112,1.5044,1.5034,1.5122,1.5347,1.5738,1.6227,1.6852,1.7713,1.8768,1.998,2.1281,2.26,2.3871,2.5024,2.6022,2.6823,2.7429,2.7801,2.7996,2.8094,2.8084,2.7967,2.7771,2.7507,2.7195,2.6843,2.6452,2.6031,2.5591,2.5132,2.4712,2.4301,2.3832,2.3333,2.2825,2.2317,2.1818,2.1349,2.0909,2.0518,2.0186,1.9922,1.9746,1.9629,1.956,1.9541,1.958,1.9668,1.9785,1.9932,2.0088,2.0244,2.0381,2.0489,2.0567,2.0626,2.0645,2.0626,2.0567,2.0469,2.0352,2.0205,2.0039,1.9863,1.9687,1.9501,1.9316,1.9159,1.9022,1.8856,1.869,1.8514,1.8338,1.8172,1.7996,1.782,1.7654,1.7507,1.737,1.7283,1.7273,1.7361,1.7595,1.8025,1.868,1.956,2.0655,2.1916,2.3284,2.4682,2.6051,2.7312,2.8289,2.9032,2.9717,3.0264,3.0645,3.087,3.0948,3.0909,3.0772,3.0557,3.0283,2.9971,2.9658,2.9326,2.8964,2.8583,2.8192,2.7781,2.7341,2.6862,2.6344,2.5816,2.5269,2.4721,2.4184,2.3715,2.3294,2.2854,2.2444,2.2072,2.175,2.1486,2.129,2.1163,2.1105,2.1095,2.1134,2.1183,2.1232,2.1271,2.13,2.131,2.129,2.1241,2.1163,2.1056,2.0929,2.0792,2.0645,2.0489,2.0342,2.0205,2.0039,1.9844,1.9648,1.9453,1.9257,1.9062,1.8866,1.8671,1.8465,1.824,1.8065,1.7908,1.7732,1.7576,1.7478,1.7498,1.7664,1.8025,1.8612,1.9433,2.0469,2.1672,2.2991,2.4184,2.5269,2.6422,2.7517,2.8465,2.9228,2.9795,3.0156,3.0342,3.0362,3.0244,3.002,2.9736,2.9413,2.8915,2.8436,2.8074,2.7654,2.7195,2.6716,2.6197,2.565,2.5073,2.4467,2.3842,2.3284,2.2757,2.2199,2.1632,2.1095,2.0596,2.0156,1.9775,1.9482,1.9267,1.912,1.9052,1.9042,1.9091,1.9179,1.9286,1.9413,1.9541,1.9677,1.9795,1.9883,1.9961,2.001,2.0029,2.0029,2.002,1.999,1.9941,1.9873,1.9785,1.9687,1.9589,1.9482,1.9374,1.9277,1.9179,1.9071,1.7967,1.6354,1.5455,1.4917,1.4575,1.436,1.4272,1.434,1.4604,1.5103,1.5875,1.694,1.828,1.9599,2.0948,2.2571,2.4291,2.5973,2.7498,2.8788,2.9824,3.0587,3.1065,3.13,3.131,3.1144,3.0831,3.0411,2.9912,2.9355,2.8739,2.8084,2.74,2.6686,2.5943,2.5171,2.437,2.3539,2.2786,2.2072,2.129,2.0499,1.9726,1.9003,1.8328,1.7732,1.7234,1.6833,1.653,1.6305,1.6178,1.6129,1.6129,1.6168,1.6246,1.6334,1.6413,1.6471,1.651,1.652,1.6481,1.6403,1.6276,1.6158,1.6031,1.5846,1.5621,1.5376,1.5103,1.4819,1.4526,1.4233,1.3939,1.3666,1.3402,1.3196,1.303,1.2845,1.2659,1.2463,1.2219,1.2004,1.1848,1.1701,1.1623,1.1662,1.1896,1.2385,1.3011,1.3851,1.5073,1.6618,1.8426,2.0401,2.2434,2.4428,2.6285,2.7928,2.9316,3.042,3.1144,3.1574,3.1857,3.1975,3.1926,3.174,3.1417,3.0987,3.0479,2.9902,2.9277,2.8612,2.7986,2.7361,2.6657,2.5904,2.5093,2.4223,2.3314,2.2375,2.1427,2.0479,1.958,1.8719,1.7928,1.7302,1.6784,1.6295,1.5865,1.5513,1.5249,1.5054,1.4927,1.4848,1.4819,1.4809,1.4819,1.4839,1.4858,1.4839,1.479,1.4712,1.4604,1.4467,1.4291,1.4096,1.3871,1.3636,1.3392,1.3128,1.2913,1.2717,1.2473,1.219,1.1896,1.1593,1.1281,1.0978,1.0674,1.0371,1.0088,0.98436,0.9697,0.96481,0.9697,0.99316,1.043,1.1232,1.2366,1.3822,1.5562,1.7507,1.955,2.1584,2.35,2.5015,2.6217,2.7331,2.825,2.8925,2.9355,2.956,2.956,2.9404,2.912,2.8739,2.8289,2.782,2.7331,2.6804,2.6237,2.563,2.4985,2.4301,2.3578,2.2805,2.1984,2.1124,2.0264,1.9413,1.868,1.8035,1.7351,1.6706,1.6119,1.5621,1.522,1.4927,1.477,1.4702,1.4702,1.478,1.4897,1.5044,1.5191,1.5337,1.5474,1.5591,1.5679,1.5728,1.5728,1.5689,1.5601,1.5474,1.5308,1.5152,1.4995,1.478,1.4545,1.4301,1.4037,1.3773,1.3519,1.3265,1.3011,1.2757,1.2522,1.2346,1.2219,1.2111,1.2102,1.2239,1.259,1.3206,1.4135,1.5376,1.6911,1.8661,2.0557,2.2493,2.4145,2.5552,2.697,2.825,2.9296,3.0078,3.0078,2.957,2.9228,2.8905,2.8543,2.8123,2.7683,2.7224,2.6696,2.6119,2.5513,2.4878,2.4037,2.3265,2.2688,2.2014,2.129,2.0538,1.9775,1.911,1.8514,1.7889,1.7283,1.6725,1.6237,1.5836,1.5513,1.5279,1.5142,1.5073,1.5054,1.5083,1.5132,1.52,1.5259,1.5308,1.5327,1.5318,1.5279,1.521,1.5103,1.4956,1.478,1.4585,1.435,1.4145,1.3978,1.3773,1.348,1.3206,1.3011,1.2786,1.2561,1.2336,1.2121,1.1906,1.1691,1.1525,1.1388,1.1222,1.1036,1.088,1.0811,1.085,1.1232,1.173,1.2248,1.3314,1.4389,1.5337,1.6667,1.8641,2.086,2.2346,2.3402,2.4663,2.5816,2.651,2.6911,2.7126,2.7116,2.696,2.6696,2.6354,2.607,2.567,2.5093,2.4536,2.3988,2.3431,2.2854,2.2248,2.1691,2.1134,2.0499,1.9814,1.9091,1.8368,1.7654,1.696,1.6295,1.567,1.5112,1.4633,1.4242,1.3969,1.3783,1.3636,1.3529,1.346,1.3421,1.3402,1.3382,1.3363,1.3343,1.3324,1.3284,1.3265,1.3236,1.3157,1.304,1.2903,1.2747,1.2561,1.2375,1.217,1.1955,1.174,1.1525,1.131,1.1144,1.0997,1.0821,1.0635,1.044,1.0244,1.0049,0.98729,0.97165,0.95992,0.95797,0.9697,0.99316,1.0342,1.0997,1.1926,1.3118,1.4536,1.6109,1.7761,1.9384,2.0909,2.2268,2.3402,2.4291,2.4888,2.5249,2.5484,2.5572,2.5533,2.5386,2.5152,2.4839,2.4477,2.4076,2.3656,2.3226,2.2815,2.2405,2.1955,2.1457,2.0929,2.0352,1.9736,1.9091,1.8436,1.7801,1.7195,1.6618,1.61,1.5689,1.5367,1.5073,1.4839,1.4663,1.4565,1.4526,1.4526,1.4565,1.4633,1.4702,1.477,1.4829,1.4878,1.4897,1.4888,1.4839,1.477,1.4682,1.4575,1.4457,1.435,1.4233,1.4115,1.3988,1.3891,1.3812,1.3715,1.3607,1.349,1.3382,1.3275,1.3157,1.304,1.2933,1.2835,1.2786,1.2815,1.2933,1.3206,1.3675,1.4389,1.5347,1.654,1.7937,1.9472,2.1056,2.259,2.4018,2.5269,2.6188,2.6833,2.737,2.7752,2.7947,2.7977,2.7849,2.7605,2.7273,2.6872,2.6432,2.5963,2.5513,2.5064,2.4585,2.4086,2.3558,2.3011,2.2434,2.1828,2.1193,2.0538,1.9863,1.9198,1.8563,1.8201,1.7996,1.7654,1.7283,1.694,1.6657,1.6442,1.6295,1.6197,1.6149,1.6139,1.6149,1.6158,1.6178,1.6188,1.6178,1.6149,1.609,1.6002,1.5885,1.5748,1.5591,1.5406,1.521,1.4995,1.4819,1.4653,1.4448,1.4223,1.3998,1.3773,1.3558,1.3353,1.3157,1.2962,1.2766,1.2571,1.2424,1.2307,1.217,1.2072,1.2053,1.218,1.2512,1.3089,1.393,1.5044,1.6393,1.7928,1.9345,2.0684,2.216,2.3607,2.4917,2.6031,2.6921,2.7566,2.7996,2.8211,2.825,2.8143,2.7908,2.7605,2.7253,2.6833,2.6373,2.5894,2.5396,2.4878,2.435,2.3793,2.3206,2.2571,2.1896,2.1271,2.0665,1.999,1.9296,1.8612,1.7957,1.7341,1.6794,1.6315,1.5924,1.5601,1.5347,1.5181,1.5093,1.5064,1.5064,1.5083,1.5103,1.5122,1.5132,1.5132,1.5112,1.5064,1.4985,1.4878,1.478,1.4682,1.4536,1.436,1.4164,1.3949,1.3715,1.348,1.3245,1.3021,1.2796,1.2561,1.2336,1.217,1.2033,1.1857,1.1652,1.1447,1.1251,1.1085,1.0997,1.1026,1.1222,1.1623,1.2278,1.304,1.3969,1.522,1.6706,1.8338,2.0029,2.1701,2.3265,2.4653,2.5816,2.6716,2.7361,2.7761,2.7928,2.7928,2.781,2.7595,2.7312,2.697,2.6588,2.6178,2.5738,2.5279,2.48,2.4291,2.3812,2.3324,2.2757,2.2141,2.1486,2.0821,2.0166,1.9521,1.8915,1.8368,1.7879,1.7468,1.7146,1.6921,1.6784,1.6696,1.6667,1.6686,1.6755,1.6843,1.694,1.7038,1.7116,1.7175,1.7204,1.7214,1.7204,1.7165,1.7097,1.7009,1.6901,1.6764,1.6608,1.6452,1.6295,1.6139,1.5973,1.5816,1.5689,1.5582,1.5445,1.5288,1.5132,1.4966,1.479,1.4614,1.4457,1.434,1.4321,1.4438,1.4682,1.5083,1.5758,1.6725,1.7957,1.9423,2.1046,2.2766,2.4477,2.608,2.7507,2.87,2.9638,3.0235,3.0567,3.0762,3.0802,3.0704,3.0469,3.0137,2.9717,2.9238,2.8719,2.8182,2.7615,2.7077,2.6549,2.5963,2.5327,2.4653,2.3939,2.3206,2.2444,2.1681,2.0919,2.0186,1.9492,1.8856,1.8348,1.7928,1.7546,1.7234,1.6989,1.6813,1.6706,1.6657,1.6657,1.6686,1.6716,1.6745,1.6774,1.6794,1.6784,1.6745,1.6676,1.6579,1.6452,1.607,1.5543,1.5152,1.4819,1.4506,1.4194,1.3939,1.3715,1.3451,1.3177,1.2903,1.263,1.2375,1.2131,1.1896,1.1662,1.1427,1.1212,1.1056,1.0968,1.0919,1.0987,1.1241,1.174,1.2522,1.3597,1.4966,1.6579,1.8348,2.0196,2.1799,2.3206,2.4653,2.5992,2.7136,2.8035,2.868,2.9091,2.9277,2.9277,2.912,2.8847,2.8465,2.8045,2.7595,2.7097,2.6549,2.5963,2.5357,2.4721,2.4057,2.3343,2.259,2.1808,2.1007,2.0283,1.9609,1.8876,1.8152,1.7458,1.6813,1.6237,1.5738,1.5327,1.5005,1.477,1.4604,1.4506,1.4477,1.4477,1.4487,1.4506,1.4526,1.4536,1.4536,1.4506,1.4438,1.433,1.4184,1.4008,1.3842,1.3675,1.346,1.3216,1.2952,1.2678,1.2395,1.2111,1.1838,1.1564,1.131,1.1075,1.0841,1.0674,1.0538,1.0352,1.0147,0.99609,0.9824,0.97849,0.9912,1.0254,1.087,1.1789,1.3011,1.4282,1.564,1.7302,1.912,2.0968,2.2727,2.4321,2.5679,2.6764,2.7576,2.8123,2.8426,2.8514,2.8426,2.8201,2.7879,2.7478,2.7009,2.6491,2.5934,2.5367,2.477,2.4154,2.35,2.2796,2.2141,2.1486,2.0753,1.9971,1.9179,1.8387,1.7625,1.6911,1.6266,1.5709,1.523,1.4839,1.4545,1.437,1.4282,1.4242,1.4252,1.4321,1.4418,1.4536,1.4663,1.477,1.4858,1.4927,1.4956,1.4976,1.4966,1.4917,1.4839,1.4721,1.4565,1.437,1.4154,1.3939,1.3724,1.35,1.3284,1.3069,1.2913,1.2776,1.26,1.2414,1.2229,1.2053,1.1887,1.176,1.1711,1.1769,1.1994,1.2434,1.3011,1.3763,1.4868,1.6276,1.7918,1.9736,2.1632,2.35,2.5259,2.6813,2.8123,2.915,2.9883,3.0283,3.043,3.044,3.0303,3.002,2.9619,2.912,2.8553,2.7928,2.7273,2.6588,2.5875,2.522,2.4565,2.3842,2.306,2.2248,2.1417,2.0596,1.9785,1.9003,1.826,1.7586,1.6989,1.6471,1.608,1.5787,1.5552,1.5386,1.5279,1.523,1.5239,1.5288,1.5357,1.5425,1.5484,1.5533,1.5562,1.5572,1.5552,1.5494,1.5386,1.5239,1.5054,1.4839,1.4594,1.434,1.4066,1.3783,1.3548,1.3343,1.3109,1.2864,1.263,1.2405,1.219,1.1975,1.176,1.1535,1.132,1.1105,1.0909,1.0782,1.0792,1.0899,1.1085,1.1437,1.2033,1.2913,1.4096,1.5552,1.7234,1.9071,2.0958,2.2571,2.3978,2.5406,2.6686,2.7752,2.8563,2.911,2.9423,2.9521,2.9443,2.9218,2.8876,2.8456,2.7996,2.7507,2.695,2.6354,2.5718,2.5054,2.436,2.3636,2.2884,2.2102,2.129,2.0479,1.9756,1.9091,1.8377,1.7664,1.6999,1.6383,1.5846,1.5386,1.5005,1.4712,1.4516,1.4409,1.436,1.437,1.4409,1.4477,1.4545,1.4614,1.4663,1.4692,1.4702,1.4673,1.4604,1.4497,1.436,1.4242,1.4125,1.3959,1.3763,1.3548,1.3324,1.3079,1.2835,1.259,1.2356,1.2121,1.1877,1.1623,1.1437,1.1281,1.1085,1.088,1.0684,1.0547,1.0518,1.0665,1.1026,1.1652,1.2581,1.3812,1.5073,1.6403,1.8025,1.9775,2.1535,2.3216,2.4731,2.6022,2.7067,2.784,2.8338,2.8612,2.8671,2.8553,2.8309,2.7957,2.7537,2.7038,2.6491,2.5894,2.5269,2.4614,2.3939,2.3226,2.2483,2.1789,2.1114,2.0352,1.9541,1.8719,1.7898,1.7116,1.6383,1.5718,1.5132,1.4633,1.4233,1.393,1.3744,1.3646,1.3607,1.3617,1.3675,1.3773,1.3891,1.3998,1.4106,1.4194,1.4252,1.4272,1.4282,1.4272,1.4223,1.4125,1.3988,1.3822,1.3636,1.3431,1.3216,1.3001,1.2786,1.2581,1.2375,1.2209,1.2072,1.1896,1.1701,1.1505,1.13,1.1114,1.0958,1.087,1.088,1.1046,1.1427,1.1945,1.2659,1.3705,1.5054,1.6667,1.8456,2.0352,2.2248,2.4047,2.566,2.7048,2.8152,2.8974,2.9443,2.9658,2.9736,2.9658,2.9433,2.9081,2.8641,2.8133,2.7576,2.6979,2.6354,2.5699,2.5073,2.4448,2.3754,2.3001,2.2219,2.1408,2.0596,1.9814,1.9062,1.8348,1.7703,1.7136,1.6667,1.6325,1.607,1.5846,1.5689,1.5591,1.5562,1.5591,1.565,1.5738,1.5836,1.5924,1.5982,1.6022,1.6031,1.6012,1.5953,1.5865,1.5738,1.5572,1.5386,1.5161,1.4917,1.4663,1.4409,1.4194,1.4008,1.3803,1.3597,1.3392,1.3187,1.2972,1.2766,1.2561,1.2356,1.2151,1.1955,1.1769,1.1642,1.1564,1.1535,1.1642,1.1945,1.2493,1.3333,1.4477,1.5924,1.7605,1.9462,2.1408,2.3079,2.4545,2.6061,2.7439,2.8602,2.9511,3.0147,3.0508,3.043,3.0039,2.9658,2.9228,2.8729,2.8211,2.7674,2.7077,2.6442,2.5777,2.5093,2.4389,2.3656,2.2903,2.2121,2.131,2.0489,1.9756,1.9062,1.8309,1.7556,1.6843,1.6197,1.563,1.5142,1.4741,1.4438,1.4213,1.4076,1.4018,1.4008,1.4047,1.4115,1.4194,1.4282,1.435,1.4379,1.4379,1.435,1.4282,1.4174,1.4037,1.392,1.3803,1.3627,1.3421,1.3196,1.2962,1.2717,1.2473,1.2219,1.1975,1.174,1.1505,1.1271,1.1095,1.0938,1.0753,1.0547,1.0342,1.0176,1.0098,1.0186,1.0489,1.1056,1.1926,1.3089,1.4311,1.5621,1.7243,1.9022,2.0841,2.2581,2.4174,2.5543,2.6657,2.7507,2.8094,2.8436,2.8553,2.8475,2.826,2.7937,2.7517,2.7019,2.6461,2.5865,2.5239,2.4575,2.3881,2.3157,2.2395,2.1691,2.1007,2.0225,1.9394,1.8543,1.7703,1.6882,1.61,1.5376,1.4741,1.4194,1.3754,1.3421,1.3206,1.3089,1.303,1.303,1.3089,1.3196,1.3324,1.3451,1.3558,1.3656,1.3724,1.3763,1.3783,1.3773,1.3715,1.3617,1.349,1.3324,1.3148,1.2952,1.2747,1.2532,1.2307,1.2082,1.1857,1.1681,1.1544,1.1378,1.1212,1.1036,1.086,1.0694,1.0547,1.044,1.042,1.0528,1.0831,1.1281,1.1926,1.2893,1.4184,1.5748,1.7527,1.9443,2.1398,2.3294,2.5044,2.6579,2.784,2.8807,2.9423,2.9746,2.9922,2.9922,2.9756,2.9453,2.9032,2.8524,2.7947,2.7322,2.6657,2.5963,2.5298,2.4643,2.39,2.3099,2.2258,2.1398,2.0528,1.9677,1.8866,1.8113,1.7419,1.6794,1.6246,1.5836,1.5533,1.5279,1.5093,1.4995,1.4956,1.4966,1.5024,1.5093,1.5171,1.5249,1.5318,1.5376,1.5406,1.5396,1.5347,1.5259,1.5142,1.4985,1.48,1.4585,1.434,1.4096,1.3842,1.3636,1.3451,1.3226,1.2991,1.2766,1.2551,1.2336,1.2121,1.1906,1.1691,1.1476,1.1271,1.1065,1.0929,1.085,1.0811,1.086,1.1075,1.1515,1.2229,1.3255,1.4594,1.6207,1.8035,1.999,2.1701,2.3236,2.4858,2.6373,2.7683,2.8739,2.9521,3.002,3.0274,3.0313,3.0166,2.9873,2.9462,2.8993,2.8475,2.7898,2.7263,2.6588,2.5885,2.5152,2.4409,2.3636,2.2835,2.2004,2.1163,2.0401,1.9687,1.8856,1.8006,1.7214,1.6491,1.5846,1.5279,1.4809,1.4438,1.4164,1.3969,1.3851,1.3803,1.3793,1.3803,1.3832,1.3871,1.391,1.3949,1.3969,1.3959,1.392,1.3851,1.3754,1.3666,1.3558,1.3392,1.3196,1.2972,1.2737,1.2493,1.2248,1.2004,1.1769,1.1544,1.132,1.1095,1.0919,1.0762,1.0567,1.0342,1.0127,0.99413,0.9824,0.9824,1,1.0411,1.1105,1.2092,1.3167,1.437,1.5904,1.7644,1.9462,2.1271,2.2952,2.4448,2.5689,2.6657,2.7361,2.782,2.8055,2.8074,2.7937,2.7693,2.7351,2.6911,2.6403,2.5846,2.5249,2.4614,2.3949,2.3265,2.2551,2.1887,2.1232,2.0479,1.9677,1.8847,1.8016,1.7195,1.6413,1.5689,1.5024,1.4448,1.3969,1.3578,1.3324,1.3167,1.306,1.3021,1.304,1.3109,1.3206,1.3324,1.3451,1.3568,1.3656,1.3715,1.3744,1.3754,1.3724,1.3666,1.3578,1.3451,1.3294,1.3118,1.2923,1.2717,1.2512,1.2297,1.2072,1.1906,1.1769,1.1603,1.1427,1.1241,1.1056,1.087,1.0694,1.0567,1.0499,1.0547,1.0772,1.1134,1.1672,1.2522,1.3675,1.5103,1.6755,1.8553,2.042,2.2258,2.3988,2.5523,2.6823,2.7849,2.8524,2.8905,2.915,2.9228,2.914,2.8895,2.8514,2.8035,2.7488,2.6882,2.6246,2.5591,2.4966,2.434,2.3646,2.2903,2.2121,2.131,2.0489,1.9677,1.8905,1.8182,1.7507,1.6901,1.6432,1.607,1.5748,1.5484,1.5288,1.5161,1.5103,1.5083,1.5112,1.5171,1.5239,1.5308,1.5357,1.5386,1.5396,1.5376,1.5337,1.5269,1.5171,1.5034,1.4868,1.4673,1.4457,1.4233,1.3988,1.3793,1.3607,1.3402,1.3187,1.2972,1.2776,1.259,1.2405,1.2229,1.2053,1.1877,1.1691,1.1505,1.1369,1.1271,1.1202,1.1241,1.1447,1.1877,1.2581,1.3587,1.4888,1.6442,1.8192,2.0059,2.1691,2.3138,2.4673,2.6109,2.7361,2.8368,2.912,2.9599,2.9844,2.9873,2.9726,2.9433,2.9022,2.8553,2.8045,2.7488,2.6882,2.6246,2.5591,2.4917,2.4213,2.349,1.4409,1.434,1.4213,1.4086,1.3949,1.3754,1.3529,1.3284,1.303,1.2766,1.2502,1.2239,1.1984,1.172,1.1466,1.1212,1.1017,1.085,1.0635,1.0411,1.0196,1.001,0.99022,0.99218,1.0147,1.0616,1.1369,1.2424,1.3548,1.479,1.6344,1.8084,1.9892,2.1652,2.3284,2.4712,2.5904,2.6823,2.7478,2.7889,2.8074,2.8065,2.7908,2.7644,2.7273,2.6833,2.6325,2.5767,2.5181,2.4555,2.391,2.3245,2.2542,2.1887,2.1251,2.0518,1.9717,1.8895,1.8074,1.7263,1.6491,1.5758,1.5112,1.4555,1.4096,1.3724,1.349,1.3353,1.3265,1.3245,1.3294,1.3392,1.3519,1.3675,1.3842,1.3988,1.4106,1.4194,1.4262,1.4311,1.4311,1.4272,1.4194,1.4086,1.3949,1.3783,1.3597,1.3392,1.3177,1.2962,1.2737,1.2551,1.2395,1.2209,1.2004,1.1789,1.1564,1.1359,1.1173,1.1046,1.1026,1.1153,1.1476,1.1945,1.26,1.3578,1.4848,1.6354,1.8025,1.9765,2.1486,2.3099,2.4536,2.5738,2.6686,2.737,2.7771,2.7937,2.7967,2.7859,2.7615,2.7263,2.6813,2.6295,2.5728,2.5122,2.4487,2.3832,2.3226,2.263,2.1955,2.1241,2.0489,1.9717,1.8944,1.8192,1.7478,1.6804,1.6188,1.565,1.5239,1.4927,1.4653,1.4438,1.4291,1.4223,1.4213,1.4252,1.433,1.4418,1.4516,1.4594,1.4663,1.4712,1.4731,1.4712,1.4643,1.4536,1.4389,1.4203,1.3998,1.3773,1.3529,1.3284,1.304,1.2835,1.2659,1.2463,1.2248,1.2033,1.1828,1.1632,1.1457,1.129,1.1124,1.0948,1.0782,1.0616,1.0508,1.0469,1.0489,1.0626,1.0948,1.1505,1.2326,1.3431,1.48,1.6383,1.8104,1.9863,2.1359,2.2659,2.3978,2.5181,2.6178,2.695,2.7468,2.7771,2.7869,2.7791,2.7586,2.7263,2.6852,2.6413,2.5943,2.5415,2.4848,2.4262,2.3646,2.3001,2.2326,2.1623,2.089,2.0127,1.9345,1.8651,1.8006,1.7312,1.6618,1.5943,1.5327,1.477,1.4301,1.392,1.3627,1.3421,1.3284,1.3226,1.3226,1.3255,1.3314,1.3382,1.3441,1.348,1.3509,1.3509,1.349,1.3441,1.3363,1.3255,1.3157,1.306,1.2913,1.2747,1.2561,1.2356,1.2141,1.1916,1.1691,1.1466,1.1241,1.1026,1.0811,1.0655,1.0528,1.043,1.0352,1.0225,1.0137,1.0147,1.0323,1.0733,1.1427,1.2424,1.3724,1.5044,1.6413,1.8065,1.9834,2.1603,2.3255,2.4712,2.5934,2.6901,2.7615,2.8084,2.8328,2.8387,2.8299,2.8094,2.7801,2.7439,2.7028,2.6588,2.6119,2.5621,2.5083,2.4526,2.393,2.3284,2.2669,2.2053,2.1349,2.0596,1.9834,1.9081,1.8368,1.7713,1.7126,1.6618,1.6207,1.5885,1.565,1.5523,1.5464,1.5445,1.5464,1.5523,1.5591,1.565,1.5709,1.5758,1.5787,1.5777,1.5738,1.5699,1.564,1.5533,1.5406,1.5259,1.5103,1.4927,1.4741,1.4555,1.437,1.4194,1.4027,1.3871,1.3754,1.3656,1.3539,1.3412,1.3275,1.3138,1.3011,1.2923,1.2903,1.3021,1.3314,1.3842,1.4497,1.5337,1.652,1.7986,1.9658,2.1437,2.3236,2.4966,2.6549,2.7918,2.9052,2.9932,3.0499,3.0811,3.1017,3.1085,3.1017,3.0821,3.0528,3.0166,2.9746,2.9286,2.8817,2.8338,2.784,2.7361,2.6882,2.6364,2.5806,2.522,2.4614,2.3998,2.3392,2.2796,2.2229,2.1701,2.1232,2.085,2.0547,2.0293,2.0108,1.999,1.9941,1.9961,2.0029,2.0127,2.0244,2.0362,2.0469,2.0567,2.0635,2.0674,2.0704,2.0714,2.0694,2.0655,2.0587,2.0499,2.0401,2.0283,2.0147,2.001,1.9873,1.9746,1.9609,1.9462,1.9316,1.9179,1.9032,1.8886,1.8749,1.8622,1.8504,1.8416,1.8387,1.8416,1.8543,1.8866,1.9413,2.0205,2.1271,2.2571,2.4047,2.563
70.413,71.547,72.68,73.735,74.634,75.376,75.923,76.353,76.548,76.548,76.509,76.236,75.884,75.376,74.79,74.126,73.422,72.68,71.976,71.234,70.492,69.788,69.124,68.421,67.756,66.975,66.232,65.568,64.982,64.865,65.412,67.131,70.374,75.063,81.003,87.685,94.679,101.63,108.32,114.29,119.18,122.42,123.79,123.48,121.76,119.18,116.17,113.01,109.76,106.44,103.2,100.07,97.102,94.367,91.866,89.482,87.294,85.106,82.918,80.729,78.502,76.236,74.165,72.367,70.726,69.476,68.538,67.874,67.483,67.366,67.6,68.069,68.811,69.749,70.726,71.82,72.875,73.852,74.751,75.493,76.04,76.509,76.744,76.665,76.509,76.118,75.571,74.868,74.126,73.227,72.367,71.508,70.57,69.671,68.811,67.991,67.248,66.506,65.881,65.256,64.669,64.161,63.614,63.106,62.598,62.169,62.051,62.481,64.005,66.858,71.429,77.369,84.285,91.748,99.29,106.68,113.51,119.26,123.48,125.86,126.29,125.12,122.85,120.04,116.99,113.83,110.5,107.18,103.94,100.85,98.001,95.382,92.921,90.693,88.544,86.473,84.363,82.175,79.948,77.603,75.493,73.5,71.742,70.179,68.929,67.913,67.248,66.858,66.819,66.975,67.483,68.186,69.007,69.945,70.804,71.742,72.602,73.422,74.126,74.634,74.985,75.102,75.102,74.946,74.634,74.126,73.539,72.992,72.25,71.429,70.57,69.749,68.811,67.874,66.975,66.115,65.256,64.357,63.614,62.794,61.973,61.231,60.606,60.254,60.488,61.739,64.357,68.616,74.321,81.12,88.544,96.242,103.82,110.93,117.11,121.91,124.88,125.82,125.04,123.13,120.63,117.85,115.08,112.11,109.18,106.25,103.43,100.74,98.235,95.851,93.663,91.475,89.287,87.059,84.676,82.253,79.791,77.486,75.298,73.5,71.976,70.726,69.788,69.124,68.733,68.694,69.007,69.554,70.413,71.508,72.602,73.735,74.79,75.806,76.665,77.369,77.877,78.111,78.189,77.994,77.564,77.056,76.353,75.571,74.673,73.735,72.797,71.937,71.039,70.179,69.437,68.616,67.913,67.248,66.623,65.998,65.373,64.787,64.318,64.005,64.24,65.412,67.913,71.976,77.564,84.129,91.319,98.626,105.85,112.61,118.55,123.01,125.67,126.45,125.63,123.67,121.05,118.24,115.23,112.11,108.94,105.82,102.88,100.11,97.61,95.422,93.351,91.475,89.56,87.607,85.536,83.504,81.315,79.127,77.056,75.181,73.539,72.133,71,70.101,69.554,69.319,69.319,69.671,70.257,71.039,71.937,72.875,73.852,74.79,75.61,76.314,76.822,77.134,77.173,77.134,76.861,76.509,75.923,75.259,74.477,73.696,72.797,71.937,71.039,70.101,69.241,68.421,67.6,66.936,66.193,65.49,64.787,64.161,63.497,62.872,62.481,62.598,63.614,65.998,69.866,75.181,81.55,88.622,95.93,103.12,109.8,115.74,120.31,123.24,124.3,123.63,121.76,119.18,116.37,113.44,110.5,107.5,104.57,101.67,98.977,96.438,94.132,91.944,89.795,87.724,85.536,83.386,81.003,78.697,76.353,74.165,72.25,70.492,69.046,67.874,67.053,66.506,66.35,66.506,66.975,67.795,68.733,69.788,71,72.172,73.383,74.438,75.376,76.197,76.665,77.056,77.252,77.252,77.134,76.822,76.431,75.884,75.259,74.555,73.852,73.11,72.445,71.742,71.039,70.374,69.749,69.124,68.499,67.795,67.17,66.545,66.193,66.311,67.248,69.476,73.227,78.385,84.559,91.358,98.43,105.31,111.79,117.42,121.76,124.38,125.2,124.3,122.23,119.49,116.44,113.24,109.92,106.68,103.51,100.42,97.571,94.875,92.413,90.185,87.997,85.809,83.543,81.237,78.932,76.665,74.634,72.797,71.234,69.945,68.929,68.225,67.795,67.678,67.874,68.303,69.046,69.984,71.039,72.133,73.188,74.165,75.063,75.806,76.353,76.744,76.939,76.978,76.822,76.431,75.923,75.298,74.555,73.735,72.875,71.976,71.039,70.179,69.358,68.538,67.795,67.131,66.506,65.92,65.373,64.787,64.24,63.693,63.185,62.911,63.067,64.122,66.506,70.374,75.728,82.253,89.443,96.867,104.29,111.33,117.42,122.23,125.31,126.56,126.06,124.26,121.6,118.55,115.31,111.99,108.55,105.23,102.06,99.173,96.555,94.132,91.866,89.756,87.685,85.614,83.504,81.237,78.932,76.665,74.477,72.563,70.726,69.241,67.991,67.053,66.428,66.115,66.115,66.506,67.17,68.069,69.124,70.257,71.429,72.563,73.696,74.673,75.493,76.197,76.626,76.822,76.822,76.626,76.197,75.61,74.985,74.243,73.383,72.445,71.429,70.413,69.437,68.538,67.678,66.819,65.998,65.256,64.435,63.732,63.067,62.559,62.286,62.755,64.161,67.131,71.625,77.486,84.363,91.748,99.251,106.64,113.51,119.41,123.95,126.6,127.31,126.45,124.38,121.68,118.75,115.55,112.3,108.98,105.74,102.61,99.681,96.985,94.484,92.178,89.99,87.802,85.536,83.191,80.729,78.307,76.04,74.008,72.172,70.687,69.437,68.499,67.795,67.444,67.444,67.756,68.382,69.163,70.257,71.312,72.445,73.5,74.555,75.415,76.04,76.548,76.861,76.939,76.822,76.548,76.118,75.571,74.946,74.165,73.383,72.484,71.625,70.726,69.866,69.046,68.225,67.483,66.819,66.232,65.607,65.06,64.435,63.849,63.497,63.419,64.161,66.115,69.632,74.673,81.003,88.036,95.422,102.81,109.8,116.25,121.48,125.12,126.92,126.99,125.63,123.24,120.43,117.38,114.14,110.82,107.5,104.25,101.17,98.235,95.539,93.038,90.615,88.349,86.122,83.855,81.55,79.166,76.822,74.555,72.484,70.609,69.007,67.678,66.623,65.881,65.49,65.412,65.607,66.115,66.858,67.795,68.929,70.062,71.117,72.172,73.11,73.93,74.555,75.063,75.298,75.415,75.376,75.102,74.673,74.126,73.5,72.758,71.976,71.117,70.296,69.437,68.538,67.756,66.936,66.193,65.49,64.669,63.849,63.106,62.442,61.973,62.13,63.106,65.568,69.632,75.259,81.98,89.248,96.672,104.06,111.13,117.42,122.54,125.98,127.5,127.19,125.51,123.01,120.04,116.91,113.75,110.43,107.11,103.94,100.93,98.04,95.5,93.038,90.733,88.427,86.161,83.816,81.355,78.932,76.548,74.438,72.484,70.882,69.476,68.382,67.483,66.975,66.819,66.975,67.483,68.382,69.358,70.57,71.664,72.875,73.93,74.946,75.806,76.509,76.939,77.134,77.134,76.939,76.509,76.001,75.298,74.555,73.735,72.875,71.937,71.039,70.101,69.241,68.499,67.795,67.131,66.506,65.803,65.177,64.552,63.927,63.419,63.224,63.693,65.177,68.108,72.602,78.424,85.106,92.413,99.915,107.26,113.98,119.8,124.26,126.8,127.5,126.56,124.42,121.68,118.63,115.39,112.11,108.82,105.62,102.61,99.876,97.297,94.875,92.608,90.42,88.349,86.239,84.129,81.941,79.674,77.447,75.259,73.305,71.625,70.101,68.85,67.913,67.287,66.936,66.858,67.131,67.561,68.225,69.124,69.984,70.882,71.664,72.484,73.227,73.93,74.36,74.634,74.634,74.477,74.165,73.735,73.188,72.563,71.859,71.117,70.296,69.437,68.616,67.795,66.975,66.232,65.49,64.865,64.161,63.536,62.911,62.286,61.739,61.543,62.051,63.614,66.662,71.312,77.291,84.168,91.436,98.743,105.82,112.3,117.85,121.99,124.26,124.73,123.67,121.68,118.94,115.86,112.69,109.49,106.32,103.24,100.42,97.883,95.539,93.429,91.358,89.365,87.372,85.301,83.113,80.925,78.619,76.431,74.477,72.797,71.351,70.257,69.358,68.733,68.499,68.616,69.046,69.788,70.726,71.859,73.11,74.321,75.493,76.548,77.486,78.189,78.736,79.049,79.166,79.049,78.736,78.228,77.603,76.861,76.04,75.102,74.126,73.11,72.25,71.429,70.57,69.554,68.616,67.756,66.858,65.998,65.256,64.552,64.044,64.005,64.787,66.858,70.57,75.689,82.058,89.13,96.477,103.74,110.7,116.8,121.76,125,126.37,125.98,124.3,121.76,118.79,115.74,112.58,109.37,106.17,103.12,100.19,97.493,95.07,92.725,90.537,88.427,86.356,84.168,81.941,79.635,77.291,75.259,73.5,71.937,70.492,69.358,68.499,67.913,67.756,67.874,68.303,69.007,69.866,70.804,71.82,72.797,73.813,74.751,75.493,76.118,76.548,76.744,76.822,76.665,76.353,75.884,75.259,74.555,73.735,72.914,72.133,71.234,70.374,69.554,68.733,68.069,67.366,66.74,66.115,65.568,64.865,64.24,63.693,63.38,63.419,64.474,66.975,71.039,76.509,82.918,90.068,97.375,104.6,111.48,117.62,122.31,125.24,126.29,125.63,123.67,120.98,117.93,114.69,111.36,108,104.68,101.56,98.665,96.047,93.624,91.436,89.443,87.372,85.223,83.074,80.886,78.541,76.236,74.126,72.25,70.57,69.163,68.069,67.248,66.662,66.428,66.623,67.053,67.756,68.616,69.671,70.921,72.172,73.305,74.243,74.985,75.61,76.04,76.314,76.314,76.236,76.001,75.571,74.985,74.321,73.5,72.602,71.742,70.804,69.866,68.929,67.991,67.17,66.428,65.724,65.06,64.435,63.732,63.106,62.598,62.481,62.911,64.474,67.561,72.133,78.111,85.067,92.413,99.915,107.26,113.94,119.69,123.79,125.94,126.13,124.73,122.31,119.41,116.37,113.24,110.11,106.95,103.82,100.81,98.118,95.617,93.312,91.162,89.052,86.942,84.754,82.449,80.065,77.799,75.689,73.813,72.25,70.921,69.945,69.163,68.733,68.616,68.811,69.319,69.984,70.804,71.742,72.758,73.735,74.673,75.61,76.431,77.173,77.564,77.603,77.564,77.252,76.822,76.314,75.689,74.946,74.165,73.305,72.367,71.429,70.57,69.671,68.929,68.186,67.483,66.858,66.232,65.607,64.943,64.318,63.81,63.497,63.81,65.06,67.678,71.937,77.603,84.363,91.631,99.056,106.32,113.2,119.18,123.63,126.17,126.8,125.86,123.87,121.29,118.48,115.55,112.5,109.37,106.25,103.31,100.54,98.001,95.695,93.507,91.475,89.443,87.411,85.379,83.191,80.925,78.697,76.548,74.634,72.914,71.508,70.374,69.476,68.85,68.538,68.616,68.929,69.632,70.57,71.508,72.484,73.5,74.438,75.298,76.118,76.665,77.134,77.369,77.447,77.252,76.939,76.431,75.806,75.063,74.243,73.383,72.445,71.508,70.57,69.671,68.85,68.108,67.366,66.662,66.037,65.373,64.669,64.005,63.38,62.989,63.067,64.122,66.623,70.726,76.04,82.292,89.17,96.32,103.35,110.07,115.94,120.63,123.56,124.69,124.18,122.5,120.04,117.23,114.26,111.17,108,104.88,101.87,98.977,96.438,94.054,91.866,89.795,87.724,85.536,83.308,80.925,78.619,76.431,74.321,72.289,70.609,69.163,68.069,67.248,66.819,66.662,66.858,67.366,68.108,69.007,69.984,71.195,72.445,73.539,74.477,75.181,75.806,76.236,76.509,76.626,76.548,76.314,75.884,75.298,74.555,73.735,72.914,72.055,71.234,70.374,69.554,68.811,68.108,67.483,66.858,66.232,65.607,64.982,64.435,64.122,64.357,65.685,68.303,72.445,77.76,84.129,91.045,98.196,105.31,111.99,117.85,122.31,125,125.82,125,123.05,120.35,117.42,114.26,111.01,107.69,104.49,101.56,98.743,96.008,93.351,91.006,88.662,86.434,84.168,81.823,79.44,77.056,74.79,72.875,71.195,69.866,68.811,68.069,67.561,67.444,67.756,68.382,69.163,70.062,71,71.976,73.071,74.126,75.063,75.884,76.509,76.939,77.134,77.056,76.861,76.509,76.118,75.415,74.634,73.696,72.68,71.742,70.921,70.101,69.358,68.616,67.874,67.131,66.428,65.724,65.256,64.865,64.318,63.693,63.067,62.755,62.911,64.24,66.858,71.117,76.822,83.543,90.811,98.313,105.7,112.73,118.98,123.67,126.45,127.31,126.45,124.42,121.76,118.75,115.62,112.5,109.45,106.25,103.12,100.23,97.571,95.187,92.999,91.006,89.052,87.099,85.106,82.918,80.573,78.189,76.001,74.047,72.445,71.039,69.945,69.163,68.733,68.499,68.421,68.694,69.163,69.945,70.921,71.976,73.11,74.165,75.259,76.04,76.548,76.861,76.978,76.939,76.822,76.509,76.04,75.571,74.985,74.243,73.305,72.289,71.234,70.257,69.358,68.694,68.069,67.366,66.623,65.803,65.06,64.318,63.81,63.419,63.106,63.185,64.005,66.193,69.866,74.985,81.315,88.232,95.539,102.73,109.45,115.23,119.73,122.62,123.79,123.63,122.19,119.88,117.07,113.94,110.74,107.57,104.49,101.56,98.938,96.32,93.819,91.436,89.13,86.942,84.871,82.878,80.69,78.385,76.001,73.813,71.82,70.101,68.85,67.913,67.248,66.74,66.506,66.506,66.819,67.483,68.538,69.788,70.921,71.937,72.797,73.618,74.243,74.946,75.61,76.001,76.001,75.728,75.298,74.79,74.321,73.813,73.071,72.172,71.195,70.179,69.319,68.538,67.874,67.131,66.311,65.49,64.669,64.005,63.497,62.989,62.559,62.442,62.989,64.865,68.303,73.188,79.323,86.161,93.351,100.74,107.89,114.37,119.61,123.16,124.81,124.69,123.24,120.94,118.12,115,111.75,108.43,105.23,102.26,99.29,96.477,93.859,91.475,89.287,87.177,84.91,82.605,80.299,77.994,75.884,73.813,71.976,70.374,69.241,68.694,68.421,68.108,67.991,68.069,68.382,69.007,69.866,71.039,72.445,73.696,74.634,75.298,75.884,76.314,76.665,76.861,76.665,76.197,75.571,74.868,74.243,73.5,72.602,71.664,70.726,69.866,69.124,68.421,67.678,66.936,66.193,65.568,65.06,64.63,64.044,63.419,62.872,62.559,62.872,64.044,66.506,70.413,76.001,82.605,89.795,97.18,104.37,111.25,117.42,122.19,125.04,125.94,125.04,123.05,120.63,117.93,114.92,111.68,108.32,104.8,101.56,98.86,96.633,94.484,92.256,89.99,87.685,85.418,83.191,81.198,79.244,77.291,75.298,73.422,71.859,70.57,69.437,68.538,68.069,67.913,68.186,68.499,69.007,69.671,70.492,71.625,72.875,74.008,74.868,75.415,75.806,76.118,76.431,76.548,76.353,75.884,75.181,74.438,73.735,73.071,72.289,71.351,70.374,69.437,68.616,67.795,66.936,66.037,65.373,64.748,64.005,63.224,62.481,61.934,61.426,61.192,61.661,63.497,67.131,72.445,78.736,85.614,92.725,99.759,106.32,112.26,117.38,121.45,123.63,123.75,122.19,119.61,116.6,113.44,110.23,107.26,104.57,102.18,99.681,96.945,94.171,91.631,89.13,86.747,84.676,82.918,81.315,79.244,76.744,74.243,71.937,69.788,68.069,66.975,66.819,67.053,67.053,66.936,66.936,67.053,67.444,68.186,69.319,71,72.797,74.165,74.868,75.181,75.181,74.985,74.79,74.79,75.102,75.415,75.181,74.36,73.305,72.133,71,69.984,69.554,69.554,69.476,69.007,68.108,67.17,66.037,65.099,64.63,64.865,65.295,65.607,66.232,67.874,70.921,75.493,81.433,88.662,96.672,104.45,111.13,116.48,120.43,122.7,123.16,122.19,120.43,118.44,116.17,113.32,109.88,106.25,102.49,98.821,95.812,93.624,91.944,89.99,87.685,85.184,82.488,79.635,77.134,75.376,74.165,72.875,71.312,69.749,68.225,66.858,66.115,66.311,67.287,68.382,69.046,69.476,69.945,70.257,70.882,72.133,73.852,75.376,76.118,76.314,76.001,75.376,74.634,74.438,74.751,74.985,74.477,73.383,71.976,70.492,68.929,67.874,67.483,67.678,67.561,66.858,65.92,64.787,63.693,62.755,62.442,62.755,62.872,62.559,62.13,62.051,62.872,65.256,69.945,76.822,84.676,92.374,99.564,106.17,112.11,117.07,120.94,123.75,125.2,124.81,122.85,119.92,116.44,112.73,109.37,106.68,104.29,101.63,98.626,95.617,92.686,89.912,87.724,86.434,85.379,83.738,81.433,78.736,75.923,73.305,71.625,70.804,70.257,69.437,68.499,67.483,66.623,66.506,67.287,68.811,70.101,71,71.429,71.664,72.133,73.188,74.438,75.181,75.376,74.946,74.008,73.071,72.68,72.875,72.875,72.25,71.195,69.671,67.913,66.74,66.35,66.428,66.115,65.373,64.357,62.989,61.739,61.309,61.622,61.934,61.661,61.231,60.996,61.504,63.419,67.678,74.008,81.315,88.622,95.617,102.18,108.2,113.63,118.48,122.07,123.44,122.62,120.23,116.91,113.67,111.05,108.75,106.17,103.2,99.915,96.633,93.663,91.553,90.303,89.13,87.411,85.106,82.37,79.557,77.291,75.806,74.438,72.914,71.351,69.788,68.382,67.6,68.069,69.007,69.866,70.57,71.117,71.547,72.445,74.047,75.806,77.056,77.76,77.916,77.916,78.228,78.697,78.815,78.385,77.486,76.197,74.985,74.36,74.008,73.305,72.289,70.882,69.358,68.225,67.795,67.6,67.131,66.232,65.06,63.614,62.755,62.677,63.106,63.849,65.373,67.913,71.976,77.877,85.301,93.233,100.74,107.5,113.24,117.73,121.29,123.75,124.38,123.16,120.74,117.5,113.87,110.54,107.93,105.62,103,99.993,96.789,93.624,91.045,89.482,88.31,86.747,84.559,81.941,78.932,76.118,74.243,73.11,72.133,70.882,69.437,67.991,66.858,66.623,67.17,67.913,68.499,68.929,69.319,70.101,71.429,72.758,73.735,74.243,74.477,74.751,75.181,75.61,75.61,75.181,74.36,73.5,72.992,72.68,72.133,71.195,69.945,68.733,67.991,67.678,67.248,66.545,65.607,64.63,63.927,63.732,63.497,62.989,62.286,61.661,61.934,63.614,66.858,71.312,76.861,83.191,90.107,97.688,105.39,112.3,117.81,121.48,123.44,123.95,123.24,121.45,118.75,115.43,111.87,108.55,105.74,102.92,99.993,96.867,93.859,91.319,89.443,87.802,85.926,83.699,81.12,78.541,76.509,74.751,72.992,71.195,69.358,67.756,66.819,66.506,66.428,66.35,66.35,66.545,67.17,68.421,69.788,71,71.82,72.367,73.071,74.047,74.985,75.493,75.493,75.102,74.555,74.36,74.321,73.93,73.11,71.976,70.726,69.866,69.358,68.733,67.874,66.819,65.685,64.865,64.552,64.318,63.732,62.872,61.934,61.309,61.504,62.442,64.318,67.366,71.82,77.681,84.793,92.608,100.23,107.38,113.63,118.75,122.7,125.04,125.51,124.18,121.6,118.48,115.43,112.73,109.92,106.87,103.55,100.38,97.688,95.422,93.233,90.928,88.505,86.044,83.855,81.98,80.065,77.799,75.415,73.227,71.625,70.609,69.945,69.319,68.616,68.069,67.874,68.499,69.671,70.804,71.664,72.445,73.11,74.165,75.493,76.509,76.978,77.134,76.822,76.431,76.353,76.509,76.236,75.571,74.438,72.992,71.859,71.234,70.921,70.374,69.476,68.382,67.053,66.193,65.92,65.92,65.685,65.099,64.122,63.067,62.442,62.755,63.849,65.724,68.733,72.992,78.502,85.223,93.038,100.93,108.24,114.69,119.73,123.32,125.51,126.45,125.82,123.79,120.86,117.5,114.29,111.48,108.86,106.05,103.04,100.07,97.102,94.796,93.194,91.67,89.873,87.685,85.067,82.292,79.987,78.189,76.548,74.79,72.992,71.195,69.632,68.85,68.85,69.124,69.358,69.632,69.749,70.101,71.195,72.602,74.008,74.946,75.493,75.806,76.197,76.744,77.173,77.252,76.822,76.001,75.063,74.36,74.008,73.422,72.563,71.351,69.945,68.538,67.678,67.248,66.74,65.92,64.943,63.81,62.755,62.247,62.13,61.856,61.543,61.426,61.934,63.849,67.874,73.696,80.495,87.607,94.757,101.63,108.32,114.76,120.2,123.79,125.31,124.88,122.93,120.43,118.01,115.55,112.73,109.57,106.13,102.57,99.564,97.258,95.382,93.351,91.123,88.662,86.161,83.855,81.941,79.987,77.799,75.61,73.383,71.312,69.749,68.929,68.733,68.694,68.616,68.616,68.929,69.788,71.351,72.914,74.36,75.571,76.509,77.291,78.385,79.44,80.104,80.417,80.612,80.612,80.104,79.323,78.502,77.564,76.548,75.493,74.477,73.539,72.563,71.664,70.804,69.984,69.163,68.421,67.678,66.936,66.193,65.49,65.06,65.177,66.311,68.85,72.992,78.502,84.988,91.983,99.173,106.17,112.69,118.36,122.74,125.43,126.25,125.51,123.56,120.86,117.85,114.76,111.56,108.36,105.19,102.1,99.251,96.633,94.132,91.788,89.599,87.411,85.223,82.996,80.612,78.385,76.197,74.321,72.602,71.234,70.179,69.358,68.85,68.694,68.733,69.124,69.749,70.492,71.429,72.445,73.422,74.438,75.298,76.04,76.626,76.978,77.173,77.252,77.056,76.744,76.236,75.689,74.946,74.165,73.383,72.484,71.664,70.804,69.945,69.124,68.382,67.678,66.975,66.428,65.881,65.295,64.748,64.161,63.693,63.302,63.38,64.318,66.545,70.296,75.61,82.136,89.365,96.867,104.29,111.44,117.73,122.85,126.37,128.05,127.93,126.45,123.99,120.98,117.85,114.61,111.33,108,104.76,101.67,98.86,96.242,93.819,91.553,89.365,87.099,84.871,82.566,80.104,77.76,75.493,73.5,71.742,70.257,69.046,68.186,67.561,67.287,67.287,67.678,68.382,69.163,70.179,71.195,72.25,73.188,74.047,74.751,75.376,75.728,76.04,76.118,76.04,75.806,75.376,74.79,74.126,73.383,72.563,71.742,70.882,70.062,69.163,68.382,67.6,66.858,66.193,65.49,64.787,64.044,63.38,62.755,62.169,62.051,62.598,64.318,67.444,72.133,78.072,84.793,91.983,99.29,106.36,113.01,118.63,122.74,125.04,125.63,124.61,122.5,119.8,116.8,113.67,110.62,107.61,104.68,101.87,99.29,96.945,94.757,92.608,90.615,88.544,86.356,84.051,81.745,79.479,77.369,75.493,73.852,72.602,71.547,70.726,70.296,70.179,70.374,70.804,71.547,72.445,73.5,74.477,75.571,76.548,77.447,78.111,78.541,78.815,78.815,78.697,78.307,77.799,77.173,76.431,75.571,74.634,73.735,72.875,71.976,71.117,70.296,69.476,68.733,67.991,67.366,66.74,66.115,65.49,64.943,64.435,64.24,64.669,66.193,69.124,73.696,79.635,86.551,93.937,101.36,108.51,115.12,120.63,124.69,126.92,127.39,126.17,123.99,121.17,118.05,114.8,111.48,108.32,105.19,102.3,99.603,97.258,95.07,92.999,91.006,89.052,86.981,84.91,82.683,80.495,78.307,76.314,74.477,72.914,71.625,70.57,69.788,69.319,69.163,69.319,69.749,70.413,71.312,72.25,73.227,74.243,75.102,75.884,76.509,76.978,77.252,77.291,77.173,76.861,76.431,75.806,75.102,74.321,73.422,72.563,71.664,70.804,69.945,69.124,68.382,67.6,66.936,66.232,65.685,65.06,64.435,63.81,63.224,62.911,63.185,64.24,66.662,70.57,75.806,82.136,88.974,96.164,103.24,109.92,115.86,120.51,123.48,124.73,124.38,122.7,120.23,117.38,114.29,111.13,108,104.88,101.87,99.134,96.555,94.249,92.061,89.912,87.88,85.809,83.621,81.315,79.01,76.665,74.477,72.602,71,69.671,68.694,67.991,67.561,67.483,67.678,68.108,68.85,69.788,70.804,71.937,73.071,74.047,74.985,75.806,76.431,76.861,77.056,77.134,76.978,76.744,76.353,75.923,75.376,74.673,74.008,73.227,72.484,71.742,71,70.296,69.632,68.929,68.303,67.678,67.053,66.428,65.803,65.373,65.256,65.881,67.678,70.882,75.61,81.55,88.193,95.226,102.3,109.14,115.19,120.12,123.48,125,124.73,123.05,120.51,117.54,114.29,111.05,107.81,104.6,101.48,98.548,95.851,93.351,91.045,88.857,86.747,84.559,82.37,80.104,77.916,75.806,73.93,72.367,71,69.945,69.124,68.538,68.225,68.303,68.616,69.241,69.984,70.921,71.937,72.914,73.852,74.751,75.493,76.04,76.509,76.744,76.744,76.548,76.197,75.689,75.063,74.243,73.422,72.563,71.625,70.726,69.866,69.007,68.108,67.366,66.623,65.998,65.373,64.787,64.24,63.732,63.185,62.677,62.169,61.856,62.051,62.989,65.256,69.007,74.243,80.69,87.88,95.382,102.81,109.88,116.05,120.98,124.26,125.74,125.43,123.87,121.48,118.67,115.7,112.58,109.37,106.17,103.12,100.23,97.61,95.226,93.116,91.045,89.13,87.099,85.067,82.878,80.612,78.424,76.314,74.321,72.563,71.117,69.945,69.007,68.382,68.108,68.108,68.421,69.007,69.671,70.57,71.508,72.484,73.422,74.36,75.102,75.689,76.04,76.314,76.314,76.197,75.806,75.376,74.751,74.047,73.305,72.484,71.625,70.726,69.866,69.007,68.186,67.444,66.662,66.037,65.412,64.787,64.161,63.536,62.911,62.442,62.286,62.794,64.318,67.287,71.742,77.603,84.363,91.631,98.86,105.82,112.18,117.5,121.45,123.63,124.1,123.16,121.17,118.67,115.86,113.01,109.92,106.87,103.74,100.81,98.118,95.617,93.351,91.319,89.248,87.255,85.067,82.8,80.378,77.994,75.689,73.539,71.742,70.101,68.811,67.756,66.975,66.506,66.232,66.35,66.74,67.366,68.186,69.046,70.062,71,71.937,72.68,73.383,73.852,74.243,74.36,74.36,74.165,73.852,73.422,72.875,72.172,71.508,70.687,69.866,69.046,68.186,67.366,66.623,65.881,65.177,64.474,63.849,63.106,62.442,61.817,61.231,60.918,61.035,62.13,64.474,68.421,73.852,80.299,87.294,94.445,101.44,108.04,113.87,118.36,121.25,122.38,121.88,120.04,117.62,114.8,111.95,108.94,105.93,103,100.23,97.61,95.226,93.038,91.006,89.13,87.177,85.106,82.996,80.807,78.619,76.548,74.673,73.11,71.859,70.804,70.062,69.554,69.319,69.319,69.671,70.257,71.039,71.937,72.914,74.008,74.985,75.884,76.548,77.056,77.447,77.564,77.486,77.291,76.861,76.236,75.571,74.751,73.852,72.914,71.976,71.039,70.101,69.163,68.382,67.561,66.858,66.232,65.607,64.982,64.435,63.849,63.38,62.989,62.911,63.614,65.49,68.811,73.618,79.674,86.63,93.859,101.24,108.32,114.69,119.8,123.44,125.2,125.2,123.75,121.45,118.63,115.62,112.5,109.29,106.13,103.04,100.19,97.493,95.109,92.921,90.85,88.857,86.981,84.988,82.918,80.729,78.541,76.431,74.477,72.797,71.351,70.179,69.163,68.499,68.108,68.069,68.303,68.811,69.476,70.296,71.234,72.25,73.188,74.047,74.79,75.376,75.806,76.04,76.04,75.923,75.571,75.102,74.555,73.852,73.11,72.289,71.429,70.609,69.749,68.929,68.186,67.366,66.662,66.037,65.412,64.943,64.357,63.81,63.185,62.677,62.286,62.481,63.497,65.803,69.671,74.985,81.511,88.622,95.93,103.12,109.8,115.7,120.2,123.13,124.26,123.75,122.07,119.61,116.8,113.83,110.7,107.57,104.45,101.36,98.509,95.851,93.546,91.358,89.287,87.294,85.301,83.191,80.925,78.619,76.353,74.243,72.289,70.687,69.319,68.225,67.444,66.936,66.662,66.819,67.17,67.795,68.694,69.632,70.687,71.742,72.758,73.618,74.36,74.985,75.415,75.689,75.728,75.61,75.298,74.79,74.243,73.618,72.875,72.172,71.508,70.726,69.984,69.319,68.733,68.186,67.678,67.131,66.662,66.232,65.685,65.177,64.787,64.63,64.787,65.803,68.069,71.742,76.939,83.308,90.303,97.493,104.57,111.25,117.11,121.68,124.57,125.67,125.2,123.48,121.05,118.16,115.12,111.87,108.63,105.42,102.42,99.485,96.789,94.249,91.866,89.56,87.372,85.184,82.918,80.69,78.502,76.509,74.673,73.188,71.937,71,70.374,69.945,69.749,69.866,70.257,70.882,71.742,72.68,73.735,74.751,75.728,76.626,77.291,77.877,78.307,78.502,78.541,78.385,78.072,77.564,76.939,76.197,75.298,74.477,73.618,72.758,71.859,71.039,70.374,69.749,69.124,68.499,67.795,67.248,66.662,66.193,65.685,65.256,64.787,64.552,64.669,65.724,68.108,72.055,77.447,84.012,91.162,98.665,106.05,113.01,119.06,123.79,126.88,128.01,127.5,125.67,123.13,120.2,117.07,113.94,110.7,107.5,104.45,101.56,98.938,96.477,94.249,92.178,90.107,88.115,86.004,83.738,81.433,79.244,77.252,75.298,73.5,71.859,70.57,69.476,68.733,68.382,68.225,68.421,68.811,69.437,70.179,71,71.859,72.758,73.539,74.321,74.868,75.259,75.415,75.415,75.259,74.868,74.36,73.735,73.071,72.289,71.547,70.726,69.945,69.046,68.225,67.444,66.623,65.881,65.177,64.552,64.005,63.497,62.989,62.442,61.856,61.504,61.622,62.364,64.044,67.053,71.625,77.369,84.012,91.045,98.196,105.07,111.33,116.48,120.23,122.38,122.74,121.68,119.57,116.87,113.87,110.86,107.89,104.92,102.1,99.485,97.102,94.914,92.921,91.045,89.248,87.411,85.418,83.386,81.198,79.01,76.861,75.063,73.539,72.289,71.312,70.57,70.179,70.101,70.374,70.921,71.742,72.797,73.93,75.181,76.353,77.486,78.502,79.244,79.752,80.104,80.26,80.299,80.26,79.791,79.127,78.228,77.291,76.314,75.376,74.438,73.5,72.563,71.742,70.921,70.179,69.476,68.85,68.225,67.678,67.131,66.545,66.115,66.037,66.74,68.499,71.742,76.509,82.566,89.365,96.633,103.94,110.86,117.19,122.31,125.94,127.74,127.81,126.45,124.06,121.13,118.05,115,111.95,108.75,105.54,102.61,99.876,97.375,95.109,93.038,91.045,89.052,86.981,84.793,82.488,80.26,78.189,76.236,74.634,73.227,72.133,71.312,70.726,70.413,70.413,70.687,71.117,71.742,72.484,73.227,74.047,74.751,75.376,75.884,76.197,76.314,76.236,76.04,75.61,74.985,74.321,73.696,72.992,72.133,71.195,70.179,69.163,68.225,67.287,66.506,65.685,64.982,64.318,63.614,62.989,62.442,61.856,61.309,60.801,60.41,60.371,60.996,62.677,65.803,70.413,76.353,83.23,90.693,98.196,105.42,112.07,117.54,121.6,123.95,124.38,123.32,121.05,118.16,115.08,111.87,108.63,105.5,102.38,99.368,96.555,94.132,91.944,89.99,88.036,86.004,83.855,81.628,79.362,77.134,75.063,73.227,71.664,70.374,69.358,68.694,68.303,68.225,68.616,69.358,70.374,71.625,72.992,74.36,75.806,77.173,78.502,79.635,80.495,81.198,81.628,81.667,81.55,81.198,80.573,79.752,78.854,77.916,76.861,75.806,74.79,73.852,73.071,72.25,71.429,70.609,69.866,69.124,68.499,67.874,67.287,66.858,66.74,67.248,68.85,71.859,76.509,82.449,89.17,96.359,103.55,110.43,116.6,121.68,125.24,127.07,127.11,125.86,123.63,120.74,117.54,114.37,111.17,108.04,105.07,102.26,99.603,97.18,94.992,92.921,90.85,88.857,86.669,84.481,82.253,80.065,78.072,76.236,74.751,73.422,72.445,71.742,71.234,71,71.117,71.429,71.976,72.797,73.735,74.634,75.376,75.923,76.509,76.939,77.252,77.369,77.291,77.134,76.744,76.197,75.571,74.634,73.5,72.367,71.351,70.492,69.554,68.694,67.795,66.975,66.193,65.373,64.552,63.732,62.989,62.247,61.622,60.996,60.41,59.941,59.746,60.176,61.739,64.748,69.241,75.063,81.823,89.052,96.477,103.74,110.5,116.37,120.94,123.79,124.88,124.26,122.38,119.69,116.6,113.36,110.07,106.64,103.2,99.876,96.789,93.937,91.358,88.974,86.747,84.481,82.253,79.987,77.681,75.415,73.227,71.234,69.554,68.225,67.17,66.311,65.607,65.295,65.373,65.724,66.506,67.483,68.694,69.866,71.039,72.25,73.305,74.243,75.063,75.728,76.118,76.353,76.353,76.118,75.806,75.298,74.673,74.047,73.5,72.914,72.289,71.508,70.726,69.984,69.358,68.811,68.303,67.874,67.444,66.975,66.545,66.193,65.92,65.998,66.819,68.733,72.133,77.056,83.191,89.99,96.945,103.74,110.23,116.05,120.82,124.06,125.55,125.43,123.95,121.45,118.44,115.23,111.95,108.63,105.42,102.3,99.368,96.633,93.976,91.553,89.248,86.864,84.481,82.253,80.065,77.877,75.689,73.852,72.445,71.351,70.609,70.179,69.984,70.101,70.492,71.117,71.937,72.914,74.126,75.298,76.431,77.447,78.228,79.049,79.635,79.87,79.791,79.479,79.01,78.307,77.564,76.744,75.806,74.868,73.813,72.68,71.547,70.57,69.554,68.616,67.678,66.74,65.92,65.256,64.669,64.044,63.38,62.677,61.973,61.309,60.723,60.567,60.918,62.481,65.412,69.671,75.181,81.667,88.818,96.047,103.2,109.8,115.7,120.43,123.56,124.88,124.38,122.54,119.8,116.6,113.2,109.76,106.36,103.12,100.11,97.18,94.367,91.788,89.443,87.099,84.91,82.761,80.612,78.385,76.04,73.813,71.82,69.984,68.499,67.366,66.428,65.607,65.099,64.943,65.099,65.685,66.506,67.561,68.616,69.749,70.882,71.937,72.914,73.852,74.673,75.259,75.493,75.571,75.493,75.298,74.985,74.634,74.165,73.696,73.071,72.367,71.508,70.726,69.984,69.358,103.74,100.7,97.883,95.304,92.804,90.42,88.115,85.809,83.543,81.355,79.166,76.978,74.985,73.227,71.937,71,70.296,69.788,69.476,69.476,69.788,70.57,71.547,72.602,73.696,74.673,75.689,76.744,77.76,78.502,78.932,79.127,79.049,78.815,78.541,77.994,77.173,76.236,75.181,74.165,73.188,72.133,71.039,70.062,69.163,68.225,67.287,66.35,65.607,64.982,64.318,63.536,62.872,62.169,61.661,61.231,60.801,60.723,61.504,63.536,67.248,72.484,78.932,86.004,93.312,100.62,107.69,114.14,119.61,123.48,125.51,125.63,124.26,121.76,118.75,115.31,111.64,107.93,104.29,100.93,97.922,95.187,92.569,90.107,87.802,85.536,83.504,81.511,79.362,77.134,74.79,72.602,70.687,69.124,67.795,66.662,65.724,65.06,64.787,64.943,65.373,65.92,66.74,67.795,69.007,70.257,71.351,72.445,73.383,74.321,74.985,75.415,75.61,75.571,75.298,74.946,74.321,73.539,72.875,72.172,71.351,70.374,69.241,68.186,67.17,66.35,65.724,65.099,64.435,63.849,63.38,62.794,62.247,61.817,61.817,62.559,64.63,67.991,72.875,79.01,86.122,93.663,101.17,108.36,115,120.55,124.73,126.99,127.31,126.06,123.79,120.74,117.07,113.2,109.25,105.42,101.99,98.86,95.851,92.921,90.107,87.489,85.184,82.996,80.729,78.307,75.806,73.305,71,69.319,68.382,67.6,66.858,66.232,65.803,65.607,65.724,66.311,67.366,69.007,70.687,72.055,73.11,74.008,74.751,75.376,75.884,76.236,76.626,77.056,77.252,76.861,76.04,75.063,74.008,72.875,71.82,70.726,69.866,69.358,68.929,68.225,67.287,66.311,65.373,64.474,63.732,63.106,62.755,62.677,62.598,62.364,62.169,62.598,64.161,67.287,72.055,78.189,85.418,93.194,100.85,108,114.49,120,124.1,126.76,127.74,126.99,124.88,121.91,118.55,115.08,111.56,108,104.49,101.17,98.196,95.5,92.921,90.498,88.232,86.239,84.168,81.98,79.674,77.447,75.376,73.5,71.664,70.062,68.811,67.874,67.248,66.858,66.623,66.819,67.366,68.303,69.241,70.257,71.234,72.25,73.305,74.438,75.415,76.04,76.431,76.548,76.509,76.509,76.314,75.806,75.102,74.243,73.422,72.602,71.664,70.687,69.749,68.85,68.069,67.17,66.232,65.412,64.748,64.161,63.497,62.755,62.051,61.661,61.504,61.856,63.38,66.428,71.195,77.134,83.738,90.537,97.375,104.37,111.33,117.38,121.8,124.18,124.73,123.56,121.13,118.24,115.39,112.73,109.76,106.32,102.57,98.821,95.226,92.1,89.795,88.232,86.63,84.481,81.98,79.166,76.236,73.422,71.351,70.257,69.476,68.421,67.131,65.881,64.787,64.044,64.044,65.06,66.819,68.538,69.788,70.804,71.625,72.367,73.227,74.79,76.665,78.228,79.01,79.049,78.736,77.994,77.252,76.978,77.291,77.564,77.056,75.923,74.555,72.992,71.508,70.374,69.945,70.101,70.062,69.358,68.225,66.936,65.607,64.552,64.318,65.177,66.858,69.163,72.602,77.291,82.918,89.482,97.063,104.99,112.18,118.05,122.5,125.12,126.13,126.06,125.24,123.32,120.31,116.48,112.3,108.12,104.37,101.56,99.29,96.945,94.288,91.436,88.427,85.536,83.23,81.55,79.987,77.916,75.689,73.383,71.117,69.632,69.124,69.358,69.632,69.671,69.632,69.554,69.671,70.726,72.602,74.634,76.04,76.978,77.369,77.369,77.486,78.307,79.323,79.791,79.635,78.815,77.486,76.04,75.181,74.946,74.673,73.93,72.68,71.195,69.632,68.694,68.421,68.303,67.874,66.975,65.803,64.435,63.497,63.419,63.732,63.81,63.497,63.185,63.419,64.982,68.85,74.946,82.136,89.482,96.672,103.51,109.92,116.25,122.07,126.25,128.13,127.85,125.67,122.38,118.87,115.86,113.12,109.92,106.32,102.38,98.509,95.187,92.882,91.045,89.052,86.747,84.129,81.55,79.362,77.564,75.61,73.5,71.312,69.319,67.913,67.248,66.858,66.506,66.193,65.92,66.037,66.858,68.382,69.788,70.882,71.664,72.68,74.008,75.259,76.118,76.509,76.431,76.04,75.806,75.923,76.04,75.689,74.751,73.5,72.289,71.547,71.195,70.492,69.554,68.303,66.936,65.881,65.568,65.49,65.177,64.357,63.302,62.051,61.348,61.661,62.755,64.435,67.131,71.039,76.314,83.113,91.162,99.446,107.11,113.94,119.41,123.36,125.86,127.23,127.23,125.63,122.5,118.55,114.26,110.31,107.26,104.68,101.95,98.938,95.812,92.608,89.678,87.607,86.317,84.793,82.605,79.987,77.056,74.321,72.445,71.508,70.726,69.866,68.929,67.913,67.287,67.561,68.733,70.062,71.234,72.133,72.914,74.047,75.571,76.939,77.799,78.189,78.072,77.916,78.111,78.307,78.072,77.291,76.197,74.985,74.243,73.696,72.914,71.82,70.413,69.046,68.225,67.795,67.366,66.623,65.724,64.787,64.122,63.927,63.81,63.419,62.872,62.598,63.38,65.724,69.866,75.259,81.628,88.505,95.812,103.67,111.64,118.48,123.75,126.99,128.36,128.44,127.39,125.2,122.11,118.48,114.57,110.74,107.69,105.11,102.42,99.485,96.359,93.233,90.498,88.74,87.411,85.809,83.543,80.925,78.072,75.493,73.813,72.68,71.429,70.062,68.499,67.053,66.35,66.662,67.561,68.382,69.007,69.358,69.671,70.492,71.937,73.5,74.673,75.298,75.415,75.259,75.298,75.884,76.314,76.236,75.689,74.477,72.992,71.742,71.234,71.117,70.687,69.749,68.303,66.662,65.412,64.865,64.748,64.357,63.693,62.755,61.543,60.723,60.918,61.856,63.497,66.115,69.945,74.985,81.355,88.974,96.867,104.14,110.5,115.62,119.37,121.91,123.44,123.36,121.68,118.75,115.12,111.36,108.2,105.7,103.24,100.54,97.688,94.796,92.178,90.225,88.974,87.685,85.926,83.699,81.003,78.189,75.884,74.477,73.696,72.758,71.742,70.726,69.749,69.163,69.632,70.921,72.445,73.696,74.673,75.415,76.236,77.564,79.244,80.612,81.355,81.55,81.12,80.573,80.299,80.26,79.948,79.127,77.916,76.431,74.868,73.813,73.305,72.875,72.133,71.117,69.866,68.694,67.991,67.913,67.874,67.561,66.858,65.803,64.943,64.982,66.35,68.929,72.68,77.799,83.855,90.537,97.883,105.74,113.44,119.88,124.61,127.54,128.44,127.74,126.25,124.18,121.56,118.36,114.8,111.05,107.5,104.57,102.26,99.993,97.688,95.304,92.804,90.498,88.74,87.294,85.614,83.543,81.198,78.619,76.431,75.063,74.36,73.696,72.992,72.289,71.664,71.508,72.25,73.5,74.673,75.571,76.197,76.548,77.134,78.189,79.323,79.948,80.065,79.752,78.932,78.072,77.681,77.486,77.134,76.236,75.063,73.539,72.172,71.351,71,70.413,69.476,68.382,67.053,65.685,64.865,64.748,64.63,64.122,63.224,62.13,60.996,60.684,61.622,63.849,67.366,72.055,77.877,84.441,91.866,99.798,107.42,114.14,119.37,122.85,124.69,125.12,124.38,122.5,119.61,116.17,112.5,108.82,105.54,103.04,100.81,98.43,95.851,93.312,90.733,88.544,86.942,85.418,83.504,81.198,78.541,75.806,73.422,71.859,71,70.179,69.241,68.303,67.561,67.131,67.483,68.811,70.413,71.859,73.11,74.126,75.063,76.236,77.799,79.244,80.182,80.612,80.573,80.182,79.987,80.065,79.948,79.244,78.228,76.822,75.376,74.36,73.735,73.11,72.172,71.039,69.749,68.538,67.874,67.561,67.131,66.428,65.685,64.982,65.099,66.74,70.062,74.868,80.729,87.372,94.288,101.44,108.67,115.55,121.17,125.04,126.99,126.92,125.35,123.13,120.55,117.54,114.14,110.7,107.42,104.17,100.93,98.001,95.304,92.804,90.537,88.349,86.161,84.012,81.823,79.557,77.369,75.376,73.539,72.055,70.804,69.866,69.124,68.733,68.694,68.85,69.358,70.062,70.921,71.937,72.992,74.008,74.985,75.884,76.548,77.056,77.369,77.447,77.252,76.861,76.353,75.689,74.868,74.008,72.992,72.055,71.039,70.101,69.124,68.186,67.248,66.35,65.568,64.748,64.005,63.302,62.598,61.934,61.231,60.567,60.059,59.941,60.567,62.286,65.568,70.413,76.665,83.855,91.436,99.056,106.36,113.04,118.67,122.85,125.35,126.13,125.12,122.85,119.88,116.44,113.01,109.61,106.36,103.35,100.5,97.883,95.422,93.233,91.241,89.365,87.489,85.614,83.543,81.433,79.323,77.291,75.493,73.93,72.602,71.664,71,70.57,70.57,70.882,71.508,72.289,73.305,74.477,75.806,77.056,78.228,79.323,80.104,80.69,81.003,81.12,80.925,80.573,79.987,79.244,78.385,77.369,76.353,75.376,74.321,73.188,72.133,71.117,70.179,69.358,68.538,67.795,67.17,66.506,65.881,65.256,64.787,64.748,65.412,67.287,70.687,75.61,81.823,88.857,96.359,103.94,111.17,117.69,123.05,126.88,128.87,129.1,127.74,125.24,122.07,118.63,115.12,111.68,108.36,105.11,102.06,99.251,96.633,94.171,91.983,89.795,87.685,85.496,83.191,80.886,78.541,76.353,74.438,72.797,71.508,70.374,69.554,69.046,68.733,68.733,69.007,69.554,70.296,71.234,72.172,73.11,74.047,74.946,75.61,76.197,76.548,76.744,76.744,76.548,76.197,75.689,74.985,74.243,73.383,72.484,71.625,70.687,69.749,68.929,68.108,67.287,66.545,65.881,65.256,64.63,64.005,63.38,62.755,62.286,62.13,62.481,63.849,66.623,71,76.939,83.855,91.436,99.134,106.64,113.55,119.61,124.38,127.42,128.67,128.17,126.17,123.36,120,116.44,112.89,109.45,106.13,102.92,99.993,97.258,94.679,92.374,90.185,88.036,85.848,83.621,81.237,78.932,76.626,74.477,72.68,71.117,69.866,68.929,68.225,67.874,67.874,68.186,68.811,69.749,70.882,72.172,73.5,74.79,76.04,77.173,78.111,78.932,79.44,79.752,79.87,79.791,79.557,79.166,78.619,77.994,77.291,76.509,75.61,74.751,73.852,73.071,72.172,71.351,70.57,69.788,69.046,68.303,67.561,66.858,66.35,66.35,67.131,69.046,72.602,77.799,84.246,91.319,98.626,105.85,112.73,118.79,123.75,127.11,128.67,128.44,126.76,123.99,120.66,117.11,113.55,110.07,106.75,103.63,100.62,97.883,95.382,92.999,90.811,88.74,86.63,84.441,82.136,79.791,77.603,75.61,73.813,72.289,71.117,70.179,69.554,69.124,69.046,69.358,69.984,70.804,71.82,72.875,74.047,75.102,76.197,77.173,77.877,78.385,78.697,78.736,78.619,78.228,77.76,77.056,76.236,75.376,74.438,73.5,72.563,71.547,70.609,69.749,68.85,68.069,67.366,66.662,65.998,65.373,64.669,64.044,63.38,62.755,62.247,62.13,62.794,64.787,68.303,73.539,80.182,87.685,95.539,103.51,111.13,118.05,123.79,128.01,130.35,130.82,129.57,127.07,123.87,120.35,116.8,113.32,109.92,106.75,103.74,101.01,98.43,96.125,93.976,91.944,89.912,87.88,85.692,83.386,81.003,78.697,76.509,74.634,72.914,71.547,70.492,69.671,69.241,69.163,69.358,69.945,70.687,71.664,72.875,74.047,75.298,76.353,77.369,78.189,78.736,79.127,79.323,79.244,79.01,78.619,78.072,77.291,76.509,75.61,74.673,73.813,72.875,71.937,71,70.101,69.319,68.538,67.874,67.17,66.506,65.803,65.256,64.865,64.943,65.803,67.913,71.625,76.861,83.308,90.498,98.001,105.54,112.61,118.94,123.99,127.42,128.99,128.87,127.11,124.38,120.98,117.42,113.87,110.43,107.11,103.94,100.93,98.196,95.617,93.312,91.123,88.974,86.864,84.598,82.292,79.87,77.564,75.298,73.383,71.664,70.257,69.046,68.225,67.756,67.483,67.6,67.991,68.694,69.554,70.492,71.547,72.602,73.618,74.555,75.376,76.001,76.431,76.744,76.744,76.626,76.236,75.728,75.063,74.321,73.422,72.563,71.547,70.57,69.554,68.616,67.756,66.936,66.115,65.412,64.787,64.161,63.536,62.989,62.559,62.364,62.755,63.927,66.428,70.57,76.118,82.996,90.537,98.43,106.25,113.67,120.23,125.51,129.07,130.82,130.67,129.07,126.29,122.93,119.37,115.86,112.42,109.14,106.01,103,100.19,97.61,95.187,92.921,90.615,88.232,85.731,83.191,80.573,78.189,76.04,74.165,72.602,71.312,70.374,69.671,69.358,69.358,69.749,70.374,71.312,72.445,73.539,74.79,76.001,77.134,78.189,79.01,79.557,79.948,79.987,79.87,79.479,79.01,78.385,77.603,76.744,75.884,74.946,74.008,73.11,72.25,71.429,70.687,69.984,69.358,68.733,68.186,67.6,67.053,66.506,65.92,65.568,65.607,66.545,68.811,72.68,78.111,84.793,92.256,99.915,107.61,115,121.56,126.8,130.43,132.19,132.11,130.51,127.85,124.61,121.17,117.73,114.37,111.13,108.04,105.19,102.42,99.993,97.688,95.5,93.507,91.475,89.443,87.255,84.91,82.566,80.26,78.072,76.118,74.438,72.992,71.937,71.117,70.687,70.57,70.726,71.195,71.937,73.188,74.555,75.806,76.861,77.76,78.424,79.049,79.479,79.87,80.104,80.104,79.948,79.479,78.932,78.228,77.486,76.626,75.728,74.79,73.852,72.914,72.055,71.195,70.413,69.671,69.007,68.303,67.6,66.975,66.311,65.803,65.568,65.998,67.483,70.374,74.751,80.612,87.489,94.992,102.73,110.23,117.19,123.13,127.62,130.51,131.45,130.67,128.56,125.55,122.11,118.63,115.12,111.75,108.51,105.42,102.57,99.915,97.493,95.226,93.116,91.006,88.857,86.551,84.168,81.745,79.362,77.173,75.181,73.5,71.976,70.804,69.945,69.319,69.046,69.124,69.632,70.296,71.312,72.445,73.618,74.79,75.884,76.822,77.603,78.228,78.697,78.854,78.854,78.619,78.228,77.603,76.939,76.04,75.102,74.126,73.11,72.055,71.117,70.179,69.319,68.499,67.678,66.936,66.193,65.49,64.865,64.357,63.927,63.81,64.161,65.49,68.186,72.367,78.072,84.91,92.608,100.54,108.43,116.01,122.62,127.85,131.37,132.93,132.54,130.67,127.74,124.26,120.55,116.87,113.24,109.8,106.48,103.35,100.5,97.805,95.226,92.725,90.303,87.919,85.496,82.996,80.495,78.072,75.884,74.047,72.484,71.312,70.413,69.866,69.632,69.671,70.179,70.921,71.937,73.11,74.36,75.689,76.861,77.994,78.932,79.674,80.182,80.495,80.495,80.299,79.87,79.323,78.541,77.76,76.822,75.806,74.868,73.852,72.914,72.055,71.195,70.374,69.632,69.007,68.382,67.795,67.248,66.74,66.193,65.607,65.177,64.943,65.177,66.311,68.85,72.992,78.541,85.379,92.804,100.54,108.2,115.51,121.91,127.11,130.67,132.39,132.23,130.63,127.85,124.61,121.13,117.62,114.14,110.74,107.57,104.6,101.95,99.485,97.18,94.992,92.882,90.811,88.622,86.317,83.933,81.511,79.323,77.447,75.61,73.696,71.742,70.101,69.163,68.929,69.046,69.476,70.062,70.687,71.508,72.367,73.305,74.36,75.376,76.236,76.939,77.369,77.681,77.799,77.76,77.564,77.173,76.626,76.001,75.298,74.477,73.696,72.797,71.859,70.921,70.062,69.319,68.616,67.913,67.17,66.545,65.881,65.177,64.474,63.849,63.419,63.38,64.005,65.724,69.007,73.852,79.987,87.099,94.679,102.38,109.8,116.6,122.38,126.56,128.99,129.57,128.48,126.13,123.05,119.61,116.25,112.89,109.61,106.48,103.51,100.74,98.313,96.125,94.054,92.061,90.068,87.997,85.848,83.621,81.315,79.127,77.134,75.376,73.93,72.797,72.055,71.625,71.508,71.664,72.25,73.11,74.165,75.415,76.665,77.916,79.127,80.182,81.042,81.745,82.253,82.449,82.292,81.98,81.355,80.612,79.674,78.736,77.76,76.665,75.571,74.438,73.383,72.289,71.351,70.492,69.749,69.007,68.303,67.678,67.053,66.428,65.92,65.607,65.803,66.662,68.733,72.289,77.447,83.816,91.006,98.548,106.17,113.51,120,125.31,129.07,130.94,130.98,129.61,127.19,124.18,120.86,117.5,114.18,110.93,107.81,104.8,102.06,99.485,97.18,95.07,92.999,90.928,88.74,86.473,84.129,81.745,79.44,77.291,75.415,73.852,72.563,71.547,70.882,70.492,70.492,70.921,71.547,72.289,73.188,74.165,75.181,76.236,77.252,78.189,78.854,79.362,79.635,79.674,79.557,79.244,78.815,78.111,77.369,76.509,75.571,74.555,73.618,72.602,71.664,70.726,69.788,68.929,68.069,67.17,66.428,65.685,64.982,64.318,63.614,63.067,62.794,63.185,64.63,67.483,71.937,77.76,84.481,91.944,99.564,107.07,114.18,120.31,125.12,128.17,129.3,128.79,126.99,124.3,121.25,118.01,114.76,111.56,108.32,105.19,102.38,99.798,97.493,95.382,93.351,91.358,89.287,87.255,85.067,82.683,80.378,78.072,75.923,74.047,72.484,71.234,70.296,69.788,69.632,69.749,70.179,70.882,71.82,72.875,74.047,75.259,76.431,77.369,78.111,78.697,79.127,79.479,79.557,79.362,78.932,78.385,77.76,77.056,76.431,75.61,74.79,73.93,73.071,72.172,71.351,70.57,69.671,68.929,68.186,67.444,66.74,66.115,65.607,65.412,65.881,67.287,70.101,74.438,80.182,86.942,94.249,101.75,108.98,115.82,121.68,126.29,129.3,130.43,129.73,127.7,124.88,121.68,118.32,114.92,111.64,108.32,105.19,102.26,99.485,96.945,94.601,92.374,90.185,87.919,85.536,83.113,80.69,78.385,76.314,74.477,72.992,71.859,71.039,70.609,70.413,70.57,70.882,71.508,72.289,73.227,74.36,75.689,76.861,77.877,78.619,79.244,79.674,79.87,79.87,79.674,79.323,78.736,77.994,77.134,76.236,75.298,74.321,73.305,72.289,71.351,70.492,69.749,69.007,68.303,67.756,67.131,66.545,66.037,65.607,65.06,64.474,64.044,64.005,64.63,66.35,69.632,74.477,80.612,87.607,95.07,102.61,110.23,117.23,123.24,127.7,130.43,131.29,130.63,128.67,125.94,122.81,119.41,116.01,112.58,109.25,106.05,103.2,100.5,98.04,95.734,93.546,91.475,89.365,87.177,84.793,82.449,80.104,77.877,75.884,74.126,72.68,71.547,70.687,70.179,69.945,70.062,70.687,71.82,73.188,74.438,75.102,75.376,75.728,76.431,77.291,78.228,79.049,79.557,79.674,79.323,78.736,77.994,77.173,76.353,75.571,74.634,73.618,72.563,71.429,70.374,69.476,68.733,68.069,67.366,66.662,66.037,65.373,64.63,64.005,63.419,63.185,63.497,64.748,67.287,71.312,76.744,83.308,90.498,97.727,104.76,111.33,117.19,121.91,125.24,126.99,127.11,125.82,123.48,120.55,117.38,113.98,110.74,107.61,104.68,101.95,99.368,96.985,94.796,92.725,90.693,88.544,86.356,84.012,81.628,79.244,76.978,74.946,73.11,71.547,70.257,69.319,68.811,68.616,68.694,69.046,69.749,70.687,71.742,72.875,74.047,75.181,76.236,77.173,78.072,78.736,79.244,79.479,79.479,79.323,79.01,78.502,77.994,77.291,76.626,75.884,75.102,74.36,73.618,72.875,72.133,71.508,70.921,70.374,69.788,69.124,68.538,67.991,67.678,67.756,68.538,70.57,74.008,78.736,84.598,91.123,97.883,104.57,111.05,116.8,121.6,125,126.8,126.99,125.82,123.56,120.66,117.62,114.37,111.01,107.69,104.49,101.56,98.821,96.359,94.054,91.866,89.56,87.099,84.598,81.98,79.479,77.173,75.181,73.5,72.055,71.039,70.374,69.945,69.671,69.632,69.866,70.492,71.351,72.484,73.696,74.868,76.001,77.056,77.916,78.541,79.01,79.244,79.323,79.049,78.697,78.189,77.447,76.548,75.689,74.79,73.93,73.227,72.563,71.859,71,70.101,69.241,68.499,67.913,67.483,67.17,66.819,66.311,65.724,65.099,64.552,64.24,64.122,64.435,65.568,67.991,72.055,77.486,84.012,91.123,98.352,105.54,112.38,118.36,123.13,126.29,127.74,127.62,126.13,123.63,120.66,117.5,114.18,110.74,107.38,104.25,101.36,98.743,96.32,94.171,92.1,90.185,88.193,86.044,83.738,81.433,79.244,77.173,75.259,73.383,71.82,70.57,69.671,69.163,69.046,69.241,69.866,70.687,71.625,72.602,73.696,74.79,75.884,76.861,77.76,78.502,79.127,79.635,79.674,79.44,79.01,78.424,77.76,77.134,76.509,75.884,75.181,74.477,73.735,73.11,72.484,71.937,71.429,70.921,70.413,69.945,69.476,69.124,68.616,68.186,68.186,68.811,70.57,73.696,78.307,84.129,90.811,97.805,104.8,111.36,117.3,122.23,125.82,127.74,128.01,126.8,124.73,121.99,118.87,115.55,112.18,108.94,105.93,103.2,100.62,98.118,95.812,93.546,91.436,89.365,87.372,85.223,82.918,80.495,78.111,76.001,74.36,73.188,72.289,71.547,71.039,70.882,71.117,71.664,72.563,73.422,74.438,75.415,76.509,77.486,78.424,79.127,79.557,79.752,79.752,79.635,79.362,78.854,78.111,77.173,76.236,75.298,74.477,73.539,72.563,71.547,70.687,69.945,69.319,68.694,68.069,67.444,66.936,66.623,66.193,65.685,65.06,64.435,64.044,64.005,64.552,66.037,68.85,73.11,78.815,85.536,92.882,100.23,107.38,114.06,120,124.61,127.62,128.67,128.13,126.45,124.26,121.6,118.55,115.12,111.64,108.12,104.8,101.87,99.251,96.945,94.992,93.429,91.866,89.912,87.567,85.067,82.488,79.987,77.681,75.689,74.047,72.758,71.664,70.882,70.101,69.632,69.358,69.437,69.749,70.374,71.234,72.367,73.383,74.243,74.946,75.61,76.118,76.626,76.939,77.252,77.486,77.447,76.978,76.353,75.571,74.673,73.93,73.188,72.289,71.351,70.374,69.358,68.499,67.874,67.17,66.506,65.685,64.865,64.044,63.302,62.794,62.559,62.481,62.911,64.24,66.858,71.117,76.822,83.425,90.498,97.61,104.6,111.25,117.11,121.68,124.49,125.51,125,123.32,121.05,118.48,115.74,112.81,109.88,106.99,104.45,102.1,99.915,97.883,95.93,94.132,92.256,90.225,88.036,85.731,83.425,81.237,79.166,77.173,75.571,74.243,73.305,72.68,72.172,71.937,72.055,72.563,73.383,74.165,75.181,76.314,77.291,78.189,78.815,79.323,79.752,80.104,80.182,79.948,79.479,79.049,78.697,78.189,77.291,76.236,75.102,73.93,72.797,71.742,70.921,70.687,70.687,70.296,69.554,68.616,67.6,66.662,65.881,65.256,64.943,65.373,66.936,69.749,73.618,78.619,84.676,91.358,98.352,105.39,112.18,118.48,123.79,127.42,128.95,128.56,126.88,124.38,121.37,118.16,115,111.99,109.29,106.68,103.98,101.17,98.626,96.164,93.976,91.944,89.873,88.036,86.434,84.598,82.488,80.104,77.799,75.728,73.93,72.445,71.312,70.687,70.687,71,71.195,71.429,71.742,72.25,72.68,73.227,74.008,75.063,76.236,76.978,77.291,77.252,76.978,76.548,76.04,75.61,75.298,74.985,74.438,73.618,72.602,71.664,70.882,70.257,69.632,68.811,67.913,66.975,66.037,65.49,65.256,65.06,64.552,63.81,62.989,62.286,62.13,63.185,66.037,70.413,75.806,81.823,88.31,94.914,101.56,108.24,114.69,120.2,123.67,125.04,124.69,123.01,120.51,117.81,115.19,112.89,110.5,107.69,104.57,101.48,98.626,95.93,93.859,92.296,90.928,88.974,86.473,83.816,80.886,77.994,75.728,74.321,73.305,72.055,70.609,69.241,68.108,67.366,67.483,68.538,70.179,71.625,72.563,73.305,73.93,74.477,75.376,76.861,78.619,79.791,80.26,79.987,79.362,78.424,77.681,77.486,77.681,77.486,76.665,75.415,73.852,72.25,71.312,71.195,71.351,71.039,70.296,69.319,68.069,66.936,66.232,66.311,66.819,67.248,67.874,69.241,71.859,76.314,82.605,89.912,97.258,104.14,110.19,115.39,119.8,123.44,125.67,125.94,124.49,121.88,118.36,114.92,112.11,109.92,107.57,104.76,101.67,98.43,95.304,92.999,91.553,90.381,88.662,86.434,83.816,80.925,78.228,76.236,75.298,74.79,74.126,73.11,72.055,71.039,70.57,71.117,72.563,74.126,75.298,76.04,76.431,76.822,77.76,79.127,80.299,80.729,80.612,79.87,78.854,78.228,78.228,78.424,77.994,76.978,75.61,73.93,72.484,71.937,71.976,72.055,71.547,70.687,69.437,68.186,67.483,67.678,68.108,68.108,67.678,66.819,65.685,64.982,65.607,67.6,70.726,74.868,79.987,85.926,92.569,100.07,108,115.39,121.37,125.63,128.01,128.99,128.99,127.81,125.67,122.85,119.41,115.86,112.81,110.39,108,105.39,102.61,99.798,97.258,95.5,94.445,93.038,91.162,88.818,86.044,83.191,80.925,79.674,78.815,77.681,76.236,74.751,73.5,72.992,73.5,74.438,75.102,75.61,75.884,76.001,76.431,77.603,79.166,80.299,80.729,80.573,79.87,78.932,78.541,78.697,78.815,78.228,77.134,75.61,74.008,72.992,72.68,72.445,71.742,70.687,69.358,68.069,67.483,67.561,67.483,67.053,66.193,64.943,63.732,63.302,63.693,64.357,65.49,67.6,70.882,75.376,81.433,88.935,96.672,103.82,110.11,115.31,119.26,122.23,124.38,125.12,124.1,121.8,118.67,115.19,112.11,109.76,107.5,104.88,101.87,98.743,95.617,93.038,91.436,90.303,88.74,86.434,83.621,80.495,77.681,75.728,74.438,73.071,71.508,69.945,68.421,67.678,67.913,68.733,69.554,70.101,70.492,70.882,71.625,73.11,74.79,76.118,76.861,76.978,76.665,76.626,77.056,77.369,77.173,76.431,75.259,73.93,73.11,72.875,72.563,71.742,70.492,69.007,67.6,66.936,66.819,66.662,66.115,65.256,64.044,63.067,62.794,63.224,63.81,64.552,65.803,68.225,72.289,78.424,86.044,93.819,101.17,107.93,113.94,119.26,123.87,127.07,128.13,127.11,124.61,121.17,117.73,114.88,112.18,109.14,105.54,101.87,98.235,95.304,93.194,91.358,89.17,86.473,83.504,80.69,78.502,76.939,75.493,74.047,72.602,71.312,70.57,70.804,71.625,72.367,72.914,73.422,73.852,74.868,76.509,78.228,79.635,80.417,80.69,80.612,80.729,81.433,81.941,81.823,81.12,79.948,78.502,77.603,77.369,77.056,76.353,75.259,73.735,72.289,71.508,71.351,71.234,70.726,69.945,68.811,67.678,67.248,67.366,67.287,66.819,65.92,65.177,65.099,66.858,70.57,75.571,81.355,87.607,94.054,100.7,107.73,114.57,120.12,123.87,125.63,125.55,124.38,122.93,121.05,118.55,115.39,111.75,108.2,105.19,102.81,100.54,98.235,95.851,93.429,91.162,89.482,88.036,86.317,84.051,81.433,78.815,76.626,75.063,73.618,72.172,70.804,69.437,68.616,68.694,69.476,70.374,71.117,71.664,72.133,72.797,74.126,75.728,76.939,77.603,77.799,77.564,77.369,77.603,77.916,77.799,77.134,75.923,74.438,73.11,72.484,72.055,71.351,70.296,68.929,67.366,66.232,65.881,65.685,65.256,64.474,63.497,62.442,61.817,61.973,62.481,63.224,64.63,66.975,70.804,76.431,83.543,91.319,98.821,105.85,112.26,117.62,122.07,125.51,127.5,127.62,126.17,123.56,120.43,117.38,114.76,112.38,109.76,106.95,103.98,101.32,99.173,97.414,95.617,93.507,91.045,88.31,85.614,83.425,81.628,79.752,77.799,75.923,74.165,72.992,72.758,73.071,73.383,73.696,73.93,74.321,75.181,76.744,78.424,79.791,80.69,81.12,81.237,81.628,82.292,82.878,82.878,82.175,81.198,80.104,79.557,79.127,78.502,77.564,76.353,74.985,74.008,73.539,73.305,72.875,72.133,71.195,70.179,69.476,69.437,69.437,69.124,68.616,68.499,69.358,72.055,76.431,82.058,88.427,95.226,102.18,109.25,116.37,122.74,127.5,130.2,130.86,129.89,128.13,126.17,123.87,120.98,117.62,113.98,110.39,107.42,105.23,103.24,101.13,98.743,96.32,94.054,92.256,90.498,88.427,86.004,83.308,80.729,78.697,76.978,75.415,73.93,72.445,71.234,70.687,70.804,71.117,71.429,71.664,71.976,72.68,73.735,74.79,75.493,75.884,76.118,76.509,76.978,77.134,76.939,76.314,75.571,74.946,74.477,74.008,73.227,72.289,71.117,69.945,69.241,68.85,68.421,67.756,66.819,65.803,65.06,64.669,64.318,63.81,63.106,62.364,61.973,62.481,64.044,66.662,70.57,75.689,81.98,89.13,96.359,103.24,109.49,114.88,119.06,122.11,123.75,123.75,122.19,119.61,116.76,114.06,111.44,108.75,106.01,103.31,100.62,98.313,96.633,95.187,93.624,91.748,89.599,87.294,85.106,83.113,81.042,79.01,77.056,75.415,74.438,74.047,73.93,73.93,74.126,74.477,75.181,76.431,78.072,79.479,80.807,82.136,83.23,83.933,84.363,84.598,84.559,84.246,83.621,82.878,82.058,81.12,80.182,79.244,78.385,77.486,76.626,75.728,74.946,74.126,73.422,72.797,72.25,71.742,71.234,70.726,70.257,69.788,69.632,69.984,71.429,74.243,78.502,84.129,90.615,97.688,104.8,111.75,118.12,123.44,127.42,129.73,130.43,129.69,127.85,125.43,122.62,119.61,116.56,113.51,110.54,107.73,105.19,102.88,100.7,98.665,96.75,94.796,92.725,90.693,88.427,86.122,83.816,81.628,79.674,77.916,76.509,75.298,74.36,73.735,73.422,73.422,73.735,74.243,74.946,75.689,76.431,77.252,77.916,78.541,79.049,79.362,79.479,79.479,79.323,79.01,78.502,77.799,77.134,76.314,75.493,74.673,73.852,72.992,72.172,71.429,70.687,69.984,69.358,68.811,68.186,67.678,67.17,66.623,66.115,65.685,65.49,65.803,66.975,69.476,73.5,78.815,85.184,92.256,99.564,106.95,113.83,119.88,124.57,127.54,128.79,128.48,126.92,124.61,121.91,118.94,115.94,112.81,109.8,106.95,104.29,101.79,99.564,97.493,95.5,93.546,91.553,89.482,87.255,84.91,82.683,80.495,78.502,76.665,75.063,73.813,72.875,72.25,71.937,71.937,72.172,72.758,73.422,74.36,75.376,76.353,77.291,78.189,78.854,79.44,79.791,79.948,79.948,79.674,79.323,78.736,78.111,77.447,76.626,75.806,74.868,74.008,72.992,72.133,71.312,70.492,69.788,69.163,68.538,67.913,67.366,66.74,66.115,65.568,65.373,65.881,67.366,70.296,74.634,80.182,86.63,93.507,100.54,107.5,113.87,119.3,123.32,125.74,126.49,125.82,124.06,121.68,118.94,116.05,113.12,110.11,107.18,104.45,101.87,99.485,97.297,95.226,93.233,91.123,88.935,86.63,84.168,81.745,79.44,77.291,75.376,73.618,72.172,71.039,70.179,69.749,69.632,69.749,70.179,70.804,71.625,72.484,73.5,74.477,75.415,76.236,76.939,77.486,77.799,77.994,77.916,77.76,77.291,76.744,76.118,75.376,74.634,73.735,72.875,71.937,71.039,70.101,69.319,68.499,67.678,66.936,66.232,65.568,64.865,64.122,63.497,63.067,63.067,63.81,65.685,69.007,73.735,79.635,86.317,93.233,100.31,107.11,113.32,118.44,122.11,124.06,124.38,123.16,120.98,118.32,115.31,112.3,109.25,106.32,103.51,100.93,98.548,96.438,94.484,92.569,90.693,88.74,86.669,84.481,82.253,79.987,77.994,76.236,74.79,73.618,72.797,72.289,72.133,72.289,72.797,73.618,74.555,75.61,76.822,77.916,79.049,80.065,80.925,81.55,81.941,82.058,81.98,81.667,81.198,80.495,79.674,78.736,77.76,76.665,75.689,74.634,73.618,72.68,71.82,70.921,70.101,69.358,68.616,67.913,67.287,66.662,66.115,65.607,65.568,66.193,67.913,71.039,75.689,81.628,88.427,95.695,103,110.07,116.44,121.76,125.55,127.7,128.17,127.19,125.24,122.62,119.61,116.48,113.32,110.19,107.18,104.37,101.79,99.446,97.297,95.226,93.312,91.358,89.365,87.177,84.91,82.683,80.417,78.424,76.665,75.259,74.008,73.071,72.367,71.976,71.859,72.055,72.484,73.11,73.93,74.868,75.884,76.822,77.681,78.385,78.932,79.323,79.479,79.479,79.323,78.932,78.385,77.76,76.978,76.118,75.298,74.438,73.618,72.758,71.937,71.117,70.374,69.671,69.007,68.382,67.756,67.131,66.545,65.92,65.412,65.06,65.177,65.998,68.069,71.547,76.626,82.8,89.873,97.258,104.6,111.75,118.12,123.32,126.88,128.64,128.64,127.39,125.24,122.54,119.61,116.56,113.44,110.39,107.38,104.49,101.79,99.368,96.985,94.757,92.569,90.381,88.115,85.809,83.425,81.003,78.736,76.548,74.634,72.914,71.508,70.374,69.476,69.046,69.007,69.163,69.632,70.374,71.312,72.289,73.383,74.438,75.415,76.314,77.134,77.681,78.111,78.307,78.228,78.072,77.603,77.134,76.509,75.728,74.946,74.047,73.071,72.055,71,69.945,69.007,68.069,67.17,66.35,65.568,64.748,63.927,63.185,62.559,62.13,62.169,63.067,65.099,68.733,73.813,80.065,87.059,94.445,101.79,108.86,115.23,120.43,124.06,125.86,126.06,124.92,123.01,120.55,117.93,115.19,112.3,109.49,106.75,104.14,101.67,99.446,97.297,95.226,93.194,91.123,88.857,86.551,84.129,81.745,79.557,77.603,75.923,74.555,73.422,72.563,72.133,72.055,72.25,72.797,73.618,74.555,75.61,76.744,77.877,78.932,79.791,80.612,81.12,81.511,81.55,81.355,81.042,80.573,79.87,79.01,77.994,76.861,75.884,74.985,74.634,74.946,76.353,79.127,83.113,88.232,94.054,100.23,106.48,112.38,117.62,121.68,124.3,125.35,125.04,123.67,121.48,118.75,115.82,112.69,109.61,106.68,103.94,101.36,99.056,96.867,94.875,92.882,90.811,88.622,86.239,83.855,81.511,79.323,77.369,75.689,74.321,73.188,72.367,71.859,71.664,71.742,72.055,72.602,73.422,74.321,75.181,76.118,76.978,77.799,78.424,78.932,79.166,79.244,79.127,78.815,78.307,77.681,76.939,76.118,75.181,74.243,73.227,72.289,71.429,70.57,69.749,68.929,68.225,67.561,66.975,66.506,66.037,65.685,65.295,64.982,64.63,64.318,64.005,63.732,63.497,63.302,63.067,62.794,62.677,63.067,64.474,67.483,72.289,78.697,86.239,94.288,102.57,110.54,117.81,123.87,128.32,130.82,131.37,130.43,128.36,125.82,122.85,119.61,116.25,112.73,109.45,106.32,103.43,100.85,98.548,96.359,94.367,92.374,90.381,88.349,86.239,84.051,81.823,79.752,77.916,76.314,74.985,74.008,73.188,72.602,72.367,72.484,72.875,73.422,74.165,75.063,75.923,76.744,77.564,78.228,78.932,79.44,79.752,79.87,79.752,79.362,78.815,78.111,77.291,76.353,75.493,74.555,73.618,72.602,71.664,70.804,69.945,69.046,68.225,67.483,66.74,65.998,65.295,64.552,63.81,63.185,62.755,62.794,63.536,65.49,68.85,73.696,79.635,86.317,93.233,100.19,106.75,112.61,117.38,120.74,122.5,122.74,121.68,119.73,117.3,114.57,111.68,108.75,105.93,103.2,100.62,98.196,95.93,93.937,91.983,90.107,88.193,86.122,83.816,81.355,78.854,76.509,74.36,72.563,71.039,69.866,69.007,68.421,68.186,68.303,68.811,69.632,70.687,71.859,73.11,74.321,75.493,76.626,77.603,78.424,79.01,79.44,79.635,79.635,79.44,79.049,78.619,77.994,77.369,76.665,75.923,75.259,74.555,73.93,73.227,72.563,71.859,71.195,70.57,69.945,69.319,68.811,68.382,68.303,69.007,70.726,73.852,78.424,84.168,90.615,97.375,104.14,110.54,116.37,120.94,123.99,125.43,125.31,123.99,121.88,119.3,116.48,113.51,110.43,107.38,104.45,101.63,99.134,96.75,94.562,92.413,90.303,88.115,85.848,83.543,81.198,79.01,77.056,75.571,74.36,73.5,72.875,72.484,72.445,72.563,72.992,73.696,74.555,75.571,76.548,77.564,78.502,79.244,79.87,80.299,80.573,80.495,80.26,79.87,79.323,78.619,77.799,76.939,76.04,75.102,74.243,73.383,72.484,71.742,71.039,70.374,69.749,69.163,68.694,68.186,67.678,67.248,66.74,66.311,65.881,65.607,65.607,66.35,68.186,71.351,76.197,82.253,89.17,96.555,103.94,111.01,117.3,122.5,126.17,128.17,128.48,127.42,125.51,123.05,120.31,117.3,114.26,111.17,108.32,105.54,103.04,100.85,98.86,97.063,95.226,93.507,91.631,89.599,87.567,85.418,83.191,81.003,79.01,77.173,75.689,74.477,73.618,73.11,72.875,72.914,73.227,73.735,74.438,75.259,76.118,76.939,77.799,78.541,79.127,79.557,79.791,79.791,79.674,79.323,78.815,78.228,77.564,76.744,75.923,75.102,74.321,73.422,72.602,71.82,71,70.257,69.476,68.811,68.225,67.678,67.053,66.506,65.881,65.412,65.373,65.998,67.678,70.726,75.259,81.003,87.607,94.757,101.95,108.94,115.31,120.63,124.49,126.68,127.31,126.49,124.73,122.38,119.61,116.76,113.83,110.86,108,105.39,103.04,100.85,98.743,96.672,94.601,92.608,90.498,88.31,86.044,83.738,81.433,79.323,77.291,75.571,74.126,72.914,72.133,71.625,71.429,71.547,71.937,72.563,73.383,74.165,75.102,75.923,76.744,77.447,77.916,78.307,78.502,78.541,78.385,77.916,77.369,76.626,75.728,74.79,73.93,72.992,72.055,71.195,70.257,69.319,68.499,67.756,67.131,66.35,65.724,65.099,64.474,63.927,63.419,63.106,63.185,64.005,65.92,69.319,74.047,79.987,86.63,93.624,100.62,107.26,113.2,118.01,121.37,123.16,123.44,122.42,120.51,118.01,115.23,112.3,109.37,106.48,103.82,101.24,98.86,96.75,94.796,92.882,90.811,88.544,86.161,83.738,81.237,78.815,76.626,74.634,72.914,71.547,70.413,69.554,69.046,68.929,69.163,69.749,70.609,71.664,72.875,74.126,75.376,76.548,77.564,78.424,79.127,79.674,79.987,80.104,79.987,79.752,79.323,78.697,77.994,77.291,76.548,75.884,75.063,74.36,73.735,73.11,72.445,71.742,71.039,70.413,69.788,69.241,68.811,68.499,68.499,69.124,70.804,73.852,78.385,84.051,90.537,97.571,104.49,111.17,117.19,122.11,125.51,127.11,127.23,126.06,123.95,121.29,118.36,115.23,112.07,108.86,105.82,103,100.38,97.922,95.695,93.507,91.358,89.17,86.864,84.598,82.292,80.182,78.307,76.861,75.61,74.673,73.93,73.5,73.305,73.5,74.008,74.673,75.61,76.665,77.681,78.697,79.635,80.378,81.042,81.511,81.823,81.862,81.745,81.355,80.886,80.26,79.479,78.619,77.76,76.861,76.001,75.102,74.321,73.539,72.797,72.172,71.508,70.921,70.413,69.945,69.476,69.046,68.616,68.108,67.678,67.366,67.444,68.421,70.687,74.477,79.752,86.161,93.351,100.74,108.04,114.92,120.98,125.86,128.99,130.32,130.04,128.64,126.49,123.95,121.13,118.12,115.08,111.99,109.06,106.36,103.94,101.75,99.759,97.883,96.047,94.171,92.178,90.107,87.919,85.614,83.425,81.315,79.44,77.877,76.509,75.415,74.555,74.165,74.165,74.438,74.868,75.415,76.236,77.134,77.994,78.854,79.674,80.417,80.925,81.237,81.355,81.237,81.003,80.573,79.987,79.323,78.619,77.799,76.939,76.04,75.063,74.126,73.188,72.289,71.429,70.609,69.866,69.163,68.499,67.795,67.053,66.311,65.607,65.177,65.177,65.998,67.874,71.351,76.314,82.449,89.248,96.359,103.51,110.31,116.44,121.6,125.63,127.74,127.54,125.63,123.13,120.74,118.36,115.94,113.36,110.62,107.81,105.19,102.73,100.54,98.509,96.633,94.679,92.686,90.498,88.115,85.614,83.074,80.69,78.502,76.509,74.751,73.305,72.133,71.312,70.804,70.609,70.804,71.429,72.367,73.227,74.165,75.102,76.001,76.822,77.681,78.502,79.127,79.479,79.635,79.479,79.166,78.697,78.072,77.291,76.431,75.493,74.477,73.5,72.484,71.547,70.57,69.671,68.85,68.069,67.287,66.623,65.92,65.256,64.787,64.63,64.943,66.115,68.616,72.602,77.994,84.441,91.553,98.977,106.36,113.36,119.49,124.3,127.42,128.67,128.32,126.8,124.57,121.91,119.06,116.05,113.01,110,107.18,104.45,101.95,99.485,97.18,94.992,92.686,90.225,87.607,85.067,82.605,80.417,78.502,76.939,75.728,74.79,74.243,73.93,74.047,74.477,75.181,76.197,77.291,78.502,79.674,80.807,81.862,82.683,83.308,83.816,84.168,84.246,84.012,83.504,82.8,81.98,81.12,80.26,79.44,78.619,77.76,76.861,76.001,75.063,74.243,73.5,72.875,72.367,71.82,71.234,70.687,69.984,69.358,68.85,68.811,69.554,71.429,74.555,79.166,85.184,92.061,99.485,106.99,114.26,120.74,125.94,129.57,131.45,131.57,130.43,128.36,125.82,122.93,120,117.07,114.14,111.25,108.51,105.93,103.63,101.63,99.681,97.688,95.617,93.429,91.123,88.74,86.317,83.933,81.667,79.557,77.603,76.001,74.673,73.735,73.071,72.797,72.797,73.188,73.852,74.79,75.923,76.939,77.799,78.736,79.557,80.26,80.886,81.237,81.511,81.433,81.237,80.807,80.182,79.479,78.736,77.877,76.939,75.923,74.985,74.243,73.539,72.758,71.82,70.921,70.062,69.319,68.616,68.069,67.561,67.053,66.74,66.819,67.756,69.788,73.383,78.424,84.676,91.67,99.134,106.64,113.83,120.04,125.12,128.56,130.35,130.55,129.42,127.39,124.81,121.91,118.79,115.62,112.5,109.49,106.87,104.45,102.1,99.876,97.688,95.539,93.429,91.162,88.818,86.356,84.051,81.823,79.635,77.603,75.884,74.477,73.422,72.758,72.445,72.445,72.797,73.422,74.165,74.985,75.884,76.861,77.877,78.815,79.674,80.378,81.003,81.355,81.355,81.042,80.612,80.065,79.479,78.854,78.189,77.252,76.236,75.102,74.047,73.071,72.25,71.625,71,70.257,69.358,68.499,67.6,66.858,66.311,66.115,66.193,66.74,68.225,71,75.298,81.003,87.685,94.992,102.42,109.61,116.25,121.88,126.13,128.75,129.61,129.07,127.39,124.92,121.8,118.44,115,111.64,108.43,105.62,102.92,100.42,98.001,95.695,93.507,91.241,89.052,86.864,84.559,82.058,79.635,77.369,75.415,73.735,72.445,83.308,80.925,78.697,76.665,75.102,73.852,72.797,71.937,71.312,71.039,71.039,71.547,72.367,73.422,74.634,75.806,76.939,77.916,78.815,79.44,79.948,80.182,80.26,80.104,79.752,79.166,78.502,77.76,76.939,76.04,75.259,74.36,73.5,72.602,71.82,71,70.296,69.632,69.007,68.499,67.913,67.444,66.936,66.35,65.92,65.568,65.373,65.412,66.232,68.303,71.937,77.134,83.543,90.85,98.665,106.48,113.98,120.66,126.17,130.04,132,132.07,130.51,127.81,124.38,120.66,116.91,113.32,109.88,106.68,103.74,100.93,98.43,96.125,94.054,92.178,90.225,88.193,86.004,83.738,81.355,79.049,76.861,74.868,73.227,72.055,71.117,70.374,69.945,69.788,69.984,70.492,71.312,72.289,73.383,74.477,75.61,76.548,77.447,78.111,78.619,78.932,79.049,79.01,78.736,78.228,77.603,76.861,76.001,75.063,74.047,73.071,71.976,71,70.062,69.124,68.225,67.444,66.662,65.998,65.295,64.552,63.732,62.989,62.598,62.794,63.849,66.115,69.945,75.298,81.862,89.248,97.063,104.88,112.18,118.63,123.67,127.11,128.79,128.67,127.11,124.49,121.29,117.85,114.49,111.33,108.36,105.62,103.2,100.85,98.86,96.985,95.187,93.351,91.475,89.443,87.255,84.988,82.8,80.69,78.815,77.252,75.884,74.751,74.008,73.735,73.735,73.93,74.243,74.868,75.61,76.548,77.681,78.815,79.87,80.729,81.433,81.823,81.98,81.941,81.745,81.355,80.807,80.182,79.479,78.697,77.877,77.056,76.197,75.376,74.477,73.696,72.875,72.133,71.351,70.687,69.945,69.163,68.499,67.874,67.483,67.678,68.733,71.234,75.259,80.69,87.255,94.484,102.06,109.68,116.91,123.24,128.05,131.14,132.39,131.92,130.12,127.39,124.1,120.66,117.19,113.75,110.43,107.38,104.57,101.99,99.681,97.571,95.539,93.546,91.553,89.443,87.177,84.871,82.488,80.299,78.228,76.431,74.868,73.735,73.071,72.68,72.445,72.367,72.563,73.071,73.813,74.79,75.923,77.134,78.111,79.01,79.752,80.26,80.495,80.573,80.417,80.182,79.752,79.127,78.385,77.564,76.665,75.806,74.868,73.93,73.071,72.25,71.429,70.609,69.866,69.163,68.421,67.756,67.17,66.74,66.232,65.803,65.607,66.115,67.795,70.921,75.61,81.745,88.857,96.477,104.29,111.87,118.79,124.61,128.87,131.37,132.07,130.98,128.75,125.67,122.23,118.67,115.19,111.87,108.94,106.13,103.35,100.85,98.626,96.555,94.562,92.686,90.693,88.544,86.239,83.933,81.628,79.44,77.564,75.884,74.477,73.305,72.484,72.055,72.055,72.289,72.797,73.422,74.243,75.259,76.314,77.369,78.385,79.323,80.065,80.573,80.807,80.807,80.729,80.573,80.104,79.479,78.619,77.76,76.822,75.884,74.985,74.126,73.305,72.563,71.82,70.921,70.062,69.241,68.538,67.913,67.287,66.819,66.311,66.037,66.311,67.444,69.788,73.813,79.323,85.926,93.116,100.62,108.12,115.08,121.17,125.94,128.99,130.35,130.04,128.32,125.51,122.07,118.44,114.88,111.36,108.12,105.07,102.18,99.446,96.945,94.562,92.296,90.107,88.036,85.731,83.23,80.612,78.111,75.806,73.813,72.133,70.726,69.749,69.124,68.733,68.538,68.538,68.85,69.358,70.179,71.234,72.367,73.539,74.751,75.728,76.509,76.978,77.291,77.447,77.447,77.291,76.939,76.431,75.923,75.298,74.36,73.383,72.289,71.234,70.257,69.319,68.499,67.795,67.248,66.662,65.998,65.256,64.552,63.927,63.497,63.419,63.81,64.865,66.936,70.374,75.298,81.628,88.935,96.75,104.57,111.95,118.55,123.99,127.85,130.04,130.35,128.95,126.25,122.81,119.18,115.62,112.18,108.82,105.5,102.38,99.446,96.789,94.601,92.569,90.381,87.997,85.496,82.878,80.299,78.072,76.236,74.868,73.618,72.484,71.547,70.921,70.609,70.804,71.429,72.367,73.383,74.36,75.415,76.509,77.681,78.815,79.674,80.26,80.573,80.612,80.573,80.378,79.948,79.244,78.307,77.369,76.509,75.61,74.673,73.735,72.875,71.976,71.312,70.609,69.945,69.163,68.421,67.991,67.795,67.678,67.17,66.506,65.724,65.295,65.49,66.819,69.476,73.93,80.065,87.411,95.226,102.92,110.31,117.11,123.01,127.54,130.51,131.76,131.25,129.42,126.8,123.56,120.04,116.56,113.2,109.92,106.95,104.17,101.75,99.564,97.493,95.539,93.741,91.983,90.068,87.88,85.418,82.996,80.573,78.424,76.744,75.376,74.047,72.875,71.937,71.312,71,71.312,71.937,72.758,73.5,74.243,74.985,75.806,76.548,77.134,77.486,77.681,77.76,77.681,77.291,76.744,76.118,75.571,74.985,74.36,73.539,72.68,71.82,71,70.296,69.554,68.811,68.069,67.483,66.975,66.428,65.724,65.06,64.474,64.005,63.693,63.732,64.748,67.131,71.039,76.431,82.918,90.303,98.118,105.82,112.93,119.18,124.26,127.85,129.73,129.81,128.24,125.67,122.62,119.41,116.13,113.01,110.19,107.61,105.19,102.88,100.81,98.938,97.258,95.304,93.233,91.006,88.935,86.864,84.676,82.292,79.987,77.916,76.118,74.634,73.618,73.188,73.5,74.126,74.555,74.985,75.493,76.118,76.861,77.681,78.697,79.948,81.198,81.941,81.98,81.667,81.12,80.417,79.674,78.932,78.502,78.307,77.916,77.056,75.806,74.555,73.305,72.133,71.234,70.921,71,70.726,70.101,69.163,68.108,67.17,66.35,66.311,67.483,69.945,73.422,78.072,83.816,90.42,97.61,105.11,112.89,120.35,126.76,131.14,133.25,133.36,131.8,129.1,125.94,122.81,120.04,117.23,114.06,110.74,107.5,104.37,101.67,99.603,98.313,97.063,95.304,93.038,90.42,87.607,84.793,82.292,80.495,79.362,78.307,76.861,75.298,73.93,72.758,72.172,72.445,73.618,74.946,75.884,76.626,77.173,77.603,78.111,79.049,80.378,81.511,81.862,81.55,80.807,79.752,78.541,77.877,77.681,77.564,76.861,75.689,74.165,72.563,70.921,69.945,69.749,69.788,69.476,68.616,67.366,66.037,64.669,63.81,63.81,64.24,64.748,65.412,66.975,69.866,74.165,80.104,87.724,96.32,104.57,111.87,118.12,123.13,126.56,128.44,129.3,129.18,127.62,124.61,120.82,116.68,112.61,109.14,106.68,104.68,102.49,100.07,97.571,94.914,92.374,90.225,88.818,87.489,85.614,82.996,80.104,77.173,74.634,72.992,72.484,72.289,71.976,71.547,71.234,71.039,71.429,72.68,74.946,77.291,79.127,80.378,81.198,81.55,81.862,82.566,83.738,84.754,84.91,84.363,83.23,81.823,80.417,79.674,79.479,79.049,78.072,76.548,74.868,73.188,72.055,71.859,71.937,71.625,70.726,69.554,68.186,66.936,66.623,67.678,70.101,73.383,77.76,83.191,89.482,96.555,104.49,113.01,120.74,126.8,130.82,132.62,132.5,131.14,129.26,126.92,123.79,120.12,116.13,112.11,108.43,105.74,103.94,102.26,100.23,98.001,95.5,92.804,90.42,88.818,87.411,85.692,83.543,81.198,78.854,76.939,76.001,76.118,76.548,76.744,76.744,76.744,76.822,77.447,79.049,81.12,82.8,83.738,84.129,84.051,84.129,84.754,85.496,85.692,85.223,84.246,82.683,81.198,80.299,80.182,79.948,79.127,77.877,76.236,74.751,73.852,73.735,73.539,73.071,72.289,71.234,69.984,69.241,69.358,69.749,69.749,69.632,69.671,70.687,73.696,79.049,86.004,93.507,100.93,108.04,114.57,120.51,126.13,130.67,133.32,133.56,131.8,128.64,124.61,120.94,118.01,115.19,112.07,108.55,104.92,101.48,98.821,97.063,95.539,93.663,91.436,88.74,86.161,84.051,82.175,80.182,77.994,75.728,73.5,71.976,71.429,71.312,71.195,71,70.726,70.609,71.195,72.602,74.165,75.415,76.314,76.822,76.978,77.252,78.189,79.362,79.987,79.791,79.01,77.877,76.822,76.353,76.353,75.923,74.868,73.5,71.82,70.101,69.319,69.163,69.124,68.499,67.483,66.193,64.669,63.536,63.302,63.38,63.185,62.872,62.677,63.185,65.256,69.437,75.415,82.37,89.56,96.75,103.86,111.13,117.93,123.36,126.88,128.17,127.74,126.06,123.79,120.94,117.5,113.87,110.23,107.07,104.68,102.57,78.815,78.541,78.111,77.564,76.861,76.001,74.985,74.008,72.914,71.859,70.882,69.945,69.046,68.186,67.366,66.662,66.037,65.412,64.943,64.474,64.122,63.81,63.497,63.224,62.911,62.677,62.442,62.169,61.856,61.622,61.348,61.035,60.801,60.606,60.723,61.622,63.849,67.913,73.93,81.628,90.185,99.173,108.04,116.44,123.79,129.69,133.48,135.12,134.61,132.43,129.26,125.55,121.68,117.69,113.75,109.92,106.36,103.04,100.11,97.493,95.187,93.038,91.123,89.248,87.372,85.379,83.386,81.315,79.244,77.291,75.61,74.126,72.875,71.937,71.234,70.882,70.804,70.921,71.312,71.859,72.68,73.5,74.438,75.376,76.236,76.978,77.486,77.799,77.916,77.877,77.603,77.291,76.822,76.197,75.493,74.673,73.735,72.875,71.976,71.117,70.296,69.476,68.694,67.913,67.248,66.545,65.92,65.295,64.748,64.24,63.732,63.185,62.755,62.442,62.677,63.732,65.998,69.788,75.063,81.433,88.544,96.008,103.43,110.5,116.8,121.76,125.04,126.6,126.45,124.92,122.38,119.3,116.05,112.73,109.57,106.48,103.63,100.93,98.43,96.125,93.976,91.944,89.873,87.802,85.536,83.23,80.886,78.502,76.236,74.243,72.484,71.039,69.866,69.007,68.382,68.108,68.225,68.616,69.319,70.257,71.312,72.445,73.618,74.751,75.806,76.665,77.447,77.994,78.307,78.424,78.385,78.072,77.681,77.252,76.744,76.04,75.259,74.438,73.618,72.797,72.055,71.351,70.726,70.101,69.476,68.85,68.225,67.6,66.975,66.35,65.998,66.037,66.975,69.241,73.071,78.424,84.988,92.256,99.798,107.26,114.26,120.35,125.31,128.56,129.92,129.57,127.74,124.92,121.48,117.81,114.14,110.54,107.3,104.29,101.48,98.743,96.164,93.859,91.67,89.56,87.489,85.379,83.113,80.886,78.697,76.626,74.79,73.227,71.937,70.882,70.062,69.671,69.554,69.788,70.374,71.117,72.133,73.11,74.165,75.181,76.118,76.939,77.681,78.228,78.541,78.736,78.619,78.307,77.877,77.173,76.431,75.61,74.751,73.813,72.875,71.937,71,70.257,69.671,69.046,68.421,67.795,67.17,66.623,66.037,65.568,65.06,64.552,64.161,64.122,64.63,66.193,69.241,73.813,79.87,86.942,94.601,102.57,110.31,117.5,123.67,128.44,131.49,132.7,132.19,130.24,127.39,123.99,120.43,116.87,113.36,110,106.79,103.86,101.17,98.743,96.555,94.484,92.413,90.303,88.036,85.809,83.543,81.433,79.323,77.252,75.415,73.852,72.563,71.547,70.882,70.609,70.687,71.039,71.664,72.602,73.618,74.751,75.884,76.939,77.916,78.736,79.362,79.87,80.104,80.104,79.948,79.635,79.049,78.424,77.681,76.861,76.04,75.102,74.243,73.383,72.445,71.547,70.609,69.788,69.046,68.303,67.561,66.819,66.037,65.256,64.63,64.357,64.787,66.115,68.733,72.992,78.697,85.418,92.882,100.62,108.2,115.23,121.45,126.29,129.57,131.06,130.94,129.38,126.76,123.48,119.92,116.37,112.93,109.61,106.48,103.55,100.93,98.509,96.32,94.171,92.1,89.99,87.685,85.184,82.605,80.104,77.76,75.689,73.852,72.289,71.117,70.296,69.945,69.788,69.866,70.296,71.039,71.976,73.227,74.634,76.001,77.252,78.424,79.44,80.182,80.729,81.12,81.237,81.198,80.925,80.573,79.948,79.127,78.228,77.291,76.314,75.298,74.36,73.539,72.758,71.937,71.195,70.413,69.671,69.007,68.303,67.678,67.17,67.131,67.678,69.358,72.445,77.056,83.074,90.107,97.727,105.5,113.04,120.04,125.98,130.43,133.13,133.95,133.01,130.55,127.23,123.48,119.57,115.7,112.07,108.67,105.54,102.61,99.915,97.414,95.109,92.882,90.693,88.349,86.004,83.504,81.003,78.697,76.665,75.063,73.735,72.758,72.055,71.742,71.664,71.937,72.484,73.383,74.36,75.571,76.822,77.994,79.127,80.104,80.925,81.55,81.941,82.058,81.941,81.55,81.003,80.299,79.635,78.697,77.681,76.665,75.689,74.673,73.813,72.992,72.172,71.508,70.882,70.257,69.671,69.124,68.616,68.069,67.483,66.936,66.545,66.506,67.17,68.929,72.172,77.056,83.308,90.615,98.548,106.75,114.76,122.11,128.36,133.01,135.67,136.45,135.43,133.05,129.73,125.98,122.19,118.55,115.19,111.95,108.82,105.93,103.35,101.05,98.938,96.945,94.914,92.921,90.733,88.349,85.926,83.425,81.12,79.01,77.134,75.493,74.243,73.227,72.68,72.484,72.602,73.11,73.852,74.79,75.923,77.056,78.228,79.323,80.299,81.12,81.745,82.136,82.292,82.292,82.058,81.55,80.925,80.26,79.557,78.697,77.76,76.744,75.728,74.751,73.852,73.11,72.367,71.664,71.039,70.374,69.749,69.046,68.382,67.756,67.287,67.287,67.991,69.866,73.188,78.072,84.285,91.553,99.368,107.3,115,121.88,127.54,131.8,134.5,135.2,134.07,131.57,128.24,124.61,120.98,117.54,114.26,111.17,108.32,105.7,103.2,100.93,98.821,96.75,94.601,92.413,90.107,87.685,85.106,82.605,80.378,78.307,76.509,74.985,73.813,72.875,72.25,71.937,71.976,72.367,73.071,73.93,74.946,76.04,77.173,78.189,79.127,79.948,80.612,81.003,81.003,80.807,80.417,79.948,79.323,78.619,77.877,76.978,76.118,75.181,74.165,73.227,72.289,71.429,70.57,69.788,69.046,68.382,67.6,66.936,66.232,65.685,65.412,65.685,66.662,68.811,72.445,77.564,84.012,91.241,98.86,106.48,113.83,120.35,125.82,129.61,131.68,131.8,130.35,127.7,124.38,120.82,117.23,113.83,110.62,107.61,104.88,102.42,100.31,98.235,96.164,94.132,91.983,89.756,87.411,84.988,82.566,80.299,78.228,76.431,74.985,73.852,73.071,72.602,72.563,72.875,73.5,74.438,75.728,77.056,78.385,79.674,80.925,81.98,82.8,83.504,83.933,84.129,84.012,83.621,82.996,82.253,81.511,80.807,79.87,78.815,77.564,76.431,75.259,74.243,73.422,72.68,72.055,71.351,70.687,69.866,69.124,68.421,67.795,67.483,67.756,69.046,71.742,76.04,81.941,88.935,96.633,104.68,112.69,120,126.06,130.51,133.13,133.79,132.74,130.43,127.23,123.67,120.04,116.48,113.12,110,107.07,104.45,101.99,99.681,97.571,95.617,93.741,91.748,89.56,87.177,84.676,82.292,80.065,78.072,76.314,74.946,73.93,73.188,72.602,72.367,72.445,72.797,73.618,74.79,76.001,76.978,77.994,78.854,79.635,80.182,80.807,81.237,81.433,81.237,80.807,80.26,79.479,78.697,77.877,76.978,76.197,75.415,74.555,73.696,72.758,71.82,71,70.374,69.984,69.476,68.85,68.186,67.483,66.819,66.232,66.037,66.506,67.756,70.179,74.126,79.674,86.551,94.367,102.42,110.31,117.62,123.95,128.95,132.23,133.64,133.13,131.18,128.17,124.73,121.17,117.81,114.69,111.64,108.63,105.74,103.12,100.93,98.977,96.985,94.992,92.921,90.615,88.232,85.926,83.543,81.237,79.01,77.056,75.415,74.165,73.227,72.563,72.133,72.055,72.289,72.992,74.008,75.063,76.04,77.056,78.072,79.049,79.948,80.495,80.807,81.003,81.042,80.925,80.417,79.791,79.01,78.111,77.369,76.626,75.728,74.79,73.735,72.758,71.937,71.312,70.726,70.062,69.241,68.421,67.6,66.858,66.232,65.724,65.295,65.099,65.685,67.483,70.804,75.689,81.745,88.74,96.242,103.86,111.17,117.85,123.48,127.54,129.69,129.81,128.32,125.67,122.62,119.37,116.05,112.81,109.68,106.75,104.14,101.75,99.485,97.375,95.304,93.351,91.436,89.287,86.981,84.481,81.98,79.674,77.603,75.728,74.047,72.602,71.664,71.039,70.609,70.492,70.726,71.312,72.289,73.539,74.751,75.923,76.978,77.994,79.01,79.948,80.573,80.807,80.729,80.573,80.299,79.87,79.323,78.541,77.76,77.056,76.314,75.376,74.477,73.696,72.992,72.289,71.547,70.804,70.101,69.554,68.929,68.225,67.561,67.131,67.131,67.678,69.241,72.055,76.431,82.449,89.365,96.867,104.45,111.87,118.75,124.42,128.44,130.51,130.67,129.61,127.42,124.38,120.74,116.99,113.2,109.49,106.05,103.04,100.54,98.626,96.672,94.445,92.061,89.56,86.981,84.441,74.438,73.422,72.484,71.625,70.726,69.866,69.124,68.382,67.6,66.858,66.115,65.412,64.943,64.943,65.685,67.6,71.039,76.04,82.37,89.678,97.493,105.39,112.93,119.73,125.35,129.38,131.49,131.76,130.35,127.74,124.38,120.66,117.07,113.51,110.19,107.07,104.17,101.56,99.173,97.063,94.992,93.038,91.006,88.74,86.356,83.855,81.355,78.854,76.665,74.751,73.227,72.055,71.195,70.609,70.413,70.687,71.312,72.25,73.422,74.79,76.236,77.76,79.127,80.299,81.315,82.136,82.605,82.878,82.918,82.8,82.488,81.98,81.315,80.573,79.674,78.736,77.76,76.744,75.728,74.751,73.852,72.992,72.172,71.429,70.687,69.945,69.241,68.616,68.108,68.069,68.733,70.609,74.008,78.854,85.106,92.256,99.876,107.57,114.92,121.48,126.76,130.35,132.07,131.8,130.04,127.23,123.75,120.04,116.37,112.89,109.57,106.48,103.63,101.05,98.665,96.477,94.367,92.178,89.99,87.685,85.223,82.878,80.573,78.424,76.548,74.985,73.735,72.797,72.172,71.937,71.976,72.367,73.071,73.93,74.985,76.118,77.252,78.385,79.323,80.104,80.729,81.12,81.315,81.237,80.925,80.417,79.752,79.01,78.111,77.291,76.353,75.493,74.555,73.696,72.797,71.937,71.117,70.374,69.671,69.046,68.499,67.991,67.444,66.858,66.311,65.803,65.49,65.685,66.74,69.046,73.071,78.619,85.418,93.194,101.36,109.49,117.07,123.67,128.87,132.23,133.64,133.05,131.06,128.01,124.42,120.82,117.19,113.75,110.43,107.38,104.49,101.87,99.603,97.493,95.5,93.546,91.553,89.443,87.099,84.676,82.175,79.791,77.564,75.61,73.93,72.563,71.508,70.804,70.413,70.492,71,71.82,72.758,73.813,74.868,76.04,77.173,78.228,79.166,79.987,80.573,80.886,80.925,80.729,80.417,79.87,79.244,78.502,77.681,76.822,75.884,74.946,74.008,73.071,72.172,71.351,70.609,69.788,69.046,68.303,67.444,66.623,65.881,65.373,65.412,66.311,68.303,71.742,76.548,82.8,89.99,97.805,105.82,113.51,120.43,126.06,129.92,131.88,131.92,130.43,127.74,124.42,120.86,117.38,113.94,110.7,107.61,104.8,102.3,100.07,98.001,96.008,94.054,91.983,89.756,87.294,84.871,82.37,79.987,77.877,76.04,74.634,73.422,72.602,72.133,71.976,72.25,72.758,73.5,74.36,75.415,76.509,77.603,78.736,79.752,80.573,81.198,81.511,81.55,81.433,81.12,80.573,79.87,79.01,78.072,77.134,76.197,75.259,74.243,73.383,72.563,71.742,71,70.257,69.632,68.929,68.225,67.678,67.131,66.506,65.998,65.724,66.115,67.483,70.413,75.102,81.237,88.349,96.164,104.17,111.99,119.18,125.12,129.57,132.11,132.82,131.8,129.57,126.49,123.13,119.69,116.25,113.01,109.88,106.99,104.29,101.87,99.681,97.61,95.695,93.741,91.67,89.443,87.059,84.598,82.175,79.948,77.877,76.04,74.477,73.305,72.445,71.859,71.625,71.82,72.289,73.188,74.126,75.181,76.314,77.369,78.385,79.323,79.987,80.573,80.807,80.886,80.69,80.26,79.674,79.01,78.189,77.291,76.431,75.415,74.477,73.539,72.602,71.664,70.726,69.866,69.007,68.186,67.444,66.662,65.998,65.295,64.669,64.161,64.044,64.748,66.623,70.062,75.063,81.355,88.857,96.945,104.99,112.5,119.06,124.26,127.81,129.5,129.5,127.85,125.24,121.99,118.55,115.23,112.11,109.14,106.25,103.63,101.13,98.821,96.672,94.601,92.686,90.615,88.427,86.161,83.855,81.433,79.01,76.822,74.868,73.188,71.859,70.921,70.492,70.492,70.882,71.625,72.602,73.813,75.181,76.548,77.994,79.323,80.495,81.511,82.253,82.683,82.918,82.918,82.761,82.292,81.628,80.886,79.948,78.932,77.799,76.665,75.571,74.477,73.539,72.602,71.742,70.921,70.179,69.437,68.694,67.991,67.248,66.662,66.545,67.17,68.811,71.976,76.822,83.074,90.225,98.04,105.85,113.32,119.92,125.24,128.79,130.63,130.55,128.99,126.37,123.05,119.49,115.94,112.58,109.29,106.25,103.43,100.81,98.313,96.008,93.859,91.788,89.599,87.372,84.91,82.449,79.948,77.603,75.728,74.165,72.875,71.82,71.039,70.687,70.57,70.882,71.429,72.25,73.227,74.438,75.571,76.665,77.681,78.619,79.323,79.752,79.987,79.987,79.87,79.44,78.854,78.189,77.447,76.548,75.571,74.673,73.735,72.875,71.976,71.234,70.413,69.671,68.929,68.225,67.6,67.053,66.428,65.881,65.373,64.943,64.552,64.552,65.49,67.678,71.508,76.978,83.855,91.631,99.603,107.5,114.92,121.48,126.68,130.04,131.57,131.18,129.3,126.45,123.05,119.57,116.01,112.58,109.29,106.25,103.35,100.7,98.313,96.125,94.249,92.491,90.615,88.349,86.004,83.425,80.925,78.619,76.548,74.79,73.305,72.055,71.117,70.492,70.179,70.179,70.57,71.117,71.976,72.914,74.008,75.063,76.197,77.173,78.111,78.815,79.323,79.635,79.674,79.557,79.244,78.815,78.228,77.486,76.665,75.806,74.868,73.852,72.914,71.937,71,70.062,69.241,68.421,67.678,66.936,66.193,65.412,64.63,64.005,63.81,64.357,65.881,68.694,73.071,78.854,85.848,93.507,101.32,108.98,116.01,121.8,125.98,128.36,128.79,127.62,125.31,122.23,118.79,115.39,112.07,108.94,106.01,103.24,100.74,98.43,96.359,94.367,92.413,90.498,88.349,86.044,83.621,81.198,78.854,76.744,74.985,73.5,72.367,71.547,71.195,71.195,71.508,72.055,72.914,74.008,75.259,76.548,77.877,79.127,80.104,81.003,81.55,81.941,82.058,81.862,81.55,80.925,80.182,79.244,78.424,77.564,76.548,75.493,74.36,73.305,72.289,71.351,70.57,69.788,69.124,68.421,67.678,66.858,66.115,65.49,65.177,65.295,66.193,68.382,72.25,77.76,84.559,92.256,100.38,108.32,115.74,122.19,127.19,130.35,131.76,131.37,129.38,126.29,122.74,118.98,115.39,111.95,108.82,105.85,103.12,100.62,98.235,96.047,93.976,92.1,90.225,88.193,85.848,83.386,80.925,78.697,76.665,74.985,73.618,72.563,71.82,71.312,71,71.039,71.351,71.976,72.914,74.008,75.102,76.314,77.447,78.385,78.932,79.323,79.479,79.635,79.479,79.244,78.854,78.307,77.564,76.744,75.806,74.79,73.93,73.11,72.25,71.312,70.374,69.476,68.733,68.069,67.444,66.819,66.311,65.724,65.099,64.357,63.849,63.81,64.748,66.936,70.726,76.197,83.074,90.733,98.821,106.75,114.26,120.86,126.06,129.57,131.18,130.94,129.3,126.56,123.13,119.41,115.7,112.07,108.67,105.7,102.88,100.19,97.688,95.304,93.116,91.123,89.248,87.177,84.793,82.292,79.674,77.252,75.181,73.539,72.133,70.882,69.788,69.124,68.733,68.733,69.124,69.866,71,72.25,73.5,74.634,75.689,76.665,77.564,78.307,78.932,79.362,79.674,79.752,79.479,79.01,78.228,77.447,76.509,75.728,74.985,74.165,73.11,71.976,70.882,69.749,68.85,68.186,67.483,66.74,65.803,64.787,63.81,62.989,62.598,62.755,63.693,65.881,69.671,75.063,81.862,89.56,97.493,105.31,112.69,119.18,124.57,128.24,129.92,129.57,127.54,124.49,120.98,117.38,113.83,110.31,106.95,103.74,100.93,98.509,96.164,93.976,91.866,89.795,87.802,85.809,83.699,81.355,79.049,76.861,74.985,73.539,72.563,71.82,71.312,71,71,71.429,72.289,73.422,74.555,75.728,76.861,78.072,79.244,80.104,80.69,80.925,80.925,80.729,80.417,79.948,79.166,78.307,77.291,76.236,75.298,74.321,73.188,72.055,70.921,69.866,69.046,68.421,67.795,67.17,66.545,65.998,65.568,64.982,64.474,64.122,64.24,65.295,67.756,71.742,77.291,84.168,91.983,100.23,108.51,116.25,123.05,128.44,131.92,133.32,132.7,130.55,127.5,123.95,120.2,116.37,112.69,109.29,106.25,103.24,100.5,98.001,95.695,93.624,91.788,89.873,87.685,85.301,82.918,80.69,78.541,76.626,74.868,73.383,72.289,71.547,70.921,70.57,70.57,71,71.742,72.602,73.618,74.751,75.923,77.056,77.994,78.736,79.323,79.752,79.948,79.791,79.44,78.932,78.307,77.564,76.548,75.493,74.477,73.618,72.68,71.664,70.726,69.945,69.241,68.421,67.678,66.975,66.428,65.881,65.177,64.357,63.693,63.185,63.067,63.497,65.06,68.225,73.11,79.44,86.669,94.562,102.73,110.82,118.16,124.3,128.95,131.68,132.31,131.06,128.36,124.92,121.45,118.01,114.37,110.62,106.95,103.43,100.11,97.18,94.757,92.882,91.436,89.756,87.567,84.988,82.175,79.362,76.744,74.36,72.758,71.82,71.234,70.57,69.788,69.319,69.124,69.241,69.866,70.921,72.68,74.673,76.353,77.447,78.228,78.854,79.244,79.44,79.557,79.752,80.104,80.104,79.44,78.307,76.939,75.493,74.047,72.758,71.742,71.234,70.804,69.984,68.811,67.561,66.311,65.099,64.161,63.614,63.614,63.536,63.106,62.364,61.856,62.169,63.732,66.975,72.172,79.244,87.411,95.734,103.74,111.25,118.01,123.56,127.62,130.2,131.29,130.63,128.17,124.49,120.35,116.13,112.07,108.36,105.42,103.04,100.85,98.352,95.812,93.194,90.693,88.232,86.161,84.559,82.8,80.573,78.111,75.689,73.539,71.742,70.804,70.726,71.195,71.429,71.508,71.547,71.82,72.25,73.305,75.102,77.134,78.619,79.362,79.635,79.44,79.049,78.815,79.127,79.635,79.635,78.932,77.681,76.118,74.477,73.227,72.797,72.797,72.563,71.742,70.492,69.124,67.795,66.819,66.545,66.858,66.936,66.311,65.177,64.005,62.911,62.989,64.865,68.421,73.188,79.01,85.614,92.686,100.11,108.24,116.37,123.36,128.36,131.18,131.68,130.35,127.81,125.12,122.42,119.41,115.82,111.87,107.89,103.98,100.62,98.118,96.555,95.187,93.351,91.123,88.505,85.731,83.113,81.198,79.752,78.111,76.236,74.165,72.133,70.374,69.554,69.788,70.492,70.882,71.039,71.117,71.234,71.937,73.5,75.61,77.291,78.228,78.541,78.385,77.877,77.76,78.307,78.736,78.619,77.799,76.626,75.063,73.618,72.992,72.914,72.602,71.742,70.609,69.124,67.678,66.858,66.74,66.858,66.545,65.724,64.63,63.38,62.598,62.755,63.38,64.357,66.115,69.163,73.539,79.674,87.489,96.32,104.8,112.38,118.75,123.56,126.76,128.67,129.5,128.67,126.17,122.38,117.93,113.51,109.76,106.87,104.29,101.48,98.509,95.382,92.296,89.873,88.31,87.099,85.418,83.074,80.104,76.978,74.243,72.484,71.429,70.413,69.319,68.069,66.936,66.428,66.975,68.186,69.319,70.257,71.039,71.664,72.797,74.555,76.353,77.564,78.189,78.189,77.799,77.76,78.111,78.385,77.916,76.939,75.376,73.813,72.758,72.367,71.937,71.117,69.866,68.303,66.819,66.037,65.92,65.803,65.256,64.435,63.302,62.13,61.426,61.817,62.872,64.318,66.428,69.671,74.438,81.003,89.248,98.196,106.56,113.98,120.2,124.73,127.54,128.99,129.3,128.13,125.31,121.29,116.8,112.18,108.32,105.39,102.81,100.11,97.102,94.054,91.006,88.662,87.177,85.692,83.699,81.198,78.228,75.415,73.422,72.445,71.742,70.921,69.984,68.929,68.186,68.382,69.437,70.726,71.859,72.758,73.383,74.047,75.298,77.056,78.502,79.244,79.362,78.932,78.424,78.424,78.697,78.541,77.681,76.314,74.79,73.696,73.188,72.68,71.859,70.804,69.437,68.108,67.6,67.756,67.795,67.287,66.506,65.412,64.161,63.106,62.911,63.497,64.161,64.943,66.232,68.85,73.539,80.26,88.193,96.32,104.17,111.44,118.01,123.79,128.67,131.57,132,130.35,127.19,123.32,119.92,117.19,114.37,111.13,107.61,103.94,100.5,97.922,96.242,94.562,92.569,90.185,87.489,84.793,82.8,81.198,79.362,77.252,74.985,72.758,70.921,70.101,69.984,69.866,69.671,69.358,69.124,69.437,70.609,72.367,73.813,74.79,75.376,75.571,75.923,76.861,77.877,78.228,77.916,77.173,75.923,74.555,73.696,73.5,73.422,72.914,71.82,70.296,68.85,67.991,67.561,67.131,66.428,65.607,64.63,63.81,63.693,64.005,64.005,63.614,63.106,62.872,63.693,66.506,71.195,77.252,84.129,91.475,99.056,106.95,115.08,122.5,128.24,131.76,132.93,132,129.92,127.54,124.81,121.48,117.73,113.75,109.8,106.56,104.17,102.1,99.876,97.414,94.875,92.296,90.225,88.662,86.981,84.793,82.37,79.752,77.252,75.415,74.673,74.555,74.36,74.047,73.696,73.539,74.047,75.493,77.369,79.01,80.182,81.003,81.667,82.605,83.738,84.441,84.559,84.129,83.425,82.878,82.566,82.058,81.198,79.948,78.541,77.486,76.822,76.197,75.298,74.243,72.992,71.664,70.921,70.921,71.117,70.882,70.179,69.124,67.874,66.545,65.881,66.428,68.303,71.117,74.946,79.948,86.004,93.116,101.17,109.61,117.23,123.63,128.24,130.98,132,131.92,130.75,128.24,124.69,120.63,116.25,112.07,108.75,106.25,103.94,101.36,98.626,95.695,92.921,90.85,89.287,87.607,85.418,82.8,79.791,76.861,74.634,73.422,72.563,71.625,70.492,69.437,68.499,67.913,68.225,69.476,71.234,72.758,73.735,74.438,74.79,75.259,76.236,77.603,78.854,79.323,79.127,78.424,77.603,77.134,77.056,76.861,76.236,75.102,73.696,72.172,71.351,71.195,70.804,70.062,69.046,67.756,66.35,65.412,65.256,65.373,65.06,64.357,63.536,63.067,63.536,65.295,68.382,72.797,78.541,85.379,93.116,101.67,110.31,118.05,124.42,128.99,131.57,132.43,132,130.35,127.5,123.79,119.69,115.43,111.75,108.86,106.36,103.74,101.01,98.04,95.187,92.882,91.162,89.56,87.567,85.067,82.37,79.791,77.916,76.939,76.314,75.61,74.946,74.243,73.93,74.438,75.689,77.173,78.424,79.362,79.987,80.69,81.745,83.113,84.129,84.481,84.363,83.699,82.878,82.37,82.136,81.55,80.573,79.166,77.564,76.118,75.259,74.634,73.813,72.68,71.312,69.788,68.538,67.913,67.6,67.131,66.232,65.099,63.81,62.794,62.364,62.364,62.598,63.419,65.373,68.85,74.438,81.823,90.107,98.352,106.25,113.24,119.26,124.3,128.17,130.12,129.81,127.7,124.3,120.31,116.56,113.24,110.11,106.87,103.63,100.42,97.493,95.304,93.663,92.1,90.225,88.193,85.731,83.308,81.237,79.362,77.369,75.102,73.188,71.625,70.374,69.319,68.694,68.499,68.616,69.046,69.984,71.234,72.68,74.243,75.884,77.291,78.697,79.791,80.69,81.355,81.862,82.136,82.136,81.941,81.628,81.12,80.573,79.948,79.166,78.424,77.681,76.861,76.118,75.298,74.555,73.852,73.11,72.289,71.429,70.57,69.671,68.85,68.303,68.186,69.007,71.039,74.79,79.987,86.356,93.507,100.85,108.2,115.12,121.17,125.98,129.1,130.43,130,128.13,125.2,121.6,117.81,113.98,110.31,106.87,103.74,100.81,98.118,95.695,93.312,91.045,88.818,86.551,84.129,81.745,79.44,77.291,75.415,73.93,72.758,71.937,71.429,71.234,71.351,71.82,72.484,73.5,74.555,75.728,76.978,78.189,79.244,80.104,80.807,81.237,81.511,81.511,81.315,80.807,80.182,79.323,78.385,77.369,76.236,75.259,74.243,73.227,72.289,71.429,70.609,69.788,69.046,68.421,67.874,67.366,66.858,66.428,65.998,65.568,65.099,64.748,64.943,65.92,68.225,72.172,77.681,84.598,92.374,100.5,108.55,116.13,122.85,128.32,132,133.79,133.79,132.19,129.38,125.94,122.19,118.44,114.8,111.33,107.93,104.76,101.87,99.251,96.945,94.796,92.725,90.811,88.74,86.551,84.285,81.98,79.752,77.681,75.884,74.36,73.11,72.172,71.508,71.234,71.234,71.547,72.133,72.914,73.93,75.063,76.04,77.056,77.916,78.697,79.166,79.479,79.557,79.44,79.127,78.697,78.111,77.486,76.744,76.001,75.102,74.321,73.383,72.484,71.625,70.804,70.062,69.358,68.733,68.186,67.6,67.131,66.545,65.92,65.373,64.982,65.06,65.803,67.795,71.234,76.236,82.566,89.678,97.18,104.8,112.11,118.75,124.3,128.32,130.51,130.75,129.38,126.8,123.48,119.88,116.17,112.69,109.29,106.25,103.35,100.81,98.509,96.477,94.601,92.882,91.123,89.17,87.177,85.067,82.878,80.886,79.049,77.564,76.353,75.415,74.79,74.438,74.438,74.673,75.259,76.04,77.134,78.307,79.557,80.807,81.941,82.8,83.504,83.933,84.129,84.012,83.621,83.074,82.253,81.315,80.299,79.323,78.189,77.056,75.923,74.946,73.93,72.992,72.133,71.312,70.609,69.945,69.241,68.694,68.069,67.444,66.975,66.74,66.975,68.108,70.609,74.751,80.417,87.372,95.109,103.24,111.25,118.79,125.35,130.55,133.95,135.43,135.04,133.05,130,126.25,122.31,118.36,114.61,111.05,107.69,104.6,101.75,99.251,96.985,94.914,92.999,90.928,88.74,86.551,84.246,81.98,79.87,77.916,76.236,74.868,73.813,73.11,72.758,72.602,72.914,73.618,74.555,75.728,76.978,78.307,79.557,80.69,81.628,82.449,82.996,83.23,83.308,82.996,82.488,81.745,80.925,79.987,78.932,77.916,76.861,75.884,74.868,73.852,72.914,72.133,71.312,70.609,69.945,69.358,68.733,68.108,67.444,66.74,66.193,65.998,66.428,68.069,71.117,75.884,82.136,89.482,97.414,105.54,113.51,120.74,126.92,131.68,134.57,135.51,134.61,132.39,129.18,125.51,121.68,117.85,114.18,110.62,107.38,104.37,101.67,99.173,96.985,94.914,92.921,90.85,88.662,86.317,83.855,81.511,79.244,77.252,75.571,74.165,73.11,72.445,72.055,72.055,72.289,72.914,73.696,74.634,75.689,76.822,77.877,78.815,79.674,80.417,80.925,81.237,81.355,81.198,80.807,80.299,79.635,78.815,77.877,76.861,75.884,74.868,73.93,73.071,72.133,71.312,70.492,69.788,69.124,68.499,67.913,67.366,66.858,66.428,66.037,66.115,66.936,68.929,72.484,77.681,84.246,91.788,99.759,107.81,115.51,122.42,128.24,132.43,134.69,135,133.56,130.82,127.23,123.24,119.26,115.43,111.79,108.55,105.5,102.81,100.31,98.04,95.93,93.937,91.944,89.795,87.567,85.223,82.918,80.807,78.932,77.291,76.118,75.181,74.634,74.36,74.477,74.946,75.689,76.665,77.916,79.244,80.612,81.941,83.113,84.168,84.988,85.496,85.731,85.692,85.301,84.676,83.933,82.996,81.941,80.807,79.674,78.541,77.447,76.353,75.298,74.321,73.305,72.367,71.547,70.726,70.062,69.437,68.811,68.225,67.678,67.366,67.483,68.499,70.804,74.673,80.299,87.294,95.226,103.55,111.79,119.57,126.45,131.88,135.55,137.31,137.11,135.24,132.23,128.56,124.49,120.43,116.56,112.93,109.49,106.32,103.43,100.93,98.743,96.672,94.757,92.882,90.85,88.662,86.356,84.012,81.823,79.791,77.994,76.548,75.415,74.555,74.126,74.008,74.243,74.79,75.61,76.665,77.916,79.166,80.417,81.55,82.605,83.504,84.129,84.441,84.481,84.285,83.855,83.23,82.449,81.511,80.573,79.479,78.424,77.447,76.353,75.376,74.438,73.5,72.68,71.82,71,70.257,69.554,68.85,68.225,67.678,67.131,66.819,66.975,67.991,70.374,74.243,79.752,86.551,94.249,102.38,110.39,117.85,124.42,129.61,133.13,134.61,134.3,132.31,129.26,125.63,121.76,117.81,114.14,110.7,107.42,104.49,101.79,99.446,97.258,95.187,93.233,91.162,88.974,86.669,84.285,81.862,79.674,77.681,76.04,74.751,73.735,73.11,72.797,72.914,73.422,74.243,75.298,76.626,78.072,79.557,81.003,82.37,83.543,84.559,85.301,85.731,85.809,85.692,85.223,84.676,83.855,82.996,82.058,81.042,79.987,78.932,77.916,76.861,75.884,74.946,74.008,73.11,72.25,71.508,70.804,70.062,69.437,68.85,68.616,68.929,70.257,72.992,77.447,83.425,90.693,98.626,106.68,114.57,121.88,128.17,132.93,135.83,136.57,135.24,132.43,128.64,124.38,120.04,115.94,112.07,108.43,105.11,102.1,99.446,97.063,94.875,92.882,90.85,88.818,86.63,84.363,82.058,79.948,77.994,76.431,75.181,74.243,73.696,73.422,73.539,74.008,74.751,75.728,76.939,78.228,79.557,80.729,81.862,82.8,83.543,84.012,84.129,84.051,83.816,83.386,82.761,81.941,80.886,79.674,78.502,77.291,76.197,75.102,74.126,73.227,72.445,71.664,70.921,70.179,69.476,68.733,68.108,67.483,66.936,66.35,65.998,65.881,66.428,68.108,71.351,76.314,82.761,90.303,98.509,106.87,115,122.42,128.75,133.36,136.06,136.76,135.55,133.01,129.42,125.51,121.45,117.54,113.75,110.23,106.99,103.98,101.32,98.86,96.672,94.601,92.569,90.381,87.997,85.496,82.996,80.495,78.189,76.197,74.438,72.992,71.859,71.117,70.726,70.804,71.234,71.976,72.992,74.243,75.61,77.056,78.424,79.752,80.807,81.745,82.292,82.566,82.566,82.37,81.98,81.433,80.807,80.065,79.166,78.228,77.252,76.197,75.102,74.008,72.875,71.859,70.882,69.984,69.241,68.538,67.874,67.131,66.428,65.803,65.49,65.685,66.662,68.85,72.484,77.799,84.481,92.178,100.38,108.63,116.48,123.56,129.18,133.05,134.89,134.73,132.93,129.92,126.17,122.19,118.24,114.57,111.05,107.89,104.92,102.26,99.798,97.571,95.539,93.546,91.553,89.443,87.255,85.067,82.878,80.807,79.01,77.447,76.118,75.102,74.321,73.852,73.735,74.008,74.634,75.493,76.509,77.681,78.854,80.104,81.237,82.292,83.113,83.738,84.012,84.051,83.816,83.386,82.761,81.862,80.886,79.791,78.697,77.564,76.431,75.298,74.165,73.188,72.25,71.429,70.687,69.984,69.241,68.421,67.756,67.131,66.662,66.35,66.428,67.131,69.007,72.445,77.564,84.168,91.866,100.11,108.36,116.17,123.24,128.95,132.93,134.93,135,133.36,130.55,127.11,123.32,119.57,115.86,112.42,109.25,106.36,103.74,101.32,99.056,97.063,95.187,93.312,91.358,89.17,86.864,84.559,82.37,80.26,78.385,76.822,75.571,74.555,73.93,73.618,73.696,74.047,74.79,75.728,76.939,78.189,79.362,80.417,81.355,81.98,82.449,82.605,82.566,82.292,81.862,81.237,80.495,79.635,78.697,77.681,76.626,75.493,74.438,73.422,72.445,71.429,70.57,69.632,68.733,67.913,67.366,66.858,66.193,65.373,64.63,64.044,64.005,64.865,67.131,71,76.431,83.23,90.928,99.056,107.18,114.92,121.68,126.92,130.35,131.88,131.45,129.42,126.45,122.85,119.18,115.62,112.18,108.98,106.01,103.24,100.74,98.43,96.359,94.484,92.569,90.537,88.427,86.122,83.621,81.12,78.815,76.744,75.063,73.696,72.602,71.937,71.625,71.664,72.172,73.071,74.321,75.728,77.369,78.932,80.417,81.823,83.074,84.051,84.793,85.301,85.418,85.301,84.871,84.285,83.543,82.683,81.745,80.612,79.44,78.228,77.056,75.923,74.868,73.93,72.992,72.133,71.351,70.57,69.866,69.163,68.538,68.186,68.225,69.124,71.234,74.946,80.26,86.942,94.484,102.38,110.19,117.42,123.75,128.64,131.68,132.82,132.11,129.92,126.8,123.13,119.37,115.7,112.18,108.86,105.85,103.12,100.7,98.313,96.047,93.859,91.67,89.482,87.099,84.676,82.292,80.065,78.072,76.353,74.985,74.047,73.383,73.071,73.071,73.422,74.126,75.063,76.197,77.486,78.815,80.104,81.315,82.37,83.113,83.699,83.933,83.816,83.504,82.918,82.253,81.355,80.417,79.44,78.385,77.291,76.236,75.259,74.243,73.188,72.172,71.351,70.726,70.296,69.749,69.124,68.499,67.795,67.131,66.506,66.037,65.998,66.545,68.108,71.234,75.923,82.253,89.678,97.883,106.25,114.45,121.8,128.01,132.5,135.04,135.55,134.3,131.76,128.32,124.57,120.74,116.99,113.44,110.11,107.07,104.25,101.67,99.446,97.297,95.382,93.507,91.475,89.287,87.059,84.676,82.292,80.104,78.189,76.431,75.063,74.047,73.383,73.071,73.11,73.5,74.126,74.985,76.04,77.291,78.541,79.791,81.003,81.98,82.8,83.386,83.738,83.816,83.699,83.23,82.605,81.862,81.003,80.065,79.049,77.916,76.744,75.61,74.673,73.813,72.875,71.742,70.687,69.554,68.538,67.756,66.975,66.311,65.685,65.373,65.412,66.311,68.421,72.133,77.486,84.168,91.788,99.876,108,115.7,122.54,128.01,131.8,133.56,133.44,131.61,128.64,125,121.25,117.5,113.98,110.7,107.69,104.92,102.42,100.19,98.196,96.242,94.288,92.296,90.107,87.802,85.379,83.074,80.807,78.854,77.252,75.923,74.946,74.321,74.047,74.165,74.634,75.415,76.509,77.799,79.166,80.573,81.862,83.074,84.012,84.754,85.184,85.496,85.536,85.223,84.598,83.738,82.8,81.745,80.729,79.674,78.697,77.603,76.548,75.415,74.438,73.5,72.563,71.664,70.804,69.984,69.163,68.421,67.678,67.17,67.17,67.913,69.945,73.422,78.697,85.418,93.233,101.63,110.07,118.12,125.2,130.82,134.69,136.57,136.45,134.69,131.8,128.32,124.57,120.74,116.99,113.51,110.19,107.18,104.57,102.18,100.07,98.04,96.047,94.054,91.944,89.599,87.255,84.871,82.488,80.299,78.424,76.822,75.571,74.634,74.047,73.93,74.047,74.555,75.298,76.314,77.447,78.697,79.87,81.003,81.98,82.761,83.308,83.621,83.621,83.425,82.996,82.566,81.941,81.12,80.104,79.049,77.916,76.822,75.806,74.868,74.008,73.188,72.445,71.625,70.921,70.179,69.476,68.85,68.225,67.6,67.131,66.819,66.975,68.108,70.57,74.555,80.182,87.099,94.914,103.24,111.56,119.49,126.37,131.76,135.2,136.68,136.26,134.26,131.18,127.62,123.79,120.04,116.44,113.01,109.8,106.87,104.17,101.75,99.564,97.493,95.422,93.312,91.045,88.662,86.122,83.543,81.12,78.932,76.978,75.298,74.047,73.11,72.602,72.367,72.367,72.758,73.422,74.243,75.298,76.431,77.681,78.854,79.87,80.612,81.237,81.55,81.667,81.628,81.315,80.807,80.182,79.44,78.619,77.76,76.822,75.806,74.985,74.126,73.188,72.133,71.195,70.257,69.358,68.616,67.913,67.287,66.623,65.92,65.295,64.943,65.06,66.037,68.303,72.133,77.486,84.168,91.748,99.681,107.73,115.31,121.99,127.42,131.18,132.86,132.5,130.55,127.54,123.87,120.12,116.37,112.89,109.57,106.48,103.74,101.17,98.938,96.789,94.875,92.882,90.811,88.544,86.122,83.699,81.315,79.127,77.291,75.884,74.868,74.047,73.539,73.422,73.696,74.321,75.298,76.626,78.072,79.557,81.042,82.37,83.543,84.481,85.184,85.536,85.614,85.418,84.91,84.363,83.543,82.566,81.315,80.104,78.815,77.564,76.353,75.181,74.126,73.11,72.133,71.312,70.492,69.788,69.163,68.499,67.795,67.131,66.545,66.545,67.248,69.007,72.172,77.056,83.504,91.045,99.29,107.69,115.74,123.01,128.95,133.17,135.36,135.55,134.11,131.49,127.93,123.99,120.04,116.25,112.69,109.49,106.64,104.06,101.75,99.603,97.571,95.422,93.351,91.358,89.248,86.942,84.363,81.941,79.674,77.681,76.04,74.751,73.813,73.227,73.11,73.188,73.422,74.047,74.946,76.001,77.173,78.424,79.674,80.807,81.823,82.449,82.761,82.761,82.488,82.136,81.628,81.003,80.26,79.362,78.385,77.291,76.236,75.181,74.321,73.5,72.68,71.82,71,70.179,69.476,68.85,68.303,67.756,67.131,66.545,65.998,65.803,66.311,67.913,71.039,75.728,81.745,88.974,96.985,105.31,113.51,120.98,127.23,131.92,134.69,135.24,133.99,131.37,128.01,124.26,120.51,116.87,113.44,110.23,107.3,104.6,102.06,99.759,97.688,95.812,93.976,92.061,89.99,87.802,85.496,83.074,80.69,78.502,76.548,75.063,74.008,73.383,73.071,72.992,73.11,73.422,74.047,74.985,76.236,77.603,78.932,79.948,80.729,81.237,81.667,81.98,82.058,81.745,81.12,80.299,79.362,78.502,77.681,76.744,75.689,74.555,73.383,72.25,71.234,70.492,69.671,68.811,67.913,67.17,66.545,65.92,65.295,64.63,63.927,63.614,63.849,64.943,67.17,71,76.353,83.113,90.733,98.821,106.79,114.29,120.94,126.17,129.5,130.86,130.51,128.64,125.67,122.19,118.48,115,111.75,108.82,106.01,103.24,100.74,98.352,96.32,94.484,92.725,90.733,88.505,86.044,83.543,81.042,78.619,76.353,74.36,72.758,71.547,70.882,70.413,70.296,70.413,71.039,71.976,73.188,74.438,75.689,77.056,78.307,79.479,80.378,80.925,81.355,81.667,81.628,81.237,80.69,79.948,79.127,78.307,77.603,76.822,75.884,74.868,73.852,72.992,72.367,71.664,70.882,70.062,69.163,68.303,67.795,67.483,67.131,66.662,66.506,67.053,68.694,71.937,76.822,83.23,91.006,99.29,107.5,114.92,121.48,126.56,129.89,131.29,130.86,128.87,125.94,122.7,119.18,115.39,111.48,107.73,104.29,101.17,98.43,96.047,93.937,92.1,90.615,88.857,86.63,84.012,81.315,78.736,76.509,74.634,73.188,72.25,71.937,71.937,71.937,71.859,71.976,72.367,72.992,74.008,75.181,76.548,77.994,79.323,80.26,80.807,81.003,81.042,80.886,80.573,79.948,79.127,78.189,77.173,76.314,75.415,74.477,73.5,72.445,71.508,70.609,69.866,69.046,68.225,67.561,67.131,66.936,66.623,65.998,65.295,64.552,63.81,63.38,63.419,64.552,66.936,70.726,76.04,82.683,90.303,98.548,106.79,114.49,121.37,126.92,130.75,132.54,132.39,130.51,127.7,124.57,121.45,118.05,114.49,110.93,107.5,104.17,101.24,98.938,97.297,95.851,94.249,92.178,89.873,87.294,84.598,81.98,79.87,78.502,77.291,75.923,74.321,72.875,71.664,70.882,70.609,71,72.172,73.852,75.376,76.353,77.056,77.681,78.189,78.619,79.323,80.299,81.198,81.433,80.925,80.065,79.01,77.799,76.665,76.001,75.728,75.415,74.634,73.422,72.133,70.804,69.554,68.811,68.694,68.733,68.303,67.444,66.311,65.099,64.044,63.419,63.732,64.669,66.037,68.186,71.547,76.353,82.488,89.99,98.509,107.26,115.19,121.6,126.25,128.95,129.81,129.5,128.36,126.29,123.24,119.61,115.74,111.79,108.12,105.31,103.35,101.67,99.681,97.297,94.796,92.178,89.599,87.411,86.004,84.598,82.683,80.104,77.447,74.868,72.563,70.882,70.179,70.492,71,71.195,71.195,71.195,71.234,71.664,72.797,74.673,76.626,77.877,78.385,78.502,78.189,77.681,77.564,78.111,78.697,78.619,77.681,76.353,74.868,73.305,71.976,71.351,71.429,71.351,70.687,69.476,68.108,66.662,65.412,64.787,64.943,65.099,64.787,64.005,62.911,61.934,61.661,63.185,66.428,71.039,76.665,83.074,89.99,97.18,104.88,112.81,119.88,125,127.81,128.24,126.76,124.18,121.56,119.06,116.29,113.04,109.57,105.93,102.38,99.564,97.805,96.555,94.914,92.804,90.381,87.567,84.793,82.761,81.237,79.557,77.486,75.259,72.992,71,69.866,69.945,70.609,71.234,71.625,71.859,72.133,72.758,74.243,76.431,78.424,79.674,80.299,80.299,80.182,80.495,81.12,81.433,81.042,80.104,78.736,77.369,76.626,76.236,75.728,74.79,73.422,71.859,70.492,69.984,69.945,69.632,68.929,67.913,66.545,65.295,64.748,64.943,65.177,65.256,65.568,66.662,69.124,73.696,80.612,88.935,97.375,105.31,112.5,118.55,123.36,127.31,130.12,130.98,129.61,126.6,122.62,118.16,113.98,110.82,108.43,106.25,103.67,100.74,97.688,94.757,92.608,91.319,90.068,88.31,85.848,82.996,80.065,77.877,76.548,75.493,74.243,72.797,71.312,69.945,69.437,70.101,71.508,72.68,73.539,74.126,74.36,74.751,75.884,77.603,79.166,79.948,79.948,79.362,78.385,77.681,77.681,77.877,77.564,76.548,75.102,73.422,72.172,71.742,71.625,71.117,70.257,69.007,67.6,66.74,66.545,66.662,66.428,65.724,64.748,63.81,63.419,63.419,63.536,63.927,65.099,67.678,72.367,79.01,86.473,94.288,101.99,109.49,116.6,123.05,127.74,130.2,130.35,128.56,125.63,122.7,120.04,117.3,114.06,110.5,106.68,103.24,100.74,98.977,97.297,95.382,93.116,90.537,88.193,86.356,84.871,82.996,80.69,78.072,75.376,73.305,72.25,71.82,71.429,70.921,70.296,69.788,69.984,71.195,72.797,74.243,75.259,75.884,76.197,76.822,77.994,79.166,79.674,79.557,78.815,77.799,77.134,76.978,76.861,76.236,75.102,73.618,71.976,71,70.726,70.609,70.062,69.124,67.913,66.428,65.295,65.099,65.607,65.803,65.295,64.318,63.106,62.247,62.051,63.38,66.819,72.367,79.01,86.004,93.194,100.31,107.38,114.49,120.98,125.74,128.17,128.32,126.56,123.48,120.43,117.85,115.39,112.42,108.98,105.31,101.63,98.43,96.242,86.473,84.285,82.058,79.674,77.369,75.181,73.305,71.664,70.296,69.319,68.616,68.303,68.303,68.694,69.319,70.257,71.312,72.445,73.696,74.79,75.884,76.822,77.486,78.072,78.385,78.502,78.424,78.189,77.681,77.056,76.314,75.415,74.438,73.422,72.445,71.508,70.609,69.788,69.007,68.186,67.444,66.74,66.037,65.373,64.748,64.161,63.732,63.419,63.614,64.552,66.623,70.179,75.298,81.628,88.857,96.477,104.17,111.64,118.32,123.67,127.42,129.3,129.38,127.85,125.31,122.11,118.75,115.23,111.79,108.51,105.31,102.3,99.485,96.945,94.562,92.296,90.068,87.802,85.418,82.996,80.573,78.189,76.04,74.243,72.758,71.625,70.726,70.179,69.788,69.749,69.984,70.687,71.664,72.797,73.93,75.063,76.118,77.056,77.877,78.541,79.049,79.362,79.44,79.244,78.854,78.228,77.486,76.665,75.806,74.868,73.93,73.071,72.172,71.312,70.492,69.749,69.007,68.303,67.6,67.053,66.545,66.115,65.607,65.099,64.63,64.318,64.24,64.982,67.053,70.687,75.884,82.37,89.795,97.61,105.39,112.89,119.61,125.12,129.07,131.14,131.45,130.12,127.7,124.61,121.25,117.85,114.49,111.33,108.2,105.23,102.57,100.07,97.805,95.695,93.741,91.866,89.912,87.88,85.614,83.308,81.042,78.932,77.056,75.376,73.93,72.797,71.976,71.508,71.234,71.351,71.742,72.445,73.305,74.321,75.376,76.509,77.486,78.385,79.049,79.635,79.987,80.104,80.065,79.791,79.362,78.736,78.072,77.252,76.431,75.571,74.673,73.735,72.875,71.976,71.195,70.413,69.749,69.046,68.421,67.678,66.975,66.232,65.607,65.099,65.099,65.803,67.678,70.921,75.728,81.862,88.974,96.477,103.98,111.05,117.5,122.81,126.8,129.18,129.89,128.99,126.99,124.26,121.05,117.73,114.37,111.05,107.81,104.76,101.87,99.29,96.867,94.679,92.569,90.42,88.232,86.004,83.699,81.315,78.932,76.744,74.751,73.071,71.664,70.687,69.984,69.632,69.632,69.945,70.492,71.312,72.289,73.5,74.673,75.884,76.939,77.877,78.697,79.244,79.635,79.791,79.791,79.557,79.127,78.502,77.76,76.939,76.001,75.063,74.047,73.11,72.367,71.859,71.429,70.413,68.85,67.444,66.35,65.685,65.177,64.748,64.474,64.357,64.63,65.724,68.108,72.172,77.76,84.559,91.983,99.681,107.18,114.26,120.55,125.67,129.1,130.82,130.75,129.18,126.56,123.32,119.88,116.29,112.89,109.57,106.44,103.51,100.74,98.118,95.695,93.351,91.123,88.74,86.317,83.816,81.198,78.736,76.548,74.79,73.383,72.25,71.351,70.726,70.413,70.413,70.726,71.429,72.445,73.618,74.673,75.728,76.822,77.681,78.502,79.166,79.752,80.065,80.182,79.987,79.635,79.01,78.307,77.564,76.665,75.806,74.946,74.126,73.188,72.25,71.429,70.609,69.866,69.163,68.538,68.069,67.483,66.936,66.35,65.803,65.295,65.256,65.92,67.795,71.195,76.197,82.566,89.99,97.922,105.74,113.12,119.73,125.31,129.42,131.88,132.62,131.76,129.61,126.76,123.48,120.12,116.76,113.51,110.31,107.26,104.45,101.87,99.564,97.375,95.304,93.312,91.241,89.052,86.669,84.246,81.862,79.557,77.564,75.806,74.321,73.11,72.25,71.664,71.429,71.508,71.859,72.484,73.305,74.321,75.415,76.509,77.486,78.502,79.362,80.065,80.417,80.573,80.573,80.26,79.87,79.362,78.736,77.994,77.173,76.353,75.415,74.477,73.618,72.68,71.82,70.921,70.062,69.241,68.421,67.6,66.858,66.037,65.295,64.787,64.787,65.685,67.874,71.664,77.056,83.738,91.006,98.548,105.93,112.93,119.26,124.42,128.32,130.43,130.75,129.57,127.19,124.1,120.74,117.3,113.94,110.74,107.69,104.8,102.06,99.603,97.297,95.187,93.116,91.006,88.74,86.434,84.012,81.511,79.049,76.861,74.985,73.383,72.133,71.117,70.413,69.984,69.945,70.179,70.921,71.976,73.11,74.321,75.493,76.626,77.681,78.697,79.557,80.26,80.69,80.807,80.729,80.417,79.987,79.362,78.619,77.799,76.861,75.923,74.985,74.008,73.071,72.172,71.351,70.609,69.788,69.124,68.421,67.795,67.248,66.936,67.053,67.913,69.984,73.539,78.697,84.988,92.1,99.485,106.79,113.83,120.04,125.2,128.99,131.18,131.57,130.24,127.7,124.42,120.86,117.3,113.83,110.43,107.18,104.14,101.24,98.548,96.125,93.819,91.475,89.13,86.669,84.168,81.628,79.244,77.134,75.376,73.852,72.758,71.859,71.234,70.921,70.882,71.195,71.82,72.602,73.5,74.438,75.571,76.744,77.916,78.815,79.44,79.948,80.182,80.26,80.182,79.87,79.44,78.854,78.189,77.369,76.431,75.493,74.555,73.696,72.758,71.937,71.117,70.296,69.554,68.929,68.303,67.678,67.053,66.506,65.881,65.412,65.295,65.92,67.678,70.921,75.806,82.175,89.482,97.375,105.23,112.81,119.61,125.35,129.73,132.39,133.25,132.5,130.51,127.62,124.26,120.63,117.07,113.55,110.31,107.26,104.45,101.87,99.485,97.258,95.109,92.999,90.733,88.427,86.004,83.386,80.807,78.307,76.04,74.126,72.484,71.234,70.296,69.671,69.437,69.437,69.749,70.413,71.508,72.68,73.735,74.79,75.806,76.822,77.603,78.424,79.049,79.479,79.674,79.557,79.244,78.736,78.189,77.486,76.665,75.728,74.751,73.696,72.68,71.664,70.726,69.788,68.929,68.108,67.287,66.506,65.685,64.943,64.435,64.161,64.474,65.724,68.421,72.797,78.697,85.731,93.351,101.17,108.86,116.05,122.31,127.19,130.35,131.68,131.25,129.38,126.49,123.16,119.92,116.76,113.55,110.43,107.42,104.57,101.99,99.681,97.571,95.539,93.546,91.436,89.248,86.864,84.441,81.98,79.752,77.76,76.04,74.673,73.696,72.992,72.563,72.445,72.602,73.188,74.047,74.985,75.923,76.861,77.799,78.697,79.479,80.26,80.729,81.042,81.12,80.925,80.573,79.987,79.44,78.736,77.877,76.861,75.806,74.751,73.813,72.992,72.172,71.508,70.804,70.101,69.358,68.616,67.913,67.366,66.936,66.623,66.858,68.108,70.882,75.259,81.198,88.31,96.008,103.82,111.33,118.24,124.1,128.67,131.76,133.01,132.39,130.35,127.42,124.06,120.63,117.3,114.06,111.01,108.2,105.5,103,100.54,98.313,96.242,94.171,92.256,90.107,87.919,85.536,83.191,80.807,78.541,76.665,75.102,73.852,72.875,72.055,71.664,71.547,71.82,72.445,73.227,74.321,75.493,76.665,77.76,78.541,79.166,79.752,80.182,80.495,80.69,80.573,80.182,79.635,78.815,77.994,77.252,76.509,75.689,74.79,73.735,72.758,71.742,70.882,70.257,69.671,69.007,68.186,67.287,66.428,65.881,65.881,66.545,68.225,71.234,75.806,81.745,88.818,96.555,104.29,111.75,118.44,123.95,128.13,130.75,131.76,130.94,128.75,125.67,122.23,118.63,115.19,112.07,109.06,106.05,103.12,100.42,97.883,95.617,93.624,91.748,89.756,87.411,84.91,82.292,79.752,77.447,75.61,74.126,72.758,71.547,70.609,70.062,69.945,70.257,70.804,71.547,72.367,73.305,74.321,75.415,76.626,77.603,78.385,78.932,79.166,79.244,79.323,79.244,78.932,78.307,77.486,76.665,75.884,74.985,74.008,72.992,71.937,71,70.179,69.358,68.499,67.6,66.74,65.92,65.295,64.748,64.318,64.122,64.748,66.623,70.179,75.415,81.862,89.13,96.75,104.29,111.68,118.36,123.95,127.85,129.92,130.24,128.99,126.56,123.44,119.88,116.37,113.04,109.92,106.95,104.14,101.44,98.938,96.75,94.757,92.608,90.381,87.997,85.731,83.699,81.511,79.323,77.173,75.415,74.008,72.914,72.289,71.976,72.133,72.563,73.383,74.243,75.181,76.04,76.978,77.916,79.01,79.87,80.495,80.886,80.925,80.886,80.69,80.378,79.791,79.049,78.189,77.252,76.431,75.61,74.79,73.852,72.914,71.976,71.234,70.687,69.984,69.319,68.499,67.795,67.17,66.662,66.232,66.115,66.819,68.694,72.25,77.447,83.816,91.045,98.743,106.56,114.14,120.82,126.17,129.92,132,132.31,130.98,128.48,125.35,122.07,118.75,115.43,112.11,108.86,105.93,103.55,101.56,99.564,97.493,95.382,93.116,90.733,88.31,85.848,83.816,82.058,80.417,78.541,76.626,74.946,73.539,72.484,71.82,71.664,72.172,73.188,74.321,75.259,76.04,76.822,77.486,78.228,79.01,79.752,80.495,81.042,81.237,81.042,80.573,79.948,79.244,78.541,77.799,76.861,75.884,74.868,73.93,73.188,72.367,71.508,70.609,69.866,69.241,68.616,67.913,67.17,66.545,66.115,66.037,66.662,68.421,71.82,76.861,83.23,90.537,98.196,105.93,113.44,120.2,125.63,129.42,131.37,131.57,130.43,128.24,125.31,121.99,118.48,114.92,111.68,108.82,106.05,103.43,100.93,98.548,96.438,94.562,92.686,90.537,88.193,85.536,82.878,80.378,78.424,76.822,75.181,73.539,72.172,71.039,70.257,69.945,70.374,71.351,72.563,73.5,74.321,74.985,75.689,76.353,77.173,78.072,79.049,79.674,79.87,79.635,79.049,78.385,77.76,77.369,76.939,76.197,75.102,73.852,72.602,71.351,70.257,69.632,69.358,69.007,68.303,67.366,66.311,65.177,64.122,63.38,63.536,64.748,66.74,69.632,73.696,79.127,85.536,92.608,100.11,107.81,115.43,121.99,126.6,129.07,129.5,128.24,125.82,122.81,119.92,117.42,114.8,111.79,108.55,105.39,102.42,99.759,97.571,96.047,94.875,93.351,91.162,88.544,85.614,82.683,80.378,78.854,77.76,76.509,75.102,73.735,72.563,71.742,71.742,72.797,74.321,75.61,76.548,77.252,77.76,78.189,78.932,80.26,81.745,82.566,82.566,81.98,81.003,79.87,78.932,78.619,78.619,78.228,77.173,75.728,74.165,72.563,71.312,70.882,71.039,70.921,70.296,69.358,68.186,66.858,65.881,65.607,66.232,67.248,68.616,71,74.634,79.674,86.356,94.445,103.04,111.01,117.85,123.44,127.42,129.89,131.18,131.49,130.24,127.54,124.06,120.2,116.13,112.38,109.49,107.5,105.62,103.35,100.81,98.04,95.304,92.882,91.241,89.912,88.232,85.809,82.996,80.065,77.291,75.181,74.165,73.93,73.735,73.188,72.484,71.859,71.508,71.976,73.5,75.298,76.665,77.603,78.189,78.307,78.385,78.854,79.987,81.042,81.355,80.925,79.87,78.424,77.056,76.431,76.431,76.314,75.571,74.36,72.914,71.312,69.945,69.358,69.476,69.554,69.046,68.069,66.74,65.412,64.748,64.865,65.412,66.428,68.186,71.117,75.689,82.175,90.068,98.235,105.93,112.93,118.75,123.32,126.92,129.5,130.51,129.5,126.88,123.16,118.94,114.92,111.87,109.57,107.26,104.49,101.56,98.43,95.695,93.819,92.569,91.045,88.974,86.356,83.23,80.104,77.76,76.353,75.376,74.165,72.797,71.351,69.984,69.241,69.671,70.921,72.25,73.227,73.93,74.438,75.102,76.509,78.228,79.557,80.26,80.299,79.791,79.44,79.635,80.065,79.987,79.44,78.385,76.939,75.493,74.751,74.673,74.634,74.008,72.992,71.625,70.179,69.163,69.124,69.437,69.319,68.694,67.678,66.506,65.92,66.936,69.945,74.36,79.791,86.004,92.491,99.173,106.25,113.75,120.86,126.37,129.57,130.43,129.38,127.19,124.88,122.31,119.18,115.55,111.64,107.57,104.14,101.67,99.681,97.571,95.109,92.374,89.482,87.099,85.379,83.621,81.55,79.166,76.665,74.243,72.445,71.859,72.055,72.172,71.976,71.625,71.234,71.351,72.602,74.477,76.04,77.134,77.76,77.916,77.994,78.619,79.791,80.729,80.886,80.26,79.049,77.681,76.822,76.626,76.314,75.61,74.477,72.992,71.508,70.726,70.609,70.492,69.866,68.929,67.678,66.623,66.232,66.428,66.428,65.92,65.099,64.044,63.614,64.669,67.366,71.508,76.665,82.878,89.678,97.258,105.62,113.87,121.05,126.49,129.89,131.14,130.94,129.92,128.13,125.31,121.8,117.85,113.83,110.31,107.73,105.54,103.12,100.38,97.571,94.757,92.569,91.162,89.756,87.802,85.223,82.253,79.049,76.353,74.751,73.852,72.992,71.937,70.726,69.632,69.124,69.632,70.882,72.055,72.992,73.696,74.047,74.751,76.118,77.603,78.619,79.049,78.854,78.307,77.916,78.111,78.385,78.111,77.369,76.197,74.751,73.696,73.305,72.992,72.289,71.312,69.984,68.538,67.795,67.6,67.483,66.975,66.115,64.982,63.614,62.794,63.224,64.748,67.131,70.413,74.985,80.69,87.607,95.812,104.37,112.26,118.98,124.26,127.7,129.38,129.92,129.5,127.7,124.73,121.13,117.11,113.32,110.31,107.93,105.62,103.12,100.5,97.805,95.304,93.507,92.061,90.225,87.997,85.301,82.292,79.674,77.877,76.744,75.61,74.438,73.188,72.055,71.508,71.859,72.875,73.852,74.673,75.298,75.806,76.626,78.072,79.479,80.495,80.925,80.807,80.26,79.87,79.948,79.948,79.44,78.541,77.252,75.728,74.751,74.321,74.008,73.305,72.367,71.117,69.749,68.694,68.421,68.538,68.421,67.756,66.74,65.49,64.63,64.748,65.881,67.874,71.039,75.493,81.198,88.193,96.242,104.57,112.3,118.98,124.38,128.17,130.63,131.8,131.45,129.42,126.29,122.42,118.44,114.88,111.95,109.29,106.44,103.43,100.5,97.922,96.047,94.562,92.804,90.811,88.427,85.731,83.308,81.433,79.791,78.072,76.236,74.36,72.758,71.82,71.742,72.133,72.445,72.758,72.914,73.305,74.321,75.884,77.447,78.619,79.323,79.479,79.479,79.752,80.299,80.612,80.299,79.479,78.228,77.056,76.314,76.001,75.415,74.555,73.383,71.976,70.609,69.671,69.476,69.437,69.007,68.225,67.17,66.037,65.256,64.982,64.943,64.943,65.256,66.506,69.319,74.126,80.495,87.607,94.992,102.18,109.18,115.94,121.91,126.49,129.07,129.57,128.36,126.29,123.67,120.63,117.23,113.63,110,106.75,104.14,101.79,99.564,97.18,94.796,92.608,90.733,88.935,86.747,84.246,81.433,78.815,76.665,75.063,73.696,72.25,71,69.945,69.554,69.788,70.374,71.039,71.742,72.484,73.305,74.673,76.314,77.681,78.619,79.049,79.127,79.049,79.362,79.752,79.791,79.362,78.502,77.369,76.236,75.61,75.259,74.634,73.735,72.602,71.312,70.257,69.788,69.671,69.358,68.733,67.913,66.936,65.92,65.607,66.037,67.053,68.694,71.351,75.415,80.925,87.919,96.008,104.06,111.48,118.01,123.36,127.5,130.24,131.18,130.24,127.74,124.26,120.23,116.56,113.32,110.11,107.07,104.17,101.36,98.43,95.695,93.233,90.85,88.544,86.239,83.855,81.511,79.166,77.134,75.298,73.93,72.797,71.937,71.429,71.117,71.195,71.547,72.172,73.11,74.165,75.376,76.509,77.564,78.541,79.362,80.065,80.495,80.69,80.612,80.378,79.948,79.323,78.619,77.799,76.861,75.923,74.946,74.008,73.071,72.172,71.351,70.687,69.945,69.319,68.694,68.186,67.6,67.131,66.623,66.037,65.568,65.099,64.943,65.373,66.858,69.749,74.321,80.299,87.411,95.187,103.04,110.74,117.93,124.06,128.79,131.8,132.93,132.39,130.35,127.42,124.1,120.63,117.19,113.94,110.74,107.81,104.99,102.49,100.19,98.04,96.125,94.132,92.061,89.873,87.567,85.106,82.761,80.495,78.424,76.626,75.102,73.93,73.11,72.602,72.445,72.602,73.11,73.852,74.868,75.923,77.056,78.189,79.244,80.104,80.925,81.511,81.823,81.941,81.823,81.433,80.886,80.182,79.362,78.424,77.486,76.509,75.415,74.36,73.383,72.367,71.351,70.413,69.554,68.733,67.913,67.17,66.506,65.724,65.06,64.474,64.24,64.748,66.193,69.046,73.5,79.44,86.356,93.937,101.67,109.18,116.13,122.07,126.68,129.69,130.94,130.43,128.48,125.67,122.42,119.1,115.86,112.69,109.68,106.79,104.14,101.67,99.446,97.375,95.422,93.429,91.241,88.857,86.434,83.855,81.355,79.049,76.978,75.181,73.696,72.484,71.625,71.117,71.039,71.429,72.055,73.071,74.321,75.61,76.978,78.385,79.635,80.807,81.823,82.566,83.074,83.308,83.308,83.191,82.878,82.37,81.667,80.925,80.065,79.127,78.111,77.173,76.197,75.298,74.438,73.539,72.68,71.937,71.117,70.374,69.554,68.85,68.382,68.382,69.163,71.234,74.79,79.948,86.356,93.546,101.13,108.63,115.74,121.99,126.99,130.32,131.8,131.57,129.89,127.07,123.67,120.04,116.48,113.12,120.31,116.29,113.2,110.62,108.04,105.23,102.3,99.446,96.985,95.226,93.937,92.178,89.873,87.059,84.051,81.55,79.479,77.603,75.884,74.165,72.602,71.429,71.039,71.429,71.976,72.563,73.188,74.126,75.493,76.939,78.111,79.049,79.752,80.378,81.12,81.941,82.253,82.058,81.355,80.299,79.323,78.736,78.385,77.681,76.626,75.259,73.735,72.484,71.859,71.429,70.804,69.945,68.811,67.6,66.819,66.506,66.35,65.881,65.256,64.63,64.435,65.607,68.733,73.5,79.44,86.356,93.819,101.56,109.61,117.73,124.73,130,133.13,133.95,132.93,130.86,128.24,125.12,121.48,117.69,113.83,110.07,107.07,104.92,103.2,101.32,99.251,96.867,94.445,92.256,90.537,88.818,86.473,84.012,81.315,78.697,76.509,75.298,74.79,74.477,74.126,73.735,73.5,73.696,74.79,76.509,78.111,79.479,80.495,81.198,81.941,82.918,84.051,84.598,84.598,84.168,83.23,81.941,80.886,80.299,79.948,79.166,77.994,76.548,74.946,73.383,72.367,72.055,71.742,71.195,70.374,69.437,68.303,67.483,67.17,67.248,67.131,66.936,67.053,68.186,71,76.04,82.918,90.733,98.821,106.87,114.45,121.45,127.74,132.93,136.06,136.76,135.32,132.31,128.56,124.92,121.68,118.48,115.12,111.68,108.32,105.11,102.42,100.62,98.977,97.063,94.875,92.725,90.537,88.193,85.614,83.113,80.729,78.541,76.548,74.985,73.813,73.071,72.602,72.68,72.992,73.696,74.634,75.728,76.939,78.189,79.362,80.495,81.433,82.253,82.8,83.113,83.23,83.074,82.605,81.98,81.237,80.417,79.44,78.385,77.291,76.314,75.298,74.321,73.383,72.563,71.742,70.921,70.101,69.437,68.733,68.069,67.287,66.545,65.881,65.295,65.099,65.685,67.444,70.687,75.571,81.862,89.17,97.102,105.19,112.89,119.61,125.12,129.18,131.76,132.7,132,129.89,126.68,122.93,119.06,115.31,111.75,108.51,105.54,102.88,100.42,98.196,96.164,94.249,92.374,90.303,88.036,85.692,83.23,80.807,78.541,76.548,74.946,73.539,72.602,71.937,71.547,71.547,71.937,72.602,73.539,74.634,75.923,77.291,78.541,79.635,80.495,81.237,81.823,82.136,82.175,81.98,81.55,81.003,80.299,79.479,78.541,77.564,76.626,75.61,74.673,73.813,72.992,72.25,71.508,70.804,70.179,69.554,69.007,68.421,67.913,67.444,67.17,67.366,68.382,70.57,74.243,79.557,86.122,93.507,101.17,108.94,116.25,122.74,128.01,131.49,133.25,133.13,131.49,128.64,124.92,120.98,116.91,113.01,109.25,105.82,102.69,99.876,97.258,94.914,92.725,90.537,88.31,86.004,83.543,81.237,79.01,77.056,75.376,74.047,73.071,72.367,71.976,71.937,72.172,72.758,73.539,74.555,75.728,76.939,78.072,79.127,80.104,80.886,81.355,81.667,81.745,81.55,81.198,80.573,79.752,78.854,77.877,76.861,75.806,74.79,73.852,72.914,72.055,71.234,70.492,69.749,69.124,68.499,67.913,67.366,66.936,66.506,66.037,65.568,65.06,64.669,64.63,65.373,67.366,71,76.236,82.996,90.693,98.821,107.07,114.88,121.88,127.74,132.07,134.42,135,133.87,131.45,128.13,124.49,120.74,117.07,113.51,110.19,107.11,104.25,101.67,99.29,97.18,95.187,93.194,91.123,88.935,86.63,84.246,81.862,79.635,77.603,75.884,74.555,73.5,72.797,72.445,72.367,72.68,73.305,74.126,75.181,76.314,77.486,78.697,79.752,80.612,81.355,81.862,82.136,82.058,81.823,81.433,80.807,80.065,79.166,78.228,77.252,76.236,75.181,74.126,73.11,72.133,71.195,70.296,69.358,68.538,67.756,67.053,66.311,65.607,64.943,64.318,63.81,63.614,64.24,65.92,69.163,74.047,80.417,87.802,95.734,103.82,111.48,118.48,124.3,128.67,131.25,131.92,130.94,128.56,125.35,121.76,118.12,114.61,111.25,108.12,105.23,102.61,100.19,98.001,95.851,93.859,91.866,89.756,87.489,84.988,82.488,80.065,77.76,75.689,73.93,72.484,71.429,70.687,70.296,70.374,70.804,71.547,72.563,73.735,75.063,76.353,77.681,78.854,79.948,80.807,81.355,81.745,81.823,81.628,81.198,80.573,79.791,78.854,77.877,76.822,75.728,74.634,73.539,72.563,71.547,70.687,69.866,69.124,68.421,67.795,67.248,66.662,66.115,65.685,65.49,65.685,66.662,68.811,72.484,77.877,84.481,92.061,99.915,107.81,115.31,121.99,127.31,130.94,132.54,132.31,130.43,127.39,123.75,119.88,116.01,112.26,108.67,105.39,102.38,99.564,96.985,94.679,92.491,90.381,88.115,85.848,83.504,81.12,78.815,76.665,74.946,73.539,72.445,71.664,71.234,71.039,71.195,71.664,72.445,73.422,74.555,75.728,76.939,78.072,79.049,79.87,80.495,80.925,81.042,81.003,80.612,80.104,79.362,78.541,77.603,76.626,75.571,74.555,73.539,72.563,71.625,70.726,69.945,69.163,68.538,67.913,67.366,66.819,66.35,65.881,65.412,64.943,64.474,64.044,63.849,64.318,65.685,68.499,73.071,79.127,86.356,94.288,102.57,110.62,118.12,124.61,129.57,132.7,133.79,133.05,130.82,127.62,123.99,120.31,116.76,113.32,110,106.99,104.25,101.75,99.446,97.375,95.422,93.546,91.67,89.678,87.489,85.223,82.878,80.573,78.424,76.548,74.946,73.618,72.68,72.055,71.742,71.82,72.172,72.914,73.813,74.946,76.118,77.252,78.307,79.323,80.104,80.69,81.042,81.198,81.12,80.807,80.299,79.635,78.815,77.916,76.939,76.001,74.946,73.93,72.875,71.859,70.921,70.062,69.163,68.421,67.678,66.936,66.232,65.568,64.787,64.044,63.419,62.911,62.911,63.849,66.037,69.788,75.102,81.745,89.13,96.945,104.68,112.07,118.67,124.06,127.93,129.92,130.2,128.75,126.13,122.93,119.49,116.01,112.69,109.49,106.56,103.82,101.24,98.938,96.789,94.875,92.999,91.006,88.857,86.63,84.129,81.628,79.166,76.939,74.985,73.383,72.055,71.039,70.413,70.179,70.296,70.726,71.429,72.445,73.696,74.985,76.431,77.76,78.932,79.948,80.729,81.315,81.628,81.745,81.55,81.198,80.612,79.948,79.166,78.307,77.447,76.509,75.571,74.673,73.735,72.875,72.055,71.312,70.57,69.945,69.241,68.616,67.913,67.366,66.819,66.506,66.623,67.561,69.788,73.618,79.049,85.692,93.116,100.81,108.36,115.51,121.76,126.6,129.81,131.06,130.51,128.44,125.31,121.6,117.81,114.18,110.7,107.5,104.49,101.75,99.173,96.867,94.757,92.725,90.733,88.662,86.551,84.246,81.941,79.752,77.681,75.923,74.477,73.383,72.484,71.937,71.742,71.859,72.289,72.992,73.93,74.985,76.197,77.291,78.385,79.323,80.104,80.69,81.003,81.12,80.925,80.573,79.948,79.166,78.307,77.447,76.431,75.493,74.477,73.539,72.602,71.664,70.804,70.062,69.319,68.694,68.069,67.483,66.975,66.506,65.998,65.49,64.982,64.474,64.044,63.927,64.357,65.881,68.85,73.5,79.674,86.981,94.992,103.2,111.17,118.44,124.61,129.18,131.88,132.62,131.57,129.18,126.06,122.54,119.06,115.62,112.26,109.14,106.17,103.51,101.05,98.86,96.867,94.992,93.116,91.162,89.17,86.981,84.754,82.449,80.182,78.072,76.197,74.555,73.227,72.25,71.508,71.117,71.117,71.429,71.976,72.68,73.618,74.555,75.571,76.509,77.369,78.111,78.697,79.01,79.049,78.932,78.619,78.189,77.681,76.978,76.236,75.415,74.555,73.696,72.797,71.937,71,70.179,69.319,68.538,67.874,67.17,66.545,65.881,65.256,64.63,64.044,63.497,63.224,63.419,64.552,66.975,71,76.626,83.504,91.162,99.173,107.07,114.49,120.94,125.94,129.18,130.51,129.92,127.93,125,121.68,118.36,115.19,112.18,109.29,106.68,104.25,101.99,99.915,98.04,96.242,94.367,92.413,90.303,88.036,85.536,83.113,80.729,78.697,76.939,75.493,74.438,73.618,73.188,73.071,73.305,73.852,74.673,75.61,76.665,77.799,78.854,79.87,80.69,81.315,81.667,81.862,81.745,81.511,81.042,80.417,79.752,78.932,78.072,77.134,76.197,75.259,74.243,73.305,72.445,71.625,70.921,70.296,69.749,69.163,68.538,67.913,67.248,66.623,65.998,65.607,65.803,66.819,69.007,72.797,78.228,84.988,92.608,100.62,108.55,116.01,122.54,127.7,130.98,132.39,131.92,130.04,127.31,124.18,120.86,117.54,114.37,111.33,108.43,105.74,103.31,101.32,99.564,98.04,96.555,94.992,93.194,91.045,88.662,86.122,83.621,81.315,79.323,77.681,76.314,75.259,74.477,74.047,73.852,74.047,74.555,75.298,76.314,77.369,78.502,79.557,80.417,81.237,81.862,82.292,82.488,82.37,82.058,81.511,80.729,79.948,79.127,78.189,77.252,76.314,75.376,74.477,73.539,72.68,71.82,71.039,70.374,69.671,69.007,68.303,67.6,66.858,66.193,65.607,65.412,65.92,67.483,70.413,74.985,80.925,87.802,95.226,102.88,110.11,116.6,121.99,125.82,127.85,128.17,127.07,124.73,121.88,118.79,115.86,113.01,110.19,107.42,104.8,102.38,100.19,98.196,96.359,94.601,92.882,91.045,89.052,86.864,84.559,82.175,79.948,77.916,76.236,74.868,73.735,72.992,72.563,72.445,72.68,73.188,74.008,75.063,76.236,77.486,78.697,79.752,80.612,81.315,81.823,82.136,82.175,81.941,81.511,80.925,80.26,79.44,78.424,77.447,76.353,75.298,74.243,73.383,72.484,71.664,70.921,70.257,69.476,68.733,68.069,67.366,66.74,66.115,65.685,65.607,66.311,68.108,71.429,76.353,82.683,89.99,97.805,105.7,113.24,119.92,125.35,129.07,130.86,130.86,129.3,126.76,123.63,120.31,117.07,113.87,110.74,107.81,104.99,102.42,100.19,98.235,96.32,94.445,92.413,90.381,88.193,85.809,83.504,81.198,79.127,77.252,75.61,74.321,73.305,72.68,72.367,72.445,72.797,73.5,74.36,75.415,76.548,77.76,78.854,79.791,80.612,81.198,81.511,81.628,81.355,81.003,80.378,79.635,78.815,77.877,76.939,75.923,74.868,73.852,72.992,72.25,71.429,70.609,69.945,69.241,68.538,67.991,67.444,66.936,66.35,65.803,65.373,65.177,65.568,66.936,69.671,74.047,79.948,86.981,94.796,102.88,110.74,117.93,123.99,128.48,131.18,132,131.06,128.87,125.94,122.54,119.1,115.7,112.38,109.25,106.32,103.55,101.01,98.626,96.633,94.679,92.725,90.537,88.232,85.809,83.191,80.612,78.189,76.001,74.047,72.445,71.195,70.257,69.749,69.632,69.866,70.413,71.312,72.367,73.539,74.751,75.923,77.134,78.111,78.932,79.557,79.987,80.26,80.26,79.987,79.557,79.01,78.228,77.369,76.509,75.571,74.555,73.5,72.484,71.625,70.804,69.945,68.929,68.069,67.131,66.232,65.412,64.748,64.005,63.419,63.067,62.989,63.732,65.685,69.241,74.438,81.042,88.622,96.672,104.76,112.42,119.26,124.81,128.67,130.67,130.67,129.1,126.49,123.24,119.8,116.44,113.12,110,107.07,104.25,101.67,99.368,97.297,95.304,93.312,91.162,88.974,86.63,84.129,81.823,79.674,77.681,75.923,74.555,73.422,72.563,72.055,71.976,72.367,72.992,73.813,74.868,75.923,77.134,78.189,79.166,80.104,80.807,81.315,81.55,81.55,81.355,80.925,80.299,79.557,78.697,77.76,76.744,75.806,74.79,73.813,72.875,71.937,71.117,70.374,69.788,69.163,68.499,67.874,67.17,66.428,65.881,65.412,65.412,66.115,67.874,71.195,76.118,82.488,89.912,98.001,106.05,113.87,120.86,126.6,130.75,132.93,133.25,131.88,129.3,125.98,122.38,118.63,115.08,111.64,108.43,105.5,102.73,100.31,98.235,96.359,94.562,92.686,90.693,88.505,86.161,83.855,81.628,79.479,77.603,76.001,74.555,73.422,72.68,72.25,72.172,72.445,73.071,73.93,74.985,76.197,77.369,78.502,79.557,80.495,81.12,81.55,81.745,81.628,81.355,80.925,80.299,79.479,78.619,77.681,76.665,75.689,74.673,73.696,72.797,71.976,71.234,70.374,69.632,68.85,68.108,67.366,66.74,66.115,65.607,65.177,65.177,65.92,67.874,71.351,76.509,82.996,90.42,98.352,106.36,113.98,120.82,126.37,130.24,132.31,132.43,130.94,128.24,124.73,121.13,117.42,113.83,110.19,106.87,103.82,101.01,98.509,96.242,94.249,92.296,90.303,88.232,86.004,83.621,81.198,78.815,76.548,74.673,73.11,71.937,71.039,70.492,70.374,70.609,71.195,72.133,73.227,74.555,75.923,77.252,78.541,79.674,80.495,81.198,81.667,82.058,82.136,81.823,81.12,80.299,79.323,78.385,77.369,76.353,75.298,74.321,73.188,72.133,71.117,70.179,69.319,68.499,67.795,67.131,66.506,65.92,65.412,65.099,65.177,65.881,67.6,70.804,75.61,81.862,89.17,97.063,105.07,112.81,119.88,125.74,130.12,132.54,133.05,131.76,129.18,125.86,122.11,118.16,114.37,110.7,107.26,103.98,101.13,98.43,95.851,93.507,91.162,88.935,86.551,84.129,81.628,79.166,76.978,75.063,73.539,72.367,71.547,71.039,70.921,71.195,71.937,72.875,73.93,75.063,76.236,77.486,78.736,79.948,80.925,81.667,82.175,82.292,82.136,81.667,81.198,80.573,79.674,78.619,77.447,76.236,75.102,74.047,73.11,72.25,71.429,70.609,69.866,69.124,68.421,67.913,67.483,67.053,66.506,65.803,65.099,64.63,64.474,65.06,66.819,69.984,74.79,81.198,88.622,96.672,104.92,113.12,120.55,126.8,131.37,133.99,134.61,133.56,131.18,127.93,124.26,120.51,116.76,113.2,109.88,106.87,104.29,101.99,99.759,97.571,95.539,93.546,91.631,89.599,87.567,85.301,82.996,80.69,78.619,76.822,75.259,74.047,73.227,72.758,72.563,72.797,73.5,74.438,75.415,76.548,77.76,78.932,80.065,81.042,81.862,82.488,82.878,82.996,82.683,82.058,81.315,80.417,79.557,78.697,77.681,76.744,75.806,74.868,73.813,72.797,71.82,70.882,69.984,69.241,68.538,67.991,67.561,67.053,66.428,65.803,65.49,65.803,67.287,70.374,75.102,81.433,88.857,96.789,104.68,112.26,119.18,125,129.3,131.76,132.23,131.06,128.56,125.2,121.37,117.42,113.67,110.23,107.18,104.29,101.63,99.173,96.945,94.914,93.233,91.475,89.482,87.255,84.871,82.566,80.378,78.228,76.314,74.555,73.071,71.937,71.234,71.039,71.234,71.742,72.563,73.539,74.751,76.001,77.252,78.385,79.44,80.299,81.003,81.433,81.55,81.511,81.315,80.807,80.065,79.049,77.916,76.861,75.923,74.985,74.008,72.914,71.859,70.804,69.866,69.163,68.733,68.225,67.6,66.936,66.311,65.724,65.412,65.412,65.998,67.483,70.374,74.946,80.925,88.036,95.734,103.82,111.68,118.94,125,129.38,131.92,132.5,131.25,128.64,125.12,121.29,117.5,113.83,110.11,106.68,103.55,100.74,98.235,95.812,93.507,91.358,89.287,87.177,84.793,82.37,79.987,77.877,76.001,74.438,73.11,72.25,71.82,71.625,71.664,72.055,72.797,73.93,75.102,76.314,77.447,78.619,79.791,80.729,81.433,81.745,81.862,81.745,81.511,81.042,80.299,79.44,78.502,77.564,76.509,75.298,74.126,73.11,72.25,71.351,70.57,69.749,69.046,68.499,67.913,67.287,66.662,66.232,65.803,65.373,64.787,64.435,64.474,65.49,67.874,71.82,77.291,84.168,92.061,100.31,108.36,115.94,122.7,128.13,131.88,133.56,133.25,131.29,128.44,125.12,121.6,118.12,114.61,111.36,108.43,105.62,103,100.54,98.352,96.438,94.601,92.725,90.693,88.427,86.239,84.012,81.667,79.44,77.447,75.728,74.438,73.383,72.563,72.133,72.172,72.602,73.305,74.165,75.298,76.548,77.799,78.854,79.791,80.729,81.511,81.862,81.941,81.862,81.628,81.12,80.26,79.323,78.541,77.799,76.861,75.689,74.438,73.071,71.625,70.413,69.749,69.437,68.929,68.069,67.053,65.92,64.748,63.693,62.794,62.481,62.872,63.849,65.607,68.499,72.914,78.815,85.926,93.741,101.87,110,117.69,124.18,128.67,130.94,131.06,129.42,126.56,123.05,119.49,116.17,113.36,110.7,107.89,104.99,102.18,99.603,97.375,95.422,93.819,92.374,90.733,88.74,86.356,83.933,81.55,79.244,77.056,75.102,73.696,72.563,71.859,71.429,71.351,71.742,72.602,73.735,74.985,76.236,77.603,79.127,80.417,81.55,82.37,82.918,83.386,83.425,83.23,82.8,82.292,81.667,80.807,79.752,78.697,77.681,76.626,75.571,74.477,73.539,72.602,71.625,70.687,69.788,69.124,68.499,67.756,66.936,66.311,66.311,67.287,69.319,72.68,77.486,83.699,90.693,98.196,106.17,114.26,121.29,126.56,129.81,130.86,130.04,127.85,125.2,122.54,119.8,116.56,112.93,109.29,105.7,102.3,99.681,98.001,96.672,94.992,92.882,90.381,87.607,84.793,82.449,80.729,79.44,77.916,76.118,74.36,72.758,71.351,70.804,71.351,72.563,73.618,74.438,75.102,75.61,76.04,76.939,78.385,80.104,81.315,81.745,81.55,80.886,79.948,79.049,78.815,78.854,78.541,77.603,76.236,74.555,72.875,71.429,70.882,71.039,71.039,70.413,69.437,68.225,66.936,65.881,65.295,65.412,65.92,65.998,65.412,64.748,64.357,64.787,66.975,71.625,78.385,86.122,94.054,101.87,109.29,116.13,122.19,127.5,131.49,133.32,132.7,130.24,126.68,122.54,118.55,115.39,112.89,110.5,107.69,104.68,101.63,98.665,96.32,94.914,94.054,92.804,90.928,88.505,85.614,82.566,79.948,78.228,77.369,76.431,75.181,73.93,72.758,71.664,71.234,71.937,73.422,74.868,75.884,76.509,76.822,76.978,77.486,78.736,79.987,80.612,80.495,79.87,78.736,77.603,77.173,77.252,77.134,76.353,75.181,73.539,71.82,70.57,70.257,70.296,69.945,69.124,67.913,66.428,65.099,64.669,64.982,65.177,64.748,64.044,63.419,63.185,64.24,67.483,73.11,79.987,87.372,94.757,101.99,109.06,116.05,122.62,127.54,130.2,130.51,128.75,125.63,122.23,119.37,116.76,113.87,110.54,107.07,103.51,100.38,98.313,97.18,96.125,94.562,92.569,90.068,87.177,84.598,82.8,81.433,79.87,77.994,76.118,74.165,72.758,72.484,73.227,74.243,74.985,75.571,76.001,76.665,78.072,80.104,81.941,83.113,83.621,83.504,83.113,83.191,83.621,83.738,83.113,81.98,80.378,78.815,77.916,77.564,76.978,75.884,74.438,72.758,71.312,70.726,70.726,70.413,69.749,68.694,67.248,65.881,65.295,65.607,66.232,66.936,68.303,70.804,74.946,81.237,89.365,98.001,106.32,113.87,120.23,125.2,128.95,131.76,132.86,131.92,129.18,125.35,120.94,116.76,113.51,111.13,108.82,106.13,103.24,100.23,97.571,95.734,94.562,93.233,91.358,88.857,86.122,83.543,81.667,79.987,78.189,76.353,74.555,73.305,72.914,73.11,73.383,73.539,73.813,74.36,75.571,77.173,78.541,79.557,80.182,80.299,80.573,81.237,81.98,82.175,81.667,80.69,79.244,78.111,77.681,77.369,76.665,75.571,74.126,72.484,71.351,71.039,70.921,70.492,69.632,68.499,67.248,66.545,66.623,66.662,66.35,65.685,64.748,64.318,65.256,68.225,72.797,78.541,85.184,92.374,99.915,108.04,116.25,123.36,128.56,131.57,132.23,131.29,129.61,127.54,124.73,121.25,117.38,113.24,109.57,106.79,104.88,102.81,100.54,98.118,95.539,93.233,91.67,90.303,88.349,85.926,83.113,80.299,78.189,76.626,75.298,73.852,72.484,71.351,70.921,71.351,72.133,72.797,73.383,73.93,74.79,76.236,77.681,78.619,79.127,79.323,79.674,80.182,80.299,79.948,79.166,77.994,76.822,76.118,75.806,75.259,74.243,72.914,71.508,70.413,70.062,69.632,68.85,67.795,66.662,65.881,65.607,65.49,65.177,64.474,63.536,62.755,62.911,64.669,67.795,72.133,77.603,83.933,90.928,98.743,107.07,114.88,121.13,125.55,128.01,128.79,128.44,126.88,124.06,120.55,116.6,112.61,109.29,106.87,104.68,102.3,99.915,97.493,94.992,92.882,91.553,90.498,88.935,86.747,84.012,81.003,78.424,76.861,76.001,75.181,74.321,73.422,72.602,72.484,73.422,74.946,76.353,77.564,78.424,79.049,79.87,81.237,82.761,83.621,83.933,83.699,82.878,81.941,81.511,81.315,80.807,79.791,78.502,76.939,75.415,74.477,74.047,73.422,72.445,71.195,69.866,69.007,68.616,68.382,67.795,67.053,65.998,64.982,64.669,65.295,66.545,68.811,72.445,77.369,83.543,91.006,99.564,108.2,115.86,122.23,126.88,129.69,130.94,131.06,129.81,127.19,123.63,119.61,115.51,112.07,109.37,106.95,104.37,101.75,98.977,96.438,94.562,93.312,92.061,90.225,87.919,85.184,82.175,79.635,77.994,76.939,75.806,74.477,73.227,71.976,71.429,71.859,72.875,73.852,74.751,75.493,76.04,76.939,78.385,79.87,80.807,81.198,81.003,80.495,80.104,80.182,80.104,79.557,78.541,77.173,75.61,74.555,74.047,73.618,72.875,71.859,70.57,69.319,68.538,68.421,68.225,67.756,66.975,65.998,64.982,64.552,64.63,64.748,64.865,65.568,67.248,70.492,76.001,83.23,91.123,99.056,106.68,113.63,119.92,125.51,129.61,131.61,131.45,129.38,126.17,122.74,119.73,116.91,113.94,110.82,107.5,104.17,101.24,99.134,97.688,96.242,94.445,92.374,89.873,87.255,84.988,83.113,81.237,79.166,77.056,74.946,73.227,72.367,72.172,72.25,72.289,72.445,72.563,73.071,74.321,76.001,77.369,78.385,78.932,79.127,79.323,79.791,80.299,80.378,79.87,78.932,77.76,76.548,75.923,75.493,74.751,73.618,72.289,70.882,69.749,69.163,68.85,68.382,67.561,66.506,65.373,64.63,64.357,64.24,63.81,63.185,62.559,62.364,63.419,66.311,70.726,76.353,82.918,90.068,97.414,105.23,112.89,119.49,124.38,127.23,127.93,126.88,124.88,122.38,119.41,116.13,112.69,109.14,105.85,103.24,101.17,99.173,97.102,94.992,92.882,90.85,89.248,87.685,85.692,83.23,80.573,77.916,75.689,74.243,73.305,72.484,71.742,71.117,70.726,71,71.976,73.305,74.673,76.197,77.603,78.697,79.557,80.417,81.198,81.667,82.058,82.175,81.98,81.55,80.925,80.182,79.323,78.307,77.291,76.314,75.181,74.047,73.071,72.055,71.195,70.374,69.632,68.929,68.225,67.678,67.053,66.428,65.881,65.373,65.099,65.373,66.506,68.929,72.992,78.502,85.223,92.686,100.38,108,115.08,121.05,125.67,128.48,129.3,128.44,126.13,123.05,119.61,116.13,112.61,109.29,106.17,103.24,100.54,98.196,96.008,93.976,92.061,90.107,88.193,86.044,83.816,81.55,79.323,77.173,75.415,73.93,72.797,71.976,71.508,71.234,71.351,71.82,72.484,73.383,74.438,75.493,76.626,77.603,78.502,79.127,79.635,79.87,79.87,79.674,79.323,78.697,77.916,77.134,76.197,75.181,74.165,73.11,72.133,71.195,70.374,69.554,68.811,68.069,67.444,66.819,66.311,65.803,65.373,64.943,64.474,64.044,63.536,63.185,63.067,63.497,65.06,68.069,72.602,78.697,85.848,93.663,101.67,109.49,116.56,122.5,126.76,129.1,129.57,128.36,125.98,122.93,119.69,116.44,113.24,110.11,107.18,104.37,101.79,99.485,97.375,95.422,93.624,91.866,90.068,88.036,85.926,83.543,81.237,79.01,76.939,75.102,73.618,72.445,71.625,71.039,70.804,71,71.508,72.172,73.071,74.126,75.181,76.236,77.173,78.072,78.736,79.244,79.44,79.44,79.244,78.815,78.189,77.486,76.665,75.728,74.868,73.93,73.071,72.133,71.234,70.413,69.632,68.85,68.186,67.444,66.819,66.193,65.607,64.982,64.357,63.732,63.224,63.067,63.497,65.06,68.069,72.602,78.541,85.496,92.999,100.54,107.89,114.49,119.92,123.79,125.94,126.25,125.04,122.74,119.8,116.6,113.36,110.19,107.11,104.17,101.48,99.056,96.867,94.875,93.038,91.319,89.56,87.607,85.536,83.386,81.042,78.736,76.548,74.634,72.992,71.742,70.804,70.101,69.788,69.749,70.101,70.687,71.547,72.602,73.735,74.946,76.001,76.939,77.681,78.307,78.619,78.736,78.697,78.385,77.877,77.252,76.431,75.571,74.634,73.696,72.758,71.82,70.882,69.984,69.124,68.303,67.6,66.936,66.311,65.685,65.177,64.669,64.161,63.693,63.302,63.185,63.536,64.787,67.444,71.547,77.252,84.051,91.631,99.368,106.95,113.94,119.88,124.3,126.92,127.54,126.45,124.06,120.94,117.54,114.14,110.82,107.61,104.49,101.63,98.938,96.438,94.171,92.1,90.185,88.232,86.161,84.051,81.745,79.479,77.369,75.415,73.813,72.484,71.508,70.804,70.374,70.296,70.492,71,71.742,72.68,73.735,74.79,75.806,76.665,77.447,77.994,78.424,78.619,78.541,78.307,77.877,77.173,76.431,75.571,74.673,73.735,72.758,71.82,70.882,69.984,69.163,68.421,67.756,67.053,66.506,65.998,65.568,65.099,64.669,64.24,63.81,63.302,62.794,62.442,62.247,62.677,64.122,66.936,71.312,77.173,84.168,91.866,99.759,107.42,114.57,120.55,125,127.54,128.17,127.19,124.92,121.91,118.75,115.43,112.18,108.98,105.93,103.04,100.5,98.196,96.047,94.171,92.413,90.693,88.857,86.942,84.871,82.683,80.378,78.228,76.314,74.634,73.188,72.055,71.234,70.687,70.413,70.492,70.921,71.625,72.484,73.422,74.477,75.493,76.353,77.173,77.799,78.228,78.424,78.385,78.111,77.76,77.173,76.509,75.728,74.868,73.93,72.992,72.133,71.234,70.374,69.554,68.733,67.991,67.287,66.623,65.998,65.412,64.787,64.161,63.536,62.911,62.442,62.247,62.598,64.005,66.74,71.117,76.939,83.699,91.006,98.352,105.5,111.99,117.3,121.25,123.56,124.1,123.16,121.13,118.36,115.39,112.38,109.37,106.48,103.67,101.05,98.626,96.359,94.288,92.374,90.537,88.74,86.864,84.871,82.683,80.378,77.994,75.806,73.852,72.25,70.882,69.945,69.241,68.85,68.811,69.046,69.632,70.413,71.351,72.445,73.5,74.555,75.493,76.314,76.939,77.369,77.486,77.486,77.173,76.744,76.118,75.415,74.673,73.813,72.875,71.976,71.039,70.179,69.319,68.499,67.756,67.053,66.428,65.881,65.373,64.865,64.357,63.81,63.302,62.911,62.677,62.911,63.927,66.115,69.749,74.985,81.433,88.662,96.164,103.63,110.54,116.6,121.29,124.26,125.31,124.61,122.54,119.73,116.68,113.51,110.39,107.26,104.17,101.36,98.665,96.164,93.859,91.748,89.756,87.685,85.614,83.425,81.198,78.815,76.548,74.477,72.758,71.429,70.413,69.749,69.319,69.163,69.319,69.788,70.492,71.351,72.367,73.422,74.477,75.415,76.236,76.861,77.369,77.603,77.603,77.447,77.056,76.548,75.806,75.063,74.165,73.227,72.289,71.351,70.413,69.554,68.694,67.913,67.248,66.623,66.037,65.568,65.06,64.63,64.122,63.693,63.224,62.794,62.364,61.856,61.622,61.817,62.794,65.099,69.124,74.555,81.237,88.662,96.438,103.98,111.01,117.19,121.88,124.88,126.06,125.51,123.63,120.94,118.01,115,112.07,109.06,106.13,103.31,100.62,98.235,96.125,94.132,92.374,90.693,88.974,87.099,85.184,83.074,80.886,78.736,76.744,74.946,73.422,72.172,71.195,70.492,70.062,69.984,70.257,70.726,71.547,72.445,73.422,74.36,75.102,75.806,76.509,77.291,77.916,78.072,77.799,77.291,76.548,75.728,75.063,74.321,73.539,72.758,71.859,71,70.179,69.358,68.538,67.874,67.17,66.545,65.881,65.256,64.63,64.005,63.38,62.794,62.247,61.856,61.934,62.794,64.982,68.616,73.735,80.065,87.059,94.367,101.63,108.43,114.45,119.18,122.23,123.56,123.16,121.48,119.06,116.25,113.32,110.43,107.57,104.68,101.99,99.446,97.18,95.07,93.194,91.358,89.56,87.685,85.731,83.621,81.355,79.127,76.939,74.946,73.188,71.664,70.57,69.671,69.124,68.929,69.007,69.437,70.101,71,71.976,73.11,74.165,75.181,76.04,76.822,77.369,77.603,77.681,77.564,77.173,76.744,76.118,75.376,74.555,73.696,72.758,71.82,70.882,69.945,69.124,68.225,67.483,66.74,65.998,65.373,64.865,64.357,63.849,63.38,62.911,62.598,62.677,63.497,65.373,68.733,73.618,79.791,86.864,94.288,101.75,108.82,115.08,120,123.36,124.88,124.69,123.13,120.66,117.73,114.61,111.56,108.51,105.5,102.49,99.759,97.102,94.757,92.569,90.498,88.427,86.356,84.168,81.941,79.635,77.447,75.376,73.696,72.289,71.234,70.492,70.062,69.788,69.945,70.296,70.921,71.742,72.68,73.696,74.673,75.493,76.236,76.861,77.369,77.603,77.76,77.564,77.173,76.665,76.001,75.259,74.36,73.5,72.602,71.664,70.882,70.062,69.241,68.499,67.874,67.248,66.623,66.115,65.607,65.177,64.748,64.318,63.927,63.497,63.067,62.598,62.364,62.559,63.693,66.115,70.101,75.61,82.292,89.756,97.414,104.92,111.87,117.85,122.42,125.31,126.29,125.74,123.95,121.37,118.55,115.55,112.42,109.37,106.32,103.51,100.85,98.509,96.359,94.484,92.725,91.045,89.365,87.567,85.536,83.504,81.315,79.127,77.134,75.298,73.735,72.484,71.547,70.882,70.492,70.413,70.687,71.195,71.937,72.797,73.735,74.673,75.571,76.314,76.939,77.369,77.564,77.603,77.447,77.056,76.548,75.884,75.063,74.126,73.188,72.133,71.117,115.7,120,122.54,123.36,122.62,120.66,118.12,115.31,112.5,109.68,106.95,104.25,101.67,99.368,97.258,95.226,93.351,91.553,89.756,87.88,85.848,83.738,81.433,79.127,76.861,74.79,72.992,71.547,70.374,69.476,68.929,68.733,68.85,69.319,70.062,71.039,72.172,73.383,74.555,75.689,76.665,77.564,78.189,78.697,78.932,78.932,78.736,78.307,77.799,77.173,76.431,75.61,74.79,73.93,73.071,72.172,71.312,70.492,69.671,69.007,68.225,67.6,67.053,66.545,65.92,65.295,64.748,64.474,64.787,66.232,69.124,73.539,79.362,86.122,93.429,100.7,107.69,113.87,118.94,122.5,124.26,124.26,122.85,120.51,117.62,114.61,111.56,108.55,105.7,102.81,100.11,97.571,95.226,93.116,91.162,89.17,87.177,85.106,82.918,80.612,78.385,76.236,74.438,72.875,71.664,70.726,70.101,69.788,69.866,70.101,70.492,71.195,71.937,72.797,73.735,74.673,75.571,76.314,76.939,77.291,77.447,77.369,77.134,76.744,76.197,75.493,74.673,73.813,72.914,71.937,71,70.101,69.319,68.499,67.795,67.17,66.623,65.998,65.412,64.982,64.552,64.122,63.693,63.224,62.794,62.364,62.051,62.051,62.755,64.63,67.913,72.797,79.049,86.122,93.663,101.24,108.51,115.12,120.66,124.57,126.56,126.76,125.43,123.13,120.35,117.5,114.57,111.56,108.55,105.54,102.69,99.993,97.61,95.5,93.507,91.631,89.756,87.802,85.731,83.504,81.198,78.932,76.744,74.79,72.992,71.508,70.296,69.358,68.733,68.421,68.499,68.811,69.437,70.179,71.039,71.937,72.875,73.735,74.555,75.259,75.689,75.923,76.118,76.197,76.001,75.571,75.063,74.36,73.618,72.875,72.055,71.234,70.374,69.554,68.733,67.913,67.131,66.428,65.724,65.06,64.357,63.693,62.989,62.286,61.661,61.348,61.426,62.286,64.435,68.069,73.227,79.674,86.786,94.171,101.48,108.32,114.37,119.1,122.31,123.75,123.48,121.91,119.73,117.3,114.61,111.75,108.94,106.17,103.55,101.13,99.056,97.18,95.422,93.741,92.061,90.225,88.31,86.161,83.933,81.667,79.479,77.486,75.884,74.555,73.539,72.797,72.367,72.172,72.289,72.758,73.383,74.126,74.985,75.923,76.822,77.603,78.307,78.815,79.049,79.127,79.01,78.619,78.111,77.486,76.822,76.001,75.181,74.321,73.422,72.563,71.742,70.921,70.179,69.476,68.811,68.186,67.561,66.975,66.506,65.92,65.373,64.787,64.357,64.122,64.318,65.412,67.795,71.742,77.173,83.738,91.006,98.548,105.93,112.81,118.75,123.24,126.13,127.42,127.19,125.55,123.05,120.2,117.19,114.14,111.17,108.32,105.62,103.04,100.74,98.626,96.633,94.796,93.038,91.241,89.365,87.294,85.067,82.878,80.69,78.619,76.861,75.298,73.93,72.875,72.133,71.664,71.625,71.859,72.367,72.992,73.852,74.79,75.728,76.626,77.447,78.072,78.502,78.736,78.854,78.815,78.502,78.111,77.603,76.939,76.236,75.415,74.634,73.735,72.875,72.055,71.234,70.413,69.749,69.046,68.421,67.874,67.287,66.662,66.115,65.49,64.943,64.63,64.865,66.115,68.499,72.25,77.564,83.933,91.045,98.509,105.85,112.69,118.63,123.13,126.06,127.23,126.88,125.31,122.93,120.12,117.3,114.37,111.56,108.67,105.93,103.24,100.85,98.665,96.672,94.875,93.038,91.162,89.17,87.059,84.676,82.253,79.87,77.877,76.236,74.673,73.227,71.937,71,70.296
0.68018,0.46484,0.375,0.3501,0.33008,0.33496,0.33008,0.33984,0.33496,0.3501,0.35986,0.375,0.37012,0.38525,0.39502,0.41504,0.4248,0.43994,0.44482,0.47021,0.49023,0.50977,0.53516,0.56494,0.58984,0.62988,0.6499,0.66992,0.6748,0.65479,0.60986,0.5498,0.49023,0.4502,0.41504,0.39014,0.375,0.37012,0.37012,0.37012,0.37012,0.37012,0.37988,0.375,0.37988,0.39014,0.39502,0.39014,0.39502,0.3999,0.39502,0.3999,0.39502,0.39502,0.3999,0.41016,0.40479,0.43506,0.43994,0.46484,0.46484,0.47998,0.49512,0.50488,0.48486,0.45508,0.41504,0.40479,0.39502,0.41016,0.41016,0.41504,0.35986,0.35498,0.90479,1.5,1.5,1.3149,0.73975,0.51514,0.3999,0.37012,0.3501,0.3501,0.35986,0.3501,0.37012,0.36523,0.37988,0.37988,0.39502,0.39502,0.41504,0.41992,0.43018,0.43506,0.45996,0.47021,0.49023,0.50977,0.54492,0.56982,0.6001,0.62988,0.65479,0.68018,0.68994,0.66992,0.61475,0.55518,0.49023,0.43994,0.40479,0.38525,0.37012,0.36523,0.35986,0.36523,0.35498,0.35986,0.3501,0.3501,0.3501,0.375,0.37012,0.36523,0.37012,0.37012,0.375,0.37012,0.37012,0.37012,0.37988,0.3999,0.41992,0.41992,0.43994,0.43994,0.4751,0.46484,0.45996,0.41992,0.39502,0.36523,0.35986,0.37988,0.38525,0.37012,0.35498,0.31982,0.56006,1.2598,1.5,1.5,0.84473,0.50977,0.38525,0.33984,0.3252,0.31006,0.30518,0.3252,0.3252,0.33496,0.33984,0.35498,0.3501,0.37012,0.375,0.39014,0.39014,0.41504,0.41992,0.43994,0.4502,0.48486,0.50488,0.52979,0.56006,0.59521,0.625,0.6499,0.66016,0.64502,0.60498,0.54492,0.48486,0.43018,0.3999,0.37012,0.35986,0.3501,0.34521,0.33984,0.35498,0.3501,0.35498,0.35498,0.36523,0.35986,0.37012,0.375,0.39014,0.37988,0.375,0.39502,0.38525,0.3999,0.39502,0.40479,0.4248,0.4502,0.44482,0.46484,0.46484,0.49023,0.49023,0.48486,0.44482,0.41992,0.39502,0.41504,0.39502,0.41016,0.3999,0.37988,0.35498,0.76514,1.46,1.5,1.5,0.83496,0.5498,0.41016,0.37012,0.34521,0.3501,0.3501,0.35986,0.3501,0.37012,0.37012,0.38525,0.39502,0.41016,0.3999,0.43018,0.43994,0.44482,0.4502,0.47998,0.49023,0.50977,0.53516,0.5752,0.6001,0.62988,0.66016,0.68994,0.7002,0.6748,0.63477,0.56982,0.51514,0.45996,0.4248,0.40479,0.39502,0.37988,0.38525,0.37988,0.39014,0.375,0.39014,0.37988,0.38525,0.38525,0.39502,0.39014,0.39502,0.39502,0.3999,0.40479,0.39502,0.40479,0.3999,0.41992,0.43506,0.4502,0.45508,0.46484,0.4751,0.49023,0.49512,0.47998,0.43994,0.41992,0.39014,0.38525,0.40479,0.3999,0.40479,0.35986,0.3501,0.81494,1.5,1.5,1.46,0.78516,0.52979,0.39014,0.35986,0.3501,0.33984,0.33496,0.3501,0.3501,0.36523,0.36523,0.38525,0.375,0.3999,0.3999,0.41992,0.4248,0.43994,0.45508,0.4751,0.47998,0.52002,0.54004,0.5752,0.6001,0.62988,0.66016,0.68018,0.7002,0.6748,0.62012,0.56494,0.50488,0.44482,0.4248,0.39502,0.38525,0.37012,0.37012,0.35986,0.37012,0.36523,0.375,0.37012,0.37988,0.37012,0.39014,0.39502,0.37988,0.39014,0.37988,0.3999,0.38525,0.39502,0.41504,0.43506,0.43018,0.44482,0.43994,0.48486,0.49023,0.49512,0.4502,0.43018,0.3999,0.39502,0.37988,0.39502,0.37988,0.37988,0.31982,0.43506,1.0049,1.5,1.5,1.1348,0.5752,0.43018,0.37012,0.33984,0.33496,0.3252,0.33496,0.33984,0.3501,0.3501,0.37012,0.35986,0.39014,0.39502,0.41504,0.41504,0.43994,0.44482,0.45996,0.4751,0.49512,0.52002,0.55518,0.58008,0.60498,0.63477,0.66504,0.68018,0.6748,0.65479,0.58984,0.54004,0.47998,0.43994,0.40479,0.39502,0.37988,0.37988,0.37012,0.38525,0.37012,0.39014,0.37988,0.39502,0.38525,0.39502,0.3999,0.40479,0.3999,0.41504,0.40479,0.41504,0.40479,0.3999,0.41992,0.41504,0.44482,0.45508,0.46484,0.47021,0.48486,0.49023,0.50488,0.48486,0.46484,0.43018,0.41992,0.3999,0.41016,0.41504,0.41992,0.38525,0.35498,0.62012,1.3398,1.5,1.5,0.93506,0.6001,0.4502,0.37988,0.36523,0.3501,0.37012,0.37012,0.37988,0.375,0.39502,0.39014,0.41016,0.41016,0.41992,0.41992,0.44482,0.4502,0.45996,0.47021,0.5,0.52002,0.54492,0.56494,0.6001,0.62988,0.66504,0.68506,0.7002,0.70996,0.64502,0.6001,0.5249,0.4751,0.43506,0.41992,0.39014,0.39014,0.375,0.38525,0.37988,0.375,0.37012,0.39014,0.38525,0.37988,0.39502,0.39014,0.3999,0.39014,0.39502,0.3999,0.39502,0.3999,0.41016,0.41992,0.43994,0.43994,0.45508,0.46484,0.48486,0.49023,0.47998,0.43994,0.41992,0.39502,0.39502,0.39014,0.39502,0.38525,0.38525,0.3252,0.50488,1.1699,1.5,1.5,0.97998,0.5498,0.41992,0.36523,0.34521,0.33984,0.3252,0.33984,0.34521,0.35498,0.35498,0.375,0.37012,0.39014,0.39014,0.41016,0.41016,0.43506,0.43994,0.45508,0.46484,0.49512,0.51514,0.54492,0.56982,0.59521,0.62988,0.65479,0.66992,0.66504,0.62988,0.56982,0.50488,0.45508,0.4248,0.39502,0.38525,0.37012,0.37012,0.35498,0.36523,0.37012,0.37988,0.37012,0.38525,0.39014,0.38525,0.3999,0.39502,0.3999,0.39502,0.41504,0.40479,0.41504,0.40479,0.41992,0.41504,0.45508,0.4502,0.46484,0.46484,0.47998,0.49512,0.50488,0.46484,0.44482,0.41992,0.41992,0.40479,0.41504,0.40479,0.40479,0.3501,0.52979,1.1396,1.5,1.5,1.085,0.6499,0.4751,0.38525,0.36523,0.35986,0.35498,0.36523,0.35986,0.38525,0.38525,0.40479,0.3999,0.41992,0.41992,0.43994,0.43506,0.4502,0.45996,0.4751,0.49023,0.52002,0.53516,0.56494,0.58984,0.62012,0.66016,0.65479,0.7002,0.69482,0.66504,0.6001,0.5498,0.49023,0.45508,0.41016,0.40479,0.37988,0.39014,0.37012,0.37988,0.37012,0.38525,0.37012,0.38525,0.37012,0.37988,0.39014,0.38525,0.39502,0.39014,0.3999,0.39014,0.39014,0.39502,0.41992,0.43018,0.43994,0.43994,0.46484,0.45996,0.49512,0.4751,0.45996,0.41992,0.40479,0.39014,0.39502,0.37988,0.39502,0.40479,0.35498,0.34521,0.88477,1.5,1.5,1.3247,0.66504,0.4751,0.375,0.3501,0.33984,0.34521,0.33008,0.3501,0.3501,0.37012,0.35986,0.37988,0.38525,0.39014,0.39502,0.41016,0.41504,0.43994,0.44482,0.45996,0.47998,0.50977,0.53516,0.56494,0.6001,0.625,0.65479,0.66992,0.68018,0.6499,0.59521,0.5249,0.47998,0.43506,0.41504,0.38525,0.39014,0.375,0.375,0.37012,0.37988,0.37012,0.37988,0.39014,0.38525,0.3999,0.39014,0.40479,0.39502,0.40479,0.3999,0.41016,0.3999,0.40479,0.39502,0.41992,0.43994,0.45996,0.45508,0.4751,0.4751,0.5,0.5,0.48486,0.44482,0.4248,0.40479,0.3999,0.41016,0.40479,0.41504,0.3501,0.4248,0.93994,1.5,1.5,1.2949,0.73486,0.51514,0.3999,0.37012,0.3501,0.35498,0.3501,0.36523,0.35986,0.37988,0.375,0.39502,0.39502,0.41504,0.41016,0.43018,0.43506,0.4502,0.45508,0.48486,0.49512,0.51514,0.53516,0.5752,0.60986,0.64502,0.6748,0.69482,0.70996,0.6748,0.625,0.56006,0.50488,0.45508,0.43506,0.3999,0.39502,0.38525,0.37988,0.37012,0.38525,0.37012,0.39014,0.37988,0.39014,0.39502,0.38525,0.39502,0.39502,0.3999,0.39014,0.40479,0.39502,0.41504,0.41992,0.43506,0.43994,0.46484,0.46484,0.47998,0.49023,0.51514,0.49023,0.47021,0.4248,0.41016,0.39502,0.39502,0.39502,0.41016,0.38525,0.33496,0.50488,1.165,1.5,1.5,1.0449,0.6001,0.4502,0.37012,0.35498,0.33984,0.3501,0.34521,0.35498,0.3501,0.37012,0.37012,0.375,0.37988,0.3999,0.39502,0.41504,0.41992,0.43994,0.4502,0.4751,0.48486,0.52002,0.54004,0.5752,0.60498,0.625,0.66016,0.66992,0.68018,0.62988,0.58984,0.52002,0.47021,0.4248,0.39502,0.375,0.37012,0.35986,0.37012,0.3501,0.36523,0.3501,0.35986,0.37012,0.36523,0.37012,0.38525,0.39502,0.38525,0.39014,0.37988,0.39014,0.375,0.39502,0.41016,0.43018,0.43506,0.43994,0.45508,0.47998,0.47998,0.46484,0.4248,0.40479,0.37988,0.375,0.38525,0.37988,0.39502,0.35986,0.33496,0.70996,1.4399,1.5,1.4897,0.77979,0.5249,0.3999,0.35986,0.34521,0.33984,0.33496,0.3501,0.34521,0.36523,0.37012,0.38525,0.37988,0.3999,0.3999,0.41992,0.4248,0.43994,0.4502,0.4751,0.49023,0.52002,0.53516,0.56982,0.6001,0.63477,0.65479,0.68506,0.69482,0.66504,0.625,0.56494,0.50977,0.45508,0.4248,0.3999,0.39014,0.37988,0.37012,0.37012,0.37988,0.37988,0.38525,0.37988,0.39014,0.39014,0.39502,0.40479,0.39502,0.3999,0.40479,0.39502,0.40479,0.41016,0.41016,0.41992,0.43018,0.45508,0.45996,0.46484,0.46484,0.49023,0.5,0.50488,0.45996,0.43018,0.40479,0.3999,0.3999,0.41016,0.40479,0.38525,0.35498,0.6499,1.335,1.5,1.5,0.90967,0.58008,0.43018,0.37012,0.3501,0.34521,0.34521,0.3501,0.3501,0.37012,0.375,0.38525,0.39014,0.39502,0.40479,0.41992,0.4248,0.43994,0.45996,0.47021,0.48486,0.50977,0.53516,0.56982,0.58984,0.625,0.66016,0.68018,0.69482,0.68506,0.65479,0.58984,0.5249,0.45996,0.43994,0.3999,0.39502,0.375,0.37988,0.37012,0.37988,0.37012,0.37988,0.37012,0.375,0.37988,0.375,0.38525,0.37988,0.39502,0.38525,0.39502,0.39502,0.41016,0.39502,0.41992,0.4248,0.43994,0.43994,0.46484,0.47021,0.49512,0.46484,0.45508,0.41504,0.39502,0.37988,0.39502,0.37988,0.39014,0.36523,0.3252,0.52002,1.1699,1.5,1.5,0.95996,0.54004,0.41992,0.35498,0.34521,0.33496,0.33984,0.3252,0.34521,0.33984,0.36523,0.37012,0.38525,0.37012,0.3999,0.39502,0.41992,0.41992,0.44482,0.4502,0.4751,0.49512,0.52002,0.5498,0.58008,0.60498,0.62988,0.65479,0.6748,0.68506,0.625,0.56494,0.49512,0.45996,0.41992,0.3999,0.375,0.37012,0.35498,0.37012,0.35986,0.37012,0.37012,0.38525,0.375,0.37988,0.39014,0.37988,0.40479,0.39014,0.3999,0.38525,0.39502,0.39502,0.40479,0.3999,0.43994,0.43506,0.46484,0.46484,0.4751,0.47998,0.50488,0.47998,0.45508,0.41016,0.40479,0.39502,0.40479,0.41016,0.41504,0.36523,0.33984,0.7251,1.4448,1.5,1.5,0.83984,0.56006,0.43018,0.37012,0.35986,0.35498,0.37012,0.35986,0.375,0.37012,0.39502,0.39502,0.41016,0.41504,0.4248,0.43018,0.4502,0.45996,0.45508,0.4751,0.49512,0.52002,0.5498,0.58008,0.60986,0.64502,0.66992,0.7002,0.7002,0.69482,0.64502,0.58496,0.52002,0.47998,0.43506,0.41992,0.39502,0.3999,0.37988,0.39014,0.38525,0.39502,0.39014,0.39502,0.39502,0.39502,0.3999,0.39502,0.41016,0.40479,0.41504,0.3999,0.4248,0.41992,0.41992,0.43506,0.45996,0.46484,0.47021,0.46484,0.49512,0.5,0.51514,0.48486,0.45996,0.41992,0.41992,0.40479,0.41504,0.40479,0.41504,0.37988,0.35986,0.83008,1.5,1.5,1.4146,0.77002,0.53516,0.41504,0.37012,0.35986,0.35498,0.36523,0.35498,0.375,0.37012,0.38525,0.38525,0.40479,0.40479,0.41992,0.41992,0.44482,0.45508,0.4751,0.48486,0.5,0.52002,0.54492,0.56982,0.6001,0.63477,0.66016,0.68994,0.69482,0.7002,0.62012,0.5752,0.5,0.46484,0.41992,0.41016,0.37988,0.38525,0.37012,0.37988,0.37012,0.38525,0.39502,0.375,0.39014,0.37988,0.39502,0.38525,0.39502,0.3999,0.41016,0.3999,0.41016,0.40479,0.4248,0.43018,0.4502,0.44482,0.46484,0.4751,0.49512,0.4751,0.45508,0.41504,0.41016,0.39502,0.3999,0.39502,0.39014,0.39502,0.33496,0.43018,1,1.5,1.5,1.1299,0.58496,0.45508,0.36523,0.34521,0.33008,0.33984,0.3252,0.33984,0.33008,0.35498,0.3501,0.375,0.37012,0.39014,0.38525,0.41016,0.41504,0.41992,0.43506,0.45996,0.47021,0.5,0.53516,0.56006,0.59521,0.62012,0.64014,0.65479,0.66504,0.62012,0.58008,0.50488,0.46484,0.41504,0.39502,0.36523,0.35986,0.34521,0.35498,0.36523,0.35986,0.37012,0.36523,0.37012,0.36523,0.37988,0.38525,0.39014,0.38525,0.3999,0.39502,0.40479,0.39502,0.40479,0.39502,0.41504,0.41992,0.44482,0.44482,0.46484,0.46484,0.49023,0.49023,0.49023,0.43506,0.41992,0.39502,0.39014,0.39502,0.39014,0.40479,0.375,0.3501,0.73975,1.4346,1.5,1.5,0.83496,0.55518,0.41016,0.375,0.35498,0.3501,0.35498,0.37012,0.35986,0.37988,0.37988,0.39502,0.39502,0.41016,0.41504,0.4248,0.43018,0.44482,0.45508,0.4751,0.49023,0.50977,0.53516,0.56494,0.60498,0.62988,0.66016,0.6748,0.69482,0.68018,0.64502,0.58008,0.5249,0.47021,0.43506,0.40479,0.40479,0.38525,0.39014,0.375,0.39014,0.37988,0.38525,0.39014,0.38525,0.39502,0.39502,0.3999,0.39502,0.40479,0.39502,0.41016,0.3999,0.40479,0.3999,0.41992,0.43506,0.45508,0.45508,0.47021,0.46484,0.49023,0.48486,0.47021,0.44482,0.41992,0.39014,0.38525,0.39014,0.39502,0.39014,0.36523,0.34521,0.71484,1.4399,1.5,1.5,0.81494,0.53516,0.3999,0.37012,0.3501,0.35498,0.34521,0.35498,0.3501,0.37012,0.37012,0.39014,0.38525,0.3999,0.40479,0.41992,0.4248,0.43994,0.4502,0.47021,0.47998,0.50977,0.53516,0.56006,0.58984,0.625,0.65479,0.68018,0.69482,0.66504,0.64014,0.56494,0.50977,0.44482,0.4248,0.39014,0.38525,0.37012,0.36523,0.37012,0.35986,0.36523,0.37012,0.36523,0.37988,0.39014,0.38525,0.39502,0.37988,0.39014,0.37988,0.39014,0.39014,0.39502,0.39014,0.41992,0.4248,0.43994,0.43506,0.45996,0.46484,0.49023,0.45508,0.4248,0.39014,0.38525,0.37012,0.38525,0.39014,0.38525,0.35498,0.33008,0.71973,1.4297,1.5,1.4897,0.73486,0.4751,0.38525,0.33984,0.33496,0.3252,0.33984,0.3252,0.3501,0.3501,0.36523,0.37012,0.37988,0.38525,0.39502,0.40479,0.4248,0.43506,0.44482,0.45508,0.4751,0.49512,0.5249,0.55518,0.58496,0.62012,0.63477,0.66504,0.66992,0.6748,0.59521,0.54004,0.47021,0.43506,0.39502,0.37988,0.35986,0.36523,0.3501,0.36523,0.3501,0.35498,0.35986,0.375,0.38525,0.375,0.39502,0.37988,0.39502,0.38525,0.3999,0.39014,0.3999,0.39502,0.41016,0.3999,0.43506,0.43994,0.45508,0.45996,0.47021,0.49023,0.50488,0.48486,0.45508,0.41504,0.41504,0.39502,0.40479,0.41504,0.3999,0.37012,0.33984,0.69482,1.4199,1.5,1.5,0.83984,0.55518,0.4248,0.37012,0.35498,0.33984,0.35498,0.3501,0.36523,0.37012,0.37988,0.38525,0.37988,0.3999,0.41504,0.41992,0.43506,0.44482,0.45508,0.46484,0.49023,0.51514,0.54004,0.56982,0.6001,0.62988,0.65479,0.68506,0.69482,0.7002,0.64014,0.58984,0.52002,0.4751,0.43506,0.41992,0.3999,0.39502,0.39014,0.39014,0.37988,0.38525,0.39014,0.38525,0.39502,0.39502,0.3999,0.39502,0.40479,0.40479,0.41016,0.40479,0.41504,0.40479,0.41992,0.41504,0.43994,0.45508,0.46484,0.46484,0.47998,0.49023,0.50488,0.48486,0.46484,0.41504,0.41016,0.39502,0.3999,0.40479,0.39502,0.3999,0.34521,0.64502,1.3247,1.5,1.5,0.90967,0.56982,0.43018,0.37012,0.35986,0.33984,0.3501,0.33984,0.36523,0.36523,0.37012,0.37012,0.39014,0.39502,0.40479,0.41016,0.43018,0.43994,0.45508,0.46484,0.48486,0.50488,0.52979,0.56494,0.58984,0.625,0.6499,0.68018,0.68506,0.69482,0.63477,0.58496,0.50977,0.47021,0.41992,0.41016,0.37988,0.375,0.36523,0.37012,0.35498,0.37012,0.36523,0.35986,0.37988,0.37012,0.37988,0.37012,0.39014,0.38525,0.39502,0.39014,0.39502,0.39014,0.41016,0.41992,0.43994,0.43994,0.45996,0.45996,0.49023,0.4751,0.46484,0.4248,0.41016,0.38525,0.39014,0.37988,0.375,0.39502,0.3501,0.33496,0.79004,1.5,1.5,1.375,0.66992,0.4751,0.375,0.3501,0.3252,0.33496,0.3252,0.34521,0.33984,0.35498,0.3501,0.37012,0.375,0.39502,0.39502,0.41992,0.4248,0.41992,0.4502,0.46484,0.47998,0.50977,0.53516,0.56006,0.6001,0.62012,0.6499,0.66504,0.6748,0.6499,0.61475,0.54004,0.49023,0.43506,0.41992,0.38525,0.37988,0.37012,0.375,0.36523,0.37012,0.375,0.37012,0.38525,0.375,0.39014,0.39502,0.3999,0.39502,0.3999,0.3999,0.40479,0.39502,0.41016,0.40479,0.41504,0.41992,0.43994,0.4502,0.46484,0.47021,0.49023,0.5,0.50977,0.48486,0.45508,0.41504,0.40479,0.41016,0.39502,0.40479,0.3999,0.35986,0.3501,0.88477,1.5,1.5,1.3398,0.74512,0.51514,0.41016,0.37012,0.35986,0.3501,0.36523,0.35986,0.37012,0.375,0.39014,0.39502,0.39014,0.40479,0.41992,0.43018,0.43994,0.4502,0.46484,0.48486,0.5,0.5249,0.55518,0.58008,0.60986,0.64502,0.66504,0.69482,0.7002,0.68994,0.62988,0.5752,0.50977,0.4751,0.43018,0.41504,0.38525,0.39014,0.375,0.37988,0.37988,0.39014,0.38525,0.38525,0.39014,0.37988,0.39502,0.39502,0.3999,0.39502,0.3999,0.39502,0.3999,0.39502,0.40479,0.3999,0.43994,0.43994,0.45508,0.45508,0.47021,0.48486,0.48486,0.4502,0.43506,0.3999,0.39502,0.37988,0.39014,0.39502,0.39014,0.33984,0.3252,0.89502,1.5,1.5,1.3047,0.7002,0.47998,0.37988,0.34521,0.33984,0.33008,0.3501,0.34521,0.35986,0.36523,0.35986,0.375,0.37012,0.39502,0.39014,0.41504,0.40479,0.43018,0.4502,0.46484,0.48486,0.51514,0.53516,0.56494,0.58984,0.62988,0.6499,0.68018,0.6748,0.65479,0.59521,0.54004,0.47998,0.43994,0.3999,0.38525,0.37012,0.36523,0.35498,0.35986,0.3501,0.35498,0.36523,0.35986,0.37012,0.35986,0.37012,0.37012,0.37988,0.37012,0.37988,0.375,0.37988,0.37012,0.40479,0.41504,0.43994,0.43018,0.43994,0.45996,0.48486,0.46484,0.43994,0.3999,0.39502,0.37988,0.37988,0.39014,0.39502,0.375,0.3252,0.49023,1.1348,1.5,1.5,1.02,0.58984,0.4502,0.36523,0.3501,0.33496,0.34521,0.33496,0.3501,0.35498,0.37012,0.375,0.39014,0.39502,0.41016,0.41992,0.41504,0.43506,0.44482,0.46484,0.4751,0.49512,0.5249,0.56006,0.58008,0.62012,0.64014,0.6748,0.68506,0.68994,0.64014,0.59521,0.5249,0.47998,0.43018,0.41504,0.39014,0.37988,0.37012,0.375,0.36523,0.37012,0.37988,0.375,0.38525,0.38525,0.38525,0.39502,0.39502,0.39502,0.40479,0.39502,0.40479,0.3999,0.40479,0.3999,0.43018,0.43994,0.45996,0.45996,0.47021,0.46484,0.49023,0.49512,0.47998,0.4502,0.41992,0.3999,0.39502,0.41504,0.41016,0.41992,0.37012,0.36523,0.87012,1.5,1.5,1.3848,0.75,0.5249,0.3999,0.375,0.35986,0.37012,0.35986,0.36523,0.37012,0.37988,0.38525,0.39502,0.3999,0.41016,0.41992,0.43506,0.43994,0.4502,0.46484,0.48486,0.50488,0.52002,0.55518,0.58008,0.60986,0.63477,0.66504,0.68994,0.7002,0.6748,0.63477,0.56982,0.51514,0.46484,0.43506,0.3999,0.39502,0.37012,0.375,0.375,0.37988,0.37012,0.37988,0.38525,0.375,0.39014,0.37988,0.39502,0.39014,0.39502,0.39502,0.3999,0.39014,0.41016,0.40479,0.43506,0.43994,0.45996,0.45508,0.4751,0.49023,0.49512,0.47021,0.4502,0.41504,0.40479,0.39014,0.39502,0.40479,0.39502,0.40479,0.33496,0.54492,1.1899,1.5,1.5,0.94971,0.54492,0.43018,0.36523,0.35498,0.34521,0.3501,0.33984,0.35986,0.35498,0.37012,0.375,0.37012,0.39014,0.3999,0.41016,0.40479,0.4248,0.43994,0.45996,0.47021,0.49512,0.52002,0.5498,0.5752,0.60986,0.625,0.66016,0.66992,0.66504,0.61475,0.56982,0.50488,0.45996,0.41504,0.39502,0.375,0.37012,0.375,0.36523,0.37012,0.35986,0.37012,0.375,0.38525,0.375,0.39502,0.38525,0.3999,0.39502,0.3999,0.39502,0.40479,0.39502,0.41504,0.40479,0.4248,0.43506,0.45508,0.45996,0.46484,0.47021,0.49023,0.49512,0.46484,0.43506,0.41016,0.3999,0.39502,0.3999,0.3999,0.40479,0.34521,0.41992,0.90967,1.5,1.5,1.29,0.7251,0.51514,0.39502,0.37012,0.3501,0.35498,0.3501,0.35986,0.35498,0.37012,0.375,0.38525,0.39014,0.40479,0.41504,0.41992,0.43018,0.43994,0.45996,0.47021,0.49512,0.50977,0.54492,0.56982,0.60498,0.62988,0.66992,0.68506,0.7002,0.66992,0.625,0.55518,0.50977,0.45996,0.4248,0.39502,0.39502,0.37988,0.38525,0.375,0.37988,0.39014,0.38525,0.39014,0.38525,0.39502,0.38525,0.3999,0.39502,0.39502,0.39502,0.39502,0.39502,0.41016,0.40479,0.41992,0.43018,0.4502,0.45508,0.46484,0.46484,0.49023,0.47998,0.47021,0.43506,0.41504,0.39502,0.39014,0.3999,0.39502,0.41016,0.36523,0.3501,0.77002,1.4897,1.5,1.4946,0.78516,0.52979,0.40479,0.36523,0.3501,0.3501,0.34521,0.3501,0.3501,0.36523,0.37012,0.37988,0.39014,0.39502,0.40479,0.41992,0.43506,0.44482,0.46484,0.47021,0.49023,0.50977,0.54492,0.56494,0.6001,0.625,0.66016,0.6748,0.69482,0.66992,0.63477,0.56006,0.50488,0.44482,0.41992,0.38525,0.375,0.35986,0.3501,0.36523,0.3501,0.36523,0.35498,0.37012,0.35498,0.37012,0.35986,0.375,0.37012,0.38525,0.37012,0.37988,0.375,0.39502,0.39502,0.41992,0.4248,0.41992,0.43994,0.46484,0.47021,0.45508,0.43018,0.3999,0.37988,0.37012,0.375,0.37012,0.38525,0.37012,0.33008,0.43506,1.0347,1.5,1.5,1.0947,0.59521,0.43018,0.36523,0.33008,0.3252,0.33008,0.33984,0.33496,0.3501,0.35498,0.3501,0.37012,0.38525,0.39502,0.40479,0.41992,0.43018,0.44482,0.45508,0.47998,0.49023,0.5249,0.5498,0.58984,0.60986,0.64502,0.66504,0.68994,0.6748,0.66016,0.59521,0.53516,0.4751,0.43994,0.41016,0.3999,0.38525,0.37988,0.38525,0.375,0.38525,0.37988,0.39014,0.37988,0.39502,0.39014,0.40479,0.3999,0.41504,0.40479,0.41992,0.40479,0.41504,0.3999,0.41504,0.41016,0.43994,0.4502,0.46484,0.46484,0.4751,0.48486,0.5,0.48486,0.46484,0.43018,0.41016,0.40479,0.3999,0.41016,0.39502,0.40479,0.3501,0.60498,1.29,1.5,1.5,0.93994,0.58008,0.4502,0.37012,0.36523,0.34521,0.3501,0.3501,0.35498,0.35986,0.375,0.37988,0.39502,0.3999,0.39502,0.41992,0.41504,0.43994,0.45508,0.47021,0.48486,0.50977,0.5249,0.56006,0.58008,0.625,0.64502,0.6748,0.68506,0.68994,0.64502,0.59521,0.5249,0.47021,0.43018,0.40479,0.38525,0.375,0.36523,0.35986,0.37012,0.36523,0.37012,0.37012,0.375,0.375,0.38525,0.37988,0.39502,0.38525,0.39014,0.38525,0.39502,0.39502,0.39502,0.41016,0.43018,0.43018,0.43994,0.4502,0.45996,0.47998,0.48486,0.45996,0.43506,0.40479,0.39502,0.38525,0.37988,0.39014,0.39014,0.39502,0.33984,0.625,1.3447,1.5,1.5,0.83496,0.50977,0.3999,0.3501,0.34521,0.33008,0.33984,0.33984,0.3501,0.35498,0.37012,0.36523,0.37012,0.37988,0.39014,0.3999,0.41016,0.4248,0.43994,0.45996,0.47021,0.5,0.5249,0.56006,0.5752,0.61475,0.625,0.66504,0.66992,0.65479,0.60498,0.55518,0.48486,0.44482,0.3999,0.38525,0.36523,0.35498,0.35986,0.3501,0.35986,0.3501,0.36523,0.35986,0.37012,0.37012,0.37988,0.37012,0.39014,0.38525,0.3999,0.39502,0.3999,0.39014,0.3999,0.41992,0.43994,0.44482,0.46484,0.46484,0.47998,0.49023,0.49023,0.46484,0.43018,0.40479,0.39014,0.39502,0.39014,0.39502,0.38525,0.3501,0.34521,0.98486,1.5,1.5,1.1997,0.68994,0.48486,0.37988,0.34521,0.33496,0.33008,0.33496,0.33984,0.33496,0.35986,0.35498,0.375,0.37988,0.39014,0.3999,0.41992,0.41504,0.43994,0.43994,0.46484,0.47998,0.50977,0.52979,0.58008,0.6001,0.64502,0.66016,0.69482,0.68994,0.66992,0.60498,0.5498,0.48486,0.4502,0.41504,0.3999,0.39014,0.38525,0.37988,0.375,0.38525,0.37988,0.39502,0.39014,0.39502,0.39502,0.40479,0.39502,0.41016,0.40479,0.41504,0.40479,0.41504,0.40479,0.41504,0.43018,0.4502,0.45508,0.46484,0.4751,0.47021,0.50488,0.5,0.48486,0.45508,0.43018,0.41016,0.41504,0.40479,0.41504,0.40479,0.375,0.3501,0.77002,1.4946,1.5,1.4849,0.79492,0.54004,0.41504,0.36523,0.35498,0.3501,0.34521,0.35498,0.36523,0.37012,0.38525,0.39014,0.39014,0.40479,0.3999,0.41992,0.4248,0.44482,0.4502,0.47021,0.48486,0.50977,0.53516,0.56982,0.58984,0.625,0.6499,0.68018,0.68506,0.66992,0.62012,0.56006,0.5,0.4502,0.41504,0.39014,0.37012,0.35986,0.35498,0.35986,0.36523,0.35498,0.36523,0.35986,0.37012,0.36523,0.375,0.37012,0.37012,0.37012,0.375,0.37012,0.38525,0.375,0.38525,0.39502,0.41992,0.41992,0.43018,0.43994,0.46484,0.45508,0.44482,0.4248,0.39014,0.37988,0.37988,0.375,0.38525,0.38525,0.35498,0.33496,0.64014,1.375,1.5,1.5,0.7749,0.50488,0.3999,0.36523,0.34521,0.3501,0.34521,0.3501,0.35498,0.36523,0.375,0.38525,0.39014,0.38525,0.40479,0.41504,0.43018,0.43994,0.46484,0.45996,0.49512,0.50977,0.54004,0.56006,0.6001,0.62012,0.65479,0.6748,0.69482,0.66992,0.63477,0.56982,0.52002,0.45996,0.43506,0.40479,0.39502,0.38525,0.37988,0.37988,0.375,0.39014,0.375,0.39014,0.38525,0.3999,0.3999,0.41016,0.40479,0.41504,0.40479,0.41992,0.41016,0.41992,0.41504,0.41016,0.41992,0.44482,0.45508,0.46484,0.46484,0.4751,0.49512,0.50488,0.50977,0.46484,0.43506,0.41016,0.40479,0.3999,0.41016,0.40479,0.41016,0.3501,0.58496,1.2397,1.5,1.5,0.97998,0.60498,0.45508,0.38525,0.37012,0.35986,0.35498,0.36523,0.35498,0.38525,0.37988,0.39502,0.3999,0.41504,0.41016,0.4248,0.43506,0.45996,0.45508,0.48486,0.49023,0.51514,0.52979,0.5752,0.58984,0.625,0.6499,0.68506,0.69482,0.7002,0.65479,0.59521,0.52979,0.47998,0.43506,0.41016,0.38525,0.375,0.37012,0.36523,0.37012,0.36523,0.375,0.37012,0.37988,0.375,0.39502,0.38525,0.39502,0.39502,0.3999,0.39014,0.3999,0.39502,0.40479,0.40479,0.4248,0.43994,0.4502,0.45996,0.46484,0.47998,0.49023,0.48486,0.45996,0.43506,0.41016,0.3999,0.39502,0.41016,0.3999,0.41016,0.34521,0.45508,1.02,1.5,1.5,1.1851,0.66016,0.48486,0.39014,0.36523,0.3501,0.3501,0.35498,0.3501,0.37012,0.37012,0.37988,0.38525,0.39502,0.3999,0.41504,0.4248,0.43994,0.43994,0.46484,0.47021,0.49512,0.51514,0.54492,0.5752,0.61475,0.63477,0.66992,0.68018,0.69482,0.66016,0.61475,0.5498,0.49023,0.44482,0.41016,0.39014,0.37988,0.375,0.36523,0.37012,0.37012,0.37012,0.37012,0.37012,0.37012,0.37988,0.375,0.37988,0.37988,0.37988,0.375,0.37988,0.37012,0.38525,0.37988,0.3999,0.41016,0.41992,0.43506,0.43994,0.45508,0.46484,0.4502,0.43018,0.3999,0.375,0.375,0.37012,0.375,0.37012,0.375,0.33008,0.39502,0.90967,1.5,1.5,1.2798,0.63477,0.47021,0.375,0.35986,0.33984,0.33496,0.3501,0.34521,0.35986,0.37012,0.375,0.37988,0.39502,0.38525,0.40479,0.41504,0.43994,0.43506,0.45996,0.47021,0.5,0.51514,0.5498,0.56982,0.60986,0.62988,0.66992,0.68018,0.69482,0.66504,0.60986,0.54004,0.4751,0.43018,0.3999,0.38525,0.36523,0.37012,0.35498,0.36523,0.3501,0.36523,0.35986,0.37012,0.37012,0.37988,0.37012,0.39014,0.375,0.39014,0.375,0.39014,0.37988,0.39014,0.39014,0.41992,0.43018,0.43994,0.44482,0.45508,0.4751,0.4751,0.47021,0.43506,0.41504,0.39502,0.39014,0.38525,0.39502,0.39014,0.39502,0.33008,0.50488,1.1001,1.5,1.5,1.0747,0.62012,0.45508,0.37012,0.3501,0.33496,0.33008,0.34521,0.33984,0.35498,0.36523,0.375,0.37012,0.39502,0.39014,0.41016,0.41016,0.43018,0.43994,0.46484,0.46484,0.50488,0.52002,0.55518,0.58008,0.61475,0.64014,0.66992,0.68994,0.69482,0.66504,0.6001,0.54004,0.48486,0.44482,0.41992,0.40479,0.39502,0.39502,0.38525,0.39502,0.38525,0.39502,0.39014,0.39502,0.39014,0.3999,0.40479,0.3999,0.41016,0.40479,0.41504,0.41016,0.41992,0.41504,0.41992,0.4248,0.43994,0.45996,0.47021,0.46484,0.48486,0.49512,0.50488,0.49023,0.47021,0.4248,0.41992,0.40479,0.41504,0.41016,0.41504,0.39014,0.36523,0.62988,1.3247,1.5,1.5,0.92969,0.58496,0.43506,0.38525,0.36523,0.35498,0.36523,0.37012,0.375,0.37012,0.38525,0.38525,0.39502,0.3999,0.41992,0.41992,0.43994,0.44482,0.46484,0.47021,0.5,0.51514,0.54492,0.56494,0.6001,0.62988,0.66016,0.68018,0.70508,0.69482,0.66016,0.59521,0.53516,0.47998,0.43994,0.41016,0.39502,0.37988,0.37012,0.37012,0.37012,0.375,0.37012,0.37988,0.375,0.38525,0.375,0.38525,0.375,0.38525,0.39014,0.38525,0.39502,0.39014,0.39502,0.40479,0.41992,0.43018,0.43994,0.43506,0.46484,0.4751,0.46484,0.4502,0.4248,0.39502,0.38525,0.37012,0.39502,0.39014,0.39502,0.3501,0.33496,0.71484,1.4399,1.5,1.48,0.71973,0.4751,0.37988,0.3501,0.33496,0.33008,0.33984,0.33008,0.3501,0.3501,0.36523,0.35986,0.38525,0.37988,0.40479,0.40479,0.4248,0.4248,0.45508,0.46484,0.49023,0.50977,0.54004,0.56494,0.6001,0.62012,0.66016,0.6748,0.68506,0.66504,0.62012,0.56494,0.50488,0.45996,0.41992,0.40479,0.38525,0.39502,0.375,0.38525,0.375,0.39014,0.375,0.39502,0.39502,0.40479,0.39502,0.40479,0.41016,0.40479,0.41504,0.40479,0.41992,0.41016,0.41504,0.41016,0.41992,0.43018,0.44482,0.45508,0.46484,0.46484,0.49023,0.49023,0.5,0.46484,0.44482,0.41504,0.41504,0.39502,0.41504,0.40479,0.41016,0.3501,0.50977,1.0747,1.5,1.5,1.1396,0.66992,0.49023,0.39502,0.36523,0.37012,0.35498,0.36523,0.37012,0.38525,0.37988,0.3999,0.39502,0.41504,0.41992,0.43506,0.43018,0.45996,0.46484,0.48486,0.49023,0.52002,0.52979,0.56494,0.58496,0.625,0.6499,0.68018,0.7002,0.70508,0.68018,0.62988,0.56494,0.5,0.45996,0.41504,0.3999,0.38525,0.37988,0.37012,0.375,0.36523,0.375,0.37012,0.375,0.37988,0.375,0.38525,0.375,0.39014,0.38525,0.39502,0.39014,0.39502,0.39014,0.39502,0.39014,0.41992,0.43506,0.44482,0.43994,0.45996,0.47021,0.46484,0.45508,0.43994,0.3999,0.3999,0.39014,0.3999,0.41016,0.41992,0.41016,0.37012,0.5498,1.2197,1.5,1.5,0.97998,0.58008,0.43506,0.37012,0.3501,0.34521,0.33008,0.31982,0.34521,0.33496,0.35498,0.35986,0.375,0.37012,0.39502,0.39502,0.41016,0.41504,0.41016,0.43506,0.45996,0.4751,0.50977,0.53516,0.56494,0.60498,0.62988,0.65479,0.6748,0.66992,0.62988,0.58984,0.53516,0.51514,0.49512,0.5,0.49023,0.51514,0.50488,0.5,0.4751,0.46484,0.44482,0.4502,0.4248,0.41992,0.4248,0.41992,0.4248,0.41992,0.4248,0.41504,0.4248,0.41504,0.41992,0.43018,0.44482,0.43994,0.45508,0.4502,0.48486,0.47021,0.47021,0.43506,0.41992,0.39014,0.39502,0.37012,0.39014,0.39502,0.375,0.31982,0.47021,1.085,1.5,1.5,1.0449,0.6001,0.43506,0.35986,0.33008,0.33496,0.3252,0.33984,0.3252,0.3501,0.3501,0.36523,0.35986,0.38525,0.38525,0.40479,0.41016,0.43506,0.43018,0.45996,0.4751,0.50977,0.52979,0.56982,0.6001,0.62988,0.6748,0.71484,0.74512,0.73486,0.68994,0.62012,0.55518,0.49023,0.45508,0.41504,0.40479,0.37988,0.37012,0.3501,0.35498,0.3501,0.36523,0.35986,0.37012,0.36523,0.37012,0.37012,0.38525,0.39014,0.39502,0.3999,0.39502,0.3999,0.39014,0.39502,0.39014,0.41992,0.41504,0.43994,0.43994,0.45508,0.46484,0.47998,0.46484,0.45508,0.41992,0.41016,0.39014,0.39502,0.39014,0.39502,0.375,0.33984,0.47998,1.105,1.5,1.5,1.0649,0.61475,0.4502,0.36523,0.34521,0.3252,0.33496,0.33008,0.34521,0.33984,0.36523,0.35986,0.37988,0.37988,0.39502,0.39502,0.40479,0.41016,0.4248,0.43994,0.45996,0.47021,0.50488,0.52979,0.56006,0.59521,0.62988,0.66016,0.68994,0.7002,0.66504,0.61475,0.5498,0.49512,0.4502,0.4248,0.3999,0.39502,0.37988,0.39014,0.37988,0.37988,0.375,0.37988,0.37988,0.38525,0.39014,0.39502,0.39014,0.39502,0.39014,0.39502,0.39502,0.39502,0.3999,0.41504,0.43506,0.43994,0.4502,0.44482,0.48486,0.47998,0.46484,0.4502,0.43018,0.40479,0.40479,0.39502,0.40479,0.3999,0.39502,0.34521,0.45996,1.0298,1.5,1.5,1.1196,0.61475,0.46484,0.37988,0.36523,0.3501,0.35498,0.35498,0.35986,0.37012,0.37988,0.39502,0.39502,0.41504,0.40479,0.4248,0.4248,0.43994,0.4502,0.47021,0.48486,0.50488,0.5249,0.56006,0.58496,0.61475,0.6499,0.66992,0.68994,0.69482,0.66016,0.6001,0.5498,0.49023,0.44482,0.41504,0.39502,0.375,0.37988,0.37012,0.37988,0.375,0.39014,0.375,0.39014,0.37988,0.3999,0.39502,0.40479,0.39502,0.41016,0.41504,0.3999,0.41016,0.39502,0.3999,0.39502,0.41992,0.43018,0.4502,0.44482,0.45996,0.45508,0.48486,0.47021,0.45508,0.41504,0.39502,0.375,0.37012,0.37988,0.375,0.39014,0.34521,0.4248,0.93994,1.5,1.5,1.2397,0.68506,0.4751,0.35986,0.33008,0.31494,0.3252,0.31982,0.3252,0.3252,0.33496,0.33008,0.3501,0.34521,0.37012,0.375,0.3999,0.40479,0.41016,0.41992,0.43506,0.43994,0.46484,0.49512,0.52002,0.5498,0.58496,0.61475,0.64014,0.65479,0.63477,0.58984,0.51514,0.45508,0.40479,0.37988,0.34521,0.34521,0.3252,0.3252,0.31494,0.33008,0.31982,0.3252,0.33008,0.34521,0.33496,0.33984,0.3501,0.33496,0.3501,0.3501,0.36523,0.35986,0.375,0.39014,0.41016,0.40479,0.43018,0.41992,0.4502,0.45508,0.46484,0.4248,0.41016,0.37988,0.375,0.36523,0.375,0.37988,0.37012,0.33496,0.31006,0.79492,1.5,1.5,1.3247,0.62988,0.43994,0.36523,0.33496,0.33496,0.3252,0.3501,0.34521,0.36523,0.35986,0.375,0.375,0.3999,0.39502,0.41992,0.43018,0.43994,0.44482,0.47021,0.49512,0.5249,0.53516,0.56494,0.58496,0.60986,0.64502,0.66016,0.6748,0.66016,0.64502,0.60498,0.5752,0.5249,0.5,0.45996,0.46484,0.44482,0.43994,0.40479,0.41992,0.43506,0.46484,0.46484,0.52002,0.55518,0.49512,0.43506,0.41016,0.39014,0.38525,0.41016,0.3999,0.41504,0.40479,0.43506,0.43018,0.46484,0.45996,0.5,0.49023,0.51514,0.5,0.53516,0.5498,0.58984,0.54492,0.52979,0.4751,0.48486,0.4751,0.50488,0.51514,0.54004,0.50977,0.63477,1.165,1.5,1.5,1.48,0.96484,0.77002,0.68018,0.66016,0.66992,0.6499,0.66992,0.66016,0.7002,0.68994,0.70996,0.6748,0.7002,0.6748,0.7002,0.68018,0.70508,0.68018,0.66992,0.625,0.66992,0.72998,0.81494,0.83984,0.82471,0.85498,0.8501,0.85498,0.79004,0.75977,0.66992,0.62988,0.52979,0.50488,0.45508,0.45996,0.37988,0.37012,0.31494,0.3252,0.29492,0.31006,0.30029,0.31982,0.33496,0.30518,0.3501,0.3252,0.3501,0.34521,0.39014,0.37012,0.4248,0.40479,0.4502,0.45996,0.50488,0.51514,0.58008,0.58008,0.64502,0.64014,0.66504,0.62988,0.625,0.60986,0.64502,0.65479,0.68506,0.70508,0.71973,0.7002,0.9248,1.5,1.5,1.5,1.3896,1.0547,0.95996,0.93506,0.9248,0.95996,0.9751,1.0249,1.0298,1.0747,1.0898,1.1348,1.1548,1.2046,1.2197,1.27,1.2949,1.3447,1.3848,1.4346,1.4746,1.5,1.4697,1.4746,1.4248,1.4146,1.3647,1.355,1.3198,1.3247,1.2847,1.2798,1.2446,1.2349,1.1948,1.1548,1.0898,1.0347,0.9751,0.93506,0.8999,0.87012,0.84473,0.7998,0.7749,1.0498,1.5,1.5,1.5,1.2197,0.8999,0.72998,0.6748,0.62988,0.62012,0.58984,0.59521,0.56982,0.58008,0.58984,0.54492,0.50977,0.50977,0.49023,0.49512,0.48486,0.47998,0.48486,0.46484,0.47998,0.46484,0.48486,0.47998,0.50977,0.5,0.52979,0.5249,0.54004,0.50977,0.46484,0.37012,0.30518,0.21484,0.16992,0.10498,0.084961,0.055176,0.044922,0.040039,0.030273,0.015137,0.0048828,-0.02002,-0.034668,-0.029785,-0.054688,-0.044922,-0.054688,-0.044922,-0.069824,-0.074707,-0.094727,-0.089844,-0.10986,-0.040039,0.0048828,0.024902,-0.029785,-0.034668,-0.024902,0,-0.040039,-0.060059,-0.094727,-0.11475,-0.14502,-0.16504,-0.17969,-0.18994,-0.18506,-0.21973,-0.23486,0.125,0.86475,1.3198,0.91504,0.14014,-0.089844,-0.19971,-0.22998,-0.25977,-0.25977,-0.25977,-0.25,-0.25977,-0.23975,-0.23975,-0.21973,-0.21973,-0.20459,-0.19971,-0.18506,-0.1748,-0.15967,-0.13477,-0.10498,-0.060059,-0.02002,0.02002,0.010254,0.044922,0.040039,0.080078,0.084961,0.10986,0.070313,0.040039,-0.029785,-0.069824,-0.12988,-0.14502,-0.18506,-0.18994,-0.18506,-0.19971,-0.18506,-0.19482,-0.17969,-0.18994,-0.15967,-0.1748,-0.15967,-0.16504,-0.14502,-0.15479,-0.12988,-0.13965,-0.11963,-0.12988,-0.10986,-0.11963,-0.099609,-0.10986,-0.074707,-0.074707,-0.049805,-0.044922,-0.049805,-0.02002,0.0048828,0.010254,-0.02002,-0.054688,-0.074707,-0.080078,-0.089844,-0.074707,-0.080078,-0.064941,-0.12988,0.015137,0.62012,1.2998,1.4497,0.65479,0.18994,0.024902,-0.069824,-0.080078,-0.094727,-0.089844,-0.094727,-0.074707,-0.069824,-0.074707,-0.049805,-0.029785,-0.02002,0,0.010254,0.024902,0.040039,0.050293,0.070313,0.084961,0.11523,0.14014,0.18018,0.2002,0.24512,0.26514,0.30518,0.31494,0.33496,0.30518,0.26025,0.18994,0.14014,0.090332,0.064941,0.044922,0.035156,0.040039,0.024902,0.044922,0.035156,0.050293,0.040039,0.055176,0.044922,0.064941,0.064941,0.080078,0.070313,0.090332,0.080078,0.090332,0.084961,0.090332,0.095215,0.11523,0.125,0.1499,0.16016,0.17529,0.18506,0.20508,0.21484,0.20996,0.18018,0.14502,0.13525,0.11523,0.12988,0.125,0.13525,0.125,0.090332,0.29004,0.95508,1.5,1.5,0.75488,0.35498,0.19531,0.13525,0.10986,0.11523,0.10498,0.10986,0.11523,0.12988,0.14014,0.1499,0.16016,0.16504,0.18018,0.18506,0.20508,0.20996,0.22998,0.24023,0.27002,0.28516,0.31494,0.34521,0.38525,0.41504,0.44482,0.46484,0.49023,0.49512,0.46484,0.3999,0.34521,0.28027,0.24023,0.21484,0.2002,0.18018,0.18506,0.17529,0.16992,0.18506,0.18994,0.2002,0.18994,0.20508,0.2002,0.20996,0.20996,0.22021,0.20996,0.22998,0.2251,0.22998,0.22998,0.25488,0.26514,0.28516,0.29004,0.31006,0.3252,0.34521,0.3501,0.31006,0.28027,0.26025,0.25488,0.25488,0.25488,0.25488,0.26514,0.20996,0.29492,0.80469,1.5,1.5,1.0947,0.49512,0.33984,0.26025,0.24512,0.22998,0.23486,0.24023,0.23486,0.25488,0.25,0.2749,0.28516,0.29492,0.31006,0.3252,0.31982,0.3501,0.35498,0.38525,0.39014,0.41992,0.43506,0.4751,0.49512,0.54004,0.56982,0.60498,0.61475,0.62988,0.59521,0.5498,0.48486,0.43506,0.38525,0.35986,0.33496,0.3252,0.31982,0.31006,0.3252,0.31494,0.3252,0.3252,0.33984,0.33008,0.3501,0.33984,0.35498,0.3501,0.36523,0.35498,0.37012,0.35986,0.37012,0.35986,0.36523,0.37012,0.39014,0.3999,0.41504,0.4248,0.43506,0.4502,0.45996,0.46484,0.4248,0.3999,0.37012,0.37012,0.36523,0.375,0.37012,0.36523,0.3252,0.5498,1.1899,1.5,1.5,1,0.59521,0.43506,0.35498,0.33984,0.3252,0.31982,0.33008,0.3252,0.34521,0.33984,0.35498,0.3501,0.37988,0.375,0.3999,0.39502,0.4248,0.43506,0.45508,0.46484,0.5,0.52002,0.55518,0.58008,0.625,0.6499,0.6748,0.68994,0.7002,0.66504,0.60986,0.54492,0.48486,0.44482,0.41504,0.39502,0.38525,0.375,0.36523,0.38525,0.375,0.39014,0.37988,0.39502,0.38525,0.39502,0.39014,0.39502,0.39014,0.3999,0.39014,0.40479,0.3999,0.39502,0.41016,0.43506,0.43994,0.4502,0.45996,0.47021,0.49023,0.49512,0.48486,0.44482,0.41992,0.39502,0.39014,0.38525,0.3999,0.39502,0.39014,0.33984,0.50977,1.1748,1.5,1.5,0.97998,0.55518,0.43994,0.375,0.35498,0.3501,0.35498,0.35986,0.36523,0.37012,0.37988,0.38525,0.37988,0.40479,0.3999,0.4248,0.4248,0.44482,0.45996,0.4751,0.49023,0.51514,0.52979,0.56494,0.59521,0.625,0.65479,0.68018,0.69482,0.7002,0.66016,0.6001,0.54004,0.49023,0.44482,0.41992,0.3999,0.39502,0.39014,0.38525,0.39014,0.38525,0.39502,0.39502,0.40479,0.40479,0.41992,0.41992,0.4248,0.4248,0.43018,0.43018,0.4248,0.43018,0.43018,0.43506,0.43018,0.45508,0.47998,0.49023,0.48486,0.49512,0.50488,0.51514,0.5,0.4751,0.43506,0.4248,0.41016,0.41992,0.41016,0.4248,0.40479,0.375,0.56006,1.1997,1.5,1.5,1.0898,0.6748,0.50977,0.43018,0.3999,0.39502,0.3999,0.39502,0.3999,0.39502,0.41504,0.41016,0.43018,0.4248,0.44482,0.4502,0.46484,0.46484,0.49023,0.49023,0.51514,0.52979,0.56494,0.58496,0.625,0.6499,0.68506,0.70996,0.73486,0.73975,0.70508,0.64502,0.58984,0.52979,0.48486,0.45996,0.43506,0.4248,0.41504,0.41504,0.40479,0.41016,0.3999,0.41504,0.40479,0.41992,0.41992,0.4248,0.41992,0.43018,0.4248,0.43994,0.43506,0.43506,0.43506,0.43506,0.44482,0.46484,0.48486,0.50488,0.53516,0.54004,0.5498,0.50488,0.46484,0.43506,0.43018,0.41504,0.43506,0.4248,0.43018,0.41504,0.375,0.37012,1.02,1.5,1.5,1.23,0.66992,0.5,0.41016,0.37988,0.37012,0.37012,0.36523,0.37988,0.38525,0.39502,0.38525,0.40479,0.3999,0.41992,0.41992,0.43506,0.44482,0.45996,0.47021,0.49512,0.50977,0.53516,0.56006,0.6001,0.625,0.66016,0.68018,0.70508,0.71484,0.68018,0.625,0.55518,0.5,0.45508,0.4248,0.39502,0.39014,0.375,0.39014,0.37988,0.38525,0.37988,0.38525,0.38525,0.39502,0.39014,0.39502,0.39502,0.40479,0.41504,0.41016,0.41504,0.41016,0.41992,0.4248,0.43994,0.45996,0.47021,0.4751,0.49023,0.5,0.51514,0.50488,0.47998,0.43994,0.4248,0.41504,0.41992,0.41504,0.43018,0.40479,0.36523,0.56982,1.2446,1.5,1.5,1.0249,0.63477,0.47998,0.41992,0.39502,0.38525,0.39014,0.39502,0.40479,0.40479,0.41504,0.41992,0.43018,0.43994,0.45996,0.45996,0.4751,0.47998,0.49512,0.50977,0.53516,0.55518,0.5752,0.6001,0.64014,0.66504,0.69482,0.71973,0.73486,0.74512,0.7002,0.64502,0.5752,0.5249,0.47998,0.45996,0.43506,0.4248,0.41992,0.41992,0.41992,0.41992,0.41992,0.43018,0.43506,0.43994,0.43018,0.43994,0.43994,0.44482,0.4502,0.4502,0.45508,0.4502,0.45996,0.45508,0.46484,0.48486,0.5,0.50977,0.52002,0.51514,0.54004,0.54492,0.53516,0.5,0.47998,0.44482,0.43994,0.43994,0.44482,0.43994,0.43018,0.37988,0.58984,1.2598,1.5,1.5,1.0498,0.65479,0.48486,0.41016,0.38525,0.37988,0.375,0.39014,0.38525,0.3999,0.39502,0.41504,0.41992,0.43506,0.43994,0.45508,0.4502,0.4751,0.47021,0.50977,0.51514,0.53516,0.55518,0.58984,0.61475,0.65479,0.68506,0.70996,0.72998,0.7251,0.69482,0.625,0.56006,0.49512,0.45996,0.4248,0.41504,0.39502,0.39014,0.37988,0.39502,0.38525,0.39502,0.39502,0.3999,0.40479,0.3999,0.41504,0.41016,0.43018,0.41992,0.4248,0.41992,0.43506,0.41992,0.45508,0.45996,0.4751,0.47021,0.49512,0.50488,0.52002,0.49512,0.4751,0.43018,0.41992,0.3999,0.41504,0.40479,0.41992,0.39502,0.36523,0.54492,1.2246,1.5,1.5,0.96973,0.58496,0.45996,0.39502,0.375,0.35986,0.36523,0.35498,0.375,0.37012,0.39014,0.39502,0.41016,0.41016,0.4248,0.4248,0.43994,0.4502,0.47021,0.48486,0.50977,0.5249,0.55518,0.58008,0.60986,0.64014,0.66992,0.7002,0.71484,0.71973,0.66504,0.60498,0.54004,0.49512,0.44482,0.4248,0.41016,0.3999,0.39502,0.39502,0.39014,0.39502,0.39502,0.39502,0.39502,0.3999,0.3999,0.41016,0.40479,0.41016,0.41016,0.41016,0.41504,0.41504,0.41992,0.41992,0.43018,0.43994,0.46484,0.47021,0.49023,0.49023,0.50977,0.51514,0.50977,0.47021,0.43994,0.41992,0.41016,0.41016,0.41992,0.41504,0.3999,0.35498,0.56982,1.2397,1.5,1.5,1,0.6001,0.4502,0.37988,0.35986,0.35498,0.3501,0.35986,0.36523,0.37012,0.37012,0.38525,0.39014,0.3999,0.3999,0.41992,0.43506,0.44482,0.45508,0.46484,0.47998,0.50977,0.52979,0.56494,0.58984,0.62012,0.6499,0.68018,0.7002,0.69482,0.66016,0.59521,0.54004,0.47021,0.43506,0.3999,0.38525,0.37012,0.37012,0.35986,0.36523,0.35986,0.36523,0.35986,0.37012,0.36523,0.37012,0.375,0.37012,0.38525,0.37988,0.39502,0.39014,0.3999,0.39502,0.41992,0.43506,0.4502,0.4502,0.46484,0.4751,0.49023,0.46484,0.44482,0.41016,0.40479,0.39014,0.3999,0.39502,0.40479,0.375,0.3501,0.60986,1.2998,1.5,1.5,0.90479,0.56982,0.43018,0.37012,0.35498,0.3501,0.35498,0.3501,0.37012,0.37012,0.39014,0.39014,0.3999,0.40479,0.41992,0.4248,0.43994,0.44482,0.46484,0.47998,0.50488,0.52002,0.54492,0.56982,0.60986,0.64014,0.66504,0.69482,0.70508,0.69482,0.6499,0.59521,0.52979,0.48486,0.43506,0.41992,0.39502,0.39502,0.375,0.37012,0.36523,0.37012,0.36523,0.37012,0.36523,0.37012,0.36523,0.35986,0.37012,0.36523,0.37012,0.37012,0.375,0.37012,0.37988,0.37012,0.39502,0.41504,0.4248,0.43018,0.4502,0.45508,0.47998,0.4751,0.45996,0.41992,0.3999,0.38525,0.39502,0.39502,0.39502,0.3999,0.3501,0.40479,0.8999,1.5,1.5,1.3047,0.68994,0.49512,0.39014,0.35986,0.3501,0.35498,0.3501,0.37012,0.37012,0.39502,0.39014,0.3999,0.40479,0.41504,0.41992,0.43994,0.44482,0.47021,0.47998,0.50488,0.5249,0.5498,0.56494,0.6001,0.63477,0.66016,0.7002,0.70996,0.7251,0.69482,0.6499,0.58008,0.52002,0.47021,0.43994,0.41504,0.3999,0.39014,0.39014,0.38525,0.39502,0.39014,0.39502,0.39502,0.39502,0.39502,0.3999,0.40479,0.39502,0.40479,0.3999,0.41016,0.40479,0.41016,0.40479,0.43018,0.43506,0.4502,0.45996,0.4751,0.49023,0.49023,0.46484,0.43506,0.3999,0.39502,0.38525,0.39014,0.39502,0.39502,0.35498,0.33008,0.74512,1.4849,1.5,1.4697,0.75,0.50488,0.40479,0.35986,0.3501,0.3501,0.3501,0.35498,0.36523,0.36523,0.375,0.37988,0.39502,0.39502,0.40479,0.41992,0.43018,0.43994,0.45996,0.4751,0.5,0.52002,0.54492,0.5752,0.60986,0.64014,0.66992,0.68994,0.7002,0.68018,0.62988,0.56006,0.49512,0.45508,0.41992,0.40479,0.38525,0.38525,0.37012,0.38525,0.37988,0.39014,0.38525,0.39502,0.39502,0.3999,0.40479,0.3999,0.41016,0.3999,0.41504,0.40479,0.41504,0.41016,0.41992,0.41504,0.4248,0.43506,0.46484,0.46484,0.48486,0.47998,0.50488,0.51514,0.50488,0.47021,0.44482,0.41504,0.41016,0.3999,0.41504,0.41992,0.3999,0.36523,0.58496,1.27,1.5,1.5,0.98486,0.60986,0.4502,0.38525,0.3501,0.3501,0.33984,0.3501,0.3501,0.37012,0.37012,0.37988,0.39014,0.3999,0.40479,0.41992,0.4248,0.43994,0.45996,0.47021,0.49023,0.51514,0.54004,0.56982,0.60498,0.63477,0.66992,0.7002,0.7251,0.71973,0.68994,0.625,0.56494,0.49512,0.45996,0.41992,0.41016,0.39014,0.39502,0.38525,0.37988,0.39502,0.37988,0.39502,0.39014,0.3999,0.39502,0.40479,0.39502,0.41016,0.3999,0.41016,0.40479,0.41504,0.40479,0.43018,0.43506,0.45996,0.45996,0.4751,0.47998,0.5,0.50488,0.48486,0.44482,0.41992,0.3999,0.39502,0.3999,0.3999,0.40479,0.36523,0.34521,0.75488,1.4849,1.5,1.5,0.79004,0.53516,0.40479,0.37012,0.3501,0.3501,0.34521,0.35498,0.35986,0.37012,0.375,0.39014,0.39502,0.38525,0.3999,0.41504,0.41992,0.43994,0.45508,0.46484,0.48486,0.50977,0.52979,0.56006,0.59521,0.625,0.65479,0.6748,0.7002,0.6748,0.62988,0.55518,0.49512,0.44482,0.41992,0.38525,0.37012,0.36523,0.35986,0.35498,0.35986,0.36523,0.3501,0.36523,0.37012,0.36523,0.37012,0.37012,0.37012,0.38525,0.375,0.38525,0.37988,0.3999,0.37988,0.3999,0.41992,0.43506,0.43018,0.4502,0.46484,0.49023,0.47021,0.44482,0.39502,0.39014,0.375,0.375,0.39014,0.39014,0.375,0.3252,0.43018,1.0146,1.5,1.5,1.1099,0.5498,0.41992,0.35986,0.33984,0.3252,0.33496,0.33008,0.33984,0.3501,0.35986,0.35986,0.37012,0.375,0.37988,0.39502,0.41016,0.4248,0.43994,0.45508,0.46484,0.49023,0.50977,0.53516,0.56494,0.6001,0.625,0.65479,0.66504,0.6748,0.63477,0.58008,0.50488,0.45996,0.41504,0.39502,0.37012,0.36523,0.35498,0.35986,0.37012,0.36523,0.37012,0.375,0.37988,0.37012,0.38525,0.39502,0.3999,0.39502,0.41016,0.3999,0.41504,0.41016,0.41992,0.41016,0.4248,0.43506,0.46484,0.46484,0.47998,0.47998,0.5,0.50977,0.50488,0.47021,0.43994,0.41504,0.41016,0.41992,0.41016,0.41992,0.39502,0.37012,0.61475,1.3198,1.5,1.5,0.96973,0.62988,0.45508,0.39502,0.37012,0.36523,0.35986,0.37012,0.375,0.38525,0.39014,0.39502,0.40479,0.41992,0.4248,0.43018,0.43994,0.4502,0.46484,0.48486,0.50488,0.52002,0.55518,0.5752,0.60986,0.64014,0.66992,0.68994,0.71973,0.7002,0.66992,0.60498,0.54492,0.48486,0.45996,0.41504,0.41504,0.39502,0.3999,0.38525,0.39502,0.39014,0.39502,0.3999,0.39502,0.40479,0.39502,0.41016,0.40479,0.41504,0.41504,0.41992,0.41992,0.41992,0.41992,0.43018,0.43994,0.45996,0.46484,0.4751,0.47998,0.5,0.50977,0.51514,0.48486,0.45508,0.41992,0.41504,0.40479,0.41016,0.41992,0.40479,0.37012,0.35498,0.87988,1.5,1.5,1.3848,0.75977,0.51514,0.41016,0.36523,0.35986,0.3501,0.35498,0.35986,0.37012,0.375,0.38525,0.39502,0.40479,0.41016,0.41992,0.4248,0.43994,0.45508,0.46484,0.49023,0.50977,0.53516,0.5498,0.58008,0.60498,0.64502,0.66504,0.68994,0.7002,0.68506,0.625,0.56006,0.50488,0.45996,0.41992,0.3999,0.37988,0.375,0.37012,0.375,0.37012,0.37012,0.37988,0.37012,0.38525,0.37988,0.38525,0.38525,0.39502,0.38525,0.40479,0.39502,0.39502,0.39502,0.39502,0.41504,0.4248,0.43506,0.4502,0.45996,0.47998,0.49023,0.47998,0.44482,0.41504,0.39014,0.37988,0.38525,0.37988,0.39502,0.375,0.33008,0.41504,0.95508,1.5,1.5,1.1997,0.60498,0.4502,0.37012,0.34521,0.33984,0.33496,0.34521,0.33984,0.3501,0.35498,0.37012,0.375,0.39014,0.39502,0.3999,0.41016,0.4248,0.43994,0.44482,0.46484,0.48486,0.51514,0.53516,0.5752,0.59521,0.62988,0.6499,0.6748,0.66992,0.6499,0.58496,0.52979,0.47021,0.43506,0.40479,0.39014,0.37012,0.36523,0.37012,0.37012,0.375,0.37988,0.38525,0.37988,0.39502,0.39014,0.3999,0.39502,0.40479,0.3999,0.41016,0.3999,0.41016,0.40479,0.3999,0.3999,0.41992,0.43018,0.4502,0.45508,0.46484,0.47021,0.49023,0.49512,0.49023,0.45508,0.41992,0.3999,0.39502,0.39502,0.39502,0.40479,0.375,0.3501,0.61475,1.3247,1.5,1.5,0.93994,0.60498,0.43506,0.375,0.3501,0.3501,0.3501,0.35986,0.36523,0.35986,0.375,0.38525,0.39502,0.40479,0.41504,0.41992,0.43018,0.43994,0.46484,0.47021,0.49512,0.51514,0.54492,0.56494,0.60498,0.625,0.66504,0.68506,0.70996,0.7002,0.66504,0.6001,0.54492,0.48486,0.44482,0.41016,0.3999,0.38525,0.375,0.39014,0.375,0.38525,0.37988,0.39014,0.39502,0.39502,0.39502,0.3999,0.39502,0.41016,0.39502,0.40479,0.3999,0.41016,0.3999,0.41504,0.4248,0.43994,0.45996,0.46484,0.47998,0.48486,0.50488,0.49512,0.48486,0.45996,0.43018,0.41016,0.3999,0.3999,0.41504,0.41016,0.39502,0.3501,0.58008,1.2349,1.5,1.5,0.96484,0.56006,0.43506,0.36523,0.3501,0.34521,0.3501,0.34521,0.3501,0.35986,0.36523,0.375,0.39014,0.39502,0.39502,0.41504,0.41992,0.43994,0.43994,0.45996,0.47021,0.5,0.52002,0.55518,0.58008,0.62012,0.64014,0.66992,0.68994,0.68018,0.64502,0.58496,0.52002,0.45996,0.41992,0.39502,0.375,0.35986,0.36523,0.3501,0.35498,0.3501,0.35498,0.3501,0.35986,0.3501,0.37012,0.36523,0.37012,0.37012,0.375,0.375,0.37988,0.37988,0.38525,0.39502,0.41992,0.43018,0.43994,0.4502,0.45996,0.47998,0.48486,0.47021,0.43994,0.41504,0.3999,0.3999,0.39502,0.40479,0.41016,0.39014,0.35498,0.58008,1.2549,1.5,1.5,0.96973,0.6001,0.45508,0.39014,0.37012,0.35498,0.3501,0.37012,0.35986,0.37988,0.39014,0.39502,0.3999,0.41016,0.41504,0.43506,0.43018,0.45508,0.45508,0.47998,0.49023,0.51514,0.52979,0.5752,0.6001,0.64014,0.66016,0.69482,0.70508,0.7002,0.66016,0.60498,0.53516,0.48486,0.44482,0.41992,0.40479,0.39502,0.38525,0.37988,0.39014,0.39014,0.39502,0.39014,0.3999,0.39502,0.40479,0.39502,0.41504,0.40479,0.41504,0.41016,0.41504,0.41016,0.41504,0.41504,0.43018,0.43994,0.4502,0.46484,0.4751,0.48486,0.5,0.51514,0.49512,0.48486,0.44482,0.4248,0.41016,0.41992,0.41016,0.4248,0.41504,0.375,0.37012,0.90479,1.5,1.5,1.3599,0.75,0.52002,0.41504,0.375,0.37012,0.35498,0.3501,0.37012,0.36523,0.39014,0.39014,0.39502,0.39502,0.41504,0.41992,0.43506,0.43018,0.45508,0.4502,0.47998,0.49023,0.52002,0.54004,0.58008,0.60498,0.64502,0.6748,0.68506,0.69482,0.68018,0.62988,0.56006,0.49512,0.4502,0.41504,0.39014,0.37012,0.36523,0.37012,0.35986,0.37012,0.36523,0.375,0.36523,0.375,0.36523,0.37988,0.37012,0.37988,0.375,0.38525,0.39014,0.37988,0.39502,0.39502,0.41016,0.4248,0.43994,0.43994,0.45996,0.4751,0.47998,0.45996,0.43506,0.40479,0.39014,0.375,0.38525,0.37988,0.39502,0.37988,0.33984,0.41504,0.97998,1.5,1.5,1.1851,0.62012,0.45508,0.375,0.3501,0.33984,0.33984,0.33984,0.34521,0.3501,0.36523,0.37012,0.375,0.37988,0.3999,0.40479,0.41992,0.4248,0.43994,0.45508,0.4751,0.49512,0.5249,0.54004,0.58008,0.60498,0.64014,0.66016,0.68018,0.68506,0.6499,0.59521,0.53516,0.47998,0.43506,0.41016,0.39502,0.37988,0.375,0.375,0.37012,0.375,0.37012,0.38525,0.37988,0.39014,0.38525,0.39502,0.39502,0.40479,0.39502,0.40479,0.41016,0.3999,0.40479,0.3999,0.40479,0.41016,0.41992,0.43506,0.4502,0.4502,0.46484,0.45996,0.47998,0.45996,0.47021,0.43506,0.41992,0.3999,0.40479,0.39502,0.41504,0.39502,0.35986,0.3501,0.90967,1.5,1.5,1.3198,0.75488,0.52002,0.3999,0.36523,0.35498,0.35986,0.3501,0.37012,0.37988,0.39502,0.40479,0.41016,0.3999,0.41016,0.41016,0.4248,0.4248,0.44482,0.45508,0.4751,0.47998,0.52002,0.53516,0.5752,0.60498,0.63477,0.66016,0.69482,0.70508,0.68994,0.64014,0.56982,0.51514,0.45996,0.43018,0.39502,0.39014,0.375,0.38525,0.375,0.38525,0.375,0.38525,0.37988,0.39014,0.37988,0.39014,0.39502,0.39014,0.39502,0.39502,0.3999,0.39502,0.40479,0.3999,0.41504,0.41992,0.43994,0.4502,0.47021,0.48486,0.5,0.5,0.49023,0.4751,0.45508,0.41992,0.41992,0.40479,0.41504,0.41992,0.41504,0.35986,0.3501,0.84473,1.5,1.5,1.4097,0.74512,0.5249,0.40479,0.37012,0.35498,0.3501,0.35986,0.35498,0.35986,0.3501,0.37988,0.375,0.39502,0.39502,0.41016,0.41992,0.43506,0.43994,0.45508,0.46484,0.49023,0.50977,0.54492,0.56982,0.60986,0.62988,0.66504,0.68994,0.7002,0.6748,0.62012,0.56006,0.49512,0.4502,0.41016,0.39014,0.36523,0.36523,0.3501,0.35986,0.3501,0.35986,0.36523,0.35986,0.35498,0.36523,0.37012,0.375,0.38525,0.37988,0.38525,0.39502,0.3999,0.39502,0.3999,0.41016,0.41992,0.4248,0.43018,0.43994,0.46484,0.45996,0.45508,0.43018,0.3999,0.37012,0.35498,0.3501,0.37012,0.375,0.37988,0.33496,0.31494,0.76514,1.5,1.5,1.3999,0.68506,0.4751,0.37988,0.35498,0.3501,0.33984,0.3501,0.3501,0.37012,0.37012,0.37988,0.38525,0.3999,0.3999,0.41992,0.41992,0.43506,0.44482,0.47021,0.49023,0.50488,0.52979,0.55518,0.58008,0.61475,0.64014,0.66992,0.69482,0.70508,0.69482,0.64014,0.5752,0.50977,0.47021,0.43506,0.41016,0.39502,0.39014,0.37988,0.38525,0.39014,0.38525,0.39502,0.39502,0.39502,0.40479,0.41016,0.41504,0.41016,0.41504,0.41992,0.41016,0.41992,0.41016,0.41992,0.41504,0.41992,0.41992,0.43994,0.4502,0.4751,0.46484,0.48486,0.49023,0.50977,0.49023,0.49512,0.45996,0.43506,0.41992,0.41992,0.4248,0.43018,0.43506,0.41016,0.37988,0.66016,1.3696,1.5,1.5,0.94971,0.60986,0.4502,0.39014,0.37012,0.37012,0.37012,0.375,0.37012,0.38525,0.39014,0.3999,0.3999,0.41992,0.4248,0.43994,0.44482,0.45996,0.47021,0.49023,0.50488,0.52979,0.56006,0.58008,0.60986,0.64014,0.6748,0.69482,0.71973,0.71484,0.68018,0.62012,0.5498,0.49023,0.45996,0.41992,0.40479,0.39014,0.375,0.36523,0.37988,0.38525,0.37012,0.37988,0.375,0.38525,0.37012,0.38525,0.37012,0.39014,0.38525,0.39502,0.37988,0.40479,0.3999,0.41504,0.41016,0.43994,0.43994,0.45996,0.46484,0.49023,0.47021,0.46484,0.43994,0.41992,0.39014,0.38525,0.39014,0.39502,0.39502,0.37988,0.33008,0.45996,1.0947,1.5,1.5,1.085,0.59521,0.4502,0.37988,0.3501,0.3501,0.34521,0.35498,0.35986,0.37012,0.375,0.39502,0.3999,0.39502,0.41504,0.43018,0.43994,0.45996,0.46484,0.48486,0.5,0.52002,0.5498,0.56982,0.60498,0.62988,0.66504,0.68506,0.70996,0.71484,0.68506,0.62012,0.56006,0.49512,0.45996,0.41992,0.40479,0.39502,0.39502,0.39014,0.39502,0.39502,0.39014,0.39502,0.39502,0.3999,0.3999,0.41016,0.3999,0.41504,0.40479,0.41504,0.40479,0.41992,0.41016,0.41504,0.41016,0.41992,0.4248,0.44482,0.45996,0.4751,0.4751,0.47998,0.49023,0.49023,0.48486,0.45996,0.43018,0.40479,0.39502,0.40479,0.41016,0.40479,0.38525,0.35498,0.61475,1.2749,1.5,1.5,1,0.61475,0.4502,0.375,0.35498,0.3501,0.3501,0.3501,0.35498,0.35986,0.37012,0.375,0.37988,0.39502,0.3999,0.41016,0.41992,0.43506,0.44482,0.46484,0.48486,0.5,0.52979,0.56006,0.58984,0.62012,0.6499,0.6748,0.7002,0.70508,0.66992,0.61475,0.54492,0.49512,0.44482,0.41992,0.39502,0.38525,0.37012,0.37012,0.375,0.37012,0.37012,0.37012,0.375,0.37012,0.37988,0.375,0.38525,0.37988,0.39502,0.38525,0.39502,0.39502,0.39502,0.39502,0.41016,0.41992,0.43506,0.44482,0.43994,0.46484,0.48486,0.47021,0.46484,0.4502,0.41504,0.3999,0.39014,0.39502,0.39014,0.3999,0.39502,0.3501,0.34521,0.97998,1.5,1.5,1.23,0.64502,0.45508,0.375,0.34521,0.33984,0.33008,0.33984,0.33496,0.35498,0.35986,0.35498,0.37012,0.38525,0.39502,0.3999,0.41016,0.41992,0.43994,0.4502,0.46484,0.48486,0.51514,0.53516,0.5752,0.6001,0.64014,0.65479,0.68506,0.68994,0.66992,0.60498,0.54004,0.47998,0.43994,0.41016,0.39014,0.375,0.36523,0.37012,0.35498,0.37012,0.37012,0.37988,0.375,0.39014,0.39502,0.39502,0.39502,0.3999,0.40479,0.40479,0.40479,0.41016,0.40479,0.41992,0.41992,0.43994,0.4502,0.46484,0.47021,0.47998,0.49512,0.5,0.49023,0.47021,0.43994,0.41504,0.40479,0.39502,0.41504,0.41016,0.41504,0.3501,0.48486,1.085,1.5,1.5,1.1548,0.68018,0.49512,0.39502,0.37012,0.35986,0.36523,0.37012,0.375,0.38525,0.37988,0.39502,0.39502,0.41016,0.41504,0.43018,0.43506,0.4502,0.45508,0.47021,0.48486,0.50977,0.52979,0.56006,0.58984,0.625,0.6499,0.68018,0.7002,0.70508,0.6748,0.62012,0.5498,0.49512,0.4502,0.41992,0.39502,0.38525,0.375,0.37012,0.375,0.37012,0.375,0.37012,0.37988,0.38525,0.39502,0.38525,0.39502,0.39014,0.39502,0.39502,0.40479,0.3999,0.3999,0.39502,0.3999,0.41992,0.43994,0.4502,0.45996,0.46484,0.4751,0.49023,0.4751,0.46484,0.43994,0.41504,0.39502,0.39502,0.39014,0.3999,0.39502,0.37012,0.33984,0.62988,1.3447,1.5,1.5,0.875,0.5498,0.40479,0.35986,0.3501,0.33008,0.33984,0.34521,0.33984,0.3501,0.35498,0.36523,0.37012,0.37988,0.38525,0.3999,0.40479,0.4248,0.4248,0.4502,0.45996,0.49512,0.50977,0.5498,0.5752,0.60986,0.62988,0.66992,0.68018,0.6748,0.64014,0.58008,0.52002,0.45996,0.41992,0.39014,0.37012,0.35498,0.3501,0.34521,0.3501,0.33984,0.3501,0.3501,0.35498,0.35986,0.36523,0.35986,0.37012,0.37012,0.37012,0.37012,0.375,0.375,0.37988,0.39014,0.3999,0.41992,0.4248,0.43506,0.4502,0.4751,0.46484,0.4502,0.41992,0.39502,0.37012,0.375,0.37012,0.37988,0.37012,0.35498,0.31982,0.56006,1.2549,1.5,1.5,0.88477,0.52002,0.40479,0.35498,0.34521,0.33008,0.33008,0.33496,0.33008,0.3501,0.35986,0.37012,0.37012,0.39014,0.39014,0.41504,0.41504,0.43018,0.43994,0.46484,0.47998,0.50977,0.52979,0.56006,0.58496,0.625,0.65479,0.68506,0.69482,0.69482,0.66016,0.60498,0.53516,0.47998,0.44482,0.41504,0.39502,0.39014,0.38525,0.37988,0.38525,0.37988,0.39014,0.39014,0.39502,0.39502,0.40479,0.40479,0.41504,0.41016,0.41992,0.41504,0.41992,0.41992,0.41992,0.41992,0.41992,0.43018,0.43506,0.45996,0.46484,0.49023,0.48486,0.5,0.51514,0.52002,0.49023,0.46484,0.43018,0.41992,0.41504,0.41992,0.41992,0.41992,0.37012,0.46484,0.99512,1.5,1.5,1.29,0.73975,0.5249,0.40479,0.375,0.35986,0.35498,0.36523,0.36523,0.375,0.37012,0.39014,0.39502,0.40479,0.41016,0.41992,0.43018,0.43994,0.44482,0.46484,0.48486,0.50488,0.51514,0.5498,0.5752,0.6001,0.64014,0.66504,0.68506,0.69482,0.7002,0.63477,0.56982,0.50977,0.45508,0.41992,0.3999,0.38525,0.37988,0.37012,0.37012,0.37012,0.37012,0.37012,0.375,0.375,0.37988,0.375,0.38525,0.375,0.38525,0.38525,0.39502,0.39502,0.39502,0.39502,0.39502,0.40479,0.43018,0.44482,0.44482,0.45508,0.46484,0.48486,0.49023,0.4751,0.43994,0.41016,0.38525,0.37988,0.38525,0.38525,0.38525,0.36523,0.33496,0.62988,1.3247,1.5,1.5,0.91504,0.56494,0.41992,0.35986,0.34521,0.33496,0.33008,0.34521,0.3501,0.3501,0.35498,0.37012,0.375,0.38525,0.38525,0.40479,0.41504,0.43018,0.43506,0.45996,0.46484,0.49512,0.52002,0.55518,0.58008,0.61475,0.6499,0.6748,0.69482,0.68018,0.64502,0.5752,0.51514,0.45508,0.41992,0.38525,0.37012,0.3501,0.35498,0.33984,0.3501,0.34521,0.35498,0.35498,0.35986,0.36523,0.35986,0.35498,0.37012,0.35986,0.36523,0.37012,0.375,0.37012,0.375,0.38525,0.3999,0.41992,0.41016,0.43506,0.44482,0.46484,0.46484,0.44482,0.41504,0.37988,0.36523,0.35498,0.35986,0.37012,0.37012,0.33008,0.30518,0.66504,1.4048,1.5,1.4897,0.7002,0.45508,0.36523,0.34521,0.3252,0.3252,0.3252,0.33496,0.33008,0.3501,0.35498,0.37012,0.37012,0.37988,0.39014,0.41016,0.41992,0.43018,0.43994,0.46484,0.47998,0.50488,0.52979,0.56006,0.58984,0.625,0.65479,0.6748,0.68994,0.66992,0.62988,0.56494,0.50977,0.45996,0.43506,0.40479,0.39502,0.37988,0.39014,0.38525,0.39502,0.39014,0.39502,0.40479,0.41504,0.41016,0.41504,0.41992,0.41504,0.41992,0.41992,0.43018,0.41992,0.43506,0.4248,0.43018,0.4248,0.43994,0.45508,0.4751,0.47998,0.49023,0.49023,0.50977,0.52002,0.50977,0.4751,0.44482,0.4248,0.41992,0.41992,0.43018,0.43506,0.3999,0.375,0.69482,1.4097,1.5,1.5,0.9248,0.60498,0.4502,0.39014,0.37012,0.37012,0.35986,0.37012,0.37012,0.38525,0.38525,0.39502,0.3999,0.41504,0.41992,0.41504,0.43994,0.4502,0.45508,0.47998,0.49512,0.52002,0.54004,0.5752,0.60986,0.63477,0.66992,0.68994,0.71484,0.70508,0.66504,0.6001,0.54004,0.47998,0.44482,0.41016,0.39014,0.37012,0.37012,0.37012,0.37012,0.36523,0.37012,0.37012,0.37012,0.375,0.375,0.37012,0.375,0.375,0.375,0.38525,0.37988,0.38525,0.38525,0.39502,0.40479,0.43018,0.4248,0.43994,0.44482,0.46484,0.4751,0.45996,0.43018,0.3999,0.375,0.375,0.35986,0.37012,0.37012,0.36523,0.31006,0.4248,1.04,1.5,1.5,1.0801,0.56982,0.41504,0.3501,0.31982,0.31494,0.31006,0.31982,0.31494,0.33496,0.33496,0.3501,0.35986,0.37012,0.37012,0.38525,0.39502,0.41016,0.41992,0.43506,0.4502,0.47998,0.5,0.52979,0.56006,0.58984,0.625,0.6499,0.6748,0.66992,0.6499,0.58496,0.5249,0.45996,0.43018,0.39502,0.37988,0.36523,0.37012,0.37012,0.375,0.37012,0.375,0.38525,0.38525,0.39502,0.39502,0.3999,0.41504,0.41992,0.41992,0.41992,0.41992,0.41992,0.41992,0.41992,0.41992,0.43994,0.45508,0.47021,0.47998,0.49023,0.5,0.52002,0.51514,0.5,0.46484,0.43994,0.4248,0.43018,0.4248,0.41992,0.43506,0.37012,0.46484,1.0298,1.5,1.5,1.2549,0.72998,0.53516,0.40479,0.37988,0.35986,0.37012,0.36523,0.37012,0.37012,0.37988,0.39014,0.3999,0.40479,0.41992,0.41992,0.43506,0.44482,0.45508,0.47021,0.47998,0.49512,0.52002,0.55518,0.58008,0.61475,0.64014,0.6748,0.68994,0.7002,0.68018,0.63477,0.56006,0.50488,0.45508,0.4248,0.39502,0.39014,0.37012,0.375,0.37988,0.375,0.37012,0.37012,0.375,0.37012,0.38525,0.38525,0.39502,0.39014,0.3999,0.39014,0.3999,0.39502,0.3999,0.39502,0.3999,0.41504,0.43506,0.44482,0.45508,0.45996,0.45508,0.49023,0.49023,0.45508,0.4248,0.39502,0.37988,0.38525,0.37988,0.39014,0.37988,0.33984,0.3252,0.8501,1.5,1.5,1.3647,0.69482,0.47998,0.37988,0.33496,0.3252,0.31982,0.3252,0.3252,0.33496,0.33984,0.3501,0.35498,0.36523,0.37012,0.38525,0.375,0.39502,0.41016,0.41504,0.43994,0.45996,0.48486,0.51514,0.54492,0.56494,0.60498,0.63477,0.65479,0.66016,0.64014,0.58496,0.5249,0.46484,0.41992,0.39014,0.36523,0.3501,0.34521,0.33008,0.3252,0.33496,0.33008,0.33984,0.33984,0.3501,0.3501,0.35986,0.35986,0.37012,0.37012,0.37988,0.37988,0.38525,0.37988,0.40479,0.41504,0.43994,0.4502,0.46484,0.47021,0.49023,0.50488,0.49023,0.45996,0.43018,0.41504,0.41016,0.40479,0.41504,0.41992,0.39014,0.36523,0.66016,1.3848,1.5,1.5,0.89502,0.58984,0.44482,0.39502,0.37012,0.37012,0.36523,0.375,0.37988,0.39014,0.39502,0.40479,0.41504,0.41992,0.43506,0.43994,0.45508,0.46484,0.48486,0.5,0.5249,0.54004,0.56982,0.58984,0.625,0.6499,0.69482,0.70508,0.7251,0.70996,0.6748,0.60498,0.54004,0.49023,0.45996,0.4248,0.41016,0.39502,0.39502,0.39502,0.39502,0.3999,0.39502,0.39502,0.39502,0.3999,0.3999,0.41016,0.40479,0.41992,0.41016,0.41504,0.41016,0.41992,0.41016,0.41992,0.41504,0.43994,0.45508,0.47021,0.47998,0.49023,0.49512,0.50977,0.5,0.47021,0.43506,0.41504,0.40479,0.39502,0.41016,0.40479,0.39014,0.34521,0.54004,1.1748,1.5,1.5,1.085,0.64014,0.47021,0.375,0.3501,0.34521,0.33984,0.34521,0.3501,0.35986,0.37012,0.375,0.37988,0.39502,0.39502,0.41016,0.41992,0.43018,0.43506,0.45508,0.46484,0.49512,0.51514,0.5498,0.56982,0.60986,0.64014,0.66992,0.68506,0.69482,0.66016,0.6001,0.54004,0.48486,0.43506,0.40479,0.38525,0.37012,0.36523,0.35986,0.36523,0.35986,0.36523,0.36523,0.37012,0.37012,0.375,0.375,0.39014,0.38525,0.39014,0.39014,0.39502,0.38525,0.39502,0.39502,0.41504,0.4248,0.43994,0.44482,0.45996,0.4751,0.49023,0.49512,0.47021,0.43994,0.41016,0.39502,0.39014,0.39502,0.39502,0.39502,0.34521,0.33008,0.83496,1.5,1.5,1.4146,0.75,0.52002,0.3999,0.36523,0.3501,0.34521,0.3501,0.3501,0.35498,0.37012,0.37012,0.38525,0.39014,0.39502,0.40479,0.41504,0.43018,0.43506,0.4502,0.46484,0.49023,0.51514,0.54004,0.56982,0.60498,0.63477,0.66504,0.68994,0.7002,0.68018,0.63477,0.56982,0.50488,0.4502,0.41992,0.39502,0.37988,0.37012,0.37012,0.36523,0.37012,0.375,0.36523,0.375,0.375,0.37988,0.37988,0.38525,0.37012,0.39014,0.39014,0.39502,0.38525,0.39502,0.38525,0.3999,0.41504,0.43018,0.43994,0.45508,0.46484,0.48486,0.49023,0.46484,0.43506,0.3999,0.38525,0.37988,0.38525,0.37988,0.38525,0.35498,0.33008,0.56982,1.2798,1.5,1.5,0.875,0.5249,0.3999,0.3501,0.3252,0.31982,0.3252,0.3252,0.33008,0.33984,0.34521,0.3501,0.35498,0.36523,0.37988,0.37988,0.3999,0.40479,0.4248,0.43506,0.45996,0.47998,0.50977,0.54004,0.58008,0.60498,0.63477,0.66016,0.6748,0.66992,0.63477,0.56982,0.5,0.44482,0.40479,0.375,0.35986,0.3501,0.33496,0.33984,0.33984,0.34521,0.33496,0.3501,0.3501,0.35498,0.35986,0.37012,0.37012,0.375,0.37012,0.38525,0.39014,0.37988,0.39014,0.40479,0.41992,0.43018,0.44482,0.45996,0.47021,0.48486,0.49023,0.45508,0.4248,0.39502,0.37988,0.37988,0.38525,0.39014,0.39502,0.33496,0.4248,0.95996,1.5,1.5,1.2446,0.68018,0.49512,0.38525,0.35498,0.33984,0.33496,0.3501,0.34521,0.35986,0.36523,0.37012,0.375,0.39502,0.39502,0.41992,0.41992,0.43994,0.43994,0.46484,0.48486,0.50977,0.5249,0.55518,0.58008,0.61475,0.64502,0.66992,0.69482,0.70508,0.68018,0.62012,0.56006,0.50488,0.45508,0.41992,0.40479,0.39014,0.37988,0.375,0.375,0.375,0.38525,0.37988,0.39014,0.38525,0.39502,0.39502,0.39502,0.3999,0.39502,0.40479,0.41016,0.40479,0.41016,0.40479,0.41016,0.43018,0.44482,0.45996,0.47021,0.48486,0.49512,0.51514,0.50488,0.48486,0.44482,0.4248,0.41016,0.41504,0.41016,0.41504,0.40479,0.35498,0.44482,0.98486,1.5,1.5,1.2998,0.7251,0.50977,0.3999,0.37012,0.35498,0.3501,0.35498,0.35986,0.36523,0.37012,0.37988,0.39014,0.39502,0.40479,0.41016,0.41992,0.43018,0.44482,0.45996,0.47998,0.49512,0.5249,0.55518,0.58496,0.60986,0.6499,0.66504,0.69482,0.7002,0.68018,0.62988,0.56494,0.50488,0.45508,0.4248,0.39502,0.37988,0.36523,0.37012,0.36523,0.37012,0.36523,0.37012,0.37012,0.37988,0.37012,0.37988,0.38525,0.375,0.39014,0.37988,0.39014,0.39014,0.39502,0.39014,0.3999,0.41504,0.43506,0.43994,0.45508,0.45996,0.49023,0.49023,0.47021,0.41992,0.3999,0.37988,0.37988,0.37012,0.37988,0.37988,0.35498,0.3252,0.6499,1.3848,1.5,1.5,0.7749,0.49023,0.38525,0.33984,0.33008,0.31494,0.31982,0.3252,0.31982,0.33984,0.34521,0.35498,0.35986,0.375,0.37988,0.3999,0.40479,0.4248,0.43018,0.4502,0.46484,0.49512,0.51514,0.55518,0.58008,0.61475,0.64014,0.66992,0.6748,0.66992,0.62012,0.56494,0.5,0.4502,0.41504,0.38525,0.37012,0.35986,0.36523,0.35498,0.37012,0.36523,0.38525,0.38525,0.41992,0.4502,0.49023,0.5,0.50488,0.47998,0.4502,0.41504,0.3999,0.39014,0.38525,0.39502,0.39014,0.39502,0.35986,0.33496,0.71484,1.4448,1.5,1.5,0.8501,0.56006,0.40479,0.36523,0.33984,0.34521,0.33984,0.3501,0.35498,0.36523,0.37012,0.37988,0.38525,0.39502,0.39502,0.40479,0.41992,0.43506,0.45508,0.46484,0.49023,0.50977,0.54004,0.56494,0.58984,0.62012,0.64502,0.65479,0.64502,0.60498,0.55518,0.49512,0.45996,0.4248,0.40479,0.38525,0.37988,0.375,0.37988,0.375,0.37988,0.38525,0.37988,0.39014,0.38525,0.39014,0.39014,0.39502,0.39502,0.40479,0.3999,0.40479,0.3999,0.41016,0.40479,0.41992,0.41016,0.41504,0.41992,0.41504,0.41992,0.41992,0.41992,0.4248,0.43506,0.4502,0.46484,0.4751,0.48486,0.49023,0.50977,0.50977,0.5,0.47021,0.43994,0.41992,0.41992,0.41504,0.41992,0.41016,0.375,0.35498,0.84473,1.5,1.5,1.4399,0.79492,0.54492,0.41504,0.37012,0.35986,0.35498,0.35498,0.35986,0.37012,0.37012,0.375,0.39502,0.39014,0.41016,0.41992,0.4248,0.43506,0.45508,0.46484,0.49023,0.49023,0.5249,0.53516,0.56982,0.59521,0.63477,0.65479,0.69482,0.70996,0.72998,0.70508,0.65479,0.58496,0.5249,0.47021,0.43506,0.41016,0.39502,0.38525,0.37988,0.39014,0.38525,0.39502,0.38525,0.39014,0.38525,0.39502,0.39014,0.39502,0.39502,0.3999,0.39502,0.39502,0.39502,0.39502,0.3999,0.43018,0.43994,0.44482,0.45996,0.45508,0.49023,0.48486,0.49023,0.44482,0.41992,0.39502,0.39014,0.37988,0.39014,0.37988,0.38525,0.3252,0.53516,1.1797,1.5,1.5,1.02,0.58496,0.43506,0.35986,0.33496,0.3252,0.33008,0.33984,0.34521,0.35498,0.35498,0.37012,0.37012,0.37988,0.375,0.39502,0.40479,0.41992,0.4248,0.44482,0.4502,0.48486,0.49512,0.52979,0.54492,0.58496,0.60986,0.64502,0.66016,0.66016,0.62012,0.56006,0.49512,0.43994,0.3999,0.375,0.35986,0.34521,0.3501,0.34521,0.3501,0.33984,0.3501,0.33984,0.3501,0.3501,0.35498,0.3501,0.36523,0.35986,0.37012,0.36523,0.37012,0.37012,0.36523,0.39502,0.41992,0.4248,0.43506,0.4502,0.47021,0.47998,0.4502,0.41992,0.38525,0.37988,0.37012,0.375,0.375,0.37988,0.35498,0.3252,0.5249,1.1948,1.5,1.5,0.93506,0.52979,0.41016,0.35986,0.33496,0.33008,0.33984,0.34521,0.3501,0.35986,0.37012,0.37988,0.39502,0.39014,0.41016,0.41504,0.43994,0.43994,0.46484,0.4751,0.5,0.51514,0.54492,0.56982,0.60498,0.62988,0.66992,0.68506,0.70996,0.7002,0.66992,0.6001,0.54004,0.48486,0.43994,0.41992,0.3999,0.39502,0.37988,0.37988,0.375,0.39014,0.39014,0.39502,0.39502,0.39502,0.39502,0.3999,0.40479,0.3999,0.39502,0.40479,0.3999,0.41016,0.3999,0.41504,0.41992,0.41016,0.43994,0.4502,0.45996,0.46484,0.4751,0.49023,0.5,0.49023,0.46484,0.43018,0.41504,0.39502,0.41016,0.41016,0.41504,0.38525,0.35986,0.60986,1.2847,1.5,1.5,1,0.62012,0.45508,0.37988,0.3501,0.34521,0.3501,0.33984,0.35498,0.3501,0.37012,0.37012,0.39502,0.39014,0.41016,0.40479,0.43506,0.43506,0.45996,0.45996,0.48486,0.5,0.53516,0.55518,0.58984,0.60986,0.64502,0.66504,0.68994,0.7002,0.66016,0.6001,0.53516,0.48486,0.43994,0.41504,0.39502,0.39014,0.37012,0.37988,0.37012,0.37988,0.37012,0.37988,0.37012,0.38525,0.37988,0.39014,0.38525,0.39014,0.39502,0.39014,0.3999,0.39502,0.41016,0.39502,0.41992,0.43018,0.45508,0.4502,0.46484,0.46484,0.49023,0.48486,0.47021,0.43506,0.41016,0.39014,0.39502,0.39014,0.39502,0.3999,0.375,0.34521,0.71973,1.4399,1.5,1.5,0.85986,0.56006,0.41504,0.36523,0.34521,0.3501,0.33984,0.35498,0.3501,0.37012,0.37012,0.39014,0.38525,0.3999,0.40479,0.41992,0.4248,0.43994,0.4502,0.4751,0.49023,0.52002,0.53516,0.5752,0.60498,0.63477,0.66992,0.69482,0.7002,0.68994,0.65479,0.58984,0.5249,0.46484,0.43506,0.3999,0.39014,0.375,0.37012,0.37012,0.37012,0.37012,0.37988,0.37988,0.38525,0.39014,0.38525,0.39502,0.39014,0.3999,0.39502,0.40479,0.39502,0.3999,0.39502,0.3999,0.41992,0.43994,0.4502,0.46484,0.46484,0.49023,0.49023,0.47021,0.43506,0.40479,0.39502,0.38525,0.38525,0.39502,0.39502,0.37988,0.33496,0.52979,1.1948,1.5,1.5,1.0098,0.58496,0.43506,0.35986,0.33496,0.33496,0.33008,0.33984,0.33984,0.3501,0.3501,0.37012,0.36523,0.38525,0.37988,0.3999,0.41016,0.41992,0.43506,0.4502,0.46484,0.48486,0.50977,0.54004,0.56982,0.6001,0.62988,0.66016,0.6748,0.66992,0.64014,0.56982,0.51514,0.4502,0.41504,0.37988,0.36523,0.3501,0.3501,0.33496,0.34521,0.33496,0.3501,0.3501,0.3501,0.3501,0.3501,0.35986,0.3501,0.36523,0.37012,0.375,0.37012,0.375,0.37012,0.39502,0.40479,0.41992,0.41992,0.44482,0.46484,0.4751,0.44482,0.41992,0.39014,0.375,0.36523,0.37012,0.36523,0.37012,0.35498,0.3252,0.5498,1.23,1.5,1.5,0.88477,0.50977,0.40479,0.35498,0.33496,0.33008,0.33496,0.33496,0.3501,0.35498,0.375,0.375,0.39502,0.39502,0.41016,0.41992,0.43994,0.44482,0.46484,0.47998,0.50488,0.51514,0.54492,0.56982,0.6001,0.63477,0.66992,0.69482,0.70996,0.71484,0.66504,0.6001,0.53516,0.48486,0.4502,0.43018,0.41016,0.40479,0.39502,0.3999,0.39502,0.39502,0.40479,0.3999,0.41504,0.41016,0.41992,0.41504,0.4248,0.41992,0.43018,0.43506,0.43506,0.43018,0.43994,0.43506,0.43994,0.43994,0.45996,0.4751,0.49023,0.49023,0.50488,0.51514,0.51514,0.49512,0.46484,0.43018,0.4248,0.41016,0.4248,0.43018,0.41992,0.38525,0.35986,0.77979,1.4946,1.5,1.5,0.87012,0.5752,0.43018,0.37012,0.36523,0.35498,0.35986,0.35986,0.37012,0.37012,0.38525,0.38525,0.3999,0.41016,0.4248,0.43018,0.44482,0.4502,0.45996,0.4751,0.49512,0.51514,0.54004,0.56982,0.59521,0.62988,0.65479,0.68506,0.69482,0.7002,0.6499,0.59521,0.5249,0.4751,0.4248,0.40479,0.37988,0.38525,0.375,0.37988,0.375,0.37012,0.375,0.37988,0.38525,0.375,0.39014,0.37988,0.39502,0.38525,0.39502,0.39014,0.40479,0.39502,0.3999,0.39502,0.4248,0.43994,0.45508,0.45508,0.46484,0.4751,0.49512,0.47998,0.45996,0.41992,0.3999,0.38525,0.39014,0.39502,0.39502,0.38525,0.33984,0.4751,1.0898,1.5,1.5,1.1396,0.65479,0.47998,0.375,0.3501,0.33008,0.33496,0.33008,0.3501,0.34521,0.35986,0.36523,0.375,0.375,0.39502,0.39502,0.41504,0.41992,0.43018,0.44482,0.46484,0.48486,0.50977,0.54004,0.56982,0.60498,0.63477,0.66504,0.6748,0.68506,0.65479,0.6001,0.5249,0.47021,0.4248,0.3999,0.36523,0.35986,0.3501,0.3501,0.3501,0.3501,0.34521,0.3501,0.3501,0.35498,0.35986,0.35498,0.37012,0.35986,0.37012,0.37012,0.375,0.37012,0.375,0.39014,0.40479,0.41504,0.43018,0.43506,0.46484,0.47021,0.45996,0.41992,0.39014,0.37012,0.35986,0.3501,0.36523,0.37012,0.35986,0.31006,0.30518,0.9751,1.5,1.5,1.125,0.56982,0.41992,0.35498,0.3252,0.3252,0.31494,0.33496,0.33008,0.34521,0.33984,0.35986,0.36523,0.375,0.37988,0.39502,0.41016,0.4248,0.43018,0.4502,0.46484,0.49023,0.51514,0.54004,0.56982,0.6001,0.63477,0.65479,0.68018,0.6748,0.64502,0.58496,0.5249,0.47021,0.43506,0.3999,0.39014,0.37012,0.37988,0.37012,0.37988,0.38525,0.39502,0.38525,0.39502,0.3999,0.39502,0.41016,0.40479,0.41992,0.41992,0.43018,0.41992,0.4248,0.41992,0.43018,0.4248,0.45508,0.45508,0.47998,0.47998,0.49512,0.50488,0.5249,0.50488,0.47998,0.43506,0.4248,0.41504,0.41992,0.4248,0.41992,0.4248,0.36523,0.66504,1.355,1.5,1.5,0.97998,0.62988,0.47021,0.39014,0.375,0.35986,0.37012,0.37012,0.38525,0.39014,0.39502,0.39502,0.41016,0.41992,0.41504,0.43018,0.43994,0.45508,0.46484,0.47998,0.5,0.52002,0.54004,0.5752,0.6001,0.63477,0.66016,0.68994,0.7002,0.70996,0.66016,0.60986,0.54492,0.49512,0.44482,0.43018,0.3999,0.39502,0.38525,0.39502,0.37988,0.38525,0.39014,0.38525,0.39014,0.37988,0.39502,0.38525,0.39502,0.39502,0.40479,0.40479,0.41504,0.40479,0.41992,0.41504,0.43994,0.4502,0.47021,0.4751,0.49023,0.5,0.52002,0.5,0.47998,0.44482,0.41992,0.40479,0.40479,0.41016,0.3999,0.41016,0.34521,0.47021,1.085,1.5,1.5,1.1499,0.6499,0.47998,0.375,0.3501,0.33496,0.34521,0.33984,0.3501,0.35498,0.37012,0.37012,0.38525,0.39502,0.3999,0.41016,0.41992,0.43018,0.44482,0.46484,0.47998,0.50488,0.5249,0.5498,0.58008,0.60986,0.63477,0.66992,0.68018,0.69482,0.65479,0.60986,0.53516,0.47998,0.43506,0.40479,0.375,0.37012,0.35498,0.35986,0.36523,0.3501,0.37012,0.36523,0.37012,0.37012,0.37012,0.37012,0.37988,0.375,0.38525,0.375,0.39502,0.38525,0.39502,0.39014,0.41504,0.4248,0.4502,0.44482,0.46484,0.46484,0.49023,0.4751,0.46484,0.4248,0.39502,0.375,0.37012,0.37988,0.375,0.39014,0.33496,0.3252,0.79004,1.5,1.5,1.4399,0.73975,0.50488,0.375,0.34521,0.31982,0.3252,0.31494,0.3252,0.3252,0.34521,0.3501,0.35986,0.37012,0.37988,0.39014,0.39502,0.41992,0.43018,0.43994,0.4502,0.4751,0.49023,0.5249,0.54004,0.58496,0.61475,0.65479,0.66504,0.68506,0.65479,0.62012,0.54492,0.49512,0.43018,0.3999,0.37012,0.37012,0.35498,0.3501,0.35498,0.34521,0.3501,0.33984,0.3501,0.33496,0.34521,0.3501,0.3501,0.34521,0.35498,0.34521,0.3501,0.34521,0.35986,0.3501,0.375,0.37988,0.39502,0.3999,0.41992,0.43018,0.43994,0.41504,0.38525,0.34521,0.3252,0.31494,0.45508,0.44482,0.48486,0.49512,0.51514,0.4751,0.4502,0.41504,0.3999,0.41504,0.41016,0.40479,0.41992,0.3501,0.4248,0.89502,1.5,1.5,1.3599,0.75977,0.53516,0.40479,0.37012,0.36523,0.35986,0.3501,0.34521,0.37012,0.37012,0.37988,0.37012,0.39502,0.39502,0.4248,0.43018,0.45996,0.43994,0.45508,0.46484,0.49023,0.50488,0.54004,0.56982,0.60986,0.62988,0.66016,0.68506,0.69482,0.70508,0.64502,0.6001,0.52002,0.47021,0.4248,0.43506,0.39502,0.39502,0.36523,0.37988,0.35986,0.375,0.35498,0.375,0.37988,0.37012,0.37012,0.375,0.37012,0.375,0.37988,0.37012,0.37988,0.35498,0.40479,0.43506,0.45508,0.43994,0.46484,0.45996,0.46484,0.4751,0.47998,0.43506,0.41504,0.375,0.37988,0.36523,0.37988,0.39502,0.39014,0.36523,0.33008,0.77002,1.5,1.5,1.3848,0.69482,0.47021,0.33984,0.31006,0.29492,0.29004,0.31006,0.30029,0.33008,0.3501,0.34521,0.3252,0.34521,0.35498,0.375,0.37988,0.3999,0.41016,0.43506,0.48486,0.48486,0.49023,0.48486,0.53516,0.5752,0.60498,0.63477,0.66992,0.68506,0.64502,0.58496,0.5249,0.45996,0.4248,0.38525,0.39014,0.36523,0.36523,0.37012,0.33984,0.33008,0.3501,0.3501,0.34521,0.35986,0.36523,0.37012,0.38525,0.39014,0.36523,0.37012,0.35986,0.375,0.37012,0.40479,0.41992,0.43018,0.43506,0.4502,0.44482,0.47021,0.47998,0.47021,0.43506,0.41992,0.39502,0.39014,0.37988,0.37012,0.37988,0.38525,0.33008,0.56494,1.25,1.5,1.5,0.96973,0.61475,0.43994,0.37012,0.3501,0.3501,0.34521,0.3501,0.36523,0.37012,0.35986,0.37988,0.375,0.40479,0.41992,0.41504,0.43018,0.4502,0.46484,0.49023,0.49023,0.52002,0.5498,0.56982,0.60498,0.64014,0.66016,0.68994,0.7251,0.71973,0.66992,0.59521,0.54004,0.48486,0.46484,0.43018,0.41016,0.39502,0.3999,0.39502,0.40479,0.39502,0.39502,0.38525,0.39502,0.3999,0.40479,0.41016,0.39502,0.40479,0.41504,0.41992,0.41504,0.41016,0.41992,0.41992,0.41504,0.4502,0.45996,0.45508,0.4751,0.47021,0.49023,0.49512,0.47021,0.46484,0.45508,0.41016,0.38525,0.375,0.40479,0.41504,0.375,0.35986,0.76514,1.4946,1.5,1.5,0.83984,0.58008,0.43018,0.37012,0.37012,0.3501,0.37012,0.35986,0.37012,0.37012,0.3999,0.37988,0.40479,0.41016,0.41992,0.43018,0.45508,0.44482,0.47021,0.48486,0.50977,0.5249,0.51514,0.58984,0.61475,0.63477,0.66016,0.7002,0.71484,0.7002,0.66016,0.59521,0.5249,0.4751,0.43018,0.41992,0.3999,0.39502,0.375,0.39014,0.37988,0.375,0.3999,0.375,0.38525,0.37988,0.39502,0.375,0.39502,0.39014,0.3999,0.375,0.38525,0.375,0.3999,0.38525,0.43506,0.4248,0.4502,0.45996,0.46484,0.48486,0.50488,0.47998,0.4248,0.41504,0.39502,0.3999,0.38525,0.3999,0.41504,0.37988,0.33008,0.55518,1.2549,1.5,1.5,0.98975,0.58008,0.45508,0.37012,0.3501,0.34521,0.36523,0.33984,0.37012,0.36523,0.39502,0.38525,0.37988,0.3999,0.37988,0.41504,0.43994,0.45508,0.45508,0.45996,0.47998,0.50977,0.54004,0.5752,0.56006,0.61475,0.6499,0.68506,0.70508,0.7002,0.6748,0.60986,0.5249,0.4751,0.43994,0.43506,0.39014,0.36523,0.35498,0.37012,0.37988,0.375,0.38525,0.37012,0.36523,0.3501,0.375,0.39014,0.38525,0.375,0.37988,0.37012,0.39014,0.38525,0.375,0.38525,0.41504,0.43018,0.4502,0.43018,0.44482,0.48486,0.49023,0.4502,0.43018,0.38525,0.375,0.38525,0.37012,0.37988,0.37988,0.34521,0.30029,0.55518,1.25,1.5,1.5,0.85986,0.50488,0.38525,0.33008,0.3252,0.3252,0.33008,0.3252,0.3501,0.33008,0.33984,0.34521,0.35986,0.37012,0.38525,0.39502,0.39014,0.41504,0.43994,0.47021,0.46484,0.49023,0.52002,0.55518,0.56982,0.58984,0.61475,0.66504,0.68018,0.66504,0.62012,0.58496,0.5,0.45996,0.4248,0.41992,0.375,0.36523,0.37012,0.37012,0.37012,0.37012,0.375,0.375,0.37988,0.39502,0.40479,0.39502,0.41016,0.41504,0.39502,0.38525,0.40479,0.41504,0.41992,0.39502,0.41992,0.43018,0.46484,0.4502,0.46484,0.4751,0.5,0.51514,0.5249,0.46484,0.43018,0.3999,0.39502,0.40479,0.3999,0.40479,0.39014,0.35498,0.54004,1.1899,1.5,1.5,1.04,0.64014,0.44482,0.37012,0.33984,0.34521,0.33984,0.36523,0.37988,0.39014,0.34521,0.35986,0.37012,0.3999,0.3999,0.40479,0.43994,0.43994,0.4502,0.46484,0.47998,0.49512,0.5249,0.5752,0.6001,0.59521,0.64502,0.66016,0.68994,0.7002,0.66992,0.625,0.55518,0.48486,0.44482,0.41016,0.40479,0.39014,0.39502,0.39502,0.39502,0.37988,0.39014,0.41016,0.39014,0.375,0.37012,0.39502,0.38525,0.3999,0.39502,0.41992,0.4248,0.39502,0.39502,0.3999,0.41992,0.43994,0.45996,0.46484,0.46484,0.49023,0.48486,0.49023,0.47021,0.44482,0.41992,0.41016,0.40479,0.39502,0.41504,0.38525,0.35498,0.3252,0.66504,1.375,1.5,1.5,0.83984,0.51514,0.40479,0.3501,0.33496,0.3501,0.33496,0.31982,0.33496,0.3501,0.36523,0.375,0.3501,0.36523,0.37012,0.3999,0.41504,0.41992,0.4248,0.4502,0.46484,0.48486,0.51514,0.53516,0.56494,0.61475,0.62988,0.6499,0.64502,0.65479,0.62012,0.56006,0.45996,0.41992,0.39014,0.37012,0.34521,0.33984,0.35498,0.3501,0.3501,0.34521,0.37012,0.37988,0.35498,0.33496,0.36523,0.37012,0.38525,0.39014,0.39502,0.39502,0.41504,0.39502,0.3999,0.39502,0.4248,0.43506,0.45508,0.46484,0.47998,0.49023,0.49023,0.4751,0.43994,0.41992,0.39502,0.39502,0.39014,0.40479,0.41016,0.37012,0.34521,0.82471,1.5,1.5,1.4346,0.79004,0.54492,0.43018,0.375,0.3501,0.34521,0.35986,0.37012,0.35498,0.34521,0.37988,0.39502,0.375,0.3999,0.41016,0.41992,0.43506,0.45508,0.48486,0.47998,0.47021,0.50977,0.55518,0.58496,0.6001,0.62988,0.66992,0.7002,0.70996,0.71973,0.63477,0.58008,0.52002,0.4751,0.44482,0.41992,0.40479,0.39502,0.3999,0.37988,0.39502,0.375,0.37988,0.39014,0.39502,0.39014,0.3999,0.39502,0.3999,0.39014,0.40479,0.3999,0.41992,0.4248,0.41016,0.40479,0.43506,0.43994,0.45996,0.4751,0.47021,0.49023,0.5,0.50977,0.4751,0.43994,0.40479,0.3999,0.39502,0.41504,0.39502,0.41504,0.34521,0.45508,0.98486,1.5,1.5,1.2446,0.68994,0.49512,0.36523,0.34521,0.3501,0.34521,0.3501,0.33496,0.34521,0.35498,0.37012,0.39014,0.40479,0.375,0.39502,0.39502,0.4248,0.43506,0.43994,0.4502,0.49023,0.50488,0.54004,0.56982,0.61475,0.62012,0.6499,0.68018,0.7002,0.6499,0.60986,0.54492,0.5,0.43506,0.39014,0.38525,0.3501,0.3501,0.33496,0.35986,0.3501,0.3501,0.35498,0.37012,0.3501,0.35498,0.34521,0.37012,0.36523,0.37012,0.37012,0.39014,0.36523,0.37012,0.37988,0.41504,0.41992,0.40479,0.44482,0.45996,0.4751,0.46484,0.4502,0.43018,0.38525,0.37012,0.37012,0.375,0.39014,0.37988,0.34521,0.33496,0.88477,1.5,1.5,1.2998,0.68994,0.50977,0.3999,0.33984,0.33008,0.34521,0.37012,0.36523,0.375,0.36523,0.37988,0.38525,0.39502,0.40479,0.41992,0.4248,0.43018,0.45996,0.47021,0.48486,0.5,0.53516,0.5498,0.58984,0.6001,0.6499,0.6748,0.7002,0.7002,0.68506,0.64502,0.5752,0.51514,0.47998,0.45508,0.40479,0.38525,0.39014,0.3999,0.38525,0.39502,0.38525,0.39502,0.39502,0.40479,0.39502,0.4248,0.40479,0.41016,0.41992,0.41504,0.41016,0.43018,0.41992,0.41016,0.3999,0.41504,0.46484,0.46484,0.47021,0.49023,0.49023,0.49023,0.51514,0.50488,0.49023,0.43506,0.43994,0.39014,0.41016,0.4248,0.4248,0.38525,0.35986,0.66016,1.3647,1.5,1.5,0.9248,0.6001,0.4502,0.39014,0.35986,0.34521,0.3501,0.35498,0.3501,0.35986,0.375,0.37988,0.38525,0.39502,0.40479,0.40479,0.41016,0.43506,0.43994,0.43506,0.49023,0.49023,0.51514,0.53516,0.5752,0.61475,0.64502,0.68506,0.70508,0.68994,0.66016,0.60986,0.54004,0.47021,0.45508,0.4248,0.39502,0.375,0.35986,0.35498,0.36523,0.37012,0.375,0.37012,0.37012,0.39014,0.39502,0.375,0.37012,0.3999,0.41016,0.40479,0.37988,0.375,0.39502,0.39014,0.41016,0.4248,0.43994,0.45508,0.46484,0.47021,0.50977,0.48486,0.49023,0.41504,0.3999,0.37012,0.39502,0.37012,0.37988,0.37012,0.35986,0.33984,0.87988,1.5,1.5,1.2646,0.64014,0.45508,0.375,0.35498,0.33984,0.3252,0.31982,0.33984,0.33008,0.33984,0.3501,0.36523,0.35986,0.39502,0.40479,0.37988,0.41016,0.41016,0.4248,0.4502,0.47021,0.50977,0.52979,0.56982,0.58008,0.60498,0.625,0.66992,0.6748,0.65479,0.59521,0.52979,0.47998,0.41504,0.37988,0.37012,0.3501,0.34521,0.35986,0.35986,0.37012,0.34521,0.34521,0.33496,0.38525,0.39502,0.375,0.3501,0.375,0.37012,0.39502,0.39502,0.39502,0.41992,0.38525,0.46484,1.0249,1.5,1.5,1.27,0.75977,0.53516,0.43018,0.38525,0.37012,0.37012,0.37988,0.375,0.39014,0.39502,0.3999,0.41504,0.41992,0.41504,0.41992,0.43018,0.44482,0.4751,0.49023,0.48486,0.50488,0.54492,0.54004,0.58496,0.60498,0.63477,0.66016,0.69482,0.70996,0.7251,0.70508,0.66992,0.6001,0.55518,0.5,0.4502,0.41992,0.41016,0.40479,0.40479,0.41504,0.39502,0.40479,0.3999,0.3999,0.3999,0.41504,0.39502,0.41016,0.41016,0.41504,0.41992,0.41504,0.41992,0.43018,0.4248,0.4248,0.43506,0.46484,0.45996,0.47021,0.48486,0.50977,0.51514,0.48486,0.44482,0.41992,0.40479,0.39502,0.41504,0.3999,0.40479,0.36523,0.33984,0.60498,1.3149,1.5,1.5,0.89014,0.56006,0.4248,0.36523,0.3501,0.34521,0.33984,0.3501,0.3501,0.37012,0.36523,0.375,0.38525,0.39502,0.40479,0.3999,0.41992,0.43506,0.45508,0.47021,0.4751,0.48486,0.51514,0.54004,0.58496,0.60498,0.63477,0.6499,0.6748,0.65479,0.625,0.5752,0.50977,0.45508,0.41992,0.39014,0.37988,0.36523,0.36523,0.35498,0.3501,0.36523,0.38525,0.36523,0.3501,0.3501,0.35986,0.37012,0.37012,0.37988,0.375,0.39014,0.37988,0.37988,0.37988,0.41016,0.41504,0.43994,0.43018,0.44482,0.46484,0.49512,0.49023,0.47998,0.4248,0.39502,0.39014,0.39014,0.39502,0.39014,0.3999,0.35498,0.33008,0.62012,1.3247,1.5,1.5,0.85498,0.54492,0.41016,0.37012,0.3501,0.36523,0.34521,0.33984,0.3501,0.34521,0.37012,0.375,0.39014,0.39502,0.41016,0.41992,0.43994,0.45508,0.46484,0.45996,0.48486,0.5,0.54004,0.56006,0.59521,0.625,0.65479,0.65479,0.69482,0.7002,0.66016,0.59521,0.54492,0.5,0.43994,0.41016,0.3999,0.41016,0.37988,0.375,0.37012,0.39014,0.38525,0.39502,0.38525,0.39502,0.39502,0.41016,0.40479,0.41504,0.40479,0.4248,0.4248,0.43994,0.3999,0.39502,0.41016,0.43018,0.44482,0.46484,0.47998,0.49023,0.49023,0.52979,0.53516,0.48486,0.46484,0.4248,0.41992,0.40479,0.41992,0.41504,0.4248,0.375,0.35498,0.70996,1.4146,1.5,1.5,0.89014,0.58984,0.4248,0.37988,0.35986,0.35498,0.3501,0.35986,0.37012,0.37012,0.37012,0.38525,0.39502,0.39502,0.41504,0.41992,0.43994,0.44482,0.45996,0.4751,0.49512,0.50977,0.53516,0.55518,0.58008,0.60498,0.6499,0.66992,0.7002,0.7002,0.66016,0.59521,0.54004,0.49023,0.4502,0.41504,0.39502,0.39014,0.375,0.37988,0.375,0.37988,0.37012,0.37012,0.375,0.38525,0.39502,0.39014,0.39014,0.39502,0.39502,0.3999,0.40479,0.40479,0.39502,0.40479,0.4248,0.43994,0.45508,0.45996,0.45996,0.48486,0.49512,0.5,0.4751,0.44482,0.41504,0.39502,0.39502,0.40479,0.41992,0.39014,0.35986,0.33984,0.7749,1.5,1.5,1.5,0.81982,0.54004,0.41016,0.36523,0.35498,0.33984,0.3501,0.3501,0.35986,0.37012,0.35498,0.39502,0.37988,0.3999,0.3999,0.4248,0.43018,0.44482,0.45996,0.46484,0.4751,0.5,0.52002,0.56494,0.58496,0.62012,0.65479,0.7002,0.68018,0.6748,0.625,0.56494,0.50488,0.4502,0.41504,0.39014,0.37012,0.36523,0.37012,0.34521,0.35498,0.3501,0.35498,0.3501,0.36523,0.35986,0.37012,0.37012,0.375,0.36523,0.37012,0.36523,0.37012,0.37988,0.37012,0.40479,0.4248,0.43994,0.43018,0.45508,0.47021,0.48486,0.45996,0.43506,0.40479,0.39014,0.36523,0.39014,0.37012,0.36523,0.37012,0.3252,0.47998,1.1597,1.5,1.5,0.98486,0.55518,0.41992,0.37012,0.33496,0.3252,0.3252,0.33496,0.33496,0.33008,0.35498,0.3501,0.35986,0.35498,0.37012,0.39014,0.40479,0.41504,0.43506,0.44482,0.47021,0.47998,0.51514,0.5498,0.58008,0.60498,0.625,0.64502,0.6748,0.66016,0.625,0.5752,0.52002,0.45508,0.41504,0.39014,0.37988,0.38525,0.37012,0.39502,0.34521,0.35498,0.3501,0.37012,0.37012,0.37988,0.37988,0.39014,0.375,0.38525,0.39014,0.41016,0.39502,0.39502,0.39014,0.40479,0.41504,0.43018,0.43994,0.43506,0.45508,0.47021,0.4751,0.48486,0.49023,0.47021,0.45996,0.41504,0.41016,0.40479,0.40479,0.39502,0.41504,0.35986,0.3501,0.85498,1.5,1.5,1.4097,0.81494,0.5498,0.41016,0.37012,0.3501,0.3501,0.3501,0.36523,0.37012,0.36523,0.375,0.37012,0.39014,0.39502,0.41016,0.41992,0.43994,0.43994,0.46484,0.46484,0.48486,0.50488,0.54492,0.5752,0.60498,0.60986,0.66016,0.70508,0.7002,0.68506,0.64502,0.58008,0.52002,0.4751,0.43994,0.43994,0.39014,0.37988,0.37012,0.375,0.37012,0.39014,0.39502,0.39014,0.39014,0.39502,0.39502,0.39502,0.38525,0.39502,0.3999,0.3999,0.39502,0.41016,0.41504,0.41016,0.43506,0.43018,0.45996,0.45996,0.46484,0.48486,0.5,0.49023,0.46484,0.43506,0.40479,0.39502,0.40479,0.39502,0.40479,0.37988,0.33496,0.41992,0.97998,1.5,1.5,1.2798,0.70508,0.5,0.38525,0.3501,0.33984,0.3501,0.33008,0.35498,0.3501,0.35986,0.37988,0.39014,0.37988,0.39014,0.39014,0.3999,0.41992,0.44482,0.45996,0.4751,0.49023,0.5249,0.53516,0.56494,0.6001,0.63477,0.66016,0.7002,0.69482,0.66992,0.61475,0.55518,0.49512,0.45508,0.43018,0.3999,0.37988,0.3501,0.36523,0.36523,0.37012,0.37012,0.38525,0.37988,0.38525,0.375,0.37988,0.375,0.39014,0.39502,0.41016,0.38525,0.39014,0.3999,0.39014,0.40479,0.4248,0.43994,0.45508,0.46484,0.49023,0.50977,0.47998,0.46484,0.43506,0.41504,0.39502,0.39014,0.38525,0.39502,0.39014,0.375,0.33984,0.60498,1.29,1.5,1.5,0.90967,0.56006,0.4248,0.37012,0.33984,0.33496,0.33008,0.34521,0.33984,0.3501,0.35498,0.37012,0.37012,0.39014,0.39014,0.43994,0.41016,0.40479,0.4248,0.4502,0.46484,0.49512,0.51514,0.55518,0.58008,0.60986,0.64014,0.66016,0.68018,0.68018,0.64502,0.58496,0.52979,0.45996,0.41504,0.36523,0.36523,0.3501,0.36523,0.3501,0.37012,0.33496,0.33008,0.3501,0.34521,0.35498,0.35986,0.37012,0.375,0.38525,0.375,0.37988,0.35986,0.375,0.37012,0.40479,0.41504,0.43018,0.43994,0.4502,0.46484,0.49023,0.46484,0.44482,0.41504,0.3999,0.38525,0.375,0.37988,0.41016,0.38525,0.33984,0.3252,0.80469,1.5,1.5,1.395,0.75488,0.52002,0.39014,0.35498,0.33008,0.33008,0.3252,0.34521,0.3501,0.36523,0.37012,0.375,0.38525,0.375,0.39014,0.41016,0.40479,0.4248,0.43994,0.47021,0.50488,0.5,0.5249,0.56006,0.6001,0.62988,0.65479,0.68506,0.7002,0.68506,0.63477,0.5752,0.5,0.44482,0.41504,0.39502,0.39014,0.375,0.38525,0.37012,0.37988,0.37012,0.37988,0.37988,0.39502,0.39014,0.37988,0.39014,0.3999,0.41016,0.41504,0.40479,0.3999,0.41992,0.3999,0.41504,0.41016,0.44482,0.4502,0.45996,0.47998,0.5,0.49023,0.49023,0.4751,0.45996,0.4248,0.41504,0.41016,0.41992,0.4248,0.41992,0.37988,0.33496,0.58496,1.2549,1.5,1.5,1.02,0.625,0.45508,0.38525,0.36523,0.3501,0.3501,0.3501,0.35986,0.37012,0.36523,0.39502,0.3999,0.38525,0.39502,0.41016,0.4248,0.43506,0.43018,0.47998,0.4751,0.48486,0.51514,0.54004,0.58008,0.61475,0.6499,0.68506,0.7002,0.70508,0.65479,0.60986,0.54004,0.49023,0.4502,0.41504,0.39502,0.40479,0.39014,0.38525,0.36523,0.36523,0.37988,0.37988,0.36523,0.37012,0.37988,0.39502,0.3999,0.38525,0.39014,0.3999,0.39502,0.3999,0.41016,0.3999,0.4248,0.41992,0.43506,0.43994,0.46484,0.46484,0.49023,0.49023,0.47998,0.45508,0.43994,0.3999,0.37988,0.39502,0.375,0.3999,0.37988,0.33496,0.50977,1.1299,1.5,1.5,1.0947,0.64502,0.4751,0.39014,0.35498,0.3501,0.33984,0.3501,0.3501,0.35986,0.35986,0.37012,0.37988,0.3999,0.41016,0.40479,0.41504,0.43018,0.43994,0.45508,0.47021,0.49023,0.51514,0.5498,0.58496,0.60986,0.64014,0.66992,0.71484,0.68506,0.66016,0.59521,0.54004,0.48486,0.43994,0.3999,0.39014,0.36523,0.35986,0.3501,0.36523,0.34521,0.33984,0.36523,0.36523,0.35498,0.36523,0.37012,0.37012,0.38525,0.375,0.38525,0.37012,0.39014,0.38525,0.39014,0.39502,0.41504,0.41992,0.43994,0.44482,0.49023,0.47021,0.45508,0.43018,0.3999,0.38525,0.37012,0.37988,0.36523,0.38525,0.375,0.31982,0.44482,1.0249,1.5,1.5,1.1196,0.58008,0.43994,0.37012,0.33984,0.33496,0.33984,0.34521,0.33984,0.35498,0.3501,0.375,0.37988,0.37012,0.39502,0.41504,0.41992,0.41504,0.4248,0.44482,0.47021,0.5,0.52979,0.56982,0.58984,0.5752,0.625,0.65479,0.6748,0.68018,0.68506,0.6001,0.5498,0.49512,0.44482,0.41016,0.39502,0.37012,0.36523,0.37012,0.37988,0.37012,0.38525,0.37012,0.37012,0.38525,0.39014,0.39502,0.40479,0.41016,0.40479,0.41016,0.39502,0.41504,0.43018,0.41504,0.39502,0.40479,0.41992,0.43994,0.45996,0.41992,0.43018,0.4248,0.43994,0.47021,0.49512,0.5249,0.54492,0.56982,0.60986,0.62988,0.64502,0.66016,0.66504,0.64014,0.59521,0.54004,0.47998,0.41992,0.39014,0.375,0.35986,0.3501,0.35986,0.36523,0.36523,0.34521,0.34521,0.3501,0.36523,0.35986,0.35986,0.37012,0.38525,0.375,0.38525,0.37988,0.375,0.39014,0.40479,0.39502,0.41992,0.41504,0.45996,0.4751,0.49512,0.47998,0.45996,0.3999,0.39014,0.35498,0.35986,0.37988,0.37012,0.35498,0.31982,0.52002,1.2148,1.5,1.5,0.94482,0.54004,0.4248,0.35498,0.3252,0.3252,0.33496,0.33008,0.33984,0.35498,0.37988,0.37012,0.35498,0.37012,0.39502,0.40479,0.4248,0.41504,0.44482,0.4502,0.47021,0.5,0.5249,0.56494,0.58984,0.6001,0.62988,0.65479,0.68506,0.7002,0.64502,0.58008,0.5249,0.47021,0.43018,0.40479,0.39014,0.39502,0.39014,0.37012,0.37012,0.37012,0.375,0.38525,0.37988,0.39502,0.39502,0.41016,0.39014,0.41016,0.40479,0.41504,0.44482,0.41016,0.39014,0.38525,0.41016,0.4248,0.44482,0.45996,0.4751,0.49512,0.50977,0.50488,0.51514,0.47998,0.45508,0.41504,0.41992,0.41504,0.43018,0.41016,0.40479,0.3501,0.47021,1.0347,1.5,1.5,1.2446,0.73975,0.52002,0.38525,0.3501,0.33984,0.33496,0.35498,0.3501,0.37012,0.37012,0.39014,0.3999,0.38525,0.40479,0.41504,0.40479,0.43994,0.4502,0.4502,0.47021,0.50977,0.51514,0.54492,0.5752,0.60498,0.625,0.66016,0.68018,0.69482,0.68018,0.63477,0.56982,0.50977,0.48486,0.4248,0.39502,0.37012,0.38525,0.375,0.38525,0.38525,0.37988,0.39014,0.37988,0.39014,0.375,0.37012,0.37988,0.37988,0.3999,0.41016,0.40479,0.3999,0.39502,0.41016,0.41992,0.43506,0.43018,0.45996,0.46484,0.47998,0.49023,0.48486,0.45508,0.43018,0.3999,0.38525,0.37988,0.39502,0.38525,0.39014,0.33496,0.4502,1.0449,1.5,1.5,1.1348,0.6001,0.45508,0.375,0.3501,0.35498,0.3501,0.3501,0.35498,0.39014,0.37988,0.39502,0.40479,0.43506,0.43018,0.4502,0.46484,0.47021,0.48486,0.50488,0.50488,0.5249,0.54004,0.56982,0.58496,0.60986,0.61475,0.6499,0.68018,0.6748,0.66992,0.62012,0.54004,0.45508,0.41016,0.37988,0.38525,0.36523,0.37988,0.3501,0.33984,0.33496,0.33984,0.3252,0.33496,0.35986,0.39502,0.3999,0.37988,0.37988,0.375,0.39502,0.3999,0.41992,0.43018,0.41992,0.43506,0.45508,0.45508,0.46484,0.47998,0.49023,0.5,0.51514,0.51514,0.49023,0.4502,0.43994,0.45996,0.4248,0.43506,0.45508,0.45996,0.40479,0.71973,1.395,1.5,1.5,0.9751,0.625,0.47021,0.41504,0.3999,0.375,0.37012,0.39014,0.375,0.35498,0.38525,0.37012,0.37988,0.38525,0.3999,0.37988,0.41016,0.43018,0.41016,0.43994,0.45996,0.48486,0.50488,0.5498,0.5752,0.62988,0.62012,0.65479,0.66504,0.6748,0.63477,0.58496,0.52979,0.47998,0.41992,0.39502,0.39014,0.375,0.37012,0.39014,0.35986,0.3501,0.35986,0.37012,0.35986,0.37012,0.37988,0.39014,0.39502,0.37988,0.39502,0.38525,0.3999,0.39502,0.41992,0.37988,0.41992,0.41992,0.43994,0.44482,0.47021,0.49023,0.49512,0.48486,0.45996,0.41992,0.40479,0.41992,0.39014,0.3999,0.41016,0.38525,0.3252,0.4502,1.0547,1.5,1.5,1.1748,0.65479,0.4751,0.375,0.36523,0.3501,0.34521,0.33008,0.35498,0.3501,0.3501,0.36523,0.37012,0.375,0.39502,0.41016,0.3999,0.4248,0.43994,0.46484,0.4751,0.50488,0.53516,0.54492,0.53516,0.6001,0.62988,0.6499,0.66016,0.68018,0.6499,0.58984,0.5249,0.49512,0.45508,0.43018,0.39502,0.375,0.36523,0.35986,0.375,0.37012,0.35986,0.37988,0.3999,0.39502,0.35498,0.3501,0.375,0.37012,0.38525,0.375,0.37988,0.36523,0.37988,0.39502,0.40479,0.39502,0.43018,0.43994,0.43994,0.45508,0.4751,0.3999,0.39014,0.36523,0.375,0.37012,0.36523,0.35498,0.36523,0.3252,0.43506,1.0601,1.5,1.5,1.0498,0.58984,0.43994,0.36523,0.3501,0.33008,0.30029,0.31982,0.34521,0.3501,0.34521,0.3501,0.35498,0.36523,0.375,0.39502,0.4248,0.41504,0.41016,0.43994,0.45996,0.48486,0.50488,0.55518,0.5752,0.56982,0.62012,0.64014,0.6748,0.66016,0.63477,0.58984,0.52002,0.46484,0.43506,0.3999,0.39014,0.36523,0.35498,0.36523,0.3501,0.36523,0.35498,0.37012,0.375,0.37988,0.375,0.3999,0.37988,0.38525,0.39502,0.38525,0.37988,0.39502,0.38525,0.3999,0.39014,0.41992,0.4502,0.46484,0.4248,0.4502,0.46484,0.5,0.50977,0.45508,0.4248,0.3999,0.3999,0.41992,0.38525,0.37012,0.38525,0.33496,0.45508,1.0098,1.5,1.5,1.2046,0.68994,0.49512,0.36523,0.3501,0.33984,0.3501,0.33984,0.33008,0.33984,0.36523,0.36523,0.39502,0.37988,0.3999,0.3999,0.41504,0.44482,0.47021,0.4502,0.45996,0.49023,0.52002,0.55518,0.58984,0.60986,0.60498,0.65479,0.68506,0.70508,0.66504,0.62012,0.56494,0.50488,0.44482,0.41504,0.39502,0.40479,0.37988,0.35498,0.35498,0.37012,0.375,0.36523,0.37012,0.35498,0.39014,0.37012,0.375,0.39502,0.39502,0.39014,0.40479,0.37988,0.375,0.40479,0.43506,0.41992,0.44482,0.46484,0.43506,0.4751,0.49023,0.4751,0.46484,0.4248,0.39502,0.37988,0.37012,0.37988,0.39014,0.375,0.33008,0.39502,0.91504,1.5,1.5,1.27,0.6499,0.48486,0.35986,0.33008,0.3252,0.33496,0.34521,0.3252,0.3252,0.35986,0.37012,0.3501,0.35986,0.375,0.40479,0.3999,0.40479,0.41992,0.43994,0.45508,0.46484,0.5,0.52979,0.54492,0.58008,0.62012,0.6499,0.65479,0.6748,0.66016,0.61475,0.54492,0.47998,0.43994,0.39014,0.36523,0.36523,0.37012,0.33984,0.36523,0.35498,0.3501,0.37988,0.35986,0.33496,0.3501,0.35498,0.375,0.39014,0.37012,0.35986,0.37988,0.38525,0.41504,0.37988,0.375,0.40479,0.43994,0.44482,0.46484,0.45996,0.47021,0.47998,0.46484,0.43506,0.39014,0.35498,0.36523,0.38525,0.3999,0.37988,0.31494,0.52979,1.2148,1.5,1.5,0.98975,0.60498,0.45508,0.36523,0.3501,0.34521,0.33008,0.3501,0.3501,0.34521,0.33984,0.37012,0.37988,0.38525,0.39014,0.40479,0.41992,0.43018,0.4248,0.46484,0.45996,0.49512,0.51514,0.54492,0.58496,0.60498,0.64502,0.7002,0.68506,0.66504,0.625,0.5752,0.51514,0.47998,0.45508,0.41504,0.39502,0.3999,0.38525,0.37012,0.375,0.37012,0.375,0.37012,0.39014,0.39014,0.39502,0.38525,0.41016,0.41504,0.40479,0.3999,0.40479,0.38525,0.41504,0.39502,0.4248,0.43994,0.46484,0.44482,0.46484,0.47998,0.51514,0.5,0.47021,0.45508,0.43018,0.39502,0.3999,0.41992,0.41504,0.3999,0.39014,0.33984,0.47021,1.0947,1.5,1.5,1.1499,0.68994,0.48486,0.37988,0.3501,0.34521,0.33008,0.3501,0.35986,0.37012,0.36523,0.39014,0.39502,0.37012,0.41016,0.40479,0.41992,0.43994,0.43994,0.43506,0.48486,0.49512,0.50977,0.52979,0.58496,0.59521,0.64014,0.6499,0.6748,0.6748,0.68994,0.62012,0.55518,0.49023,0.44482,0.43018,0.41504,0.37988,0.35498,0.35986,0.3501,0.38525,0.3501,0.37012,0.37012,0.39502,0.37988,0.37988,0.38525,0.40479,0.375,0.3999,0.41016,0.39502,0.40479,0.39502,0.43018,0.4248,0.43506,0.44482,0.45508,0.47998,0.50488,0.50977,0.47021,0.43018,0.41016,0.39014,0.41016,0.41016,0.39502,0.39502,0.35498,0.3252,0.71484,1.4048,1.5,1.5,0.81006,0.52979,0.41504,0.36523,0.37012,0.3501,0.33008,0.3501,0.35986,0.37012,0.39502,0.37988,0.375,0.37988,0.375,0.40479,0.4248,0.41992,0.43994,0.45996,0.48486,0.51514,0.50488,0.54492,0.56982,0.60498,0.62988,0.65479,0.66992,0.66016,0.62012,0.56982,0.5,0.43994,0.4248,0.38525,0.35986,0.3501,0.34521,0.33496,0.35986,0.36523,0.3501,0.35986,0.37988,0.37012,0.36523,0.39502,0.3999,0.375,0.37012,0.37012,0.39502,0.39014,0.40479,0.41016,0.40479,0.4248,0.4751,0.44482,0.4248,0.45508,0.47021,0.47998,0.43994,0.41504,0.39502,0.39502,0.39014,0.39502,0.41504,0.375,0.30029,0.46484,1.1196,1.5,1.5,1.1147,0.66016,0.49512,0.38525,0.36523,0.3501,0.37012,0.33984,0.3252,0.33984,0.36523,0.375,0.39502,0.41992,0.43018,0.4502,0.45996,0.43994,0.43994,0.47998,0.5,0.48486,0.50977,0.56006,0.58984,0.62988,0.64502,0.66992,0.68506,0.73486,0.68506,0.62988,0.58008,0.52979,0.4751,0.43018,0.43506,0.4248,0.5,0.50488,0.47021,0.43994,0.43018,0.41992,0.43994,0.41992,0.43506,0.38525,0.39014,0.39502,0.39502,0.39014,0.38525,0.37988,0.3999,0.41504,0.3999,0.38525,0.41992,0.43506,0.44482,0.46484,0.45996,0.4751,0.46484,0.44482,0.41016,0.38525,0.39014,0.39502,0.41016,0.41504,0.41016,0.35986,0.31982,0.78516,1.5,1.5,1.4399,0.75977,0.50488,0.38525,0.33984,0.31982,0.31006,0.33496,0.33984,0.3501,0.36523,0.3501,0.37012,0.37012,0.38525,0.39502,0.41016,0.41504,0.43994,0.45508,0.48486,0.49023,0.52002,0.53516,0.5249,0.58008,0.62988,0.64502,0.68994,0.7002,0.7002,0.6499,0.5752,0.5249,0.49512,0.43506,0.3999,0.40479,0.37988,0.38525,0.37988,0.38525,0.37012,0.39502,0.37988,0.39502,0.3999,0.41016,0.38525,0.39502,0.39502,0.40479,0.40479,0.41992,0.41016,0.39502,0.41992,0.45508,0.4751,0.46484,0.48486,0.47998,0.51514,0.52002,0.5249,0.47021,0.43506,0.43018,0.41992,0.41504,0.4248,0.3999,0.41504,0.34521,0.5,1.145,1.5,1.5,1.0498,0.60498,0.4502,0.37012,0.35986,0.35498,0.34521,0.34521,0.33496,0.3501,0.36523,0.37988,0.375,0.39502,0.38525,0.41016,0.41992,0.40479,0.41504,0.4502,0.47998,0.49023,0.49023,0.53516,0.56006,0.58496,0.6001,0.63477,0.65479,0.66016,0.61475,0.56494,0.52979,0.45996,0.43994,0.375,0.37012,0.34521,0.3501,0.34521,0.36523,0.38525,0.35498,0.33008,0.35498,0.37012,0.375,0.36523,0.375,0.37012,0.3999,0.37012,0.37988,0.37012,0.39502,0.3999,0.40479,0.40479,0.41992,0.4502,0.44482,0.43994,0.4751,0.48486,0.47021,0.46484,0.43506,0.39502,0.37012,0.37988,0.38525,0.39502,0.35498,0.3252,0.58496,1.3149,1.5,1.5,0.96484,0.5752,0.41016,0.36523,0.3501,0.33984,0.34521,0.33008,0.35986,0.35498,0.39014,0.37988,0.38525,0.375,0.41992,0.40479,0.41992,0.4248,0.4502,0.45996,0.45508,0.50977,0.50488,0.55518,0.58496,0.60986,0.63477,0.6748,0.68018,0.7002,0.65479,0.59521,0.53516,0.5,0.45508,0.41016,0.36523,0.38525,0.37012,0.36523,0.38525,0.37012,0.36523,0.37012,0.375,0.3999,0.39502,0.3999,0.40479,0.3999,0.39014,0.39502,0.40479,0.3999,0.41992,0.41992,0.41016,0.43018,0.46484,0.45996,0.45996,0.46484,0.49512,0.48486,0.49512,0.47021,0.4502,0.4248,0.39502,0.40479,0.41016,0.40479,0.41016,0.36523,0.4751,1.0098,1.5,1.5,1.2397,0.7002,0.50488,0.3999,0.37012,0.35986,0.3501,0.3501,0.35498,0.35498,0.33984,0.37988,0.38525,0.37988,0.39502,0.43018,0.41992,0.41504,0.44482,0.45996,0.47021,0.49023,0.50977,0.56006,0.58496,0.60498,0.62988,0.68018,0.70508,0.68506,0.66992,0.64014,0.58496,0.50488,0.46484,0.41504,0.39014,0.37012,0.39014,0.38525,0.37988,0.39014,0.37988,0.35498,0.35498,0.36523,0.41016,0.4248,0.37012,0.37012,0.39014,0.3999,0.39014,0.41992,0.39502,0.39502,0.39502,0.41504,0.44482,0.4502,0.45508,0.47998,0.49512,0.49023,0.48486,0.45996,0.39502,0.39014,0.39014,0.3999,0.41504,0.39014,0.33984,0.31006,0.61475,1.3149,1.5,1.5,0.85498,0.5249,0.41504,0.35498,0.3501,0.3252,0.3252,0.33984,0.36523,0.3501,0.35986,0.35986,0.37012,0.37988,0.40479,0.39502,0.41016,0.43018,0.44482,0.46484,0.49023,0.47998,0.50488,0.53516,0.5752,0.60498,0.6499,0.65479,0.66992,0.68018,0.63477,0.56494,0.50977,0.4751,0.41992,0.39502,0.37988,0.375,0.3999,0.36523,0.35986,0.35498,0.37988,0.39502,0.36523,0.37988,0.37012,0.38525,0.40479,0.39502,0.38525,0.39502,0.39502,0.40479,0.41992,0.3999,0.39502,0.40479,0.43506,0.46484,0.4502,0.45996,0.47021,0.48486,0.51514,0.48486,0.44482,0.41016,0.39014,0.39014,0.4248,0.41504,0.41016,0.375,0.33984,0.69482,1.3799,1.5,1.5,0.90479,0.5752,0.43018,0.375,0.37988,0.3252,0.34521,0.34521,0.375,0.37988,0.375,0.35498,0.38525,0.39014,0.37012,0.41992,0.43506,0.41992,0.43994,0.44482,0.48486,0.50488,0.52979,0.56982,0.56006,0.6001,0.625,0.66992,0.6748,0.7002,0.66016,0.60498,0.54004,0.49023,0.44482,0.41504,0.375,0.39502,0.38525,0.39014,0.37012,0.39014,0.39502,0.36523,0.375,0.37012,0.39014,0.41504,0.39014,0.37988,0.41016,0.41992,0.38525,0.37988,0.39502,0.39502,0.43506,0.4502,0.43018,0.4502,0.44482,0.4502,0.49512,0.50488,0.47021,0.43506,0.41016,0.3999,0.39502,0.40479,0.39014,0.375,0.37988,0.35498,0.45996,1.0947,1.5,1.5,1.085,0.62012,0.44482,0.375,0.34521,0.33496,0.33496,0.33008,0.3501,0.35986,0.37012,0.35986,0.37012,0.36523,0.37988,0.41016,0.43018,0.41504,0.41992,0.44482,0.47998,0.49023,0.50977,0.5498,0.58496,0.6001,0.63477,0.62988,0.66504,0.66992,0.66504,0.61475,0.55518,0.48486,0.45996,0.41992,0.3999,0.41016,0.37012,0.36523,0.36523,0.39014,0.37012,0.375,0.39014,0.39502,0.38525,0.38525,0.39014,0.39502,0.3999,0.41992,0.41016,0.41992,0.41504,0.41992,0.41016,0.41016,0.43506,0.46484,0.47998,0.45996,0.47021,0.50977,0.5249,0.47998,0.46484,0.41992,0.39502,0.3999,0.41992,0.39502,0.40479,0.36523,0.33984,0.76514,1.4497,1.5,1.5,0.84473,0.58008,0.41504,0.34521,0.3252,0.33984,0.34521,0.33984,0.35986,0.37988,0.3501,0.34521,0.37012,0.39502,0.40479,0.40479,0.41504,0.41992,0.43506,0.46484,0.49023,0.49023,0.51514,0.52002,0.5752,0.6001,0.64502,0.66016,0.66992,0.68018,0.64014,0.5752,0.5,0.43018,0.40479,0.41016,0.38525,0.3501,0.33496,0.35986,0.37012,0.35986,0.3501,0.35498,0.34521,0.3501,0.3501,0.38525,0.35986,0.36523,0.36523,0.37012,0.375,0.38525,0.37988,0.39502,0.40479,0.39502,0.41992,0.4502,0.43994,0.46484,0.5,0.49023,0.47021,0.41504,0.40479,0.37012,0.39502,0.39502,0.3999,0.38525,0.34521,0.31006,0.7251,1.4497,1.5,1.4849,0.73486,0.50977,0.3999,0.3501,0.35498,0.33008,0.31006,0.33984,0.36523,0.37012,0.35986,0.37988,0.38525,0.39502,0.41016,0.41016,0.41504,0.4502,0.43994,0.47021,0.49023,0.50488,0.5249,0.56494,0.6001,0.62988,0.625,0.66504,0.6748,0.68018,0.66016,0.6001,0.52002,0.45996,0.4248,0.41504,0.3999,0.39502,0.375,0.39014,0.37988,0.37012,0.39502,0.40479,0.39014,0.39502,0.40479,0.39502,0.39502,0.3999,0.43018,0.43994,0.4248,0.40479,0.40479,0.4248,0.43506,0.43018,0.44482,0.46484,0.47021,0.49512,0.50488,0.5,0.49512,0.47021,0.43506,0.41016,0.40479,0.41992,0.3999,0.40479,0.375,0.3501,0.54492,1.1797,1.5,1.5,1.0449,0.6499,0.47998,0.375,0.33984,0.33496,0.3501,0.37988,0.34521,0.33496,0.34521,0.38525,0.37988,0.39014,0.39014,0.39502,0.41504,0.40479,0.43506,0.45508,0.49023,0.4751,0.52979,0.5498,0.5752,0.62012,0.66016,0.6748,0.66992,0.70508,0.66016,0.61475,0.56006,0.5,0.45996,0.41504,0.37012,0.40479,0.37988,0.5,0.51514,0.45996,0.41016,0.37988,0.37012,0.375,0.35498,0.37012,0.3501,0.37012,0.39014,0.36523,0.33984,0.375,0.39502,0.40479,0.39502,0.39014,0.41992,0.4502,0.45996,0.47021,0.47998,0.45508,0.43994,0.37012,0.37988,0.35986,0.39014,0.39502,0.35986,0.29492,0.34521,0.77002,1.5,1.5,1.4248,0.68994,0.48486,0.37988,0.39502,0.3501,0.31982,0.33496,0.34521,0.35986,0.35498,0.37012,0.36523,0.39014,0.41992,0.43506,0.41504,0.41992,0.43018,0.47998,0.50977,0.51514,0.49512,0.5249,0.56006,0.62012,0.63477,0.65479,0.6748,0.66992,0.7002,0.625,0.56006,0.48486,0.46484,0.4502,0.41504,0.37988,0.375,0.41016,0.41992,0.37012,0.39014,0.36523,0.39502,0.39014,0.41504,0.41992,0.43018,0.39502,0.41504,0.41504,0.4248,0.43506,0.4248,0.4248,0.41992,0.43018,0.45508,0.46484,0.4502,0.48486,0.49512,0.50977,0.50488,0.53516,0.50488,0.46484,0.43994,0.4248,0.40479,0.4248,0.41016,0.43506,0.3999,0.38525,0.89014,1.5,1.5,1.4199,0.7998,0.56006,0.41016,0.37012,0.375,0.38525,0.39502,0.36523,0.37012,0.375,0.39502,0.41504,0.43994,0.37988,0.39502,0.41504,0.43018,0.46484,0.4751,0.46484,0.51514,0.52002,0.54492,0.58008,0.625,0.63477,0.64502,0.6748,0.7251,0.69482,0.6499,0.58984,0.5498,0.49023,0.43994,0.41504,0.39502,0.40479,0.38525,0.39502,0.38525,0.375,0.375,0.39502,0.41504,0.39014,0.375,0.41504,0.41992,0.3999,0.40479,0.39502,0.4248,0.41504,0.41992,0.41016,0.43506,0.44482,0.4502,0.46484,0.48486,0.49512,0.51514,0.5,0.48486,0.43994,0.40479,0.39014,0.3999,0.37988,0.3999,0.39014,0.34521,0.44482,1.0298,1.5,1.5,1.21,0.66504,0.49023,0.37012,0.34521,0.33008,0.33984,0.35986,0.37012,0.33008,0.35498,0.35986,0.39502,0.37988,0.37012,0.3999,0.41992,0.41992,0.43994,0.43018,0.45996,0.4751,0.50977,0.54004,0.56982,0.60498,0.62012,0.64502,0.66504,0.68994,0.66016,0.58984,0.52979,0.48486,0.43506,0.3999,0.37012,0.37012,0.37012,0.36523,0.35986,0.34521,0.33496,0.35986,0.3501,0.35498,0.37012,0.37988,0.37012,0.37988,0.37012,0.38525,0.40479,0.41016,0.37012,0.375,0.3999,0.39502,0.43994,0.46484,0.45508,0.46484,0.4751,0.49023,0.46484,0.4248,0.37012,0.35986,0.39014,0.39502,0.39502,0.375,0.3501,0.50488,1.1597,1.5,1.5,1.0698,0.625,0.45996,0.40479,0.3501,0.33496,0.31982,0.33008,0.34521,0.35498,0.36523,0.37988,0.38525,0.39502,0.4248,0.39502,0.39014,0.41992,0.4502,0.45996,0.48486,0.5,0.52979,0.56006,0.58008,0.60498,0.62012,0.66992,0.6748,0.7002,0.66016,0.62012,0.54004,0.4751,0.43506,0.4248,0.40479,0.39502,0.35986,0.35498,0.38525,0.375,0.375,0.37012,0.38525,0.37012,0.37012,0.39502,0.41016,0.38525,0.37988,0.38525,0.41504,0.3999,0.40479,0.39014,0.4248,0.41992,0.43994,0.45996,0.47021,0.46484,0.49512,0.47998,0.49023,0.45508,0.41504,0.39014,0.39502,0.3999,0.4248,0.39014,0.38525,0.3501,0.60986,1.3198,1.5,1.5,0.9751,0.61475,0.47021,0.39014,0.3501,0.34521,0.33496,0.375,0.35498,0.38525,0.37012,0.375,0.37988,0.41504,0.4248,0.41992,0.43018,0.41992,0.45508,0.43994,0.49512,0.49512,0.52002,0.55518,0.58496,0.62988,0.66016,0.7002,0.69482,0.6748,0.6499,0.58984,0.53516,0.49023,0.4502,0.41016,0.39502,0.39014,0.39502,0.36523,0.39502,0.375,0.375,0.37012,0.375,0.39014,0.40479,0.39502,0.39502,0.39014,0.38525,0.40479,0.40479,0.3999,0.375,0.39014,0.41504,0.43506,0.43994,0.46484,0.48486,0.49023,0.48486,0.52002,0.4248,0.41016,0.40479,0.39502,0.3999,0.39502,0.41016,0.38525,0.31006,0.43994,1.0649,1.5,1.5,1.1396,0.625,0.47021,0.375,0.3501,0.33496,0.31494,0.34521,0.3501,0.37012,0.35986,0.3501,0.35986,0.39014,0.38525,0.3999,0.39502,0.43506,0.4248,0.41504,0.47021,0.48486,0.49023,0.54492,0.5752,0.58496,0.6001,0.63477,0.6748,0.66992,0.65479,0.6001,0.54492,0.51514,0.43018,0.375,0.35986,0.34521,0.36523,0.37988,0.36523,0.37012,0.375,0.38525,0.36523,0.33496,0.35986,0.37988,0.375,0.37012,0.38525,0.39502,0.41504,0.43506,0.3501,0.37012,0.39502,0.43994,0.44482,0.46484,0.4502,0.46484,0.49512,0.47998,0.45996,0.4248,0.38525,0.375,0.39014,0.39014,0.3999,0.37988,0.3252,0.41016,0.98486,1.5,1.5,1.25,0.7251,0.50977,0.41992,0.37012,0.31982,0.31006,0.3252,0.36523,0.39014,0.33496,0.3252,0.35498,0.39014,0.41016,0.39502,0.40479,0.41992,0.43506,0.46484,0.49023,0.48486,0.49512,0.5249,0.56982,0.6001,0.64502,0.63477,0.69482,0.7002,0.68994,0.62988,0.54004,0.48486,0.45996,0.41992,0.3999,0.39014,0.38525,0.36523,0.37012,0.36523,0.35986,0.37012,0.35986,0.37988,0.39014,0.39502,0.37988,0.3999,0.37012,0.39014,0.39014,0.40479,0.39502,0.40479,0.41992,0.43994,0.4248,0.43018,0.43994,0.47021,0.49023,0.49512,0.5,0.47998,0.4502,0.41992,0.3999,0.39502,0.38525,0.37988,0.39502,0.34521,0.51514,1.125,1.5,1.5,1.1499,0.64014,0.4751,0.38525,0.39014,0.33984,0.33496,0.35498,0.37012,0.3501,0.37988,0.35986,0.39014,0.40479,0.39502,0.43018,0.4248,0.41504,0.43994,0.46484,0.49512,0.51514,0.50488,0.52979,0.5752,0.60498,0.6499,0.6748,0.66504,0.6748,0.66992,0.625,0.56982,0.47998,0.41992,0.40479,0.38525,0.35986,0.37012,0.36523,0.34521,0.35498,0.37012,0.38525,0.39014,0.34521,0.36523,0.35986,0.39502,0.37988,0.36523,0.3501,0.39014,0.41992,0.3999,0.37012,0.40479,0.41504,0.44482,0.4502,0.47021,0.47998,0.49512,0.47021,0.41504,0.37988,0.37012,0.39502,0.37988,0.37012,0.375,0.34521,0.31982,0.75488,1.4849,1.5,1.4648,0.73486,0.50488,0.41504,0.35498,0.33984,0.3252,0.3252,0.33008,0.3501,0.34521,0.3999,0.35498,0.34521,0.375,0.39502,0.41504,0.41504,0.4248,0.43018,0.45996,0.48486,0.52002,0.51514,0.53516,0.55518,0.61475,0.63477,0.68018,0.68994,0.68506,0.69482,0.54004,0.47998,0.44482,0.41992,0.41016,0.3999,0.375,0.37012,0.39502,0.4248,0.37988,0.35986,0.34521,0.36523,0.37988,0.39502,0.39014,0.40479,0.40479,0.43018,0.3999,0.39014,0.37988,0.39502,0.3999,0.4248,0.43994,0.45996,0.45508,0.47998,0.48486,0.49023,0.5,0.49512,0.45996,0.41504,0.39014,0.38525,0.41016,0.40479,0.41992,0.39502,0.375,0.63477,1.3296,1.5,1.5,0.95508,0.6001,0.43506,0.39502,0.35986,0.34521,0.33496,0.36523,0.37012,0.36523,0.3999,0.36523,0.375,0.36523,0.39502,0.40479,0.43506,0.43994,0.46484,0.47998,0.49512,0.49023,0.53516,0.56006,0.58496,0.63477,0.6499,0.66992,0.7002,0.70508,0.68506,0.625,0.58008,0.48486,0.44482,0.41992,0.40479,0.39502,0.39502,0.3999,0.39014,0.375,0.36523,0.3999,0.39014,0.40479,0.41504,0.40479,0.35986,0.39014,0.40479,0.40479,0.41016,0.41504,0.40479,0.41992,0.43994,0.45508,0.43506,0.43018,0.47021,0.4751,0.49023,0.46484,0.46484,0.43018,0.39014,0.37988,0.39014,0.39014,0.39014,0.36523,0.33008,0.49512,1.1699,1.5,1.5,0.98975,0.5752,0.4248,0.35986,0.33984,0.33008,0.3252,0.34521,0.33984,0.33008,0.33496,0.375,0.39502,0.39502,0.36523,0.375,0.41992,0.41016,0.43994,0.44482,0.47998,0.47021,0.50977,0.5249,0.56006,0.58008,0.61475,0.65479,0.66992,0.68506,0.66016,0.62012,0.5498,0.45508,0.43018,0.41504,0.375,0.37012,0.37988,0.37012,0.36523,0.3999,0.37012,0.39014,0.38525,0.41504,0.39502,0.40479,0.39014,0.39502,0.40479,0.39502,0.41016,0.41992,0.41504,0.41992,0.4248,0.43506,0.4751,0.50488,0.44482,0.43506,0.49512,0.50488,0.50977,0.47021,0.4248,0.39014,0.3999,0.41016,0.41992,0.3999,0.37012,0.34521,0.78516,1.5,1.5,1.4697,0.81982,0.5498,0.4248,0.35498,0.3501,0.34521,0.35498,0.37988,0.33008,0.3501,0.34521,0.39014,0.39502,0.40479,0.39014,0.41992,0.4248,0.43994,0.4248,0.44482,0.45996,0.52979,0.56006,0.58008,0.61475,0.66016,0.68994,0.75,0.77002,0.71973,0.64014,0.56982,0.52002,0.46484,0.43018,0.3999,0.43506,0.41992,0.39502,0.37012,0.3501,0.33008,0.34521,0.35986,0.38525,0.37988,0.39502,0.39502,0.41504,0.3999,0.40479,0.36523,0.35498,0.37012,0.36523,0.40479,0.3999,0.43994,0.4248,0.44482,0.47021,0.5,0.50488,0.47021,0.43994,0.4248,0.39014,0.37012,0.375,0.37988,0.38525,0.375,0.3252,0.5,1.1396,1.5,1.5,1.0449,0.59521,0.43018,0.35498,0.3501,0.33984,0.33496,0.31494,0.30518,0.33984,0.37012,0.35986,0.37988,0.3999,0.35498,0.39502,0.39502,0.41504,0.43018,0.47998,0.46484,0.49512,0.51514,0.55518,0.56006,0.59521,0.62988,0.6499,0.66504,0.6748,0.64502,0.5752,0.50977,0.46484,0.43018,0.37988,0.37988,0.36523,0.37012,0.35986,0.37012,0.375,0.33984,0.33496,0.35498,0.3501,0.37012,0.37988,0.37988,0.375,0.39014,0.39502,0.41992,0.39502,0.39014,0.43506,0.4248,0.4502,0.44482,0.47998,0.46484,0.48486,0.46484,0.43994,0.3999,0.37988,0.35986,0.37012,0.36523,0.39014,0.34521,0.3252,0.5752,1.2998,1.5,1.5,0.87988,0.53516,0.40479,0.375,0.33984,0.3252,0.31006,0.30518,0.33984,0.35498,0.36523,0.37012,0.375,0.36523,0.4248,0.39502,0.41016,0.4248,0.43994,0.45996,0.47998,0.49512,0.53516,0.55518,0.58496,0.60986,0.66016,0.6748,0.68018,0.69482,0.6499,0.60986,0.5249,0.45508,0.41992,0.40479,0.3999,0.41992,0.38525,0.37012,0.38525,0.39502,0.37012,0.375,0.375,0.3999,0.39014,0.39502,0.3999,0.41992,0.40479,0.39502,0.39502,0.41504,0.4248,0.40479,0.4248,0.46484,0.4502,0.43994,0.46484,0.4751,0.49512,0.5,0.50977,0.45996,0.46484,0.39502,0.40479,0.39502,0.41992,0.43994,0.39502,0.33496,0.58496,1.2798,1.5,1.5,1.0146,0.6499,0.45508,0.37988,0.35498,0.35986,0.3501,0.35986,0.37012,0.375,0.37012,0.39014,0.375,0.40479,0.41992,0.43018,0.43994,0.46484,0.4502,0.46484,0.49023,0.50977,0.5249,0.55518,0.58008,0.62012,0.64502,0.68994,0.71973,0.69482,0.66016,0.59521,0.54004,0.48486,0.44482,0.41992,0.39502,0.375,0.39502,0.37012,0.37012,0.375,0.375,0.37988,0.39014,0.375,0.37988,0.39502,0.40479,0.39014,0.38525,0.41504,0.3999,0.38525,0.375,0.40479,0.43506,0.45508,0.45508,0.45996,0.4751,0.49023,0.49023,0.49512,0.4502,0.41504,0.39014,0.39014,0.41504,0.39014,0.375,0.35986,0.33008,0.6001,1.3096,1.5,1.5,0.88477,0.5498,0.41504,0.37012,0.3501,0.3252,0.31006,0.3252,0.34521,0.3501,0.3501,0.36523,0.35986,0.37988,0.37988,0.39502,0.3999,0.41992,0.41992,0.45508,0.45996,0.47998,0.50977,0.54492,0.58008,0.60498,0.62012,0.64014,0.65479,0.66016,0.62012,0.56494,0.50488,0.45508,0.41504,0.375,0.35986,0.3501,0.36523,0.3501,0.37012,0.35986,0.35498,0.3501,0.37012,0.35498,0.36523,0.375,0.38525,0.37012,0.38525,0.37988,0.37012,0.37988,0.39502,0.41016,0.41504,0.43018,0.4248,0.45508,0.46484,0.48486,0.46484,0.44482,0.41016,0.40479,0.37988,0.39014,0.38525,0.38525,0.39014,0.3252,0.45996,1.0698,1.5,1.5,1.1348,0.66992,0.49023,0.37012,0.34521,0.33496,0.3501,0.34521,0.35986,0.3501,0.35986,0.35498,0.37988,0.39014,0.41504,0.43018,0.4248,0.43994,0.44482,0.45508,0.47021,0.5,0.5249,0.5498,0.58008,0.60498,0.64014,0.6748,0.68994,0.70508,0.6499,0.6001,0.54492,0.5,0.44482,0.43018,0.41504,0.39502,0.37012,0.375,0.37012,0.37988,0.38525,0.39014,0.37988,0.39014,0.39502,0.3999,0.41016,0.3999,0.41504,0.41016,0.41016,0.40479,0.41016,0.40479,0.4248,0.43506,0.46484,0.45508,0.47021,0.48486,0.5,0.5,0.50488,0.45996,0.43506,0.41992,0.41504,0.41016,0.41992,0.41504,0.3999,0.34521,0.54492,1.1997,1.5,1.5,1.0698,0.6499,0.47021,0.38525,0.36523,0.3501,0.34521,0.37012,0.3501,0.35986,0.37012,0.39014,0.38525,0.3999,0.40479,0.4248,0.43506,0.43018,0.44482,0.43994,0.47998,0.50488,0.52979,0.56006,0.58496,0.60986,0.64502,0.66992,0.69482,0.68994,0.66992,0.61475,0.5498,0.49023,0.45508,0.43018,0.41016,0.37988,0.37988,0.37012,0.38525,0.39014,0.39502,0.375,0.38525,0.39502,0.37988,0.39014,0.38525,0.39502,0.39502,0.40479,0.39502,0.3999,0.39502,0.3999,0.41992,0.43506,0.44482,0.4502,0.44482,0.47021,0.49023,0.5,0.46484,0.43994,0.40479,0.39014,0.37988,0.39014,0.39502,0.39014,0.35498,0.3252,0.73486,1.4546,1.5,1.5,0.78516,0.50488,0.38525,0.33984,0.34521,0.31982,0.33496,0.3252,0.34521,0.3501,0.3501,0.35498,0.3501,0.36523,0.37988,0.39014,0.39502,0.41504,0.43018,0.43994,0.47021,0.49023,0.50488,0.54492,0.5752,0.60498,0.62988,0.65479,0.65479,0.66016,0.61475,0.56494,0.47998,0.43506,0.39502,0.39014,0.37012,0.36523,0.34521,0.3501,0.3501,0.35986,0.37012,0.3501,0.35498,0.35986,0.37012,0.37012,0.375,0.375,0.38525,0.37988,0.40479,0.375,0.39502,0.3999,0.41992,0.41992,0.4502,0.45508,0.4751,0.47998,0.49023,0.4502,0.41992,0.3999,0.38525,0.37988,0.375,0.39502,0.39014,0.33984,0.43506,0.97998,1.5,1.5,1.2446,0.7002,0.5,0.3999,0.35986,0.3501,0.3501,0.3501,0.3501,0.35986,0.36523,0.37988,0.37988,0.39502,0.40479,0.41992,0.43506,0.43018,0.4502,0.46484,0.4751,0.49512,0.5249,0.55518,0.58496,0.61475,0.65479,0.66504,0.69482,0.7002,0.6748,0.62012,0.5752,0.49512,0.45996,0.4248,0.41504,0.39502,0.3999,0.38525,0.39014,0.39502,0.39014,0.39502,0.38525,0.39502,0.39502,0.41016,0.41016,0.41016,0.40479,0.41992,0.41016,0.41504,0.40479,0.41992,0.41504,0.43018,0.43994,0.46484,0.46484,0.49023,0.50488,0.49512,0.49023,0.48486,0.45996,0.43018,0.41504,0.41016,0.40479,0.41504,0.41016,0.38525,0.35986,0.7251,1.4199,1.5,1.5,0.88477,0.58008,0.4248,0.37988,0.35986,0.35498,0.35986,0.35498,0.36523,0.375,0.37012,0.39014,0.39502,0.41016,0.40479,0.4248,0.43994,0.43994,0.45996,0.47021,0.49023,0.50977,0.53516,0.56006,0.58496,0.61475,0.6499,0.66992,0.7002,0.68994,0.66016,0.58984,0.52979,0.4751,0.44482,0.40479,0.39502,0.37012,0.375,0.37012,0.39014,0.37988,0.375,0.39502,0.38525,0.37988,0.375,0.38525,0.37988,0.40479,0.39502,0.40479,0.3999,0.41016,0.41504,0.3999,0.41504,0.43994,0.44482,0.45996,0.46484,0.45996,0.49023,0.49512,0.4751,0.43994,0.41504,0.39502,0.39502,0.39014,0.39502,0.39502,0.3999,0.33496,0.6001,1.2949,1.5,1.5,0.94971,0.58496,0.43994,0.35986,0.34521,0.33496,0.34521,0.3501,0.3501,0.36523,0.35986,0.37012,0.375,0.38525,0.39014,0.41992,0.41016,0.41992,0.43018,0.45996,0.46484,0.49512,0.50977,0.5498,0.5752,0.60498,0.625,0.66016,0.66992,0.6748,0.64502,0.58984,0.52002,0.4751,0.41992,0.39502,0.375,0.35498,0.35986,0.3501,0.35986,0.3501,0.37012,0.36523,0.37012,0.3501,0.37012,0.35498,0.39014,0.37012,0.37988,0.39014,0.39502,0.38525,0.39502,0.39502,0.41992,0.43018,0.43994,0.44482,0.47021,0.47998,0.47998,0.46484,0.43994,0.3999,0.38525,0.39502,0.38525,0.39502,0.39014,0.39502,0.33008,0.56982,1.2397,1.5,1.5,0.91992,0.55518,0.43506,0.37012,0.35986,0.33496,0.34521,0.3501,0.36523,0.37012,0.35986,0.38525,0.39502,0.3999,0.41016,0.41504,0.41992,0.43994,0.44482,0.46484,0.48486,0.50977,0.52002,0.56006,0.58008,0.61475,0.63477,0.66992,0.68506,0.68994,0.65479,0.59521,0.5249,0.47998,0.43018,0.41504,0.40479,0.39014,0.39502,0.39014,0.37988,0.37012,0.37988,0.375,0.39502,0.3999,0.3999,0.39502,0.41992,0.3999,0.41016,0.40479,0.41504,0.41992,0.41016,0.41504,0.43018,0.41992,0.4248,0.43994,0.45508,0.4751,0.47998,0.49023,0.50977,0.51514,0.48486,0.44482,0.41992,0.41504,0.41016,0.4248,0.41992,0.41992,0.35498,0.41992,0.93994,1.5,1.5,1.335,0.75,0.53516,0.40479,0.37988,0.35986,0.3501,0.37012,0.36523,0.37012,0.36523,0.375,0.39014,0.39502,0.40479,0.41992,0.41504,0.43506,0.43994,0.47021,0.47998,0.50977,0.52002,0.54492,0.56494,0.60986,0.63477,0.66992,0.68506,0.71484,0.69482,0.6499,0.58984,0.52979,0.4751,0.43994,0.41992,0.40479,0.41016,0.37988,0.39014,0.375,0.39014,0.375,0.39014,0.39502,0.3999,0.39014,0.3999,0.39502,0.41504,0.3999,0.40479,0.39502,0.41504,0.41992,0.4248,0.43506,0.43994,0.44482,0.45996,0.4751,0.4751,0.50977,0.50488,0.49023,0.46484,0.44482,0.41016,0.41992,0.3999,0.41504,0.4248,0.41016,0.3501,0.49023,1.0947,1.5,1.5,1.1597,0.66992,0.5,0.3999,0.36523,0.35498,0.3501,0.36523,0.35986,0.37988,0.375,0.37988,0.39502,0.41992,0.41016,0.43994,0.43506,0.4502,0.45996,0.49023,0.50488,0.51514,0.52002,0.56494,0.58496,0.61475,0.6499,0.68018,0.7002,0.7002,0.68506,0.62988,0.56982,0.49512,0.45996,0.41992,0.41016,0.39014,0.38525,0.37012,0.37012,0.375,0.39502,0.375,0.375,0.375,0.38525,0.39014,0.3999,0.40479,0.39502,0.39502,0.3999,0.41016,0.39014,0.3999,0.39502,0.41992,0.4248,0.45996,0.43994,0.4502,0.47021,0.49023,0.45996,0.46484,0.41992,0.41016,0.375,0.39014,0.37988,0.39502,0.40479,0.3501,0.3252,0.7002,1.4346,1.5,1.5,0.79492,0.5249,0.3999,0.35498,0.33496,0.34521,0.33984,0.33984,0.33008,0.3501,0.35498,0.37012,0.37012,0.39014,0.3999,0.41504,0.39502,0.4248,0.43994,0.45996,0.4751,0.48486,0.50977,0.5498,0.58496,0.60986,0.62988,0.65479,0.66992,0.66992,0.62988,0.58008,0.5,0.43506,0.41016,0.375,0.37012,0.35498,0.35498,0.34521,0.36523,0.35498,0.3501,0.35498,0.37012,0.37012,0.37012,0.37988,0.375,0.39502,0.375,0.38525,0.39014,0.3999,0.3999,0.39502,0.41016,0.43018,0.43018,0.43994,0.4502,0.48486,0.49023,0.47998,0.43506,0.3999,0.38525,0.37988,0.37988,0.39502,0.39014,0.39502,0.33496,0.41992,0.94482,1.5,1.5,1.23,0.6748,0.48486,0.38525,0.3501,0.33496,0.31982,0.3252,0.31982,0.33496,0.34521,0.37012,0.37012,0.39502,0.39014,0.40479,0.3999,0.41504,0.4248,0.43994,0.45996,0.49023,0.51514,0.5249,0.56006,0.60498,0.62012,0.64014,0.6748,0.68506,0.66504,0.61475,0.55518,0.49512,0.45996,0.3999,0.38525,0.37012,0.36523,0.37012,0.36523,0.37988,0.375,0.37012,0.37988,0.39502,0.38525,0.375,0.37012,0.39502,0.38525,0.40479,0.3999,0.41504,0.39502,0.40479,0.3999,0.40479,0.39502,0.43018,0.43994,0.4751,0.47998,0.4751,0.48486,0.49023,0.46484,0.4502,0.41992,0.3999,0.3999,0.39502,0.40479,0.41992,0.375,0.34521,0.70996,1.395,1.5,1.5,0.8999,0.59521,0.43506,0.37012,0.35498,0.3501,0.35986,0.3501,0.36523,0.37012,0.38525,0.38525,0.37988,0.39014,0.41016,0.4248,0.43994,0.43018,0.4502,0.46484,0.47998,0.51514,0.54004,0.56006,0.59521,0.60498,0.64502,0.68018,0.68994,0.7002,0.6748,0.60498,0.5249,0.49023,0.43506,0.41992,0.39502,0.39014,0.37012,0.38525,0.39014,0.375,0.35498,0.375,0.38525,0.3999,0.38525,0.37988,0.39014,0.375,0.39502,0.38525,0.39502,0.3999,0.40479,0.3999,0.40479,0.41504,0.41992,0.43994,0.4502,0.44482,0.47998,0.49023,0.49023,0.47021,0.43018,0.41016,0.41504,0.39502,0.39014,0.40479,0.39502,0.36523,0.33984,0.71484,1.4146,1.5,1.5,0.85986,0.56006,0.43018,0.35986,0.35986,0.3501,0.33984,0.3501,0.3501,0.3501,0.36523,0.37988,0.38525,0.39014,0.39502,0.3999,0.43018,0.43994,0.44482,0.4751,0.47021,0.49023,0.5249,0.56494,0.58496,0.61475,0.6499,0.6748,0.68506,0.69482,0.65479,0.62012,0.5249,0.47021,0.4248,0.39502,0.375,0.37988,0.37012,0.36523,0.35498,0.35498,0.35986,0.35498,0.37988,0.39502,0.3999,0.37012,0.375,0.39014,0.39502,0.39502,0.3999,0.39014,0.43506,0.44482,0.46484,0.4751,0.47021,0.46484,0.4248,0.38525,0.38525,0.375,0.39014,0.3999,0.39502,0.3999,0.3501,0.58008,1.2847,1.5,1.5,0.8501,0.5249,0.41504,0.37012,0.33984,0.31982,0.33008,0.33496,0.3501,0.3501,0.37012,0.36523,0.39502,0.39014,0.37012,0.375,0.41504,0.4248,0.43506,0.4502,0.47021,0.49023,0.51514,0.53516,0.56982,0.60986,0.625,0.65479,0.6748,0.6748,0.6499,0.58496,0.51514,0.46484,0.41504,0.3999,0.39502,0.37012,0.37012,0.37988,0.3501,0.35986,0.37012,0.37988,0.39014,0.38525,0.38525,0.39502,0.3999,0.38525,0.39502,0.41016,0.41504,0.40479,0.41016,0.39502,0.41504,0.43994,0.4502,0.4502,0.46484,0.4751,0.47021,0.5,0.48486,0.46484,0.4502,0.41992,0.41504,0.41016,0.41016,0.40479,0.41016,0.3501,0.33496,0.88477,1.5,1.5,1.3799,0.77979,0.53516,0.41504,0.37012,0.35986,0.34521,0.35498,0.3501,0.375,0.35986,0.37988,0.375,0.3999,0.3999,0.41992,0.43994,0.4502,0.45508,0.43994,0.45996,0.49023,0.51514,0.5498,0.5752,0.59521,0.64502,0.65479,0.68994,0.7002,0.70996,0.6499,0.60498,0.5249,0.4751,0.41504,0.41016,0.39502,0.39014,0.37988,0.39014,0.37012,0.37988,0.37012,0.37988,0.39502,0.3999,0.41016,0.39014,0.39014,0.39014,0.39502,0.39502,0.40479,0.40479,0.41992,0.4248,0.41992,0.43506,0.46484,0.45508,0.47021,0.49512,0.50488,0.49023,0.46484,0.4248,0.41016,0.39502,0.39502,0.3999,0.41504,0.3999,0.35986,0.3501,0.88477,1.5,1.5,1.395,0.77002,0.54004,0.41504,0.375,0.33984,0.3501,0.34521,0.3501,0.35986,0.37012,0.37988,0.3999,0.40479,0.39502,0.40479,0.41992,0.43506,0.4502,0.46484,0.48486,0.49023,0.51514,0.53516,0.56494,0.60986,0.63477,0.6748,0.68506,0.70996,0.68994,0.66016,0.58008,0.52979,0.47021,0.43506,0.41016,0.39502,0.37988,0.3501,0.3501,0.35986,0.37012,0.37012,0.37012,0.375,0.35986,0.36523,0.37012,0.37012,0.39502,0.41016,0.39014,0.36523,0.39014,0.38525,0.3999,0.41504,0.45508,0.43506,0.4502,0.46484,0.47021,0.44482,0.4248,0.41016,0.39014,0.37988,0.375,0.38525,0.37988,0.375,0.3252,0.31982,0.83984,1.5,1.5,1.3296,0.64014,0.45508,0.35498,0.33496,0.33008,0.34521,0.3252,0.33008,0.3252,0.3501,0.3501,0.36523,0.37012,0.375,0.39014,0.39502,0.41016,0.43506,0.46484,0.43994,0.45508,0.49512,0.52002,0.54004,0.58008,0.61475,0.6499,0.64502,0.66992,0.6499,0.60498,0.54004,0.49512,0.41992,0.39014,0.36523,0.35498,0.3501,0.36523,0.34521,0.34521,0.3501,0.34521,0.36523,0.375,0.37988,0.37012,0.39502,0.375,0.39502,0.375,0.39014,0.39014,0.3999,0.39014,0.39502,0.41504,0.43506,0.43018,0.45508,0.45508,0.4751,0.49023,0.49512,0.45996,0.43994,0.41016,0.39014,0.39502,0.39502,0.39502,0.39014,0.35986,0.34521,0.89502,1.5,1.5,1.395,0.79004,0.54492,0.41016,0.35498,0.3501,0.35986,0.34521,0.3501,0.35986,0.36523,0.38525,0.37988,0.3999,0.40479,0.39014,0.4248,0.41992,0.43994,0.44482,0.4751,0.5,0.51514,0.51514,0.55518,0.6001,0.64502,0.66016,0.68994,0.7002,0.70508,0.64502,0.58496,0.5249,0.47998,0.43994,0.41504,0.3999,0.38525,0.39014,0.37988,0.39502,0.375,0.39014,0.38525,0.39014,0.39502,0.40479,0.39502,0.39502,0.39502,0.41504,0.39502,0.41992,0.41016,0.40479,0.41016,0.43506,0.46484,0.46484,0.4751,0.46484,0.49512,0.49023,0.47998,0.46484,0.4248,0.3999,0.40479,0.37988,0.39502,0.39502,0.3999,0.34521,0.56982,1.25,1.5,1.5,1.0146,0.60986,0.4502,0.375,0.36523,0.34521,0.33496,0.33984,0.34521,0.37012,0.37012,0.37012,0.39502,0.39014,0.39502,0.41016,0.41504,0.43506,0.45508,0.46484,0.45996,0.50488,0.51514,0.55518,0.5752,0.60498,0.63477,0.68018,0.7002,0.7002,0.64014,0.58984,0.54004,0.49023,0.43994,0.3999,0.39014,0.37012,0.3501,0.34521,0.35986,0.37012,0.35986,0.34521,0.35498,0.3501,0.35986,0.35498,0.37012,0.36523,0.38525,0.37012,0.39014,0.3999,0.39502,0.3999,0.41016,0.41504,0.4502,0.45508,0.4751,0.49023,0.44482,0.41504,0.39502,0.39014,0.375,0.37988,0.37988,0.37988,0.34521,0.33008,0.56494,1.2798,1.5,1.5,0.8501,0.52979,0.40479,0.35498,0.33008,0.3252,0.31982,0.36523,0.33008,0.3252,0.34521,0.35498,0.37012,0.39014,0.40479,0.3999,0.41016,0.43018,0.45508,0.45996,0.4751,0.50977,0.5249,0.53516,0.56982,0.6001,0.64014,0.66016,0.68506,0.6748,0.62988,0.56982,0.51514,0.47021,0.43506,0.40479,0.37012,0.375,0.35986,0.36523,0.36523,0.37012,0.38525,0.39502,0.37012,0.37988,0.38525,0.3999,0.39502,0.41504,0.40479,0.41016,0.39502,0.39502,0.41016,0.40479,0.41016,0.43994,0.4502,0.43994,0.45996,0.47021,0.49023,0.49023,0.47998,0.45508,0.4248,0.41016,0.41504,0.3999,0.41504,0.40479,0.37988,0.34521,0.73486,1.4297,1.5,1.5,0.91504,0.58008,0.43506,0.36523,0.35986,0.33984,0.33496,0.35986,0.37012,0.37012,0.375,0.38525,0.37988,0.40479,0.40479,0.41992,0.43506,0.45996,0.4502,0.46484,0.48486,0.52002,0.54004,0.58008,0.58984,0.62988,0.6499,0.6748,0.7002,0.70508,0.64014,0.58984,0.54492,0.49512,0.45508,0.40479,0.39014,0.37988,0.37988,0.375,0.38525,0.37012,0.39502,0.39502,0.39502,0.37012,0.375,0.37988,0.3999,0.41504,0.39502,0.39502,0.3999,0.3999,0.39502,0.41992,0.43506,0.43994,0.46484,0.45996,0.48486,0.50488,0.48486,0.46484,0.41992,0.40479,0.41504,0.39014,0.37012,0.39502,0.37988,0.33984,0.3252,0.81982,1.5,1.5,1.4199,0.71973,0.48486,0.3999,0.34521,0.33008,0.33984,0.3252,0.33984,0.3252,0.3501,0.35986,0.36523,0.37012,0.39014,0.39502,0.3999,0.41504,0.43018,0.43506,0.45508,0.47998,0.50977,0.52002,0.55518,0.58496,0.61475,0.64502,0.69482,0.7002,0.6499,0.60986,0.56006,0.49512,0.44482,0.41504,0.39502,0.375,0.35986,0.3501,0.34521,0.35986,0.35498,0.375,0.36523,0.37012,0.37012,0.39502,0.37012,0.37012,0.37012,0.375,0.39014,0.39502,0.3999,0.41504,0.43994,0.45508,0.43994,0.45996,0.46484,0.49512,0.51514,0.4751,0.44482,0.41992,0.40479,0.39014,0.3999,0.3999,0.39502,0.36523,0.33496,0.62988,1.355,1.5,1.5,0.93506,0.6001,0.44482,0.375,0.35498,0.36523,0.35986,0.3501,0.35498,0.35986,0.37988,0.37988,0.39502,0.39502,0.41992,0.4248,0.43506,0.44482,0.46484,0.45996,0.48486,0.49023,0.5249,0.55518,0.59521,0.625,0.65479,0.6748,0.7002,0.69482,0.65479,0.59521,0.54492,0.49023,0.43994,0.43018,0.3999,0.38525,0.37988,0.39014,0.37012,0.38525,0.375,0.39502,0.39014,0.3999,0.39014,0.39502,0.40479,0.39502,0.41016,0.39502,0.40479,0.3999,0.41016,0.40479,0.43994,0.46484,0.47021,0.4751,0.47998,0.50488,0.51514,0.47998,0.4751,0.41504,0.3999,0.39502,0.40479,0.41016,0.41016,0.35986,0.33984,0.75977,1.5,1.5,1.5,0.85498,0.56982,0.4248,0.36523,0.33984,0.33496,0.3501,0.35498,0.3501,0.35986,0.375,0.37012,0.39014,0.3999,0.41016,0.40479,0.43018,0.43994,0.47021,0.4751,0.48486,0.51514,0.52979,0.56006,0.60498,0.625,0.65479,0.6748,0.69482,0.6748,0.65479,0.58984,0.52002,0.48486,0.43506,0.39502,0.39014,0.39014,0.37012,0.37012,0.37012,0.37012,0.37988,0.39014,0.375,0.37988,0.36523,0.39014,0.37988,0.41016,0.41992,0.3999,0.38525,0.37988,0.41016,0.4248,0.44482,0.4502,0.4751,0.4751,0.49023,0.49023,0.47021,0.44482,0.43018,0.38525,0.38525,0.37988,0.39014,0.39502,0.37988,0.3252,0.52979,1.2197,1.5,1.5,0.93506,0.56006,0.41504,0.35986,0.34521,0.33496,0.3252,0.33984,0.3252,0.34521,0.3501,0.37012,0.38525,0.38525,0.375,0.39502,0.39502,0.4248,0.43994,0.44482,0.47021,0.47998,0.50977,0.53516,0.5752,0.61475,0.64502,0.64014,0.6748,0.66504,0.64502,0.58984,0.5249,0.46484,0.4248,0.38525,0.39014,0.37012,0.38525,0.375,0.36523,0.3501,0.36523,0.375,0.39502,0.38525,0.39502,0.375,0.38525,0.39014,0.3999,0.41504,0.39502,0.39502,0.39014,0.41992,0.43506,0.4502,0.43994,0.4751,0.49023,0.5,0.4751,0.46484,0.43018,0.41016,0.39014,0.40479,0.39502,0.38525,0.39014,0.35498,0.34521,0.90967,1.5,1.5,1.355,0.7749,0.53516,0.39502,0.35498,0.35986,0.3501,0.33496,0.3501,0.34521,0.35498,0.3501,0.38525,0.39014,0.39502,0.3999,0.39502,0.41504,0.43994,0.43994,0.46484,0.48486,0.52979,0.5249,0.56494,0.59521,0.62988,0.6499,0.6748,0.68506,0.6748,0.625,0.56494,0.51514,0.47021,0.4248,0.40479,0.37988,0.375,0.37988,0.37988,0.37988,0.375,0.37988,0.375,0.39502,0.375,0.39014,0.39502,0.39014,0.3999,0.40479,0.41504,0.40479,0.40479,0.39502,0.43018,0.44482,0.45508,0.46484,0.49023,0.49023,0.50488,0.51514,0.49512,0.44482,0.41504,0.3999,0.40479,0.3999,0.4248,0.41504,0.375,0.3501,0.80469,1.5,1.5,1.4946,0.81006,0.55518,0.41016,0.36523,0.34521,0.3501,0.33984,0.35498,0.35498,0.375,0.37012,0.38525,0.39502,0.39014,0.40479,0.43506,0.41992,0.43994,0.43994,0.45996,0.48486,0.5,0.52979,0.56982,0.6001,0.63477,0.65479,0.68018,0.7002,0.6748,0.64502,0.58008,0.52979,0.47021,0.4248,0.39502,0.39014,0.37012,0.38525,0.37012,0.37012,0.37988,0.37012,0.37012,0.375,0.39014,0.38525,0.38525,0.39014,0.39502,0.38525,0.39502,0.39014,0.39502,0.3999,0.4248,0.43018,0.43994,0.43994,0.46484,0.47998,0.50977,0.48486,0.45996,0.41504,0.3999,0.38525,0.39502,0.39502,0.39502,0.375,0.33984,0.33008,0.875,1.5,1.5,1.3296,0.6748,0.5,0.39502,0.34521,0.3252,0.3252,0.33984,0.34521,0.33008,0.33496,0.35498,0.37012,0.35986,0.38525,0.37988,0.41504,0.41992,0.3999,0.43994,0.45996,0.46484,0.48486,0.50977,0.54004,0.58008,0.61475,0.62988,0.66016,0.6748,0.6499,0.59521,0.53516,0.47998,0.43018,0.3999,0.37988,0.35986,0.3501,0.34521,0.33984,0.35498,0.35498,0.36523,0.37012,0.36523,0.37012,0.36523,0.37988,0.375,0.38525,0.36523,0.39014,0.37988,0.41016,0.39502,0.41016,0.41992,0.43018,0.44482,0.46484,0.47998,0.49512,0.47021,0.43506,0.4248,0.3999,0.37988,0.375,0.38525,0.39502,0.35986,0.33008,0.60986,1.3149,1.5,1.5,0.93994,0.6001,0.45508,0.36523,0.35498,0.3252,0.33008,0.33496,0.34521,0.3501,0.36523,0.36523,0.375,0.38525,0.41504,0.4248,0.43018,0.40479,0.43018,0.45508,0.47021,0.49512,0.5249,0.55518,0.59521,0.63477,0.62012,0.66504,0.69482,0.6748,0.65479,0.59521,0.50977,0.4751,0.43506,0.41016,0.39014,0.38525,0.375,0.37988,0.39502,0.39014,0.39502,0.37012,0.36523,0.37988,0.39502,0.38525,0.39502,0.39502,0.41504,0.40479,0.4248,0.41992,0.43994,0.4248,0.43994,0.45508,0.47998,0.46484,0.4751,0.48486,0.51514,0.50488,0.49023,0.45508,0.43994,0.4248,0.41992,0.41504,0.43018,0.43506,0.35986,0.35498,0.96973,1.5,1.5,1.3096,0.71484,0.50977,0.39014,0.36523,0.3501,0.3501,0.3501,0.36523,0.37012,0.39502,0.39502,0.37012,0.37012,0.38525,0.39502,0.41504,0.43018,0.4248,0.46484,0.47998,0.49023,0.51514,0.54004,0.5752,0.60498,0.64502,0.65479,0.66992,0.70508,0.68018,0.625,0.55518,0.50977,0.45508,0.41504,0.39014,0.37988,0.37012,0.375,0.39014,0.37988,0.35986,0.35498,0.37012,0.36523,0.37988,0.39014,0.39502,0.39014,0.39014,0.39502,0.37988,0.375,0.39502,0.39014,0.41992,0.43018,0.44482,0.43994,0.47021,0.49023,0.49023,0.46484,0.43506,0.39502,0.39014,0.37988,0.38525,0.39014,0.38525,0.39502,0.33496,0.5498,1.2549,1.5,1.5,0.88477,0.5249,0.41992,0.35498,0.34521,0.31006,0.31982,0.31982,0.3501,0.3501,0.34521,0.35986,0.35498,0.38525,0.39502,0.40479,0.3999,0.43018,0.45508,0.44482,0.46484,0.49023,0.50977,0.54492,0.5752,0.61475,0.625,0.66504,0.6748,0.68506,0.64502,0.58984,0.5,0.45508,0.4248,0.3999,0.38525,0.37988,0.375,0.37988,0.38525,0.39014,0.37012,0.375,0.38525,0.37988,0.40479,0.39502,0.3999,0.3999,0.3999,0.3999,0.3999,0.39502,0.40479,0.3999,0.43018,0.44482,0.43018,0.43994,0.45508,0.4502,0.48486,0.49023,0.49512,0.4751,0.45996,0.43506,0.41992,0.41016,0.41016,0.41504,0.39502,0.36523,0.35986,0.87012,1.5,1.5,1.4097,0.7998,0.54492,0.41992,0.37012,0.35986,0.35986,0.37012,0.35986,0.38525,0.35498,0.35986,0.37012,0.39014,0.41016,0.4248,0.41992,0.43506,0.4502,0.43994,0.45996,0.47021,0.50488,0.52979,0.56494,0.59521,0.62988,0.6499,0.68018,0.68018,0.6748,0.62988,0.58008,0.52002,0.48486,0.43994,0.3999,0.39014,0.38525,0.37012,0.37012,0.35986,0.35498,0.38525,0.375,0.39014,0.37012,0.36523,0.37012,0.37988,0.38525,0.39502,0.37988,0.39502,0.375,0.39502,0.39502,0.41504,0.43018,0.45508,0.45996,0.46484,0.4751,0.46484,0.47998,0.43994,0.41504,0.3999,0.3999,0.41016,0.375,0.36523,0.375,0.31982,0.48486,1.1396,1.5,1.5,1.0547,0.60498,0.45508,0.35498,0.33496,0.3252,0.33496,0.34521,0.33496,0.37012,0.3501,0.37012,0.37012,0.37988,0.39502,0.40479,0.41992,0.43018,0.41992,0.44482,0.46484,0.48486,0.50488,0.54492,0.5752,0.60498,0.61475,0.63477,0.66016,0.6748,0.64014,0.6001,0.5249,0.48486,0.43018,0.39014,0.36523,0.35498,0.36523,0.3501,0.37012,0.37988,0.35498,0.36523,0.36523,0.37012,0.37012,0.36523,0.39014,0.39502,0.39502,0.38525,0.3999,0.39014,0.44482,0.4502,0.39014,0.41016,0.43506,0.43994,0.45996,0.48486,0.49023,0.49023,0.48486,0.44482,0.41016,0.39502,0.3999,0.39502,0.3999,0.41016,0.35986,0.34521,0.70508,1.4346,1.5,1.5,0.88477,0.58984,0.41992,0.39014,0.35498,0.34521,0.3501,0.35986,0.35986,0.37012,0.375,0.40479,0.41016,0.39502,0.41016,0.41504,0.43506,0.45996,0.47021,0.4751,0.50488,0.52002,0.5498,0.56006,0.6001,0.64014,0.66504,0.6748,0.7002,0.68506,0.65479,0.59521,0.56006,0.49512,0.4502,0.4248,0.39014,0.38525,0.38525,0.39502,0.37988,0.39502,0.39014,0.39014,0.37988,0.375,0.37988,0.3999,0.39502,0.41016,0.39502,0.41016,0.41016,0.41016,0.41504,0.40479,0.41992,0.45508,0.46484,0.45508,0.46484,0.48486,0.49512,0.48486,0.49023,0.43994,0.41992,0.3999,0.41016,0.39502,0.3999,0.39502,0.36523,0.33496,0.8501,1.5,1.5,1.4248,0.79004,0.52979,0.41504,0.35498,0.34521,0.3501,0.33496,0.3501,0.34521,0.37012,0.37988,0.39014,0.375,0.40479,0.41992,0.43018,0.4248,0.43506,0.44482,0.46484,0.47021,0.51514,0.53516,0.55518,0.58496,0.64014,0.65479,0.66992,0.6748,0.6748,0.625,0.58008,0.52002,0.47998,0.43018,0.39014,0.39502,0.36523,0.375,0.37012,0.37012,0.36523,0.37012,0.37012,0.375,0.35498,0.35986,0.37012,0.37012,0.38525,0.37988,0.38525,0.37012,0.39502,0.37012,0.39014,0.41504,0.41992,0.43994,0.45508,0.47021,0.49023,0.46484,0.44482,0.39502,0.3999,0.37988,0.39502,0.37012,0.36523,0.36523,0.31982,0.40479,0.95508,1.5,1.5,1.2197,0.60986,0.43994,0.36523,0.3252,0.33008,0.33008,0.3501,0.33008,0.33496,0.33984,0.35498,0.38525,0.39014,0.39502,0.38525,0.40479,0.41016,0.4248,0.43994,0.47998,0.49512,0.48486,0.51514,0.55518,0.58008,0.63477,0.65479,0.6748,0.68018,0.65479,0.60498,0.52979,0.4751,0.43994,0.41504,0.40479,0.375,0.36523,0.37012,0.36523,0.40479,0.375,0.37012,0.37012,0.39014,0.39502,0.39014,0.3999,0.39502,0.41992,0.41992,0.41016,0.41504,0.41992,0.41016,0.40479,0.4248,0.43994,0.45996,0.46484,0.47021,0.47998,0.48486,0.50488,0.49023,0.45996,0.41992,0.41016,0.40479,0.41504,0.38525,0.41016,0.38525,0.35986,0.60498,1.29,1.5,1.5,0.98486,0.62012,0.4502,0.37988,0.35498,0.3501,0.33008,0.34521,0.37012,0.37012,0.375,0.37012,0.38525,0.39502,0.41504,0.4248,0.41992,0.4248,0.44482,0.45996,0.49023,0.49023,0.52002,0.5498,0.58984,0.62012,0.64502,0.66016,0.69482,0.7002,0.66992,0.6001,0.54004,0.49023,0.45508,0.41504,0.39502,0.39014,0.37988,0.39502,0.37988,0.38525,0.37988,0.39502,0.37012,0.37988,0.38525,0.37988,0.39014,0.39502,0.3999,0.39502,0.43018,0.39502,0.40479,0.39502,0.41016,0.43506,0.46484,0.45996,0.47021,0.49023,0.50488,0.49512,0.47998,0.43994,0.41992,0.41992,0.3999,0.39014,0.41016,0.40479,0.375,0.35498,0.77979,1.5,1.5,1.5,0.83008,0.56494,0.4248,0.37012,0.33984,0.3501,0.33496,0.3501,0.3501,0.375,0.36523,0.375,0.38525,0.37012,0.38525,0.41504,0.41992,0.43994,0.45508,0.44482,0.49023,0.47998,0.52979,0.58008,0.58496,0.6001,0.64014,0.66504,0.68994,0.66992,0.63477,0.56982,0.50977,0.45508,0.40479,0.38525,0.375,0.375,0.375,0.35498,0.35986,0.3501,0.3501,0.35498,0.37012,0.37988,0.375,0.375,0.37012,0.35986,0.35986,0.37012,0.37988,0.39502,0.40479,0.3999,0.41016,0.41992,0.44482,0.45508,0.47021,0.47998,0.4502,0.43506,0.37988,0.37012,0.375,0.39014,0.37012,0.37012,0.34521,0.31982,0.625,1.3496,1.5,1.5,0.81982,0.51514,0.40479,0.3501,0.3252,0.33008,0.33984,0.33496,0.3501,0.3501,0.35498,0.35498,0.39502,0.38525,0.39014,0.39502,0.41016,0.4248,0.43994,0.46484,0.5,0.51514,0.53516,0.55518,0.58008,0.60498,0.6499,0.70508,0.6748,0.66016,0.62012,0.58008,0.50488,0.46484,0.43018,0.41992,0.37988,0.36523,0.35986,0.37012,0.36523,0.39014,0.39502,0.37988,0.38525,0.38525,0.38525,0.39502,0.39502,0.41504,0.41016,0.39502,0.39014,0.39502,0.3999,0.39502,0.41504,0.41504,0.43018,0.43994,0.41992,0.43506,0.45508,0.46484,0.47998,0.49023,0.48486,0.4751,0.45996,0.41016,0.39502,0.39014,0.39502,0.40479,0.41016,0.38525,0.35986,0.71484,1.4297,1.5,1.5,0.8501,0.56006,0.4248,0.37012,0.36523,0.35498,0.3501,0.33496,0.3501,0.35498,0.375,0.37988,0.39502,0.39014,0.40479,0.41992,0.40479,0.41504,0.44482,0.46484,0.45996,0.5,0.50977,0.54004,0.5752,0.62988,0.6499,0.6748,0.66504,0.66992,0.62988,0.56982,0.49512,0.45996,0.43018,0.39502,0.375,0.37012,0.3501,0.3501,0.35498,0.3501,0.34521,0.35986,0.37012,0.37012,0.37012,0.36523,0.37012,0.36523,0.37988,0.38525,0.375,0.37988,0.39502,0.39502,0.41992,0.41016,0.43506,0.4502,0.44482,0.45996,0.4751,0.46484,0.4751,0.43018,0.39502,0.38525,0.39502,0.39502,0.3999,0.41504,0.38525,0.35498,0.68994,1.4146,1.5,1.5,0.89502,0.58496,0.41504,0.36523,0.3501,0.35498,0.35498,0.375,0.38525,0.34521,0.3501,0.37012,0.39014,0.40479,0.41992,0.4248,0.41992,0.43018,0.44482,0.45996,0.49023,0.51514,0.53516,0.56006,0.6001,0.62988,0.64502,0.66016,0.68506,0.68018,0.66016,0.58984,0.53516,0.46484,0.43506,0.40479,0.38525,0.38525,0.38525,0.375,0.39014,0.37012,0.37012,0.37012,0.37012,0.37988,0.37988,0.38525,0.39502,0.41016,0.39014,0.39502,0.39502,0.40479,0.41016,0.41504,0.41992,0.41016,0.4248,0.45996,0.45508,0.4751,0.47021,0.47021,0.47021,0.4751,0.43018,0.41016,0.41992,0.39502,0.40479,0.41992,0.4248,0.35986,0.41992,0.88477,1.5,1.5,1.3896,0.76514,0.52979,0.39014,0.36523,0.3501,0.35986,0.3501,0.37012,0.36523,0.37988,0.38525,0.36523,0.39502,0.41992,0.4248,0.41992,0.43994,0.44482,0.46484,0.45996,0.49023,0.50977,0.54492,0.58008,0.60498,0.62012,0.66016,0.68506,0.70508,0.68994,0.64014,0.59521,0.52002,0.4502,0.41504,0.39014,0.37988,0.375,0.38525,0.36523,0.3501,0.37012,0.3501,0.3501,0.36523,0.37012,0.37012,0.37988,0.38525,0.37988,0.375,0.37988,0.37988,0.3999,0.37988,0.3999,0.41504,0.45508,0.43018,0.44482,0.45996,0.46484,0.45996,0.4502,0.43506,0.39502,0.39502,0.39014,0.3999,0.39502,0.39502,0.35986,0.33008,0.60498,1.3296,1.5,1.5,0.84473,0.52979,0.41016,0.36523,0.3501,0.34521,0.33984,0.3501,0.35498,0.37012,0.37012,0.37988,0.38525,0.37012,0.40479,0.4248,0.43018,0.43506,0.43994,0.44482,0.46484,0.49023,0.52002,0.56006,0.58984,0.60498,0.64014,0.68018,0.66992,0.65479,0.62988,0.58008,0.5249,0.4751,0.44482,0.40479,0.38525,0.37012,0.37012,0.35498,0.36523,0.375,0.38525,0.37988,0.38525,0.41504,0.4248,0.39014,0.38525,0.41016,0.3999,0.41016,0.41016,0.41992,0.41504,0.4248,0.41504,0.40479,0.41992,0.43994,0.45996,0.46484,0.4751,0.48486,0.50977,0.5249,0.49512,0.43506,0.41016,0.40479,0.41504,0.41016,0.41992,0.41992,0.37012,0.34521,0.77002,1.4746,1.5,1.5,0.87988,0.58496,0.41016,0.35986,0.35498,0.33984,0.34521,0.3501,0.35986,0.375,0.37012,0.38525,0.39502,0.40479,0.39502,0.40479,0.41992,0.43018,0.4502,0.46484,0.4751,0.51514,0.53516,0.5498,0.58008,0.60986,0.63477,0.66992,0.7002,0.70996,0.64502,0.58984,0.5249,0.46484,0.43506,0.40479,0.39014,0.37988,0.38525,0.36523,0.39502,0.37012,0.35498,0.37012,0.37012,0.37012,0.39014,0.38525,0.40479,0.37988,0.37988,0.38525,0.39502,0.39502,0.41504,0.40479,0.41504,0.43506,0.43506,0.4502,0.4502,0.46484,0.48486,0.49512,0.49023,0.49512,0.4248,0.39502,0.39014,0.39502,0.39502,0.41504,0.41992,0.36523,0.3501,0.8501,1.5,1.5,1.4248,0.77979,0.53516,0.41016,0.36523,0.3501,0.36523,0.3501,0.3501,0.34521,0.35498,0.36523,0.38525,0.39502,0.40479,0.41504,0.43018,0.43506,0.43018,0.43506,0.4502,0.4751,0.50977,0.53516,0.5752,0.58984,0.63477,0.66504,0.68018,0.68506,0.68506,0.64502,0.58008,0.52002,0.46484,0.4248,0.39502,0.39014,0.36523,0.37012,0.36523,0.38525,0.37012,0.36523,0.37012,0.39502,0.3999,0.37988,0.37988,0.375,0.39014,0.39502,0.37988,0.39014,0.40479,0.3999,0.39014,0.40479,0.43018,0.43994,0.43994,0.45996,0.49023,0.49023,0.47998,0.43994,0.41016,0.39014,0.37988,0.39502,0.38525,0.375,0.35986,0.31982,0.49512,1.1748,1.5,1.5,0.9751,0.56006,0.43018,0.35498,0.33496,0.3252,0.33008,0.3501,0.34521,0.33984,0.33496,0.35498,0.3501,0.375,0.39502,0.41992,0.4248,0.43506,0.41992,0.43994,0.45508,0.48486,0.52002,0.56006,0.58008,0.60498,0.61475,0.66016,0.6748,0.6748,0.6499,0.6001,0.53516,0.48486,0.45508,0.41016,0.39502,0.37988,0.37012,0.37012,0.37012,0.37012,0.38525,0.39502,0.38525,0.39014,0.3999,0.40479,0.39502,0.39502,0.41992,0.4248,0.40479,0.41992,0.40479,0.41504,0.41016,0.41992,0.4248,0.45508,0.45508,0.47021,0.47998,0.47998,0.49023,0.51514,0.49023,0.4751,0.44482,0.43018,0.41504,0.4248,0.43506,0.41992,0.39502,0.35498,0.54004,1.1699,1.5,1.5,1.1396,0.68506,0.4751,0.37988,0.35986,0.35498,0.36523,0.3501,0.35986,0.37988,0.375,0.39014,0.38525,0.3999,0.41016,0.41992,0.43506,0.4502,0.46484,0.45508,0.48486,0.51514,0.52979,0.55518,0.5752,0.6001,0.62988,0.66504,0.68506,0.7002,0.68506,0.6499,0.56982,0.50977,0.45996,0.4248,0.3999,0.40479,0.39502,0.38525,0.39502,0.38525,0.36523,0.37012,0.37988,0.375,0.39014,0.39502,0.40479,0.41016,0.40479,0.3999,0.41016,0.39502,0.3999,0.41504,0.41992,0.41016,0.43994,0.4502,0.46484,0.4751,0.46484,0.49023,0.47998,0.4751,0.46484,0.43506,0.41992,0.40479,0.3999,0.39502,0.39502,0.40479,0.3501,0.47021,1.0298,1.5,1.5,1.23,0.70996,0.48486,0.37012,0.3501,0.34521,0.33496,0.33496,0.3501,0.36523,0.36523,0.37988,0.375,0.38525,0.39502,0.40479,0.41504,0.43018,0.4502,0.46484,0.48486,0.50488,0.51514,0.54004,0.55518,0.60498,0.625,0.65479,0.68018,0.69482,0.66992,0.64014,0.56006,0.5,0.44482,0.41504,0.375,0.37012,0.375,0.37012,0.35986,0.35986,0.37012,0.3501,0.36523,0.35986,0.37012,0.36523,0.38525,0.37012,0.37012,0.37988,0.39502,0.38525,0.39502,0.375,0.39014,0.40479,0.41992,0.43994,0.43994,0.4502,0.46484,0.45996,0.45508,0.41992,0.39502,0.38525,0.37988,0.37988,0.375,0.3999,0.40479,0.31494,0.56982,1.2998,1.5,1.5,0.87988,0.55518,0.40479,0.36523,0.33008,0.33496,0.3252,0.33984,0.34521,0.3501,0.36523,0.375,0.375,0.39502,0.41016,0.41992,0.41992,0.41992,0.44482,0.45996,0.49023,0.50488,0.5249,0.53516,0.5752,0.60986,0.6499,0.66016,0.68994,0.69482,0.66992,0.60986,0.5249,0.46484,0.41992,0.39502,0.39014,0.39502,0.375,0.36523,0.36523,0.37012,0.37988,0.39502,0.37012,0.37988,0.39502,0.39502,0.40479,0.3999,0.3999,0.39014,0.41016,0.41016,0.39502,0.39502,0.39502,0.40479,0.41504,0.43994,0.46484,0.47021,0.46484,0.47021,0.49512,0.49023,0.49023,0.4751,0.44482,0.40479,0.41504,0.41504,0.41016,0.41504,0.39014,0.35986,0.59521,1.2446,1.5,1.5,1.0498,0.64014,0.45996,0.375,0.37012,0.35498,0.3501,0.33984,0.35498,0.36523,0.35986,0.38525,0.41992,0.39014,0.37988,0.3999,0.41992,0.43994,0.45508,0.48486,0.4751,0.49023,0.50977,0.5498,0.58008,0.625,0.66504,0.66016,0.65479,0.7002,0.66992,0.62012,0.56006,0.51514,0.45996,0.43506,0.41016,0.37988,0.375,0.37012,0.375,0.36523,0.37012,0.37012,0.37012,0.36523,0.37988,0.39014,0.39502,0.40479,0.3999,0.39014,0.37988,0.39502,0.39502,0.39502,0.41504,0.41992,0.40479,0.43994,0.43994,0.45508,0.47021,0.48486,0.49023,0.47998,0.43506,0.40479,0.37988,0.39502,0.40479,0.39502,0.37012,0.35986,0.33008,0.625,1.3447,1.5,1.5,0.87012,0.55518,0.40479,0.34521,0.33984,0.36523,0.33984,0.35986,0.35986,0.37012,0.35498,0.36523,0.37012,0.38525,0.41016,0.41504,0.3999,0.41992,0.43506,0.45996,0.46484,0.5,0.50977,0.54004,0.56494,0.60986,0.64502,0.64502,0.66016,0.66992,0.64014,0.5752,0.50488,0.46484,0.43506,0.3999,0.36523,0.35986,0.36523,0.33984,0.3501,0.35498,0.3501,0.3501,0.36523,0.37012,0.39014,0.37988,0.37012,0.37988,0.375,0.39502,0.41504,0.375,0.35498,0.37012,0.39502,0.41016,0.41504,0.43994,0.45508,0.43506,0.45508,0.4502,0.45508,0.46484,0.4248,0.39502,0.39014,0.39502,0.37988,0.37988,0.39502,0.35986,0.3501,0.87988,1.5,1.5,1.3599,0.77979,0.51514,0.40479,0.37988,0.33008,0.31982,0.34521,0.33496,0.33008,0.35498,0.34521,0.375,0.39502,0.39014,0.3999,0.41504,0.41504,0.44482,0.43994,0.4502,0.4751,0.5,0.5249,0.56494,0.58008,0.60986,0.64014,0.68506,0.7002,0.68994,0.63477,0.58496,0.5249,0.43994,0.41504,0.3999,0.39502,0.35986,0.37012,0.375,0.37012,0.3501,0.35498,0.39502,0.37012,0.3501,0.375,0.39502,0.37988,0.375,0.39502,0.37988,0.41504,0.4248,0.39502,0.39502,0.43018,0.45508,0.41992,0.43018,0.43994,0.4751,0.49023,0.45996,0.44482,0.44482,0.41992,0.39502,0.37012,0.40479,0.3999,0.41016,0.35498,0.33008,0.70508,1.4097,1.5,1.5,0.90967,0.58008,0.43994,0.36523,0.34521,0.33984,0.34521,0.33984,0.37012,0.3501,0.37012,0.38525,0.41504,0.40479,0.3999,0.40479,0.43506,0.46484,0.47998,0.46484,0.4751,0.50488,0.53516,0.58008,0.60498,0.625,0.6499,0.68506,0.70996,0.71973,0.6748,0.62012,0.54004,0.5,0.43506,0.41016,0.38525,0.39502,0.37012,0.35498,0.3501,0.35986,0.37012,0.375,0.38525,0.37012,0.37012,0.37012,0.39014,0.39502,0.36523,0.37988,0.375,0.37012,0.375,0.39014,0.40479,0.41504,0.4248,0.43506,0.4751,0.46484,0.47021,0.43994,0.43506,0.41504,0.38525,0.37012,0.375,0.37988,0.39502,0.38525,0.33984,0.39502,0.90479,1.5,1.5,1.3296,0.69482,0.48486,0.37012,0.34521,0.3501,0.33984,0.33008,0.33984,0.3252,0.3501,0.37012,0.37988,0.39014,0.43018,0.39502,0.39014,0.43506,0.43994,0.45996,0.46484,0.4751,0.5,0.52979,0.56982,0.6001,0.63477,0.66504,0.68506,0.69482,0.68018,0.64502,0.59521,0.51514,0.45996,0.43018,0.41016,0.3999,0.37012,0.37012,0.375,0.38525,0.37988,0.39502,0.39502,0.40479,0.37988,0.39502,0.3999,0.41504,0.41016,0.40479,0.41992,0.41504,0.4248,0.41504,0.41992,0.43994,0.45996,0.47998,0.48486,0.45508,0.47998,0.49512,0.50977,0.48486,0.4502,0.41992,0.3999,0.41016,0.4248,0.43018,0.41016,0.375,0.35498,0.52979,1.1997,1.5,1.5,1.0747,0.65479,0.47998,0.3999,0.38525,0.35498,0.3501,0.3501,0.37012,0.37988,0.38525,0.375,0.37988,0.3999,0.41504,0.43018,0.4248,0.4248,0.43994,0.4502,0.47021,0.49023,0.51514,0.5498,0.59521,0.60986,0.63477,0.66504,0.68994,0.70508,0.69482,0.63477,0.5498,0.5,0.46484,0.43506,0.39502,0.39502,0.38525,0.39014,0.375,0.375,0.39502,0.3999,0.37988,0.37012,0.39014,0.40479,0.41016,0.37988,0.39014,0.40479,0.41504,0.41016,0.40479,0.39502,0.41992,0.43018,0.45508,0.43018,0.45508,0.47021,0.50977,0.4751,0.46484,0.43018,0.3999,0.39502,0.39502,0.39502,0.39502,0.3999,0.37988,0.34521,0.54492,1.2148,1.5,1.5,0.97998,0.56494,0.43018,0.375,0.33496,0.33496,0.33008,0.3501,0.3501,0.3501,0.3501,0.37012,0.38525,0.39502,0.40479,0.4248,0.43506,0.41016,0.43506,0.47021,0.48486,0.49512,0.51514,0.54004,0.5752,0.625,0.6499,0.66016,0.6748,0.68018,0.66016,0.60986,0.5498,0.47998,0.4248,0.39014,0.38525,0.37988,0.38525,0.3501,0.3501,0.35986,0.36523,0.37012,0.375,0.39014,0.3999,0.38525,0.37012,0.38525,0.39014,0.40479,0.40479,0.41992,0.41504,0.3999,0.39502,0.43506,0.43994,0.45996,0.46484,0.49023,0.48486,0.47998,0.45996,0.43994,0.44482,0.43994,0.39014,0.37988,0.39502,0.39502,0.35498,0.33496,0.81982,1.5,1.5,1.4697,0.82471,0.56006,0.43018,0.35986,0.34521,0.33008,0.3501,0.35986,0.37012,0.36523,0.37988,0.39502,0.37988,0.39014,0.41504,0.43018,0.4248,0.4502,0.43018,0.4751,0.49023,0.50977,0.52002,0.56006,0.58984,0.63477,0.66992,0.68994,0.68994,0.68506,0.63477,0.58984,0.52979,0.5,0.43506,0.4248,0.38525,0.375,0.37988,0.37012,0.39014,0.37988,0.38525,0.36523,0.37988,0.39502,0.40479,0.38525,0.39502,0.39014,0.41016,0.39502,0.40479,0.41504,0.40479,0.41504,0.43506,0.43506,0.46484,0.46484,0.47998,0.48486,0.5,0.47998,0.47021,0.43506,0.41016,0.40479,0.41992,0.41992,0.4248,0.40479,0.35986,0.43018,0.88477,1.5,1.5,1.4097,0.7749,0.53516,0.38525,0.35986,0.3501,0.3501,0.35986,0.3501,0.35498,0.37012,0.37988,0.3999,0.41504,0.39502,0.39014,0.41992,0.43018,0.4248,0.4502,0.4751,0.48486,0.51514,0.53516,0.55518,0.59521,0.63477,0.66992,0.7002,0.7002,0.6748,0.63477,0.59521,0.50977,0.45996,0.43506,0.38525,0.37988,0.37012,0.36523,0.37012,0.37012,0.36523,0.35986,0.37012,0.36523,0.37012,0.36523,0.39014,0.39502,0.39014,0.375,0.37012,0.37012,0.38525,0.3999,0.4248,0.41992,0.43018,0.43994,0.44482,0.47021,0.49023,0.46484,0.43994,0.3999,0.37012,0.38525,0.37988,0.375,0.36523,0.37012,0.31982,0.41016,0.95996,1.5,1.5,1.21,0.625,0.46484,0.35498,0.3501,0.3252,0.3252,0.3252,0.33984,0.3501,0.34521,0.37012,0.35498,0.375,0.40479,0.39502,0.39014,0.39502,0.40479,0.43994,0.45996,0.50488,0.51514,0.53516,0.54492,0.5752,0.60498,0.6499,0.65479,0.68018,0.65479,0.61475,0.5249,0.48486,0.44482,0.41016,0.38525,0.37012,0.37012,0.375,0.35498,0.3501,0.37988,0.37012,0.39502,0.39502,0.37988,0.37012,0.39014,0.3999,0.40479,0.39502,0.40479,0.39014,0.40479,0.41992,0.41992,0.41992,0.43018,0.43994,0.43018,0.4502,0.46484,0.49023,0.5,0.49023,0.4502,0.4248,0.3999,0.40479,0.39014,0.38525,0.3999,0.38525,0.33984,0.59521,1.2749,1.5,1.5,0.99512,0.62012,0.45508,0.37988,0.36523,0.33496,0.3252,0.3501,0.3501,0.36523,0.35498,0.375,0.375,0.38525,0.40479,0.41992,0.41016,0.43994,0.44482,0.45996,0.46484,0.50488,0.52979,0.55518,0.56494,0.6001,0.62988,0.66992,0.70508,0.69482,0.6499,0.61475,0.56006,0.5,0.46484,0.43018,0.39502,0.38525,0.37988,0.375,0.37988,0.375,0.39014,0.38525,0.39014,0.38525,0.39502,0.37012,0.39014,0.39502,0.38525,0.37988,0.39014,0.40479,0.4248,0.39502,0.41504,0.43994,0.4751,0.45996,0.44482,0.46484,0.49023,0.5,0.46484,0.43506,0.3999,0.40479,0.39014,0.39502,0.37988,0.39502,0.36523,0.3501,0.65479,1.375,1.5,1.5,0.89014,0.56006,0.41504,0.35986,0.34521,0.31982,0.31494,0.34521,0.35498,0.37012,0.35986,0.3501,0.375,0.41016,0.38525,0.3999,0.4248,0.45996,0.46484,0.43994,0.47021,0.5,0.52979,0.54004,0.58008,0.61475,0.66992,0.68018,0.68018,0.66992,0.65479,0.58984,0.55518,0.49512,0.4248,0.39502,0.37988,0.39014,0.37012,0.38525,0.37012,0.37012,0.36523,0.38525,0.3999,0.375,0.37988,0.37012,0.39014,0.41016,0.39014,0.37988,0.39502,0.39014,0.39014,0.41504,0.43506,0.45508,0.43994,0.46484,0.5,0.50488,0.47998,0.43994,0.43506,0.41504,0.3999,0.375,0.39014,0.37988,0.38525,0.33984,0.3252,0.76514,1.5,1.5,1.4697,0.7251,0.50488,0.38525,0.33496,0.31982,0.33008,0.3252,0.33008,0.3501,0.36523,0.36523,0.38525,0.41992,0.3999,0.39502,0.40479,0.43506,0.43506,0.4502,0.43994,0.46484,0.5,0.53516,0.56006,0.58008,0.62012,0.64014,0.65479,0.6748,0.68994,0.625,0.56982,0.49512,0.45996,0.41504,0.38525,0.37012,0.375,0.35986,0.38525,0.36523,0.37012,0.37012,0.39014,0.37988,0.3999,0.38525,0.39014,0.39502,0.39502,0.39502,0.41016,0.3999,0.39502,0.40479,0.3999,0.41504,0.41992,0.43506,0.45996,0.47021,0.4751,0.45508,0.4751,0.49512,0.47021,0.45508,0.41992,0.40479,0.39502,0.41016,0.41016,0.40479,0.33984,0.3252,0.83008,1.5,1.5,1.4497,0.81006,0.56006,0.40479,0.35986,0.3501,0.33008,0.3501,0.34521,0.35986,0.35498,0.37012,0.375,0.39502,0.3999,0.41504,0.43018,0.43994,0.4248,0.43994,0.45996,0.48486,0.50977,0.5498,0.55518,0.59521,0.62012,0.6499,0.66504,0.6748,0.68994,0.6499,0.59521,0.5249,0.4751,0.4502,0.4248,0.38525,0.375,0.36523,0.37012,0.35498,0.37012,0.375,0.37988,0.39014,0.39502,0.39014,0.39014,0.40479,0.3999,0.3999,0.3999,0.39014,0.41016,0.41992,0.41504,0.43018,0.43994,0.45508,0.45996,0.46484,0.47998,0.50977,0.49512,0.5,0.45996,0.41992,0.39502,0.3999,0.39502,0.40479,0.39502,0.40479,0.36523,0.70996,1.4146,1.5,1.5,0.875,0.56982,0.41992,0.375,0.37012,0.33984,0.3252,0.33984,0.33496,0.35498,0.36523,0.39014,0.3999,0.38525,0.38525,0.40479,0.41992,0.43018,0.43994,0.45508,0.47021,0.50488,0.51514,0.53516,0.56982,0.61475,0.66016,0.6748,0.69482,0.66992,0.65479,0.58984,0.53516,0.45508,0.41504,0.39502,0.3999,0.36523,0.3501,0.35986,0.35498,0.37012,0.35986,0.3501,0.36523,0.37012,0.39502,0.40479,0.3501,0.35986,0.38525,0.37988,0.38525,0.37988,0.39502,0.43018,0.41992,0.43018,0.43506,0.4502,0.47021,0.47998,0.46484,0.45508,0.41016,0.3999,0.39014,0.39014,0.37988,0.38525,0.39014,0.33008,0.44482,1.0049,1.5,1.5,1.1899,0.62988,0.45508,0.36523,0.35986,0.37012,0.33496,0.31982,0.33496,0.3501,0.37012,0.37988,0.41504,0.375,0.37988,0.39502,0.41992,0.43506,0.43994,0.45508,0.46484,0.50488,0.51514,0.52979,0.5752,0.62012,0.64502,0.68506,0.68018,0.68506,0.6499,0.60986,0.5498,0.50488,0.45508,0.43506,0.39502,0.39502,0.375,0.35986,0.37012,0.36523,0.37012,0.375,0.39014,0.39502,0.39502,0.39502,0.40479,0.41504,0.39014,0.38525,0.39502,0.40479,0.41504,0.3999,0.41504,0.41016,0.43994,0.46484,0.46484,0.45508,0.46484,0.47021,0.5,0.50488,0.49023,0.49512,0.40479,0.39014,0.38525,0.3999,0.41016,0.41504,0.37012,0.4502,1.0098,1.5,1.5,1.2646,0.73486,0.52002,0.39502,0.37988,0.37012,0.3501,0.35498,0.3501,0.34521,0.37012,0.375,0.37988,0.3999,0.40479,0.41016,0.43018,0.4502,0.46484,0.4502,0.45996,0.49023,0.52002,0.53516,0.56494,0.60498,0.63477,0.66504,0.68506,0.7002,0.68018,0.6499,0.58984,0.54492,0.48486,0.43018,0.41504,0.39502,0.37988,0.37988,0.38525,0.37988,0.38525,0.39502,0.37012,0.375,0.39014,0.38525,0.39014,0.40479,0.41504,0.3999,0.41016,0.38525,0.39502,0.39014,0.40479,0.4248,0.43994,0.43994,0.45996,0.46484,0.48486,0.5,0.48486,0.45996,0.43994,0.40479,0.39014,0.375,0.39502,0.40479,0.39502,0.35986,0.33496,0.73486,1.48,1.5,1.5,0.81982,0.52002,0.39014,0.3501,0.33984,0.3252,0.3252,0.33496,0.3501,0.35498,0.37012,0.36523,0.375,0.39014,0.39502,0.41504,0.43018,0.4248,0.43994,0.46484,0.46484,0.49512,0.52002,0.55518,0.59521,0.61475,0.64014,0.6748,0.6748,0.68994,0.62012,0.56494,0.50488,0.4502,0.40479,0.3999,0.37012,0.36523,0.37988,0.35986,0.33496,0.3501,0.35986,0.37012,0.36523,0.35498,0.38525,0.37012,0.39502,0.37988,0.38525,0.375,0.38525,0.37988,0.3999,0.41992,0.4248,0.43994,0.45508,0.43506,0.45996,0.4751,0.47021,0.45996,0.43994,0.40479,0.39502,0.40479,0.39502,0.40479,0.36523,0.33008,0.31006,0.7749,1.5,1.5,1.46,0.81494,0.5498,0.41504,0.36523,0.35986,0.35498,0.36523,0.3252,0.33984,0.3501,0.37012,0.39014,0.39502,0.39502,0.41992,0.41992,0.43018,0.43994,0.44482,0.49023,0.47998,0.49512,0.53516,0.5752,0.59521,0.625,0.66504,0.7002,0.70508,0.68506,0.64502,0.58984,0.52979,0.49512,0.43018,0.39502,0.38525,0.38525,0.39014,0.39014,0.39502,0.37012,0.375,0.37012,0.39502,0.40479,0.41504,0.39502,0.38525,0.39014,0.41504,0.41992,0.41016,0.41992,0.4248,0.43506,0.43994,0.4248,0.4502,0.4502,0.47021,0.4751,0.46484,0.5,0.49512,0.48486,0.46484,0.41504,0.38525,0.39014,0.39502,0.41992,0.41992,0.375,0.35498,0.95996,1.5,1.5,1.2949,0.75488,0.53516,0.41016,0.36523,0.34521,0.35498,0.34521,0.37012,0.37012,0.37988,0.39014,0.37988,0.38525,0.39502,0.41016,0.4248,0.43994,0.4502,0.44482,0.47021,0.49023,0.53516,0.56006,0.55518,0.59521,0.6499,0.65479,0.68018,0.69482,0.68018,0.64014,0.5752,0.5249,0.47998,0.43506,0.41504,0.39014,0.38525,0.39502,0.37988,0.39014,0.38525,0.41016,0.35986,0.37012,0.375,0.39502,0.39014,0.39502,0.39502,0.40479,0.41016,0.41016,0.39502,0.40479,0.41016,0.40479,0.43994,0.4502,0.45996,0.45508,0.46484,0.47998,0.48486,0.45996,0.43994,0.41016,0.41016,0.3999,0.40479,0.40479,0.41992,0.37012,0.33496,0.5752,1.3047,1.5,1.5,0.94482,0.58496,0.4248,0.37012,0.3501,0.33984,0.35498,0.36523,0.3501,0.35498,0.36523,0.37988,0.39014,0.37012,0.3999,0.41016,0.41992,0.41992,0.43994,0.44482,0.48486,0.50488,0.51514,0.52979,0.5752,0.59521,0.625,0.6499,0.6748,0.68506,0.6499,0.6001,0.54492,0.47998,0.41504,0.38525,0.36523,0.35986,0.3501,0.37012,0.34521,0.33984,0.3501,0.37012,0.37012,0.37012,0.3501,0.35986,0.37012,0.37012,0.38525,0.40479,0.39502,0.39014,0.37012,0.38525,0.39502,0.39014,0.43018,0.43994,0.43994,0.46484,0.4751,0.46484,0.46484,0.41992,0.38525,0.35986,0.37988,0.39502,0.41016,0.37012,0.33984,0.4502,0.99512,1.5,1.5,1.2246,0.70508,0.48486,0.37012,0.34521,0.3501,0.34521,0.34521,0.3501,0.34521,0.37012,0.37012,0.37988,0.39502,0.39502,0.40479,0.41992,0.41992,0.44482,0.45508,0.4751,0.4751,0.50977,0.54004,0.5752,0.60498,0.63477,0.6748,0.68506,0.70508,0.66992,0.61475,0.5498,0.50488,0.45508,0.43994,0.41016,0.375,0.37012,0.37012,0.36523,0.375,0.375,0.37988,0.37012,0.39014,0.41016,0.39502,0.39014,0.39014,0.38525,0.39502,0.39014,0.39502,0.41504,0.4248,0.3999,0.38525,0.40479,0.43506,0.45996,0.45508,0.47998,0.50977,0.48486,0.4502,0.45508,0.43018,0.41016,0.3999,0.40479,0.41016,0.43018,0.3999,0.35498,0.33984,0.85986,1.5,1.5,1.4399,0.80469,0.56006,0.3999,0.3501,0.35498,0.34521,0.33008,0.3501,0.3501,0.375,0.37012,0.38525,0.39502,0.39502,0.39502,0.3999,0.41992,0.44482,0.45508,0.45996,0.4751,0.50488,0.52979,0.56494,0.60986,0.63477,0.66504,0.68018,0.7002,0.68506,0.66016,0.59521,0.54004,0.48486,0.44482,0.3999,0.39014,0.375,0.37988,0.39014,0.375,0.36523,0.37012,0.39014,0.39502,0.39014,0.38525,0.375,0.39014,0.39502,0.37988,0.39502,0.3999,0.40479,0.41016,0.41992,0.43018,0.41016,0.4248,0.43994,0.43994,0.46484,0.48486,0.47998,0.46484,0.45508,0.41504,0.43018,0.40479,0.39014,0.375,0.38525,0.39502,0.34521,0.52979,1.1699,1.5,1.5,1.0747,0.62012,0.45996,0.375,0.35986,0.3501,0.3252,0.33496,0.35986,0.36523,0.35986,0.37012,0.35986,0.375,0.39502,0.40479,0.41504,0.41504,0.43994,0.46484,0.45996,0.48486,0.52002,0.53516,0.5752,0.62012,0.63477,0.66992,0.68506,0.68994,0.65479,0.60986,0.56006,0.50488,0.44482,0.43994,0.3999,0.37988,0.3501,0.35498,0.37012,0.36523,0.375,0.37012,0.39502,0.37012,0.35498,0.375,0.38525,0.39502,0.3999,0.38525,0.39502,0.37988,0.38525,0.375,0.41016,0.41504,0.43994,0.43018,0.44482,0.43994,0.48486,0.46484,0.45996,0.41992,0.39502,0.37988,0.375,0.38525,0.3999,0.39502,0.36523,0.33008,0.58984,1.29,1.5,1.5,0.90479,0.56006,0.4248,0.35986,0.33984,0.3501,0.3252,0.31982,0.3501,0.3501,0.35986,0.37988,0.39014,0.39502,0.39014,0.39502,0.40479,0.43018,0.4502,0.45996,0.49023,0.52002,0.55518,0.5249,0.55518,0.59521,0.625,0.65479,0.69482,0.7002,0.65479,0.58984,0.52002,0.49023,0.43994,0.3999,0.39502,0.37988,0.37012,0.36523,0.37012,0.37012,0.37012,0.375,0.39014,0.41016,0.40479,0.37988,0.37012,0.37988,0.39014,0.39502,0.41016,0.41992,0.41016,0.41504,0.41992,0.3999,0.39502,0.41992,0.44482,0.46484,0.47021,0.48486,0.47998,0.48486,0.50488,0.4502,0.41504,0.3999,0.39502,0.41016,0.40479,0.41504,0.38525,0.35498,0.55518,1.1948,1.5,1.5,1.0649,0.64502,0.48486,0.35498,0.33984,0.30518,0.31494,0.31006,0.3252,0.31982,0.33008,0.3252,0.33008,0.33984,0.33984,0.35986,0.37012,0.33008,0.33984,0.35986,0.375,0.3999,0.41992,0.4502,0.47998,0.49512,0.52002,0.56006,0.58984,0.61475,0.62012,0.5498,0.45996,0.41504,0.37012,0.35986,0.3252,0.34521,0.33008,0.31006,0.31982,0.33496,0.34521,0.3501,0.35498,0.36523,0.37988,0.35986,0.37988,0.35986,0.375,0.37988,0.40479,0.3999,0.41504,0.41992,0.40479,0.43506,0.44482,0.46484,0.46484,0.47998,0.50977,0.52002,0.50488,0.5249,0.47998,0.43994,0.43506,0.44482,0.43994,0.43994,0.44482,0.41992,0.3999,0.75488,1.48,1.5,1.5,0.9248,0.6001,0.44482,0.36523,0.3501,0.33984,0.33496,0.33008,0.33496,0.3501,0.35498,0.36523,0.39014,0.41016,0.39502,0.38525,0.375,0.41016,0.43506,0.45996,0.5,0.51514,0.54004,0.54492,0.5752,0.625,0.65479,0.68506,0.70508,0.71484,0.68018,0.61475,0.54492,0.49023,0.45996,0.43994,0.43506,0.39502,0.37988,0.39014,0.3999,0.38525,0.39502,0.39502,0.41016,0.39502,0.41504,0.41992,0.39502,0.37988,0.40479,0.39502,0.43018,0.41016,0.38525,0.38525,0.39014,0.39502,0.37988,0.39502,0.39502,0.39014,0.37988,0.36523,0.3501,0.31494,0.30029,0.28516,0.2749,0.27002,0.28027,0.2749,0.26025,0.24512,0.5,1.21,1.5,1.5,0.7998,0.49023,0.36523,0.31494,0.28027,0.29004,0.30029,0.31494,0.33008,0.37012,0.37988,0.35498,0.35986,0.38525,0.41504,0.43994,0.45508,0.4502,0.4751,0.48486,0.47998,0.51514,0.54492,0.58984,0.60498,0.63477,0.6748,0.68506,0.70508,0.70996,0.68506,0.62988,0.5752,0.5249,0.47021,0.44482,0.4248,0.4248,0.41504,0.40479,0.41992,0.43506,0.3999,0.41016,0.3999,0.41992,0.43018,0.43994,0.43994,0.45508,0.46484,0.45996,0.43506,0.4248,0.41992,0.4248,0.43994,0.4502,0.45996,0.48486,0.50488,0.51514,0.53516,0.51514,0.51514,0.51514,0.5249,0.50977,0.47998,0.4502,0.44482,0.43994,0.47021,0.45508,0.44482,0.39014,0.56494,1.2197,1.5,1.5,1.1548,0.7251,0.54004,0.43994,0.3999,0.38525,0.39014,0.3999,0.39502,0.41016,0.41504,0.43018,0.43994,0.45996,0.43994,0.43994,0.45508,0.47998,0.49023,0.50488,0.50977,0.54492,0.56982,0.58008,0.60498,0.63477,0.68018,0.70508,0.71973,0.7251,0.71484,0.68018,0.62012,0.54004,0.47998,0.43506,0.43018,0.41504,0.40479,0.3999,0.41504,0.41992,0.41992,0.41016,0.38525,0.39014,0.39502,0.39502,0.41016,0.41504,0.41016,0.4248,0.41504,0.4248,0.41016,0.41504,0.41992,0.43506,0.43018,0.44482,0.4502,0.4751,0.47021,0.50488,0.47998,0.4751,0.44482,0.41992,0.40479,0.3999,0.40479,0.41504,0.3999,0.37988,0.3501,0.62988,1.355,1.5,1.5,0.92969,0.60498,0.41992,0.37012,0.33984,0.33984,0.3252,0.33496,0.33008,0.37012,0.35986,0.37012,0.36523,0.38525,0.39014,0.43018,0.41992,0.43018,0.43506,0.43018,0.46484,0.49512,0.52002,0.5498,0.58008,0.60986,0.62988,0.6748,0.69482,0.68018,0.65479,0.58984,0.5498,0.49512,0.43994,0.37988,0.375,0.37012,0.37012,0.37012,0.375,0.37012,0.35986,0.35498,0.36523,0.375,0.37012,0.3999,0.37012,0.37012,0.375,0.39502,0.40479,0.41992,0.39014,0.39502,0.38525,0.41016,0.4248,0.4248,0.4502,0.4751,0.45996,0.46484,0.4502,0.43018,0.41504,0.40479,0.3999,0.41504,0.3999,0.37988,0.36523,0.3252,0.51514,1.1499,1.5,1.5,1.0298,0.58496,0.49023,0.35986,0.33496,0.3252,0.33984,0.34521,0.3501,0.37012,0.37988,0.375,0.39502,0.3999,0.39502,0.3999,0.39502,0.43018,0.43994,0.46484,0.50977,0.52979,0.50977,0.5249,0.56006,0.58984,0.625,0.66016,0.68994,0.68018,0.65479,0.625,0.56006,0.49512,0.43994,0.41504,0.37988,0.39014,0.375,0.375,0.37012,0.36523,0.37012,0.38525,0.39502,0.39014,0.39502,0.37988,0.37988,0.39014,0.41016,0.41504,0.3999,0.41992,0.4248,0.41016,0.40479,0.39014,0.3999,0.41504,0.43506,0.45508,0.46484,0.47021,0.4751,0.50488,0.49023,0.44482,0.4248,0.40479,0.41016,0.40479,0.41016,0.41016,0.41016,0.375,0.35498,0.91992,1.5,1.5,1.3496,0.77002,0.53516,0.41016,0.37012,0.3501,0.35498,0.37012,0.35498,0.3501,0.375,0.36523,0.39014,0.375,0.41504,0.41992,0.43506,0.43994,0.45996,0.47998,0.49023,0.49023,0.51514,0.52979,0.56982,0.6001,0.65479,0.66016,0.6499,0.6748,0.68506,0.65479,0.60498,0.53516,0.49023,0.44482,0.38525,0.35986,0.3501,0.36523,0.3501,0.37012,0.3501,0.35986,0.33984,0.33008,0.33496,0.3501,0.35498,0.36523,0.37988,0.39502,0.375,0.38525,0.35498,0.36523,0.375,0.40479,0.3999,0.41016,0.41504,0.43994,0.45508,0.47021,0.46484,0.4751,0.48486,0.43506,0.41504,0.37988,0.38525,0.39502,0.40479,0.41504,0.3501,0.46484,1.0801,1.5,1.5,1.2046,0.73486,0.50488,0.3999,0.37012,0.35986,0.36523,0.3501,0.35498,0.36523,0.37988,0.39502,0.39502,0.40479,0.41992,0.43994,0.43994,0.45508,0.43994,0.45508,0.48486,0.49512,0.51514,0.5498,0.58984,0.61475,0.66504,0.68018,0.6748,0.7002,0.69482,0.64502,0.58984,0.52979,0.45508,0.41992,0.3999,0.38525,0.375,0.39502,0.375,0.38525,0.37988,0.38525,0.36523,0.37988,0.39502,0.41504,0.39502,0.3999,0.37988,0.37988,0.375,0.39502,0.39502,0.39014,0.41016,0.41992,0.4248,0.41992,0.43994,0.4502,0.47998,0.48486,0.4751,0.44482,0.41992,0.39502,0.37988,0.39014,0.40479,0.39502,0.40479,0.36523,0.4502,1.0347,1.5,1.5,1.1348,0.60986,0.4751,0.37988,0.37012,0.34521,0.31982,0.31494,0.33984,0.3501,0.37012,0.38525,0.39502,0.39502,0.39502,0.39502,0.40479,0.41504,0.43506,0.45996,0.46484,0.5249,0.54004,0.5249,0.54004,0.58984,0.625,0.65479,0.6748,0.68506,0.66992,0.61475,0.5498,0.48486,0.44482,0.4248,0.39014,0.37988,0.38525,0.34521,0.3501,0.35498,0.39502,0.375,0.39502,0.3999,0.37988,0.375,0.38525,0.39014,0.40479,0.41504,0.41016,0.39502,0.40479,0.38525,0.3999,0.40479,0.41016,0.41992,0.43506,0.4502,0.47021,0.49023,0.47998,0.47021,0.46484,0.47998,0.43018,0.4248,0.40479,0.3999,0.4248,0.41016,0.39502,0.35986,0.43506,0.97998,1.5,1.5,1.3149,0.7749,0.52979,0.37988,0.3501,0.3501,0.35498,0.37012,0.36523,0.375,0.37012,0.36523,0.38525,0.37988,0.41016,0.4248,0.44482,0.43506,0.43994,0.4502,0.48486,0.49023,0.50977,0.53516,0.5752,0.60498,0.625,0.66016,0.68994,0.7002,0.7002,0.6748,0.61475,0.54004,0.4751,0.41992,0.40479,0.3999,0.39014,0.39502,0.39014,0.39502,0.36523,0.38525,0.375,0.37988,0.39502,0.41016,0.43994,0.38525,0.37988,0.375,0.39502,0.3999,0.40479,0.3999,0.43994,0.4248,0.41504,0.43018,0.4502,0.46484,0.49023,0.5,0.47998,0.49023,0.47021,0.41016,0.40479,0.39502,0.41504,0.40479,0.41992,0.39502,0.35498,0.56982,1.23,1.5,1.5,1.0449,0.62988,0.45508,0.41016,0.37012,0.33984,0.3252,0.33496,0.3501,0.36523,0.39502,0.39014,0.39502,0.3999,0.3501,0.34521,0.35498,0.36523,0.35498,0.3501,0.36523,0.35986,0.37012,0.37012,0.39014,0.37012,0.38525,0.37012,0.37012,0.37012,0.3999,0.40479,0.39502,0.43018,0.43994,0.43018,0.4502,0.45996,0.4502,0.43994,0.40479,0.39502,0.37012,0.37012,0.3999,0.39014,0.37988,0.33496,0.33008,0.875,1.5,1.5,1.3599,0.7002,0.48486,0.37988,0.3501,0.33008,0.33984,0.33496,0.37012,0.37988,0.35986,0.35498,0.36523,0.37988,0.3999,0.4248,0.43018,0.3999,0.43018,0.44482,0.4751,0.51514,0.54004,0.52979,0.54492,0.58496,0.625,0.66016,0.6748,0.68506,0.68994,0.62988,0.56006,0.51514,0.46484,0.43994,0.4248,0.41016,0.37988,0.37012,0.35498,0.37012,0.375,0.39014,0.38525,0.39502,0.39014,0.39502,0.40479,0.41016,0.41504,0.375,0.39014,0.39014,0.40479,0.41016,0.41504,0.40479,0.4248,0.40479,0.41992,0.43994,0.4502,0.45996,0.49023,0.48486,0.5,0.47998,0.4502,0.3999,0.38525,0.39502,0.40479,0.3999,0.41016,0.39014,0.35986,0.66992,1.375,1.5,1.5,0.95996,0.58008,0.41504,0.35498,0.35986,0.33984,0.35498,0.35986,0.375,0.36523,0.37012,0.37012,0.375,0.375,0.41992,0.43994,0.43506,0.3999,0.41992,0.44482,0.48486,0.50488,0.50977,0.53516,0.5752,0.60498,0.64014,0.68994,0.7002,0.6748,0.65479,0.60986,0.54004,0.50488,0.45996,0.43994,0.40479,0.37012,0.35498,0.37012,0.36523,0.35986,0.37012,0.375,0.39014,0.375,0.37012,0.38525,0.37988,0.37012,0.39502,0.3999,0.41992,0.39014,0.40479,0.37988,0.39502,0.39014,0.41504,0.4248,0.4502,0.4751,0.49023,0.45996,0.45508,0.45996,0.4248,0.41504,0.3999,0.375,0.37012,0.39014,0.375,0.3252,0.50977,1.21,1.5,1.5,0.98486,0.5752,0.43018,0.37988,0.34521,0.36523,0.31982,0.31494,0.3252,0.34521,0.36523,0.38525,0.39014,0.37012,0.39014,0.3999,0.41992,0.43994,0.43994,0.45996,0.45996,0.48486,0.51514,0.52979,0.56982,0.625,0.6499,0.63477,0.66016,0.66016,0.66992,0.6001,0.5498,0.49023,0.44482,0.3999,0.37988,0.37012,0.37988,0.36523,0.35498,0.3501,0.35986,0.37012,0.375,0.37012,0.375,0.38525,0.39502,0.41504,0.40479,0.37012,0.36523,0.39014,0.39502,0.41016,0.3999,0.41504,0.41992,0.43994,0.4502,0.47998,0.49023,0.45508,0.4502,0.45508,0.43994,0.43506,0.39014,0.38525,0.39502,0.38525,0.39502,0.35498,0.49023,1.0898,1.5,1.5,1.1797,0.7002,0.50488,0.39014,0.37988,0.35498,0.34521,0.33984,0.3501,0.35986,0.39014,0.36523,0.39502,0.40479,0.39502,0.40479,0.3999,0.43018,0.4248,0.47998,0.5,0.49023,0.48486,0.52979,0.58008,0.60986,0.625,0.6499,0.68506,0.7002,0.6748,0.63477,0.5752,0.52002,0.45996,0.43506,0.3999,0.375,0.36523,0.37012,0.375,0.37012,0.38525,0.35986,0.375,0.36523,0.39014,0.375,0.37988,0.39014,0.3999,0.39014,0.3999,0.375,0.41016,0.39502,0.4248,0.41016,0.41992,0.43506,0.45996,0.46484,0.4751,0.46484,0.46484,0.45508,0.4248,0.41016,0.41504,0.40479,0.39502,0.43506,0.39014,0.34521,0.47998,1.0601,1.5,1.5,1.2349,0.70508,0.50488,0.41992,0.34521,0.33008,0.33984,0.3501,0.36523,0.3501,0.37012,0.37012,0.39502,0.3999,0.41016,0.39502,0.43018,0.41992,0.4248,0.43994,0.48486,0.49023,0.53516,0.52979,0.55518,0.58984,0.63477,0.66016,0.69482,0.68018,0.66504,0.62012,0.58496,0.51514,0.45508,0.4248,0.40479,0.37988,0.37012,0.375,0.35498,0.36523,0.35986,0.37012,0.375,0.38525,0.35986,0.38525,0.375,0.39014,0.39014,0.40479,0.39502,0.3999,0.41504,0.39014,0.39502,0.41504,0.43506,0.43994,0.45996,0.47021,0.48486,0.4751,0.45508,0.43018,0.41016,0.38525,0.38525,0.39014,0.39014
