1.522,1.5435,1.5709,1.6051,1.6452,1.6901,1.739,1.7889,1.8377,1.8837,1.9257,1.957,1.9804,2,2.0147,2.0244,2.0283,2.0283,2.0254,2.0196,2.0117,2.0029,1.9932,1.9824,1.9717,1.9599,1.9472,1.9345,1.9228,1.911,1.8993,1.8876,1.8749,1.8612,1.8465,1.8299,1.8143,1.7977,1.7791,1.7595,1.74,1.7204,1.7009,1.6833,1.6676,1.654,1.6422,1.6325,1.6256,1.6217,1.6197,1.6197,1.6207,1.6237,1.6266,1.6295,1.6344,1.6393,1.6452,1.651,1.6559,1.6598,1.6628,1.6657,1.6676,1.6686,1.6696,1.6696,1.6676,1.6647,1.6618,1.6569,1.65,1.6432,1.6364,1.6285,1.6197,1.61,1.6002,1.5904,1.5806,1.5709,1.5611,1.5513,1.5415,1.5318,1.5239,1.5181,1.6285,1.7977,1.8768,1.912,1.9267,1.9335,1.9374,1.9413,1.9453,1.9511,1.9589,1.9677,1.9785,1.9883,1.998,2.0078,2.0196,2.0332,2.0499,2.0723,2.1036,2.1437,2.1945,2.2473,2.305,2.3783,2.4594,2.5464,2.6354,2.7204,2.7977,2.8661,2.9238,2.9687,3.001,3.0176,3.0235,3.0235,3.0147,3,2.9814,2.958,2.9316,2.9052,2.8788,2.8534,2.828,2.8045,2.782,2.7586,2.7361,2.7126,2.6882,2.6628,2.6364,2.607,2.5748,2.5396,2.5024,2.4633,2.4282,2.3949,2.3578,2.3216,2.2864,2.2532,2.2229,2.1955,2.173,2.1554,2.1427,2.1359,2.1329,2.1349,2.1388,2.1447,2.1525,2.1603,2.1691,2.1779,2.1867,2.1935,2.1994,2.2033,2.2053,2.2053,2.2033,2.1984,2.1916,2.1828,2.173,2.1623,2.1505,2.1388,2.1271,2.1153,2.1046,2.0958,2.087,2.0753,2.0626,2.0499,2.0371,2.0244,2.0127,2.002,1.9922,1.9824,1.9717,1.9609,1.9531,1.9462,1.9374,1.9286,1.9198,1.911,1.9042,1.8993,1.8974,1.8983,1.9013,1.9052,1.912,1.9198,1.9267,1.9355,1.9453,1.9589,1.9775,2.0039,2.0391,2.085,2.1427,2.2102,2.2874,2.3607,2.433,2.5152,2.6002,2.6813,2.7546,2.8172,2.868,2.9062,2.9335,2.9492,2.956,2.9541,2.9453,2.9326,2.9159,2.8974,2.8768,2.8553,2.8338,2.8113,2.7879,2.7654,2.7419,2.7175,2.695,2.6725,2.6471,2.6197,2.5894,2.5562,2.52,2.4819,2.4418,2.4008,2.3587,2.3177,2.2835,2.2522,2.219,2.1867,2.1574,2.13,2.1065,2.087,2.0733,2.0645,2.0606,2.0606,2.0645,2.0694,2.0762,2.086,2.0968,2.1075,2.1183,2.129,2.1378,2.1457,2.1515,2.1554,2.1574,2.1574,2.1564,2.1535,2.1496,2.1437,2.1378,2.131,2.1241,2.1163,2.1065,2.0968,2.086,2.0753,2.0674,2.0596,2.0499,2.0381,2.0254,2.0127,2.001,1.9883,1.9756,1.9619,1.9492,1.9365,1.9277,1.9208,1.913,1.9052,1.8993,1.8954,1.8935,1.8935,1.8964,1.9003,1.9062,1.914,1.9228,1.9335,1.9453,1.9609,1.9814,2.0098,2.0469,2.0948,2.1554,2.2278,2.3089,2.3978,2.4907,2.5709,2.6432,2.7214,2.7957,2.8622,2.9159,2.957,2.9844,2.999,2.9863,2.9531,2.9218,2.8895,2.8543,2.8172,2.7771,2.7331,2.6882,2.6442,2.6002,2.5582,2.5191,2.479,2.4389,2.3959,2.3539,2.3089,2.2551,2.1955,2.13,2.0596,1.9853,1.911,1.8348,1.7586,1.6833,1.6109,1.5523,1.5015,1.4497,1.3998,1.3578,1.3245,1.2991,1.2815,1.2717,1.2688,1.2737,1.2845,1.3001,1.3167,1.3353,1.3578,1.3803,1.4008,1.4194,1.434,1.4448,1.4526,1.4565,1.4575,1.4545,1.4516,1.4477,1.4409,1.4301,1.4164,1.3998,1.3812,1.3617,1.3421,1.3236,1.3069,1.2903,1.2737,1.262,1.2522,1.2375,1.219,1.1994,1.1808,1.1642,1.1476,1.132,1.1144,1.0968,1.0811,1.0714,1.0645,1.0567,1.0489,1.043,1.042,1.0469,1.0567,1.0674,1.0802,1.0948,1.1105,1.129,1.1496,1.175,1.2092,1.2571,1.3216,1.4066,1.5122,1.6354,1.7752,1.9286,2.089,2.2502,2.3851,2.5005,2.6178,2.7234,2.8113,2.8778,2.9228,2.9472,2.955,2.9472,2.9296,2.9052,2.8729,2.8368,2.7986,2.7586,2.7165,2.6745,2.6315,2.5894,2.5484,2.5083,2.4673,2.4233,2.3734,2.3236,2.2717,2.2111,2.1437,2.0694,1.9902,1.9081,1.824,1.74,1.6569,1.5777,1.5044,1.437,1.3842,1.3412,1.2972,1.2581,1.2258,1.2004,1.1828,1.174,1.173,1.1799,1.1926,1.2092,1.2287,1.2493,1.2717,1.2933,1.3118,1.3275,1.3402,1.35,1.3568,1.3597,1.3597,1.3578,1.3519,1.346,1.3402,1.3304,1.3187,1.306,1.2923,1.2766,1.261,1.2454,1.2287,1.2111,1.1916,1.1769,1.1652,1.1496,1.132,1.1124,1.0929,1.0626,1.042,1.0205,0.9912,0.97263,0.95601,0.94721,0.9433,0.94135,0.94233,0.94624,0.9521,0.95992,0.9697,0.98045,0.99218,1.0068,1.0235,1.044,1.0704,1.1114,1.1711,1.2522,1.3578,1.4878,1.6413,1.8133,2.089,2.2727,2.4457,2.7097,2.8065,2.8905,3,3.0225,3.0274,3.0088,2.9804,2.9443,2.9032,2.8602,2.8162,2.7703,2.7243,2.6794,2.6334,2.5885,2.5415,2.4946,2.4467,2.3959,2.3402,2.2864,2.2307,2.1642,2.0899,2.0127,1.9326,1.8514,1.7752,1.7048,1.6403,1.5836,1.5347,1.4936,1.4643,1.4448,1.4311,1.435,1.4506,1.4633,1.4751,1.4878,1.5034,1.523,1.5435,1.565,1.5846,1.6022,1.6188,1.6344,1.6461,1.653,1.6569,1.6569,1.653,1.6442,1.6315,1.6149,1.5953,1.5787,1.5611,1.5396,1.5152,1.4888,1.4614,1.4321,1.4018,1.3715,1.3412,1.3109,1.2815,1.26,1.2424,1.2229,1.2043,1.1867,1.1711,1.1574,1.1447,1.1349,1.129,1.1261,1.1261,1.129,1.1378,1.1496,1.1632,1.1808,1.2004,1.2209,1.2395,1.2561,1.2727,1.2913,1.3138,1.3421,1.3744,1.4145,1.4731,1.5513,1.651,1.7722,1.911,2.0645,2.2239,2.3822,2.5318,2.6667,2.784,2.868,2.9267,2.9756,3.0088,3.0244,3.0235,3.0098,2.9853,2.9521,2.914,2.8719,2.8289,2.7879,2.7468,2.7038,2.6608,2.6188,2.5767,2.5347,2.4907,2.4477,2.4027,2.3539,2.3011,2.2444,2.1896,2.1349,2.0723,2.0039,1.9326,1.8612,1.7928,1.7273,1.6667,1.6119,1.564,1.5239,1.4966,1.478,1.4633,1.4545,1.4516,1.4555,1.4624,1.4721,1.4848,1.4985,1.5132,1.5279,1.5415,1.5533,1.5621,1.5679,1.5689,1.565,1.5572,1.5464,1.5337,1.5191,1.5044,1.4888,1.4741,1.4624,1.4506,1.436,1.4184,1.3978,1.3773,1.3568,1.3372,1.3206,1.304,1.2864,1.2678,1.2493,1.2356,1.2239,1.2082,1.1906,1.173,1.1544,1.1369,1.1212,1.1056,1.0919,1.0811,1.0743,1.0743,1.0802,1.088,1.0987,1.1105,1.1222,1.1359,1.1505,1.1662,1.1828,1.2023,1.2278,1.262,1.3011,1.3509,1.4223,1.5161,1.6315,1.7654,1.9159,2.0762,2.2385,2.3969,2.5445,2.6755,2.7722,2.8436,2.9071,2.956,2.9873,3,2.9971,2.9814,2.955,2.9198,2.8798,2.8368,2.7947,2.7546,2.7155,2.6774,2.6403,2.6012,2.5621,2.523,2.4839,2.4418,2.3959,2.346,2.2903,2.2356,2.1799,2.1144,2.042,1.9668,1.8905,1.8152,1.7419,1.6716,1.6061,1.5474,1.4956,1.4565,1.4272,1.4018,1.3822,1.3705,1.3666,1.3695,1.3773,1.39,1.4057,1.4213,1.436,1.4487,1.4604,1.4702,1.478,1.4858,1.4936,1.5005,1.5044,1.5044,1.5005,1.4917,1.479,1.4633,1.4506,1.4409,1.4272,1.4106,1.393,1.3763,1.3607,1.3451,1.3284,1.3118,1.2805,1.2405,1.2121,1.1935,1.1789,1.1632,1.1476,1.131,1.1144,1.0978,1.0841,1.0723,1.0626,1.0547,1.0479,1.0459,1.0499,1.0557,1.0635,1.0723,1.0841,1.0968,1.1105,1.1261,1.1447,1.1662,1.1945,1.2336,1.2786,1.3333,1.4106,1.5103,1.6315,1.7713,1.9267,2.0909,2.2561,2.4154,2.563,2.6901,2.782,2.8475,2.9022,2.9413,2.9638,2.9717,2.9638,2.9443,2.9179,2.8837,2.8456,2.8055,2.7644,2.7253,2.6872,2.6491,2.6119,2.5767,2.5415,2.5044,2.4663,2.4233,2.3744,2.3196,2.259,2.2004,2.1417,2.0762,2.0029,1.9257,1.8485,1.7722,1.697,1.6266,1.5611,1.5005,1.4467,1.3998,1.3646,1.3382,1.3157,1.3011,1.2942,1.2933,1.2972,1.3069,1.3216,1.3382,1.3558,1.3744,1.391,1.4047,1.4164,1.4262,1.434,1.4389,1.4399,1.4379,1.4321,1.4233,1.4135,1.4027,1.392,1.3842,1.3754,1.3607,1.3441,1.3265,1.3089,1.2933,1.2776,1.262,1.2454,1.2287,1.2111,1.1965,1.1867,1.174,1.1603,1.1457,1.13,1.1144,1.0987,1.0841,1.0704,1.0606,1.0538,1.0508,1.0528,1.0587,1.0665,1.0772,1.0909,1.1065,1.1222,1.1378,1.1525,1.1672,1.1828,1.2043,1.2307,1.2669,1.3206,1.3949,1.4897,1.6051,1.74,1.8905,2.0499,2.2111,2.3675,2.5132,2.6432,2.74,2.8133,2.8788,2.9286,2.9599,2.9726,2.9697,2.955,2.9316,2.9022,2.869,2.8328,2.7957,2.7576,2.7185,2.6804,2.6422,2.6051,2.5699,2.5337,2.4966,2.4575,2.4135,2.3627,2.3089,2.2532,2.1887,2.1163,2.0381,1.958,1.8768,1.7977,1.7214,1.6491,1.5806,1.5181,1.4624,1.4213,1.391,1.3627,1.3382,1.3206,1.3099,1.306,1.3079,1.3157,1.3294,1.348,1.3705,1.391,1.4076,1.4223,1.435,1.4438,1.4497,1.4506,1.4467,1.4409,1.434,1.4242,1.4135,1.4027,1.3949,1.3871,1.3744,1.3587,1.3412,1.3226,1.3011,1.2796,1.2571,1.2346,1.2121,1.1906,1.175,1.1623,1.1466,1.129,1.1114,1.0929,1.0753,1.0587,1.043,1.0283,1.0166,1.0068,0.99804,0.99413,0.99218,0.98925,0.98827,0.9912,0.99707,1.0068,1.0186,1.0323,1.0479,1.0645,1.0841,1.1046,1.13,1.1662,1.217,1.2893,1.3861,1.5015,1.6373,1.7918,1.958,2.13,2.3011,2.4653,2.5963,2.7019,2.8025,2.8866,2.9501,2.9941,3.0166,3.0215,3.0117,2.9883,2.956,2.9179,2.8788,2.8368,2.7918,2.7468,2.7028,2.6618,2.6207,2.5797,2.5386,2.4966,2.4536,2.4057,2.3519,2.3011,2.2493,2.1877,2.1193,2.045,1.9658,1.8856,1.8074,1.7312,1.6598,1.5943,1.5386,1.4966,1.4643,1.437,1.4164,1.4027,1.3969,1.3978,1.4047,1.4164,1.4291,1.4438,1.4614,1.478,1.4936,1.5073,1.521,1.5318,1.5386,1.5406,1.5406,1.5396,1.5367,1.5308,1.522,1.5103,1.4995,1.4878,1.4702,1.4516,1.4311,1.4076,1.3822,1.3568,1.3314,1.3069,1.2815,1.2551,1.2287,1.2092,1.1935,1.175,1.1564,1.1378,1.1193,1.1007,1.085,1.0714,1.0587,1.0489,1.0401,1.0362,1.0371,1.0401,1.0469,1.0577,1.0714,1.088,1.1056,1.1241,1.1427,1.1613,1.1799,1.1994,1.2199,1.2434,1.2747,1.3167,1.3734,1.4506,1.5484,1.6676,1.8094,1.9697,2.1417,2.3167,2.4643,2.5914,2.7214,2.8416,2.9423,3.0205,3.0762,3.1085,3.1212,3.1163,3.0968,3.0665,3.0274,2.9844,2.9404,2.8944,2.8475,2.8016,2.7576,2.7165,2.6745,2.6334,2.5914,2.5503,2.5073,2.4653,2.4213,2.3695,2.3118,2.2473,2.1799,2.1095,2.0401,1.9717,1.9081,1.8504,1.8006,1.7625,1.7331,1.7058,1.6843,1.6686,1.6588,1.654,1.653,1.654,1.6569,1.6618,1.6667,1.6716,1.6735,1.6745,1.6755,1.6755,1.6735,1.6676,1.6598,1.65,1.6373,1.6217,1.6051,1.5855,1.5679,1.5523,1.5347,1.5152,1.4936,1.4702,1.4438,1.4174,1.391,1.3646,1.3392,1.3148,1.2913,1.2737,1.2581,1.2385,1.218,1.1965,1.1769,1.1574,1.1388,1.1193,1.1007,1.0831,1.0674,1.0587,1.0538,1.0499,1.0499,1.0547,1.0635,1.0762,1.0919,1.1095,1.1281,1.1476,1.1662,1.1848,1.2053,1.2278,1.2571,1.2942,1.3421,1.4057,1.4878,1.5885,1.7087,1.8475,2.001,2.1613,2.3011,2.4252,2.5572,2.6833,2.7928,2.8827,2.9492,2.9941,3.0186,3.0235,3.0127,2.9892,2.957,2.9198,2.8807,2.8397,2.7977,2.7537,2.7097,2.6667,2.6266,2.5875,2.5484,2.4829,2.4047,2.348,2.3001,2.2502,2.1955,2.1369,2.0733,2.0059,1.9355,1.8612,1.7879,1.7155,1.6452,1.5797,1.5279,1.4858,1.4438,1.4057,1.3744,1.35,1.3324,1.3216,1.3177,1.3206,1.3284,1.3402,1.3539,1.3685,1.3822,1.3969,1.4096,1.4194,1.4272,1.4321,1.434,1.435,1.435,1.4321,1.4252,1.4174,1.4086,1.3969,1.3851,1.3734,1.3617,1.348,1.3324,1.3157,1.2981,1.2815,1.2659,1.2542,1.2454,1.2326,1.217,1.1994,1.1808,1.1632,1.1447,1.1271,1.1095,1.0919,1.0762,1.0626,1.0538,1.0479,1.042,1.0371,1.0352,1.0371,1.043,1.0518,1.0645,1.0802,1.0968,1.1134,1.13,1.1457,1.1603,1.176,1.1965,1.2248,1.2649,1.3206,1.3939,1.4868,1.6002,1.7312,1.8759,2.0059,2.1281,2.2649,2.4027,2.5298,2.6432,2.738,2.8123,2.8651,2.8954,2.9071,2.9022,2.8837,2.8563,2.8231,2.7849,2.7458,2.7067,2.6667,2.6256,2.5865,2.5474,2.5073,2.4673,2.4291,2.392,2.3529,2.3118,2.2659,2.2141,2.1574,2.0948,2.0264,1.9541,1.8798,1.8065,1.737,1.6784,1.6256,1.5709,1.5181,1.4682,1.4242,1.3881,1.3597,1.3392,1.3275,1.3236,1.3275,1.3353,1.347,1.3607,1.3754,1.39,1.4037,1.4184,1.4311,1.4399,1.4457,1.4487,1.4477,1.4438,1.4399,1.435,1.4262,1.4154,1.4027,1.39,1.3763,1.3607,1.3441,1.3265,1.3089,1.2913,1.2776,1.2678,1.2551,1.2424,1.2287,1.2141,1.2004,1.1857,1.172,1.1584,1.1427,1.1261,1.1095,1.0978,1.088,1.0772,1.0665,1.0567,1.0499,1.0469,1.0459,1.0469,1.0508,1.0596,1.0723,1.087,1.1036,1.1202,1.1369,1.1525,1.1691,1.1896,1.217,1.2551,1.306,1.3734,1.4604,1.565,1.6676,1.7752,1.9042,2.045,2.1896,2.3324,2.4663,2.5855,2.6862,2.7654,2.824,2.8622,2.8778,2.8778,2.869,2.8504,2.8231,2.7889,2.7507,2.7107,2.6686,2.6285,2.5885,2.5484,2.5073,2.4692,2.4321,2.3949,2.3568,2.3157,2.2727,2.2268,2.175,2.1183,2.0567,1.9912,1.9218,1.8602,1.8016,1.738,1.6755,1.6139,1.5552,1.5015,1.4506,1.4076,1.3724,1.3451,1.3265,1.3157,1.3138,1.3187,1.3284,1.3421,1.3558,1.3685,1.3822,1.3959,1.4076,1.4174,1.4242,1.4272,1.4301,1.4321,1.4321,1.4291,1.4242,1.4184,1.4106,1.3998,1.3871,1.3724,1.3548,1.3372,1.3177,1.3021,1.2884,1.2708,1.2522,1.2356,1.2199,1.2043,1.1887,1.172,1.1535,1.1339,1.1153,1.1026,1.0938,1.0841,1.0733,1.0626,1.0508,1.0401,1.0293,1.0215,1.0166,1.0156,1.0205,1.0283,1.0391,1.0528,1.0694,1.087,1.1036,1.1202,1.1369,1.1584,1.1877,1.2278,1.2835,1.3578,1.437,1.5259,1.6413,1.7761,1.9257,2.0821,2.2375,2.3881,2.5269,2.6481,2.7488,2.828,2.8847,2.915,2.9257,2.9286,2.9218,2.9052,2.8827,2.8553,2.8221,2.7859,2.7468,2.7077,2.6696,2.6325,2.5943,2.5533,2.5122,2.4692,2.4233,2.3734,2.3177,2.2571,2.1906,2.1193,2.045,1.9775,1.912,1.8387,1.7625,1.6882,1.6149,1.5455,1.4839,1.4311,1.3861,1.349,1.3187,1.2962,1.2835,1.2786,1.2805,1.2884,1.303,1.3226,1.3441,1.3627,1.3793,1.3959,1.4115,1.4252,1.436,1.4428,1.4467,1.4477,1.4448,1.4399,1.4321,1.4233,1.4115,1.3988,1.3842,1.3695,1.3539,1.3402,1.3275,1.3118,1.2952,1.2757,1.2571,1.2405,1.219,1.1984,1.1848,1.1681,1.1496,1.1359,1.1251,1.1124,1.0987,1.0841,1.0714,1.0596,1.0479,1.0371,1.0293,1.0254,1.0254,1.0283,1.0352,1.045,1.0567,1.0694,1.0821,1.0948,1.1075,1.1202,1.132,1.1466,1.1652,1.1916,1.2229,1.2659,1.3284,1.4125,1.52,1.6491,1.7967,1.958,2.1261,2.2933,2.4526,2.5982,2.7253,2.8172,2.8827,2.9394,2.9775,2.9961,2.9971,2.9834,2.957,2.9228,2.8827,2.8387,2.7937,2.7488,2.7067,2.6647,2.6237,2.5826,2.5415,2.5005,2.4594,2.4154,2.3685,2.3177,2.262,2.2014,2.1437,2.086,2.0225,1.957,1.8905,1.827,1.7683,1.7146,1.6667,1.6266,1.5953,1.5728,1.5572,1.5484,1.5435,1.5445,1.5513,1.5621,1.5758,1.5894,1.6041,1.6178,1.6305,1.6413,1.651,1.6588,1.6647,1.6686,1.6696,1.6667,1.6618,1.653,1.6413,1.6285,1.6139,1.5973,1.5787,1.563,1.5464,1.5249,1.5024,1.479,1.4536,1.4282,1.4027,1.3783,1.3548,1.3314,1.305,1.2796,1.261,1.2473,1.2336,1.2219,1.2151,1.2111,1.2102,1.2121,1.219,1.2287,1.2473,1.2669,1.2815,1.3001,1.3236,1.3509,1.3822,1.4164,1.4477,1.477,1.5044,1.5318,1.5582,1.5865,1.6217,1.6588,1.7048,1.7752,1.868,1.9814,2.1124,2.2561,2.4057,2.5552,2.6979,2.8309,2.9482,3.0332,3.0938,3.1466,3.1838,3.2023,3.2033,3.1887,3.1593,3.1183,3.0694,3.0156,2.9609,2.9042,2.8495,2.7986,2.7488,2.6999,2.653,2.607,2.5621,2.5181,2.4721,2.4213,2.3666,2.3079,2.2502,2.1906,2.1232,2.0508,1.9765,1.9022,1.8299,1.7586,1.6911,1.6295,1.5748,1.5269,1.4917,1.4663,1.4428,1.4242,1.4125,1.4057,1.4047,1.4076,1.4125,1.4174,1.4194,1.4203,1.4213,1.4213,1.4194,1.4145,1.4066,1.3949,1.3812,1.3646,1.347,1.3284,1.3099,1.2913,1.2727,1.2581,1.2454,1.2307,1.2141,1.1955,1.175,1.1535,1.132,1.1124,1.0929,1.0733,1.0547,1.0352,1.0186,1.0059,0.99022,0.97458,0.95894,0.9433,0.92571,0.91007,0.89932,0.89052,0.88465,0.87977,0.87879,0.88074,0.88368,0.89052,0.90029,0.913,0.92962,0.94721,0.96383,0.98143,0.99902,1.0176,1.0391,1.0645,1.1144,1.1681,1.219,1.2962,1.3969,1.5181,1.6569,1.8074,1.9638,2.1183,2.2659,2.4106,2.52,2.5953,2.6676,2.7263,2.7674,2.7908,2.7977,2.7908,2.7615,2.7273,2.6979,2.65,2.6051,2.5611,2.5181,2.477,2.4301,2.3998,2.3656,2.3206,2.2786,2.2463,2.2053,2.1496,2.0968,2.0371,1.9726,1.9042,1.8524,1.7889,1.7028,1.6266,1.5582,1.4946,1.436,1.3832,1.3451,1.3157,1.2884,1.2688,1.2571,1.2532,1.2551,1.263,1.2757,1.2913,1.3079,1.3226,1.3343,1.3441,1.3529,1.3607,1.3675,1.3724,1.3744,1.3734,1.3695,1.3636,1.3578,1.3529,1.348,1.3431,1.3382,1.3304,1.3206,1.3089,1.2942,1.2776,1.26,1.2424,1.2248,1.2043,1.1828,1.1662,1.1505,1.1329,1.1144,1.0958,1.0792,1.0635,1.0469,1.0313,1.0176,1.0068,0.99804,0.98925,0.98631,0.98729,0.99022,0.99413,1,1.0098,1.0225,1.0381,1.0538,1.0684,1.0831,1.0978,1.1134,1.1329,1.1603,1.2014,1.259,1.3451,1.4526,1.563,1.6823,1.8104,1.9433,2.0762,2.2043,2.3079,2.392,2.4751,2.5484,2.608,2.6491,2.6735,2.6833,2.6804,2.6657,2.6413,2.61,2.5767,2.5415,2.5044,2.4663,2.4291,2.393,2.3578,2.3226,2.2893,2.2571,2.2239,2.1887,2.1544,2.1193,2.0772,2.0303,1.9785,1.9228,1.8651,1.8045,1.7439,1.6852,1.6285,1.5748,1.5269,1.4888,1.4575,1.4282,1.4047,1.3871,1.3754,1.3695,1.3685,1.3724,1.3803,1.392,1.4037,1.4145,1.4233,1.4311,1.4379,1.4438,1.4477,1.4497,1.4506,1.4497,1.4457,1.4409,1.433,1.4233,1.4154,1.4086,1.4008,1.392,1.3812,1.3675,1.3529,1.3372,1.3226,1.3089,1.2942,1.2786,1.2649,1.2522,1.2366,1.2209,1.2063,1.1906,1.176,1.1623,1.1496,1.1369,1.1241,1.1153,1.1075,1.1036,1.1026,1.1017,1.1017,1.1036,1.1075,1.1124,1.1193,1.1281,1.1369,1.1466,1.1564,1.1662,1.1769,1.1887,1.2053,1.2297,1.2659,1.3167,1.3861,1.4731,1.5777,1.6979,1.8289,1.9668,2.087,2.1955,2.3128,2.4252,2.5249,2.6061,2.6676,2.7097,2.7341,2.7429,2.739,2.7243,2.7009,2.6716,2.6383,2.6022,2.565,2.5288,2.4946,2.4624,2.433,2.4047,2.3754,2.3441,2.3118,2.2796,2.2444,2.2043,2.1603,2.1114,2.0596,2.0059,1.9521,1.8993,1.8485,1.8006,1.7576,1.7234,1.696,1.6706,1.6491,1.6325,1.6197,1.6119,1.609,1.61,1.6139,1.6217,1.6315,1.6432,1.6549,1.6657,1.6794,1.694,1.7058,1.7165,1.7253,1.7292,1.7292,1.7253,1.7175,1.7067,1.696,1.6833,1.6676,1.65,1.6315,1.6109,1.5894,1.566,1.5406,1.5152,1.4897,1.4643,1.4389,1.4184,1.4008,1.3803,1.3597,1.3412,1.3245,1.3109,1.2991,1.2923,1.2903,1.2942,1.303,1.3148,1.3304,1.3519,1.3763,1.4037,1.434,1.4643,1.4936,1.523,1.5523,1.5797,1.6031,1.6246,1.6442,1.6637,1.6862,1.7136,1.7498,1.7986,1.8631,1.9443,2.0411,2.1515,2.2727,2.4008,2.5103,2.607,2.7126,2.8123,2.8983,2.9658,3.0137,3.043,3.0538,3.0479,3.0274,2.9961,2.956,2.912,2.8651,2.8152,2.7644,2.7136,2.6637,2.6158,2.5679,2.522,2.477,2.4321,2.3666,2.2933,2.2336,2.176,2.1163,2.0538,1.9892,1.9218,1.8514,1.7801,1.7097,1.6403,1.5738,1.5191,1.4721,1.4252,1.3822,1.3451,1.3167,1.2962,1.2835,1.2776,1.2776,1.2825,1.2903,1.2991,1.3089,1.3167,1.3236,1.3294,1.3324,1.3333,1.3333,1.3304,1.3255,1.3206,1.3157,1.3079,1.3021,1.2962,1.2884,1.2786,1.2669,1.2551,1.2434,1.2317,1.2199,1.2072,1.1945,1.1818,1.1691,1.1593,1.1525,1.1437,1.1339,1.1251,1.1173,1.1085,1.0997,1.0899,1.0802,1.0704,1.0606,1.0547,1.0528,1.0499,1.0479,1.0479,1.0499,1.0528,1.0587,1.0674,1.0802,1.0938,1.1075,1.1202,1.1329,1.1466,1.1632,1.1838,1.2111,1.2502,1.304,1.3744,1.4614,1.564,1.6784,1.8025,1.913,2.0147,2.1261,2.2346,2.3314,2.4135,2.477,2.522,2.5474,2.5552,2.5474,2.5279,2.4976,2.4624,2.4223,2.3773,2.3324,2.2884,2.2463,2.2063,2.1672,2.13,2.0938,2.0587,2.0244,1.9932,1.9619,1.9267,1.8847,1.8368,1.783,1.7253,1.6657,1.6041,1.5425,1.4819,1.4233,1.3685,1.3245,1.2854,1.2434,1.2053,1.173,1.1476,1.13,1.1202,1.1163,1.1183,1.1241,1.1339,1.1457,1.1603,1.175,1.1896,1.2033,1.2131,1.2199,1.2248,1.2278,1.2287,1.2268,1.2219,1.217,1.2131,1.2072,1.1994,1.1906,1.1799,1.1681,1.1554,1.1427,1.131,1.1202,1.1105,1.0997,1.0919,1.085,1.0753,1.0635,1.0489,1.0342,1.0205,1.0078,0.99413,0.98143,0.96872,0.95601,0.94428,0.93842,0.93548,0.9306,0.92669,0.92571,0.92766,0.93255,0.94037,0.95112,0.96383,0.97849,0.99413,1.0098,1.0254,1.0411,1.0596,1.0841,1.1163,1.1593,1.2141,1.2854,1.3734,1.4751,1.5894,1.7146,1.828,1.9335,2.0479,2.1593,2.262,2.35,2.4213,2.4741,2.5093,2.5269,2.5288,2.52,2.5024,2.478,2.4497,2.4184,2.3851,2.3519,2.3196,2.2893,2.26,2.2326,2.2063,2.1789,2.1525,2.1251,2.0938,2.0577,2.0176,1.9736,1.9247,1.8719,1.8152,1.7546,1.695,1.6354,1.5777,1.5298,1.4878,1.4438,1.4008,1.3617,1.3294,1.304,1.2845,1.2717,1.2649,1.2649,1.2708,1.2796,1.2913,1.306,1.3206,1.3353,1.349,1.4066,1.4839,1.5259,1.5474,1.5582,1.563,1.5621,1.5601,1.5572,1.5494,1.5376,1.5239,1.5093,1.4956,1.4819,1.4682,1.4526,1.435,1.4164,1.4018,1.3871,1.3705,1.3539,1.3363,1.3177,1.2991,1.2805,1.261,1.2424,1.2248,1.2072,1.1906,1.1808,1.174,1.1642,1.1544,1.1466,1.1408,1.1378,1.1388,1.1427,1.1515,1.1652,1.1799,1.1945,1.2111,1.2258,1.2385,1.2532,1.2698,1.2933,1.3255,1.3695,1.4291,1.5064,1.6022,1.7175,1.8299,1.9453,2.0831,2.2307,2.3783,2.5181,2.6432,2.7517,2.8387,2.9052,2.9501,2.9756,2.9824,2.9746,2.9589,2.9355,2.9052,2.87,2.8319,2.7908,2.7478,2.7048,2.6618,2.6197,2.5787,2.5406,2.5024,2.4614,2.4164,2.3675,2.3138,2.2542,2.1896,2.1212,2.0499,1.9756,1.9003,1.8358,1.7771,1.7136,1.6491,1.5875,1.5308,1.4809,1.4389,1.4037,1.3793,1.3666,1.3607,1.3617,1.3695,1.3822,1.3978,1.4154,1.434,1.4526,1.4702,1.4858,1.5005,1.5132,1.5239,1.5308,1.5357,1.5386,1.5386,1.5347,1.5288,1.521,1.5103,1.4966,1.4829,1.4702,1.4555,1.4389,1.4203,1.4057,1.39,1.3695,1.348,1.3255,1.3011,1.2747,1.2483,1.2239,1.2004,1.1779,1.1544,1.1349,1.1202,1.1046,1.088,1.0714,1.0577,1.0469,1.0391,1.0362,1.0381,1.043,1.0508,1.0626,1.0772,1.0919,1.1036,1.1153,1.1271,1.1398,1.1554,1.176,1.2043,1.2463,1.306,1.3842,1.4692,1.565,1.6901,1.8377,2,2.1701,2.3382,2.4956,2.6383,2.7625,2.8641,2.9404,2.9932,3.0196,3.0254,3.0205,3.0039,2.9765,2.9423,2.9032,2.8622,2.8201,2.7752,2.7302,2.6862,2.6442,2.6051,2.565,2.522,2.478,2.4321,2.3851,2.3363,2.2835,2.2287,2.1711,2.1124,2.0606,2.0137,1.9648,1.9159,1.871,1.8319,1.7986,1.7703,1.7449,1.7243,1.7087,1.695,1.6843,1.6774,1.6735,1.6696,1.6676,1.6686,1.6716,1.6764,1.6804,1.6843,1.6882,1.6911,1.6921,1.6911,1.6901,1.6872,1.6843,1.6794,1.6725,1.6618,1.6481,1.6295,1.607,1.5846,1.5611,1.5376,1.5181,1.4995,1.4761,1.4506,1.4242,1.3978,1.3705,1.3441,1.3187,1.2933,1.2688,1.2454,1.2199,1.1965,1.1789,1.1642,1.1525,1.1437,1.1369,1.1329,1.132,1.1339,1.1398,1.1496,1.1632,1.1789,1.1945,1.2102,1.2258,1.2414,1.2571,1.2727,1.2893,1.3118,1.3431,1.3881,1.4487,1.5152,1.5934,1.6979,1.824,1.9658,2.1153,2.2688,2.4194,2.5601,2.6843,2.7879,2.869,2.9286,2.9619,2.9746,2.9756,2.9638,2.9413,2.9091,2.869,2.824,2.7791,2.7331,2.6882,2.6442,2.6031,2.567,2.5318,2.4966,2.4594,2.4223,2.3832,2.3412,2.2952,2.2424,2.1848,2.1212,2.0538,1.9922,1.9335,1.868,1.8006,1.7351,1.6745,1.6197,1.5718,1.5308,1.4966,1.4692,1.4497,1.4399,1.4379,1.4399,1.4467,1.4585,1.4731,1.4888,1.5044,1.52,1.5337,1.5445,1.5513,1.5552,1.5572,1.5582,1.5562,1.5513,1.5415,1.5288,1.5152,1.4985,1.478,1.4585,1.4409,1.4233,1.4086,1.3959,1.3793,1.3617,1.3441,1.3275,1.3099,1.2893,1.2678,1.2463,1.2258,1.2082,1.1906,1.1779,1.1681,1.1535,1.1359,1.1193,1.1046,1.0909,1.0802,1.0733,1.0694,1.0694,1.0733,1.0811,1.0919,1.1046,1.1193,1.1369,1.1544,1.172,1.1887,1.2072,1.2297,1.26,1.303,1.3607,1.4252,1.4995,1.6002,1.7214,1.8602,2.0098,2.1652,2.3196,2.4653,2.5963,2.7097,2.8016,2.8622,2.8993,2.9267,2.9404,2.9404,2.9277,2.9042,2.8719,2.8338,2.7918,2.7468,2.7019,2.6579,2.6149,2.5748,2.5347,2.4927,2.4487,2.4057,2.3607,2.3138,2.2639,2.2102,2.1535,2.0929,2.0371,1.9814,1.9179,1.8504,1.782,1.7136,1.6491,1.5885,1.5318,1.4809,1.4389,1.4027,1.3773,1.3607,1.348,1.3421,1.3431,1.3509,1.3646,1.3832,1.4037,1.4242,1.4428,1.4604,1.4761,1.4888,1.4976,1.5034,1.5064,1.5054,1.5015,1.4946,1.4848,1.4731,1.4594,1.4457,1.434,1.4252,1.4154,1.4008,1.3842,1.3656,1.347,1.3275,1.3079,1.2864,1.2639,1.2405,1.218,1.1984,1.1848,1.174,1.1623,1.1486,1.1329,1.1173,1.1017,1.088,1.0772,1.0674,1.0606,1.0557,1.0567,1.0635,1.0714,1.0811,1.0929,1.1075,1.1251,1.1417,1.1574,1.174,1.1906,1.2111,1.2366,1.2659,1.304,1.3578,1.4301,1.523,1.6334,1.7546,1.8876,2.0352,2.1887,2.3402,2.4829,2.5943,2.6833,2.7664,2.8348,2.8866,2.9198,2.9365,2.9384,2.9267,2.9052,2.8768,2.8426,2.8035,2.7634,2.7214,2.6774,2.6334,2.5894,2.5464,2.5054,2.4624,2.4184,2.3724,2.3236,2.2708,2.2199,2.1691,2.1095,2.043,1.9717,1.8964,1.8192,1.7449,1.6735,1.6051,1.5415,1.4839,1.433,1.3949,1.3656,1.3402,1.3216,1.3089,1.303,1.304,1.3109,1.3236,1.3402,1.3587,1.3783,1.3949,1.4106,1.4242,1.435,1.4448,1.4526,1.4575,1.4594,1.4585,1.4545,1.4487,1.4409,1.4291,1.4184,1.4096,1.3988,1.3881,1.3763,1.3636,1.348,1.3304,1.3118,1.2933,1.2757,1.2571,1.2414,1.2258,1.2063,1.1857,1.1662,1.1496,1.1359,1.1232,1.1085,1.0929,1.0792,1.0665,1.0547,1.0479,1.045,1.044,1.045,1.0499,1.0577,1.0684,1.0831,1.1007,1.1193,1.1378,1.1554,1.174,1.1965,1.2268,1.2688,1.3265,1.4018,1.4976,1.6129,1.7468,1.8964,2.0538,2.2121,2.3656,2.4907,2.5914,2.6911,2.7771,2.8465,2.8974,2.9286,2.9423,2.9404,2.9238,2.8954,2.8592,2.8201,2.7771,2.7312,2.6823,2.6334,2.5875,2.5435,2.5015,2.4594,2.4164,2.3734,2.3294,2.2874,2.2454,2.1975,2.1437,2.085,2.0215,1.9531,1.8807,1.8084,1.737,1.6676,1.6022,1.5415,1.4927,1.4526,1.4115,1.3734,1.3402,1.3148,1.2991,1.2933,1.2952,1.304,1.3187,1.3353,1.3529,1.3705,1.3881,1.4047,1.4203,1.433,1.4438,1.4506,1.4545,1.4565,1.4555,1.4497,1.4399,1.4301,1.4203,1.4076,1.392,1.3744,1.3558,1.3363,1.3167,1.2981,1.2805,1.2639,1.2473,1.2356,1.2258,1.2102,1.1906,1.1701,1.1496,1.13,1.1095,1.0899,1.0704,1.0508,1.0342,1.0215,1.0147,1.0117,1.0059,1,0.99609,0.99511,0.99804,1.0049,1.0156,1.0264,1.0401,1.0547,1.0704,1.087,1.1036,1.1202,1.1408,1.1691,1.2082,1.261,1.3333,1.4262,1.5406,1.6745,1.824,1.9609,2.0919,2.2414,2.3959,2.5435,2.6745,2.7859,2.8749,2.9394,2.9804,2.999,2.999,2.9853,2.958,2.9228,2.8817,2.8348,2.7869,2.74,2.695,2.653,2.6109,2.5689,2.5279,2.4858,2.4409,2.393,2.3421,2.2864,2.2248,2.1584,2.0899,2.0186,1.9453,1.8719,1.7996,1.7283,1.6686,1.6188,1.5679,1.522,1.4839,1.4526,1.4301,1.4164,1.4096,1.4086,1.4145,1.4252,1.4379,1.4516,1.4653,1.4809,1.4976,1.5132,1.5279,1.5415,1.5523,1.5591,1.563,1.563,1.5591,1.5533,1.5464,1.5357,1.523,1.5083,1.4927,1.4741,1.4526,1.4301,1.4066,1.3812,1.3548,1.3275,1.305,1.2864,1.2639,1.2395,1.2131,1.1867,1.1613,1.1378,1.1153,1.0938,1.0733,1.0557,1.045,1.0381,1.0332,1.0303,1.0303,1.0323,1.0352,1.0401,1.0489,1.0596,1.0743,1.0919,1.1134,1.1359,1.1554,1.175,1.1955,1.218,1.2414,1.2698,1.3089,1.3627,1.433,1.5239,1.6373,1.7488,1.8651,2.0088,2.1681,2.3304,2.4858,2.6285,2.7527,2.8543,2.9326,2.9873,3.0196,3.0332,3.0293,3.0117,2.9863,2.9541,2.9159,2.8759,2.8319,2.7859,2.739,2.6921,2.6461,2.6012,2.5591,2.52,2.48,2.437,2.392,2.3441,2.2933,2.2385,2.1779,2.1124,2.044,1.9756,1.9169,1.8651,1.8113,1.7615,1.7165,1.6794,1.65,1.6266,1.608,1.5953,1.5865,1.5816,1.5797,1.5806,1.5836,1.5875,1.5943,1.6022,1.608,1.6129,1.6158,1.6168,1.6129,1.6051,1.5953,1.5855,1.5738,1.5582,1.5415,1.5259,1.5103,1.4946,1.477,1.4565,1.434,1.4125,1.392,1.3715,1.3558,1.3421,1.3236,1.3011,1.2786,1.2551,1.2317,1.2092,1.1887,1.1681,1.1476,1.1281,1.1134,1.1007,1.085,1.0674,1.0499,1.0332,1.0186,1.0088,1.0029,1.002,1.0068,1.0176,1.0293,1.043,1.0596,1.0782,1.0968,1.1163,1.1349,1.1554,1.1808,1.2151,1.263,1.3255,1.4047,1.4878,1.5806,1.7009,1.8397,1.9922,2.1525,2.3118,2.4633,2.6012,2.7195,2.8152,2.8876,2.9345,2.955,2.958,2.9492,2.9277,2.8954,2.8553,2.8104,2.7634,2.7146,2.6657,2.6188,2.5748,2.5357,2.5005,2.4653,2.4282,2.39,2.349,2.303,2.2522,2.1945,2.132,2.0645,1.9922,1.9159,1.8475,1.784,1.7146,1.6432,1.5748,1.5112,1.4545,1.4057,1.3646,1.3324,1.3089,1.2942,1.2884,1.2884,1.2923,1.3021,1.3167,1.3363,1.3597,1.3812,1.3988,1.4145,1.4291,1.4418,1.4506,1.4575,1.4604,1.4594,1.4545,1.4487,1.4399,1.4282,1.4145,1.4008,1.3881,1.3763,1.3646,1.3558,1.347,1.3324,1.3157,1.2972,1.2766,1.2561,1.2346,1.2151,1.1975,1.1808,1.1652,1.1486,1.1359,1.1241,1.1085,1.0919,1.0733,1.0557,1.0391,1.0254,1.0166,1.0137,1.0147,1.0205,1.0313,1.043,1.0567,1.0733,1.0909,1.1095,1.1281,1.1466,1.1681,1.1955,1.2326,1.2805,1.3441,1.4135,1.4917,1.5953,1.7214,1.8651,2.0186,2.174,2.3265,2.4702,2.5982,2.7067,2.7937,2.8514,2.8856,2.9071,2.915,2.9101,2.8935,2.8671,2.8338,2.7947,2.7507,2.7058,2.6608,2.6168,2.5758,2.5357,2.4956,2.4565,2.4174,2.3793,2.3392,2.2942,2.2444,2.1896,2.131,2.0684,2.0098,1.9521,1.8856,1.8162,1.7458,1.6764,1.61,1.5474,1.4897,1.4379,1.3939,1.3587,1.3353,1.3196,1.3079,1.3021,1.3011,1.304,1.3118,1.3245,1.3402,1.3578,1.3744,1.3881,1.3998,1.4096,1.4174,1.4223,1.4252,1.4242,1.4203,1.4145,1.4076,1.4018,1.3949,1.3851,1.3744,1.3666,1.3597,1.35,1.3372,1.3226,1.305,1.2884,1.2717,1.2551,1.2366,1.217,1.1975,1.1799,1.1681,1.1584,1.1457,1.131,1.1144,1.0968,1.0782,1.0616,1.0479,1.0371,1.0293,1.0254,1.0283,1.0352,1.043,1.0528,1.0645,1.0792,1.0958,1.1124,1.129,1.1447,1.1613,1.1808,1.2063,1.2366,1.2757,1.3324,1.4086,1.5054,1.6237,1.7605,1.912,2.0704,2.2287,2.3793,2.5152,2.6188,2.6979,2.7693,2.827,2.8671,2.8895,2.8944,2.8847,2.8622,2.8299,2.7908,2.7468,2.7019,2.6588,2.6168,2.5758,2.5337,2.4927,2.4536,2.4135,2.3724,2.3314,2.2874,2.2405,2.1877,2.1369,2.085,2.0244,1.9589,1.8895,1.8162,1.7419,1.6676,1.5953,1.5269,1.4633,1.4066,1.3568,1.3187,1.2913,1.2669,1.2483,1.2366,1.2326,1.2356,1.2434,1.2551,1.2688,1.2825,1.2952,1.3069,1.3187,1.3304,1.3421,1.3509,1.3578,1.3627,1.3675,1.3705,1.3715,1.3695,1.3646,1.3568,1.35,1.3421,1.3284,1.3118,1.2952,1.2786,1.261,1.2454,1.2278,1.2082,1.1887,1.1701,1.1554,1.1427,1.1261,1.1075,1.089,1.0694,1.0508,1.0332,1.0166,1.001,0.98534,0.9697,0.95699,0.9521,0.9521,0.95406,0.95992,0.96676,0.97556,0.98827,1.002,1.0166,1.0293,1.043,1.0587,1.0762,1.0958,1.1202,1.1544,1.2033,1.2717,1.3627,1.477,1.6139,1.7683,1.9355,2.1095,2.2835,2.4282,2.5494,2.6696,2.7761,2.8641,2.9306,2.9736,2.9951,3.001,2.9941,2.9736,2.9413,2.9042,2.8631,2.8192,2.7732,2.7263,2.6804,2.6344,2.5865,2.5376,2.4897,2.4418,2.392,2.3431,2.2942,2.2375,2.174,2.1065,2.0371,1.9668,1.8974,1.8299,1.7654,1.7067,1.6549,1.6109,1.5767,1.5513,1.5298,1.5132,1.5024,1.4966,1.4966,1.5015,1.5103,1.521,1.5337,1.5503,1.566,1.5826,1.6002,1.6168,1.6305,1.6393,1.6432,1.6452,1.6442,1.6393,1.6295,1.6158,1.5992,1.5826,1.565,1.5425,1.5181,1.4897,1.4594,1.4291,1.3988,1.3656,1.3314,1.2972,1.2649,1.2414,1.2199,1.1955,1.1711,1.1486,1.1271,1.1065,1.086,1.0674,1.0518,1.0411,1.0352,1.0332,1.0362,1.043,1.0538,1.0674,1.085,1.1046,1.1261,1.1486,1.1701,1.1887,1.2072,1.2258,1.2454,1.2649,1.2864,1.3138,1.3529,1.4066,1.479,1.5689,1.6794,1.8094,1.9531,2.1085,2.2698,2.4066,2.5259,2.65,2.7664,2.8661,2.9443,3.001,3.0352,3.0479,3.042,3.0225,2.9922,2.9541,2.911,2.8631,2.8123,2.7605,2.7097,2.6618,2.6178,2.5777,2.5415,2.5064,2.4702,2.433,2.3978,2.3597,2.3157,2.2669,2.2141,2.1574,2.1007,2.045,1.9922,1.9462,1.9101,1.8827,1.8641,1.8524,1.8465,1.8456,1.8485,1.8573,1.87,1.8876,1.9081,1.9316,1.958,1.9873,2.0186,2.0459,2.0714,2.0997,2.1251,2.1476,2.1632,2.172,2.172,2.1613,2.1437,2.1183,2.087,2.0557,2.0244,1.9863,1.9443,1.9003,1.8543,1.8065,1.7586,1.7116,1.6657,1.6188,1.5728,1.5288,1.4927,1.4614,1.4262,1.391,1.3558,1.3236,1.2942,1.2669,1.2405,1.216,1.1916,1.1681,1.1515,1.1388,1.1232,1.1085,1.0968,1.0919,1.0968,1.1124,1.1378,1.1701,1.2072,1.2454,1.2815,1.3128,1.3402,1.3656,1.39,1.4145,1.4448,1.4848,1.5415,1.6139,1.697,1.7957,1.9071,2.0098,2.1085,2.2229,2.3412,2.4555,2.5601,2.6481,2.7165,2.7634,2.7889,2.7947,2.783,2.7576,2.7243,2.6862,2.6432,2.5953,2.5455,2.4966,2.4487,2.4027,2.3597,2.3196,2.2835,2.2483,2.2151,2.1828,2.1466,2.1065,2.0616,2.0137,1.9599,1.9022,1.8416,1.7771,1.7116,1.6461,1.5914,1.5425,1.4897,1.4389,1.39,1.346,1.3079,1.2757,1.2512,1.2356,1.2278,1.2268,1.2336,1.2454,1.261,1.2805,1.3001,1.3196,1.3382,1.3568,1.3734,1.3881,1.3998,1.4086,1.4145,1.4194,1.4223,1.4213,1.4174,1.4096,1.3998,1.3891,1.3754,1.3587,1.3421,1.3265,1.3109,1.2962,1.2835,1.2717,1.2561,1.2385,1.2209,1.2053,1.1896,1.176,1.1623,1.1476,1.1329,1.1173,1.1056,1.0978,1.0899,1.0831,1.0753,1.0694,1.0665,1.0665,1.0694,1.0753,1.0841,1.0948,1.1085,1.1241,1.1417,1.1593,1.1769,1.1935,1.2121,1.2366,1.2698,1.3177,1.3812,1.4624,1.5611,1.6569,1.7566,1.8807,2.0186,2.1613,2.303,2.437,2.5572,2.6598,2.741,2.7996,2.8368,2.8563,2.8592,2.8475,2.827,2.7986,2.7644,2.7283,2.6901,2.652,2.6129,2.5748,2.5367,2.4985,2.4624,2.4272,2.3891,2.347,2.3021,2.2522,2.1975,2.1388,2.0772,2.0117,1.9433,1.8749,1.8074,1.7468,1.6921,1.6334,1.5758,1.52,1.4682,1.4233,1.3842,1.3539,1.3324,1.3187,1.3128,1.3148,1.3206,1.3314,1.347,1.3666,1.3891,1.4106,1.4301,1.4487,1.4653,1.4809,1.4956,1.5073,1.5171,1.5239,1.5269,1.5249,1.5191,1.5103,1.4985,1.4848,1.4702,1.4545,1.4379,1.4203,1.4057,1.393,1.3773,1.3597,1.3421,1.3245,1.304,1.2825,1.262,1.2414,1.2219,1.2043,1.1877,1.176,1.1662,1.1535,1.1408,1.1281,1.1153,1.1046,1.0968,1.0919,1.0899,1.0929,1.1007,1.1134,1.129,1.1457,1.1632,1.1808,1.1975,1.2131,1.2297,1.2512,1.2796,1.3177,1.3695,1.436,1.5064,1.5865,1.6931,1.8192,1.957,2.1007,2.2444,2.3822,2.5083,2.6168,2.7058,2.7732,2.8143,2.8348,2.8465,2.8465,2.8348,2.8143,2.7869,2.7546,2.7195,2.6813,2.6413,2.6002,2.5611,2.5239,2.5054,2.4956,2.4702,2.436,2.3939,2.346,2.2933,2.2356,2.172,2.1026,2.0303,1.9638,1.8983,1.824,1.7468,1.6696,1.5943,1.5249,1.4614,1.4047,1.3558,1.3167,1.2893,1.2737,1.2669,1.2659,1.2698,1.2786,1.2903,1.3069,1.3255,1.3451,1.3656,1.3842,1.3978,1.4086,1.4154,1.4203,1.4203,1.4164,1.4115,1.4047,1.3949,1.3842,1.3724,1.3607,1.348,1.3363,1.3255,1.3138,1.2991,1.2835,1.2678,1.2512,1.2346,1.218,1.2014,1.1848,1.1691,1.1515,1.132,1.1173,1.1046,1.088,1.0694,1.0508,1.0332,1.0166,1,0.98436,0.97067,0.95797,0.94624,0.94037,0.93939,0.94037,0.94428,0.95406,0.96676,0.98338,1.002,1.0196,1.0371,1.0567,1.0782,1.1046,1.1339,1.1711,1.2258,1.3001,1.3969,1.5171,1.6598,1.8201,1.9912,2.1672,2.3412,2.5044,2.6325,2.7331,2.828,2.9062,2.9629,2.998,3.0108,3.0049,2.9844,2.9531,2.913,2.869,2.8221,2.7752,2.7273,2.6784,2.6305,2.5855,2.5396,2.4946,2.4506,2.4047,2.3568,2.306,2.2512,2.1975,2.1427,2.0802,2.0108,1.9374,1.8651,1.7947,1.7283,1.6657,1.6109,1.564,1.523,1.4878,1.4633,1.4467,1.435,1.4291,1.4291,1.435,1.4457,1.4594,1.477,1.4985,1.52,1.5415,1.5591,1.5738,1.5894,1.6051,1.6178,1.6276,1.6334,1.6344,1.6295,1.6207,1.609,1.5943,1.5767,1.5591,1.5415,1.5181,1.4897,1.4594,1.4262,1.3939,1.3627,1.3333,1.305,1.2786,1.2522,1.2326,1.2151,1.1945,1.172,1.1505,1.13,1.1105,1.0938,1.0792,1.0674,1.0596,1.0557,1.0567,1.0635,1.0743,1.088,1.1046,1.1232,1.1417,1.1593,1.1769,1.1935,1.2082,1.2219,1.2366,1.2532,1.2727,1.2991,1.3382,1.3939,1.4702,1.5689,1.6901,1.8328,1.9941,2.1672,2.3441,2.5171,2.6569,2.7722,2.8866,2.9853,3.0606,3.1114,3.1388,3.1447,3.1349,3.1114,3.0772,3.0342,2.9883,2.9404,2.8895,2.8368,2.7849,2.7351,2.6882,2.6422,2.5963,2.5494,2.5015,2.4516,2.4027,2.3539,2.2981,2.2375,2.174,2.1065,2.0371,1.9677,1.9022,1.8397,1.782,1.7302,1.6862,1.654,1.6305,1.6109,1.5973,1.5885,1.5836,1.5836,1.5875,1.5953,1.6041,1.6139,1.6237,1.6315,1.6373,1.6422,1.6442,1.6422,1.6373,1.6285,1.6188,1.609,1.5973,1.5846,1.5718,1.5582,1.5474,1.5367,1.5239,1.5093,1.4907,1.4702,1.4487,1.4272,1.4047,1.3812,1.3578,1.3333,1.3148,1.2991,1.2805,1.26,1.2385,1.217,1.1965,1.176,1.1544,1.1339,1.1144,1.0958,1.0811,1.0743,1.0704,1.0665,1.0655,1.0684,1.0743,1.0831,1.0958,1.1114,1.129,1.1466,1.1642,1.1818,1.1975,1.2141,1.2336,1.26,1.2981,1.35,1.4194,1.5083,1.6149,1.739,1.8778,2.0264,2.1574,2.2747,2.4008,2.521,2.6285,2.7195,2.7898,2.8397,2.869,2.8798,2.8759,2.8573,2.828,2.7928,2.7527,2.7097,2.6647,2.6197,2.5748,2.5308,2.4878,2.4457,2.4037,2.3617,2.3196,2.2805,2.2414,2.1975,2.1476,2.0938,2.0352,1.9746,1.911,1.8456,1.7801,1.7146,1.652,1.6002,1.5572,1.5132,1.4741,1.4418,1.4174,1.4027,1.3978,1.4027,1.4145,1.4301,1.4487,1.4692,1.4888,1.5064,1.523,1.5367,1.5494,1.5591,1.566,1.5709,1.5738,1.5738,1.5709,1.564,1.5572,1.5503,1.5406,1.5279,1.5142,1.4995,1.4829,1.4643,1.4448,1.4262,1.4057,1.3822,1.3578,1.3372,1.3196,1.2981,1.2747,1.2502,1.2248,1.2014,1.1769,1.1525,1.1271,1.1046,1.086,1.0733,1.0655,1.0567,1.0499,1.0459,1.044,1.044,1.0489,1.0577,1.0684,1.0792,1.0909,1.1017,1.1134,1.1271,1.1417,1.1584,1.1769,1.2004,1.2336,1.2825,1.35,1.4379,1.5464,1.6755,1.8006,1.9267,2.0762,2.2356,2.391,2.5357,2.6618,2.7674,2.8495,2.9062,2.9394,2.9511,2.9443,2.9238,2.8925,2.8543,2.8094,2.7605,2.7097,2.6608,2.6139,2.5689,2.5249,2.4819,2.4399,2.4027,2.3685,2.3343,2.3011,2.2688,2.2375,2.2053,2.1711,2.1359,2.0987,2.0587,2.0166,1.9785,1.9413,1.9022,1.8641,1.8289,1.7967,1.7713,1.7537,1.7419,1.7351,1.7331,1.738,1.7478,1.7576,1.7654,1.7752,1.7849,1.7928,1.7986,1.8025,1.8035,1.7996,1.7918,1.7791,1.7625,1.7449,1.7253,1.6999,1.6716,1.6432,1.6158,1.5885,1.5621,1.5367,1.5103,1.4819,1.4555,1.433,1.4164,1.4037,1.3832,1.3627,1.35,1.3441,1.3431,1.346,1.3539,1.3636,1.3773,1.393,1.4076,1.4213,1.434,1.4438,1.4526,1.4614,1.4682,1.4741,1.479,1.4829,1.4858,1.4868,1.4868,1.4858,1.4829,1.478,1.4721,1.4663,1.4633,1.4682,1.4858,1.5191,1.5718,1.6471,1.7449,1.8426,1.9453,2.0704,2.2053,2.3402,2.4653,2.5738,2.6628,2.7302,2.7742,2.7967,2.7996,2.7859,2.7595,2.7234,2.6794,2.6295,2.5758,1.6667,1.6667,1.6667,1.6676,1.6686,1.6667,1.6637,1.6608,1.6549,1.6461,1.6344,1.6178,1.6031,1.5885,1.5699,1.5494,1.5269,1.5024,1.477,1.4506,1.4252,1.3998,1.3734,1.347,1.3255,1.3079,1.2854,1.2581,1.2307,1.2033,1.1769,1.1525,1.1271,1.1007,1.0762,1.0538,1.0313,1.0137,0.99902,0.98143,0.96481,0.95112,0.94135,0.93646,0.93451,0.93548,0.94037,0.94721,0.95797,0.97263,0.99218,1.0137,1.0362,1.0567,1.0772,1.0968,1.1183,1.1417,1.1711,1.2111,1.2669,1.3392,1.4154,1.5034,1.6188,1.7546,1.9062,2.0665,2.2278,2.3842,2.5279,2.652,2.7537,2.8319,2.8788,2.9013,2.9101,2.9071,2.8925,2.8661,2.8299,2.7869,2.739,2.6882,2.6373,2.5865,2.5376,2.4927,2.4497,2.4066,2.3636,2.3196,2.2747,2.2287,2.1808,2.129,2.0723,2.0117,1.9453,1.8837,1.824,1.7566,1.6852,1.6149,1.5474,1.4848,1.4291,1.3803,1.3412,1.3128,1.2942,1.2854,1.2845,1.2903,1.3001,1.3138,1.3304,1.349,1.3685,1.3881,1.4057,1.4194,1.4291,1.435,1.4389,1.4409,1.4389,1.434,1.4262,1.4164,1.4057,1.3949,1.3832,1.3695,1.3529,1.3343,1.3157,1.3021,1.2884,1.2698,1.2483,1.2258,1.2014,1.1769,1.1544,1.131,1.1085,1.087,1.0674,1.0538,1.0411,1.0225,1.002,0.9824,0.96285,0.94526,0.9306,0.92082,0.91496,0.91398,0.91789,0.92766,0.94135,0.95797,0.97752,0.99902,1.0215,1.044,1.0645,1.086,1.1105,1.1398,1.176,1.2239,1.2766,1.3392,1.4252,1.5337,1.6637,1.8104,1.9687,2.1329,2.2952,2.4467,2.565,2.654,2.7312,2.783,2.8133,2.8319,2.8338,2.8201,2.7947,2.7605,2.7195,2.6735,2.6266,2.5797,2.5327,2.4907,2.4506,2.4106,2.3734,2.3382,2.303,2.2678,2.2317,2.1945,2.1544,2.1095,2.0587,2.0098,1.9609,1.9042,1.8436,1.782,1.7204,1.6598,1.6002,1.5445,1.4946,1.4516,1.4164,1.391,1.3754,1.3666,1.3617,1.3636,1.3695,1.3793,1.392,1.4076,1.4233,1.4389,1.4526,1.4633,1.4702,1.4751,1.4761,1.4751,1.4721,1.4692,1.4663,1.4624,1.4575,1.4497,1.4399,1.4282,1.4145,1.4027,1.391,1.3773,1.3617,1.3441,1.3245,1.304,1.2825,1.262,1.2424,1.2239,1.2063,1.1945,1.1838,1.1691,1.1535,1.1369,1.1193,1.1036,1.088,1.0743,1.0635,1.0577,1.0557,1.0567,1.0635,1.0753,1.089,1.1046,1.1212,1.1369,1.1525,1.1701,1.1867,1.2033,1.2209,1.2414,1.2649,1.2962,1.3402,1.4008,1.479,1.5758,1.6921,1.825,1.9687,2.1193,2.2698,2.4135,2.5435,2.6422,2.7146,2.7781,2.827,2.8592,2.8729,2.871,2.8543,2.827,2.7928,2.7527,2.7087,2.6637,2.6197,2.5738,2.5279,2.4848,2.4457,2.4066,2.3685,2.3304,2.2913,2.2512,2.2082,2.1613,2.1153,2.0674,2.0117,1.9511,1.8856,1.8182,1.7488,1.6823,1.6188,1.5591,1.5044,1.4575,1.4223,1.3959,1.3744,1.3617,1.3568,1.3587,1.3656,1.3763,1.391,1.4066,1.4242,1.4409,1.4545,1.4653,1.4731,1.478,1.4809,1.48,1.477,1.4731,1.4702,1.4643,1.4565,1.4457,1.4321,1.4203,1.4086,1.392,1.3734,1.3539,1.3343,1.3148,1.2952,1.2757,1.2571,1.2385,1.218,1.1955,1.1769,1.1613,1.1427,1.1232,1.1046,1.087,1.0704,1.0547,1.0381,1.0225,1.0088,0.99609,0.98925,0.98631,0.98436,0.98631,0.99218,1.0029,1.0156,1.0303,1.0469,1.0645,1.0831,1.1036,1.1232,1.1427,1.1642,1.1926,1.2336,1.2893,1.3627,1.4555,1.5689,1.7019,1.8514,2.0098,2.172,2.3089,2.4262,2.5455,2.653,2.7419,2.8094,2.8534,2.8768,2.8798,2.8671,2.8426,2.8084,2.7683,2.7263,2.6823,2.6373,2.5924,2.5484,2.5064,2.4653,2.4242,2.3832,2.3392,2.2942,2.2473,2.2033,2.1613,2.1114,2.0577,2.0156,1.9775,1.9277,1.8729,1.8172,1.7644,1.7146,1.6686,1.6334,1.6061,1.5806,1.5601,1.5445,1.5347,1.5298,1.5288,1.5318,1.5376,1.5445,1.5533,1.565,1.5777,1.5885,1.5982,1.6061,1.6119,1.6139,1.6129,1.608,1.6012,1.5914,1.5787,1.565,1.5533,1.5406,1.523,1.5015,1.478,1.4526,1.4272,1.3998,1.3715,1.3421,1.3138,1.2864,1.2581,1.2356,1.217,1.1955,1.173,1.1515,1.132,1.1153,1.0987,1.0831,1.0684,1.0557,1.0479,1.0459,1.0489,1.0528,1.0606,1.0714,1.085,1.0987,1.1153,1.1339,1.1515,1.1681,1.1828,1.1965,1.2092,1.2239,1.2395,1.2561,1.2776,1.3099,1.3558,1.4213,1.5083,1.6178,1.7507,1.9032,2.045,2.1808,2.3343,2.4897,2.6344,2.7595,2.8602,2.9365,2.9873,3.0147,3.0215,3.0117,2.9873,2.9541,2.915,2.87,2.8211,2.7703,2.7185,2.6686,2.6197,2.5728,2.5269,2.4809,2.435,2.391,2.349,2.304,2.2551,2.2033,2.1496,2.0958,2.0401,1.9863,1.9355,1.8876,1.8416,1.8006,1.7693,1.7449,1.7224,1.7038,1.6882,1.6774,1.6706,1.6686,1.6686,1.6706,1.6735,1.6774,1.6813,1.6852,1.6891,1.6921,1.6921,1.6891,1.6833,1.6745,1.6628,1.6481,1.6334,1.6178,1.5992,1.5826,1.567,1.5464,1.523,1.4976,1.4721,1.4457,1.4194,1.393,1.3666,1.3382,1.3118,1.2923,1.2757,1.2542,1.2317,1.2092,1.1857,1.1632,1.1437,1.1261,1.1105,1.0958,1.0841,1.0743,1.0694,1.0674,1.0665,1.0694,1.0762,1.088,1.1046,1.1261,1.1505,1.176,1.2023,1.2287,1.2522,1.2717,1.2884,1.306,1.3275,1.3539,1.3891,1.436,1.4985,1.5816,1.6843,1.8065,1.9453,2.0733,2.1975,2.3382,2.48,2.6119,2.7263,2.8201,2.8925,2.9443,2.9746,2.9853,2.9775,2.957,2.9267,2.8876,2.8426,2.7937,2.7429,2.6921,2.6432,2.5982,2.5562,2.5171,2.4809,2.4448,2.4096,2.3734,2.3314,2.2835,2.2317,2.174,2.1124,2.0479,1.9804,1.9101,1.8387,1.7693,1.7107,1.6598,1.608,1.5611,1.523,1.4936,1.4721,1.4585,1.4526,1.4545,1.4643,1.479,1.4956,1.5132,1.5337,1.5543,1.5728,1.5904,1.6051,1.6168,1.6237,1.6266,1.6285,1.6178,1.5982,1.5865,1.5767,1.565,1.5503,1.5327,1.5122,1.4917,1.4721,1.4526,1.4311,1.4086,1.3861,1.3685,1.3529,1.3343,1.3138,1.2923,1.2698,1.2483,1.2268,1.2043,1.1818,1.1584,1.1369,1.1163,1.1026,1.0929,1.0802,1.0674,1.0567,1.0489,1.0459,1.0489,1.0567,1.0684,1.085,1.1046,1.1261,1.1476,1.1691,1.1887,1.2072,1.2239,1.2395,1.2581,1.2845,1.3206,1.3715,1.4418,1.5298,1.6197,1.7185,1.8446,1.9883,2.1408,2.2952,2.4448,2.5826,2.7028,2.8025,2.8788,2.9316,2.9589,2.9668,2.9638,2.9501,2.9238,2.8905,2.8514,2.8065,2.7576,2.7077,2.6588,2.61,2.564,2.523,2.4858,2.4477,2.4086,2.3666,2.3236,2.2776,2.2278,2.1711,2.1095,2.044,1.9756,1.913,1.8524,1.7859,1.7185,1.654,1.5934,1.5367,1.4868,1.4448,1.4115,1.3881,1.3744,1.3705,1.3754,1.3861,1.4018,1.4213,1.4438,1.4653,1.4848,1.5015,1.5171,1.5288,1.5386,1.5474,1.5543,1.5591,1.5591,1.5562,1.5503,1.5415,1.5298,1.5161,1.4995,1.4819,1.4633,1.4448,1.4262,1.4115,1.3988,1.3822,1.3636,1.3431,1.3216,1.3001,1.2776,1.2561,1.2366,1.216,1.1955,1.1808,1.1672,1.1457,1.1261,1.1124,1.0978,1.0831,1.0704,1.0596,1.0528,1.0508,1.0547,1.0635,1.0772,1.0948,1.1144,1.1329,1.1525,1.1711,1.1896,1.2092,1.2307,1.2561,1.2923,1.346,1.4076,1.479,1.567,1.654,1.7263,1.784,1.8592,2.0166,2.3255,2.8338,3.3568,3.6794,3.8407,3.9218,3.9619,3.9824,3.9922,3.9971,3.6442,3.52,3.3988,3.2815,3.172,3.0704,2.9795,2.8983,2.8299,2.7674,2.7038,2.6461,2.6041,2.5934,2.6237,2.6852,2.7361,2.7077,2.5239,2.132,1.6491,1.0772,0.5523,0.27566,0.13783,0.068426,0.034213,0.016618,0.0078201,0.0039101,0.001955,0.00097752,0,0,0,0,0,0,0,0,0,0,0,0,0,0,0,0,0,0,0.32747,0.82111,1.0704,1.1984,1.2659,1.3021,1.3245,1.3392,1.3519,1.3627,1.3724,1.3832,1.3939,1.4076,1.4203,1.4291,1.4389,1.4516,1.4624,1.4702,1.479,1.4888,1.5005,1.5152,1.5327,1.5543,1.5806,1.6129,1.6491,1.6901,1.7322,1.7752,1.8172,1.8514,1.8807,1.9091,1.9335,1.9531,1.9677,1.9765,1.9804,1.9804,1.9775,1.9717,1.9638,1.956,1.9482,1.9394,1.9296,1.9198,1.911,1.9022,1.8944,1.8866,1.8778,1.869,1.8602,1.8514,1.8436,1.8348,1.826,1.8162,1.8055,1.7947,1.784,1.7742,1.7654,1.7566,1.7488,1.7419,1.737,1.7341,2.5943,2.5503,2.5083,2.4692,2.4321,2.3949,2.3587,2.3196,2.2776,2.2307,2.1789,2.129,2.0772,2.0166,1.9511,1.8837,1.8162,1.7498,1.6862,1.6276,1.5748,1.5279,1.4888,1.4585,1.4389,1.4282,1.4233,1.4233,1.4282,1.4379,1.4516,1.4673,1.4839,1.4995,1.5132,1.5239,1.5318,1.5367,1.5376,1.5367,1.5327,1.5279,1.5191,1.5073,1.4946,1.4809,1.4663,1.4516,1.4379,1.4291,1.4194,1.4057,1.3891,1.3705,1.348,1.3245,1.3021,1.2796,1.2581,1.2375,1.217,1.2023,1.1906,1.174,1.1564,1.1369,1.1163,1.0968,1.0792,1.0616,1.0459,1.0313,1.0196,1.0108,1.0078,1.0108,1.0147,1.0225,1.0342,1.0508,1.0684,1.087,1.1056,1.1232,1.1417,1.1603,1.1779,1.1945,1.2151,1.2424,1.2815,1.3343,1.4057,1.4985,1.6139,1.7498,1.9013,2.0626,2.2258,2.3627,2.4809,2.6031,2.7155,2.8104,2.8856,2.9384,2.9697,2.9804,2.9736,2.9501,2.915,2.8739,2.828,2.7781,2.7263,2.6745,2.6237,2.5758,2.5298,2.4848,2.4399,2.3949,2.3519,2.3079,2.2669,2.2268,2.1799,2.129,2.0743,2.0156,1.955,1.8935,1.8338,1.7781,1.7263,1.6813,1.6471,1.6207,1.5943,1.5699,1.5503,1.5367,1.5269,1.521,1.52,1.523,1.5269,1.5318,1.5367,1.5415,1.5455,1.5494,1.5533,1.5562,1.5562,1.5552,1.5523,1.5494,1.5435,1.5357,1.5249,1.5152,1.5044,1.4897,1.4712,1.4497,1.4262,1.4018,1.3763,1.349,1.3196,1.2903,1.261,1.2326,1.2111,1.1935,1.173,1.1515,1.132,1.1124,1.0929,1.0762,1.0606,1.0459,1.0342,1.0254,1.0225,1.0254,1.0303,1.0391,1.0528,1.0694,1.087,1.1075,1.13,1.1544,1.1789,1.2014,1.2229,1.2414,1.259,1.2747,1.2893,1.3021,1.3157,1.3343,1.3617,1.4018,1.4565,1.5288,1.6197,1.7126,1.8133,1.9413,2.089,2.2454,2.4018,2.5513,2.6891,2.8074,2.9013,2.9697,3.0117,3.0274,3.0244,3.0098,2.9834,2.9462,2.9013,2.8514,2.7986,2.7458,2.6931,2.6422,2.5953,2.5513,2.5112,2.4731,2.435,2.3949,2.3539,2.3118,2.2688,2.2239,2.175,2.1241,2.0714,2.0186,1.9726,1.9335,1.8944,1.8573,1.8221,1.7908,1.7644,1.741,1.7204,1.7028,1.6891,1.6794,1.6735,1.6706,1.6696,1.6696,1.6706,1.6716,1.6716,1.6696,1.6637,1.6559,1.6471,1.6354,1.6217,1.609,1.5953,1.5787,1.5591,1.5386,1.5171,1.4956,1.4731,1.4487,1.4242,1.3988,1.3734,1.348,1.3275,1.3099,1.2893,1.2659,1.2414,1.218,1.1955,1.174,1.1535,1.132,1.1114,1.0919,1.0782,1.0684,1.0567,1.043,1.0313,1.0215,1.0137,1.0098,1.0108,1.0166,1.0264,1.0411,1.0587,1.0772,1.0987,1.1222,1.1447,1.1662,1.1857,1.2053,1.2258,1.2502,1.2796,1.3187,1.3705,1.4282,1.4956,1.5885,1.7028,1.8338,1.9785,2.13,2.2805,2.4252,2.5572,2.6706,2.7625,2.8309,2.868,2.8837,2.8866,2.8768,2.8553,2.8231,2.784,2.74,2.6921,2.6432,2.5934,2.5445,2.5005,2.4604,2.4233,2.3891,2.3578,2.3275,2.2962,2.263,2.2258,2.1838,2.1359,2.0831,2.0244,1.9697,1.915,1.8543,1.7908,1.7273,1.6676,1.6119,1.5621,1.5191,1.4839,1.4575,1.4409,1.433,1.4311,1.433,1.4409,1.4536,1.4712,1.4907,1.5093,1.5239,1.5367,1.5474,1.5562,1.5601,1.5611,1.5611,1.5591,1.5543,1.5464,1.5376,1.5279,1.5152,1.5015,1.4839,1.4643,1.4438,1.4262,1.4096,1.39,1.3675,1.346,1.3236,1.3021,1.2825,1.263,1.2414,1.2209,1.2014,1.1828,1.1691,1.1574,1.1417,1.1261,1.1105,1.0948,1.0811,1.0704,1.0616,1.0538,1.0489,1.0489,1.0538,1.0626,1.0733,1.087,1.1036,1.1222,1.1427,1.1642,1.1838,1.2023,1.219,1.2346,1.2502,1.2678,1.2884,1.3167,1.3578,1.4154,1.4917,1.5816,1.6862,1.8104,1.9482,2.0938,2.2395,2.3617,2.4653,2.5709,2.6667,2.7458,2.8055,2.8456,2.8651,2.8661,2.8524,2.826,2.7898,2.7488,2.7038,2.6559,2.607,2.5591,2.5142,2.4731,2.436,2.4037,2.3715,2.3382,2.305,2.2688,2.2326,2.1955,2.1505,2.0987,2.042,1.9804,1.915,1.8465,1.7781,1.7126,1.651,1.5953,1.5523,1.5181,1.4858,1.4594,1.4389,1.4242,1.4145,1.4115,1.4145,1.4223,1.433,1.4457,1.4585,1.4692,1.48,1.4907,1.4995,1.5073,1.5122,1.5142,1.5152,1.5142,1.5103,1.5044,1.4966,1.4897,1.4819,1.4702,1.4575,1.4438,1.4291,1.4125,1.3959,1.3783,1.3607,1.3421,1.3226,1.303,1.2874,1.2727,1.2551,1.2356,1.2151,1.1945,1.176,1.1574,1.1388,1.1212,1.1026,1.086,1.0753,1.0704,1.0645,1.0596,1.0567,1.0577,1.0626,1.0704,1.0811,1.0958,1.1124,1.132,1.1515,1.1701,1.1887,1.2063,1.2248,1.2473,1.2747,1.3109,1.3617,1.4272,1.5093,1.609,1.7263,1.8368,1.9462,2.0753,2.2102,2.3421,2.4643,2.5718,2.6618,2.7302,2.7801,2.8113,2.824,2.8201,2.8035,2.7771,2.7449,2.7087,2.6686,2.6276,2.5855,2.5435,2.5034,2.4633,2.4242,2.3861,2.349,2.3128,2.2747,2.2366,2.1965,2.1525,2.1036,2.0499,1.9902,1.9277,1.8622,1.7967,1.7312,1.6755,1.6276,1.5777,1.5279,1.4819,1.4438,1.4154,1.3959,1.3851,1.3832,1.3891,1.3988,1.4096,1.4233,1.4409,1.4604,1.4809,1.4995,1.5142,1.5269,1.5367,1.5435,1.5474,1.5464,1.5415,1.5357,1.5288,1.521,1.5112,1.4995,1.4858,1.4692,1.4497,1.4301,1.4115,1.393,1.3754,1.3597,1.3441,1.3245,1.304,1.2835,1.262,1.2405,1.2209,1.2033,1.1867,1.172,1.1554,1.1378,1.1251,1.1144,1.1007,1.088,1.0782,1.0704,1.0665,1.0655,1.0684,1.0743,1.0831,1.0948,1.1095,1.1261,1.1437,1.1613,1.1799,1.1975,1.2141,1.2297,1.2473,1.2669,1.2913,1.3245,1.3627,1.4106,1.48,1.5689,1.6755,1.7977,1.9316,2.0714,2.2131,2.35,2.477,2.5894,2.6823,2.7449,2.7859,2.8162,2.8328,2.8358,2.826,2.8065,2.7781,2.7439,2.7058,2.6637,2.6217,2.5806,2.5611,2.5513,2.5259,2.4927,2.4565,2.4174,2.3763,2.3324,2.2845,2.2317,2.175,2.1144,2.0567,1.999,1.9335,1.8622,1.7898,1.7195,1.653,1.5904,1.5337,1.4839,1.4409,1.4066,1.3851,1.3724,1.3627,1.3578,1.3597,1.3675,1.3793,1.393,1.4076,1.4223,1.4379,1.4516,1.4624,1.4712,1.48,1.4878,1.4936,1.4966,1.4976,1.4946,1.4897,1.4819,1.4712,1.4585,1.4438,1.4321,1.4213,1.4066,1.39,1.3715,1.3529,1.3333,1.3118,1.2884,1.2639,1.2375,1.2082,1.1799,1.1603,1.1437,1.1241,1.1036,1.0811,1.0596,1.0391,1.0196,1.002,0.98631,0.97361,0.96579,0.96579,0.97165,0.98045,0.99218,1.0068,1.0244,1.043,1.0616,1.0811,1.0997,1.1183,1.1349,1.1515,1.1672,1.1848,1.2082,1.2414,1.2893,1.3568,1.4448,1.5562,1.6882,1.8397,2.0039,2.174,2.3206,2.4487,2.5836,2.7097,2.8172,2.9022,2.9648,3.0049,3.0225,3.0215,3.0059,2.9765,2.9374,2.8944,2.8475,2.7947,2.74,2.6852,2.6334,2.5865,2.5415,2.4985,2.4575,2.4164,2.3744,2.3333,2.2913,2.2444,2.1916,2.1339,2.0743,2.0127,1.9531,1.8964,1.8426,1.7918,1.7449,1.7038,1.6716,1.6471,1.6266,1.609,1.5953,1.5855,1.5797,1.5777,1.5806,1.5885,1.5982,1.608,1.6168,1.6237,1.6315,1.6393,1.6471,1.653,1.6549,1.653,1.6461,1.6364,1.6237,1.608,1.5904,1.5748,1.5591,1.5386,1.5152,1.4897,1.4614,1.4311,1.3978,1.3636,1.3294,1.2952,1.263,1.2366,1.2141,1.1867,1.1584,1.131,1.1036,1.0762,1.0518,1.0332,1.0186,1.0098,1.0049,1.0049,1.0098,1.0176,1.0274,1.0391,1.0538,1.0714,1.0909,1.1134,1.1369,1.1603,1.1838,1.2063,1.2258,1.2424,1.259,1.2757,1.2933,1.3148,1.3431,1.3812,1.436,1.5083,1.6022,1.7195,1.8358,1.956,2.1026,2.262,2.4223,2.5758,2.7155,2.8338,2.9277,2.9951,3.0362,3.0547,3.0538,3.0342,3.002,2.9609,2.912,2.8602,2.8084,2.7586,2.7097,2.6618,2.6168,2.5738,2.5318,2.4946,2.4594,2.4223,2.3842,2.3441,2.3011,2.2522,2.1975,2.1378,2.0753,2.0098,1.9443,1.8827,1.8289,1.782,1.7351,1.6911,1.653,1.6227,1.5992,1.5855,1.5787,1.5758,1.5758,1.5777,1.5806,1.5846,1.5894,1.5934,1.5973,1.5992,1.5982,1.5963,1.5914,1.5836,1.5728,1.5591,1.5435,1.5308,1.5191,1.5054,1.4888,1.4712,1.4506,1.4301,1.4106,1.39,1.3675,1.3431,1.3187,1.3001,1.2845,1.2659,1.2454,1.2239,1.2033,1.1838,1.1642,1.1437,1.1222,1.1007,1.0802,1.0616,1.0479,1.0381,1.0264,1.5347,1.5259,1.5142,1.5005,1.4848,1.4663,1.4467,1.4311,1.4164,1.3969,1.3734,1.347,1.3167,1.2864,1.2561,1.2258,1.1965,1.1672,1.1378,1.1163,1.0978,1.0782,1.0606,1.044,1.0283,1.0127,0.99902,0.98827,0.98143,0.97849,0.98045,0.98827,1.001,1.0166,1.0352,1.0547,1.0743,1.0938,1.1144,1.1349,1.1554,1.176,1.1935,1.2111,1.2287,1.2483,1.2698,1.2952,1.3294,1.3773,1.4428,1.5298,1.6403,1.7761,1.9326,2.1036,2.2815,2.434,2.567,2.7067,2.8358,2.9453,3.0303,3.0899,3.1251,3.1369,3.1281,3.1026,3.0655,3.0215,2.9726,2.9179,2.8612,2.8035,2.7468,2.6921,2.6393,2.5875,2.5376,2.4897,2.4428,2.3969,2.3539,2.3118,2.2678,2.2219,2.174,2.1232,2.0723,2.0215,1.9717,1.9247,1.8798,1.8387,1.8055,1.7771,1.7498,1.7243,1.7019,1.6823,1.6676,1.6559,1.6471,1.6403,1.6354,1.6325,1.6315,1.6295,1.6276,1.6246,1.6217,1.6168,1.61,1.6012,1.5904,1.5797,1.5679,1.5543,1.5396,1.5269,1.5122,1.4936,1.4731,1.4506,1.4272,1.4018,1.3763,1.35,1.3245,1.3001,1.2757,1.2502,1.2297,1.2121,1.1926,1.1711,1.1486,1.1271,1.1065,1.088,1.0723,1.0596,1.0499,1.044,1.045,1.0518,1.0596,1.0714,1.087,1.1056,1.1281,1.1515,1.173,1.1926,1.2121,1.2307,1.2473,1.2639,1.2796,1.2952,1.3099,1.3245,1.3421,1.3656,1.3978,1.4428,1.5044,1.5846,1.6852,1.7859,1.8944,2.0303,2.1828,2.3421,2.4995,2.6452,2.7732,2.8807,2.9648,3.0244,3.0577,3.0684,3.0596,3.0362,3.0029,2.9619,2.915,2.8661,2.8143,2.7625,2.7116,2.6618,2.6158,2.5709,2.5288,2.4878,2.4438,2.3988,2.3519,2.3011,2.2483,2.1935,2.1349,2.0733,2.0088,1.9433,1.8778,1.8211,1.7722,1.7146,1.6579,1.6129,1.5777,1.5513,1.5327,1.522,1.5181,1.5191,1.522,1.5269,1.5337,1.5425,1.5523,1.5601,1.566,1.5689,1.5689,1.566,1.5601,1.5523,1.5425,1.5327,1.5259,1.5181,1.5073,1.4946,1.478,1.4594,1.4399,1.4194,1.3998,1.3793,1.3568,1.3343,1.3167,1.3021,1.2835,1.2639,1.2444,1.2239,1.2043,1.1848,1.1652,1.1447,1.1241,1.1056,1.0938,1.085,1.0743,1.0626,1.0508,1.0401,1.0303,1.0225,1.0166,1.0147,1.0166,1.0254,1.0401,1.0587,1.0792,1.1017,1.1251,1.1486,1.1701,1.1896,1.2102,1.2307,1.2542,1.2825,1.3196,1.3607,1.4115,1.4848,1.5797,1.694,1.827,1.9717,2.1222,2.2717,2.4135,2.5396,2.6461,2.7312,2.7859,2.8182,2.8397,2.8456,2.8377,2.8182,2.7889,2.7537,2.7155,2.6735,2.6305,2.5875,2.5464,2.5083,2.4702,2.433,2.3969,2.3597,2.3226,2.2835,2.2424,2.1975,2.1476,2.0929,2.0342,1.9795,1.9257,1.8661,1.8016,1.7361,1.6735,1.6139,1.5601,1.5132,1.4731,1.4409,1.4174,1.4037,1.3988,1.3998,1.4066,1.4174,1.4321,1.4467,1.4614,1.4761,1.4878,1.4976,1.5044,1.5073,1.5103,1.5112,1.5093,1.5044,1.4985,1.4917,1.4819,1.4702,1.4555,1.4379,1.4194,1.4018,1.3871,1.3744,1.3597,1.3431,1.3265,1.3099,1.2913,1.2727,1.2532,1.2346,1.216,1.1984,1.1808,1.1672,1.1564,1.1417,1.1261,1.1095,1.0929,1.0782,1.0645,1.0528,1.044,1.0371,1.0323,1.0332,1.0391,1.0469,1.0567,1.0694,1.085,1.1017,1.1212,1.1417,1.1613,1.1799,1.1975,1.216,1.2346,1.2561,1.2845,1.3226,1.3734,1.4399,1.5239,1.6276,1.7498,1.8866,2.0303,2.175,2.2972,2.4027,2.5132,2.6149,2.6999,2.7654,2.8094,2.8328,2.8377,2.827,2.8006,2.7654,2.7234,2.6784,2.6315,2.5816,2.5318,2.4809,2.433,2.3881,2.3441,2.3021,2.263,2.2248,2.1877,2.1535,2.1173,2.0762,2.0293,1.9775,1.9228,1.8641,1.8025,1.74,1.6804,1.6246,1.5718,1.5239,1.4858,1.4555,1.4262,1.4018,1.3842,1.3744,1.3705,1.3734,1.3803,1.39,1.4008,1.4115,1.4213,1.4311,1.4389,1.4467,1.4545,1.4604,1.4624,1.4604,1.4555,1.4555,1.4545,1.4467,1.4389,1.4311,1.4194,1.4037,1.3861,1.3685,1.35,1.3324,1.3157,1.2991,1.2805,1.26,1.2375,1.2199,1.2053,1.1887,1.1711,1.1525,1.1339,1.1153,1.0978,1.0811,1.0645,1.0479,1.0313,1.0205,1.0127,1.002,0.99218,0.98534,0.98338,0.98631,0.99316,1.0039,1.0196,1.0381,1.0587,1.0802,1.1026,1.1241,1.1447,1.1642,1.1838,1.2033,1.2278,1.26,1.304,1.3656,1.4467,1.5484,1.651,1.7595,1.8935,2.0401,2.1916,2.3392,2.4761,2.5973,2.6999,2.783,2.8446,2.8856,2.9062,2.9062,2.8925,2.869,2.8377,2.7996,2.7566,2.7126,2.6676,2.6227,2.5777,2.5327,2.4897,2.4497,2.4106,2.3705,2.3284,2.2845,2.2385,2.1896,2.1359,2.0762,2.0117,1.9423,1.87,1.7957,1.7322,1.6735,1.61,1.5474,1.4888,1.4379,1.3949,1.3607,1.3353,1.3216,1.3157,1.3157,1.3216,1.3314,1.3451,1.3607,1.3783,1.3978,1.4164,1.434,1.4487,1.4614,1.4712,1.48,1.4858,1.4897,1.4927,1.4946,1.4936,1.4897,1.4819,1.4702,1.4565,1.4418,1.4262,1.4096,1.391,1.3763,1.3627,1.3441,1.3236,1.3001,1.2727,1.2463,1.2209,1.1965,1.174,1.1515,1.1281,1.1046,1.0899,1.0772,1.0616,1.0459,1.0303,1.0156,1.002,0.99316,0.98729,0.98631,0.9912,1.002,1.0186,1.0381,1.0577,1.0772,1.0948,1.1105,1.1251,1.1398,1.1544,1.1711,1.1906,1.218,1.2571,1.3021,1.3568,1.433,1.5318,1.651,1.7898,1.9423,2.1036,2.2669,2.4233,2.565,2.6862,2.7742,2.8338,2.8827,2.9169,2.9335,2.9345,2.9218,2.8954,2.8583,2.8133,2.7625,2.7097,2.6579,2.61,2.564,2.5191,2.4761,2.435,2.3939,2.3519,2.3109,2.2678,2.2229,2.176,2.1261,2.0792,2.0352,1.9863,1.9365,1.8866,1.8397,1.7957,1.7556,1.7195,1.6901,1.6657,1.6452,1.6285,1.6178,1.6109,1.608,1.609,1.6139,1.6237,1.6383,1.654,1.6676,1.6784,1.6891,1.6979,1.7058,1.7107,1.7126,1.7126,1.7097,1.7028,1.6911,1.6755,1.6588,1.6393,1.6158,1.5894,1.566,1.5445,1.5171,1.4858,1.4526,1.4184,1.3842,1.3509,1.3196,1.2884,1.2581,1.2287,1.2014,1.1828,1.1681,1.1515,1.1417,1.1369,1.131,1.1261,1.1232,1.1251,1.131,1.1408,1.1574,1.1779,1.2004,1.2239,1.2493,1.2747,1.3001,1.3236,1.3451,1.3646,1.3842,1.4018,1.4164,1.4301,1.4438,1.4585,1.479,1.5103,1.5552,1.6168,1.697,1.7977,1.9169,2.0508,2.1945,2.3412,2.4653,2.5728,2.6823,2.782,2.8661,2.9296,2.9717,2.9941,3,2.9922,2.9707,2.9374,2.8974,2.8543,2.8094,2.7595,2.7087,2.6608,2.6158,2.5728,2.5327,2.4927,2.4545,2.4184,2.3822,2.347,2.3109,2.2698,2.2248,2.176,2.1212,2.0635,2.0049,1.9472,1.8915,1.8397,1.7928,1.7517,1.7214,1.6979,1.6764,1.6598,1.6491,1.6442,1.6461,1.653,1.6628,1.6735,1.6833,1.6911,1.6979,1.7028,1.7048,1.7058,1.7048,1.7009,1.697,1.6901,1.6813,1.6686,1.653,1.6344,1.6129,1.5943,1.5797,1.5621,1.5415,1.52,1.4966,1.4712,1.4448,1.4184,1.392,1.3666,1.3421,1.3236,1.3069,1.2864,1.263,1.2395,1.218,1.1975,1.175,1.1535,1.1329,1.1144,1.0978,1.0811,1.0714,1.0674,1.0645,1.0635,1.0665,1.0714,1.0802,1.0919,1.1065,1.1251,1.1476,1.172,1.1965,1.217,1.2346,1.2512,1.2688,1.2903,1.3187,1.3587,1.4145,1.4897,1.5836,1.696,1.827,1.9501,2.0684,2.2033,2.3421,2.4751,2.5953,2.6989,2.783,2.8465,2.8905,2.914,2.9198,2.9101,2.8886,2.8592,2.8231,2.782,2.738,2.694,2.6491,2.6041,2.5611,2.52,2.478,2.437,2.3998,2.3636,2.3265,2.2874,2.2454,2.1984,2.1457,2.088,2.0254,1.9589,1.8905,1.8221,1.7644,1.7146,1.6618,1.6109,1.567,1.5308,1.5024,1.4829,1.4721,1.4692,1.4741,1.4848,1.4985,1.5152,1.5337,1.5523,1.5699,1.5865,1.6002,1.6129,1.6256,1.6354,1.6422,1.6461,1.6452,1.6413,1.6305,1.6207,1.607,1.5855,1.5689,1.5503,1.5298,1.5083,1.4868,1.4663,1.4497,1.4233,1.4018,1.3793,1.3333,1.3099,1.2874,1.2542,1.2336,1.2131,1.1935,1.174,1.1623,1.1476,1.1271,1.1163,1.1105,1.1075,1.1095,1.1153,1.1251,1.1378,1.1544,1.173,1.1935,1.2141,1.2336,1.2522,1.2708,1.2903,1.3118,1.3363,1.3568,1.3851,1.4389,1.5005,1.5748,1.6764,1.7986,1.9345,2.0802,2.2307,2.3783,2.5171,2.6422,2.7498,2.8358,2.8905,2.9218,2.9413,2.9453,2.9335,2.9081,2.8719,2.828,2.7801,2.7283,2.6774,2.6295,2.5846,2.5435,2.5054,2.4673,2.4311,2.3949,2.3587,2.3196,2.2776,2.2326,2.1838,2.13,2.0714,2.0156,1.9609,1.8983,1.8309,1.7625,1.695,1.6315,1.5728,1.521,1.4761,1.4399,1.4154,1.4008,1.3959,1.3988,1.4086,1.4223,1.4399,1.4585,1.4761,1.4936,1.5093,1.523,1.5347,1.5435,1.5503,1.5552,1.5591,1.5601,1.5572,1.5513,1.5435,1.5337,1.521,1.5064,1.4917,1.4761,1.4594,1.4457,1.433,1.4164,1.3988,1.3803,1.3587,1.3343,1.3099,1.2854,1.262,1.2395,1.217,1.1994,1.1848,1.1672,1.1486,1.1281,1.1085,1.089,1.0704,1.0547,1.043,1.0342,1.0293,1.0283,1.0342,1.044,1.0557,1.0704,1.087,1.1065,1.1261,1.1466,1.1672,1.1848,1.2023,1.2219,1.2434,1.2678,1.3011,1.347,1.4076,1.4868,1.5865,1.7058,1.8407,1.9863,2.1388,2.2903,2.433,2.5455,2.6344,2.7204,2.7928,2.8475,2.8827,2.8983,2.8964,2.8807,2.8543,2.8172,2.7722,2.7253,2.6784,2.6305,2.5806,2.5318,2.4839,2.437,2.392,2.348,2.306,2.2649,2.2248,2.1857,2.1496,2.1134,2.0694,2.0186,1.9629,1.9032,1.8416,1.7791,1.7185,1.6588,1.6031,1.5523,1.5122,1.4809,1.4516,1.4282,1.4115,1.4018,1.3988,1.4018,1.4076,1.4164,1.4291,1.4428,1.4565,1.4682,1.478,1.4868,1.4956,1.5034,1.5103,1.5152,1.5171,1.5181,1.5171,1.5122,1.5054,1.4976,1.4888,1.4761,1.4594,1.4418,1.4233,1.4037,1.3842,1.3646,1.3431,1.3196,1.2962,1.2776,1.262,1.2424,1.2209,1.1994,1.1789,1.1593,1.1398,1.1202,1.1026,1.087,1.0714,1.0577,1.0508,1.0489,1.0479,1.0479,1.0489,1.0518,1.0587,1.0684,1.0821,1.0987,1.1183,1.1388,1.1574,1.174,1.1906,1.2072,1.2268,1.2502,1.2815,1.3245,1.3812,1.4536,1.5435,1.654,1.782,1.9022,2.0186,2.1535,2.2942,2.4321,2.5591,2.6696,2.7595,2.826,2.87,2.8935,2.8993,2.8886,2.8661,2.8348,2.7967,2.7605,2.7234,2.6784,2.6295,2.5797,2.5308,2.4819,2.434,2.3881,2.346,2.305,2.26,2.2131,2.1613,2.1036,2.042,1.9756,1.9052,1.8319,1.7576,1.6843,1.6217,1.567,1.5083,1.4526,1.4047,1.3656,1.3363,1.3167,1.3069,1.306,1.3118,1.3245,1.3402,1.3578,1.3744,1.391,1.4076,1.4233,1.4389,1.4555,1.4702,1.4829,1.4936,1.5005,1.5044,1.5073,1.5083,1.5064,1.5015,1.4927,1.48,1.4653,1.4506,1.433,1.4135,1.393,1.3724,1.3519,1.3333,1.3148,1.2913,1.2659,1.2385,1.2111,1.1857,1.1623,1.1408,1.1202,1.1007,1.0841,1.0733,1.0665,1.0567,1.0479,1.0411,1.0381,1.0391,1.045,1.0547,1.0684,1.087,1.1095,1.132,1.1535,1.174,1.1916,1.2092,1.2258,1.2405,1.2522,1.2639,1.2766,1.2913,1.3148,1.3509,1.393,1.4477,1.5269,1.6305,1.7576,1.9042,2.0626,2.2268,2.3881,2.5415,2.6804,2.7996,2.8954,2.9589,2.9961,3.0205,3.0293,3.0225,3.002,2.9697,2.9277,2.8807,2.8319,2.783,2.7331,2.6872,2.6442,2.6002,2.5572,2.5152,2.4741,2.433,2.392,2.348,2.3011,2.2493,2.1935,2.1349,2.0811,2.0303,1.9775,1.9247,1.8739,1.8289,1.7918,1.7605,1.7331,1.7107,1.6921,1.6784,1.6686,1.6618,1.6569,1.6549,1.6549,1.6559,1.6559,1.6559,1.6559,1.654,1.6491,1.6422,1.6344,1.6266,1.6168,1.6031,1.5865,1.5679,1.5503,1.5308,1.5093,1.4868,1.4633,1.4389,1.4164,1.3988,1.3842,1.3656,1.3431,1.3177,1.2913,1.263,1.2326,1.2033,1.176,1.1515,1.129,1.1134,1.0997,1.0831,1.0645,1.0469,1.0293,1.0127,0.99804,0.98729,0.97947,0.97752,0.98143,0.9912,1.0049,1.0215,1.0411,1.0635,1.089,1.1153,1.1398,1.1603,1.1789,1.1965,1.2131,1.2307,1.2483,1.2669,1.2913,1.3275,1.3773,1.4448,1.5327,1.6413,1.7703,1.915,2.0704,2.2287,2.3822,2.5064,2.61,2.7126,2.8025,2.8739,2.9247,2.956,2.9687,2.9638,2.9443,2.912,2.871,2.827,2.782,2.7322,2.6823,2.6354,2.5894,2.5455,2.5015,2.4575,2.4145,2.3695,2.3226,2.2737,2.2248,2.175,2.1183,2.0557,1.9902,1.9208,1.8485,1.7761,1.7048,1.6373,1.5787,1.5308,1.4946,1.4663,1.4418,1.4242,1.4164,1.4164,1.4223,1.435,1.4526,1.4702,1.4878,1.5044,1.5191,1.5298,1.5396,1.5474,1.5533,1.5582,1.5611,1.5621,1.5591,1.5533,1.5445,1.5327,1.5191,1.5073,1.4966,1.4819,1.4633,1.4428,1.4233,1.4027,1.3793,1.3539,1.3294,1.303,1.2766,1.2502,1.2297,1.2111,1.1906,1.1691,1.1486,1.1261,1.1026,1.0802,1.0587,1.0391,1.0215,1.0059,0.99707,0.99316,0.98827,0.98534,0.98534,0.99022,0.99902,1.0137,1.0313,1.0518,1.0762,1.1007,1.1232,1.1447,1.1652,1.1848,1.2053,1.2297,1.259,1.2981,1.3509,1.4194,1.5073,1.6129,1.737,1.8563,1.9746,2.1134,2.261,2.4066,2.5425,2.6628,2.7634,2.8407,2.8954,2.9277,2.9384,2.9306,2.9081,2.8759,2.8377,2.7957,2.7507,2.7048,2.6579,2.6109,2.565,2.52,2.4751,2.4311,2.392,2.3539,2.3148,2.2747,2.2317,2.1857,2.1359,2.0811,2.0215,1.9589,1.8935,1.826,1.7654,1.7126,1.6569,1.6022,1.5513,1.5064,1.4682,1.4389,1.4184,1.4057,1.4008,1.4018,1.4096,1.4203,1.4321,1.4467,1.4633,1.479,1.4946,1.5083,1.5191,1.5269,1.5327,1.5367,1.5376,1.5367,1.5327,1.5259,1.5171,1.5054,1.4927,1.478,1.4633,1.4477,1.433,1.4194,1.4037,1.3861,1.3715,1.3578,1.3402,1.3206,1.2991,1.2766,1.2532,1.2297,1.2063,1.1838,1.1632,1.1437,1.129,1.1163,1.1007,1.0841,1.0674,1.0538,1.043,1.0352,1.0313,1.0303,1.0342,1.042,1.0538,1.0694,1.088,1.1095,1.132,1.1515,1.1701,1.1896,1.2092,1.2297,1.2532,1.2825,1.3226,1.3675,1.4213,1.4956,1.5914,1.7058,1.8358,1.9785,2.129,2.2815,2.4291,2.566,2.6862,2.7889,2.8602,2.9071,2.9423,2.9638,2.9707,2.9638,2.9453,2.9159,2.8798,2.8387,2.7937,2.7468,2.7009,2.6579,2.6149,2.5718,2.5298,2.4878,2.4438,2.3978,2.3509,2.3011,2.2483,2.1926,2.1339,2.0782,2.0225,1.9599,1.8925,1.8231,1.7546,1.6872,1.6237,1.566,1.5152,1.4721,1.4389,1.4184,1.4057,1.3988,1.3988,1.4037,1.4125,1.4242,1.4389,1.4565,1.4731,1.4897,1.5054,1.5181,1.5259,1.5298,1.5308,1.5279,1.5269,1.5259,1.5171,1.5054,1.4917,1.477,1.4604,1.4428,1.4282,1.4154,1.3978,1.3783,1.3568,1.3353,1.3157,1.2962,1.2747,1.2522,1.2287,1.2063,1.1857,1.1711,1.1584,1.1427,1.1251,1.1065,1.088,1.0714,1.0557,1.042,1.0313,1.0215,1.0127,1.0098,1.0108,1.0137,1.0186,1.0264,1.0362,1.0499,1.0665,1.085,1.1036,1.1232,1.1427,1.1613,1.1799,1.1975,1.218,1.2463,1.2884,1.346,1.4223,1.5191,1.6383,1.7771,1.9326,2.0968,2.2414,2.3724,2.5152,2.653,2.7761,2.8778,2.955,3.0068,3.0352,3.0411,3.0293,3.002,2.9629,2.9179,2.869,2.8152,2.7595,2.7048,2.652,2.6002,2.5503,2.5024,2.4555,2.4115,2.3656,2.3226,2.2815,2.2356,2.1848,2.1281,2.0684,2.0068,1.9453,1.8847,1.827,1.7742,1.7273,1.6921,1.6628,1.6334,1.607,1.5836,1.565,1.5533,1.5464,1.5445,1.5464,1.5494,1.5543,1.5591,1.565,1.5718,1.5777,1.5826,1.5865,1.5875,1.5855,1.5806,1.5728,1.564,1.5543,1.5435,1.5327,1.521,1.5034,1.4819,1.4575,1.4321,1.4057,1.3783,1.3509,1.3226,1.2933,1.263,1.2336,1.2111,1.1916,1.1711,1.1505,1.13,1.1085,1.089,1.0714,1.0567,1.044,1.0342,1.0264,1.0244,1.0264,1.0293,1.0342,1.042,1.0528,1.0665,1.0831,1.1017,1.1232,1.1447,1.1672,1.1896,1.2102,1.2297,1.2473,1.2639,1.2786,1.2913,1.303,1.3148,1.3304,1.3548,1.393,1.4487,1.5112,1.5875,1.694,1.826,1.9775,2.1417,2.3109,2.4741,2.6266,2.7615,2.8729,2.957,3.0147,3.044,3.0508,3.045,3.0283,2.999,2.9589,2.912,2.8602,2.8074,2.7556,2.7058,2.6588,2.6158,2.5748,2.5337,2.4936,2.4545,2.4145,2.3734,2.3314,2.2874,2.2385,2.1877,2.1339,2.0782,2.0293,1.9853,1.9413,1.9003,1.8622,1.826,1.7947,1.7683,1.7468,1.7302,1.7175,1.7087,1.7028,1.6999,1.6989,1.6979,1.6979,1.6979,1.697,1.6931,1.6862,1.6774,1.6676,1.6569,1.6461,1.6354,1.6237,1.608,1.5904,1.5709,1.5494,1.5269,1.5044,1.4809,1.4575,1.433,1.4076,1.3861,1.3666,1.3441,1.3216,1.2981,1.2737,1.2473,1.2199,1.1926,1.1652,1.1388,1.1134,1.089,1.0733,1.4135,1.3988,1.3851,1.3705,1.3539,1.3363,1.3167,1.2981,1.2805,1.2678,1.2571,1.2424,1.2258,1.2082,1.1906,1.172,1.1544,1.1378,1.1212,1.1056,1.0919,1.0821,1.1486,1.2522,1.305,1.3333,1.3539,1.3715,1.3881,1.4057,1.4252,1.4438,1.4614,1.478,1.4956,1.5171,1.5435,1.5767,1.6217,1.6804,1.7566,1.8524,1.9687,2.1007,2.2444,2.3949,2.5249,2.6403,2.7615,2.8749,2.9717,3.0479,3.1026,3.1378,3.1554,3.1554,3.1398,3.1124,3.0772,3.0381,2.9961,2.9511,2.9052,2.8602,2.8152,2.7713,2.7283,2.6872,2.6481,2.6109,2.5748,2.5415,2.5093,2.4712,2.4282,2.3783,2.3226,2.262,2.1984,2.1339,2.0704,2.0088,1.9511,1.9032,1.8622,1.8201,1.781,1.7468,1.7204,1.7028,1.694,1.6931,1.6999,1.7116,1.7283,1.7498,1.7713,1.7908,1.8094,1.827,1.8426,1.8573,1.869,1.8778,1.8827,1.8817,1.8778,1.87,1.8622,1.8534,1.8416,1.8289,1.8162,1.8016,1.7849,1.7664,1.7458,1.7243,1.7019,1.6794,1.6569,1.6393,1.6227,1.6022,1.5816,1.5601,1.5376,1.5152,1.4927,1.4721,1.4526,1.434,1.4154,1.4027,1.3939,1.3822,1.3695,1.3597,1.3539,1.3529,1.3558,1.3627,1.3734,1.3881,1.4066,1.4262,1.4457,1.4643,1.4839,1.5083,1.5396,1.5787,1.6325,1.7028,1.7918,1.9022,2.0313,2.176,2.3099,2.4399,2.5855,2.7331,2.8729,2.9961,3.0968,3.173,3.2248,3.2542,3.261,3.2483,3.2199,3.1848,3.1437,3.0968,3.0479,2.999,2.9501,2.9052,2.8622,2.8182,2.7742,2.7322,2.6891,2.6491,2.61,2.567,2.521,2.4712,2.4184,2.3617,2.3011,2.2385,2.175,2.1153,2.0587,2.0068,1.9677,1.9384,1.913,1.8915,1.8749,1.8651,1.8612,1.8622,1.8661,1.8739,1.8847,1.8983,1.911,1.9247,1.9394,1.9521,1.9648,1.9765,1.9863,1.9922,1.9941,1.9912,1.9844,1.9746,1.9629,1.9501,1.9384,1.9238,1.9062,1.8847,1.8592,1.8299,1.7986,1.7664,1.7341,1.7028,1.6725,1.6481,1.6276,1.6051,1.5816,1.5572,1.5318,1.5054,1.4809,1.4575,1.434,1.4135,1.3949,1.3803,1.3734,1.3715,1.3724,1.3763,1.3842,1.3969,1.4135,1.433,1.4526,1.4721,1.4907,1.5093,1.5279,1.5464,1.565,1.5826,1.6012,1.6237,1.653,1.6911,1.7429,1.8123,1.9013,2.0117,2.1447,2.2727,2.4027,2.5582,2.7234,2.8866,3.0362,3.1652,3.1838,3.1329,3.1183,3.1105,3.0987,3.0782,3.0479,3.0088,2.9629,2.912,2.8573,2.8006,2.7429,2.6882,2.6364,2.5865,2.5406,2.4966,2.4565,2.4194,2.3812,2.3431,2.304,2.263,2.2199,2.1769,2.1349,2.0938,2.0547,2.0176,1.9853,1.958,1.9326,1.9091,1.8895,1.8729,1.8592,1.8465,1.8368,1.8299,1.825,1.8231,1.8221,1.8211,1.8211,1.8211,1.8201,1.8172,1.8113,1.8035,1.7937,1.7801,1.7625,1.7429,1.7214,1.7009,1.6813,1.6588,1.6334,1.607,1.5826,1.5591,1.5327,1.5054,1.479,1.4516,1.4242,1.4008,1.3783,1.3529,1.3255,1.2991,1.2737,1.2493,1.2268,1.2043,1.1818,1.1603,1.1408,1.1232,1.1114,1.1046,1.0978,1.0929,1.0909,1.0929,1.0997,1.1114,1.1271,1.1476,1.1711,1.1955,1.219,1.2405,1.262,1.2815,1.2981,1.3148,1.3314,1.3519,1.3812,1.4223,1.4819,1.5611,1.6598,1.7595,1.8671,2.001,2.1515,2.3079,2.4594,2.5992,2.7224,2.824,2.9022,2.957,2.9873,2.9922,2.9804,2.958,2.9247,2.8837,2.8368,2.7859,2.7341,2.6833,2.6334,2.5855,2.5396,2.4966,2.4585,2.4213,2.3832,2.3451,2.305,2.263,2.216,2.1652,2.1114,2.0518,1.9892,1.9267,1.8719,1.8211,1.7654,1.7097,1.6559,1.607,1.563,1.5269,1.5015,1.4878,1.4819,1.4819,1.4888,1.4995,1.5142,1.5308,1.5464,1.5621,1.5767,1.5875,1.5953,1.6012,1.6051,1.6061,1.6031,1.5992,1.5934,1.5836,1.5709,1.5543,1.5367,1.5181,1.4985,1.479,1.4594,1.437,1.4125,1.3881,1.3695,1.3539,1.3343,1.3138,1.2923,1.2708,1.2502,1.2297,1.2082,1.1857,1.1642,1.1447,1.132,1.1222,1.1105,1.0968,1.0821,1.0674,1.0528,1.0401,1.0313,1.0283,1.0303,1.0391,1.0547,1.0753,1.0987,1.1241,1.1496,1.173,1.1945,1.2141,1.2317,1.2512,1.2747,1.3069,1.35,1.3988,1.4585,1.5415,1.6461,1.7722,1.915,2.0694,2.2297,2.3891,2.5376,2.6706,2.782,2.869,2.9257,2.958,2.9775,2.9814,2.9707,2.9482,2.915,2.8749,2.8289,2.7781,2.7273,2.6774,2.6315,2.5885,2.5455,2.5044,2.4633,2.4223,2.3812,2.3402,2.2972,2.2493,2.1965,2.1378,2.0821,2.0274,1.9492,1.8592,1.7801,1.7077,1.6413,1.5797,1.5259,1.4809,1.4457,1.4213,1.4076,1.4018,1.4037,1.4115,1.4242,1.4409,1.4604,1.4809,1.4995,1.5161,1.5308,1.5425,1.5513,1.5572,1.5591,1.5572,1.5523,1.5464,1.5376,1.5259,1.5132,1.4995,1.4848,1.4673,1.4487,1.4311,1.4164,1.4037,1.3881,1.3705,1.3509,1.3304,1.3099,1.2884,1.2669,1.2454,1.2248,1.2053,1.1906,1.1779,1.1603,1.1388,1.1163,1.0958,1.0782,1.0606,1.045,1.0303,1.0186,1.0117,1.0088,1.0117,1.0196,1.0303,1.0459,1.0655,1.088,1.1105,1.1339,1.1574,1.1789,1.1984,1.218,1.2385,1.263,1.2942,1.3382,1.3978,1.4761,1.5748,1.6931,1.8289,1.9775,2.1339,2.2903,2.4399,2.5572,2.65,2.737,2.8074,2.8563,2.8856,2.8954,2.8895,2.8719,2.8426,2.8065,2.7664,2.7243,2.6833,2.6403,2.5953,2.5503,2.5064,2.4643,2.4242,2.3842,2.3441,2.304,2.262,2.218,2.174,2.1281,2.0743,2.0147,1.9511,1.8837,1.8143,1.7449,1.6764,1.6119,1.5523,1.4976,1.4555,1.4242,1.3969,1.3763,1.3646,1.3617,1.3675,1.3812,1.3988,1.4174,1.436,1.4526,1.4673,1.48,1.4907,1.4995,1.5073,1.5132,1.5152,1.5132,1.5083,1.5005,1.4897,1.4761,1.4585,1.4448,1.4321,1.4154,1.3949,1.3734,1.3509,1.3284,1.3069,1.2854,1.263,1.2385,1.2141,1.1906,1.173,1.1584,1.1398,1.1202,1.1017,1.0831,1.0655,1.0479,1.0303,1.0137,0.99902,0.98631,0.97947,0.97849,0.97752,0.97947,0.9824,0.98729,0.99511,1.0068,1.0215,1.0401,1.0596,1.0802,1.1007,1.1202,1.1388,1.1584,1.1808,1.2063,1.2405,1.2864,1.347,1.4272,1.5279,1.6491,1.7889,1.9208,2.0508,2.2004,2.3548,2.5054,2.6413,2.7566,2.8475,2.913,2.9521,2.9668,2.9619,2.9404,2.9081,2.868,2.8221,2.7722,2.7214,2.6706,2.6207,2.5738,2.5308,2.4907,2.4526,2.4154,2.3803,2.347,2.3118,2.2727,2.2287,2.1789,2.1251,2.0674,2.0078,1.9492,1.8925,1.8397,1.7957,1.7586,1.7214,1.6872,1.6598,1.6383,1.6207,1.608,1.5982,1.5924,1.5894,1.5894,1.5914,1.5943,1.5982,1.6031,1.607,1.6109,1.6149,1.6178,1.6217,1.6295,1.6373,1.6364,1.6305,1.6217,1.6109,1.5943,1.5758,1.5552,1.5327,1.5073,1.4809,1.4545,1.4262,1.3959,1.3656,1.3353,1.3099,1.2854,1.2571,1.2287,1.2014,1.175,1.1515,1.131,1.1144,1.0987,1.0831,1.0704,1.0635,1.0626,1.0626,1.0665,1.0743,1.087,1.1036,1.1212,1.1398,1.1623,1.1857,1.2092,1.2326,1.2551,1.2757,1.2972,1.3187,1.3372,1.3519,1.3636,1.3773,1.3959,1.4223,1.4604,1.5152,1.5758,1.65,1.7546,1.8827,2.0303,2.1896,2.3529,2.5112,2.6598,2.7908,2.9003,2.9863,3.0469,3.0772,3.086,3.0821,3.0645,3.0352,2.998,2.955,2.9091,2.8602,2.8104,2.7605,2.7116,2.6676,2.6266,2.5855,2.5455,2.5064,2.4692,2.4311,2.391,2.3519,2.3109,2.2678,2.2248,2.1818,2.1437,2.1085,2.0723,2.0381,2.0088,1.9834,1.9599,1.9394,1.9228,1.9091,1.8974,1.8895,1.8827,1.8749,1.8651,1.8553,1.8456,1.8338,1.8201,1.8055,1.7908,1.7761,1.7615,1.7439,1.7234,1.7048,1.6862,1.6647,1.6403,1.6139,1.5885,1.563,1.5376,1.5112,1.4848,1.4594,1.434,1.4135,1.3949,1.3744,1.3509,1.3255,1.2981,1.2727,1.2493,1.2258,1.2023,1.1799,1.1593,1.1408,1.129,1.1202,1.1095,1.0997,1.0909,1.085,1.0831,1.085,1.0938,1.1065,1.1241,1.1457,1.1681,1.1935,1.2219,1.2483,1.2727,1.2952,1.3177,1.3363,1.3519,1.3675,1.3842,1.4057,1.436,1.4702,1.5142,1.5797,1.6667,1.7742,1.9013,2.045,2.1994,2.3558,2.5073,2.6491,2.7742,2.8661,2.9296,2.9814,3.0156,3.0303,3.0254,3.0059,2.9736,2.9316,2.8827,2.8309,2.7781,2.7283,2.6833,2.6422,2.6041,2.5689,2.5347,2.5015,2.4692,2.436,2.3998,2.3597,2.3148,2.2649,2.216,2.1642,2.1046,2.0401,1.9736,1.9062,2.9765,3.0147,3.0323,3.0313,3.0137,2.9834,2.9423,2.8954,2.8456,2.7928,2.739,2.6852,2.6325,2.5826,2.5367,2.4936,2.4526,2.4125,2.3734,2.3333,2.2952,2.2581,2.2151,2.1662,2.1124,2.0557,1.998,1.9413,1.8876,1.8387,1.7947,1.7586,1.7322,1.7146,1.7009,1.6931,1.6891,1.6872,1.6872,1.6891,1.6901,1.6911,1.6911,1.6911,1.6891,1.6862,1.6804,1.6716,1.6628,1.653,1.6383,1.6217,1.6012,1.5787,1.5552,1.5327,1.5103,1.4917,1.4741,1.4536,1.4311,1.4086,1.3851,1.3617,1.3372,1.3138,1.2923,1.2708,1.2502,1.2278,1.2102,1.1955,1.1779,1.1574,1.1369,1.1163,1.0958,1.0772,1.0606,1.044,1.0293,1.0156,1.0078,1.0039,1.001,1.002,1.0078,1.0186,1.0332,1.0528,1.0753,1.0987,1.1222,1.1457,1.1691,1.1896,1.2092,1.2287,1.2483,1.2688,1.2933,1.3275,1.3744,1.437,1.5181,1.6188,1.74,1.8553,1.9697,2.1056,2.2493,2.3881,2.5161,2.6276,2.7204,2.7918,2.8407,2.868,2.8749,2.8641,2.8416,2.8113,2.7732,2.7292,2.6813,2.6325,2.5846,2.5367,2.4907,2.4497,2.4106,2.3734,2.3372,2.303,2.2678,2.2307,2.1916,2.1496,2.1046,2.0547,1.999,1.9404,1.8817,1.8221,1.7703,1.7243,1.6764,1.6325,1.5943,1.5621,1.5367,1.5181,1.5083,1.5054,1.5073,1.5112,1.5181,1.5259,1.5347,1.5435,1.5533,1.5621,1.5679,1.5728,1.5748,1.5728,1.5679,1.5601,1.5494,1.5386,1.5279,1.5161,1.5034,1.4878,1.4702,1.4506,1.4321,1.4125,1.392,1.3695,1.347,1.3245,1.3069,1.2913,1.2708,1.2473,1.2239,1.2023,1.1828,1.1642,1.1466,1.129,1.1114,1.0958,1.085,1.0782,1.0694,1.0606,1.0528,1.045,1.0401,1.0391,1.044,1.0547,1.0704,1.089,1.1105,1.1329,1.1564,1.1789,1.2004,1.2219,1.2414,1.2581,1.2737,1.2903,1.3089,1.3333,1.3675,1.4076,1.4565,1.5259,1.6178,1.7312,1.8622,2.0049,2.1525,2.2991,2.4379,2.564,2.6725,2.7595,2.8152,2.8475,2.868,2.8749,2.868,2.8475,2.8162,2.7761,2.7302,2.6823,2.6334,2.5846,2.5386,2.4976,2.4565,2.4145,2.3724,2.3314,2.2913,2.2502,2.2072,2.1632,2.1153,2.0645,2.0117,1.9629,1.914,1.8583,1.7986,1.739,1.6823,1.6285,1.5806,1.5396,1.5064,1.4809,1.4633,1.4536,1.4506,1.4516,1.4575,1.4673,1.479,1.4917,1.5034,1.5142,1.5239,1.5318,1.5357,1.5357,1.5347,1.5337,1.5298,1.523,1.5152,1.5064,1.4966,1.4848,1.4721,1.4585,1.4428,1.4262,1.4125,1.4008,1.3851,1.3675,1.347,1.3255,1.305,1.2845,1.2639,1.2434,1.2258,1.2092,1.1887,1.1711,1.1564,1.1388,1.1202,1.1036,1.088,1.0723,1.0596,1.0508,1.045,1.043,1.0459,1.0547,1.0674,1.0831,1.1007,1.1212,1.1447,1.1691,1.1926,1.2151,1.2375,1.259,1.2805,1.3001,1.3187,1.3382,1.3646,1.4008,1.4506,1.5181,1.6041,1.7107,1.8358,1.9765,2.1271,2.2796,2.4076,2.5191,2.6344,2.739,2.827,2.8935,2.9365,2.956,2.9541,2.9335,2.8983,2.8524,2.8045,2.7556,2.7048,2.652,2.6002,2.5513,2.5034,2.4585,2.4184,2.3803,2.3441,2.3089,2.2727,2.2385,2.2043,2.1642,2.1193,2.0674,2.0108,1.9492,1.8837,1.8172,1.7507,1.6872,1.6285,1.5816,1.5455,1.5132,1.4858,1.4633,1.4477,1.4379,1.433,1.4321,1.436,1.4409,1.4477,1.4545,1.4614,1.4682,1.4751,1.4819,1.4897,1.4956,1.4985,1.4995,1.4985,1.4936,1.4868,1.477,1.4682,1.4585,1.4448,1.4282,1.4115,1.3939,1.3744,1.3519,1.3284,1.304,1.2776,1.2502,1.2229,1.2023,1.1848,1.1632,1.1398,1.1173,1.0958,1.0762,1.0596,1.045,1.0332,1.0235,1.0156,1.0117,1.0108,1.0088,1.0098,1.0137,1.0215,1.0332,1.0489,1.0684,1.0909,1.1153,1.1398,1.1642,1.1877,1.2072,1.2239,1.2395,1.2551,1.2698,1.2874,1.3099,1.3421,1.3891,1.4555,1.5445,1.6373,1.741,1.8768,2.0342,2.2014,2.3715,2.5347,2.6823,2.8094,2.911,2.9863,3.0362,3.0606,3.0626,3.0479,3.0244,2.9922,2.9511,2.9062,2.8583,2.8084,2.7586,2.7107,2.6647,2.6207,2.5806,2.5445,2.5083,2.4721,2.436,2.3998,2.3627,2.3245,2.2854,2.2463,2.2063,2.1642,2.1232,2.089,2.0557,2.0215,1.9883,1.956,1.9257,1.8974,1.8719,1.8504,1.8328,1.8182,1.8055,1.7947,1.7849,1.7761,1.7703,1.7644,1.7576,1.7507,1.7419,1.7302,1.7165,1.6999,1.6813,1.6618,1.6461,1.6315,1.6139,1.5924,1.5699,1.5484,1.5259,1.5005,1.4731,1.4457,1.4164,1.3851,1.3587,1.3363,1.3109,1.2835,1.2571,1.2336,1.2131,1.1935,1.175,1.1564,1.1398,1.1251,1.1134,1.1075,1.1065,1.1065,1.1095,1.1183,1.1329,1.1525,1.175,1.2014,1.2287,1.2561,1.2815,1.303,1.3226,1.3421,1.3607,1.3744,1.3842,1.3939,1.4027,1.4106,1.4194,1.433,1.4555,1.4829,1.521,1.5797,1.6598,1.7615,1.8837,2.0196,2.1642,2.3138,2.4594,2.5953,2.7165,2.8162,2.8837,2.9247,2.9541,2.9677,2.9658,2.9482,2.9189,2.8798,2.8338,2.7849,2.7331,2.6813,2.6334,2.5875,2.5415,2.4966,2.4536,2.4125,2.3724,2.3333,2.2933,2.2542,2.2131,2.1691,2.1212,2.0762,2.0303,1.9775,1.9208,1.8641,1.8104,1.7605,1.7155,1.6764,1.6461,1.6246,1.6119,1.6051,1.6041,1.6061,1.6109,1.6168,1.6207,1.6227,1.6237,1.6237,1.6227,1.6207,1.6188,1.6149,1.61,1.6041,1.5953,1.5836,1.5679,1.5494,1.5288,1.5073,1.4858,1.4633,1.4409,1.4184,1.3998,1.3842,1.3656,1.3441,1.3226,1.3001,1.2766,1.2502,1.2258,1.2033,1.1808,1.1603,1.1408,1.1261,1.1144,1.0997,1.0841,1.0674,1.0508,1.0362,1.0215,1.0088,1,0.99609,0.99804,1.0049,1.0176,1.0332,1.0518,1.0733,1.0968,1.1232,1.1515,1.1779,1.2014,1.2229,1.2424,1.26,1.2766,1.2933,1.3177,1.3529,1.4027,1.4712,1.5601,1.6667,1.7918,1.9326,2.0802,2.2287,2.3539,2.4614,2.5718,2.6716,2.7556,2.8201,2.8622,2.8837,2.8866,2.871,2.8416,2.8035,2.7586,2.7126,2.6657,2.6197,2.5758,2.5337,2.4936,2.4545,2.4174,2.3803,2.3421,2.303,2.2649,2.2287,2.1916,2.1486,2.1007,2.0469,1.9892,1.9286,1.8651,1.8035,1.7449,1.6901,1.6403,1.5973,1.565,1.5425,1.5239,1.5112,1.5054,1.5044,1.5073,1.5132,1.521,1.5279,1.5337,1.5386,1.5425,1.5455,1.5464,1.5464,1.5455,1.5425,1.5386,1.5327,1.5249,1.5161,1.5044,1.4888,1.4702,1.4545,1.4399,1.4233,1.4057,1.3881,1.3705,1.35,1.3284,1.3079,1.2864,1.2659,1.2434,1.2248,1.2092,1.1896,1.1681,1.1466,1.1251,1.1056,1.089,1.0743,1.0596,1.0459,1.0332,1.0235,1.0186,1.0186,1.0196,1.0244,1.0342,1.0479,1.0665,1.088,1.1105,1.1349,1.1593,1.1818,1.2023,1.2219,1.2414,1.261,1.2796,1.2991,1.3245,1.3597,1.4096,1.478,1.567,1.6745,1.781,1.8915,2.0254,2.1701,2.3157,2.4536,2.5767,2.6804,2.7615,2.8201,2.8573,2.8778,2.8817,2.869,2.8456,2.8143,2.7761,2.7341,2.6911,2.6471,2.6031,2.5601,2.5191,2.479,2.4399,2.4047,2.3695,2.3314,2.2923,2.2502,2.2053,2.1574,2.1046,2.0489,1.9912,1.9296,1.8661,1.8025,1.7478,1.6999,1.65,1.6022,1.5601,1.5249,1.4985,1.4809,1.4712,1.4673,1.4702,1.477,1.4858,1.4956,1.5054,1.5142,1.521,1.5259,1.5298,1.5308,1.5288,1.5259,1.521,1.5152,1.5073,1.5005,1.4936,1.4839,1.4721,1.4594,1.4457,1.4311,1.4154,1.3988,1.3812,1.3607,1.3392,1.3226,1.3079,1.2903,1.2717,1.2522,1.2326,1.2141,1.1965,1.1789,1.1613,1.1437,1.1261,1.1105,1.0997,1.0919,1.0821,1.0743,1.0665,1.0616,1.0606,1.0645,1.0723,1.0831,1.0968,1.1153,1.1359,1.1584,1.1818,1.2033,1.2248,1.2454,1.2659,1.2845,1.3021,1.3226,1.35,1.3871,1.4379,1.4936,1.5582,1.6471,1.7576,1.8856,2.0264,2.173,2.3167,2.4506,2.5699,2.6706,2.7517,2.8035,2.8328,2.8514,2.8553,2.8446,2.8221,2.7898,2.7517,2.7087,2.6628,2.6158,2.5679,2.521,2.479,2.4399,2.3998,2.3597,2.3196,2.2805,2.2395,2.1965,2.1505,2.1007,2.0469,1.9892,1.9345,1.8798,1.8182,1.7537,1.6901,1.6305,1.5767,1.5298,1.4907,1.4604,1.4399,1.4282,1.4223,1.4223,1.4252,1.4301,1.436,1.4428,1.4506,1.4585,1.4663,1.4731,1.48,1.4878,1.4946,1.5015,1.5083,1.5142,1.5171,1.5171,1.5142,1.5093,1.5005,1.4888,1.4751,1.4604,1.4438,1.4272,1.4135,1.3998,1.3803,1.3558,1.3284,1.3011,1.2737,1.2463,1.219,1.1935,1.1691,1.1447,1.1251,1.1095,1.0909,1.0723,1.0557,1.0401,1.0264,1.0147,1.0078,1.0049,1.0059,1.0117,1.0225,1.0371,1.0547,1.0743,1.0948,1.1163,1.1378,1.1584,1.1779,1.1965,1.2131,1.2278,1.2424,1.2561,1.2717,1.2903,1.3148,1.3519,1.4057,1.4809,1.5777,1.697,1.8368,1.9922,2.1554,2.2962,2.4203,2.5513,2.6735,2.7781,2.8602,2.9198,2.956,2.9697,2.9638,2.9433,2.9091,2.8651,2.8182,2.7693,2.7175,2.6657,2.6158,2.567,2.5191,2.4731,2.4301,2.39,2.35,2.3099,2.2737,2.2385,2.1994,2.1593,2.1193,2.0792,2.0391,1.999,1.958,1.9159,1.8749,1.8377,1.8016,1.7703,1.7449,1.7185,1.694,1.6725,1.6549,1.6432,1.6354,1.6315,1.6315,1.6354,1.6403,1.6452,1.65,1.6559,1.6628,1.6686,1.6725,1.6725,1.6686,1.6608,1.65,1.6373,1.6197,1.5982,1.5777,1.5562,1.5308,1.5015,1.4702,1.436,1.3998,1.3636,1.3275,1.2923,1.2581,1.2268,1.2023,1.1808,1.1574,1.1329,1.1095,1.0899,1.0733,1.0606,1.0528,1.0508,1.0547,1.0645,1.0792,1.0968,1.1173,1.1398,1.1652,1.1906,1.2131,1.2356,1.259,1.2805,1.3011,1.3196,1.3382,1.3548,1.3695,1.3822,1.3949,1.4076,1.4233,1.4457,1.479,1.5269,1.5934,1.6804,1.7869,1.914,2.0332,2.1515,2.2913,2.4379,2.5816,2.7126,2.824,2.912,2.9765,3.0166,3.0352,3.0342,3.0176,2.9873,2.9482,2.9003,2.8475,2.7928,2.738,2.6833,2.6315,2.5816,2.5347,2.4927,2.4516,2.4125,2.3744,2.3353,2.2972,2.2571,2.2151,2.172,2.1271,2.0821,2.0371,1.9961,1.958,1.9257,1.8983,1.8739,1.8524,1.8338,1.8192,1.8065,1.7947,1.784,1.7732,1.7634,1.7546,1.7468,1.741,1.7351,1.7273,1.7175,1.7048,1.6891,1.6706,1.651,1.6305,1.608,1.5846,1.5621,1.5435,1.5269,1.5073,1.4858,1.4624,1.4389,1.4145,1.391,1.3666,1.3431,1.3206,1.2991,1.2776,1.26,1.2434,1.2219,1.1984,1.175,1.1515,1.13,1.1095,1.0909,1.0733,1.0577,1.042,1.0303,1.0225,1.0127,1.0049,0.99902,0.99804,1.0029,1.0127,1.0274,1.0459,1.0674,1.0899,1.1124,1.1349,1.1593,1.1838,1.2063,1.2287,1.2502,1.2708,1.2923,1.3196,1.3568,1.4066,1.4741,1.5445,1.6256,1.7341,1.8622,2.0039,2.1535,2.3021,2.4428,2.5709,2.6813,2.7703,2.8358,2.8739,2.8905,2.8954,2.8876,2.8661,2.8338,2.7928,2.7468,2.697,2.6461,2.5963,2.5474,2.5005,2.4585,2.4203,2.3842,2.348,2.3099,2.2708,2.2287,2.1838,2.1359,2.085,2.0313,1.9736,1.9208,1.87,1.8133,1.7537,1.696,1.6422,1.5943,1.5552,1.5249,1.5044,1.4927,1.4878,1.4888,1.4927,1.5005,1.5093,1.5171,1.5239,1.5288,1.5327,1.5367,1.5396,1.5406,1.5386,1.5327,1.5259,1.52,1.5122,1.5015,1.4897,1.477,1.4624,1.4448,1.4272,1.4086,1.3891,1.3666,1.3441,1.3255,1.3109,1.2933,1.2747,1.2542,1.2336,1.2141,1.1945,1.175,1.1564,1.1378,1.1212,1.1105,1.1026,1.0919,1.0782,1.0645,1.0518,1.0411,1.0332,1.0293,1.0293,1.0352,1.045,1.0577,1.0743,1.0919,1.1095,1.13,1.1515,1.173,1.1926,1.2092,1.2239,1.2385,1.2551,1.2747,1.2952,1.3196,1.3539,1.4027,1.4682,1.5523,1.6549,1.7752,1.9101,2.0538,2.2004,2.3412,2.4712,2.5699,2.6442,2.7126,2.7664,2.8016,2.8192,2.8192,2.8045,2.7771,2.74,2.696,2.6491,2.6041,2.5601,2.5152,2.4712,2.4272,2.3842,2.3431,2.305,2.2669,2.2297,2.1926,2.1535,2.1105,2.0684,2.0254,1.9746,1.9179,1.8583,1.7957,1.7312,1.6686,1.61,1.5562,1.5093,1.4702,1.4428,1.4262,1.4145,1.4086,1.4086,1.4135,1.4223,1.4321,1.4428,1.4536,1.4643,1.4721,1.48,1.4868,1.4936,1.5005,1.5064,1.5093,1.5083,1.5044,1.4985,1.4897,1.478,1.4624,1.4448,1.4301,1.4164,1.3988,1.3783,1.3568,1.3353,1.3138,1.2913,1.2669,1.2424,1.218,1.1945,1.176,1.1593,1.1408,1.1222,1.1046,1.088,1.0694,1.0518,1.0362,1.0215,1.0098,1.0029,1,1.002,1.0078,1.0156,1.0274,1.042,1.0596,1.0792,1.1007,1.1232,1.1466,1.1701,1.1926,1.2131,1.2326,1.2522,1.2737,1.3011,1.3372,1.3861,1.4516,1.5347,1.6364,1.7546,1.8866,2.0274,2.1505,2.261,2.3793,2.4927,2.5924,2.6725,2.7312,2.7683,2.7859,2.7869,2.7732,2.7488,2.7175,2.6813,2.6413,2.5973,2.5523,2.5054,2.4565,2.4086,2.3636,2.3177,2.2717,2.2268,2.1828,2.1437,2.1046,2.0606,2.0137,1.9638,1.911,1.8543,1.7957,1.7351,1.6745,1.6158,1.5591,1.5132,1.4751,1.4399,1.4096,1.3861,1.3705,1.3617,1.3587,1.3607,1.3666,1.3744,1.3832,1.3939,1.4037,1.4125,1.4194,1.4262,1.4321,1.435,1.435,1.433,1.4282,1.4223,1.4174,1.4125,1.4086,1.4037,1.3959,1.3861,1.3734,1.3587,1.3431,1.3265,1.3079,1.2884,1.2678,1.2454,1.2209,1.2023,1.1877,1.1701,1.1496,1.129,1.1124,1.0978,1.0811,1.0645,1.0489,1.0342,1.0205,1.0117,1.0068,1.0029,1.001,1.002,1.0049,1.0117,1.0235,1.0391,1.0587,1.0792,1.0997,1.1183,1.1369,1.1554,1.174,1.1926,1.2082,1.2199,1.2317,1.2454,1.263,1.2893,1.3314,1.392,1.4604,1.5425,1.6549,1.7918,1.9482,2.1163,2.2874,2.4545,2.608,2.7439,2.8573,2.9462,3.0088,3.0411,3.0499,3.044,3.0244,2.9932,2.9511,2.9013,2.8485,2.7947,2.74,2.6862,2.6334,2.5855,2.5406,2.4956,2.4506,2.4076,2.3666,2.3265,2.2874,2.2502,2.2121,2.173,2.1329,2.0929,2.0577,2.0235,1.9844,1.9443,1.9042,1.8641,1.825,1.7879,1.7537,1.7234,1.6989,1.6823,1.6725,1.6686,1.6696,1.6745,1.6823,1.6931,1.7058,1.7185,1.7302,1.739,1.7468,1.7517,1.7527,1.7517,1.7468,1.737,1.7224,1.7048,1.6843,1.6598,1.6305,1.5982,1.564,1.5279,1.4897,1.4565,1.4262,1.392,1.3568,1.3216,1.2854,1.2512,1.2199,1.1926,1.1691,1.1496,1.1339,1.1261,1.1232,1.1212,1.1232,1.1281,1.1378,1.1525,1.1691,1.1867,1.2053,1.2219,1.2375,1.2522,1.2659,1.2776,1.2884,1.3011,1.3128,1.3236,1.3343,1.3451,1.3539,1.3627,1.3734,1.3959,1.4213,1.4467,1.4897,1.5865,1.6931,1.783,1.9071,2.0577,2.2239,2.3949,2.5621,2.7175,2.8543,2.9521,3.0205,3.0772,3.1134,3.1281,3.1222,3.0997,3.0635,3.0166,2.9638,2.9062,2.8456,2.7879,2.7322,2.6755,2.6197,2.5689,2.52,2.4741,2.4291,2.3871,2.35,2.3148,2.2815,2.2512,2.2229,2.1955,2.1681,2.1398,2.1095,2.0782,2.0469,2.0166,1.9863,1.9589,1.9345,1.915,1.8993,1.8866,1.8749,1.8641,1.8524,1.8416,1.8309,1.8201,1.8094,1.7977,1.7859,1.7722,1.7576,1.7429,1.7273,1.7087,1.6891,1.6676,1.6442,1.6197,1.5953,1.5709,1.5464,1.52,1.4936,1.4721,1.4536,1.433,1.4115,1.3881,1.3646,1.3412,1.3187,1.2962,1.2737,1.2502,1.2287,1.2072,1.1887,1.174,1.1574,1.1398,1.1241,1.1114,1.1036,1.1007,1.1026,1.1095,1.1193,1.132,1.1486,1.1691,1.1916,1.2151,1.2375,1.26,1.2815,1.306,1.3265,1.3402,1.3539,1.3705,1.3851,1.3988,1.4233,1.4643,1.5239,1.6031,1.7009,1.8172,1.9482,2.088,2.2297,2.3675,2.4966,2.5953,2.6725,2.7527,2.8162,2.8514,2.87,2.8622,2.8416,2.8201,2.7859,2.7439,2.697,2.6491,2.6041,2.5601,2.5152,2.4712,2.4291,2.391,2.3529,2.3148,2.2776,2.2385,2.1965,2.1525,2.1095,2.0655,2.0147,1.9599,1.9032,1.8319,1.7683,1.7243,1.6794,1.6383,1.6031,1.5728,1.5503,1.5367,1.5298,1.5269,1.5279,1.5298,1.5327,1.5357,1.5386,1.5415,1.5455,1.5484,1.5523,1.5552,1.5591,1.5611,1.5591,1.5543,1.5464,1.5367,1.5239,1.5083,1.4897,1.4712,1.4526,1.433,1.4145,1.4008,1.39,1.3754,1.3587,1.3412,1.3226,1.304,1.2845,1.2649,1.2444,1.2239,1.2063,1.1906,1.172,1.1486,1.1271,1.1124,1.0978,1.0831,1.0694,1.0557,1.043,1.0332,1.0293,1.0323,1.0381,1.0469,1.0596,1.0762,1.1007,1.129,1.1486,1.1632,1.1799,1.1955,1.2102,1.2239,1.2395,1.2571,1.2786,1.3079,1.3646,1.4252,1.48,1.5601,1.7009,1.8837,2.0332,2.1261,2.2102,2.3548,2.5161,2.6393,2.7302,2.7947,2.8348,2.8573,2.8583,2.8397,2.8094,2.7732,2.7331,2.6882,2.6413,2.5934,2.5445,2.4966,2.4477,2.3988,2.3509,2.303,2.2551,2.2121,2.1711,2.1261,2.0792,2.0283,1.9746,1.9189,1.8602,1.8006,1.7429,1.6882,1.0987,1.1232,1.1476,1.1711,1.1926,1.2141,1.2346,1.2551,1.2737,1.2903,1.3069,1.3265,1.3519,1.3881,1.4399,1.5112,1.6061,1.7048,1.8133,1.9511,2.1105,2.2805,2.4516,2.6149,2.7615,2.8866,2.9883,3.0645,3.1144,3.1349,3.1349,3.1251,3.1036,3.0694,3.0244,2.9736,2.9179,2.8612,2.8045,2.7488,2.695,2.6422,2.5934,2.5474,2.5015,2.4575,2.4135,2.3695,2.3255,2.2786,2.2111,2.131,2.0645,2.0059,1.957,1.9159,1.8759,1.8387,1.8065,1.7781,1.7537,1.7341,1.7195,1.7087,1.7009,1.696,1.6931,1.6921,1.6911,1.6891,1.6852,1.6813,1.6755,1.6686,1.6588,1.6471,1.6325,1.6168,1.5992,1.5836,1.567,1.5464,1.5249,1.5044,1.4839,1.4633,1.4409,1.4184,1.3959,1.3734,1.3509,1.3284,1.3089,1.2923,1.2737,1.2542,1.2346,1.2141,1.1945,1.1769,1.1584,1.1388,1.1183,1.0978,1.0841,1.0733,1.0606,1.0479,1.0352,1.0244,1.0156,1.0098,1.0078,1.0098,1.0166,1.0283,1.045,1.0626,1.0821,1.1036,1.1261,1.1486,1.1701,1.1916,1.218,1.2522,1.2972,1.3568,1.433,1.5122,1.6012,1.7185,1.8553,2.0039,2.1564,2.306,2.4457,2.5699,2.6735,2.7527,2.8084,2.8387,2.8495,2.8485,2.8368,2.8133,2.7801,2.741,2.6979,2.654,2.609,2.564,2.521,2.478,2.437,2.3988,2.3597,2.3196,2.2786,2.2346,2.1877,2.1369,2.0831,2.0254,1.9638,1.8993,1.8416,1.7869,1.7253,1.6628,1.6031,1.5464,1.4966,1.4536,1.4194,1.3939,1.3773,1.3705,1.3724,1.3793,1.3891,1.4018,1.4184,1.437,1.4545,1.4712,1.4848,1.4956,1.5024,1.5073,1.5103,1.5103,1.5093,1.5064,1.5005,1.4927,1.4829,1.4712,1.4585,1.4438,1.4262,1.4086,1.391,1.3734,1.3587,1.3441,1.3265,1.306,1.2854,1.2659,1.2473,1.2278,1.2082,1.1906,1.1711,1.1496,1.1329,1.1193,1.1036,1.088,1.0733,1.0606,1.0508,1.044,1.0411,1.0411,1.045,1.0538,1.0655,1.0802,1.0978,1.1183,1.1398,1.1623,1.1818,1.1994,1.219,1.2395,1.263,1.2923,1.3324,1.3773,1.4311,1.5064,1.6041,1.7234,1.8602,2.0078,2.1603,2.3128,2.4575,2.5894,2.7038,2.7967,2.8583,2.8944,2.9189,2.9267,2.9189,2.8974,2.8631,2.8201,2.7713,2.7185,2.6637,2.6109,2.564,2.5191,2.4741,2.4321,2.393,2.3558,2.3177,2.2786,2.2366,2.1906,2.1408,2.086,2.0274,1.9726,1.9189,1.8583,1.7957,1.7331,1.6725,1.6139,1.5611,1.5152,1.478,1.4506,1.4321,1.4233,1.4203,1.4233,1.4311,1.4438,1.4604,1.478,1.4956,1.5112,1.5239,1.5337,1.5406,1.5445,1.5464,1.5455,1.5445,1.5415,1.5318,1.5191,1.5054,1.4917,1.4761,1.4594,1.4428,1.4242,1.4096,1.3978,1.3832,1.3666,1.35,1.3324,1.3148,1.2972,1.2786,1.259,1.2385,1.218,1.1984,1.1857,1.176,1.1632,1.1486,1.1339,1.1202,1.1056,1.0929,1.0821,1.0733,1.0694,1.0704,1.0762,1.085,1.0968,1.1114,1.1281,1.1476,1.1691,1.1896,1.2092,1.2278,1.2454,1.2639,1.2825,1.303,1.3304,1.3695,1.4242,1.4976,1.5904,1.7028,1.8358,1.9834,2.1378,2.2942,2.4457,2.567,2.6647,2.7605,2.8426,2.9062,2.9501,2.9746,2.9814,2.9726,2.9511,2.9189,2.8798,2.8358,2.7889,2.738,2.6862,2.6344,2.5846,2.5357,2.4888,2.4428,2.3988,2.3558,2.3128,2.2669,2.2229,2.1779,2.1261,2.0674,2.0039,1.9374,1.868,1.7986,1.7312,1.6667,1.6061,1.5503,1.5073,1.4741,1.4438,1.4194,1.4037,1.3959,1.3959,1.4008,1.4096,1.4213,1.435,1.4497,1.4643,1.477,1.4897,1.5015,1.5103,1.5142,1.5142,1.5132,1.5103,1.5064,1.5005,1.4946,1.4868,1.48,1.4721,1.4614,1.4477,1.4311,1.4135,1.3959,1.3783,1.3607,1.3431,1.3255,1.3089,1.2923,1.2786,1.2659,1.2493,1.2307,1.2111,1.1926,1.175,1.1564,1.1369,1.1173,1.0997,1.0841,1.0753,1.0714,1.0674,1.0665,1.0684,1.0743,1.0821,1.0909,1.1007,1.1124,1.1261,1.1417,1.1584,1.174,1.1887,1.2033,1.2199,1.2414,1.2717,1.3157,1.3773,1.4604,1.565,1.6901,1.8319,1.9638,2.0909,2.2375,2.39,2.5367,2.6696,2.783,2.8729,2.9384,2.9795,2.9971,2.9932,2.9717,2.9394,2.8983,2.8495,2.7967,2.74,2.6823,2.6256,2.5699,2.5181,2.4692,2.4223,2.3763,2.3324,2.2903,2.2454,2.1975,2.1457,2.0899,2.0313,1.9697,1.9071,1.8436,1.783,1.7253,1.6706,1.6276,1.5924,1.5582,1.5288,1.5054,1.4868,1.4731,1.4653,1.4614,1.4604,1.4624,1.4673,1.4751,1.4858,1.4966,1.5064,1.5142,1.52,1.5249,1.5269,1.5259,1.5239,1.521,1.5171,1.5112,1.5064,1.4995,1.4878,1.4721,1.4526,1.4311,1.4076,1.3842,1.3597,1.3353,1.3099,1.2835,1.261,1.2414,1.218,1.1945,1.1701,1.1457,1.1212,1.0987,1.0792,1.0489,1.0147,0.99316,0.9824,0.97849,0.97752,0.97947,0.98534,0.99511,1.0088,1.0264,1.0479,1.0733,1.1007,1.129,1.1574,1.1838,1.2092,1.2326,1.2532,1.2717,1.2923,1.3157,1.3451,1.3871,1.4448,1.52,1.6168,1.7155,1.8221,1.958,2.1114,2.2737,2.436,2.5894,2.7292,2.8495,2.9462,3.0176,3.0626,3.0841,3.0831,3.0655,3.0371,2.999,2.955,2.9071,2.8573,2.8074,2.7576,2.7087,2.6608,2.6129,2.5679,2.5259,2.4839,2.4418,2.3988,2.3548,2.3089,2.26,2.2072,2.1505,2.0909,2.0274,1.9629,1.9052,1.8534,1.7996,1.7478,1.7009,1.6598,1.6246,1.5963,1.5767,1.564,1.5582,1.5572,1.5601,1.565,1.5709,1.5777,1.5846,1.5914,1.5973,1.6002,1.5992,1.5934,1.5836,1.5709,1.5562,1.5425,1.5279,1.5103,1.4907,1.4702,1.4497,1.4282,1.4066,1.3851,1.3636,1.3421,1.3196,1.3011,1.2835,1.263,1.2424,1.2209,1.1994,1.1779,1.1574,1.1388,1.1202,1.1017,1.0841,1.0665,1.0528,1.042,1.0293,1.0166,1.0049,0.99511,0.98729,0.98045,0.97654,0.97556,0.98045,0.9912,1.0059,1.0215,1.0381,1.0567,1.0772,1.0997,1.1202,1.1398,1.1593,1.1799,1.2033,1.2317,1.2698,1.3128,1.3656,1.4418,1.5406,1.6628,1.8035,1.958,2.1202,2.2835,2.4409,2.5855,2.7116,2.8025,2.8661,2.9189,2.9541,2.9697,2.9648,2.9433,2.9091,2.8651,2.8133,2.7595,2.7058,2.653,2.6031,2.5572,2.5142,2.4731,2.433,2.3939,2.3548,2.3118,2.2659,2.216,2.1613,2.1026,2.0479,1.9922,1.9286,1.8612,1.7908,1.7214,1.6559,1.5934,1.5367,1.4868,1.4438,1.4086,1.3812,1.3646,1.3578,1.3558,1.3587,1.3666,1.3773,1.391,1.4066,1.4223,1.4379,1.4506,1.4604,1.4663,1.4692,1.4692,1.4673,1.4633,1.4585,1.4516,1.4418,1.4301,1.4154,1.3969,1.3783,1.3597,1.3451,1.3324,1.3167,1.3001,1.2825,1.2639,1.2454,1.2258,1.2063,1.1867,1.1662,1.1476,1.1349,1.1241,1.1105,1.0958,1.0811,1.0665,1.0518,1.0391,1.0283,1.0205,1.0156,1.0147,1.0186,1.0254,1.0332,1.044,1.0587,1.0762,1.0978,1.1202,1.1427,1.1632,1.1828,1.2023,1.2229,1.2434,1.2698,1.3079,1.3607,1.4311,1.52,1.6295,1.7576,1.9003,2.0508,2.2033,2.3509,2.4682,2.5611,2.65,2.7263,2.784,2.8221,2.8407,2.8426,2.8309,2.8084,2.7771,2.739,2.696,2.652,2.608,2.5611,2.5152,2.4682,2.4223,2.3783,2.3353,2.2933,2.2522,2.2092,2.1642,2.1212,2.0772,2.0264,1.9697,1.9091,1.8465,1.784,1.7214,1.6598,1.6022,1.5484,1.4995,1.4565,1.4242,1.3998,1.3783,1.3627,1.3539,1.3509,1.3529,1.3587,1.3675,1.3793,1.39,1.3998,1.4096,1.4184,1.4262,1.433,1.4389,1.4428,1.4448,1.4438,1.4399,1.434,1.4252,1.4145,1.4027,1.392,1.3822,1.3685,1.3539,1.3382,1.3216,1.303,1.2835,1.2639,1.2434,1.2239,1.2043,1.1896,1.1769,1.1613,1.1447,1.1281,1.1114,1.0958,1.0802,1.0665,1.0547,1.044,1.0352,1.0274,1.0244,1.0254,1.0274,1.0342,1.044,1.0567,1.0714,1.087,1.1036,1.1222,1.1408,1.1574,1.172,1.1877,1.2043,1.2209,1.2385,1.259,1.2874,1.3265,1.3793,1.4497,1.5406,1.651,1.7791,1.8983,2.0166,2.1554,2.2981,2.436,2.5601,2.6657,2.7498,2.8133,2.8553,2.8768,2.8798,2.8671,2.8446,2.8143,2.7771,2.7341,2.6882,2.6393,2.5894,2.5406,2.4927,2.4457,2.3988,2.3519,2.3089,2.2669,2.2239,2.1789,2.13,2.0772,2.0205,1.9589,1.8925,1.8231,1.7546,1.6872,1.6305,1.5816,1.5327,1.4858,1.4418,1.4057,1.3763,1.3548,1.3431,1.3392,1.3441,1.3558,1.3715,1.3871,1.4037,1.4213,1.437,1.4506,1.4633,1.4721,1.479,1.4829,1.4839,3.1896,3.1505,3.1075,3.0616,3.0147,2.9677,2.912,2.8641,2.8299,2.7908,2.7488,2.7058,2.6598,2.6109,2.5591,2.5024,2.4418,2.3773,2.3089,2.2444,2.1828,2.1153,2.0469,1.9814,1.9179,1.8592,1.8074,1.7644,1.7292,1.7019,1.6823,1.6706,1.6657,1.6647,1.6686,1.6774,1.6891,1.7019,1.7136,1.7243,1.7331,1.74,1.7429,1.7419,1.738,1.7322,1.7234,1.7126,1.7009,1.6882,1.6735,1.6579,1.6413,1.6256,1.609,1.5904,1.5748,1.5591,1.5406,1.52,1.4966,1.4721,1.4457,1.4184,1.391,1.3636,1.3372,1.3118,1.2913,1.2737,1.2512,1.2268,1.2023,1.1779,1.1535,1.131,1.1105,1.0929,1.0792,1.0694,1.0626,1.0635,1.0694,1.0762,1.087,1.1007,1.1163,1.1339,1.1535,1.175,1.2004,1.2336,1.2776,1.3265,1.3881,1.4741,1.5826,1.7116,1.8612,2.0264,2.2014,2.3793,2.5523,2.7146,2.8612,2.9873,3.0762,3.1378,3.1877,3.2209,3.2346,3.2307,3.2121,3.1808,3.1417,3.0978,3.0499,3,2.8925,2.7595,2.6706,2.6061,2.5533,2.5064,2.4633,2.4213,2.3783,2.3333,2.2854,2.2317,2.172,2.1153,2.0596,1.9961,1.911,1.8348,1.7801,1.7214,1.6637,1.607,1.5533,1.5054,1.4643,1.435,1.4154,1.4008,1.392,1.39,1.3939,1.4027,1.4145,1.4282,1.4428,1.4575,1.4721,1.4848,1.4956,1.5034,1.5083,1.5112,1.5122,1.5122,1.5093,1.5034,1.4946,1.4839,1.4712,1.4565,1.4448,1.434,1.4203,1.4047,1.3881,1.3715,1.3539,1.3353,1.3167,1.2972,1.2786,1.26,1.2414,1.2268,1.2141,1.1984,1.1808,1.1632,1.1457,1.129,1.1114,1.0968,1.085,1.0782,1.0762,1.0792,1.089,1.0997,1.1095,1.1232,1.1388,1.1554,1.173,1.1935,1.2151,1.2385,1.2649,1.2991,1.3372,1.3822,1.4457,1.563,1.6843,1.782,1.9091,2.0557,2.2111,2.3685,2.5191,2.6559,2.7625,2.8436,2.9189,2.9844,3.0293,3.0499,3.0518,3.0362,3.0068,2.9687,2.9228,2.8719,2.8065,2.7361,2.6882,2.6403,2.5816,2.5308,2.4936,2.4536,2.3998,2.349,2.2972,2.2414,2.1887,2.1535,2.1017,2.0225,1.9462,1.8719,1.8006,1.7322,1.6823,1.6276,1.5591,1.5034,1.4585,1.4262,1.4047,1.3881,1.3773,1.3734,1.3754,1.3822,1.391,1.4018,1.4115,1.4203,1.4291,1.4379,1.4467,1.4536,1.4585,1.4624,1.4653,1.4663,1.4633,1.4575,1.4497,1.4389,1.4272,1.4135,1.4018,1.391,1.3744,1.3558,1.3353,1.3118,1.2874,1.263,1.2405,1.2199,1.2014,1.1828,1.1691,1.1584,1.1437,1.1281,1.1095,1.0919,1.0753,1.0606,1.0469,1.0352,1.0244,1.0166,1.0137,1.0156,1.0176,1.0225,1.0303,1.043,1.0587,1.0762,1.0948,1.1134,1.131,1.1486,1.1672,1.1867,1.2102,1.2414,1.2845,1.3421,1.4194,1.5161,1.6325,1.7654,1.913,2.0704,2.2307,2.3666,2.4839,2.6041,2.7155,2.8084,2.8817,2.9345,2.9668,2.9785,2.9726,2.9541,2.9257,2.8905,2.8524,2.8123,2.7703,2.7273,2.6823,2.6354,2.5875,2.5396,2.4907,2.4409,2.3871,2.3314,2.2786,2.2258,2.1662,2.1007,2.0313,1.9589,1.8837,1.8065,1.7292,1.654,1.5797,1.5103,1.4487,1.4008,1.3636,1.3324,1.3089,1.2942,1.2884,1.2874,1.2923,1.303,1.3187,1.3372,1.3568,1.3763,1.3949,1.4135,1.4301,1.4448,1.4565,1.4663,1.4731,1.4761,1.4761,1.4731,1.4682,1.4604,1.4536,1.4457,1.434,1.4203,1.4047,1.3871,1.3666,1.3441,1.3206,1.2952,1.2698,1.2434,1.2219,1.2023,1.1799,1.1564,1.132,1.1075,1.0841,1.0616,1.0401,1.0196,1,0.98338,0.96872,0.9609,0.95699,0.95308,0.95112,0.95308,0.95699,0.96481,0.97458,0.98534,0.99804,1.0117,1.0264,1.043,1.0596,1.0762,1.0958,1.1212,1.1554,1.2014,1.2639,1.347,1.4536,1.5836,1.7351,1.9042,2.0567,2.1994,2.3587,2.5181,2.6647,2.7928,2.8974,2.9756,3.0283,3.0567,3.0635,3.0528,3.0283,2.9932,2.9501,2.9022,2.8524,2.8016,2.7498,2.6979,2.6461,2.5963,2.5474,2.4995,2.4536,2.4106,2.3685,2.3245,2.2796,2.2336,2.1867,2.1388,2.0899,2.042,1.9951,1.9482,1.9042,1.8671,1.8358,1.8045,1.7761,1.7517,1.7322,1.7175,1.7067,1.6999,1.696,1.696,1.6979,1.7019,1.7058,1.7097,1.7146,1.7185,1.7195,1.7175,1.7116,1.7019,1.6882,1.6725,1.654,1.6334,1.6139,1.5953,1.5718,1.5455,1.5161,1.4858,1.4545,1.4223,1.39,1.3578,1.3265,1.2952,1.2688,1.2454,1.2199,1.1935,1.1681,1.1447,1.1241,1.1056,1.0899,1.0772,1.0674,1.0616,1.0587,1.0616,1.0684,1.0762,1.087,1.1007,1.1173,1.1369,1.1574,1.1799,1.2043,1.2268,1.2483,1.2678,1.2854,1.3011,1.3148,1.3304,1.35,1.3793,1.4213,1.4809,1.5601,1.6618,1.7849,1.9277,2.0596,2.1887,2.3363,2.4878,2.6315,2.7595,2.8661,2.9501,3.0117,3.0499,3.0674,3.0674,3.0518,3.0254,2.9902,2.9482,2.9013,2.8524,2.8016,2.7507,2.6989,2.6481,2.5982,2.5513,2.5054,2.4633,2.4223,2.3783,2.3304,2.2805,2.2268,2.1691,2.1075,2.042,1.9756,1.9081,1.8416,1.7849,1.7361,1.6862,1.6393,1.5992,1.567,1.5425,1.5249,1.5142,1.5093,1.5083,1.5112,1.5181,1.5249,1.5327,1.5406,1.5474,1.5533,1.5582,1.5601,1.5601,1.5582,1.5533,1.5455,1.5347,1.5239,1.5122,1.4976,1.48,1.4614,1.4428,1.4252,1.4076,1.3881,1.3666,1.3441,1.3206,1.2962,1.2845,1.2796,1.2669,1.2483,1.2268,1.2033,1.1799,1.1574,1.1349,1.1134,1.0929,1.0723,1.0567,1.045,1.0323,1.0196,1.0078,0.99902,0.99316,0.99218,0.99511,1.002,1.0137,1.0274,1.042,1.0587,1.0762,1.0948,1.1134,1.1329,1.1554,1.1828,1.217,1.2639,1.3255,1.4037,1.5024,1.6012,1.7067,1.8387,1.9863,2.1417,2.2981,2.4497,2.5865,2.7058,2.8025,2.8749,2.9247,2.9531,2.9599,2.9501,2.9296,2.9003,2.8622,2.8182,2.7703,2.7204,2.6706,2.6227,2.5777,2.5347,2.4946,2.4555,2.4154,2.3744,2.3304,2.2835,2.2317,2.175,2.1144,2.0499,1.9814,1.911,1.8397,1.7771,1.7204,1.6588,1.5973,1.5396,1.4878,1.4428,1.4057,1.3793,1.3617,1.3529,1.3529,1.3578,1.3675,1.3812,1.3969,1.4145,1.4321,1.4497,1.4663,1.4809,1.4927,1.5005,1.5044,1.5054,1.5054,1.5054,1.5034,1.4995,1.4936,1.4848,1.4731,1.4594,1.4438,1.4282,1.4115,1.3939,1.3793,1.3666,1.3509,1.3333,1.3128,1.2913,1.2708,1.2502,1.2297,1.2102,1.1916,1.174,1.1613,1.1505,1.1359,1.1212,1.1085,1.0968,1.086,1.0762,1.0694,1.0665,1.0674,1.0723,1.0811,1.0929,1.1065,1.1222,1.1388,1.1554,1.172,1.1887,1.2072,1.2307,1.262,1.305,1.3607,1.4213,1.4927,1.5904,1.7097,1.8465,1.9971,2.1535,2.3099,2.4604,2.5982,2.7185,2.8182,2.8954,2.9443,2.9717,2.9883,2.9922,2.9814,2.958,2.9247,2.8847,2.8387,2.7898,2.739,2.6882,2.6403,2.5963,2.5523,2.5093,2.4673,2.4252,2.3822,2.3372,2.2903,2.2395,2.1857,2.1281,2.0674,2.0108,1.956,1.8954,1.8319,1.7703,1.7097,1.653,1.6002,1.5543,1.5142,1.4819,1.4575,1.4428,1.436,1.433,1.433,1.437,1.4428,1.4506,1.4594,1.4673,1.4751,1.4829,1.4897,1.4946,1.4985,1.5015,1.5024,1.5005,1.4956,1.4878,1.478,1.4663,1.4536,1.4389,1.4233,1.4086,1.3959,1.3851,1.3715,1.3558,1.3392,1.3216,1.3021,1.2815,1.261,1.2395,1.218,1.1975,1.1789,1.1642,1.1515,1.1359,1.1183,1.0987,1.0802,1.0626,1.0459,1.0323,1.0205,1.0127,1.0078,1.0088,1.0137,1.0196,1.0283,1.0401,1.0538,1.0684,1.087,1.1075,1.1271,1.1466,1.1691,1.1984,1.2317,1.2737,1.3333,1.4135,1.5152,1.6373,1.7781,1.9326,2.0948,2.2571,2.4135,2.5572,2.6667,2.7498,2.827,2.8886,2.9296,2.9501,2.9521,2.9374,2.9101,2.8729,2.8299,2.781,2.7302,2.6813,2.6344,2.5865,2.5396,2.4936,2.4487,2.4037,2.3597,2.3167,2.2737,2.2287,2.1808,2.1349,2.088,2.0323,1.9717,1.9091,1.8475,1.7869,1.7312,1.6813,1.6354,1.5953,1.5621,1.5347,1.5161,1.5034,1.4927,1.4858,1.4829,1.4829,1.4858,1.4917,1.5005,1.5103,1.521,1.5308,1.5406,1.5494,1.5562,1.5621,1.567,1.5689,1.567,1.5621,1.5533,1.5415,1.5269,1.5093,1.4888,1.4712,1.4545,1.433,1.4096,1.3842,1.3568,1.3294,1.303,1.2766,1.2502,1.2248,1.2004,1.1818,1.1672,1.1505,1.1349,1.1222,1.1105,1.1007,1.0938,1.089,1.088,1.0909,1.0978,1.1085,1.1212,1.1359,1.1525,1.1691,1.1867,1.2033,1.219,1.2346,1.2502,1.2639,1.2747,1.2864,1.2981,1.3118,1.3324,1.3636,1.4086,1.4721,1.5562,1.6628,1.7898,1.9345,2.0929,2.2571,2.3969,2.5191,2.6471,2.7644,2.8631,2.9404,2.9941,3.0264,3.0391,3.0342,3.0147,2.9853,2.9472,2.9062,2.8631,2.8182,2.7713,2.7253,2.6804,2.6383,2.5982,2.5601,2.522,2.4839,2.4448,2.4066,2.3675,2.3236,2.2757,2.2239,2.1681,2.1114,2.0557,2.002,1.9521,1.9081,1.87,1.8377,1.8143,1.7957,1.7791,1.7664,1.7566,1.7488,1.7439,1.7419,1.739,1.7351,1.7312,1.7253,1.7185,1.7116,1.7019,1.6901,1.6784,1.6647,1.6491,1.6305,1.6109,1.5904,1.5679,1.5445,1.522,1.5034,1.4848,1.4624,1.4389,1.4145,1.39,1.3666,1.3431,1.3206,1.2981,1.2766,1.2532,1.2346,1.218,1.1984,1.1769,1.1554,1.1349,1.1144,1.0938,1.0743,1.0567,1.042,1.0283,1.0147,1.0068,1.0039,1.001,1.001,1.0039,1.0108,1.0225,1.0381,1.0557,1.0753,1.0948,1.1144,1.1329,1.1505,1.1691,1.1896,1.2151,1.2483,1.2933,1.3539,1.433,1.5318,1.651,1.7859,1.9335,2.0665,2.1906,2.3265,2.4604,2.5846,2.6921,2.781,2.8475,2.8935,2.9189,2.9247,2.915,2.8935,2.8485,2.7908,2.737,2.6852,2.6344,2.5846,2.5367,2.4907,2.4477,2.4076,2.3685,2.3314,2.2962,2.261,2.2219,2.1789,2.131,2.0792,2.0225,1.9619,1.8983,1.8328,1.7664,1.7019,1.6471,1.5992,1.5494,1.5024,1.4594,1.4252,1.3988,1.3812,1.3715,1.3695,1.3744,1.3842,1.3978,1.4125,1.4272,1.4418,1.4565,1.4702,1.4829,1.4936,1.5005,1.5044,1.5044,1.5034,1.5005,1.4976,1.4936,1.4868,1.478,1.4673,1.4545,1.4409,1.4272,1.4125,1.3969,1.3793,1.3617,1.348,1.3353,1.3196,1.3021,1.2835,1.2639,1.2434,1.2229,1.2023,1.1828,1.1632,1.1447,1.1271,1.1153,1.1065,1.0948,1.0831,1.0723,1.0645,1.0606,1.0606,1.0655,1.0743,1.087,1.1026,1.1193,1.1359,1.1525,1.1701,1.1867,1.2033,1.2219,1.2444,1.2727,1.3128,1.3675,1.4399,1.5318,1.6256,1.7263,1.8534,1.9961,2.1457,2.2952,2.437,2.565,2.6745,2.7634,2.8309,2.8759,2.8964,2.8983,2.8895,2.87,2.8407,2.8045,2.7644,2.7224,2.6794,2.6383,2.5982,2.5611,2.5259,2.4936,2.4624,2.4301,2.3959,2.3587,2.3187,2.2747,2.2258,2.173,2.1153,2.0528,1.9863,1.9257,1.868,1.8045,1.74,1.6784,1.6197,1.567,1.52,1.4809,1.4506,1.4291,1.4164,1.4115,1.4135,1.4203,1.4311,1.4448,1.4604,1.477,1.4927,1.5054,1.5171,1.5259,1.5327,1.5376,1.5406,1.5415,1.5396,1.5357,1.5288,1.5191,1.5083,1.4966,1.4829,1.4663,1.4477,1.4282,1.4086,1.393,1.3793,1.3627,1.3451,1.3265,1.3069,1.2864,1.2669,1.2473,1.2278,1.2102,1.1935,1.1818,1.173,1.1613,1.1486,1.1369,1.1261,1.1153,1.1065,1.1007,1.0968,1.0958,1.0987,1.1046,1.1144,1.1271,1.1427,1.1584,1.176,1.1926,1.2082,1.2248,1.2434,1.2649,1.2923,1.3294,1.3705,1.4203,1.4917,1.5836,1.694,1.8221,1.9638,2.1114,2.259,2.4018,2.5327,2.6461,2.74,2.8035,2.8436,2.8739,2.8915,2.8954,2.8866,2.868,2.8407,2.8055,2.7664,2.7253,2.6823,2.6403,2.6002,2.5611,2.522,2.4839,2.4467,2.4096,2.3705,2.3284,2.2835,2.2336,2.1808,2.1232,2.0694,2.0147,1.9531,1.8886,1.824,1.7605,1.6979,1.6344,1.5718,1.5171,1.4712,1.434,1.4086,1.392,1.3793,1.3734,1.3734,1.3773,1.3851,1.3939,1.4027,1.4115,1.4194,1.4262,1.4311,1.435,1.4389,1.4399,1.4389,1.436,1.4311,1.4242,1.4154,1.4057,1.3949,1.3842,1.3724,1.3617,1.3519,1.3392,1.3236,1.3079,1.2903,1.2727,1.2542,1.2346,1.2141,1.1935,1.175,1.1613,1.1496,1.1339,1.1173,1.0997,1.0831,1.0665,1.0508,1.0371,1.0235,1.0108,1,0.9912,0.98729,0.98827,0.98925,0.99218,0.99707,1.0059,1.0176,1.0313,1.0459,1.0626,1.0792,1.0948,1.1124,1.131,1.1525,1.1808,1.2209,1.2757,1.348,1.4399,1.5523,1.6852,1.8358,1.998,2.1652,2.3079,2.434,2.566,2.6891,2.7947,2.8798,2.9423,2.9824,3.002,3.0039,2.9892,2.9619,2.9267,2.8856,2.8407,2.7918,2.741,2.6891,2.6383,2.5904,2.5455,2.5005,2.4565,2.4135,2.3695,2.3275,2.2845,2.2336,2.1779,2.1173,2.0538,1.9863,1.9179,1.8504,1.7849,1.7243,1.6706,1.6276,1.5934,1.5621,1.5357,1.5142,1.4985,1.4878,1.4829,1.4819,1.4839,1.4888,1.4966,1.5064,1.5171,1.5269,1.5376,1.5484,1.5572,1.566,1.5738,1.5816,1.5894,1.5982,1.608,1.6207,1.6334,1.6481,1.6686,1.6931,1.7195,1.7458,1.7703,1.7928,1.8143,1.8348,1.8534,1.8719,1.8876,1.8993,1.9091,1.9198,1.9306,1.9433,1.957,1.9717,1.9883,2.0049,2.0205,2.0342,2.045,2.0518,2.0606,2.0792,2.1124,2.1632,2.2346,2.3304,2.4497,2.5894,2.7439,2.9052,3.0645,3.2141,3.3275,3.4145,3.4985,3.5689,3.6217,3.6549,3.6696,3.6686,3.6569,3.6413,3.6276,3.6227,3.6207,3.6266,3.6549,3.6999,3.7527,3.8065,3.8504,3.8788,3.8895,3.8827,3.8622,3.8338,3.8045,3.7732,3.7439,3.7224,3.7048,3.6882,3.6686,3.6432,3.609,3.567,3.5181,3.4643,3.4106,3.3578,3.305,3.2522,3.1984,3.1417,3.0782,3.0068,2.9277,2.8416,2.7498,2.653,2.5513,2.4467,2.3519,2.2639,2.1691,2.0743,1.9834,1.8993,1.824,1.7586,1.7019,1.653,1.61,1.5718,1.5415,1.5161,1.4888,1.4624,1.4379,1.4164,1.3988,1.3842,1.3705,1.3558,1.3402,1.3226,1.306,1.2893,1.2532,1.2092,1.1769,1.1505,1.1271,1.1026,1.0723,1.0313,0.97556,0.9042,0.81818,0.73705,0.65885,0.56989,0.4868,0.41935,0.37146,0.34213,0.32845,0.32258,0.32063,0.31672,0.30792,0.30108,0.29228,0.2737,0.24829,0.22092,0.19355,0.16911,0.14858,0.13294,0.12121,0.11241,0.10557,0.10068,0.10459,0.11437,0.12414,0.13881,0.15934,0.18475,0.21505,0.24927,0.28739,0.3304,0.37928,0.435,0.49267,0.55621,0.63148,0.7175,0.81329,0.91789,1.0313,1.1515,1.2747,1.3978,1.5161,1.6266,1.7253,1.8006,1.8573,1.9071,1.9462,1.9736,1.9892,1.9951,1.9932,1.9853,1.9717,1.9531,1.9306,1.9081,1.8847,1.8612,1.8387,1.8172,1.7957,1.7752,1.7546,1.7341,1.7107,1.6833,1.651,1.6149,1.5797,1.5425,1.4985,1.4487,1.3969,1.3441,1.2933,1.2454,1.2014,1.1623,1.131,1.1085,1.0958,1.0899,1.089,1.0929,1.1017,1.1134,1.1261,1.1398,1.1535,1.1652,1.176,1.1857,1.1955,1.2043,1.2121,1.219,1.2248,1.2278,1.2297,1.2307,1.2307,1.2307,1.2297,1.2268,1.2229,1.219,1.2141,1.2063,1.1965,1.1857,1.173,1.1603,1.1466,1.1329,1.1193,1.1065,1.0929,1.0792,1.0694,1.0616,1.0508,1.0401,1.0293,1.0186,1.0078,0.99804,0.98925,0.9824,0.97752,0.97458,0.97654,0.98143,0.98729,0.99511,1.0049,1.0147,1.0254,1.0381,1.0508,1.0635,1.0762,1.0919,1.1114,1.1339,1.1623,1.2023,1.2561,1.3265,1.4135,1.5152,1.6276,1.7478,1.8729,1.9951,2.1105,2.2014,2.2747,2.3451,2.4047,2.4506,2.4809,2.4976,2.5024,2.4966,2.4809,2.4575,2.4291,2.3969,2.3627,2.3294,2.2962,2.2639,2.2336,2.2053,2.1789,2.1535,2.1281,2.1007,2.0704,2.0362,2.002,1.9648,1.9208,1.8719,1.8201,1.7654,1.7077,1.65,1.5934,1.5386,1.4888,1.4438,1.4047,1.3744,1.3519,1.3314,1.3157,1.305,1.2981,1.2962,1.2972,1.3001,1.306,1.3138,1.3216,1.3294,1.3372,1.3431,1.349,1.3529,1.3558,1.3558,1.3539,1.349,1.3441,1.3382,1.3314,1.3255,1.3196,1.3118,1.3021,1.2913,1.2796,1.2659,1.2512,1.2356,1.219,1.2014,1.1838,1.1662,1.1525,1.1398,1.1261,1.1114,1.0958,1.0811,1.0674,1.0538,1.2258,1.4927,1.6217,1.6823,1.7116,1.7253,1.7302,1.7331,1.7351,1.738,1.7429,1.7488,1.7556,1.7634,1.7722,1.781,1.7898,1.7986,1.8074,1.8182,1.8319,1.8504,1.8768,1.913,1.9599,2.0196,2.0919,2.174,2.2649,2.348,2.4262,2.5132,2.6022,2.6862,2.7615,2.825,2.8749,2.912,2.9355,2.9472,2.9482,2.9404,2.9257,2.9062,2.8837,2.8583,2.8309,2.8035,2.7761,2.7488,2.7224,2.696,2.6696,2.6432,2.6188,2.5943,2.5679,2.5386,2.5073,2.4741,2.4379,2.3998,2.3587,2.3157,2.2727,2.2297,2.1887,2.1544,2.1241,2.0938,2.0645,2.0381,2.0156,1.998,1.9853,1.9775,1.9736,1.9726,1.9746,1.9785,1.9834,1.9892,1.9961,2.0029,2.0088,2.0137,2.0176,2.0196,2.0196,2.0186,2.0156,2.0127,2.0098,2.0059,2,1.9932,1.9853,1.9765,1.9677,1.958,1.9472,1.9365,1.9257,1.915,1.9052,1.8974,1.8876,1.8768,1.8651,1.8534,1.8426,1.8309,1.8192,1.8084,1.7977,1.7879,1.7791,1.7732,1.7683,1.7625,1.7576,1.7527,1.7488,1.7468,1.7468,1.7498,1.7546,1.7605,1.7683,1.7781,1.7879,1.7967,1.8055,1.8133,1.8221,1.8328,1.8465,1.8641,1.8895,1.9247,1.9717,2.0313,2.0919,2.1574,2.2395,2.3333,2.4321,2.5298,2.6237,2.7087,2.783,2.8446,2.8925,2.9267,2.9453,2.9511,2.9511,2.9453,2.9345,2.9189,2.9003,2.8807,2.8592,2.8358,2.8123,2.7879,2.7625,2.739,2.7146,2.6891,2.6628,2.6354,2.6051,2.5728,2.5376,2.4995,2.4594,2.4164,2.3715,2.3314,2.2923,2.2493,2.2063,2.1652,2.1261,2.0909,2.0596,2.0332,2.0127,1.9971,1.9863,1.9804,1.9785,1.9795,1.9824,1.9863,1.9912,1.9971,2.0039,2.0098,2.0156,2.0205,2.0244,2.0274,2.0293,2.0303,2.0303,2.0283,2.0264,2.0225,2.0176,2.0117,2.0049,1.998,1.9892,1.9804,1.9736,1.9677,1.9589,1.9482,1.9355,1.9228,1.9101,1.8983,1.8866,1.8739,1.8622,1.8514,1.8397,1.8309,1.8221,1.8123,1.8025,1.7918,1.782,1.7732,1.7654,1.7595,1.7556,1.7537,1.7537,1.7566,1.7615,1.7674,1.7742,1.782,1.7898,1.7977,1.8055,1.8123,1.8201,1.8299,1.8416,1.8563,1.8729,1.8954,1.7859,1.6285,1.6119,1.6755,1.7898,1.9355,2.0997,2.2698,2.435,2.5894,2.7087,2.8025,2.8905,2.9629,3.0147,3.0469,3.0606,3.0567,3.0391,3.0108,2.9736,2.9306,2.8847,2.8387,2.7928,2.7458,2.6989,2.654,2.61,2.566,2.522,2.4761,2.4291,2.3803,2.3275,2.2776,2.2278,2.173,2.1153,2.0577,2.001,1.9453,1.8925,1.8426,1.7957,1.7546,1.7185,1.6862,1.6608,1.6413,1.6256,1.6129,1.6031,1.5973,1.5953,1.5953,1.5982,1.6041,1.61,1.6168,1.6227,1.6266,1.6285,1.6295,1.6285,1.6256,1.6207,1.6119,1.6002,1.5846,1.566,1.5464,1.5239,1.5034,1.4839,1.4585,1.4301,1.3998,1.3685,1.3372,1.305,1.2727,1.2414,1.2102,1.1808,1.1574,1.1388,1.1173,1.0948,1.0723,1.0508,1.0332,1.0186,1.0059,0.99707,0.99316,0.99316,0.99804,1.0078,1.0205,1.0342,1.0508,1.0694,1.0909,1.1124,1.132,1.1505,1.1672,1.1828,1.1965,1.2111,1.2258,1.2434,1.2688,1.306,1.3578,1.4301,1.523,1.6373,1.7713,1.9179,2.0733,2.2307,2.3636,2.479,2.5973,2.7058,2.7977,2.87,2.9208,2.9521,2.9648,2.9609,2.9443,2.9169,2.8827,2.8426,2.7986,2.7517,2.7038,2.6569,2.6109,2.567,2.5249,2.4839,2.4438,2.4047,2.3636,2.3245,2.2845,2.2395,2.1887,2.1339,2.0753,2.0147,1.9521,1.8886,1.825,1.7654,1.7097,1.6657,1.6305,1.5973,1.5699,1.5494,1.5337,1.5239,1.5181,1.5161,1.5181,1.521,1.5249,1.5279,1.5308,1.5327,1.5337,1.5337,1.5318,1.5269,1.5191,1.5083,1.4966,1.4839,1.4702,1.4545,1.4409,1.4272,1.4115,1.3939,1.3763,1.3597,1.3421,1.3245,1.3069,1.2874,1.2669,1.2473,1.2317,1.219,1.2023,1.1848,1.1662,1.1457,1.1251,1.1056,1.085,1.0655,1.0459,1.0283,1.0108,0.99902,0.99218,0.98338,0.97458,0.96872,0.96579,0.96872,0.97556,0.98631,1,1.0166,1.0342,1.0508,1.0674,1.0831,1.0997,1.1183,1.1417,1.173,1.216,1.2747,1.3519,1.4487,1.565,1.6979,1.8231,1.9453,2.087,2.2356,2.3812,2.5161,2.6354,2.737,2.8172,2.8749,2.912,2.9306,2.9306,2.9169,2.8935,2.8631,2.827,2.7859,2.7419,2.6979,2.654,2.5982,2.5376,2.4878,2.4428,2.4018,2.3617,2.3196,2.2747,2.2268,2.176,2.1232,2.0665,2.0059,1.9433,1.8788,1.8133,1.7576,1.7077,1.6549,1.6031,1.5552,1.5142,1.479,1.4506,1.4311,1.4184,1.4125,1.4135,1.4184,1.4252,1.434,1.4428,1.4506,1.4575,1.4643,1.4712,1.477,1.4809,1.4829,1.4829,1.4809,1.479,1.477,1.4721,1.4663,1.4594,1.4497,1.4379,1.4252,1.4115,1.3959,1.3793,1.3607,1.3421,1.3265,1.3118,1.2952,1.2766,1.2561,1.2346,1.2141,1.1935,1.173,1.1535,1.1359,1.1193,1.1075,1.0997,1.088,1.0753,1.0635,1.0518,1.042,1.0362,1.0342,1.0362,1.043,1.0538,1.0665,1.0821,1.0987,1.1153,1.132,1.1486,1.1652,1.1828,1.2023,1.2297,1.2669,1.3177,1.3842,1.4545,1.5337,1.6383,1.7625,1.9003,2.0469,2.1955,2.3382,2.4712,2.5885,2.6872,2.7654,2.8231,2.8543,2.8661,2.868,2.8583,2.8377,2.8084,2.7732,2.7341,2.6921,2.65,2.608,2.566,2.5259,2.4878,2.4506,2.4125,2.3734,2.3343,2.2923,2.2473,2.1994,2.1476,2.0919,2.0332,1.9785,1.9257,1.8671,1.8045,1.741,1.6794,1.6217,1.5689,1.522,1.4809,1.4467,1.4203,1.4008,1.39,1.3851,1.3842,1.3871,1.393,1.3998,1.4076,1.4145,1.4213,1.4272,1.4311,1.435,1.4379,1.4389,1.4379,1.435,1.4291,1.4213,1.4135,1.4047,1.3959,1.3861,1.3754,1.3636,1.3519,1.3441,1.3372,1.3275,1.3148,1.3011,1.2854,1.2688,1.2502,1.2307,1.2121,1.1935,1.176,1.1632,1.1525,1.1398,1.1261,1.1124,1.0987,1.085,1.0723,1.0616,1.0528,1.0469,1.044,1.044,1.0479,1.0557,1.0645,1.0753,1.088,1.1007,1.1144,1.1281,1.1427,1.1584,1.1769,1.2014,1.2307,1.2669,1.3187,1.3891,1.478,1.5846,1.7077,1.8436,1.9883,2.1349,2.2776,2.4115,2.5308,2.6188,2.6843,2.7439,2.7898,2.8201,2.8348,2.8338,2.8211,2.7977,2.7664,2.7292,2.6891,2.6481,2.6061,2.5621,2.5181,2.4761,2.435,2.3949,2.3548,2.3157,2.2757,2.2336,2.1887,2.1408,2.0938,2.0479,1.9941,1.9345,1.871,1.8055,1.741,1.6774,1.6168,1.5611,1.5112,1.4663,1.433,1.4086,1.3871,1.3685,1.3548,1.348,1.346,1.349,1.3548,1.3627,1.3715,1.3803,1.3891,1.3969,1.4037,1.4096,1.4145,1.4164,1.4174,1.4174,1.4164,1.4135,1.4096,1.4047,1.3978,1.392,1.3861,1.3763,1.3646,1.3509,1.3353,1.3187,1.3001,1.2805,1.261,1.2414,1.2219,1.2014,1.1857,1.173,1.1564,1.1378,1.1193,1.1017,1.0841,1.0665,1.0508,1.0371,1.0244,1.0127,1.0068,1.0049,1.0039,1.0039,1.0078,1.0156,1.0254,1.0371,1.0499,1.0635,1.0782,1.0929,1.1065,1.1212,1.1369,1.1564,1.1828,1.2199,1.2727,1.3441,1.437,1.5513,1.6862,1.8377,2.001,2.1447,2.2757,2.4164,2.5533,2.6764,2.781,2.8651,2.9257,2.9629,2.9814,2.9824,2.9677,2.9404,2.9052,2.8641,2.8182,2.7693,2.7195,2.6696,2.6207,2.5728,2.5279,2.4848,2.4428,2.4008,2.3617,2.3245,2.2845,2.2405,2.1916,2.1378,2.0802,2.0215,1.9619,1.9032,1.8485,1.7977,1.7566,1.7224,1.6901,1.6608,1.6344,1.6119,1.5934,1.5787,1.5689,1.563,1.5601,1.5611,1.563,1.566,1.5699,1.5748,1.5787,1.5816,1.5846,1.5865,1.5885,1.5885,1.5865,1.5826,1.5767,1.5709,1.564,1.5523,1.5376,1.52,1.5015,1.48,1.4555,1.4291,1.4018,1.3744,1.346,1.3167,1.2933,1.2727,1.2493,1.2258,1.2033,1.1808,1.1593,1.1388,1.1202,1.1026,1.087,1.0743,1.0674,1.0645,1.0616,1.0616,1.0645,1.0704,1.0782,1.088,1.0997,1.1114,1.1241,1.1378,1.1525,1.1662,1.1789,1.1906,1.2014,1.2141,1.2317,1.2561,1.2913,1.3402,1.4086,1.4976,1.609,1.7204,1.8358,1.9765,2.131,2.2893,2.4438,2.5855,2.7107,2.8162,2.8993,2.9589,2.9961,3.0147,3.0137,2.999,2.9756,2.9443,2.9071,2.8651,2.8192,2.7713,2.7224,2.6745,2.6285,2.5855,2.5464,2.5093,2.4712,2.4321,2.39,2.3441,2.2942,2.2405,2.1838,2.1232,2.0606,1.998,1.9374,1.8866,1.8416,1.7957,1.7537,1.7155,1.6833,1.6579,1.6383,1.6237,1.6129,1.6061,1.6012,1.5982,1.5973,1.5953,1.5934,1.5904,1.5846,1.5787,1.5709,1.563,1.5543,1.5435,1.5308,1.5161,1.5034,1.4917,1.4761,1.4575,1.4379,1.4184,1.3988,1.3793,1.3587,1.3372,1.3138,1.2903,1.2717,1.2551,1.2346,1.2131,1.1916,1.1701,1.1486,1.1281,1.1085,1.088,1.0684,1.0499,1.0323,1.0205,1.0108,0.99804,0.98534,0.97361,0.96383,0.95797,0.95601,0.95699,0.96188,0.9697,0.98045,0.99609,1.0147,1.0332,1.0528,1.0714,1.0899,1.1075,1.1251,1.1457,1.172,1.2072,1.2551,1.3196,1.39,1.4702,1.5767,1.7028,1.8436,1.9932,2.1427,2.2884,2.4233,2.5445,2.6471,2.7283,2.781,2.8133,2.8368,2.8475,2.8456,2.8319,2.8094,2.7801,2.7449,2.7067,2.6657,2.6246,2.5836,2.5464,1.6579,1.6628,1.6667,1.6676,1.6647,1.6588,1.65,1.6403,1.6295,1.6158,1.5982,1.5767,1.5533,1.5269,1.4985,1.4692,1.4389,1.4086,1.3793,1.3558,1.3353,1.3128,1.2893,1.2659,1.2424,1.2199,1.1975,1.176,1.1544,1.1349,1.1183,1.1046,1.0978,1.0958,1.0948,1.0958,1.0997,1.1056,1.1134,1.1232,1.1369,1.1515,1.1691,1.1867,1.2033,1.2199,1.2356,1.2522,1.2688,1.2874,1.3109,1.3421,1.3851,1.4418,1.5171,1.6109,1.7243,1.8348,1.9472,2.0802,2.2199,2.3597,2.4927,2.6129,2.7175,2.8025,2.869,2.915,2.9423,2.9521,2.9472,2.9345,2.914,2.8876,2.8563,2.8221,2.7879,2.7537,2.7185,2.6833,2.6491,2.6168,2.5855,2.5523,2.5171,2.48,2.4399,2.3978,2.3539,2.3079,2.261,2.2131,2.1652,2.1183,2.0772,2.0411,2.0039,1.9677,1.9345,1.9052,1.8798,1.8602,1.8446,1.8328,1.825,1.8192,1.8162,1.8152,1.8143,1.8123,1.8094,1.8055,1.8006,1.7937,1.7859,1.7771,1.7693,1.7595,1.7478,1.7361,1.7234,1.7077,1.6901,1.6716,1.65,1.6276,1.5973,1.5689,1.5474,1.5239,1.4985,1.4761,1.4555,1.4321,1.4066,1.3803,1.3539,1.3265,1.2991,1.2717,1.2444,1.218,1.1926,1.1701,1.1535,1.1398,1.1232,1.1065,1.0909,1.0772,1.0684,1.0645,1.0655,1.0714,1.0821,1.0948,1.1095,1.1261,1.1417,1.1574,1.174,1.1916,1.2121,1.2385,1.2737,1.3206,1.3832,1.4633,1.5611,1.6579,1.7576,1.8798,2.0147,2.1554,2.2933,2.4223,2.5376,2.6364,2.7175,2.7801,2.824,2.8475,2.8563,2.8583,2.8514,2.8368,2.8162,2.7898,2.7595,2.7253,2.6882,2.6491,2.61,2.5699,2.5327,2.4956,2.4555,2.4145,2.3715,2.3255,2.2786,2.2287,2.176,2.1202,2.0616,2.001,1.9482,1.8993,1.8465,1.7928,1.741,1.6931,1.651,1.6149,1.5855,1.564,1.5494,1.5406,1.5376,1.5396,1.5455,1.5552,1.567,1.5787,1.5885,1.5973,1.6041,1.61,1.6149,1.6178,1.6188,1.6188,1.6168,1.6119,1.6051,1.5982,1.5904,1.5728,1.5494,1.5318,1.5161,1.5005,1.4848,1.4673,1.4516,1.437,1.4194,1.3998,1.3783,1.3558,1.3333,1.3118,1.2903,1.2688,1.2424,1.2199,1.2092,1.1984,1.1828,1.1652,1.1486,1.132,1.1163,1.1046,1.0948,1.088,1.0841,1.085,1.089,1.0978,1.1105,1.1241,1.1388,1.1525,1.1662,1.1808,1.1984,1.219,1.2463,1.2825,1.3314,1.3861,1.4516,1.5406,1.6491,1.7722,1.9081,2.0508,2.1955,2.3372,2.4702,2.5924,2.6989,2.7752,2.8299,2.8778,2.911,2.9296,2.9335,2.9257,2.9071,2.8817,2.8514,2.8162,2.781,2.7458,2.7136,2.6823,2.651,2.6197,2.5885,2.5562,2.521,2.4829,2.4399,2.393,2.3421,2.2864,2.2326,2.1789,2.1163,2.0489,1.9785,1.9081,1.8397,1.7742,1.7136,1.6598,1.6139,1.5758,1.5445,1.5239,1.5103,1.4995,1.4946,1.4946,1.5005,1.5103,1.522,1.5357,1.5513,1.565,1.5767,1.5875,1.5953,1.6012,1.6051,1.607,1.607,1.6051,1.6012,1.5963,1.5885,1.5787,1.5679,1.5562,1.5455,1.5337,1.5181,1.5005,1.4819,1.4614,1.4409,1.4203,1.3998,1.3793,1.3578,1.3363,1.3196,1.306,1.2884,1.2688,1.2493,1.2297,1.2102,1.1906,1.172,1.1564,1.1427,1.131,1.1232,1.1222,1.1281,1.1359,1.1417,1.1496,1.1603,1.173,1.1857,1.1994,1.2121,1.2258,1.2444,1.2678,1.2981,1.3412,1.4008,1.48,1.5787,1.694,1.826,1.9697,2.1193,2.2698,2.4154,2.5513,2.6579,2.741,2.8201,2.8866,2.9384,2.9736,2.9932,2.999,2.9932,2.9775,2.9541,2.9267,2.8944,2.8602,2.824,2.7869,2.7507,2.7146,2.6774,2.6393,2.6002,2.5601,2.5161,2.4682,2.4154,2.3636,2.3109,2.2493,2.1828,2.1105,2.0352,1.9599,1.8866,1.8152,1.7488,1.6872,1.6325,1.5885,1.5543,1.522,1.4966,1.479,1.4692,1.4673,1.4712,1.48,1.4927,1.5073,1.523,1.5386,1.5523,1.564,1.5748,1.5855,1.5943,1.6002,1.6012,1.5982,1.5924,1.5836,1.5738,1.5621,1.5513,1.5425,1.5298,1.5132,1.4936,1.4731,1.4516,1.4311,1.4106,1.3881,1.3646,1.3412,1.3177,1.2972,1.2786,1.2561,1.2336,1.2111,1.1896,1.1701,1.1505,1.1329,1.1163,1.1007,1.086,1.0606,1.0323,1.0147,1.0049,1,1.001,1.0059,1.0156,1.0293,1.045,1.0616,1.0762,1.0929,1.1105,1.13,1.1515,1.1789,1.2336,1.2923,1.3451,1.4242,1.5279,1.6549,1.8016,1.9629,2.1085,2.2444,2.3959,2.5464,2.6872,2.8133,2.9198,3.0039,3.0655,3.1056,3.1261,3.129,3.1163,3.0929,3.0616,3.0244,2.9834,2.9394,2.8935,2.8475,2.7908,2.74,2.7038,2.6628,2.6197,2.5777,2.5347,2.4868,2.434,2.3773,2.3157,2.2502,2.1642,2.087,2.0313,1.9707,1.9032,1.8475,1.8074,1.7654,1.7195,1.6833,1.6598,1.6403,1.6237,1.6129,1.607,1.6051,1.608,1.6139,1.6188,1.6285,1.6422,1.654,1.6618,1.6676,1.6735,1.6774,1.6794,1.6794,1.6764,1.6696,1.6628,1.653,1.6334,1.6119,1.5943,1.564,1.5259,1.4995,1.478,1.4418,1.3998,1.3715,1.35,1.3226,1.2923,1.2698,1.2454,1.2131,1.1857,1.1672,1.1486,1.1261,1.1075,1.0929,1.085,1.0821,1.0802,1.0802,1.0831,1.089,1.0987,1.1114,1.1271,1.1437,1.1603,1.1769,1.1935,1.2111,1.2278,1.2434,1.2571,1.2698,1.2835,1.3021,1.3284,1.3656,1.4203,1.4966,1.5953,1.697,1.8074,1.9472,2.1046,2.2698,2.434,2.5914,2.7341,2.8592,2.9629,3.044,3.1036,3.1408,3.1554,3.1535,3.1437,3.1251,3.0987,3.0655,3.0274,2.9853,2.9404,2.8944,2.8465,2.7977,2.7517,2.7077,2.6637,2.6197,2.5748,2.5279,2.478,2.4242,2.3666,2.3069,2.2454,2.1838,2.1251,2.0743,2.0283,1.9814,1.9384,1.9003,1.868,1.8407,1.8172,1.7977,1.782,1.7693,1.7595,1.7527,1.7468,1.741,1.7341,1.7263,1.7175,1.7067,1.696,1.6833,1.6676,1.6481,1.6266,1.6041,1.5836,1.565,1.5435,1.52,1.4956,1.4712,1.4467,1.4233,1.3998,1.3754,1.3519,1.3275,1.3069,1.2893,1.2669,1.2424,1.218,1.1926,1.1672,1.1417,1.1173,1.0938,1.0704,1.0479,1.0264,1.0108,0.99902,0.98534,0.97067,0.95699,0.9433,0.93255,0.92571,0.92375,0.92571,0.93255,0.94428,0.9609,0.97947,0.99707,1.0137,1.0313,1.0508,1.0714,1.0958,1.1281,1.1711,1.2297,1.3079,1.4066,1.5073,1.6168,1.7537,1.9081,2.0733,2.2414,2.3754,2.479,2.5826,2.6745,2.7498,2.8065,2.8387,2.8514,2.8543,2.8465,2.8289,2.8025,2.7693,2.7322,2.6931,2.653,2.6129,2.5718,2.5337,2.4966,2.4594,2.4233,2.3861,2.348,2.3079,2.2649,2.218,2.1672,2.1124,2.0528,1.9902,1.9335,1.8788,1.8182,1.7576,1.6979,1.6413,1.5904,1.5474,1.5112,1.4829,1.4614,1.4477,1.4418,1.4409,1.4438,1.4487,1.4555,1.4643,1.4731,1.4819,1.4907,1.4985,1.5054,1.5112,1.5152,1.5181,1.52,1.5191,1.5152,1.5093,1.5015,1.4917,1.48,1.4673,1.4536,1.4399,1.4252,1.4125,1.4008,1.3851,1.3685,1.3519,1.3343,1.3167,1.2981,1.2776,1.2561,1.2336,1.2131,1.1945,1.1808,1.1691,1.1554,1.1408,1.1261,1.1114,1.0978,1.086,1.0762,1.0704,1.0674,1.0665,1.0704,1.0772,1.087,1.0997,1.1144,1.131,1.1466,1.1623,1.1789,1.1975,1.2199,1.2502,1.2913,1.3382,1.3949,1.4741,1.5748,1.694,1.8299,1.9756,2.1261,2.2757,2.4174,2.5474,2.6608,2.7429,2.8016,2.8514,2.8866,2.9071,2.913,2.9062,2.8886,2.8631,2.8309,2.7957,2.7576,2.7165,2.6774,2.6393,2.5992,2.5591,2.5181,2.477,2.434,2.3891,2.3402,2.2884,2.2326,2.172,2.1153,2.0596,1.9961,1.9286,1.8592,1.7898,1.7214,1.6549,1.5943,1.5396,1.4907,1.4497,1.4184,1.3988,1.3881,1.3822,1.3832,1.3891,1.3998,1.4125,1.4262,1.4409,1.4545,1.4682,1.4809,1.4927,1.5024,1.5103,1.5161,1.5191,1.52,1.5191,1.5161,1.5112,1.5044,1.4956,1.4848,1.4721,1.4614,1.4516,1.4389,1.4233,1.4066,1.3891,1.3715,1.3548,1.3363,1.3177,1.2981,1.2786,1.263,1.2493,1.2336,1.217,1.2004,1.1828,1.1662,1.1505,1.1359,1.1212,1.1075,1.0958,1.086,1.0831,1.0841,1.087,1.0919,1.0997,1.1105,1.1232,1.1369,1.1496,1.1632,1.1779,1.1945,1.2131,1.2356,1.2678,1.3118,1.3715,1.4497,1.5445,1.6569,1.7859,1.9277,2.0762,2.2268,2.3548,2.4663,2.5816,2.6882,2.7801,2.8543,2.9091,2.9453,2.9638,2.9668,2.955,2.9316,2.8993,2.8622,2.8221,2.7791,2.7331,2.6852,2.6373,2.5894,2.5415,2.4956,2.4506,2.4047,2.3597,2.3177,2.2717,2.217,2.1574,2.0938,2.0264,1.957,1.8847,1.8123,1.7419,1.6745,1.61,1.5503,1.5024,1.4643,1.4282,1.3988,1.3763,1.3607,1.3529,1.3519,1.3558,1.3636,1.3744,1.3871,1.3988,1.4096,1.4194,1.4282,1.435,1.4409,1.4438,1.4438,1.4418,1.4379,1.4321,1.4233,1.4135,1.4066,1.3998,1.3891,1.3754,1.3617,1.346,1.3294,1.3118,1.2942,1.2757,1.2581,1.2414,1.2278,1.2151,1.1984,1.1799,1.1613,1.1408,1.1193,1.0968,1.0753,1.0547,1.0342,1.0156,0.99707,0.98436,0.97654,0.96676,0.95699,0.94917,0.94526,0.94624,0.95112,0.95992,0.97165,0.98631,1.001,1.0166,1.0332,1.0489,1.0655,1.085,1.1114,1.1486,1.2014,1.2717,1.3636,1.4761,1.608,1.7566,1.8954,2.0303,2.1848,2.3431,2.4956,2.6334,2.7507,2.8465,2.9189,2.9668,2.9932,3,2.9892,2.9658,2.9335,2.8954,2.8514,2.8035,2.7546,2.7058,2.6559,2.607,2.5582,2.5103,2.4624,2.4174,2.3734,2.3255,2.2747,2.2199,2.1623,2.1007,2.0352,1.9677,1.8983,1.8289,1.7625,1.7067,1.6608,1.6158,1.5748,1.5396,1.5112,1.4888,1.4731,1.4614,1.4536,1.4497,1.4477,1.4497,1.4545,1.4614,1.4702,1.4809,1.4917,1.5005,1.5073,1.5142,1.5191,1.522,1.5239,1.523,1.522,1.5181,1.5103,1.4985,1.4839,1.4673,1.4477,1.4262,1.4037,1.3793,1.3529,1.3255,1.2972,1.2727,1.2502,1.2239,1.1965,1.1691,1.1437,1.1202,1.0978,1.0762,1.0547,1.0352,1.0186,1.0078,1.002,0.99609,0.99218,0.9912,0.99413,0.99902,1.0059,1.0156,1.0293,1.0459,1.0635,1.0821,1.0997,1.1183,1.1378,1.1564,1.175,1.1955,1.2199,1.2512,1.2942,1.3539,1.4321,1.5337,1.6373,1.7498,1.8935,2.0567,2.2297,2.4018,2.566,2.7136,2.8397,2.9423,3.0205,3.0753,3.1026,3.1095,3.1056,3.0909,3.0655,3.0303,2.9873,2.9394,2.8876,2.8328,2.7771,2.7214,2.6657,2.6158,2.5689,2.521,2.4731,2.4272,2.3803,2.3333,2.2845,2.2336,2.1818,2.129,2.0772,2.0313,1.9902,1.9492,1.9091,1.871,1.8377,1.8094,1.7849,1.7654,1.7498,1.738,1.7292,1.7224,1.7175,1.7136,1.7097,1.7048,1.6999,1.694,1.6872,1.6755,1.6618,1.6491,1.6344,1.6178,1.6022,1.5875,1.5709,1.5513,1.5298,1.5083,1.4868,1.4653,1.4438,1.4213,1.3978,1.3754,1.3529,1.3353,1.3196,1.2991,1.2766,1.2542,1.2317,1.2102,1.1887,1.1662,1.1447,1.1241,1.1046,1.0909,1.0792,1.0655,1.0518,1.0391,1.0264,1.0156,1.0078,1.0039,1.0039,1.0088,1.0176,1.0293,1.044,1.0616,1.0792,1.0968,1.1144,1.13,1.1447,1.1613,1.1789,1.2023,1.2346,1.2796,1.3304,1.392,1.4761,1.5806,1.7038,1.8407,1.9853,2.132,2.2757,2.4096,2.5288,2.6305,2.7126,2.7664,2.7996,2.8231,2.8348,2.8328,2.8192,2.7967,2.7654,2.7273,2.6843,2.6383,2.5924,2.5474,2.5044,2.4614,2.4194,2.3783,2.3372,2.2962,2.2551,2.2131,2.1691,2.1212,2.0694,2.0137,1.9619,1.911,1.8534,1.7947,1.737,1.6813,1.6295,1.5826,1.5415,1.5054,1.4751,1.4526,1.4389,1.4321,1.4291,1.4291,1.4321,1.437,1.4438,1.4526,1.4604,1.4673,1.4741,1.4809,1.4868,1.4917,1.4936,1.4927,1.4897,1.4839,1.4761,1.4653,1.4526,1.4379,1.4242,1.4096,1.3949,1.3822,1.3705,1.3568,1.3412,1.3255,1.3089,1.2923,1.2757,1.2581,1.2405,1.2239,1.2072,1.1906,1.1789,1.1701,1.1574,1.1437,1.13,1.1163,1.1017,1.088,1.0753,1.0665,1.0616,1.0596,1.0626,1.0694,1.0782,1.0899,1.1026,1.1163,1.13,1.1427,1.1554,1.1691,1.1838,1.2014,1.2209,1.2463,1.2825,1.3333,1.4008,1.4858,1.5904,1.7116,1.8465,1.9912,2.1398,2.2845,2.4203,2.5279,2.6119,2.6911,2.7566,2.8065,2.8397,2.8563,2.8563,2.8436,2.8201,2.7889,2.7517,2.7116,2.6716,2.6305,2.5914,2.5523,2.5142,2.477,2.4399,2.4018,2.3627,2.3206,2.2757,2.2278,2.1818,2.1339,2.0792,2.0196,1.955,1.8886,1.8211,1.7527,1.6872,1.6256,1.5699,1.5191,1.48,1.4487,1.4203,1.3969,1.3793,1.3685,1.3656,1.3685,1.3763,1.3881,1.4018,1.4164,1.4291,1.4399,1.4487,1.4565,1.4624,1.4653,1.4663,1.4663,1.4643,1.4614,1.4565,1.4497,1.4409,1.433,1.4262,1.4154,1.4037,1.39,1.3754,1.3587,1.3421,1.3265,1.3089,1.2903,1.2717,1.2542,1.2395,1.2317,1.2229,1.2102,1.1955,1.1799,1.1642,1.1486,1.1329,1.1183,1.1036,1.088,1.0772,1.0704,1.0626,1.0577,1.0567,1.0596,1.0655,1.0743,1.086,1.0997,1.1144,1.1281,1.1427,1.1584,1.175,1.1926,1.2141,1.2434,1.2825,1.3372,1.4096,1.5015,1.6129,1.7439,1.8905,2.0244,2.1525,2.2962,2.4399,2.5738,2.6921,2.7908,2.869,2.9267,2.9648,2.9834,2.9873,2.9765,2.9541,2.9238,2.8876,2.8485,2.8055,2.7595,2.7126,2.6647,2.6168,2.5699,2.5239,2.48,2.4389,2.3998,2.3558,2.3079,2.2551,2.1984,2.1378,2.0733,2.0059,1.9374,1.87,1.8025,1.737,1.6823,1.6354,1.5875,1.5415,1.5024,1.4702,1.4448,1.4272,1.4164,1.4125,1.4145,1.4213,1.4311,1.4418,1.4536,1.4653,1.477,1.4878,1.4966,1.5034,1.5073,1.5093,1.5083,1.5064,1.5034,1.5005,1.4966,1.4907,1.4829,1.4731,1.4614,1.4497,1.437,1.4242,1.4106,1.3969,1.3832,1.3724,1.3627,1.347,1.3284,1.3069,1.2854,1.2649,1.2454,1.2268,1.2082,1.1906,1.173,1.1554,1.1437,1.1349,1.1241,1.1124,1.1017,1.0919,1.086,1.0841,1.087,1.0929,1.1017,1.1134,1.1271,1.1417,1.1554,1.1691,1.1838,1.1984,1.2151,1.2375,1.2688,1.3128,1.3715,1.4487,1.5298,1.6197,1.737,1.8729,2.0225,2.1789,2.3343,2.4819,2.6168,2.7361,2.8348,2.911,2.9658,2.9941,3.0029,3.002,2.9902,2.9687,2.9394,2.9042,2.8641,2.8201,2.7732,2.7243,2.6755,2.6305,2.5885,2.5455,2.5024,2.4585,2.4135,2.3666,2.3167,2.263,2.2053,2.1437,2.0792,2.0117,1.9511,1.8935,1.8289,1.7634,1.6999,1.6393,1.5826,1.5308,1.4848,1.4467,1.4154,1.392,1.3783,1.3724,1.3705,1.3724,1.3763,1.3822,1.3891,1.3959,1.4027,1.4106,1.4184,1.4252,1.4311,1.437,1.4418,1.4457,1.4477,1.4477,1.4457,1.4418,1.4379,1.4321,1.4242,1.4154,1.4057,1.3969,1.3881,1.3773,1.3636,1.348,1.3304,1.3128,1.2942,1.2747,1.2551,1.2366,1.218,1.1994,1.1857,1.173,1.1574,1.1408,1.1241,1.1085,1.0929,1.0792,1.0684,1.0596,1.0528,1.0499,1.0518,1.0577,1.0635,1.0714,1.0811,1.0938,1.1075,1.1212,1.1232,1.1193,1.1241,1.1369,1.1574,1.1838,1.219,1.2717,1.3441,1.4399,1.5582,1.6979,1.8563,2.0264,2.2004,2.3705,2.5279,2.651,2.7478,2.8387,2.914,2.9687,3.0039,3.0205,3.0215,3.0088,2.9853,2.9531,2.914,2.8719,2.8289,2.7849,2.738,2.6911,2.6452,2.5992,2.5533,2.5064,2.4594,2.4115,2.3627,2.3109,2.262,2.2121,2.1554,2.0948,2.0323,1.9707,1.9091,1.8504,1.7957,1.7468,1.7038,1.6667,1.6344,1.61,1.5914,1.5767,1.564,1.5533,1.5464,1.5425,1.5415,1.5435,1.5484,1.5552,1.563,1.5699,1.5758,1.5806,1.5846,1.5875,1.5885,1.5875,1.5836,1.5777,1.5689,1.5572,1.5425,1.5249,1.5083,1.4927,1.4731,1.4516,1.4282,1.4037,1.3773,1.35,1.3226,1.2952,1.2688,1.2434,1.2229,1.2053,1.1857,1.1642,1.1427,1.1212,1.1026,1.086,1.0723,1.0616,1.0547,1.0508,1.0508,1.0557,1.0645,1.0743,1.085,1.0968,1.1095,1.1241,1.1398,1.1554,1.1691,1.1818,1.1935,1.2072,1.2209,1.2366,1.2571,1.2864,1.3294,1.3891,1.4702,1.5738,1.6979,1.8407,1.998,2.1408,2.2737,2.4213,2.5679,2.7028,2.8182,2.912,2.9814,3.0264,3.0508,3.0567,3.0459,3.0215,2.9883,2.9492,2.9052,2.8573,2.8084,2.7595,2.7116,2.6647,2.6197,2.5758,2.5327,2.4907,2.4516,2.4135,2.3715,2.3265,2.2766,2.2209,2.1603,2.0948,2.0274,1.9589,1.8915,1.826,1.7644,1.7136,1.6725,1.6334,1.6002,1.5748,1.5582,1.5484,1.5435,1.5435,1.5455,1.5503,1.5562,1.5621,1.566,1.5689,1.5718,1.5738,1.5728,1.5689,1.564,1.5572,1.5474,1.5357,1.521,1.5054,1.4917,1.48,1.4653,1.4497,1.433,1.4164,1.3978,1.3783,1.3587,1.3382,1.3167,1.2942,1.2757,1.259,1.2385,1.216,1.1926,1.1691,1.1457,1.1232,1.1026,1.0841,1.0655,1.0459,1.0274,1.0156,1.0068,0.99511,0.9824,0.97067,0.96188,0.95699,0.95601,0.95992,0.96872,0.98143,0.99707,1.0137,1.0323,1.0499,1.0684,1.087,1.1065,1.129,1.1593,1.1994,1.2542,1.3265,1.4184,1.5308,1.6422,1.7586,1.8993,2.0538,2.2121,2.3656,2.5073,2.6325,2.738,2.8201,2.8798,2.9169,2.9306,2.9257,2.8944,2.8456,2.8016,2.7586,2.7146,2.6706,2.6266,2.5836,2.5425,2.5024,2.4633,2.4272,2.392,2.3539,2.3138,2.2708,2.2248,2.176,2.1222,2.0655,2.0059,1.9443,1.8807,1.825,1.7732,1.7175,1.6608,1.6051,1.5543,1.5073,1.4682,1.437,1.4145,1.3978,1.3881,1.3842,1.3851,1.39,1.3969,1.4057,1.4145,1.4233,1.4311,1.437,1.4409,1.4448,1.4467,1.4477,1.4477,1.4467,1.4428,1.437,1.4301,1.4223,1.4135,1.4037,1.392,1.3793,1.3675,1.3539,1.3402,1.3304,1.3206,1.3079,1.2942,1.2805,1.2649,1.2473,1.2307,1.2141,1.1975,1.1808,1.1642,1.1525,1.1427,1.131,1.1183,1.1046,1.0909,1.0792,1.0704,1.0645,1.0616,1.0616,1.0645,1.0714,1.0811,1.0919,1.1046,1.1173,1.131,1.1437,1.1564,1.1711,1.1887,1.2102,1.2405,1.2825,1.3304,1.3891,1.4692,1.5699,1.6882,1.8211,1.9638,2.1114,2.2571,2.3949,2.52,2.6266,2.7038,2.7576,2.8035,2.8368,2.8543,2.8583,2.8485,2.828,2.7986,2.7625,2.7214,2.6774,2.6334,2.5914,2.5513,2.5112,2.4702,2.4301,2.39,2.349,2.3079,2.263,2.216,2.1662,2.1114,2.0596,2.0088,1.9511,1.8905,1.827,1.7634,1.7019,1.6432,1.5885,1.5386,1.4956,1.4585,1.4291,1.4086,1.3959,1.3861,1.3812,1.3803,1.3832,1.3891,1.3969,1.4066,1.4174,1.4282,1.437,1.4448,1.4506,1.4555,1.4585,1.4604,1.4604,1.4575,1.4526,1.4457,1.4379,1.4291,1.4203,1.4096,1.3998,1.391,1.3793,1.3656,1.3509,1.3353,1.3187,1.3021,1.2854,1.2678,1.2502,1.2326,1.2199,1.2092,1.1955,1.1789,1.1613,1.1427,1.1261,1.1105,1.0958,1.0831,1.0733,1.0655,1.0616,1.0616,1.0645,1.0674,1.0733,1.0811,1.0919,1.1046,1.1173,1.131,1.1437,1.1564,1.1711,1.1877,1.2092,1.2395,1.2815,1.3392,1.4135,1.5044,1.6139,1.739,1.8759,2.0205,2.1662,2.3069,2.4203,2.5122,2.6012,2.6784,2.739,2.782,2.8074,2.8162,2.8123,2.7977,2.7752,2.7458,2.7136,2.6784,2.6413,2.6012,2.5611,2.52,2.48,2.4409,2.4027,2.3646,2.3265,2.2884,2.2473,2.2063,2.1642,2.1144,2.0587,1.9971,1.9316,1.8631,1.7937,1.7243,1.6559,1.5904,1.5288,1.479,1.4379,1.3988,1.3636,1.3363,1.3157,1.3021,1.2962,1.2962,1.3001,1.3079,1.3177,1.3284,1.3392,1.35,1.3597,1.3685,1.3763,1.3832,1.3881,1.391,1.392,1.391,1.3871,1.3812,1.3763,1.3715,1.3636,1.3539,1.3431,1.3314,1.3196,1.306,1.2903,1.2747,1.259,1.2424,1.2248,1.2102,1.1975,1.1818,1.1642,1.1466,1.13,1.1134,1.0978,1.0821,1.0665,1.0499,1.0342,1.0225,1.0147,1.0049,0.99609,0.98925,0.98534,0.98436,0.98729,0.99316,1.002,1.0117,1.0205,1.0313,1.043,1.0538,1.0655,1.0802,1.1007,1.129,1.1701,1.2297,1.3099,1.4106,1.5327,1.6745,1.8084,1.9413,2.0948,2.2561,2.4145,2.563,2.695,2.8055,2.8925,2.956,2.9971,3.0176,3.0186,3.0039,2.9804,2.9501,2.913,2.871,2.825,2.7771,2.7273,2.6784,2.6295,2.5816,2.5347,2.4907,2.4477,2.4018,2.3529,2.3001,2.2444,2.1838,2.1202,2.0557,1.9902,1.9257,1.8631,1.8104,1.7654,1.7214,1.6794,1.6413,1.609,1.5826,1.5601,1.5435,1.5318,1.5249,1.522,1.5239,1.5269,1.5327,1.5406,1.5503,1.5591,1.566,1.5709,1.5748,1.5777,1.5797,1.5797,1.5777,1.5748,1.5718,1.566,1.5572,1.5455,1.5298,1.5122,1.4917,1.4692,1.4448,1.4194,1.3939,1.3685,1.348,1.3284,1.305,1.2796,1.2532,1.2268,1.2014,1.1769,1.1535,1.13,1.1075,1.088,1.0743,1.0655,1.0547,1.0459,1.0391,1.0362,1.0362,1.0401,1.0479,1.0596,1.0723,1.085,1.0978,1.1114,1.1251,1.1388,1.1525,1.1662,1.1818,1.2004,1.2239,1.259,1.3089,1.3783,1.4682,1.5611,1.6628,1.7918,1.9394,2.0968,2.2571,2.4125,2.5562,2.6833,2.7898,2.8729,2.9335,2.9736,2.9902,2.9892,2.9785,2.9589,2.9306,2.8944,2.8543,2.8113,2.7664,2.7204,2.6745,2.6295,2.5875,2.5464,2.5034,2.4604,2.4164,2.3715,2.3245,2.2757,2.2229,2.1672,2.1085,2.0479,1.9863,1.9335,1.8856,1.8348,1.7849,1.741,1.7038,1.6735,1.6491,1.6305,1.6168,1.608,1.6031,1.6012,1.6022,1.6022,1.6022,1.6022,1.6012,1.5992,1.5973,1.5934,1.5875,1.5797,1.5699,1.5582,1.5474,1.5367,1.5239,1.5112,1.4985,1.4839,1.4673,1.4497,1.4311,1.4125,1.393,1.3734,1.3568,1.3412,1.3226,1.3021,1.2796,1.2571,1.2346,1.2131,1.1926,1.1711,1.1486,1.1261,1.1065,1.0929,1.0821,1.0674,1.0518,1.0371,1.0235,1.0098,0.99804,0.98729,0.97849,0.97361,0.97361,0.98045,0.9912,1.0039,1.0186,1.0332,1.0489,1.0645,1.0792,1.0948,1.1114,1.132,1.1603,1.1935,1.2356,1.2942,1.3715,1.4682,1.5826,1.7136,1.8563,2.0059,2.1564,2.3021,2.437,2.5562,2.6452,2.7107,2.7674,2.8104,2.8377,2.8495,2.8475,2.8338,2.8104,2.7781,2.74,2.6979,2.6569,2.6168,2.5758,2.5357,2.4985,2.4624,2.4252,2.3881,2.35,2.3089,2.2649,2.216,2.1623,2.1105,2.0577,1.9971,1.9306,1.8612,1.7908,1.7224,1.6579,1.5973,1.5425,1.4936,1.4536,1.4252,1.4066,1.392,1.3832,1.3793,1.3812,1.3871,1.3969,1.4086,1.4203,1.433,1.4457,1.4575,1.4673,1.4751,1.4809,1.4848,1.4878,1.4888,1.4878,1.4848,1.4809,1.4731,1.4633,1.4516,1.4418,1.4321,1.4194,1.4057,1.391,1.3744,1.3558,1.3363,1.3148,1.2933,1.2727,1.2522,1.2307,1.2141,1.1994,1.1828,1.1642,1.1447,1.1251,1.1065,1.089,1.0714,1.0547,1.0401,1.0283,1.0225,1.0205,1.0196,1.0225,1.0274,1.0342,1.044,1.0567,1.0704,1.085,1.0987,1.1134,1.132,1.1535,1.1799,1.216,1.2669,1.3353,1.4213,1.5269,1.6471,1.781,1.9228,2.0674,2.2111,2.3294,2.4291,2.5308,2.6237,2.6999,2.7576,2.7967,2.8162,2.8211,2.8113,2.7908,2.7615,2.7243,2.6843,2.6432,2.5992,2.5543,2.5093,2.4653,2.4223,2.3803,2.3382,2.2962,2.2532,2.2072,2.1632,2.1202,2.0704,2.0137,1.9531,1.8895,1.824,1.7586,1.6931,1.6295,1.5689,1.5132,1.4633,1.4252,1.3959,1.3685,1.346,1.3304,1.3216,1.3187,1.3216,1.3294,1.3402,1.3529,1.3666,1.3803,1.3949,1.4086,1.4213,1.4311,1.4379,1.4428,1.4438,1.4418,1.4379,1.4321,1.4242,1.4154,1.4086,1.4018,1.392,1.3803,1.3666,1.3519,1.3372,1.3206,1.303,1.2854,1.2669,1.2483,1.2336,1.2209,1.2053,1.1887,1.1711,1.1544,1.1388,1.1232,1.1075,1.1017,1.1007,1.0919,1.0841,1.0772,1.0674,1.0587,1.0518,1.0479,1.0479,1.0518,1.0596,1.0694,1.0811,1.0958,1.1105,1.1251,1.1388,1.1515,1.1652,1.1828,1.2072,1.2414,1.2903,1.3558,1.4399,1.5415,1.6598,1.7722,1.8847,2.0176,2.1584,2.2991,2.4321,2.5523,2.6549,2.738,2.7996,2.8407,2.8641,2.8719,2.8671,2.8514,2.8289,2.7996,2.7654,2.7283,2.6891,2.6491,2.61,2.5718,2.5347,2.4976,2.4624,2.4272,2.3891,2.347,2.3001,2.2473,2.1896,2.1271,2.0616,1.9932,1.9208,1.8465,1.7722,1.7097,1.654,1.5934,1.5357,1.4819,1.435,1.3969,1.3666,1.3451,1.3314,1.3265,1.3284,1.3363,1.348,1.3627,1.3793,1.3959,1.4125,1.4291,1.4457,1.4614,1.4751,1.4848,1.4917,1.4946,1.4966,1.4976,1.4966,1.4936,1.4878,1.4809,1.4731,1.4633,1.4526,1.4399,1.4262,1.4106,1.3969,1.3851,1.3685,1.348,1.3265,1.305,1.2835,1.262,1.2414,1.2219,1.2023,1.1838,1.1652,1.1525,1.1427,1.131,1.1183,1.1056,1.0938,1.0841,1.0753,1.0694,1.0674,1.0684,1.0733,1.0821,1.0938,1.1075,1.1212,1.1339,1.1457,1.1574,1.1711,1.1887,1.2131,1.2473,1.2972,1.3656,1.4399,1.5259,1.6403,1.7771,1.9296,2.0909,2.2532,2.4106,2.5572,2.6872,2.7977,2.8837,2.9394,2.9736,2.9971,3.0068,3.001,2.9834,2.957,2.9228,2.8837,2.8416,2.7977,2.7537,2.7107,2.6696,2.6295,2.5894,2.5494,2.5093,2.4692,2.4282,2.3842,2.3382,2.2884,2.2366,2.1828,2.1329,2.085,2.0342,1.9844,1.9374,1.8944,1.8553,1.8211,1.7898,1.7625,1.739,1.7204,1.7058,1.696,1.6911,1.6901,1.6931,1.6989,1.7067,1.7155,1.7243,1.7322,1.74,1.7468,1.7517,1.7546
76.04,74.79,73.539,72.172,70.804,69.437,68.108,66.858,65.685,64.63,63.732,62.911,62.247,61.661,61.309,60.996,60.879,60.801,60.879,60.996,61.192,61.504,61.817,62.169,62.559,62.911,63.302,63.693,64.005,64.318,64.552,64.748,64.865,64.982,64.982,64.943,64.865,64.669,64.435,64.161,63.849,63.497,63.067,62.598,62.169,61.739,61.231,60.801,60.371,59.863,59.355,58.847,58.417,58.066,57.597,57.167,56.815,56.425,56.112,55.721,55.487,55.252,54.979,54.744,54.549,54.354,54.158,54.002,53.846,53.728,53.728,53.846,54.236,54.979,56.19,57.753,59.668,62.051,64.787,67.795,71,74.321,77.603,80.807,83.816,86.356,88.544,90.107,91.241,91.866,91.983,91.748,91.241,90.498,89.599,88.74,87.88,86.942,86.044,85.223,84.481,83.738,82.996,82.253,81.511,80.69,79.791,78.932,77.877,76.822,75.571,74.321,73.071,71.82,70.609,69.476,68.421,67.444,66.545,65.724,65.06,64.474,64.005,63.536,63.224,62.989,62.794,62.755,62.677,62.755,62.794,62.872,62.911,63.067,63.185,63.224,63.38,63.419,63.419,63.419,63.419,63.38,63.302,63.185,63.067,62.911,62.794,62.598,62.442,62.247,62.051,61.817,61.543,61.309,61.035,60.723,60.488,60.176,59.785,59.472,59.121,58.73,58.378,58.066,57.675,57.284,56.972,56.62,56.307,55.995,55.682,55.37,55.096,54.862,54.627,54.314,54.041,53.807,53.611,53.494,53.494,53.689,54.158,55.057,56.307,57.988,60.098,62.598,65.49,68.538,71.82,75.102,78.502,81.823,84.793,87.294,89.365,90.811,91.748,92.178,92.1,91.67,91.006,90.185,89.287,88.349,87.567,86.747,86.004,85.223,84.559,83.933,83.23,82.605,81.862,81.042,80.26,79.323,78.307,77.252,76.04,74.751,73.5,72.172,70.921,69.749,68.616,67.561,66.623,65.724,65.06,64.435,63.927,63.497,63.185,62.911,62.794,62.755,62.755,62.794,62.872,62.989,63.067,63.185,63.302,63.419,63.497,63.536,63.536,63.497,63.497,63.419,63.38,63.224,63.106,62.911,62.755,62.559,62.364,62.13,61.934,61.661,61.426,61.192,60.918,60.684,60.371,60.059,59.746,59.433,59.121,58.808,58.417,58.105,57.753,57.362,57.05,56.659,56.346,56.112,55.877,55.565,55.291,55.057,54.744,54.471,54.158,53.924,53.807,53.689,53.728,54.041,54.666,55.682,57.05,58.925,61.192,63.732,66.623,69.749,72.992,76.314,79.479,82.566,85.223,87.489,89.17,90.42,91.123,91.436,91.319,90.85,90.225,89.482,88.622,87.802,87.059,86.434,85.809,85.223,84.754,84.246,83.738,83.191,82.566,81.862,81.042,80.182,79.127,77.916,76.665,75.376,74.047,72.68,71.351,70.179,69.046,67.991,67.053,66.193,65.412,64.787,64.24,63.81,63.497,63.185,62.989,62.872,62.872,62.872,62.872,62.911,63.067,63.106,63.185,63.302,63.419,63.497,63.536,63.536,63.536,63.497,63.419,63.302,63.185,63.067,62.872,62.677,62.442,62.169,61.934,61.661,61.348,61.114,60.801,60.488,60.176,59.941,59.668,59.355,59.121,58.808,58.535,58.222,57.909,57.597,57.284,56.972,56.659,56.425,56.19,55.877,55.604,55.37,55.096,54.862,54.627,54.354,54.119,53.924,53.846,53.924,54.314,55.057,56.112,57.597,59.551,61.856,64.474,67.366,70.492,73.735,77.056,80.26,83.308,86.004,88.193,89.873,91.045,91.748,91.983,91.866,91.358,90.693,89.912,89.17,88.427,87.685,86.981,86.317,85.614,84.91,84.246,83.543,82.878,82.136,81.355,80.495,79.479,78.424,77.252,76.04,74.751,73.422,72.133,70.882,69.671,68.538,67.561,66.545,65.724,64.982,64.357,63.849,63.497,63.185,62.911,62.755,62.598,62.559,62.559,62.598,62.598,62.677,62.755,62.794,62.872,62.911,62.989,62.989,62.989,62.911,62.911,62.872,62.794,62.755,62.559,62.442,62.247,62.051,61.856,61.622,61.426,61.192,60.918,60.606,60.293,59.98,59.668,59.316,58.925,58.613,58.222,57.909,57.558,57.167,56.815,56.425,56.112,55.721,55.37,55.057,54.666,54.354,54.041,53.807,53.494,53.22,52.986,52.751,52.478,52.361,52.361,52.595,53.22,54.236,55.682,57.675,60.059,62.911,66.115,69.476,73.071,76.548,80.065,83.23,86.044,88.31,90.068,91.162,91.866,92.061,91.866,91.319,90.498,89.56,88.544,87.607,86.747,85.926,85.184,84.481,83.855,83.191,82.566,81.823,81.042,80.182,79.244,78.189,76.978,75.689,74.243,72.797,71.312,69.866,68.499,67.248,66.037,65.06,64.122,63.38,62.755,62.247,61.856,61.661,61.543,61.543,61.622,61.817,62.13,62.442,62.794,63.224,63.693,64.044,64.435,64.748,65.099,65.373,65.568,65.724,65.881,65.92,65.92,65.881,65.724,65.568,65.373,65.06,64.748,64.357,63.927,63.497,62.989,62.481,61.973,61.504,61.035,60.567,60.059,59.629,59.16,58.73,58.3,57.909,57.558,57.245,56.933,56.62,56.346,56.034,55.721,55.565,55.37,55.174,55.057,54.979,54.862,54.783,54.666,54.549,54.471,54.549,54.94,55.604,56.737,58.3,60.371,62.872,65.685,68.733,72.055,75.415,78.815,82.136,85.223,87.919,90.068,91.553,92.491,92.999,92.999,92.686,92.061,91.319,90.42,89.482,88.622,87.724,86.981,86.239,85.496,84.793,84.129,83.386,82.683,81.862,81.042,80.104,79.049,77.916,76.665,75.376,74.047,72.758,71.547,70.374,69.358,68.421,67.561,66.819,66.193,65.685,65.295,64.943,64.669,64.474,64.318,64.161,64.122,64.044,64.122,64.122,64.122,64.161,64.161,64.122,64.044,64.005,63.927,63.81,63.693,63.614,63.497,63.419,63.302,63.185,63.067,62.872,62.677,62.481,62.364,62.169,61.934,61.739,61.504,61.231,60.996,60.723,60.41,60.176,59.863,59.551,59.238,58.925,58.613,58.222,57.909,57.597,57.245,56.933,56.62,56.307,56.034,55.721,55.487,55.291,55.096,54.94,54.666,54.432,54.236,54.041,53.846,53.846,54.119,54.744,55.721,57.128,59.004,61.231,63.849,66.819,70.062,73.383,76.744,80.104,83.308,86.161,88.544,90.381,91.553,92.256,92.491,92.413,91.983,91.358,90.537,89.599,88.74,87.88,87.059,86.356,85.692,85.067,84.481,83.855,83.23,82.566,81.823,81.003,80.065,79.049,77.916,76.744,75.415,74.165,72.875,71.625,70.413,69.358,68.421,67.561,66.74,66.115,65.49,65.06,64.63,64.318,64.122,64.005,63.849,63.81,63.81,63.81,63.849,63.849,63.927,64.005,64.005,64.005,64.005,63.927,63.849,63.732,63.693,63.536,63.419,63.302,63.185,62.989,62.794,62.559,62.286,62.051,61.856,61.622,61.348,61.114,60.879,60.606,60.371,60.059,59.746,59.472,59.238,58.925,58.535,58.222,57.909,57.597,57.284,56.972,56.659,56.346,56.112,55.877,55.604,55.37,55.174,54.94,54.744,54.471,54.236,54.119,54.041,54.158,54.627,55.409,56.62,58.183,60.254,62.755,65.568,68.694,71.937,75.259,78.541,81.745,84.598,87.177,89.248,90.733,91.748,92.178,92.256,91.983,91.475,90.811,90.068,89.17,88.349,87.607,86.864,86.239,85.614,85.067,84.481,83.855,83.308,82.605,81.862,81.042,80.104,79.049,77.916,76.665,75.376,74.047,72.758,71.508,70.296,69.241,68.225,67.366,66.545,65.92,65.295,64.865,64.474,64.24,64.005,63.849,63.732,63.693,63.614,63.693,63.732,63.732,63.81,63.81,63.849,63.849,63.849,63.81,63.732,63.693,63.614,63.536,63.419,63.224,63.067,62.872,62.677,62.442,62.247,61.973,61.739,61.426,61.192,60.918,60.606,60.371,60.059,59.785,59.551,59.316,59.004,58.73,58.417,58.105,57.792,57.48,57.167,56.854,56.62,56.307,56.112,55.877,55.604,55.37,55.096,54.94,54.666,54.432,54.236,54.041,53.846,53.728,53.846,54.158,54.862,55.995,57.48,59.433,61.856,64.552,67.561,70.687,73.93,77.252,80.417,83.504,86.122,88.232,89.873,91.006,91.631,91.748,91.631,91.162,90.537,89.873,89.13,88.31,87.567,86.786,86.122,85.496,84.871,84.285,83.738,83.191,82.566,81.941,81.198,80.299,79.362,78.307,77.134,75.806,74.555,73.227,72.055,70.882,69.749,68.733,67.795,66.975,66.232,65.568,64.982,64.552,64.161,63.849,63.614,63.419,63.38,63.224,63.224,63.224,63.224,63.224,63.302,63.38,63.38,63.38,63.419,63.419,63.38,63.38,63.302,63.185,63.067,62.911,62.794,62.598,62.442,62.247,61.973,61.739,61.504,61.192,60.918,60.606,60.293,59.98,59.668,59.433,59.16,58.808,58.496,58.105,57.753,57.362,56.972,56.62,56.229,55.877,55.565,55.252,54.94,54.627,54.314,54.041,53.728,53.494,53.22,52.986,52.751,52.556,52.439,52.478,52.751,53.377,54.354,55.721,57.597,59.941,62.677,65.724,69.124,72.563,76.04,79.557,82.8,85.692,88.115,89.912,91.162,91.944,92.256,92.1,91.67,91.006,90.107,89.248,88.31,87.411,86.63,85.848,85.106,84.481,83.816,83.113,82.488,81.823,81.003,80.182,79.166,78.189,76.978,75.689,74.321,72.914,71.625,70.257,69.007,67.795,66.74,65.803,64.982,64.318,63.732,63.224,62.872,62.598,62.442,62.364,62.364,62.442,62.559,62.677,62.872,63.106,63.302,63.497,63.614,63.81,63.927,64.044,64.122,64.161,64.161,64.161,64.122,64.005,63.849,63.693,63.419,63.185,62.872,62.559,62.247,61.856,61.504,61.114,60.684,60.293,59.863,59.472,59.043,58.691,58.3,57.909,57.597,57.245,56.854,56.542,56.19,55.877,55.565,55.252,54.979,54.666,54.432,54.236,54.002,53.807,53.689,53.494,53.377,53.22,53.103,52.986,52.908,53.064,53.416,54.158,55.291,56.972,59.121,61.739,64.748,68.069,71.508,74.985,78.424,81.745,84.793,87.411,89.482,91.006,91.944,92.374,92.374,92.061,91.475,90.693,89.756,88.74,87.685,86.669,85.692,84.793,84.012,83.23,82.566,81.862,81.198,80.495,79.674,78.815,77.877,76.822,75.61,74.36,73.11,71.82,70.57,69.437,68.382,67.366,66.545,65.803,65.256,64.787,64.435,64.161,63.927,63.81,63.81,63.81,63.927,64.005,64.044,64.122,64.161,64.24,64.357,64.357,64.357,64.357,64.24,64.161,64.122,64.044,63.927,63.81,63.693,63.497,63.38,63.185,62.989,62.755,62.559,62.286,61.973,61.739,61.426,61.114,60.801,60.488,60.176,59.863,59.472,59.16,58.847,58.535,58.183,57.87,57.48,57.167,56.854,56.542,56.229,55.917,55.682,55.37,55.174,54.94,54.744,54.549,54.354,54.158,54.002,53.807,53.689,53.689,53.846,54.314,55.174,56.425,58.105,60.254,62.872,65.724,68.929,72.25,75.61,78.932,82.136,84.988,87.411,89.365,90.693,91.475,91.866,91.748,91.358,90.693,89.912,89.13,88.31,87.489,86.669,85.926,85.184,84.481,83.816,83.074,82.37,81.628,80.886,80.065,79.166,78.228,77.173,76.04,74.868,73.618,72.445,71.312,70.179,69.163,68.225,67.444,66.662,65.998,65.373,64.865,64.435,64.044,63.81,63.614,63.497,63.38,63.302,63.302,63.302,63.302,63.302,63.302,63.38,63.38,63.38,63.38,63.302,63.224,63.106,63.067,62.989,62.872,62.755,62.598,62.442,62.247,62.051,61.817,61.543,61.348,61.114,60.879,60.567,60.254,59.98,59.668,59.355,59.043,58.73,58.417,58.105,57.792,57.48,57.167,56.854,56.542,56.229,55.917,55.682,55.37,55.096,54.862,54.627,54.432,54.158,54.002,53.807,53.611,53.416,53.22,53.064,53.064,53.181,53.611,54.432,55.604,57.245,59.355,61.856,64.748,67.795,71.039,74.36,77.603,80.729,83.621,86.044,87.997,89.482,90.498,91.045,91.241,91.045,90.615,89.912,89.17,88.349,87.489,86.63,85.731,84.988,84.246,83.504,82.8,82.058,81.433,80.729,80.104,79.362,78.502,77.564,76.548,75.376,74.165,72.914,71.664,70.413,69.319,68.225,67.248,66.35,65.568,64.787,64.24,63.732,63.38,63.067,62.794,62.677,62.559,62.559,62.559,62.598,62.677,62.755,62.872,62.989,63.067,63.106,63.106,63.106,63.106,62.989,62.911,62.794,62.677,62.481,62.286,62.13,61.934,61.661,61.504,61.231,60.996,60.723,60.488,60.254,59.98,59.668,59.433,59.16,58.847,58.613,58.3,58.066,57.675,57.362,57.05,56.815,56.503,56.229,55.995,55.682,55.409,55.174,54.94,54.666,54.432,54.158,54.002,53.728,53.533,53.299,53.103,52.986,52.908,53.064,53.377,54.041,55.174,56.659,58.613,60.918,63.693,66.623,69.788,73.11,76.353,79.635,82.566,85.223,87.372,89.052,90.107,90.733,90.85,90.537,89.99,89.248,88.31,87.372,86.473,85.614,84.793,84.129,83.504,82.918,82.37,81.862,81.355,80.886,80.26,79.557,78.815,77.877,76.861,75.728,74.477,73.227,71.976,70.804,69.671,68.538,67.6,66.662,65.881,65.099,64.474,63.927,63.497,63.106,62.872,62.677,62.559,62.559,62.559,62.559,62.559,62.598,62.755,62.794,62.872,62.872,62.872,62.794,62.794,62.755,62.598,62.481,62.364,62.247,62.13,61.934,61.661,61.426,61.231,60.996,60.723,60.488,60.293,60.059,59.785,59.551,59.316,59.043,58.847,58.535,58.3,57.988,57.753,57.48,57.167,56.854,56.542,56.229,55.917,55.682,55.37,55.096,54.783,54.549,54.314,54.041,53.846,53.689,53.416,53.22,53.064,52.908,52.869,52.908,53.299,54.002,55.096,56.659,58.691,61.035,63.849,66.858,70.062,73.383,76.665,79.791,82.761,85.223,87.255,88.74,89.678,90.225,90.381,90.185,89.756,89.17,88.505,87.724,87.059,86.356,85.692,84.988,84.285,83.699,82.996,82.37,81.667,81.003,80.182,79.362,78.502,77.486,76.431,75.181,73.93,72.68,71.351,70.101,69.007,67.874,66.858,65.92,65.099,64.357,63.693,63.106,62.598,62.286,61.973,61.817,61.661,61.622,61.622,61.622,61.661,61.817,61.934,62.051,62.13,62.247,62.286,62.364,62.364,62.364,62.364,62.286,62.247,62.13,61.973,61.856,61.739,61.543,61.348,61.114,60.879,60.606,60.293,60.059,59.785,59.472,59.16,58.847,58.535,58.222,57.909,57.558,57.245,56.854,56.542,56.19,55.877,55.487,55.096,54.783,54.471,54.158,53.846,53.533,53.299,53.064,52.791,52.595,52.361,52.165,51.931,51.736,51.54,51.501,51.54,51.931,52.673,53.807,55.409,57.48,60.059,62.989,66.193,69.632,73.071,76.548,79.87,82.996,85.614,87.724,89.287,90.225,90.693,90.615,90.225,89.56,88.74,87.685,86.63,85.496,84.481,83.543,82.683,81.862,81.12,80.417,79.752,79.166,78.541,77.799,76.978,76.04,74.985,73.852,72.68,71.429,70.101,68.811,67.6,66.506,65.49,64.669,63.927,63.224,62.755,62.364,62.13,61.934,61.856,61.934,62.051,62.247,62.442,62.677,62.989,63.224,63.536,63.81,64.044,64.318,64.474,64.63,64.669,64.748,64.669,64.669,64.552,64.435,64.24,64.005,63.693,63.38,63.067,62.755,62.364,61.934,61.504,61.035,60.606,60.176,59.785,59.433,59.004,58.535,58.105,57.753,57.362,56.972,56.659,56.307,55.995,55.682,55.409,55.174,54.94,54.744,54.549,54.354,54.158,54.119,54.002,53.924,53.728,53.611,53.494,53.416,53.494,53.807,54.354,55.291,56.737,58.535,60.879,63.536,66.506,69.671,72.992,76.314,79.557,82.605,85.301,87.489,89.13,90.225,90.811,90.928,90.733,90.225,89.599,88.818,87.919,86.942,86.004,85.067,84.246,83.425,82.605,81.862,81.198,80.495,79.87,79.166,78.424,77.603,76.665,75.689,74.634,73.5,72.289,71.117,69.984,68.929,67.913,67.053,66.232,65.568,64.943,64.357,63.927,63.614,63.302,63.106,62.911,62.794,62.755,62.755,62.677,62.677,62.677,62.755,62.677,62.677,62.598,62.559,62.481,62.364,62.286,62.169,62.051,61.973,61.856,61.661,61.543,61.348,61.192,60.996,60.801,60.567,60.371,60.098,59.941,59.668,59.433,59.121,58.847,58.613,58.3,58.066,57.753,57.48,57.167,56.854,56.542,56.229,55.917,55.604,55.37,55.096,54.783,54.549,54.314,54.041,53.807,53.611,53.377,53.181,52.908,52.751,52.556,52.478,52.556,52.869,53.494,54.549,56.034,57.988,60.293,63.067,65.998,69.163,72.367,75.689,78.815,81.823,84.363,86.434,88.036,89.17,89.873,90.185,90.185,89.912,89.443,88.818,87.997,87.177,86.239,85.301,84.441,83.621,82.8,82.058,81.315,80.573,79.87,79.166,78.424,77.564,76.665,75.61,74.555,73.383,72.172,71,69.788,68.733,67.678,66.74,65.881,65.099,64.357,63.732,63.185,62.755,62.364,62.13,61.934,61.817,61.817,61.817,61.817,61.856,61.934,62.051,62.169,62.286,62.364,62.442,62.442,62.442,62.364,62.286,62.169,62.13,61.973,61.817,61.543,61.348,61.192,61.035,60.801,60.567,60.293,60.059,59.785,59.551,59.316,59.121,58.847,58.613,58.378,58.066,57.753,57.44,57.128,56.854,56.503,56.19,55.877,55.487,55.174,54.862,54.549,54.314,54.002,53.728,53.494,53.22,53.064,52.791,52.595,52.439,52.283,52.283,52.595,53.181,54.158,55.604,57.48,59.746,62.442,65.295,68.421,71.664,74.946,78.111,81.042,83.699,85.848,87.607,88.857,89.599,89.912,89.912,89.599,89.13,88.505,87.724,86.981,86.161,85.418,84.676,84.012,83.308,82.605,81.862,81.12,80.378,79.557,78.736,77.877,76.861,75.806,74.634,73.422,72.172,70.921,69.749,68.616,67.6,66.662,65.803,64.982,64.24,63.614,63.067,62.598,62.247,61.934,61.739,61.622,61.504,61.426,61.426,61.426,61.426,61.504,61.543,61.661,61.661,61.739,61.739,61.661,61.661,61.661,61.622,61.504,61.348,61.231,61.114,60.996,60.801,60.606,60.371,60.176,59.941,59.668,59.433,59.16,58.847,58.613,58.3,58.066,57.753,57.48,57.167,56.815,56.503,56.112,55.721,55.409,55.057,54.744,54.432,54.119,53.807,53.494,53.181,52.908,52.673,52.361,52.126,51.853,51.54,51.306,51.11,51.071,51.071,51.306,51.853,52.869,54.354,56.307,58.691,61.504,64.552,67.795,71.195,74.634,77.916,81.042,83.855,86.239,87.997,89.13,89.756,89.873,89.56,88.857,87.919,86.864,85.809,84.754,83.738,82.878,82.136,81.433,80.807,80.26,79.635,79.049,78.424,77.681,76.861,75.923,74.868,73.696,72.445,71.117,69.749,68.382,67.053,65.881,64.748,63.732,62.794,62.051,61.348,60.801,60.41,60.098,59.98,59.941,60.059,60.254,60.488,60.723,61.114,61.504,61.934,62.364,62.794,63.224,63.614,64.005,64.24,64.474,64.63,64.669,64.669,64.552,64.435,64.161,63.927,63.614,63.302,62.989,62.598,62.247,61.817,61.309,60.879,60.41,59.98,59.472,59.043,58.535,58.105,57.675,57.245,56.815,56.346,55.995,55.565,55.174,54.783,54.471,54.158,53.924,53.689,53.416,53.22,53.064,52.908,52.791,52.673,52.556,52.439,52.361,52.439,52.595,53.181,54.119,55.565,57.44,59.785,62.559,65.685,69.007,72.367,75.728,79.127,82.253,84.988,87.294,89.052,90.225,90.85,91.045,90.85,90.381,89.599,88.622,87.567,86.551,85.496,84.559,83.738,82.996,82.292,81.667,81.042,80.495,79.87,79.166,78.424,77.564,76.626,75.571,74.36,73.188,71.937,70.687,69.476,68.303,67.248,66.232,65.373,64.63,64.005,63.419,62.911,62.598,62.286,62.13,62.051,61.973,61.973,61.973,62.051,62.169,62.247,62.286,62.364,62.442,62.442,62.442,62.364,62.286,62.247,62.13,62.051,61.934,61.817,61.739,61.622,61.504,61.348,61.231,61.114,60.918,60.723,60.567,60.371,60.098,59.863,59.629,59.316,59.043,58.73,58.417,58.066,57.753,57.362,56.972,56.659,56.307,55.917,55.604,55.291,54.979,54.666,54.354,54.041,53.807,53.494,53.299,53.064,52.791,52.556,52.361,52.283,52.439,52.791,53.611,54.783,56.425,58.496,60.996,63.81,66.936,70.179,73.422,76.744,79.948,82.878,85.496,87.607,89.17,90.225,90.811,91.006,90.733,90.225,89.482,88.622,87.685,86.747,85.848,84.988,84.246,83.504,82.8,82.136,81.511,80.729,79.987,79.166,78.307,77.291,76.236,75.063,73.852,72.602,71.351,70.179,69.046,67.991,67.053,66.193,65.373,64.63,64.005,63.497,63.067,62.755,62.559,62.364,62.247,62.169,62.169,62.247,62.286,62.364,62.481,62.598,62.755,62.794,62.794,62.872,62.794,62.794,62.755,62.598,62.481,62.364,62.169,61.973,61.817,61.543,61.309,61.035,60.801,60.606,60.371,60.059,59.785,59.551,59.238,58.925,58.613,58.3,58.066,57.792,57.48,57.245,56.933,56.62,56.307,55.917,55.682,55.37,55.096,54.783,54.627,54.354,54.158,54.002,53.728,53.533,53.377,53.103,52.908,52.791,52.791,52.986,53.377,54.158,55.37,56.933,59.004,61.426,64.161,67.17,70.374,73.618,76.861,79.987,82.8,85.223,87.255,88.662,89.678,90.185,90.381,90.107,89.599,88.935,88.193,87.294,86.473,85.692,84.91,84.246,83.543,82.878,82.253,81.55,80.807,80.065,79.323,78.502,77.603,76.626,75.571,74.36,73.188,71.937,70.687,69.554,68.421,67.444,66.506,65.607,64.787,64.122,63.536,63.067,62.598,62.364,62.169,62.051,62.051,62.13,62.247,62.442,62.559,62.677,62.755,62.872,62.911,62.989,63.067,63.067,62.989,62.911,62.872,62.677,62.481,62.247,62.051,61.817,61.543,61.348,61.114,60.879,60.606,60.371,60.098,59.785,59.551,59.316,59.004,58.73,58.496,58.222,57.909,57.675,57.362,57.05,56.737,56.346,56.112,55.799,55.487,55.252,54.94,54.666,54.354,54.119,53.846,53.689,53.494,53.299,53.103,52.908,52.751,52.595,52.556,52.673,53.064,53.807,54.94,56.425,58.417,60.801,63.419,66.35,69.476,72.758,76.001,79.127,82.058,84.676,86.786,88.427,89.482,90.107,90.303,90.107,89.678,88.974,88.193,87.294,86.434,85.496,84.598,83.699,82.878,82.058,81.355,80.612,79.948,79.244,78.541,77.877,77.056,76.197,75.181,74.126,72.914,71.664,70.492,69.319,68.186,67.053,66.037,65.177,64.318,63.614,62.989,62.481,62.051,61.739,61.504,61.309,61.192,61.114,61.114,61.114,61.231,61.309,61.426,61.543,61.622,61.739,61.817,61.856,61.973,61.973,62.051,61.973,61.973,61.934,61.934,61.856,61.817,61.661,61.543,61.348,61.114,60.879,60.606,60.254,59.941,59.551,59.16,58.808,58.417,58.066,57.597,57.167,56.737,56.307,55.877,55.409,55.057,54.666,54.236,53.846,53.533,53.181,52.869,52.556,52.165,51.931,51.618,51.423,51.188,50.915,50.759,50.602,50.485,50.602,50.993,51.736,52.908,54.627,56.737,59.355,62.364,65.685,69.163,72.758,76.353,79.791,82.996,85.809,87.997,89.56,90.615,91.162,91.241,91.006,90.381,89.482,88.505,87.372,86.317,85.184,84.168,83.191,82.292,81.511,80.69,79.948,79.166,78.424,77.603,76.744,75.728,74.673,73.422,72.172,71,69.749,68.616,67.483,66.506,65.568,64.669,64.005,63.38,62.872,62.481,62.169,61.973,61.856,61.817,61.856,61.973,62.13,62.364,62.559,62.794,62.989,63.224,63.497,63.693,63.849,64.005,64.161,64.24,64.318,64.318,64.24,64.161,64.122,64.005,63.732,63.536,63.224,62.989,62.677,62.286,61.934,61.543,61.114,60.684,60.293,59.941,59.472,59.043,58.613,58.222,57.792,57.44,57.05,56.659,56.307,55.995,55.682,55.409,55.096,54.783,54.627,54.354,54.158,54.002,53.846,53.689,53.533,53.377,53.181,53.103,53.103,53.377,53.846,54.783,56.112,57.909,60.098,62.677,65.568,68.616,71.859,75.181,78.424,81.511,84.285,86.669,88.544,89.912,90.733,91.123,91.045,90.693,90.068,89.248,88.349,87.411,86.551,85.692,84.793,84.012,83.113,82.292,81.55,80.807,80.065,79.323,78.541,77.76,76.861,75.884,74.79,73.696,72.484,71.312,70.179,69.046,67.991,66.975,66.115,65.373,64.63,64.044,63.536,63.106,62.794,62.559,62.364,62.247,62.169,62.169,62.247,62.286,62.442,62.481,62.598,62.677,62.755,62.755,62.755,62.755,62.677,62.559,62.481,62.364,62.247,62.13,61.973,61.817,61.622,61.426,61.192,60.918,60.684,60.488,60.254,59.98,59.785,59.472,59.238,58.925,58.691,58.378,58.066,57.753,57.44,57.128,56.815,56.425,56.112,55.799,55.487,55.174,54.862,54.627,54.354,54.119,53.846,53.689,53.416,53.181,52.908,52.751,52.556,52.478,52.595,52.908,53.611,54.666,56.19,58.105,60.488,63.185,66.115,69.241,72.484,75.806,79.01,81.98,84.598,86.747,88.427,89.599,90.225,90.498,90.381,89.912,89.287,88.505,87.607,86.747,85.848,85.106,84.363,83.621,82.918,82.253,81.55,80.886,80.182,79.44,78.697,77.799,76.822,75.728,74.634,73.383,72.172,70.921,69.671,68.538,67.483,66.545,65.685,64.943,64.24,63.614,63.185,62.755,62.442,62.169,62.051,61.934,61.934,61.934,61.934,61.973,62.13,62.247,62.364,62.481,62.559,62.598,62.677,62.755,62.755,62.755,62.598,62.559,62.442,62.286,62.13,61.856,61.661,61.426,61.192,60.918,60.684,60.371,60.098,59.785,59.472,59.16,58.847,58.535,58.222,57.988,57.675,57.362,57.05,56.737,56.425,56.112,55.799,55.487,55.174,54.862,54.627,54.354,54.119,53.924,53.728,53.533,53.299,53.103,52.908,52.673,52.478,52.439,52.439,52.595,53.103,53.924,55.174,56.854,58.925,61.348,64.122,67.131,70.257,73.5,76.744,79.948,82.8,85.301,87.294,88.818,89.756,90.225,90.381,90.107,89.56,88.74,87.919,86.981,86.161,85.379,84.676,83.933,83.308,82.683,82.136,81.55,80.925,80.299,79.635,78.815,77.916,76.939,75.884,74.673,73.422,72.172,70.921,69.671,68.538,67.483,66.506,65.607,64.865,64.161,63.614,63.106,62.677,62.364,62.169,62.051,61.973,61.934,61.973,62.051,62.13,62.169,62.286,62.364,62.442,62.481,62.481,62.481,62.442,62.442,62.286,62.169,62.051,61.934,61.817,61.622,61.426,61.309,61.114,60.879,60.684,60.488,60.254,59.98,59.746,59.472,59.238,59.043,58.808,58.535,58.3,57.988,57.675,57.362,57.05,56.737,56.425,56.19,55.877,55.565,55.252,54.94,54.627,54.354,54.119,53.846,53.689,53.416,53.22,52.986,52.791,52.673,52.673,52.869,53.416,54.314,55.604,57.362,59.551,62.13,64.943,67.913,71.117,74.321,77.486,80.573,83.386,85.731,87.607,88.974,89.873,90.303,90.303,90.068,89.482,88.857,88.036,87.255,86.473,85.731,85.106,84.481,83.855,83.23,82.605,81.98,81.315,80.612,79.791,78.932,77.916,76.861,75.728,74.477,73.227,71.976,70.804,69.671,68.616,67.678,66.74,65.92,65.256,64.63,64.005,63.497,63.106,62.755,62.481,62.286,62.13,62.051,62.051,62.13,62.13,62.169,62.169,62.247,62.286,62.364,62.364,62.364,62.364,62.286,62.247,62.169,62.051,61.934,61.739,61.622,61.426,61.231,61.035,60.801,60.567,60.293,60.059,59.746,59.433,59.16,58.847,58.535,58.222,57.909,57.597,57.284,56.972,56.62,56.307,55.917,55.604,55.252,54.94,54.627,54.314,54.002,53.728,53.416,53.181,52.908,52.673,52.439,52.244,52.009,51.814,51.618,51.501,51.423,51.501,51.853,52.556,53.728,55.291,57.362,59.785,62.598,65.685,68.929,72.25,75.571,78.815,81.862,84.559,86.786,88.505,89.599,90.225,90.381,90.107,89.56,88.74,87.802,86.864,86.004,85.106,84.285,83.543,82.878,82.175,81.55,80.886,80.26,79.557,78.736,77.877,76.939,75.806,74.673,73.422,72.133,70.804,69.437,68.186,66.975,65.881,64.865,63.927,63.185,62.442,61.856,61.348,60.996,60.723,60.567,60.567,60.567,60.606,60.801,60.996,61.231,61.426,61.661,61.856,62.13,62.364,62.559,62.755,62.911,63.067,63.185,63.224,63.224,63.224,63.185,63.067,62.911,62.677,62.442,62.169,61.856,61.504,61.114,60.723,60.293,59.941,59.472,59.043,58.691,58.222,57.87,57.44,57.05,56.62,56.229,55.877,55.409,55.096,54.744,54.432,54.158,53.924,53.689,53.416,53.181,52.986,52.869,52.751,52.595,52.439,52.283,52.244,52.244,52.439,52.869,53.611,54.783,56.425,58.496,60.996,63.81,66.858,70.101,73.383,76.665,79.948,82.918,85.536,87.724,89.365,90.42,91.006,91.045,90.733,90.107,89.248,88.232,87.177,86.122,85.184,84.285,83.425,82.683,81.941,81.237,80.573,79.948,79.244,78.541,77.681,76.822,75.806,74.751,73.539,72.367,71.117,69.945,68.733,67.678,66.74,65.881,65.06,64.357,63.81,63.38,63.067,62.794,62.598,62.559,62.559,62.559,62.559,62.598,62.677,62.755,62.794,62.794,62.872,62.794,62.755,62.677,62.598,62.481,62.364,62.247,62.13,61.973,61.856,61.817,61.661,61.504,61.348,61.192,60.996,60.723,60.567,60.371,60.176,59.98,59.746,59.472,59.238,58.925,58.613,58.3,57.909,57.597,57.245,56.933,56.542,56.229,55.877,55.565,55.252,54.94,54.666,54.354,54.119,53.846,53.689,53.416,53.181,52.986,52.751,52.556,52.439,52.439,52.673,53.181,54.119,55.409,57.245,59.433,61.934,64.748,67.756,70.882,74.047,77.173,80.182,82.996,85.496,87.489,89.052,90.068,90.615,90.693,90.42,89.873,89.052,88.036,87.059,86.044,85.067,84.129,83.308,82.488,81.667,81.003,80.378,79.674,79.049,78.307,77.486,76.626,75.689,74.673,73.539,72.367,71.234,70.101,69.046,68.069,67.131,66.232,65.49,64.787,64.161,63.693,63.185,62.794,62.481,62.286,62.13,62.051,61.973,61.973,61.973,61.973,62.051,62.13,62.169,62.247,62.286,62.364,62.364,62.364,62.364,62.364,62.247,62.169,62.051,61.934,61.739,61.622,61.426,61.192,60.918,60.684,60.41,60.098,59.785,59.551,59.238,58.925,58.613,58.3,57.988,57.675,57.362,57.05,56.737,56.425,56.112,55.721,55.487,55.174,54.862,54.549,54.236,54.002,53.807,53.533,53.377,53.103,52.908,52.673,52.478,52.361,52.244,52.283,52.595,53.181,54.119,55.487,57.245,59.433,61.934,64.748,67.756,70.882,74.047,77.173,80.104,82.878,85.184,86.981,88.349,89.248,89.678,89.678,89.443,88.857,88.232,87.411,86.63,85.731,84.91,84.168,83.425,82.761,82.136,81.433,80.729,80.065,79.362,78.619,77.799,76.939,75.884,74.79,73.618,72.445,71.312,70.101,69.007,67.913,66.975,66.037,65.295,64.552,63.927,63.419,62.989,62.598,62.364,62.169,62.051,61.973,61.934,61.856,61.934,61.934,61.973,62.051,62.13,62.169,62.169,62.247,62.169,62.169,62.13,61.973,61.934,61.817,61.661,61.504,61.309,61.114,60.918,60.723,60.567,60.254,59.98,59.746,59.472,59.238,59.004,58.73,58.496,58.222,57.909,57.675,57.362,57.128,56.815,56.542,56.229,55.917,55.565,55.252,54.979,54.666,54.432,54.158,54.002,53.728,53.533,53.299,53.103,52.869,52.673,52.478,52.283,52.283,52.478,52.908,53.689,54.862,56.425,58.417,60.801,63.497,66.35,69.437,72.563,75.728,78.736,81.511,83.855,85.809,87.177,88.115,88.544,88.662,88.505,88.036,87.489,86.864,86.122,85.418,84.793,84.168,83.621,82.996,82.449,81.823,81.198,80.495,79.752,79.01,78.189,77.252,76.236,75.181,74.008,72.758,71.508,70.296,69.163,68.069,67.053,66.037,65.177,64.435,63.732,63.106,62.559,62.13,61.739,61.426,61.192,60.996,60.918,60.879,60.801,60.879,60.879,60.918,60.996,61.114,61.192,61.231,61.231,61.309,61.309,61.348,61.348,61.309,61.231,61.192,61.114,60.996,60.879,60.684,60.488,60.293,60.059,59.785,59.551,59.316,59.004,58.691,58.378,58.066,57.753,57.44,57.05,56.737,56.346,55.995,55.604,55.252,54.94,54.549,54.158,53.846,53.533,53.22,52.908,52.595,52.283,52.048,51.814,51.54,51.306,51.071,50.798,50.68,50.602,50.759,51.188,52.048,53.299,55.057,57.245,59.863,62.794,65.998,69.358,72.758,76.118,79.362,82.37,84.91,86.942,88.349,89.248,89.599,89.56,89.17,88.544,87.724,86.786,85.848,84.91,84.012,83.113,82.292,81.511,80.729,79.987,79.166,78.385,77.603,76.744,75.806,74.79,73.696,72.484,71.234,69.945,68.616,67.366,66.232,65.177,64.318,63.497,62.872,62.286,61.817,61.426,61.192,61.035,60.996,61.035,61.231,61.426,61.661,61.934,62.247,62.598,62.911,63.302,63.614,63.927,64.161,64.435,64.63,64.748,64.787,64.748,64.669,64.474,64.318,64.044,63.693,63.302,62.911,62.481,62.051,61.622,61.192,60.723,60.254,59.785,59.355,58.925,58.496,58.105,57.792,57.44,57.05,56.659,56.307,55.995,55.604,55.291,55.057,54.783,54.549,54.314,54.041,53.846,53.728,53.533,53.416,53.299,53.22,53.103,52.986,52.908,52.908,53.22,53.807,54.744,56.112,57.909,60.176,62.755,65.685,68.85,72.133,75.376,78.619,81.667,84.441,86.747,88.622,89.912,90.693,91.006,90.85,90.42,89.795,89.052,88.115,87.099,86.122,85.067,84.012,83.074,82.175,81.355,80.69,79.948,79.323,78.619,77.916,77.134,76.236,75.298,74.243,73.11,71.976,70.882,69.788,68.733,67.756,66.819,65.998,65.256,64.63,64.044,63.614,63.224,62.989,62.872,62.755,62.677,62.677,62.755,62.794,62.911,62.989,63.106,63.185,63.185,63.224,63.224,63.224,63.185,63.067,62.911,62.794,62.677,62.481,62.364,62.169,61.973,61.817,61.543,61.348,61.114,60.879,60.606,60.371,60.098,59.785,59.551,59.238,59.004,58.691,58.378,58.105,57.792,57.48,57.167,56.815,56.503,56.19,55.877,55.565,55.291,54.979,54.744,54.471,54.236,54.002,53.807,53.533,53.377,53.181,52.986,52.869,52.751,52.751,52.869,53.299,54.119,55.291,56.854,58.847,61.231,63.927,66.858,69.945,73.188,76.353,79.479,82.449,84.988,87.177,88.818,89.912,90.537,90.733,90.498,89.99,89.248,88.427,87.489,86.63,85.731,84.871,84.051,83.386,82.605,81.98,81.355,80.729,80.104,79.44,78.697,77.877,76.939,75.923,74.79,73.618,72.367,71.195,69.984,68.85,67.795,66.819,65.92,65.099,64.435,63.849,63.38,62.911,62.598,62.364,62.247,62.169,62.13,62.13,62.169,62.286,62.364,62.481,62.598,62.755,62.794,62.872,62.872,62.872,62.872,62.872,62.872,62.755,62.559,62.442,62.247,62.13,61.856,61.622,61.348,61.035,60.801,60.488,60.176,59.863,59.551,59.316,59.004,58.691,58.378,58.066,57.753,57.44,57.128,56.815,56.503,56.19,55.877,55.565,55.291,55.057,54.783,54.549,54.314,54.119,53.924,53.728,53.533,53.377,53.181,52.986,52.869,52.791,52.986,53.416,54.236,55.409,57.05,59.043,61.426,64.122,66.975,70.062,73.188,76.353,79.44,82.292,84.793,86.864,88.349,89.365,89.912,90.068,89.873,89.365,88.74,87.997,87.177,86.434,85.614,84.91,84.246,83.621,82.996,82.37,81.745,81.12,80.495,79.791,79.049,78.189,77.252,76.236,75.102,74.008,72.797,71.625,70.413,69.358,68.303,67.366,66.506,65.685,64.982,64.318,63.732,63.302,62.872,62.559,62.286,62.13,61.973,61.856,61.856,61.856,61.934,61.973,62.051,62.169,62.247,62.286,62.364,62.442,62.481,62.481,62.481,62.481,62.442,62.364,62.247,62.13,61.973,61.817,61.622,61.348,61.114,60.879,60.606,60.293,59.98,59.668,59.355,59.004,58.691,58.378,58.066,57.753,57.44,57.128,56.737,56.425,56.034,55.799,55.487,55.252,54.94,54.666,54.432,54.236,54.002,53.807,53.689,53.494,53.299,53.064,52.869,52.791,52.791,53.103,53.689,54.627,55.917,57.675,59.863,62.364,65.06,67.991,71.117,74.321,77.564,80.69,83.504,86.004,87.919,89.365,90.225,90.693,90.693,90.381,89.756,89.052,88.31,87.411,86.63,85.731,84.988,84.246,83.543,82.918,82.292,81.667,81.042,80.378,79.635,78.854,77.994,77.056,75.923,74.79,73.618,72.367,71.195,69.984,68.85,67.874,66.858,66.037,65.256,64.552,63.927,63.419,62.989,62.677,62.364,62.13,61.934,61.817,61.661,61.622,61.622,61.622,61.543,61.543,61.543,61.543,61.543,61.543,61.504,61.426,61.348,61.309,61.231,61.192,61.035,60.996,60.879,60.723,60.606,60.41,60.293,60.098,59.941,59.746,59.472,59.316,59.043,58.808,58.535,58.222,57.988,57.675,57.362,56.972,56.62,56.307,55.917,55.604,55.252,54.94,54.627,54.236,53.924,53.533,53.299,52.986,52.751,52.478,52.244,52.009,51.736,51.501,51.306,51.188,51.228,51.54,52.244,53.299,54.783,56.737,59.121,61.934,64.982,68.225,71.625,75.063,78.385,81.433,84.168,86.434,88.115,89.287,89.912,90.107,89.912,89.365,88.622,87.724,86.786,85.848,84.988,84.168,83.425,82.683,81.941,81.237,80.573,79.87,79.127,78.307,77.369,76.353,75.259,74.047,72.758,71.351,69.945,68.538,67.287,66.115,64.982,64.005,63.106,62.286,61.661,61.114,60.684,60.371,60.176,60.098,60.098,60.176,60.371,60.567,60.801,61.192,61.504,61.856,62.247,62.598,62.989,63.302,63.614,63.849,64.044,64.24,64.357,64.357,64.357,64.318,64.122,63.927,63.693,63.38,63.067,62.677,62.247,61.817,61.426,60.996,60.567,60.098,59.668,59.238,58.847,58.417,57.988,57.558,57.128,56.659,56.229,55.799,55.409,55.057,54.666,54.354,54.002,53.689,53.377,53.103,52.869,52.673,52.478,52.244,52.048,51.853,51.736,51.696,51.814,52.126,52.869,54.002,55.604,57.675,60.293,63.224,66.428,69.866,73.383,76.939,80.417,83.621,86.473,88.74,90.42,91.436,91.866,91.944,91.631,91.006,90.185,89.248,88.232,87.255,86.239,85.301,84.441,83.621,82.878,82.058,81.315,80.573,79.791,79.049,78.189,77.252,76.197,75.063,73.852,72.602,71.351,70.101,69.007,67.913,66.936,66.037,65.256,64.552,64.005,63.497,63.106,62.794,62.598,62.481,62.442,62.442,62.481,62.598,62.677,62.794,62.872,62.911,62.989,63.067,63.106,63.067,63.067,62.989,62.911,62.872,62.794,62.755,62.598,62.481,62.364,62.247,62.051,61.856,61.661,61.504,61.231,61.035,60.801,60.488,60.176,59.863,59.472,59.16,58.847,58.535,58.222,57.87,57.48,57.128,56.737,56.425,56.034,55.721,55.409,55.096,54.783,54.549,54.314,54.041,53.807,53.533,53.377,53.103,52.908,52.673,52.478,52.439,52.556,52.908,53.611,54.666,56.229,58.183,60.567,63.302,66.311,69.437,72.758,76.04,79.362,82.449,85.067,87.255,88.857,89.912,90.42,90.498,90.225,89.678,88.974,88.193,87.372,86.551,85.809,85.106,84.441,83.816,83.191,82.566,81.98,81.315,80.612,79.791,78.932,77.994,76.939,75.728,74.477,73.188,71.937,70.609,69.437,68.225,67.17,66.115,65.256,64.435,63.693,63.067,62.481,62.13,61.817,61.543,61.348,61.309,61.309,61.348,61.504,61.661,61.856,62.13,62.286,62.481,62.598,62.794,62.989,63.106,63.302,63.497,63.536,63.614,63.614,63.614,63.536,63.419,63.38,63.185,62.911,62.677,62.364,61.973,61.622,61.231,60.801,60.293,59.863,59.355,58.925,58.378,57.87,57.362,56.854,56.346,55.799,55.291,54.862,54.354,53.924,53.494,53.064,52.595,52.244,51.931,51.618,51.384,51.11,50.915,50.68,50.563,50.368,50.29,50.29,50.485,51.071,52.009,53.377,55.252,57.597,60.41,63.614,67.053,70.687,74.321,77.877,81.355,84.481,87.255,89.365,90.85,91.67,91.944,91.748,91.162,90.303,89.248,88.115,86.981,85.848,84.871,83.933,83.074,82.253,81.433,80.69,79.948,79.127,78.385,77.564,76.665,75.689,74.673,73.539,72.367,71.195,70.062,68.929,67.913,67.053,66.232,65.49,64.943,64.435,64.044,63.849,63.732,63.81,63.927,64.122,64.474,64.943,65.373,65.881,66.35,66.819,67.248,67.6,67.874,68.108,68.303,68.382,68.303,68.225,68.069,67.874,67.561,67.287,66.936,66.545,66.115,65.724,65.295,64.943,64.552,64.122,63.732,63.419,63.106,62.755,62.481,62.169,61.856,61.543,61.309,60.996,60.723,60.41,60.176,59.941,59.668,59.433,59.16,58.925,58.691,58.378,58.066,57.753,57.48,57.167,56.933,56.62,56.229,55.917,55.604,55.409,55.37,55.565,56.112,57.128,58.613,60.488,62.872,65.568,68.499,71.664,74.946,78.189,81.315,84.285,86.864,88.974,90.498,91.319,91.631,91.436,90.85,90.068,89.13,87.997,86.786,85.614,84.481,83.504,82.488,81.55,80.729,79.948,79.166,78.424,77.76,76.978,76.118,75.259,74.243,73.11,71.937,70.726,69.476,68.303,67.17,66.115,65.177,64.318,63.536,62.911,62.442,62.051,61.817,61.622,61.543,61.543,61.622,58.535,58.183,57.753,57.362,56.972,56.62,56.19,55.721,55.291,54.94,54.549,54.236,53.846,53.494,53.181,52.869,52.556,52.283,52.048,51.814,51.54,51.384,51.188,50.993,50.915,50.993,51.384,52.009,53.064,54.549,56.346,58.613,61.114,63.849,66.819,69.788,72.875,76.001,79.01,81.667,84.051,86.004,87.567,88.622,89.248,89.443,89.248,88.818,88.193,87.411,86.551,85.614,84.598,83.543,82.566,81.667,80.807,79.987,79.166,78.385,77.564,76.744,75.806,74.868,73.852,72.68,71.547,70.374,69.241,68.108,67.053,66.037,65.099,64.161,63.38,62.598,61.973,61.504,61.035,60.723,60.567,60.41,60.293,60.254,60.254,60.254,60.293,60.41,60.488,60.567,60.684,60.723,60.801,60.879,60.879,60.879,60.879,60.879,60.879,60.801,60.723,60.684,60.567,60.41,60.293,60.098,59.863,59.668,59.433,59.238,59.004,58.73,58.496,58.183,57.87,57.48,57.167,56.854,56.503,56.19,55.799,55.487,55.174,54.783,54.471,54.119,53.807,53.494,53.181,52.908,52.595,52.439,52.165,51.931,51.696,51.423,51.228,51.071,51.071,51.306,51.814,52.595,53.846,55.487,57.558,59.863,62.481,65.295,68.225,71.234,74.36,77.447,80.299,82.878,85.067,86.786,88.036,88.818,89.13,89.052,88.622,87.88,86.981,86.044,85.184,84.285,83.504,82.761,82.058,81.355,80.729,80.104,79.557,78.854,78.111,77.291,76.353,75.376,74.243,73.071,71.82,70.609,69.358,68.186,67.131,66.037,65.099,64.318,63.536,62.872,62.286,61.739,61.348,60.996,60.723,60.567,60.488,60.488,60.41,60.41,60.41,60.488,60.488,60.567,60.606,60.606,60.723,60.801,60.801,60.801,60.801,60.723,60.684,60.606,60.567,60.41,60.371,60.176,60.059,59.785,59.629,59.433,59.16,58.925,58.73,58.496,58.222,57.909,57.675,57.362,57.05,56.737,56.346,56.034,55.682,55.37,54.979,54.666,54.354,54.002,53.689,53.416,53.181,52.908,52.673,52.439,52.244,52.009,51.814,51.54,51.384,51.188,51.188,51.306,51.736,52.478,53.689,55.252,57.245,59.551,62.051,64.787,67.756,70.726,73.735,76.665,79.44,81.941,84.051,85.731,86.981,87.802,88.193,88.193,87.919,87.411,86.786,86.122,85.301,84.481,83.738,82.996,82.292,81.667,81.042,80.495,79.948,79.323,78.619,77.799,76.939,76.001,74.946,73.813,72.602,71.429,70.179,69.007,67.913,66.936,65.998,65.099,64.318,63.614,63.067,62.481,62.051,61.622,61.348,61.114,60.918,60.801,60.723,60.684,60.684,60.723,60.723,60.723,60.723,60.723,60.723,60.684,60.606,60.567,60.488,60.41,60.371,60.254,60.098,59.941,59.746,59.551,59.355,59.121,58.847,58.613,58.3,57.988,57.753,57.48,57.284,57.05,56.737,56.503,56.19,55.917,55.604,55.291,54.979,54.744,54.432,54.119,53.807,53.494,53.181,52.869,52.556,52.283,52.048,51.814,51.501,51.228,50.993,50.759,50.485,50.29,50.173,50.173,50.485,51.071,52.009,53.299,55.096,57.284,59.863,62.677,65.607,68.694,71.82,74.985,78.111,80.925,83.386,85.379,86.864,87.88,88.505,88.662,88.505,87.997,87.294,86.434,85.496,84.559,83.699,82.8,82.058,81.433,80.807,80.104,79.479,78.736,77.994,77.173,76.236,75.259,74.047,72.797,71.508,70.257,68.929,67.678,66.545,65.49,64.474,63.614,62.794,62.13,61.543,61.035,60.606,60.254,59.98,59.863,59.785,59.863,59.941,60.059,60.254,60.41,60.684,60.879,61.114,61.348,61.543,61.739,61.934,62.051,62.13,62.247,62.286,62.286,62.286,62.169,62.051,61.817,61.543,61.309,61.035,60.801,60.41,60.098,59.746,59.355,59.004,58.613,58.222,57.792,57.44,56.972,56.542,56.19,55.721,55.291,54.94,54.627,54.236,53.846,53.494,53.103,52.751,52.439,52.126,51.853,51.54,51.306,51.071,50.798,50.602,50.368,50.251,50.173,50.368,50.798,51.696,52.986,54.783,56.972,59.629,62.481,65.568,68.694,71.937,75.102,78.307,81.237,83.855,86.044,87.685,88.857,89.482,89.756,89.56,89.13,88.349,87.489,86.551,85.614,84.598,83.699,82.8,81.98,81.198,80.378,79.635,78.815,77.916,76.978,76.001,74.946,73.813,72.602,71.351,70.179,69.007,67.874,66.819,65.881,65.06,64.318,63.614,63.067,62.559,62.247,61.934,61.739,61.543,61.426,61.348,61.348,61.504,61.622,61.739,61.817,61.934,61.973,62.051,62.169,62.247,62.364,62.442,62.442,62.442,62.442,62.364,62.286,62.247,62.13,61.973,61.817,61.622,61.309,60.918,60.567,60.176,59.785,59.433,59.004,58.613,58.183,57.792,57.48,57.167,56.854,56.62,56.307,55.995,55.682,55.291,54.979,54.666,54.354,54.002,53.689,53.416,53.22,52.986,52.791,52.556,52.361,52.165,52.009,51.736,51.618,51.618,51.853,52.283,53.103,54.314,55.877,57.909,60.293,62.911,65.803,68.733,71.859,74.985,78.111,81.042,83.699,85.848,87.567,88.74,89.443,89.678,89.56,89.17,88.505,87.685,86.786,85.926,85.067,84.246,83.425,82.605,81.941,81.198,80.495,79.791,79.127,78.385,77.564,76.665,75.806,74.751,73.696,72.563,71.429,70.374,69.319,68.303,67.366,66.428,65.607,64.865,64.161,63.614,63.106,62.677,62.286,62.051,61.856,61.739,61.661,61.622,61.622,61.543,61.543,61.622,61.661,61.739,61.817,61.856,61.856,61.856,61.856,61.817,61.817,61.817,61.817,61.817,61.739,61.661,61.543,61.426,61.309,61.035,60.801,60.488,60.254,59.98,59.668,59.355,59.043,58.73,58.417,58.183,57.87,57.558,57.284,56.972,56.659,56.307,55.995,55.682,55.37,55.057,54.744,54.471,54.158,53.924,53.689,53.416,53.22,52.986,52.791,52.556,52.361,52.165,52.126,52.165,52.556,53.181,54.236,55.682,57.558,59.785,62.364,65.177,68.186,71.312,74.477,77.603,80.573,83.113,85.301,87.099,88.427,89.365,89.873,89.99,89.795,89.365,88.818,88.036,87.255,86.356,85.418,84.559,83.738,82.918,82.136,81.433,80.69,79.987,79.244,78.502,77.681,76.744,75.728,74.673,73.539,72.367,71.234,70.062,69.007,67.913,66.975,66.115,65.373,64.748,64.122,63.536,63.106,62.755,62.481,62.247,62.13,61.973,61.934,61.856,61.856,61.934,61.973,62.051,62.13,62.169,62.247,62.286,62.286,62.286,62.286,62.247,62.247,62.169,62.051,61.973,61.856,61.739,61.543,61.348,61.192,60.996,60.723,60.567,60.293,60.059,59.785,59.472,59.16,58.847,58.613,58.3,57.988,57.675,57.284,56.972,56.659,56.307,55.995,55.604,55.37,55.057,54.783,54.549,54.236,53.924,53.689,53.416,53.22,52.986,52.751,52.478,52.283,52.283,52.478,52.986,53.846,55.096,56.815,58.847,61.309,64.122,67.053,70.257,73.422,76.626,79.674,82.566,84.988,86.981,88.505,89.482,89.99,90.068,89.795,89.248,88.544,87.802,86.981,86.161,85.379,84.676,84.012,83.386,82.683,82.058,81.433,80.729,80.065,79.323,78.502,77.681,76.665,75.61,74.477,73.383,72.25,71.117,69.984,68.929,67.991,67.053,66.232,65.412,64.748,64.161,63.614,61.231,61.114,61.035,60.879,60.723,60.567,60.371,60.098,59.941,59.629,59.355,59.043,58.73,58.417,58.183,57.87,57.48,57.128,56.737,56.346,55.995,55.604,55.252,54.862,54.549,54.158,53.807,53.494,53.103,52.791,52.556,52.244,51.931,51.696,51.384,51.11,50.876,50.759,50.759,50.993,51.618,52.595,54.041,55.877,58.183,60.918,63.927,67.131,70.413,73.813,77.134,80.299,83.191,85.614,87.607,89.052,89.912,90.303,90.303,89.912,89.248,88.349,87.372,86.356,85.418,84.481,83.699,82.918,82.253,81.55,80.886,80.182,79.44,78.619,77.681,76.626,75.493,74.243,72.914,71.547,70.179,68.811,67.561,66.35,65.295,64.357,63.536,62.794,62.247,61.739,61.426,61.231,61.114,61.035,61.114,61.309,61.543,61.817,62.13,62.442,62.755,63.106,63.419,63.81,64.122,64.435,64.669,64.865,64.982,65.06,65.06,64.982,64.943,64.787,64.63,64.318,64.005,63.614,63.185,62.677,62.169,61.661,61.856,61.856,61.934,61.934,61.973,61.973,61.973,61.973,61.973,61.973,61.973,61.934,61.856,61.739,61.622,61.426,61.309,61.114,60.918,60.723,60.567,60.293,59.98,59.668,59.355,59.043,58.73,58.417,58.105,57.792,57.48,57.167,56.854,56.503,56.19,55.877,55.487,55.096,54.783,54.471,54.119,53.807,53.533,53.22,52.986,52.673,52.439,52.244,52.009,51.814,51.54,51.384,51.11,50.915,50.798,50.759,50.993,51.501,52.361,53.611,55.252,57.284,59.746,62.559,65.568,68.85,72.172,75.571,78.736,81.667,84.246,86.317,87.802,88.818,89.287,89.443,89.17,88.622,87.88,87.059,86.122,85.223,84.363,83.504,82.683,81.862,81.12,80.378,79.674,78.932,78.111,77.291,76.353,75.376,74.321,73.188,71.937,70.687,69.358,68.108,66.936,65.881,64.787,63.927,63.106,62.442,61.817,61.309,60.879,60.606,60.371,60.293,60.254,60.293,60.41,60.567,60.723,60.996,61.231,61.504,61.739,61.973,62.247,62.481,62.677,62.872,62.989,63.067,63.067,62.989,62.911,62.794,62.598,62.364,62.13,61.817,61.504,61.114,60.723,60.293,59.941,59.551,59.121,58.73,58.378,57.988,57.597,57.245,56.854,56.503,56.112,55.799,55.487,55.174,54.862,54.549,54.314,54.002,53.728,53.494,53.22,53.064,52.869,52.751,52.595,52.478,52.283,52.165,52.048,51.853,51.736,51.696,51.736,52.009,52.478,53.416,54.744,56.503,58.691,61.231,64.122,67.287,70.609,74.008,77.447,80.729,83.738,86.356,88.349,89.873,90.733,91.045,91.006,90.42,89.599,88.544,87.411,86.239,85.106,84.051,82.996,82.058,81.237,80.495,79.87,79.166,78.541,77.877,77.056,76.236,75.298,74.321,73.188,71.976,70.804,69.632,68.499,67.444,66.428,65.568,64.787,64.122,63.497,62.989,62.598,62.286,62.13,61.973,61.973,61.973,61.973,62.13,62.169,62.286,62.442,62.559,62.598,62.755,62.794,62.794,62.872,62.872,62.872,62.872,62.794,62.755,62.598,62.481,62.286,62.169,61.973,61.817,61.543,61.309,61.035,60.801,60.488,60.254,59.941,59.668,59.355,59.004,58.613,58.3,57.909,57.558,57.167,56.815,56.425,56.034,55.682,55.37,55.057,54.744,54.471,54.158,53.924,53.689,53.494,53.299,53.103,52.908,52.751,52.556,52.439,52.283,52.361,52.556,52.986,53.728,54.94,56.503,58.496,60.879,63.497,66.428,69.554,72.797,76.118,79.323,82.37,85.067,87.255,88.935,90.068,90.615,90.693,90.381,89.795,88.974,88.036,87.099,86.122,85.223,84.441,83.699,82.918,82.253,81.55,80.807,80.104,79.44,78.619,77.76,76.861,75.884,74.868,73.813,72.68,71.508,70.374,69.319,68.225,67.248,66.311,65.49,64.748,64.044,63.497,62.989,62.598,62.364,62.169,62.051,61.973,61.973,62.051,62.13,62.247,62.364,62.442,62.559,62.598,62.677,62.677,62.598,62.559,62.481,62.442,62.286,62.169,62.051,61.934,61.739,61.543,61.348,61.192,60.918,60.723,60.488,60.254,59.98,59.746,59.472,59.238,58.925,58.691,58.378,58.066,57.792,57.48,57.167,56.854,56.542,56.229,55.917,55.604,55.291,54.979,54.744,54.432,54.158,53.924,53.728,53.494,53.299,53.103,52.908,52.751,52.478,52.283,52.126,52.048,52.009,52.126,52.478,53.181,54.236,55.721,57.597,59.863,62.481,65.373,68.421,71.625,74.946,78.189,81.355,84.168,86.669,88.544,89.912,90.733,91.123,91.006,90.537,89.756,88.818,87.724,86.747,85.692,84.754,83.855,82.996,82.175,81.433,80.729,80.065,79.362,78.697,77.916,77.134,76.236,75.376,74.321,73.227,72.133,71,69.866,68.733,67.756,66.74,65.881,65.06,64.318,63.693,63.106,62.677,62.364,62.13,61.934,61.817,61.739,61.661,61.661,61.739,61.817,61.856,61.934,61.973,62.051,62.13,62.13,62.13,62.13,62.13,62.051,61.973,61.934,61.856,61.739,61.661,61.504,61.309,61.114,60.918,60.723,60.488,60.254,59.98,59.746,59.472,59.16,58.925,58.613,58.3,57.988,57.675,57.362,57.05,56.737,56.346,56.034,55.721,55.409,55.096,54.862,54.549,54.236,54.002,53.807,53.533,53.377,53.181,52.908,52.751,52.478,52.283,52.244,52.244,52.361,52.869,53.689,54.783,56.425,58.378,60.723,63.419,66.311,69.437,72.68,76.04,79.323,82.37,85.184,87.489,89.248,90.498,91.241,91.475,91.319,90.733,89.912,88.974,87.919,86.942,85.848,84.91,84.051,83.23,82.488,81.823,81.12,80.417,79.752,78.932,78.072,77.173,76.118,75.063,73.852,72.68,71.429,70.257,69.124,68.069,67.053,66.115,65.295,64.63,64.005,63.419,62.989,62.598,62.364,62.13,61.973,61.856,61.817,61.817,61.856,61.934,61.973,62.051,62.13,62.169,62.247,62.286,62.286,62.286,62.286,62.247,62.169,62.13,62.051,61.934,61.817,61.661,61.543,61.348,61.192,60.996,60.723,60.488,60.254,60.059,59.785,59.551,59.238,58.925,58.613,58.3,57.988,57.753,57.44,57.128,56.815,56.503,56.19,55.877,55.487,55.174,54.94,54.627,54.354,54.119,53.846,53.611,53.377,53.181,52.908,52.751,52.556,52.361,52.165,52.048,52.048,52.244,52.673,53.377,54.471,55.995,57.988,60.293,62.989,65.881,69.007,72.289,75.728,79.049,82.175,84.91,87.255,88.974,90.225,90.928,91.162,90.928,90.381,89.56,88.622,87.607,86.63,85.614,84.676,83.855,83.074,82.37,81.745,81.12,80.495,79.87,79.166,78.424,77.603,76.665,75.689,74.634,73.422,72.172,70.921,69.749,68.538,67.444,66.35,65.412,64.474,63.732,63.067,62.481,61.973,61.622,61.309,61.114,60.996,60.918,60.879,60.918,61.035,61.192,61.309,61.426,61.622,61.739,61.817,61.934,61.973,62.051,62.051,62.051,62.051,62.051,62.051,61.973,61.856,61.739,61.622,61.426,61.231,60.996,60.723,60.488,60.254,59.941,59.551,59.16,58.808,58.496,58.066,57.675,57.245,56.854,56.503,56.112,55.682,55.291,54.979,54.627,54.236,53.924,53.611,53.299,52.986,52.751,52.478,52.244,52.009,51.814,51.618,51.423,51.188,51.071,50.915,50.915,51.071,51.501,52.244,53.416,55.057,57.167,59.668,62.481,65.607,68.929,72.367,75.884,79.244,82.449,85.223,87.607,89.365,90.537,91.241,91.358,91.123,90.42,89.56,88.544,87.489,86.317,85.106,84.012,82.996,81.98,81.042,80.182,79.362,78.619,77.799,76.939,76.04,75.102,74.047,72.914,71.742,70.492,69.241,68.069,66.858,65.803,64.787,63.927,63.185,62.481,61.934,61.504,61.114,60.801,60.606,60.567,60.567,60.684,60.879,61.035,61.348,61.661,62.051,62.442,62.794,63.106,63.497,63.849,64.122,64.357,64.552,64.669,64.669,64.669,64.552,64.435,64.161,63.927,63.614,63.224,62.872,62.442,61.973,61.504,61.035,60.567,60.098,59.629,59.121,58.613,58.105,57.675,57.245,56.815,56.346,55.995,55.565,55.174,54.783,54.471,54.158,53.924,53.611,53.377,53.103,52.908,52.791,52.673,52.556,52.439,52.283,52.165,52.048,52.009,51.931,52.009,52.361,52.986,54.002,55.487,57.362,59.629,62.286,65.295,68.499,71.859,75.298,78.697,81.862,84.793,87.294,89.17,90.498,91.241,91.475,91.162,90.498,89.599,88.505,87.294,86.122,84.91,83.816,82.8,81.941,81.12,80.378,79.674,79.01,78.307,77.681,76.939,76.197,75.298,74.36,73.305,72.25,71.039,69.945,68.85,67.795,66.858,65.92,65.177,64.435,63.849,63.419,63.067,62.755,62.481,62.364,62.286,62.247,62.247,62.286,62.364,62.442,62.442,62.481,62.559,62.559,62.559,62.559,62.481,62.442,62.364,62.247,62.13,61.973,61.856,61.739,61.622,61.504,61.348,61.192,61.035,60.879,60.606,60.41,60.176,59.941,59.668,59.433,59.121,58.847,58.613,58.3,58.066,57.792,57.48,57.167,56.854,56.542,56.19,55.799,55.487,55.252,54.94,54.666,54.354,54.041,53.807,53.533,53.299,53.103,52.869,52.673,52.478,52.283,52.126,52.048,52.126,52.361,53.064,54.002,55.37,57.167,59.355,61.934,64.669,67.678,70.804,74.047,77.291,80.495,83.308,52.165,51.931,51.696,51.501,51.228,51.071,50.915,50.759,50.563,50.368,50.251,50.133,50.055,50.173,50.602,51.384,52.478,54.119,56.19,58.691,61.504,64.474,67.756,71.039,74.438,77.76,80.886,83.621,85.848,87.489,88.622,89.17,89.17,88.857,88.193,87.255,86.122,84.91,83.738,82.566,81.511,80.495,79.557,78.736,77.916,77.252,76.509,75.806,74.985,74.165,73.227,72.25,71.195,70.062,68.85,67.756,66.623,65.568,64.552,63.614,62.794,62.051,61.426,60.879,60.41,60.059,59.785,59.551,59.472,59.433,59.472,59.551,59.668,59.863,60.098,60.293,60.567,60.801,61.035,61.309,61.504,61.622,61.817,61.856,61.934,61.973,61.934,61.934,61.817,61.739,61.543,61.348,61.114,60.801,60.567,60.254,59.941,59.629,59.316,59.004,58.691,58.3,57.988,57.675,57.362,56.972,56.659,56.307,55.917,55.604,55.291,55.057,54.744,54.471,54.158,53.924,53.611,53.377,53.103,52.908,52.673,52.478,52.283,52.165,52.009,51.853,51.696,51.54,51.54,51.618,51.853,52.478,53.416,54.783,56.62,58.808,61.348,64.24,67.287,70.492,73.696,76.861,79.948,82.605,84.871,86.63,87.724,88.31,88.427,88.193,87.607,86.864,85.926,84.91,83.933,82.996,82.136,81.315,80.573,79.791,79.127,78.502,77.799,77.134,76.431,75.689,74.868,73.93,72.914,71.859,70.726,69.671,68.538,67.444,66.35,65.373,64.474,63.693,62.911,62.286,61.739,61.309,60.996,60.723,60.567,60.41,60.371,60.371,60.41,60.41,60.567,60.606,60.723,60.801,60.918,60.918,60.996,61.035,61.035,61.035,61.035,60.918,60.879,60.801,60.684,60.567,60.41,60.293,60.098,59.941,59.746,59.472,59.16,58.925,58.691,58.378,58.105,57.792,57.558,57.245,56.854,56.542,56.19,55.917,55.604,55.37,55.096,54.783,54.471,54.158,53.924,53.611,53.377,53.103,52.869,52.595,52.439,52.165,52.009,51.736,51.618,51.423,51.228,51.188,51.188,51.384,51.814,52.595,53.728,55.252,57.245,59.551,62.169,64.982,67.913,71.039,74.243,77.291,80.182,82.683,84.676,86.239,87.255,87.724,87.802,87.567,87.059,86.356,85.496,84.559,83.621,82.683,81.823,81.003,80.26,79.557,79.01,78.424,77.799,77.252,76.626,75.923,75.181,74.321,73.383,72.367,71.312,70.179,69.046,67.991,66.975,66.037,65.177,64.318,63.536,62.872,62.286,61.817,61.426,61.114,60.879,60.684,60.567,60.41,60.371,60.371,60.371,60.41,60.488,60.567,60.567,60.606,60.606,60.606,60.606,60.606,60.606,60.606,60.488,60.41,60.371,60.254,60.176,60.059,59.941,59.746,59.551,59.355,59.16,59.004,58.808,58.535,58.3,58.066,57.792,57.48,57.245,56.933,56.659,56.346,56.112,55.799,55.487,55.174,54.862,54.549,54.236,53.924,53.611,53.299,53.064,52.791,52.595,52.361,52.165,52.009,51.814,51.618,51.384,51.188,51.11,51.188,51.501,52.048,52.986,54.354,56.19,58.3,60.723,63.419,66.311,69.358,72.484,75.61,78.619,81.433,83.816,85.731,87.099,88.036,88.505,88.505,88.232,87.685,86.942,86.044,85.184,84.168,83.308,82.37,81.55,80.729,79.987,79.323,78.619,77.916,77.252,76.509,75.689,74.79,73.93,72.914,71.859,70.804,69.671,68.694,67.678,66.74,65.803,64.982,64.24,63.497,62.872,62.364,61.934,61.622,61.309,61.114,60.918,60.801,60.723,60.723,60.723,60.723,60.801,60.879,60.918,60.996,61.035,61.035,61.035,60.996,60.996,60.918,60.918,60.879,60.801,60.684,60.567,60.41,60.254,60.098,59.98,59.863,59.668,59.433,59.238,59.004,58.73,58.496,58.183,57.909,57.597,57.362,57.05,56.737,56.425,56.112,55.799,55.487,55.174,54.862,54.549,54.236,53.924,53.689,53.416,53.103,52.869,52.673,52.478,52.283,52.126,51.931,51.696,51.54,51.423,51.423,51.618,52.009,52.751,53.807,55.291,57.167,59.433,61.973,64.787,67.874,71,74.243,77.447,80.417,83.113,85.379,87.099,88.349,89.13,89.443,89.287,88.935,88.232,87.411,86.473,85.496,84.481,83.504,82.566,81.667,80.886,80.065,79.362,78.697,77.994,77.369,76.626,75.884,75.063,74.047,73.071,71.937,70.726,69.554,68.421,67.366,66.311,65.295,64.357,63.536,62.794,62.169,61.622,61.114,60.723,60.41,60.254,60.098,59.98,59.98,59.98,60.098,60.254,60.293,60.41,60.567,60.684,60.801,60.918,60.996,61.114,61.192,61.231,61.309,61.309,61.309,61.231,61.192,61.114,61.035,60.918,60.801,60.606,60.41,60.176,59.863,59.551,59.238,58.925,58.535,58.183,57.792,57.44,57.05,56.659,56.307,55.917,55.565,55.096,54.744,54.354,54.002,53.689,53.299,52.908,52.595,52.283,52.048,51.814,51.54,51.384,51.11,50.876,50.68,50.485,50.368,50.29,50.485,50.915,51.696,52.869,54.471,56.542,59.043,61.934,64.982,68.382,71.82,75.298,78.815,81.98,84.871,87.177,88.935,90.107,90.615,90.693,90.225,89.443,88.427,87.294,86.122,84.988,83.855,82.8,81.745,80.807,79.87,79.01,78.111,77.252,76.431,75.571,74.634,73.696,72.68,71.625,70.413,69.319,68.186,67.053,65.998,64.982,64.044,63.224,62.481,61.856,61.309,60.879,60.488,60.293,60.098,60.059,60.098,60.254,60.41,60.684,60.996,61.348,61.817,62.247,62.677,63.106,63.497,63.849,64.161,64.435,64.63,64.748,64.787,64.787,64.669,64.474,64.318,64.044,63.693,63.302,62.911,62.481,62.051,61.543,61.035,60.567,59.98,59.472,59.004,58.535,58.105,57.675,57.245,56.854,56.503,56.112,55.799,55.487,55.174,54.862,54.627,54.432,54.236,54.119,53.924,53.807,53.689,53.611,53.533,53.494,53.377,53.299,53.181,52.986,52.908,53.064,53.299,53.924,54.783,56.19,57.909,60.098,62.677,65.568,68.694,71.976,75.415,78.854,82.175,85.223,87.919,90.068,91.631,92.413,92.686,92.413,91.788,90.811,89.599,88.349,87.059,85.809,84.598,83.543,82.566,81.745,80.925,80.26,79.479,78.815,78.111,77.291,76.509,75.61,74.634,73.539,72.445,71.234,70.062,69.007,67.991,66.975,66.115,65.295,64.552,63.927,63.419,62.989,62.677,62.442,62.247,62.051,61.973,61.934,61.934,61.973,62.051,62.13,62.169,62.286,62.364,62.442,62.481,62.481,62.481,62.442,62.442,62.364,62.286,62.247,62.169,62.051,61.934,61.817,61.661,61.504,61.309,61.114,60.918,60.723,60.488,60.254,59.98,59.668,59.355,59.043,58.73,58.417,58.105,57.792,57.44,57.128,56.815,56.503,56.112,55.721,55.37,55.057,54.744,54.471,54.236,53.924,53.728,53.494,53.299,53.064,52.869,52.751,52.556,52.439,52.361,52.478,52.869,53.494,54.471,55.917,57.753,59.941,62.481,65.373,68.499,71.82,75.259,78.697,81.941,84.91,87.489,89.56,91.006,91.866,92.178,92.061,91.475,90.615,89.599,88.622,87.567,86.473,85.536,84.598,83.816,82.996,82.175,81.433,80.729,79.987,79.244,78.385,77.447,76.431,75.376,74.165,72.914,71.664,70.492,69.319,68.186,67.131,66.193,65.256,64.474,63.81,63.302,62.794,62.442,62.169,61.973,61.856,61.817,61.817,61.817,61.856,61.856,61.973,62.13,62.247,62.364,62.481,62.559,62.598,62.598,62.677,62.677,62.677,62.677,62.598,62.559,62.442,62.286,62.13,61.973,61.817,61.622,61.426,61.231,61.035,60.801,60.567,60.293,59.98,59.668,59.316,59.004,58.613,58.3,57.909,57.558,57.167,56.854,56.503,56.112,55.799,55.409,55.096,54.783,54.471,54.236,54.002,53.728,53.533,53.299,53.103,52.908,52.751,52.556,52.439,52.439,52.595,52.986,53.728,54.783,56.307,58.222,60.567,63.185,66.115,69.319,72.602,76.04,79.479,82.761,85.692,88.193,90.107,91.475,92.256,92.569,92.296,91.748,90.811,89.678,88.427,87.177,86.044,84.988,84.051,83.191,82.37,81.667,81.003,80.299,79.635,79.01,78.228,77.447,76.509,75.493,74.438,73.305,72.133,70.882,69.632,68.499,67.366,66.35,65.49,64.63,63.927,63.302,62.794,62.364,62.051,61.856,61.661,61.543,61.504,61.504,61.622,61.661,61.817,61.934,62.051,62.169,62.286,62.442,62.481,62.559,62.559,62.559,62.481,62.442,62.364,62.286,62.169,62.051,61.856,61.739,61.543,61.348,61.192,60.918,60.723,60.488,60.254,59.941,59.668,59.355,59.121,58.808,58.496,58.183,57.87,57.558,57.245,56.933,56.542,56.229,55.917,55.604,55.291,54.979,54.666,54.432,54.119,53.846,53.689,53.416,53.22,52.986,52.791,52.595,52.439,52.244,52.283,52.556,53.064,54.002,55.252,56.972,59.121,61.622,64.435,67.483,70.726,74.047,77.486,80.729,83.816,86.473,88.662,90.381,91.475,92.061,92.061,91.748,91.123,90.225,89.248,88.115,87.059,85.926,84.871,83.855,82.996,82.136,81.355,80.69,79.948,79.244,78.541,77.799,76.939,76.001,74.985,73.93,72.797,71.625,70.492,69.437,68.421,67.483,66.545,65.724,64.982,64.318,63.732,63.224,62.872,62.559,62.286,62.169,62.051,61.973,61.934,61.973,61.973,62.13,62.169,62.286,62.442,62.481,62.559,62.559,62.559,62.598,62.559,62.559,62.442,62.364,62.247,62.13,61.973,61.817,61.622,61.426,61.231,60.996,60.801,60.488,60.254,59.98,59.668,59.433,59.121,58.847,58.535,58.222,57.909,57.597,57.284,56.972,56.659,56.346,56.112,55.799,55.487,55.252,54.94,54.627,54.354,54.158,53.924,53.728,53.494,53.299,53.103,52.908,52.751,52.595,52.556,52.751,53.103,53.807,54.862,56.307,58.183,60.371,62.911,65.724,68.811,72.055,75.376,78.697,81.823,84.598,86.942,88.74,89.99,90.733,91.006,90.85,90.381,89.599,88.662,87.607,86.63,85.614,84.676,83.855,83.074,82.292,81.628,80.925,80.182,79.479,78.736,77.877,76.939,75.884,74.751,73.539,72.25,71,69.671,68.499,67.287,66.232,65.256,64.318,63.497,62.755,62.169,61.661,61.231,60.918,60.684,60.567,60.41,60.41,60.488,60.606,60.801,60.996,61.192,61.426,61.622,61.817,61.973,62.169,62.364,62.481,62.598,62.677,62.755,62.794,62.872,62.794,62.755,62.677,62.559,62.364,62.169,61.934,61.661,61.348,61.035,60.723,60.41,60.059,59.746,59.355,59.043,58.73,58.378,58.066,57.753,57.44,57.128,56.854,56.542,56.229,55.917,55.604,55.37,55.096,54.862,54.627,54.354,54.119,53.846,53.689,53.416,53.181,52.869,52.673,52.439,52.361,52.439,52.751,53.377,54.471,55.995,57.87,60.254,62.911,65.92,69.163,72.68,76.197,79.674,82.996,85.926,88.349,90.185,91.358,91.983,92.1,91.748,91.045,90.068,88.974,87.802,86.551,85.379,84.285,83.308,82.37,81.511,80.69,79.948,79.166,78.424,77.681,76.861,76.001,75.063,74.047,72.914,71.82,70.609,69.476,68.382,67.366,66.35,65.568,64.748,64.044,63.497,62.989,62.598,62.286,62.13,61.973,61.934,61.856,61.934,61.973,62.051,62.169,62.364,62.481,62.677,62.794,62.989,63.106,63.224,63.38,63.419,63.497,63.497,63.497,63.419,63.38,63.224,63.106,62.989,62.872,62.598,62.364,62.051,61.739,61.426,61.035,60.684,60.293,59.941,59.629,59.316,58.925,58.535,58.183,57.792,57.48,57.128,56.737,56.425,56.034,55.721,55.409,55.096,54.862,54.666,54.432,54.236,54.002,53.807,53.611,53.416,53.22,53.064,52.869,52.751,52.751,52.908,53.377,54.041,55.174,56.659,58.613,60.918,63.536,66.506,69.632,72.992,76.353,79.752,82.918,85.692,87.997,89.678,90.85,91.553,91.67,91.436,90.85,90.068,89.13,88.193,87.255,86.317,85.418,84.559,83.816,83.113,82.449,81.745,81.003,80.26,79.44,78.502,77.486,76.353,75.259,74.047,72.797,71.547,70.296,69.124,67.991,66.936,65.998,65.06,64.318,63.693,63.106,62.598,62.247,61.934,61.739,61.661,61.661,61.661,61.739,61.856,61.934,62.051,62.169,62.286,62.442,62.481,62.598,62.677,62.755,62.755,62.755,62.677,62.677,62.598,62.481,62.364,62.247,62.051,61.817,61.622,61.426,61.192,60.918,60.684,60.41,60.098,59.863,59.551,59.238,58.925,58.535,58.222,57.87,57.48,57.167,56.815,56.503,56.19,55.799,55.487,55.174,54.862,54.549,54.314,54.041,53.807,53.533,53.377,53.22,53.064,52.869,52.673,52.478,52.361,52.283,52.439,52.751,53.416,54.432,55.799,57.597,59.785,62.364,65.256,68.382,71.625,74.985,78.385,81.628,84.481,86.942,88.857,90.225,91.123,91.436,91.241,90.811,90.068,89.17,88.31,87.372,86.356,85.496,84.598,83.816,83.074,82.292,81.55,80.886,80.104,79.323,78.502,77.603,76.626,75.571,74.438,73.227,71.937,70.687,69.476,68.382,67.248,66.232,65.373,64.552,63.849,63.224,62.755,62.286,61.973,61.739,61.622,61.504,61.504,61.504,61.543,61.622,61.739,61.856,61.973,62.169,62.286,62.442,62.559,62.598,62.598,62.598,62.598,62.559,62.481,62.364,62.286,62.247,62.051,61.934,61.739,61.543,61.309,60.996,60.723,60.488,60.254,59.941,59.629,59.355,59.043,58.691,58.378,58.066,57.753,57.362,57.05,56.659,56.307,55.917,55.565,55.252,54.94,54.666,54.354,54.119,53.846,53.611,53.377,53.181,52.986,52.869,52.673,52.478,52.361,52.244,52.165,52.283,52.595,53.22,54.158,55.565,57.284,59.472,61.934,64.748,67.756,70.921,74.243,77.486,80.612,83.425,85.809,87.685,89.052,89.99,90.42,90.42,90.107,89.56,88.818,87.997,87.099,86.161,85.301,84.363,83.543,82.761,81.98,81.237,80.495,79.752,79.01,78.228,77.447,76.548,75.571,74.555,73.422,72.25,71.117,69.984,68.85,67.795,66.819,65.881,65.06,64.357,63.693,63.106,62.677,62.286,61.973,61.739,61.543,61.504,61.426,61.348,61.426,61.426,61.504,61.543,61.543,61.622,61.661,61.661,61.661,61.622,61.622,61.622,61.543,61.426,61.348,61.231,61.114,60.918,60.801,60.606,60.488,60.293,60.098,59.863,59.668,59.433,59.121,58.847,58.613,58.378,58.066,57.753,57.48,57.167,56.933,56.659,56.346,55.995,55.682,55.409,55.096,54.783,54.471,54.158,53.846,53.494,53.22,52.908,52.673,52.439,52.165,52.009,51.736,51.501,51.228,51.11,51.188,51.384,51.853,52.751,54.041,55.877,58.066,60.567,63.419,66.545,69.866,73.227,76.626,79.87,82.8,85.379,87.411,88.974,89.99,90.42,90.498,90.185,89.482,88.544,87.489,86.356,85.301,84.246,83.23,82.37,81.511,80.69,79.87,79.049,78.228,77.447,76.626,75.728,74.751,73.696,72.563,71.351,70.101,68.929,67.756,66.623,65.607,64.669,63.849,63.067,62.364,61.817,61.348,60.996,60.684,60.488,60.41,60.371,60.371,60.41,60.567,60.723,60.918,61.231,61.504,61.739,61.973,62.247,62.481,62.677,62.872,62.989,63.067,63.067,62.989,62.911,62.794,62.598,62.364,62.13,61.817,61.504,61.114,60.723,60.371,59.98,59.629,59.238,58.847,58.496,58.183,57.792,57.44,57.128,56.815,56.503,56.19,55.877,55.565,55.252,54.979,54.666,54.432,54.158,53.924,53.689,53.494,53.299,53.103,52.908,52.751,52.595,52.439,52.283,52.048,51.853,51.696,51.54,51.54,51.814,52.361,53.299,54.666,56.503,58.73,61.426,64.435,67.6,71.039,74.555,78.072,81.433,84.481,87.177,89.248,90.693,91.436,91.553,91.241,90.42,89.365,88.115,86.786,85.496,84.363,83.308,82.449,81.628,80.886,80.182,79.479,78.815,78.189,77.486,76.744,75.923,74.985,74.008,72.875,71.664,70.413,69.241,68.108,66.975,65.998,64.982,64.161,63.497,62.872,62.364,61.973,61.661,61.504,61.426,61.348,61.348,61.504,61.622,61.739,61.934,62.13,62.286,62.481,62.598,62.677,62.677,62.677,62.677,62.677,62.677,62.598,62.481,62.442,62.286,62.13,61.973,61.817,61.622,61.348,61.192,60.918,60.606,60.371,60.059,59.746,59.433,59.121,58.808,58.496,58.105,57.792,57.48,57.167,56.854,56.503,56.19,55.877,55.565,55.252,54.94,54.627,54.354,54.119,53.846,53.611,53.377,53.181,52.986,52.791,52.556,52.361,52.165,52.165,52.244,52.595,53.22,54.314,55.682,57.48,59.668,62.286,65.177,54.471,54.314,54.119,54.002,54.002,54.119,54.471,55.252,56.425,57.988,59.98,62.442,65.256,68.303,71.664,75.181,78.736,82.292,85.536,88.349,90.693,92.296,93.233,93.624,93.507,92.921,92.061,91.006,89.795,88.662,87.607,86.63,85.731,84.91,84.168,83.504,82.8,82.175,81.511,80.807,80.104,79.44,78.619,77.681,76.665,75.61,74.555,73.383,72.25,71.117,70.062,69.046,68.186,67.366,66.623,65.998,65.412,64.943,64.552,64.24,64.044,63.849,63.81,63.732,63.732,63.732,63.732,63.81,63.849,63.927,64.005,64.044,64.044,64.005,64.005,63.927,63.849,63.81,63.732,63.536,63.419,63.224,63.067,62.872,62.677,62.481,62.286,61.973,61.739,61.426,61.192,60.918,60.606,60.293,59.98,59.629,59.316,58.925,58.535,58.105,57.753,57.284,56.854,56.503,56.19,55.877,55.565,55.252,54.979,54.666,54.354,54.119,53.807,53.533,53.377,53.103,52.908,52.791,52.791,52.986,53.494,54.314,55.565,57.362,59.629,62.286,65.373,68.811,72.445,76.118,79.791,83.386,86.63,89.365,91.553,92.999,93.819,93.937,93.624,92.882,91.788,90.615,89.365,88.036,86.786,85.692,84.676,83.816,82.918,82.175,81.433,80.729,80.065,79.362,78.619,77.799,76.861,75.884,74.79,73.618,72.367,71.117,69.866,68.616,67.483,66.506,65.568,64.748,64.044,63.419,62.989,62.598,62.286,62.169,62.051,62.13,62.247,62.442,62.677,62.911,63.224,63.497,63.81,64.122,64.357,64.63,64.865,65.099,65.256,65.373,65.373,65.373,65.295,65.177,65.06,64.787,64.552,64.24,63.927,63.536,63.106,62.677,62.247,61.817,61.309,60.879,60.41,59.98,59.551,59.121,58.691,58.222,57.792,57.44,56.972,56.62,56.229,55.877,55.565,55.252,54.94,54.627,54.354,54.119,53.924,53.728,53.533,53.416,53.299,53.181,53.064,52.986,53.064,53.22,53.728,54.666,56.034,57.909,60.293,63.185,66.506,70.062,73.813,77.681,81.433,84.988,88.232,90.928,92.882,94.132,94.679,94.601,94.054,93.233,92.1,90.811,89.443,87.997,86.63,85.301,84.051,82.918,81.862,80.886,79.987,79.166,78.385,77.603,76.861,76.04,75.181,74.243,73.227,72.172,71.117,70.062,69.046,68.108,67.287,66.545,65.881,65.373,64.943,64.63,64.357,64.24,64.24,64.24,64.435,64.63,64.787,65.06,65.256,65.412,65.685,65.881,65.998,66.115,66.193,66.232,66.232,66.193,66.115,65.998,65.881,65.724,65.568,65.373,65.256,65.06,64.787,64.552,64.318,64.005,63.732,63.38,62.989,62.677,62.286,61.934,61.543,61.192,60.801,60.41,59.98,59.629,59.16,58.808,58.417,58.105,57.753,57.44,57.128,56.815,56.542,56.307,56.034,55.877,55.682,55.565,55.37,55.252,55.096,54.979,54.862,54.862,55.057,55.409,56.19,57.284,58.925,60.918,63.419,66.35,69.554,72.914,76.509,79.987,83.386,86.434,89.13,91.319,92.804,93.741,94.171,94.054,93.546,92.686,91.67,90.498,89.17,87.919,86.747,85.614,84.598,83.816,82.996,82.292,81.628,81.003,80.417,79.791,79.166,78.424,77.681,76.744,75.728,74.673,73.539,72.445,71.351,70.374,69.437,68.538,67.795,67.053,66.428,65.92,65.49,65.177,64.943,64.787,64.669,64.669,64.669,64.748,64.787,64.943,64.982,65.099,65.177,65.177,65.099,65.099,65.06,64.982,64.943,64.787,64.669,64.552,64.435,64.24,64.044,63.849,63.693,63.497,63.224,62.989,62.755,62.481,62.247,61.934,61.622,61.309,61.035,60.723,60.41,60.098,59.785,59.433,59.121,58.808,58.417,58.105,57.753,57.44,57.128,56.854,56.542,56.307,56.112,55.877,55.682,55.487,55.291,55.096,54.979,54.783,54.627,54.432,54.354,54.432,54.744,55.291,56.229,57.675,59.551,61.856,64.552,67.561,70.882,74.321,77.877,81.355,84.676,87.607,89.99,91.788,92.999,93.624,93.741,93.429,92.725,91.748,90.693,89.482,88.349,87.294,86.317,85.418,84.598,83.933,83.23,82.566,81.941,81.315,80.729,80.065,79.362,78.619,77.799,76.861,75.806,74.634,73.422,72.25,71.117,69.984,68.929,68.069,67.248,66.545,65.92,65.373,64.943,64.63,64.357,64.24,64.24,64.24,64.318,64.435,64.474,64.63,64.748,64.787,64.943,64.982,64.982,64.982,64.982,64.943,64.865,64.748,64.669,64.552,64.435,64.318,64.122,63.927,63.732,63.536,63.302,63.067,62.794,62.559,62.247,61.973,61.661,61.426,61.114,60.801,60.488,60.176,59.863,59.472,59.121,58.808,58.417,58.105,57.753,57.44,57.128,56.815,56.542,56.229,55.995,55.721,55.565,55.37,55.174,54.979,54.783,54.627,54.432,54.354,54.432,54.666,55.174,56.034,57.362,59.16,61.348,64.005,66.936,70.179,73.539,77.056,80.417,83.699,86.63,89.13,91.006,92.296,93.038,93.351,93.233,92.725,92.061,91.162,90.107,89.052,87.997,86.981,86.004,85.184,84.363,83.699,82.996,82.449,81.823,81.237,80.612,79.948,79.127,78.307,77.291,76.236,75.102,73.93,72.797,71.664,70.609,69.554,68.616,67.795,67.053,66.428,65.881,65.412,65.06,64.748,64.552,64.435,64.435,64.435,64.474,64.552,64.63,64.669,64.748,64.748,64.787,64.787,64.748,64.669,64.552,64.435,64.318,64.161,64.005,63.81,63.536,63.302,63.067,62.794,62.598,62.364,62.13,61.856,61.622,61.309,61.035,60.723,60.488,60.254,59.941,59.629,59.355,59.043,58.808,58.496,58.183,57.87,57.558,57.284,57.05,56.737,56.503,56.19,55.877,55.604,55.291,55.057,54.862,54.627,54.432,54.158,53.924,53.689,53.416,53.299,53.22,53.377,53.807,54.627,55.877,57.597,59.785,62.442,65.412,68.694,72.172,75.728,79.244,82.683,85.731,88.349,90.42,91.866,92.686,92.999,92.804,92.256,91.436,90.381,89.248,88.036,86.864,85.809,84.793,83.855,83.074,82.292,81.667,81.042,80.417,79.791,79.127,78.307,77.447,76.509,75.415,74.321,73.071,71.82,70.57,69.319,68.186,67.131,66.193,65.373,64.63,64.044,63.536,63.106,62.872,62.755,62.677,62.677,62.755,62.794,62.989,63.224,63.536,63.849,64.122,64.435,64.669,64.982,65.256,65.412,65.607,65.724,65.803,65.803,65.724,65.685,65.49,65.295,65.06,64.748,64.357,64.005,63.536,63.106,62.677,62.247,61.817,61.309,60.879,60.371,59.98,59.551,59.16,58.808,58.417,58.105,57.753,57.44,57.128,56.737,56.503,56.19,55.917,55.682,55.487,55.291,55.096,54.94,54.783,54.666,54.549,54.432,54.314,54.158,54.002,53.846,53.846,54.041,54.471,55.291,56.503,58.183,60.371,62.989,65.998,69.319,72.758,76.236,79.674,82.996,86.004,88.505,90.498,91.748,92.413,92.569,92.296,91.67,90.811,89.795,88.74,87.607,86.473,85.418,84.481,83.543,82.683,81.941,81.315,80.612,79.987,79.362,78.697,77.916,77.056,76.197,75.102,74.047,72.992,71.859,70.804,69.788,68.929,68.108,67.366,66.819,66.311,65.881,65.568,65.295,65.099,65.06,65.06,65.06,65.099,65.256,65.373,65.49,65.607,65.685,65.803,65.881,65.881,65.92,65.92,65.92,65.881,65.803,65.685,65.568,65.412,65.256,65.06,64.787,64.63,64.357,64.044,63.732,63.419,63.106,62.794,62.442,62.051,61.661,61.309,60.918,60.606,60.254,59.863,59.551,59.238,58.925,58.613,58.3,57.988,57.675,57.44,57.128,56.854,56.659,56.425,56.229,56.034,55.917,55.721,55.565,55.409,55.252,55.096,54.94,54.862,54.783,54.94,55.291,56.034,57.245,58.847,60.918,63.419,66.311,69.437,72.758,76.118,79.479,82.683,85.536,88.036,89.912,91.241,91.983,92.296,92.178,91.748,91.123,90.225,89.287,88.349,87.411,86.473,85.692,84.91,84.168,83.543,82.918,82.37,81.745,81.12,80.417,79.674,78.854,77.994,76.978,75.884,74.751,73.539,72.445,71.234,70.179,69.241,68.382,67.6,66.936,66.311,65.803,65.412,65.099,64.865,64.748,64.669,64.63,64.669,64.748,64.787,64.943,65.06,65.099,65.256,65.295,65.373,65.373,65.295,65.256,65.099,65.06,64.943,64.787,64.669,64.474,66.311,65.685,65.099,64.669,64.318,64.044,63.81,63.693,63.614,63.614,63.614,63.614,63.693,63.693,63.732,63.732,63.81,63.81,63.81,63.732,63.693,63.614,63.536,63.497,63.38,63.302,63.185,63.106,62.989,62.872,62.755,62.559,62.364,62.169,61.934,61.739,61.504,61.192,60.879,60.567,60.293,59.941,59.629,59.316,59.004,58.691,58.3,57.988,57.597,57.284,56.933,56.62,56.229,55.917,55.682,55.409,55.174,54.94,54.666,54.471,54.314,54.119,53.924,53.728,53.533,53.416,53.377,53.377,53.494,53.924,54.744,55.995,57.597,59.668,62.169,64.943,67.913,71.039,74.243,77.447,80.495,83.386,85.809,87.802,89.248,90.185,90.537,90.537,90.185,89.56,88.74,87.802,86.864,85.848,84.91,84.051,83.23,82.488,81.862,81.315,80.69,80.104,79.557,78.932,78.228,77.486,76.626,75.61,74.634,73.5,72.367,71.195,70.062,68.929,67.913,67.053,66.193,65.412,64.787,64.318,63.849,63.497,63.224,63.106,62.989,62.989,62.989,62.989,63.067,63.185,63.38,63.497,63.614,63.693,63.732,63.81,63.81,63.81,63.81,63.81,63.732,63.614,63.497,63.38,63.224,63.067,62.872,62.598,62.364,62.13,61.817,61.504,61.192,60.918,60.606,60.254,59.863,59.551,59.16,58.847,58.535,58.222,57.909,57.597,57.284,56.972,56.659,56.346,56.034,55.721,55.487,55.252,55.057,54.862,54.627,54.432,54.314,54.119,53.924,53.728,53.533,53.416,53.22,53.181,53.22,53.494,54.002,54.94,56.229,57.988,60.176,62.677,65.49,68.499,71.625,74.868,78.072,81.12,83.855,86.161,87.919,89.17,89.912,90.185,90.107,89.678,88.974,88.036,87.099,86.161,85.301,84.441,83.621,82.918,82.253,81.628,81.003,80.378,79.791,79.166,78.502,77.799,76.978,76.197,75.181,74.165,73.071,71.937,70.726,69.632,68.616,67.678,66.858,66.037,65.373,64.787,64.318,63.849,63.536,63.38,63.185,63.067,62.989,62.989,63.067,63.106,63.224,63.302,63.419,63.497,63.536,63.614,63.614,63.536,63.497,63.419,63.38,63.224,63.185,63.067,62.911,62.755,62.559,62.286,62.051,61.817,61.543,61.309,61.035,60.723,60.41,60.176,59.863,59.551,59.238,58.925,58.613,58.3,57.988,57.675,57.362,57.05,56.815,56.503,56.19,55.917,55.604,55.37,55.096,54.94,54.744,54.549,54.432,54.314,54.119,53.924,53.807,53.611,53.416,53.299,53.22,53.299,53.689,54.314,55.291,56.737,58.535,60.723,63.302,66.193,69.163,72.289,75.415,78.502,81.355,83.855,85.848,87.294,88.31,88.818,88.974,88.74,88.232,87.489,86.669,85.809,84.91,84.129,83.386,82.605,81.98,81.355,80.807,80.26,79.674,79.127,78.502,77.76,76.939,76.001,74.985,73.93,72.797,71.625,70.413,69.319,68.186,67.131,66.193,65.295,64.552,63.849,63.302,62.794,62.364,62.051,61.817,61.661,61.543,61.543,61.622,61.622,61.661,61.817,61.973,62.13,62.286,62.442,62.598,62.755,62.872,62.911,62.989,62.989,62.989,62.989,62.872,62.794,62.598,62.442,62.247,61.973,61.661,61.309,60.918,60.567,60.176,59.785,59.355,59.004,58.535,58.183,57.792,57.44,57.05,56.659,56.346,55.995,55.682,55.291,54.979,54.666,54.314,54.002,53.689,53.416,53.181,52.908,52.751,52.556,52.361,52.165,52.009,51.814,51.618,51.423,51.306,51.188,51.228,51.501,52.126,53.064,54.432,56.229,58.535,61.309,64.318,67.483,70.804,74.126,77.447,80.612,83.425,85.809,87.607,88.857,89.482,89.599,89.287,88.74,87.88,86.864,85.731,84.598,83.543,82.566,81.667,80.807,79.987,79.166,78.502,77.799,77.134,76.353,75.61,74.79,73.852,72.914,71.859,70.804,69.671,68.616,67.678,66.74,65.881,65.06,64.357,63.81,63.38,62.989,62.677,62.481,62.286,62.286,62.364,62.481,62.677,62.872,63.067,63.302,63.497,63.732,63.927,64.122,64.24,64.357,64.474,64.63,64.63,64.669,64.63,64.552,64.357,64.24,64.044,63.81,63.536,63.224,62.872,62.481,62.169,61.817,61.426,61.035,60.606,60.254,59.863,59.433,59.121,58.73,58.417,58.105,57.792,57.48,57.167,56.854,56.542,56.307,56.034,55.799,55.604,55.409,55.252,55.057,54.94,54.783,54.666,54.549,54.432,54.236,54.119,53.924,53.807,53.728,53.846,54.236,54.94,56.034,57.597,59.551,61.934,64.63,67.6,70.687,73.852,77.056,80.065,82.8,85.223,87.099,88.505,89.248,89.56,89.443,89.052,88.505,87.724,86.942,86.044,85.106,84.246,83.504,82.761,82.058,81.355,80.729,80.104,79.479,78.815,78.111,77.291,76.509,75.571,74.555,73.5,72.367,71.234,70.062,69.007,67.913,66.975,66.193,65.412,64.748,64.161,63.693,63.38,63.067,62.872,62.755,62.677,62.677,62.755,62.872,62.911,62.989,63.067,63.106,63.185,63.224,63.302,63.302,63.224,63.185,63.106,63.067,62.989,62.872,62.755,62.559,62.442,62.247,62.051,61.934,61.661,61.504,61.309,61.035,60.801,60.567,60.254,59.941,59.629,59.316,59.004,58.691,58.378,58.066,57.753,57.362,57.05,56.737,56.346,56.112,55.799,55.487,55.174,54.862,54.627,54.432,54.236,54.041,53.846,53.689,53.494,53.299,53.103,52.908,52.791,52.791,52.908,53.377,54.119,55.252,56.815,58.73,61.114,63.81,66.74,69.788,72.992,76.118,79.244,82.136,84.598,86.63,88.115,88.974,89.443,89.443,89.052,88.505,87.724,86.864,86.004,85.067,84.246,83.386,82.566,81.823,81.12,80.417,79.791,79.166,78.541,77.916,77.291,76.548,75.689,74.751,73.735,72.68,71.547,70.413,69.358,68.382,67.444,66.545,65.724,65.06,64.357,63.849,63.419,63.106,62.872,62.677,62.481,62.442,62.364,62.442,62.442,62.481,62.559,62.598,62.755,62.794,62.872,62.872,62.872,62.872,62.872,62.872,62.794,62.755,62.598,62.442,62.286,62.13,61.934,61.739,61.504,61.309,61.035,60.879,60.606,60.371,60.059,59.746,59.433,59.121,58.808,58.535,58.222,57.909,57.597,57.245,56.933,56.62,56.307,55.995,55.721,55.409,55.174,54.862,54.627,54.354,54.158,54.002,53.807,53.689,53.494,53.299,53.181,52.986,52.869,52.869,53.064,53.416,54.158,55.291,56.854,58.808,61.114,63.732,66.623,69.671,72.797,76.001,79.049,81.941,84.363,86.356,87.724,88.662,89.17,89.248,88.935,88.31,87.567,86.63,85.731,84.793,83.855,83.074,82.253,81.55,80.925,80.299,79.674,79.127,78.541,77.994,77.447,76.665,75.884,74.985,74.047,72.992,71.859,70.726,69.671,68.616,67.6,66.74,65.881,65.099,64.474,63.849,63.419,63.067,62.755,62.481,62.286,62.169,62.051,62.051,62.13,62.169,62.247,62.286,62.364,62.481,62.559,62.598,62.598,62.598,62.598,62.559,62.481,62.364,62.286,62.169,62.051,61.934,61.739,61.543,61.348,61.192,60.918,60.723,60.488,60.254,59.941,59.668,59.433,59.16,58.847,58.613,58.3,58.066,57.753,57.48,57.167,56.854,56.503,56.19,55.877,55.565,55.291,55.057,54.783,54.549,54.314,54.119,53.924,53.689,53.494,53.22,53.064,52.869,52.751,52.751,52.869,53.22,54.002,55.096,56.659,58.613,60.879,63.419,66.311,69.319,72.445,75.571,78.619,81.433,83.816,85.731,87.177,88.115,88.622,88.622,88.31,87.724,86.981,86.122,85.223,84.285,83.425,82.566,81.823,81.12,80.417,79.87,79.244,78.736,78.228,77.681,77.056,76.314,75.493,74.555,73.5,72.445,71.234,70.062,68.929,67.756,66.662,65.685,64.748,63.927,63.185,62.598,62.051,61.661,61.348,61.114,60.996,60.879,60.879,60.918,60.996,61.114,61.309,61.504,61.622,61.817,61.973,62.13,62.247,62.286,62.364,62.442,62.442,62.442,62.442,62.442,62.364,62.247,62.169,61.973,61.817,61.543,61.309,61.035,60.723,60.371,59.98,59.629,59.238,58.847,58.417,57.988,57.597,57.167,56.815,56.346,55.995,55.565,55.174,54.744,54.354,54.002,53.689,53.377,53.103,52.869,52.556,52.283,52.048,51.853,51.696,51.501,51.306,51.11,50.993,50.798,50.759,50.798,51.071,51.54,52.478,53.846,55.682,57.988,60.684,63.614,66.819,70.062,73.383,76.665,79.791,82.605,84.988,86.786,88.036,88.662,88.857,88.544,87.919,86.981,85.926,84.676,83.504,82.292,81.198,80.182,79.166,78.307,77.564,76.861,76.197,75.493,74.79,74.008,73.188,72.25,71.234,70.179,69.046,67.874,66.74,65.685,64.669,63.693,62.794,62.051,61.348,60.879,60.41,60.176,59.941,59.863,59.863,59.98,60.176,60.488,60.801,61.231,61.661,62.13,62.598,63.067,63.497,63.849,64.161,64.435,64.63,64.748,64.748,64.748,64.63,64.435,64.24,63.927,63.536,63.185,62.755,62.247,61.739,61.231,60.723,60.254,59.746,59.238,58.808,58.378,57.909,57.48,57.05,56.659,56.307,55.917,55.604,55.252,54.94,54.627,54.354,54.119,53.846,53.611,53.416,53.299,53.103,52.986,52.869,52.751,52.595,52.556,52.439,52.283,52.244,52.165,52.244,52.439,52.908,53.728,54.94,56.542,58.613,61.035,63.81,66.819,69.945,73.11,76.236,79.323,82.136,84.559,86.551,88.036,88.974,89.443,89.443,89.052,88.349,87.489,86.434,85.301,84.168,83.113,82.136,81.12,80.26,79.44,78.697,77.994,77.291,76.626,75.923,75.181,74.36,73.5,72.563,71.547,70.492,69.437,68.421,67.483,66.623,65.724,64.982,64.357,63.81,63.302,62.911,62.598,62.442,62.247,62.169,62.169,62.13,62.169,62.247,62.286,62.364,62.442,62.442,62.481,62.481,62.559,62.559,62.481,62.442,62.364,62.286,62.247,62.13,61.973,61.856,61.661,61.543,61.426,61.231,60.996,60.801,60.606,60.371,60.098,59.863,59.551,59.316,59.004,58.691,58.417,58.105,57.792,57.48,57.167,56.854,56.542,56.19,55.877,55.565,55.252,54.94,54.627,54.354,54.119,53.846,53.689,53.494,53.299,53.103,52.908,52.751,52.556,52.439,52.361,52.556,52.986,53.728,54.862,56.346,58.222,60.488,63.106,65.92,69.007,72.133,75.259,78.228,81.042,83.543,85.496,86.981,87.919,88.505,88.622,88.349,87.919,87.255,86.434,85.614,84.793,83.933,83.074,82.253,81.355,80.612,79.791,79.049,78.307,77.603,76.939,76.197,75.415,74.634,73.696,72.758,71.742,70.687,69.671,68.694,67.756,66.858,66.037,65.295,64.63,64.005,63.497,63.067,62.677,62.442,62.247,62.169,62.13,62.13,62.13,62.13,62.169,62.169,62.247,62.286,62.286,62.286,62.247,62.169,62.051,61.973,61.934,61.817,61.661,61.543,61.426,61.309,61.114,60.918,60.723,60.567,60.371,60.098,59.941,59.746,59.472,59.238,58.925,58.691,58.378,58.105,57.792,57.558,57.245,56.933,56.62,56.346,56.034,55.721,55.409,55.174,54.94,54.666,54.432,54.236,54.041,53.807,53.611,53.416,53.22,53.064,52.869,52.673,52.478,52.283,52.283,52.439,52.751,53.299,54.236,55.604,57.44,59.629,62.051,64.787,67.756,70.726,73.813,76.861,79.674,82.253,84.441,86.044,87.177,87.88,88.115,88.036,87.607,87.059,86.239,85.418,84.559,83.738,82.918,82.175,81.511,80.886,80.26,79.674,79.049,78.424,77.799,77.134,76.314,75.415,74.477,73.5,72.367,71.195,69.984,68.85,67.795,66.74,65.881,64.982,64.24,63.614,63.067,62.559,62.247,61.934,61.739,61.622,61.543,61.622,61.661,61.739,61.856,61.973,62.051,62.169,62.286,62.364,62.364,62.364,62.364,62.286,62.247,62.13,61.973,61.856,61.661,61.543,61.426,61.231,61.035,60.879,60.684,60.41,60.176,59.863,59.629,59.316,59.004,58.73,58.417,58.105,57.792,57.558,57.245,56.933,56.62,56.307,55.995,55.604,55.37,55.096,54.783,54.549,54.314,54.041,53.846,53.689,53.494,53.377,53.181,52.986,52.791,52.595,52.478,52.439,52.478,52.791,53.299,54.236,55.565,57.245,59.355,61.817,64.474,67.366,70.374,73.5,76.548,79.479,82.058,84.246,85.848,87.059,87.724,88.036,87.919,87.489,86.864,86.044,85.106,84.246,83.308,82.488,81.667,80.925,80.26,79.557,78.932,78.307,77.76,77.056,76.353,75.61,74.79,73.93,72.914,71.859,70.726,69.554,68.421,67.287,66.311,65.295,64.435,63.614,62.872,62.169,61.622,61.192,60.723,60.488,60.254,60.098,60.059,60.059,60.098,60.176,60.293,60.41,60.606,60.801,60.918,61.114,61.231,61.309,61.426,61.504,61.543,61.622,61.622,61.622,61.543,61.426,61.231,61.035,60.879,60.684,60.41,60.098,59.863,59.551,59.316,58.925,58.535,58.183,57.753,57.44,57.05,56.737,56.425,56.034,55.682,55.291,54.94,54.549,54.158,53.807,53.494,53.103,52.791,52.478,52.244,52.009,51.736,51.54,51.306,51.071,50.876,50.68,50.485,50.29,50.133,50.055,50.133,50.446,51.11,52.126,53.611,55.565,57.87,60.606,63.614,66.858,70.179,73.539,76.822,79.948,82.761,85.067,86.786,87.919,88.544,88.662,88.349,87.685,86.747,85.614,84.441,83.308,82.136,81.042,79.987,79.01,78.072,77.134,76.236,75.376,74.477,73.618,72.758,71.742,70.726,69.632,68.538,67.444,66.35,65.256,64.24,63.224,62.364,61.543,60.879,60.254,59.785,59.433,59.121,58.925,58.808,58.847,59.004,59.238,59.629,59.98,60.41,60.879,61.426,61.934,62.481,62.989,63.419,63.81,64.122,64.357,64.552,64.63,64.63,64.552,64.357,64.122,63.732,63.38,62.911,62.481,61.973,61.543,61.035,60.488,59.98,59.472,59.004,58.535,58.105,57.675,57.245,56.815,56.346,55.917,55.487,55.057,54.666,54.236,53.846,53.533,53.22,52.908,52.673,52.361,52.126,51.814,51.618,51.423,51.228,51.071,50.876,50.68,50.485,50.368,50.251,50.29,50.563,51.11,52.126,53.494,55.409,57.753,60.488,63.536,66.858,70.296,73.735,77.134,80.378,83.308,85.809,87.685,88.935,89.56,89.678,89.365,88.74,87.88,86.786,85.692,84.481,83.308,82.175,81.12,80.065,79.049,78.189,77.291,76.509,75.689,74.868,74.008,73.11,72.172,71.195,70.179,69.163,68.108,67.17,66.232,65.373,64.552,63.849,63.224,62.755,62.286,61.934,61.661,61.543,61.426,61.426,61.426,61.504,61.622,61.817,61.973,62.169,62.286,62.481,62.598,62.755,62.872,62.911,62.989,63.106,63.106,63.185,63.224,63.185,63.106,63.067,62.989,62.872,62.677,62.481,62.286,62.051,61.739,61.426,61.114,60.801,60.41,60.059,59.668,59.238,58.847,58.417,58.066,57.597,57.167,56.815,56.425,56.034,55.721,55.409,55.096,54.783,54.471,54.236,54.002,53.807,53.611,53.416,53.22,53.103,52.908,52.869,52.791,52.791,53.064,53.611,54.549,55.917,57.675,59.863,62.364,65.099,68.108,71.234,74.438,77.564,80.573,83.386,85.692,87.489,88.818,89.599,89.912,89.795,89.365,88.622,87.724,86.669,85.614,84.559,83.504,82.488,81.628,80.807,80.065,79.323,78.697,77.994,77.291,76.665,75.923,75.181,74.321,73.305,72.25,71.117,69.984,68.85,67.756,66.74,65.803,64.943,64.044,63.38,62.755,62.169,61.739,61.426,61.114,60.918,60.801,60.801,60.801,60.879,60.918,61.035,61.192,61.309,61.426,61.504,61.622,61.661,61.739,61.817,61.817,61.856,61.817,61.817,61.739,61.661,61.622,61.426,61.309,61.114,60.918,60.723,60.488,60.254,59.98,59.668,59.433,59.121,58.808,58.496,58.183,57.87,57.48,57.167,56.815,56.425,56.112,55.721,55.37,55.057,54.744,54.354,54.041,53.728,53.494,53.22,52.986,52.751,52.478,52.244,52.048,51.814,51.618,51.423,51.384,51.423,51.736,52.361,53.416,54.94,56.815,59.121,61.739,64.669,67.795,71.039,74.321,77.486,80.573,83.308,85.536,87.294,88.427,88.974,89.13,88.818,88.193,87.294,86.239,85.106,83.933,82.878,81.823,80.729,79.791,78.932,78.189,77.447,76.665,75.923,75.181,74.36,73.539,72.602,71.625,70.492,69.319,68.108,66.858,65.724,64.63,63.536,62.559,61.622,60.723,59.98,59.316,58.73,58.222,57.87,57.597,57.44,57.362,57.362,57.48,57.597,57.87,58.105,58.496,58.847,59.316,59.668,60.059,60.488,60.879,61.192,61.426,61.622,61.661,61.739,61.739,61.622,88.31,87.294,86.161,85.106,84.051,82.996,82.136,81.237,80.495,79.791,79.127,78.424,77.76,76.978,76.197,75.298,74.321,73.227,72.172,71.039,69.945,68.811,67.756,66.819,65.92,65.177,64.474,63.927,63.419,63.067,62.794,62.559,62.442,62.364,62.364,62.364,62.442,62.442,62.481,62.481,62.559,62.598,62.598,62.598,62.598,62.598,62.559,62.481,62.442,62.286,62.247,62.13,61.973,61.934,61.739,61.622,61.426,61.231,61.035,60.879,60.684,60.41,60.176,59.941,59.629,59.355,59.043,58.808,58.496,58.183,57.792,57.48,57.167,56.854,56.542,56.19,55.877,55.487,55.174,54.862,54.627,54.354,54.119,53.924,53.689,53.494,53.22,53.064,52.869,52.751,52.751,52.908,53.377,54.158,55.37,56.972,59.004,61.426,64.122,67.053,70.179,73.422,76.626,79.752,82.605,85.106,87.099,88.544,89.482,89.912,89.912,89.599,88.974,88.232,87.372,86.473,85.614,84.676,83.816,82.996,82.253,81.511,80.807,80.065,79.362,78.697,77.994,77.173,76.314,75.376,74.321,73.227,72.133,70.921,69.788,68.694,67.6,66.623,65.724,64.943,64.161,63.497,62.911,62.481,62.13,61.856,61.661,61.543,61.504,61.504,61.504,61.622,61.739,61.856,61.973,62.13,62.247,62.286,62.442,62.481,62.559,62.481,62.481,62.442,62.364,62.286,62.247,62.169,62.051,61.934,61.739,61.543,61.348,61.114,60.801,60.567,60.293,59.98,59.746,59.433,59.121,58.73,58.417,58.105,57.792,57.44,57.05,56.659,56.346,55.995,55.682,55.37,55.096,54.783,54.549,54.314,54.041,53.807,53.611,53.377,53.181,52.986,52.791,52.751,52.673,52.791,53.181,53.846,54.94,56.346,58.222,60.488,63.106,65.998,69.046,72.25,75.493,78.619,81.628,84.168,86.317,87.919,89.052,89.756,89.912,89.756,89.287,88.662,87.919,87.059,86.161,85.223,84.363,83.504,82.683,81.862,81.12,80.299,79.557,78.854,78.111,77.369,76.509,75.61,74.673,73.696,72.602,71.508,70.413,69.358,68.382,67.366,66.506,65.685,64.943,64.24,63.693,63.185,62.755,62.442,62.169,61.973,61.934,61.856,61.934,61.934,62.051,62.13,62.169,62.247,62.364,62.442,62.481,62.481,62.559,62.559,62.481,62.442,62.364,62.286,62.169,62.13,61.973,61.817,61.622,61.426,61.231,60.996,60.801,60.567,60.293,60.059,59.785,59.472,59.238,58.925,58.613,58.3,57.988,57.675,57.362,57.05,56.659,56.346,55.995,55.682,55.37,55.096,54.783,54.549,54.314,54.119,53.846,53.689,53.416,53.22,53.064,52.908,52.751,52.673,52.673,52.908,53.416,54.314,55.565,57.167,59.238,61.661,64.357,67.287,70.413,73.618,76.822,79.948,82.761,85.223,87.255,88.74,89.678,90.185,90.303,90.068,89.56,88.818,87.997,87.059,86.122,85.223,84.441,83.621,82.878,82.058,81.315,80.573,79.791,79.01,78.189,77.291,76.353,75.376,74.321,73.188,72.055,71,69.866,68.85,67.874,66.936,66.037,65.295,64.63,64.044,63.536,63.185,62.872,62.598,62.442,62.286,62.247,62.247,62.247,62.286,62.286,62.364,62.442,62.481,62.481,62.481,62.481,62.481,62.442,62.364,62.247,62.169,62.051,61.934,61.817,61.661,61.543,61.348,61.192,60.918,60.723,60.488,60.254,60.059,59.785,59.551,59.316,59.043,58.808,58.535,58.222,57.988,57.675,57.44,57.128,56.815,56.503,56.19,55.877,55.487,55.174,54.862,54.549,54.314,54.002,53.728,53.416,53.181,52.869,52.556,52.283,52.048,51.853,51.814,51.814,52.126,52.751,53.728,55.057,56.854,59.043,61.622,64.435,67.561,70.804,74.126,77.369,80.417,83.191,85.536,87.372,88.662,89.56,89.873,89.873,89.482,88.935,88.115,87.177,86.161,85.184,84.168,83.23,82.37,81.55,80.729,79.948,79.244,78.502,77.76,76.939,76.001,74.985,73.93,72.797,71.625,70.413,69.163,67.991,66.858,65.803,64.787,63.927,63.185,62.481,61.934,61.426,61.114,60.801,60.606,60.567,60.488,60.567,60.606,60.723,60.918,61.192,61.426,61.661,61.973,62.247,62.481,62.677,62.872,63.067,63.185,63.302,63.38,63.38,63.302,63.224,63.067,62.872,62.598,62.286,61.934,61.543,61.192,60.801,60.371,59.98,59.551,59.121,58.73,58.378,57.909,57.48,57.128,56.737,56.425,56.112,55.799,55.487,55.174,54.94,54.666,54.432,54.158,54.002,53.846,53.728,53.611,53.533,53.494,53.377,53.299,53.22,53.22,53.299,53.533,54.041,54.862,56.034,57.675,59.746,62.169,64.982,68.069,71.234,74.477,77.681,80.729,83.543,85.926,87.88,89.17,89.99,90.303,90.225,89.795,89.052,88.115,87.099,86.044,85.067,84.051,83.191,82.292,81.511,80.807,80.104,79.479,78.815,78.111,77.369,76.548,75.61,74.673,73.618,72.484,71.312,70.179,69.124,68.069,67.053,66.115,65.295,64.552,63.927,63.419,62.989,62.677,62.442,62.247,62.13,62.051,62.051,62.051,62.13,62.247,62.286,62.442,62.481,62.559,62.559,62.598,62.559,62.481,62.364,62.247,62.13,61.934,61.817,61.622,61.426,61.231,60.996,60.801,60.606,60.41,60.254,59.98,59.785,59.551,59.355,59.121,58.847,58.691,58.417,58.222,57.988,57.792,57.558,57.284,57.05,56.737,56.503,56.19,55.877,55.604,55.291,55.057,54.744,54.471,54.236,54.041,53.807,53.533,53.377,53.181,52.986,52.791,52.595,52.478,52.478,52.595,53.064,53.807,54.862,56.346,58.3,60.567,63.106,65.92,68.929,72.133,75.259,78.307,81.12,83.621,85.731,87.294,88.427,88.974,89.17,88.974,88.505,87.88,87.099,86.317,85.496,84.676,83.855,83.074,82.253,81.511,80.807,80.104,79.44,78.697,77.994,77.252,76.431,75.493,74.477,73.422,72.289,71.117,69.945,68.811,67.756,66.74,65.881,64.982,64.318,63.693,63.106,62.677,62.286,61.973,61.856,61.739,61.661,61.661,61.817,61.856,61.973,62.13,62.247,62.364,62.442,62.481,62.559,62.559,62.559,62.481,62.442,62.286,62.169,62.051,61.934,61.739,61.504,61.309,61.035,60.801,60.606,60.371,60.098,59.863,59.551,59.238,59.004,58.691,58.417,58.183,57.87,57.597,57.284,57.05,56.737,56.425,56.112,55.799,55.565,55.291,55.057,54.783,54.549,54.314,54.119,53.924,53.689,53.494,53.299,53.103,52.908,52.751,52.673,52.791,53.181,53.807,54.744,56.034,57.792,59.98,62.442,65.099,68.069,71.195,74.36,77.564,80.612,83.23,85.496,87.177,88.349,89.052,89.287,89.13,88.622,87.919,87.099,86.317,85.418,84.559,83.738,82.918,82.175,81.433,80.807,80.104,79.479,78.815,78.189,77.447,76.626,75.728,74.79,73.735,72.563,71.429,70.257,69.124,68.108,67.131,66.193,65.373,64.63,64.005,63.419,62.989,62.677,62.442,62.169,61.973,61.934,61.934,61.934,61.973,62.051,62.13,62.169,62.247,62.286,62.364,62.442,62.442,62.442,62.442,62.442,62.364,62.286,62.169,61.973,61.817,61.622,61.426,61.192,60.918,60.723,60.488,60.254,59.941,59.629,59.316,59.004,58.691,58.378,58.066,57.792,57.48,57.245,56.933,56.62,56.346,56.034,55.799,55.487,55.252,55.057,54.783,54.549,54.314,54.041,53.846,53.689,53.494,53.299,53.103,52.986,52.791,52.595,52.439,52.283,52.283,52.439,52.791,53.494,54.471,55.917,57.675,59.785,62.247,64.982,67.874,70.882,73.93,76.978,79.87,82.488,84.676,86.434,87.685,88.505,88.818,88.818,88.427,87.724,86.981,86.122,85.223,84.363,83.543,82.761,81.98,81.315,80.729,80.182,79.674,79.166,78.619,77.994,77.252,76.431,75.493,74.477,73.383,72.25,71.117,69.945,68.85,67.795,66.819,65.881,64.982,64.161,63.497,62.911,62.481,62.169,61.934,61.739,61.622,61.504,61.504,61.504,61.504,61.543,61.622,61.661,61.739,61.817,61.817,61.817,61.817,61.817,61.739,61.661,61.543,61.426,61.309,61.192,61.035,60.918,60.723,60.567,60.371,60.176,59.98,59.785,59.551,59.316,59.043,58.73,58.496,58.183,57.909,57.597,57.362,57.05,56.659,56.346,55.995,55.604,55.252,54.94,54.627,61.856,61.661,61.504,61.426,61.426,61.504,61.543,61.661,61.817,61.934,62.051,62.169,62.286,62.364,62.442,62.442,62.442,62.364,62.364,62.247,62.169,62.13,61.973,61.856,61.739,61.622,61.504,61.309,61.114,60.918,60.723,60.488,60.254,59.98,59.746,59.472,59.238,58.925,58.613,58.222,57.909,57.558,57.245,56.854,56.503,56.19,55.877,55.565,55.252,54.94,54.666,54.354,54.119,53.846,53.611,53.416,53.181,52.986,52.869,52.791,52.908,53.377,54.119,55.291,56.854,58.847,61.231,64.005,67.053,70.296,73.696,77.134,80.495,83.621,86.356,88.544,90.225,91.358,91.944,91.944,91.553,90.85,89.912,88.818,87.607,86.356,85.223,84.129,83.113,82.175,81.355,80.573,79.791,79.127,78.424,77.681,76.939,76.118,75.181,74.165,73.11,71.976,70.882,69.749,68.694,67.6,66.74,65.881,65.099,64.435,63.81,63.302,62.872,62.559,62.286,62.13,61.973,61.973,61.934,61.934,61.934,61.973,62.051,62.13,62.169,62.247,62.286,62.247,62.247,62.247,62.169,62.13,61.973,61.934,61.817,61.661,61.504,61.348,61.192,60.996,60.879,60.684,60.41,60.254,59.98,59.785,59.551,59.355,59.121,58.847,58.613,58.378,58.066,57.753,57.44,57.128,56.815,56.503,56.19,55.877,55.565,55.252,54.94,54.666,54.432,54.158,53.924,53.728,53.494,53.299,53.064,52.908,52.869,52.908,53.22,53.807,54.783,56.112,57.87,60.059,62.559,65.373,68.421,71.664,74.985,78.385,81.511,84.441,86.864,88.818,90.185,91.045,91.436,91.319,90.85,90.107,89.17,88.193,87.099,86.044,84.988,84.012,83.074,82.175,81.355,80.573,79.791,79.049,78.307,77.486,76.626,75.728,74.751,73.696,72.563,71.429,70.296,69.163,68.186,67.248,66.35,65.568,64.865,64.24,63.732,63.224,62.872,62.559,62.364,62.169,62.051,61.973,61.973,61.973,62.051,62.13,62.247,62.286,62.364,62.364,62.364,62.442,62.442,62.364,62.286,62.247,62.13,61.973,61.817,61.622,61.426,61.309,61.114,60.918,60.723,60.567,60.293,60.059,59.785,59.472,59.238,59.004,58.73,58.496,58.222,57.909,57.675,57.362,57.128,56.815,56.503,56.19,55.877,55.604,55.291,55.057,54.783,54.549,54.314,54.119,53.846,53.689,53.416,53.22,53.064,52.908,52.791,52.791,52.986,53.416,54.236,55.37,56.933,58.847,61.309,64.005,66.936,70.062,73.383,76.665,79.948,82.918,85.496,87.607,89.17,90.107,90.537,90.537,90.107,89.443,88.544,87.489,86.434,85.379,84.285,83.308,82.449,81.55,80.729,79.948,79.166,78.502,77.799,77.056,76.314,75.415,74.555,73.539,72.484,71.351,70.257,69.124,68.069,66.975,65.92,64.982,64.122,63.38,62.677,62.13,61.622,61.192,60.879,60.606,60.41,60.293,60.254,60.254,60.293,60.371,60.488,60.684,60.801,60.996,61.114,61.309,61.426,61.543,61.622,61.661,61.661,61.739,61.739,61.661,61.622,61.504,61.348,61.192,60.918,60.606,60.293,59.98,59.668,59.316,59.004,58.613,58.183,57.753,57.362,56.972,56.62,56.229,55.799,55.409,55.057,54.666,54.314,53.924,53.533,53.22,52.869,52.556,52.244,52.009,51.696,51.423,51.228,50.993,50.798,50.602,50.485,50.368,50.368,50.563,50.993,51.853,53.103,54.862,56.972,59.551,62.481,65.685,69.046,72.563,76.001,79.323,82.37,84.91,86.942,88.349,89.17,89.482,89.365,88.818,88.036,87.059,85.926,84.793,83.699,82.605,81.55,80.612,79.674,78.815,77.994,77.173,76.353,75.571,74.673,73.735,72.758,71.664,70.57,69.437,68.303,67.17,66.115,65.177,64.318,63.497,62.755,62.13,61.622,61.192,60.918,60.723,60.684,60.606,60.684,60.879,61.114,61.426,61.817,62.13,62.481,62.872,63.185,63.419,63.693,63.849,64.044,64.122,64.122,64.044,64.005,63.81,63.614,63.38,63.106,62.794,62.481,62.13,61.739,61.309,60.879,60.41,59.98,59.629,59.238,58.847,58.496,58.183,57.792,57.44,57.128,56.815,56.503,56.229,55.995,55.682,55.409,55.174,54.979,54.783,54.627,54.471,54.314,54.158,54.041,53.924,53.807,53.689,53.533,53.416,53.377,53.377,53.611,54.119,54.979,56.229,57.909,60.098,62.598,65.412,68.538,71.742,75.063,78.385,81.511,84.363,86.747,88.622,89.912,90.693,91.006,90.85,90.381,89.599,88.662,87.607,86.473,85.379,84.246,83.191,82.136,81.198,80.299,79.44,78.619,77.799,76.978,76.197,75.259,74.321,73.305,72.25,71.117,69.984,68.929,67.913,66.936,65.998,65.099,64.357,63.732,63.185,62.677,62.247,61.856,61.622,61.426,61.348,61.309,61.309,61.348,61.426,61.543,61.661,61.817,61.934,61.973,62.051,62.13,62.13,62.169,62.169,62.13,62.051,61.973,61.934,61.817,61.661,61.543,61.426,61.231,61.035,60.879,60.606,60.41,60.176,59.98,59.668,59.433,59.121,58.808,58.496,58.222,57.909,57.597,57.245,56.854,56.503,56.112,55.799,55.409,55.096,54.783,54.471,54.158,53.924,53.611,53.377,53.103,52.908,52.673,52.439,52.244,52.048,51.931,51.931,52.165,52.673,53.494,54.744,56.425,58.496,60.996,63.81,66.858,70.101,73.422,76.744,79.87,82.8,85.301,87.372,88.935,89.99,90.537,90.615,90.303,89.678,88.857,87.997,86.942,85.848,84.793,83.738,82.761,81.823,80.925,80.104,79.323,78.541,77.76,76.939,76.04,75.181,74.243,73.188,72.133,71,69.866,68.733,67.678,66.623,65.685,64.865,64.044,63.38,62.755,62.247,61.817,61.504,61.192,60.996,60.879,60.801,60.723,60.723,60.801,60.879,60.996,61.035,61.192,61.309,61.348,61.426,61.504,61.543,61.543,61.543,61.543,61.504,61.426,61.309,61.192,61.035,60.918,60.723,60.567,60.371,60.176,59.98,59.746,59.472,59.238,58.925,58.691,58.378,58.105,57.792,57.558,57.167,56.854,56.503,56.19,55.877,55.487,55.174,54.862,54.549,54.314,54.002,53.728,53.533,53.299,53.103,52.869,52.595,52.439,52.283,52.165,52.165,52.283,52.791,53.533,54.744,56.346,58.378,60.801,63.497,66.506,69.554,72.797,76.001,79.049,81.941,84.441,86.434,87.919,88.857,89.287,89.365,89.052,88.505,87.724,86.864,86.004,85.106,84.285,83.504,82.683,81.941,81.198,80.417,79.674,78.932,78.189,77.369,76.509,75.61,74.673,73.618,72.484,71.351,70.179,69.046,67.913,66.936,65.998,65.099,64.357,63.693,63.067,62.559,62.13,61.739,61.504,61.231,61.192,61.114,61.114,61.192,61.309,61.348,61.504,61.543,61.622,61.739,61.817,61.817,61.817,61.739,61.739,61.622,61.543,61.426,61.231,61.035,60.879,60.684,60.488,60.254,59.98,59.746,59.472,59.238,59.004,58.73,58.378,58.066,57.753,57.48,57.167,56.854,56.542,56.229,55.917,55.604,55.252,54.94,54.549,54.236,53.846,53.533,53.22,52.908,52.595,52.361,52.165,51.931,51.696,51.501,51.228,50.993,50.759,50.563,50.485,50.602,50.993,51.696,52.751,54.314,56.229,58.613,61.348,64.435,67.678,71,74.321,77.564,80.573,83.191,85.223,86.864,87.88,88.427,88.505,88.232,87.685,86.942,86.044,85.106,84.246,83.308,82.449,81.55,80.69,79.87,79.049,78.228,77.447,76.548,75.728,74.868,73.852,72.758,71.625,70.374,69.163,67.913,66.662,65.568,64.474,63.497,62.598,61.856,61.192,60.567,60.059,59.668,59.433,59.238,59.16,59.16,59.316,59.433,59.668,59.941,60.254,60.606,60.918,61.309,61.661,61.973,62.286,62.598,62.794,62.911,63.067,63.067,63.067,62.989,62.872,62.677,62.442,62.13,61.817,61.426,61.114,60.723,60.371,59.98,59.629,59.16,58.73,58.378,57.988,57.597,57.245,56.854,56.542,56.229,55.917,55.604,55.291,54.979,54.666,54.432,54.158,53.924,53.689,53.494,53.299,53.103,52.986,52.791,52.673,52.478,52.283,52.126,52.009,52.009,52.126,52.556,53.299,54.549,56.229,58.378,60.918,63.849,66.975,70.374,73.813,77.252,80.573,83.543,86.239,88.31,89.795,90.693,91.045,90.928,90.42,89.678,88.662,87.567,86.434,85.223,84.168,83.113,82.175,81.315,80.495,79.635,78.815,77.994,77.173,76.353,75.415,74.477,73.422,72.289,71.195,70.062,68.929,67.874,66.858,65.92,65.06,64.24,63.536,62.989,62.481,62.051,61.817,61.543,61.426,61.426,61.426,61.504,61.543,61.661,61.817,61.934,62.051,62.169,62.247,62.286,62.286,62.286,62.286,62.247,62.169,62.13,61.973,61.934,61.817,61.661,61.543,61.348,61.231,61.035,60.879,60.606,60.293,60.059,59.785,59.472,59.238,59.004,58.691,58.378,58.066,57.753,57.44,57.128,56.815,56.425,56.112,55.799,55.565,55.291,54.979,54.666,54.432,54.158,53.924,53.728,53.494,53.299,53.064,52.869,52.673,52.478,52.361,52.283,52.478,52.791,53.416,54.432,55.877,57.753,60.098,62.755,65.724,68.85,72.133,75.376,78.619,81.667,84.363,86.63,88.31,89.443,90.068,90.225,90.068,89.56,88.818,87.919,87.059,86.122,85.106,84.168,83.23,82.292,81.355,80.495,79.674,78.932,78.111,77.291,76.509,75.61,74.751,73.813,72.797,71.742,70.687,69.632,68.538,67.561,66.623,65.803,64.982,64.318,63.693,63.106,62.677,62.286,61.973,61.739,61.622,61.504,61.426,61.504,61.543,61.622,61.661,61.739,61.817,61.934,61.934,61.973,61.973,61.973,61.973,61.973,61.973,61.973,61.934,61.856,61.739,61.622,61.543,61.426,61.231,61.035,60.879,60.606,60.41,60.176,59.863,59.551,59.238,58.925,58.613,58.3,57.988,57.597,57.245,56.854,56.542,56.19,55.799,55.487,55.174,54.862,54.627,54.314,54.041,53.807,53.533,53.377,53.181,52.908,52.751,52.556,52.361,52.244,52.244,52.283,52.595,53.22,54.158,55.565,57.362,59.629,62.247,65.099,68.225,71.547,74.868,78.111,81.237,84.012,86.317,88.115,89.287,90.068,90.225,90.068,89.482,88.74,87.88,86.942,85.926,85.067,84.168,83.386,82.605,81.862,81.12,80.417,79.752,79.01,78.228,77.447,76.548,75.61,74.634,73.539,72.445,71.312,70.179,69.046,68.069,67.131,66.232,65.412,64.669,64.044,63.497,62.989,62.598,62.286,61.973,61.856,61.739,61.622,61.622,61.622,61.622,61.661,61.817,61.856,61.934,61.934,61.973,61.973,62.051,62.051,61.973,61.973,61.856,61.817,61.739,61.622,61.543,61.426,61.309,61.114,60.918,60.684,60.488,60.254,59.98,59.746,59.472,59.238,59.004,58.691,58.378,58.066,57.753,57.44,57.128,56.737,56.425,56.034,55.721,55.37,55.057,54.744,54.432,54.158,53.924,53.689,53.494,53.22,53.064,52.869,52.673,52.478,52.283,52.165,52.165,52.439,52.908,53.728,54.94,56.542,58.535,60.918,63.614,66.623,69.749,72.992,76.236,79.362,82.253,84.754,86.669,88.193,89.13,89.56,89.599,89.248,88.662,87.997,87.177,86.317,85.496,84.598,83.855,83.113,82.37,81.667,81.003,80.299,79.674,79.01,78.228,77.447,76.509,75.571,74.438,73.305,72.133,70.921,69.749,68.616,67.561,66.623,65.685,64.943,64.161,63.536,63.067,62.677,62.286,61.973,61.817,61.661,61.543,61.543,61.543,61.543,61.622,61.622,61.661,61.739,61.739,61.739,61.739,61.661,61.622,61.543,61.504,61.348,61.309,61.192,60.996,60.879,60.684,60.488,60.293,60.098,59.863,59.629,59.433,59.121,58.847,58.613,58.378,58.105,57.87,57.597,57.362,57.128,56.815,56.542,56.229,55.917,55.604,55.291,55.057,54.744,54.432,54.158,53.846,53.533,53.299,52.986,52.751,52.556,52.283,52.048,51.853,51.618,51.423,51.228,51.11,51.188,51.423,52.009,52.986,54.354,56.229,58.535,61.192,64.161,67.366,70.726,74.165,77.486,80.573,83.23,85.418,87.177,88.31,88.974,89.13,88.935,88.349,87.607,86.669,85.731,84.754,83.738,82.8,81.941,81.042,80.299,79.479,78.815,78.072,77.291,76.626,75.806,74.985,74.047,73.11,71.976,70.882,69.671,68.499,67.366,66.311,65.295,64.435,63.614,62.872,62.169,61.622,61.114,60.684,60.41,60.176,60.059,59.98,59.941,59.98,60.098,60.293,60.488,60.684,60.918,61.192,61.426,61.661,61.856,62.051,62.169,62.364,62.442,62.481,62.559,62.481,62.442,62.286,62.13,61.856,61.543,61.231,60.879,60.567,60.176,59.746,59.355,58.925,58.535,58.183,57.753,57.362,56.972,56.62,56.229,55.877,55.565,55.174,54.862,54.549,54.236,54.002,53.728,53.494,53.22,53.064,52.869,52.751,52.556,52.478,52.361,52.244,52.165,52.048,51.931,51.853,52.009,52.283,52.908,53.846,55.291,57.128,59.316,61.934,64.865,68.069,71.351,74.751,78.072,81.198,84.012,86.317,87.997,89.13,89.599,89.678,89.365,88.662,87.802,86.786,85.692,84.598,83.504,82.488,81.55,80.69,79.87,79.166,78.424,77.76,77.134,76.431,75.806,75.063,74.165,73.227,72.25,71.117,69.984,68.929,67.874,66.858,65.92,65.099,64.435,63.81,63.224,62.794,62.442,62.13,61.934,61.856,61.817,61.856,61.973,62.13,62.247,62.364,62.481,62.598,62.677,62.755,62.794,62.755,62.755,62.677,62.559,62.481,62.442,62.247,62.13,61.934,61.817,61.622,61.426,61.192,60.996,60.723,60.567,60.293,60.059,59.785,59.472,59.238,58.925,58.691,58.378,58.066,57.753,57.44,57.128,56.854,56.503,56.19,55.877,55.565,55.252,54.94,54.666,54.432,54.158,53.924,53.728,53.533,53.377,53.22,52.986,52.791,52.595,52.439,52.361,52.439,52.673,53.181,54.119,55.37,57.128,59.238,61.739,64.552,67.561,70.687,73.852,76.978,79.948,82.566,84.793,86.551,87.88,88.662,89.052,89.052,88.818,88.31,87.607,86.864,86.004,85.067,84.168,83.23,82.292,81.433,80.573,79.791,79.049,78.307,77.603,76.861,76.118,75.298,74.36,73.383,72.25,71.117,69.984,68.811,67.756,66.662,65.724,64.943,64.161,63.497,62.872,62.364,61.973,61.661,61.426,61.309,61.231,61.192,61.231,61.309,61.426,61.543,61.661,61.817,61.934,62.051,62.13,62.169,62.169,62.169,62.169,62.13,62.051,61.934,61.817,61.622,61.426,61.231,61.035,60.879,60.684,60.41,60.176,59.941,59.668,59.433,59.16,58.925,58.691,58.378,58.105,57.792,57.48,57.245,56.933,56.542,56.229,55.917,55.565,55.252,54.94,54.666,54.354,54.119,53.846,53.611,53.377,53.181,52.986,52.791,52.556,52.361,52.244,52.126,52.126,52.244,52.595,53.299,54.432,55.917,57.87,60.254,62.911,65.803,68.929,72.055,75.259,78.424,81.315,83.855,85.926,87.489,88.427,88.935,88.974,88.74,88.193,87.372,86.551,85.692,84.754,83.855,83.074,82.253,81.511,80.807,80.182,79.479,78.854,78.189,77.486,76.744,75.923,75.063,74.047,72.992,71.859,70.726,69.632,68.538,67.483,66.506,65.607,64.787,64.044,63.38,62.794,62.286,61.934,61.661,61.426,61.309,61.192,61.192,61.192,61.231,61.348,61.504,61.543,61.661,61.817,61.856,61.934,61.973,61.973,61.934,61.856,61.817,61.739,61.543,61.426,61.231,61.035,60.801,60.606,60.371,60.176,59.941,59.746,59.472,59.16,58.925,58.613,58.378,58.066,57.753,57.44,57.167,56.854,56.542,56.307,55.995,55.682,55.37,55.057,54.744,54.471,54.158,53.924,53.689,53.494,53.299,53.064,52.869,52.673,52.478,52.283,52.126,52.009,51.931,51.931,52.165,52.595,53.494,54.744,56.346,58.417,60.879,63.536,66.545,69.671,72.797,76.001,78.932,81.667,84.012,85.809,87.099,87.919,88.31,88.193,87.724,87.099,86.356,85.496,84.598,83.816,82.996,82.253,81.55,80.925,80.378,79.791,79.244,78.697,78.072,77.369,76.626,75.806,74.868,73.813,72.602,71.429,70.257,69.046,67.913,66.858,65.881,64.982,64.24,63.536,62.911,62.442,61.973,61.661,61.426,61.231,61.035,60.996,60.918,60.996,60.996,61.035,61.114,61.192,61.231,61.309,61.348,61.348,61.348,61.348,61.348,61.309,61.192,61.114,60.996,60.918,60.801,60.606,60.41,60.254,60.059,59.863,59.668,59.472,59.238,59.004,58.691,58.417,58.222,57.988,57.675,57.44,57.128,56.854,56.542,56.307,55.995,55.682,55.37,55.057,54.744,54.471,54.158,53.924,53.689,53.416,53.22,52.986,52.791,52.595,52.439,52.244,52.048,51.853,51.736,51.736,52.009,52.439,53.181,54.354,55.917,57.909,60.254,62.911,65.803,68.85,71.976,75.181,78.228,81.12,83.621,85.614,87.099,88.036,88.544,88.544,88.232,87.685,86.942,86.044,85.184,84.246,83.425,82.605,81.862,81.12,80.378,79.635,78.932,78.189,77.447,76.665,75.884,74.985,74.008,72.914,71.82,70.609,69.437,68.225,67.131,65.998,64.982,64.122,63.302,62.559,61.934,61.426,60.918,60.606,60.371,60.176,60.059,59.98,60.059,60.059,60.176,60.293,60.41,60.567,60.684,60.801,60.879,60.996,61.035,61.114,61.192,61.114,61.114,60.996,60.879,60.723,60.606,60.41,60.293,60.059,59.863,59.629,59.355,59.121,58.808,58.496,58.105,57.792,57.48,57.167,56.933,56.62,56.307,55.995,55.682,55.37,54.979,54.666,54.354,54.002,53.689,53.377,53.064,52.751,52.439,52.165,51.931,51.736,51.501,51.228,51.071,50.876,50.602,50.446,50.29,50.173,50.251,50.446,50.915,51.814,53.103,54.862,57.05,59.668,62.559,65.685,69.007,72.367,75.61,78.736,81.511,83.855,85.692,86.864,87.567,87.802,87.685,87.177,86.473,85.536,84.559,83.425,82.37,81.355,80.417,79.479,78.697,77.916,77.134,76.353,75.571,74.751,73.93,72.992,72.055,71,69.945,68.733,67.6,66.506,65.373,64.357,63.419,62.598,61.856,61.231,60.684,60.293,59.98,59.785,59.668,59.668,59.746,59.863,60.059,60.371,60.684,60.996,61.348,61.739,62.13,62.442,62.755,62.989,63.185,63.302,63.38,63.419,63.419,63.419,63.302,63.185,62.989,62.755,62.481,62.13,61.739,61.309,60.879,60.41,59.98,59.551,59.043,58.613,58.183,57.753,57.362,56.933,56.542,56.19,55.799,55.409,55.096,54.783,54.471,54.158,53.846,53.689,53.416,53.22,53.064,52.908,52.791,52.751,52.595,52.556,52.439,52.361,52.244,52.165,52.126,52.165,52.361,52.791,53.611,54.862,56.542,58.613,61.114,63.927,66.936,70.062,73.227,76.353,79.362,82.058,84.363,86.122,87.411,88.193,88.544,88.427,87.997,87.294,86.434,85.418,84.441,83.504,82.566,81.667,80.886,80.065,79.323,78.502,77.799,77.134,76.431,75.689,74.868,74.008,73.071,72.055,71,69.945,68.85,67.795,66.819,65.881,64.982,64.161,63.497,62.872,62.286,61.817,61.426,61.114,60.879,60.684,60.606,60.567,60.567,60.606,60.723,60.801,60.879,60.918,60.996,61.035,61.035,61.114,61.114,61.035,60.996,60.918,60.879,60.723,60.606,60.488,60.371,60.254,60.059,59.863,59.629,59.355,59.121,58.925,58.73,58.496,58.222,57.988,57.753,57.44,57.167,56.933,56.62,56.346,56.034,55.799,55.487,55.174,54.862,54.549,54.236,53.924,53.689,53.416,53.181,52.986,52.791,52.595,52.361,52.165,52.009,51.814,51.696,51.54,51.618,51.853,52.361,53.22,54.549,56.229,58.3,60.723,63.419,66.311,69.358,72.445,75.571,78.424,81.042,83.23,84.988,86.317,87.099,87.567,87.567,87.255,86.63,85.809,84.91,83.933,82.996,82.058,81.237,80.495,79.791,79.166,78.619,78.072,77.564,76.978,76.431,75.728,74.985,74.165,73.227,72.172,71.039,69.945,68.733,67.6,66.545,65.607,64.669,63.849,63.067,62.364,61.739,61.231,60.879,60.567,60.293,60.176,60.059,59.98,60.059,60.098,60.176,60.293,60.488,60.606,60.801,60.918,61.035,61.114,61.192,61.231,61.309,61.309,61.231,61.192,61.114,61.035,60.879,60.684,60.488,60.254,59.98,59.746,59.433,59.121,58.808,58.496,58.183,57.87,57.558,57.167,56.854,56.542,56.19,55.799,55.487,55.096,54.744,54.432,54.119,53.846,53.533,53.299,53.064,52.869,52.595,52.439,52.244,52.048,51.931,51.736,51.54,51.423,51.306,51.306,51.501,51.853,52.595,53.689,55.252,57.167,59.472,62.13,64.982,67.991,71.117,74.243,77.252,80.065,82.566,84.559,86.044,87.099,87.607,87.724,87.489,86.942,86.161,85.301,84.441,83.425,82.449,81.433,80.495,79.674,78.854,78.189,77.564,76.978,76.353,75.806,75.181,74.477,73.735,72.875,71.937,70.921,69.866,68.733,67.678,66.662,65.685,64.787,64.005,63.302,62.598,62.051,61.543,61.192,60.879,60.606,60.41,60.371,60.293,60.293,60.371,60.371,60.41,60.488,60.606,60.684,60.723,60.801,60.879,60.879,60.879,60.801,60.723,60.684,60.606,60.488,60.293,60.176,59.98,59.863,59.668,59.433,59.238,59.004,58.73,58.496,58.222,57.909,57.675,57.44,57.128,56.854,56.542,56.307,55.995,55.682,55.37,55.057,54.744,54.432,54.119,53.846,53.611,53.377,53.064,52.791,52.595,52.361,52.244,52.048,51.853,51.696,51.501,51.384,51.306,51.423,51.736,52.439,53.377,54.744,56.542,58.73,61.231,64.005,66.975,70.062,73.227,76.314,79.166,81.745,83.855,85.496,86.551,87.099,87.294,87.099,86.669,86.044,85.379,84.559,83.738,82.918,82.136,81.355,80.612,79.987,79.323,78.619,77.994,77.291,76.626,75.923,75.102,74.321,73.383,72.367,71.312,70.257,69.163,68.108,67.131,66.115,65.177,64.318,63.497,62.794,62.169,61.622,61.035,60.684,60.293,60.059,59.863,59.785,59.668,59.668,59.668,59.668,59.746,59.863,59.941,59.98,60.098,60.176,60.254,60.293,60.293,60.371,60.371,60.371,60.293,60.254,60.176,60.059,59.863,59.668,59.472,59.238,59.043,58.73,58.496,58.183,57.909,57.597,57.284,56.933,56.62,56.307,55.995,55.682,55.409,55.096,54.783,54.471,54.119,53.807,53.494,53.181,52.908,52.595,52.361,52.048,51.814,51.618,51.423,51.188,50.993,50.798,50.563,50.446,50.29,50.368,50.563,51.11,52.009,53.22,54.94,57.128,59.629,62.442,65.49,68.733,71.976,75.298,78.424,81.315,83.816,85.731,87.099,87.88,88.193,87.997,87.489,86.747,85.809,84.676,83.543,82.449,81.355,80.417,79.479,78.619,77.877,77.134,76.431,75.728,75.063,74.36,73.539,72.602,71.625,70.492,69.358,68.225,67.053,65.92,64.865,63.849,62.989,62.169,61.426,60.801,60.293,59.863,59.472,59.316,59.16,59.16,59.16,59.316,59.433,59.668,59.941,60.176,60.488,60.723,61.035,61.348,61.622,61.856,62.13,62.247,62.364,62.442,62.442,62.364,62.286,62.13,61.934,61.739,61.426,61.192,60.801,60.488,60.098,59.746,59.355,59.004,58.535,58.183,57.792,57.44,57.05,56.659,56.307,55.995,55.604,55.252,54.94,54.549,54.236,53.846,53.533,53.22,52.986,52.751,52.556,52.283,52.126,52.009,51.814,51.696,51.501,51.384,51.188,51.11,51.188,51.384,51.814,52.595,53.807,55.487,57.597,60.176,63.067,66.193,69.437,72.758,76.04,79.244,82.058,84.441,86.239,87.489,88.232,88.622,88.544,88.193,87.567,86.669,85.731,84.754,83.699,82.605,81.628,80.69,79.752,78.854,78.072,77.291,76.626,75.923,75.181,74.438,73.618,72.758,71.82,70.804,69.749,68.733,67.756,66.819,65.92,65.099,64.357,63.732,63.185,62.677,62.286,61.973,61.661,61.504,61.309,61.192,61.114,61.035,61.035,61.035,61.035,61.035,61.114,61.114,61.114,61.114,61.035,60.996,60.996,60.918,60.879,60.801,60.723,60.606,60.567,60.41,60.293,60.176,60.059,59.941,59.746,59.629,59.433,59.16,59.004,58.73,58.496,58.222,57.909,57.675,57.362,57.128,56.737,56.425,56.112,55.721,55.409,55.096,54.783,54.471,54.158,53.846,53.611,53.299,53.064,52.791,52.595,52.361,52.244,52.048,51.853,51.696,51.54,51.54,51.736,52.165,52.908,54.041,55.604,57.558,59.941,62.598,65.49,68.616,71.82,74.985,78.072,80.925,83.386,85.301,86.747,87.685,88.193,88.232,87.919,87.372,86.63,85.809,84.91,84.051,83.23,82.449,81.667,80.925,80.182,79.479,78.815,78.111,77.369,76.626,75.806,74.946,74.008,72.992,71.859,70.687,69.554,68.499,67.444,66.506,65.568,64.669,63.927,63.224,62.598,62.051,61.622,61.231,60.918,60.723,60.606,60.488,60.488,60.488,60.567,60.606,54.666,54.354,54.041,53.807,53.533,53.377,53.103,52.908,52.791,52.595,52.478,52.283,52.165,52.048,51.931,51.853,51.853,52.048,52.478,53.299,54.471,56.112,58.105,60.567,63.38,66.428,69.749,73.11,76.548,79.948,82.996,85.731,87.997,89.678,90.693,91.123,91.045,90.498,89.599,88.544,87.372,86.239,85.067,83.933,82.918,81.98,81.12,80.378,79.635,78.854,78.111,77.369,76.548,75.689,74.673,73.696,72.563,71.429,70.257,69.007,67.874,66.819,65.803,64.943,64.122,63.419,62.872,62.364,61.934,61.622,61.348,61.192,61.114,61.035,61.114,61.192,61.309,61.426,61.622,61.739,61.934,62.051,62.169,62.286,62.442,62.442,62.481,62.481,62.481,62.481,62.481,62.442,62.364,62.247,62.13,61.973,61.817,61.543,61.348,61.114,60.879,60.567,60.293,59.941,59.629,59.316,58.925,58.535,58.183,57.792,57.44,57.05,56.659,56.307,55.917,55.565,55.252,54.979,54.666,54.432,54.158,53.924,53.728,53.533,53.299,53.103,52.908,52.751,52.673,52.673,52.908,53.416,54.314,55.604,57.245,59.316,61.661,64.435,67.444,70.609,73.93,77.252,80.495,83.425,86.004,87.997,89.443,90.303,90.693,90.693,90.381,89.873,89.13,88.31,87.372,86.434,85.496,84.559,83.699,82.878,82.136,81.315,80.495,79.752,78.854,77.994,77.056,76.001,74.946,73.735,72.563,71.312,70.062,68.85,67.756,66.74,65.803,64.943,64.122,63.419,62.872,62.442,62.051,61.817,61.543,61.426,61.348,61.426,61.504,61.622,61.817,61.934,62.051,62.169,62.286,62.481,62.559,62.598,62.677,62.677,62.677,62.598,62.559,62.442,62.286,62.13,61.973,61.817,61.622,61.426,61.192,60.918,60.723,60.488,60.254,59.98,59.746,59.433,59.16,58.847,58.613,58.3,57.988,57.675,57.362,56.972,56.659,56.307,55.995,55.682,55.37,55.057,54.783,54.549,54.314,54.041,53.807,53.611,53.377,53.103,52.908,52.751,52.595,52.556,52.556,52.791,53.377,54.314,55.604,57.284,59.433,61.817,64.552,67.561,70.726,74.126,77.486,80.729,83.621,86.122,88.115,89.56,90.42,90.811,90.693,90.185,89.482,88.544,87.489,86.434,85.301,84.246,83.308,82.449,81.55,80.807,80.065,79.362,78.697,77.994,77.291,76.548,75.728,74.946,73.93,72.914,71.82,70.687,69.554,68.499,67.483,66.506,65.607,64.865,64.161,63.536,63.067,62.598,62.286,62.051,61.856,61.817,61.739,61.739,61.661,61.739,61.739,61.856,61.973,62.051,62.13,62.13,62.169,62.169,62.169,62.169,62.169,62.13,62.051,61.934,61.856,61.739,61.622,61.426,61.231,61.035,60.801,60.606,60.41,60.176,59.98,59.668,59.433,59.16,58.925,58.691,58.417,58.105,57.792,57.44,57.05,56.737,56.425,56.112,55.799,55.409,55.096,54.783,54.549,54.314,54.041,53.807,53.533,53.299,53.103,52.908,52.751,52.595,52.556,52.595,52.908,53.533,54.471,55.799,57.558,59.746,62.247,65.06,68.108,71.351,74.673,78.072,81.315,84.285,86.864,88.857,90.225,91.045,91.358,91.123,90.537,89.756,88.818,87.685,86.63,85.536,84.481,83.621,82.761,81.98,81.237,80.573,79.948,79.244,78.541,77.877,77.056,76.197,75.181,74.126,72.992,71.859,70.687,69.554,68.421,67.366,66.428,65.49,64.748,64.005,63.38,62.794,62.364,61.973,61.739,61.543,61.426,61.348,61.348,61.348,61.426,61.543,61.622,61.739,61.856,61.934,61.973,62.051,62.051,62.051,61.973,61.934,61.856,61.661,61.543,61.348,61.192,60.996,60.723,60.41,60.176,59.941,59.629,59.355,59.043,58.73,58.496,58.183,57.909,57.597,57.284,57.05,56.737,56.425,56.112,55.799,55.487,55.174,54.862,54.549,54.314,54.002,53.728,53.494,53.181,52.869,52.556,52.361,52.126,51.931,51.696,51.423,51.228,51.071,50.915,50.993,51.188,51.736,52.595,53.924,55.682,57.87,60.41,63.38,66.545,69.945,73.383,76.861,80.182,83.113,85.614,87.567,88.935,89.678,89.912,89.678,89.13,88.349,87.411,86.434,85.379,84.285,83.308,82.37,81.511,80.69,79.948,79.127,78.385,77.603,76.822,76.001,75.102,74.126,73.11,71.976,70.804,69.554,68.303,67.131,65.92,64.943,63.927,63.067,62.247,61.543,60.918,60.41,60.059,59.746,59.629,59.551,59.551,59.629,59.746,59.98,60.254,60.567,60.918,61.231,61.622,61.934,62.247,62.559,62.794,62.989,63.185,63.302,63.419,63.38,63.302,63.185,63.067,62.794,62.559,62.169,61.739,61.348,60.996,60.567,60.098,59.746,59.316,58.925,58.535,58.222,57.87,57.48,57.167,56.815,56.503,56.19,55.877,55.565,55.252,54.979,54.744,54.471,54.314,54.041,53.846,53.689,53.533,53.416,53.22,53.103,52.908,52.751,52.595,52.478,52.439,52.595,53.103,53.924,55.096,56.815,58.847,61.348,64.24,67.444,70.726,74.243,77.76,81.042,84.129,86.669,88.662,90.107,90.85,91.162,91.006,90.498,89.678,88.622,87.489,86.239,85.067,83.816,82.683,81.55,80.573,79.635,78.736,77.916,77.173,76.431,75.689,74.946,74.126,73.188,72.172,71.195,70.101,69.124,68.108,67.17,66.311,65.49,64.787,64.161,63.693,63.224,62.872,62.559,62.286,62.169,62.051,61.973,61.934,61.973,61.973,62.051,62.13,62.169,62.247,62.286,62.286,62.286,62.286,62.286,62.247,62.247,62.169,62.051,61.973,61.856,61.817,61.622,61.504,61.309,61.035,60.879,60.606,60.41,60.176,59.98,59.668,59.433,59.121,58.847,58.535,58.222,57.909,57.597,57.284,56.933,56.62,56.307,55.995,55.682,55.37,55.057,54.783,54.471,54.236,54.002,53.807,53.533,53.377,53.181,52.986,52.869,52.673,52.673,52.791,53.103,53.846,54.94,56.425,58.3,60.567,63.224,66.115,69.319,72.563,75.884,79.127,82.175,84.91,87.099,88.74,89.795,90.381,90.381,90.068,89.365,88.427,87.372,86.317,85.184,84.168,83.191,82.292,81.511,80.69,79.987,79.323,78.619,77.916,77.173,76.431,75.689,74.751,73.813,72.797,71.742,70.609,69.476,68.421,67.366,66.428,65.568,64.748,64.044,63.38,62.872,62.442,62.13,61.856,61.661,61.543,61.543,61.504,61.543,61.622,61.739,61.856,61.973,62.13,62.247,62.286,62.364,62.364,62.364,62.286,62.247,62.13,62.051,61.934,61.817,61.661,61.504,61.348,61.192,60.918,60.723,60.488,60.254,59.98,59.746,59.472,59.238,59.004,58.691,58.378,58.105,57.792,57.48,57.167,56.854,56.503,56.19,55.877,55.487,55.174,54.862,54.627,54.314,54.041,53.807,53.533,53.377,53.103,52.908,52.673,52.478,52.361,52.244,52.283,52.556,53.064,53.924,55.174,56.815,58.847,61.309,64.005,66.975,70.101,73.383,76.665,79.791,82.761,85.184,87.099,88.427,89.248,89.56,89.482,89.13,88.427,87.607,86.747,85.731,84.793,83.933,83.074,82.253,81.433,80.69,80.065,79.362,78.697,77.994,77.291,76.509,75.689,74.751,73.696,72.602,71.429,70.296,69.163,68.108,67.053,66.115,65.256,64.474,63.81,63.224,62.677,62.247,61.856,61.622,61.426,61.309,61.231,61.192,61.192,61.192,61.231,61.309,61.348,61.426,61.504,61.543,61.543,61.622,61.622,61.543,61.543,61.543,61.504,61.348,61.309,61.192,61.035,60.879,60.723,60.567,60.371,60.176,59.98,59.785,59.472,59.238,58.925,58.691,58.417,58.105,57.87,57.558,57.245,56.933,56.62,56.307,55.917,55.604,55.252,54.94,54.627,54.354,54.041,53.807,53.533,53.299,53.103,52.869,52.673,52.439,52.244,52.048,51.931,51.931,52.009,52.361,52.986,54.041,55.487,57.284,59.551,62.13,64.982,68.069,71.195,74.438,77.603,80.573,83.191,85.379,86.981,88.193,88.857,89.13,88.974,88.622,87.997,87.177,86.239,85.223,84.246,83.308,82.449,81.55,80.729,79.987,79.244,78.541,77.799,77.134,76.353,75.571,74.751,73.813,72.797,71.742,70.609,69.554,68.421,67.444,66.428,65.568,64.787,64.122,63.497,62.989,62.559,62.169,61.856,61.622,61.504,61.348,61.231,61.192,61.192,61.231,61.231,61.231,61.309,61.348,61.348,61.426,61.348,61.348,61.348,61.309,61.231,61.192,61.035,60.918,60.723,60.606,60.41,60.293,60.098,59.941,59.668,59.433,59.16,58.925,58.613,58.378,58.105,57.792,57.48,57.167,56.854,56.542,56.229,55.877,55.565,55.174,54.862,54.471,54.158,53.846,53.611,53.299,52.986,52.751,52.478,52.244,52.009,51.736,51.54,51.306,51.071,50.876,50.759,50.759,50.993,51.423,52.244,53.416,55.057,57.05,59.472,62.247,65.295,68.499,71.742,75.063,78.307,81.237,83.816,85.848,87.372,88.349,88.818,88.818,88.349,87.724,86.942,86.004,85.067,84.129,83.113,82.253,81.355,80.495,79.674,78.932,78.189,77.447,76.665,75.884,74.985,74.047,73.071,71.937,70.726,69.476,68.186,66.975,65.803,64.669,63.693,62.755,61.856,61.114,60.488,59.941,59.551,59.238,59.121,59.043,59.121,59.238,59.433,59.629,59.863,60.176,60.488,60.801,61.192,61.543,61.856,62.169,62.442,62.677,62.794,62.911,62.911,62.911,62.872,62.755,62.481,62.247,61.934,61.543,61.114,60.684,60.254,59.785,59.316,58.808,58.378,57.909,57.48,57.05,56.62,56.229,55.799,55.409,55.096,54.783,54.432,54.119,53.807,53.494,53.22,52.986,52.751,52.478,52.283,52.165,52.048,51.931,51.814,51.696,51.54,51.501,51.384,51.306,51.384,51.696,52.283,53.377,54.744,56.62,58.847,61.543,64.474,67.6,70.921,74.243,77.564,80.612,83.386,85.692,87.489,88.662,89.248,89.365,89.052,88.427,87.685,86.747,85.692,84.598,83.621,82.683,81.745,80.886,80.065,79.323,78.619,77.877,77.173,76.431,75.689,74.868,73.93,72.914,71.859,70.726,69.554,68.421,67.366,66.35,65.412,64.552,63.81,63.106,62.559,62.051,61.622,61.348,61.114,61.035,60.996,60.996,61.035,61.192,61.348,61.504,61.661,61.856,62.051,62.169,62.286,62.364,62.442,62.442,62.481,62.442,62.364,62.286,62.169,62.051,61.856,61.661,61.426,61.192,60.996,60.723,60.567,60.293,59.98,59.668,59.433,59.121,58.73,58.417,58.105,57.792,57.44,57.128,56.815,56.503,56.112,55.799,55.487,55.174,54.862,54.549,54.314,54.041,53.807,53.533,53.299,53.103,52.908,52.751,52.556,52.361,52.244,52.126,52.048,52.244,52.595,53.299,54.354,55.799,57.675,59.941,62.481,65.373,68.382,71.547,74.673,77.799,80.69,83.23,85.301,86.786,87.802,88.349,88.427,88.232,87.802,87.177,86.356,85.496,84.598,83.699,82.8,81.98,81.237,80.495,79.752,79.049,78.385,77.681,76.939,76.197,75.376,74.438,73.422,72.367,71.234,70.062,68.929,67.795,66.74,65.803,64.943,64.122,63.419,62.755,62.247,61.817,61.504,61.231,61.114,60.996,60.996,61.035,61.114,61.192,61.309,61.426,61.543,61.661,61.817,61.817,61.856,61.934,61.973,61.973,61.973,61.934,61.856,61.739,61.622,61.426,61.309,61.035,60.879,60.606,60.371,60.098,59.785,59.472,59.16,58.847,58.535,58.3,57.988,57.675,57.362,57.05,56.737,56.346,56.034,55.721,55.409,55.096,54.862,54.549,54.314,54.119,53.846,53.611,53.377,53.181,52.986,52.791,52.595,52.439,52.244,52.048,52.009,51.931,52.048,52.439,53.103,54.119,55.565,57.362,59.551,62.13,64.943,67.913,71.039,74.243,77.369,80.26,82.761,84.793,86.356,87.567,88.232,88.544,88.505,88.193,87.685,86.981,86.122,85.184,84.246,83.308,82.37,81.511,80.69,79.87,79.049,78.307,77.564,76.822,76.04,75.298,74.438,73.5,72.484,71.508,70.374,69.319,68.225,67.248,66.35,65.49,64.669,64.005,63.302,62.755,62.247,61.856,61.622,61.348,61.231,61.114,61.035,60.996,60.996,60.996,61.035,61.114,61.192,61.231,61.309,61.309,61.309,61.348,61.309,61.309,61.231,61.192,61.035,60.996,60.918,60.723,60.606,60.41,60.293,60.059,59.863,59.668,59.433,59.16,58.847,58.613,58.378,58.105,57.87,57.597,57.284,57.05,56.737,56.425,56.112,55.799,55.409,55.096,54.783,54.549,54.236,54.002,53.728,53.494,53.22,52.986,52.791,52.595,52.439,52.244,52.048,51.931,51.814,51.736,51.853,52.244,52.908,54.002,55.409,57.245,59.472,61.973,64.787,67.756,70.804,73.93,77.056,79.987,82.566,84.598,86.239,87.372,87.997,88.193,88.036,87.567,86.942,86.122,85.223,84.285,83.425,82.566,81.745,81.003,80.26,79.635,79.01,78.385,77.76,77.134,76.353,75.61,74.751,73.813,72.797,71.742,70.687,69.554,68.421,67.444,66.428,65.568,64.669,64.005,63.302,62.755,62.247,61.817,61.504,61.231,61.035,60.996,60.918,60.918,60.918,60.996,61.035,61.114,61.231,61.348,61.426,61.504,61.543,61.543,61.543,61.543,61.504,61.504,61.348,61.309,61.192,60.996,60.801,60.606,60.488,60.254,60.059,59.785,59.472,59.238,59.004,58.73,58.496,58.222,57.909,57.597,57.284,57.05,56.737,56.503,56.19,55.799,55.487,55.174,54.862,54.549,54.236,54.002,53.728,53.494,53.299,53.064,52.869,52.673,52.439,52.244,52.048,51.853,51.736,51.736,51.931,52.283,52.986,54.002,55.409,57.284,59.551,62.13,64.982,67.991,71.117,74.243,77.291,80.182,82.761,84.871,86.434,87.489,88.115,88.31,88.115,87.567,86.786,85.926,84.988,84.129,83.308,82.566,81.862,81.237,80.612,80.065,79.479,78.932,78.307,77.603,76.822,75.923,74.985,73.93,72.797,71.625,70.413,69.241,68.069,66.975,65.92,64.982,64.122,63.302,62.559,61.934,61.348,60.918,60.567,60.254,60.059,59.863,59.746,59.668,59.668,59.746,59.785,59.941,60.059,60.098,60.254,60.371,60.488,60.567,60.606,60.684,60.684,60.684,60.684,60.606,60.567,60.488,60.371,60.254,60.059,59.785,59.629,59.355,59.121,58.847,58.613,58.3,57.988,57.753,57.362,57.05,56.737,56.425,56.034,55.682,55.291,54.94,54.627,54.314,54.002,53.689,53.299,52.986,52.673,52.361,52.126,51.931,51.696,51.423,51.188,50.993,50.759,50.563,50.368,50.251,50.251,50.368,50.798,51.54,52.673,54.236,56.229,58.691,61.426,64.474,67.756,71.117,74.477,77.799,80.925,83.543,85.692,87.177,88.036,88.31,88.115,87.567,86.747,85.692,84.598,83.425,82.292,81.315,80.299,79.44,78.619,77.877,77.173,76.509,75.806,75.102,74.438,73.618,72.758,71.82,70.726,69.632,68.499,67.287,66.232,65.099,64.122,63.185,62.286,61.543,60.918,60.371,59.941,59.551,59.355,59.238,59.16,59.238,59.355,59.551,59.785,60.059,60.41,60.801,61.192,61.504,61.817,62.169,62.442,62.677,62.872,62.989,63.067,63.106,63.106,62.989,62.794,62.598,62.364,62.051,61.739,61.426,60.996,60.606,60.176,59.785,59.355,58.925,58.535,58.105,57.753,57.362,56.933,56.542,56.112,55.721,55.37,54.979,54.666,54.314,54.002,53.728,53.494,53.22,52.986,52.791,52.556,52.361,52.244,52.126,51.931,51.814,51.696,51.54,51.423,51.384,51.384,51.618,52.126,52.986,54.236,55.995,58.105,60.606,63.497,66.545,69.749,73.071,76.314,79.44,82.37,84.871,86.786,88.115,88.857,89.052,88.818,88.232,87.372,86.356,85.223,84.129,83.074,82.058,81.198,80.378,79.635,79.01,78.385,77.76,77.173,76.548,75.884,75.102,74.321,73.383,72.367,71.312,70.179,69.046,67.991,66.936,65.998,65.099,64.318,63.536,62.911,62.364,61.934,61.543,61.231,61.035,60.918,60.801,60.723,60.723,60.801,60.879,60.918,60.996,61.035,61.114,61.114,61.114,61.114,61.114,61.114,61.035,60.996,60.918,60.879,60.801,60.684,60.567,60.41,60.293,60.176,60.059,59.863,59.668,59.433,59.16,58.925,58.691,58.417,58.183,57.87,57.597,57.284,56.972,56.659,56.346,56.034,55.682,55.37,55.057,54.744,54.432,54.119,53.807,53.494,53.22,53.064,52.791,52.595,52.439,52.244,52.009,51.814,51.618,51.54,51.501,51.618,52.009,52.595,53.689,55.096,56.972,59.238,61.817,64.552,67.6,70.726,73.93,77.056,79.948,82.488,84.598,86.239,87.372,88.036,88.232,88.036,87.567,86.864,85.926,84.91,83.933,82.878,81.862,80.925,80.104,79.362,78.697,78.072,77.447,76.939,76.353,75.806,75.102,74.36,73.5,72.563,71.547,70.413,69.358,68.303,67.248,66.232,65.373,64.552,63.732,63.067,62.481,61.973,61.543,61.192,60.918,60.723,60.606,60.606,60.567,60.606,60.606,60.684,60.723,60.801,60.879,60.918,60.996,60.996,60.996,60.918,60.879,60.801,60.723,60.684,60.567,60.371,60.254,60.098,59.941,59.785,59.668,59.472,59.238,59.043,58.808,58.613,58.378,58.105,57.87,57.597,57.362,57.167,56.854,56.62,56.307,55.995,55.682,55.37,55.057,54.744,54.471,54.158,53.924,53.611,53.377,53.103,52.908,52.673,52.478,52.283,52.126,51.931,51.736,51.618,51.618,51.814,52.283,53.103,54.236,55.799,57.792,60.098,62.755,65.607,68.694,71.859,75.102,78.228,81.12,83.543,85.496,86.942,87.88,88.349,88.427,88.115,87.567,86.786,85.926,85.067,84.129,83.23,82.37,81.55,80.807,80.065,79.323,78.619,77.994,77.291,76.626,75.923,75.102,74.165,73.227,72.172,71.039,69.984,68.929,67.874,66.858,65.92,64.982,64.24,63.497,62.872,62.364,61.856,61.543,61.231,61.035,60.918,60.879,60.879,60.879,60.918,60.996,60.996,61.114,61.192,61.231,61.231,61.309,61.309,61.309,61.231,61.114,61.035,60.996,60.879,60.723,60.606,60.41,60.293,60.098,59.941,59.746,59.472,59.316,59.121,58.847,58.613,58.378,58.105,57.87,57.597,57.362,57.128,56.815,56.542,56.229,55.917,55.604,55.291,54.94,54.627,54.314,54.041,53.807,53.533,53.299,53.064,52.869,52.595,52.439,52.244,52.048,51.814,51.696,51.618,51.696,52.009,52.595,53.533,54.862,56.62,58.73,61.192,63.927,66.858,69.945,73.11,76.314,79.362,82.058,84.363,86.044,87.294,87.997,88.31,88.232,87.88,87.177,86.356,85.496,84.559,83.699,82.8,82.058,81.315,80.69,79.987,79.362,78.736,78.072,77.369,76.665,75.884,75.063,74.126,73.11,72.055,71,69.866,68.811,67.756,66.74,65.803,64.943,64.161,63.497,62.794,62.247,61.661,61.309,60.918,60.684,60.41,60.254,60.176,60.098,60.059,60.059,60.059,60.098,60.176,60.254,60.293,60.41,60.41,60.41,60.41,60.41,60.41,60.371,60.371,60.293,60.176,59.98,59.863,59.668,59.472,59.355,59.16,58.925,58.73,58.496,58.222,57.988,57.753,57.48,57.167,56.933,56.62,56.307,55.995,55.682,55.37,55.057,54.666,54.354,54.002,53.689,53.299,52.986,52.673,52.361,52.126,51.853,51.696,51.423,51.188,50.915,50.759,50.563,50.446,50.368,50.563,50.915,51.696,52.869,54.471,56.62,59.121,61.973,65.06,68.382,71.742,75.102,78.385,81.355,83.933,85.926,87.372,88.232,88.622,88.505,88.036,87.255,86.356,85.379,84.285,83.308,82.292,81.433,80.573,79.752,78.932,78.189,77.486,76.744,76.001,75.102,74.243,73.305,72.289,71.234,70.101,68.929,67.756,66.623,65.49,64.435,63.497,62.598,61.817,61.192,60.606,60.176,59.785,59.551,59.355,59.316,59.316,59.433,59.551,59.785,60.059,60.371,60.684,61.035,61.426,61.817,62.13,62.442,62.677,62.872,63.067,63.106,63.185,63.106,63.067,62.911,62.755,62.481,62.169,61.934,61.543,61.231,60.879,60.488,60.059,59.668,59.316,58.847,58.496,58.066,57.675,57.245,56.815,56.425,56.034,55.604,55.291,54.94,54.627,54.236,54.002,53.689,53.416,53.181,52.986,52.791,52.595,52.439,52.244,52.048,51.931,51.814,51.696,51.696,51.814,52.165,52.791,53.846,55.409,57.362,59.746,62.481,65.607,68.85,72.25,75.689,79.01,82.175,84.91,87.177,88.818,89.873,90.381,90.303,89.912,89.17,88.193,87.099,86.004,84.871,83.738,82.761,81.823,80.925,80.065,79.323,78.541,77.799,77.056,76.314,75.571,74.751,73.852,72.914,71.859,70.804,69.749,68.694,67.678,66.74,65.803,64.982,64.24,63.536,62.989,62.559,62.13,61.739,61.543,61.426,61.348,61.309,61.348,61.426,61.504,61.622,61.661,61.739,61.856,61.934,61.973,62.051,62.051,61.973,61.934,61.856,61.817,61.739,61.661,61.543,61.348,61.231,61.035,60.879,60.606,60.41,60.176,59.98,59.746,59.472,59.16,58.847,58.613,58.3,58.066,57.753,57.44,57.128,56.854,56.542,56.229,55.877,55.565,55.252,54.94,54.627,54.354,54.119,53.846,53.611,53.416,53.181,52.986,52.791,52.595,52.361,52.165,52.048,51.853,51.853,52.009,52.283,52.986,54.041,55.487,57.362,59.629,62.169,65.06,68.186,71.429,74.751,78.072,81.12,83.855,86.161,87.919,89.13,89.678,89.795,89.443,88.74,87.88,86.786,85.809,84.793,83.816,82.918,82.058,81.315,80.573,79.87,79.244,78.619,77.994,77.252,76.548,75.728,74.868,73.93,72.875,71.742,70.609,69.476,68.382,67.248,66.232,65.295,64.474,63.732,63.106,62.481,61.973,61.622,61.309,61.035,60.918,60.879,60.801,60.879,60.918,60.996,61.114,61.231,61.309,61.426,61.543,61.622,61.661,61.661,61.661,61.661,61.661,61.622,61.504,61.426,61.309,61.114,60.918,60.801,60.567,60.371,60.098,59.941,59.668,59.472,59.238,59.004,58.691,58.417,58.105,57.792,57.48,57.167,56.854,56.542,56.229,55.917,55.604,55.252,54.94,54.627,54.314,54.041,53.807,53.533,53.299,53.064,52.869,52.595,52.439,52.244,52.126,52.048,52.048,52.283,52.751,53.533,54.783,56.425,58.417,60.801,63.536,66.506,69.671,72.914,76.197,79.362,82.253,84.754,86.786,88.232,89.248,89.756,89.795,89.482,88.935,88.193,87.294,86.434,85.496,84.598,83.738,82.918,82.175,81.355,80.573,79.752,78.932,78.189,77.291,76.431,75.571,74.555,73.539,72.445,71.351,70.257,69.163,68.108,67.131,66.232,65.412,64.669,64.005,63.419,62.989,62.598,62.286,62.051,61.934,61.817,61.817,61.817,61.817,61.856,61.973,62.051,62.13,62.13,62.169,62.169,62.169,62.13,62.051,61.973,61.856,61.661,61.543,61.348,61.192,61.035,60.879,60.606,60.41,60.254,60.059,59.863,59.629,59.433,59.16,58.925,58.691,58.417,58.183,57.909,57.675,57.44,57.167,56.854,56.62,56.307,55.995,55.682,55.37,55.057,54.744,54.471,54.236,54.002,53.689,53.494,53.22,53.064,52.869,52.751,52.556,52.361,52.165,52.048,52.048,52.165,52.556,53.181,54.236,55.682,57.48,59.746,62.286,65.177,68.225,71.429,74.751,77.994,81.12,83.933,86.239,87.997,89.17,89.795,89.99,89.756,89.17,88.427,87.411,86.434,85.418,84.441,83.425,82.488,81.628,80.807,80.065,79.244,78.502,77.76,76.978,76.197,75.376,74.438,73.383,72.289,71.195,70.062,68.929,67.795,66.74,65.724,64.865,64.005,63.224,62.598,61.973,61.504,61.114,60.723,60.488,60.293,60.176,60.098,60.059,60.098,60.176,60.293,60.41,60.567,60.684,60.801,60.918,61.035,61.192,61.309,61.348,61.426,61.504,61.426,61.348,61.309,61.231,61.114,60.996,60.879,60.684,60.41,60.176,59.863,59.551,59.238,58.925,58.613,58.222,57.909,57.558,57.167,56.815,56.425,56.034,55.682,55.291,54.862,54.549,54.158,53.846,53.533,53.22,52.908,52.595,52.361,52.126,51.853,51.696,51.423,51.188,50.993,50.759,50.602,50.563,50.68,51.071,51.736,52.908,54.471,56.503,58.925,61.739,64.787,68.108,71.547,75.102,78.619,81.941,84.871,87.255,89.052,90.185,90.693,90.537,90.068,89.13,87.997,86.747,85.379,84.051,82.8,81.628,80.612,79.674,78.815,78.072,77.291,76.548,75.806,75.063,74.165,73.227,72.25,71.195,69.984,68.85,67.678,66.545,65.412,64.435,63.497,62.598,61.856,61.192,60.606,60.098,59.785,59.551,59.433,59.433,59.472,59.668,59.98,60.293,60.684,61.035,61.504,61.973,62.442,62.911,63.302,63.693,64.005,64.161,64.357,64.435,64.435,64.357,64.161,64.005,63.693,63.302,62.872,62.442,61.973,61.504,60.996,60.567,60.059,59.551,59.121,58.613,58.183,57.792,57.362,56.972,56.62,56.307,55.917,55.604,55.291,55.057,54.783,54.627,54.354
0.34506,0.33969,0.34506,0.34506,0.34506,0.34506,0.33969,0.34506,0.34506,0.33969,0.34506,0.34506,0.34506,0.35484,0.36999,0.37977,0.38514,0.39003,0.39003,0.39492,0.39492,0.38514,0.36999,0.35484,0.34506,0.33969,0.32991,0.31965,0.31965,0.31965,0.32991,0.31965,0.30499,0.3001,0.39003,0.67498,1.0552,1.3407,1.2107,0.72532,0.42473,0.33969,0.31965,0.30987,0.3001,0.28495,0.28006,0.28006,0.27468,0.27468,0.27468,0.27468,0.28983,0.28983,0.29472,0.3001,0.30499,0.30499,0.30987,0.31965,0.32502,0.3348,0.34995,0.3651,0.37977,0.39492,0.41496,0.43988,0.46481,0.48485,0.5,0.50978,0.51515,0.49022,0.46481,0.43011,0.39492,0.3651,0.34506,0.31965,0.30499,0.30499,0.30499,0.29472,0.28983,0.29472,0.29472,0.3001,0.29472,0.3001,0.3001,0.3001,0.3001,0.3001,0.30499,0.30499,0.30987,0.31476,0.31476,0.31965,0.31965,0.31965,0.32502,0.31965,0.31965,0.32502,0.32991,0.32502,0.31965,0.31965,0.32502,0.32502,0.32991,0.3348,0.3348,0.33969,0.34506,0.3348,0.3348,0.32991,0.3348,0.3348,0.34506,0.35973,0.36999,0.37488,0.37977,0.36999,0.37488,0.37488,0.37977,0.3651,0.34506,0.34506,0.33969,0.32502,0.31965,0.31965,0.31965,0.31965,0.31965,0.30987,0.29472,0.28006,0.45015,0.81525,1.1906,1.3807,1.1105,0.6349,0.41007,0.3348,0.30987,0.3001,0.28983,0.28006,0.28006,0.27468,0.28006,0.27468,0.27468,0.27468,0.27468,0.28006,0.28495,0.29472,0.29472,0.3001,0.30499,0.31476,0.31965,0.3348,0.34506,0.35973,0.37977,0.3998,0.42473,0.44477,0.47507,0.48485,0.50489,0.51515,0.50489,0.48485,0.45015,0.41496,0.37977,0.34995,0.32991,0.31965,0.30499,0.3001,0.3001,0.29472,0.28983,0.28495,0.28495,0.28006,0.28983,0.28983,0.29472,0.29472,0.28983,0.3001,0.30499,0.30987,0.30987,0.30987,0.30987,0.31476,0.31476,0.31965,0.31476,0.31965,0.32502,0.32502,0.32502,0.32502,0.32991,0.32991,0.32991,0.32502,0.32991,0.3348,0.32502,0.32502,0.32991,0.3348,0.3348,0.3348,0.3348,0.33969,0.34506,0.35973,0.37488,0.37977,0.38514,0.38514,0.39003,0.37488,0.37977,0.36999,0.35484,0.34506,0.34506,0.32991,0.31965,0.31965,0.31965,0.32502,0.31965,0.30987,0.29472,0.28983,0.54008,0.92033,1.2908,1.3959,1.0455,0.58016,0.39492,0.3348,0.31476,0.3001,0.28983,0.28006,0.28006,0.28495,0.27468,0.28495,0.27468,0.27468,0.28495,0.28983,0.28983,0.3001,0.3001,0.3001,0.30987,0.31965,0.3348,0.33969,0.34995,0.36999,0.39003,0.41496,0.43988,0.46481,0.49022,0.50978,0.52004,0.52981,0.50978,0.49022,0.45015,0.41984,0.39003,0.3651,0.34506,0.32991,0.31476,0.30987,0.3001,0.29472,0.3001,0.28983,0.28983,0.3001,0.3001,0.30499,0.30499,0.30499,0.30987,0.31476,0.30987,0.30499,0.31476,0.31476,0.31476,0.31476,0.31965,0.32991,0.31965,0.31965,0.3348,0.32991,0.32502,0.32991,0.33969,0.3348,0.34506,0.33969,0.34506,0.34506,0.33969,0.34506,0.34506,0.34506,0.34506,0.33969,0.34506,0.34506,0.34506,0.35484,0.36999,0.37977,0.38514,0.39003,0.39492,0.39492,0.38514,0.37977,0.36999,0.3651,0.34995,0.34506,0.32991,0.32502,0.32502,0.32502,0.31965,0.32502,0.31476,0.29472,0.3348,0.58016,0.97556,1.3358,1.4154,0.98534,0.54985,0.38514,0.32502,0.31965,0.3001,0.28983,0.27468,0.27468,0.27468,0.27468,0.27468,0.27468,0.28495,0.28006,0.28983,0.29472,0.3001,0.30499,0.30987,0.31476,0.32991,0.3348,0.33969,0.35484,0.36999,0.39492,0.41496,0.43988,0.46481,0.48485,0.51515,0.52981,0.52493,0.50978,0.47996,0.44477,0.41007,0.38514,0.35973,0.33969,0.31965,0.30499,0.3001,0.29472,0.28983,0.28495,0.29472,0.28983,0.28983,0.28983,0.29472,0.29472,0.3001,0.3001,0.3001,0.3001,0.3001,0.3001,0.30987,0.30499,0.3001,0.31965,0.31476,0.31965,0.31965,0.31965,0.31965,0.31965,0.32502,0.31965,0.32991,0.32502,0.32991,0.3348,0.3348,0.33969,0.34506,0.33969,0.3348,0.33969,0.34506,0.33969,0.3348,0.34995,0.35973,0.37488,0.38514,0.37977,0.38514,0.39492,0.39492,0.39492,0.38514,0.36999,0.3651,0.35973,0.34506,0.3348,0.32502,0.32502,0.3348,0.32991,0.3348,0.31965,0.3001,0.3651,0.65005,1.0455,1.3558,1.3905,0.85533,0.49022,0.35973,0.32991,0.31965,0.30987,0.3001,0.3001,0.3001,0.28983,0.28983,0.29472,0.29472,0.3001,0.3001,0.3001,0.31476,0.30987,0.31965,0.31965,0.3348,0.3348,0.34506,0.35484,0.3651,0.38514,0.40469,0.435,0.45015,0.47019,0.49511,0.52004,0.52981,0.52493,0.50489,0.47996,0.44477,0.41007,0.37977,0.35484,0.33969,0.32991,0.31965,0.30499,0.3001,0.3001,0.3001,0.3001,0.30499,0.30499,0.30987,0.31476,0.30987,0.30987,0.31965,0.31476,0.31476,0.31965,0.32502,0.32502,0.32991,0.32991,0.32502,0.3348,0.33969,0.33969,0.34506,0.33969,0.34506,0.33969,0.34506,0.34995,0.35484,0.34506,0.34506,0.34995,0.35484,0.35484,0.35973,0.3651,0.35973,0.35484,0.35973,0.35973,0.35973,0.36999,0.39492,0.39492,0.39492,0.40469,0.41007,0.41007,0.40469,0.39492,0.38514,0.36999,0.3651,0.34995,0.3348,0.3348,0.34506,0.33969,0.33969,0.32991,0.31965,0.31476,0.38514,0.65005,1.0303,1.3304,1.3656,0.81036,0.46481,0.3651,0.3348,0.32502,0.31476,0.3001,0.3001,0.29472,0.29472,0.3001,0.3001,0.3001,0.3001,0.30499,0.30987,0.30499,0.31965,0.31965,0.31965,0.32991,0.34506,0.34506,0.35973,0.36999,0.39003,0.40469,0.43011,0.45015,0.47507,0.49511,0.50978,0.52004,0.52493,0.50489,0.47507,0.43988,0.40469,0.36999,0.34506,0.32991,0.31476,0.3001,0.3001,0.29472,0.28983,0.28983,0.28495,0.3001,0.3001,0.3001,0.3001,0.3001,0.3001,0.30987,0.30499,0.30499,0.30987,0.30499,0.31476,0.31476,0.31965,0.31965,0.31965,0.31965,0.32502,0.31965,0.31476,0.31965,0.32991,0.32991,0.32991,0.3348,0.32991,0.3348,0.32991,0.3348,0.32991,0.3348,0.32991,0.3348,0.32991,0.3348,0.3348,0.3348,0.33969,0.34506,0.35973,0.36999,0.36999,0.38514,0.37977,0.36999,0.36999,0.36999,0.35973,0.34506,0.34506,0.3348,0.32502,0.31965,0.31965,0.31965,0.31965,0.31965,0.30987,0.29472,0.28983,0.50978,0.88025,1.2454,1.3759,1.0552,0.58504,0.39003,0.31965,0.30987,0.3001,0.28983,0.27468,0.27468,0.27468,0.27468,0.27468,0.27468,0.27468,0.28495,0.28495,0.28495,0.28983,0.28983,0.29472,0.30499,0.31476,0.31965,0.33969,0.34506,0.35973,0.38514,0.40469,0.42473,0.45015,0.47507,0.49511,0.50978,0.50978,0.49511,0.47019,0.44477,0.40469,0.36999,0.34506,0.31965,0.3001,0.29472,0.28983,0.27468,0.26979,0.28006,0.28006,0.28983,0.28495,0.28495,0.28495,0.28983,0.28983,0.29472,0.29472,0.3001,0.29472,0.3001,0.3001,0.3001,0.30987,0.31476,0.31965,0.31476,0.31476,0.31965,0.31476,0.31476,0.31965,0.31965,0.31965,0.32991,0.3348,0.3348,0.3348,0.33969,0.32991,0.3348,0.3348,0.32991,0.33969,0.32991,0.33969,0.3348,0.33969,0.34995,0.3651,0.37488,0.37977,0.38514,0.39003,0.37977,0.37977,0.37488,0.35973,0.34995,0.34506,0.3348,0.32502,0.31965,0.31965,0.31965,0.31965,0.31965,0.30987,0.28983,0.35484,0.65005,1.0303,1.3607,1.4008,0.87048,0.49022,0.35973,0.32502,0.31476,0.3001,0.28495,0.28006,0.27468,0.27468,0.27468,0.27468,0.28006,0.27468,0.28983,0.3001,0.3001,0.3001,0.30987,0.30499,0.31476,0.31965,0.32991,0.33969,0.35484,0.3651,0.39003,0.41496,0.44477,0.47019,0.49022,0.50489,0.51515,0.50978,0.49022,0.46481,0.42473,0.39492,0.36999,0.33969,0.31965,0.3001,0.28983,0.28006,0.27468,0.27468,0.27468,0.28006,0.28006,0.28006,0.28006,0.28495,0.28983,0.28983,0.28983,0.28983,0.29472,0.3001,0.3001,0.29472,0.30987,0.30987,0.31476,0.31476,0.31965,0.31965,0.31965,0.31476,0.31965,0.31965,0.31965,0.32502,0.32991,0.32991,0.3348,0.3348,0.32991,0.3348,0.32991,0.3348,0.32991,0.3348,0.3348,0.32991,0.33969,0.32991,0.33969,0.35484,0.36999,0.37977,0.38514,0.39003,0.39003,0.37977,0.37977,0.38514,0.3651,0.35484,0.34995,0.34506,0.32991,0.31965,0.31965,0.31965,0.31965,0.32502,0.30987,0.29472,0.32991,0.56012,0.95552,1.3206,1.4154,1.0103,0.57527,0.39492,0.3348,0.31965,0.30499,0.29472,0.28983,0.28495,0.28006,0.28495,0.28495,0.28495,0.28983,0.28983,0.29472,0.29472,0.29472,0.3001,0.3001,0.31476,0.32991,0.3348,0.34506,0.35484,0.36999,0.39003,0.41007,0.43988,0.45992,0.46481,0.49511,0.52493,0.52493,0.50978,0.48485,0.45015,0.41007,0.37977,0.34995,0.32502,0.31476,0.3001,0.29472,0.28006,0.28006,0.28006,0.28495,0.28495,0.28983,0.29472,0.28983,0.29472,0.3001,0.29472,0.3001,0.3001,0.30987,0.3001,0.30987,0.31965,0.31965,0.31965,0.31965,0.31965,0.31965,0.31965,0.31965,0.32502,0.32991,0.32991,0.32991,0.3348,0.3348,0.33969,0.34506,0.3348,0.33969,0.32991,0.33969,0.33969,0.34506,0.34506,0.33969,0.3348,0.33969,0.33969,0.34506,0.36999,0.37977,0.39003,0.39492,0.39003,0.37977,0.38514,0.37977,0.3651,0.35484,0.34506,0.34506,0.3348,0.31965,0.31965,0.32502,0.32991,0.32502,0.30987,0.28983,0.31476,0.54497,0.92522,1.3006,1.4008,1.0352,0.56989,0.39003,0.32502,0.31965,0.3001,0.28495,0.27468,0.27468,0.27468,0.27468,0.27468,0.28006,0.28495,0.28983,0.28983,0.3001,0.3001,0.3001,0.30987,0.31476,0.31965,0.32502,0.33969,0.34506,0.3651,0.39003,0.41007,0.435,0.45992,0.48485,0.50489,0.51515,0.52004,0.50489,0.47996,0.44477,0.41496,0.38514,0.34995,0.32991,0.31965,0.30499,0.30499,0.29472,0.3001,0.3001,0.3001,0.29472,0.3001,0.3001,0.30499,0.30499,0.30499,0.31476,0.30987,0.31476,0.30987,0.31965,0.31965,0.31965,0.32502,0.32502,0.31965,0.31965,0.32502,0.32991,0.3348,0.32991,0.33969,0.33969,0.3348,0.34506,0.34506,0.34995,0.34995,0.35484,0.34506,0.34995,0.34995,0.35484,0.34995,0.35973,0.35973,0.35484,0.35973,0.34995,0.3651,0.37977,0.39003,0.39492,0.39492,0.41007,0.40469,0.39492,0.3998,0.39492,0.37977,0.36999,0.35973,0.34995,0.34506,0.33969,0.34506,0.34506,0.34506,0.3348,0.31965,0.30987,0.41496,0.71994,1.0806,1.3656,1.2454,0.7654,0.44477,0.34995,0.33969,0.32502,0.31476,0.30499,0.3001,0.3001,0.29472,0.3001,0.3001,0.3001,0.3001,0.30499,0.31965,0.31965,0.31476,0.31965,0.32502,0.3348,0.33969,0.34506,0.35484,0.3651,0.38514,0.40469,0.42473,0.45503,0.48485,0.5,0.51515,0.52493,0.51515,0.5,0.47019,0.435,0.41007,0.38514,0.34995,0.3348,0.31965,0.30987,0.30987,0.30987,0.3001,0.3001,0.3001,0.3001,0.30499,0.30987,0.31476,0.31476,0.30987,0.31965,0.31965,0.31965,0.31965,0.31965,0.31965,0.31965,0.32502,0.32502,0.31965,0.32991,0.32991,0.32502,0.3348,0.32502,0.3348,0.32991,0.33969,0.34506,0.34506,0.34506,0.33969,0.34506,0.34506,0.34506,0.34506,0.3348,0.33969,0.3348,0.34506,0.34506,0.34506,0.34995,0.35973,0.36999,0.37977,0.37977,0.38514,0.38514,0.37977,0.37977,0.36999,0.35973,0.34995,0.34506,0.32502,0.32502,0.31965,0.31965,0.31965,0.31965,0.31965,0.30499,0.29472,0.43011,0.77028,1.1603,1.3759,1.1554,0.6652,0.41496,0.3348,0.31965,0.30987,0.29472,0.28495,0.27468,0.28006,0.27468,0.28006,0.27468,0.28006,0.28495,0.3001,0.3001,0.3001,0.3001,0.30499,0.30987,0.31476,0.31965,0.32991,0.33969,0.35973,0.36999,0.3998,0.42473,0.44477,0.47019,0.49022,0.50489,0.50978,0.50489,0.47996,0.45503,0.41496,0.38514,0.35484,0.3348,0.31965,0.30499,0.3001,0.29472,0.28495,0.28495,0.28006,0.28495,0.28983,0.29472,0.28983,0.3001,0.3001,0.3001,0.3001,0.3001,0.30499,0.3001,0.30987,0.31476,0.30987,0.30987,0.31965,0.32991,0.32991,0.32502,0.31965,0.32991,0.3348,0.3348,0.3348,0.3348,0.3348,0.33969,0.33969,0.34506,0.33969,0.34506,0.34506,0.34506,0.34506,0.34506,0.34506,0.34506,0.34506,0.33969,0.3348,0.34995,0.36999,0.37977,0.37977,0.38514,0.39003,0.38514,0.38514,0.39003,0.37977,0.3651,0.35484,0.34995,0.34506,0.33969,0.32991,0.32991,0.32502,0.32502,0.31965,0.30499,0.3001,0.41496,0.73021,1.1403,1.4106,1.2605,0.7654,0.46481,0.35973,0.32991,0.31476,0.3001,0.29472,0.28495,0.28983,0.29472,0.28983,0.28983,0.3001,0.3001,0.3001,0.3001,0.30499,0.30987,0.31965,0.31965,0.32991,0.33969,0.34506,0.35484,0.36999,0.38514,0.41007,0.435,0.45015,0.48485,0.5,0.52004,0.52981,0.52493,0.5,0.46481,0.435,0.39492,0.3651,0.33969,0.31965,0.30499,0.3001,0.28983,0.28495,0.28495,0.28983,0.28006,0.28495,0.29472,0.29472,0.3001,0.29472,0.3001,0.29472,0.3001,0.30499,0.3001,0.30987,0.31965,0.31965,0.31965,0.31476,0.31965,0.31965,0.31965,0.31965,0.32502,0.31965,0.32991,0.32991,0.3348,0.33969,0.33969,0.33969,0.33969,0.3348,0.32991,0.33969,0.3348,0.34506,0.33969,0.3348,0.33969,0.3348,0.3348,0.34506,0.34506,0.35973,0.37488,0.37977,0.37977,0.39003,0.38514,0.37977,0.37977,0.37488,0.36999,0.34995,0.34506,0.34506,0.3348,0.32991,0.32991,0.32991,0.31965,0.31965,0.30987,0.28983,0.35973,0.64516,1.0455,1.3807,1.4257,0.88025,0.50978,0.36999,0.32991,0.31476,0.29472,0.28495,0.28006,0.27468,0.27468,0.27468,0.28006,0.28495,0.28006,0.28983,0.28983,0.29472,0.3001,0.30499,0.30987,0.30987,0.31965,0.32991,0.3348,0.34506,0.36999,0.39003,0.41007,0.43988,0.45992,0.48485,0.50978,0.51515,0.50978,0.5,0.47507,0.435,0.39492,0.3651,0.33969,0.31965,0.30499,0.3001,0.28495,0.27468,0.28006,0.28006,0.28006,0.28006,0.28495,0.29472,0.28983,0.28983,0.29472,0.29472,0.3001,0.3001,0.3001,0.3001,0.30499,0.30987,0.30987,0.31965,0.31476,0.31476,0.31476,0.31965,0.32502,0.31965,0.32502,0.31965,0.32991,0.3348,0.33969,0.3348,0.3348,0.33969,0.32991,0.3348,0.32991,0.32991,0.3348,0.32991,0.32502,0.3348,0.3348,0.33969,0.34506,0.35973,0.37488,0.37977,0.37977,0.39003,0.38514,0.36999,0.38514,0.37977,0.3651,0.35484,0.34506,0.3348,0.31965,0.31965,0.31965,0.31965,0.31965,0.31476,0.30499,0.28983,0.37977,0.68524,1.0953,1.4057,1.4257,0.83529,0.49022,0.35484,0.32502,0.31476,0.3001,0.28983,0.28006,0.27468,0.27468,0.27468,0.27468,0.27468,0.28495,0.28495,0.3001,0.3001,0.3001,0.30499,0.31476,0.31476,0.31965,0.32502,0.33969,0.34995,0.36999,0.39003,0.41496,0.44477,0.47019,0.49022,0.50489,0.51515,0.52004,0.49511,0.47019,0.435,0.40469,0.36999,0.33969,0.31965,0.3001,0.29472,0.28983,0.28495,0.28006,0.28006,0.28495,0.28006,0.28495,0.28495,0.28983,0.28983,0.29472,0.3001,0.29472,0.3001,0.30499,0.3001,0.30499,0.30499,0.30987,0.30987,0.31476,0.31476,0.31965,0.31965,0.32502,0.32502,0.31965,0.32991,0.3348,0.34506,0.3348,0.33969,0.3348,0.33969,0.34506,0.33969,0.34506,0.34506,0.34506,0.34506,0.34506,0.34506,0.34506,0.34995,0.35484,0.3651,0.38514,0.39492,0.39492,0.39492,0.40469,0.39492,0.39492,0.39492,0.38514,0.37488,0.36999,0.35973,0.34506,0.33969,0.3348,0.3348,0.3348,0.32991,0.32991,0.30987,0.3001,0.47507,0.84018,1.2155,1.3959,1.1256,0.64027,0.41496,0.32991,0.32502,0.31965,0.30499,0.29472,0.28983,0.28983,0.28495,0.28983,0.28006,0.29472,0.29472,0.28983,0.3001,0.30499,0.30987,0.31476,0.32502,0.31965,0.32991,0.34506,0.35484,0.36999,0.38514,0.41007,0.43011,0.45503,0.47996,0.5,0.52004,0.52981,0.50978,0.48485,0.45992,0.41984,0.39492,0.3651,0.3348,0.32502,0.31476,0.30499,0.3001,0.3001,0.28983,0.3001,0.28983,0.28495,0.3001,0.3001,0.30499,0.30987,0.30499,0.30987,0.31476,0.30499,0.31476,0.30987,0.31965,0.32502,0.32991,0.32991,0.33969,0.3348,0.32991,0.33969,0.3348,0.34506,0.3348,0.34506,0.34506,0.34995,0.34995,0.34995,0.34995,0.34506,0.34995,0.34506,0.34506,0.34995,0.34506,0.34995,0.34995,0.35484,0.35973,0.36999,0.38514,0.38514,0.38514,0.39492,0.39492,0.3998,0.41007,0.39492,0.38514,0.36999,0.35973,0.34506,0.3348,0.32991,0.32991,0.32991,0.3348,0.32502,0.32991,0.31476,0.34995,0.58016,0.95015,1.2908,1.3656,0.93011,0.50489,0.36999,0.32991,0.31965,0.30987,0.3001,0.28495,0.27468,0.28006,0.29472,0.28983,0.28983,0.28983,0.28983,0.3001,0.3001,0.3001,0.30987,0.30987,0.31476,0.31965,0.32991,0.3348,0.34995,0.36999,0.39492,0.41007,0.435,0.45992,0.47996,0.49511,0.50978,0.50978,0.49022,0.46481,0.435,0.40469,0.3651,0.33969,0.32502,0.30499,0.28983,0.28495,0.28006,0.28006,0.28006,0.27468,0.27468,0.28006,0.28983,0.28983,0.28983,0.29472,0.28983,0.28983,0.29472,0.3001,0.29472,0.3001,0.30499,0.30987,0.30499,0.30499,0.3001,0.30499,0.31965,0.31476,0.31476,0.31476,0.31476,0.31476,0.31965,0.31476,0.31965,0.31965,0.32502,0.32502,0.32502,0.31965,0.32502,0.32991,0.32502,0.32502,0.32991,0.3348,0.3348,0.33969,0.35484,0.36999,0.36999,0.36999,0.36999,0.37977,0.36999,0.36999,0.35484,0.34995,0.34506,0.3348,0.33969,0.31965,0.30987,0.31476,0.31476,0.31476,0.30987,0.3001,0.28495,0.38514,0.69501,1.0753,1.3705,1.3759,0.78006,0.45503,0.3348,0.31476,0.3001,0.29472,0.27468,0.26979,0.26979,0.26979,0.27468,0.28006,0.27468,0.28006,0.28006,0.28983,0.28983,0.28983,0.29472,0.3001,0.30499,0.31965,0.32991,0.33969,0.34995,0.36999,0.39003,0.41007,0.43988,0.46481,0.47996,0.5,0.50978,0.50489,0.48485,0.46481,0.43011,0.39003,0.35973,0.32991,0.31476,0.29472,0.28495,0.27468,0.28495,0.28006,0.28495,0.28495,0.28983,0.28983,0.28495,0.28495,0.28495,0.28006,0.28983,0.29472,0.3001,0.3001,0.30499,0.3001,0.30499,0.30987,0.30987,0.30987,0.30499,0.30987,0.31965,0.31965,0.31965,0.31965,0.31965,0.31965,0.32502,0.32502,0.32502,0.32991,0.3348,0.32991,0.32991,0.3348,0.32991,0.33969,0.3348,0.32991,0.3348,0.32991,0.33969,0.35484,0.36999,0.38514,0.38514,0.38514,0.38514,0.37977,0.38514,0.36999,0.35484,0.34995,0.33969,0.32991,0.31965,0.31476,0.31965,0.31965,0.31965,0.31965,0.30499,0.28495,0.35484,0.62512,1.0254,1.3558,1.4057,0.87537,0.49511,0.35973,0.32502,0.30987,0.29472,0.28006,0.28006,0.28006,0.27468,0.27468,0.28006,0.28006,0.28495,0.28495,0.28983,0.29472,0.3001,0.3001,0.3001,0.3001,0.31476,0.32991,0.32502,0.34506,0.33969,0.37488,0.40469,0.435,0.46481,0.48485,0.50489,0.51515,0.51515,0.49511,0.46481,0.435,0.3998,0.36999,0.34506,0.31965,0.3001,0.29472,0.28983,0.28983,0.28495,0.28006,0.27468,0.28495,0.28006,0.29472,0.29472,0.28983,0.3001,0.3001,0.3001,0.3001,0.3001,0.3001,0.30499,0.30987,0.31476,0.30987,0.31965,0.31965,0.31965,0.31965,0.31965,0.31965,0.31965,0.32502,0.32502,0.32502,0.32991,0.32991,0.32991,0.32991,0.3348,0.33969,0.3348,0.33969,0.32991,0.3348,0.33969,0.33969,0.34506,0.33969,0.34506,0.35484,0.35973,0.36999,0.39003,0.39492,0.39492,0.37977,0.38514,0.36999,0.35484,0.34506,0.34506,0.33969,0.32991,0.31965,0.32502,0.31965,0.31965,0.32502,0.30499,0.29472,0.47507,0.82014,1.2004,1.4008,1.1403,0.64516,0.41984,0.33969,0.32991,0.31476,0.3001,0.28495,0.27468,0.28006,0.28495,0.28006,0.28983,0.28006,0.28983,0.29472,0.30499,0.3001,0.30987,0.31476,0.30987,0.31965,0.32502,0.33969,0.34995,0.3651,0.39003,0.41007,0.43988,0.45992,0.47996,0.5,0.50978,0.52493,0.51515,0.49022,0.46481,0.43011,0.39003,0.3651,0.33969,0.31965,0.30499,0.3001,0.30987,0.3001,0.29472,0.3001,0.3001,0.3001,0.30499,0.3001,0.30499,0.30499,0.31476,0.30499,0.30499,0.31965,0.31965,0.30987,0.31965,0.32502,0.31965,0.32502,0.3348,0.32991,0.3348,0.32991,0.3348,0.3348,0.34506,0.34506,0.34506,0.34506,0.34995,0.34995,0.34995,0.34995,0.34506,0.34506,0.34506,0.34995,0.35484,0.35973,0.35484,0.34995,0.35973,0.36999,0.39003,0.39003,0.39492,0.39492,0.3998,0.39492,0.39003,0.39492,0.37977,0.3651,0.3651,0.34995,0.33969,0.32991,0.32991,0.32502,0.3348,0.33969,0.32502,0.30499,0.36999,0.6349,1.0054,1.3206,1.3607,0.84506,0.47996,0.35973,0.32991,0.32502,0.31476,0.3001,0.29472,0.29472,0.28495,0.28495,0.27468,0.28983,0.29472,0.28983,0.3001,0.3001,0.30499,0.30499,0.30987,0.31965,0.32502,0.32991,0.33969,0.34995,0.3651,0.38514,0.41496,0.43988,0.45992,0.47507,0.49022,0.50489,0.5,0.47996,0.45992,0.43011,0.39003,0.35973,0.33969,0.31476,0.3001,0.28495,0.27468,0.27468,0.28006,0.27468,0.27468,0.26979,0.27468,0.28495,0.29472,0.28983,0.28983,0.29472,0.28983,0.29472,0.29472,0.29472,0.3001,0.30499,0.30499,0.30987,0.30987,0.30499,0.31476,0.31965,0.31476,0.31965,0.30987,0.31965,0.31965,0.31965,0.32502,0.32991,0.32991,0.31965,0.31965,0.32991,0.31965,0.31965,0.32502,0.32991,0.3348,0.32991,0.33969,0.34995,0.35973,0.3651,0.3651,0.37488,0.37488,0.36999,0.36999,0.36999,0.35973,0.34506,0.33969,0.32991,0.31965,0.31476,0.31476,0.30987,0.31476,0.31476,0.3001,0.28006,0.27468,0.47507,0.82014,1.1906,1.3759,1.1056,0.61486,0.39492,0.32502,0.31476,0.29472,0.28006,0.26979,0.26491,0.26491,0.26979,0.26979,0.27468,0.27468,0.28006,0.28495,0.29472,0.28983,0.29472,0.3001,0.3001,0.30987,0.3348,0.33969,0.34506,0.35484,0.37488,0.3998,0.42473,0.44477,0.46481,0.48485,0.5,0.50978,0.5,0.47996,0.45015,0.41007,0.37977,0.34506,0.31965,0.30499,0.29472,0.28983,0.27468,0.27468,0.27468,0.28006,0.28006,0.28006,0.28495,0.28006,0.29472,0.28983,0.29472,0.28983,0.29472,0.28983,0.3001,0.30987,0.30987,0.30987,0.31476,0.30987,0.30499,0.30987,0.30987,0.31476,0.31476,0.32502,0.31965,0.32502,0.3348,0.32991,0.33969,0.3348,0.32991,0.32991,0.3348,0.33969,0.3348,0.32991,0.3348,0.3348,0.33969,0.33969,0.33969,0.34506,0.3651,0.36999,0.37977,0.37977,0.39003,0.39003,0.39003,0.37977,0.3651,0.35484,0.35973,0.34506,0.32991,0.32502,0.31965,0.31965,0.31965,0.31965,0.31965,0.3001,0.29472,0.47019,0.85044,1.2307,1.4057,1.1305,0.64516,0.41496,0.33969,0.31965,0.30987,0.3001,0.28495,0.28495,0.28006,0.28495,0.28495,0.28006,0.28983,0.28983,0.29472,0.3001,0.3001,0.30499,0.30987,0.31476,0.31965,0.32502,0.3348,0.35484,0.36999,0.38514,0.41496,0.435,0.45992,0.47996,0.5,0.52004,0.52493,0.51515,0.48485,0.45992,0.41984,0.38514,0.35973,0.33969,0.31965,0.3001,0.28495,0.28983,0.28495,0.28983,0.28006,0.28983,0.29472,0.28983,0.29472,0.29472,0.29472,0.3001,0.3001,0.3001,0.30499,0.30499,0.31476,0.31965,0.32502,0.32502,0.31965,0.32502,0.32502,0.32502,0.32502,0.3348,0.32991,0.32991,0.3348,0.3348,0.34506,0.34506,0.34506,0.34506,0.34506,0.33969,0.32991,0.33969,0.34506,0.34506,0.34506,0.34506,0.33969,0.34506,0.34506,0.35484,0.3651,0.37488,0.37977,0.39492,0.39003,0.38514,0.37977,0.39003,0.36999,0.35973,0.35973,0.34995,0.33969,0.3348,0.3348,0.3348,0.3348,0.32991,0.31965,0.30499,0.28983,0.42473,0.7654,1.1554,1.4154,1.2556,0.76002,0.45992,0.34995,0.3348,0.31476,0.29472,0.28495,0.28006,0.27468,0.26979,0.28006,0.28983,0.28495,0.28983,0.29472,0.29472,0.3001,0.3001,0.30499,0.30987,0.31965,0.31965,0.3348,0.34506,0.35484,0.36999,0.39492,0.41984,0.45015,0.46481,0.49022,0.50978,0.52981,0.52004,0.49511,0.45992,0.43011,0.39492,0.35973,0.3348,0.31476,0.3001,0.28983,0.28983,0.28983,0.28983,0.28495,0.28495,0.29472,0.28495,0.28983,0.29472,0.29472,0.3001,0.30499,0.3001,0.31476,0.31965,0.31965,0.31965,0.31965,0.31965,0.31965,0.31965,0.31965,0.3348,0.32991,0.3348,0.32991,0.33969,0.34506,0.34506,0.34995,0.34506,0.34995,0.35484,0.34506,0.34995,0.35973,0.3651,0.35484,0.35973,0.28006,0.3651,0.35973,0.36999,0.3651,0.37488,0.38514,0.39492,0.40469,0.41496,0.41007,0.40469,0.40469,0.3998,0.38514,0.36999,0.3651,0.34995,0.34506,0.3348,0.32991,0.34506,0.33969,0.33969,0.32502,0.30987,0.35973,0.6002,0.97556,1.3255,1.3856,0.91007,0.50978,0.37488,0.3348,0.31965,0.31476,0.30499,0.29472,0.28983,0.28983,0.29472,0.28983,0.3001,0.3001,0.3001,0.30987,0.30987,0.31476,0.31476,0.31476,0.31965,0.32502,0.3348,0.35484,0.35973,0.38514,0.40469,0.42473,0.45015,0.46481,0.49022,0.50978,0.52493,0.52004,0.50978,0.49022,0.45015,0.41496,0.38514,0.35973,0.34506,0.32502,0.31965,0.30499,0.3001,0.3001,0.30499,0.30499,0.3001,0.30987,0.30499,0.3001,0.30499,0.30987,0.30499,0.31965,0.31476,0.31965,0.31476,0.31965,0.32502,0.32502,0.32502,0.3348,0.32991,0.32991,0.32502,0.3348,0.3348,0.34506,0.3348,0.3348,0.34506,0.34995,0.34506,0.34506,0.34506,0.34995,0.34506,0.33969,0.34506,0.34506,0.34506,0.34506,0.34506,0.34506,0.34506,0.35973,0.36999,0.37488,0.37488,0.38514,0.39003,0.39492,0.38514,0.39003,0.36999,0.35484,0.34506,0.3348,0.32502,0.31965,0.31965,0.31965,0.31965,0.31965,0.31476,0.28983,0.3348,0.57527,0.94526,1.2908,1.3705,0.95015,0.51515,0.36999,0.31965,0.30499,0.29472,0.28983,0.28006,0.27468,0.27468,0.28006,0.28006,0.28983,0.29472,0.28983,0.29472,0.28983,0.29472,0.3001,0.30499,0.30987,0.31476,0.31965,0.32502,0.33969,0.35973,0.39003,0.40469,0.43011,0.45503,0.47019,0.49511,0.50489,0.50978,0.49511,0.47019,0.435,0.39492,0.3651,0.33969,0.31965,0.30499,0.3001,0.28983,0.27468,0.28006,0.28006,0.27468,0.28006,0.28006,0.28006,0.27468,0.28495,0.29472,0.30499,0.3001,0.30499,0.3001,0.3001,0.30499,0.30499,0.30499,0.30987,0.31965,0.31476,0.30987,0.31476,0.31965,0.3348,0.32991,0.3348,0.32991,0.32991,0.32991,0.3348,0.3348,0.33969,0.3348,0.32502,0.32991,0.33969,0.34506,0.33969,0.34506,0.34506,0.33969,0.3348,0.35484,0.36999,0.38514,0.38514,0.39492,0.39492,0.38514,0.38514,0.39003,0.37488,0.3651,0.35484,0.34506,0.3348,0.32991,0.32502,0.32991,0.32991,0.32502,0.31965,0.30499,0.29472,0.41496,0.75513,1.1354,1.4008,1.2204,0.75024,0.45015,0.34995,0.32502,0.30499,0.29472,0.3001,0.28495,0.28983,0.29472,0.28495,0.28495,0.28983,0.29472,0.3001,0.3001,0.3001,0.3001,0.30499,0.31476,0.32502,0.3348,0.34506,0.34995,0.35973,0.37977,0.3998,0.42473,0.45015,0.47019,0.49511,0.50978,0.52004,0.52493,0.50489,0.47019,0.43011,0.39492,0.3651,0.33969,0.32502,0.30499,0.3001,0.29472,0.3001,0.29472,0.28495,0.29472,0.28983,0.3001,0.3001,0.3001,0.3001,0.3001,0.3001,0.30987,0.31476,0.30987,0.31965,0.31476,0.31965,0.31965,0.31965,0.32502,0.32991,0.32991,0.32991,0.3348,0.3348,0.32991,0.32991,0.3348,0.32991,0.33969,0.34506,0.34506,0.34506,0.34995,0.34995,0.34995,0.34995,0.34995,0.34995,0.34506,0.33969,0.34506,0.34506,0.35484,0.36999,0.38514,0.39003,0.39492,0.39492,0.39492,0.39003,0.39003,0.38514,0.38514,0.36999,0.36999,0.35973,0.34995,0.28006,0.33969,0.3348,0.32991,0.33969,0.31965,0.3001,0.29472,0.51515,0.88514,1.2605,1.4257,1.1305,0.71505,0.73998,0.37977,0.31965,0.3001,0.28006,0.29472,0.28495,0.28495,0.27468,0.28006,0.28495,0.28006,0.28006,0.28495,0.28983,0.29472,0.3001,0.30499,0.30987,0.31476,0.31965,0.34506,0.34995,0.3651,0.37977,0.3998,0.41984,0.45015,0.47507,0.49511,0.50978,0.50978,0.51515,0.49022,0.45503,0.41496,0.39003,0.35484,0.32991,0.30987,0.3001,0.28983,0.28006,0.28006,0.28006,0.28006,0.29472,0.28983,0.28983,0.3001,0.29472,0.3001,0.3001,0.3001,0.30499,0.3001,0.30987,0.30987,0.31965,0.31476,0.31476,0.31965,0.31965,0.31965,0.32502,0.3348,0.3348,0.3348,0.32991,0.3348,0.3348,0.33969,0.33969,0.34506,0.34506,0.34506,0.3348,0.34506,0.34506,0.34506,0.34506,0.34506,0.34506,0.34506,0.33969,0.34506,0.35484,0.37488,0.38514,0.39003,0.39003,0.39492,0.38514,0.38514,0.39003,0.36999,0.35484,0.34506,0.32991,0.32502,0.3348,0.32991,0.32502,0.32991,0.32502,0.31476,0.29472,0.32991,0.57527,0.95552,1.3304,1.4257,1.0303,0.58016,0.3998,0.34506,0.32502,0.30987,0.3001,0.28983,0.28495,0.28006,0.28495,0.27468,0.28006,0.29472,0.3001,0.29472,0.3001,0.30499,0.30987,0.31476,0.31476,0.31965,0.32991,0.33969,0.34506,0.3651,0.39003,0.40469,0.435,0.45992,0.48485,0.50489,0.52004,0.52004,0.50978,0.47996,0.43988,0.40469,0.36999,0.33969,0.32502,0.30987,0.29472,0.28495,0.27468,0.27468,0.27468,0.27468,0.28006,0.27468,0.29472,0.29472,0.28983,0.3001,0.29472,0.3001,0.3001,0.3001,0.30499,0.30499,0.30987,0.30987,0.31965,0.31965,0.32502,0.32502,0.31965,0.32502,0.32991,0.3348,0.32991,0.3348,0.32991,0.33969,0.33969,0.3348,0.33969,0.3348,0.33969,0.34506,0.33969,0.33969,0.34506,0.33969,0.34506,0.34506,0.33969,0.34506,0.33969,0.35973,0.36999,0.38514,0.38514,0.39003,0.37977,0.36999,0.36999,0.37488,0.36999,0.34506,0.34506,0.34506,0.3348,0.33969,0.32502,0.32502,0.32502,0.32502,0.31965,0.29472,0.28983,0.49511,0.88025,1.2805,1.4257,1.1105,0.62512,0.41984,0.34506,0.31965,0.3001,0.28983,0.28006,0.28495,0.28983,0.28006,0.28495,0.28495,0.28983,0.29472,0.29472,0.28983,0.30987,0.31476,0.31476,0.31965,0.32502,0.32991,0.34506,0.34995,0.3651,0.39003,0.41007,0.435,0.45992,0.48485,0.5,0.52004,0.52981,0.51515,0.49511,0.45992,0.42473,0.3998,0.3651,0.33969,0.32502,0.31965,0.31476,0.3001,0.30499,0.3001,0.3001,0.3001,0.3001,0.30987,0.30987,0.31476,0.30987,0.31476,0.30499,0.31965,0.31476,0.32502,0.31965,0.31965,0.31965,0.32502,0.32502,0.32991,0.32991,0.33969,0.3348,0.32991,0.33969,0.34506,0.34506,0.34506,0.34506,0.34506,0.33969,0.34506,0.34506,0.34506,0.34506,0.34995,0.35484,0.35484,0.34995,0.34506,0.35484,0.35484,0.35973,0.36999,0.37977,0.39003,0.39492,0.3998,0.40469,0.39492,0.39492,0.3998,0.37977,0.36999,0.3651,0.34995,0.3348,0.32991,0.32991,0.32991,0.34506,0.34506,0.33969,0.31965,0.35484,0.55523,0.91544,1.2708,1.3705,0.9956,0.53519,0.37977,0.31965,0.32502,0.32991,0.30499,0.3001,0.3001,0.29472,0.28983,0.28983,0.29472,0.29472,0.3001,0.3001,0.3001,0.30987,0.31476,0.30987,0.3348,0.33969,0.34995,0.35484,0.35973,0.37488,0.39492,0.41984,0.44477,0.46481,0.47996,0.50489,0.50978,0.51515,0.52004,0.49022,0.45503,0.41496,0.39003,0.35973,0.32502,0.31476,0.3001,0.3001,0.28495,0.3001,0.28983,0.28495,0.29472,0.28983,0.28983,0.28983,0.28495,0.28983,0.29472,0.3001,0.30987,0.31476,0.31476,0.31476,0.31476,0.31476,0.31965,0.31965,0.31965,0.31965,0.31965,0.31965,0.32991,0.31965,0.32991,0.3348,0.32991,0.3348,0.3348,0.32991,0.3348,0.3348,0.3348,0.33969,0.3348,0.32991,0.3348,0.32991,0.33969,0.34506,0.3348,0.34506,0.35484,0.36999,0.36999,0.38514,0.39003,0.39492,0.38514,0.37977,0.36999,0.35973,0.34995,0.34506,0.3348,0.32502,0.31476,0.30499,0.31476,0.32991,0.31965,0.31476,0.29472,0.33969,0.6002,0.97556,1.3255,1.3856,0.93548,0.52004,0.3651,0.32991,0.31965,0.30987,0.29472,0.28495,0.28495,0.28006,0.28006,0.27468,0.27468,0.28495,0.28983,0.28006,0.28983,0.28983,0.3001,0.31476,0.31476,0.31965,0.32991,0.34506,0.34995,0.3651,0.39003,0.41007,0.43011,0.45015,0.48485,0.50489,0.50978,0.52004,0.50489,0.47507,0.43988,0.40469,0.37488,0.34506,0.31965,0.30499,0.28495,0.27468,0.28495,0.28006,0.28983,0.28006,0.28006,0.28495,0.28495,0.28495,0.28006,0.28983,0.28495,0.28495,0.29472,0.3001,0.3001,0.3001,0.30499,0.3001,0.3001,0.30987,0.30987,0.30987,0.31476,0.30987,0.31476,0.31965,0.32502,0.32502,0.31965,0.31965,0.31965,0.32502,0.31965,0.31965,0.32991,0.31965,0.32502,0.32502,0.32991,0.3348,0.32502,0.32991,0.32991,0.33969,0.35484,0.36999,0.36999,0.37488,0.37977,0.37977,0.37977,0.38514,0.37488,0.35973,0.34506,0.34506,0.3348,0.31965,0.32502,0.32502,0.31965,0.30987,0.31965,0.31476,0.29472,0.34995,0.60997,0.9956,1.3504,1.4154,0.95015,0.53519,0.37488,0.31965,0.31476,0.3001,0.28495,0.28006,0.28006,0.28006,0.28006,0.28006,0.28006,0.28495,0.28983,0.29472,0.29472,0.3001,0.30987,0.30987,0.31965,0.32991,0.3348,0.34506,0.35484,0.36999,0.39492,0.41007,0.44477,0.47019,0.49022,0.50489,0.50978,0.51515,0.50978,0.47996,0.45015,0.41007,0.38514,0.34506,0.31965,0.30499,0.29472,0.28495,0.28495,0.28006,0.27468,0.28006,0.27468,0.28495,0.28495,0.28983,0.28983,0.29472,0.3001,0.3001,0.3001,0.30499,0.3001,0.30499,0.30987,0.31476,0.31965,0.31476,0.31965,0.32502,0.32502,0.32502,0.32991,0.32502,0.32991,0.32991,0.32991,0.3348,0.3348,0.32991,0.33969,0.3348,0.33969,0.33969,0.33969,0.32991,0.3348,0.32991,0.3348,0.33969,0.34506,0.34506,0.35484,0.36999,0.37977,0.37488,0.38514,0.39003,0.39003,0.38514,0.39003,0.36999,0.35973,0.34506,0.34506,0.32991,0.32502,0.31965,0.31965,0.31965,0.31965,0.31476,0.29472,0.28006,0.47019,0.83529,1.2307,1.4208,1.1706,0.6652,0.42473,0.3348,0.30987,0.3001,0.28983,0.28495,0.28006,0.27468,0.27468,0.27468,0.27468,0.27468,0.27468,0.27468,0.28495,0.3001,0.30499,0.30987,0.30987,0.31965,0.32991,0.32991,0.33969,0.34995,0.37488,0.39003,0.41984,0.45503,0.47507,0.49511,0.50978,0.51515,0.5,0.47996,0.45015,0.41007,0.37977,0.33969,0.31965,0.31476,0.29472,0.28983,0.27468,0.27468,0.27468,0.27468,0.26979,0.27468,0.27468,0.28495,0.28983,0.28983,0.28983,0.28495,0.28495,0.29472,0.3001,0.29472,0.29472,0.3001,0.30499,0.3001,0.30987,0.30987,0.30987,0.30499,0.30987,0.30987,0.30987,0.31476,0.31476,0.30987,0.31965,0.31965,0.32502,0.28006,0.3348,0.32991,0.32991,0.32991,0.3348,0.32991,0.32991,0.32991,0.3348,0.33969,0.34506,0.3651,0.37488,0.37977,0.37977,0.39492,0.38514,0.38514,0.37977,0.37488,0.36999,0.35973,0.34995,0.33969,0.32991,0.32502,0.32991,0.32502,0.32502,0.31965,0.31476,0.28983,0.38514,0.70039,1.0953,1.3856,1.2708,0.78543,0.45992,0.34995,0.31965,0.30987,0.3001,0.28495,0.27468,0.27468,0.28006,0.28006,0.28006,0.28495,0.28983,0.28495,0.29472,0.3001,0.3001,0.3001,0.3001,0.31476,0.33969,0.34506,0.34506,0.35973,0.36999,0.39492,0.41496,0.43988,0.45992,0.48485,0.50489,0.52493,0.52493,0.50489,0.47507,0.435,0.3998,0.36999,0.34506,0.32502,0.30499,0.29472,0.3001,0.30499,0.30987,0.30499,0.3001,0.3001,0.3001,0.3001,0.3001,0.3001,0.30499,0.3001,0.29472,0.32991,0.3348,0.31965,0.31965,0.32502,0.32991,0.32502,0.32991,0.34506,0.3348,0.32991,0.3348,0.31965,0.34506,0.34995,0.35973,0.34995,0.34995,0.34506,0.34506,0.34506,0.34506,0.34506,0.34506,0.34506,0.34995,0.35973,0.35973,0.35484,0.35484,0.3651,0.37488,0.39003,0.39492,0.39492,0.39003,0.39003,0.39492,0.41007,0.3998,0.37488,0.36999,0.35973,0.34506,0.33969,0.32991,0.32502,0.32502,0.31965,0.33969,0.32991,0.30987,0.37977,0.6652,1.0303,1.3304,1.3656,0.81036,0.45992,0.35484,0.31476,0.30499,0.31965,0.3001,0.29472,0.28983,0.28495,0.28983,0.28983,0.28983,0.29472,0.29472,0.3001,0.3001,0.3001,0.3001,0.31965,0.32502,0.33969,0.34506,0.35484,0.35973,0.37488,0.39492,0.41496,0.44477,0.47507,0.48485,0.50489,0.52981,0.53519,0.50978,0.47996,0.43988,0.41007,0.36999,0.34506,0.32991,0.30987,0.3001,0.29472,0.28983,0.28983,0.29472,0.28495,0.29472,0.29472,0.28983,0.29472,0.28983,0.3001,0.3001,0.3001,0.31965,0.31965,0.31476,0.31476,0.31965,0.31965,0.31965,0.31965,0.31965,0.32502,0.33969,0.32502,0.3348,0.34506,0.33969,0.33969,0.3348,0.33969,0.3348,0.32991,0.33969,0.3348,0.34506,0.34506,0.34506,0.34506,0.34506,0.34506,0.33969,0.3348,0.34506,0.34995,0.35973,0.37977,0.39003,0.39492,0.39492,0.39492,0.38514,0.39003,0.38514,0.3651,0.35973,0.35484,0.34995,0.33969,0.32502,0.32502,0.32991,0.32502,0.32991,0.31965,0.3001,0.31476,0.51515,0.88514,1.2507,1.4057,1.1105,0.62512,0.41496,0.33969,0.31965,0.30499,0.29472,0.28006,0.28495,0.28495,0.28495,0.27468,0.28983,0.29472,0.28495,0.29472,0.3001,0.30499,0.31476,0.30987,0.32502,0.32991,0.33969,0.34506,0.35484,0.36999,0.39003,0.41007,0.43011,0.45503,0.48485,0.50489,0.52004,0.52981,0.51515,0.49511,0.45992,0.42473,0.39003,0.35484,0.32502,0.30987,0.3001,0.30499,0.29472,0.29472,0.28983,0.28495,0.28006,0.28495,0.28006,0.28495,0.28006,0.29472,0.3001,0.29472,0.30499,0.30499,0.3001,0.30499,0.30987,0.31476,0.31965,0.30987,0.31476,0.31965,0.31965,0.31965,0.3348,0.32991,0.3348,0.32991,0.32991,0.33969,0.34506,0.33969,0.32991,0.3348,0.34506,0.34506,0.33969,0.34506,0.34506,0.34506,0.33969,0.33969,0.34506,0.33969,0.35484,0.37488,0.39003,0.39003,0.39492,0.39003,0.38514,0.39003,0.38514,0.36999,0.35973,0.35484,0.34506,0.3348,0.32502,0.31965,0.32502,0.31965,0.32502,0.31965,0.28983,0.28006,0.5,0.88025,1.2556,1.4355,1.1505,0.66031,0.41984,0.33969,0.31965,0.30499,0.28495,0.28006,0.28006,0.28495,0.27468,0.28495,0.28006,0.28495,0.28006,0.3001,0.3001,0.30987,0.30987,0.30987,0.31965,0.31965,0.33969,0.34506,0.35484,0.36999,0.39003,0.41007,0.435,0.45992,0.48485,0.50489,0.52004,0.52981,0.52004,0.5,0.46481,0.42473,0.39003,0.35973,0.3348,0.31965,0.30499,0.29472,0.28495,0.28495,0.28983,0.28495,0.28983,0.28983,0.28983,0.29472,0.28983,0.28495,0.29472,0.3001,0.3001,0.30987,0.30499,0.30499,0.31476,0.31476,0.31476,0.31965,0.31965,0.31965,0.31965,0.32502,0.32991,0.32991,0.32502,0.32502,0.34506,0.34506,0.34506,0.34506,0.33969,0.34506,0.34506,0.34995,0.35484,0.34506,0.34506,0.34995,0.34506,0.34506,0.34506,0.34995,0.3651,0.37488,0.39003,0.39492,0.39492,0.3998,0.39492,0.39492,0.39003,0.38514,0.37488,0.36999,0.3651,0.34995,0.33969,0.32991,0.31965,0.32991,0.32991,0.31965,0.30987,0.3001,0.34995,0.62512,1.0205,1.3807,1.4457,0.97019,0.54497,0.38514,0.3348,0.31965,0.30499,0.3001,0.28983,0.28006,0.27468,0.28006,0.28983,0.29472,0.29472,0.3001,0.29472,0.3001,0.3001,0.30499,0.31476,0.31965,0.31965,0.32502,0.34506,0.35973,0.36999,0.39492,0.41496,0.44477,0.47507,0.49022,0.51515,0.52981,0.53519,0.50978,0.49022,0.45015,0.41007,0.37488,0.33969,0.31965,0.30987,0.29472,0.28983,0.28495,0.28495,0.27468,0.28006,0.28006,0.28495,0.28983,0.28495,0.3001,0.3001,0.3001,0.3001,0.29472,0.3001,0.30987,0.30987,0.30987,0.31476,0.31476,0.30987,0.30499,0.31965,0.31965,0.31965,0.32502,0.32991,0.32502,0.3348,0.32991,0.3348,0.32502,0.32502,0.32502,0.33969,0.32991,0.3348,0.33969,0.33969,0.3348,0.3348,0.34506,0.33969,0.32991,0.33969,0.34506,0.35484,0.37488,0.37977,0.38514,0.37977,0.39003,0.38514,0.38514,0.37977,0.36999,0.35973,0.35484,0.34506,0.33969,0.34506,0.32991,0.32502,0.32991,0.31965,0.31476,0.30499,0.3001,0.52493,0.91544,1.2957,1.4057,1.0655,0.59531,0.43988,0.45992,0.32991,0.30499,0.29472,0.28983,0.29472,0.3001,0.28983,0.29472,0.28983,0.28983,0.29472,0.28983,0.29472,0.3001,0.30499,0.30987,0.32502,0.32991,0.32991,0.34506,0.35973,0.36999,0.39003,0.40469,0.43011,0.45992,0.47996,0.50489,0.52493,0.53519,0.50489,0.47996,0.45503,0.41496,0.38514,0.35484,0.33969,0.31965,0.30499,0.28983,0.3001,0.29472,0.3001,0.28495,0.28495,0.3001,0.3001,0.29472,0.3001,0.28983,0.30499,0.30987,0.30499,0.3001,0.3001,0.3001,0.30499,0.31476,0.30987,0.3001,0.30499,0.31965,0.3348,0.32502,0.32991,0.32991,0.32991,0.32991,0.32991,0.33969,0.32991,0.32991,0.34506,0.34506,0.3348,0.34506,0.35484,0.34506,0.34995,0.34506,0.34506,0.34506,0.33969,0.34506,0.35973,0.37488,0.37977,0.39492,0.39492,0.39492,0.3998,0.39492,0.38514,0.36999,0.35484,0.34506,0.33969,0.32502,0.31965,0.31965,0.31965,0.32502,0.31965,0.30987,0.28983,0.3348,0.53519,0.91007,1.2708,1.3504,0.93548,0.50489,0.3651,0.31476,0.30987,0.29472,0.28495,0.28006,0.27468,0.26979,0.27468,0.27468,0.27468,0.28495,0.28006,0.28495,0.28495,0.28983,0.29472,0.3001,0.30499,0.30987,0.31965,0.3348,0.34506,0.3651,0.37488,0.39492,0.41007,0.43988,0.47019,0.47996,0.49022,0.5,0.48485,0.47019,0.435,0.39003,0.35973,0.33969,0.31476,0.28983,0.29472,0.27468,0.27468,0.27468,0.27468,0.26979,0.27468,0.27468,0.27468,0.28006,0.27468,0.27468,0.28006,0.28983,0.28495,0.29472,0.28983,0.3001,0.30499,0.3001,0.30499,0.3001,0.30987,0.30499,0.30499,0.31965,0.31965,0.31476,0.31965,0.31965,0.31965,0.32502,0.32502,0.32502,0.31965,0.32502,0.32991,0.32991,0.32991,0.3348,0.31965,0.32991,0.3348,0.32991,0.32502,0.32991,0.34506,0.3651,0.36999,0.37977,0.37977,0.38514,0.36999,0.36999,0.37488,0.35973,0.34506,0.34506,0.3348,0.31965,0.31965,0.31476,0.30987,0.30499,0.30987,0.31965,0.29472,0.28495,0.47996,0.84506,1.2253,1.3759,1.0753,0.59531,0.39492,0.31965,0.30499,0.3001,0.30499,0.28006,0.27468,0.26979,0.27468,0.27468,0.27468,0.27468,0.27468,0.27468,0.28495,0.3001,0.3001,0.30499,0.30987,0.30499,0.31965,0.32502,0.33969,0.35484,0.3651,0.39492,0.43011,0.45015,0.47507,0.5,0.50489,0.50978,0.50489,0.47996,0.44477,0.43988,0.38514,0.34506,0.31965,0.30499,0.3001,0.28495,0.28006,0.27468,0.27468,0.27468,0.27468,0.27468,0.27468,0.28006,0.28983,0.28495,0.29472,0.3001,0.29472,0.29472,0.3001,0.3001,0.30499,0.3001,0.3001,0.30987,0.31476,0.30987,0.31965,0.31965,0.31476,0.31965,0.31476,0.26002,0.31965,0.30987,0.31965,0.31965,0.31965,0.31965,0.32991,0.32502,0.3348,0.3348,0.32991,0.32991,0.32991,0.3348,0.32991,0.32502,0.33969,0.34995,0.36999,0.37977,0.38514,0.37977,0.37488,0.36999,0.36999,0.35973,0.35484,0.34506,0.32991,0.31965,0.31965,0.31965,0.31965,0.31965,0.31965,0.30987,0.29472,0.28006,0.41007,0.72532,1.1056,1.3607,1.1857,0.69501,0.41984,0.32502,0.31476,0.3001,0.29472,0.28006,0.27468,0.27468,0.28495,0.28006,0.28495,0.28006,0.28495,0.29472,0.3001,0.29472,0.3001,0.30499,0.31476,0.32991,0.32991,0.32502,0.33969,0.34995,0.36999,0.39492,0.41496,0.435,0.46481,0.47996,0.50489,0.51515,0.52004,0.49022,0.45503,0.43011,0.39492,0.3651,0.34506,0.32502,0.31965,0.31476,0.3001,0.28983,0.29472,0.3001,0.29472,0.3001,0.28495,0.3001,0.30987,0.30499,0.31965,0.30499,0.31476,0.30987,0.30499,0.30987,0.31965,0.31965,0.32502,0.32502,0.3348,0.32502,0.33969,0.34995,0.34506,0.34995,0.34506,0.34506,0.34506,0.35973,0.3651,0.34995,0.34995,0.35484,0.35973,0.35973,0.34995,0.34506,0.34506,0.35484,0.3651,0.36999,0.35973,0.36999,0.38514,0.39492,0.39492,0.39003,0.3998,0.40469,0.40469,0.39492,0.38514,0.36999,0.35973,0.35484,0.33969,0.32502,0.32502,0.32991,0.34506,0.34506,0.32502,0.3001,0.32991,0.54008,0.89541,1.2307,1.3255,0.95552,0.52004,0.35973,0.31965,0.31965,0.30499,0.3001,0.28495,0.28006,0.28006,0.28006,0.27468,0.28006,0.28006,0.27468,0.27468,0.3001,0.3001,0.3001,0.3001,0.30987,0.31476,0.31965,0.32991,0.34506,0.34995,0.37977,0.39492,0.41984,0.45015,0.47507,0.5,0.50978,0.50978,0.49511,0.47507,0.43988,0.41007,0.37488,0.34995,0.32502,0.30499,0.3001,0.29472,0.29472,0.29472,0.28495,0.28983,0.28006,0.28495,0.29472,0.28983,0.30499,0.30499,0.3001,0.31476,0.30987,0.30499,0.30499,0.30987,0.31965,0.31965,0.32502,0.31965,0.32502,0.32991,0.3348,0.32502,0.32991,0.32991,0.33969,0.32502,0.33969,0.34506,0.33969,0.34506,0.34506,0.34506,0.34506,0.34506,0.34995,0.34506,0.34506,0.3348,0.33969,0.34506,0.35484,0.36999,0.38514,0.39003,0.26002,0.28983,0.28495,0.28006,0.28495,0.28495,0.28983,0.29472,0.29472,0.3001,0.3001,0.30499,0.3001,0.32502,0.3348,0.33969,0.34506,0.3651,0.37977,0.40469,0.43011,0.45992,0.47996,0.50489,0.5,0.52004,0.52493,0.48485,0.45992,0.41496,0.39003,0.35484,0.3348,0.31965,0.30499,0.3001,0.28983,0.28495,0.28983,0.3001,0.27468,0.29472,0.3001,0.29472,0.3001,0.3001,0.3001,0.3001,0.29472,0.30499,0.30987,0.31476,0.31476,0.32502,0.31965,0.31965,0.32502,0.31965,0.31965,0.32991,0.32502,0.32991,0.32991,0.3348,0.33969,0.32991,0.32991,0.3348,0.33969,0.3348,0.32991,0.33969,0.33969,0.34506,0.34506,0.34506,0.33969,0.3348,0.3348,0.34506,0.3651,0.36999,0.3651,0.38514,0.39492,0.39492,0.39003,0.39003,0.37488,0.35484,0.34995,0.34506,0.3348,0.31965,0.30987,0.31965,0.3348,0.33969,0.32502,0.30987,0.29472,0.38514,0.70039,1.0953,1.3759,1.3856,0.79032,0.45992,0.35484,0.32502,0.31965,0.30499,0.28983,0.28006,0.27468,0.27468,0.27468,0.26979,0.26491,0.28006,0.29472,0.29472,0.3001,0.3001,0.30499,0.31965,0.30987,0.31476,0.32991,0.34506,0.34995,0.3651,0.39492,0.41984,0.45015,0.47507,0.48485,0.50489,0.51515,0.52004,0.5,0.45992,0.435,0.39003,0.36999,0.33969,0.31965,0.30499,0.3001,0.28495,0.28495,0.29472,0.28006,0.29472,0.28983,0.29472,0.3001,0.28983,0.3001,0.3001,0.30499,0.30499,0.30499,0.30499,0.30987,0.30499,0.31476,0.31476,0.31965,0.31965,0.31965,0.31965,0.31965,0.32502,0.31965,0.31965,0.32991,0.34506,0.3348,0.3348,0.33969,0.32991,0.3348,0.3348,0.33969,0.3348,0.33969,0.3348,0.3348,0.33969,0.34506,0.3348,0.33969,0.34506,0.36999,0.37977,0.37977,0.38514,0.39492,0.39003,0.38514,0.39003,0.37977,0.3651,0.34506,0.34995,0.35973,0.34506,0.3348,0.32991,0.32991,0.32991,0.31965,0.31476,0.28983,0.34506,0.59531,0.98534,1.3456,1.4208,0.95015,0.54008,0.39003,0.3348,0.32502,0.30499,0.3001,0.28006,0.28006,0.27468,0.27468,0.27468,0.26979,0.28983,0.29472,0.3001,0.3001,0.30987,0.30499,0.30987,0.31476,0.31965,0.32991,0.34506,0.35484,0.37488,0.3998,0.41496,0.43988,0.47019,0.49022,0.50978,0.52493,0.52981,0.50978,0.48485,0.45015,0.41496,0.38514,0.35484,0.31965,0.30987,0.3001,0.28983,0.28495,0.27468,0.27468,0.28006,0.28983,0.3001,0.28983,0.29472,0.29472,0.3001,0.3001,0.3001,0.30499,0.30499,0.30987,0.30499,0.31476,0.30499,0.31965,0.31965,0.32991,0.32991,0.32502,0.31965,0.31965,0.32502,0.32502,0.31965,0.32502,0.31965,0.33969,0.34506,0.3348,0.34506,0.33969,0.3348,0.32991,0.3348,0.33969,0.32991,0.32502,0.33969,0.32991,0.32991,0.34995,0.36999,0.37488,0.36999,0.38514,0.37977,0.37488,0.37977,0.36999,0.35484,0.34506,0.35484,0.34506,0.32991,0.31965,0.32991,0.32991,0.32502,0.31965,0.31476,0.30499,0.3001,0.52493,0.90518,1.2708,1.3905,1.0455,0.58993,0.41007,0.33969,0.3348,0.31965,0.31965,0.33969,0.28495,0.3001,0.28495,0.28983,0.3001,0.3001,0.3001,0.3001,0.30499,0.3001,0.31476,0.31476,0.31965,0.32502,0.33969,0.34506,0.35973,0.36999,0.39003,0.41496,0.435,0.45992,0.47996,0.5,0.51515,0.52493,0.51515,0.49022,0.45992,0.41984,0.39003,0.3651,0.3348,0.32502,0.31476,0.30499,0.3001,0.30499,0.29472,0.3001,0.3001,0.28983,0.3001,0.3001,0.3001,0.30987,0.31965,0.31476,0.31965,0.31476,0.31965,0.32502,0.31476,0.31476,0.32502,0.32502,0.31965,0.32991,0.34506,0.34506,0.33969,0.33969,0.34506,0.34995,0.34506,0.33969,0.34506,0.34995,0.34995,0.34506,0.34506,0.35484,0.34995,0.34506,0.33969,0.3348,0.35484,0.34506,0.34995,0.35973,0.36999,0.39003,0.39492,0.39492,0.39492,0.39003,0.38514,0.39492,0.41007,0.39003,0.36999,0.35484,0.34995,0.34506,0.3348,0.32502,0.31965,0.31965,0.32991,0.32502,0.31965,0.31476,0.54008,0.89541,1.2507,1.3558,0.9956,0.54497,0.37488,0.31965,0.3348,0.31965,0.30499,0.3001,0.29472,0.28495,0.28006,0.28983,0.29472,0.28495,0.28006,0.28495,0.30499,0.30499,0.31476,0.31476,0.31965,0.32502,0.32991,0.34506,0.3651,0.35973,0.36999,0.39492,0.44477,0.47019,0.48485,0.5,0.51515,0.51515,0.50978,0.47996,0.45015,0.41007,0.38514,0.35973,0.32991,0.30987,0.30499,0.3001,0.3001,0.3001,0.29472,0.28495,0.28983,0.29472,0.29472,0.29472,0.3001,0.3001,0.3001,0.3001,0.3001,0.30987,0.30987,0.31476,0.31965,0.31965,0.31476,0.31476,0.31965,0.31965,0.31965,0.32991,0.32502,0.33969,0.3348,0.33969,0.32991,0.32502,0.32991,0.3348,0.32991,0.3348,0.32991,0.34506,0.33969,0.32991,0.34506,0.34506,0.33969,0.34506,0.34506,0.34506,0.35973,0.37488,0.36999,0.37977,0.39003,0.37977,0.39003,0.39492,0.38514,0.3651,0.35484,0.34995,0.33969,0.32991,0.32502,0.31965,0.31965,0.31965,0.31476,0.31476,0.31476,0.38514,0.65005,1.0352,1.3407,1.3656,0.82014,0.46481,0.34995,0.32502,0.30987,0.3001,0.30499,0.3001,0.28983,0.29472,0.28495,0.28006,0.28983,0.28983,0.28983,0.3001,0.3001,0.3001,0.29472,0.31965,0.32991,0.3348,0.33969,0.34506,0.35973,0.36999,0.39003,0.41007,0.435,0.46481,0.48485,0.49511,0.52493,0.52981,0.50489,0.47507,0.43988,0.40469,0.36999,0.33969,0.31965,0.3001,0.28983,0.28006,0.28983,0.28983,0.3001,0.29472,0.29472,0.3001,0.28983,0.28983,0.29472,0.28495,0.31476,0.30987,0.30499,0.30499,0.30499,0.30499,0.30499,0.31965,0.31476,0.31476,0.31476,0.31965,0.3348,0.32991,0.32991,0.32991,0.32991,0.3348,0.32991,0.3348,0.32991,0.33969,0.32991,0.3348,0.3348,0.34506,0.34506,0.34995,0.34506,0.34506,0.34506,0.34506,0.34506,0.3348,0.34506,0.3651,0.37977,0.38514,0.39003,0.39492,0.38514,0.38514,0.38514,0.37488,0.35973,0.34995,0.33969,0.34506,0.33969,0.3348,0.32991,0.32991,0.32991,0.31965,0.31476,0.29472,0.35973,0.64516,1.0406,1.3558,1.4008,0.89541,0.51515,0.37488,0.32991,0.31965,0.30499,0.29472,0.28983,0.28495,0.27468,0.28495,0.29472,0.28983,0.3001,0.29472,0.3001,0.3001,0.3001,0.30499,0.30987,0.31476,0.31965,0.32991,0.33969,0.36999,0.38514,0.3998,0.42473,0.45015,0.47019,0.48485,0.50978,0.51515,0.52004,0.5,0.47507,0.45503,0.41496,0.37977,0.34995,0.32502,0.30499,0.3001,0.28983,0.28006,0.28006,0.28495,0.28006,0.27468,0.28495,0.29472,0.3001,0.3001,0.3001,0.3001,0.30499,0.3001,0.3001,0.30987,0.30987,0.30499,0.30987,0.32502,0.3348,0.32991,0.32991,0.3348,0.3348,0.3348,0.3348,0.33969,0.3348,0.32991,0.33969,0.32502,0.31965,0.34995,0.34506,0.34506,0.34506,0.34506,0.34506,0.33969,0.33969,0.32991,0.31965,0.34506,0.34995,0.3651,0.37488,0.39003,0.38514,0.39492,0.39492,0.38514,0.37977,0.38514,0.36999,0.34506,0.35484,0.35484,0.34506,0.3348,0.32502,0.32502,0.32991,0.32502,0.31965,0.3001,0.29472,0.43011,0.78006,1.1657,1.4208,1.2253,0.75024,0.45992,0.35973,0.32991,0.31476,0.3001,0.28495,0.27468,0.27468,0.27468,0.27468,0.27468,0.28006,0.27468,0.28006,0.28983,0.30987,0.31965,0.31965,0.31965,0.31965,0.31965,0.33969,0.34506,0.35484,0.36999,0.39003,0.41496,0.45015,0.47996,0.50489,0.52004,0.52493,0.51515,0.49022,0.45992,0.42473,0.39003,0.35973,0.32991,0.3001,0.28983,0.27468,0.3001,0.28983,0.28006,0.28006,0.27468,0.28006,0.28006,0.28495,0.28495,0.28006,0.28983,0.28983,0.3001,0.30499,0.3001,0.31476,0.30499,0.3001,0.31476,0.31476,0.31965,0.30987,0.30987,0.31476,0.30987,0.30499,0.31965,0.32502,0.31965,0.32502,0.32991,0.32502,0.32502,0.31965,0.32502,0.32991,0.32991,0.3348,0.32502,0.32991,0.32991,0.3348,0.33969,0.3998,0.69501,1.0806,1.3807,1.3856,0.78543,0.45992,0.35973,0.31965,0.30987,0.3001,0.29472,0.28495,0.28006,0.27468,0.27468,0.28006,0.28495,0.28495,0.28495,0.29472,0.3001,0.29472,0.30987,0.32991,0.32502,0.32991,0.3348,0.34995,0.35973,0.37488,0.39492,0.41984,0.43988,0.46481,0.48485,0.50978,0.50489,0.52004,0.50489,0.47507,0.44477,0.40469,0.37488,0.34506,0.32991,0.31476,0.30499,0.3001,0.28495,0.28983,0.3001,0.3001,0.3001,0.30499,0.3001,0.3001,0.3001,0.3001,0.3001,0.30987,0.31476,0.30499,0.31965,0.32502,0.31965,0.31965,0.32991,0.32502,0.31965,0.32991,0.3348,0.33969,0.32991,0.3348,0.33969,0.3348,0.33969,0.34506,0.34506,0.33969,0.3348,0.34506,0.33969,0.34506,0.34506,0.34506,0.34506,0.34506,0.34995,0.34506,0.34995,0.35973,0.36999,0.37977,0.38514,0.39003,0.39003,0.39003,0.39492,0.39492,0.38514,0.36999,0.3651,0.34995,0.33969,0.3348,0.32991,0.31965,0.31965,0.32502,0.3348,0.31965,0.30987,0.33969,0.54497,0.91544,1.2654,1.3558,0.95552,0.52004,0.36999,0.39003,0.39492,0.39003,0.38514,0.39003,0.36999,0.35973,0.34506,0.3348,0.31965,0.31476,0.31965,0.32991,0.31965,0.32502,0.31476,0.28495,0.32502,0.56012,0.95015,1.3157,1.4057,1.0005,0.54497,0.39003,0.3348,0.31965,0.30499,0.29472,0.28006,0.27468,0.27468,0.3001,0.27468,0.27468,0.26979,0.28495,0.28983,0.30499,0.30987,0.30987,0.30499,0.30987,0.31965,0.32991,0.3348,0.34995,0.3651,0.38514,0.41007,0.44477,0.46481,0.48485,0.50978,0.52493,0.53519,0.52004,0.49022,0.45992,0.42473,0.39492,0.3651,0.34506,0.32991,0.31965,0.30987,0.3001,0.3001,0.29472,0.28983,0.3001,0.3001,0.3001,0.28983,0.30987,0.31476,0.30987,0.31965,0.31965,0.31476,0.31476,0.30987,0.31965,0.31965,0.31965,0.3348,0.32991,0.32991,0.32502,0.32502,0.3348,0.33969,0.3348,0.32991,0.33969,0.34995,0.34506,0.33969,0.34995,0.35973,0.34995,0.34506,0.34506,0.34506,0.34506,0.33969,0.34995,0.34995,0.34506,0.34995,0.34506,0.34995,0.3651,0.37977,0.39492,0.39492,0.39492,0.3998,0.39003,0.39003,0.39003,0.39492,0.36999,0.3651,0.34506,0.34506,0.33969,0.32991,0.3348,0.32502,0.32502,0.32502,0.32991,0.30499,0.3651,0.60508,0.97556,1.3206,1.3807,0.87048,0.49022,0.37977,0.32991,0.32502,0.31476,0.3001,0.29472,0.28983,0.29472,0.28983,0.28983,0.28495,0.28006,0.28495,0.31476,0.30987,0.31476,0.31476,0.31476,0.31965,0.32991,0.33969,0.34506,0.35484,0.37488,0.39492,0.41984,0.43988,0.47019,0.49511,0.50978,0.52004,0.52981,0.50978,0.48485,0.45992,0.41984,0.37977,0.34995,0.33969,0.31476,0.30499,0.30987,0.3001,0.28983,0.28983,0.28983,0.28495,0.28495,0.28983,0.29472,0.28983,0.28983,0.3001,0.3001,0.30499,0.30499,0.31476,0.31965,0.31476,0.31476,0.31965,0.30987,0.31965,0.31476,0.30499,0.31965,0.32502,0.32991,0.32502,0.32991,0.32991,0.32991,0.3348,0.3348,0.3348,0.32502,0.31965,0.3348,0.34506,0.33969,0.34506,0.33969,0.34506,0.3348,0.33969,0.33969,0.34995,0.3651,0.36999,0.36999,0.37488,0.38514,0.37488,0.37977,0.38514,0.3651,0.35484,0.33969,0.3348,0.31965,0.32502,0.30987,0.30987,0.31965,0.31965,0.30987,0.29472,0.28983,0.43988,0.8001,1.1804,1.3856,1.1505,0.6652,0.41984,0.32991,0.31476,0.30499,0.3001,0.28006,0.27468,0.27468,0.26002,0.28495,0.28495,0.28983,0.28983,0.28495,0.29472,0.29472,0.29472,0.3001,0.3001,0.30987,0.31476,0.31965,0.32502,0.34995,0.39003,0.40469,0.41984,0.45015,0.47019,0.48485,0.50489,0.51515,0.50978,0.49022,0.45992,0.42473,0.39003,0.3651,0.33969,0.31476,0.28983,0.28983,0.28495,0.28983,0.27468,0.27468,0.26979,0.27468,0.28006,0.28495,0.28983,0.28495,0.3001,0.3001,0.30499,0.30499,0.30499,0.3001,0.30987,0.30499,0.31965,0.31476,0.31476,0.31476,0.31965,0.31965,0.32991,0.32502,0.31965,0.32991,0.32991,0.33969,0.33969,0.3348,0.32991,0.32991,0.33969,0.33969,0.33969,0.32991,0.32502,0.32991,0.3348,0.32991,0.32991,0.32991,0.3348,0.33969,0.34506,0.35484,0.36999,0.38514,0.38514,0.37977,0.39003,0.37488,0.36999,0.38514,0.37488,0.36999,0.35973,0.34995,0.35484,0.3348,0.32502,0.32991,0.3348,0.32502,0.31965,0.30499,0.29472,0.38514,0.69501,1.0953,1.3959,1.4106,0.8304,0.49022,0.3651,0.32991,0.31965,0.3001,0.28983,0.28006,0.28006,0.28495,0.28006,0.28495,0.28006,0.28983,0.29472,0.28983,0.3001,0.30499,0.30987,0.30987,0.30499,0.31476,0.3348,0.34506,0.35973,0.36999,0.39492,0.41984,0.44477,0.45992,0.49511,0.50978,0.50978,0.52004,0.50978,0.47996,0.45015,0.41007,0.37488,0.34506,0.31965,0.30499,0.3001,0.28006,0.28006,0.27468,0.28006,0.28983,0.28495,0.28983,0.28495,0.28495,0.28495,0.28983,0.28983,0.28983,0.3001,0.3001,0.30499,0.30499,0.30987,0.31476,0.30987,0.31476,0.31965,0.31965,0.31476,0.31965,0.31965,0.3001,0.32991,0.32502,0.33969,0.3348,0.3348,0.32991,0.32991,0.32502,0.32991,0.32991,0.32502,0.3348,0.33969,0.33969,0.34506,0.3348,0.33969,0.3348,0.33969,0.34995,0.36999,0.37977,0.37977,0.39003,0.38514,0.39003,0.37977,0.38514,0.3651,0.35484,0.34506,0.34506,0.31965,0.32991,0.32502,0.32991,0.32991,0.32502,0.31965,0.3001,0.28983,0.45503,0.81036,1.2107,1.4409,1.2155,0.70039,0.43988,0.34506,0.32991,0.31476,0.3001,0.28495,0.28006,0.28983,0.27468,0.28006,0.28006,0.28495,0.29472,0.29472,0.3001,0.29472,0.3001,0.31476,0.31965,0.31476,0.31965,0.33969,0.34995,0.36999,0.37977,0.3998,0.42473,0.45503,0.47507,0.49511,0.51515,0.52493,0.52004,0.49511,0.46481,0.435,0.39492,0.3651,0.33969,0.31965,0.3001,0.28983,0.28006,0.28495,0.28006,0.27468,0.27468,0.27468,0.28006,0.28495,0.28006,0.28983,0.28983,0.28983,0.28983,0.29472,0.3001,0.29472,0.3001,0.30987,0.31476,0.30987,0.31965,0.31965,0.31476,0.31965,0.31965,0.31965,0.31965,0.31965,0.32502,0.32991,0.3348,0.32991,0.32991,0.3348,0.33969,0.33969,0.3348,0.32991,0.32991,0.32502,0.34506,0.33969,0.33969,0.33969,0.33969,0.33969,0.33969,0.35484,0.36999,0.37488,0.3651,0.38514,0.39492,0.38514,0.38514,0.37488,0.3651,0.34995,0.34995,0.34506,0.3348,0.32502,0.31965,0.30499,0.32991,0.32502,0.31965,0.30499,0.29472,0.42473,0.76002,1.1755,1.4355,1.2654,0.75024,0.46481,0.35973,0.32991,0.31965,0.30499,0.29472,0.28983,0.28006,0.28006,0.28006,0.28495,0.28983,0.29472,0.3001,0.3001,0.30499,0.30987,0.30987,0.31965,0.31476,0.32502,0.3348,0.34995,0.35973,0.37488,0.3998,0.42473,0.45992,0.47507,0.49511,0.50978,0.52493,0.52493,0.50489,0.47996,0.44477,0.41007,0.37488,0.34506,0.31965,0.30499,0.29472,0.28006,0.28006,0.28006,0.28006,0.28006,0.28006,0.28006,0.28495,0.28983,0.28495,0.28495,0.28983,0.3001,0.30499,0.30987,0.30499,0.30499,0.30499,0.31476,0.30499,0.3001,0.30987,0.30987,0.31476,0.30987,0.31965,0.31965,0.31965,0.31965,0.32991,0.32991,0.31965,0.31965,0.32991,0.31965,0.3348,0.3348,0.33969,0.33969,0.34506,0.33969,0.33969,0.34506,0.34506,0.33969,0.3348,0.34506,0.35484,0.36999,0.38514,0.39492,0.39003,0.39492,0.39003,0.39492,0.38514,0.36999,0.35973,0.34506,0.34506,0.3348,0.32991,0.32502,0.31965,0.32991,0.32502,0.30499,0.30499,0.34506,0.58016,0.96041,1.3206,1.4008,0.98045,0.54497,0.38514,0.32502,0.31965,0.30499,0.27468,0.29472,0.3001,0.28495,0.28495,0.28495,0.28006,0.29472,0.28983,0.29472,0.3001,0.3001,0.3001,0.30987,0.31965,0.31965,0.32502,0.34506,0.34506,0.36999,0.38514,0.41007,0.43988,0.45503,0.48485,0.50489,0.51515,0.52493,0.52004,0.49022,0.45503,0.41984,0.38514,0.3651,0.34506,0.32502,0.30499,0.3001,0.3001,0.28983,0.28983,0.29472,0.28983,0.28495,0.28983,0.28983,0.28006,0.29472,0.30499,0.3001,0.31476,0.30987,0.30987,0.30499,0.30987,0.31476,0.30987,0.30987,0.31965,0.32502,0.32991,0.32502,0.32991,0.3348,0.33969,0.3348,0.34506,0.34506,0.33969,0.34506,0.34506,0.33969,0.34506,0.35484,0.34995,0.34506,0.34506,0.33969,0.34506,0.34506,0.33969,0.34995,0.35973,0.3651,0.37488,0.39492,0.39492,0.39492,0.40469,0.39492,0.39003,0.39492,0.37488,0.35973,0.34506,0.3651,0.34995,0.34506,0.33969,0.3348,0.32991,0.32502,0.32502,0.32991,0.3001,0.39003,0.68524,1.0606,1.3407,1.3456,0.78006,0.45992,0.35484,0.32991,0.31476,0.30499,0.3001,0.29472,0.28495,0.28495,0.28983,0.28495,0.27468,0.3001,0.3001,0.30499,0.30987,0.31965,0.31965,0.32502,0.32991,0.32991,0.34506,0.35973,0.3651,0.37977,0.39492,0.41984,0.43988,0.46481,0.51515,0.52981,0.53519,0.52493,0.50978,0.48485,0.44477,0.41007,0.38514,0.34506,0.31965,0.30987,0.3001,0.28495,0.28983,0.3001,0.29472,0.28495,0.28006,0.28983,0.29472,0.28495,0.29472,0.28495,0.29472,0.3001,0.30499,0.3001,0.30499,0.30987,0.30499,0.30987,0.30499,0.31476,0.31965,0.31965,0.31965,0.31965,0.31965,0.32502,0.32991,0.32502,0.32991,0.32991,0.32502,0.32991,0.3348,0.32991,0.3348,0.32991,0.32502,0.32991,0.33969,0.32991,0.32991,0.33969,0.34506,0.34506,0.34506,0.35484,0.36999,0.39003,0.39003,0.39003,0.39492,0.38514,0.37977,0.38514,0.37488,0.35484,0.34995,0.3348,0.32991,0.33969,0.32502,0.32502,0.32991,0.32502,0.31476,0.30499,0.28983,0.38514,0.67009,1.0606,1.3759,1.3959,0.81036,0.47019,0.35484,0.31476,0.30499,0.3001,0.28495,0.28006,0.27468,0.27468,0.28006,0.27468,0.28006,0.27468,0.27468,0.28495,0.28006,0.30499,0.30987,0.30499,0.31965,0.32502,0.32991,0.33969,0.34995,0.36999,0.39003,0.41007,0.43011,0.45992,0.48485,0.5,0.52004,0.52493,0.50978,0.47996,0.44477,0.40469,0.36999,0.33969,0.31965,0.3001,0.28983,0.28495,0.27468,0.28495,0.28495,0.28006,0.33969,0.34506,0.34995,0.35973,0.37977,0.39492,0.41984,0.44477,0.47996,0.49511,0.51515,0.52493,0.53519,0.52004,0.49022,0.47019,0.435,0.39492,0.36999,0.34506,0.31965,0.30987,0.30499,0.3001,0.3001,0.3001,0.29472,0.3001,0.30499,0.30987,0.31476,0.30987,0.30499,0.30499,0.30987,0.31476,0.31476,0.31965,0.31476,0.31965,0.32502,0.32991,0.31965,0.31965,0.32502,0.32502,0.32991,0.32502,0.32991,0.33969,0.33969,0.3348,0.34506,0.34506,0.34506,0.3348,0.33969,0.33969,0.33969,0.33969,0.34506,0.34506,0.34506,0.34995,0.34506,0.3348,0.33969,0.32991,0.35973,0.36999,0.38514,0.39492,0.39003,0.39003,0.39492,0.39003,0.37977,0.38514,0.35973,0.35484,0.34506,0.34995,0.33969,0.32991,0.32991,0.32991,0.32991,0.32991,0.31965,0.3001,0.29472,0.46481,0.81036,1.1857,1.3656,1.1056,0.62512,0.41007,0.32991,0.31476,0.30499,0.29472,0.28495,0.28006,0.27468,0.28006,0.26979,0.26491,0.28495,0.29472,0.3001,0.3001,0.3001,0.3001,0.30499,0.30987,0.31476,0.32502,0.32991,0.32502,0.35484,0.38514,0.40469,0.41984,0.44477,0.47507,0.49022,0.50489,0.51515,0.50978,0.49511,0.46481,0.42473,0.39492,0.37488,0.34506,0.32991,0.30499,0.3001,0.28983,0.28006,0.28495,0.28006,0.28006,0.27468,0.28006,0.27468,0.27468,0.28983,0.3001,0.3001,0.3001,0.3001,0.30499,0.30987,0.31476,0.30499,0.30987,0.30987,0.31476,0.31476,0.31965,0.31476,0.30987,0.31965,0.32991,0.32502,0.31965,0.32502,0.32991,0.32502,0.32991,0.32991,0.32991,0.32991,0.3348,0.31965,0.31476,0.33969,0.33969,0.3348,0.33969,0.33969,0.3348,0.33969,0.35484,0.36999,0.37488,0.37977,0.38514,0.39492,0.37977,0.38514,0.37977,0.36999,0.34995,0.34506,0.34506,0.32502,0.31965,0.31965,0.31965,0.31965,0.31476,0.30499,0.28983,0.32502,0.56989,0.95015,1.3206,1.4057,0.9956,0.54985,0.37977,0.31965,0.30987,0.30499,0.28983,0.28006,0.27468,0.26979,0.26979,0.27468,0.28495,0.28006,0.28495,0.29472,0.3001,0.3001,0.3001,0.3001,0.31476,0.31476,0.31965,0.3348,0.32502,0.36999,0.39003,0.40469,0.43011,0.45992,0.47996,0.5,0.51515,0.52004,0.50978,0.49022,0.45503,0.41007,0.39003,0.35973,0.3348,0.31476,0.3001,0.28983,0.28006,0.27468,0.28006,0.28495,0.28006,0.28495,0.27468,0.28495,0.28006,0.3001,0.30987,0.30499,0.30499,0.30987,0.30987,0.30499,0.31476,0.30987,0.30987,0.30499,0.30987,0.31965,0.32502,0.32991,0.31965,0.31965,0.32502,0.31965,0.32502,0.32991,0.32991,0.32502,0.32991,0.34506,0.3348,0.34506,0.34506,0.33969,0.32991,0.33969,0.3348,0.32991,0.33969,0.3348,0.33969,0.34506,0.35973,0.37977,0.39003,0.39492,0.39003,0.39003,0.39492,0.39003,0.38514,0.37488,0.36999,0.35973,0.34995,0.33969,0.3348,0.3348,0.32991,0.3348,0.32991,0.32502,0.30987,0.28983,0.39492,0.73021,1.1305,1.4154,1.2854,0.82014,0.47996,0.35484,0.32991,0.31476,0.3001,0.27468,0.27468,0.28006,0.28006,0.28495,0.28495,0.28495,0.28006,0.28983,0.28495,0.28983,0.29472,0.3001,0.30499,0.30499,0.30499,0.32502,0.34506,0.35484,0.36999,0.39003,0.41496,0.435,0.45992,0.48485,0.50489,0.51515,0.52004,0.49511,0.47019,0.43988,0.40469,0.37977,0.34506,0.31965,0.30499,0.28495,0.28006,0.28006,0.27468,0.27468,0.27468,0.27468,0.27468,0.26979,0.28495,0.3001,0.3001,0.29472,0.29472,0.29472,0.3001,0.3001,0.3001,0.3001,0.3001,0.3001,0.31965,0.3348,0.32502,0.31965,0.32502,0.31965,0.31965,0.31965,0.32502,0.32991,0.31965,0.31965,0.32991,0.34506,0.34506,0.34506,0.34506,0.33969,0.33969,0.34506,0.34506,0.34506,0.32991,0.3348,0.32991,0.34995,0.34506,0.35973,0.37977,0.38514,0.39003,0.39003,0.38514,0.37488,0.37488,0.37488,0.35973,0.34506,0.35973,0.35484,0.33969,0.32991,0.32502,0.32991,0.32991,0.32991,0.31965,0.3001,0.28983,0.47507,0.84506,1.2253,1.4506,1.1906,0.69013,0.435,0.33969,0.31965,0.30499,0.29472,0.28006,0.27468,0.27468,0.27468,0.26979,0.27468,0.27468,0.27468,0.28006,0.28983,0.29472,0.3001,0.30499,0.31476,0.31476,0.31965,0.32991,0.34506,0.35484,0.36999,0.39492,0.41984,0.44477,0.47019,0.48485,0.50978,0.51515,0.52004,0.5,0.47019,0.43011,0.39492,0.3651,0.33969,0.31476,0.3001,0.28495,0.27468,0.26979,0.26979,0.27468,0.26491,0.27468,0.28006,0.28006,0.28495,0.28006,0.28495,0.28495,0.28983,0.29472,0.28983,0.29472,0.28495,0.28495,0.30987,0.31965,0.31476,0.31476,0.30987,0.30987,0.31476,0.30987,0.31476,0.30987,0.31965,0.3348,0.32991,0.32502,0.32991,0.33969,0.3348,0.3348,0.33969,0.33969,0.3348,0.33969,0.32502,0.3348,0.34995,0.35484,0.34506,0.34995,0.34995,0.35973,0.37488,0.38514,0.39003,0.39492,0.39492,0.37977,0.39003,0.39003,0.39492,0.37488,0.35973,0.34506,0.32502,0.32502,0.3348,0.32991,0.32502,0.31965,0.3001,0.3001,0.39003,0.69501,1.0655,1.3607,1.3959,0.84506,0.48485,0.35973,0.32991,0.30987,0.29472,0.28495,0.28006,0.28983,0.3001,0.29472,0.29472,0.28983,0.28495,0.28983,0.28983,0.29472,0.3001,0.30499,0.31476,0.31965,0.32502,0.3348,0.34506,0.35973,0.36999,0.38514,0.40469,0.435,0.45992,0.48485,0.50978,0.51515,0.52004,0.52493,0.48485,0.45992,0.41984,0.39003,0.3651,0.3348,0.32502,0.30987,0.29472,0.3001,0.3001,0.29472,0.28983,0.29472,0.29472,0.3001,0.28983,0.29472,0.3001,0.30499,0.30499,0.30987,0.31476,0.30987,0.31476,0.31476,0.31476,0.30987,0.31965,0.31965,0.32991,0.3348,0.3348,0.32991,0.33969,0.33969,0.33969,0.34506,0.33969,0.33969,0.34995,0.34506,0.34995,0.35484,0.34995,0.34995,0.35484,0.34506,0.34506,0.34506,0.34995,0.35973,0.35484,0.35973,0.35973,0.36999,0.33969,0.38514,0.39492,0.39492,0.39492,0.39492,0.3998,0.38514,0.36999,0.35973,0.35973,0.34506,0.33969,0.3348,0.33969,0.32502,0.3348,0.32991,0.31965,0.30499,0.41496,0.70039,1.0704,1.3504,1.2307,0.73998,0.435,0.33969,0.32502,0.31965,0.3001,0.29472,0.28495,0.28495,0.27468,0.28006,0.27468,0.28983,0.28006,0.28983,0.3001,0.3001,0.30499,0.3001,0.3001,0.31476,0.31965,0.32502,0.32991,0.34506,0.35973,0.37488,0.3998,0.43988,0.46481,0.48485,0.50489,0.50978,0.51515,0.50489,0.47507,0.43988,0.3998,0.36999,0.33969,0.3001,0.30499,0.30987,0.29472,0.28495,0.28006,0.27468,0.28006,0.27468,0.28495,0.28983,0.28495,0.28983,0.28983,0.28495,0.29472,0.30499,0.30987,0.30499,0.3001,0.30499,0.30987,0.30987,0.31476,0.30499,0.30987,0.31965,0.31965,0.32502,0.31965,0.32502,0.31965,0.32502,0.32502,0.3348,0.32991,0.32991,0.32502,0.31965,0.32502,0.33969,0.33969,0.3348,0.3348,0.32991,0.32991,0.3348,0.3348,0.33969,0.34506,0.35973,0.36999,0.37488,0.36999,0.39492,0.38514,0.37977,0.37977,0.3651,0.34995,0.34506,0.32991,0.31965,0.31476,0.32502,0.32502,0.32502,0.31965,0.30987,0.29472,0.28006,0.43011,0.77517,1.1603,1.3959,1.1857,0.69013,0.43011,0.33969,0.31965,0.3001,0.29472,0.28495,0.27468,0.26979,0.26979,0.27468,0.27468,0.28495,0.28983,0.28495,0.29472,0.29472,0.3001,0.3001,0.3001,0.30499,0.31476,0.31965,0.3348,0.3651,0.37488,0.39003,0.41007,0.435,0.46481,0.48485,0.50489,0.51515,0.52004,0.50489,0.47019,0.42473,0.39492,0.36999,0.33969,0.31476,0.30499,0.3001,0.28983,0.28006,0.27468,0.27468,0.27468,0.28495,0.28006,0.28006,0.28495,0.28495,0.28983,0.29472,0.29472,0.3001,0.23998,0.3001,0.30987,0.30499,0.31965,0.31476,0.31476,0.31965,0.31965,0.31965,0.31965,0.31965,0.31965,0.32502,0.32991,0.33969,0.32991,0.32502,0.32991,0.32502,0.32502,0.31965,0.32991,0.34506,0.34506,0.34506,0.33969,0.3348,0.3348,0.3348,0.33969,0.34506,0.34995,0.36999,0.37488,0.38514,0.37977,0.39003,0.39492,0.39003,0.39492,0.37977,0.3651,0.35484,0.34995,0.33969,0.32991,0.32502,0.31965,0.32502,0.32991,0.32502,0.30987,0.3001,0.47507,0.84506,1.2253,1.4257,1.1657,0.68524,0.43011,0.34506,0.32502,0.30987,0.3001,0.28983,0.28006,0.28983,0.28983,0.28983,0.29472,0.29472,0.29472,0.29472,0.3001,0.3001,0.3001,0.30987,0.31476,0.32502,0.32502,0.3348,0.34506,0.3651,0.37488,0.39492,0.41984,0.45015,0.47507,0.49511,0.50978,0.52493,0.52981,0.5,0.47507,0.43988,0.40469,0.37488,0.33969,0.31476,0.3001,0.28495,0.28006,0.28006,0.27468,0.28006,0.28006,0.28495,0.28983,0.28983,0.29472,0.28983,0.28983,0.3001,0.3001,0.3001,0.30499,0.3001,0.30987,0.30987,0.31476,0.31965,0.31965,0.31476,0.32502,0.32502,0.32502,0.32991,0.32991,0.3348,0.32991,0.32991,0.33969,0.34506,0.33969,0.3348,0.3348,0.3348,0.3348,0.33969,0.3348,0.32991,0.33969,0.34506,0.34506,0.34506,0.34506,0.34506,0.34995,0.3651,0.37488,0.37977,0.38514,0.39003,0.38514,0.39003,0.39492,0.38514,0.36999,0.3651,0.34995,0.34506,0.32991,0.32502,0.31965,0.31965,0.31965,0.31965,0.30499,0.28983,0.33969,0.61486,1.0303,1.3759,1.4409,0.95552,0.54008,0.37977,0.32991,0.31476,0.3001,0.28495,0.26979,0.27468,0.28983,0.29472,0.28006,0.28006,0.28006,0.28006,0.28983,0.28983,0.29472,0.3001,0.3001,0.30987,0.31965,0.30987,0.33969,0.3651,0.37488,0.39003,0.41007,0.43011,0.45503,0.47996,0.49511,0.50978,0.52004,0.50978,0.48485,0.45992,0.41984,0.38514,0.34995,0.32502,0.30499,0.29472,0.28495,0.27468,0.27468,0.27468,0.27468,0.28006,0.27468,0.28495,0.28495,0.28495,0.29472,0.3001,0.29472,0.3001,0.3001,0.30499,0.30987,0.31476,0.31965,0.31965,0.31965,0.32502,0.31965,0.32991,0.32991,0.32991,0.32502,0.32991,0.3348,0.3348,0.32991,0.33969,0.33969,0.3348,0.33969,0.3348,0.33969,0.33969,0.3348,0.33969,0.33969,0.34506,0.34506,0.34506,0.34506,0.34506,0.34506,0.35484,0.36999,0.37977,0.39492,0.39492,0.3998,0.39492,0.39492,0.39003,0.37488,0.3651,0.35973,0.35484,0.3348,0.32502,0.31965,0.32502,0.3348,0.32991,0.31965,0.3001,0.29472,0.45015,0.81036,1.2107,1.4457,1.2307,0.72532,0.44477,0.34506,0.32991,0.30987,0.3001,0.29472,0.28495,0.28495,0.28495,0.28495,0.28495,0.28495,0.28495,0.29472,0.28983,0.29472,0.30987,0.30987,0.30987,0.31965,0.32502,0.32991,0.33969,0.35484,0.36999,0.39492,0.41496,0.435,0.47019,0.48485,0.50489,0.51515,0.50978,0.49511,0.47507,0.435,0.39492,0.3651,0.3348,0.31476,0.29472,0.28983,0.28006,0.27468,0.28006,0.28006,0.27468,0.28006,0.28983,0.3001,0.28983,0.30499,0.30987,0.3001,0.30987,0.31476,0.31476,0.30499,0.31476,0.32502,0.3348,0.32991,0.3348,0.32991,0.33969,0.34506,0.34506,0.34506,0.33969,0.33969,0.34506,0.34995,0.35484,0.35973,0.35973,0.3651,0.35484,0.35484,0.34995,0.35484,0.35484,0.35973,0.35973,0.35973,0.36999,0.35973,0.35973,0.36999,0.36999,0.39003,0.40469,0.41007,0.41496,0.40469,0.41007,0.41496,0.41007,0.41496,0.39492,0.38514,0.36999,0.37488,0.3651,0.35973,0.34995,0.34995,0.34506,0.33969,0.34506,0.31965,0.31476,0.58016,0.95015,1.3206,1.4057,1.0103,0.56012,0.39492,0.33969,0.32991,0.31965,0.30499,0.3001,0.29472,0.28495,0.28495,0.28983,0.3001,0.3001,0.3001,0.3001,0.3001,0.3001,0.30499,0.31965,0.31965,0.32991,0.33969,0.34506,0.35484,0.3651,0.38514,0.40469,0.435,0.45992,0.47507,0.50489,0.51515,0.52004,0.51515,0.49511,0.45992,0.43011,0.3998,0.3651,0.34506,0.31965,0.30987,0.3001,0.29472,0.3001,0.29472,0.28983,0.28983,0.29472,0.28983,0.3001,0.29472,0.30499,0.30499,0.30499,0.30987,0.31965,0.31965,0.31476,0.31476,0.31965,0.31965,0.31965,0.32502,0.31965,0.31965,0.32502,0.32991,0.3348,0.32991,0.3348,0.32991,0.32991,0.33969,0.3348,0.3348,0.32991,0.32991,0.3348,0.3348,0.34506,0.33969,0.34506,0.34506,0.33969,0.3348,0.33969,0.33969,0.34506,0.35484,0.36999,0.37488,0.36999,0.37977,0.38514,0.38514,0.38514,0.37977,0.36999,0.34995,0.33969,0.3348,0.31965,0.31476,0.31476,0.30987,0.30987,0.30987,0.31476,0.29472,0.28495,0.49022,0.84506,1.2204,1.3705,1.0904,0.6002,0.39492,0.31965,0.30987,0.29472,0.28006,0.27468,0.27468,0.26979,0.26491,0.27468,0.27468,0.27468,0.27468,0.28006,0.28983,0.28983,0.29472,0.3001,0.30499,0.30987,0.31476,0.32502,0.33969,0.34506,0.3651,0.38514,0.41007,0.43988,0.46481,0.49022,0.50489,0.50978,0.51515,0.49511,0.46481,0.43011,0.39492,0.3651,0.33969,0.31476,0.3001,0.28983,0.28006,0.27468,0.27468,0.27468,0.27468,0.28006,0.27468,0.28006,0.28495,0.28983,0.28495,0.3001,0.3001,0.3001,0.30987,0.30499,0.30499,0.30499,0.31476,0.31476,0.31965,0.31965,0.31965,0.31476,0.31965,0.32991,0.32502,0.31965,0.32991,0.3348,0.3348,0.32991,0.32502,0.33969,0.3348,0.32991,0.3348,0.3348,0.3348,0.33969,0.34506,0.34506,0.34506,0.34506,0.34506,0.34506,0.35484,0.36999,0.36999,0.37977,0.38514,0.39492,0.38514,0.38514,0.39003,0.37977,0.36999,0.3651,0.35973,0.34506,0.3348,0.33969,0.32991,0.3348,0.32502,0.31965,0.3001,0.28983,0.41007,0.77028,1.1554,1.4208,1.2605,0.78006,0.45992,0.35484,0.32502,0.31476,0.3001,0.28495,0.28006,0.28006,0.28006,0.27468,0.26979,0.3001,0.29472,0.3001,0.3001,0.3001,0.30987,0.31476,0.31476,0.31965,0.32502,0.3348,0.3348,0.34995,0.3651,0.41007,0.42473,0.44477,0.47507,0.49511,0.50978,0.52981,0.52981,0.50978,0.47996,0.44477,0.40469,0.36999,0.34995,0.3348,0.31965,0.3001,0.3001,0.28983,0.28495,0.28983,0.28495,0.28006,0.28495,0.28495,0.29472,0.3001,0.29472,0.3001,0.3001,0.30499,0.31476,0.31476,0.31476,0.31965,0.31965,0.32502,0.31965,0.31965,0.32991,0.3348,0.33969,0.3348,0.3348,0.33969,0.34506,0.33969,0.34506,0.34506,0.33969,0.34506,0.33969,0.34506,0.34506,0.33969,0.34506,0.34506,0.34995,0.34506,0.34506,0.34995,0.34995,0.34995,0.35484,0.35484,0.37977,0.39492,0.39492,0.39492,0.40469,0.39492,0.39003,0.39492,0.37977,0.36999,0.3651,0.35484,0.34995,0.34506,0.33969,0.3348,0.3348,0.32991,0.31965,0.30987,0.28983,0.37488,0.69501,1.0904,1.4154,1.4409,0.88514,0.50489,0.36999,0.32502,0.31476,0.30499,0.3001,0.27468,0.28006,0.28006,0.28006,0.28495,0.28983,0.28983,0.28983,0.3001,0.3001,0.30499,0.30987,0.31476,0.31965,0.31965,0.32502,0.34506,0.34995,0.36999,0.39492,0.41496,0.43988,0.45992,0.47996,0.50978,0.52981,0.52981,0.50978,0.48485,0.45503,0.41007,0.37977,0.34995,0.32502,0.30987,0.29472,0.28495,0.28006,0.28495,0.27468,0.28006,0.28495,0.28495,0.28495,0.28983,0.29472,0.3001,0.3001,0.29472,0.3001,0.3001,0.30499,0.30987,0.30499,0.31476,0.31965,0.31965,0.31965,0.31965,0.32502,0.32502,0.31965,0.31965,0.32502,0.32502,0.33969,0.34506,0.3348,0.3348,0.3348,0.33969,0.33969,0.33969,0.33969,0.32991,0.3348,0.33969,0.33969,0.34506,0.33969,0.34506,0.34506,0.33969,0.34506,0.3651,0.37488,0.38514,0.38514,0.38514,0.38514,0.39492,0.39492,0.37977,0.3651,0.35973,0.34506,0.3348,0.32991,0.31965,0.31965,0.30499,0.3348,0.32502,0.30987,0.29472,0.41984,0.75024,1.1354,1.4106,1.2605,0.78006,0.47019,0.35973,0.32991,0.31476,0.29472,0.3001,0.29472,0.3001,0.3001,0.29472,0.29472,0.28983,0.29472,0.29472,0.3001,0.30499,0.30987,0.30499,0.3001,0.32502,0.34506,0.34506,0.35484,0.3651,0.37977,0.39492,0.42473,0.45015,0.47019,0.49511,0.51515,0.52981,0.52493,0.50978,0.47996,0.45015,0.41984,0.39492,0.3651,0.34506,0.32502,0.31965,0.3001,0.3001,0.28983,0.28495,0.28983,0.28983,0.3001,0.28983,0.29472,0.31476,0.30987,0.30499,0.3001,0.31476,0.30987,0.30987,0.30987,0.31476,0.31965,0.31965,0.32502,0.32502,0.3348,0.33969,0.32991,0.34506,0.33969,0.3348,0.33969,0.34506,0.32991,0.31965,0.3348,0.35973,0.34995,0.35484,0.34506,0.34506,0.34995,0.34506,0.34506,0.34506,0.34506,0.33969,0.32991,0.34506,0.3651,0.36999,0.37488,0.39492,0.39492,0.39492,0.39492,0.3998,0.39492,0.39492,0.38514,0.36999,0.3651,0.35973,0.35973,0.35484,0.34506,0.33969,0.33969,0.34506,0.33969,0.32502,0.31476,0.30499,0.49511,0.8304,1.2107,1.3807,1.1105,0.60997,0.41007,0.33969,0.31965,0.31965,0.30499,0.29472,0.28983,0.29472,0.28006,0.28983,0.29472,0.29472,0.3001,0.29472,0.3001,0.31476,0.31476,0.31965,0.31965,0.32991,0.3348,0.34506,0.35973,0.36999,0.37977,0.3998,0.43011,0.44477,0.47507,0.49511,0.50978,0.52981,0.52493,0.50978,0.47507,0.43988,0.40469,0.37977,0.34995,0.32502,0.30499,0.30499,0.3001,0.29472,0.28495,0.28495,0.28006,0.28495,0.28495,0.28495,0.28983,0.29472,0.3001,0.31965,0.28983,0.3001,0.31476,0.30987,0.30499,0.30987,0.31476,0.31476,0.31476,0.31476,0.30987,0.30987,0.31965,0.30987,0.32502,0.3348,0.32502,0.32502,0.31965,0.32502,0.32991,0.32502,0.32502,0.3348,0.32502,0.32502,0.31965,0.32991,0.33969,0.34506,0.34506,0.34506,0.34506,0.35484,0.36999,0.37488,0.37488,0.37977,0.38514,0.39492,0.38514,0.37488,0.37977,0.36999,0.34995,0.34506,0.32502,0.32502,0.31965,0.31476,0.30987,0.30499,0.30499,0.29472,0.28983,0.41496,0.75513,1.1403,1.3807,1.2004,0.71505,0.43011,0.3348,0.30987,0.29472,0.28006,0.27468,0.28006,0.27468,0.28006,0.28006,0.28006,0.28495,0.28983,0.28983,0.28495,0.28983,0.29472,0.3001,0.30499,0.3001,0.32502,0.33969,0.34506,0.35973,0.36999,0.39492,0.41984,0.43988,0.46481,0.49511,0.50978,0.52004,0.51515,0.50489,0.47996,0.43988,0.41496,0.37977,0.34506,0.32502,0.31965,0.43988,0.46481,0.49022,0.50978,0.52004,0.51515,0.50978,0.47996,0.44477,0.39492,0.37488,0.34995,0.32991,0.30499,0.29472,0.28495,0.27468,0.27468,0.27468,0.27468,0.27468,0.27468,0.29472,0.3001,0.3001,0.3001,0.3001,0.3001,0.3001,0.30499,0.30499,0.30987,0.30987,0.31476,0.31476,0.31965,0.31476,0.32502,0.32502,0.31965,0.31965,0.32991,0.3348,0.32991,0.3348,0.3348,0.32502,0.32502,0.32991,0.3348,0.34506,0.34506,0.34506,0.34506,0.34506,0.34506,0.33969,0.33969,0.34506,0.34506,0.3651,0.36999,0.37488,0.39003,0.39003,0.37977,0.38514,0.39003,0.3651,0.34995,0.3348,0.3348,0.3348,0.32502,0.31965,0.32502,0.32502,0.31965,0.30987,0.28983,0.28495,0.48485,0.87537,1.2605,1.4257,1.1105,0.63001,0.41007,0.32991,0.31965,0.3001,0.27468,0.27468,0.27468,0.27468,0.26979,0.27468,0.26979,0.28006,0.28006,0.28495,0.28983,0.29472,0.3001,0.30499,0.3001,0.30987,0.32502,0.32991,0.34506,0.35973,0.37488,0.39492,0.42473,0.45015,0.47019,0.48485,0.50978,0.52493,0.51515,0.50489,0.47507,0.435,0.3998,0.3651,0.33969,0.31476,0.30499,0.29472,0.29472,0.28983,0.28983,0.30499,0.3001,0.29472,0.3001,0.3001,0.3001,0.3001,0.3001,0.30499,0.30499,0.30499,0.30499,0.30987,0.31476,0.31965,0.31965,0.32502,0.32502,0.32991,0.31965,0.32502,0.32991,0.34506,0.33969,0.3348,0.33969,0.33969,0.34506,0.34506,0.34506,0.34506,0.33969,0.3348,0.34506,0.3348,0.34995,0.35973,0.34506,0.34506,0.34506,0.35484,0.35973,0.36999,0.37977,0.39003,0.39492,0.3998,0.39492,0.39492,0.3998,0.38514,0.36999,0.35484,0.34995,0.33969,0.32991,0.32502,0.3348,0.33969,0.32991,0.31965,0.30987,0.30499,0.54985,0.92033,1.2708,1.3656,0.97556,0.52981,0.37977,0.32502,0.31965,0.30987,0.3001,0.29472,0.28983,0.28495,0.29472,0.29472,0.28983,0.28983,0.29472,0.3001,0.30987,0.30987,0.31476,0.30987,0.31965,0.3348,0.33969,0.34506,0.35484,0.36999,0.39492,0.41496,0.43988,0.45992,0.48485,0.50489,0.50978,0.51515,0.50978,0.49511,0.45992,0.42473,0.39492,0.36999,0.34506,0.32502,0.30499,0.3001,0.29472,0.28495,0.3001,0.3001,0.3001,0.3001,0.3001,0.3001,0.3001,0.30499,0.30499,0.30499,0.3001,0.3001,0.30987,0.31965,0.31965,0.31965,0.31965,0.32502,0.31965,0.32991,0.32502,0.32502,0.32502,0.32502,0.32502,0.32502,0.31965,0.33969,0.3348,0.3348,0.3348,0.32991,0.32991,0.3348,0.3348,0.33969,0.32502,0.32991,0.33969,0.34506,0.34506,0.34506,0.35973,0.37977,0.37488,0.37977,0.38514,0.39492,0.37977,0.38514,0.37488,0.35973,0.35973,0.34506,0.33969,0.32991,0.31965,0.32502,0.32991,0.32991,0.31965,0.30987,0.28983,0.37488,0.66031,1.0606,1.3656,1.3905,0.81036,0.45992,0.34995,0.32502,0.31476,0.3001,0.28006,0.27468,0.27468,0.26979,0.27468,0.27468,0.28006,0.28495,0.28495,0.29472,0.29472,0.29472,0.28983,0.30987,0.31965,0.32502,0.32991,0.33969,0.33969,0.35973,0.39003,0.41007,0.43988,0.45992,0.47996,0.5,0.50978,0.50489,0.52493,0.47996,0.44477,0.41007,0.37488,0.33969,0.31965,0.30499,0.28983,0.28495,0.28006,0.27468,0.27468,0.28006,0.28983,0.28983,0.28983,0.28495,0.28983,0.28983,0.29472,0.3001,0.29472,0.29472,0.3001,0.30987,0.30987,0.31476,0.30987,0.31476,0.31965,0.30987,0.31476,0.31965,0.32502,0.31965,0.31476,0.31965,0.32502,0.32991,0.32502,0.3348,0.32991,0.3348,0.3348,0.3348,0.33969,0.33969,0.33969,0.3348,0.3348,0.32502,0.3348,0.34506,0.34995,0.35973,0.36999,0.37977,0.38514,0.39492,0.38514,0.37488,0.37977,0.38514,0.34995,0.3651,0.36999,0.34995,0.33969,0.32991,0.32991,0.3348,0.32991,0.31965,0.31476,0.29472,0.28495,0.52493,0.90518,1.2805,1.4106,1.0806,0.59531,0.40469,0.34506,0.32502,0.30987,0.29472,0.28983,0.28006,0.27468,0.27468,0.27468,0.28006,0.27468,0.27468,0.28006,0.3001,0.3001,0.3001,0.30499,0.30987,0.31476,0.32502,0.3348,0.34506,0.35484,0.37488,0.39492,0.42473,0.45015,0.47996,0.5,0.51515,0.52004,0.50978,0.49511,0.45992,0.42473,0.39003,0.35973,0.32502,0.30987,0.29472,0.28495,0.28983,0.27468,0.28006,0.28006,0.28006,0.28983,0.28983,0.28983,0.29472,0.29472,0.29472,0.3001,0.3001,0.3001,0.3001,0.30987,0.31476,0.31965,0.31965,0.31965,0.32502,0.31965,0.31965,0.32502,0.32991,0.32502,0.32991,0.3348,0.3348,0.33969,0.33969,0.33969,0.33969,0.33969,0.33969,0.3348,0.32991,0.3348,0.34506,0.34506,0.35484,0.34506,0.34506,0.34506,0.34995,0.35973,0.37488,0.38514,0.39003,0.39492,0.3998,0.39003,0.37488,0.39003,0.39492,0.36999,0.36999,0.35973,0.34506,0.32502,0.32991,0.32502,0.32991,0.32502,0.31965,0.30499,0.29472,0.43011,0.78006,1.2107,1.4555,1.2507,0.73021,0.45015,0.34506,0.32502,0.31476,0.3001,0.28983,0.28495,0.27468,0.28006,0.28006,0.27468,0.27468,0.29472,0.3001,0.29472,0.3001,0.30499,0.30987,0.30987,0.31965,0.31965,0.32991,0.33969,0.35484,0.36999,0.37977,0.41496,0.45503,0.47996,0.5,0.51515,0.52493,0.52981,0.50489,0.47507,0.43988,0.40469,0.3651,0.33969,0.31965,0.30987,0.29472,0.28495,0.28495,0.28006,0.28495,0.28983,0.28006,0.28983,0.28495,0.28495,0.28983,0.29472,0.28983,0.29472,0.3001,0.30499,0.30987,0.31476,0.30499,0.31476,0.31965,0.31965,0.31965,0.31965,0.31965,0.31476,0.31965,0.32502,0.32991,0.32502,0.32991,0.32991,0.32991,0.3348,0.32991,0.3348,0.32991,0.3348,0.33969,0.32991,0.3348,0.3348,0.3348,0.32991,0.33969,0.32991,0.31965,0.34995,0.36999,0.37977,0.37977,0.39003,0.39492,0.38514,0.38514,0.37977,0.36999,0.35973,0.34995,0.34506,0.3348,0.32991,0.31965,0.32991,0.32502,0.31965,0.31965,0.30499,0.28983,0.46481,0.83529,1.2204,1.4208,1.1755,0.6652,0.41496,0.32991,0.31965,0.30987,0.29472,0.28983,0.28006,0.28006,0.27468,0.28495,0.28983,0.29472,0.28983,0.28983,0.29472,0.3001,0.3001,0.3001,0.31476,0.31965,0.32502,0.3348,0.3348,0.3651,0.38514,0.39492,0.42473,0.45015,0.47019,0.48485,0.50978,0.52004,0.52493,0.49511,0.47019,0.44477,0.40469,0.37488,0.33969,0.31965,0.30987,0.30499,0.3001,0.29472,0.28006,0.28983,0.3001,0.3001,0.3001,0.30499,0.3001,0.30499,0.30987,0.30987,0.30499,0.30987,0.31965,0.31965,0.31965,0.31965,0.32991,0.32502,0.32991,0.32502,0.32502,0.3348,0.32991,0.33969,0.3348,0.33969,0.33969,0.33969,0.33969,0.34506,0.33969,0.34995,0.34995,0.34506,0.34506,0.34506,0.33969,0.34506,0.34506,0.34995,0.34995,0.34506,0.34995,0.35484,0.3651,0.37488,0.39003,0.39492,0.39492,0.39492,0.3998,0.39003,0.39492,0.37488,0.35484,0.34506,0.34506,0.33969,0.3348,0.32502,0.32502,0.32502,0.32502,0.31965,0.3001,0.32502,0.51515,0.89052,1.2454,1.3705,1.0254,0.54985,0.37977,0.31965,0.30987,0.3001,0.28983,0.28006,0.28006,0.27468,0.27468,0.28006,0.28006,0.28983,0.28983,0.29472,0.3001,0.29472,0.3001,0.30499,0.30499,0.31965,0.32991,0.3348,0.34995,0.3651,0.37488,0.3998,0.42473,0.45015,0.47019,0.49022,0.50489,0.50978,0.50978,0.49511,0.45992,0.41984,0.39003,0.35973,0.33969,0.31965,0.30499,0.28983,0.28983,0.28006,0.28983,0.28983,0.28495,0.28006,0.29472,0.28983,0.28495,0.28983,0.3001,0.30499,0.3001,0.3001,0.30499,0.3001,0.31476,0.31476,0.31965,0.31965,0.31965,0.31965,0.31965,0.31476,0.31965,0.32502,0.32991,0.32502,0.32502,0.3348,0.33969,0.3348,0.3348,0.33969,0.32502,0.33969,0.33969,0.3348,0.33969,0.3348,0.3348,0.33969,0.34506,0.33969,0.32502,0.35484,0.36999,0.37488,0.37977,0.38514,0.39003,0.39003,0.38514,0.38514,0.36999,0.35484,0.34506,0.3348,0.32502,0.34506,0.31965,0.31965,0.32502,0.31965,0.31476,0.29472,0.28006,0.40469,0.73509,1.1153,1.3807,1.2307,0.73998,0.435,0.33969,0.31965,0.3001,0.29472,0.28006,0.27468,0.27468,0.27468,0.27468,0.27468,0.26979,0.27468,0.28495,0.28983,0.3001,0.3001,0.3001,0.30987,0.31965,0.31965,0.32502,0.3348,0.34506,0.37488,0.39492,0.41496,0.43988,0.47019,0.49022,0.50978,0.51515,0.52004,0.5,0.47019,0.43988,0.41007,0.37488,0.34506,0.32502,0.30499,0.3001,0.28495,0.28006,0.28006,0.28006,0.28495,0.27468,0.28983,0.3001,0.29472,0.3001,0.29472,0.29472,0.3001,0.3001,0.3001,0.30499,0.30987,0.31965,0.31965,0.30499,0.31965,0.32991,0.32502,0.32991,0.32991,0.32991,0.32502,0.32991,0.32991,0.32991,0.3348,0.33969,0.32991,0.34506,0.34506,0.34506,0.34506,0.34506,0.34506,0.34506,0.34506,0.34506,0.33969,0.34506,0.3348,0.33969,0.35484,0.3651,0.37977,0.38514,0.38514,0.39492,0.39003,0.38514,0.37977,0.38514,0.36999,0.35973,0.34995,0.34506,0.35484,0.3348,0.32991,0.32502,0.32991,0.31965,0.34506,0.33969,0.34506,0.33969,0.33969,0.34506,0.33969,0.34506,0.35484,0.37488,0.39003,0.39003,0.39492,0.39492,0.39003,0.39003,0.38514,0.36999,0.35484,0.34506,0.33969,0.32502,0.32991,0.32991,0.32991,0.32991,0.32991,0.31965,0.29472,0.28983,0.47507,0.84506,1.2307,1.4008,1.1457,0.65005,0.42473,0.33969,0.31965,0.30987,0.3001,0.28983,0.28006,0.27468,0.28006,0.27468,0.27468,0.28983,0.3001,0.3001,0.3001,0.30499,0.30987,0.30987,0.31965,0.31965,0.32502,0.3348,0.34506,0.35484,0.38514,0.3998,0.43011,0.45992,0.47996,0.50489,0.52004,0.52981,0.52493,0.50489,0.47019,0.435,0.41007,0.37488,0.34506,0.32502,0.30499,0.3001,0.29472,0.28495,0.28495,0.28006,0.27468,0.29472,0.3001,0.3001,0.3001,0.3001,0.3001,0.3001,0.30499,0.30499,0.30499,0.30987,0.28006,0.31965,0.32991,0.32991,0.32991,0.32991,0.32991,0.32991,0.3348,0.3348,0.3348,0.3348,0.33969,0.32991,0.33969,0.34995,0.34506,0.34506,0.33969,0.34506,0.33969,0.34506,0.34506,0.34506,0.34506,0.34995,0.34506,0.34506,0.34506,0.34995,0.34995,0.36999,0.37977,0.39003,0.39492,0.39492,0.39492,0.39492,0.39492,0.38514,0.3651,0.34995,0.35973,0.34995,0.33969,0.32991,0.3348,0.32991,0.32991,0.3348,0.31965,0.29472,0.31965,0.565,0.95552,1.3407,1.4409,1.0606,0.58993,0.40469,0.33969,0.32502,0.30499,0.29472,0.28983,0.28006,0.27468,0.26979,0.27468,0.28006,0.28495,0.28983,0.29472,0.29472,0.3001,0.3001,0.30499,0.31476,0.31965,0.32991,0.34506,0.35484,0.3651,0.38514,0.41007,0.42473,0.44477,0.47996,0.50978,0.52493,0.53519,0.52981,0.50489,0.47507,0.435,0.39003,0.35973,0.34506,0.33969,0.31965,0.3001,0.29472,0.29472,0.28983,0.28495,0.28983,0.29472,0.28983,0.29472,0.28983,0.3001,0.30499,0.30987,0.30499,0.30987,0.30987,0.31476,0.31476,0.30987,0.31476,0.31476,0.31476,0.31965,0.31965,0.32991,0.3348,0.32502,0.32991,0.32991,0.32991,0.33969,0.3348,0.33969,0.33969,0.34506,0.33969,0.34506,0.34506,0.34506,0.34506,0.34506,0.34995,0.34995,0.34506,0.34995,0.35973,0.35973,0.36999,0.38514,0.3998,0.39492,0.3998,0.40469,0.40469,0.41007,0.40469,0.39492,0.37977,0.37488,0.3651,0.34995,0.34506,0.33969,0.3348,0.3348,0.32991,0.3348,0.31965,0.3001,0.38514,0.70528,1.1105,1.4355,1.4609,0.88025,0.50489,0.36999,0.31965,0.31476,0.31965,0.3001,0.29472,0.28006,0.28495,0.28006,0.28006,0.28006,0.28495,0.29472,0.28495,0.28983,0.28495,0.31476,0.31965,0.31965,0.31965,0.3348,0.33969,0.34995,0.35973,0.39003,0.41007,0.435,0.45503,0.47996,0.50489,0.53519,0.54008,0.50978,0.48485,0.45992,0.41984,0.38514,0.35484,0.3348,0.31965,0.3001,0.28983,0.28983,0.28495,0.27468,0.28006,0.28006,0.3001,0.29472,0.3001,0.29472,0.29472,0.3001,0.3001,0.29472,0.3001,0.3001,0.30499,0.31965,0.32502,0.32991,0.32502,0.32991,0.31965,0.31965,0.32991,0.3348,0.32991,0.3348,0.3348,0.3348,0.34995,0.35484,0.34995,0.34995,0.34995,0.34995,0.34995,0.34506,0.34506,0.34995,0.34506,0.35484,0.35973,0.35484,0.35484,0.34506,0.34995,0.3651,0.37977,0.39492,0.39492,0.39492,0.40469,0.41496,0.40469,0.3998,0.39003,0.36999,0.3651,0.35484,0.34506,0.33969,0.32991,0.3348,0.33969,0.3348,0.32991,0.31476,0.3001,0.47507,0.83529,1.2004,1.4008,1.1354,0.64516,0.41007,0.32991,0.31476,0.3001,0.30499,0.29472,0.28983,0.28495,0.28983,0.28495,0.29472,0.28983,0.3001,0.3001,0.3001,0.31476,0.31965,0.30987,0.32502,0.31965,0.3348,0.33969,0.34995,0.3651,0.38514,0.39492,0.41984,0.45992,0.47507,0.49511,0.50978,0.52493,0.52981,0.50978,0.47996,0.44477,0.40469,0.36999,0.34506,0.33969,0.31965,0.31476,0.3001,0.29472,0.29472,0.29472,0.28495,0.29472,0.28983,0.28495,0.28983,0.3001,0.31476,0.30499,0.30987,0.31965,0.30987,0.31476,0.31476,0.31476,0.31965,0.31965,0.31476,0.30987,0.30499,0.34506,0.33969,0.33969,0.33969,0.33969,0.33969,0.3348,0.34506,0.33969,0.33969,0.33969,0.34506,0.33969,0.34506,0.34506,0.33969,0.34506,0.34506,0.34995,0.34506,0.34506,0.34506,0.34506,0.35484,0.36999,0.37488,0.38514,0.39003,0.39003,0.38514,0.39003,0.38514,0.37488,0.35484,0.34506,0.34506,0.32502,0.32502,0.31965,0.31965,0.31965,0.31476,0.30499,0.29472,0.28006,0.47996,0.84018,1.2356,1.3905,1.0806,0.58016,0.38514,0.31965,0.30987,0.3001,0.28495,0.27468,0.26979,0.26491,0.26979,0.26979,0.27468,0.27468,0.28006,0.28495,0.28983,0.29472,0.3001,0.3001,0.30499,0.30987,0.31965,0.31965,0.33969,0.34995,0.36999,0.3998,0.41984,0.43988,0.46481,0.48485,0.5,0.50978,0.50489,0.48485,0.45503,0.41984,0.39492,0.3651,0.3348,0.30987,0.3001,0.28006,0.27468,0.27468,0.27468,0.27468,0.27468,0.27468,0.27468,0.28006,0.28006,0.28983,0.3001,0.3001,0.3001,0.3001,0.3001,0.3001,0.30499,0.3001,0.3001,0.30499,0.31965,0.31476,0.30987,0.31965,0.31965,0.31965,0.31965,0.31965,0.31965,0.31476,0.30499,0.32502,0.32991,0.32991,0.32502,0.32991,0.32502,0.32991,0.32502,0.3348,0.32991,0.32502,0.32502,0.32502,0.32991,0.33969,0.34995,0.36999,0.37488,0.37488,0.37977,0.38514,0.37977,0.37488,0.37488,0.3651,0.34995,0.33969,0.32991,0.31965,0.32502,0.31965,0.31965,0.31965,0.31965,0.30987,0.28983,0.27468,0.45992,0.82014,1.2155,1.4208,1.1657,0.65494,0.40469,0.32502,0.31476,0.3001,0.28495,0.26979,0.26979,0.26979,0.26979,0.26979,0.27468,0.27468,0.27468,0.28006,0.27468,0.28495,0.28983,0.29472,0.3001,0.30499,0.31476,0.31965,0.3348,0.34506,0.3651,0.39003,0.41007,0.435,0.45992,0.47996,0.49511,0.50978,0.50978,0.49511,0.46481,0.43011,0.39492,0.3651,0.33969,0.30987,0.29472,0.28006,0.27468,0.27468,0.27468,0.26979,0.26979,0.27468,0.28495,0.27468,0.28983,0.28495,0.28983,0.28495,0.28983,0.29472,0.29472,0.3001,0.3001,0.3001,0.3001,0.30499,0.31476,0.31476,0.30987,0.30987,0.31476,0.31965,0.31965,0.31476,0.31476,0.32502,0.32502,0.31965,0.32991,0.32991,0.3348,0.32991,0.3348,0.32991,0.32991,0.32991,0.3348,0.32502,0.32991,0.3348,0.32991,0.3348,0.34506,0.3651,0.36999,0.36999,0.37977,0.37977,0.36999,0.36999,0.36999,0.35484,0.3651,0.34506,0.34506,0.32502,0.31965,0.31965,0.31965,0.31476,0.30987,0.30499,0.28006,0.27468,0.47019,0.85533,1.2454,1.4306,1.1505,0.65494,0.41007,0.32502,0.30499,0.29472,0.28495,0.27468,0.27468,0.26979,0.26979,0.26979,0.26979,0.26979,0.27468,0.27468,0.28006,0.28983,0.29472,0.3001,0.3001,0.30987,0.31965,0.31965,0.3348,0.34995,0.36999,0.39003,0.41496,0.44477,0.46481,0.49022,0.50489,0.50978,0.52004,0.49511,0.47019,0.43011,0.3998,0.3651,0.33969,0.31965,0.30499,0.28983,0.28983,0.28006,0.28006,0.28006,0.28006,0.28006,0.28495,0.28006,0.28983,0.29472,0.3001,0.3001,0.3001,0.3001,0.30499,0.30987,0.31476,0.31476,0.31965,0.31965,0.31965,0.31965,0.31965,0.31965,0.32991,0.32991,0.32991,0.32502,0.32991,0.3348,0.32991,0.3348,0.3348,0.3348,0.34506,0.33969,0.33969,0.3348,0.33969,0.32991,0.3348,0.34506,0.34506,0.33969,0.34506,0.33969,0.35973,0.37488,0.37977,0.39003,0.39003,0.39492,0.38514,0.38514,0.39492,0.37488,0.3651,0.34995,0.34506,0.3348,0.32502,0.32502,0.32502,0.32991,0.31476,0.31476,0.3001,0.28495,0.47507,0.85533,1.2654,1.4609,1.1804,0.67009,0.43011,0.3348,0.31476,0.3001,0.28495,0.27468,0.27468,0.28006,0.27468,0.28006,0.28495,0.28983,0.28983,0.29472,0.29472,0.3001,0.3001,0.30499,0.3001,0.30987,0.32502,0.3348,0.34506,0.35973,0.36999,0.39492,0.41496,0.44477,0.47019,0.49022,0.50978,0.52004,0.51515,0.5,0.47019,0.41984,0.45503,0.3651,0.3348,0.31965,0.3001,0.28495,0.27468,0.26979,0.26979,0.27468,0.28006,0.28006,0.28006,0.28983,0.28495,0.28983,0.28983,0.28983,0.3001,0.3001,0.29472,0.30499,0.30499,0.30987,0.31476,0.31476,0.30987,0.31965,0.31965,0.31965,0.31965,0.31965,0.32502,0.3348,0.33969,0.3348,0.33969,0.33969,0.33969,0.3348,0.33969,0.33969,0.33969,0.33969,0.34506,0.34506,0.34995,0.34995,0.34995,0.34506,0.34506,0.33969,0.34506,0.3651,0.37977,0.38514,0.39492,0.39492,0.39492,0.3998,0.39492,0.39492,0.38514,0.36999,0.35484,0.34506,0.3348,0.31965,0.32502,0.3348,0.33969,0.32991,0.31965,0.31476,0.30499,0.47019,0.8304,1.2155,1.4008,1.1305,0.6349,0.3998,0.3348,0.31965,0.30499,0.3001,0.28495,0.28006,0.28495,0.28495,0.28983,0.28006,0.28495,0.29472,0.29472,0.30499,0.3001,0.30499,0.3001,0.31476,0.31965,0.32502,0.3348,0.34506,0.3651,0.38514,0.40469,0.41496,0.45503,0.47019,0.49022,0.50489,0.51515,0.50978,0.5,0.47996,0.45015,0.41007,0.38514,0.34995,0.32991,0.31965,0.3001,0.29472,0.3001,0.29472,0.3001,0.29472,0.29472,0.3001,0.30499,0.30499,0.30987,0.30499,0.3001,0.3001,0.30499,0.30987,0.31965,0.31965,0.32502,0.31965,0.32991,0.3348,0.32502,0.31965,0.32991,0.3348,0.33969,0.34506,0.3348,0.32991,0.34506,0.34506,0.34506,0.34506,0.34995,0.35484,0.34506,0.34506,0.34995,0.34995,0.34506,0.35484,0.35973,0.34995,0.35484,0.35973,0.35973,0.36999,0.38514,0.39003,0.39492,0.39492,0.39492,0.39003,0.39492,0.39003,0.37488,0.36999,0.35484,0.34506,0.33969,0.32991,0.32502,0.31965,0.31965,0.31476,0.32991,0.3001,0.3651,0.63001,0.9956,1.3157,1.3607,0.85533,0.45992,0.34995,0.30987,0.30499,0.28983,0.3001,0.28495,0.27468,0.27468,0.27468,0.27468,0.28495,0.28006,0.28495,0.28495,0.3001,0.29472,0.30499,0.30987,0.31476,0.31965,0.32502,0.32991,0.34506,0.35973,0.37977,0.3998,0.43011,0.45503,0.47507,0.49511,0.50978,0.52493,0.50978,0.48485,0.45503,0.41984,0.38514,0.35973,0.32502,0.30987,0.3001,0.29472,0.27468,0.28006,0.29472,0.28983,0.28495,0.28495,0.28983,0.28983,0.29472,0.3001,0.3001,0.3001,0.30499,0.30987,0.31476,0.30499,0.31476,0.31476,0.31965,0.31476,0.31965,0.31476,0.30987,0.31965,0.32991,0.32991,0.32991,0.32502,0.3348,0.3348,0.3348,0.3348,0.3348,0.3348,0.3348,0.33969,0.3348,0.34506,0.33969,0.3348,0.32991,0.34506,0.33969,0.34506,0.34506,0.35484,0.36999,0.37977,0.38514,0.39003,0.39492,0.38514,0.38514,0.39003,0.3651,0.35484,0.34506,0.33969,0.32991,0.32502,0.32502,0.32502,0.31965,0.32502,0.31965,0.29472,0.28983,0.51515,0.89541,1.2757,1.4057,1.0655,0.58993,0.39003,0.32502,0.31965,0.30499,0.28983,0.28006,0.28495,0.28006,0.28495,0.28495,0.28006,0.28495,0.28983,0.29472,0.28983,0.30499,0.30499,0.30987,0.31476,0.31965,0.32991,0.33969,0.34506,0.35973,0.37977,0.3998,0.43011,0.45015,0.47996,0.5,0.52004,0.52981,0.51515,0.47996,0.50978,0.43988,0.39492,0.3651,0.33969,0.31965,0.30499,0.28983,0.28495,0.28983,0.28006,0.27468,0.28006,0.29472,0.28983,0.29472,0.3001,0.3001,0.30499,0.30499,0.30499,0.30499,0.30987,0.30499,0.30987,0.31965,0.31476,0.31965,0.30987,0.31965,0.31965,0.31965,0.31965,0.31965,0.32502,0.32502,0.32991,0.3348,0.3348,0.3348,0.33969,0.3348,0.3348,0.3348,0.33969,0.34506,0.33969,0.32991,0.34506,0.34506,0.34506,0.34506,0.34506,0.34506,0.35484,0.36999,0.38514,0.37977,0.39003,0.39492,0.38514,0.38514,0.39492,0.38514,0.36999,0.35973,0.34506,0.3348,0.32502,0.31965,0.32502,0.32502,0.32991,0.30987,0.28983,0.28006,0.41496,0.75024,1.1657,1.4409,1.2854,0.78006,0.47507,0.35973,0.31965,0.31476,0.3001,0.28495,0.27468,0.27468,0.28983,0.28495,0.28006,0.28495,0.28495,0.28495,0.29472,0.29472,0.3001,0.3001,0.3001,0.31476,0.32502,0.3348,0.34995,0.35973,0.37488,0.39492,0.41984,0.44477,0.47019,0.49511,0.50978,0.52493,0.52004,0.50978,0.49022,0.45992,0.41984,0.37977,0.35484,0.32991,0.30987,0.3001,0.28495,0.28006,0.27468,0.26979,0.28006,0.29472,0.28983,0.29472,0.3001,0.29472,0.3001,0.3001,0.3001,0.30499,0.3001,0.30499,0.30987,0.31476,0.30987,0.31965,0.32502,0.31965,0.31965,0.32502,0.32502,0.31965,0.31965,0.31965,0.31965,0.3348,0.32991,0.32991,0.3348,0.3348,0.3348,0.3348,0.3348,0.33969,0.34506,0.34506,0.33969,0.33969,0.34506,0.33969,0.34506,0.34506,0.3651,0.37977,0.39003,0.39003,0.39003,0.39492,0.38514,0.38514,0.36999,0.35973,0.34995,0.34506,0.33969,0.32502,0.31965,0.32502,0.32502,0.31965,0.31965,0.3001,0.28006,0.35484,0.6652,1.0704,1.4057,1.4457,0.91007,0.50978,0.36999,0.32502,0.30987,0.3001,0.28983,0.27468,0.27468,0.27468,0.27468,0.27468,0.27468,0.28006,0.3001,0.28983,0.29472,0.3001,0.29472,0.3001,0.30987,0.31476,0.31965,0.32991,0.34506,0.3651,0.37977,0.41007,0.43011,0.45503,0.47996,0.5,0.51515,0.52493,0.50978,0.48485,0.45992,0.41984,0.37488,0.35484,0.32991,0.30987,0.3001,0.28495,0.28006,0.28006,0.27468,0.28006,0.27468,0.27468,0.28006,0.29472,0.28983,0.29472,0.3001,0.3001,0.3001,0.30987,0.30499,0.31476,0.30987,0.31476,0.31965,0.31965,0.31965,0.32502,0.32991,0.32502,0.31965,0.32991,0.32991,0.32991,0.3348,0.33969,0.3348,0.33969,0.34506,0.33969,0.3348,0.33969,0.33969,0.34506,0.34995,0.33969,0.34506,0.34995,0.34506,0.34506,0.34506,0.34995,0.35484,0.36999,0.39492,0.39492,0.39492,0.31965,0.39492,0.39003,0.3998,0.39492,0.36999,0.3651,0.35973,0.34506,0.3348,0.32991,0.3348,0.32502,0.3348,0.32502,0.30987,0.3001,0.35484,0.63001,1.0152,1.3456,1.4008,0.90029,0.49511,0.35973,0.3348,0.31476,0.3001,0.29472,0.28495,0.28006,0.28006,0.28495,0.28983,0.28495,0.28983,0.29472,0.29472,0.3001,0.29472,0.30499,0.30987,0.32502,0.32991,0.33969,0.34506,0.3651,0.37488,0.39492,0.41496,0.435,0.45992,0.48485,0.50489,0.52493,0.53519,0.52981,0.50978,0.47996,0.43988,0.41007,0.38514,0.34995,0.33969,0.31476,0.30987,0.30499,0.3001,0.3001,0.30499,0.3001,0.30499,0.30987,0.30499,0.30499,0.30987,0.31965,0.31476,0.30987,0.31476,0.32502,0.32991,0.32502,0.31965,0.3348,0.33969,0.33969,0.3348,0.33969,0.34506,0.33969,0.33969,0.34506,0.34995,0.34506,0.34995,0.34995,0.34995,0.35484,0.34995,0.35973,0.34995,0.34995,0.35484,0.35973,0.3651,0.3651,0.35973,0.35973,0.35973,0.35973,0.36999,0.37977,0.39003,0.39492,0.3998,0.41007,0.40469,0.40469,0.39492,0.37977,0.36999,0.35973,0.34506,0.34506,0.34506,0.34506,0.3348,0.32991,0.32502,0.32991,0.31965,0.37488,0.63001,0.98045,1.3006,1.3558,0.86022,0.46481,0.35973,0.31965,0.31965,0.3001,0.3001,0.28983,0.28983,0.28495,0.27468,0.28495,0.28495,0.29472,0.29472,0.3001,0.3001,0.3001,0.30499,0.31965,0.31965,0.31965,0.32502,0.33969,0.34995,0.35973,0.38514,0.41007,0.435,0.45992,0.47507,0.5,0.50978,0.52004,0.50978,0.47996,0.44477,0.41007,0.39003,0.3651,0.34506,0.31965,0.30499,0.3001,0.28983,0.28006,0.28495,0.28983,0.28495,0.28006,0.3001,0.30499,0.3001,0.29472,0.30499,0.30987,0.3001,0.30499,0.30499,0.30499,0.30499,0.30987,0.32502,0.32502,0.31965,0.32991,0.32502,0.32502,0.31965,0.32991,0.32502,0.32991,0.32502,0.3348,0.3348,0.3348,0.3348,0.34506,0.34506,0.34506,0.34506,0.33969,0.3348,0.34506,0.34506,0.34506,0.34506,0.3651,0.37977,0.39003,0.39003,0.39492,0.39492,0.39492,0.39492,0.39492,0.37977,0.3651,0.34995,0.34506,0.33969,0.3348,0.32991,0.32991,0.32991,0.32991,0.31965,0.30499,0.3001,0.42473,0.76002,1.1256,1.3759,1.2004,0.71017,0.42473,0.33969,0.32502,0.31476,0.3001,0.28983,0.28495,0.28006,0.27468,0.27468,0.28495,0.28983,0.29472,0.3001,0.3001,0.3001,0.3001,0.30499,0.31965,0.31965,0.31965,0.3348,0.35484,0.36999,0.38514,0.3998,0.42473,0.45015,0.47019,0.49511,0.50978,0.52004,0.52493,0.50489,0.47996,0.44477,0.41007,0.37488,0.34506,0.32502,0.30987,0.30499,0.29472,0.28983,0.28495,0.28983,0.29472,0.28983,0.29472,0.3001,0.29472,0.3001,0.3001,0.3001,0.3001,0.30987,0.30499,0.30987,0.31965,0.31965,0.31965,0.32502,0.32991,0.3348,0.32502,0.32502,0.33969,0.32991,0.32991,0.32502,0.33969,0.34506,0.3348,0.34506,0.33969,0.33969,0.33969,0.34506,0.33969,0.34506,0.33969,0.34995,0.35484,0.34506,0.34506,0.34506,0.34995,0.35484,0.36999,0.38514,0.33969,0.3998,0.40469,0.3998,0.40469,0.3998,0.39492,0.37977,0.36999,0.3651,0.34506,0.33969,0.33969,0.33969,0.3348,0.33969,0.32991,0.31965,0.3001,0.32991,0.54008,0.93011,1.3006,1.4057,1.0254,0.565,0.38514,0.32991,0.31476,0.30987,0.28983,0.28006,0.28983,0.28983,0.28495,0.27468,0.28495,0.29472,0.29472,0.3001,0.3001,0.29472,0.30987,0.30987,0.30499,0.31965,0.32991,0.34506,0.35484,0.3651,0.37488,0.41007,0.435,0.45992,0.48485,0.5,0.51515,0.52493,0.51515,0.50489,0.47019,0.435,0.3998,0.36999,0.34506,0.31965,0.30987,0.29472,0.29472,0.28983,0.29472,0.29472,0.3001,0.28983,0.28495,0.28495,0.3001,0.30499,0.29472,0.30499,0.30987,0.30499,0.31476,0.31965,0.30499,0.31476,0.32502,0.32991,0.31965,0.32502,0.32502,0.32991,0.31965,0.32991,0.32991,0.3348,0.33969,0.34506,0.34506,0.34995,0.34506,0.34506,0.34995,0.34506,0.34506,0.34506,0.34506,0.3348,0.33969,0.34995,0.36999,0.35973,0.35484,0.3651,0.38514,0.38514,0.39003,0.3998,0.41007,0.39492,0.38514,0.40469,0.39003,0.37977,0.3651,0.34506,0.34506,0.33969,0.3348,0.32502,0.32991,0.3348,0.33969,0.31965,0.35484,0.30499,0.3001,0.30987,0.31476,0.31476,0.30987,0.31965,0.31965,0.31965,0.31965,0.32502,0.32502,0.32502,0.32502,0.32991,0.32991,0.3348,0.32991,0.32991,0.3348,0.3348,0.3348,0.3348,0.3348,0.3348,0.3348,0.33969,0.34506,0.33969,0.33969,0.34506,0.34995,0.36999,0.37488,0.37977,0.39003,0.38514,0.38514,0.38514,0.37488,0.3651,0.34995,0.34506,0.34506,0.32991,0.31965,0.31965,0.31965,0.31965,0.31965,0.31476,0.29472,0.28983,0.49511,0.88025,1.2605,1.3905,1.0704,0.59531,0.3998,0.3348,0.31965,0.3001,0.28983,0.28006,0.27468,0.28006,0.28006,0.28495,0.28006,0.28006,0.28495,0.29472,0.3001,0.3001,0.3001,0.30987,0.31476,0.31965,0.32502,0.3348,0.34506,0.3651,0.37977,0.40469,0.42473,0.45015,0.47507,0.49511,0.50978,0.51515,0.50978,0.48485,0.45015,0.41496,0.38514,0.35484,0.32502,0.30987,0.3001,0.28983,0.28495,0.28006,0.28006,0.27468,0.28495,0.28495,0.28495,0.28983,0.28983,0.29472,0.29472,0.3001,0.3001,0.30499,0.30499,0.30499,0.30987,0.31476,0.31476,0.31476,0.31965,0.31965,0.31965,0.31965,0.32991,0.32502,0.32502,0.32502,0.3348,0.33969,0.33969,0.32991,0.32991,0.32991,0.3348,0.3348,0.3348,0.3348,0.33969,0.33969,0.3348,0.33969,0.34506,0.34506,0.34995,0.3651,0.37977,0.39003,0.39003,0.39492,0.38514,0.38514,0.39003,0.37488,0.35484,0.34995,0.33969,0.32991,0.32502,0.31965,0.31965,0.31965,0.31965,0.31476,0.3001,0.28983,0.41007,0.76002,1.1657,1.4154,1.2307,0.72532,0.44477,0.34506,0.31965,0.30499,0.29472,0.28495,0.27468,0.27468,0.27468,0.27468,0.28006,0.28006,0.28495,0.28006,0.28983,0.28983,0.29472,0.3001,0.30987,0.31476,0.32502,0.32991,0.34506,0.35484,0.36999,0.39003,0.41496,0.45015,0.46481,0.49511,0.50978,0.51515,0.51515,0.49511,0.46481,0.43011,0.39492,0.35973,0.33969,0.31476,0.3001,0.28983,0.28495,0.28495,0.28006,0.28006,0.28495,0.28495,0.28495,0.28495,0.29472,0.29472,0.29472,0.28983,0.29472,0.3001,0.30499,0.30499,0.31965,0.31476,0.31476,0.31476,0.31965,0.31965,0.31965,0.31965,0.31965,0.31965,0.31965,0.31965,0.32991,0.32991,0.32991,0.32991,0.3348,0.3348,0.33969,0.33969,0.33969,0.3348,0.3348,0.33969,0.33969,0.33969,0.33969,0.33969,0.33969,0.34506,0.35484,0.37488,0.38514,0.39003,0.39492,0.39492,0.39003,0.39492,0.38514,0.3651,0.35973,0.35484,0.34506,0.3348,0.32991,0.3348,0.32991,0.32991,0.32991,0.31965,0.3001,0.32991,0.56989,0.95015,1.3358,1.4355,1.0606,0.58993,0.3998,0.32991,0.31965,0.30987,0.29472,0.28495,0.28006,0.28006,0.27468,0.28006,0.28006,0.28495,0.28495,0.28983,0.29472,0.28983,0.30499,0.30987,0.30987,0.31965,0.32991,0.33969,0.34506,0.35973,0.38514,0.40469,0.435,0.45992,0.47996,0.50489,0.51515,0.52493,0.50978,0.49022,0.45503,0.41984,0.38514,0.35484,0.32502,0.30987,0.3001,0.28983,0.28495,0.28495,0.28006,0.28006,0.28495,0.28006,0.28983,0.29472,0.3001,0.3001,0.3001,0.3001,0.30499,0.30499,0.30987,0.30987,0.30987,0.30987,0.31476,0.31476,0.31476,0.31965,0.31965,0.31965,0.31965,0.32502,0.32991,0.32991,0.32991,0.32991,0.32991,0.33969,0.34506,0.33969,0.3348,0.3348,0.3348,0.33969,0.34506,0.34506,0.34506,0.34506,0.33969,0.34506,0.34506,0.35484,0.37977,0.39003,0.39003,0.38514,0.39003,0.38514,0.38514,0.37977,0.3651,0.35484,0.34995,0.34506,0.32991,0.31965,0.31965,0.31965,0.31965,0.31965,0.31476,0.29472,0.28495,0.45015,0.82014,1.2307,1.4457,1.1906,0.68035,0.43011,0.3348,0.30987,0.3001,0.28495,0.27468,0.27468,0.26979,0.27468,0.26979,0.26979,0.26979,0.27468,0.27468,0.28495,0.28983,0.28495,0.3001,0.3001,0.30987,0.31965,0.32502,0.3348,0.35484,0.36999,0.39492,0.42473,0.45015,0.47507,0.5,0.51515,0.52004,0.50978,0.49511,0.47019,0.435,0.3998,0.36999,0.33969,0.31965,0.30499,0.29472,0.29472,0.28983,0.28495,0.28983,0.28495,0.28983,0.3001,0.29472,0.29472,0.3001,0.3001,0.30499,0.30987,0.30987,0.30987,0.31476,0.30987,0.31476,0.31476,0.31965,0.31965,0.31965,0.31965,0.31965,0.32991,0.32991,0.32502,0.32991,0.33969,0.34506,0.32991,0.3348,0.33969,0.3348,0.34506,0.34506,0.34506,0.34506,0.34506,0.34506,0.33969,0.34506,0.34506,0.33969,0.34506,0.35484,0.37488,0.39003,0.39492,0.39492,0.39492,0.39492,0.39492,0.39003,0.37488,0.3651,0.34995,0.34506,0.33969,0.3348,0.32991,0.3348,0.32502,0.32991,0.3348,0.30499,0.3001,0.54497,0.92522,1.2757,1.3856,0.9956,0.54985,0.37977,0.31965,0.31965,0.30987,0.3001,0.29472,0.28983,0.28006,0.28495,0.28983,0.28983,0.29472,0.29472,0.3001,0.30499,0.30987,0.30987,0.31965,0.31476,0.32502,0.32991,0.34506,0.35484,0.36999,0.39003,0.41007,0.43011,0.45503,0.47507,0.49022,0.50978,0.51515,0.50978,0.47996,0.45015,0.41496,0.38514,0.35484,0.32991,0.30499,0.3001,0.28983,0.28006,0.28495,0.27468,0.27468,0.28006,0.28495,0.28983,0.28495,0.29472,0.3001,0.29472,0.3001,0.3001,0.30499,0.30987,0.30987,0.30987,0.28006,0.31965,0.31965,0.31965,0.31965,0.31965,0.31965,0.31965,0.32991,0.32502,0.32991,0.32502,0.3348,0.3348,0.3348,0.3348,0.3348,0.3348,0.3348,0.3348,0.3348,0.33969,0.33969,0.3348,0.3348,0.33969,0.33969,0.33969,0.34506,0.35484,0.36999,0.37977,0.38514,0.38514,0.38514,0.37488,0.36999,0.37977,0.3651,0.35484,0.34995,0.34506,0.33969,0.32991,0.32991,0.31965,0.32502,0.32502,0.31965,0.3001,0.28983,0.45015,0.82502,1.2356,1.4355,1.1755,0.67498,0.43011,0.33969,0.31965,0.30499,0.29472,0.28495,0.28006,0.27468,0.27468,0.27468,0.27468,0.28495,0.28495,0.29472,0.28983,0.29472,0.3001,0.3001,0.30499,0.31965,0.31965,0.3348,0.34506,0.3651,0.37977,0.3998,0.42473,0.45015,0.47507,0.49511,0.50978,0.52493,0.52004,0.5,0.47019,0.435,0.3998,0.36999,0.34506,0.31965,0.30499,0.3001,0.28983,0.29472,0.28983,0.28983,0.29472,0.28983,0.29472,0.3001,0.29472,0.3001,0.3001,0.30499,0.30987,0.30987,0.30987,0.31476,0.31965,0.31476,0.31965,0.31965,0.31965,0.31965,0.31965,0.32502,0.3348,0.33969,0.33969,0.33969,0.33969,0.33969,0.34506,0.34506,0.34506,0.34506,0.34506,0.34506,0.34506,0.34506,0.34506,0.34506,0.34506,0.34506,0.34506,0.34506,0.35484,0.37488,0.39003,0.39003,0.39492,0.3998,0.3998,0.39492,0.39492,0.37488,0.36999,0.35973,0.35484,0.34506,0.33969,0.32991,0.32991,0.32502,0.32991,0.32502,0.31476,0.29472,0.39492,0.72532,1.1403,1.4409,1.4457,0.8304,0.49511,0.3651,0.3348,0.31965,0.30499,0.29472,0.28983,0.28495,0.28006,0.28495,0.28006,0.28495,0.28983,0.29472,0.29472,0.3001,0.30499,0.30987,0.31476,0.31965,0.32502,0.3348,0.34506,0.3651,0.37488,0.39492,0.42473,0.45015,0.47996,0.49511,0.51515,0.52981,0.53519,0.50978,0.48485,0.45015,0.41496,0.37977,0.34995,0.32991,0.31476,0.30499,0.29472,0.28495,0.28495,0.28495,0.28983,0.28983,0.29472,0.3001,0.3001,0.3001,0.3001,0.3001,0.30987,0.30987,0.30987,0.30987,0.31476,0.31476,0.31965,0.31965,0.32502,0.32991,0.32502,0.32991,0.32991,0.32991,0.3348,0.32991,0.3348,0.33969,0.33969,0.34506,0.34506,0.34506,0.34506,0.33969,0.33969,0.34506,0.34506,0.34506,0.34506,0.34506,0.34506,0.34506,0.34506,0.34995,0.35484,0.3651,0.38514,0.39492,0.39492,0.39492,0.39003,0.37977,0.37488,0.38514,0.37488,0.35973,0.35973,0.34506,0.33969,0.3348,0.32991,0.32991,0.32991,0.32991,0.31965,0.30499,0.28983,0.3998,0.73998,1.1603,1.4506,1.3104,0.82014,0.48485,0.35973,0.32991,0.31965,0.3001,0.28495,0.28006,0.28006,0.27468,0.27468,0.28006,0.28495,0.28006,0.28983,0.28983,0.3001,0.3001,0.3001,0.30987,0.31476,0.31965,0.32991,0.33969,0.35484,0.36999,0.39003,0.41007,0.435,0.46481,0.48485,0.50978,0.52004,0.51515,0.50489,0.47507,0.435,0.40469,0.36999,0.33969,0.31476,0.3001,0.28983,0.28006,0.28006,0.28495,0.28006,0.28495,0.28495,0.28495,0.28983,0.28983,0.29472,0.29472,0.3001,0.29472,0.3001,0.3001,0.30987,0.30987,0.30987,0.30987,0.31476,0.31476,0.31965,0.31965,0.32502,0.32502,0.32991,0.32502,0.3348,0.3348,0.3348,0.3348,0.33969,0.3348,0.33969,0.3348,0.33969,0.33969,0.33969,0.33969,0.3348,0.3348,0.33969,0.33969,0.34506,0.33969,0.34506,0.3651,0.37977,0.38514,0.39003,0.39492,0.39492,0.39003,0.39003,0.37977,0.36999,0.35484,0.34506,0.33969,0.32502,0.31965,0.31965,0.31965,0.31965,0.31965,0.30499,0.28006,0.35484,0.6652,1.0655,1.4106,1.4457,0.89541,0.50489,0.3651,0.31965,0.30499,0.28983,0.27468,0.26979,0.26491,0.26979,0.26979,0.27468,0.26979,0.27468,0.27468,0.28495,0.28495,0.28983,0.28983,0.29472,0.34506,0.34995,0.37977,0.39492,0.39003,0.39492,0.39003,0.39003,0.39003,0.36999,0.35973,0.34995,0.34506,0.32991,0.31965,0.31965,0.32502,0.32502,0.31965,0.31476,0.29472,0.32502,0.56012,0.94037,1.3157,1.4106,1.0254,0.565,0.38514,0.32991,0.31965,0.3001,0.28983,0.28006,0.27468,0.27468,0.28006,0.27468,0.28006,0.28495,0.28983,0.28983,0.29472,0.3001,0.3001,0.29472,0.30499,0.31965,0.32991,0.3348,0.34506,0.35484,0.38514,0.3998,0.42473,0.45503,0.47507,0.49022,0.50489,0.52004,0.52493,0.50978,0.46481,0.41496,0.38514,0.35484,0.32502,0.30987,0.3001,0.28495,0.28983,0.28006,0.27468,0.28006,0.27468,0.28006,0.28495,0.28495,0.27468,0.28983,0.3001,0.3001,0.3001,0.3001,0.3001,0.30499,0.30987,0.30987,0.30987,0.30987,0.30987,0.30987,0.30987,0.31965,0.31476,0.30987,0.31965,0.31965,0.31965,0.32502,0.32502,0.32502,0.3348,0.32991,0.32991,0.3348,0.32991,0.33969,0.33969,0.3348,0.33969,0.3348,0.34506,0.34995,0.3651,0.37977,0.39003,0.39003,0.39003,0.39003,0.38514,0.37977,0.36999,0.35973,0.35484,0.35484,0.34506,0.3348,0.32502,0.32502,0.32502,0.32502,0.31965,0.30499,0.28983,0.3998,0.73021,1.1403,1.4306,1.3006,0.82014,0.48485,0.35973,0.32991,0.31476,0.29472,0.28983,0.28006,0.27468,0.27468,0.27468,0.28006,0.28495,0.28983,0.28495,0.28983,0.3001,0.3001,0.30499,0.3001,0.31476,0.30987,0.32991,0.33969,0.34506,0.36999,0.39003,0.41496,0.44477,0.46481,0.48485,0.50978,0.51515,0.52493,0.50489,0.47507,0.43988,0.3998,0.36999,0.33969,0.31476,0.3001,0.28983,0.28983,0.28006,0.27468,0.27468,0.28495,0.28983,0.28495,0.28983,0.28983,0.29472,0.29472,0.3001,0.3001,0.3001,0.3001,0.30987,0.30987,0.31476,0.31476,0.31476,0.32502,0.32502,0.31965,0.31965,0.32502,0.32502,0.32991,0.32502,0.32502,0.32991,0.3348,0.33969,0.33969,0.3348,0.3348,0.32991,0.3348,0.32991,0.33969,0.34506,0.3348,0.33969,0.34506,0.34506,0.34995,0.35973,0.37977,0.38514,0.39003,0.39003,0.39492,0.39492,0.39003,0.37977,0.36999,0.3651,0.34995,0.3348,0.32502,0.32991,0.3001,0.32991,0.32502,0.31965,0.30987,0.29472,0.28495,0.52981,0.92522,1.3157,1.4506,1.1202,0.63001,0.41496,0.3348,0.31965,0.30499,0.28983,0.28983,0.28006,0.28495,0.28983,0.27468,0.28006,0.28006,0.28983,0.28983,0.29472,0.3001,0.3001,0.31476,0.30987,0.31965,0.32502,0.3348,0.34506,0.35484,0.37977,0.40469,0.42473,0.45015,0.47019,0.48485,0.50489,0.51515,0.50489,0.47996,0.45015,0.41496,0.37977,0.34506,0.31965,0.30987,0.3001,0.28495,0.27468,0.27468,0.27468,0.27468,0.28006,0.28006,0.28495,0.27468,0.3001,0.30499,0.3001,0.3001,0.3001,0.30499,0.30987,0.30987,0.30499,0.30987,0.31965,0.31965,0.31476,0.31476,0.32502,0.32991,0.32502,0.32991,0.32502,0.3348,0.32991,0.32991,0.3348,0.32991,0.34506,0.34506,0.33969,0.3348,0.34995,0.34506,0.34506,0.34506,0.34506,0.34506,0.33969,0.34506,0.35484,0.37488,0.39492,0.39492,0.39492,0.39492,0.39492,0.39492,0.39492,0.37977,0.36999,0.34995,0.3348,0.34506,0.3348,0.3348,0.32502,0.32991,0.32502,0.31965,0.30499,0.29472,0.45503,0.80499,1.1857,1.3905,1.1505,0.67009,0.42473,0.33969,0.31965,0.31476,0.30499,0.29472,0.28983,0.28495,0.28495,0.28006,0.28006,0.27468,0.29472,0.3001,0.30987,0.30987,0.30987,0.30987,0.31965,0.32502,0.32991,0.3348,0.34506,0.35973,0.39492,0.40469,0.42473,0.45015,0.47019,0.49511,0.50978,0.52493,0.52493,0.50489,0.47507,0.43988,0.40469,0.37488,0.35484,0.32502,0.30987,0.30499,0.3001,0.3001,0.29472,0.28983,0.29472,0.30499,0.3001,0.30499,0.3001,0.30499,0.30499,0.30499,0.30499,0.30987,0.30987,0.31476,0.31476,0.31965,0.30987,0.3001,0.33969,0.32991,0.32991,0.32991,0.32991,0.3348,0.33969,0.3348,0.33969,0.34506,0.34506,0.33969,0.35484,0.34995,0.35484,0.35484,0.34506,0.34506,0.34506,0.34506,0.34506,0.34506,0.35484,0.3651,0.37488,0.38514,0.39492,0.39492,0.39492,0.3998,0.39492,0.39492,0.38514,0.36999,0.35973,0.34995,0.32991,0.32991,0.33969,0.3348,0.32991,0.32502,0.31965,0.30499,0.28983,0.38514,0.69501,1.0855,1.3607,1.3656,0.75024,0.43988,0.3348,0.31965,0.30499,0.3001,0.28983,0.29472,0.28495,0.28006,0.27468,0.28006,0.28006,0.28983,0.28495,0.28983,0.3001,0.3001,0.30987,0.31476,0.31965,0.31965,0.3348,0.34506,0.34995,0.36999,0.39003,0.41496,0.43988,0.45992,0.48485,0.50978,0.52004,0.51515,0.49511,0.46481,0.435,0.3998,0.3651,0.33969,0.31476,0.3001,0.29472,0.28006,0.28495,0.28006,0.27468,0.28006,0.27468,0.28006,0.28006,0.28983,0.28983,0.29472,0.28983,0.28983,0.3001,0.29472,0.29472,0.30499,0.30987,0.31476,0.31476,0.30987,0.31476,0.31965,0.32502,0.31965,0.31965,0.31965,0.31965,0.32502,0.32991,0.32991,0.32991,0.31965,0.31476,0.3348,0.32991,0.3348,0.32991,0.32991,0.3348,0.3348,0.3348,0.33969,0.3348,0.33969,0.34995,0.36999,0.36999,0.36999,0.39003,0.39492,0.37977,0.38514,0.37488,0.35484,0.34995,0.33969,0.32991,0.31965,0.28006,0.31965,0.31476,0.31476,0.30499,0.29472,0.28495,0.33969,0.6002,0.99022,1.3358,1.4008,0.92522,0.51515,0.35973,0.31476,0.30499,0.3001,0.28495,0.27468,0.26979,0.26491,0.26979,0.26979,0.27468,0.27468,0.27468,0.28006,0.27468,0.28495,0.28495,0.30499,0.30499,0.30499,0.31965,0.32502,0.3348,0.34995,0.3651,0.39492,0.41496,0.44477,0.47019,0.49022,0.50489,0.50978,0.49511,0.47019,0.43988,0.3998,0.36999,0.3348,0.31965,0.3001,0.28495,0.27468,0.28006,0.27468,0.27468,0.27468,0.27468,0.27468,0.28006,0.28006,0.28495,0.28983,0.28495,0.28983,0.29472,0.28983,0.3001,0.30499,0.3001,0.30499,0.3001,0.30499,0.31476,0.30987,0.30987,0.30987,0.31476,0.31965,0.31965,0.32502,0.32502,0.31965,0.32502,0.32991,0.32991,0.32991,0.32502,0.31965,0.32502,0.32991,0.33969,0.33969,0.32991,0.3348,0.3348,0.34506,0.35484,0.36999,0.38514,0.38514,0.39003,0.39492,0.39492,0.39003,0.37977,0.3651,0.35484,0.34506,0.34506,0.32502,0.32502,0.31965,0.31965,0.31965,0.31965,0.30987,0.28983,0.28006,0.50489,0.89052,1.2605,1.4409,1.1105,0.63001,0.41007,0.33969,0.31965,0.30499,0.28983,0.28006,0.27468,0.27468,0.27468,0.26491,0.27468,0.29472,0.28983,0.28983,0.28983,0.28983,0.29472,0.30499,0.30499,0.31476,0.31965,0.32502,0.32502,0.35973,0.38514,0.40469,0.43011,0.45503,0.47507,0.49511,0.50978,0.52004,0.50978,0.48485,0.45503,0.43011,0.39003,0.35973,0.32991,0.30987,0.3001,0.28983,0.28495,0.27468,0.27468,0.26979,0.27468,0.28983,0.28495,0.28983,0.28983,0.29472,0.3001,0.3001,0.3001,0.3001,0.3001,0.30987,0.30987,0.30987,0.30987,0.31476,0.31476,0.31476,0.30987,0.31476,0.31965,0.30987,0.31965,0.32502,0.32991,0.32991,0.32502,0.32991,0.32991,0.32502,0.32991,0.32991,0.3348,0.32991,0.33969,0.3348,0.34506,0.34506,0.34506,0.34506,0.34506,0.35973,0.37488,0.37977,0.38514,0.37977,0.39492,0.38514,0.39003,0.38514,0.36999,0.35484,0.34506,0.33969,0.31965,0.31965,0.31965,0.31476,0.3001,0.31965,0.31476,0.28983,0.28006,0.53519,0.92033,1.2908,1.4057,1.0606,0.57527,0.38514,0.31476,0.3001,0.28006,0.3001,0.28495,0.28006,0.28006,0.27468,0.27468,0.27468,0.27468,0.28983,0.28983,0.3001,0.3001,0.30499,0.30987,0.31476,0.31965,0.32502,0.34506,0.35484,0.36999,0.39492,0.41496,0.43988,0.45992,0.47996,0.50489,0.51515,0.52493,0.50978,0.52004,0.47019,0.43011,0.3998,0.3651,0.33969,0.32502,0.31476,0.3001,0.29472,0.3001,0.29472,0.29472,0.3001,0.3001,0.30499,0.30499,0.30987,0.30499,0.30499,0.30499,0.30987,0.31476,0.31965,0.31965,0.31965,0.31965,0.32502,0.32991,0.32502,0.32991,0.32991,0.31965,0.32991,0.33969,0.34506,0.33969,0.34506,0.34506,0.34506,0.34506,0.34506,0.34995,0.34506,0.34506,0.35484,0.34995,0.34995,0.34995,0.35484,0.34995,0.35484,0.35973,0.3651,0.37977,0.3998,0.3998,0.39492,0.3998,0.40469,0.39492,0.41496,0.40469,0.39492,0.37488,0.3651,0.34995,0.34506,0.34506,0.33969,0.34506,0.32991,0.3348,0.31965,0.31965,0.39003,0.6652,1.0303,1.3504,1.3856,0.84018,0.45992,0.35973,0.3348,0.31965,0.31965,0.30499,0.29472,0.29472,0.28495,0.28495,0.29472,0.29472,0.29472,0.29472,0.29472,0.30987,0.31965,0.31476,0.31965,0.32991,0.33969,0.34506,0.34995,0.35973,0.37488,0.39492,0.41984,0.44477,0.47019,0.49022,0.50978,0.52493,0.52493,0.50978,0.47996,0.45015,0.41496,0.37977,0.35484,0.32991,0.31965,0.30499,0.3001,0.29472,0.29472,0.29472,0.28983,0.3001,0.28495,0.30499,0.31476,0.3001,0.3001,0.3001,0.30499,0.30499,0.30499,0.30987,0.30987,0.31965,0.31476,0.31965,0.31965,0.31965,0.32991,0.32991,0.3348,0.3348,0.3348,0.3348,0.3348,0.33969,0.33969,0.3348,0.3348,0.33969,0.33969,0.34506,0.33969,0.33969,0.34506,0.33969,0.34506,0.33969,0.3348,0.32991,0.33969,0.34506,0.36999,0.39492,0.39492,0.39492,0.39492,0.38514,0.37977,0.37977,0.36999,0.35973,0.34995,0.34506,0.3348,0.32502,0.31965,0.31965,0.31965,0.31965,0.30499,0.30499,0.28983,0.41496,0.75513,1.1505,1.4106,1.2405,0.73021,0.44477,0.34506,0.31965,0.30499,0.3001,0.28495,0.27468,0.27468,0.28006,0.27468,0.28006,0.28495,0.28495,0.28495,0.28983,0.29472,0.3001,0.3001,0.30499,0.30987,0.30499,0.33969,0.34506,0.35973,0.36999,0.38514,0.41496,0.43988,0.46481,0.49022,0.50978,0.52493,0.51515,0.5,0.47019,0.435,0.3998,0.37488,0.34506,0.31965,0.30987,0.3001,0.29472,0.28495,0.28006,0.28006,0.27468,0.27468,0.28006,0.28006,0.28983,0.29472,0.29472,0.3001,0.3001,0.3001,0.3001,0.30987,0.30499,0.30987,0.31476,0.31476,0.31476,0.31476,0.31476,0.31965,0.32502,0.31965,0.31965,0.31965,0.32502,0.32991,0.32991,0.32991,0.32991,0.3348,0.32991,0.32991,0.32991,0.34506,0.34506,0.33969,0.34506,0.33969,0.33969,0.33969,0.34506,0.34506,0.35973,0.37488,0.37977,0.38514,0.39492,0.39492,0.39003,0.38514,0.36999,0.35484,0.34995,0.34506,0.33969,0.32502,0.31965,0.31965,0.31965,0.31965,0.31476,0.3001,0.28006,0.34506,0.64516,1.0455,1.3856,1.4355,0.90518,0.50489,0.36999,0.32502,0.31476,0.29472,0.28983,0.28006,0.27468,0.27468,0.28006,0.28006,0.28006,0.28983,0.28983,0.28983,0.3001,0.3001,0.3001,0.30987,0.31965,0.31965,0.32502,0.3348,0.35484,0.36999,0.39003,0.41984,0.43988,0.46481,0.48485,0.50489,0.52493,0.52981,0.50978,0.47996,0.44477,0.41007,0.37488,0.34506,0.32502,0.31965,0.29472,0.28983,0.29472,0.28006,0.28006,0.28006,0.28006,0.28495,0.28495,0.29472,0.28983,0.29472,0.29472,0.3001,0.3001,0.3001,0.3001,0.30987,0.31476,0.30987,0.31476,0.31965,0.31965,0.31476,0.31965,0.31965,0.31965,0.32502,0.32502,0.32991,0.3348,0.32991,0.3348,0.3348,0.33969,0.3348,0.3348,0.3348,0.3348,0.3348,0.33969,0.34506,0.34506,0.34506,0.33969,0.33969,0.33969,0.34995,0.36999,0.38514,0.38514,0.39003,0.39492,0.39492,0.39003,0.39492,0.36999,0.3651,0.34995,0.34506,0.32991,0.32502,0.32991,0.32991,0.32991,0.31965,0.31476,0.29472,0.28006,0.47507,0.8651,1.2757,1.4658,1.1804,0.6652,0.43011,0.3348,0.31965,0.30987,0.29472,0.28006,0.28006,0.27468,0.28006,0.28006,0.28006,0.28495,0.28983,0.29472,0.28983,0.3001,0.30987,0.30987,0.31476,0.31965,0.32991,0.33969,0.34506,0.3651,0.37977,0.3998,0.43011,0.45503,0.47996,0.50489,0.52493,0.52981,0.52004,0.5,0.45992,0.43011,0.39492,0.3651,0.33969,0.31476,0.29472,0.28006,0.28983,0.28495,0.28006,0.27468,0.28006,0.28006,0.28495,0.28495,0.28495,0.28983,0.28495,0.28983,0.29472,0.3001,0.3001,0.30499,0.30499,0.30987,0.31965,0.31476,0.31476,0.31965,0.31965,0.31965,0.31965,0.31965,0.31965,0.31965,0.31476,0.30987,0.3348,0.32991,0.32502,0.32991,0.32991,0.32991,0.32991,0.32502,0.3348,0.32991,0.3348,0.32502,0.32991,0.33969,0.33969,0.33969,0.34506,0.35973,0.37488,0.37488,0.38514,0.39003,0.38514,0.38514,0.38514,0.36999,0.35973,0.34506,0.33969,0.32991,0.32991,0.32502,0.31965,0.31965,0.32502,0.31965,0.3001,0.28495,0.41984,0.77028,1.1755,1.4409,1.2654,0.75513,0.45992,0.34995,0.3348,0.31476,0.29472,0.28983,0.28006,0.28006,0.28495,0.28006,0.28495,0.28006,0.28495,0.28983,0.29472,0.3001,0.30987,0.30987,0.30987,0.31965,0.3348,0.3348,0.33969,0.3651,0.37977,0.3998,0.42473,0.45015,0.46481,0.49022,0.50978,0.52493,0.52981,0.50978,0.47507,0.43988,0.40469,0.37488,0.34995,0.32991,0.31965,0.30499,0.3001,0.29472,0.28983,0.28495,0.3001,0.3001,0.3001,0.3001,0.3001,0.3001,0.30499,0.30499,0.30987,0.30499,0.30987,0.31476,0.30987,0.31476,0.32502,0.3348,0.32991,0.32502,0.3348,0.3348,0.32991,0.3348,0.33969,0.33969,0.3348,0.33969,0.3348,0.34995,0.34995,0.34506,0.34506,0.34506,0.34506,0.34506,0.34506,0.34506,0.34506,0.34506,0.34506,0.34506,0.34995,0.34995,0.35484,0.36999,0.37977,0.39003,0.39492,0.40469,0.3998,0.39492,0.3998,0.39492,0.37488,0.36999,0.34995,0.34506,0.33969,0.3348,0.33969,0.3348,0.32502,0.32991,0.3348,0.31965,0.41984,0.73998,1.1202,1.3856,1.2253,0.73509,0.435,0.35484,0.33969,0.32502,0.30499,0.3001,0.30499,0.3001,0.3001,0.29472,0.29472,0.3001,0.3001,0.3001,0.30987,0.31476,0.30987,0.32502,0.32502,0.32502,0.3348,0.34506,0.35973,0.36999,0.39003,0.40469,0.42473,0.45503,0.47507,0.49511,0.50978,0.52004,0.52981,0.51515,0.48485,0.45015,0.41496,0.39003,0.35484,0.3348,0.30987,0.30987,0.29472,0.28983,0.28495,0.28983,0.28983,0.28495,0.28983,0.29472,0.3001,0.3001,0.3001,0.3001,0.30499,0.30499,0.30499,0.30499,0.3001,0.31476,0.30987,0.31965,0.31965,0.31965,0.31476,0.31965,0.31965,0.31965,0.31965,0.31965,0.32502,0.31965,0.32502,0.32502,0.32991,0.32991,0.32991,0.32502,0.34506,0.34506,0.3348,0.3348,0.3348,0.3348,0.3348,0.32991,0.31965,0.33969,0.3651,0.36999,0.37488,0.37977,0.39003,0.39003,0.38514,0.38514,0.36999,0.35973,0.34506,0.34506,0.32502,0.31965,0.31476,0.31476,0.31476,0.31965,0.30987,0.30987,0.28983,0.35484,0.62512,1.0254,1.3656,1.4154,0.88514,0.49022,0.35484,0.31965,0.30499,0.28983,0.28006,0.28006,0.27468,0.27468,0.27468,0.27468,0.27468,0.27468,0.28006,0.28983,0.28983,0.29472,0.3001,0.30499,0.30987,0.31965,0.32991,0.33969,0.34506,0.3651,0.37977,0.40469,0.43011,0.45503,0.47507,0.49511,0.50978,0.50978,0.49511,0.47019,0.43988,0.41007,0.37488,0.34506,0.31965,0.3001,0.28983,0.28006,0.27468,0.27468,0.27468,0.27468,0.27468,0.27468,0.28006,0.28495,0.28983,0.28495,0.28495,0.28006,0.29472,0.3001,0.3001,0.30499,0.30987,0.30499,0.30987,0.30987,0.30987,0.31476,0.31965,0.31965,0.31965,0.30499,0.31965,0.32502,0.31965,0.31965,0.31965,0.32502,0.32502,0.32502,0.32991,0.32991,0.32991,0.32502,0.32502,0.32991,0.32991,0.33969,0.32991,0.3348,0.33969,0.35484,0.36999,0.37977,0.38514,0.38514,0.39492,0.39492,0.39003,0.38514,0.3651,0.34995,0.34995,0.34506,0.3348,0.31965,0.31476,0.31965,0.31476,0.31965,0.31476,0.29472,0.28006,0.45015,0.82502,1.2307,1.4409,1.1906,0.69501,0.43011,0.3348,0.31965,0.3001,0.28983,0.28495,0.27468,0.27468,0.28006,0.27468,0.28006,0.28006,0.27468,0.28006,0.29472,0.29472,0.29472,0.30499,0.30499,0.31476,0.32502,0.3348,0.34506,0.35484,0.36999,0.39492,0.41984,0.45015,0.47996,0.49022,0.51515,0.52493,0.50978,0.49511,0.46481,0.42473,0.39003,0.35973,0.32991,0.30499,0.28983,0.28495,0.27468,0.26979,0.27468,0.26491,0.26491,0.26979,0.27468,0.27468,0.28006,0.28983,0.28983,0.28006,0.3001,0.3001,0.3001,0.3001,0.3001,0.30499,0.30987,0.30987,0.31965,0.31476,0.31476,0.31476,0.31965,0.31965,0.31965,0.31965,0.31965,0.32502,0.31965,0.32991,0.32502,0.33969,0.32991,0.32991,0.32991,0.3348,0.3348,0.3348,0.3348,0.32991,0.32991,0.3348,0.33969,0.34506,0.35484,0.36999,0.37977,0.38514,0.39492,0.39492,0.39003,0.38514,0.39003,0.36999,0.35973,0.35484,0.34506,0.3348,0.31965,0.31965,0.31965,0.31965,0.31965,0.31476,0.29472,0.28495,0.52004,0.92033,1.3255,1.4457,1.0953,0.60997,0.41007,0.32991,0.31965,0.30987,0.29472,0.28983,0.28006,0.27468,0.27468,0.28495,0.28495,0.29472,0.29472,0.28983,0.3001,0.3001,0.30499,0.30987,0.30987,0.31965,0.32991,0.33969,0.34995,0.3651,0.38514,0.41007,0.435,0.46481,0.48485,0.50978,0.52493,0.53519,0.52493,0.5,0.47019,0.42473,0.38514,0.34995,0.32991,0.30987,0.29472,0.28495,0.27468,0.27468,0.28006,0.27468,0.27468,0.27468,0.27468,0.27468,0.28495,0.28495,0.28495,0.3001,0.29472,0.3001,0.3001,0.3001,0.30499,0.30987,0.30987,0.30987,0.31476,0.31476,0.31965,0.32991,0.32991,0.32991,0.32502,0.32502,0.32991,0.3348,0.32991,0.32991,0.33969,0.33969,0.3348,0.3348,0.3348,0.3348,0.33969,0.3348,0.33969,0.33969,0.33969,0.33969,0.33969,0.33969,0.35484,0.37488,0.37977,0.38514,0.39003,0.39492,0.39003,0.38514,0.37488,0.3651,0.35484,0.34506,0.34506,0.3348,0.32991,0.32502,0.32502,0.32502,0.31965,0.31476,0.28983,0.28006,0.51515,0.90518,1.3104,1.4609,1.1457,0.64516,0.41984,0.33969,0.32502,0.30987,0.29472,0.28983,0.28495,0.28006,0.28006,0.28006,0.28495,0.28983,0.28495,0.3001,0.3001,0.3001,0.30987,0.30987,0.31476,0.31965,0.32991,0.33969,0.35484,0.36999,0.39003,0.41496,0.435,0.45992,0.49022,0.50978,0.52493,0.52981,0.52004,0.49511,0.46481,0.42473,0.39003,0.35484,0.32502,0.30987,0.3001,0.28983,0.28006,0.27468,0.27468,0.27468,0.27468,0.27468,0.28983,0.29472,0.28983,0.28983,0.28495,0.28006,0.28983,0.28983,0.29472,0.3001,0.29472,0.3001,0.30987,0.31476,0.31965,0.31965,0.31965,0.31965,0.32502,0.32502,0.3348,0.32502,0.32502,0.3348,0.33969,0.3348,0.33969,0.33969,0.3348,0.34506,0.34506,0.34506,0.34506,0.34506,0.33969,0.34506,0.33969,0.34506,0.34995,0.35484,0.3651,0.39003,0.39492,0.39492,0.39492,0.3998,0.39492,0.3998,0.3998,0.39003,0.37488,0.35973,0.34995,0.33969,0.32991,0.32991,0.3348,0.3348,0.3348,0.32991,0.31476,0.3001,0.44477,0.80499,1.1906,1.4306,1.2155,0.71994,0.43988,0.34995,0.32991,0.31476,0.30499,0.29472,0.29472,0.3001,0.29472,0.3001,0.3001,0.29472,0.3001,0.30499,0.30499,0.30987,0.31476,0.31965,0.31965,0.3348,0.34506,0.34506,0.35484,0.36999,0.39003,0.41007,0.435,0.45992,0.48485,0.50489,0.52004,0.53519,0.52981,0.50978,0.48485,0.45015,0.41007,0.38514,0.35973,0.33969,0.32502,0.31965,0.30499,0.3001,0.30499,0.3001,0.3001,0.3001,0.3001,0.30987,0.30987,0.30987,0.30499,0.30987,0.31965,0.31965,0.31965,0.32502,0.32502,0.32991,0.3348,0.32991,0.33969,0.33969,0.34506,0.33969,0.34995,0.34506,0.34506,0.34506,0.34506,0.34995,0.35484,0.34995,0.35484,0.34995,0.35484,0.35484,0.35973,0.35484,0.35484,0.35973,0.35973,0.35484,0.35973,0.3651,0.35973,0.3651,0.36999,0.39492,0.39492,0.3998,0.3998,0.40469,0.3998,0.3998,0.39492,0.37488,0.36999,0.35484,0.34506,0.34506,0.3348,0.3348,0.3348,0.33969,0.32991,0.32502,0.3001,0.35484,0.61486,1.0005,1.3456,1.4057,0.90518,0.49022,0.3651,0.32502,0.31965,0.30987,0.3001,0.28983,0.28495,0.28495,0.28006,0.28006,0.28983,0.28983,0.29472,0.28983,0.29472,0.3001,0.30499,0.31476,0.31965,0.31965,0.32991,0.3348,0.35484,0.3651,0.39003,0.41007,0.435,0.45992,0.48485,0.50489,0.51515,0.52004,0.50978,0.47996,0.45015,0.41496,0.38514,0.34995,0.32502,0.30499,0.29472,0.28495,0.28006,0.27468,0.27468,0.28006,0.28006,0.28006,0.28495,0.28495,0.28495,0.29472,0.3001,0.3001,0.3001,0.3001,0.30499,0.30987,0.30987,0.31476,0.31476,0.31965,0.31965,0.31965,0.31965,0.31965,0.32502,0.32502,0.31965,0.32502,0.31965,0.32991,0.3348,0.33969,0.33969,0.3348,0.3348,0.33969,0.33969,0.34506,0.33969,0.33969,0.33969,0.33969,0.33969,0.34506,0.34506,0.3651,0.37488,0.38514,0.39003,0.39492,0.39003,0.38514,0.38514,0.37488,0.3651,0.35484,0.34995,0.33969,0.32991,0.31965,0.31965,0.32991,0.32502,0.32502,0.31476,0.29472,0.3348,0.59531,1.0054,1.3656,1.4409,0.97019,0.54497,0.37977,0.3348,0.31965,0.3001,0.3001,0.28495,0.28495,0.28495,0.28006,0.28495,0.28983,0.28983,0.28983,0.29472,0.3001,0.30499,0.30987,0.31476,0.31965,0.32991,0.32991,0.33969,0.34995,0.36999,0.39003,0.40469,0.435,0.45992,0.48485,0.50489,0.51515,0.52493,0.50978,0.48485,0.45503,0.41496,0.38514,0.34506,0.32502,0.30499,0.28983,0.28495,0.28006,0.27468,0.27468,0.27468,0.28006,0.28006,0.28495,0.28495,0.28983,0.28983,0.29472,0.29472,0.3001,0.3001,0.3001,0.3001,0.30987,0.31965,0.31965,0.31965,0.31476,0.31965,0.31965,0.31965,0.31965,0.32502,0.32991,0.32991,0.32991,0.3348,0.33969,0.33969,0.33969,0.33969,0.33969,0.33969,0.33969,0.34506,0.34506,0.34506,0.34506,0.34506,0.34506,0.34506,0.34506,0.35973,0.37488,0.38514,0.39003,0.39492,0.39492,0.39492,0.39492,0.39492,0.37977,0.36999,0.35973,0.34995,0.33969,0.32991,0.32502,0.32991,0.3348,0.32991,0.31965,0.30499,0.3001,0.49511,0.87537,1.2757,1.4609,1.1906,0.67498,0.42473,0.34506,0.32502,0.30987,0.3001,0.28983,0.28495,0.28006,0.28006,0.28006,0.28495,0.28983,0.28983,0.3001,0.3001,0.3001,0.3001,0.30987,0.31476,0.31965,0.32502,0.33969,0.34506,0.35973,0.37977,0.3998,0.43011,0.45503,0.47996,0.5,0.52004,0.53519,0.52493,0.50489,0.47019,0.435,0.39492,0.3651,0.33969,0.31476,0.3001,0.28495,0.28006,0.28006,0.27468,0.28006,0.28495,0.28006,0.28495,0.28495,0.28495,0.29472,0.28983,0.29472,0.3001,0.3001,0.30499,0.30499,0.30987,0.30987,0.31476,0.30987,0.31476,0.31965,0.31965,0.31965,0.31965,0.31965,0.31965,0.31965,0.32502,0.32991,0.3348,0.3348,0.32991,0.32991,0.3348,0.34506,0.33969,0.33969,0.33969,0.3348,0.33969,0.33969,0.33969,0.33969,0.34506,0.35484,0.36999,0.39003,0.39492,0.39492,0.39492,0.39003,0.39003,0.39003,0.37488,0.35484,0.35973,0.34506,0.3348,0.32991,0.31965,0.31965,0.31965,0.31965,0.31965,0.3001,0.28495,0.41007,0.75513,1.1804,1.4609,1.3055,0.79032,0.47019,0.35484,0.31965,0.30987,0.29472,0.28006,0.27468,0.27468,0.26979,0.27468,0.27468,0.27468,0.28983,0.29472,0.29472,0.3001,0.3001,0.3001,0.31476,0.31476,0.31965,0.32991,0.33969,0.34995,0.36999,0.39492,0.41984,0.44477,0.47019,0.49022,0.50978,0.52004,0.52493,0.50489,0.47507,0.435,0.40469,0.36999,0.33969,0.30987,0.29472,0.28006,0.27468,0.27468,0.26979,0.26979,0.27468,0.27468,0.27468,0.27468,0.27468,0.28006,0.28495,0.28983,0.29472,0.29472,0.28983,0.3001,0.3001,0.3001,0.30499,0.30499,0.31476,0.30987,0.30987,0.30987,0.31476,0.31965,0.32502,0.31965,0.31965,0.32502,0.32502,0.31965,0.32991,0.32502,0.32502,0.32991,0.32502,0.32991,0.32991,0.32991,0.32991,0.3348,0.3348,0.33969,0.34506,0.34506,0.34506,0.3651,0.37488,0.38514,0.39003,0.39492,0.39492,0.39492,0.39492,0.37977,0.36999,0.35973,0.35484,0.33969,0.32991,0.32991,0.32502,0.32991,0.32502,0.31965,0.30987,0.28983,0.40469,0.74536,1.1505,1.4257,1.2805,0.77028,0.45503,0.34995,0.32502,0.31476,0.3001,0.28983,0.28495,0.28006,0.27468,0.28983,0.28983,0.3001,0.3001,0.29472,0.30499,0.30987,0.30499,0.31476,0.31965,0.32502,0.32502,0.33969,0.34995,0.3651,0.38514,0.40469,0.42473,0.45015,0.47507,0.49511,0.51515,0.52493,0.52004,0.50978,0.47996,0.45015,0.41496,0.38514,0.35484,0.32991,0.31476,0.30499,0.3001,0.29472,0.28983,0.28495,0.28495,0.28983,0.3001,0.30499,0.3001,0.3001,0.30499,0.3001,0.3001,0.30499,0.30499,0.30499,0.31965,0.31476,0.31476,0.31965,0.32502,0.32502,0.32991,0.31965,0.32502,0.32991,0.32502,0.3348,0.3348,0.34506,0.34506,0.34506,0.34506,0.34506,0.34506,0.34506,0.34506,0.34995,0.34995,0.34506,0.34506,0.34506,0.34506,0.34506,0.34506,0.35484,0.36999,0.39003,0.39003,0.39492,0.3998,0.40469,0.3998,0.39492,0.39003,0.36999,0.36999,0.35484,0.34506,0.33969,0.3348,0.32991,0.3348,0.33969,0.32991,0.31476,0.3001,0.36999,0.64516,1.0303,1.3504,1.3959,0.84506,0.47507,0.35484,0.31965,0.31476,0.3001,0.28983,0.28006,0.28983,0.29472,0.28495,0.28495,0.28495,0.28495,0.29472,0.29472,0.29472,0.3001,0.30499,0.30987,0.31965,0.32502,0.3348,0.34506,0.35484,0.36999,0.39003,0.41007,0.43988,0.46481,0.48485,0.50489,0.52004,0.52004,0.50978,0.47996,0.45015,0.41007,0.37488,0.34995,0.32991,0.31476,0.3001,0.27468,0.28495,0.27468,0.28006,0.28495,0.28495,0.28495,0.28495,0.28983,0.28983,0.29472,0.29472,0.3001,0.29472,0.29472,0.3001,0.30987,0.30987,0.30987,0.30987,0.31476,0.31476,0.31476,0.31476,0.31476,0.31965,0.31476,0.31965,0.31965,0.31965,0.31965,0.31965,0.31965,0.32502,0.32502,0.32991,0.32991,0.32991,0.32502,0.31965,0.31965,0.3348,0.3348,0.3348,0.3348,0.33969,0.34995,0.3651,0.36999,0.37488,0.37488,0.37977,0.37488,0.37977,0.38514,0.35973,0.34995,0.34506,0.33969,0.32502,0.31476,0.31476,0.31965,0.31965,0.31476,0.3001,0.27468,0.31476,0.55523,0.95015,1.3206,1.4106,1.0103,0.54985,0.37977,0.31965,0.31476,0.3001,0.28495,0.27468,0.26979,0.26979,0.26979,0.27468,0.28006,0.28495,0.28495,0.28495,0.28495,0.3001,0.3001,0.3001,0.30987,0.31965,0.31965,0.32991,0.34506,0.35484,0.37488,0.3998,0.42473,0.45503,0.47507,0.50489,0.50978,0.52004,0.50978,0.48485,0.45503,0.41984,0.39003,0.35484,0.32991,0.30987,0.29472,0.28006,0.27468,0.28006,0.27468,0.27468,0.27468,0.28006,0.28495,0.28495,0.28006,0.28983,0.3001,0.3001,0.3001,0.3001,0.3001,0.30499,0.30499,0.31476,0.30987,0.31965,0.31965,0.31965,0.31476,0.31965,0.31965,0.31965,0.32502,0.32502,0.32991,0.32991,0.32991,0.3348,0.3348,0.33969,0.3348,0.3348,0.32991,0.32991,0.32991,0.32991,0.3348,0.33969,0.3348,0.32991,0.33969,0.34506,0.35973,0.37488,0.38514,0.38514,0.39492,0.39492,0.31965,0.31965,0.32502,0.3348,0.33969,0.34506,0.35973,0.36999,0.38514,0.41007,0.42473,0.45015,0.47507,0.49511,0.51515,0.52981,0.53519,0.50978,0.48485,0.45015,0.41496,0.38514,0.34995,0.32502,0.31965,0.30499,0.29472,0.29472,0.28983,0.29472,0.28983,0.28495,0.28983,0.3001,0.3001,0.3001,0.3001,0.3001,0.3001,0.30987,0.30987,0.30987,0.31965,0.31965,0.31476,0.31965,0.31965,0.32502,0.31965,0.31965,0.32502,0.32991,0.32502,0.32991,0.33969,0.3348,0.32991,0.32991,0.32991,0.3348,0.32991,0.3348,0.32991,0.3348,0.33969,0.33969,0.33969,0.32991,0.3348,0.34506,0.34995,0.36999,0.37488,0.37488,0.37977,0.38514,0.37977,0.37977,0.36999,0.35484,0.34506,0.32991,0.3348,0.31965,0.31965,0.31965,0.31965,0.31965,0.31965,0.30499,0.28006,0.34995,0.62512,1.0205,1.3504,1.4008,0.87537,0.49022,0.35973,0.31965,0.31476,0.3001,0.28495,0.28006,0.27468,0.27468,0.27468,0.27468,0.28006,0.28983,0.28983,0.28983,0.29472,0.29472,0.3001,0.30499,0.30987,0.31476,0.31965,0.3348,0.34506,0.3651,0.38514,0.41007,0.435,0.45992,0.48485,0.50489,0.50978,0.52493,0.50489,0.47996,0.45015,0.41007,0.38514,0.35484,0.32991,0.30987,0.33969,0.28983,0.28006,0.28495,0.28006,0.28006,0.28006,0.27468,0.28495,0.28983,0.28983,0.29472,0.3001,0.29472,0.3001,0.3001,0.30987,0.31476,0.30987,0.30499,0.31476,0.30987,0.30987,0.31965,0.31965,0.31965,0.31965,0.31965,0.31965,0.32502,0.32502,0.32502,0.32991,0.32991,0.32991,0.32991,0.3348,0.3348,0.3348,0.3348,0.3348,0.3348,0.3348,0.33969,0.33969,0.33969,0.34506,0.35973,0.36999,0.37488,0.37977,0.38514,0.39003,0.38514,0.38514,0.37488,0.35973,0.34995,0.34506,0.3348,0.32502,0.31965,0.31965,0.31965,0.32502,0.31965,0.30499,0.28006,0.34995,0.64027,1.0455,1.3807,1.4355,0.91007,0.52004,0.36999,0.32502,0.30987,0.3001,0.28495,0.27468,0.27468,0.28006,0.27468,0.27468,0.28006,0.28006,0.28495,0.28983,0.29472,0.3001,0.3001,0.30499,0.30987,0.31965,0.32502,0.3348,0.34506,0.35973,0.38514,0.41007,0.435,0.45992,0.48485,0.50489,0.52004,0.52004,0.50489,0.47996,0.44477,0.40469,0.37488,0.34506,0.31965,0.30499,0.3001,0.28983,0.28006,0.28006,0.28495,0.28495,0.28495,0.28983,0.28983,0.29472,0.3001,0.3001,0.3001,0.3001,0.3001,0.30987,0.30987,0.30987,0.31965,0.31965,0.31965,0.31965,0.31965,0.31965,0.32502,0.32502,0.32991,0.32991,0.3348,0.32991,0.33969,0.3348,0.33969,0.33969,0.33969,0.3348,0.3348,0.3348,0.33969,0.3348,0.33969,0.34506,0.33969,0.33969,0.33969,0.33969,0.34995,0.3651,0.37488,0.37977,0.38514,0.39003,0.38514,0.37977,0.38514,0.36999,0.35973,0.34995,0.34506,0.3348,0.32502,0.32502,0.32991,0.32502,0.32502,0.31965,0.3001,0.28495,0.38514,0.71017,1.1202,1.4409,1.4506,0.85533,0.49022,0.35973,0.32502,0.30499,0.29472,0.28495,0.27468,0.27468,0.27468,0.27468,0.27468,0.28006,0.28006,0.28006,0.28983,0.29472,0.3001,0.3001,0.3001,0.31476,0.31965,0.32502,0.33969,0.34995,0.36999,0.39492,0.41496,0.43988,0.46481,0.49022,0.50978,0.52493,0.52493,0.50978,0.47996,0.44477,0.41007,0.36999,0.34506,0.31965,0.30499,0.3001,0.28983,0.28983,0.28006,0.28006,0.28006,0.28495,0.28495,0.28495,0.28983,0.29472,0.28983,0.3001,0.29472,0.3001,0.3001,0.3001,0.30499,0.30987,0.30987,0.30987,0.31965,0.31965,0.31965,0.31965,0.31965,0.32502,0.32991,0.32502,0.3348,0.3348,0.3348,0.3348,0.3348,0.3348,0.33969,0.34506,0.33969,0.3348,0.33969,0.3348,0.32991,0.3348,0.32991,0.3348,0.3348,0.34506,0.34995,0.36999,0.36999,0.36999,0.37977,0.39003,0.38514,0.38514,0.38514,0.36999,0.34995,0.34506,0.33969,0.32991,0.32991,0.31965,0.31965,0.31965,0.31965,0.31965,0.3001,0.28983,0.43011,0.79521,1.1906,1.4355,1.2307,0.73021,0.44477,0.33969,0.32502,0.30987,0.3001,0.28983,0.28006,0.28006,0.28006,0.28495,0.28983,0.28495,0.29472,0.3001,0.3001,0.3001,0.30499,0.30987,0.31476,0.32502,0.32991,0.34506,0.34995,0.3651,0.37488,0.41007,0.42473,0.45015,0.47996,0.5,0.52004,0.52981,0.52981,0.50978,0.47996,0.44477,0.41496,0.39003,0.35484,0.32991,0.31476,0.30987,0.30499,0.3001,0.3001,0.29472,0.29472,0.3001,0.3001,0.3001,0.3001,0.3001,0.30499,0.30987,0.30499,0.30987,0.31476,0.31476,0.31965,0.31476,0.32502,0.32991,0.32991,0.32991,0.3348,0.32502,0.33969,0.3348,0.34506,0.34506,0.34506,0.34506,0.34506,0.34506,0.34995,0.34506,0.34506,0.34506,0.34506,0.34506,0.34995,0.34995,0.34995,0.35484,0.34995,0.34995,0.34995,0.3651,0.37977,0.39003,0.39492,0.3998,0.40469,0.40469,0.40469,0.40469,0.39492,0.37488,0.36999,0.35973,0.34506,0.33969,0.3348,0.3348,0.32991,0.3348,0.32991,0.31476,0.30499,0.41984,0.73021,1.1105,1.3856,1.2405,0.74536,0.43988,0.34995,0.3348,0.31965,0.30987,0.3001,0.29472,0.29472,0.28983,0.29472,0.3001,0.29472,0.3001,0.3001,0.30499,0.30987,0.31476,0.31965,0.31965,0.31965,0.3348,0.34506,0.34995,0.3651,0.37488,0.39492,0.42473,0.45503,0.47507,0.5,0.51515,0.52493,0.52004,0.50489,0.47996,0.43988,0.41007,0.37977,0.34995,0.32991,0.31476,0.3001,0.29472,0.28983,0.29472,0.28983,0.28495,0.28495,0.28983,0.28495,0.28495,0.28495,0.29472,0.3001,0.29472,0.3001,0.29472,0.3001,0.30499,0.30987,0.30499,0.30987,0.31476,0.31476,0.31476,0.31965,0.31965,0.31965,0.31965,0.31965,0.31965,0.31965,0.31965,0.31965,0.32502,0.32991,0.32991,0.32991,0.32502,0.32502,0.32502,0.32991,0.32502,0.32502,0.32502,0.3348,0.34995,0.3651,0.37488,0.37488,0.37488,0.38514,0.37977,0.37488,0.37977,0.35973,0.34506,0.3348,0.32991,0.31965,0.31965,0.31965,0.31476,0.30987,0.30987,0.3001,0.28006,0.27468,0.49022,0.88025,1.2556,1.4008,1.0855,0.60997,0.39492,0.31965,0.30987,0.3001,0.28495,0.27468,0.27468,0.26979,0.27468,0.27468,0.27468,0.27468,0.27468,0.28983,0.28495,0.28983,0.29472,0.3001,0.3001,0.30987,0.31476,0.32991,0.34506,0.35484,0.36999,0.39492,0.41496,0.43988,0.46481,0.49022,0.50978,0.51515,0.50978,0.49022,0.45992,0.42473,0.39003,0.35484,0.32991,0.31476,0.3001,0.28495,0.28006,0.27468,0.27468,0.27468,0.28006,0.27468,0.28495,0.28006,0.28983,0.28983,0.29472,0.29472,0.29472,0.3001,0.3001,0.3001,0.30499,0.30987,0.30499,0.31476,0.31476,0.30987,0.31965,0.31965,0.31965,0.31965,0.32502,0.32502,0.32502,0.32991,0.32991,0.32991,0.32991,0.32502,0.32991,0.3348,0.3348,0.32991,0.32991,0.33969,0.33969,0.33969,0.33969,0.3348,0.34506,0.35484,0.36999,0.37977,0.39003,0.39003,0.39492,0.38514,0.38514,0.37488,0.3651,0.35484,0.34506,0.3348,0.32502,0.32502,0.32502,0.31965,0.31965,0.31476,0.30499,0.27468,0.32991,0.6002,0.99022,1.3607,1.4355,0.98045,0.54497,0.37977,0.31965,0.30987,0.29472,0.28495,0.28006,0.27468,0.26979,0.27468,0.27468,0.27468,0.27468,0.28006,0.28006,0.28495,0.29472,0.3001,0.3001,0.30987,0.31965,0.31965,0.3348,0.34995,0.3651,0.38514,0.41007,0.43011,0.45503,0.47996,0.5,0.50978,0.51515,0.50978,0.48485,0.45015,0.41007,0.37488,0.34506,0.31965,0.30499,0.29472,0.28495,0.28495,0.28006,0.28006,0.28006,0.28006,0.28495,0.28495,0.28495,0.28983,0.28983,0.29472,0.28983,0.29472,0.3001,0.3001,0.3001,0.30987,0.30987,0.31476,0.31965,0.31965,0.31965,0.31965,0.31965,0.31965,0.31965,0.31965,0.31965,0.32502,0.32991,0.32991,0.32991,0.3348,0.33969,0.33969,0.34506,0.33969,0.33969,0.34506,0.33969,0.33969,0.3348,0.3348,0.33969,0.34506,0.34506,0.3651,0.37977,0.37977,0.38514,0.39003,0.38514,0.38514,0.39003,0.36999,0.35484,0.34506,0.34506,0.3348,0.32502,0.32502,0.32502,0.32502,0.32991,0.31965,0.3001,0.28983,0.42473,0.78543,1.2004,1.4555,1.2605,0.75024,0.45992,0.34506,0.32502,0.31476,0.3001,0.28983,0.28495,0.28006,0.27468,0.28006,0.27468,0.28006,0.28006,0.28495,0.28495,0.29472,0.3001,0.3001,0.30987,0.31476,0.31965,0.32991,0.34506,0.35973,0.36999,0.39492,0.41496,0.43988,0.46481,0.48485,0.50978,0.52004,0.51515,0.49511,0.46481,0.435,0.3998,0.3651,0.33969,0.31476,0.3001,0.28495,0.28006,0.27468,0.27468,0.27468,0.27468,0.27468,0.28006,0.28006,0.28983,0.29472,0.28983,0.28983,0.28983,0.3001,0.3001,0.3001,0.30499,0.30987,0.31476,0.31476,0.31965,0.31965,0.31965,0.31965,0.31965,0.32502,0.32502,0.32502,0.32502,0.32991,0.32991,0.32991,0.3348,0.3348,0.32991,0.3348,0.33969,0.33969,0.34506,0.33969,0.34506,0.34506,0.34506,0.34506,0.34506,0.34995,0.36999,0.39003,0.38514,0.39003,0.39492,0.39492,0.39492,0.39492,0.37977,0.3651,0.35484,0.34995,0.33969,0.32991,0.32502,0.32502,0.32502,0.32502,0.31965,0.30499,0.28983,0.36999,0.68035,1.0855,1.4154,1.4457,0.88514,0.5,0.3651,0.32502,0.30987,0.29472,0.28006,0.28006,0.27468,0.27468,0.27468,0.28006,0.28495,0.28006,0.28983,0.28983,0.29472,0.3001,0.30499,0.30987,0.31965,0.32502,0.32991,0.34506,0.35484,0.36999,0.39003,0.41496,0.43988,0.46481,0.49511,0.51515,0.52981,0.52981,0.50978,0.48485,0.45503,0.41984,0.39003,0.35973,0.33969,0.31965,0.3001,0.29472,0.28983,0.29472,0.29472,0.29472,0.3001,0.3001,0.3001,0.3001,0.30499,0.30987,0.30987,0.31476,0.31965,0.31476,0.31965,0.32502,0.31965,0.32502,0.32991,0.3348,0.3348,0.3348,0.32991,0.33969,0.34506,0.33969,0.34506,0.33969,0.34506,0.34506,0.34506,0.34506,0.34506,0.34506,0.34506,0.34506,0.34506,0.34506,0.34506,0.34506,0.34995,0.34506,0.34506,0.35484,0.35973,0.36999,0.38514,0.39003,0.39003,0.3998,0.39492,0.39492,0.39492,0.37977,0.36999,0.35484,0.34506,0.34506,0.3348,0.32502,0.3348,0.32991,0.32991,0.32502,0.30987,0.3001,0.42473,0.75024,1.1403,1.3959,1.2107,0.70039,0.41984,0.33969,0.32502,0.31476,0.29472,0.28983,0.28495,0.28495,0.28495,0.28983,0.28495,0.28983,0.29472,0.29472,0.3001,0.3001,0.30499,0.31476,0.31965,0.32502,0.3348,0.33969,0.34506,0.35973,0.37488,0.39492,0.42473,0.44477,0.47019,0.49022,0.50978,0.52004,0.51515,0.5,0.47019,0.43988,0.41007,0.37977,0.34995,0.32502,0.30987,0.29472,0.29472,0.28495,0.28495,0.28495,0.28983,0.28983,0.28983,0.29472,0.29472,0.28983,0.29472,0.29472,0.3001,0.3001,0.29472,0.3001,0.30499,0.30987,0.30499,0.30987,0.30987,0.31476,0.31965,0.31965,0.31965,0.31965,0.31965,0.31965,0.31965,0.31965,0.31965,0.32502,0.32502,0.32502,0.31965,0.32991,0.32991,0.32502,0.32502,0.32502,0.3348,0.32991,0.32991,0.32991,0.3348,0.34506,0.3651,0.36999,0.37488,0.37977,0.37977,0.37977,0.37977,0.37488,0.35484,0.34506,0.3348,0.32502,0.31965,0.31965,0.31476,0.31965,0.31965,0.31965,0.30499,0.28983,0.27468,0.45992,0.83529,1.2307,1.4057,1.1256,0.62512,0.3998,0.32991,0.30987,0.3001,0.28495,0.27468,0.27468,0.27468,0.27468,0.27468,0.27468,0.28006,0.28495,0.28495,0.28983,0.28983,0.3001,0.30499,0.30987,0.31476,0.32502,0.32991,0.34506,0.35484,0.36999,0.39492,0.41984,0.44477,0.43988,0.47996,0.50978,0.51515,0.50978,0.49511,0.45992,0.41984,0.38514,0.34995,0.32991,0.30987,0.3001,0.28983,0.28006,0.27468,0.27468,0.27468,0.28006,0.27468,0.28495,0.28983,0.28495,0.28983,0.29472,0.29472,0.3001,0.29472,0.3001,0.30499,0.30499,0.30987,0.30987,0.30987,0.30987,0.31476,0.31965,0.31965,0.31476,0.31965,0.31965,0.31965,0.31965,0.32991,0.32502,0.3348,0.32991,0.32991,0.33969,0.3348,0.32991,0.32991,0.32991,0.33969,0.3348,0.3348,0.3348,0.33969,0.34506,0.34506,0.3651,0.37488,0.37977,0.38514,0.39492,0.39003,0.38514,0.39003,0.36999,0.3651,0.35973,0.34995,0.3348,0.32991,0.32502,0.32502,0.31965,0.32502,0.31965,0.30499,0.28983,0.44477,0.81525,1.2107,1.4506,1.2253,0.73021,0.45015,0.34506,0.32502,0.31476,0.3001,0.28983,0.28495,0.27468,0.27468,0.28006,0.27468,0.28006,0.28495,0.28983,0.29472,0.3001,0.3001,0.30499,0.31476,0.31965,0.32502,0.33969,0.34506,0.35484,0.36999,0.39492,0.41984,0.45015,0.47507,0.5,0.51515,0.52981,0.52493,0.50489,0.47507,0.435,0.3998,0.36999,0.33969,0.31476,0.3001,0.28983,0.28495,0.27468,0.27468,0.28006,0.28006,0.28495,0.28983,0.28983,0.28983,0.29472,0.29472,0.3001,0.3001,0.3001,0.3001,0.3001,0.30499,0.30987,0.31476,0.31476,0.31965,0.31965,0.31965,0.31965,0.31965,0.31965,0.32502,0.32991,0.3348,0.32991,0.3348,0.32991,0.32991,0.33969,0.34506,0.33969,0.34506,0.33969,0.33969,0.3348,0.33969,0.34506,0.34506,0.34506,0.34506,0.34506,0.35484,0.36999,0.37977,0.38514,0.39492,0.3998,0.39492,0.39492,0.39003,0.37488,0.3651,0.35973,0.35484,0.33969,0.32991,0.32502,0.32991,0.32502,0.3348,0.31965,0.3001,0.28983,0.42473,0.78543,1.2053,1.4609,1.2654,0.76002,0.45992,0.34995,0.32991,0.31476,0.29472,0.28495,0.28006,0.27468,0.28006,0.27468,0.28006,0.28006,0.28983,0.28983,0.28983,0.3001,0.3001,0.30499,0.31476,0.31965,0.31965,0.32991,0.34506,0.3651,0.37488,0.3998,0.42473,0.45015,0.47996,0.50489,0.51515,0.52493,0.52981,0.50489,0.47996,0.43988,0.41007,0.37488,0.34506,0.31965,0.30499,0.29472,0.28006,0.28495,0.28006,0.28006,0.28006,0.28006,0.28495,0.28495,0.28983,0.29472,0.28983,0.3001,0.3001,0.3001,0.30499,0.30499,0.30987,0.31476,0.31965,0.31965,0.31965,0.32502,0.32502,0.32502,0.32502,0.3348,0.32991,0.3348,0.33969,0.3348,0.3348,0.3348,0.33969,0.33969,0.3348,0.33969,0.3348,0.33969,0.3348,0.33969,0.33969,0.34506,0.33969,0.33969,0.33969,0.34506,0.35484,0.36999,0.38514,0.39492,0.39492,0.39492,0.39492,0.39003,0.38514,0.36999,0.3651,0.34995,0.34506,0.32991,0.26002,0.3348,0.32502,0.31965,0.32991,0.31965,0.3001,0.28495,0.44477,0.8001,1.2155,1.4707,1.2708,0.75513,0.46481,0.34995,0.32502,0.30987,0.3001,0.28495,0.28006,0.28006,0.27468,0.27468,0.28006,0.28495,0.28495,0.29472,0.29472,0.3001,0.30499,0.30499,0.31476,0.31965,0.32502,0.3348,0.34995,0.35973,0.37488,0.3998,0.42473,0.44477,0.47019,0.49511,0.50978,0.52493,0.52004,0.50978,0.47507,0.43988,0.40469,0.36999,0.34506,0.31965,0.30499,0.3001,0.28983,0.28006,0.28495,0.28006,0.27468,0.27468,0.28495,0.28006,0.28006,0.29472,0.29472,0.3001,0.3001,0.3001,0.30499,0.30499,0.30987,0.30987,0.31476,0.31476,0.31965,0.30987,0.30987,0.31476,0.31965,0.31965,0.32502,0.32502,0.32991,0.32502,0.3348,0.3348,0.33969,0.3348,0.32991,0.3348,0.34506,0.34506,0.33969,0.34506,0.33969,0.33969,0.34506,0.33969,0.34995,0.35484,0.35973,0.36999,0.39003,0.39492,0.39492,0.39492,0.3998,0.39492,0.3998,0.39003,0.37488,0.3651,0.35973,0.34995,0.33969,0.32991,0.3348,0.33969,0.3348,0.3348,0.31476,0.29472,0.3651,0.66031,1.0455,1.3905,1.4355,0.91007,0.50978,0.37977,0.32991,0.31965,0.30499,0.29472,0.28983,0.29472,0.28495,0.28495,0.28495,0.28983,0.28495,0.3001,0.3001,0.3001,0.30987,0.30987,0.30499,0.31965,0.32502,0.33969,0.34995,0.35484,0.36999,0.39492,0.41496,0.45015,0.46481,0.49511,0.50978,0.52981,0.52981,0.52004,0.49511,0.45992,0.43011,0.3998,0.3651,0.33969,0.31965,0.30987,0.3001,0.3001,0.29472,0.29472,0.29472,0.29472,0.3001,0.29472,0.3001,0.3001,0.30499,0.3001,0.30987,0.31476,0.31476,0.31965,0.31476,0.31965,0.31965,0.31965,0.31965,0.32991,0.32991,0.32991,0.3348,0.32991,0.3348,0.34506,0.34506,0.34506,0.33969,0.34506,0.33969,0.34995,0.34506,0.34506,0.34506,0.34995,0.34506,0.34995,0.34995,0.35484,0.35484,0.3651,0.3651,0.3651,0.3651,0.37488,0.39492,0.39492,0.39492,0.39492,0.40469,0.3998,0.40469,0.39492,0.37977,0.3651,0.35973,0.34995,0.33969,0.32991,0.32991,0.32991,0.32991,0.32502,0.31476,0.3001,0.36999,0.66031,1.0455,1.3607,1.4008,0.84506,0.47996,0.3651,0.32991,0.31965,0.30987,0.3001,0.28983,0.28495,0.28983,0.29472,0.28983,0.28983,0.29472,0.3001,0.3001,0.3001,0.30499,0.30987,0.31476,0.31965,0.32991,0.3348,0.34506,0.35484,0.36999,0.39003,0.41496,0.43988,0.46481,0.48485,0.50489,0.52004,0.52004,0.50489,0.47996,0.45015,0.41007,0.37977,0.34506,0.32502,0.30987,0.3001,0.28983,0.28495,0.28006,0.28006,0.28495,0.28006,0.28495,0.28983,0.28983,0.29472,0.29472,0.3001,0.3001,0.3001,0.30499,0.30499,0.30987,0.31476,0.31965,0.31965,0.31965,0.31965,0.31965,0.31965,0.31965,0.31965,0.32991,0.32502,0.32991,0.32991,0.3348,0.3348,0.32991,0.32991,0.3348,0.3348,0.32991,0.3348,0.32991,0.33969,0.33969,0.33969,0.33969,0.33969,0.33969,0.34506,0.34995,0.36999,0.37488,0.37977,0.39003,0.39492,0.37977,0.37977,0.37977,0.36999,0.34995,0.33969,0.3348,0.32502,0.31965,0.31476,0.31476,0.31965,0.31476,0.3001,0.28983,0.27468,0.43988,0.78543,1.1906,1.4306,1.2107,0.70039,0.42473,0.32991,0.31476,0.3001,0.28983,0.27468,0.27468,0.26979,0.26979,0.27468,0.26979,0.27468,0.27468,0.28495,0.28495,0.28983,0.3001,0.3001,0.30499,0.30987,0.31476,0.31965,0.3348,0.34995,0.36999,0.39003,0.41496,0.43988,0.46481,0.47996,0.50489,0.51515,0.52004,0.48485,0.45992,0.435,0.43988,0.3651,0.32991,0.30987,0.29472,0.28495,0.27468,0.26979,0.26979,0.26979,0.26979,0.27468,0.27468,0.27468,0.27468,0.28495,0.28006,0.28495,0.28983,0.28983,0.3001,0.3001,0.3001,0.30499,0.30499,0.30987,0.31476,0.31476,0.31476,0.31476,0.31965,0.31965,0.32502,0.32502,0.32991,0.32502,0.32991,0.32502,0.3348,0.3348,0.3348,0.3348,0.32991,0.32991,0.33969,0.3348,0.33969,0.33969,0.34506,0.33969,0.34506,0.34506,0.35973,0.37488,0.37488,0.38514,0.39003,0.39492,0.37977,0.39003,0.37977,0.3651,0.35484,0.34506,0.33969,0.32502,0.31965,0.31965,0.31965,0.31965,0.31965,0.31476,0.28006,0.27468,0.58016,1.0005,1.3656,1.4506,1.0205,0.56989,0.39003,0.32502,0.31476,0.3001,0.28495,0.28006,0.27468,0.27468,0.27468,0.27468,0.27468,0.28006,0.28495,0.28495,0.29472,0.3001,0.3001,0.30499,0.31476,0.31965,0.32502,0.3348,0.34995,0.36999,0.39003,0.40469,0.435,0.45992,0.47996,0.50489,0.52004,0.52493,0.51515,0.49022,0.45992,0.41984,0.37977,0.34995,0.32502,0.30987,0.3001,0.28495,0.28006,0.27468,0.27468,0.27468,0.28006,0.27468,0.28006,0.28983,0.28983,0.29472,0.29472,0.28983,0.3001,0.3001,0.3001,0.30499,0.30499,0.30987,0.31476,0.30987,0.30987,0.31476,0.31965,0.31965,0.31965,0.31965,0.32991,0.32502,0.32502,0.32991,0.32991,0.32991,0.32991,0.32991,0.3348,0.3348,0.3348,0.33969,0.3348,0.3348,0.33969,0.33969,0.33969,0.33969,0.33969,0.34506,0.35973,0.37488,0.37488,0.38514,0.39003,0.39492,0.39492,0.39003,0.37977,0.3651,0.35484,0.34506,0.3348,0.31965,0.31965,0.31965,0.31965,0.31965,0.31965,0.3001,0.27468,0.36999,0.68035,1.1056,1.4409,1.4658,0.88025,0.50978,0.36999,0.32502,0.30987,0.3001,0.28495,0.27468,0.27468,0.27468,0.27468,0.27468,0.28006,0.28006,0.28495,0.29472,0.3001,0.3001,0.30499,0.30987,0.31476,0.31965,0.32502,0.33969,0.34506,0.36999,0.39003,0.41007,0.43988,0.46481,0.48485,0.50978,0.52493,0.52981,0.51515,0.49022,0.45503,0.41984,0.38514,0.34995,0.32502,0.30987,0.3001,0.28006,0.28006,0.27468,0.27468,0.28006,0.28495,0.28983,0.28495,0.28983,0.29472,0.28983,0.29472,0.3001,0.3001,0.3001,0.3001,0.30499,0.30987,0.30987,0.30987,0.31476,0.31965,0.31965,0.31965,0.31965,0.31965,0.31965,0.31965,0.31965,0.32502,0.32991,0.32991,0.32502,0.3348,0.32991,0.3348,0.33969,0.33969,0.34506,0.34506,0.33969,0.34506,0.33969,0.33969,0.33969,0.33969,0.34995,0.36999,0.39003,0.39003,0.39003,0.39492,0.39492,0.39492,0.39492,0.39003,0.36999,0.3651,0.35484,0.34506,0.33969,0.3348,0.3348,0.32991,0.32991,0.32502,0.31476,0.29472,0.39003,0.70528,1.0953,1.4154,1.4306,0.85533,0.49022,0.35973,0.32502,0.31965,0.30499,0.3001,0.28495,0.28006,0.28495,0.28495,0.28495,0.28983,0.28983,0.29472,0.3001,0.3001,0.30987,0.31476,0.31476,0.31965,0.32502,0.33969,0.34506,0.35484,0.36999,0.39003,0.41496,0.44477,0.47019,0.49022,0.50978,0.52493,0.52981,0.50978,0.48485,0.45503,0.41984,0.39003,0.35973,0.3348,0.31965,0.30499,0.3001,0.29472,0.28983,0.29472,0.29472,0.3001,0.29472,0.29472,0.3001,0.3001,0.3001,0.31476,0.31476,0.30987,0.31965,0.31965,0.31965,0.31476,0.32502,0.32502,0.31965,0.32991,0.32502,0.3348,0.3348,0.32991,0.32991,0.3348,0.3348,0.33969,0.33969,0.3348,0.34506,0.33969,0.33969,0.33969,0.33969,0.34506,0.34506,0.34506,0.34506,0.34506,0.34506,0.34506,0.34995,0.3651,0.38514,0.39492,0.39492,0.39492,0.39492,0.40469,0.40469,0.40469,0.37977,0.36999,0.35973,0.34506,0.34506,0.3348,0.3348,0.3348,0.3348,0.3348,0.32502,0.30987,0.3001,0.47507,0.82014,1.2107,1.4008,1.1354,0.63001,0.40469,0.33969,0.32991,0.31965,0.30499,0.3001,0.28495,0.28006,0.28495,0.28006,0.28006,0.28983,0.29472,0.3001,0.3001,0.3001,0.3001,0.30987,0.30499,0.31965,0.32502,0.3348,0.34506,0.35973,0.36999,0.3998,0.42473,0.45015,0.47019,0.49022,0.50978,0.51515,0.52004,0.49511,0.46481,0.43011,0.39492,0.35973,0.3348,0.31965,0.3001,0.28983,0.28983,0.27468,0.27468,0.28006,0.28495,0.28006,0.27468,0.28006,0.28495,0.28983,0.29472,0.29472,0.3001,0.3001,0.3001,0.30499,0.30499,0.30987,0.30987,0.31476,0.31476,0.31965,0.31476,0.31965,0.31965,0.31965,0.31965,0.32502,0.32502,0.32991,0.32991,0.32991,0.33969,0.32991,0.3348,0.32991,0.3348,0.3348,0.3348,0.3348,0.3348,0.3348,0.3348,0.33969,0.33969,0.33969,0.34995,0.36999,0.36999,0.37488,0.37977,0.38514,0.37488,0.37977,0.37977,0.3651,0.34995,0.34506,0.3348,0.32502,0.31965,0.31965,0.31965,0.32502,0.31965,0.31476,0.29472,0.28495,0.47019,0.86022,1.2405,1.4306,1.1505,0.65494,0.41984,0.3348,0.31965,0.30499,0.28983,0.28006,0.27468,0.27468,0.27468,0.27468,0.28006,0.28495,0.28495,0.28983,0.29472,0.3001,0.3001,0.30987,0.30987,0.31476,0.32502,0.3348,0.33969,0.31965,0.33969,0.38514,0.41984,0.45503,0.47996,0.5,0.51515,0.52493,0.51515,0.5,0.47019,0.43011,0.39492,0.3651,0.3348,0.31476,0.3001,0.28495,0.28006,0.27468,0.27468,0.27468,0.28006,0.28006,0.28006,0.28495,0.29472,0.28983,0.29472,0.3001,0.3001,0.30499,0.3001,0.30499,0.30987,0.30987,0.30987,0.30987,0.31476,0.31476,0.31965,0.31965,0.31965,0.31965,0.32502,0.32991,0.32991,0.32502,0.32991,0.3348,0.3348,0.32991,0.3348,0.32991,0.33969,0.32991,0.3348,0.3348,0.32991,0.3348,0.34506,0.34506,0.34506,0.35973,0.37977,0.38514,0.38514,0.39003,0.39492,0.39492,0.39492,0.37977,0.36999,0.35973,0.34506,0.33969,0.32991,0.31965,0.31965,0.31965,0.31965,0.31476,0.30987,0.28983,0.34506,0.62512,1.0205,1.3905,1.4609,0.98045,0.54985,0.39003,0.3348,0.31965,0.30499,0.29472,0.28006,0.28006,0.28006,0.28006,0.28495,0.28495,0.28006,0.28983,0.28495,0.29472,0.29472,0.3001,0.30499,0.30987,0.31476,0.31965,0.32991,0.34506,0.35973,0.38514,0.41007,0.435,0.45992,0.47996,0.50489,0.51515,0.52493,0.50978,0.49022,0.45992,0.41984,0.39003,0.35484,0.32991,0.30499,0.29472,0.28983,0.28495,0.28983,0.28006,0.28006,0.28495,0.29472,0.29472,0.29472,0.29472,0.29472,0.3001,0.29472,0.30499,0.30499,0.3001,0.31476,0.31476,0.31476,0.31965,0.31965,0.31965,0.31965,0.31965,0.32502,0.32502,0.32502,0.32502,0.32991,0.32991,0.3348,0.32991,0.3348,0.33969,0.3348,0.33969,0.33969,0.3348,0.3348,0.3348,0.33969,0.33969,0.33969,0.3348,0.3348,0.3348,0.34506,0.34995,0.36999,0.37977,0.38514,0.38514,0.39492,0.37977,0.37977,0.38514,0.3651,0.35484,0.34995,0.34506,0.3348,0.31965,0.31965,0.32502,0.32502,0.31965,0.30987,0.29472,0.27468,0.43988,0.82014,1.2253,1.4707,1.2454,0.73998,0.44477,0.34506,0.31965,0.30499,0.28983,0.27468,0.27468,0.27468,0.26979,0.26979,0.27468,0.27468,0.28006,0.28006,0.28495,0.28495,0.3001,0.3001,0.30499,0.30499,0.31965,0.32502,0.34506,0.35484,0.37488,0.39492,0.41496,0.43988,0.46481,0.49022,0.50978,0.52004,0.50978,0.49511,0.47507,0.435,0.39492,0.3651,0.33969,0.31476,0.3001,0.28495,0.28006,0.28495,0.27468,0.27468,0.27468,0.28006,0.28006,0.28006,0.28495,0.29472,0.29472,0.3001,0.29472,0.3001,0.3001,0.30499,0.30987,0.31476,0.30987,0.31476,0.31965,0.32502,0.31965,0.32502,0.32991,0.32991,0.32991,0.32502,0.3348,0.33969,0.3001,0.33969,0.33969,0.34506,0.33969,0.34506,0.34506,0.34995,0.34506,0.34506,0.34995,0.34995,0.34506,0.34506,0.34506,0.35973,0.36999,0.39003,0.39003,0.39003,0.3998,0.39492,0.39492,0.3998,0.39003,0.36999,0.3651,0.34995,0.33969,0.3348,0.3348,0.32991,0.3348,0.32991,0.32991,0.31965,0.30499,0.38514,0.67009,1.0704,1.3905,1.4257,0.86022,0.49511,0.37488,0.3348,0.31965,0.30499,0.3001,0.3001,0.29472,0.29472,0.29472,0.3001,0.29472,0.3001,0.3001,0.30499,0.30987,0.30987,0.31476,0.31965,0.32502,0.3348,0.34506,0.34995,0.3651,0.37488,0.3998,0.42473,0.44477,0.47019,0.5,0.52004,0.53519,0.54008,0.52004,0.5,0.46481,0.43011,0.39492,0.35973,0.34506,0.32991,0.31965,0.30499,0.3001,0.30499,0.30499,0.3001,0.30987,0.3001,0.30499,0.30987,0.30987,0.30987,0.31476,0.31965,0.31476,0.31965,0.31965,0.32502,0.31965,0.32502,0.32991,0.33969,0.3348,0.3348,0.3348,0.3348,0.3348,0.33969,0.34506,0.34506,0.34506,0.34506,0.34995,0.34995,0.34506,0.33969,0.34995,0.34995,0.34995,0.34506,0.34995,0.35484,0.34995,0.34506,0.34506,0.34995,0.3651,0.37977,0.39492,0.39492,0.39492,0.3998,0.39492,0.3998,0.40469,0.38514,0.36999,0.35973,0.34995,0.33969,0.32991,0.32991,0.3348,0.3348,0.32991,0.31965,0.30987,0.3001,0.50978,0.88025,1.2507,1.3856,1.0503,0.57527,0.39492,0.32502,0.31965,0.30987,0.29472,0.28006,0.28495,0.27468,0.28006,0.28006,0.28495,0.28495,0.28495,0.28983,0.3001,0.3001,0.3001,0.30987,0.30987
