1.6109,1.5386,1.4702,1.4066,1.349,1.2981,1.2542,1.216,1.1857,1.1662,1.1535,1.1447,1.1408,1.1427,1.1486,1.1593,1.173,1.1887,1.2063,1.2258,1.2473,1.2669,1.2845,1.303,1.3206,1.3363,1.35,1.3607,1.3685,1.3734,1.3763,1.3783,1.3783,1.3773,1.3763,1.3744,1.3705,1.3646,1.3568,1.348,1.3382,1.3304,1.3255,1.3265,1.3382,1.3636,1.3969,1.4409,1.5054,1.5885,1.6852,1.7937,1.9081,2.0235,2.1349,2.2395,2.3324,2.4125,2.477,2.5191,2.5435,2.5601,2.566,2.5601,2.5425,2.5152,2.479,2.435,2.3851,2.3294,2.2688,2.2111,2.1535,2.089,2.0196,1.9472,1.8719,1.7957,1.7195,1.6432,1.5679,1.4956,1.4262,1.3597,1.306,1.261,1.2141,1.1711,1.132,1.0997,1.0733,1.0547,1.043,1.0381,1.0391,1.045,1.0557,1.0704,1.088,1.1075,1.129,1.1525,1.1769,1.2014,1.2239,1.2454,1.2649,1.2815,1.2962,1.3069,1.3148,1.3206,1.3245,1.3255,1.3245,1.3216,1.3177,1.3118,1.305,1.2962,1.2874,1.2796,1.2747,1.2717,1.2864,1.3177,1.3568,1.4115,1.4848,1.5777,1.6891,1.8152,1.9521,2.0929,2.2131,2.3187,2.4311,2.5376,2.6315,2.7087,2.7674,2.8074,2.828,2.8309,2.8182,2.7908,2.7546,2.7116,2.6588,2.5973,2.5298,2.4565,2.3783,2.2962,2.2102,2.1212,2.0303,1.9384,1.8563,1.7801,1.697,1.6109,1.5269,1.4448,1.3666,1.2923,1.2239,1.1632,1.1114,1.0674,1.0303,1.0068,0.99218,0.98143,0.97654,0.97752,0.98436,0.99707,1.0147,1.0371,1.0616,1.088,1.1153,1.1417,1.1662,1.1896,1.2111,1.2297,1.2454,1.2571,1.2649,1.2698,1.2717,1.2708,1.2678,1.262,1.2571,1.2512,1.2414,1.2287,1.2131,1.1965,1.1789,1.1632,1.1505,1.1447,1.1496,1.1701,1.2023,1.2483,1.3177,1.4106,1.523,1.65,1.7879,1.9296,2.0694,2.2004,2.3177,2.4203,2.5044,2.5611,2.5973,2.6227,2.6354,2.6344,2.6188,2.5914,2.5523,2.5034,2.4457,2.3822,2.3128,2.2473,2.1828,2.1095,2.0303,1.9472,1.8602,1.7713,1.6813,1.5904,1.5005,1.4135,1.3304,1.2512,1.1877,1.1359,1.0841,1.0362,0.99511,0.96285,0.93939,0.92571,0.91984,0.92278,0.93451,0.9521,0.97361,0.99902,1.0293,1.0626,1.0978,1.1339,1.1701,1.2053,1.2385,1.2698,1.2972,1.3206,1.3402,1.3558,1.3675,1.3763,1.3822,1.3851,1.3851,1.3822,1.3763,1.3695,1.3607,1.3509,1.3402,1.3314,1.3245,1.3206,1.3236,1.3372,1.3666,1.4154,1.4848,1.5748,1.6843,1.8094,1.9462,2.088,2.2092,2.3167,2.4291,2.5367,2.6315,2.7087,2.7674,2.8055,2.824,2.826,2.8113,2.784,2.7468,2.7019,2.6471,2.5846,2.5152,2.4399,2.3607,2.2786,2.1935,2.1056,2.0166,1.9257,1.8348,1.7566,1.6852,1.608,1.5308,1.4565,1.3881,1.3255,1.2698,1.2219,1.1828,1.1525,1.131,1.1202,1.1163,1.1163,1.1222,1.1329,1.1486,1.1691,1.1926,1.218,1.2454,1.2727,1.2991,1.3255,1.349,1.3695,1.3891,1.4066,1.4223,1.434,1.4438,1.4506,1.4555,1.4575,1.4575,1.4545,1.4516,1.4477,1.4409,1.4311,1.4194,1.4066,1.3939,1.3851,1.3832,1.392,1.4164,1.4585,1.52,1.5875,1.6647,1.7674,1.8856,2.0127,2.1417,2.2678,2.3842,2.4878,2.6109,2.7361,2.8162,2.8592,2.8768,2.8807,2.871,2.8475,2.8123,2.7674,2.7136,2.653,2.5865,2.5152,2.4389,2.3675,2.2981,2.2199,2.1359,2.0489,1.9589,1.869,1.7801,1.6931,1.61,1.5298,1.4555,1.3861,1.3304,1.2864,1.2424,1.2014,1.1672,1.1408,1.1222,1.1114,1.1075,1.1105,1.1193,1.1329,1.1496,1.1691,1.1916,1.216,1.2414,1.2669,1.2903,1.3128,1.3333,1.3509,1.3656,1.3773,1.3871,1.3949,1.4008,1.4037,1.4037,1.4018,1.3969,1.39,1.3822,1.3724,1.3617,1.35,1.3392,1.3324,1.3294,1.3324,1.346,1.3744,1.4213,1.4897,1.5797,1.6891,1.8162,1.9541,2.0958,2.2366,2.3529,2.4506,2.5494,2.6383,2.7116,2.7683,2.8084,2.8309,2.8368,2.826,2.8016,2.7644,2.7214,2.6725,2.6149,2.5494,2.478,2.4018,2.3216,2.2375,2.1505,2.0606,1.9677,1.8739,1.7801,1.6989,1.6256,1.5455,1.4663,1.39,1.3196,1.2561,1.1994,1.1505,1.1095,1.0762,1.0518,1.0381,1.0332,1.0323,1.0371,1.0459,1.0596,1.0782,1.0997,1.1232,1.1476,1.173,1.1975,1.2209,1.2424,1.26,1.2757,1.2874,1.2952,1.3001,1.3011,1.2981,1.2923,1.2845,1.2747,1.263,1.2542,1.2454,1.2326,1.217,1.2004,1.1828,1.1662,1.1535,1.1486,1.1554,1.1789,1.2219,1.2864,1.3587,1.4428,1.5523,1.6794,1.8182,1.9609,2.1026,2.2356,2.3558,2.4594,2.5445,2.61,2.65,2.6696,2.6784,2.6745,2.6569,2.6256,2.5846,2.5337,2.4751,2.4086,2.3363,2.259,2.1779,2.1036,2.0313,1.9501,1.8641,1.7752,1.6852,1.5953,1.5054,1.4184,1.3363,1.259,1.1887,1.1349,1.0919,1.0489,1.0108,0.98045,0.95992,0.94819,0.94526,0.95112,0.96481,0.98534,1.0117,1.043,1.0753,1.1085,1.1457,1.1828,1.2199,1.2551,1.2884,1.3177,1.3431,1.3636,1.3793,1.391,1.3998,1.4057,1.4076,1.4066,1.4037,1.3978,1.391,1.3822,1.3724,1.3607,1.348,1.3353,1.3255,1.3216,1.3265,1.3402,1.3695,1.4194,1.4907,1.5836,1.6979,1.8289,1.9717,2.1202,2.2669,2.3881,2.4907,2.5953,2.6901,2.7683,2.827,2.8661,2.8847,2.8856,2.87,2.8407,2.7986,2.7507,2.6979,2.6354,2.565,2.5103,2.4614,2.393,2.3128,2.2258,2.1349,2.0411,1.9472,1.8553,1.7761,1.7058,1.6305,1.5562,1.4878,1.4262,1.3734,1.3294,1.2942,1.2678,1.2512,1.2424,1.2424,1.2483,1.259,1.2747,1.2952,1.3206,1.349,1.3793,1.4106,1.4418,1.4721,1.5015,1.5288,1.5523,1.5718,1.5894,1.6061,1.6197,1.6305,1.6373,1.6422,1.6442,1.6432,1.6393,1.6334,1.6276,1.6207,1.61,1.5963,1.5816,1.5679,1.5582,1.5562,1.5679,1.5953,1.6432,1.7126,1.8035,1.8944,1.9912,2.1095,2.2405,2.3734,2.5005,2.6188,2.7224,2.8094,2.8778,2.9267,2.956,2.9658,2.9599,2.9433,2.9159,2.8768,2.828,2.7703,2.7067,2.6373,2.564,2.4858,2.4047,2.3196,2.2424,2.1681,2.0841,1.9951,1.9042,1.8133,1.7243,1.6393,1.5582,1.4829,1.4135,1.3519,1.305,1.2678,1.2317,1.2014,1.1779,1.1623,1.1544,1.1535,1.1593,1.172,1.1887,1.2102,1.2346,1.259,1.2845,1.3109,1.3382,1.3646,1.3891,1.4106,1.4282,1.4418,1.4516,1.4585,1.4614,1.4643,1.4653,1.4633,1.4604,1.4555,1.4497,1.4428,1.434,1.4233,1.4125,1.4027,1.3959,1.3969,1.4057,1.4252,1.4633,1.521,1.6012,1.7019,1.8211,1.955,2.0978,2.2434,2.3851,2.5171,2.6207,2.7038,2.783,2.8495,2.8983,2.9306,2.9453,2.9423,2.9247,2.8935,2.8514,2.7996,2.74,2.6794,2.6178,2.5474,2.4712,2.39,2.306,2.219,2.129,2.0391,1.9482,1.8583,1.7693,1.6931,1.6246,1.5523,1.48,1.4106,1.347,1.2903,1.2414,1.2014,1.1701,1.1466,1.131,1.1241,1.1251,1.1339,1.1466,1.1623,1.1818,1.2053,1.2317,1.2581,1.2845,1.3099,1.3333,1.3548,1.3724,1.3871,1.3988,1.4066,1.4106,1.4106,1.4076,1.4018,1.3939,1.3842,1.3715,1.3568,1.3451,1.3343,1.3196,1.3021,1.2835,1.2669,1.2561,1.2542,1.2649,1.2923,1.3412,1.4125,1.5064,1.6031,1.7058,1.8319,1.9717,2.1153,2.2561,2.3871,2.5044,2.6041,2.6843,2.7439,2.783,2.8006,2.8006,2.7889,2.7644,2.7292,2.6833,2.6285,2.566,2.4976,2.4233,2.3431,2.259,2.1701,2.089,2.0117,1.9247,1.8338,1.741,1.6491,1.5601,1.4741,1.393,1.3177,1.2209,1.1173,1.0499,1.0039,0.96481,0.93451,0.913,0.90225,0.90127,0.90811,0.92278,0.94428,0.97263,1.0059,1.042,1.0782,1.1153,1.1544,1.1926,1.2287,1.262,1.2913,1.3157,1.3343,1.348,1.3578,1.3627,1.3656,1.3666,1.3627,1.3558,1.347,1.3353,1.3206,1.304,1.2854,1.2669,1.2483,1.2317,1.2209,1.218,1.2268,1.2502,1.2942,1.3617,1.4555,1.5738,1.7146,1.871,2.0371,2.2053,2.3656,2.4946,2.5992,2.7019,2.7918,2.8622,2.9101,2.9365,2.9413,2.9277,2.8983,2.8543,2.7977,2.7312,2.6647,2.5953,2.5161,2.4282,2.3353,2.2375,2.1369,2.0323,1.9257,1.8192,1.7146,1.6129,1.5279,1.4545,1.3783,1.305,1.2385,1.1808,1.1329,1.0968,1.0723,1.0596,1.0587,1.0674,1.085,1.1095,1.1388,1.174,1.2131,1.2551,1.2991,1.3441,1.3881,1.4311,1.4712,1.5083,1.5406,1.566,1.5855,1.6031,1.6158,1.6246,1.6285,1.6285,1.6256,1.6188,1.609,1.5973,1.5836,1.5679,1.5533,1.5376,1.52,1.5024,1.4897,1.4848,1.4946,1.5239,1.5738,1.6471,1.7439,1.8622,1.9756,2.089,2.2239,2.3675,2.5093,2.6422,2.7605,2.8602,2.9394,2.9971,3.0332,3.0489,3.0469,3.0283,2.9971,2.9541,2.9003,2.8368,2.7654,2.6862,2.6031,2.5152,2.4242,2.3294,2.2326,2.1447,2.0616,1.9697,1.8739,1.7771,1.6823,1.5904,1.5034,1.4223,1.348,1.2815,1.2229,1.175,1.1408,1.1183,1.0987,1.085,1.0782,1.0792,1.086,1.0978,1.1163,1.1398,1.1662,1.1965,1.2258,1.2551,1.2864,1.3187,1.3509,1.3832,1.4154,1.4477,1.4809,1.5161,1.5513,1.5855,1.6158,1.6422,1.6676,1.6882,1.7038,1.7116,1.7126,1.7048,1.6891,1.6657,1.6364,1.6012,1.5611,1.5239,1.4878,1.4467,1.4027,1.3587,1.3148,1.2727,1.2326,1.1955,1.1603,1.1281,1.0987,1.0782,1.0635,1.0479,1.0323,1.0196,1.0088,1.001,0.99511,0.9912,0.98827,0.98729,0.98827,0.99022,0.99609,1.0029,1.0078,1.0127,1.0176,1.0215,1.0254,1.0283,1.0323,1.0352,1.0371,1.0381,1.0411,1.044,1.044,1.043,1.0411,1.0391,1.0371,1.0352,1.0342,1.0332,1.0313,1.0293,1.0283,1.0303,1.0342,1.0362,1.0371,1.0626,1.0997,1.1183,1.1281,1.1339,1.1369,1.1398,1.1417,1.1457,1.1505,1.1535,1.1564,1.1603,1.1642,1.1691,1.174,1.1799,1.1857,1.1916,1.1975,1.2023,1.2082,1.2151,1.2199,1.2248,1.2317,1.2444,1.2678,1.3089,1.3724,1.4643,1.5855,1.7361,1.8847,2.0381,2.2248,2.4272,2.6315,2.827,3.0049,3.1603,3.2884,3.3881,3.4575,3.4966,3.5083,3.4956,3.4624,3.4135,3.35,3.2737,3.1867,3.0909,2.9883,2.8807,2.7683,2.654,2.5367,2.4301,2.3304,2.2229,2.1114,2.001,1.8925,1.7889,1.6921,1.6012,1.5171,1.4409,1.3734,1.3157,1.2737,1.2434,1.217,1.1984,1.1887,1.1877,1.1945,1.2102,1.2326,1.261,1.2933,1.3294,1.3646,1.3988,1.436,1.4731,1.5083,1.5406,1.5689,1.5934,1.6129,1.6276,1.6373,1.6422,1.6432,1.6413,1.6364,1.6276,1.6149,1.6002,1.5826,1.564,1.5435,1.522,1.4995,1.477,1.4555,1.4399,1.4282,1.4203,1.4194,1.4291,1.4555,1.5005,1.5679,1.6559,1.7634,1.8886,2.0254,2.1681,2.2913,2.3998,2.5152,2.6246,2.7214,2.8006,2.8602,2.9003,2.9218,2.9247,2.913,2.8866,2.8504,2.8055,2.7507,2.6872,2.6168,2.5396,2.4575,2.3705,2.2796,2.1857,2.089,1.9912,1.8925,1.8065,1.7283,1.6442,1.5591,1.477,1.4018,1.3343,1.2757,1.2268,1.1887,1.1613,1.1447,1.1398,1.1447,1.1574,1.1779,1.2063,1.2405,1.2796,1.3236,1.3695,1.4164,1.4633,1.5083,1.5474,1.5816,1.6149,1.6461,1.6735,1.696,1.7136,1.7263,1.7341,1.737,1.738,1.7361,1.7302,1.7234,1.7146,1.7028,1.6872,1.6696,1.653,1.6393,1.6325,1.6373,1.6579,1.6979,1.7605,1.8289,1.9081,2.0156,2.1427,2.2815,2.4242,2.565,2.6979,2.8182,2.9218,3.0068,3.0714,3.1163,3.1369,3.1388,3.13,3.1085,3.0743,3.0283,2.9726,2.9091,2.8368,2.7586,2.6755,2.5885,2.5064,2.4272,2.3392,2.2454,2.1496,2.0538,1.958,1.8641,1.7732,1.6862,1.6051,1.5298,1.4624,1.4096,1.3685,1.3284,1.2952,1.2688,1.2502,1.2395,1.2356,1.2385,1.2473,1.262,1.2815,1.3021,1.3236,1.348,1.3734,1.3998,1.4252,1.4487,1.4702,1.4897,1.5064,1.521,1.4829,1.4174,1.3861,1.3724,1.3646,1.3607,1.3578,1.3539,1.349,1.3421,1.3343,1.3245,1.3148,1.306,1.3001,1.2981,1.304,1.3206,1.3519,1.4008,1.4673,1.5513,1.652,1.7634,1.8807,1.999,2.1144,2.2072,2.2835,2.3597,2.4272,2.4819,2.521,2.5455,2.5543,2.5484,2.5298,2.4995,2.4604,2.4164,2.3695,2.3157,2.2561,2.1926,2.1251,2.0547,1.9824,1.9081,1.8319,1.7546,1.6774,1.6012,1.5347,1.4751,1.4106,1.346,1.2835,1.2258,1.173,1.1261,1.086,1.0538,1.0283,1.0098,1.001,0.99902,1,1.0059,1.0166,1.0313,1.0489,1.0694,1.0929,1.1183,1.1437,1.1691,1.1935,1.2151,1.2346,1.2532,1.2698,1.2835,1.2942,1.3021,1.3069,1.3099,1.3099,1.3079,1.304,1.3011,1.2972,1.2903,1.2815,1.2717,1.263,1.2561,1.2551,1.262,1.2815,1.3167,1.3705,1.4428,1.5171,1.5982,1.7019,1.8182,1.9394,2.0596,2.173,2.2766,2.3666,2.4399,2.4966,2.5357,2.5552,2.5591,2.5523,2.5347,2.5073,2.4702,2.4242,2.3715,2.3138,2.2512,2.1848,2.1153,2.0499,1.9873,1.9179,1.8436,1.7664,1.6882,1.61,1.5327,1.4575,1.3861,1.3177,1.2542,1.1965,1.1515,1.1153,1.0782,1.045,1.0176,0.99707,0.98338,0.97752,0.97752,0.98338,0.99413,1.0098,1.0274,1.0469,1.0684,1.0919,1.1163,1.1388,1.1603,1.1799,1.1975,1.2121,1.2229,1.2297,1.2336,1.2366,1.2375,1.2346,1.2287,1.2209,1.2111,1.2004,1.1877,1.174,1.1593,1.1437,1.129,1.1193,1.1144,1.1124,1.1193,1.1388,1.174,1.2287,1.3021,1.393,1.4985,1.6149,1.737,1.8602,1.9629,2.0518,2.1417,2.2248,2.2942,2.349,2.3871,2.4086,2.4145,2.4066,2.3871,2.3568,2.3206,2.2796,2.2287,2.172,2.1095,2.042,1.9717,1.8993,1.824,1.7458,1.6667,1.5865,1.5073,1.4389,1.3773,1.3099,1.2405,1.174,1.1124,1.0567,1.0078,0.96579,0.93157,0.90616,0.88856,0.88074,0.88172,0.88759,0.89932,0.91691,0.93939,0.96579,0.99609,1.0283,1.0616,1.0948,1.1271,1.1574,1.1848,1.2082,1.2297,1.2493,1.2649,1.2757,1.2825,1.2845,1.2845,1.2815,1.2757,1.2678,1.261,1.2542,1.2444,1.2326,1.2199,1.2542,1.3118,1.3392,1.3578,1.3803,1.4164,1.4702,1.5455,1.6266,1.7165,1.8319,1.9638,2.1056,2.2483,2.3851,2.5122,2.6227,2.7146,2.7859,2.8368,2.8641,2.871,2.8671,2.8495,2.8192,2.7781,2.7263,2.6657,2.5982,2.5239,2.4438,2.3578,2.2669,2.1828,2.1017,2.0117,1.9159,1.8192,1.7243,1.6315,1.5435,1.4604,1.3851,1.3177,1.26,1.219,1.1906,1.1662,1.1505,1.1447,1.1486,1.1632,1.1877,1.2199,1.2581,1.3021,1.349,1.3978,1.4418,1.4829,1.5259,1.5679,1.607,1.6413,1.6716,1.696,1.7155,1.7302,1.74,1.7449,1.7468,1.7458,1.74,1.7312,1.7195,1.7048,1.6882,1.6696,1.6491,1.6285,1.608,1.5904,1.5787,1.5758,1.5836,1.608,1.653,1.7195,1.8074,1.915,2.0381,2.1711,2.3079,2.4418,2.5679,2.6667,2.7449,2.8211,2.8866,2.9355,2.9677,2.9834,2.9834,2.9677,2.9394,2.8993,2.8485,2.7947,2.737,2.6696,2.5953,2.5171,2.435,2.35,2.263,2.174,2.0821,1.9892,1.8974,1.8074,1.7312,1.6637,1.5924,1.523,1.4585,1.3998,1.349,1.306,1.2708,1.2434,1.2248,1.2131,1.2102,1.2131,1.2199,1.2307,1.2463,1.2659,1.2884,1.3118,1.3363,1.3607,1.3842,1.4057,1.4242,1.4399,1.4536,1.4653,1.4741,1.48,1.4829,1.4839,1.4829,1.4809,1.477,1.4721,1.4653,1.4604,1.4545,1.4457,1.436,1.4282,1.4242,1.4282,1.4448,1.478,1.5308,1.6041,1.6999,1.8143,1.9238,2.0323,2.1613,2.2962,2.4272,2.5494,2.6579,2.7498,2.8231,2.8759,2.9101,2.9267,2.9257,2.9101,2.8847,2.8495,2.8045,2.7507,2.6891,2.6217,2.5484,2.4712,2.391,2.3069,2.2209,2.1437,2.0694,1.9863,1.9003,1.8133,1.7273,1.6432,1.563,1.4878,1.4184,1.3568,1.3021,1.261,1.2307,1.2033,1.1818,1.1672,1.1593,1.1593,1.1652,1.176,1.1926,1.2121,1.2346,1.259,1.2835,1.3069,1.3304,1.3539,1.3754,1.3939,1.4106,1.4233,1.4321,1.4379,1.4399,1.4379,1.436,1.433,1.4252,1.4145,1.4018,1.3871,1.3705,1.3529,1.3333,1.3138,1.2952,1.2805,1.2737,1.2757,1.2884,1.3167,1.3646,1.435,1.5269,1.6373,1.7634,1.8993,2.0391,2.176,2.2952,2.3842,2.4624,2.5415,2.6109,2.6637,2.6989,2.7155,2.7146,2.697,2.6647,2.6207,2.566,2.5024,2.4399,2.3754,2.3011,2.219,2.132,2.0411,1.9472,1.8514,1.7537,1.654,1.5552,1.4575,1.3744,1.3011,1.2229,1.1457,1.0733,1.0078,0.95112,0.90518,0.87097,0.84751,0.83578,0.83578,0.84555,0.86413,0.88954,0.92082,0.95797,1,1.045,1.0919,1.1378,1.1818,1.2229,1.26,1.2903,1.3148,1.3333,1.347,1.3558,1.3597,1.3597,1.3548,1.346,1.3353,1.3216,1.306,1.2884,1.2737,1.261,1.2444,1.2278,1.2131,1.2033,1.2043,1.2209,1.2551,1.3118,1.391,1.4936,1.6168,1.7361,1.8553,1.9932,2.1378,2.2786,2.4086,2.522,2.6168,2.6901,2.741,2.7703,2.7801,2.7722,2.7507,2.7175,2.6735,2.6188,2.5543,2.4819,2.4018,2.3148,2.2229,2.1261,2.0264,1.9247,1.8348,1.7507,1.6588,1.566,1.4761,1.393,1.3196,1.2561,1.2043,1.1632,1.1339,1.1163,1.1105,1.1153,1.1281,1.1486,1.176,1.2092,1.2473,1.2874,1.3284,1.3695,1.4096,1.4487,1.4858,1.5161,1.5425,1.567,1.5885,1.6061,1.6197,1.6295,1.6354,1.6373,1.6364,1.6315,1.6237,1.6158,1.607,1.5943,1.5787,1.5611,1.5415,1.521,1.5015,1.4858,1.477,1.48,1.4995,1.5396,1.5894,1.654,1.7478,1.8641,1.999,2.1437,2.2923,2.4379,2.5748,2.697,2.8016,2.8866,2.9423,2.9756,2.999,3.0078,3.002,2.9814,2.9472,2.9022,2.8465,2.781,2.7087,2.6305,2.5474,2.4692,2.393,2.3089,2.2199,2.1281,2.0342,1.9394,1.8446,1.7507,1.6608,1.5738,1.4927,1.4272,1.3724,1.3167,1.2649,1.2199,1.1828,1.1554,1.1359,1.1241,1.1202,1.1222,1.13,1.1437,1.1603,1.1789,1.2004,1.2229,1.2454,1.2678,1.2893,1.3079,1.3236,1.3363,1.346,1.3529,1.3578,1.3597,1.3578,1.3529,1.3441,1.3333,1.3196,1.305,1.2884,1.2708,1.2522,1.2336,1.216,1.2043,1.1975,1.1955,1.2033,1.2268,1.2708,1.3363,1.4252,1.5357,1.6637,1.8055,1.9521,2.0782,2.1906,2.3089,2.4203,2.5171,2.5963,2.6569,2.6979,2.7195,2.7234,2.7107,2.6823,2.6422,2.5963,2.5455,2.4848,2.4164,2.3421,2.2766,2.216,2.1447,2.0655,1.9804,1.8925,1.8035,1.7253,1.653,1.5728,1.4897,1.4086,1.3314,1.259,1.1945,1.1388,1.0919,1.0547,1.0283,1.0127,1.0088,1.0147,1.0264,1.0459,1.0714,1.1026,1.1378,1.175,1.2131,1.2512,1.2874,1.3206,1.349,1.3724,1.392,1.4066,1.4174,1.4242,1.4262,1.4252,1.4223,1.4164,1.4086,1.3978,1.3891,1.3812,1.3705,1.3568,1.3421,1.3284,1.3167,1.3099,1.3118,1.3255,1.3558,1.4057,1.4761,1.5533,1.6403,1.7527,1.8837,2.0254,2.1701,2.3118,2.4448,2.563,2.6637,2.7439,2.8045,2.8407,2.8573,2.8631,2.8563,2.8368,2.8055,2.7654,2.7165,2.6608,2.5982,2.5308,2.4604,2.3871,2.3196,2.2532,2.1799,2.1026,2.0254,1.9501,1.8778,1.8113,1.7527,1.7019,1.6598,1.6266,1.6051,1.5943,1.5924,1.5982,1.6149,1.6413,1.6764,1.7195,1.7693,1.824,1.8827,1.9443,2.0068,2.0606,2.1095,2.1642,2.219,2.2727,2.3245,2.3744,2.4203,2.4633,2.5024,2.5367,2.566,2.5855,2.5973,2.608,2.6149,2.6168,2.6129,2.6031,2.5904,2.5758,2.563,2.5552,2.5562,2.5689,2.5846,2.608,2.65,2.7048,2.7674,2.8328,2.8983,2.9599,3.0156,3.0616,3.0978,3.1222,3.131,3.129,3.1232,3.1124,3.0958,3.0743,3.0479,3.0186,2.9873,2.9541,2.9198,2.8856,2.8495,2.8123,2.7752,2.7351,2.6931,2.6491,2.6051,2.5621,2.521,2.4839,2.4516,2.4242,2.4037,2.3861,2.3724,2.3627,2.3558,2.35,2.3441,2.3363,2.3255,2.3128,2.2952,2.2737,2.2483,2.218,2.1877,2.1564,2.1193,2.0782,2.0352,1.9902,1.9433,1.8944,1.8446,1.7947,1.7439,1.6921,1.6471,1.6051,1.5582,1.5093,1.4604,1.4125,1.3646,1.3187,1.2737,1.2297,1.1867,1.1457,1.1046,1.0723,1.0459,1.0176,0.99218,0.97361,0.96872,0.9824,1.0166,1.0733,1.1515,1.2502,1.3646,1.4721,1.5758,1.6882,1.7986,1.8993,1.9863,2.0557,2.1065,2.1378,2.1515,2.1486,2.131,2.1007,2.0665,2.0264,1.9756,1.9159,1.8514,1.782,1.7097,1.6334,1.5543,1.4741,1.393,1.3128,1.2444,1.1828,1.1134,1.042,0.97067,0.90127,0.83578,0.77615,0.72141,0.67253,0.6305,0.59531,0.68622,0.84457,0.92082,0.95894,0.98143,0.99804,1.0147,1.0332,1.0538,1.0762,1.1007,1.1281,1.1564,1.1838,1.2111,1.2375,1.262,1.2854,1.306,1.3236,1.3382,1.35,1.3587,1.3656,1.3695,1.3734,1.3773,1.3783,1.3763,1.3734,1.3685,1.3627,1.3568,1.3519,1.3509,1.3568,1.3724,1.4008,1.4379,1.4848,1.5484,1.6266,1.7155,1.8113,1.9091,2.0049,2.0958,2.1789,2.2512,2.3118,2.3548,2.3842,2.4066,2.4184,2.4203,2.4135,2.3978,2.3754,2.347,2.3128,2.2747,2.2317,2.1857,2.1427,2.1007,2.0528,2.001,1.9462,1.8886,1.8309,1.7722,1.7146,1.6588,1.607,1.5582,1.5191,1.4878,1.4545,1.4242,1.3969,1.3744,1.3568,1.3451,1.3382,1.3353,1.3372,1.3431,1.3519,1.3636,1.3793,1.3969,1.4154,1.434,1.4536,1.4731,1.4917,1.5093,1.5249,1.5376,1.5494,1.5591,1.567,1.5728,1.5758,1.5767,1.5758,1.5728,1.5679,1.5621,1.5543,1.5464,1.5376,1.5298,1.5249,1.5249,1.5279,1.5386,1.5591,1.5924,1.6403,1.7019,1.7761,1.8602,1.9511,2.045,2.1251,2.1965,2.2698,2.3392,2.3998,2.4487,2.4858,2.5103,2.522,2.523,2.5142,2.4966,2.4702,2.4409,2.4076,2.3675,2.3226,2.2737,2.2219,2.1681,2.1124,2.0547,1.9951,1.9355,1.8768,1.826,1.7801,1.7292,1.6784,1.6295,1.5836,1.5425,1.5054,1.4731,1.4457,1.4242,1.4086,1.3978,1.3939,1.3949,1.3988,1.4047,1.4135,1.4242,1.4379,1.4526,1.4692,1.4868,1.5044,1.521,1.5357,1.5494,1.5611,1.5709,1.5787,1.5846,1.5875,1.5885,1.5885,1.5865,1.5826,1.5777,1.5718,1.5679,1.564,1.5562,1.5474,1.5386,1.5318,1.5269,1.5279,1.5357,1.5543,1.5846,1.6295,1.6794,1.7361,1.8084,1.8915,1.9804,2.0714,2.1593,2.2405,2.3128,2.3734,2.4223,2.4575,2.48,2.4897,2.4888,2.4809,2.4653,2.4428,2.4145,2.3803,2.3412,2.2981,2.2522,2.2033,2.1515,2.1046,2.0596,2.0098,1.956,1.9003,1.8446,1.7889,1.7351,1.6833,1.6344,1.5904,1.5503,1.52,1.4966,1.4731,1.4526,1.436,1.4233,1.4154,1.4125,1.4135,1.4184,1.4262,1.4379,1.4526,1.4682,1.4848,1.5024,1.52,1.5367,1.5523,1.6109,1.6911,1.737,1.7644,1.782,1.7928,1.8006,1.8065,1.8084,1.8074,1.8035,1.7977,1.7908,1.784,1.7771,1.7683,1.7595,1.7527,1.7488,1.7498,1.7576,1.7732,1.8016,1.8465,1.9081,1.9853,2.0772,2.1799,2.2893,2.4008,2.5103,2.6002,2.6745,2.7488,2.8152,2.869,2.9081,2.9326,2.9423,2.9394,2.9267,2.9032,2.871,2.8319,2.7918,2.7488,2.6999,2.6452,2.5875,2.5269,2.4624,2.3959,2.3275,2.259,2.1906,2.1232,2.0655,2.0137,1.958,1.9022,1.8495,1.8006,1.7566,1.7185,1.6872,1.6628,1.6442,1.6325,1.6276,1.6295,1.6364,1.6452,1.6569,1.6725,1.6901,1.7097,1.7302,1.7507,1.7693,1.7869,1.8035,1.8182,1.8319,1.8426,1.8514,1.8583,1.8631,1.8661,1.8671,1.8661,1.8631,1.8592,1.8543,1.8485,1.8446,1.8407,1.8338,1.827,1.8211,1.8182,1.8201,1.8309,1.8524,1.8886,1.9413,2.0108,2.0811,2.1564,2.2502,2.3548,2.4633,2.5699,2.6882,2.7869,2.8504,2.9062,2.9501,2.9804,2.9971,3,2.9922,2.9775,2.9541,2.9238,2.8866,2.8436,2.7957,2.7439,2.6891,2.6315,2.5718,2.5171,2.4643,2.4047,2.3421,2.2786,2.2151,2.1525,2.0919,2.0332,1.9775,1.9257,1.8778,1.8358,1.8045,1.781,1.7586,1.739,1.7234,1.7136,1.7097,1.7107,1.7165,1.7263,1.74,1.7566,1.7732,1.7908,1.8094,1.828,1.8456,1.8631,1.8788,1.8915,1.9022,1.9091,1.913,1.914,1.913,1.912,1.9101,1.9052,1.8974,1.8847,1.8729,1.8631,1.8514,1.8397,1.828,1.8172,1.8104,1.8084,1.8143,1.8289,1.8563,1.8983,1.957,2.0303,2.1163,2.2131,2.3148,2.4174,2.5171,2.609,2.6804,2.7361,2.7869,2.8289,2.8592,2.8768,2.8817,2.8759,2.8612,2.8377,2.8074,2.7703,2.7331,2.694,2.6481,2.5973,2.5425,2.4839,2.4223,2.3587,2.2933,2.2278,2.1632,2.0987,2.044,1.9824,1.9238,1.8817,1.8387,1.7977,1.7537,1.7185,1.696,1.6764,1.6628,1.6559,1.654,1.6588,1.6716,1.6872,1.6999,1.7165,1.74,1.7625,1.784,1.8055,1.826,1.8446,1.8612,1.8749,1.8866,1.8964,1.9032,1.9062,1.9062,1.9042,1.9003,1.8944,1.8866,1.8778,1.869,1.7322,1.5298,1.4203,1.3568,1.3187,1.2952,1.2835,1.2864,1.3069,1.348,1.4115,1.5005,1.5943,1.697,1.826,1.9707,2.1222,2.2727,2.4154,2.5445,2.6559,2.7468,2.8152,2.8612,2.8856,2.8905,2.8778,2.8534,2.8172,2.7703,2.7126,2.6471,2.5758,2.4985,2.4164,2.3294,2.2395,2.1574,2.0792,1.9912,1.8993,1.8065,1.7146,1.6246,1.5396,1.4594,1.3851,1.3187,1.262,1.2141,1.1818,1.1613,1.1457,1.1378,1.1388,1.1496,1.1681,1.1935,1.2258,1.263,1.303,1.346,1.3871,1.4262,1.4663,1.5054,1.5425,1.5758,1.6051,1.6295,1.6491,1.6637,1.6735,1.6794,1.6813,1.6813,1.6794,1.6735,1.6657,1.6549,1.6403,1.6237,1.6061,1.5875,1.5709,1.5601,1.5582,1.565,1.5836,1.6217,1.6823,1.7674,1.8749,2.002,2.1427,2.2913,2.4409,2.5855,2.7204,2.8416,2.9316,2.998,3.0596,3.1075,3.1388,3.1535,3.1525,3.1349,3.1036,3.0587,3.0039,2.9413,2.8778,2.8133,2.74,2.6598,2.5758,2.4878,2.3959,2.3021,2.2072,2.1124,2.0186,1.9277,1.8416,1.7703,1.7087,1.6442,1.5826,1.5269,1.479,1.4389,1.4066,1.3822,1.3666,1.3587,1.3587,1.3646,1.3744,1.3871,1.4027,1.4213,1.4428,1.4653,1.4888,1.5112,1.5327,1.5513,1.567,1.5797,1.5894,1.5973,1.6022,1.6031,1.6022,1.5992,1.5953,1.5894,1.5826,1.5738,1.564,1.5523,1.5425,1.5337,1.5239,1.5161,1.5161,1.5269,1.5552,1.6051,1.6794,1.7771,1.8983,2.0371,2.1887,2.3226,2.4467,2.5836,2.7195,2.8456,2.957,3.0499,3.1222,3.174,3.2053,3.218,3.2141,3.1955,3.1652,3.1251,3.0753,3.0186,2.9541,2.8827,2.8065,2.7243,2.6373,2.5474,2.4536,2.3675,2.2864,2.1965,2.1026,2.0078,1.9159,1.827,1.7419,1.6628,1.5904,1.5249,1.4673,1.4184,1.3842,1.3607,1.3412,1.3275,1.3206,1.3216,1.3294,1.3431,1.3617,1.3842,1.4096,1.435,1.4585,1.4809,1.5034,1.5239,1.5435,1.5591,1.5718,1.5816,1.5885,1.5924,1.5934,1.5914,1.5865,1.5816,1.5758,1.567,1.5552,1.5415,1.5269,1.5122,1.4976,1.4868,1.4829,1.4888,1.5093,1.5415,1.5885,1.6608,1.7595,1.8807,2.0196,2.172,2.2796,2.3587,2.4653,2.5767,2.6813,2.7722,2.8368,2.8807,2.9179,2.9423,2.9521,2.9462,2.9267,2.8954,2.8534,2.8016,2.741,2.6725,2.6061,2.5376,2.4604,2.3783,2.2903,2.1984,2.1036,2.0078,1.912,1.8172,1.7243,1.6344,1.5494,1.48,1.4213,1.3607,1.303,1.2512,1.2063,1.1701,1.1417,1.1222,1.1095,1.1036,1.1036,1.1105,1.1222,1.1369,1.1554,1.176,1.1984,1.2219,1.2463,1.2688,1.2884,1.305,1.3177,1.3255,1.3314,1.3353,1.3343,1.3304,1.3216,1.3099,1.2952,1.2786,1.261,1.2424,1.2229,1.2023,1.1867,1.175,1.1623,1.1554,1.1564,1.1711,1.2043,1.26,1.3392,1.4428,1.567,1.7067,1.8573,1.9922,2.1163,2.2522,2.3851,2.5083,2.6149,2.7038,2.7722,2.8211,2.8504,2.8602,2.8524,2.8309,2.7986,2.7556,2.7019,2.6383,2.567,2.4888,2.4057,2.3177,2.2268,2.1329,2.0371,1.9384,1.8514,1.7703,1.6804,1.5875,1.4966,1.4096,1.3284,1.2542,1.1896,1.1339,1.088,1.0508,1.0274,1.0156,1.0088,1.0098,1.0186,1.0342,1.0557,1.0821,1.1114,1.1427,1.176,1.2102,1.2434,1.2737,1.3011,1.3265,1.35,1.3715,1.3881,1.3988,1.4047,1.4066,1.4047,1.4008,1.3939,1.3881,1.3812,1.3695,1.3558,1.3402,1.3236,1.3069,1.2923,1.2815,1.2786,1.2893,1.3177,1.3568,1.4115,1.4936,1.6002,1.7302,1.8768,2.0352,2.1994,2.3627,2.5171,2.6579,2.7801,2.8817,2.9511,2.9951,3.0283,3.0459,3.0469,3.0323,3.0029,2.9609,2.9071,2.8436,2.7722,2.695,2.6197,2.5445,2.4604,2.3695,2.2737,2.175,2.0753,1.9756,1.8778,1.783,1.6931,1.61,1.5337,1.4741,1.4252,1.3773,1.3363,1.304,1.2805,1.2669,1.26,1.262,1.2717,1.2874,1.3089,1.3324,1.3578,1.3881,1.4203,1.4545,1.4888,1.522,1.5533,1.5826,1.608,1.6295,1.6461,1.6598,1.6706,1.6774,1.6813,1.6823,1.6794,1.6735,1.6657,1.654,1.6393,1.6227,1.6041,1.5855,1.5709,1.5611,1.5582,1.567,1.5924,1.6383,1.7067,1.7996,1.915,2.0479,2.1935,2.3441,2.4936,2.6178,2.7224,2.8299,2.9296,3.0147,3.0811,3.1281,3.1544,3.1613,3.1505,3.1241,3.0841,3.0362,2.9413,2.8182,2.7185,2.6276,2.5406,2.4536,2.3646,2.2727,2.1799,2.085,1.9902,1.8954,1.8123,1.737,1.6559,1.5738,1.4936,1.4184,1.3509,1.2903,1.2366,1.1916,1.1544,1.1271,1.1105,1.1026,1.0987,1.0997,1.1065,1.1183,1.1339,1.1525,1.174,1.1975,1.2219,1.2454,1.2678,1.2884,1.3069,1.3236,1.3363,1.347,1.3539,1.3578,1.3587,1.3587,1.3558,1.35,1.3431,1.3363,1.3294,1.3187,1.3069,1.2952,1.2845,1.2776,1.2786,1.2923,1.3236,1.3744,1.4487,1.5455,1.6432,1.7478,1.8768,2.0196,2.1681,2.3148,2.4536,2.5797,2.6911,2.7849,2.8592,2.914,2.9433,2.9541,2.9541,2.9423,2.9189,2.8827,2.8348,2.7781,2.7126,2.6393,2.5611,2.478,2.391,2.3099,2.2307,2.1427,2.0499,1.9531,1.8553,1.7595,1.6657,1.5758,1.4907,1.4115,1.3392,1.2825,1.2375,1.1935,1.1544,1.1222,1.0978,1.0821,1.0743,1.0743,1.0821,1.0958,1.1153,1.1388,1.1623,1.1867,1.2131,1.2395,1.2649,1.2884,1.3109,1.3304,1.347,1.3587,1.3666,1.3715,1.3744,1.3754,1.3724,1.3675,1.3607,1.3519,1.3421,1.3294,1.3148,1.2981,1.2815,1.2698,1.2649,1.2688,1.2854,1.3196,1.3744,1.4526,1.5533,1.6745,1.8113,1.958,2.1085,2.2571,2.3978,2.5093,2.5992,2.6862,2.7615,2.8221,2.8641,2.8876,2.8915,2.8798,2.8534,2.8152,2.7664,2.7136,2.6549,2.5875,2.5122,2.4301,2.3421,2.2493,2.1535,2.0538,1.9521,1.8485,1.7449,1.6432,1.5572,1.48,1.3969,1.3148,1.2366,1.1652,1.1017,1.0469,1.001,0.96481,0.93939,0.92278,0.91789,0.92082,0.92766,0.93939,0.95797,0.98143,1.0078,1.0362,1.0665,1.0968,1.1261,1.1525,1.176,1.1955,1.2111,1.2248,1.2346,1.2414,1.2444,1.2444,1.2414,1.2346,1.2258,1.2151,1.2033,1.1935,1.1848,1.172,1.1584,1.1447,1.1339,1.13,1.1369,1.1593,1.2014,1.2678,1.3587,1.4731,1.5865,1.7048,1.8465,2,2.1554,2.305,2.4418,2.563,2.6657,2.7478,2.8084,2.8465,2.8612,2.8583,2.8426,2.8133,2.7703,2.7146,2.6491,2.5748,2.4936,2.4066,2.3157,2.2199,2.1202,2.0293,1.9413,1.8426,1.74,1.6364,1.5337,1.436,1.3646,1.3109,1.2502,1.1916,1.1378,1.0987,1.0704,1.044,1.0244,1.0127,1.0108,1.0176,1.0323,1.0538,1.0811,1.1134,1.1486,1.1848,1.219,1.2522,1.2884,1.3236,1.3568,1.3861,1.4115,1.433,1.4497,1.4614,1.4702,1.4751,1.477,1.477,1.4741,1.4682,1.4594,1.4487,1.437,1.4242,1.4125,1.4018,1.3969,1.3998,1.4154,1.4399,1.478,1.5396,1.6256,1.7341,1.8631,2.0068,2.1593,2.3138,2.4643,2.6061,2.7331,2.8289,2.9003,2.9658,3.0176,3.0528,3.0694,3.0674,3.0489,3.0156,2.9697,2.913,2.8465,2.7722,2.6989,2.6237,2.5386,2.4467,2.3509,2.2532,2.1525,2.0508,1.9501,1.8514,1.7556,1.6637,1.5885,1.5239,1.4585,1.3978,1.3441,1.2981,1.262,1.2346,1.216,1.2063,1.2043,1.2082,1.219,1.2346,1.2551,1.2786,1.304,1.3304,1.3568,1.3832,1.4076,1.4301,1.4506,1.4682,1.4829,1.4936,1.5024,1.5093,1.5132,1.5152,1.5142,1.5112,1.5064,1.4995,1.4917,1.4829,1.4721,1.4633,1.4565,1.4477,1.4428,1.4448,1.4594,1.4917,1.5464,1.6246,1.7253,1.8475,1.9863,2.1359,2.2678,2.3871,2.5181,2.6461,2.7634,2.8651,2.9472,3.0108,3.0547,3.0782,3.0831,3.0714,3.045,3.0068,2.958,2.9003,2.8348,2.7615,2.6823,2.5973,2.5083,2.4154,2.3177,2.217,2.1144,2.0235,1.9384,1.8456,1.7507,1.6579,1.5689,1.4848,1.4066,1.3353,1.2727,1.219,1.174,1.1427,1.1222,1.1056,1.0948,1.0909,1.0948,1.1046,1.1202,1.1408,1.1652,1.1935,1.2229,1.2532,1.2815,1.3069,1.3314,1.3529,1.3715,1.3871,1.3978,1.4057,1.4106,1.4125,1.4106,1.4057,1.4018,1.3969,1.3881,1.3773,1.3636,1.349,1.3343,1.3216,1.3138,1.3148,1.3304,1.3646,1.4213,1.4868,1.567,1.6764,1.8084,1.957,2.1144,2.2747,2.4311,2.5758,2.7058,2.8172,2.9081,2.9677,3.0039,3.0303,3.043,3.0401,3.0225,2.9912,2.9482,2.8944,2.8309,2.7586,2.6794,2.5953,2.5161,2.437,2.349,2.2561,2.1584,2.0577,1.955,1.8534,1.7537,1.6569,1.564,1.477,1.4066,1.348,1.2874,1.2317,1.1828,1.1408,1.1085,1.085,1.0694,1.0616,1.0616,1.0684,1.0821,1.0997,1.1193,1.1398,1.1642,1.1906,1.217,1.2424,1.2659,1.2874,1.305,1.3187,1.3284,1.3353,1.3382,1.3382,1.3343,1.3265,1.3167,1.305,1.2903,1.2747,1.2561,1.2356,1.2141,1.1945,1.1808,1.175,1.175,1.1877,1.218,1.2698,1.3451,1.4438,1.563,1.6989,1.8456,1.9971,2.1271,2.2424,2.3646,2.4809,2.5826,2.6657,2.7302,2.7752,2.7996,2.8065,2.7967,2.7713,2.7341,2.6901,2.6403,2.5806,2.5122,2.437,2.3548,2.2678,2.176,2.0802,1.9814,1.8798,1.7781,1.6901,1.609,1.52,1.4301,1.3441,1.263,1.1887,1.1222,1.0655,1.0176,0.97947,0.95112,0.93646,0.93157,0.93157,0.93744,0.95015,0.96872,0.99218,1.0205,1.0528,1.087,1.1222,1.1564,1.1887,1.217,1.2414,1.2639,1.2825,1.2981,1.3099,1.3177,1.3216,1.3216,1.3187,1.3128,1.304,1.2972,1.2903,1.2796,1.2649,1.2483,1.2307,1.2141,1.2004,1.1926,1.1955,1.2141,1.2532,1.3138,1.3842,1.4682,1.5806,1.7146,1.8631,2.0186,2.173,2.3206,2.4555,2.5748,2.6735,2.7507,2.7986,2.825,2.8387,2.8377,2.8231,2.7928,2.7498,2.695,2.6315,2.5601,2.4819,2.3969,2.3069,2.2239,2.1427,2.0508,1.9531,1.8524,1.7507,1.65,1.5523,1.4585,1.3715,1.2923,1.2209,1.1672,1.1261,1.087,1.0547,1.0323,1.0196,1.0176,1.0254,1.042,1.0665,1.0978,1.1339,1.175,1.2151,1.2551,1.2991,1.3451,1.39,1.4321,1.4712,1.5054,1.5347,1.5591,1.5777,1.5914,1.6012,1.607,1.61,1.61,1.6061,1.5982,1.5875,1.5728,1.5562,1.5367,1.5171,1.5005,1.4897,1.4868,1.4946,1.5191,1.564,1.6315,1.7214,1.8319,1.9589,2.0978,2.2414,2.3851,2.522,2.6315,2.7195,2.8065,2.8807,2.9394,2.9795,3,3.0029,2.9892,2.9619,2.9208,2.8671,2.8035,2.739,2.6706,2.5924,2.5064,2.4145,2.3187,2.2199,2.1183,2.0156,1.914,1.8133,1.7155,1.6315,1.5572,1.479,1.4018,1.3294,1.2649,1.2092,1.1623,1.1241,1.0958,1.4145,1.4135,1.4076,1.4027,1.3978,1.391,1.3861,1.3881,1.3998,1.4282,1.4751,1.5455,1.6383,1.7527,1.8837,2.0049,2.1232,2.2581,2.3969,2.5298,2.651,2.7556,2.8416,2.9081,2.955,2.9834,2.9932,2.9863,2.9658,2.9335,2.8905,2.8387,2.7791,2.7126,2.6403,2.563,2.4819,2.3969,2.3079,2.216,2.132,2.0528,1.9648,1.8739,1.783,1.694,1.608,1.5259,1.4497,1.3803,1.3177,1.262,1.2209,1.1916,1.1652,1.1447,1.132,1.1271,1.13,1.1398,1.1554,1.175,1.1984,1.2239,1.2512,1.2776,1.303,1.3284,1.3529,1.3754,1.3949,1.4115,1.4242,1.434,1.4399,1.4428,1.4428,1.4418,1.4399,1.434,1.4262,1.4154,1.4037,1.391,1.3763,1.3627,1.3529,1.349,1.3558,1.3773,1.4086,1.4545,1.5249,1.6197,1.7351,1.868,2.0127,2.1613,2.3079,2.4477,2.5748,2.6852,2.7654,2.8231,2.8729,2.9091,2.9296,2.9335,2.9208,2.8954,2.8573,2.8084,2.7498,2.6833,2.6109,2.5406,2.4702,2.391,2.3069,2.218,2.1261,2.0313,1.9345,1.8368,1.741,1.6471,1.5582,1.4848,1.4213,1.3558,1.2923,1.2346,1.1838,1.1408,1.1056,1.0782,1.0596,1.0499,1.0479,1.0528,1.0635,1.0792,1.0997,1.1241,1.1505,1.1789,1.2072,1.2356,1.262,1.2864,1.3089,1.3275,1.3412,1.3519,1.3587,1.3627,1.3627,1.3587,1.3519,1.3441,1.3333,1.3206,1.306,1.2893,1.2717,1.2581,1.2473,1.2366,1.2307,1.2346,1.2532,1.2923,1.3529,1.437,1.5435,1.6686,1.8104,1.9394,2.0626,2.2014,2.3412,2.4731,2.5904,2.6891,2.7683,2.827,2.8641,2.8807,2.8798,2.8631,2.8338,2.7947,2.7449,2.6852,2.6158,2.5396,2.4575,2.3705,2.2805,2.1877,2.0919,1.9941,1.9071,1.826,1.737,1.6442,1.5523,1.4624,1.3773,1.2991,1.2287,1.1662,1.1144,1.0723,1.0411,1.0235,1.0156,1.0137,1.0186,1.0303,1.0479,1.0723,1.1007,1.1339,1.1701,1.2063,1.2424,1.2747,1.303,1.3314,1.3568,1.3783,1.3959,1.4096,1.4194,1.4252,1.4262,1.4233,1.4164,1.4076,1.3998,1.392,1.3803,1.3666,1.35,1.3324,1.3148,1.2991,1.2893,1.2874,1.2981,1.3275,1.3675,1.4233,1.5044,1.609,1.7351,1.8768,2.0293,2.1848,2.3363,2.478,2.6061,2.7155,2.7937,2.8465,2.8905,2.9189,2.9286,2.9218,2.8983,2.8602,2.8104,2.7507,2.6833,2.61,2.5308,2.4555,2.3803,2.2942,2.2014,2.1036,2.0039,1.9022,1.8025,1.7058,1.6129,1.5259,1.4457,1.3822,1.3304,1.2796,1.2346,1.1975,1.1711,1.1544,1.1476,1.1505,1.1613,1.1799,1.2043,1.2346,1.2659,1.2981,1.3333,1.3715,1.4106,1.4477,1.4829,1.5152,1.5435,1.567,1.5875,1.6041,1.6158,1.6237,1.6285,1.6305,1.6295,1.6256,1.6188,1.61,1.5982,1.5836,1.566,1.5484,1.5318,1.52,1.5142,1.5171,1.5347,1.5709,1.6285,1.7097,1.8123,1.9355,2.0723,2.217,2.3627,2.4839,2.5885,2.697,2.7967,2.8817,2.9482,2.9961,3.0244,3.0352,3.0283,3.0049,2.9677,2.9189,2.8651,2.8065,2.739,2.6647,2.5855,2.5015,2.4135,2.3236,2.2307,2.1349,2.0381,1.9413,1.8583,1.783,1.7009,1.6188,1.5396,1.4653,1.3988,1.3402,1.2893,1.2473,1.2151,1.1906,1.174,1.1672,1.1691,1.175,1.1848,1.1984,1.216,1.2375,1.261,1.2854,1.3089,1.3314,1.3529,1.3724,1.391,1.4076,1.4223,1.435,1.4448,1.4516,1.4555,1.4565,1.4555,1.4536,1.4487,1.4418,1.437,1.4311,1.4233,1.4135,1.4027,1.3949,1.3939,1.4047,1.4321,1.479,1.5494,1.6432,1.74,1.8446,1.9756,2.1222,2.2737,2.4233,2.565,2.6931,2.8045,2.8974,2.9687,3.0196,3.0508,3.0596,3.0518,3.0332,3.0039,2.9629,2.911,2.8495,2.7801,2.7048,2.6227,2.5357,2.4438,2.3597,2.2776,2.1857,2.0899,1.9922,1.8954,1.8006,1.7097,1.6217,1.5396,1.4624,1.393,1.3314,1.2854,1.2502,1.218,1.1906,1.172,1.1613,1.1593,1.1652,1.1779,1.1965,1.2199,1.2473,1.2747,1.3021,1.3324,1.3627,1.392,1.4194,1.4438,1.4643,1.48,1.4927,1.5005,1.5044,1.5054,1.5054,1.5034,1.4976,1.4888,1.479,1.4673,1.4536,1.4379,1.4223,1.4076,1.3959,1.39,1.392,1.4037,1.4311,1.478,1.5484,1.6413,1.7546,1.8856,2.0293,2.1789,2.3265,2.4673,2.5787,2.6686,2.7566,2.8319,2.8915,2.9326,2.955,2.9609,2.9501,2.9032,2.8319,2.7644,2.695,2.6276,2.5591,2.4819,2.3988,2.3089,2.2151,2.1173,2.0176,1.9159,1.8123,1.7087,1.607,1.521,1.4438,1.3607,1.2796,1.2014,1.13,1.0665,1.0108,0.96383,0.92669,0.89932,0.88172,0.8739,0.87586,0.88465,0.89834,0.91789,0.94135,0.96872,0.99804,1.0283,1.0587,1.088,1.1153,1.1398,1.1613,1.1789,1.1935,1.2033,1.2092,1.2111,1.2102,1.2063,1.1994,1.1896,1.1779,1.1642,1.1486,1.1359,1.1241,1.1085,1.0929,1.0782,1.0684,1.0665,1.0762,1.1036,1.1515,1.2239,1.3206,1.4213,1.5308,1.6676,1.8211,1.9814,2.1388,2.2874,2.4203,2.5347,2.6266,2.696,2.7419,2.7654,2.7674,2.7537,2.7273,2.6882,2.6373,2.5777,2.5093,2.434,2.3519,2.2649,2.173,2.0772,1.9912,1.9091,1.8162,1.7185,1.6178,1.5171,1.4174,1.3216,1.2317,1.1486,1.0743,1.0098,0.95601,0.91887,0.89345,0.87292,0.86119,0.85728,0.86315,0.87781,0.90029,0.9306,0.96676,1.0068,1.0489,1.0899,1.129,1.1691,1.2082,1.2454,1.2796,1.3089,1.3343,1.3548,1.3705,1.3812,1.3881,1.39,1.39,1.3881,1.3822,1.3724,1.3607,1.348,1.3333,1.3177,1.3021,1.2893,1.2805,1.2815,1.2923,1.3157,1.3587,1.4252,1.5152,1.6276,1.7605,1.9091,2.0655,2.2239,2.3783,2.522,2.6491,2.7429,2.8123,2.8729,2.9179,2.9453,2.9531,2.9423,2.9159,2.8749,2.8221,2.7586,2.6852,2.6119,2.5376,2.4526,2.3607,2.263,2.1623,2.0596,1.955,1.8504,1.7478,1.6481,1.5533,1.4643,1.392,1.3314,1.2698,1.2121,1.1623,1.1212,1.0899,1.0694,1.0596,1.0587,1.0655,1.0792,1.0958,1.1163,1.1417,1.1711,1.2023,1.2356,1.2698,1.303,1.3343,1.3636,1.391,1.4145,1.435,1.4506,1.4624,1.4731,1.4809,1.4858,1.4888,1.4878,1.4848,1.479,1.4692,1.4565,1.4409,1.4272,1.4145,1.4018,1.393,1.3939,1.4096,1.4448,1.5015,1.5816,1.6843,1.8074,1.9453,2.0704,2.1887,2.3216,2.4555,2.5806,2.6911,2.783,2.8553,2.9081,2.9404,2.9531,2.9472,2.9247,2.8905,2.8475,2.7937,2.7302,2.6598,2.5826,2.4995,2.4125,2.3226,2.2297,2.1349,2.0371,1.9482,1.8651,1.7742,1.7087,1.6579,1.5904,1.5181,1.4467,1.3793,1.3187,1.2659,1.2209,1.1848,1.1613,1.1466,1.1369,1.1329,1.1359,1.1447,1.1593,1.1789,1.2023,1.2297,1.2571,1.2845,1.3099,1.3333,1.3568,1.3783,1.3978,1.4154,1.4282,1.4379,1.4438,1.4467,1.4467,1.4448,1.4409,1.437,1.433,1.4272,1.4184,1.4076,1.3959,1.3842,1.3754,1.3724,1.3803,1.4018,1.4418,1.4907,1.5543,1.6432,1.7546,1.8837,2.0244,2.1701,2.3148,2.4506,2.5748,2.6813,2.7693,2.8368,2.8778,2.8983,2.9081,2.9052,2.8895,2.8622,2.8231,2.7752,2.7185,2.654,2.5836,2.5083,2.437,2.3666,2.2884,2.2043,2.1163,2.0244,1.9306,1.8368,1.7439,1.653,1.565,1.4819,1.4047,1.3431,1.2923,1.2395,1.1916,1.1496,1.1153,1.0899,1.0743,1.0665,1.0665,1.0723,1.085,1.1026,1.1232,1.1476,1.174,1.2004,1.2268,1.2532,1.2776,1.3001,1.3196,1.3353,1.347,1.3548,1.3607,1.3636,1.3617,1.3568,1.348,1.3372,1.3236,1.3079,1.2913,1.2727,1.2542,1.2356,1.2229,1.2151,1.2111,1.217,1.2375,1.2766,1.3382,1.4213,1.5259,1.6491,1.7869,1.9326,2.0782,2.2014,2.3069,2.4154,2.5152,2.6002,2.6676,2.7155,2.7449,2.7556,2.7498,2.7283,2.694,2.653,2.6051,2.5464,2.48,2.4066,2.3275,2.2454,2.1593,2.0704,1.9785,1.8847,1.7898,1.695,1.6139,1.5396,1.4585,1.3763,1.2981,1.2248,1.1584,1.1007,1.0518,1.0127,0.98338,0.96481,0.95797,0.9609,0.9697,0.98631,1.0088,1.0371,1.0704,1.1065,1.1447,1.1838,1.2219,1.26,1.2933,1.3226,1.349,1.3724,1.391,1.4047,1.4135,1.4184,1.4184,1.4145,1.4076,1.3978,1.3861,1.3754,1.3656,1.3509,1.3343,1.3177,1.3011,1.2864,1.2786,1.2805,1.2972,1.3324,1.39,1.4565,1.5367,1.6452,1.7752,1.9208,2.0733,2.2258,2.3724,2.5054,2.6207,2.7155,2.7898,2.8416,2.869,2.8759,2.871,2.8534,2.8221,2.7781,2.7243,2.6608,2.5894,2.5112,2.4282,2.3402,2.2581,2.1789,2.0899,1.9961,1.8993,1.8025,1.7067,1.6139,1.5269,1.4457,1.3724,1.3079,1.2522,1.2131,1.1857,1.1632,1.1476,1.1417,1.1447,1.1554,1.174,1.1994,1.2454,1.3021,1.35,1.391,1.4282,1.4653,1.5034,1.5396,1.5728,1.6022,1.6276,1.6481,1.6637,1.6745,1.6813,1.6843,1.6852,1.6843,1.6804,1.6745,1.6657,1.654,1.6403,1.6256,1.609,1.5924,1.5787,1.5709,1.5718,1.5836,1.6119,1.6608,1.7312,1.8221,1.9316,2.0557,2.1887,2.3255,2.4585,2.5836,2.696,2.7801,2.8426,2.9003,2.9462,2.9765,2.9902,2.9873,2.9687,2.9374,2.8944,2.8407,2.7791,2.7165,2.652,2.5787,2.4995,2.4164,2.3304,2.2414,2.1515,2.0606,1.9687,1.8778,1.7879,1.6999,1.6266,1.5621,1.4946,1.4291,1.3695,1.3167,1.2717,1.2356,1.2072,1.1887,1.1779,1.175,1.1799,1.1906,1.2053,1.2229,1.2444,1.2678,1.2942,1.3216,1.348,1.3734,1.3969,1.4184,1.436,1.4506,1.4624,1.4712,1.478,1.4819,1.4839,1.4829,1.4809,1.4761,1.4702,1.4624,1.4536,1.4467,1.4399,1.4321,1.4252,1.4252,1.434,1.4575,1.4995,1.563,1.6471,1.7517,1.8739,2.0078,2.129,2.2424,2.3685,2.4936,2.61,2.7126,2.7977,2.8631,2.9101,2.9384,2.9492,2.9443,2.9257,2.8974,2.8592,2.8123,2.7566,2.694,2.6266,2.5533,2.4751,2.393,2.3079,2.2209,2.131,2.0499,1.9746,1.8915,1.8055,1.7185,1.6344,1.5543,1.479,1.4106,1.35,1.2962,1.2512,1.219,1.1975,1.1789,1.1662,1.1603,1.1623,1.1701,1.1838,1.2023,1.2258,1.2522,1.2796,1.306,1.3314,1.3578,1.3842,1.4076,1.4291,1.4467,1.4604,1.4692,1.4751,1.477,1.4761,1.4721,1.4682,1.4633,1.4545,1.4438,1.4311,1.4174,1.4018,1.3861,1.3734,1.3666,1.3685,1.3851,1.4115,1.4516,1.5152,1.6012,1.7067,1.828,1.9599,2.0978,2.2346,2.3646,2.4829,2.5865,2.6735,2.7341,2.7742,2.8065,2.825,2.8289,2.8182,2.7947,2.7595,2.7126,2.6569,2.5934,2.523,2.4555,2.3881,2.3109,2.2278,2.1408,2.0518,1.9599,1.8671,1.7732,1.6794,1.5875,1.4995,1.4174,1.3509,1.2952,1.2385,1.1848,1.1369,1.0958,1.0635,1.0411,1.0274,1.0225,1.0254,1.0371,1.0538,1.0753,1.1007,1.129,1.1593,1.1916,1.2229,1.2512,1.2776,1.3021,1.3236,1.3412,1.3548,1.3666,1.3754,1.3812,1.3803,1.3744,1.3675,1.3597,1.35,1.3392,1.3265,1.3118,1.2962,1.2854,1.2776,1.2698,1.2678,1.2757,1.2981,1.3402,1.4037,1.4907,1.5973,1.7214,1.8583,2.001,2.1251,2.2356,2.3529,2.4643,2.563,2.6452,2.7077,2.7507,2.7742,2.7791,2.7683,2.7429,2.7087,2.6676,2.6158,2.5562,2.4897,2.4174,2.3402,2.259,2.173,2.0831,1.9902,1.8954,1.7996,1.7165,1.6413,1.5591,1.4761,1.3969,1.3226,1.2561,1.1975,1.1466,1.1056,1.0753,1.0557,1.0489,1.0528,1.0635,1.0821,1.1085,1.1417,1.1808,1.2239,1.2698,1.3167,1.3636,1.4086,1.4506,1.4858,1.5161,1.5445,1.5699,1.5904,1.6061,1.6168,1.6237,1.6276,1.6276,1.6246,1.6188,1.6129,1.6061,1.5953,1.5816,1.567,1.5533,1.5425,1.5376,1.5445,1.566,1.6061,1.6676,1.7498,1.8338,1.9247,2.0381,2.1652,2.2972,2.4272,2.5494,2.6588,2.7527,2.8289,2.8866,2.9257,2.9433,2.9433,2.9335,2.913,2.8817,2.8397,2.7889,2.7292,2.6628,2.5904,2.5132,2.4301,2.3539,2.2805,2.1975,2.1095,2.0186,1.9267,1.8368,1.7478,1.6628,1.5826,1.5093,1.4428,1.3842,1.3402,1.3069,1.2757,1.2493,1.2297,1.218,1.2131,1.2151,1.2229,1.2366,1.2542,1.2757,1.2981,1.3206,1.3441,1.3685,1.392,1.4145,1.435,1.4536,1.4692,1.4829,1.4936,1.5024,1.5093,1.5152,1.52,1.522,1.523,1.522,1.5181,1.5122,1.5034,1.4936,1.4848,1.479,1.479,1.4868,1.5044,1.5386,1.5934,1.6696,1.7654,1.8798,2.0068,2.1408,2.2757,2.4086,2.5318,2.6422,2.7243,2.7849,2.8397,2.8827,2.9101,2.9228,2.9198,2.9022,2.8729,2.8328,2.783,2.7253,2.6667,2.6061,2.5376,2.4633,2.3851,2.303,2.219,2.1329,2.045,1.956,1.8671,1.7801,1.695,1.6237,1.5611,1.4956,1.4321,1.3734,1.3216,1.2776,1.2414,1.2131,1.1926,1.1799,1.175,1.1769,1.1857,1.1984,1.2151,1.2346,1.2581,1.2835,1.3099,1.3372,1.3627,1.3871,1.4086,1.4272,1.4428,1.4555,1.4663,1.4731,1.477,1.479,1.479,1.479,1.477,1.4741,1.4682,1.4604,1.4536,1.4467,1.4379,1.4311,1.4291,1.437,1.4575,1.4956,1.5543,1.6344,1.7322,1.8465,1.9765,2.0958,2.2082,2.3333,2.4585,2.5748,2.6784,2.7644,2.8328,2.8817,2.912,2.9247,2.9198,2.9022,2.8729,2.8338,2.784,2.7263,2.6618,2.5904,2.5152,2.436,2.3539,2.2678,2.1789,2.087,2.0039,1.9257,1.8387,1.7488,1.6588,1.5709,1.4868,1.4086,1.3372,1.2727,1.2151,1.1652,1.13,1.1056,1.0831,1.0655,1.0547,1.0518,1.0567,1.0674,1.0831,1.1036,1.1271,1.1535,1.1799,1.2053,1.2297,1.2542,1.2757,1.2952,1.3109,1.3236,1.3324,1.3382,1.3392,1.3372,1.3324,1.3275,1.3226,1.3148,1.304,1.2913,1.2766,1.261,1.2454,1.2326,1.2258,1.2287,1.2463,1.2815,1.3275,1.3881,1.4741,1.5816,1.7067,1.8436,1.9873,2.132,2.2708,2.3988,2.5122,2.607,2.6735,2.7175,2.7527,2.7742,2.7801,2.7703,2.7468,2.7116,2.6667,2.6119,2.5494,2.479,2.4115,2.3441,2.2669,2.1828,2.0948,2.0039,1.911,1.8172,1.7234,1.6315,1.5425,1.4575,1.3773,1.3118,1.2581,1.2033,1.1525,1.1075,1.0704,1.042,1.0235,1.0137,1.0127,1.0186,1.0323,1.0508,1.0733,1.0997,1.13,1.1623,1.1955,1.2287,1.26,1.2903,1.3177,1.3421,1.3627,1.3783,1.391,1.4008,1.4066,1.4086,1.4086,1.4057,1.3998,1.391,1.3812,1.3695,1.3548,1.3402,1.3294,1.3206,1.3128,1.3118,1.3226,1.35,1.3978,1.4682,1.5621,1.6764,1.8074,1.9501,2.0987,2.2268,2.3392,2.4565,2.5679,2.6647,2.7429,2.8016,2.8397,2.8583,2.8583,2.8436,2.8143,2.7761,2.7312,2.6755,2.6119,2.5415,2.4663,2.3851,2.3001,2.2111,2.1193,2.0244,1.9286,1.8338,1.7517,1.6774,1.5963,1.5171,1.4418,1.3724,1.3109,1.2581,1.2141,1.1808,1.1574,1.1437,1.1398,1.1447,1.1554,1.172,1.1945,1.2229,1.2551,1.2903,1.3275,1.3646,1.4018,1.437,1.4702,1.4985,1.5239,1.5474,1.5679,1.5855,1.5992,1.609,1.6149,1.6168,1.6158,1.6119,1.6061,1.6002,1.5934,1.5836,1.5709,1.5582,1.5474,1.5415,1.5464,1.565,1.6022,1.6598,1.738,1.8348,1.9306,2.0293,2.1486,2.2766,2.4047,2.5269,2.6383,2.7351,2.8143,2.8759,2.9179,2.9413,2.9453,2.9335,2.911,2.8788,2.8446,2.8055,2.7517,2.6882,2.6168,2.5406,2.4594,2.3744,2.2874,2.2072,2.13,2.044,1.9521,1.8592
87.822,87.187,86.405,85.624,84.793,84.012,83.035,82.107,81.228,80.495,80.104,80.3,81.13,82.791,85.282,88.554,92.511,97.053,102.04,107.51,112.98,118.45,123.48,128.12,131.98,135.01,137.06,138.18,138.42,137.94,136.76,135.05,132.86,130.36,127.63,124.75,121.72,118.74,115.76,112.73,109.75,106.68,103.6,100.57,97.542,94.611,91.778,89.092,86.698,84.403,82.449,80.593,79.127,77.858,76.881,76.099,75.611,75.366,75.366,75.611,76.001,76.636,77.369,78.297,79.323,80.446,81.57,82.693,83.865,84.989,86.063,87.04,87.919,88.701,89.287,89.727,89.971,90.069,89.873,89.482,89.043,88.506,87.871,87.138,86.308,85.428,84.5,83.475,82.547,81.667,80.935,80.593,80.788,81.814,83.621,86.259,89.678,93.878,98.665,103.94,109.51,115.17,120.69,125.82,130.36,134.13,137.01,138.91,139.89,139.94,139.16,137.74,135.79,133.34,130.61,127.68,124.6,121.48,118.35,115.22,112.1,108.97,105.94,102.82,99.691,96.662,93.683,90.948,88.31,85.917,83.719,81.814,80.104,78.737,77.564,76.685,76.05,75.66,75.562,75.611,75.904,76.441,77.125,78.004,78.932,80.007,81.13,82.253,83.377,84.5,85.575,86.552,87.48,88.261,88.799,89.287,89.531,89.531,89.434,89.092,88.603,88.066,87.382,86.601,85.819,84.94,84.061,83.035,82.009,80.984,80.007,79.176,78.688,78.688,79.225,80.593,82.742,85.673,89.385,93.683,98.567,103.79,109.31,114.73,120.01,124.85,129,132.32,134.76,136.18,136.76,136.47,135.49,133.93,131.78,129.29,126.6,123.67,120.69,117.67,114.64,111.56,108.43,105.26,102.13,99.007,95.881,92.804,89.873,87.138,84.549,82.253,80.153,78.346,76.881,75.757,74.878,74.243,73.852,73.755,73.852,74.292,74.878,75.66,76.685,77.76,78.932,80.104,81.374,82.595,83.865,85.038,86.112,87.138,87.968,88.701,89.238,89.531,89.727,89.727,89.531,89.238,88.75,88.164,87.48,86.796,86.063,85.233,84.354,83.426,82.595,81.814,81.179,80.935,81.228,82.253,84.061,86.747,90.117,94.22,98.909,104.14,109.56,115.17,120.69,125.82,130.32,133.98,136.81,138.62,139.45,139.35,138.47,136.91,134.81,132.17,129.24,126.12,122.94,119.62,116.35,113.12,109.8,106.53,103.31,100.03,96.907,93.927,91.045,88.506,86.112,84.012,82.107,80.544,79.225,78.248,77.564,77.125,76.929,76.978,77.223,77.662,78.297,79.127,80.007,80.935,82.009,83.035,84.11,85.184,86.259,87.236,88.164,88.994,89.629,90.166,90.557,90.752,90.752,90.606,90.313,89.873,89.385,88.75,88.115,87.431,86.601,85.721,84.793,83.865,82.986,82.107,81.423,81.13,81.277,82.156,83.865,86.356,89.678,93.683,98.421,103.6,109.17,114.88,120.45,125.63,130.22,134.13,137.06,139.06,140.04,140.23,139.69,138.42,136.76,134.57,132.07,129.29,126.41,123.48,120.5,117.57,114.64,111.61,108.68,105.6,102.62,99.593,96.76,93.976,91.436,89.043,86.943,84.989,83.279,81.863,80.593,79.762,79.127,78.786,78.688,78.737,79.03,79.567,80.251,81.032,81.912,82.84,83.914,84.989,86.063,87.138,88.115,89.043,89.873,90.606,91.192,91.632,91.778,91.876,91.729,91.485,91.045,90.557,89.922,89.238,88.408,87.529,86.698,85.673,84.745,83.719,82.791,82.107,81.814,82.058,83.035,84.94,87.626,91.094,95.344,100.23,105.7,111.41,117.32,122.99,128.26,132.86,136.67,139.6,141.55,142.58,142.62,141.99,140.62,138.77,136.42,133.69,130.66,127.63,124.41,121.28,118.11,114.98,111.8,108.63,105.5,102.28,99.251,96.223,93.341,90.655,88.261,85.966,84.012,82.302,80.788,79.665,78.883,78.297,78.004,77.858,78.053,78.444,78.981,79.762,80.544,81.472,82.547,83.621,84.696,85.721,86.796,87.822,88.75,89.531,90.166,90.606,90.948,91.045,90.948,90.655,90.166,89.629,88.994,88.261,87.431,86.503,85.624,84.598,83.621,82.595,81.618,80.739,80.007,79.567,79.616,80.446,82.009,84.403,87.626,91.534,96.125,101.25,106.82,112.49,118.2,123.62,128.56,132.76,136.13,138.47,139.89,140.23,139.89,138.77,137.01,134.76,132.07,129.19,126.07,122.94,119.67,116.44,113.12,109.85,106.53,103.26,99.935,96.662,93.488,90.557,87.822,85.233,82.937,80.886,79.03,77.613,76.441,75.611,75.122,74.878,74.878,75.122,75.611,76.343,77.32,78.346,79.469,80.739,82.058,83.426,84.793,86.063,87.284,88.359,89.287,90.069,90.655,91.045,91.29,91.29,91.192,90.801,90.313,89.678,88.945,88.066,87.236,86.356,85.428,84.5,83.572,82.595,81.863,81.277,81.13,81.472,82.693,84.696,87.48,91.045,95.344,100.33,105.7,111.41,117.23,122.84,128.12,132.66,136.37,139.06,140.72,141.45,141.16,140.13,138.38,136.13,133.44,130.41,127.19,123.82,120.45,117.03,113.76,110.44,107.07,103.74,100.47,97.297,94.22,91.387,88.799,86.405,84.305,82.449,80.886,79.567,78.59,78.004,77.662,77.564,77.76,78.102,78.688,79.421,80.251,81.228,82.253,83.279,84.403,85.477,86.601,87.724,88.75,89.629,90.41,91.045,91.534,91.876,92.071,91.973,91.729,91.387,90.85,90.215,89.629,88.847,88.115,87.284,86.503,85.575,84.598,83.67,82.84,82.253,82.058,82.449,83.572,85.575,88.359,91.973,96.369,101.35,106.87,112.63,118.45,124.06,129.24,133.74,137.45,140.18,141.99,142.72,142.67,141.79,140.33,138.33,135.93,133.25,130.32,127.24,124.26,121.13,118.06,114.98,111.85,108.82,105.7,102.62,99.593,96.614,93.781,91.192,88.799,86.698,84.745,83.035,81.57,80.446,79.616,79.03,78.786,78.737,78.981,79.421,80.055,80.788,81.716,82.742,83.865,84.989,86.112,87.284,88.359,89.385,90.313,91.094,91.778,92.364,92.755,92.95,92.853,92.657,92.218,91.68,91.094,90.41,89.678,88.847,87.919,86.991,85.917,84.94,84.012,83.23,82.742,82.742,83.377,84.842,87.187,90.362,94.367,99.105,104.43,110.19,116.1,122.06,127.68,132.81,137.06,140.43,142.82,144.14,144.48,143.99,142.72,140.92,138.67,136.13,133.25,130.17,127.14,124.02,120.94,117.81,114.69,111.56,108.48,105.36,102.23,99.154,96.321,93.634,91.045,88.75,86.698,84.745,83.133,81.667,80.593,79.811,79.323,79.03,79.03,79.323,79.665,80.3,81.032,81.912,82.937,83.914,85.038,86.161,87.284,88.359,89.287,90.166,90.997,91.632,91.973,92.218,92.169,91.973,91.534,91.045,90.362,89.678,88.799,87.871,86.943,85.917,84.842,83.816,82.791,81.814,80.886,80.251,80.055,80.446,81.57,83.475,86.259,89.824,94.123,99.007,104.43,110.09,115.86,121.48,126.75,131.44,135.3,138.18,139.99,140.87,140.87,140.13,138.62,136.62,134.17,131.39,128.36,125.24,122.06,118.89,115.61,112.44,109.12,105.85,102.57,99.251,96.076,93.048,90.215,87.626,85.233,83.035,81.179,79.616,78.297,77.32,76.685,76.246,76.099,76.246,76.539,77.125,77.809,78.59,79.616,80.739,81.912,83.182,84.403,85.673,86.943,88.066,89.092,89.922,90.606,91.045,91.387,91.387,91.192,90.801,90.166,89.482,88.701,87.822,86.845,85.868,84.842,83.865,82.791,81.716,80.739,79.86,79.176,78.883,79.127,80.153,82.058,84.745,88.31,92.608,97.542,103.11,108.97,114.98,120.89,126.36,131.24,135.3,138.38,140.38,141.35,141.35,140.48,138.86,136.67,133.98,131,127.73,124.36,120.94,117.47,114.1,110.68,107.26,103.84,100.47,97.2,94.074,91.094,88.408,85.966,83.719,81.814,80.104,78.737,77.662,76.978,76.636,76.539,76.734,77.174,77.809,78.59,79.616,80.69,81.863,83.133,84.354,85.624,86.845,88.066,89.092,90.117,90.997,91.729,92.218,92.56,92.657,92.608,92.364,91.925,91.29,90.606,89.873,89.043,88.164,87.236,86.259,85.233,84.256,83.23,82.351,81.716,81.57,82.009,83.23,85.379,88.31,91.973,96.418,101.45,106.97,112.73,118.59,124.26,129.39,133.88,137.54,140.23,141.89,142.48,142.23,141.26,139.6,137.45,134.91,132.12,129.09,126.07,122.94,119.81,116.64,113.51,110.29,107.12,103.99,100.81,97.737,94.855,92.12,89.629,87.284,85.282,83.475,82.009,80.739,79.762,79.03,78.688,78.541,78.688,79.03,79.616,80.349,81.179,82.107,83.035,84.11,85.233,86.405,87.675,88.945,90.117,91.241,92.315,93.243,94.171,95.051,95.93,96.76,97.542,98.225,98.86,99.349,99.691,99.789,99.593,99.154,98.372,97.2,95.734,93.976,92.071,89.971,87.919,85.819,83.719,81.716,79.909,78.199,76.539,75.122,73.852,72.729,71.752,70.922,70.287,69.749,69.359,69.066,68.87,68.724,68.675,68.724,68.821,68.919,69.066,69.261,69.407,69.652,69.945,70.189,70.433,70.629,70.824,70.97,71.166,71.215,71.312,71.312,71.312,71.215,71.166,71.117,71.068,70.873,70.726,70.531,70.384,70.091,69.945,69.652,69.505,69.261,69.066,68.87,68.675,68.431,68.235,68.04,67.844,67.6,67.405,67.258,66.965,66.868,66.672,66.477,66.233,66.037,65.842,65.695,65.402,65.256,65.06,64.816,64.474,64.23,63.937,63.693,63.448,63.155,62.911,62.667,62.569,62.862,63.742,65.549,68.431,72.387,77.223,82.986,89.434,96.565,104.18,112,119.57,126.6,132.81,137.94,141.7,144.14,145.07,144.73,143.26,140.87,137.89,134.22,130.32,126.07,121.72,117.42,113.17,109.07,105.06,101.16,97.542,94.074,90.655,87.48,84.5,81.814,79.372,77.174,75.318,73.755,72.387,71.215,70.384,69.749,69.407,69.31,69.407,69.749,70.287,71.117,72.094,73.315,74.536,75.904,77.32,78.737,80.251,81.716,83.133,84.403,85.624,86.601,87.48,88.115,88.554,88.799,88.799,88.603,88.31,87.724,86.991,86.161,85.233,84.256,83.23,82.253,81.13,80.055,78.981,78.004,76.978,76.099,75.415,75.122,75.22,76.099,77.613,79.86,82.791,86.356,90.557,95.197,100.18,105.36,110.53,115.57,120.16,124.16,127.39,129.68,131.2,131.73,131.54,130.66,129.09,127.04,124.55,121.82,118.89,115.76,112.63,109.41,106.19,103.01,99.74,96.467,93.292,90.215,87.284,84.5,81.912,79.616,77.467,75.611,74.097,72.924,72.045,71.508,71.166,71.166,71.361,71.801,72.485,73.413,74.487,75.757,77.027,78.444,79.86,81.277,82.742,84.158,85.477,86.601,87.626,88.506,89.092,89.629,89.873,89.873,89.678,89.385,88.847,88.261,87.48,86.601,85.673,84.745,83.719,82.791,81.863,81.032,80.349,80.104,80.349,81.423,83.279,86.063,89.531,93.683,98.421,103.6,109.12,114.73,120.11,125.14,129.49,133.1,135.74,137.54,138.38,138.33,137.45,135.98,133.98,131.54,128.75,125.68,122.5,119.23,116,112.73,109.51,106.28,103.11,99.984,96.858,93.878,91.045,88.359,85.868,83.621,81.618,79.86,78.346,77.174,76.294,75.66,75.318,75.171,75.318,75.611,76.099,76.783,77.613,78.492,79.469,80.495,81.618,82.693,83.816,84.793,85.819,86.698,87.431,88.115,88.603,88.994,89.092,89.092,88.945,88.603,88.261,87.724,87.138,86.503,85.721,84.94,84.11,83.23,82.302,81.374,80.544,79.909,79.665,80.055,81.179,83.182,85.966,89.482,93.732,98.567,103.79,109.36,114.98,120.5,125.58,129.97,133.64,136.37,138.13,138.91,138.91,138.13,136.67,134.66,132.32,129.53,126.6,123.48,120.35,117.23,114.2,111.17,108.09,105.11,102.18,99.154,96.321,93.488,90.85,88.359,86.112,84.012,82.107,80.446,78.981,77.858,77.027,76.49,76.099,76.001,76.05,76.294,76.783,77.418,78.248,79.127,80.104,81.179,82.253,83.377,84.5,85.575,86.552,87.48,88.31,89.043,89.531,89.922,90.117,90.117,89.873,89.482,88.994,88.408,87.724,86.991,86.161,85.233,84.305,83.279,82.351,81.472,80.788,80.495,80.788,81.863,83.719,86.405,89.922,94.123,99.007,104.43,110.19,116,121.67,126.95,131.49,135.25,138.03,139.79,140.62,140.57,139.74,138.23,136.23,133.74,130.95,127.92,124.8,121.67,118.54,115.42,112.29,109.26,106.14,103.06,100.03,97.053,94.171,91.436,88.847,86.503,84.354,82.449,80.739,79.323,78.199,77.32,76.685,76.343,76.246,76.343,76.685,77.125,77.809,78.688,79.616,80.69,81.716,82.84,84.012,85.038,86.112,87.04,87.871,88.554,89.092,89.482,89.629,89.531,89.238,88.799,88.31,87.675,86.943,86.112,85.184,84.256,83.23,82.253,81.228,80.3,79.372,78.59,78.199,78.248,78.932,80.495,82.742,85.819,89.531,93.927,98.86,104.23,109.8,115.37,120.69,125.48,129.68,133.05,135.44,136.91,137.45,137.2,136.18,134.61,132.51,129.93,127.14,124.11,121.04,117.86,114.69,111.51,108.39,105.16,101.99,98.812,95.637,92.56,89.629,86.845,84.305,82.058,79.909,78.102,76.636,75.366,74.438,73.803,73.413,73.315,73.413,73.803,74.341,75.122,76.05,77.174,78.346,79.616,80.935,82.253,83.572,84.793,85.917,86.991,87.871,88.554,88.994,89.287,89.434,89.287,88.945,88.408,87.822,87.04,86.259,85.282,84.354,83.426,82.449,81.374,80.349,79.469,78.883,78.492,78.688,79.469,81.13,83.475,86.601,90.508,94.904,99.935,105.31,110.83,116.25,121.38,125.92,129.73,132.61,134.61,135.64,135.64,134.86,133.3,131.24,128.75,125.92,122.94,119.77,116.49,113.22,109.95,106.53,103.16,99.74,96.418,93.097,89.971,86.991,84.256,81.716,79.469,77.613,76.001,74.78,73.901,73.413,73.217,73.364,73.755,74.438,75.318,76.343,77.613,79.03,80.544,82.107,83.67,85.282,86.845,88.31,89.678,90.801,91.778,92.608,93.097,93.439,93.488,93.341,93.048,92.56,91.876,91.045,90.069,89.043,87.968,86.845,85.721,84.598,83.475,82.351,81.374,80.593,80.251,80.495,81.423,83.23,85.868,89.287,93.439,98.225,103.5,109.07,114.73,120.3,125.48,130.07,133.88,136.76,138.67,139.74,139.89,139.25,137.98,136.18,133.88,131.29,128.51,125.58,122.5,119.42,116.25,113.12,110,106.87,103.79,100.72,97.688,94.806,92.071,89.531,87.284,85.233,83.475,81.912,80.593,79.567,78.883,78.346,78.199,78.248,78.492,78.932,79.567,80.3,81.228,82.156,83.182,84.158,85.184,86.161,87.187,88.115,88.945,89.678,90.215,90.655,90.948,91.045,90.997,90.752,90.362,89.922,89.434,88.799,88.115,87.382,86.503,85.624,84.696,83.816,82.937,82.302,81.912,82.107,83.035,84.793,87.48,90.948,95.099,99.935,105.31,110.97,116.79,122.55,127.92,132.66,136.67,139.69,141.7,142.72,142.87,142.23,140.92,139.06,136.76,134.08,131.2,128.17,125.14,122.06,118.94,115.86,112.88,109.8,106.68,103.6,100.57,97.591,94.758,92.12,89.678,87.529,85.624,83.865,82.351,81.179,80.3,79.665,79.225,79.127,79.225,79.567,80.055,80.739,81.57,82.498,83.475,84.549,85.624,86.747,87.724,88.75,89.629,90.362,90.948,91.387,91.632,91.68,91.632,91.29,90.948,90.313,89.629,88.799,87.919,86.991,85.917,84.842,83.816,82.595,81.472,80.446,79.469,78.786,78.541,78.932,80.055,82.009,84.793,88.31,92.511,97.346,102.62,108.19,113.86,119.33,124.41,128.85,132.61,135.44,137.35,138.33,138.42,137.74,136.37,134.42,132.12,129.39,126.51,123.43,120.3,117.23,114.1,110.97,107.8,104.58,101.3,97.981,94.806,91.729,88.799,86.112,83.621,81.277,79.225,77.564,76.197,75.122,74.438,74.048,73.901,74.097,74.634,75.366,76.246,77.369,78.688,80.055,81.472,82.937,84.403,85.917,87.284,88.506,89.531,90.362,90.997,91.387,91.485,91.436,91.045,90.557,89.873,88.945,87.968,86.943,85.819,84.696,83.572,82.351,81.228,80.153,79.225,78.541,78.297,78.59,79.665,81.472,84.11,87.431,91.485,96.076,101.06,106.43,111.85,117.18,122.06,126.36,129.93,132.56,134.22,135.01,134.81,133.93,132.37,130.22,127.68,124.8,121.72,118.59,115.37,112,108.63,105.16,101.74,98.323,95.002,91.876,88.847,86.161,83.719,81.618,79.811,78.346,77.32,76.636,76.246,76.246,76.49,77.027,77.809,78.737,79.86,81.032,82.351,83.67,85.038,86.405,87.724,88.945,90.069,91.045,91.778,92.413,92.95,93.195,93.292,93.243,92.999,92.511,91.876,91.192,90.41,89.629,88.75,87.871,86.845,85.917,84.94,83.914,82.986,82.156,81.57,81.472,82.009,83.279,85.575,88.603,92.511,97.102,102.28,107.95,113.81,119.67,125.38,130.51,134.91,138.47,141.01,142.58,143.11,142.87,141.79,140.13,137.98,135.44,132.56,129.53,126.41,123.23,120.06,116.93,113.81,110.73,107.7,104.62,101.6,98.665,95.881,93.243,90.801,88.701,86.747,84.989,83.572,82.302,81.423,80.788,80.446,80.3,80.349,80.69,81.179,81.863,82.693,83.572,84.549,85.575,86.503,87.48,88.408,89.385,90.166,90.801,91.29,91.632,91.729,91.68,91.485,91.094,90.655,90.117,89.434,88.603,87.724,86.845,85.868,84.745,83.67,82.498,81.374,80.349,79.469,79.03,79.127,80.007,81.716,84.256,87.529,91.632,96.321,101.55,107.16,112.93,118.54,123.87,128.61,132.61,135.69,137.89,139.11,139.45,138.91,137.79,136.08,133.88,131.39,128.61,125.72,122.7,119.62,116.54,113.42,110.29,107.07,103.74,100.37,97.053,93.781,90.752,87.871,85.184,82.742,80.495,78.492,76.881,75.611,74.731,74.243,73.999,74.097,74.487,75.171,76.05,77.174,78.492,79.86,81.374,82.84,84.354,85.819,87.187,88.359,89.434,90.215,90.85,91.29,91.485,91.436,91.192,90.752,90.117,89.385,88.554,87.626,86.747,85.819,84.94,84.012,83.133,82.302,81.57,81.032,80.788,81.032,82.009,83.621,86.112,89.434,93.439,98.128,103.35,108.97,114.88,120.6,126.12,131,135.1,138.33,140.38,141.45,141.5,140.72,139.16,137.06,134.37,131.39,128.12,124.7,121.23,117.76,114.25,110.83,107.36,104.04,100.72,97.591,94.611,91.925,89.482,87.382,85.624,84.158,83.035,82.253,81.863,81.912,82.449,83.182,84.305,85.673,87.284,89.043,91.045,93.195,95.344,97.737,100.18,102.57,105.01,107.36,109.66,111.8,113.86,115.81,117.62,119.18,120.55,121.72,122.75,123.58,124.06,124.36,124.36,124.06,123.48,122.6,121.57,120.35,119.18,118.35,118.01,118.45,119.62,121.67,124.5,127.97,131.93,136.13,140.38,144.38,148,150.98,153.37,154.98,155.86,156.11,155.76,154.93,153.61,152,150.1,148.05,145.85,143.7,141.5,139.35,137.3,135.3,133.49,131.68,130.07,128.41,126.8,125.29,123.92,122.75,121.82,121.13,120.74,120.6,120.6,120.79,121.13,121.48,121.87,122.11,122.31,122.26,122.01,121.48,120.79,119.81,118.59,117.18,115.57,113.76,111.85,109.8,107.75,105.55,103.35,101.11,99.007,96.858,94.806,92.853,90.948,89.043,87.284,85.624,84.012,82.547,81.228,80.055,78.981,78.004,77.125,76.294,75.611,75.073,74.731,74.927,75.66,77.174,79.616,82.937,87.04,91.925,97.493,103.7,110.19,116.79,123.28,129.29,134.52,138.67,141.55,143.16,143.7,143.16,141.89,139.79,137.25,134.22,130.95,127.43,123.92,120.45,116.93,113.56,110.19,106.82,103.55,100.33,97.2,94.171,91.29,88.554,85.966,83.621,81.472,79.616,78.004,76.685,75.66,74.927,74.438,74.194,74.194,74.438,74.878,75.562,76.343,77.32,78.346,79.567,80.788,82.058,83.23,84.5,85.673,86.796,87.822,88.701,89.434,89.971,90.362,90.508,90.41,90.117,89.629,88.945,88.261,87.431,86.601,85.673,84.696,83.67,82.693,81.716,81.13,80.984,81.423,82.595,84.696,87.48,91.045,95.246,100.03,105.31,110.88,116.44,121.87,126.8,131.05,134.52,137.01,138.47,139.11,138.86,137.79,136.18,133.98,131.49,128.7,125.68,122.55,119.42,116.25,113.12,110,106.82,103.7,100.47,97.346,94.318,91.387,88.701,86.112,83.816,81.667,79.811,78.248,76.978,76.05,75.318,74.78,74.634,74.634,74.78,75.22,75.855,76.636,77.467,78.492,79.567,80.69,81.814,82.937,84.061,85.038,85.966,86.845,87.675,88.359,88.847,89.092,89.238,89.043,88.799,88.359,87.871,87.284,86.552,85.819,84.842,84.012,83.035,82.107,81.228,80.593,80.349,80.69,81.814,83.67,86.308,89.727,93.878,98.665,103.94,109.41,115.08,120.55,125.68,130.22,133.98,136.81,138.62,139.5,139.35,138.47,136.86,134.66,132.07,129.05,125.82,122.45,118.98,115.61,112.24,108.87,105.5,102.18,98.909,95.734,92.755,89.873,87.187,84.696,82.449,80.349,78.59,77.174,76.05,75.171,74.536,74.243,74.194,74.341,74.731,75.318,75.904,76.783,77.809,78.883,80.007,81.13,82.302,83.377,84.5,85.477,86.405,87.284,88.066,88.603,88.994,89.238,89.189,88.994,88.554,88.066,87.431,86.747,85.917,85.038,84.158,83.23,82.253,81.277,80.446,79.762,79.421,79.616,80.495,82.156,84.598,87.871,91.876,96.565,101.79,107.51,113.22,118.98,124.36,129.24,133.34,136.57,138.67,139.74,139.89,139.11,137.59,135.49,132.86,129.93,126.7,123.28,119.86,116.49,113.07,109.66,106.28,102.91,99.691,96.418,93.292,90.313,87.529,85.038,82.742,80.593,78.737,77.174,75.904,74.976,74.292,73.901,73.803,73.852,74.097,74.536,75.22,76.099,77.027,78.102,79.225,80.446,81.618,82.791,83.914,85.038,86.112,87.138,87.968,88.75,89.238,89.629,89.824,89.824,89.482,88.994,88.408,87.724,86.991,86.161,85.282,84.305,83.377,82.351,81.423,80.593,80.007,79.86,80.349,81.57,83.621,86.405,90.069,94.367,99.349,104.82,110.53,116.35,122.06,127.24,131.78,135.49,138.18,139.74,140.33,139.94,138.77,136.86,134.42,131.54,128.36,125.04,121.67,118.3,114.93,111.56,108.19,104.87,101.6,98.372,95.197,92.169,89.238,86.601,84.11,81.863,79.86,78.102,76.685,75.562,74.731,74.194,73.901,73.852,74.048,74.438,74.976,75.806,76.783,77.906,79.127,80.3,81.472,82.693,83.816,84.989,86.161,87.284,88.261,89.043,89.727,90.215,90.557,90.655,90.557,90.215,89.727,89.043,88.261,87.382,86.405,85.477,84.5,83.475,82.498,81.57,80.788,80.3,80.349,81.13,82.693,85.038,88.261,92.169,96.809,101.99,107.6,113.56,119.57,125.24,130.41,134.86,138.38,140.87,142.28,142.62,141.99,140.57,138.47,135.93,133,129.73,126.31,122.79,119.33,115.81,112.29,108.87,105.36,101.99,98.616,95.344,92.315,89.385,86.698,84.256,82.058,80.055,78.346,76.929,75.855,75.073,74.487,74.194,74.097,74.341,74.731,75.366,76.197,77.174,78.199,79.323,80.495,81.667,82.84,84.012,85.184,86.308,87.431,88.359,89.092,89.727,90.117,90.362,90.362,90.117,89.629,88.945,88.164,87.284,86.356,85.428,84.354,83.279,82.253,81.179,80.251,79.469,78.981,79.03,79.811,81.374,83.719,86.845,90.752,95.295,100.42,105.94,111.76,117.57,123.18,128.26,132.56,135.98,138.38,139.74,140.04,139.45,137.98,135.93,133.44,130.51,127.39,124.06,120.6,117.18,113.66,110.24,106.82,103.45,100.03,96.662,93.439,90.362,87.431,84.745,82.302,80.104,78.102,76.441,75.073,73.999,73.217,72.729,72.485,72.533,72.778,73.315,73.999,74.927,75.904,77.027,78.297,79.567,80.788,82.058,83.377,84.598,85.819,86.845,87.822,88.554,89.092,89.482,89.678,89.629,89.287,88.75,88.066,87.236,86.308,85.282,84.305,83.23,82.107,80.984,79.909,78.932,78.102,77.613,77.662,78.444,80.007,82.253,85.282,89.092,93.634,98.665,104.18,110,115.81,121.43,126.51,130.95,134.37,136.81,138.13,138.38,137.59,135.98,133.74,130.85,127.63,124.11,120.5,116.79,113.12,109.41,105.8,102.23,98.763,95.246,91.876,88.701,85.673,82.937,80.495,78.248,76.246,74.634,73.315,72.289,71.752,71.41,71.361,71.605,72.094,72.778,73.755,74.878,76.05,77.369,78.737,80.153,81.667,83.23,84.793,86.259,87.529,88.75,89.727,90.557,91.192,91.534,91.729,91.729,91.485,91.094,90.508,89.727,88.799,87.822,86.698,85.575,84.354,83.23,82.156,81.179,80.446,80.007,80.153,81.032,82.742,85.184,88.506,92.511,97.102,102.23,107.8,113.56,119.33,124.75,129.63,133.78,137.01,139.25,140.38,140.43,139.69,138.13,135.93,133.2,130.12,126.75,123.28,119.77,116.2,112.73,109.31,105.94,102.57,99.3,96.125,92.999,90.069,87.382,84.842,82.693,80.69,78.932,77.418,76.294,75.415,74.878,74.536,74.536,74.78,75.171,75.757,76.49,77.369,78.346,79.469,80.69,81.863,82.986,84.11,85.233,86.308,87.284,88.261,88.994,89.531,89.971,90.215,90.215,90.069,89.629,89.092,88.506,87.822,87.04,86.161,85.282,84.354,83.426,82.498,81.618,80.935,80.593,80.935,82.009,83.914,86.601,90.166,94.513,99.495,105.01,110.88,116.93,122.79,128.31,133.2,137.2,140.18,142.14,143.02,142.87,141.94,140.33,138.03,135.35,132.37,129.09,125.82,122.5,119.13,115.81,112.54,109.31,106.04,102.87,99.691,96.565,93.536,90.752,88.115,85.673,83.475,81.57,79.811,78.346,77.174,76.343,75.806,75.464,75.464,75.757,76.246,76.929,77.76,78.737,79.86,81.032,82.253,83.475,84.745,85.917,87.138,88.164,89.189,89.971,90.752,91.241,91.534,91.68,91.534,91.241,90.752,90.069,89.287,88.506,87.626,86.698,85.624,84.549,83.475,82.498,81.618,80.984,80.886,81.374,82.693,84.793,87.724,91.436,95.93,101.01,106.53,112.44,118.35,124.02,129.09,133.44,136.91,139.45,140.87,141.26,140.72,139.5,137.59,135.25,132.51,129.49,126.31,122.99,119.77,116.49,113.22,110,106.82,103.7,100.47,97.444,94.416,91.534,88.945,86.405,84.158,82.107,80.3,78.737,77.418,76.49,75.757,75.318,75.171,75.22,75.562,76.05,76.734,77.613,78.541,79.665,80.886,82.058,83.23,84.403,85.575,86.601,87.626,88.506,89.189,89.727,90.069,90.166,90.069,89.678,89.092,88.408,87.626,86.747,85.868,84.842,83.865,82.791,81.814,80.739,79.811,78.981,78.492,78.492,79.176,80.69,82.84,85.917,89.678,94.123,99.154,104.62,110.39,116.1,121.62,126.7,131,134.42,136.91,138.38,138.86,138.42,137.25,135.35,132.95,130.12,126.99,123.72,120.3,116.93,113.51,110.09,106.72,103.35,100.03,96.809,93.634,90.557,87.675,84.989,82.498,80.251,78.248,76.49,75.122,74.048,73.315,72.875,72.68,72.729,73.12,73.755,74.487,75.415,76.49,77.662,78.883,80.104,81.423,82.693,84.012,85.184,86.161,87.138,87.822,88.408,88.799,88.994,88.994,88.799,88.359,87.724,86.991,86.259,85.379,84.5,83.621,82.693,81.667,80.739,79.86,79.03,78.492,78.248,78.541,79.616,81.423,84.061,87.48,91.68,96.565,101.99,107.8,113.66,119.47,124.8,129.49,133.34,136.18,137.98,138.67,138.42,137.35,135.54,133.2,130.36,127.24,124.02,120.6,117.23,113.81,110.44,107.07,103.79,100.57,97.346,94.318,91.29,88.554,85.966,83.67,81.618,79.762,78.102,76.881,75.904,75.22,74.878,74.731,74.78,75.171,75.66,76.343,77.174,78.102,79.127,80.251,81.277,82.449,83.475,84.598,85.624,86.552,87.382,88.066,88.701,89.092,89.385,89.434,89.238,88.847,88.408,87.871,87.284,86.601,85.868,85.038,84.158,83.279,82.351,81.472,80.739,80.251,80.251,80.788,82.253,84.403,87.48,91.29,95.783,100.91,106.43,112.24,118.01,123.43,128.41,132.61,135.98,138.33,139.69,140.04,139.6,138.47,136.76,134.57,131.93,129,125.92,122.79,119.62,116.49,113.42,110.39,107.31,104.28,101.3,98.372,95.441,92.755,90.166,87.822,85.673,83.719,82.009,80.446,79.127,78.102,77.418,76.978,76.783,76.783,77.027,77.564,78.248,79.03,80.007,81.032,82.107,83.23,84.305,85.379,86.405,87.382,88.31,89.092,89.824,90.313,90.606,90.752,90.655,90.362,89.873,89.287,88.701,87.968,87.187,86.356,85.428,84.5,83.475,82.547,81.667,81.13,80.935,81.374,82.547,84.549,87.431,91.094,95.539,100.62,106.14,111.85,117.62,123.18,128.26,132.61,136.18,138.77,140.33,140.92,140.67,139.74,138.23,136.18,133.74,131.05,128.12,125.04,122.06,118.98,115.91,112.78,109.75,106.63,103.55,100.47,97.493,94.66,91.925,89.434,87.138,84.989,83.035,81.374,79.86,78.688,77.858,77.32,76.978,76.978,77.174,77.613,78.199,78.932,79.86,80.886,82.009,83.133,84.256,85.282,86.356,87.431,88.359,89.238,89.971,90.508,90.948,91.094,91.045,90.801,90.362,89.824,89.092,88.408,87.626,86.698,85.721,84.696,83.621,82.547,81.618,80.886,80.495,80.593,81.472,83.182,85.673,88.945,92.95,97.591,102.82,108.39,114,119.47,124.6,129.24,133.05,135.93,137.79,138.77,138.81,138.03,136.67,134.81,132.56,129.93,127.04,124.06,120.99,118.01,114.93,111.85,108.73,105.7,102.57,99.495,96.418,93.536,90.752,88.164,85.819,83.621,81.618,79.909,78.444,77.32,76.441,75.855,75.562,75.415,75.611,76.001,76.636,77.369,78.248,79.225,80.3,81.472,82.595,83.719,84.793,85.868,86.796,87.626,88.31,88.799,89.043,89.092,88.945,88.603,88.066,87.48,86.796,86.063,85.233,84.403,83.475,82.547,81.57,80.593,79.665,78.883,78.297,78.199,78.59,79.762,81.716,84.5,87.968,92.169,97.004,102.28,107.85,113.56,118.94,123.87,128.17,131.63,134.13,135.69,136.23,135.98,134.91,133.3,131.1,128.56,125.68,122.55,119.37,116.1,112.88,109.56,106.28,103.01,99.74,96.418,93.243,90.215,87.382,84.745,82.253,80.055,78.053,76.343,74.976,73.901,73.217,72.778,72.631,72.68,72.973,73.559,74.292,75.171,76.197,77.32,78.541,79.811,81.032,82.302,83.621,84.793,85.917,86.845,87.675,88.359,88.847,89.238,89.385,89.287,89.092,88.75,88.164,87.48,86.796,85.966,85.184,84.354,83.475,82.595,81.814,81.13,80.739,80.69,81.228,82.498,84.549,87.382,90.997,95.295,100.18,105.5,111.07,116.54,121.82,126.51,130.51,133.64,135.79,137.01,137.3,136.81,135.64,133.78,131.49,128.8,125.82,122.7,119.47,116.25,112.98,109.75,106.48,103.26,99.984,96.858,93.781,90.948,88.31,85.819,83.572,81.57,79.811,78.346,77.223,76.441,75.904,75.66,75.66,75.904,76.343,76.978,77.809,78.737,79.762,80.788,81.863,82.986,84.061,85.038,86.063,86.943,87.724,88.506,89.092,89.482,89.727,89.824,89.629,89.287,88.847,88.31,87.724,87.04,86.308,85.477,84.696,83.816,82.84,82.009,81.179,80.495,80.153,80.446,81.423,83.182,85.721,89.092,93.195,97.981,103.31,108.92,114.73,120.3,125.58,130.12,133.93,136.81,138.67,139.6,139.69,139.01,137.74,135.88,133.64,131,128.17,125.24,122.26,119.23,116.25,113.17,110.19,107.16,104.18,101.16,98.225,95.441,92.755,90.215,87.919,85.868,83.914,82.156,80.739,79.469,78.541,77.906,77.564,77.418,77.564,77.858,78.444,79.127,80.007,80.935,82.009,83.035,84.158,85.233,86.356,87.431,88.408,89.287,90.069,90.606,91.045,91.29,91.387,91.192,90.85,90.313,89.678,88.994,88.164,87.382,86.503,85.477,84.549,83.572,82.547,81.716,81.277,81.277,82.009,83.426,85.721,88.847,92.755,97.346,102.62,108.24,114.05,119.81,125.19,129.97,134.08,137.2,139.3,140.43,140.67,140.18,139.01,137.3,135.2,132.76,129.97,127.19,124.26,121.23,118.25,115.22,112.24,109.26,106.19,103.16,100.13,97.2,94.367,91.729,89.287,87.138,85.135,83.377,81.814,80.495,79.421,78.688,78.102,77.858,77.858,78.102,78.492,79.03,79.811,80.69,81.667,82.742,83.816,84.842,85.868,86.845,87.724,88.603,89.385,89.971,90.41,90.606,90.557,90.313,89.922,89.434,88.799,88.115,87.236,86.356,85.428,84.5,83.426,82.449,81.374,80.495,79.811,79.469,79.762,80.739,82.498,85.038,88.408,92.56,97.297,102.57,108.19,113.86,119.33,124.36,128.8,132.51,135.25,137.06,137.94,137.98,137.3,135.93,134.08,131.78,129.24,126.41,123.48,120.5,117.37,114.3,111.22,108.09,105.01,101.89,98.665,95.637,92.608,89.824,87.236,84.842,82.693,80.788,79.127,77.662,76.636,75.855,75.366,75.171,75.171,75.464,76.001,76.685,77.564,78.541,79.616,80.739,81.863,82.986,84.061,85.135,86.112,86.991,87.724,88.31,88.75,88.994,88.994,88.799,88.359,87.871,87.236,86.552,85.721,84.94,84.061,83.133,82.107,81.179,80.251,79.323,78.541,77.906,77.809,78.248,79.469,81.423,84.158,87.626,91.729,96.467,101.74,107.31,112.88,118.25,123.18,127.43,130.85,133.34,134.86,135.44,135.2,134.13,132.51,130.32,127.83,124.99,122.01,118.89,115.76,112.54,109.36,106.19,103.01,99.789,96.614,93.536,90.557,87.822,85.282,82.986,80.935,79.127,77.613,76.49,75.66,75.171,74.976,75.073,75.415,76.001,76.734,77.662,78.737,79.909,81.13,82.351,83.572,84.793,86.112,87.382,88.506,89.482,90.313,90.997,91.436,91.729,91.778,91.68,91.387,90.85,90.117,89.238,88.31,87.382,86.405,85.428,84.403,83.377,82.351,81.472,80.788,80.495,80.739,81.716,83.475,86.112,89.434,93.536,98.225,103.45,108.92,114.44,119.77,124.7,129,132.51,135.1,136.81,137.54,137.54,136.86,135.64,133.88,131.68,129.19,126.41,123.58,120.55,117.47,114.34,111.22,108.09,105.01,101.94,98.86,95.93,93.097,90.508,88.115,85.966,84.012,82.156,80.593,79.372,78.444,77.809,77.418,77.32,77.369,77.662,78.199,78.786,79.616,80.446,81.374,82.351,83.377,84.403,85.379,86.308,87.187,87.968,88.75,89.287,89.678,89.873,89.922,89.727,89.482,89.092,88.701,88.115,87.431,86.747,85.917,85.135,84.256,83.377,82.498,81.814,81.374,81.472,120.99,118.06,115.13,112.19,109.17,106.24,103.26,100.23,97.346,94.611,92.071,89.727,87.529,85.624,83.816,82.253,80.886,79.86,79.127,78.688,78.444,78.492,78.786,79.323,79.909,80.788,81.716,82.791,83.914,84.989,86.063,87.138,88.115,89.043,89.971,90.752,91.387,91.876,92.169,92.218,92.071,91.68,91.192,90.557,89.922,89.189,88.359,87.48,86.552,85.575,84.549,83.621,82.742,82.107,81.863,82.156,83.23,85.135,87.724,91.29,95.637,100.57,105.99,111.66,117.42,122.94,127.87,132.17,135.64,138.03,139.55,140.18,139.99,139.06,137.59,135.69,133.44,130.8,128.07,125.19,122.16,119.23,116.25,113.17,110.19,107.16,104.14,101.11,98.177,95.344,92.657,90.215,87.968,85.917,84.012,82.302,80.886,79.762,78.883,78.297,78.004,77.906,78.053,78.444,78.932,79.616,80.349,81.228,82.253,83.279,84.354,85.428,86.405,87.382,88.261,89.043,89.678,90.166,90.41,90.508,90.362,90.069,89.629,89.043,88.359,87.626,86.845,85.966,85.038,84.11,83.035,82.107,81.179,80.349,79.909,79.909,80.544,82.009,84.11,87.138,90.85,95.441,100.57,106.14,111.8,117.47,122.79,127.73,131.93,135.2,137.5,138.81,139.25,138.86,137.74,136.13,133.93,131.39,128.56,125.58,122.5,119.37,116.2,113.07,109.95,106.72,103.6,100.47,97.346,94.367,91.485,88.847,86.503,84.305,82.253,80.495,78.981,77.858,76.978,76.441,76.099,76.099,76.343,76.734,77.418,78.199,79.176,80.251,81.374,82.498,83.621,84.696,85.819,86.796,87.724,88.554,89.189,89.678,89.971,90.117,89.873,89.434,88.847,88.261,87.48,86.698,85.868,84.94,84.012,82.986,82.009,81.032,80.104,79.225,78.688,78.444,78.688,79.616,81.228,83.719,87.138,91.192,95.93,101.16,106.82,112.49,118.06,123.28,127.97,131.88,134.81,136.76,137.74,137.74,137.01,135.54,133.54,131.2,128.41,125.48,122.45,119.33,116.1,112.93,109.8,106.63,103.45,100.33,97.2,94.22,91.436,88.847,86.503,84.354,82.547,80.886,79.567,78.492,77.662,77.223,77.027,77.125,77.418,77.906,78.541,79.372,80.3,81.277,82.449,83.475,84.549,85.624,86.601,87.529,88.506,89.238,89.873,90.362,90.752,90.85,90.801,90.606,90.215,89.824,89.238,88.603,87.871,87.04,86.161,85.233,84.305,83.377,82.498,81.814,81.472,81.667,82.547,84.256,86.698,89.971,93.976,98.665,103.84,109.41,115.13,120.69,125.87,130.41,134.22,137.2,139.11,140.04,140.18,139.5,138.23,136.37,134.13,131.49,128.7,125.68,122.6,119.57,116.54,113.51,110.49,107.41,104.28,101.25,98.323,95.441,92.755,90.166,87.919,85.868,84.061,82.449,81.032,80.055,79.323,78.786,78.541,78.541,78.786,79.225,79.86,80.593,81.472,82.498,83.572,84.598,85.673,86.747,87.724,88.701,89.482,90.166,90.801,91.241,91.534,91.632,91.485,91.192,90.752,90.215,89.629,88.945,88.115,87.284,86.405,85.575,84.598,83.67,82.84,82.156,81.814,82.009,82.84,84.549,87.04,90.508,94.611,99.447,104.82,110.49,116.3,122.06,127.43,132.22,136.23,139.3,141.31,142.43,142.62,141.99,140.72,138.91,136.67,134.13,131.24,128.26,125.14,122.06,118.94,115.76,112.54,109.36,106.19,103.01,99.886,96.858,94.074,91.436,89.043,86.991,85.038,83.377,81.912,80.739,79.909,79.372,79.127,79.03,79.225,79.616,80.251,80.984,81.912,82.986,84.061,85.184,86.308,87.431,88.506,89.482,90.41,91.241,91.925,92.413,92.804,92.999,92.95,92.608,92.169,91.534,90.85,90.117,89.287,88.359,87.431,86.405,85.428,84.403,83.426,82.547,82.009,81.814,82.253,83.475,85.624,88.554,92.364,96.809,101.89,107.31,112.98,118.69,124.06,129,133.2,136.47,138.86,140.33,140.82,140.57,139.6,138.18,136.18,133.78,131.2,128.31,125.38,122.31,119.33,116.25,113.17,110,106.87,103.7,100.47,97.444,94.513,91.68,89.092,86.796,84.696,82.791,81.179,79.86,78.786,78.053,77.564,77.32,77.369,77.613,78.053,78.688,79.421,80.349,81.374,82.449,83.572,84.696,85.673,86.698,87.626,88.408,89.092,89.629,89.971,90.117,90.069,89.824,89.385,88.847,88.164,87.48,86.747,85.917,85.038,84.11,83.182,82.253,81.228,80.349,79.567,78.981,78.883,79.323,80.544,82.547,85.428,88.994,93.243,98.128,103.35,108.92,114.54,120.06,125.14,129.53,133.1,135.74,137.35,138.03,137.79,136.81,135.1,132.95,130.36,127.48,124.36,121.23,118.06,114.88,111.66,108.48,105.26,101.99,98.763,95.539,92.413,89.482,86.747,84.256,82.009,80.007,78.248,76.783,75.757,74.976,74.487,74.292,74.341,74.683,75.22,76.001,76.881,77.858,79.03,80.3,81.618,82.84,84.158,85.428,86.601,87.626,88.554,89.287,89.824,90.166,90.362,90.41,90.215,89.873,89.385,88.75,88.066,87.284,86.503,85.673,84.793,83.865,82.986,82.107,81.374,80.886,80.739,81.179,82.302,84.256,86.991,90.557,94.758,99.544,104.87,110.44,116.1,121.57,126.56,130.95,134.42,136.91,138.47,139.06,138.81,137.79,136.13,133.93,131.29,128.36,125.24,122.06,118.79,115.47,112.19,108.87,105.55,102.23,99.007,95.881,92.95,90.215,87.675,85.379,83.279,81.472,80.007,78.883,78.053,77.467,77.223,77.174,77.418,77.809,78.444,79.176,80.055,80.984,82.058,83.133,84.158,85.233,86.259,87.236,88.115,88.945,89.678,90.166,90.557,90.752,90.752,90.557,90.313,89.873,89.434,88.847,88.31,87.626,86.845,85.966,85.135,84.256,83.279,82.498,81.814,81.423,81.618,82.498,84.256,86.845,90.362,94.562,99.349,104.67,110.39,116.05,121.67,126.85,131.49,135.35,138.38,140.38,141.45,141.6,141.06,139.89,138.18,135.93,133.44,130.61,127.68,124.7,121.62,118.54,115.47,112.44,109.36,106.28,103.26,100.23,97.249,94.416,91.778,89.434,87.236,85.282,83.621,82.156,80.984,80.104,79.567,79.176,79.03,79.176,79.567,80.104,80.788,81.667,82.693,83.67,84.793,85.868,86.991,87.968,88.994,89.873,90.606,91.29,91.729,92.071,92.169,92.12,91.876,91.485,90.948,90.313,89.629,88.847,88.066,87.187,86.259,85.233,84.305,83.426,82.693,82.253,82.351,83.182,84.842,87.382,90.752,94.855,99.691,105.01,110.63,116.35,122.06,127.39,132.07,135.93,138.91,140.87,141.89,141.99,141.35,140.04,138.23,135.93,133.34,130.61,127.68,124.75,121.72,118.79,115.81,112.78,109.75,106.68,103.6,100.57,97.542,94.758,92.071,89.629,87.284,85.233,83.426,81.814,80.495,79.567,78.786,78.346,78.199,78.199,78.492,78.981,79.665,80.495,81.374,82.351,83.475,84.549,85.673,86.747,87.675,88.603,89.434,90.117,90.606,90.997,91.045,90.997,90.655,90.166,89.629,88.945,88.115,87.284,86.356,85.428,84.403,83.377,82.351,81.374,80.495,79.86,79.762,80.251,81.472,83.67,86.601,90.313,94.66,99.544,104.82,110.39,116,121.43,126.41,130.8,134.32,136.86,138.42,139.06,138.86,137.94,136.37,134.32,131.88,129.09,126.12,123.04,119.86,116.74,113.56,110.39,107.16,104.04,100.81,97.591,94.513,91.485,88.701,86.063,83.719,81.618,79.811,78.248,76.978,76.05,75.366,74.976,74.927,75.073,75.464,76.05,76.881,77.858,78.981,80.153,81.374,82.693,83.914,85.184,86.356,87.431,88.359,89.092,89.629,89.971,90.117,90.069,89.824,89.287,88.701,87.919,87.04,86.112,85.135,84.11,83.133,82.107,81.032,80.104,79.225,78.541,78.248,78.541,79.567,81.423,84.11,87.626,91.729,96.565,101.79,107.41,113.17,118.94,124.31,129.09,133.2,136.18,138.18,139.16,139.16,138.38,136.81,134.66,131.98,129.05,125.87,122.5,119.13,115.66,112.29,108.92,105.55,102.18,98.86,95.637,92.511,89.629,86.845,84.403,82.253,80.3,78.737,77.418,76.539,75.904,75.611,75.611,75.806,76.246,76.929,77.76,78.688,79.762,80.886,82.058,83.23,84.354,85.575,86.698,87.724,88.603,89.385,89.922,90.362,90.606,90.655,90.557,90.166,89.727,89.189,88.603,87.919,87.187,86.356,85.428,84.5,83.621,82.693,81.863,81.179,80.935,81.228,82.351,84.305,87.04,90.606,94.806,99.691,104.92,110.44,116.05,121.48,126.56,131.05,134.76,137.5,139.3,140.23,140.33,139.69,138.38,136.47,134.17,131.49,128.61,125.58,122.5,119.37,116.25,113.12,110,106.87,103.74,100.67,97.591,94.758,91.925,89.434,87.04,84.989,83.182,81.57,80.251,79.176,78.444,77.906,77.662,77.662,77.906,78.346,78.981,79.811,80.69,81.667,82.742,83.816,84.842,85.966,87.04,87.968,88.847,89.629,90.215,90.655,90.997,91.045,90.948,90.655,90.215,89.727,89.189,88.506,87.724,86.943,86.063,85.135,84.158,83.279,82.498,81.912,81.716,82.253,83.475,85.624,88.603,92.315,96.76,101.74,107.16,112.88,118.59,124.11,129.19,133.54,137.06,139.6,141.26,141.89,141.7,140.72,139.3,137.3,134.91,132.22,129.39,126.36,123.28,120.16,117.13,114,110.88,107.7,104.58,101.45,98.323,95.344,92.56,89.922,87.529,85.428,83.475,81.814,80.446,79.372,78.541,78.053,77.76,77.662,77.858,78.248,78.883,79.616,80.495,81.57,82.595,83.816,84.989,86.112,87.187,88.261,89.189,90.069,90.752,91.241,91.534,91.68,91.632,91.29,90.801,90.166,89.482,88.701,87.822,86.845,85.868,84.745,83.67,82.595,81.618,80.788,80.446,80.544,81.472,83.23,85.868,89.189,93.243,97.884,103.01,108.48,114,119.42,124.55,129.09,133.05,136.13,138.23,139.45,139.69,139.16,137.98,136.23,133.98,131.39,128.51,125.43,122.35,119.18,116,112.78,109.56,106.28,103.11,99.886,96.662,93.634,90.655,87.968,85.477,83.23,81.228,79.469,78.004,76.881,76.05,75.415,75.122,75.073,75.22,75.66,76.294,77.027,78.004,78.981,80.104,81.277,82.498,83.719,84.842,85.917,86.943,87.724,88.408,88.945,89.238,89.287,89.189,88.847,88.408,87.871,87.187,86.405,85.575,84.696,83.719,82.742,81.716,80.739,79.86,79.03,78.59,78.59,79.323,80.886,83.279,86.405,90.215,94.66,99.691,105.06,110.63,116.1,121.28,125.97,129.97,133.1,135.3,136.47,136.81,136.23,134.86,133,130.56,127.83,124.8,121.67,118.45,115.17,111.85,108.53,105.16,101.89,98.567,95.246,91.973,88.945,86.063,83.377,80.935,78.737,76.783,75.22,74.048,73.168,72.631,72.387,72.387,72.631,73.168,73.999,74.927,76.099,77.369,78.737,80.104,81.618,83.133,84.549,85.966,87.236,88.408,89.434,90.215,90.801,91.094,91.192,91.045,90.752,90.313,89.678,88.847,87.968,87.04,86.063,85.038,84.061,83.035,82.058,81.228,80.739,80.69,81.374,82.791,85.038,88.066,91.778,96.125,100.91,106.14,111.51,116.79,121.87,126.41,130.32,133.44,135.64,136.91,137.45,137.06,135.98,134.32,132.12,129.63,126.75,123.72,120.69,117.47,114.25,110.97,107.75,104.48,101.25,98.03,94.904,91.876,89.043,86.503,84.158,82.058,80.3,78.786,77.613,76.734,76.099,75.757,75.611,75.806,76.197,76.685,77.418,78.248,79.127,80.104,81.179,82.253,83.279,84.305,85.282,86.259,87.138,87.822,88.359,88.75,88.994,89.043,88.945,88.701,88.31,87.871,87.382,86.796,86.112,85.379,84.549,83.67,82.742,81.863,81.13,80.69,80.593,81.228,82.742,85.038,88.261,92.12,96.614,101.6,107.07,112.63,118.25,123.58,128.41,132.61,135.98,138.42,139.94,140.48,140.23,139.3,137.74,135.69,133.2,130.36,127.43,124.31,121.23,118.06,114.98,111.85,108.82,105.75,102.62,99.544,96.565,93.732,91.045,88.603,86.356,84.305,82.498,80.886,79.567,78.541,77.809,77.32,77.125,77.174,77.369,77.809,78.444,79.127,80.055,80.984,82.058,83.182,84.256,85.379,86.405,87.382,88.31,89.043,89.678,90.117,90.41,90.508,90.41,90.166,89.824,89.287,88.75,88.066,87.284,86.503,85.575,84.598,83.67,82.742,81.912,81.374,81.228,81.716,83.035,85.282,88.31,92.071,96.467,101.45,106.72,112.39,117.91,123.23,128.17,132.42,135.88,138.38,139.89,140.48,140.23,139.25,137.59,135.49,133,130.17,127.19,124.06,120.99,117.81,114.69,111.56,108.43,105.31,102.18,99.007,95.93,92.999,90.215,87.626,85.233,83.133,81.179,79.567,78.102,77.027,76.246,75.757,75.464,75.464,75.66,76.05,76.636,77.369,78.248,79.176,80.251,81.277,82.449,83.572,84.696,85.673,86.698,87.48,88.115,88.603,88.945,88.994,88.799,88.554,88.066,87.48,86.845,86.112,85.282,84.403,83.572,82.547,81.57,80.593,79.762,79.127,78.932,79.323,80.495,82.498,85.282,88.799,92.95,97.542,102.67,108.09,113.61,118.94,123.92,128.36,131.98,134.81,136.67,137.59,137.69,137.01,135.64,133.74,131.39,128.7,125.72,122.6,119.42,116.25,113.07,109.8,106.63,103.35,100.13,96.858,93.732,90.752,87.919,85.379,83.035,80.935,79.03,77.467,76.246,75.22,74.536,74.097,73.852,73.901,74.243,74.731,75.366,76.197,77.125,78.102,79.176,80.3,81.423,82.547,83.621,84.598,85.477,86.259,86.845,87.284,87.529,87.529,87.382,87.04,86.601,86.063,85.428,84.696,83.865,82.986,82.058,81.032,80.055,79.03,78.248,77.613,77.418,77.858,79.127,81.13,83.914,87.48,91.68,96.467,101.74,107.26,112.88,118.3,123.38,127.83,131.49,134.17,135.98,136.81,136.67,135.79,134.22,132.12,129.63,126.75,123.67,120.55,117.32,114.05,110.83,107.55,104.23,101.01,97.786,94.611,91.632,88.75,86.112,83.67,81.57,79.616,78.004,76.685,75.66,74.927,74.487,74.341,74.438,74.731,75.318,75.904,76.783,77.662,78.688,79.811,80.935,82.058,83.182,84.256,85.184,86.063,86.796,87.431,87.919,88.31,88.408,88.359,88.164,87.871,87.48,86.991,86.356,85.673,84.94,84.11,83.23,82.351,81.472,80.788,80.349,80.495,81.277,82.937,85.428,88.603,92.511,97.004,101.94,107.12,112.49,117.81,122.84,127.48,131.39,134.42,136.57,137.79,138.18,137.79,136.76,135.1,133,130.51,127.73,124.8,121.82,118.69,115.57,112.49,109.41,106.38,103.31,100.23,97.2,94.22,91.436,88.799,86.405,84.158,82.156,80.446,78.981,77.809,76.881,76.197,75.806,75.611,75.66,76.001,76.441,77.027,77.809,78.688,79.665,80.69,81.716,82.791,83.865,84.842,85.819,86.698,87.431,88.066,88.506,88.75,88.799,88.701,88.408,88.066,87.529,86.991
0.39003,0.40469,0.41984,0.43988,0.45992,0.47996,0.5,0.52004,0.53519,0.54985,0.54985,0.54985,0.54008,0.52493,0.49511,0.46481,0.43988,0.41984,0.40469,0.39003,0.37977,0.37488,0.36999,0.3651,0.3651,0.3651,0.3651,0.3651,0.36999,0.37488,0.37977,0.37977,0.38514,0.39003,0.39492,0.39492,0.39492,0.39492,0.39492,0.40469,0.41496,0.435,0.45992,0.49022,0.52493,0.54008,0.54497,0.52493,0.49022,0.45503,0.41496,0.39003,0.37977,0.37488,0.36999,0.36999,0.37488,0.3651,0.37488,0.46481,0.61486,0.71994,0.73021,0.58504,0.43011,0.30499,0.25464,0.3001,0.35973,0.38514,0.39003,0.39003,0.39492,0.39492,0.3998,0.40469,0.40469,0.40469,0.41496,0.41984,0.43011,0.43988,0.45992,0.47996,0.5,0.52004,0.54497,0.565,0.58993,0.60508,0.62023,0.62023,0.62512,0.60997,0.59531,0.56989,0.53519,0.50489,0.47996,0.45992,0.44477,0.43988,0.43011,0.43011,0.43011,0.43011,0.43011,0.43011,0.435,0.435,0.44477,0.45015,0.45015,0.45503,0.45992,0.46481,0.46481,0.47019,0.47019,0.47019,0.47996,0.49022,0.50978,0.54008,0.57527,0.60508,0.62023,0.62023,0.6002,0.56989,0.52981,0.49022,0.46481,0.45503,0.45015,0.45015,0.45015,0.45015,0.44477,0.45503,0.54008,0.68035,0.77517,0.78006,0.64516,0.5,0.36999,0.30987,0.34995,0.42473,0.46481,0.47996,0.47996,0.47996,0.48485,0.49022,0.49511,0.49511,0.50489,0.51515,0.52493,0.52981,0.54497,0.56012,0.57527,0.58993,0.61486,0.6349,0.65005,0.6652,0.68524,0.70039,0.70528,0.70039,0.68035,0.66031,0.6349,0.60997,0.57527,0.55523,0.53519,0.52493,0.50978,0.50489,0.50489,0.50489,0.50489,0.50489,0.5,0.5,0.49511,0.49511,0.50489,0.50489,0.50489,0.50978,0.50978,0.51515,0.50978,0.50978,0.51515,0.51515,0.52493,0.54497,0.56989,0.59531,0.61486,0.62023,0.59531,0.56989,0.52981,0.49022,0.45992,0.43988,0.43011,0.42473,0.42473,0.41984,0.40469,0.3998,0.42473,0.52981,0.6652,0.71505,0.65005,0.50489,0.3348,0.20968,0.18475,0.26002,0.33969,0.37488,0.38514,0.37977,0.37977,0.37488,0.37488,0.37977,0.37977,0.38514,0.38514,0.39492,0.40469,0.41496,0.42473,0.43988,0.45503,0.47507,0.49022,0.50978,0.51515,0.52493,0.52981,0.52493,0.50978,0.49022,0.47019,0.43988,0.41496,0.37977,0.35973,0.33969,0.32502,0.31476,0.30987,0.30499,0.30499,0.3001,0.3001,0.30499,0.3001,0.3001,0.3001,0.30499,0.30987,0.31476,0.31476,0.31965,0.31965,0.31965,0.31476,0.31476,0.32502,0.33969,0.3651,0.39492,0.41984,0.43988,0.435,0.41496,0.39003,0.34995,0.30987,0.28006,0.26491,0.26002,0.26002,0.25464,0.25464,0.24487,0.24487,0.31965,0.47019,0.6002,0.62023,0.49511,0.3348,0.18964,0.1349,0.16471,0.22483,0.24487,0.24976,0.24976,0.24976,0.25464,0.25464,0.26491,0.26979,0.27468,0.28495,0.28983,0.3001,0.30987,0.32502,0.33969,0.35484,0.37488,0.3998,0.41984,0.44477,0.46481,0.47996,0.48485,0.47996,0.47019,0.45015,0.42473,0.3998,0.36999,0.34506,0.31965,0.30987,0.30499,0.30499,0.30499,0.30499,0.3001,0.3001,0.3001,0.30499,0.30499,0.30987,0.31476,0.31965,0.32502,0.32991,0.32991,0.3348,0.33969,0.34506,0.34506,0.35484,0.3651,0.37977,0.41496,0.43988,0.46481,0.48485,0.49022,0.47019,0.44477,0.41007,0.37488,0.34995,0.3348,0.32991,0.32991,0.32991,0.3348,0.32991,0.3348,0.41007,0.56012,0.68035,0.69501,0.56989,0.41496,0.27468,0.21457,0.24487,0.30987,0.3348,0.34995,0.34995,0.34995,0.35484,0.35973,0.3651,0.37488,0.37977,0.38514,0.39492,0.40469,0.41984,0.43011,0.44477,0.46481,0.49022,0.52004,0.54497,0.56989,0.58993,0.60508,0.60997,0.60508,0.59531,0.57527,0.55523,0.52981,0.5,0.47996,0.45992,0.44477,0.435,0.43011,0.42473,0.42473,0.42473,0.43011,0.435,0.43988,0.44477,0.45015,0.45503,0.46481,0.47019,0.47996,0.47996,0.48485,0.48485,0.49022,0.49511,0.50978,0.52493,0.54497,0.57527,0.60997,0.6349,0.65005,0.64516,0.62512,0.59531,0.55523,0.52493,0.50489,0.49511,0.49022,0.49511,0.5,0.50489,0.49022,0.5,0.59531,0.74536,0.8304,0.79521,0.68035,0.54008,0.41007,0.36999,0.41984,0.49022,0.52004,0.52493,0.52493,0.52493,0.52981,0.53519,0.54008,0.54497,0.54985,0.55523,0.565,0.57527,0.58993,0.6002,0.61486,0.6349,0.65494,0.67009,0.69013,0.71017,0.73021,0.73998,0.74536,0.73021,0.71505,0.69013,0.66031,0.6349,0.60997,0.58504,0.565,0.55523,0.54497,0.53519,0.52981,0.52493,0.52493,0.52493,0.52493,0.52981,0.53519,0.53519,0.52981,0.52981,0.53519,0.53519,0.54497,0.54985,0.54008,0.53519,0.54008,0.54497,0.55523,0.58504,0.61486,0.64027,0.65494,0.66031,0.63001,0.6002,0.56012,0.52004,0.48485,0.46481,0.46481,0.45992,0.45992,0.45992,0.45015,0.44477,0.49511,0.62023,0.73998,0.77517,0.68035,0.52004,0.35484,0.24976,0.23998,0.33969,0.41007,0.43988,0.43988,0.43988,0.43988,0.44477,0.44477,0.45015,0.45015,0.45503,0.45992,0.45992,0.47019,0.48485,0.5,0.51515,0.52981,0.54985,0.56989,0.58504,0.59531,0.60508,0.60508,0.6002,0.58504,0.565,0.54497,0.52004,0.49022,0.46481,0.44477,0.42473,0.41496,0.41496,0.40469,0.40469,0.40469,0.40469,0.40469,0.40469,0.40469,0.41007,0.41496,0.41984,0.42473,0.42473,0.43011,0.43011,0.43988,0.43988,0.43988,0.44477,0.45503,0.47507,0.50489,0.52981,0.54985,0.55523,0.54497,0.52004,0.48485,0.44477,0.41496,0.39492,0.38514,0.37977,0.37977,0.37488,0.36999,0.35973,0.38514,0.50489,0.66031,0.74536,0.69501,0.55523,0.38514,0.26979,0.24487,0.3001,0.34995,0.3651,0.3651,0.3651,0.36999,0.36999,0.37488,0.37488,0.37977,0.39003,0.3998,0.40469,0.41496,0.42473,0.44477,0.45992,0.47996,0.50489,0.52493,0.54497,0.565,0.57527,0.58504,0.58993,0.58504,0.56989,0.54497,0.52004,0.49022,0.46481,0.43988,0.42473,0.41496,0.40469,0.3998,0.39492,0.39492,0.39492,0.39492,0.3998,0.3998,0.3998,0.40469,0.41007,0.41496,0.41496,0.41984,0.41984,0.42473,0.42473,0.43011,0.43988,0.45015,0.46481,0.48485,0.51515,0.54008,0.565,0.56989,0.55523,0.52981,0.49022,0.45503,0.42473,0.41007,0.3998,0.3998,0.3998,0.3998,0.3998,0.39492,0.43988,0.56989,0.71505,0.77028,0.69501,0.54008,0.38514,0.28983,0.27468,0.34995,0.3998,0.41007,0.41496,0.41496,0.41496,0.41984,0.41984,0.42473,0.43011,0.43988,0.44477,0.45015,0.45992,0.47507,0.49022,0.50978,0.52981,0.54985,0.57527,0.6002,0.62023,0.6349,0.64027,0.64516,0.6349,0.62023,0.59531,0.565,0.53519,0.50978,0.49022,0.47996,0.46481,0.45992,0.45503,0.45015,0.45015,0.45015,0.45015,0.45015,0.45015,0.45015,0.45503,0.45992,0.46481,0.46481,0.47019,0.47507,0.47996,0.47996,0.47996,0.48485,0.49511,0.50978,0.54008,0.56989,0.6002,0.62023,0.62023,0.60508,0.58504,0.54985,0.51515,0.48485,0.47019,0.46481,0.45992,0.46481,0.46481,0.46481,0.45992,0.50978,0.64027,0.77517,0.80499,0.71994,0.58016,0.43988,0.34506,0.3348,0.41984,0.47507,0.48485,0.49022,0.49022,0.49022,0.49511,0.5,0.5,0.50489,0.50978,0.52004,0.52981,0.53519,0.54497,0.55523,0.57527,0.6002,0.62023,0.64027,0.65005,0.6652,0.68524,0.69013,0.69013,0.68035,0.65494,0.62512,0.6002,0.57527,0.54985,0.52004,0.50489,0.49022,0.47996,0.47996,0.47507,0.46481,0.45992,0.45992,0.46481,0.46481,0.46481,0.46481,0.47019,0.47996,0.47996,0.47507,0.47019,0.47019,0.47019,0.47019,0.47019,0.47019,0.48485,0.51515,0.54008,0.565,0.57527,0.565,0.53519,0.50489,0.46481,0.435,0.41007,0.39492,0.39003,0.39003,0.38514,0.38514,0.37977,0.37977,0.45015,0.58504,0.69013,0.70039,0.56989,0.41007,0.25464,0.1696,0.1999,0.28983,0.34995,0.3651,0.35973,0.35973,0.3651,0.36999,0.37488,0.37488,0.38514,0.39492,0.39492,0.3998,0.41496,0.42473,0.43988,0.45503,0.47507,0.49022,0.50978,0.52981,0.54497,0.54985,0.55523,0.54008,0.52981,0.50978,0.49022,0.46481,0.435,0.41496,0.39492,0.37977,0.36999,0.3651,0.3651,0.3651,0.3651,0.36999,0.36999,0.36999,0.37488,0.37977,0.38514,0.39492,0.39492,0.3998,0.40469,0.40469,0.41007,0.41496,0.41496,0.41984,0.43011,0.45015,0.47996,0.50978,0.52493,0.52981,0.50978,0.48485,0.45992,0.41984,0.39492,0.37488,0.36999,0.3651,0.3651,0.3651,0.35973,0.35484,0.37977,0.50489,0.6652,0.73998,0.68035,0.52981,0.35973,0.24487,0.21994,0.28983,0.34506,0.3651,0.3651,0.3651,0.36999,0.36999,0.36999,0.37488,0.37977,0.38514,0.39492,0.40469,0.41496,0.41984,0.435,0.45503,0.47507,0.49511,0.51515,0.53519,0.54985,0.565,0.57527,0.57527,0.56012,0.54985,0.52981,0.50489,0.47507,0.44477,0.42473,0.40469,0.39492,0.38514,0.37977,0.37977,0.37488,0.37488,0.37488,0.37977,0.38514,0.36999,0.33969,0.29472,0.21994,0.17498,0.16471,0.1696,0.15494,0.18475,0.30987,0.50489,0.64516,0.6652,0.63001,0.58504,0.54985,0.52493,0.51515,0.49511,0.48485,0.47507,0.45992,0.45015,0.45992,0.47996,0.49511,0.51515,0.53519,0.54985,0.56989,0.57527,0.57527,0.56989,0.56012,0.54008,0.52004,0.49511,0.47507,0.45503,0.435,0.41496,0.40469,0.39492,0.38514,0.37488,0.3651,0.35973,0.35973,0.35484,0.35484,0.35484,0.35484,0.35973,0.35484,0.35973,0.35973,0.3651,0.3651,0.3651,0.36999,0.36999,0.37488,0.37488,0.37488,0.37977,0.37977,0.38514,0.38514,0.38514,0.38514,0.39003,0.39492,0.3998,0.3998,0.3998,0.3998,0.40469,0.41007,0.41007,0.41007,0.41496,0.41496,0.41496,0.41496,0.41496,0.41984,0.41984,0.41984,0.41984,0.41984,0.42473,0.43011,0.435,0.43988,0.43988,0.44477,0.47996,0.52004,0.55523,0.57527,0.58016,0.565,0.54008,0.50489,0.47507,0.45015,0.43988,0.43011,0.42473,0.42473,0.42473,0.41984,0.44477,0.54985,0.71017,0.8001,0.7654,0.64516,0.5,0.38514,0.34995,0.37977,0.41496,0.42473,0.43011,0.43011,0.43011,0.43011,0.43011,0.435,0.43988,0.43988,0.44477,0.45992,0.46481,0.47019,0.48485,0.49511,0.50978,0.52981,0.54497,0.56012,0.57527,0.58993,0.6002,0.6002,0.60508,0.60508,0.6002,0.58993,0.57527,0.56012,0.54008,0.52493,0.50489,0.49022,0.47996,0.47019,0.46481,0.46481,0.46481,0.46481,0.47019,0.47019,0.47507,0.47996,0.47507,0.47507,0.47996,0.47996,0.47996,0.47996,0.47507,0.47019,0.47019,0.47019,0.47996,0.49511,0.52004,0.54497,0.565,0.57527,0.55523,0.52493,0.5,0.45992,0.435,0.41984,0.41007,0.40469,0.3998,0.3998,0.3998,0.38514,0.3998,0.47996,0.61486,0.71505,0.72532,0.58016,0.41984,0.26979,0.19501,0.2346,0.32502,0.37977,0.39492,0.39492,0.39492,0.39492,0.39492,0.3998,0.40469,0.41007,0.41496,0.41496,0.42473,0.44477,0.45503,0.46481,0.48485,0.50489,0.52493,0.54008,0.55523,0.565,0.57527,0.56989,0.55523,0.54008,0.52004,0.5,0.47507,0.44477,0.41984,0.3998,0.39003,0.37977,0.37488,0.3651,0.3651,0.3651,0.3651,0.36999,0.37488,0.37977,0.37977,0.38514,0.39003,0.39492,0.39492,0.3998,0.3998,0.40469,0.40469,0.41007,0.41496,0.41984,0.43988,0.46481,0.49511,0.51515,0.51515,0.49511,0.47507,0.44477,0.41496,0.39003,0.37977,0.37488,0.37488,0.37488,0.37488,0.36999,0.35973,0.39003,0.50489,0.65005,0.70528,0.65005,0.50978,0.35484,0.2346,0.20968,0.28495,0.34506,0.37488,0.37488,0.37977,0.37977,0.38514,0.39003,0.39492,0.3998,0.3998,0.41496,0.42473,0.435,0.44477,0.45992,0.47507,0.49022,0.51515,0.53519,0.54985,0.56989,0.58016,0.58993,0.58993,0.58016,0.565,0.54497,0.52004,0.49511,0.47019,0.45015,0.435,0.42473,0.41984,0.41496,0.41496,0.41496,0.41496,0.41984,0.41984,0.42473,0.42473,0.42473,0.43011,0.435,0.43988,0.44477,0.45015,0.45015,0.45503,0.45992,0.45992,0.46481,0.47507,0.5,0.52493,0.54985,0.565,0.57527,0.55523,0.52981,0.5,0.46481,0.435,0.41496,0.41007,0.40469,0.3998,0.3998,0.39492,0.38514,0.40469,0.52493,0.68524,0.7654,0.70528,0.56012,0.3998,0.28983,0.26491,0.31965,0.36999,0.37977,0.38514,0.38514,0.37977,0.38514,0.39003,0.39492,0.39492,0.3998,0.40469,0.41496,0.42473,0.43011,0.44477,0.45992,0.47996,0.50489,0.52493,0.54008,0.55523,0.57527,0.58016,0.58016,0.56989,0.54985,0.52981,0.50489,0.47507,0.44477,0.42473,0.40469,0.39003,0.37977,0.37488,0.36999,0.36999,0.36999,0.36999,0.37488,0.37488,0.37977,0.37977,0.38514,0.38514,0.39492,0.39492,0.3998,0.40469,0.40469,0.41007,0.41496,0.41984,0.435,0.45503,0.47996,0.50978,0.52981,0.54008,0.52981,0.50489,0.47996,0.44477,0.41984,0.3998,0.39003,0.38514,0.38514,0.38514,0.38514,0.37977,0.39492,0.48485,0.64027,0.73998,0.74536,0.58016,0.41984,0.28983,0.24976,0.29472,0.35484,0.37977,0.38514,0.38514,0.38514,0.39003,0.39492,0.39492,0.3998,0.3998,0.41007,0.41984,0.42473,0.43988,0.45503,0.47019,0.49022,0.50978,0.52981,0.54985,0.565,0.58016,0.59531,0.6002,0.6002,0.58993,0.565,0.54008,0.50978,0.48485,0.45992,0.435,0.41496,0.3998,0.39492,0.39003,0.38514,0.38514,0.38514,0.38514,0.38514,0.38514,0.39003,0.39492,0.3998,0.3998,0.3998,0.40469,0.40469,0.40469,0.41007,0.41496,0.41984,0.42473,0.43988,0.46481,0.49022,0.50978,0.51515,0.5,0.47996,0.45503,0.42473,0.39492,0.37488,0.36999,0.3651,0.3651,0.3651,0.35973,0.35484,0.35973,0.44477,0.58993,0.68035,0.65005,0.53519,0.38514,0.25464,0.20479,0.26002,0.32502,0.35484,0.35973,0.35973,0.35973,0.3651,0.3651,0.36999,0.37488,0.37977,0.38514,0.39492,0.3998,0.40469,0.41984,0.43988,0.45503,0.47996,0.5,0.52004,0.53519,0.54985,0.56012,0.56012,0.55523,0.54008,0.52493,0.5,0.47507,0.43988,0.41984,0.40469,0.39003,0.37977,0.37488,0.36999,0.36999,0.36999,0.37488,0.37488,0.37488,0.37977,0.39003,0.39492,0.39492,0.3998,0.3998,0.40469,0.41007,0.41496,0.41496,0.41984,0.42473,0.435,0.45015,0.47507,0.50489,0.52004,0.52493,0.5,0.48485,0.45503,0.42473,0.40469,0.3998,0.3998,0.39492,0.39003,0.39492,0.39492,0.41007,0.49022,0.62023,0.71017,0.71505,0.565,0.41007,0.27468,0.20479,0.25464,0.34506,0.40469,0.41984,0.41984,0.42473,0.43011,0.43011,0.43011,0.43988,0.45015,0.45503,0.45992,0.46481,0.47507,0.48485,0.50489,0.52493,0.53519,0.54497,0.56989,0.58993,0.6002,0.60508,0.6002,0.59531,0.58016,0.565,0.53519,0.50978,0.49022,0.47019,0.45015,0.43988,0.43011,0.41984,0.41984,0.41984,0.41984,0.41984,0.42473,0.42473,0.43011,0.435,0.43988,0.44477,0.45015,0.45015,0.45503,0.45992,0.45992,0.45503,0.45015,0.45015,0.45992,0.47019,0.49511,0.52004,0.54008,0.54985,0.53519,0.51515,0.49022,0.45992,0.42473,0.41496,0.40469,0.40469,0.3998,0.3998,0.40469,0.39003,0.41496,0.52493,0.67498,0.75024,0.69501,0.54497,0.37977,0.25464,0.22972,0.3001,0.3651,0.39003,0.3998,0.3998,0.3998,0.40469,0.41007,0.41496,0.41496,0.41984,0.42473,0.43011,0.44477,0.45992,0.47507,0.49022,0.50978,0.52981,0.54985,0.56989,0.58016,0.58993,0.59531,0.59531,0.58993,0.56989,0.54497,0.52004,0.5,0.47996,0.45992,0.43988,0.43011,0.41984,0.41984,0.41496,0.41496,0.41496,0.41984,0.41984,0.41984,0.41984,0.42473,0.42473,0.42473,0.43011,0.43011,0.435,0.435,0.43988,0.435,0.43988,0.45015,0.45992,0.48485,0.50978,0.53519,0.54985,0.55523,0.52493,0.5,0.46481,0.435,0.40469,0.39003,0.38514,0.38514,0.38514,0.37977,0.37488,0.3651,0.43011,0.57527,0.71505,0.75024,0.65494,0.5,0.34995,0.26979,0.28983,0.33969,0.36999,0.37977,0.37977,0.37977,0.37977,0.38514,0.38514,0.39003,0.39492,0.3998,0.40469,0.41007,0.41984,0.43011,0.44477,0.46481,0.48485,0.50489,0.52981,0.54985,0.565,0.57527,0.58016,0.58504,0.57527,0.55523,0.52981,0.50489,0.47507,0.44477,0.42473,0.40469,0.39492,0.39003,0.38514,0.37977,0.37977,0.37977,0.38514,0.38514,0.39003,0.39492,0.39492,0.3998,0.40469,0.40469,0.40469,0.41007,0.41984,0.42473,0.42473,0.43011,0.44477,0.46481,0.48485,0.50489,0.52493,0.53519,0.52981,0.51515,0.49022,0.46481,0.42473,0.40469,0.39492,0.39492,0.39492,0.39492,0.3998,0.38514,0.37977,0.44477,0.58993,0.71017,0.72532,0.61486,0.47996,0.35973,0.3001,0.31965,0.36999,0.39492,0.40469,0.41007,0.41496,0.40469,0.40469,0.41007,0.41496,0.41984,0.42473,0.435,0.43988,0.45015,0.46481,0.48485,0.50489,0.52981,0.54985,0.56989,0.59531,0.62023,0.64027,0.64516,0.64027,0.63001,0.61486,0.58993,0.565,0.53519,0.50978,0.49022,0.48485,0.47507,0.45992,0.45992,0.45992,0.46481,0.46481,0.46481,0.46481,0.47507,0.48485,0.49022,0.49022,0.48485,0.47996,0.49022,0.5,0.50489,0.5,0.50489,0.50978,0.50489,0.54008,0.56989,0.58016,0.59531,0.6002,0.56989,0.54497,0.52493,0.48485,0.45992,0.46481,0.47019,0.46481,0.45992,0.45992,0.45015,0.48485,0.59531,0.71017,0.74536,0.67009,0.52981,0.3651,0.25464,0.2346,0.32991,0.40469,0.435,0.43988,0.43988,0.44477,0.43988,0.44477,0.45015,0.44477,0.45015,0.45503,0.45992,0.47019,0.47996,0.49022,0.5,0.50978,0.52493,0.54008,0.54497,0.55523,0.565,0.56989,0.55523,0.53519,0.51515,0.49022,0.46481,0.435,0.41496,0.39492,0.37977,0.36999,0.35973,0.35973,0.35484,0.35484,0.35484,0.34995,0.34995,0.34995,0.35484,0.35484,0.35484,0.35484,0.35484,0.35484,0.35973,0.35973,0.35484,0.35484,0.35484,0.35973,0.37488,0.3998,0.42473,0.43988,0.44477,0.42473,0.41007,0.37977,0.35484,0.31965,0.30499,0.29472,0.28983,0.28983,0.28983,0.28983,0.28006,0.3001,0.41007,0.56989,0.66031,0.61486,0.47019,0.3001,0.1696,0.13978,0.19501,0.25464,0.27468,0.28495,0.28495,0.28495,0.28495,0.28983,0.29472,0.29472,0.30499,0.30987,0.31965,0.32991,0.33969,0.35484,0.37488,0.39492,0.41496,0.435,0.45503,0.47019,0.48485,0.49022,0.49511,0.49022,0.47019,0.45015,0.42473,0.3998,0.37488,0.35484,0.3348,0.32991,0.31965,0.31476,0.31476,0.31476,0.31476,0.30987,0.30987,0.31476,0.31476,0.31965,0.31965,0.32991,0.3348,0.3348,0.33969,0.34995,0.34995,0.34995,0.35484,0.36999,0.39003,0.41496,0.43988,0.45992,0.47019,0.45992,0.435,0.3998,0.36999,0.34506,0.32991,0.31476,0.30987,0.31476,0.31476,0.31476,0.30987,0.32991,0.43011,0.58016,0.6652,0.63001,0.52004,0.38514,0.28006,0.24976,0.28006,0.31476,0.32502,0.31965,0.31965,0.32991,0.3348,0.3348,0.3348,0.3348,0.33969,0.34506,0.35973,0.3651,0.37488,0.38514,0.3998,0.41984,0.44477,0.46481,0.48485,0.50978,0.52981,0.54008,0.54497,0.52981,0.51515,0.49511,0.47507,0.45992,0.43011,0.3998,0.39492,0.38514,0.35484,0.34995,0.35484,0.35973,0.34995,0.35973,0.3651,0.36999,0.3651,0.3651,0.37977,0.38514,0.39492,0.39492,0.3998,0.40469,0.40469,0.40469,0.41984,0.43011,0.45992,0.5,0.52981,0.53519,0.52493,0.50489,0.48485,0.45503,0.41984,0.3998,0.39492,0.3998,0.40469,0.41496,0.40469,0.39492,0.39492,0.45015,0.57527,0.69501,0.71994,0.6349,0.49022,0.32991,0.21994,0.20968,0.32502,0.41007,0.43988,0.44477,0.45015,0.45015,0.45503,0.46481,0.47019,0.47996,0.48485,0.49511,0.50489,0.51515,0.52493,0.54497,0.56012,0.58504,0.60508,0.62512,0.64027,0.65494,0.6652,0.6652,0.6652,0.65005,0.64027,0.61486,0.59531,0.56989,0.54985,0.52981,0.51515,0.50978,0.50978,0.50489,0.50978,0.50978,0.51515,0.52004,0.51515,0.52004,0.52493,0.52981,0.54497,0.56012,0.57527,0.58016,0.58016,0.58016,0.57527,0.57527,0.58504,0.60997,0.64516,0.67498,0.69013,0.67498,0.64027,0.60508,0.58993,0.58993,0.59531,0.6002,0.61486,0.62512,0.6349,0.62512,0.60997,0.58504,0.56989,0.62023,0.77028,0.88514,0.90029,0.77517,0.62512,0.5,0.43988,0.45992,0.5,0.50978,0.50489,0.50489,0.50489,0.50978,0.51515,0.51515,0.51515,0.52004,0.52493,0.52981,0.53519,0.54008,0.55523,0.58016,0.6002,0.62023,0.64027,0.64516,0.66031,0.68035,0.69501,0.70039,0.70528,0.69013,0.6652,0.62023,0.56012,0.51515,0.54008,0.6002,0.62023,0.62512,0.62512,0.62512,0.62023,0.62023,0.62512,0.61486,0.59531,0.58016,0.57527,0.56989,0.565,0.55523,0.55523,0.55523,0.54985,0.54985,0.54985,0.55523,0.56012,0.58016,0.60997,0.6349,0.66031,0.67009,0.6652,0.64027,0.60997,0.57527,0.54008,0.51515,0.50489,0.49511,0.49511,0.49511,0.49511,0.49022,0.51515,0.62023,0.77028,0.85533,0.81036,0.69501,0.565,0.47996,0.45992,0.49022,0.51515,0.52493,0.52004,0.52004,0.52493,0.52981,0.53519,0.53519,0.54008,0.54985,0.55523,0.565,0.57527,0.59531,0.61486,0.64027,0.66031,0.69501,0.71994,0.74536,0.7654,0.77517,0.77517,0.78006,0.77028,0.75513,0.72532,0.70039,0.6652,0.63001,0.59531,0.56989,0.54985,0.53519,0.52493,0.51515,0.50978,0.50489,0.50489,0.5,0.5,0.49511,0.49022,0.48485,0.47996,0.47996,0.47019,0.46481,0.46481,0.45992,0.45992,0.46481,0.47996,0.50489,0.52981,0.54985,0.56989,0.56989,0.54985,0.52004,0.47996,0.43988,0.41007,0.39003,0.38514,0.37488,0.37488,0.37488,0.3651,0.35973,0.41007,0.54985,0.68524,0.71505,0.61486,0.45503,0.3001,0.20968,0.20479,0.28495,0.32502,0.3348,0.3348,0.3348,0.3348,0.32991,0.32991,0.3348,0.3348,0.3348,0.33969,0.33969,0.34995,0.35484,0.3651,0.37977,0.39492,0.41496,0.435,0.45503,0.47019,0.47996,0.48485,0.48485,0.47019,0.45015,0.41984,0.39492,0.35973,0.3348,0.30987,0.28983,0.27468,0.26491,0.26002,0.25464,0.25464,0.25464,0.25464,0.25464,0.25464,0.26002,0.26491,0.26491,0.26491,0.26491,0.26979,0.26979,0.26979,0.26979,0.27468,0.28495,0.30499,0.32991,0.35484,0.37977,0.39492,0.3998,0.38514,0.35484,0.31476,0.28006,0.24976,0.22972,0.22972,0.22972,0.22972,0.22972,0.22483,0.21994,0.27468,0.41007,0.54497,0.58016,0.48485,0.32991,0.1696,0.07478,0.069892,0.16471,0.21457,0.22972,0.2346,0.2346,0.23998,0.23998,0.24487,0.24976,0.25464,0.26491,0.26979,0.28495,0.29472,0.30987,0.32502,0.34506,0.35973,0.38514,0.40469,0.41984,0.435,0.45015,0.45992,0.46481,0.45503,0.43988,0.41984,0.3998,0.37488,0.34995,0.3348,0.31476,0.30499,0.3001,0.29472,0.29472,0.29472,0.29472,0.29472,0.30499,0.30987,0.31476,0.31476,0.31965,0.32502,0.32991,0.3348,0.33969,0.34506,0.34506,0.34995,0.35973,0.37977,0.3998,0.435,0.45992,0.48485,0.49511,0.48485,0.45992,0.41984,0.37977,0.34995,0.3348,0.32991,0.32991,0.32991,0.32991,0.31965,0.31965,0.3651,0.49511,0.63001,0.67498,0.6002,0.44477,0.28983,0.18964,0.17498,0.26491,0.32502,0.34506,0.34995,0.34995,0.35484,0.35973,0.35973,0.36999,0.37488,0.37977,0.38514,0.39492,0.40469,0.41984,0.435,0.45503,0.47019,0.49511,0.52004,0.54497,0.55523,0.56989,0.57527,0.57527,0.56989,0.55523,0.53519,0.50978,0.48485,0.45992,0.435,0.41984,0.40469,0.3998,0.39492,0.39492,0.39492,0.39492,0.3998,0.39492,0.3998,0.40469,0.41007,0.41496,0.41984,0.41984,0.42473,0.43011,0.43011,0.43988,0.43988,0.44477,0.45992,0.47507,0.50489,0.52981,0.55523,0.57527,0.58016,0.55523,0.52493,0.48485,0.45015,0.43011,0.41984,0.41496,0.41496,0.41496,0.41496,0.40469,0.41496,0.50489,0.66031,0.75513,0.7654,0.60997,0.45015,0.31476,0.25464,0.30499,0.37977,0.41984,0.43011,0.43011,0.435,0.43988,0.43988,0.44477,0.45015,0.45503,0.45992,0.47019,0.47996,0.48485,0.49511,0.50978,0.52981,0.54985,0.56989,0.58993,0.60997,0.62512,0.6349,0.64027,0.64027,0.62512,0.6002,0.57527,0.54985,0.52493,0.5,0.47507,0.45992,0.44477,0.43988,0.435,0.435,0.435,0.435,0.435,0.43988,0.43988,0.43988,0.43988,0.44477,0.45015,0.45992,0.45992,0.46481,0.47019,0.47019,0.47019,0.47507,0.48485,0.5,0.52493,0.55523,0.58016,0.59531,0.58993,0.565,0.52981,0.49022,0.45503,0.43988,0.42473,0.42473,0.42473,0.42473,0.42473,0.41984,0.43988,0.54497,0.69013,0.77028,0.71994,0.58016,0.41984,0.29472,0.26979,0.32502,0.38514,0.41496,0.41984,0.41496,0.41496,0.41496,0.41984,0.42473,0.43011,0.435,0.43988,0.44477,0.45992,0.46481,0.47996,0.49511,0.50978,0.52981,0.54985,0.56989,0.58504,0.59531,0.6002,0.60508,0.59531,0.58016,0.565,0.54008,0.51515,0.49022,0.46481,0.44477,0.43011,0.41984,0.41496,0.41007,0.40469,0.3998,0.3998,0.3998,0.3998,0.3998,0.40469,0.41007,0.41496,0.41496,0.41496,0.41496,0.41496,0.41984,0.41984,0.41984,0.42473,0.43988,0.45992,0.48485,0.50978,0.52981,0.54008,0.52981,0.50489,0.46481,0.41984,0.38514,0.3651,0.35973,0.35484,0.35484,0.35484,0.34506,0.33969,0.37977,0.50489,0.6349,0.6652,0.58016,0.435,0.28495,0.19501,0.18475,0.28006,0.3348,0.34995,0.35484,0.34995,0.35484,0.35484,0.35484,0.35973,0.3651,0.37488,0.37488,0.38514,0.3998,0.41496,0.42473,0.43988,0.45992,0.47996,0.5,0.52493,0.54497,0.55523,0.56012,0.55523,0.54985,0.54008,0.52004,0.49511,0.46481,0.435,0.41496,0.3998,0.38514,0.37488,0.37488,0.37488,0.3651,0.35973,0.35973,0.35973,0.37488,0.38514,0.39003,0.39003,0.39492,0.3998,0.3998,0.40469,0.41007,0.40469,0.40469,0.41007,0.42473,0.44477,0.47019,0.5,0.52004,0.53519,0.54008,0.51515,0.47996,0.43988,0.41496,0.3998,0.39492,0.38514,0.37977,0.37977,0.37977,0.36999,0.3651,0.44477,0.58504,0.68524,0.69501,0.55523,0.39492,0.24487,0.17498,0.21457,0.30987,0.37488,0.39492,0.3998,0.39492,0.39492,0.40469,0.41007,0.41496,0.41984,0.42473,0.43011,0.43988,0.45503,0.47507,0.49022,0.50978,0.52981,0.55523,0.57527,0.58993,0.60997,0.62023,0.61486,0.60508,0.59531,0.58016,0.55523,0.52493,0.5,0.48485,0.47019,0.45503,0.44477,0.44477,0.43988,0.43988,0.44477,0.44477,0.44477,0.45015,0.45015,0.45992,0.46481,0.47019,0.47996,0.48485,0.49022,0.49511,0.5,0.5,0.50489,0.51515,0.52981,0.55523,0.58504,0.61486,0.6349,0.64027,0.62512,0.6002,0.565,0.52493,0.5,0.48485,0.47996,0.47996,0.48485,0.48485,0.47996,0.47507,0.52981,0.6652,0.79521,0.82014,0.71994,0.56989,0.41984,0.3348,0.32991,0.43011,0.47996,0.49511,0.5,0.50489,0.50489,0.50978,0.50978,0.51515,0.52004,0.52493,0.52981,0.54008,0.55523,0.565,0.58016,0.59531,0.61486,0.63001,0.64516,0.66031,0.67498,0.68524,0.68524,0.68035,0.6652,0.64516,0.62023,0.59531,0.56989,0.54497,0.52493,0.50489,0.49022,0.47996,0.47019,0.46481,0.46481,0.45992,0.45992,0.45503,0.45503,0.45503,0.45503,0.45503,0.45503,0.45992,0.45992,0.45992,0.45503,0.45015,0.45015,0.45015,0.45992,0.47996,0.50489,0.52981,0.54985,0.56012,0.54985,0.52493,0.49022,0.44477,0.3998,0.37488,0.3651,0.35973,0.35484,0.35484,0.34506,0.3348,0.35973,0.47996,0.63001,0.70039,0.6349,0.48485,0.31965,0.20479,0.18475,0.28006,0.34506,0.37488,0.37488,0.37488,0.37488,0.37977,0.39003,0.3998,0.41496,0.41984,0.42473,0.435,0.44477,0.45015,0.46481,0.47996,0.49022,0.50978,0.52981,0.54985,0.565,0.57527,0.58016,0.58504,0.58016,0.56012,0.53519,0.50489,0.47996,0.44477,0.41984,0.3998,0.38514,0.37488,0.36999,0.3651,0.3651,0.35973,0.35973,0.35973,0.3651,0.3651,0.3651,0.36999,0.37488,0.37488,0.37488,0.37977,0.37977,0.37977,0.37977,0.37977,0.39003,0.40469,0.42473,0.45503,0.48485,0.50489,0.50489,0.49022,0.46481,0.42473,0.37977,0.34995,0.32991,0.32502,0.31965,0.32502,0.31965,0.31476,0.30987,0.3651,0.50978,0.65005,0.67498,0.565,0.40469,0.25464,0.17986,0.17498,0.26491,0.30499,0.31476,0.31965,0.32502,0.3348,0.33969,0.34506,0.34995,0.35484,0.35973,0.36999,0.37977,0.38514,0.39492,0.41007,0.42473,0.45015,0.47019,0.49022,0.51515,0.52981,0.54497,0.54985,0.54985,0.54008,0.52493,0.50489,0.47507,0.44477,0.41984,0.3998,0.38514,0.36999,0.35973,0.35973,0.35973,0.35973,0.3651,0.3651,0.3651,0.3651,0.36999,0.37488,0.37488,0.37488,0.37977,0.38514,0.39003,0.39492,0.39492,0.39492,0.40469,0.41984,0.435,0.45992,0.49022,0.51515,0.52981,0.52493,0.50489,0.47507,0.43011,0.39492,0.36999,0.35484,0.35484,0.35484,0.35973,0.35484,0.34995,0.36999,0.47019,0.61486,0.69501,0.65005,0.51515,0.35973,0.2346,0.1999,0.26491,0.33969,0.37488,0.38514,0.38514,0.38514,0.39492,0.3998,0.40469,0.41496,0.41984,0.42473,0.43011,0.43988,0.45015,0.46481,0.48485,0.5,0.52493,0.54497,0.565,0.58504,0.6002,0.60508,0.61486,0.6002,0.58504,0.56989,0.54985,0.52493,0.5,0.47507,0.45992,0.44477,0.44477,0.43988,0.43011,0.43011,0.435,0.435,0.435,0.435,0.44477,0.45015,0.45015,0.45503,0.46481,0.47019,0.47019,0.47996,0.48485,0.47996,0.47996,0.49511,0.52004,0.54985,0.57527,0.6002,0.62023,0.62512,0.60508,0.56989,0.52981,0.49022,0.47019,0.45015,0.44477,0.44477,0.45015,0.44477,0.435,0.44477,0.52004,0.65494,0.75024,0.75513,0.61486,0.45992,0.30987,0.23998,0.28983,0.38514,0.44477,0.46481,0.47019,0.47019,0.47507,0.47996,0.48485,0.49022,0.49511,0.50489,0.51515,0.52493,0.53519,0.54497,0.565,0.58016,0.6002,0.62023,0.6349,0.65005,0.6652,0.67009,0.67009,0.66031,0.64516,0.6349,0.60997,0.58993,0.565,0.53519,0.52493,0.50978,0.50489,0.49511,0.49022,0.49022,0.49022,0.49022,0.49022,0.49022,0.49022,0.49022,0.49022,0.49511,0.49511,0.49511,0.5,0.49511,0.49511,0.5,0.5,0.50489,0.51515,0.54008,0.565,0.58993,0.60508,0.60997,0.59531,0.565,0.52493,0.48485,0.45015,0.43011,0.41984,0.41007,0.40469,0.40469,0.39492,0.39003,0.45503,0.60508,0.73509,0.7654,0.64516,0.47507,0.32502,0.26002,0.28495,0.33969,0.3651,0.37488,0.37488,0.37488,0.37488,0.37488,0.37488,0.37977,0.37977,0.37977,0.38514,0.39492,0.3998,0.41496,0.42473,0.43988,0.46481,0.48485,0.50489,0.52493,0.54008,0.54985,0.55523,0.54985,0.54008,0.52004,0.49022,0.46481,0.43988,0.41496,0.39492,0.37977,0.3651,0.35973,0.35484,0.35484,0.35484,0.35484,0.35484,0.35973,0.35973,0.35973,0.3651,0.36999,0.37488,0.37488,0.37977,0.38514,0.38514,0.39003,0.39492,0.3998,0.41984,0.44477,0.47019,0.5,0.52493,0.53519,0.52493,0.5,0.46481,0.42473,0.39003,0.36999,0.35973,0.35973,0.35973,0.35973,0.35973,0.35484,0.39003,0.52004,0.67009,0.72532,0.65005,0.49511,0.3348,0.2346,0.22483,0.3001,0.34506,0.35973,0.3651,0.3651,0.36999,0.37488,0.37488,0.37977,0.37977,0.39003,0.3998,0.40469,0.41984,0.43011,0.43988,0.45992,0.47996,0.50489,0.52981,0.54497,0.565,0.58016,0.58993,0.59531,0.58993,0.57527,0.55523,0.52981,0.50489,0.48485,0.46481,0.44477,0.42473,0.41984,0.41984,0.41496,0.41496,0.41496,0.41496,0.41007,0.41007,0.41496,0.41984,0.41984,0.41984,0.41984,0.42473,0.42473,0.42473,0.43011,0.43011,0.43988,0.45503,0.47507,0.5,0.52981,0.54985,0.565,0.56012,0.54497,0.50978,0.47019,0.43011,0.40469,0.39492,0.39492,0.39492,0.39492,0.39492,0.38514,0.40469,0.50489,0.66031,0.74536,0.69501,0.55523,0.39492,0.28006,0.26002,0.30987,0.3651,0.38514,0.39003,0.39003,0.39492,0.39492,0.39492,0.3998,0.40469,0.41496,0.41984,0.42473,0.43011,0.44477,0.45992,0.47996,0.5,0.52004,0.54008,0.56012,0.58504,0.6002,0.60508,0.61486,0.60508,0.58993,0.56989,0.54497,0.52004,0.49022,0.46481,0.45015,0.43011,0.42473,0.41984,0.41984,0.41984,0.41984,0.41984,0.42473,0.42473,0.43011,0.435,0.43988,0.44477,0.45503,0.45992,0.45992,0.45992,0.46481,0.46481,0.47507,0.48485,0.5,0.52981,0.565,0.59531,0.61486,0.61486,0.59531,0.56012,0.51515,0.47996,0.45015,0.43988,0.435,0.43011,0.43011,0.41984,0.41496,0.42473,0.50978,0.65005,0.73998,0.75024,0.6002,0.44477,0.30499,0.23998,0.28495,0.3651,0.41496,0.42473,0.42473,0.40469,0.40469,0.41496,0.42473,0.435,0.44477,0.45015,0.45015,0.45015,0.45015,0.45992,0.47996,0.49511,0.50978,0.52981,0.54497,0.56012,0.57527,0.58016,0.58016,0.56989,0.54985,0.52981,0.50489,0.47996,0.45503,0.41984,0.39492,0.38514,0.37977,0.37488,0.3651,0.35973,0.35973,0.35484,0.35484,0.35973,0.3651,0.3651,0.35973,0.35973,0.35973,0.3651,0.37488,0.37977,0.36999,0.3651,0.3651,0.37488,0.39492,0.41984,0.44477,0.46481,0.47996,0.47019,0.45503,0.41984,0.37488,0.33969,0.31476,0.30499,0.3001,0.3001,0.29472,0.28983,0.28495,0.3001,0.39003,0.52493,0.60508,0.57527,0.44477,0.28006,0.13978,0.084555,0.14467,0.2346,0.28495,0.3001,0.30499,0.30499,0.30987,0.31476,0.31965,0.31965,0.32502,0.32991,0.33969,0.34995,0.35973,0.37488,0.39003,0.41007,0.42473,0.44477,0.46481,0.47996,0.49511,0.5,0.50489,0.49022,0.47507,0.45992,0.43988,0.41496,0.39003,0.36999,0.35484,0.33969,0.3348,0.3348,0.3348,0.3348,0.3348,0.3348,0.3348,0.3348,0.33969,0.34506,0.34995,0.35484,0.35973,0.35973,0.3651,0.37488,0.37488,0.37488,0.38514,0.39492,0.41007,0.43988,0.47019,0.49511,0.50978,0.51515,0.49022,0.46481,0.42473,0.39003,0.35973,0.34995,0.34506,0.34506,0.34506,0.33969,0.33969,0.35484,0.45503,0.62023,0.72532,0.73021,0.56989,0.41007,0.28495,0.24976,0.3001,0.34506,0.35973,0.3651,0.36999,0.37488,0.37977,0.38514,0.39492,0.3998,0.40469,0.41496,0.42473,0.435,0.44477,0.45992,0.47996,0.5,0.52493,0.54985,0.56989,0.59531,0.60997,0.62512,0.63001,0.62512,0.60997,0.58993,0.56989,0.54497,0.52004,0.5,0.48485,0.47507,0.47019,0.46481,0.45992,0.45992,0.45992,0.45992,0.46481,0.46481,0.46481,0.47019,0.47019,0.47507,0.47996,0.48485,0.49022,0.49022,0.49022,0.49022,0.49511,0.50489,0.52004,0.54985,0.58016,0.60508,0.62512,0.6349,0.62023,0.59531,0.55523,0.50978,0.47996,0.46481,0.45503,0.45015,0.44477,0.44477,0.435,0.43011,0.5,0.65005,0.78006,0.80499,0.68524,0.52493,0.37977,0.30987,0.3348,0.39003,0.42473,0.43011,0.435,0.435,0.43988,0.43988,0.43988,0.44477,0.44477,0.45015,0.45503,0.46481,0.47996,0.49022,0.50489,0.52493,0.54497,0.565,0.58993,0.60508,0.62512,0.6349,0.64027,0.64027,0.62512,0.6002,0.56989,0.54497,0.51515,0.49022,0.47019,0.45015,0.43988,0.43011,0.42473,0.41984,0.41496,0.41496,0.41984,0.42473,0.42473,0.43011,0.43011,0.43011,0.43011,0.43011,0.43011,0.43011,0.435,0.43988,0.44477,0.45992,0.47507,0.5,0.52493,0.54985,0.56989,0.57527,0.56012,0.53519,0.49511,0.45503,0.41984,0.3998,0.39003,0.38514,0.38514,0.38514,0.37977,0.37488,0.41496,0.54497,0.68035,0.71505,0.63001,0.49022,0.35484,0.26002,0.24976,0.32502,0.36999,0.38514,0.38514,0.38514,0.38514,0.39003,0.39492,0.3998,0.40469,0.40469,0.41496,0.42473,0.435,0.44477,0.45992,0.47507,0.49022,0.52004,0.54497,0.565,0.58016,0.59531,0.6002,0.6002,0.59531,0.57527,0.54985,0.52493,0.5,0.47507,0.44477,0.43011,0.41984,0.41496,0.40469,0.40469,0.40469,0.40469,0.40469,0.40469,0.41496,0.41984,0.42473,0.42473,0.43011,0.435,0.44477,0.45015,0.45503,0.45503,0.45992,0.45992,0.47019,0.49022,0.52493,0.55523,0.57527,0.59531,0.59531,0.56989,0.53519,0.49022,0.45503,0.435,0.43011,0.42473,0.42473,0.43011,0.42473,0.41984,0.44477,0.54985,0.68524,0.74536,0.69501,0.55523,0.39492,0.28006,0.24976,0.31476,0.39003,0.42473,0.43988,0.43988,0.43988,0.43988,0.44477,0.45015,0.45015,0.45503,0.45992,0.47019,0.47996,0.49022,0.50489,0.51515,0.53519,0.54985,0.565,0.58016,0.59531,0.60508,0.61486,0.60997,0.60508,0.58993,0.56989,0.54497,0.52004,0.49022,0.47019,0.45015,0.43988,0.43011,0.41984,0.41984,0.41984,0.41984,0.41984,0.41984,0.41984,0.42473,0.42473,0.43011,0.43988,0.43988,0.44477,0.44477,0.44477,0.44477,0.44477,0.45503,0.46481,0.49022,0.52004,0.54497,0.565,0.56989,0.55523,0.52981,0.49022,0.44477,0.41496,0.39492,0.37977,0.37977,0.37977,0.37488,0.3651,0.35973,0.41496,0.54985,0.68035,0.71017,0.62023,0.47019,0.31965,0.22972,0.22483,0.30987,0.35484,0.36999,0.37488,0.36999,0.37488,0.37488,0.37977,0.37977,0.38514,0.39003,0.3998,0.40469,0.41984,0.43011,0.44477,0.45992,0.47996,0.5,0.51515,0.53519,0.54985,0.56012,0.56989,0.56989,0.55523,0.53519,0.50978,0.48485,0.46481,0.43988,0.42473,0.40469,0.39492,0.39003,0.38514,0.38514,0.38514,0.38514,0.38514,0.39003,0.39492,0.3998,0.3998,0.3998,0.40469,0.41007,0.41496,0.41984,0.42473,0.42473,0.43011,0.43988,0.45992,0.48485,0.50978,0.53519,0.55523,0.56012,0.54985,0.52004,0.47996,0.43988,0.41007,0.39003,0.38514,0.37977,0.37977,0.37977,0.37488,0.37488,0.45015,0.6002,0.73021,0.75024,0.62512,0.45992,0.31965,0.25464,0.28495,0.34995,0.37977,0.39003,0.39003,0.39003,0.39492,0.3998,0.40469,0.40469,0.41007,0.41984,0.42473,0.43011,0.44477,0.45992,0.47996,0.5,0.52004,0.54497,0.565,0.58504,0.6002,0.61486,0.62023,0.61486,0.45015,0.45992,0.47019,0.47996,0.50489,0.52981,0.56012,0.58504,0.59531,0.58993,0.565,0.52981,0.49022,0.45503,0.435,0.42473,0.41984,0.41984,0.41984,0.41496,0.40469,0.435,0.56012,0.71505,0.78006,0.71505,0.56989,0.41496,0.30987,0.29472,0.3651,0.41496,0.43011,0.43988,0.43988,0.43988,0.43988,0.44477,0.45015,0.45015,0.45992,0.47019,0.47996,0.48485,0.49511,0.50489,0.52493,0.54497,0.56989,0.59531,0.61486,0.63001,0.64516,0.65494,0.65494,0.64516,0.63001,0.60997,0.58016,0.54985,0.52004,0.49022,0.47019,0.45503,0.45015,0.44477,0.43988,0.43988,0.43988,0.44477,0.44477,0.44477,0.44477,0.45015,0.45503,0.45992,0.46481,0.46481,0.47019,0.47019,0.46481,0.46481,0.47019,0.48485,0.5,0.52493,0.55523,0.58504,0.6002,0.59531,0.58016,0.54985,0.5,0.46481,0.435,0.41984,0.41496,0.41496,0.41007,0.41496,0.40469,0.41007,0.49511,0.64027,0.73509,0.70528,0.58504,0.43011,0.30499,0.26491,0.30987,0.36999,0.3998,0.41496,0.41496,0.41984,0.41984,0.41984,0.41984,0.42473,0.43011,0.43988,0.45015,0.45992,0.47019,0.47996,0.5,0.52004,0.54497,0.56989,0.58993,0.60508,0.61486,0.6349,0.64027,0.6349,0.62023,0.59531,0.56989,0.54497,0.52004,0.5,0.47996,0.46481,0.45503,0.44477,0.44477,0.44477,0.44477,0.44477,0.45015,0.45015,0.45503,0.45992,0.46481,0.47507,0.47996,0.47996,0.47996,0.47996,0.47996,0.48485,0.49511,0.50489,0.52493,0.55523,0.58504,0.60508,0.62023,0.62512,0.6002,0.565,0.52493,0.49022,0.45992,0.43988,0.43011,0.43011,0.42473,0.41984,0.41984,0.42473,0.5,0.64027,0.73509,0.73998,0.59531,0.435,0.28983,0.21457,0.26002,0.34506,0.39492,0.41007,0.41496,0.41007,0.41496,0.41496,0.41984,0.41984,0.42473,0.43011,0.435,0.44477,0.45992,0.47019,0.48485,0.5,0.52004,0.53519,0.55523,0.56989,0.58016,0.58993,0.58993,0.58016,0.565,0.54497,0.51515,0.49022,0.46481,0.43988,0.41984,0.41007,0.3998,0.39492,0.39003,0.39003,0.38514,0.38514,0.38514,0.39003,0.39003,0.39492,0.3998,0.40469,0.40469,0.41496,0.41984,0.41984,0.41984,0.41984,0.41984,0.43011,0.45503,0.47996,0.50489,0.52981,0.54008,0.54008,0.52493,0.49022,0.43988,0.3998,0.37488,0.35973,0.35484,0.35484,0.34995,0.34506,0.3348,0.35973,0.46481,0.62023,0.70528,0.6652,0.52493,0.35484,0.22972,0.20479,0.26002,0.31965,0.33969,0.34506,0.34506,0.34506,0.34506,0.34995,0.34995,0.35484,0.35973,0.3651,0.37488,0.38514,0.39492,0.41007,0.42473,0.44477,0.46481,0.49022,0.50978,0.52981,0.54008,0.54985,0.55523,0.54985,0.53519,0.50978,0.48485,0.45992,0.435,0.41496,0.39492,0.37977,0.37488,0.36999,0.3651,0.3651,0.36999,0.36999,0.37488,0.37488,0.37977,0.38514,0.39003,0.39492,0.3998,0.40469,0.41007,0.41496,0.41984,0.41984,0.42473,0.43988,0.45992,0.48485,0.51515,0.53519,0.55523,0.56012,0.55523,0.52981,0.49022,0.45015,0.41496,0.3998,0.39492,0.39492,0.39492,0.39492,0.38514,0.39492,0.47019,0.62512,0.76002,0.78543,0.65005,0.49022,0.34995,0.28495,0.31965,0.38514,0.41984,0.43011,0.435,0.435,0.435,0.43988,0.44477,0.44477,0.45015,0.45503,0.45992,0.47019,0.47996,0.49511,0.50978,0.52981,0.54985,0.57527,0.59531,0.61486,0.63001,0.64027,0.64516,0.64516,0.63001,0.60997,0.58504,0.55523,0.52493,0.5,0.47507,0.45992,0.44477,0.43988,0.43011,0.43011,0.43011,0.42473,0.42473,0.42473,0.42473,0.42473,0.43011,0.43011,0.43011,0.435,0.43988,0.43988,0.43988,0.43988,0.44477,0.45015,0.46481,0.47996,0.50489,0.53519,0.56012,0.57527,0.56989,0.54497,0.50978,0.47019,0.435,0.41007,0.39492,0.39492,0.39003,0.39003,0.38514,0.37977,0.41496,0.52981,0.68035,0.74536,0.68035,0.53519,0.37977,0.26979,0.24976,0.32502,0.37488,0.39492,0.3998,0.40469,0.41007,0.41007,0.41496,0.41984,0.41984,0.42473,0.43011,0.43988,0.44477,0.45992,0.47507,0.49022,0.50978,0.53519,0.55523,0.57527,0.58993,0.6002,0.60997,0.61486,0.60997,0.59531,0.57527,0.54985,0.52004,0.49022,0.46481,0.44477,0.43011,0.41984,0.41496,0.41007,0.41007,0.40469,0.40469,0.40469,0.41007,0.41007,0.41007,0.41496,0.41496,0.41984,0.41984,0.41984,0.41984,0.41984,0.41984,0.41984,0.42473,0.43988,0.45992,0.49022,0.52004,0.53519,0.54008,0.52493,0.49022,0.44477,0.3998,0.37488,0.35484,0.34995,0.34506,0.34506,0.33969,0.32991,0.31965,0.38514,0.52004,0.63001,0.64027,0.52493,0.36999,0.21994,0.13978,0.1349,0.24487,0.3001,0.31476,0.31476,0.31476,0.31476,0.31476,0.31965,0.32502,0.32991,0.32991,0.3348,0.34506,0.35484,0.35973,0.3651,0.38514,0.41007,0.42473,0.44477,0.45992,0.47019,0.47996,0.48485,0.47996,0.47019,0.45015,0.41984,0.39003,0.3651,0.33969,0.31965,0.30499,0.3001,0.28983,0.27468,0.27468,0.28006,0.28006,0.28495,0.28006,0.28495,0.28983,0.28983,0.28983,0.28983,0.29472,0.30499,0.30987,0.30499,0.30499,0.31476,0.31965,0.32991,0.34995,0.37977,0.41007,0.42473,0.42473,0.40469,0.37488,0.32991,0.28983,0.26979,0.26002,0.26002,0.25464,0.25464,0.24976,0.24976,0.26002,0.33969,0.47996,0.58993,0.6002,0.47019,0.30499,0.14956,0.07478,0.11486,0.20968,0.27468,0.28983,0.29472,0.30499,0.30987,0.30987,0.31476,0.31965,0.32991,0.3348,0.33969,0.35484,0.3651,0.37977,0.39492,0.41007,0.42473,0.44477,0.46481,0.47996,0.49511,0.50489,0.50978,0.5,0.49022,0.47019,0.45015,0.42473,0.3998,0.37977,0.35973,0.34995,0.33969,0.3348,0.33969,0.33969,0.33969,0.33969,0.3348,0.3348,0.33969,0.34506,0.34995,0.35484,0.35973,0.3651,0.3651,0.36999,0.37488,0.37488,0.37977,0.39492,0.41007,0.43011,0.45992,0.48485,0.50489,0.50978,0.5,0.47507,0.435,0.39492,0.3651,0.35484,0.34995,0.34506,0.34506,0.34506,0.3348,0.3348,0.40469,0.56012,0.69501,0.71994,0.59531,0.435,0.29472,0.22972,0.26002,0.31476,0.34506,0.34995,0.34995,0.35484,0.35973,0.3651,0.36999,0.37488,0.37488,0.37977,0.39003,0.3998,0.41496,0.42473,0.43988,0.45503,0.47507,0.50489,0.52981,0.54985,0.565,0.58016,0.58993,0.58993,0.58016,0.56012,0.54008,0.50978,0.48485,0.45992,0.43988,0.42473,0.41984,0.41496,0.41007,0.41007,0.41007,0.41007,0.41496,0.41496,0.41496,0.41496,0.41984,0.42473,0.43011,0.435,0.43988,0.44477,0.45015,0.45015,0.45503,0.46481,0.47996,0.50489,0.52981,0.565,0.58504,0.59531,0.58504,0.56012,0.52493,0.47996,0.44477,0.43011,0.41984,0.41984,0.41984,0.41984,0.41496,0.41496,0.47507,0.62512,0.7654,0.79521,0.68524,0.52493,0.37488,0.3001,0.29472,0.37977,0.41496,0.42473,0.42473,0.42473,0.43011,0.435,0.43988,0.44477,0.45015,0.45992,0.46481,0.47019,0.48485,0.5,0.52493,0.54497,0.56012,0.58016,0.6002,0.62023,0.64027,0.65494,0.66031,0.6652,0.65005,0.6349,0.60997,0.58993,0.565,0.53519,0.51515,0.49511,0.48485,0.47507,0.47019,0.46481,0.46481,0.46481,0.46481,0.47019,0.47019,0.47507,0.47996,0.47996,0.48485,0.49022,0.49022,0.49022,0.49511,0.50489,0.50489,0.51515,0.52981,0.55523,0.58504,0.61486,0.64027,0.65005,0.64027,0.62023,0.58993,0.54985,0.51515,0.49511,0.49022,0.49022,0.49022,0.49511,0.49022,0.49022,0.54008,0.6652,0.8001,0.83529,0.75024,0.6002,0.45992,0.3651,0.35484,0.45015,0.50978,0.52981,0.52981,0.52981,0.52981,0.52981,0.53519,0.54497,0.55523,0.55523,0.56012,0.56012,0.57527,0.58504,0.6002,0.62023,0.64027,0.66031,0.68035,0.69501,0.71017,0.72532,0.73021,0.72532,0.71505,0.69013,0.6652,0.64027,0.61486,0.58504,0.55523,0.53519,0.52004,0.50978,0.50978,0.50978,0.50489,0.50489,0.50489,0.50978,0.51515,0.51515,0.52004,0.50978,0.50489,0.50489,0.50978,0.50978,0.51515,0.50978,0.50489,0.50978,0.51515,0.53519,0.565,0.58504,0.6002,0.6002,0.58504,0.56012,0.51515,0.46481,0.43011,0.41496,0.41007,0.40469,0.3998,0.39492,0.37977,0.37488,0.435,0.565,0.68035,0.70528,0.58504,0.41984,0.25464,0.15494,0.14467,0.24976,0.31965,0.34995,0.35484,0.35484,0.35484,0.35484,0.35484,0.35484,0.35484,0.35973,0.3651,0.37488,0.37977,0.39003,0.3998,0.41984,0.43011,0.44477,0.46481,0.47996,0.49511,0.5,0.50489,0.49511,0.48485,0.46481,0.43988,0.41496,0.39003,0.35973,0.34506,0.32991,0.31965,0.31476,0.30987,0.30987,0.30987,0.30987,0.30987,0.31476,0.31476,0.31965,0.32991,0.32991,0.3348,0.33969,0.34506,0.34995,0.34995,0.34995,0.35484,0.35973,0.37977,0.41007,0.435,0.45992,0.47996,0.47507,0.45503,0.42473,0.38514,0.34506,0.31965,0.30987,0.30499,0.30499,0.3001,0.29472,0.28983,0.30987,0.41007,0.56989,0.6652,0.63001,0.49022,0.32991,0.1999,0.17498,0.22972,0.28006,0.3001,0.30499,0.30987,0.31476,0.31965,0.31965,0.32991,0.3348,0.33969,0.34995,0.35973,0.36999,0.38514,0.3998,0.42473,0.44477,0.47019,0.49511,0.51515,0.53519,0.54985,0.55523,0.56012,0.55523,0.54008,0.52493,0.5,0.47507,0.45015,0.42473,0.41007,0.3998,0.39492,0.38514,0.38514,0.38514,0.38514,0.38514,0.38514,0.39492,0.3998,0.41496,0.41984,0.42473,0.43011,0.43011,0.43011,0.43011,0.43988,0.44477,0.45015,0.46481,0.48485,0.50978,0.53519,0.565,0.58016,0.57527,0.56012,0.52981,0.49022,0.45015,0.41984,0.40469,0.3998,0.39492,0.38514,0.38514,0.37977,0.3998,0.49511,0.65494,0.75513,0.71994,0.58016,0.41007,0.28006,0.23998,0.28495,0.34506,0.3651,0.37488,0.37488,0.37488,0.37488,0.37488,0.37977,0.37977,0.38514,0.39003,0.3998,0.41007,0.41984,0.43011,0.44477,0.46481,0.48485,0.50978,0.52981,0.54497,0.56012,0.56989,0.57527,0.565,0.54985,0.52493,0.5,0.47507,0.44477,0.41984,0.3998,0.38514,0.37488,0.3651,0.35973,0.35973,0.35973,0.35973,0.35973,0.35973,0.3651,0.36999,0.37488,0.37977,0.37977,0.38514,0.39003,0.39492,0.39492,0.3998,0.40469,0.41984,0.43988,0.46481,0.49511,0.52004,0.54008,0.54008,0.52493,0.49511,0.45503,0.41496,0.39492,0.37977,0.37488,0.36999,0.3651,0.3651,0.35973,0.36999,0.45992,0.62023,0.71505,0.71994,0.56012,0.39492,0.26002,0.21994,0.26979,0.3348,0.3651,0.37488,0.37488,0.37488,0.37488,0.37488,0.37977,0.38514,0.39003,0.39492,0.40469,0.41496,0.43011,0.44477,0.45992,0.47996,0.5,0.52004,0.54008,0.565,0.58016,0.58993,0.59531,0.58993,0.58016,0.56012,0.53519,0.50489,0.47507,0.45015,0.43011,0.41984,0.41007,0.40469,0.3998,0.3998,0.40469,0.41007,0.41496,0.41007,0.41007,0.41984,0.42473,0.42473,0.43011,0.43988,0.44477,0.45015,0.45015,0.45503,0.45992,0.47507,0.5,0.52981,0.565,0.58993,0.60997,0.61486,0.59531,0.56012,0.52004,0.47996,0.46481,0.45992,0.45503,0.45503,0.45992,0.45992,0.45992,0.47996,0.57527,0.71505,0.79521,0.75513,0.62023,0.45992,0.32502,0.28495,0.34506,0.43011,0.47996,0.48485,0.48485,0.48485,0.49022,0.5,0.50489,0.50489,0.50978,0.50978,0.52004,0.52981,0.53519,0.54497,0.55523,0.58016,0.6002,0.62023,0.64027,0.65005,0.66031,0.6652,0.66031,0.65005,0.63001,0.60997,0.58504,0.56012,0.53519,0.50489,0.48485,0.46481,0.45503,0.45015,0.44477,0.43988,0.43988,0.43988,0.435,0.43988,0.44477,0.44477,0.44477,0.45015,0.45015,0.45015,0.44477,0.43988,0.43988,0.43988,0.44477,0.45992,0.48485,0.50489,0.52493,0.54497,0.54985,0.52981,0.5,0.45015,0.3998,0.37488,0.35484,0.34995,0.34995,0.34506,0.33969,0.32502,0.31965,0.39492,0.53519,0.64027,0.65494,0.52493,0.35973,0.20479,0.12463,0.16471,0.24976,0.30499,0.31476,0.31965,0.31965,0.31965,0.31965,0.31965,0.32502,0.32991,0.3348,0.3348,0.34506,0.35484,0.36999,0.38514,0.3998,0.41496,0.43988,0.45992,0.47996,0.49022,0.49511,0.50489,0.49511,0.47996,0.46481,0.44477,0.41984,0.39492,0.37488,0.35484,0.33969,0.3348,0.32991,0.32502,0.32502,0.32991,0.32991,0.32991,0.32991,0.3348,0.3348,0.33969,0.33969,0.34506,0.34995,0.35484,0.35973,0.35973,0.35973,0.36999,0.37977,0.40469,0.435,0.46481,0.48485,0.49511,0.49022,0.47507,0.44477,0.3998,0.3651,0.33969,0.32991,0.32991,0.32991,0.32502,0.31965,0.31476,0.33969,0.45992,0.62023,0.70528,0.65494,0.50978,0.34506,0.2346,0.20968,0.26979,0.31476,0.32991,0.3348,0.33969,0.33969,0.34506,0.34995,0.35484,0.35973,0.3651,0.37488,0.37977,0.39492,0.40469,0.41984,0.435,0.45503,0.47996,0.50489,0.52493,0.54497,0.55523,0.56989,0.56989,0.56012,0.54497,0.52493,0.50489,0.47507,0.45015,0.42473,0.41496,0.3998,0.39492,0.39492,0.39003,0.38514,0.38514,0.38514,0.38514,0.39492,0.3998,0.40469,0.41496,0.41984,0.42473,0.42473,0.43011,0.43011,0.435,0.43988,0.44477,0.45992,0.48485,0.51515,0.54497,0.56989,0.58504,0.58016,0.56012,0.52981,0.49022,0.45992,0.43011,0.41984,0.41496,0.41496,0.41984,0.41984,0.41007,0.435,0.54497,0.71017,0.8001,0.75513,0.60997,0.44477,0.32991,0.30499,0.3651,0.42473,0.44477,0.45503,0.45992,0.45992,0.46481,0.47019,0.47996,0.48485,0.49511,0.50489,0.51515,0.52981,0.54008,0.55523,0.57527,0.6002,0.62023,0.64516,0.6652,0.68524,0.70528,0.72532,0.73021,0.73021,0.71505,0.70039,0.67498,0.64516,0.61486,0.59531,0.58016,0.565,0.55523,0.54985,0.54985,0.54985,0.55523,0.55523,0.55523,0.56012,0.56012,0.565,0.56989,0.57527,0.57527,0.58016,0.58504,0.58993,0.58993,0.58993,0.58993,0.6002,0.63001,0.66031,0.69013,0.71017,0.71994,0.71017,0.69013,0.65494,0.60997,0.57527,0.54497,0.53519,0.52493,0.52493,0.52493,0.52004,0.50978,0.54008,0.65005,0.79521,0.84506,0.77517,0.64027,0.47996,0.35973,0.3348,0.41007,0.47019,0.49022,0.49511,0.49022,0.48485,0.49022,0.49022,0.49022,0.49511,0.49511,0.49511,0.50489,0.51515,0.52493,0.53519,0.54497,0.565,0.59531,0.60997,0.62023,0.6349,0.65005,0.65494,0.66031,0.64027,0.62023,0.6002,0.57527,0.54008,0.50489,0.47996,0.46481,0.45015,0.44477,0.43011,0.42473,0.42473,0.42473,0.42473,0.43011,0.43011,0.41984,0.41984,0.42473,0.43011,0.43988,0.43988,0.44477,0.45015,0.43988,0.43988,0.44477,0.45015,0.47507,0.50489,0.53519,0.54985,0.55523,0.52981,0.5,0.45992,0.41984,0.39003,0.37488,0.35973,0.35484,0.34995,0.33969,0.3348,0.3348,0.3998,0.52981,0.64027,0.65494,0.53519,0.37488,0.22483,0.13978,0.16471,0.24976,0.30987,0.32502,0.32991,0.32991,0.3348,0.33969,0.34995,0.34995,0.35484,0.35484,0.35973,0.3651,0.37977,0.39003,0.40469,0.41984,0.43988,0.45992,0.47996,0.49511,0.50978,0.51515,0.51515,0.50978,0.49511,0.48485,0.45992,0.435,0.40469,0.37977,0.3651,0.34995,0.33969,0.3348,0.32991,0.32991,0.32991,0.32991,0.32991,0.32991,0.3348,0.3348,0.33969,0.34506,0.34995,0.35484,0.35973,0.3651,0.3651,0.3651,0.37977,0.39003,0.41496,0.43988,0.47019,0.49022,0.50489,0.49022,0.46481,0.42473,0.39003,0.35484,0.3348,0.32991,0.32991,0.32991,0.32991,0.31476,0.31476,0.3651,0.50489,0.64027,0.67498,0.58504,0.42473,0.27468,0.19501,0.18964,0.28006,0.32502,0.3348,0.3348,0.33969,0.33969,0.34506,0.34995,0.34995,0.35973,0.3651,0.37488,0.37977,0.39492,0.41007,0.42473,0.43988,0.45992,0.48485,0.50489,0.52493,0.54008,0.55523,0.56012,0.565,0.55523,0.54008,0.52004,0.49511,0.47019,0.44477,0.42473,0.41007,0.3998,0.39492,0.39003,0.38514,0.39003,0.39492,0.39492,0.39492,0.3998,0.40469,0.41007,0.41984,0.42473,0.42473,0.43011,0.43011,0.435,0.43988,0.45015,0.46481,0.48485,0.50978,0.54497,0.56989,0.58016,0.58504,0.565,0.53519,0.49511,0.45992,0.435,0.42473,0.41984,0.41496,0.41496,0.41496,0.41007,0.43011,0.53519,0.69501,0.78543,0.74536,0.59531,0.43011,0.31476,0.28495,0.34506,0.3998,0.41984,0.43011,0.43011,0.435,0.43988,0.44477,0.44477,0.45015,0.45992,0.46481,0.47507,0.48485,0.5,0.50978
