1.8221,1.8182,1.8152,1.8123,1.8084,1.8045,1.7996,1.7947,1.7889,1.784,1.7781,1.7722,1.7664,1.7605,1.7556,1.7498,1.7439,1.737,1.7302,1.7224,1.7146,1.7087,1.7028,1.697,1.6901,1.6843,1.6794,1.6735,1.6686,1.6657,1.6647,1.6676,1.6774,1.695,1.7175,1.7458,1.7859,1.8368,1.8944,1.9541,2.0127,2.0655,2.1105,2.1466,2.174,2.1945,2.2063,2.2121,2.216,2.217,2.216,2.2121,2.2063,2.1994,2.1926,2.1857,2.1789,2.1711,2.1623,2.1525,2.1417,2.129,2.1124,2.0938,2.0714,2.0459,2.0186,1.9902,1.9609,1.9306,1.9013,1.8778,1.8563,1.8348,1.8152,1.7977,1.782,1.7693,1.7586,1.7498,1.7419,1.7361,1.7302,1.7234,1.7175,1.7136,1.7087,1.7038,1.6979,1.6931,1.6872,1.6813,1.6755,1.6696,1.6628,1.6569,1.653,1.65,1.6452,1.6403,1.6373,1.6383,1.6461,1.6608,1.6852,1.7165,1.7527,1.7928,1.828,1.9971,2.2414,2.3861,2.4741,2.5279,2.5582,2.5718,2.5728,2.565,2.5494,2.5288,2.5044,2.4819,2.4585,2.4301,2.3998,2.3675,2.3333,2.2972,2.261,2.2268,2.1945,2.1662,2.1427,2.1251,2.1134,2.1036,2.0968,2.0919,2.088,2.0841,2.0792,2.0723,2.0645,2.0557,2.0469,2.0381,2.0313,2.0254,2.0186,2.0117,2.0029,1.9922,1.9804,1.9697,1.9589,1.9482,1.9374,1.9277,1.9228,1.9189,1.915,1.9101,1.9062,1.9013,1.8974,1.8935,1.8886,1.8827,1.8768,1.871,1.8661,1.8641,1.8641,1.8622,1.8592,1.8563,1.8534,1.8514,1.8504,1.8495,1.8485,1.8485,1.8475,1.8485,1.8514,1.8524,1.8534,1.8534,1.8534,1.8553,1.8583,1.8612,1.8641,1.8671,1.87,1.8739,1.8798,1.8856,1.8905,1.8974,1.9101,1.9355,1.9785,2.043,2.131,2.2395,2.3617,2.4907,2.6012,2.696,2.7928,2.8798,2.9531,3.0098,3.0528,3.0841,3.1056,3.1202,3.13,3.1359,3.1378,3.1339,3.1281,3.1222,3.1163,3.1095,3.1007,3.089,3.0743,3.0557,3.0332,3.0049,2.9707,2.9345,2.8964,2.8514,2.8025,2.7507,2.6989,2.65,2.6041,2.5601,2.522,2.4897,2.4624,2.4389,2.4213,2.4066,2.3939,2.3812,2.3685,2.3558,2.3441,2.3314,2.3196,2.3079,2.2981,2.2884,2.2805,2.2737,2.2659,2.2571,2.2473,2.2366,2.2239,2.2111,2.1984,2.1857,2.174,2.1632,2.1525,2.1437,2.1369,2.1281,2.1193,2.1114,2.1046,2.0968,2.0899,2.085,2.0811,2.0772,2.0743,2.0723,2.0714,2.0694,2.0684,2.0723,2.0831,2.1046,2.1408,2.1945,2.2669,2.3539,2.4506,2.5494,2.6315,2.6999,2.7674,2.825,2.871,2.9062,2.9306,2.9443,2.9511,2.9531,2.9511,2.9462,2.9374,2.9267,2.9169,2.9071,2.8964,2.8847,2.8729,2.8602,2.8446,2.826,2.8045,2.7791,2.7498,2.7185,2.6852,2.6471,2.6061,2.564,2.5239,2.4878,2.4555,2.4282,2.4057,2.3881,2.3734,2.3617,2.3519,2.3421,2.3324,2.3226,2.3118,2.3011,2.2913,2.2796,2.2659,2.2512,2.2366,2.2239,2.2121,2.2004,2.1887,2.1769,2.1642,2.1486,2.132,2.1153,2.0997,2.0841,2.0704,2.0567,2.0459,2.0362,2.0264,2.0176,2.0088,2,1.9922,1.7898,1.4888,1.3294,1.2405,1.1877,1.1593,1.1447,1.1408,1.1554,1.1935,1.261,1.3627,1.4917,1.6413,1.8035,1.9687,2.1241,2.261,2.3636,2.4399,2.5044,2.5562,2.5934,2.6168,2.6285,2.6315,2.6256,2.6129,2.5982,2.5855,2.5728,2.5591,2.5455,2.5318,2.5152,2.4936,2.4682,2.4379,2.4008,2.3548,2.3001,2.2385,2.1701,2.1046,2.0401,1.9687,1.8974,1.8299,1.7683,1.7136,1.6676,1.6305,1.6002,1.5738,1.5513,1.5357,1.5259,1.5161,1.5054,1.4917,1.4751,1.4575,1.4379,1.4174,1.3978,1.3803,1.3636,1.349,1.3382,1.3284,1.3167,1.304,1.2903,1.2766,1.2639,1.2532,1.2424,1.2326,1.2219,1.2102,1.2033,1.1984,1.1916,1.1838,1.174,1.1632,1.1505,1.1349,1.1183,1.1056,1.0968,1.0938,1.1007,1.1183,1.1535,1.217,1.3109,1.4321,1.5758,1.7341,1.8944,2.0469,2.1808,2.2903,2.3773,2.437,2.4761,2.5064,2.5279,2.5406,2.5455,2.5435,2.5357,2.523,2.5064,2.4868,2.4682,2.4497,2.4301,2.4115,2.393,2.3715,2.3451,2.3148,2.2766,2.2297,2.174,2.1105,2.043,1.9736,1.913,1.8592,1.8025,1.7488,1.7019,1.6618,1.6276,1.5982,1.5748,1.5572,1.5435,1.5318,1.52,1.5093,1.4995,1.4858,1.4702,1.4536,1.437,1.4223,1.4096,1.3978,1.3842,1.3705,1.3568,1.346,1.3372,1.3255,1.3128,1.2991,1.2854,1.2727,1.262,1.2522,1.2434,1.2356,1.2278,1.2219,1.2199,1.2209,1.219,1.216,1.2121,1.2053,1.1975,1.1916,1.1896,1.1955,1.2151,1.2561,1.3138,1.392,1.5054,1.6452,1.8016,1.9638,2.1212,2.2639,2.3861,2.4848,2.5601,2.6168,2.652,2.6706,2.6833,2.6901,2.6901,2.6852,2.6755,2.6618,2.6452,2.6266,2.6061,2.5855,2.563,2.5406,2.5171,2.4917,2.4624,2.4291,2.3881,2.3392,2.2835,2.2209,2.1544,2.087,2.0215,1.9648,1.9169,1.8729,1.8368,1.8074,1.7859,1.7703,1.7576,1.7468,1.7341,1.7185,1.7028,1.6872,1.6725,1.6569,1.6383,1.6207,1.6051,1.5885,1.5718,1.5552,1.5376,1.5191,1.4985,1.4741,1.4526,1.433,1.4125,1.393,1.3754,1.3578,1.3412,1.3255,1.3109,1.2952,1.2786,1.2639,1.2493,1.2395,1.219,1.1887,1.1652,1.1427,1.1241,1.1105,1.1065,1.1212,1.1623,1.2375,1.35,1.4721,1.608,1.7761,1.9589,2.1378,2.3001,2.4389,2.5494,2.6325,2.6911,2.7273,2.7458,2.7517,2.7478,2.7361,2.7214,2.7048,2.6862,2.6657,2.6432,2.6207,2.5963,2.5679,2.5357,2.5005,2.4653,2.4272,2.3793,2.3196,2.2493,2.1691,2.0802,1.9844,1.8856,1.7889,1.696,1.6129,1.5406,1.4858,1.4467,1.4125,1.3832,1.3597,1.3392,1.3206,1.3021,1.2845,1.2669,1.2493,1.2317,1.2199,1.2131,1.2023,1.1867,1.1672,1.1457,1.1232,1.0997,1.0762,1.0557,1.0381,1.0235,1.0108,1.001,0.99316,0.98045,0.96579,0.94917,0.93548,0.92278,0.90909,0.89638,0.88563,0.8739,0.86119,0.85337,0.84751,0.83871,0.82991,0.82405,0.82698,0.84653,0.88954,0.96579,1.0782,1.2268,1.4037,1.5973,1.7713,1.9286,2.0899,2.2385,2.3627,2.4585,2.5298,2.5797,2.6109,2.6276,2.6344,2.6334,2.6256,2.6149,2.6022,2.5865,2.5689,2.5484,2.5259,2.5015,2.4751,2.4457,2.4115,2.3715,2.3236,2.2747,2.2209,2.1564,2.0811,1.9971,1.9062,1.8113,1.7175,1.6295,1.5523,1.4858,1.4321,1.3959,1.3724,1.3519,1.3324,1.3138,1.2962,1.2786,1.261,1.2424,1.2229,1.2043,1.1877,1.172,1.1613,1.1515,1.1378,1.1222,1.1036,1.086,1.0665,1.0469,1.0313,1.0186,1.0078,1,0.99707,0.99707,0.99413,0.98729,0.97458,0.95992,0.9433,0.92669,0.90909,0.89345,0.87977,0.86706,0.85924,0.85533,0.85142,0.85142,0.86119,0.89443,0.95894,1.0606,1.1984,1.3685,1.5601,1.7595,1.9521,2.1075,2.2336,2.35,2.4448,2.5171,2.5689,2.6041,2.6256,2.6383,2.6442,2.6442,2.6383,2.6266,2.609,2.5885,2.567,2.5445,2.52,2.4927,2.4643,2.4311,2.39,2.3412,2.2835,2.2151,2.1486,2.0792,1.9961,1.9062,1.8143,1.7253,1.6413,1.567,1.5034,1.4526,1.4135,1.3842,1.3646,1.3519,1.3412,1.3304,1.3157,1.3001,1.2835,1.2659,1.2493,1.2336,1.2199,1.2072,1.1945,1.1867,1.1818,1.173,1.1632,1.1525,1.1427,1.1329,1.1222,1.1114,1.1017,1.0919,1.0811,1.0743,1.0694,1.0616,1.0518,1.042,1.0342,1.0274,1.0274,1.0274,1.0274,1.0274,1.0274,1.1437,1.1457,1.1603,1.1945,1.26,1.3636,1.5034,1.6755,1.871,2.0753,2.2737,2.4555,2.6129,2.7292,2.8113,2.8798,2.9335,2.9717,2.9971,3.0117,3.0176,3.0176,3.0127,3.0029,2.9902,2.9765,2.9589,2.9394,2.9208,2.9022,2.8827,2.8592,2.8309,2.7957,2.7517,2.696,2.6295,2.5543,2.4829,2.4164,2.3441,2.2688,2.1975,2.1369,2.085,2.043,2.0088,1.9814,1.9619,1.9492,1.9374,1.9277,1.9198,1.9101,1.8954,1.8798,1.8622,1.8446,1.827,1.8094,1.7928,1.7781,1.7654,1.7556,1.7468,1.7312,1.7116,1.6901,1.6667,1.6432,1.6207,1.6012,1.5816,1.563,1.5415,1.5171,1.4995,1.4848,1.4663,1.4487,1.4311,1.4145,1.4018,1.391,1.3822,1.3783,1.3803,1.3949,1.4213,1.4712,1.5572,1.6813,1.8397,2.0225,2.216,2.4076,2.5826,2.7302,2.8475,2.9365,3.001,3.0391,3.0577,3.0684,3.0723,3.0704,3.0616,3.0469,3.0254,3,2.9726,2.9423,2.9091,2.8759,2.8426,2.8074,2.7693,2.7263,2.6764,2.6168,2.5474,2.4682,2.3803,2.2884,2.1945,2.1114,2.0371,1.9609,1.8886,1.8231,1.7683,1.7224,1.6862,1.6559,1.6305,1.6119,1.5992,1.5885,1.5806,1.5718,1.5601,1.5464,1.5308,1.5142,1.4966,1.479,1.4594,1.4379,1.4164,1.3949,1.3793,1.3685,1.3529,1.3333,1.3109,1.2884,1.2649,1.2424,1.2219,1.2043,1.1916,1.1818,1.174,1.172,1.172,1.1691,1.1613,1.1515,1.1408,1.1281,1.1173,1.1105,1.1124,1.1349,1.1867,1.259,1.3568,1.4976,1.6745,1.8739,2.0782,2.2727,2.4477,2.6002,2.7243,2.8182,2.8847,2.9286,2.9501,2.958,2.9599,2.955,2.9443,2.9296,2.915,2.8983,2.8778,2.8553,2.8319,2.8084,2.783,2.7537,2.7195,2.6784,2.6285,2.5689,2.5015,2.4252,2.3412,2.2502,2.1574,2.0645,1.9726,1.8954,1.8328,1.7732,1.7204,1.6764,1.6393,1.61,1.5875,1.5718,1.5611,1.5533,1.5435,1.5357,1.5279,1.5152,1.4995,1.4829,1.4653,1.4477,1.4301,1.4135,1.3969,1.3763,1.3539,1.3304,1.3128,1.2981,1.2786,1.2571,1.2375,1.2229,1.2121,1.2043,1.1975,1.1906,1.1848,1.1789,1.1769,1.1779,1.1496,1.1075,1.0831,1.0674,1.0587,1.0587,1.0753,1.1173,1.1916,1.303,1.4526,1.608,1.7742,1.9707,2.173,2.3636,2.5318,2.6696,2.7732,2.8475,2.8983,2.9306,2.9462,2.9482,2.9413,2.9306,2.913,2.8886,2.8612,2.8338,2.8084,2.783,2.7586,2.7341,2.7067,2.6735,2.6364,2.5943,2.5396,2.4721,2.393,2.303,2.2053,2.1046,2.0068,1.913,1.8231,1.7449,1.6872,1.6432,1.6031,1.5699,1.5425,1.521,1.5054,1.4946,1.4868,1.48,1.4731,1.4663,1.4585,1.4516,1.4467,1.4409,1.435,1.4291,1.4233,1.4145,1.4037,1.3939,1.3832,1.3695,1.3568,1.3509,1.348,1.3431,1.3363,1.3265,1.3157,1.304,1.2923,1.2805,1.2717,1.2669,1.2669,1.2669,1.2669,1.2669,1.2669,1.2669,1.2669,1.2786,1.3099,1.3724,1.4761,1.6197,1.7996,2.0049,2.1926,2.3675,2.5523,2.7253,2.8739,2.9941,3.085,3.1466,3.1867,3.2111,3.2239,3.2248,3.2151,3.1994,3.1857,3.173,3.1574,3.1369,3.1144,3.0899,3.0606,3.0293,2.9961,2.956,2.9091,2.8592,2.8045,2.7361,2.6569,2.5709,2.479,2.3871,2.3021,2.2258,2.1603,2.1065,2.0626,2.0303,2.0049,1.9795,1.955,1.9306,1.9062,1.8837,1.8631,1.8426,1.8201,1.7986,1.7771,1.7537,1.7351,1.7175,1.6979,1.6794,1.6598,1.6373,1.6139,1.5885,1.5591,1.5279,1.4985,1.4731,1.4565,1.4428,1.4272,1.4106,1.393,1.3744,1.3558,1.3382,1.3187,1.2962,1.2727,1.2493,1.2248,1.2072,1.1935,1.1789,1.172,1.1838,1.2229,1.2972,1.4106,1.5611,1.7429,1.9413,2.1408,2.306,2.4418,2.5738,2.6891,2.7801,2.8465,2.8905,2.9159,2.9267,2.9257,2.9169,2.9013,2.8798,2.8534,2.827,2.8016,2.7771,2.7507,2.7224,2.6911,2.6579,2.6197,2.5738,2.5171,2.4506,2.3842,2.3138,2.2307,2.1369,2.0381,1.9404,1.8465,1.7566,1.6764,1.6109,1.5601,1.5239,1.5015,1.4897,1.4829,1.4712,1.4565,1.4399,1.4223,1.4047,1.3871,1.3685,1.35,1.3324,1.3157,1.306,1.2991,1.2864,1.2678,1.2502,1.2336,1.218,1.2033,1.1906,1.1779,1.1652,1.1525,1.1388,1.129,1.1222,1.1144,1.1075,1.1017,1.0948,1.089,1.0831,1.0626,1.0342,1.0147,1.001,0.99511,0.99804,1.0108,1.042,1.1017,1.1975,1.3284,1.4897,1.6716,1.8612,2.045,2.2102,2.349,2.4487,2.5181,2.5738,2.6139,2.6393,2.6549,2.6628,2.6608,2.652,2.6373,2.6188,2.5992,2.5777,2.5562,2.5327,2.5073,2.4809,2.4526,2.4203,2.3812,2.3343,2.2786,2.2131,2.1388,2.0577,1.9824,1.911,1.8328,1.7517,1.6725,1.5992,1.5347,1.4809,1.4379,1.4066,1.3861,1.3715,1.3617,1.3539,1.3431,1.3304,1.3196,1.3089,1.2981,1.2874,1.2737,1.2581,1.2434,1.2307,1.219,1.2111,1.2063,1.1984,1.1887,1.1769,1.1613,1.1417,1.1241,1.1065,1.0899,1.0762,1.0645,1.0606,1.0596,1.0567,1.0528,1.0479,1.0411,1.0323,1.0205,1.0098,1,0.99022,0.98729,0.99511,1.0205,1.0704,1.1535,1.2727,1.4262,1.6051,1.7986,1.9912,2.1701,2.3245,2.4487,2.5415,2.6002,2.6364,2.6618,2.6764,2.6823,2.6794,2.6696,2.6559,2.6413,2.6266,2.6109,2.5924,2.5718,2.5494,2.523,2.4917,2.4565,2.4164,2.3695,2.3167,2.2571,2.1896,2.1163,2.0362,1.9511,1.8759,1.8065,1.7331,1.6647,1.6051,1.5562,1.5161,1.4839,1.4565,1.433,1.4154,1.4037,1.3978,1.3949,1.3881,1.3793,1.3724,1.3646,1.3548,1.3451,1.3324,1.3196,1.306,1.2923,1.2796,1.2708,1.262,1.2512,1.2395,1.2287,1.218,1.2063,1.1984,1.1916,1.1857,1.1799,1.174,1.172,1.1711,1.1681,1.1632,1.1584,1.1535,1.1466,1.1408,1.1378,1.1378,1.1476,1.176,1.2317,1.304,1.3998,1.5367,1.7038,1.8915,2.086,2.2737,2.4428,2.5875,2.7048,2.7937,2.8573,2.8935,2.9101,2.9198,2.9218,2.9169,2.9081,2.8935,2.8749,2.8543,2.8338,2.8133,2.7947,2.7771,2.7576,2.7341,2.7058,2.6706,2.6285,2.5797,2.5239,2.4594,2.3871,2.3079,2.2248,2.1447,2.0782,2.0244,1.9765,1.9374,1.9052,1.8807,1.8612,1.8436,1.826,1.8074,1.7869,1.7674,1.7498,1.7351,1.7224,1.7077,1.6921,1.6755,1.6588,1.6422,1.6246,1.6041,1.5836,1.5621,1.5376,1.5142,1.4936,1.4712,1.4457,1.4223,1.4018,1.3832,1.3656,1.349,1.3314,1.3148,1.2981,1.2815,1.2688,1.2581,1.2532,1.2522,1.2454,1.2366,1.2278,1.2258,1.2395,1.2776,1.349,1.4575,1.5767,1.7136,1.8856,2.0704,2.2522,2.4203,2.566,2.6843,2.7742,2.8377,2.8798,2.9022,2.9091,2.9042,2.8895,2.8729,2.8543,2.8319,2.8065,2.7801,2.7527,2.7243,2.695,2.6628,2.6276,2.5885,2.5445,2.4917,2.4282,2.3548,2.2727,2.1828,2.089,1.9922,1.8983,1.8104,1.7292,1.6676,1.6207,1.5777,1.5386,1.5054,1.477,1.4536,1.433,1.4154,1.3998,1.3832,1.3666,1.35,1.3372,1.3265,1.3128,1.2942,1.2747,1.2571,1.2395,1.2239,1.2072,1.1916,1.175,1.1584,1.1476,1.1359,1.1193,1.1026,1.088,1.0772,1.0684,1.0596,1.0499,1.0391,1.0283,1.0156,1.0039,0.99804,0.99316,0.98534,0.97752,0.97165,0.97458,0.99413,1.0381,1.1153,1.2326,1.3861,1.5699,1.7439,1.9101,2.0919,2.2649,2.4184,2.5445,2.6403,2.7077,2.7517,2.7771,2.7879,2.7879,2.7791,2.7644,2.7478,2.7292,2.7097,2.6921,2.6755,2.6588,2.6393,2.6149,2.5846,2.5484,2.5044,2.4585,2.4066,2.3431,2.2669,2.1799,2.087,1.9892,1.8915,1.7957,1.7077,1.6325,1.5689,1.5171,1.4819,1.4585,1.4379,1.4223,1.4115,1.4008,1.3881,1.3744,1.3607,1.347,1.3314,1.3148,1.303,1.2923,1.2796,1.2678,1.2551,1.2414,1.2287,1.217,1.2053,1.1935,1.1818,1.1691,1.1544,1.1437,1.1369,1.1281,1.1183,1.1075,1.0978,1.0899,1.085,1.0811,1.0811,1.0811,1.0811,1.0811,1.0811,1.0811,1.0811,1.0811,1.1183,1.1828,1.2845,1.4242,1.5973,1.7957,2.0049,2.2063,2.3675,2.4985,2.6188,2.7175,2.7898,2.8368,2.8651,2.8759,2.8759,2.869,2.8563,2.8416,2.825,2.8065,2.7889,2.7693,2.7468,2.7214,2.696,2.6696,2.6373,2.5992,2.5523,2.4966,2.4291,2.3607,2.2893,2.2053,2.1153,2.0235,1.9345,1.8553,1.7879,1.7312,1.6843,1.6481,1.6227,1.607,1.5963,1.5885,1.5826,1.5767,1.5728,1.5679,1.563,1.5572,1.5484,1.5386,1.5269,1.5142,1.5044,1.4956,1.4829,1.4692,1.4565,1.4428,1.4291,1.4154,1.3998,1.3832,1.3666,1.3509,1.3421,1.3372,1.3324,1.3255,1.3167,1.3079,1.2991,1.2893,1.2786,1.2796,1.2874,1.2893,1.2913,1.2981,1.3148,1.347,1.4057,1.5005,1.6344,1.8055,2.0068,2.2258,2.4418,2.6403,2.8133,2.9423,3.0323,3.1065,3.1642,3.2043,3.2278,3.2375,3.2366,3.2248,3.2043,3.1769,3.1437,3.1105,3.0762,3.0411,3.0068,2.9717,2.9355,2.8944,2.8446,2.7849,2.7146,2.6354,2.5494,2.4575,2.3724,2.2933,2.2102,2.1271,2.0479,1.9756,1.9159,1.8671,1.827,1.7918,1.7605,1.7302,1.7048,1.6813,1.6559,1.6266,1.5973,1.5689,1.5367,1.5044,1.4741,1.4448,1.4135,1.3822,1.3519,1.3284,1.3089,1.2884,1.2678,1.2473,1.2248,1.2023,1.1799,1.1564,1.1349,1.1153,1.0968,1.085,1.0792,1.0704,1.0596,1.0499,1.0391,1.0283,1.0176,1.0078,0.99804,0.98925,0.98436,0.98925,1.0078,1.0459,1.1144,1.2209,1.3675,1.5474,1.7507,1.9629,2.1691,2.3548,2.5122,2.6393,2.7243,2.7801,2.824,2.8534,2.868,2.869,2.8592,2.8416,2.8182,2.7918,2.7674,2.7468,2.7263,2.7038,2.6813,2.6559,2.6237,2.5855,2.5406,2.4848,2.4194,2.3441,2.259,2.1662,2.0674,1.9785,1.8983,1.8133,1.7312,1.6588,1.5963,1.5435,1.4995,1.4643,1.437,1.4174,1.4047,1.392,1.3832,1.3773,1.3685,1.3568,1.3421,1.3275,1.3148,1.303,1.2913,1.2776,1.262,1.2454,1.2346,1.2258,1.2141,1.2033,1.1906,1.175,1.1603,1.1457,1.132,1.1193,1.1075,1.0978,1.088,1.085,1.085,1.0821,1.0772,1.0723,1.0665,1.0606,1.0547,1.0508,1.0518,1.0665,1.1056,1.1642,1.2522,1.3832,1.5513,1.7468,1.956,2.1642,2.3548,2.52,2.653,2.7546,2.8289,2.8768,2.9013,2.911,2.914,2.913,2.9062,2.8944,2.8798,2.8631,2.8436,2.8192,2.7928,2.7634,2.7331,2.6989,2.6588,2.6139,2.5611,2.4985,2.4272,2.348,2.261,2.1681,2.0723,1.9785,1.8876,1.8123,1.7498,1.6901,1.6354,1.5875,1.5494,1.52,1.4995,1.4868,1.477,1.4682,1.4565,1.4457,1.436,1.4194,1.3978,1.3763,1.3548,1.3353,1.3187,1.305,1.2923,1.2796,1.2678,1.2561,1.2483,1.2414,1.2297,1.2151,1.1994,1.1838,1.1701,1.1574,1.1457,1.1349,1.1271,1.1183,1.1144,1.1124,1.1046,1.0958,1.089,1.0811,1.0762,1.0782,1.0929,1.1281,1.1916,1.2903,1.4008,1.5279,1.6901,1.8719,2.0557,2.2287,2.3803,2.5054,2.6041,2.6745,2.7214,2.7488,2.7615,2.7615,2.7507,2.7351,2.7185,2.6999,2.6784,2.6549,2.6305,2.6051,2.5806,2.5582,2.5347,2.5073,2.4741,2.434,2.3861,2.3284,2.26,2.1828,2.0978,2.0078,1.9189,1.8338,1.7537,1.6833,1.6315,1.5943,1.563,1.5386,1.52,1.5054,1.4936,1.4848,1.4751,1.4633,1.4526,1.4418,1.434,1.4291,1.4203,1.4086,1.3949,1.3803,1.3656,1.35,1.3343,1.3206,1.3069,1.2942,1.2825,1.2757,1.2708,1.2649,1.2581,1.2502,1.2444,1.2395,1.2346,1.2297,1.2248,1.218,1.2121,1.2092,1.2072,1.2023,1.1955,1.1896,1.1877,1.1945,1.219,1.2678,1.349,1.4643,1.6129,1.7879,1.9531,2.1105,2.2835,2.4506,2.5953,2.7126,2.8016,2.8641,2.9042,2.9277,2.9374,2.9374,2.9277,2.9101,2.8895,2.869,2.8485,2.828,2.8074,2.7869,2.7654,2.7419,2.7175,2.6891,2.6549,2.6158,2.5709,2.5152,2.4506,2.3783,2.3021,2.2229,2.1437,2.0684,2.001,1.9453,1.9013,1.869,1.8465,1.8289,1.8152,1.8035,1.7918,1.781,1.7722,1.7644,1.7537,1.741,1.7273,1.7126,1.6999,1.6882,1.6735,1.6559,1.6373,1.6197,1.6031,1.5855,1.566,1.5464,1.5259,1.5044,1.4858,1.4692,1.4506,1.434,1.4174,1.4018,1.3861,1.3705,1.3548,1.3402,1.3245,1.3089,1.2952,1.2864,1.2815,1.2747,1.2717,1.2786,1.3069,1.3646,1.4565,1.5855,1.7468,1.9296,2.1193,2.2805,2.4164,2.5464,2.6588,2.7498,2.8172,2.8612,2.8856,2.8964,2.8964,2.8886,2.8759,2.8592,2.8397,2.8172,2.7918,2.7634,2.7361,2.7077,2.6774,2.6432,2.6041,2.5591,2.5054,2.4438,2.3842,2.3206,2.2444,2.1593,2.0684,1.9756,1.8876,1.8074,1.738,1.6804,1.6344,1.5982,1.5738,1.5562,1.5396,1.5239,1.5073,1.4888,1.4702,1.4536,1.4379,1.4223,1.4066,1.391,1.3754,1.3646,1.3548,1.3421,1.3284,1.3138,1.3001,1.2884,1.2776,1.2669,1.2561,1.2454,1.2356,1.2278,1.2199,1.2082,1.1935,1.1789,1.1662,1.1544,1.1437,1.1349,1.1271,1.1036,1.0694,1.0469,1.0371,1.0362,1.044,1.0684,1.1212,1.2121,1.3412,1.5064,1.6989,1.9081,2.1163,2.3089,2.4594,2.5758,2.6804,2.7634,2.824,2.8651,2.8895,2.9003,2.9003,2.8915,2.8759,2.8573,2.8338,2.8065,2.7771,2.7488,2.7214,2.6911,2.6559,2.6149,2.5689,2.5161,2.4545,2.3842,2.306,2.2317,2.1584,2.0723,1.9814,1.8925,1.8065,1.7273,1.6588,1.6031,1.5591,1.5249,1.4976,1.477,1.4633,1.4506,1.435,1.4194,1.4047,1.3891,1.3724,1.3568,1.3402,1.3226,1.3021,1.2805,1.2639,1.2502,1.2346,1.218,1.2033,1.1887,1.175,1.1613,1.1486,1.1359,1.1212,1.1056,1.0909,1.0821,1.0762,1.0694,1.0635,1.0577,1.0518,1.045,1.0381,1.0313,1.0254,1.0196,1.0176,1.0264,1.0489,1.0909,1.1642,1.2757,1.4272,1.6129,1.8231,2.044,2.2571,2.4506,2.6158,2.7478,2.8368,2.8935,2.9365,2.9658,2.9824,2.9883,2.9853,2.9746,2.957,2.9355,2.914,2.8895,2.8612,2.8309,2.7996,2.7654,2.7283,2.6872,2.6403,2.5865,2.523,2.4497,2.3675,2.2796,2.1877,2.1065,2.0303,1.9501,1.8749,1.8084,1.7537,1.7087,1.6716,1.6422,1.6188,1.5992,1.5826,1.5718,1.563,1.5533,1.5435,1.5327,1.522,1.5112,1.5005,1.4897,1.48,1.4712,1.4614,1.4516,1.4438,1.434,1.4194,1.4047,1.392,1.3822,1.3724,1.3617,1.3539,1.3441,1.3324,1.3216,1.3138,1.3069,1.2981,1.2884,1.2786,1.2717,1.2649,1.259,1.2532,1.2483,1.2463,1.2581,1.2913,1.3402,1.4154,1.5337,1.694,1.8866,2.1017,2.3226,2.5337,2.7224,2.8798,3.002,3.0929,3.1496,3.1799,3.1994,3.2063,3.2014,3.1857,3.1613,3.132,3.0997,3.0665,3.0342,3.001,2.9668,2.9326,2.8964,2.8534,2.8035,2.7458,2.6794,2.6022,2.5161,2.4213,2.3206,2.2209,2.1232,2.0401,1.9697,1.9022,1.8397,1.7859,1.741,1.7038,1.6716,1.6422,1.6139,1.5875,1.563,1.5445,1.5279,1.5073,1.4839,1.4575,1.4291,1.4008,1.3734,1.346,1.3187,1.2942,1.2737,1.2551,1.2424,1.2307,1.2131,1.1935,1.173,1.1525,1.131,1.1114,1.0938,1.0753,1.0587,1.045,1.0381,1.0342,1.0293,1.0244,1.0166,1.0068,0.99707,0.98436,0.97361,0.96676,0.96872,0.98631,1.0303,1.0919,1.1779,1.305,1.4643,1.6471,1.8397,2.0274,2.1975,2.3412,2.4575,2.5455,2.609,2.6481,2.6676,2.6794,2.6794,2.6696,2.6549,2.6295,2.609,2.5865,2.563,2.5376,2.5093,2.479,2.4467,2.4086,2.3617,2.3079,2.2473,2.1799,2.1056,2.0274,1.9433,1.8553,1.7683,1.696,1.6325,1.5679,1.5083,1.4575,1.4164,1.3842,1.3607,1.3421,1.3265,1.3118,1.2972,1.2825,1.2717,1.263,1.2512,1.2375,1.2239,1.2043,1.1926,1.1828,1.1662,1.1535,1.1388,1.1271,1.1193,1.1085,1.0987,1.087,1.0743,1.0606,1.0459,1.0313,1.0166,1.0049,0.99609,0.98925,0.98729,0.98729,0.98338,0.97752,0.96774,0.96188,0.95699,0.96188,0.98436,1.0332,1.1144,1.2678,1.4047,1.5738,1.8602,2.0479,2.217,2.3597,2.4721,2.5552,2.6139,2.652,2.6735,2.6794,2.6755,2.6657,2.651,2.6315,2.608,2.5836,2.5591,2.5347,2.5073,2.477,2.4438,2.4115,2.3773,2.3353,2.2845,2.2258,2.1593,2.0841,2.001,1.914,1.828,1.7449,1.6686,1.5992,1.5464,1.5054,1.4663,1.4301,1.3998,1.3763,1.3568,1.3402,1.3236,1.3079,1.2933,1.2796,1.2708,1.2639,1.2551,1.2444,1.2317,1.218,1.2053,1.1916,1.175,1.1574,1.1417,1.1281,1.1193,1.1124,1.1026,1.0909,1.0772,1.0645,1.0518,1.042,1.0342,1.0283,1.0225,1.0176,1.0147,1.0176,1.0215,1.0215,1.0196,1.0156,1.0117,1.0108,1.0205,1.0469,1.0987,1.1838,1.305,1.435,1.5767,1.7517,1.9404,2.1241,2.2903,2.4311,2.5435,2.6266,2.6833,2.7165,2.7302,2.7312,2.7214,2.7058,2.6882,2.6667,2.6413,2.6129,2.5816,2.5484,2.5161,2.4839,2.4516,2.4203,2.39,2.3568,2.3148,2.263,2.2014,2.1329,2.0577,1.9785,1.9003,1.828,1.7615,1.7038,1.6579,1.6246,1.6022,1.5846,1.5718,1.563,1.5552,1.5464,1.5357,1.523,1.5103,1.4995,1.4888,1.4809,1.4751,1.4653,1.4545,1.4438,1.4321,1.4194,1.4057,1.39,1.3734,1.3578,1.3431,1.3275,1.3167,1.3069,1.2952,1.2815,1.2678,1.2551,1.2424,1.2307,1.2229,1.2141,1.2248,1.2483,1.26,1.2659,1.2659,1.263,1.261,1.2639,1.2786,1.3148,1.3822,1.4878,1.6334,1.8152,2.0225,2.2131,2.3891,2.5758,2.7488,2.8954,3.0225,3.1134,3.1662,3.2004,3.216,3.217,3.2082,3.1887,3.1623,3.1339,3.1017,3.0655,3.0254,2.9834,2.9404,2.8954,2.8485,2.7977,2.74,2.6755,2.6109,2.5415,2.4575,2.3617,2.261,2.1564,2.0518,1.9521,1.8602,1.7801,1.7116,1.654,1.6119,1.5806,1.5484,1.5181,1.4927,1.4682,1.4457,1.4233,1.4008,1.3773,1.3519,1.3255,1.3001,1.2815,1.2669,1.2493,1.2287,1.2082,1.1867,1.1652,1.1457,1.129,1.1144,1.1017,1.088,1.0802,1.0762,1.0674,1.0547,1.0401,1.0244,1.0078,0.99316,0.98045,0.96676,2.9521,2.9462,2.9316,2.9091,2.8807,2.8504,2.8201,2.7918,2.7634,2.7361,2.7067,2.6745,2.6354,2.5865,2.5288,2.4702,2.4057,2.3245,2.2336,2.1339,2.0283,1.9267,1.8299,1.74,1.6628,1.5963,1.5406,1.5005,1.4721,1.4487,1.4291,1.4106,1.393,1.3763,1.3597,1.3431,1.3226,1.304,1.2923,1.2796,1.2698,1.263,1.2493,1.2346,1.219,1.2014,1.1848,1.1691,1.1564,1.1437,1.132,1.1193,1.1105,1.1046,1.0948,1.0821,1.0674,1.0547,1.0469,1.0508,1.0772,1.1349,1.2278,1.3568,1.5181,1.6784,1.8397,2.0235,2.2063,2.3744,2.5161,2.6266,2.7067,2.7576,2.7849,2.7957,2.7957,2.7859,2.7713,2.7556,2.737,2.7165,2.696,2.6716,2.6461,2.6178,2.5875,2.5533,2.5112,2.4604,2.4057,2.346,2.2717,2.1857,2.0919,1.9951,1.8993,1.7889,1.694,1.6315,1.5728,1.521,1.4839,1.4604,1.4399,1.4174,1.3978,1.3871,1.3773,1.3666,1.3558,1.3451,1.3343,1.3226,1.3099,1.3011,1.2923,1.2805,1.2688,1.2581,1.2473,1.2336,1.2209,1.2121,1.2023,1.1887,1.1769,1.172,1.1681,1.1584,1.1476,1.1398,1.13,1.1232,1.1163,1.1105,1.1075,1.1065,1.1056,1.1056,1.1075,1.1114,1.1134,1.1144,1.129,1.1505,1.1632,1.1691,1.172,1.174,1.175,1.175,1.1789,1.1965,1.219,1.2473,1.3109,1.4663,1.6373,1.782,1.9746,2.2424,2.4868,2.65,2.8143,2.956,3.045,3.1007,3.1476,3.1799,3.1965,3.2043,3.2033,3.1955,3.1818,3.1564,3.131,3.1017,3.0704,3.0381,3.0049,2.9795,2.9462,2.8905,2.8348,2.7683,2.6764,2.5865,2.5191,2.4487,2.3548,2.2639,2.1779,2.1007,2.0332,1.9765,1.9296,1.8944,1.868,1.8456,1.824,1.8055,1.7928,1.7732,1.7449,1.7195,1.695,1.6696,1.6432,1.6168,1.5924,1.5699,1.5474,1.5279,1.5152,1.5093,1.5142,1.5327,1.5679,1.6217,1.694,1.7781,1.869,1.958,2.0381,2.1026,2.1447,2.1662,2.174,2.1701,2.1515,2.1183,2.0743,2.0215,1.9619,1.8983,1.8319,1.7674,1.7038,1.652,1.6109,1.5718,1.5386,1.5142,1.4985,1.4907,1.4888,1.4927,1.4995,1.5073,1.5142,1.5181,1.522,1.522,1.5191,1.5122,1.5034,1.4907,1.4761,1.4594,1.4389,1.4154,1.3891,1.3646,1.3431,1.3196,1.2942,1.2688,1.2444,1.219,1.1935,1.1691,1.1447,1.1212,1.0968,1.0733,1.0557,1.0411,1.0244,1.0098,0.99804,0.98729,0.97654,0.96481,0.95112,0.94037,0.92962,0.91984,0.91496,0.91398,0.91202,0.91105,0.91105,0.90811,0.9042,0.90029,0.89443,0.88856,0.88465,0.8827,0.88172,0.88465,0.89052,0.89345,0.89541,0.89834,0.90225,0.90616,0.91007,0.91691,0.92571,0.93451,0.9433,0.95503,0.96774,0.98045,0.99218,1.0029,1.0147,1.0274,1.0411,1.0547,1.0684,1.0831,1.0968,1.1124,1.131,1.1574,1.2053,1.2845,1.4027,1.563,1.7634,1.9941,2.2395,2.4809,2.7019,2.8925,3.0313,3.132,3.217,3.2805,3.3226,3.3451,3.3519,3.346,3.3294,3.305,3.2727,3.2346,3.1935,3.1496,3.1036,3.0547,3,2.9413,2.8768,2.8055,2.7283,2.6442,2.5552,2.4624,2.3656,2.2805,2.2053,2.1281,2.0557,1.9892,1.9306,1.8807,1.8387,1.8016,1.7703,1.7458,1.7263,1.7097,1.697,1.6852,1.6725,1.6569,1.6373,1.6168,1.5963,1.5748,1.5533,1.5318,1.5112,1.4888,1.4702,1.4536,1.435,1.4164,1.3988,1.3822,1.3675,1.3529,1.3382,1.3255,1.3138,1.3138,1.3177,1.3177,1.3157,1.3099,1.304,1.2972,1.2893,1.2815,1.2737,1.2669,1.259,1.2502,1.2405,1.2326,1.2278,1.2248,1.2248,1.2346,1.262,1.3148,1.3949,1.5034,1.6334,1.7771,1.9247,2.0665,2.1789,2.2678,2.349,2.4154,2.4643,2.4976,2.5171,2.5259,2.5269,2.52,2.5083,2.4917,2.4721,2.4497,2.4242,2.4008,2.3763,2.3509,2.3245,2.2972,2.2678,2.2336,2.1945,2.1505,2.1007,2.0528,2.0068,1.957,1.9071,1.8602,1.8201,1.7869,1.7605,1.741,1.7263,1.7146,1.7067,1.7019,1.6989,1.697,1.694,1.6911,1.6872,1.6813,1.6725,1.6628,1.652,1.6413,1.6305,1.6207,1.6119,1.6022,1.5914,1.5806,1.5679,1.5543,1.5396,1.5249,1.5103,1.4936,1.477,1.4614,1.4487,1.4389,1.4282,1.4174,1.4057,1.3959,1.3891,1.3842,1.3793,1.3744,1.3685,1.3627,1.3607,1.3646,1.3793,1.4125,1.4712,1.5562,1.6667,1.8006,1.9492,2.1026,2.2502,2.3842,2.4985,2.5806,2.6373,2.6862,2.7204,2.739,2.7468,2.7449,2.7351,2.7195,2.6989,2.6735,2.6461,2.6158,2.5846,2.5533,2.521,2.4858,2.4477,2.4047,2.3568,2.303,2.2434,2.1779,2.1085,2.0362,1.9726,1.913,1.8485,1.7849,1.7253,1.6706,1.6246,1.5885,1.5601,1.5367,1.5181,1.5005,1.4878,1.477,1.4663,1.4545,1.4438,1.4321,1.4203,1.4096,1.3959,1.3803,1.3636,1.348,1.3324,1.3206,1.3109,1.3001,1.2893,1.2776,1.2688,1.259,1.2483,1.2385,1.2297,1.2209,1.2111,1.2063,1.2043,1.2004,1.1965,1.1926,1.1887,1.1848,1.1808,1.1769,1.172,1.1662,1.1613,1.1623,1.173,1.1984,1.2463,1.3206,1.4223,1.5484,1.694,1.8485,2,2.1388,2.2581,2.3548,2.4223,2.4663,2.4995,2.522,2.5347,2.5367,2.5308,2.52,2.5064,2.4888,2.4692,2.4467,2.4223,2.3978,2.3734,2.347,2.3177,2.2864,2.2502,2.2092,2.1632,2.1105,2.0518,1.9892,1.9238,1.8651,1.8123,1.7556,1.6999,1.6481,1.6022,1.5621,1.5288,1.5024,1.4829,1.4682,1.4565,1.4477,1.4409,1.436,1.4291,1.4223,1.4154,1.4066,1.3969,1.3861,1.3754,1.3627,1.35,1.3382,1.3304,1.3255,1.3187,1.3118,1.304,1.2639,1.2072,1.1711,1.1476,1.13,1.1134,1.1007,1.0909,1.086,1.0831,1.0772,1.0704,1.0645,1.0596,1.0547,1.0499,1.045,1.044,1.0528,1.0792,1.1193,1.1818,1.2835,1.4233,1.5943,1.784,1.9785,2.1652,2.3343,2.4809,2.6012,2.694,2.7644,2.8074,2.8289,2.8416,2.8465,2.8436,2.8358,2.8221,2.8035,2.782,2.7576,2.7292,2.7009,2.6725,2.6442,2.6149,2.5836,2.5474,2.5034,2.4506,2.3871,2.3138,2.2346,2.1515,2.0684,1.9961,1.9306,1.8641,1.8045,1.7537,1.7126,1.6823,1.6588,1.6393,1.6246,1.6129,1.6002,1.5865,1.5748,1.564,1.5523,1.5406,1.5308,1.523,1.5161,1.5073,1.4985,1.4878,1.477,1.4673,1.4594,1.4536,1.4457,1.436,1.4223,1.4057,1.3891,1.3744,1.3597,1.3451,1.3304,1.3177,1.306,1.2981,1.2933,1.2854,1.2766,1.2678,1.2561,1.2454,1.2395,1.2375,1.2444,1.2708,1.3255,1.3978,1.4956,1.6373,1.8123,2.0098,2.2151,2.4145,2.5934,2.7449,2.8661,2.957,3.0215,3.0635,3.0811,3.0802,3.0704,3.0538,3.0323,3.0068,2.9804,2.9521,2.9228,2.8915,2.8592,2.824,2.7859,2.7468,2.7028,2.651,2.5904,2.52,2.4399,2.3509,2.2571,2.1642,2.0753,1.9912,1.915,1.8543,1.8045,1.7576,1.7165,1.6833,1.654,1.6276,1.6031,1.5787,1.5552,1.5337,1.5122,1.4936,1.4751,1.4516,1.4252,1.3988,1.3744,1.35,1.3255,1.3021,1.2786,1.2561,1.2346,1.2151,1.2004,1.1877,1.172,1.1554,1.1369,1.1212,1.1065,1.0938,1.0841,1.0753,1.0665,1.0567,1.0518,1.0489,1.0401,1.0283,1.0156,1.002,0.99022,0.98338,0.98729,1.0117,1.0645,1.1515,1.2757,1.4086,1.5552,1.7341,1.9257,2.1153,2.2903,2.4438,2.5689,2.6657,2.738,2.7898,2.8231,2.8368,2.8387,2.8358,2.826,2.8104,2.7908,2.7664,2.739,2.7107,2.6823,2.651,2.6168,2.5797,2.5406,2.4985,2.4487,2.391,2.3236,2.2473,2.1642,2.0772,1.9883,1.9013,1.8192,1.7419,1.6804,1.6295,1.5806,1.5396,1.5054,1.4761,1.4516,1.4301,1.4096,1.391,1.3754,1.3597,1.3451,1.3343,1.3255,1.3138,1.3011,1.2845,1.2669,1.2502,1.2336,1.218,1.2033,1.1896,1.1808,1.1789,1.176,1.1691,1.1593,1.1466,1.1329,1.1202,1.1095,1.1007,1.0938,1.088,1.0821,1.0743,1.0704,1.0674,1.0596,1.0489,1.0391,1.0352,1.043,1.0694,1.1222,1.2072,1.3255,1.4731,1.6197,1.7664,1.9355,2.1075,2.2649,2.3998,2.5112,2.5973,2.6608,2.7058,2.7331,2.7458,2.7449,2.7351,2.7195,2.7009,2.6804,2.6579,2.6344,2.6119,2.5885,2.563,2.5357,2.5054,2.4702,2.4321,2.39,2.3382,2.2757,2.2023,2.1222,2.0391,1.955,1.8719,1.7918,1.7214,1.6618,1.6168,1.5826,1.5543,1.5318,1.5122,1.4966,1.4848,1.4731,1.4604,1.4467,1.4311,1.4154,1.4008,1.39,1.3812,1.3724,1.3656,1.3578,1.347,1.3353,1.3226,1.3099,1.2962,1.2835,1.2698,1.26,1.2522,1.2444,1.2356,1.2268,1.218,1.2092,1.2014,1.1965,1.1945,1.1935,1.1916,1.1887,1.1867,1.1848,1.1789,1.174,1.175,1.1877,1.2199,1.2796,1.3724,1.5015,1.6628,1.8465,2.0117,2.1623,2.3216,2.4712,2.5982,2.7009,2.7781,2.8338,2.871,2.8915,2.8983,2.8954,2.8856,2.87,2.8485,2.824,2.7986,2.7722,2.7429,2.7126,2.6823,2.65,2.6149,2.5748,2.5288,2.4819,2.4301,2.3675,2.2962,2.2199,2.1408,2.0606,1.9824,1.9101,1.8475,1.7947,1.7507,1.7136,1.6862,1.6676,1.652,1.6373,1.6227,1.609,1.5953,1.5797,1.5611,1.5415,1.523,1.5044,1.4888,1.4721,1.4506,1.4262,1.4018,1.3783,1.3548,1.3333,1.3138,1.2942,1.2727,1.2522,1.2336,1.2199,1.2082,1.1945,1.1808,1.1662,1.1515,1.1369,1.1232,1.1114,1.1017,1.0899,1.0772,1.0684,1.0626,1.0547,1.0518,1.0626,1.0958,1.1574,1.2512,1.3803,1.5376,1.7136,1.8935,2.0674,2.2063,2.3177,2.4213,2.5073,2.5738,2.6207,2.6491,2.6637,2.6676,2.6637,2.653,2.6373,2.6188,2.5963,2.5709,2.5455,2.52,2.4956,2.4682,2.437,2.4018,2.3617,2.3138,2.2571,2.1935,2.131,2.0665,1.9912,1.912,1.8309,1.7507,1.6755,1.608,1.5484,1.4956,1.4506,1.4135,1.39,1.3744,1.3597,1.346,1.3324,1.3187,1.306,1.2923,1.2786,1.2639,1.2502,1.2366,1.2258,1.216,1.2043,1.1916,1.1779,1.1652,1.1457,1.1241,1.1056,1.0919,1.0811,1.0714,1.0606,1.0528,1.0469,1.0362,1.0244,1.0108,0.99804,0.98827,0.98045,0.97263,0.96383,0.9521,0.94135,0.93744,0.93842,0.9433,0.96188,1.0049,1.0802,1.1935,1.3421,1.5171,1.7116,1.9091,2.0968,2.2639,2.39,2.4839,2.564,2.6266,2.6716,2.6999,2.7146,2.7185,2.7126,2.7009,2.6843,2.6628,2.6373,2.6109,2.5846,2.5572,2.5269,2.4946,2.4585,2.4174,2.3705,2.3177,2.259,2.1935,2.1193,2.0489,1.9795,1.9013,1.8192,1.738,1.6628,1.5953,1.5376,1.4888,1.4467,1.4125,1.3871,1.3715,1.3597,1.347,1.3333,1.3206,1.3079,1.2952,1.2815,1.2678,1.2532,1.2375,1.2209,1.2023,1.1887,1.1799,1.1691,1.1564,1.1447,1.1339,1.1241,1.1114,1.0987,1.086,1.0723,1.0587,1.0499,1.043,1.0332,1.0244,1.0186,1.0127,1.0078,1.002,0.99316,0.98143,0.9697,0.95992,0.95797,0.96676,0.99413,1.0469,1.131,1.2522,1.4086,1.5894,1.783,1.9756,2.1544,2.3128,2.4438,2.5357,2.5992,2.651,2.6872,2.7107,2.7224,2.7234,2.7146,2.6989,2.6823,2.6618,2.6373,2.6109,2.5846,2.5601,2.5347,2.5064,2.4731,2.435,2.392,2.3392,2.2776,2.2063,2.1271,2.0401,1.9599,1.8866,1.8074,1.7292,1.6569,1.5924,1.5376,1.4927,1.4545,1.4223,1.3969,1.3783,1.3627,1.3529,1.346,1.3363,1.3265,1.3157,1.305,1.2933,1.2805,1.2669,1.2532,1.2405,1.2287,1.2219,1.218,1.2092,1.1994,1.1896,1.1799,1.1701,1.1613,1.1515,1.1417,1.1329,1.1232,1.1134,1.1075,1.1036,1.0968,1.0909,1.087,1.0841,1.0811,1.0772,1.0733,1.0684,1.0684,1.0811,1.1085,1.1564,1.2395,1.3617,1.5181,1.6999,1.8964,2.0929,2.2757,2.437,2.5718,2.6804,2.7615,2.8113,2.8397,2.8602,2.869,2.8661,2.8563,2.8426,2.824,2.8016,2.7752,2.7449,2.7146,2.6852,2.6559,2.6276,2.5963,2.5611,2.5191,2.4702,2.4125,2.347,2.2757,2.1994,2.1222,2.0538,1.9912,1.9286,1.871,1.8221,1.782,1.7498,1.7243,1.7038,1.6872,1.6735,1.6598,1.6461,1.6344,1.6237,1.61,1.5924,1.5718,1.5513,1.5308,1.5103,1.4897,1.4682,1.4467,1.4262,1.4291,1.4438,1.4399,1.4282,1.4125,1.3959,1.3773,1.3587,1.3392,1.3206,1.303,1.2874,1.2737,1.2639,1.2581,1.2502,1.2395,1.2239,1.2063,1.1877,1.1701,1.1564,1.1525,1.1632,1.1994,1.2542,1.3324,1.4506,1.6041,1.782,1.9697,2.1544,2.3245,2.4712,2.5894,2.6804,2.7458,2.7889,2.8084,2.8133,2.8123,2.8065,2.7947,2.7771,2.7537,2.7273,2.6999,2.6716,2.6422,2.6119,2.5816,2.5494,2.5122,2.4692,2.4194,2.3587,2.2884,2.2102,2.1241,2.0352,1.9453,1.8563,1.7713,1.6999,1.6393,1.5806,1.5279,1.4848,1.4497,1.4223,1.4018,1.3842,1.3675,1.3519,1.3372,1.3245,1.3148,1.303,1.2903,1.2766,1.26,1.2414,1.2229,1.2043,1.1887,1.173,1.1603,1.1496,1.1417,1.1349,1.1241,1.1114,1.0978,1.0841,1.0704,1.0557,1.044,1.0342,1.0244,1.0156,1.0127,1.0117,1.0088,1.0059,1.002,0.99609,0.9912,0.98925,0.99609,1.0186,1.0655,1.1447,1.261,1.3891,1.5298,1.7067,1.9003,2.0929,2.2708,2.4242,2.5474,2.6422,2.7116,2.7576,2.783,2.7908,2.7859,2.7752,2.7595,2.7419,2.7224,2.6999,2.6745,2.65,2.6256,2.6012,2.5748,2.5445,2.5132,2.478,2.433,2.3763,2.3099,2.2317,2.1437,2.0499,1.9531,1.8602,1.7742,1.695,1.6325,1.5826,1.5347,1.4936,1.4614,1.436,1.4154,1.3978,1.3832,1.3695,1.3558,1.3412,1.3255,1.3128,1.303,1.2913,1.2776,1.2639,1.2512,1.2375,1.2229,1.2082,1.1916,1.176,1.1623,1.1525,1.1476,1.1408,1.13,1.1193,1.1095,1.0968,1.086,1.0772,1.0684,1.0616,1.0567,1.0547,1.0547,1.0508,1.0411,1.0293,1.0186,1.0117,1.0137,1.0323,1.0782,1.1574,1.2747,1.4272,1.5797,1.7361,1.9198,2.1075,2.2825,2.435,2.5591,2.6549,2.7243,2.7683,2.7928,2.8035,2.8035,2.7947,2.782,2.7654,2.7449,2.7204,2.695,2.6686,2.6393,2.608,2.5758,2.5415,2.5034,2.4653,2.4242,2.3734,2.3118,2.2405,2.1623,2.0792,1.9922,1.9081,1.8299,1.7595,1.697,1.65,1.6149,1.5826,1.5552,1.5327,1.5112,1.4907,1.4721,1.4555,1.4399,1.4262,1.4135,1.4008,1.392,1.2581,1.2571,1.2542,1.2532,1.2561,1.2708,1.306,1.3715,1.477,1.6237,1.8065,1.9844,2.1613,2.3607,2.5591,2.741,2.8964,3.0196,3.1114,3.176,3.216,3.2346,3.2375,3.2297,3.2111,3.1848,3.1574,3.13,3.1036,3.0743,3.042,3.0088,2.9765,2.9413,2.9003,2.8534,2.8055,2.7517,2.6852,2.607,2.521,2.4311,2.3392,2.2483,2.1632,2.088,2.0244,1.9717,1.9296,1.8993,1.8768,1.8563,1.8387,1.8221,1.8055,1.7879,1.7674,1.7439,1.7195,1.6931,1.6637,1.6383,1.6158,1.5885,1.5591,1.5298,1.5024,1.4751,1.4487,1.4223,1.3959,1.3715,1.348,1.3265,1.3099,1.2981,1.2845,1.2678,1.2493,1.2297,1.2111,1.1935,1.1769,1.1603,1.1447,1.129,1.1183,1.1114,1.1026,1.0948,1.0899,1.0919,1.1124,1.1613,1.2444,1.3675,1.5288,1.7185,1.9247,2.1065,2.2669,2.4311,2.5816,2.7077,2.8055,2.8768,2.9228,2.9472,2.955,2.9492,2.9345,2.913,2.8866,2.8573,2.828,2.7996,2.7683,2.7341,2.697,2.6579,2.6149,2.564,2.5064,2.4418,2.3793,2.3138,2.2356,2.1466,2.0499,1.9501,1.8524,1.7605,1.6774,1.6061,1.5464,1.4976,1.4624,1.437,1.4115,1.3871,1.3656,1.348,1.3343,1.3206,1.3069,1.2923,1.2776,1.262,1.2502,1.2424,1.2317,1.218,1.2033,1.1896,1.175,1.1593,1.1437,1.1281,1.1124,1.0968,1.0811,1.0723,1.0674,1.0587,1.0489,1.0391,1.0293,1.0225,1.0196,1.0176,1.0156,1.0137,1.0098,1.0078,1.0068,1.0039,1.0029,1.0108,1.0352,1.087,1.175,1.3021,1.4673,1.6608,1.87,2.0802,2.2581,2.4066,2.5503,2.6735,2.7703,2.8426,2.8935,2.9247,2.9423,2.9482,2.9462,2.9374,2.9208,2.9003,2.8788,2.8534,2.824,2.7908,2.7546,2.7146,2.6706,2.6237,2.5718,2.5132,2.4457,2.3773,2.306,2.2199,2.1271,2.0313,1.9365,1.8456,1.7625,1.6891,1.6276,1.5777,1.5367,1.5083,1.4888,1.4712,1.4545,1.4389,1.4233,1.4066,1.391,1.3754,1.3578,1.3412,1.3255,1.3099,1.2913,1.2688,1.2502,1.2346,1.217,1.1994,1.1828,1.1672,1.1525,1.1398,1.13,1.1212,1.1163,1.1144,1.1085,1.1007,1.0938,1.087,1.0792,1.0733,1.0684,1.0626,1.0538,1.043,1.0332,1.0283,1.0283,1.0323,1.0518,1.0958,1.1701,1.2776,1.4184,1.5885,1.7771,1.9687,2.1505,2.2952,2.4096,2.5132,2.5963,2.6569,2.6979,2.7224,2.7341,2.738,2.7341,2.7234,2.7087,2.6921,2.6725,2.6491,2.6246,2.6002,2.5767,2.5513,2.5181,2.479,2.4321,2.3773,2.3157,2.2454,2.176,2.1065,2.0254,1.9394,1.8563,1.7771,1.7019,1.6354,1.5787,1.5318,1.4946,1.4673,1.4467,1.433,1.4233,1.4125,1.4008,1.3871,1.3734,1.3597,1.346,1.3324,1.3196,1.3089,1.2981,1.2923,1.2864,1.2757,1.261,1.2463,1.2326,1.219,1.2072,1.1965,1.1867,1.1769,1.1691,1.1623,1.1603,1.1603,1.1584,1.1544,1.1505,1.1466,1.1417,1.1369,1.132,1.1281,1.1232,1.1183,1.1183,1.1261,1.1447,1.1818,1.2463,1.3441,1.4751,1.6373,1.8211,2.0156,2.2063,2.3812,2.5308,2.6393,2.7155,2.7801,2.8289,2.8612,2.8798,2.8886,2.8905,2.8866,2.8768,2.8612,2.8416,2.8182,2.7898,2.7605,2.7322,2.7038,2.6735,2.6403,2.6022,2.5582,2.5054,2.4457,2.3783,2.3138,2.2512,2.1828,2.1124,2.044,1.9795,1.9228,1.8759,1.8368,1.8055,1.781,1.7605,1.7458,1.7361,1.7273,1.7155,1.7028,1.6891,1.6755,1.6618,1.6481,1.6344,1.6188,1.6031,1.5875,1.5738,1.5611,1.5455,1.5308,1.5161,1.4995,1.4819,1.4653,1.4497,1.435,1.4194,1.4027,1.3861,1.3734,1.3627,1.349,1.3324,1.3177,1.305,1.2942,1.2845,1.2747,1.2649,1.2561,1.2502,1.2532,1.2669,1.2972,1.3529,1.4409,1.563,1.7155,1.8915,2.0802,2.2688,2.4438,2.5953,2.7195,2.8045,2.8602,2.9052,2.9384,2.958,2.9658,2.9638,2.9531,2.9355,2.913,2.8866,2.8563,2.825,2.7937,2.7605,2.7253,2.6872,2.6432,2.5934,2.5357,2.4702,2.3978,2.3187,2.2326,2.1427,2.0626,1.9863,1.9042,1.8231,1.7488,1.6823,1.6256,1.5787,1.5406,1.5083,1.4819,1.4585,1.4399,1.4233,1.4037,1.3822,1.3597,1.3382,1.3177,1.2952,1.2708,1.2493,1.2297,1.2092,1.1877,1.172,1.1613,1.1486,1.1349,1.1212,1.1075,1.0929,1.0792,1.0645,1.0499,1.0362,1.0215,1.0117,1.0059,1,0.99413,0.98925,0.98534,0.98143,0.97458,0.96579,0.95797,0.95308,0.95308,0.96481,0.98925,1.0342,1.1105,1.2229,1.3685,1.5435,1.739,1.9413,2.1359,2.3109,2.4594,2.5787,2.6608,2.7146,2.7556,2.782,2.7957,2.7977,2.7918,2.782,2.7683,2.7517,2.7341,2.7136,2.6891,2.6628,2.6344,2.6022,2.566,2.5239,2.4761,2.4213,2.3578,2.2874,2.2102,2.1281,2.0401,1.9609,1.8866,1.8074,1.7302,1.6598,1.5973,1.5435,1.4995,1.4643,1.4379,1.4174,1.3998,1.3842,1.3724,1.3636,1.3519,1.3363,1.3187,1.3021,1.2845,1.2659,1.2473,1.2287,1.2121,1.1965,1.1838,1.175,1.1652,1.1525,1.1398,1.1281,1.1193,1.1105,1.1026,1.0958,1.087,1.0762,1.0684,1.0626,1.0557,1.0479,1.042,1.0362,1.0303,1.0225,1.0137,1.0059,1.002,1.0059,1.0254,1.0616,1.1212,1.219,1.3548,1.5249,1.7185,1.9238,2.1261,2.3138,2.4761,2.608,2.7097,2.7761,2.8172,2.8504,2.8729,2.8837,2.8847,2.8778,2.8671,2.8524,2.8328,2.8104,2.7849,2.7576,2.7292,2.697,2.6608,2.6217,2.5777,2.5279,2.4692,2.4037,2.3304,2.2483,2.1613,2.0714,1.9912,1.9179,1.8416,1.7713,1.7077,1.653,1.609,1.5738,1.5455,1.522,1.5034,1.4868,1.4692,1.4555,1.4448,1.4321,1.4194,1.4057,1.392,1.3763,1.3587,1.3412,1.3226,1.304,1.2854,1.2717,1.263,1.2502,1.2356,1.2209,1.2053,1.1896,1.175,1.1623,1.1535,1.1466,1.1408,1.1359,1.1349,1.1349,1.1329,1.129,1.1251,1.1212,1.1163,1.1114,1.1085,1.1095,1.1202,1.1515,1.2004,1.2737,1.3871,1.5396,1.7253,1.9306,2.1427,2.346,2.5269,2.6804,2.8025,2.8964,2.9648,3.0049,3.0244,3.0371,3.042,3.0411,3.0342,3.0225,3.0059,2.9844,2.9599,2.9345,2.9101,2.8847,2.8573,2.827,2.7918,2.7507,2.7019,2.6442,2.5777,2.5015,2.4184,2.3314,2.2444,2.1603,2.0909,2.0342,1.9804,1.9345,1.8983,1.871,1.8495,1.8299,1.8133,1.7977,1.782,1.7664,1.7527,1.7449,1.74,1.7331,1.7224,1.7107,1.697,1.6794,1.6618,1.6442,1.6276,1.6119,1.5963,1.5846,1.5728,1.5582,1.5415,1.5239,1.5064,1.4897,1.4741,1.4594,1.4457,1.4321,1.4184,1.4086,1.3998,1.3891,1.3773,1.3675,1.3578,1.35,1.3431,1.3402,1.347,1.3715,1.4233,1.5093,1.608,1.7273,1.8886,2.0743,2.2678,2.4565,2.6285,2.7752,2.8915,2.9765,3.0352,3.0723,3.088,3.087,3.0811,3.0694,3.0518,3.0313,3.0068,2.9795,2.9472,2.914,2.8798,2.8407,2.7977,2.7546,2.7097,2.6569,2.5963,2.5269,2.4467,2.3578,2.2639,2.1681,2.0723,1.9804,1.8954,1.826,1.7693,1.7136,1.6637,1.6227,1.5885,1.5611,1.5386,1.5181,1.4985,1.4809,1.4633,1.4477,1.433,1.4145,1.3939,1.3724,1.3509,1.3314,1.3128,1.2933,1.2737,1.2542,1.2356,1.217,1.2033,1.1935,1.1818,1.1701,1.1584,1.1457,1.1329,1.1202,1.1065,1.0929,1.0792,1.0684,1.0626,1.0596,1.0557,1.0528,1.0489,1.043,1.0362,1.0323,1.0332,1.045,1.0753,1.1339,1.2268,1.3324,1.4575,1.6237,1.8143,2.0127,2.2043,2.3763,2.523,2.6403,2.7283,2.7918,2.8348,2.8563,2.8631,2.8651,2.8631,2.8563,2.8465,2.8338,2.8172,2.7967,2.7713,2.7439,2.7146,2.6794,2.6422,2.6031,2.5582,2.5064,2.4457,2.3754,2.2972,2.2121,2.1222,2.0293,1.9384,1.8524,1.782,1.7234,1.6667,1.6178,1.5777,1.5455,1.5191,1.4985,1.4809,1.4653,1.4506,1.436,1.4194,1.4066,1.3959,1.3803,1.3607,1.3412,1.3226,1.304,1.2854,1.2669,1.2512,1.2375,1.2239,1.2141,1.2053,1.1945,1.1848,1.175,1.1652,1.1584,1.1525,1.1466,1.1388,1.13,1.1193,1.1095,1.1036,1.1007,1.0958,1.089,1.0802,1.0704,1.0645,1.0674,1.087,1.131,1.2072,1.3206,1.4448,1.5846,1.7625,1.957,2.1525,2.3343,2.4917,2.6207,2.7224,2.7977,2.8485,2.8807,2.8954,2.8954,2.8866,2.8749,2.8612,2.8446,2.824,2.8025,2.781,2.7576,2.7312,2.7009,2.6657,2.6285,2.5885,2.5396,2.4819,2.4174,2.3441,2.2639,2.176,2.0831,1.9912,1.9013,1.8162,1.7419,1.6843,1.6393,1.6002,1.5679,1.5415,1.5191,1.5015,1.4761,1.4457,1.4252,1.4086,1.393,1.3812,1.3705,1.3558,1.3372,1.3196,1.304,1.2893,1.2766,1.2649,1.2542,1.2434,1.2326,1.2229,1.216,1.2102,1.2014,1.1906,1.1789,1.1672,1.1574,1.1486,1.1408,1.1349,1.1281,1.1212,1.1193,1.1173,1.1095,1.1007,1.0929,1.087,1.086,1.0987,1.132,1.1916,1.2835,1.4115,1.5718,1.7273,1.8827,2.0587,2.2356,2.3978,2.5367,2.6471,2.7302,2.7908,2.8319,2.8573,2.87,2.87,2.8612,2.8495,2.8338,2.8133,2.7918,2.7703,2.7488,2.7253,2.6999,2.6706,2.6364,2.5992,2.5591,2.5122,2.4555,2.3891,2.3138,2.2307,2.1417,2.0518,1.9648,1.8837,1.8133,1.7546,1.7126,1.6823,1.6588,1.6403,1.6246,1.61,1.5963,1.5836,1.5718,1.5611,1.5513,1.5425,1.5357,1.5279,1.5161,1.5044,1.4907,1.477,1.4643,1.4516,1.4409,1.4301,1.4174,1.4047,1.392,1.3832,1.3773,1.3675,1.3587,1.35,1.3402,1.3294,1.3177,1.306,1.2962,1.2893,1.2903,1.3011,1.3294,1.3842,1.4682,1.5855,1.7312,1.8974,2.0714,2.2414,2.3969,2.5298,2.6364,2.7165,2.7644,2.7928,2.8143,2.828,2.8319,2.8289,2.8201,2.8065,2.7898,2.7713,2.7507,2.7302,2.7077,2.6823,2.6559,2.6276,2.5924,2.5494,2.5005,2.4428,2.3773,2.305,2.2278,2.1486,2.0714,2.0049,1.9462,1.8895,1.8397,1.7977,1.7634,1.737,1.7165,1.7009,1.6872,1.6745,1.6618,1.651,1.6403,1.6246,1.6061,1.5875,1.5689,1.5503,1.5298,1.5103,1.4897,1.4682,1.4477,1.4272,1.4096,1.3949,1.3763,1.3568,1.3363,1.3157,1.2972,1.2786,1.261,1.2434,1.2248,1.2063,1.1916,1.1789,1.1642,1.1505,1.1369,1.1251,1.1163,1.1095,1.1036,1.0987,1.0938,1.089,1.0821,1.0772,1.0723,1.0635,1.0547,1.0518,1.0606,1.0909,1.1535,1.2542,1.393,1.565,1.7615,1.9413,2.1075,2.2825,2.4457,2.5865,2.6999,2.7869,2.8485,2.8876,2.9091,2.9159,2.913,2.9032,2.8876,2.8661,2.8426,2.8182,2.7937,2.7693,2.7429,2.7126,2.6784,2.6403,2.5963,2.5464,2.4966,2.4438,2.3793,2.305,2.2229,2.1359,2.045,1.955,1.8671,1.7849,1.7116,1.6471,1.5934,1.5533,1.5191,1.4848,1.4555,1.433,1.4154,1.3998,1.3851,1.3705,1.3548,1.3372,1.3167,1.2991,1.2854,1.2708,1.2551,1.2375,1.2219,1.2072,1.1906,1.173,1.1554,1.1388,1.1232,1.1144,1.1105,1.1026,1.0938,1.085,1.0733,1.0606,1.0479,1.0362,1.0264,1.0166,1.0088,1,0.99413,0.99022,0.98436,0.97947,0.97654,0.97654,0.98729,1.0176,1.0753,1.1652,1.2903,1.4477,1.6031,1.7595,1.9374,2.1153,2.2805,2.4223,2.5357,2.6217,2.6833,2.7243,2.8436,2.8407,2.8377,2.8348,2.8309,2.827,2.8231,2.8192,2.8152,2.8113,2.8084,2.8065,2.8035,2.8006,2.7986,2.7957,2.7937,2.7918,2.7908,2.7898,2.7889,2.7879,2.7869,2.7869,2.7889,2.7928,2.8006,2.8143,2.8338,2.8592,2.8895,2.9238,2.9589,2.9932,3.0235,3.0469,3.0645,3.0811,3.0948,3.1056,3.1144,3.1193,3.1222,3.1232,3.1232,3.1222,3.1202,3.1183,3.1153,3.1114,3.1075,3.1036,3.0987,3.0929,3.086,3.0782,3.0684,2.9423,2.7429,2.6061,2.5054,2.4242,2.3441,2.2669,2.1916,2.1232,2.0616,2.0088,1.9648,1.9277,1.8954,1.8671,1.8407,1.8192,1.8016,1.7849,1.7674,1.7498,1.7331,1.7175,1.7009,1.6823,1.6608,1.6393,1.6178,1.6002,1.5855,1.567,1.5474,1.5279,1.5093,1.4907,1.4731,1.4565,1.4409,1.4252,1.4106,1.3969,1.3881,1.3842,1.3783,1.3724,1.3675,1.3617,1.3558,1.35,1.3451,1.3421,1.3421,1.3519,1.3724,1.4076,1.4682,1.5601,1.6862,1.8436,2.0244,2.219,2.4135,2.5943,2.7556,2.8925,3.0029,3.0782,3.129,3.1711,3.2014,3.2199,3.2287,3.2307,3.2297,3.2248,3.218,3.2102,3.2014,3.1877,3.1711,3.1554,3.1388,3.1202,3.0968,3.0684,3.0371,3.0049,2.9717,2.9345,2.8915,2.8387,2.7849,2.7263,2.6579,2.5846,2.5103,2.4379,2.3724,2.3157,2.2639,2.218,2.1769,2.1417,2.1124,2.087,2.0606,2.0352,2.0088,1.9834,1.956,1.9277,1.8983,1.868,1.8377,1.8094,1.7849,1.7634,1.739,1.7126,1.6862,1.6598,1.6334,1.6061,1.5797,1.5552,1.5337,1.5142,1.4966,1.4858,1.479,1.4712,1.4633,1.4545,1.4457,1.4379,1.4291,1.4213,1.4164,1.4184,1.434,1.4614,1.5073,1.5855,1.697,1.8397,2.0078,2.1926,2.3803,2.5572,2.7146,2.8456,2.9501,3.0274,3.0743,3.0997,3.1153,3.1222,3.1222,3.1183,3.1095,3.0987,3.087,3.0723,3.0567,3.0401,3.0205,2.999,2.9765,2.9501,2.9169,2.8768,2.828,2.7693,2.7019,2.6276,2.5494,2.4712,2.3959,2.3324,2.2776,2.2268,2.1838,2.1486,2.1193,2.0938,2.0714,2.0518,2.0352,2.0176,2,1.9844,1.9668,1.9462,1.9247,1.9032,1.8817,1.8583,1.8338,1.8094,1.784,1.7605,1.738,1.7136,1.6931,1.6755,1.6549,1.6344,1.6129,1.5914,1.5689,1.5455,1.5239,1.5034,1.4829,1.4624,1.4477,1.434,1.4154,1.3969,1.3773,1.3568,1.3382,1.3216,1.3109,1.3109,1.3304,1.3754,1.4506,1.5406,1.651,1.7996,1.9756,2.1642,2.3519,2.5279,2.6843,2.8152,2.9228,3.0088,3.0743,3.1134,3.1359,3.1535,3.1652,3.1711,3.172,3.1691,3.1623,3.1525,3.1408,3.129,3.1173,3.1026,3.0831,3.0577,3.0254,2.9228,2.7801,2.6725,2.5777,2.4839,2.3861,2.2864,2.1877,2.0938,2.0137,1.9433,1.8739,1.8084,1.7507,1.7009,1.6559,1.6129,1.5718,1.5318,1.4956,1.4614,1.4301,1.4057,1.3851,1.3636,1.3421,1.3187,1.2933,1.2688,1.2463,1.2239,1.2014,1.1818,1.1613,1.1447,1.131,1.1124,1.0909,1.0694,1.0469,1.0244,1.002,0.98045,0.95894,0.93939,0.9218,0.90518,0.89345,0.88465,0.87097,0.85533,0.83871,0.82307,0.8172,0.82893,0.86608,0.93646,1.0459,1.1906,1.3392,1.4927,1.6706,1.8534,2.0264,2.1799,2.3109,2.4164,2.4976,2.5591,2.6041,2.6325,2.6491,2.653,2.6481,2.6403,2.6295,2.6188,2.609,2.5992,2.5885,2.5738,2.5562,2.5357,2.5093,2.48,2.4448,2.3998,2.346,2.2825,2.2082,2.1271,2.0411,1.956,1.8768,1.8055,1.7429,1.694,1.6569,1.6237,1.5943,1.5699,1.5503,1.5337,1.5191,1.5044,1.4897,1.4731,1.4555,1.4379,1.4233,1.4106,1.3959,1.3803,1.3656,1.3509,1.3353,1.3187,1.2991,1.2786,1.2571,1.2385,1.2268,1.217,1.2023,1.1887,1.176,1.1632,1.1515,1.1388,1.1251,1.1124,1.0978,1.0841,1.0694,1.0577,1.0469,1.0342,1.0215,1.0156,1.0244,1.0587,1.1232,1.2248,1.3636,1.5327,1.7224,1.8944,2.0489,2.2121,2.3656,2.4956,2.5992,2.6745,2.7234,2.7498,2.7586,2.7546,2.7449,2.7331,2.7185,2.7028,2.6901,2.6813,2.6745,2.6676,2.6588,2.6481,2.6325,2.61,2.5787,2.5357,2.4868,2.4311,2.3617,2.2845,2.2053,2.129,2.0616,2.0078,1.9668,1.9404,1.9267,1.9238,1.9267,1.9306,1.9335,1.9355,1.9345,1.9296,1.9228,1.9169,1.915,1.9198,1.9345,1.9609,1.9971,2.0332,2.0714,2.1173,2.1642,2.2102,2.2551,2.2962,2.3324,2.3666,2.3988,2.4301,2.4585,2.4839,2.5005,2.5093,2.5181,2.5249,2.5259,2.522,2.5142,2.5005,2.4858,2.4721,2.4565,2.437,2.4154,2.391,2.3666,2.349,2.348,2.3724,2.4301,2.5308,2.6764,2.868,3.1046,3.3851,3.652,3.827,3.915,3.9589,3.9804,3.9912,3.9971,4,4.001,4.002,4.002,4.002,4.002,4.002,4.002,4.002,4.002,4.002,4.002,4.002,4.002,4.002,4.002,3.7488,3.3636,3.1564,3.0332,2.9482,2.8827,2.8231,2.7654,2.7087,2.653,2.5973,2.5425,2.4878,2.434,2.3812,2.3304,2.2815,2.2307,2.1789,2.1271,2.0743,2.0215,1.9668,1.9101,1.8524,1.7918,1.7283,1.6628,1.6031,1.5464,1.4848,1.4203,1.3558,1.2903,1.2239,1.1564,1.088,1.0215,0.95992,0.90811,0.87097,0.84653,0.82893,0.81818,0.81329,0.81036,0.80841,0.80352,0.79374,0.78006,0.76344,0.74194,0.72434,0.7087,0.69208,0.68133,0.67937,0.69013,0.71554,0.75367,0.80059,0.85337,0.90811,0.9609,1.0088,1.0469,1.0782,1.1056,1.129,1.1476,1.1632,1.175,1.1828,1.1877,1.1906,1.1926,1.1935,1.1945,1.1955,1.1965,1.1984,1.2004,1.2014,1.2023,1.2014,1.1975,1.1906,1.1808,1.1672,1.1505,1.1349,1.1183,1.0978,1.0762,1.0567,1.0381,1.0215,1.0078,0.99609,0.98631,0.97849,0.97165,0.96774,0.96481,0.9609,0.95699,0.95308,0.94917,0.94428,0.93939,0.93451,0.9306,0.92669,0.92278,0.91887,0.91789,0.91789,0.91593,0.913,0.91007,0.90616,0.90225,0.89834,0.89443,0.89052,0.88759,0.88465,0.8827,0.8827,0.88172,0.87977,0.87781,0.87586,0.87488,0.87292,0.87097,0.86901,0.86706,0.86706,0.87097,0.87781,0.89052,0.91202,0.9433,0.98631,1.0381,1.0968,1.1584,1.219,1.2757,1.3265,1.3685,1.3998,1.4233,1.4438,1.4604,1.4741,1.4848,1.4927,1.4976,1.5005,1.5034,1.5054,1.5064,1.5073,1.5064,1.5044,1.5034,1.5015,1.4985,1.4927,1.4848,1.4731,1.4585,1.4409,1.4203,1.3988,1.3783,1.3587,1.3382,1.3187,1.3011,1.2854,1.2717,1.261,1.2522,1.2434,1.2366,1.2297,1.2229,1.217,1.2102,1.2023,1.1935,1.1848,1.175,1.1652,1.1544,1.1437,1.1339,1.1241,1.1153,1.1095,1.1046,1.0978,1.0909,1.0841,1.0782,1.0723,1.0655,1.0596,1.0538,1.0479,1.042,1.0362,1.0323,1.0293,1.0254,1.0215,1.0166,1.0117,1.0068,1.002,0.99804,0.99609,0.99804,1.0068,1.0205,1.042,1.0753,1.1183,1.1701,1.2268,1.2845,1.3402,1.39,1.433,1.4692,1.4985,1.521,1.5357,1.5455,1.5533,1.5601,1.564,1.566,1.567,1.567,1.566,1.565,1.564,1.5621,1.5582,1.5533,1.5474,1.5396,1.5836,1.652,1.6784,1.6813,1.6716,1.654,1.6325,1.608,1.5836,1.5611,1.5415,1.522,1.5044,1.4888,1.4751,1.4633,1.4536,1.4438,1.435,1.4262,1.4194,1.4135,1.4076,1.4018,1.3949,1.3881,1.3812,1.3754,1.3685,1.3617,1.3558,1.349,1.3421,1.3363,1.3314,1.3265,1.3206,1.3157,1.3099,1.304,1.2981,1.2933,1.2884,1.2845,1.2796,1.2757,1.2727,1.2708,1.2678,1.2639,1.26,1.2561,1.2532,1.2512,1.2522,1.259,1.2737,1.2981,1.3265,1.3597,1.4018,1.4487,1.4976,1.5455,1.5894,1.6285,1.6618,1.6891,1.7107,1.7283,1.7419,1.7507,1.7556,1.7595,1.7634,1.7664,1.7683,1.7693,1.7693,1.7693,1.7683,1.7664,1.7625,1.7566,1.7488,1.739,1.7273,1.7126,1.695,1.6745,1.652,1.6276,1.6022,1.5777,1.5533,1.5318,1.5142,1.4995,1.4868,1.4751,1.4653,1.4575,1.4506,1.4448,1.4389,1.433,1.4272,1.4213,1.4164,1.4115,1.4057,1.3988,1.392,1.3851,1.3783,1.3705,1.3636,1.3568,1.35,1.3441,1.3382,1.3333,1.3294,1.3245,1.3196,1.3148,1.3099,1.306,1.3021,1.2972,1.2933,1.2903,1.2874,1.2864,1.2864,1.2854,1.2845,1.2835,1.2835,1.2845,1.2893,1.3011,1.3206,1.35,1.3891,1.435,1.479,1.522,1.5689,1.6158,1.6579,1.695,1.7253,1.7498,1.7683,1.782,1.7928,1.7996,1.8025,1.8025,1.8035,1.8045,1.8045,1.8045,1.8045,1.8045,1.8045,1.8035,1.8006,1.7957,1.7879,1.7781,1.7654,1.7498,1.7312,1.7107,1.6882,1.6637,1.6403,1.6168,1.5953,1.5758,1.5582,1.5455,1.5357,1.5279,1.521,1.5152,1.5093,1.5044,1.4985,1.4917,1.4839,1.4761,1.4682,1.4604,1.4536,1.4477,1.4409,1.433,1.4252,1.4174,1.4096,1.4018,1.3939,1.3871,1.3803,1.3744,1.3695,1.3646,1.3597,1.3539,1.348,1.3431,1.3372,1.3324,1.3275,1.3216,1.3167,1.3118,1.3069,1.303,1.3001,1.2972,1.2952,1.2962,1.3021,1.3157,1.3392,1.3724,1.4135,1.4614,1.5122,1.5562,1.5953,1.6354,1.6725,1.7048,1.7312,1.7517,1.7674,1.7791,1.7889,1.7957,1.7996,1.8016,1.8016,1.8006,1.7996,1.7986,1.7986,1.7977,1.7967,1.7937,1.7889,1.782,2.0401,2.4164,2.5767,2.6246,2.6061,2.5484,2.4712,2.3851,2.2962,2.2092,2.1281,2.0547,1.9912,1.9355,1.8915,1.8573,1.825,1.7957,1.7664,1.7361,1.7058,1.6676,1.6344,1.6109,1.5836,1.5543,1.5259,1.5034,1.4839,1.4614,1.437,1.4115,1.3871,1.3646,1.3421,1.3206,1.2981,1.2766,1.2571,1.2444,1.2336,1.2199,1.2053,1.1906,1.176,1.1603,1.1447,1.131,1.1163,1.1007,1.0831,1.0655,1.0538,1.0489,1.0499,1.0674,1.1085,1.1808,1.2884,1.4291,1.5982,1.784,1.9746,2.1574,2.305,2.4252,2.5406,2.6413,2.7253,2.7928,2.8446,2.8837,2.912,2.9316,2.9453,2.9541,2.958,2.9541,2.9472,2.9394,2.9296,2.9179,2.9022,2.8847,2.8612,2.8309,2.7937,2.7478,2.6921,2.6334,2.5689,2.4927,2.4106,2.3265,2.2444,2.1672,2.0978,2.0381,1.9883,1.9472,1.914,1.8856,1.8622,1.8426,1.8221,1.8006,1.7791,1.7566,1.7341,1.7116,1.6891,1.6667,1.6442,1.6227,1.607,1.5934,1.5767,1.5591,1.5406,1.521,1.5005,1.4809,1.4633,1.4467,1.4291,1.4115,1.3949,1.3832,1.3724,1.3597,1.348,1.3353,1.3206,1.304,1.2864,1.2688,1.2532,1.2424,1.2385,1.2454,1.2659,1.3099,1.3861,1.4966,1.6403,1.8583,2.0665,2.2151,2.3734,2.5494,2.695,2.7859,2.8543,2.9062,2.957,3.001,3.043,3.0762,3.0958,3.1114,3.1251,3.1349,3.1398,3.1398,3.1271,3.1095,3.0938,3.0704,3.0381,2.9971,2.9482,2.8925,2.8289,2.7576,2.6794,2.5943,2.4917,2.4037,2.3382,2.2639,2.1896,2.1232,2.0665,2.0186,1.9697,1.9306,1.9032,1.8739,1.8387,1.8074,1.782,1.7488,1.7048,1.6637,1.6344,1.6031,1.5728,1.5425,1.5112,1.48,1.4467,1.4106,1.3803,1.3529,1.3079,1.2649,1.2326,1.1975,1.1574,1.1241,1.1036,1.087,1.0733,1.0645,1.0616,1.0616,1.0596,1.0577,1.0547,1.0489,1.0381,1.0283,1.0215,1.0176,1.0303,1.0508,1.0733,1.1222,1.2551,1.4057,1.5337,1.7087,1.912,2.1232,2.3284,2.5171,2.7077,2.8602,2.956,3.0264,3.0831,3.13,3.1574,3.1769,3.1848,3.1848,3.1818,3.175,3.1593,3.1427,3.1281,3.1075,3.0821,3.0528,3.0186,2.9795,2.8749,2.7498,2.6706,2.5934,2.4917,2.3969,2.3275,2.2493,2.176,2.1075,2.0381,1.9736,1.9062,1.8504,1.8143,1.7801,1.7419,1.7009,1.6735,1.653,1.6256,1.5924,1.5679,1.5464,1.5093,1.4643,1.433,1.4106,1.3793,1.3509,1.3314,1.3069,1.2835,1.2649,1.2444,1.2287,1.2082,1.1789,1.1525,1.1329,1.1114,1.0831,1.0567,1.0303,1.0108,0.99413,0.97849,0.95894,0.93255,0.91105,0.89247,0.87781,0.87097,0.87488,0.89541,0.94037,1.0147,1.1017,1.2092,1.3519,1.5161,1.6911,1.8641,2.0254,2.1691,2.2933,2.3969,2.4829,2.5513,2.5973,2.6285,2.6579,2.6833,2.7028,2.7175,2.7302,2.74,2.7468,2.7517,2.7556,2.7556,2.7507,2.74,2.7224,2.6979,2.6647,2.6227,2.5718,2.5152,2.4545,2.391,2.3265,2.2639,2.2043,2.1535,2.1075,2.0616,2.0186,1.9775,1.9404,1.9052,1.871,1.8368,1.8016,1.7644,1.7243,1.6843,1.65,1.6197,1.5855,1.5494,1.5122,1.4751,1.437,1.3969,1.3578,1.3206,1.2864,1.2551,1.2317,1.2121,1.1887,1.1632,1.1378,1.1134,1.0919,1.0733,1.0547,1.0391,1.0264,1.0156,1.0068,1.0029,1.002,0.99804,0.99218,0.98729,0.98534,0.9912,1.0108,1.0489,1.1105,1.2014,1.3226,1.4467,1.5767,1.7292,1.8886,2.042,2.1799,2.2962,2.3871,2.4545,2.5005,2.5279,2.5415,2.5445,2.5386,2.5259,2.5122,2.4976,2.48,2.4614,2.4418,2.4213,2.4018,2.3832,2.3636,2.3421,2.3206,2.2972,2.2678,2.2307,2.1808,2.1193,2.0469,1.9668,1.8807,1.7908,1.7028,1.6197,1.5445,1.4848,1.4379,1.393,1.3509,1.3138,1.2815,1.2542,1.2307,1.2111,1.1926,1.175,1.1574,1.1447,1.1339,1.1193,1.1036,1.087,1.0704,1.0538,1.0371,1.0205,1.0059,0.9912,0.97752,0.96872,0.96285,0.95308,0.94135,0.93157,0.92571,0.92766,0.93939,0.96285,0.99707,1.0401,1.087,1.132,1.1701,1.1984,1.218,1.2287,1.2346,1.2444,1.2669,1.3109,1.3851,1.4927,1.6315,1.7947,1.9482,2.0948,2.2542,2.4066,2.5406,2.6481,2.7292,2.784,2.8152,2.826,2.8231,2.8104,2.7908,2.7654,2.738,2.7087,2.6764,2.6432,2.608,2.5689,2.5269,2.4809,2.4321,2.3812,2.3646,2.3695,2.346,2.3001,2.2414,2.175,2.1046,2.0332,1.9648,1.8993,1.8407,1.7918,1.7546,1.7292,1.7146,1.7107,1.7146,1.7234,1.7351,1.7478,1.7586,1.7674,1.7752,1.7801,1.781,1.7781,1.7722,1.7615,1.741,1.7097,1.6696,1.6207,1.566,1.5083,1.4516,1.3988,1.349,1.303,1.261,1.2297,1.2063,1.1789,1.1505,1.1222,1.0958,1.0733,1.0547,1.0411,1.0293,1.0205,1.0127,1.0088,1.0088,1.0098,1.0196,1.045,1.0948,1.176,1.2923,1.4399,1.6139,1.8035,1.9951,2.1779,2.3255,2.4457,2.5611,2.6628,2.7468,2.8143,2.8661,2.9042,2.9316,2.9482,2.958,2.9619,2.9589,2.9501,2.9384,2.9247,2.9071,2.8866,2.8622,2.8338,2.8006,2.7595,2.7107,2.653,2.5855,2.5191,2.4516,2.3715,2.2874,2.2033,2.1232,2.0489,1.9853,1.9326,1.8886,1.8524,1.8231,1.8016,1.784,1.7634,1.739,1.7146,1.6882,1.6598,1.6295,1.6002,1.5718,1.5435,1.5152,1.4878,1.4673,1.4506,1.4291,1.4037,1.3763,1.349,1.3216,1.2952,1.2727,1.2551,1.2414,1.2326,1.2297,1.2297,1.2268,1.2219,1.2111,1.1935,1.1711,1.1447,1.1144,1.0831,1.0518,1.0215,0.99804,0.98827,0.99316,1.0166,1.0655,1.1447,1.2561,1.3978,1.5601,1.7331,1.9062,2.0684,2.2141,2.3265,2.4125,2.4907,2.5552,2.607,2.6452,2.6735,2.6931,2.7067,2.7155,2.7214,2.7273,2.7292,2.7283,2.7273,2.7243,2.7185,2.7058,2.6843,2.654,2.6129,2.5601,2.4966,2.4242,2.3441,2.2678,2.1926,2.1075,2.0205,1.9355,1.8573,1.7879,1.7283,1.6774,1.6354,1.5992,1.5679,1.5455,1.5288,1.5093,1.4878,1.4663,1.4448,1.4233,1.4008,1.3783,1.3568,1.3353,1.3148,1.2942,1.2776,1.263,1.2434,1.2199,1.1926,1.1652,1.1417,1.1193,1.0987,1.0811,1.0665,1.0577,1.0567,1.0616,1.0684,1.0782,1.089,1.0978,1.1036,1.1026,1.0948,1.0802,1.0655,1.0567,1.0616,1.0841,1.129,1.2053,1.3157,1.4555,1.6168,1.7879,1.9609,2.1251,2.2727,2.4018,2.5112,2.5904,2.6491,2.7038,2.7498,2.7859,2.8133,2.8338,2.8475,2.8543,2.8573,2.8573,2.8534,2.8465,2.8338,2.8182,2.8016,2.781,2.7546,2.7302,2.7019,2.6588,2.6022,2.5337,2.4565,2.3734,2.2991,2.2307,2.1584,2.088,2.0254,1.9697,1.9218,1.8807,1.8456,1.8152,1.7898,1.7664,1.7458,1.7302,1.7175,1.7019,1.6852,1.6686,1.651,1.6325,1.6139,1.5943,1.5748,1.5562,1.5386,1.5249,1.5142,1.5015,1.4868,1.4712,1.4545,1.4379,1.4203,1.4037,1.3881,1.3724,1.3578,1.3431,1.3333,1.3275,1.3206,1.3128,1.303,1.2933,1.2864,1.2835,1.2884,1.3089,1.3519,1.4242,1.5112,1.6207,1.7713,1.9501,2.1457,2.3431,2.5298,2.696,2.8377,2.9521,3.0411,3.1075,3.1544,3.1808,3.1926,3.2014,3.2063,3.2053,3.1994,3.1906,3.1779,3.1632,3.1457,3.1271,3.1065,3.0821,3.0528,3.0186,2.9775,2.9257,2.8631,2.7918,2.7087,2.6168,2.522,2.4282,2.3392,2.26,2.1965,2.1457,2.0987,2.0577,2.0205,1.9873,1.957,1.9277,1.8974,1.8661,1.8338,1.8006,1.7722,1.7468,1.7185,1.6891,1.6588,1.6266,1.5943,1.5621,1.5298,1.4985,1.4692,1.4409,1.4154,1.3978,1.3842,1.3666,1.348,1.3275,1.3089,1.2923,1.2757,1.261,1.2463,1.2326,1.2209,1.2141,1.2102,1.2033,1.1935,1.1828,1.175,1.173,1.1828,1.2121,1.2717,1.3656,1.4946,1.6325,1.7801,1.9599,2.1535,2.3412,2.5132,2.6618,2.7859,2.8837,2.9589,3.0147,3.0538,3.0792,3.0909,3.0929,3.0919,3.088,3.0811,3.0704,3.0587,3.045,3.0283,3.0098,2.9892,2.9648,2.9374,2.9052,2.8661,2.8182,2.7605,2.6911,2.6109,2.522,2.4272,2.3304,2.2366,2.1486,2.0684,2.0039,1.9521,1.9022,1.8573,1.8182,1.781,1.7478,1.7175,1.6862,1.6549,1.6246,1.5963,1.5728,1.5523,1.5259,1.4976,1.4682,1.4399,1.4115,1.3851,1.3617,1.3402,1.3187,1.2991,1.2805,1.2678,1.2581,1.2444,1.2297,1.2141,1.1984,1.1848,1.173,1.1623,1.1535,1.1447,1.1329,1.1251,1.1202,1.1105,1.1007,1.0948,1.0997,1.1241,1.1779,1.2669,1.393,1.5533,1.738,1.9345,2.1065,2.2571,2.4096,2.5474,2.6628,2.7566,2.8309,2.8856,2.9257,2.955,2.9756,2.9883,2.9902,2.9863,2.9824,2.9775,2.9717,2.9648,2.956,2.9453,2.9286,2.9091,2.8837,2.8485,2.7566,2.6383,2.5503,2.4663,2.3812,2.2942,2.2053,2.1173,2.0323,1.9531,1.8817,1.8192,1.7664,1.7263,1.695,1.6637,1.6325,1.6022,1.5738,1.5474,1.523,1.5005,1.479,1.4565,1.4321,1.4076,1.3881,1.3695,1.346,1.3216,1.2991,1.2786,1.2581,1.2385,1.219,1.2014,1.1857,1.172,1.1642,1.1584,1.1496,1.1388,1.1281,1.1173,1.1065,1.0978,1.0899,1.0821,1.0753,1.0684,1.0626,1.0626,1.0684,1.0811,1.1124,1.1701,1.26,1.3832,1.5376,1.7155,1.9052,2.0938,2.2717,2.4125,2.5259,2.6344,2.7253,2.7977,2.8524,2.8925,2.9198,2.9365,2.9453,2.9482,2.9472,2.9423,2.9316,2.9179,2.9042,2.8895,2.871,2.8495,2.824,2.7937,2.7576,2.7146,2.6628,2.6012,2.5376,2.4712,2.3959,2.3167,2.2385,2.1642,2.0968,2.0391,1.9902,1.9501,1.9169,1.8895,1.8661,1.8465,1.828,1.8074,1.7859,1.7634,1.741,1.7195,1.6979,1.6745,1.65,1.6256,1.6002,1.5777,1.5572,1.5337,1.5112,1.4897,1.4702,1.4506,1.4301,1.4086,1.3891,1.3705,1.3519,1.3363,1.3236,1.3089,1.2933,1.2786,1.2649,1.2512,1.2366,1.219,1.2023,1.1887,1.1789,1.1789,1.1916,1.2219,1.2805,1.3715,1.4946,1.6471,1.8192,1.998,2.173,2.3343,2.4751,2.5924,2.6755,2.7331,2.783,2.8231,2.8514,2.871,2.8827,2.8886,2.8895,2.8866,2.8817,2.8759,2.869,2.8573,2.8416,2.8231,2.8006,2.7732,2.74,2.6989,2.6491,2.5894,2.521,2.4438,2.3578,2.2776,2.2004,2.1163,2.0313,1.9501,1.8768,1.8133,1.7586,1.7126,1.6735,1.6393,1.61,1.5846,1.564,1.5455,1.522,1.4966,1.4682,1.4379,1.4076,1.3773,1.349,1.3245,1.3021,1.2796,1.262,1.2483,1.2307,1.2111,1.1926,1.174,1.1544,1.1369,1.1202,1.1046,1.0899,1.0762,1.0635,1.0577,1.0547,1.0489,1.0411,1.0303,1.0186,1.0059,0.99511,0.98827,0.99218,1.0166,1.0684,1.1369,1.2268,1.3568,1.5191,1.7009,1.8905,2.0743,2.2414,2.3871,2.5083,2.6061,2.6813,2.738,2.7722,2.7928,2.8104,2.8221,2.8289,2.8299,2.828,2.8231,2.8152,2.8065,2.7957,2.781,2.7625,2.74,2.7146,2.6833,2.6432,2.5943,2.5445,2.4897,2.4184,2.3372,2.2502,2.1613,2.0743,2.001,1.9374,1.8739,1.8152,1.7644,1.7195,1.6794,1.6442,1.6119,1.5806,1.5513,1.523,1.5005,1.4809,1.4585,1.435,1.4115,1.3881,1.3646,1.3421,1.3206,1.2981,1.2757,1.2532,1.2326,1.2199,1.2102,1.1975,1.1857,1.175,1.1642,1.1535,1.1417,1.13,1.1193,1.1085,1.0987,1.0938,1.0899,1.0811,1.0694,1.0547,1.0401,1.0303,1.0313,1.0508,1.0987,1.1808,1.2981,1.4497,1.6012,1.7546,1.9326,2.1144,2.2845,2.434,2.5591,2.6588,2.7361,2.7947,2.8397,2.871,2.8876,2.8944,2.9003,2.9042,2.9052,2.9022,2.8974,2.8895,2.8798,2.8671,2.8524,2.8348,2.8113,2.7801,2.74,2.6891,2.6295,2.5601,2.4809,2.3949,2.3069,2.2219,2.1427,2.0704,2.0078,1.9599,1.9218,1.8866,1.8563,1.8309,1.8084,1.7889,1.7693,1.7498,1.7292,1.7097,1.6901,1.6735,1.6588,1.6403,1.6197,1.5982,1.5758,1.5523,1.5298,1.5093,1.4897,1.4712,1.4516,1.434,1.4213,1.4115,1.3978,1.3842,1.3695,1.3548,1.3402,1.3265,1.3167,1.3089,1.3011,1.2942,1.2903,1.2884,1.2845,1.2796,1.2786,1.2864,1.3118,1.3627,1.4457,1.564,1.7136,1.8866,2.0723,2.2346,2.3773,2.5239,2.6579,2.7713,2.8612,2.9286,2.9775,3.0117,3.0323,3.043,3.0479,3.044,3.0362,3.0274,3.0186,3.0068,2.9912,2.9726,2.9501,2.9247,2.8944,2.8583,2.8152,2.7625,2.7058,2.6452,2.5718,2.4897,2.4037,2.3187,2.2366,2.1603,2.0929,2.0342,1.9834,1.9404,1.9062,1.8768,1.8456,1.8133,1.7781,1.7439,1.7087,1.6716,1.6354,1.5992,1.564,1.5327,1.5034,1.4809,1.4604,1.436,1.4106,1.3832,1.3548,1.3284,1.303,1.2776,1.2522,1.2287,1.2092,1.1965,1.1867,1.173,1.1593,1.1466,1.1359,1.1251,1.1153,1.1075,1.0997,1.0919,1.0821,1.0694,1.0596,1.0538,1.0508,1.0606,1.0929,1.1544,1.2502,1.3803,1.5396,1.7195,1.9052,2.085,2.2307,2.349,2.4604,2.5572,2.6344,2.696,2.7429,2.7771,2.7996,2.8133,2.8192,2.8192,2.8143,2.8035,2.7908,2.7801,2.7693,2.7595,2.7498,2.74,2.7273,2.7087,2.6813,2.6452,2.5982,2.5357,2.4614,2.3832,2.2991,2.2121,2.1241,2.0371,1.957,1.8856,1.8231,1.7683,1.7204,1.6794,1.6481,1.6217,1.5943,1.5689,1.5445,1.522,1.5005,1.479,1.4565,1.433,1.4076,1.3822,1.3617,1.3421,1.3196,1.2972,1.2737,1.2493,1.2258,1.2023,1.1818,1.1632,1.1457,1.129,1.1124,1.1007,1.0929,1.0821,1.0704,1.0596,1.0508,1.043,1.0362,1.0283,1.0205,1.0137,1.0088,1.0127,1.0274,1.0577,1.1105,1.1935,1.3099,1.4555,1.6237,1.8025,1.9814,2.1496,2.2991,2.4135,2.4995,2.5777,2.6422,2.6931,2.7302,2.7566,2.7752,2.7859,2.7898,2.7889,2.784,2.7761,2.7644,2.7488,2.7331,2.7165,2.6989,2.6774,2.65,2.6158,2.5728,2.52,2.4575,2.3871,2.3187,2.2502,2.172,2.0909,2.0108,1.9326,1.8622,1.8006,1.7478,1.7028,1.6637,1.6315,1.6031,1.5826,1.565,1.5445,1.522,1.4976,1.4721,1.4467,1.4223,1.3988,1.3754,1.3519,1.3294,1.3118,1.2972,1.2786,1.259,1.2395,1.2199,1.2023,1.1877,1.175,1.1623,1.1505,1.1378,1.1232,1.1124,1.1036,1.0919,1.0802,1.0674,1.0547,1.042,1.0293,1.0176,1.0078,1.0049,1.0137,1.0371,1.0802,1.1525,1.2581,1.3949,1.5582,1.738,1.9208,2.0978,2.26,2.4027,2.522,2.6178,2.6833,2.7283,2.7683,2.7996,2.8221,2.8387,2.8485,2.8534,2.8543,2.8514,2.8456,2.8368,2.824,2.8084,2.7937,2.7781,2.7605,2.738,2.7077,2.6686,2.6188,2.5591,2.4917,2.4164,2.3353,2.263,2.1965,2.1271,2.0616,2.0039,1.956,1.9169,1.8866,1.8612,1.8387,1.8192,1.8006,1.784,1.7674,1.7478,1.7263,1.7058,1.6852,1.6657,1.6461,1.6246,1.6022,1.5787,1.5562,1.5337,1.5152,1.4995,1.4819,1.4633,1.4438,1.4252,1.4086,1.393,1.3773,1.3617,1.3451,1.3294,1.3177,1.3069,1.2952,1.2854,1.2776,1.2688,1.259,1.2512,1.2463,1.2493,1.2669,1.3079,1.3773,1.4614,1.565,1.7048,1.869,2.042,2.2121,2.3705,2.5093,2.6256,2.7195,2.7908,2.8436,2.8749,2.8925,2.9062,2.915,2.9198,2.9208,2.9179,2.912,2.9032,2.8915,2.8778,2.8602,2.8368,2.8084,2.7761,2.739,2.696,2.6442,2.5836,2.5298,2.4741,2.4027,2.3236,2.2414,2.1603,2.0909,2.0293,1.9677,1.9101,1.8592,1.8152,1.7771,1.7439,1.7146,1.6872,1.6598,1.6334,1.6129,1.5953,1.5748,1.5513,1.5279,1.5034,1.477,1.4506,1.4252,1.3998,1.3734,1.347,1.3196,1.3001,1.2835,1.262,1.2395,1.218,1.1965,1.1769,1.1574,1.1378,1.1193,1.1036,1.089,1.0802,1.0743,1.0645,1.0538,1.042,1.0293,1.0186,1.0117,1.0166,1.0401,1.089,1.1701,1.2864,1.4125,1.5513,1.7204,1.9013,2.0811,2.2483,2.3939,2.5122,2.607,2.6794,2.7331,2.7703,2.7908,2.7996,2.8055,2.8084,2.8074,2.8025,2.7947,2.7859,2.7771,2.7664,2.7546,2.74,2.7214,2.697,2.6686,2.6334,2.5894,2.5367,2.4731,2.3988,2.3177,2.2317,2.1447,2.0596,1.9795,1.914,1.8612,1.8113,1.7674,1.7292,1.696,1.6667,1.6393,1.6139,1.5894,1.565,1.5415,1.5191,1.5015,1.4848,1.4643,1.4418,1.4194,1.3959,1.3724,1.349,1.3255,1.303,1.2796,1.2561,1.2385,1.2239,1.2063,1.1877,1.1691,1.1515,1.1349,1.1212,1.1124,1.1056,1.1026,1.1026,1.1026,1.1046,1.1075,1.1056,1.1017,1.0978,1.0958,1.1017,1.1241,1.174,1.2581,1.3783,1.5318,1.6843,1.8377,2.0147,2.1935,2.3597,2.5034,2.6207,2.7107,2.7761,2.8201,2.8456,2.8583,2.8631,2.8602,2.8534,2.8475,2.8426,2.8387,2.8348,2.8319,2.827,2.8211,2.8113,2.7957,2.7722,2.7429,2.7058,2.6549,2.5904,2.5112,2.4203,2.3196,2.2141,2.1075,2.0049,1.913,1.8338,1.7683,1.7224,1.6901,1.6647,1.6471,1.6354,1.6285,1.6237,1.6178,1.607,1.5904,1.5679,1.5396,1.5122,1.4839,1.4467,1.4057,1.3646,1.3255,1.2903,1.259,1.2336,1.2141,1.1994,1.1896,1.1838,1.1818,1.1818,1.1779,1.1711,1.1623,1.1525,1.1417,1.13,1.1183,1.1085,1.0997,1.0919,1.089,1.087,1.0811,1.0753,1.0753,1.088,1.1212,1.1848,1.2815,1.4135,1.5748,1.7566,1.9462,2.1114,2.2532,2.3939,2.52,2.6256,2.7087,2.7713,2.8152,2.8465,2.8661,2.8768,2.8807,2.8778,2.871,2.8651,2.8583,2.8504,2.8407,2.8289,2.8143,2.7947,2.7703,2.739,2.6989,2.654,2.6266,2.5982,2.5406,2.4633,2.3744,2.2796,2.1857,2.0958,2.0127,1.9374,1.8729,1.8182,1.7771,1.7449,1.7136,1.6852,1.6579,1.6325,1.607,1.5816,1.5562,1.5318,1.5093,1.4878,1.4702,1.4555,1.4379,1.4203,1.4027,1.3851,1.3675,1.349,1.3324,1.3167,1.3011,1.2845,1.2678,1.2561,1.2444,1.2287,1.2131,1.1984,1.1857,1.174,1.1642,1.1564,1.1505,1.1457,1.1417,1.1408,1.1398,1.1369,1.1369,1.1476,1.1799,1.2434,1.3441,1.4839,1.6588,1.8573,2.0655,2.2688,2.436,2.5738,2.7048,2.8162,2.9062,2.9726,3.0205,3.0528,3.0723,3.0821,3.085,3.0821,3.0743,3.0616,3.0489,3.0362,3.0205,3.002,2.9804,2.9531,2.9198,2.8788,2.8289,2.7683,2.6979,2.6285,2.5562,2.4712,2.3793,2.2874,2.1994,2.1173,2.045,1.9844,1.9335,1.8925,1.8583,1.8319,1.8104,1.7879,1.7644,1.738,1.7107,1.6833,1.6559,1.6256,1.5943,1.564,1.5337,1.5034,1.479,1.4585,1.436,1.4125,1.3881,1.3636,1.3392,1.3167,1.2933,1.2688,1.2454,1.2219,1.2053,1.1935,1.1779,1.1613,1.1447,1.1271,1.1114,1.0968,1.0841,1.0723,1.0596,1.0459,1.0332,1.0264,1.0274,1.0411,1.0772,1.1437,1.2454,1.3842,1.5533,1.7419,1.9394,2.132,2.3079,2.4438,2.5503,2.6481,2.7292,2.7918,2.8368,2.8661,2.8837,2.8915,2.8915,2.8866,2.8778,2.8661,2.8514,2.8348,2.8201,2.8035,2.784,2.7595,2.7302,2.695,2.652,2.6002,2.5376,2.4643,2.392,2.3187,2.2326,2.1408,2.0469,1.957,1.8749,1.8016,1.738,1.6852,1.6422,1.6051,1.5748,1.5533,1.5357,1.5161,1.4966,1.4761,1.4545,1.4321,1.4086,1.3842,1.3597,1.3333,1.306,1.2845,1.2659,1.2444,1.2239,1.2043,1.1857,1.1672,1.1496,1.132,1.1163,1.1017,1.087,1.0723,1.0635,1.0596,1.0528,1.045,1.0362,1.0254,1.0127,1,0.98827,0.97752,0.96872,0.96481,0.97067,0.99218,1.0342,1.1056,1.2141,1.3568,1.5269,1.7165,1.914,2.1065,2.2835,2.437,2.5503,2.6325,2.7038,2.7586,2.8006,2.8309,2.8504,2.8612,2.8661,2.8671,2.8641,2.8592,2.8524,2.8416,2.827,2.8113,2.7928,2.7703,2.7429,2.7087,2.652,2.5806,2.5112,2.4379,2.3587,2.2854,2.2131,2.13,2.0459,1.9668,1.8944,1.8309,1.7761,1.7302,1.6921,1.6608,1.6334,1.609,1.5894,1.5728,1.5552,1.5357,1.5152,1.4936,1.4721,1.4506,1.4291,1.4086,1.3871,1.3646,1.349,1.3353,1.3187,1.3001,1.2815,1.263,1.2444,1.2268,1.2111,1.1965,1.1828,1.1711,1.1603,1.1544,1.1505,1.1437,1.1349,1.1261,1.1153,1.1036,1.0909,1.0772,1.0655,1.0587,1.0635,1.0811,1.1183,1.1857,1.2864,1.4203,1.5806,1.7586,1.9423,2.1202,2.2825,2.4233,2.5386,2.6305,2.694,2.737,2.7732,2.8016,2.8211,2.8328,2.8397,2.8426,2.8416,2.8377,2.8319,2.824,2.8133,2.8006,2.7879,2.7722,2.7517,2.7253,2.6911,2.6491,2.5992,2.5406,2.4731,2.4008,2.3245,2.2571,2.1965,2.1349,2.0772,2.0274,1.9853,1.9511,1.9228,1.8983,1.8778,1.8592,1.8416,1.827,1.8133,1.7986,1.783,1.7664,1.7488,1.7302,1.7107,1.6911,1.6716,1.653,1.6325,1.6109,1.5934,1.5806,1.5709,1.5699,1.5846,1.6197,1.6745,1.7488,1.8397,1.9394,2.0411,2.1378,2.2121,2.2698,2.3187,2.3529,2.3724,2.3763,2.3675,2.348,2.3177,2.2766,2.2258,2.1672,2.1017,2.0411,1.9834,1.9198,1.8573,1.8006,1.7517,1.7126,1.6843,1.6676,1.6598,1.6569,1.6588,1.6637,1.6686,1.6716,1.6725,1.6706,1.6647,1.6569,1.6461,1.6325,1.6178,1.6002,1.5797,1.5591,1.5435,1.5298,1.5132,1.4946,1.4761,1.4575,1.4389,1.4203,1.4018,1.3832,1.3656,1.349,1.3382,1.3304,1.3187,1.306,1.2923,1.2786,1.2639,1.2493,1.2356,1.2219,1.2092,1.1984,1.1916,1.1877,1.1808,1.172,1.1623,1.1525,1.1437,1.1359,1.13,1.1271,1.1261,1.1241,1.1222,1.1222,1.1241,1.1222,1.1202,1.1173,1.1144,1.1134,1.1124,1.1124,1.1124,1.1134,1.1144,1.1193,1.1261,1.131,1.1349,1.1408,1.1466,1.1515,1.1554,1.1623,1.175,1.2023,1.2551,1.3412,1.4428,1.5689,1.7429,1.9501,2.176,2.4037,2.6188,2.8123,2.9795,3.1173,3.2268,3.3099,3.3597,3.3881,3.4106,3.4252,3.4321,3.4321,3.4272,3.4194,3.4086,3.3949,3.3763,3.3519,3.3245,3.2923,3.1554,2.9638,2.8436,2.7556,2.6784,2.6041,2.5288,2.4516,2.3715,2.2903,2.2121,2.1437,2.0841,2.0244,1.9697,1.9208,1.8788,1.8446,1.8143,1.7869,1.7625,1.738,1.7136,1.6901,1.6696,1.651,1.6305,1.609,1.5865,1.564,1.5406,1.5152,1.4907,1.4673,1.4448,1.4223,1.4037,1.3881,1.3705,1.3529,1.3363,1.3196,1.304,1.2893,1.2747,1.261,1.2483,1.2346,1.2219,1.2131,1.2063,1.1975,1.1877,1.1769,1.1662,1.1544,1.1417,1.129,1.1193,1.1153,1.1232,1.1437,1.1799,1.2424,1.3333,1.4516,1.5885,1.7361,1.8837,2.0235,2.1486,2.2551,2.3431,2.4125,2.4594,2.4907,2.5161,2.5337,2.5425,2.5435,2.5396,2.5308,2.5171,2.5005,2.4829,2.4653,2.4457,2.4242,2.4018,2.3773,2.35,2.3167,2.2766,2.2287,2.175,2.1144,2.0489,1.9804,1.912,1.8534,1.8016,1.7498,1.7019,1.6588,1.6227,1.5924,1.567,1.5464,1.5269,1.5083,1.4897,1.4741,1.4594,1.4428,1.4252,1.4066,1.3861,1.3646,1.3431,1.3226,1.303,1.2835,1.2639,1.2473,1.2366,1.2278,1.218,1.2072,1.1955,1.1838,1.172,1.1613,1.1515,1.1437,1.1369,1.131,1.1281,1.1281,1.1261,1.1222,1.1163,1.1095,1.1017,1.0948,1.0899,1.0938,1.1114,1.1505,1.217,1.2952,1.392,1.521,1.6716,1.8328,1.9922,2.1417,2.2757,2.3891,2.4809,2.5533,2.607,2.6403,2.6588,2.6725,2.6813,2.6833,2.6804,2.6735,2.6637,2.652,2.6403,2.6266,2.6109,2.5924,2.5709,2.5474,2.52,2.4878,2.4477,2.3998,2.346,2.2874,2.2248,2.1613,2.0987,2.0401,1.9912,1.9492,1.9091,1.8749,1.8456,1.8211,1.7996,1.781,1.7634,1.7468,1.7292,1.7126,1.6979,1.6852,1.6725,1.6588,1.6442,1.6276,1.61,1.5934,1.5758,1.5582,1.5396,1.521,1.5034,1.4888,1.4761,1.4604,1.4438,1.4272,1.4106,1.3939,1.3773,1.3627,1.348,1.3353,1.3245,1.3177,1.3128,1.306,1.2991,1.2923,1.2845,1.2776,1.2737,1.2757,1.2893,1.3216,1.3773,1.4604,1.5513,1.654,1.7869,1.9335,2.0811,2.2209,2.3451,2.4497,2.5337,2.5992,2.6491,2.6852,2.7048,2.7146,2.7204,2.7224,2.7195,2.7126,2.7019,2.6882,2.7155,2.7615,2.7703,2.7586,2.7341,2.7028,2.6657,2.6197,2.564,2.5015,2.4291,2.347,2.2581,2.1662,2.0743,1.9863,1.9052,1.8407,1.7869,1.7361,1.6921,1.654,1.6207,1.5914,1.5621,1.5318,1.5015,1.4721,1.4418,1.4125,1.39,1.3705,1.35,1.3275,1.304,1.2805,1.2581,1.2346,1.2111,1.1867,1.1623,1.1388,1.1222,1.1085,1.0929,1.0772,1.0596,1.0411,1.0235,1.0059,0.99022,0.97556,0.96188,0.95015,0.94037,0.93646,0.93353,0.92571,0.91496,0.9042,0.89443,0.88954,0.89736,0.92473,0.97849,1.0645,1.1848,1.3128,1.4516,1.6217,1.8025,1.9795,2.1417,2.2835,2.4008,2.4936,2.564,2.6149,2.65,2.6725,2.6813,2.6813,2.6784,2.6716,2.6628,2.651,2.6364,2.6217,2.608,2.5934,2.5767,2.5543,2.5279,2.4966,2.4575,2.4106,2.3529,2.2854,2.2102,2.129,2.044,1.9589,1.8768,1.8006,1.7322,1.6774,1.6334,1.5914,1.5543,1.523,1.4956,1.4712,1.4487,1.4272,1.4057,1.3851,1.3636,1.3451,1.3294,1.3099,1.2884,1.2669,1.2444,1.2219,1.1994,1.1789,1.1593,1.1417,1.1232,1.1105,1.1007,1.089,1.0772,1.0655,1.0528,1.0401,1.0264,1.0147,1.0029,0.99218,0.9824,0.97263,0.96676,0.96188,0.95308,0.9433,0.93451,0.92962,0.93548,0.95894,1.0088,1.0899,1.2043,1.35,1.4956,1.6422,1.8104,1.9795,2.1378,2.2786,2.3969,2.4927,2.566,2.6227,2.6637,2.6911,2.7067,2.7107,2.7077,2.7028,2.695,2.6852,2.6735,2.6588,2.6442,2.6276,2.608,2.5836,2.5533,2.5191,2.48,2.4311,2.3734,2.306,2.2297,2.1466,2.0616,1.9775,1.8974,1.8221,1.7556,1.6979,1.653,1.6168,1.5836,1.5523,1.5249,1.5015,1.48,1.4585,1.437,1.4154,1.3949,1.3744,1.3568,1.3421,1.3226,1.303,1.2854,1.2688,1.2522,1.2356,1.219,1.2033,1.1887,1.174,1.1593,1.1496,1.1417,1.132,1.1202,1.1075,1.0958,1.085,1.0753,1.0655,1.0567,1.0479,1.0401,1.0352,1.0323,1.0254,1.0176,1.0137,1.0215,1.0459,1.0968,1.1808,1.2991,1.4487,1.6217,1.8074,1.9707,2.1153,2.262,2.3949,2.5083,2.6002,2.6716,2.7253,2.7654,2.7918,2.8065,2.8123,2.8104,2.8045,2.8416,2.8993,2.9218,2.9267,2.9198,2.9071,2.8915,2.871,2.8446,2.8104,2.7683,2.7214,2.6686,2.6031,2.5288,2.4506,2.3715,2.2942,2.2219,2.1574,2.1017,2.0557,2.0176,1.9883,1.9658,1.9462,1.9277,1.9091,1.8895,1.87,1.8514,1.8319,1.8104,1.7879,1.7654,1.7429,1.7234,1.7048,1.6833,1.6598,1.6364,1.6129,1.5885,1.565,1.5406,1.5152,1.4917,1.4702,1.4536,1.4399,1.4242,1.4086,1.392,1.3763,1.3617,1.347,1.3333,1.3206,1.3079,1.2952,1.2815,1.2727,1.2669,1.263,1.2708,1.2991,1.3558,1.4448,1.566,1.7136,1.8807,2.0577,2.2307,2.3734,2.4917,2.6061,2.7048,2.784,2.8426,2.8837,2.911,2.9277,2.9345,2.9345,2.9296,2.9198,2.9062,2.8915,2.8759,2.8592,2.8387,2.8143,2.7859,2.7537,2.7155,2.6706,2.6197,2.5611,2.5015,2.4389,2.3636,2.2805,2.1926,2.1036,2.0186,1.9394,1.869,1.8084,1.7576,1.7146,1.6823,1.6579,1.6334,1.608,1.5826,1.5572,1.5327,1.5093,1.4868,1.4653,1.4448,1.4242,1.4027,1.3851,1.3705,1.3509,1.3304,1.3089,1.2874,1.2659,1.2454,1.2258,1.2072,1.1877,1.1681,1.1544,1.1447,1.131,1.1173,1.1046,1.0948,1.087,1.0792,1.0723,1.0655,1.0577,1.0479,1.0371,1.0323,1.0371,1.0528,1.0899,1.1564,1.2571,1.392,1.5572,1.7419,1.9335,2.1183,2.2874,2.4174,2.5191,2.6109,2.6862,2.7439,2.7859,2.8152,2.8328,2.8416,2.8436,2.8407,2.8319,2.8192,2.8035,2.7879,2.7732,2.7576,2.74,2.7185,2.6921,2.6608,2.6227,2.5758,2.5191,2.4545,2.39,2.3216,2.2395,2.1525,2.0645,1.9804,1.9022,1.8338,1.7742,1.7234,1.6823,1.6491,1.6207,1.5982,1.5806,1.5611,1.5396,1.5191,1.4985,1.478,1.4575,1.4379,1.4203,1.4008,1.3793,1.3617,1.346,1.3275,1.3079,1.2884,1.2678,1.2473,1.2278,1.2102,1.1945,1.1818,1.1701,1.1593,1.1525,1.1486,1.1417,1.1329,1.1241,1.1153,1.1065,1.0958,1.0841,1.0714,1.0596,1.0528,1.0567,1.0753,1.1163,1.1867,1.2913,1.4301,1.5953,1.7791,1.9687,2.1515,2.3177,2.4604,2.5787,2.6628,2.7204,2.7693,2.8084,2.8377,2.8573,2.869,2.8739,2.8807,2.8876,2.8856,2.8798,2.868,2.8514,2.8348,2.8152,2.7918,2.7625,2.7283,2.6862,2.6344,2.5718,2.4985,2.4154,2.3255,2.2434,2.1681,2.088,2.0078,1.9345,1.869,1.8123,1.7634,1.7214,1.6852,1.654,1.6256,1.6041,1.5855,1.564,1.5425,1.523,1.5034,1.4839,1.4633,1.4428,1.4223,1.4018,1.3812,1.3607,1.3451,1.3304,1.3138,1.2962,1.2766,1.2571,1.2366,1.218,1.2014,1.1867,1.174,1.1623,1.1564,1.1525,1.1447,1.1359,1.1261,1.1163,1.1046,1.0909,1.0772,1.0674,1.0645,1.0753,1.1095,1.1613,1.2375,1.3539,1.5054,1.6843,1.8788,2.0772,2.2669,2.4399,2.5894,2.7136,2.8113,2.8768,2.9208,2.958,2.9863,3.0049,3.0156,3.0186,3.0166,3.0117,3.0029,2.9912,2.9785,2.9629,2.9443,2.9257,2.9042,2.8778,2.8446,2.8025,2.7517,2.6921,2.6237,2.5464,2.4653,2.3832,2.3118,2.2483,2.1838,2.1232,2.0704,2.0244,1.9863,1.955,1.9286,1.9052,1.8817,1.8583,1.8387,1.8221,1.8025,1.7801,1.7576,1.738,1.7195,1.6999,1.6813,1.6628,1.6442,1.6266,1.609,1.5943,1.5816,1.564,1.5435,1.523,1.5005,1.4751,1.4497,1.4252,1.4037,1.3832,1.3636,1.349,1.3372,1.3226,1.3079,1.2933,1.2796,1.2649,1.2512,1.2395,1.2366,1.2493,1.2854,1.3509,1.4321,1.5337,1.6774,1.8504,2.0381,2.2287,2.4096,2.5728,2.7136,2.8289,2.9198,2.9892,3.0313,3.0557,3.0753,3.086,3.088,3.0841,3.0753,3.0616,3.0459,3.0283,3.0098,2.9873,2.9599,2.9296,2.8954,2.8543,2.8065,2.7498,2.6852,2.6109,2.5269,2.436,2.3412,2.2444,2.1505,2.0714,2.0029,1.9365,1.8759,1.824,1.781,1.7449,1.7116,1.6804,1.65,1.6188,1.5894,1.5611,1.5367,1.5161,1.4927,1.4682,1.4438,1.4194,1.3949,1.3705,1.3441,1.3177,1.2923,1.2669,1.2473,1.2307,1.2121,1.1945,1.1769,1.1593,1.1427,1.1281,1.1134,1.0997,1.087,1.0753,1.0655,1.0616,1.0606,1.0567,1.0489,1.0381,1.0264,1.0147,1.0088,1.0156,1.043,1.0987,1.1926,1.3021,1.4311,1.5982,1.7879,1.9853,2.1769,2.3509,2.5005,2.6237,2.7195,2.7908,2.8436,2.8798,2.8974,2.9042,2.8856,2.8514,2.8309,2.8152,2.8016,2.7879,2.7732,2.7576,2.741,2.7214,2.697,2.6696,2.6354,2.5934,2.5415,2.4819,2.4125,2.3353,2.2502,2.1603,2.0694,1.9814,1.9013,1.8368,1.783,1.7302,1.6823,1.6413,1.6061,1.5748,1.5474,1.523,1.5005,1.48,1.4594,1.4428,1.4291,1.4115,1.391,1.3695,1.347,1.3236,1.3011,1.2805,1.26,1.2395,1.2199,1.2053,1.1935,1.1789,1.1632,1.1486,1.1359,1.1232,1.1095,1.0968,1.086,1.0772,1.0684,1.0606,1.0577,1.0557,1.0489,1.0411,1.0313,1.0225,1.0176,1.0254,1.0528,1.1056,1.1896,1.3079,1.4321,1.5679,1.7351,1.9169,2.0978,2.2649,2.4106,2.5327,2.6305,2.7038,2.7576,2.7947,2.8192,2.8289,2.8299,2.8299,2.826,2.8182,2.8074,2.7928,2.7742,2.7546,2.7331,2.7077,2.6784,2.6471,2.6129,2.5699,2.5171,2.4526,2.3793,2.2972,2.2102,2.1212,2.0332,1.9492,1.8719,1.8025,1.7488,1.7067,1.6676,1.6334,1.6031,1.5767,1.5523,1.5288,1.5073,1.4868,1.4663,1.4457,1.4301,1.4154,1.3978,1.3803,1.3617,1.3431,1.3245,1.306,1.2884,1.2708,1.2532,1.2356,1.218,1.2053,1.1965,1.1877,1.1779,1.1681,1.1584,1.1486,1.1388,1.1281,1.1183,1.1085,1.0997,1.0978,1.0978,1.0958,1.0929,1.089,1.087,1.0929,1.1134,1.1584,1.2336,1.3441,1.4868,1.6549,1.8143,1.9677,2.1388,2.306,2.4585,2.5894,2.695,2.7771,2.8397,2.8856,2.9169,2.9365,2.9423,2.9394,2.9345,2.9257,2.915,2.9022,2.8866,2.869,2.8504,2.8328,2.8123,2.7849,2.7488,2.7087,2.6618,2.6041,2.5367,2.4604,2.3783,2.2942,2.2131,2.1359,2.0645,2.001,1.9482,1.9091,1.8798,1.8534,1.8309,1.8113,1.7947,1.7791,1.7625,1.7449,1.7263,1.7077,1.6882,1.6686,1.652,1.6373,1.6207,1.6041,1.5875,1.5718,1.5621,1.5601,1.5709,1.5992,1.6491,1.7175,1.7889,1.8651,1.957,2.0528,2.1427,2.218,2.2757,2.3148,2.3343,2.3353,2.3196,2.2913,2.2522,2.2102,2.1632,2.1046,2.0381,1.9677,1.8964,1.828,1.7644,1.7058,1.6549,1.6129,1.5806,1.5601,1.5474,1.5396,1.5367,1.5367,1.5386,1.5415,1.5425,1.5406,1.5367,1.5288,1.5161,1.5005,1.4868,1.4741,1.4555,1.433,1.4086,1.3842,1.3607,1.3363,1.3128,1.2913,1.2698,1.2493,1.2336,1.2209,1.2043,1.1867,1.1691,1.1525,1.1349,1.1183,1.1007,1.085,1.0704,1.0577,1.0489,1.043,1.0332,1.0215,1.0088,0.99609,0.98436,0.97458,0.96579,0.95894,0.9521,0.94624,0.93939,0.93646,0.93646,0.93353,0.92864,0.92375,0.91984,0.91593,0.913,0.90909,0.90616,0.9042,0.90518,0.91105,0.91887,0.92473,0.92864,0.93353,0.94037,0.94917,0.95699,0.96481,0.97361,0.98436,0.99413,1.002,1.0117,1.0225,1.0323,1.0479,1.0782,1.1369,1.2307,1.3656,1.5415,1.7498,1.9785,2.2121,2.4106,2.5806,2.7498,2.9013,3.0274,3.1271,3.2014,3.2532,3.2864,3.305,3.3109,3.3079,3.2991,3.2825,3.26,3.2366,3.2102,3.1799,3.1457,3.1065,3.0635,3.0147,2.9589,2.8974,2.8289,2.7605,2.6891,2.608,2.522,2.433,2.3441,2.2581,2.1789,2.1085,2.0469,1.9951,1.9521,1.9159,1.8876,1.8631,1.8387,1.8152,1.7898,1.7615,1.7331,1.7048,1.6774,1.65,1.6227,1.5973,1.5767,1.5591,1.5386,1.5171,1.4956,1.4741,1.4526,1.4311,1.4115,1.3939,1.3793,1.3666,1.3548,1.347,1.3421,1.3333,1.3216,1.3069,1.2923,1.2766,1.261,1.2454,1.2297,1.2121,1.1935,1.1808,1.1711,1.1584,1.1447,1.132,1.1271,1.1359,1.1672,1.2248,1.3148,1.436,1.5826,1.7478,1.8993,2.0381,2.1848,2.3226,2.4428,2.5406,2.6158,2.6706,2.7067,2.7283,2.739,2.741,2.7341,2.7214,2.7058,2.6872,2.6676,2.6471,2.6246,2.6022,2.5777,2.5494,2.5142,2.4741,2.4272,2.3803,2.3294,2.2669,2.1965,2.1202,2.0411,1.9619,1.8856,1.8152,1.7527,1.6999,1.6579,1.6276,1.6061,1.5855,1.5679,1.5513,1.5347,1.5181,1.5034,1.4888,1.4741,1.4594,1.4438,1.4282,1.4145,1.4027,1.3881,1.3724,1.3558,1.3382,1.3206,1.303,1.2854,1.2688,1.2542,1.2395,1.2297,1.2229,1.2121,1.2004,1.1887,1.1808,1.175,1.1701,1.1642,1.1584,1.1515,1.1437,1.1339,1.1281,1.1261,1.1261,1.1359,1.1623,1.2141,1.2991,1.4194,1.5709,1.7458,1.9345,2.1232,2.2796,2.4106,2.5386,2.5924,2.5943,2.6158,2.6393,2.6588,2.6735,2.6823,2.6862,2.6852,2.6774,2.6657,2.653,2.6393,2.6256,2.61,2.5914,2.5699,2.5455,2.5152,2.478,2.434,2.3842,2.3343,2.2825,2.2199,2.1525,2.0831,2.0147,1.9482,1.8866,1.8309,1.783,1.7429,1.7097,1.6862,1.6686,1.652,1.6354,1.6178,1.6022,1.5865,1.5718,1.5572,1.5406,1.522,1.5034,1.4858,1.4721,1.4604,1.4457,1.4301,1.4145,1.3998,1.3851,1.3715,1.3578,1.3441,1.3324,1.3226,1.3177,1.3138,1.3079,1.3011,1.2942,1.2854,1.2766,1.2698,1.263,1.2551,1.2473,1.2385,1.2307,1.2278,1.2287,1.2326,1.2473,1.2815,1.3402,1.4272,1.5415,1.6784,1.8299,1.9863,2.1378,2.261,2.3607,2.4545,2.5337,2.5953,2.6413,2.6745,2.696,2.7077,2.7126,2.7107,2.7048,2.695,2.6804,2.6628,2.6452,2.6276,2.609,2.5904,2.5699,2.5484,2.523,2.4917,2.4536,2.4076,2.3607,2.3109,2.2542,2.1935,2.1329,2.0753,2.0225,1.9756,1.9355,1.9022,1.8749,1.8514,1.8319,1.8162,1.8025,1.7879,1.7742,1.7605,1.7468,1.7322,1.7185,1.7038,1.6891,1.6735,1.6569,1.6432,1.6305,1.6139,1.5953,1.5767,1.5591,1.5396,1.521,1.5044,1.4878,1.4721,1.4594,1.4467,1.4379,1.4311,1.4213,1.4115,1.4027,1.393,1.3812,1.3695,1.3568,1.3421,1.3275,1.3138,1.3069,1.3099,1.3255,1.3636,1.4291,1.5239,1.6461,1.7898,1.9453,2.1036,2.2532,2.3871,2.5005,2.5826,2.6403,2.6891,2.7263,2.7527,2.7683,2.7752,2.7742,2.7674,2.7556,2.74,2.7224,2.7048,2.6872,2.6706,2.654,2.6373,2.6188,2.5943,2.563,2.5239,2.4761,2.4203,2.3568,2.2874,2.2219,2.1574,2.085,2.0127,1.9423,1.8778,1.8211,1.7722,1.7292,1.6931,1.6628,1.6364,1.6149,1.5982,1.5816,1.564,1.5455,1.5279,1.5093,1.4917,1.4741,1.4575,1.4399,1.4223,1.4096,1.3978,1.3822,1.3646,1.3451,1.3275,1.3118,1.2962,1.2805,1.2659,1.2512,1.2375,1.2258,1.218,1.2131,1.2063,1.1984,1.1896,1.1808,1.1711,1.1603,1.1486,1.1369,1.129,1.1261,1.132,1.1496,1.1877,1.2522,1.3451,1.4653,1.608,1.7644,1.9247,2.0782,2.2522,2.4301,2.566,2.6569,2.7185,2.7693,2.8065,2.8319,2.8475,2.8534,2.8514,2.8446,2.8328,2.8182,2.8016,2.784,2.7644,2.7458,2.7253,2.7009,2.6725,2.6373,2.5924,2.5367,2.4702,2.3959,2.3138,2.2258,2.1457,2.0723,1.9941,1.9159,1.8436,1.7801,1.7253,1.6794,1.6403,1.6061,1.5758,1.5484,1.5269,1.5073,1.4848,1.4614,1.437,1.4135,1.3881,1.3627,1.3382,1.3138,1.2903,1.2669,1.2454,1.2297,1.217,1.2033,1.1896,1.176,1.1613,1.1476,1.1359,1.1241,1.1124,1.1007,1.0899,1.0841,1.0802,1.0733,1.0645,1.0547,1.045,1.0342,1.0225,1.0098,0.99804,0.99316,1.002,1.0303,1.0753,1.1437,1.2512,1.3969,1.5718,1.7664,1.9687,2.1652,2.3441,2.4985,2.6266,2.7302,2.7996,2.8456,2.8837,2.912,2.9306,2.9394,2.9413,2.9384,2.9306,2.9198,2.9062,2.8895,2.87,2.8475,2.8231,2.7947,2.7625,2.7234,2.6764,2.6217,2.5582,2.4848,2.4027,2.3148,2.2239,2.1417,2.0684,1.9932,1.9218,1.8592,1.8065,1.7634,1.7283,1.6989,1.6725,1.65,1.6285,1.608,1.5914,1.5767,1.5601,1.5435,1.5269,1.5093,1.4897,1.4692,1.4497,1.4311,1.4115,1.393,1.3783,1.3666,1.3519,1.3363,1.3206,1.305,1.2893,1.2757,1.261,1.2454,1.2317,1.2199,1.2082,1.2004,1.1965,1.1916,1.1857,1.1789,1.1711,1.1613,1.1505,1.1417,1.1408,1.1525,1.1857,1.2356,1.3079,1.4194,1.565,1.738,1.9277,2.1193,2.303,2.4682,2.61,2.7263,2.8152,2.8798,2.9179,2.9394,2.9541,2.9619,2.9619,2.955,2.9433,2.9277,2.9101,2.8905,2.868,2.8426,2.8162,2.7869,2.7537,2.7136,2.6667,2.6119,2.5484,2.4761,2.3988,2.3177,2.2317,2.1457,2.0714,2.0049,1.9394,1.8778,1.8231,1.7771,1.7351,1.696,1.6598,1.6256,1.5934,1.5621,1.5308,1.5054,1.4829,1.4585,1.433,1.4066,1.3793,1.3509,1.3216,1.2923,1.263,1.2366,1.2131,1.1965,1.1828,1.1662,1.1486,1.131,1.1134,1.0968,1.0792,1.0596,1.042,1.0264,1.0117,0.99804,0.9912,0.98827,0.9824,0.97458,0.96383,0.95112,0.93939,0.92864,0.9218,0.92278,0.93939,0.97947,1.0371,1.1183,1.2366,1.3871,1.5748,1.781,1.9736,2.1466,2.2981,2.4262,2.5279,2.6061,2.6647,2.6999,2.7195,2.7322,2.737,2.7361,2.7302,2.7204,2.7077,2.6911,2.6735,2.6549,2.6364,2.6168,2.5953,2.5718,2.5445,2.5103,2.4692,2.4184,2.3578,2.2884,2.2131,2.1329,2.0518,1.9707,1.9022,1.8436,1.784,1.7283,1.6804,1.6393,1.6022,1.5709,1.5425,1.5152,1.4907,1.4663,1.4457,1.4282,1.4076,1.3861,1.3656,1.3451,1.3265,1.3089,1.2903,1.2708,1.2512,1.2317,1.2141,1.2023,1.1926,1.1799,1.1672,1.1535,1.1388,1.1251,1.1134,1.1026,1.0938,1.087,1.0802,1.0772,1.0762,1.0704,1.0626,1.0528,1.0411,1.0303,1.0205,1.0156,1.0225,1.0499,1.1046,1.1896,1.2864,1.4008,1.5503,1.7214,1.8993,2.0723,2.2297,2.3656,2.479,2.5689,2.6373,2.6862,2.7155,2.7312,2.74,2.7419,2.74,2.7341,2.7234,2.7087,2.6921,2.6735,2.654,2.6334,2.61,2.5846,2.5562,2.522,2.4819,2.435,2.3793,2.3157,2.2454,2.1691,2.0899,2.0108,1.9345,1.8719,1.8192,1.7674,1.7204,1.6784,1.6422,1.6119,1.5855,1.5621,1.5406,1.521,1.5024,1.4839,1.4692,1.4565,1.4409,1.4252,1.4096,1.3939,1.3773,1.3607,1.3441,1.3284,1.3128,1.2972,1.2854,1.2766,1.2649,1.2502,1.2346,1.2199,1.2063,1.1935,1.1818,1.1711,1.1613,1.1505,1.1427,1.1378,1.1281,1.1183,1.1075,1.0958,1.086,1.0802,1.0841,1.1036,1.1466,1.219,1.3265,1.4448,1.5758,1.74,1.9208,2.1017,2.2708,2.4213,2.5464,2.6461,2.7234,2.7791,2.8162,2.8358,2.8436,2.8465,2.8456,2.8416,2.8338,2.8231,2.8094,2.7937,2.7781,2.7615,2.7429,2.7214,2.697,2.6686,2.6334,2.5904,2.5376,2.4741,2.4018,2.3226,2.2395,2.1554,2.0723,1.9932,1.9286,1.8739,1.8201,1.7722,1.7312,1.695,1.6647,1.6403,1.6197,1.6012,1.5836,1.565,1.5445,1.5288,1.5152,1.4985,1.48,1.4614,1.4428,1.4242,1.4057,1.3861,1.3666,1.347,1.3284,1.3157,1.305,1.2913,1.2766,1.261,1.2463,1.2317,1.219,1.2082,1.1975,1.1867,1.1769,1.1681,1.1662,1.1652,1.1593,1.1515,1.1427,1.1349,1.132,1.1398,1.1652,1.216,1.306,1.437,1.5738,1.7204,1.9003,2.0938,2.2835,2.4585,2.6119,2.74,2.8426,2.9228,2.9824,3.0254,3.0547,3.0694,3.0733,3.0733,3.0626,3.0508,3.0342,3.0039,2.9804,2.956,2.9306,2.9042,2.8759,2.8426,2.8025,2.7546,2.6979,2.6334,2.5601,2.48,2.3978,2.3167,2.2405,2.1711,2.1114,2.0655,2.0303,1.999,1.9726,1.9482,1.9257,1.9042,1.8856,1.8671,1.8495,1.8309,1.8133,1.7977,1.7849,1.7703,1.7537,1.7361,1.7185,1.6989,1.6794,1.6608,1.6432,1.6256,1.607,1.5894,1.5748,1.563,1.5494,1.5347,1.52,1.5054,1.4917,1.477,1.4624,1.4438,1.4321,1.4223,1.4125,1.4047,1.3949,1.3822,1.3705,1.3656,1.3773,1.4135,1.4809,1.5855,1.7283,1.9032,2.0714,2.2356,2.4194,2.6012,2.7664,2.9071,3.0215,3.1095,3.174,3.219,3.2463,3.26,3.259,3.2473,3.2326,3.2151,3.1945,3.172,3.1486,3.1251,3.1007,3.0723,3.0391,2.999,2.9511,2.9003,2.8456,2.7791,2.7028,2.6178,2.5249,2.4282,2.3304,2.2375,2.1505,2.0714,2.001,1.9462,1.9042,1.8651,1.828,1.7967,1.7703,1.7458,1.7195,1.6931,1.6676,1.6413,1.6149,1.5934,1.5728,1.5484,1.521,1.4907,1.4604,1.4301,1.4008,1.3744,1.349,1.3265,1.304,1.2825,1.2659,1.2522,1.2366,1.2209,1.2063,1.1935,1.1818,1.1701,1.1593,1.1486,1.1378,1.1271,1.1202,1.1173,1.1124,1.1065,1.0997,1.0929,1.089,1.0938,1.1163,1.1662,1.2502,1.3724,1.5308,1.6891,1.8514,2.0401,2.2326,2.4135,2.5728,2.7058,2.8123,2.8954,2.956,2.999,3.0264,3.0381,3.0371,3.0323,3.0244,3.0117,2.9951,2.9775,2.9599,2.9404,2.9189,2.8944,2.8671,2.8358,2.8016,2.7615,2.7136,2.6559,2.5865,2.5073,2.4203,2.3275,2.2317,2.1369,2.0469,1.9658,1.9013,1.8495,1.8006,1.7566,1.7185,1.6862,1.6569,1.6305,1.6041,1.5797,1.5572,1.5347,1.5132,1.4956,1.48,1.4594,1.437,1.4135,1.3881,1.3636,1.3402,1.3177,1.2962,1.2757,1.2571,1.2444,1.2356,1.2258,1.2141,1.2023,1.1916,1.1799,1.1672,1.1554,1.1447,1.1339,1.1241,1.1144,1.1075,1.1017,1.0919,1.0802,1.0547,1.0274,1.0235,1.0459,1.0987,1.1857,1.3099,1.4673,1.6217,1.7761,1.9531,2.13,2.2952,2.4399,2.5611,2.6579,2.7312,2.784,2.8201,2.8426,2.8534,2.8524,2.8446,2.8358,2.825,2.8104,2.7937,2.7742,2.7537,2.7312,2.7058,2.6764,2.6432,2.607,2.565,2.5132,2.4516,2.3812,2.303,2.218,2.129,2.042,1.9599,1.8837,1.8143,1.7537,1.7067,1.6696,1.6344,1.6031,1.5758,1.5513,1.5288,1.5064,1.4839,1.4624,1.4409,1.4194,1.4018,1.3861,1.3666,1.347,1.3284,1.3089,1.2903,1.2727,1.2551,1.2375,1.2209,1.2043,1.1857,1.172,1.1613,1.1496,1.1378,1.1261,1.1153,1.1056,1.0958,1.086,1.0762,1.0665,1.0567,1.0508,1.0469,1.0411,1.0352,1.0293,1.0303,1.044,1.0772,1.1388,1.2336,1.3627,1.522,1.7019,1.8661,2.0196,2.1828,2.3382,2.4761,2.5904,2.6813,2.7517,2.8025,2.8377,2.8583,2.868,2.8661,2.8573,2.8485,2.8377,2.826,2.8133,2.7977,2.7801,2.7586,2.7331,2.7019,2.6647,2.6237,2.5767,2.521,2.4565,2.3822,2.2981,2.2072,2.1124,2.0196,1.9316,1.8524,1.7849,1.7273,1.6823,1.6481,1.6168,1.5885,1.5621,1.5376,1.5142,1.4917,1.4712,1.4516,1.4321,1.4115,1.3939,1.3773,1.3568,1.3353,1.3128,1.2923,1.2737,1.2542,1.2366,1.2199,1.2014,1.1828,1.1652,1.1535,1.1457,1.1369,1.1261,1.1153,1.1056,1.0958,1.086,1.0762,1.0665,1.0577,1.0499,1.0459,1.044,1.0381,1.0303,1.0244,1.0244,1.0391,1.0762,1.1935,1.3128,1.4653,1.8211,1.9834,2.1437,2.3822,2.521,2.6354,2.7253,2.7928,2.8426,2.8768,2.8983,2.9091,2.9081,2.8993,2.8895,2.8768,2.8622,2.8446,2.827,2.8065,2.781,2.7498,2.7126,2.6686,2.6168,2.5621,2.5034,2.433,2.3529,2.2669,2.1769,2.086,1.998,1.9169,1.8446,1.781,1.7273,1.6862,1.6549,1.6246,1.5973,1.5718,1.5503,1.5298,1.5093,1.4897,1.4712,1.4536,1.436,1.4184,1.4047,1.392,1.3763,1.3578,1.3392,1.3206,1.303,1.2854,1.2688,1.2532,1.2405,1.2287,1.2209,1.217,1.2111,1.2033,1.1955,1.1877,1.1808,1.172,1.1632,1.1554,1.1496,1.1466,1.1427,1.1398,1.1378,1.1329,1.129,1.131,1.1457,1.1828,1.2493,1.3519,1.4917,1.6647,1.8602,2.0381,2.2033,2.3803,2.5474,2.696,2.8192,2.9169,2.9902,3.044,3.0792,3.0978,3.1065,3.1065,3.0978,3.0831,3.0684,3.0518,3.0342,3.0156,2.9932,2.9677,2.9384,2.9032,2.8602,2.8104,2.7586,2.7019,2.6325,2.5533,2.4673,2.3793,2.2923,2.2082,2.131,2.0645,2.0078,1.9599,1.9208,1.8915,1.868,1.8465,1.825,1.8025,1.7801,1.7566,1.7302,1.7028,1.6755,1.6491,1.6227,1.5992,1.5777,1.5533,1.5288,1.5054,1.4858,1.4751,1.478,1.4995,1.5445,1.6109,1.697,1.784,1.871,1.9736,2.0772,2.172,2.2532,2.3167,2.3558,2.3744,2.3773,2.3617,2.3314,2.2884,2.2434,2.1926,2.131,2.0626,1.9892,1.912,1.8358,1.7644,1.6999,1.6442,1.5992,1.564,1.5415,1.5279,1.52,1.5171,1.5161,1.5152,1.5122,1.5093,1.5054,1.4995,1.4907,1.48,1.4663,1.4545,1.4428,1.4272,1.4076,1.3851,1.3627,1.3392,1.3148,1.2913,1.2698,1.2493,1.2268,1.2082,1.1916,1.1711,1.1505,1.13,1.1114,1.0938,1.0762,1.0606,1.0459,1.0313,1.0176,1.0049,0.99804,0.99218,0.98436,0.97556,0.96579,0.95797,0.95112,0.94428,0.93744,0.93157,0.92669,0.92571,0.92766,0.92766,0.92669,0.92473,0.92278,0.92082,0.91789,0.91691,0.91593,0.91593,0.91691,0.91984,0.92278,0.92962,0.94037,0.94819,0.95601,0.96285,0.9697,0.97654,0.98534,0.99609,1.0088,1.0215,1.0323,1.043,1.0528,1.0596,1.0665,1.0792,1.1075,1.1603,1.2483,1.3803,1.5572,1.7742,2.0176,2.2717,2.4897,2.6794,2.8729,3.0489,3.1994,3.3226,3.4262,3.4995,3.5406,3.566,3.5777,3.5767,3.5621,3.5396,3.5161,3.4897,3.4585,3.4233,3.3715,3.3206,3.2796,3.2268,3.1437,3.0626,2.999,2.9286,2.8504,2.7586,2.6598,2.5582,2.4585,2.3636,2.2766,2.1975,2.1163,2.0508,2.0078,1.9629,1.9179,1.8866,1.8631,1.8358,1.7996,1.7674,1.7439,1.7175,1.6901,1.6628,1.6354,1.609,1.5806,1.5582,1.5396,1.5171,1.4878,1.4614,1.4428,1.4223,1.3939,1.3695,1.3509,1.3314,1.3167,1.303,1.2864,1.2688,1.2493,1.2346,1.2248,1.2111,1.1975,1.1887,1.1828,1.176,1.1701,1.1662,1.1623,1.1554,1.1457,1.1349,1.13,1.13,1.1544,1.1926,1.2659,1.392,1.5093,1.5875,1.7038,1.8739,2.0225,2.1496,2.2561,2.3431,2.3998,2.4438,2.4848,2.5093,2.522,2.5249,2.52,2.5112,2.4985,2.4839,2.4663,2.4467,2.4252,2.4008,2.3734,2.3441,2.3118,2.2796,2.2444,2.2004,2.1496,2.0919,2.0283,1.9609,1.8925,1.825,1.7605,1.7028,1.653,1.6149,1.5855,1.5572,1.5318,1.5103,1.4917,1.4741,1.4575,1.4418,1.4252,1.4096,1.393,1.3754,1.3597,1.347,1.3314,1.3157,1.3011,1.2854,1.2727,1.26,1.2483,1.2356,1.2209,1.2063,1.1955,1.1877,1.1789,1.1701,1.1623,1.1544,1.1466,1.1388,1.131,1.1232,1.1163,1.1095,1.1036,1.1007,1.0997,1.0948,1.088,1.0821,1.0821,1.0948,1.1251,1.1808,1.2659,1.3803,1.521,1.6559,1.7889,1.9374,2.085,2.2199,2.3353,2.4311,2.5064,2.563,2.6051,2.6334,2.652,2.6628,2.6618,2.6549,2.6461,2.6344,2.6188,2.6012,2.5816,2.5611,2.5386,2.5142,2.4868,2.4565,2.4233,2.3861,2.3392,2.2854,2.2248,2.1593,2.0919,2.0264,1.9648,1.9081,1.8592,1.8182,1.784,1.7576,1.7361,1.7155,1.696,1.6784,1.6618,1.6461,1.6305,1.6149,1.6002,1.5846,1.5689,1.5562,1.5455,1.5318,1.5181,1.5044,1.4907,1.478,1.4653,1.4506,1.436,1.4213,1.4076,1.3949,1.3851,1.3773,1.3685,1.3587,1.349,1.3402,1.3314,1.3216,1.3109,1.3001,1.2893,1.2776,1.2688,1.262,1.2542,1.2473,1.2444,1.2502,1.2698,1.3099,1.3763,1.4712,1.5934,1.7351,1.8886,2.0225,2.1427,2.2688,2.3842,2.4829,2.5621,2.6227,2.6657,2.694,2.7107,2.7165,2.7146,2.7038,2.6882,2.6716,2.654,2.6354,2.6149,2.5934,2.5689,2.5406,2.5073,2.4692,2.4242,2.3724,2.3206,2.2659,2.2014,2.131,2.0577,1.9834,1.912,1.8436,1.782,1.7273,1.6794,1.6393,1.608,1.5836,1.5591,1.5337,1.5103,1.4878,1.4663,1.4457,1.4252,1.4047,1.3842,1.3636,1.3421,1.3245,1.3089,1.2893,1.2698,1.2493,1.2307,1.2141,1.1975,1.1808,1.1652,1.1496,1.1173,1.0821,1.0606,1.043,1.0274,1.0137,1.002,0.99218,0.98338,0.97556,0.96872,0.9609,0.95308,0.94526,0.94135,0.93842,0.93353,0.92962,0.93353,0.9521,0.99707,1.0743,1.1887,1.3382,1.5152,1.7107,1.8866,2.0469,2.216,2.3754,2.5142,2.6295,2.7224,2.7928,2.8436,2.8788,2.9003,2.911,2.9101,2.9022,2.8925,2.8817,2.869,2.8524,2.8338,2.8133,2.7889,2.7615,2.7292,2.6901,2.6422,2.5914,2.5347,2.4653,2.3851,2.2981,2.2063,2.1134,2.0235,1.9384,1.8592,1.7889,1.7273,1.6794,1.6403,1.6041,1.5699,1.5386,1.5093,1.4809,1.4536,1.4282,1.4027,1.3773,1.3519,1.3275,1.3079,1.2913,1.2708,1.2502,1.2307,1.2121,1.1935,1.176,1.1574,1.1398,1.1241,1.1085,1.0978,1.089,1.0772,1.0635,1.0499,1.0371,1.0264,1.0176,1.0108,1.0029,0.99609,0.98729,0.97752,0.97067,0.96579,0.95797,0.9521,0.95503,0.97654,1.0254,1.1065,1.2229,1.3724,1.5494,1.7419,1.914,2.0694,2.2317,2.3832,2.5152,2.6256,2.7126,2.7781,2.824,2.8563,2.8768,2.8866,2.8886,2.8817,2.869,2.8553,2.8387,2.8211,2.8006,2.7752,2.7478,2.7175,2.6823,2.6413,2.5934,2.5435,2.4878,2.4203,2.3431,2.259,2.172,2.085,2,1.9189,1.8436,1.7781,1.7214,1.6716,1.6334,1.6022,1.5718,1.5425,1.5142,1.4868,1.4594,1.4321,1.4066,1.3822,1.3578,1.3324,1.3118,1.2942,1.2717,1.2483,1.2239,1.2014,1.1808,1.1613,1.1447,1.131,1.1193,1.1085,1.0987,1.0938,1.0899,1.0831,1.0743,1.0645,1.0538,1.044,1.0362,1.0283,1.0205,1.0127,1.0039,0.99804,0.99413,0.98925,0.98925,1.002,1.0362,1.0987,1.1965,1.3294,1.4946,1.6833,1.8837,2.0831,2.2473,2.3851,2.521,2.6422,2.7429,2.8221,2.8817,2.9238,2.9531,2.9717,2.9795,2.9785,2.9677,2.9521,2.9355,2.9169,2.8983,2.8768,2.8524,2.825,2.7947,2.7595,2.7165,2.6637,2.6031,2.5425,2.479,2.4047,2.3245,2.2434,2.1642,2.0899,2.0215,1.9609,1.9091,1.8651,1.827,1.7977,1.7732,1.7498,1.7273,1.7048,1.6833,1.6618,1.6403,1.6188,1.5973,1.5738,1.5503,1.5298,1.5112,1.4897,1.4653,1.4399,1.4154,1.4066,1.4057,1.3959,1.3822,1.3646,1.347,1.3294,1.3157,1.305,1.2923,1.2766,1.26,1.2434,1.2258,1.2092,1.1935,1.1779,1.1632,1.1486,1.1378,1.13,1.1222,1.1232,1.1408,1.1828,1.2561,1.3636,1.5034,1.6686,1.8485,2.0323,2.2092,2.3529,2.4692,2.5806,2.6755,2.7517,2.8094,2.8514,2.8788,2.8944,2.9013,2.9022,2.8974,2.8856,2.868,2.8485,2.828,2.8055,2.7801,2.7517,2.7185,2.6813,2.6393,2.5894,2.5318,2.4653,2.3998,2.3324,2.2532,2.1672,2.0802,1.9941,1.912,1.8377,1.7713,1.7136,1.6637,1.6207,1.5885,1.563,1.5386,1.5132,1.4888,1.4643,1.4409,1.4164,1.392,1.3666,1.3412,1.3157,1.2913,1.2727,1.2571,1.2375,1.216,1.1955,1.175,1.1544,1.1349,1.1173,1.1026,1.0899,1.0772,1.0694,1.0645,1.0557,1.0459,1.0352,1.0244,1.0147,1.0059,0.99804,0.98925,0.98045,0.97165,0.96481,0.96383,0.97263,0.99316,1.0342,1.1046,1.2092,1.347,1.5122,1.697,1.8895,2.0782,2.2522,2.3891,2.4976,2.5982,2.6843,2.7537,2.8055,2.8436,2.869,2.8837,2.8895,2.8886,2.8817,2.871,2.8553,2.8377,2.8201,2.7996,2.7761,2.7498,2.7165,2.6774,2.6315,2.5777,2.5142,2.4399,2.3685,2.2962,2.2121,2.1232,2.0332,1.9472,1.8671,1.7957,1.7331,1.6784,1.6315,1.5914,1.5572,1.5318,1.5112,1.4897,1.4682,1.4457,1.4223,1.3998,1.3763,1.3519,1.3265,1.3021,1.2786,1.261,1.2463,1.2287,1.2102,1.1926,1.175,1.1574,1.1408,1.1261,1.1134,1.1007,1.089,1.0772,1.0694,1.0645,1.0557,1.0459,1.0352,1.0254,1.0186,1.0117,1.0039,0.99511,0.98827,0.98534,0.99022,1.0059,1.0391,1.0978,1.1877,1.3128,1.4692,1.6481,1.8377,2.0283,2.2082,2.3705,2.5083,2.61,2.6843,2.7507,2.8035,2.8446,2.8749,2.8954,2.9071,2.912,2.9101,2.9032,2.8925,2.8759,2.8563,2.8368,2.8152,2.7898,2.7595,2.7243,2.6823,2.6325,2.5718,2.5024,2.4242,2.348,2.2727,2.1887,2.1026,2.0166,1.9345,1.8602,1.7947,1.738,1.6901,1.65,1.6158,1.5855,1.563,1.5445,1.522,1.4985,1.4751,1.4516,1.4282,1.4047,1.3822,1.3597,1.3372,1.3138,1.3089,1.3128,1.303,1.2874,1.2708,1.2542,1.2385,1.2229,1.2082,1.1945,1.1808,1.1681,1.1574,1.1515,1.1486,1.1427,1.1359,1.13,1.1232,1.1163,1.1075,1.0978,1.0899,1.0831,1.0811,1.089,1.1105,1.1544,1.2307,1.3412,1.4848,1.6559,1.8465,2.0459,2.2414,2.4223,2.5806,2.7136,2.8094,2.8768,2.9365,2.9844,3.0196,3.044,3.0587,3.0645,3.0635,3.0567,3.0459,3.0323,3.0127,2.9912,2.9697,2.9462,2.9198,2.8886,2.8514,2.8074,2.7566,2.6979,2.6315,2.5572,2.477,2.4027,2.3314,2.2561,2.1828,2.1144,2.0528,2,1.955,1.9169,1.8856,1.8583,1.8328,1.8133,1.7957,1.7771,1.7566,1.737,1.7185,1.6989,1.6784,1.6579,1.6373,1.6178,1.5982,1.5777,1.5611,1.5464,1.5298,1.5103,1.4897,1.4692,1.4477,1.4262,1.4057,1.3842,1.3646,1.3451,1.3314,1.3226,1.3128,1.3021,1.2903,1.2786,1.2678,1.2571,1.2473,1.2395,1.2346,1.2375,1.2542,1.2854,1.3372,1.4242,1.5474,1.7038,1.8837,2.0753,2.2649,2.4448,2.6051,2.7419,2.8543,2.9316,2.9834,3.0283,3.0616,3.0831,3.0919,3.0919,3.0841,3.0704,3.0528,3.0313,3.0078,2.9824,2.955,2.9257,2.8925,2.8553,2.8123,2.7634,2.7067,2.6422,2.5679,2.4848,2.3969,2.304,2.219,2.1408,2.0596,1.9814,1.9101,1.8475,1.7928,1.7449,1.7038,1.6667,1.6334,1.6012,1.5699,1.5455,1.5239,1.4985,1.4712,1.4448,1.4203,1.3949,1.3695,1.3451,1.3206,1.2962,1.2727,1.2571,1.2444,1.2287,1.2121,1.1935,1.175,1.1584,1.1427,1.1271,1.1114,1.0968,1.0821,1.0723,1.0655,1.0577,1.0489,1.0401,1.0313,1.0205,1.0078,0.99609,0.98534,0.97849,0.97849,0.99413,1.0264,1.0811,1.172,1.3011,1.4624,1.6481,1.8475,2.0479,2.2375,2.4066,2.5513,2.6706,2.7527,2.8104,2.8602,2.8983,2.9238,2.9384,2.9443,2.9433,2.9365,2.9267,2.914,2.8993,2.8827,2.8622,2.8397,2.8143,2.7849,2.7488,2.7058,2.6549,2.5934,2.523,2.4438,2.3568,2.2649,2.1818,2.1036,2.0196,1.9365,1.8583,1.7889,1.7302,1.6804,1.6383,1.6022,1.5709,1.5425,1.5161,1.4946,1.4751,1.4516,1.4272,1.4018,1.3763,1.3539,1.3324,1.3109,1.2893,1.2698,1.2512,1.2375,1.2278,1.2141,1.1984,1.1828,1.1681,1.1535,1.1398,1.1251,1.1114,1.0997,1.0899,1.0811,1.0762,1.0743,1.0704,1.0665,1.0606,1.0538,1.0459,1.0381,1.0303,1.0264,1.0332,1.0587,1.0997,1.1623,1.259,1.3891,1.5474,1.7243,1.9091,2.089,2.2551,2.3998,2.522,2.6207,2.6979,2.7478,2.7791,2.8045,2.8211,2.8289,2.8289,2.825,2.8182,2.8084,2.7967,2.783,2.7674,2.7478,2.7253,2.6989,2.6667,2.6285,2.5806,2.5239,2.4575,2.3842,2.303,2.216,2.1281,2.042,1.9677,1.9022,1.8358,1.7742,1.7185,1.6696,1.6276,1.5924,1.5621,1.5347,1.5093,1.4858,1.4663,1.4487,1.4291,1.4076,1.3842,1.3597,1.3372,1.3157,1.2942,1.2727,1.2522,1.2317,1.2121,1.1975,1.1857,1.172,1.1584,1.1447,1.131,1.1193,1.1075,1.0958,1.0841,1.0733,1.0645,1.0596,1.0577,1.0577,1.0655,1.088,1.1339,1.2063,1.306,1.4311,1.5748,1.7292,1.8827,2.0264,2.1417,2.2336,2.3167,2.3842,2.433,2.4633,2.477,2.477,2.4673,2.4477,2.4194,2.3832,2.346,2.306,2.2571,2.2023,2.1417,2.0762,2.0078,1.9394,1.8729,1.8104,1.7537,1.7038,1.6618,1.6315,1.609,1.5885,1.5709,1.5562,1.5445,1.5327,1.521,1.5083,1.4936,1.4751,1.4555,1.4399,1.4282,1.4135,1.3969,1.3783,1.3617,1.346,1.3304,1.3138,1.2972,1.2815,1.2659,1.2561,1.2502,1.2414,1.2317,1.2219,1.2121,1.2023,1.1926,1.1838,1.176,1.1691,1.1632,1.1593,1.1593,1.1623,1.1642,1.1652,1.1652,1.1652,1.1652,1.1662,1.1672,1.1681,1.1681,1.1691,1.172,1.176,1.1789,1.1808,1.1828,1.1828,1.1828,1.1828,1.1867,1.2004,1.2307,1.2854,1.3724,1.4731,1.5924,1.7517,1.9365,2.132,2.3236,2.5015,2.6588,2.7928,2.9022,2.9873,3.0499,3.086,3.1036,3.1153,3.1202,3.1183,3.1114,3.0997,3.085,3.0694,3.0528,3.0342,3.0127,2.9883,2.9589,2.9257,2.8876,2.8426,2.7898,2.7292,2.6608,2.5865,2.5093,2.4301,2.3519,2.2786,2.216,2.1632,2.1134,2.0674,2.0264,1.9902,1.958,1.9267,1.8974,1.868,1.8397,1.8123,1.7869,1.7507,1.7087,1.6735,1.6432,1.6139,1.5875,1.5621,1.5376,1.5132,1.4897,1.4663,1.4438,1.4252,1.4086,1.39,1.3715,1.3519,1.3314,1.3118,1.2923,1.2717,1.2512,1.2317,1.2141,1.1984,1.1877,1.1799,1.1691,1.1584,1.1476,1.1359,1.1232,1.1114,1.1026,1.1026,1.1163,1.1525,1.2033,1.2727,1.3744,1.5015,1.6452,1.7957,1.9443,2.0821,2.2033,2.306,2.3891,2.4526,2.4995,2.5269,2.5415,2.5503,2.5523,2.5484,2.5406,2.5298,2.5171,2.5024,2.4858,2.4673,2.4457,2.4223,2.3959,2.3656,2.3304,2.2893,2.2424,2.1896,2.13,2.0645,1.9941,1.9198,1.8456,1.7742,1.7155,1.6657,1.6178,1.5748,1.5367,1.5054,1.479,1.4555,1.433,1.4115,1.391,1.3715,1.3568,1.3441,1.3294,1.3138,1.2981,1.2825,1.2669,1.2512,1.2356,1.2209,1.2053,1.1896,1.176,1.1662,1.1584,1.1486,1.1388,1.1281,1.1173,1.1065,1.0958,1.086,1.0772,1.0694,1.0635,1.0616,1.0606,1.0596,1.0557,1.0499,1.043,1.0371,1.0332,1.0352,1.0489,1.0811,1.1388,1.2278,1.3284,1.4428,1.5875,1.7478,1.912,2.0684,2.2102,2.3324,2.433,2.5122,2.5718,2.6149,2.6403,2.652,2.6588,2.6598,2.6549,2.6452,2.6315,2.6149,2.5953,2.5748,2.5523,2.5279,2.5015,2.4731,2.4399,2.4027,2.3617,2.3128,2.2561,2.1935,2.1261,2.0547,1.9824,1.912,1.8456,1.7898,1.7439,1.6989,1.6569,1.6188,1.5855,1.5572,1.5318,1.5083,1.4868,1.4673,1.4477,1.433,1.4194,1.4018,1.3842,1.3656,1.347,1.3294,1.3128,1.2962,1.2805,1.2639,1.2483,1.2326,1.2219,1.2141,1.2033,1.1916,1.1789,1.1662,1.1535,1.1437,1.1359,1.129,1.1232,1.1173,1.1153,1.1153,1.1114,1.1036,1.0948,1.085,1.0753,1.0684,1.0694,1.0831,1.1173,1.1779,1.2678,1.3675,1.48,1.6217,1.7791,1.9384,2.089,2.2248,2.3421,2.4379,2.5132,2.5709,2.6129,2.6364,2.6471,2.653,2.653,2.6471,2.6383,2.6276,2.6139,2.5992,2.5826,2.564,2.5445,2.521,2.4956,2.4663,2.4301,2.3861,2.3333,2.2737,2.2063,2.1339,2.0596,1.9853,1.913,1.8436,1.7879,1.7429,1.6999,1.6618,1.6276,1.5982,1.5718,1.5679,1.5738,1.565,1.5484,1.5298,1.5083,1.4897,1.4721,1.4516,1.4301,1.4076,1.3851,1.3636,1.3431,1.3226,1.303,1.2835,1.2649,1.2522,1.2424,1.2297,1.2151,1.1994,1.1838,1.1691,1.1574,1.1466,1.1369,1.1281,1.1193,1.1105,1.1065,1.1056,1.1017,1.0968,1.0909,1.085,1.0802,1.0831,1.1007,1.1417,1.2141,1.3226,1.4428,1.5816,1.7576,1.9521,2.1505,2.3412,2.5112,2.6559,2.7732,2.8651,2.9355,2.9863,3.0205,3.0362,3.0401,3.0411,3.0381,3.0303,3.0186,3.0029,2.9824,2.9599,2.9335,2.9032,2.869,2.8319,2.7908,2.7429,2.6852,2.6197,2.5464,2.4653,2.3773,2.2854,2.1926,2.1026,2.0176,1.9413,1.8817,1.8328,1.7879,1.7478,1.7136,1.6833,1.6549,1.6276,1.6002,1.5748,1.5494,1.5259,1.5064,1.4897,1.4712,1.4506,1.4291,1.4066,1.3812,1.3568,1.3343,1.3138,1.2933,1.2737,1.259,1.2473,1.2336,1.219,1.2033,1.1877,1.175,1.1623,1.1515,1.1427,1.1349,1.1281,1.1202,1.1163,1.1153,1.1105,1.1026,1.0919,1.0821,1.0753,1.0772,1.0948,1.1369,1.2111,1.3216,1.4438,1.5816,1.7556,1.9492,2.1447,2.3294,2.4936,2.6344,2.7498,2.8407,2.9101,2.9609,2.9961,3.0137,3.0196,3.0196,3.0127,3.001,2.9844,2.9658,2.9443,2.9208,2.8954,2.8671,2.8358,2.8016,2.7634,2.7175,2.6598,2.5914,2.5142,2.4291,2.3392,2.2463,2.1544,2.0655,1.9814,1.9052,1.8456,1.7977,1.7527,1.7116,1.6755,1.6452,1.6178,1.5924,1.5679,1.5445,1.523,1.5005,1.4809,1.4643,1.4438,1.4223,1.4008,1.3783,1.3568,1.3363,1.3167,1.2972,1.2776,1.2581,1.2405,1.2287,1.219,1.2072,1.1945,1.1808,1.1662,1.1515,1.1378,1.1261,1.1173,1.1095,1.1017,1.0987,1.0987,1.0948,1.087,1.0762,1.0655,1.0567,1.0567,1.0743,1.1183,1.1955,1.3089,1.4575,1.608,1.7644,1.9482,2.1388,2.3216,2.4839,2.6217,2.7341,2.8211,2.8866,2.9335,2.9658,2.9814,2.9853,2.9844,2.9785,2.9677,2.9541,2.9374,2.9189,2.9003,2.8807,2.8573,2.8299,2.7967,2.7595,2.7175,2.6657,2.6041,2.5337,2.4536,2.3656,2.2727,2.1789,2.087,1.999,1.9198,1.8573,1.7947,1.7292,1.6794,1.6393,1.607,1.5816,1.5591,1.5386,1.5191,1.5005,1.4809,1.4614,1.4457,1.433,1.4164,1.3978,1.3793,1.3597,1.3402,1.3206,1.303,1.2864,1.2708,1.2561,1.2454,1.2375,1.2258,1.2131,1.2014,1.1906,1.1799,1.1701,1.1603,1.1515,1.1447,1.1388,1.1329,1.13,1.129,1.1241,1.1163,1.1075,1.1007,1.0997,1.1085,1.1359,1.1896,1.2747,1.392,1.5181,1.6559,1.826,2.0117,2.1975,2.3724,2.5279,2.6618,2.7693,2.8534,2.915,2.957,2.9834,2.9922,2.9902,2.9853,2.9765,2.9638,2.9492,2.9306,2.911,2.8905,2.8671,2.8416,2.8133,2.783,2.7488,2.7077,2.6598,2.6031,2.5376,2.4653,2.3891,2.3109,2.2326,2.1584,2.0899,2.0352,1.9892,1.9462,1.9081,1.8749,1.8446,1.8182,1.7937,1.7713,1.7498,1.7302,1.7107,1.6921,1.6764,1.6628,1.6461,1.6266,1.6041,1.5816,1.5582,1.5347,1.5112,1.4888,1.4673,1.4448,1.4252,1.4086,1.3891,1.3675,1.346,1.3245,1.306,1.2903,1.2757,1.262,1.2493,1.2356,1.2229,1.2141,1.2072,1.1984,1.1877,1.176,1.1632,1.1544,1.1544,1.1681,1.2072,1.2776,1.3842,1.5015,1.6334,1.7996,1.9824,2.1652,2.3363,2.4878,2.6168,2.7204,2.7996,2.8573,2.8954,2.9198,2.9286,2.9257,2.9179,2.9052,2.8905,2.8739,2.8543,2.8309,2.8065,2.781,2.7517,2.7185,2.6833,2.6461,2.6012,2.5474,2.4858,2.4164,2.3382,2.2532,2.1652,2.0762,1.9892,1.9071,1.8328,1.7722,1.7214,1.6725,1.6276,1.5885,1.5552,1.5249,1.4966,1.4692,1.4428,1.4184,1.3969,1.3803,1.3666,1.35,1.3304,1.3109,1.2913,1.2708,1.2483,1.2258,1.2063,1.1877,1.1711,1.1544,1.1427,1.1339,1.1212,1.1085,1.0968,1.0841,1.0733,1.0626,1.0528,1.044,1.0371,1.0303,1.0274,1.0264,1.0235,1.0176,1.0088,1,0.99413,0.99707,1.0156,1.0577,1.131,1.2395,1.3832,1.5288,1.6794,1.8573,2.044,2.2248,2.3871,2.5259,2.6393,2.7292,2.7967,2.8446,2.8759,2.8915,2.8944,2.8935,2.8905,2.8827,2.871,2.8553,2.8377,2.8201,2.8006,2.7781,2.7517,2.7204,2.6852,2.6452,2.5953,2.5347,2.4653,2.3861,2.3001,2.2102,2.1202,2.0323,1.9482,1.87,1.8074,1.7566,1.7067,1.6618,1.6237,1.5914,1.563,1.5376,1.5132,1.4907,1.4682,1.4448,1.4213,1.4037,1.39,1.3724,1.3529,1.3333,1.3138,1.2942,1.2737,1.2532,1.2336,1.2131,1.1935,1.1808,1.1711,1.1564,1.1398,1.1241,1.1114,1.0997,1.0899,1.0821,1.0743,1.0674,1.0606,1.0547,1.0528,1.0518,1.0489,1.042,1.0332,1.0254,1.0244,1.0371,1.0723,1.1369,1.2356,1.3705,1.5112,1.6608,1.8397,2.0303,2.217,2.3881,2.5367,2.6588,2.7556,2.8299,2.8837,2.9198,2.9384,2.9443,2.9453,2.9423,2.9355,2.9247,2.911,2.8954,2.8778,2.8583,2.8338,2.8065,2.7742,2.739,2.6989,2.6491,2.5894,2.5191,2.4399,2.3539,2.263,2.1711,2.0802,1.9941,1.915,1.8504,1.7967,1.7449,1.6979,1.6569,1.6217,1.5924,1.567,1.5425,1.5191,1.4956,1.4712,1.4467,1.4262,1.4086,1.3881,1.3675,1.346,1.3245,1.303,1.2825,1.263,1.2434,1.2248,1.2072,1.1955,1.1867,1.174,1.1593,1.1447,1.13,1.1163,1.1046,1.0948,1.086,1.0782,1.0714,1.0645,1.0616,1.0616,1.0577,1.0508,1.0411,1.0323,1.0264,1.0293,1.0489,1.0958,1.175,1.2903,1.4164,1.5562,1.7302,1.9208,2.1134,2.2933,2.4545,2.5914,2.7038,2.7918,2.8573,2.9042,2.9365,2.9521,2.956,2.956,2.9521,2.9443,2.9326,2.9179,2.9003,2.8817,2.8602,2.8348,2.8055,2.7732,2.737,2.6931,2.6413,2.5816,2.5122,2.433,2.349,2.262,2.176,2.0938,2.0186,1.9521,1.9003,1.8592,1.8201,1.7859,1.7556,1.7302,1.7077,1.6872,1.6657,1.6442,1.6246,1.607,1.5934,1.5816,1.5679,1.5533,1.5367,1.52,1.5024,1.4839,1.4653,1.4467,1.4282,1.4096,1.39,1.3754,1.3627,1.347,1.3304,1.3138,1.2991,1.2854,1.2727,1.261,1.2502,1.2414,1.2346,1.2307,1.2287,1.2248,1.218,1.2092,1.2014,1.1965,1.1984,1.216,1.2551,1.3236,1.4272,1.565,1.7067,1.8553,2.0342,2.2229,2.4066,2.5728,2.7165,2.8338,2.9267,2.9971,3.0459,3.0762,3.088,3.088,3.0841,3.0762,3.0645,3.0469,3.0254,3.001,2.9746,2.9462,2.913,2.8759,2.8338,2.7889,2.7185,2.6285,2.5445,2.4594,2.3715,2.2805,2.1887,2.0978,2.0127,1.9335,1.8631,1.8074,1.7625,1.7185,1.6774,1.6403,1.6061,1.5758,1.5484,1.523,1.4995,1.477,1.4545,1.436,1.4194,1.3998,1.3783,1.3548,1.3294,1.306,1.2825,1.2581,1.2356,1.2141,1.1935,1.175,1.1632,1.1544,1.1417,1.1271,1.1105,1.0938,1.0782,1.0635,1.0499,1.0371,1.0244,1.0127,1.0049,1,0.99316,0.98534,0.97654,0.96774,0.95992,0.95601,0.9609,0.97849,1.0186,1.087,1.1887,1.3021,1.4311,1.5934,1.7742,1.9589,2.1388,2.303,2.4428,2.5572,2.6481,2.7165,2.7654,2.7928,2.8055,2.8123,2.8133,2.8074,2.7977,2.7869,2.7732,2.7576,2.74,2.7204,2.6989,2.6745,2.6461,2.6139,2.5758,2.5298,2.4741,2.4106,2.3382,2.2571,2.1701,2.0802,1.9902,1.9042,1.8338,1.7752,1.7175,1.6647,1.6197,1.5816,1.5494,1.5191,1.4917,1.4663,1.4418,1.4184,1.3969,1.3803,1.3666,1.349,1.3294,1.3089,1.2874,1.2669,1.2454,1.2229,1.2023,1.1838,1.1672,1.1554,1.1466,1.1349,1.1212,1.1075,1.0968,1.086,1.0753,1.0655,1.0567,1.0479,1.0411,1.0342,1.0313,1.0313,1.0264,1.0176,1.0068,0.99609,0.98827,0.98534,0.99511,1.0244,1.0811,1.1711,1.2757,1.3988,1.5601,1.7439,1.9345,2.1202,2.2913,2.4409,2.566,2.6667,2.7449,2.8025,2.8426,2.8622,2.869,2.871,2.8671,2.8583,2.8456,2.828,2.8094,2.7908,2.7722,2.7507,2.7273,2.7009,2.6696,2.6315,2.5855,2.5298,2.4643,2.39,2.3089,2.2219,2.132,2.042,1.955,1.8729,1.8065,1.7527,1.6999,1.653,1.6129,1.5787,1.5474,1.52,1.4966,1.4741,1.4516,1.4291,1.4115,1.3959,1.3773,1.3568,1.3363,1.3157,1.2942,1.2727,1.2512,1.2307,1.2111,1.1926,1.174,1.1613,1.1515,1.1388,1.1251,1.1105,1.0978,1.089,1.0811,1.0743,1.0674,1.0616,1.0567,1.0557,1.0567,1.0547,1.0499,1.045,1.0381,1.0293,1.0244,1.0274,1.0459,1.089,1.1642,1.2737,1.3939,1.5288,1.6999,1.8895,2.0821,2.2639,2.4282,2.5679,2.6813,2.7703,2.8377,2.8866,2.914,2.9277,2.9365,2.9374,2.9326,2.9228,2.9081,2.8895,2.8837,2.8837,2.8719,2.8514,2.825,2.7937,2.7586,2.7175,2.6696,2.6119,2.5464,2.4741,2.3949,2.3118,2.2297,2.1525,2.0831,2.0264,1.9795,1.9355,1.8983,1.8661,1.8377,1.8133,1.7918,1.7703,1.7498,1.7292,1.7107,1.695,1.6813,1.6637,1.6432,1.6227,1.6031,1.5846,1.566,1.5474,1.5279,1.5083,1.4897,1.4712,1.4565,1.4438,1.4282,1.4096,1.392,1.3734,1.3548,1.3382,1.3226,1.3079,1.2952,1.2825,1.2737,1.2688,1.263,1.2571,1.2502,1.2424,1.2356,1.2317,1.2336,1.2502,1.2884,1.3558,1.4575,1.5699,1.6979,1.8622,2.0469,2.2356,2.4145,2.5767,2.7165,2.8319,2.9228,2.9922,3.043,3.0714,3.0841,3.0909,3.0909,3.0841,3.0714,3.0528,3.0303,3.0029,2.9726,2.9394,2.9032,2.8631,2.8211,2.7771,2.7253,2.6637,2.5943,2.5171,2.433,2.3431,2.2493,2.1564,2.0665,1.9824,1.913,1.8543,1.7957,1.741,1.6921,1.65,1.6139,1.5816,1.5523,1.5259,1.5005,1.4741,1.4457,1.4233,1.4037,1.3803,1.3558,1.3314,1.3069,1.2835,1.261,1.2395,1.219,1.1975,1.1779,1.1642,1.1535,1.1408,1.129,1.1163,1.1046,1.0919,1.0802,1.0674,1.0557,1.0459,1.0362,1.0264,1.0215,1.0205,1.0186,1.0137,1.0068,0.99804,0.9912,0.98729,0.99218,1.0117,1.0547,1.13,1.2209,1.3343,1.4878,1.6706,1.869,2.0694,2.259,2.4282,2.5709,2.6882,2.781,2.8524,2.9052,2.9355,2.9511,2.9609,2.9638,2.9599,2.9511,2.9384,2.9218,2.9032,2.8817,2.8573,2.8289,2.7986,2.7644,2.7243,2.6774,2.6227,2.5591,2.4858,2.4037,2.3148,2.2209,2.1271,2.0352,1.9482,1.8768,1.8182,1.7605,1.7077,1.6618,1.6237,1.5914,1.5611,1.5327,1.5064,1.4809,1.4565,1.437,1.4213,1.4027,1.3832,1.3627,1.3421,1.3216,1.3001,1.2766,1.2542,1.2326,1.2121,1.1984,1.1867,1.172,1.1574,1.1427,1.13,1.1173,1.1046,1.0919,1.0802,1.0674,1.0557,1.0459,1.0411,1.0401,1.0381,1.0352,1.0293,1.0215,1.0147,1.0088,1.0078,1.0186,1.0499,1.1114,1.1906,1.2923,1.437,1.6129,1.8084,2.0117,2.2102,2.393,2.5523,2.6862,2.7947,2.8798,2.9433,2.9814,3.002,2.9902,2.9589,2.9394,2.9228,2.9071,2.8895,2.87,2.8485,2.825,2.7986,2.7693,2.737,2.7019,2.6608,2.6129,2.5562,2.4917,2.4184,2.3392,2.2542,2.1672,2.0802,1.9951,1.9238,1.8631,1.8045,1.7517,1.7058,1.6657,1.6315,1.6031,1.5777,1.5533,1.5288,1.5054,1.4858,1.4692,1.4497,1.4282,1.4076,1.3871,1.3675,1.348,1.3284,1.3089,1.2893,1.2698,1.2532,1.2444,1.2444,1.2551,1.2825,1.3304,1.4018,1.4956,1.6051,1.7243,1.8465,1.9619,2.0626,2.1388,2.1935,2.2375,2.2659,2.2766,2.2717,2.2522,2.2209,2.1789,2.1261,2.0645,1.9971,1.9257,1.8622,1.8035,1.7419,1.6813,1.6256,1.5777,1.5406,1.5132,1.4946,1.4848,1.4819,1.4829,1.4868,1.4917,1.4956,1.4976,1.4985,1.4976,1.4936,1.4878,1.48,1.4692,1.4565,1.4418,1.4242,1.4096,1.3969,1.3803,1.3617,1.3412,1.3196,1.2991,1.2786,1.259,1.2395,1.2209,1.2023,1.1896,1.1789,1.1652,1.1505,1.1359,1.1232,1.1105,1.0987,1.087,1.0753,1.0645,1.0547,1.045,1.0401,1.0391,1.0342,1.0283,1.0225,1.0176,1.0137,1.0088,1.0049,1.002,0.99902,0.99707,0.99902,1.0049,1.0088,1.0127,1.0156,1.0186,1.0225,1.0264,1.0303,1.0362,1.043,1.0508,1.0577,1.0674,1.0802,1.0919,1.1046,1.1183,1.132,1.1427,1.1525,1.1613,1.176,1.2043,1.2571,1.3255,1.4194,1.5591,1.74,1.9521,2.1818,2.4135,2.6334,2.8319,3.0039,3.1457,3.2571,3.3421,3.3939,3.4223,3.4438,3.4545,3.4555,3.4467,3.4301,3.4066,3.3793,3.347,3.3109,3.2708,3.2258,3.1779,3.1232,3.0616,2.9912,2.914,2.8299,2.74,2.6471,2.5523,2.4594,2.3724,2.2991,2.2356,2.174,2.1173,2.0665,2.0225,1.9844,1.9501,1.9179,1.8876,1.8592,1.8309,1.8035,1.781,1.7605,1.738,1.7146,1.6911,1.6686,1.6452,1.6227,1.6002,1.5758,1.5503,1.5259,1.5064,1.4907,1.4741,1.4575,1.4399,1.4223,1.4057,1.3891,1.3734,1.3578,1.3431,1.3294,1.3157,1.3069,1.3001,1.2913,1.2815,1.2708,1.26,1.2493,1.2395,1.2297,1.2209,1.2111,1.2014,1.1965,1.1984,1.2082,1.2356,1.2884,1.3715,1.4848,1.6285,1.7957,1.9169,2.002,2.1105,2.2209,2.3109,2.3822,2.4487,2.5015,2.5406,2.567,2.5826,2.5894,2.5885,2.5806,2.5689,2.5543,2.5347,2.5132,2.4917,2.4682,2.4438,2.4164,2.3851,2.348,2.306,2.259,2.2063,2.1496,2.0899,2.0362,1.9853,1.9326,1.8827,1.8377,1.7986,1.7664,1.739,1.7175,1.6999,1.6852,1.6725,1.6608,1.651,1.6403,1.6295,1.6188,1.607,1.5943,1.5797,1.564,1.5464,1.5288,1.5103,1.4927,1.478,1.4653,1.4497,1.433,1.4174,1.4018,1.3861,1.3705,1.3558,1.3421,1.3294,1.3167,1.3079,1.3001,1.2903,1.2805,1.2708,1.261,1.2522,1.2424,1.2336,1.2239,1.2141,1.2043,1.1984,1.1994,1.2102,1.2366,1.2854,1.3607,1.4643,1.5934,1.74,1.8954,2.0499,2.1945,2.3216,2.4164,2.4878,2.5523,2.6041,2.6432,2.6706,2.6872,2.694,2.6931,2.6843,2.6716,2.6549,2.6364,2.6149,2.5914,2.5679,2.5425,2.5142,2.4829,2.4467,2.4047,2.3558,2.2991,2.2366,2.1681,2.1036,2.042,1.9746,1.9062,1.8416,1.782,1.7283,1.6813,1.6403,1.6051,1.5748,1.5474,1.522,1.5015,1.4848,1.4653,1.4457,1.4262,1.4066,1.3861,1.3656,1.3441,1.3236,1.3021,1.2815,1.2669,1.2551,1.2405,1.2258,1.2111,1.1975,1.1838,1.1691,1.1544,1.1408,1.1281,1.1163,1.1065,1.0997,1.0958,1.089,1.0831,1.0782,1.0733,1.0674,1.0596,1.0528,1.0459,1.0391,1.0332,1.0332,1.0411,1.0587,1.0948,1.1554,1.2454,1.3636,1.5034,1.6588,1.8192,1.9746,2.1163,2.2258,2.3099,2.3881,2.4536,2.5054,2.5435,2.5699,2.5855,2.5934,2.5934,2.5875,2.5777,2.564,2.5474,2.5288,2.5093,2.4888,2.4653,2.4389,2.4086,2.3724,2.3324,2.2854,2.2307,2.1691,2.1095,2.0499,1.9834,1.914,1.8475,1.7849,1.7292,1.6804,1.6383,1.6031,1.5738,1.5474,1.5239,1.5054,1.4897,1.4741,1.4585,1.4418,1.9345,2.0156,2.089,2.1486,2.1945,2.2248,2.2414,2.2463,2.2414,2.2258,2.2004,2.1652,2.1212,2.0694,2.0108,1.9453,1.8749,1.8045,1.74,1.694,1.6637,1.6432,1.6373,1.6442,1.6559,1.6647,1.6637,1.6491,1.6207,1.5806,1.5327,1.4809,1.4389,1.4057,1.3734,1.346,1.3275,1.3177,1.3148,1.3167,1.3206,1.3265,1.3324,1.3382,1.347,1.3578,1.3675,1.3773,1.3871,1.3969,1.4057,1.4115,1.4154,1.4164,1.4154,1.4135,1.4096,1.4096,1.4106,1.4096,1.4076,1.4066,1.4066,1.4086,1.4135,1.4213,1.4321,1.4448,1.4575,1.4712,1.4848,1.4956,1.5044,1.5112,1.5161,1.5191,1.52,1.522,1.5288,1.5445,1.5718,1.6129,1.6608,1.7155,1.783,1.8573,1.9296,1.9941,2.0479,2.087,2.1105,2.1202,2.1222,2.1212,2.1222,2.1271,2.1388,2.1593,2.1877,2.219,2.2483,2.2698,2.2835,2.2874,2.2845,2.2757,2.262,2.2483,2.2356,2.219,2.1965,2.1701,2.1378,2.0997,2.0557,2.0098,1.9648,1.9218,1.8817,1.8534,1.8309,1.8094,1.7908,1.7742,1.7605,1.7488,1.737,1.7253,1.7116,1.696,1.6794,1.6637,1.653,1.6432,1.6276,1.607,1.5826,1.5562,1.5298,1.5073,1.4917,1.4858,1.4858,1.4888,1.4946,1.4995,1.4291,1.3177,1.2522,1.2102,1.1808,1.1584,1.1437,1.1349,1.131,1.13,1.132,1.1378,1.1466,1.1544,1.1632,1.175,1.1935,1.2209,1.262,1.3206,1.3978,1.4907,1.5963,1.696,1.7898,1.8876,1.9775,2.0547,2.1153,2.1613,2.1955,2.218,2.2326,2.2414,2.2483,2.2532,2.2561,2.2551,2.2551,2.2551,2.2532,2.2502,2.2454,2.2375,2.2278,2.2151,2.1994,2.1799,2.1603,2.1369,2.1065,2.0694,2.0244,1.9746,1.9218,1.869,1.8172,1.7693,1.7283,1.694,1.6657,1.6461,1.6344,1.6227,1.6119,1.6022,1.5934,1.5855,1.5787,1.5718,1.564,1.5552,1.5455,1.5386,1.5337,1.5249,1.5132,1.5015,1.4917,1.4848,1.4848,1.4956,1.5181,1.5523,1.5973,1.651,1.7038,1.7556,1.8094,1.8612,1.9052,1.9384,1.9609,1.9746,1.9804,1.9795,1.9717,1.9599,1.9472,1.9326,1.9101,1.8817,1.8514,1.8182,1.783,1.7498,1.7195,1.6911,1.6676,1.653,1.6491,1.6569,1.6794,1.7146,1.7586,1.8025,1.8387,1.8612,1.868,1.8592,1.8377,1.8065,1.7713,1.7419,1.7155,1.6852,1.654,1.6237,1.5943,1.566,1.5386,1.5132,1.4897,1.4653,1.4428,1.4272,1.4145,1.3978,1.3783,1.3558,1.3333,1.3118,1.2913,1.2688,1.2434,1.218,1.1926,1.1681,1.1496,1.1329,1.1114,1.0899,1.0704,1.0547,1.0489,1.0528,1.0665,1.088,1.1134,1.1369,1.1584,1.174,1.1769,1.1701,1.1554,1.1369,1.1183,1.1017,1.089,1.0802,1.0753,1.0743,1.0772,1.085,1.0938,1.1017,1.1105,1.1222,1.1369,1.1525,1.1681,1.1808,1.1906,1.2014,1.216,1.2375,1.2688,1.3167,1.3891,1.4888,1.6129,1.7556,1.9081,2.0577,2.1965,2.3187,2.4194,2.4985,2.5533,2.5904,2.6207,2.6442,2.6588,2.6667,2.6667,2.6618,2.654,2.6432,2.6305,2.6178,2.6031,2.5894,2.5758,2.5621,2.5464,2.5259,2.5015,2.4712,2.436,2.3949,2.348,2.2981,2.2493,2.2082,2.173,2.1398,2.1114,2.089,2.0733,2.0645,2.0606,2.0587,2.0577,2.0557,2.0538,2.0518,2.0499,2.0469,2.042,2.0342,2.0254,2.0156,2.0059,1.9961,1.9844,1.9707,1.956,1.9423,1.9296,1.9169,1.9013,1.8847,1.868,1.8504,1.8328,1.8152,1.8299,1.8583,1.8622,1.8543,1.8465,1.8387,1.827,1.8152,1.8025,1.7898,1.7781,1.7664,1.7517,1.738,1.7283,1.7234,1.7283,1.7449,1.7771,1.8348,1.9198,2.0303,2.1613,2.304,2.4477,2.5826,2.7048,2.8074,2.8895,2.9453,2.9824,3.0088,3.0235,3.0283,3.0264,3.0186,3.0049,2.9873,2.9677,2.9482,2.9277,2.9052,2.8827,2.8602,2.8338,2.8016,2.7625,2.7146,2.6588,2.5953,2.5249,2.4506,2.3754,2.3001,2.2375,2.1867,2.1369,2.0919,2.0528,2.0205,1.9961,1.9775,1.9619,1.9482,1.9365,1.9277,1.9189,1.913,1.9062,1.8964,1.8856,1.8729,1.8602,1.8475,1.8338,1.8201,1.8074,1.7947,1.782,1.7732,1.7654,1.7537,1.74,1.7273,1.7146,1.7019,1.6891,1.6764,1.6637,1.651,1.6383,1.6305,1.6266,1.6217,1.6158,1.609,1.6012,1.5934,1.5875,1.5846,1.5836,1.5904,1.6139,1.6608,1.7214,1.8006,1.912,2.0489,2.2004,2.3548,2.5005,2.6305,2.741,2.8289,2.8954,2.9443,2.9736,2.9892,3.001,3.0068,3.0078,3.0059,3.001,2.9922,2.9814,2.9697,2.957,2.9443,2.9316,2.9179,2.9022,2.8847,2.8592,2.826,2.784,2.7322,2.6716,2.6041,2.5308,2.4555,2.3793,2.3148,2.26,2.2033,2.1505,2.1046,2.0674,2.0371,2.0127,1.9971,1.9863,1.9785,1.9697,1.9599,1.9521,1.9462,1.9374,1.9296,1.9208,1.911,1.9013,1.8895,1.8778,1.8671,1.8573,1.8485,1.8426,1.8387,1.8328,1.825,1.8172,1.8094,1.7986,1.7859,1.7742,1.7644,1.7546,1.7458,1.737,1.7322,1.7283,1.7214,1.7136,1.7077,1.7038,1.7048,1.7155,1.7429,1.7947,1.8759,1.9853,2.0968,2.2141,2.3539,2.4995,2.6383,2.7605,2.8622,2.9413,3,3.0411,3.0665,3.0811,3.087,3.0841,3.0762,3.0684,3.0606,3.0518,3.044,3.0342,3.0235,3.0117,2.999,2.9844,2.9658,2.9423,2.914,2.8788,2.8358,2.783,2.7234,2.6569,2.5875,2.5161,2.4477,2.3871,2.3353,2.2942,2.2659,2.2444,2.2248,2.2082,2.1935,2.1808,2.1691,2.1574,2.1447,2.132,2.1212,2.1114,2.1046,2.0987,2.0919,2.0841,2.0753,2.0694,2.0645,2.0577,2.0489,2.0371,2.0225,2.0068,1.9892,1.9756,1.9648,1.8534,1.6911,1.6022,1.5503,1.5171,1.4936,1.4741,1.4585,1.4457,1.4321,1.4203,1.4076,1.3891,1.3705,1.3617,1.3734,1.4145,1.4907,1.6061,1.7595,1.9413,2.1378,2.3353,2.4976,2.6276,2.7478,2.8465,2.9198,2.9726,3.0108,3.045,3.0782,3.1114,3.1486,3.1906,3.2239,3.2512,3.2874,3.3265,3.3627,3.392,3.4106,3.4154,3.4076,3.3842,3.3412,3.2796,3.2102,3.131,3.0352,2.9277,2.8133,2.6979,2.5846,2.4809,2.3881,2.3079,2.2405,2.1867,2.1408,2.1046,2.0753,2.0479,2.0215,1.9961,1.9687,1.9394,1.9071,1.8719,1.8309,1.7859,1.74,1.7028,1.6706,1.6364,1.6022,1.5699,1.5415,1.5152,1.4897,1.4673,1.4506,1.4399,1.434,1.4311,1.4321,1.435,1.437,1.4379,1.4379,1.4379,1.4379,1.4379,1.4379,1.4379,1.4389,1.4418,1.4487,1.4604,1.4809,1.5181,1.5787,1.6637,1.7742,1.9091,2.0587,2.2102,2.3529,2.478,2.5797,2.6491,2.6921,2.7224,2.739,2.7419,2.7351,2.7224,2.7067,2.6931,2.6843,2.6804,2.6833,2.6872,2.6921,2.6989,2.7048,2.7107,2.7136,2.7097,2.6979,2.6794,2.651,2.61,2.5552,2.4868,2.4154,2.3382,2.2424,2.1359,2.0274,1.9238,1.828,1.7419,1.6657,1.5992,1.5406,1.4897,1.4516,1.4213,1.392,1.3666,1.346,1.3314,1.3216,1.3167,1.3148,1.3157,1.3157,1.3157,1.3157,1.3187,1.3226,1.3245,1.3275,1.3314,1.3333,1.3343,1.3353,1.3333,1.3245,1.3109,1.2952,1.2864,1.2825,1.2805,1.2835,1.2923,1.3079,1.3275,1.349,1.3695,1.3891,1.4086,1.4321,1.4673,1.5112,1.5728,1.6628,1.781,1.9257,2.089,2.2571,2.4194,2.5689,2.7019,2.8123,2.9003,2.9599,3.001,3.0401,3.0743,3.1026,3.1251,3.1427,3.1564,3.1681,3.1789,3.1887,3.1965,3.1975,3.1887,3.1701,3.1466,3.1163,3.0782,3.0293,2.9707,2.9032,2.8289,2.7498,2.6657,2.5806,2.5054,2.436,2.3636,2.2942,2.2317,2.175,2.1232,2.0772,2.0391,2.0049,1.9746,1.9482,1.9257,1.9091,1.8993,1.8915,1.8827,1.8739,1.8651,1.8534,1.8397,1.826,1.8113,1.7957,1.7791,1.7664,1.7566,1.7468,1.7351,1.7214,1.7048,1.6862,1.6676,1.6481,1.5885,1.5112,1.4692,1.4438,1.4282,1.4174,1.4066,1.3959,1.3842,1.3705,1.3558,1.346,1.3441,1.3578,1.393,1.4536,1.5249,1.608,1.7155,1.8377,1.9629,2.0782,2.1789,2.2581,2.3157,2.3539,2.3763,2.3881,2.3891,2.3832,2.3744,2.3636,2.3519,2.3412,2.3324,2.3245,2.3167,2.3089,2.3001,2.2903,2.2796,2.2669,2.2512,2.2336,2.2111,2.1808,2.1417,2.0968,2.0459,1.9912,1.9345,1.8798,1.8299,1.7898,1.7576,1.7283,1.7009,1.6784,1.6608,1.6471,1.6344,1.6227,1.6109,1.5992,1.5885,1.5777,1.567,1.5562,1.5435,1.5298,1.5161,1.5015,1.4868,1.4721,1.4575,1.4448,1.436,1.4291,1.4262,1.4242,1.4213,1.4184,1.4145,1.4115,1.4076,1.4027,1.2444,1.2278,1.219,1.2151,1.2141,1.217,1.2248,1.2405,1.2717,1.3128,1.3431,1.3656,1.3891,1.4076,1.4184,1.4223,1.4194,1.4145,1.4086,1.4076,1.4106,1.4135,1.4174,1.4223,1.4311,1.4516,1.4741,1.4917,1.5132,1.5367,1.5572,1.5718,1.5894,1.6139,1.6491,1.7009,1.7742,1.9032,2.0332,2.132,2.2463,2.3851,2.5044,2.5816,2.6422,2.694,2.7361,2.7605,2.7781,2.7918,2.8016,2.8074,2.8143,2.826,2.8387,2.8485,2.8622,2.8749,2.8847,2.8925,2.9022,2.911,2.9159,2.9159,2.9081,2.8915,2.868,2.8377,2.8035,2.7586,2.7175,2.6882,2.654,2.607,2.563,2.5279,2.4829,2.4291,2.3675,2.2972,2.219,2.1359,2.0635,1.999,1.9296,1.8465,1.7742,1.7253,1.6774,1.6266,1.5846,1.5552,1.5327,1.5269,1.5288,1.5406,1.5572,1.5748,1.6031,1.6491,1.7048,1.7429,1.782,1.8358,1.8749,1.9238,2.002,2.0938,2.1994,2.3118,2.4252,2.5269,2.6149,2.6891,2.7449,2.7791,2.7947,2.7957,2.7869,2.7713,2.7488,2.7204,2.6891,2.6559,2.6227,2.5924,2.563,2.5376,2.5152,2.4956,2.48,2.4673,2.4575,2.4497,2.4428,2.4389,2.437,2.436,2.434,2.4301,2.4252,2.4203,2.4164,2.4125,2.4066,2.3988,2.39,2.3803,2.3675,2.3519,2.3343,2.3167,2.3001,2.2845,2.2698,2.2581,2.2483,2.2395,2.2336,2.2307,2.2297,2.2297,2.2297,2.2297,2.2287,2.2258,2.2209,2.2121,2.2023,2.1916,2.176,2.1584,2.1417,2.1251,2.1105,2.0968,2.085,2.0762,2.0714,2.0723,2.0772,2.086,2.1007,2.1183,2.1349,2.1505,2.1662,2.1799,2.1906,2.1984,2.2043,2.2082,2.2121,2.2151,2.218,2.2209,2.2239,2.2268,2.2278,2.2287,2.2346,2.2532,2.2884,2.3451,2.4242,2.5034,2.5875,2.6911,2.8006,2.9052,2.9971,3.0723,3.13,3.172,3.2004,3.216,3.2199,3.2151,3.2023,3.1867,3.1691,3.1515,3.1349,3.1193,3.1046,3.0909,3.0782,3.0645,3.0489,3.0293,3.0059,2.9804,2.9482,2.9101,2.8661,2.8152,2.7615,2.7058,2.65,2.5973,2.5494,2.5073,2.4712,2.4428,2.4213,2.4037,2.3871,2.3724,2.3607,2.35,2.3402,2.3314,2.3245,2.3167,2.3089,2.3021,2.2952,2.2874,2.2776,2.2669,2.2551,2.2434,2.2326,2.2229,2.2121,2.2004,2.1896,2.1799,2.173,2.1681,2.1642,2.1613,2.1574,2.1525,2.1466,2.1417,2.1388,2.1369,2.1359,2.1359,2.1359,2.1339,2.13,2.1251,2.1202,2.1173,2.1183,2.129,2.1525,2.1926,2.2493,2.3216,2.4047,2.48,2.5484,2.6188,2.6813,2.7312,2.7664,2.7898,2.8045,2.8113,2.8133,2.8113,2.8084,2.8035,2.7977,2.7937,2.7889,2.781,2.7703,2.7556,2.737,2.7136,2.6852,2.65,2.609,2.5621,2.5171,2.4731,2.4242,2.3754,2.3275,2.2854,2.2483,2.216,2.1887,2.1662,2.1496,2.1388,2.1329,2.132,2.1329,2.1359,2.1427,2.1505,2.1584,2.1642,2.1681,2.172,2.176,2.1789,2.1818,2.1848,2.1867,2.1857,2.1838,2.1808,2.1769,2.173,2.1701,2.1662,2.1613,2.1564,2.1515,2.1466,2.1427,2.1378,2.1329,2.129,2.1251,2.1222,2.1212,2.1193,2.1183,2.1163,2.1124,1.8534,1.4663,1.2757,1.1906,1.1701,1.1965,1.263,1.3646,1.4946,1.6452,1.8025,1.9521,2.0841,2.1808,2.2483,2.303,2.3392,2.3587,2.3636,2.3539,2.3324,2.3021,2.2669,2.2317,2.1975,2.1642,2.1329,2.1056,2.0821,2.0567,2.0283,1.9971,1.9638,1.9267,1.8817,1.8299,1.7742,1.7126,1.6549,1.5992,1.5376,1.477,1.4203,1.3666,1.3177,1.2766,1.2434,1.217,1.1984,1.1867,1.1799,1.174,1.1642,1.1515,1.1359,1.1163,1.0929,1.0655,1.0362,1.0078,0.98631,0.97165,0.96285,0.95992,0.95992,0.95992,0.95797,0.95503,0.95015,0.94428,0.93451,0.9218,0.90811,0.89052,0.86901,0.85044,0.83578,0.81916,0.80156,0.78495,0.76735,0.74878,0.72923,0.7087,0.68915,0.67253,0.66373,0.66667,0.68426,0.72141,0.7869,0.88368,1.0098,1.1574,1.3167,1.477,1.6266,1.7576,1.8661,1.9531,2.0137,2.0518,2.0802,2.0987,2.1095,2.1134,2.1134,2.1075,2.0987,2.086,2.0694,2.0508,2.0313,2.0098,1.9853,1.9599,1.9345,1.9081,1.8778,1.8416,1.7977,1.7458,1.6852,1.6178,1.5455,1.4819,1.4233,1.3617,1.304,1.2512,1.2072,1.173,1.1505,1.1369,1.13,1.1271,1.1241,1.1202,1.1153,1.1105,1.1026,1.0919,1.0802,1.0694,1.0587,1.0479,1.0391,1.0332,1.0283,1.0254,1.0244,1.0244,1.0235,1.0225,1.0225,1.0225,1.0235,1.0274,1.0352,1.044,1.0538,1.0635,1.0714,1.0762,1.0802,1.0811,1.0772,1.0674,1.0508,1.0293,1.0088,0.99609,0.99707,1.0215,1.0753,1.1437,1.2326,1.3558,1.5005,1.653,1.7996,1.9316,2.042,2.1281,2.1935,2.2405,2.2717,2.2864,2.2864,2.2815,2.2727,2.261,2.2473,2.2326,2.217,2.2014,2.1857,2.173,2.1632,2.1574,2.1505,2.1408,2.1281,2.1095,2.0821,2.0401,1.9824,1.912,1.8338,1.7527,1.6735,1.6002,1.5396,1.4907,1.4487,1.4145,1.3871,1.3656,1.349,1.3372,1.3304,1.3265,1.3245,1.3206,1.3109,1.2991,1.2845,1.2639,1.2375,1.2082,1.1789,1.1525,1.129,1.1065,1.085,1.0635,1.0411,1.0205,1.0029,0.9824,0.96188,0.94233,0.92375,0.90616,0.89052,0.87879,0.87097,0.86413,0.85826,0.85435,0.85435,0.85728,0.85728,0.8563,0.85728,0.86315,0.97654,1.1574,1.2942,1.4291,1.5806,1.7546,1.9169,2.0704,2.2385,2.4018,2.5445,2.6628,2.7517,2.8113,2.8465,2.8602,2.8602,2.8495,2.8299,2.8055,2.7781,2.7498,2.7204,2.6891,2.6549,2.6197,2.5846,2.5503,2.5181,2.4868,2.4545,2.4223,2.3861,2.3412,2.2854,2.2199,2.1466,2.0655,1.9834,1.9042,1.8319,1.7683,1.7175,1.6764,1.6471,1.6266,1.607,1.5885,1.5699,1.5552,1.5435,1.5347,1.5269,1.5171,1.5044,1.4878,1.4721,1.4545,1.4291,1.3998,1.3715,1.347,1.3255,1.3089,1.3011,1.3011,1.3089,1.3245,1.346,1.3675,1.3871,1.4047,1.4184,1.4233,1.4184,1.4057,1.3871,1.3656,1.3441,1.3245,1.306,1.2923,1.2835,1.2805,1.2893,1.3167,1.3695,1.4545,1.5767,1.7341,1.9189,2.1183,2.3167,2.5024,2.6481,2.7595,2.8592,2.9374,2.9902,3.0166,3.0244,3.0186,3.0059,2.9912,2.9785,2.9658,2.9521,2.9404,2.9345,2.9316,2.9277,2.9179,2.9003,2.8739,2.8348,2.782,2.7185,2.6442,2.5601,2.479,2.3998,2.3099,2.217,2.1251,2.0391,1.9629,1.8983,1.8465,1.8074,1.7801,1.7605,1.7468,1.738,1.7322,1.7263,1.7204,1.7146,1.7107,1.7097,1.7107,1.7116,1.7107,1.7067,1.7019,1.696,1.6872,1.6725,1.651,1.6256,1.5943,1.5591,1.5239,1.4878,1.4555,1.4272,1.4008,1.3803,1.3636,1.346,1.3284,1.3109,1.2942,1.2786,1.262,1.2444,1.2229,1.2004,1.1838,1.175,1.1779,1.2023,1.2581,1.3519,1.4848,1.6491,1.8338,2.0274,2.217,2.391,2.5376,2.6549,2.7351,2.7849,2.8221,2.8456,2.8543,2.8524,2.8436,2.8289,2.8084,2.783,2.7546,2.7273,2.7019,2.6764,2.652,2.6276,2.6002,2.566,2.523,2.4731,2.4115,2.3353,2.2463,2.1457,2.0401,1.9462,1.8622,1.7761,1.6989,1.6364,1.5914,1.5611,1.5415,1.5269,1.5142,1.4995,1.4819,1.4663,1.4506,1.4301,1.4086,1.3871,1.3685,1.3529,1.3392,1.3255,1.3089,1.2923,1.2747,1.2551,1.2395,1.2258,1.2053,1.1808,1.1554,1.129,1.1036,1.0802,1.0616,1.0489,1.044,1.0459,1.0547,1.0684,1.0831,1.0958,1.1065,1.1134,1.1144,1.1085,1.0978,1.087,1.0841,1.1026,1.1525,1.2131,1.2952,1.4291,1.6002,1.7869,1.9736,2.1457,2.2952,2.4164,2.5083,2.5738,2.6168,2.6383,2.6481,2.653,2.652,2.6452,2.6344,2.6246,2.6188,2.6158,2.6139,2.6149,2.6168,2.6178,2.6139,2.6022,2.5816,2.5474,2.5005,2.4399,2.3646,2.2766,2.1818,2.0841,1.9844,1.8827,1.7947,1.7155,1.6305,1.5464,1.4643,1.3871,1.3177,1.259,1.2092,1.1662,1.131,1.1017,1.0753,1.0557,1.042,1.0274,1.0137,1,0.98338,0.96676,0.94917,0.93157,0.91398,0.89541,0.87586,0.86022,0.84457,0.82209,0.79765,0.77126,0.74389,0.71457,0.68719,0.6608,0.63636,0.61193,0.58749,0.56305,0.54643,0.53568,0.51808,0.49756,0.47801,0.46041,0.45357,0.46823,0.5132,0.59629,0.72336,0.8915,1.0655,1.2493,1.4633,1.6852,1.9003,2.0938,2.2581,2.392,2.4956,2.5718,2.6246,2.6598,2.6823,2.6901,2.6882,2.6813,2.6706,2.6579,2.6422,2.6276,2.6119,2.5943,2.5699,2.5367,2.4966,2.4536,2.4057,2.3451,2.2747,2.1945,2.1085,2.0235,1.9433,1.869,1.7996,1.74,1.6891,1.6442,1.61,1.5826,1.5552,1.5298,1.5064,1.4839,1.4614,1.4379,1.4145,1.39,1.3666,1.3441,1.3284,1.3157,1.3001,1.2835,1.2649,1.2454,1.2268,1.2082,1.1896,1.173,1.1574,1.1437,1.1369,1.132,1.1232,1.1124,1.1017,1.0899,1.0782,1.0665,1.0547,1.043,1.0313,1.0186,1.0039,0.99022,0.97752,0.9609,0.94624,0.94037,0.94917,0.98436,1.0567,1.173,1.3294,1.5181,1.7243,1.9071,2.0674,2.2287,2.3724,2.4888,2.5787,2.6461,2.6931,2.7234,2.74,2.7449,2.74,2.7253,2.7028,2.6755,2.6452,2.6168,2.5904,2.565,2.5376,2.5054,2.4721,2.434,2.39,2.3372,2.2845,2.2268,2.1525,2.0645,1.9668,1.8612,1.7498,1.6393,1.5347,1.4418,1.3617,1.2952,1.2405,1.2033,1.175,1.1496,1.1261,1.1026,1.0782,1.0528,1.0235,0.99413,0.96872,0.94721,0.92864,0.91984,0.91691,0.91398,0.91398,0.91691,0.91887,0.91593,0.91202,0.90714,0.89834,0.88465,0.86901,0.85239,0.84164,0.83284,0.81818,0.79668,0.77419,0.75367,0.73314,0.71065,0.68817,0.66178,0.6305,0.59629,0.57185,0.55523,0.54154,0.54448,0.57771,0.65005,0.7654,1.0371,1.393,1.6696,1.9013,2.0987,2.2649,2.3891,2.4829,2.566,2.6334,2.6843,2.7204,2.7429,2.7556,2.7595,2.7566,2.7498,2.74,2.7273,2.7136,2.6989,2.6833,2.6657,2.6422,2.6139,2.5806,2.5415,2.4966,2.4438,2.3842,2.3167,2.2532,2.1906,2.1183,2.042,1.9668,1.8925,1.8231,1.7605,1.7048,1.6569,1.6158,1.5797,1.5543,1.5357,1.5181,1.5015,1.4868,1.4731,1.4594,1.4477,1.4379,1.4301,1.4233,1.4164,1.4086,1.4066,1.4066,1.4037,1.3998,1.3959,1.3939,1.3949,1.3978,1.4027,1.4076,1.4115,1.4115,1.4135,1.4154,1.4115,1.4018,1.3861,1.3656,1.3392,1.3099,1.2766,1.2424,1.2111,1.1877,1.1818,1.1994,1.2463,1.3304,1.4536,1.6139,1.7986,1.9912,2.1799,2.35,2.4956,2.6158,2.7107,2.7771,2.8221,2.8573,2.8827,2.8993,2.9091,2.913,2.912,2.9062,2.8974,2.8876,2.8759,2.8622,2.8475,2.8319,2.8133,2.7908,2.7625,2.7263,2.6804,2.6237,2.5562,2.48,2.3978,2.3148,2.2434,2.1818,2.1212,2.0684,2.0264,1.9971,1.9785,1.9677,1.9638,1.9658,1.9707,1.9756,1.9804,1.9863,1.9892,1.9873,1.9814,1.9687,1.9482,1.9198,1.8837,1.8407,1.7947,1.7478,1.7038,1.6706,1.6432,1.6139,1.5855,1.5591,1.5376,1.52,1.5064,1.4966,1.4917,1.4897,1.4888,1.4907,1.4946,1.4966,1.4946,1.4878,1.477,1.4614,1.4418,1.4203,1.4027,1.3998,1.4174,1.4653,1.5327,1.6237,1.7517,1.9062,2.0743,2.2424,2.3988,2.5347,2.6452,2.7292,2.7908,2.8328,2.8563,2.868,2.8759,2.8798,2.8817,2.8827,2.8827,2.8837,2.8856,2.8876,2.8905,2.8905,2.8876,2.8817,2.871,2.8553,2.8289,2.7889,2.7322,2.6618,2.5806,2.4927,2.4008,2.3109,2.2268,2.1603,2.1085,2.0587,2.0156,1.9824,1.9589,1.9404,1.9257,1.913,1.9013,1.8905,1.8798,1.8719,1.87,1.869,1.8651,1.8592,1.8514,1.8426,1.8328,1.8221,1.8074,1.7898,1.7713,1.7576,1.7507,1.7468,1.7419,1.737,1.7322,1.7263,1.7165,1.7038,1.6901,1.6735,1.6569,1.6393,1.6217,1.609,1.5973,1.5806,1.5621,1.5415,1.5191,1.5015,1.4966,1.5152,1.564,1.65,1.7742,1.9062,2.0469,2.2239,2.4194,2.6119,2.783,2.9257,3.0391,3.1222,3.1808,3.2219,3.2502,3.2669,3.2708,3.2659,3.2561,3.2405,3.2209,3.1965,3.1681,3.1408,3.1153,3.089,3.0616,3.0313,3,2.9638,2.9169,2.8592,2.7908,2.7107,2.6207,2.5239,2.4252,2.3304,2.2463,2.175,2.1173,2.0772,2.0499,2.0274,2.0068,1.9863,1.9629,1.9365,1.9071,1.8749,1.8397,1.7996,1.7576,1.7234,1.6931,1.6588,1.6246,1.5894,1.5543,1.522,1.4936,1.4692,1.4497,1.434,1.4233,1.4194,1.4233,1.433,1.4438,1.4545,1.4663,1.4761,1.4829,1.4848,1.4809,1.4731,1.4604,1.4428,1.4291,1.4194,1.4076,1.3969,1.392,1.4008,1.435,1.5015,1.607,1.7527,1.9345,2.1408,2.3314,2.5064,2.6891,2.8612,3.0098,3.1281,3.216,3.2766,3.3128,3.3294,3.3333,3.3294,3.3216,3.3089,3.2923,3.2737,3.2522,3.2297,3.2072,3.1828,3.1554,3.1241,3.085,3.0371,2.9795,2.9189,2.8514,2.7674,2.6706,2.565,2.4536,2.3421,2.2336,2.131,2.0381,1.958,1.8935,1.8416,1.8035,1.7761,1.7517,1.7292,1.7097,1.694,1.6784,1.6618,1.6452,1.6276,1.607,1.5816,1.5591,1.5357,1.5064,1.4712,1.4301,1.3861,1.3421,1.3011,1.2639,1.2307,1.1994,1.172,1.1525,1.1447,1.1417,1.1388,1.1359,1.132,1.1251,1.1163,1.1056,1.0948,1.0831,1.0714,1.0596,1.0538,1.0528,1.0518,1.0606,1.088,1.1457,1.2424,1.3793,1.5533,1.7537,1.9638,2.172,2.3646,2.5152,2.6315,2.7361,2.8201,2.8827,2.9247,2.9501,2.9629,2.9658,2.9648,2.9599,2.9541,2.9482,2.9423,2.9394,2.9384,2.9374,2.9355,2.9306,2.9189,2.8983,2.869,2.8309,2.781,2.7175,2.652,2.5806,2.4936,2.3959,2.2923,2.1906,2.0958,2.0117,1.9433,1.8915,1.8553,1.8348,1.827,1.8289,1.8377,1.8495,1.8592,1.8661,1.868,1.8641,1.8553,1.8407,1.8211,1.7967,1.7664,1.74,1.7146,1.6862,1.6569,1.6295,1.6051,1.5855,1.5718,1.5621,1.5533,1.5464,1.5396,1.5367,1.5347,1.5298,1.52,1.5073,1.4956,1.4839,1.4721,1.4585,1.4428,1.4282,1.4164,1.4106,1.4145,1.436,1.4829,1.566,1.6882,1.8475,2.0371,2.1848,2.2991,2.4418,2.5836,2.7087,2.7986,2.8622,2.913,2.9472,2.9648,2.9668,2.9521,2.9257,2.8905,2.8504,2.8094,2.7713,2.7341,2.7019,2.6755,2.652,2.6295,2.607,2.5816,2.5523,2.5191,2.478,2.4282,2.3695,2.304,2.2424,2.1867,2.1271,2.0704,2.0225,1.9834,1.9511,1.9247,1.9022,1.8837,1.8671,1.8514,1.8328,1.8152,1.7977,1.7761,1.7527,1.7273,1.7038,1.6794,1.651,1.6237,1.5973,1.5738,1.5543,1.5406,1.5298,1.5171,1.5034,1.4927,1.4829,1.4731,1.4653,1.4585,1.4526,1.4487,1.4477,1.4516,1.4575,1.4624,1.4692,1.477,1.4848,1.4907,1.4917,1.4878,1.4751,1.4575,1.4409,1.435,1.4448,1.477,1.5396,1.6373,1.7693,1.9286,2.1036,2.2805,2.4467,2.5934,2.7146,2.8065,2.8661,2.9022,2.9277,2.9404,2.9423,2.9374,2.9257,2.9071,2.8827,2.8563,2.8328,2.8123,2.7928,2.7742,2.7566,2.74,2.7214,2.6989,2.6725,2.6393,2.5943,2.5376,2.4692,2.391,2.304,2.2239,2.1476,2.0665,1.9863,1.9091,1.8368,1.7713,1.7126,1.6588,1.6119,1.5709,1.5347,1.5054,1.4858,1.4741,1.4682,1.4682,1.4702,1.4741,1.478,1.4819,1.4819,1.477,1.4663,1.4497,1.433,1.4184,1.4008,1.3822,1.3636,1.348,1.3353,1.3265,1.3196,1.3118,1.304,1.2952,1.2845,1.2766,1.2717,1.2639,1.2561,1.2512,1.2512,1.2561,1.2649,1.2796,1.305,1.348,1.4184,1.5015,1.6031,1.7429,1.914,2.1026,2.2952,2.477,2.6344,2.7605,2.8543,2.9179,2.956,2.9746,2.9795,2.9765,2.9707,2.9629,2.9541,2.9443,2.9345,2.9228,2.911,2.9003,2.8866,2.87,2.8514,2.8309,2.8055,2.7722,2.7302,2.6764,2.6119,2.5376,2.4585,2.3773,2.2972,2.2219,2.1505,2.0919,2.044,1.9971,1.9531,1.914,1.8837,1.8592,1.8397,1.8221,1.8055,1.7898,1.7771,1.7693,1.7615,1.7507,1.739,1.7263,1.7107,1.6911,1.6676,1.6383,1.6041,1.5679,1.5308,1.4936,1.4643,1.4389,1.4135,1.393,1.3793,1.3715,1.3656,1.3607,1.3539,1.346,1.3363,1.3265,1.3206,1.3167,1.3079,1.2942,1.2747,1.2512,1.2278,1.2082,1.2004,1.2131,1.2571,1.3412,1.4643,1.5973,1.7165,1.8622,2.0479,2.2414,2.4213,2.5758,2.6989,2.7918,2.8583,2.9022,2.9286,2.9374,2.9365,2.9316,2.9238,2.914,2.9042,2.8935,2.8827,2.871,2.8602,2.8475,2.8309,2.8104,2.783,2.7478,2.7038,2.6481,2.5797,2.4985,2.4115,2.3196,2.2248,2.1281,2.0313,1.9384,1.8592,1.7889,1.7126,1.6383,1.567,1.5005,1.4409,1.3871,1.3392,1.2962,1.259,1.2258,1.1994,1.1769,1.1535,1.13,1.1075,1.088,1.0753,1.0684,1.0665,1.0694,1.0782,1.0929,1.1114,1.132,1.1535,1.175,1.1975,1.219,1.2366,1.2493,1.2571,1.26,1.2581,1.2542,1.2502,1.2483,1.2473,1.2434,1.2405,1.2405,1.2444,1.2542,1.2796,1.3284,1.4096,1.5259,1.6755,1.8514,2.0176,2.175,2.347,2.5103,2.651,2.7634,2.8465,2.9042,2.9404,2.957,2.958,2.9482,2.9306,2.9091,2.8905,2.8768,2.868,2.8671,2.8719,2.8798,2.8895,2.8983,2.9032,2.9003,2.8866,2.8651,2.8348,2.7937,2.7419,2.6813,2.61,2.5308,2.4477,2.3636,2.2815,2.2023,2.1261,2.0616,2.0068,1.9511,1.8954,1.8416,1.7937,1.7507,1.7097,1.6706,1.6354,1.6051,1.5806,1.5591,1.5435,1.5279,1.5073,1.4819,1.4536,1.4223,1.3871,1.35,1.3128,1.2776,1.2454,1.218,1.1994,1.1838,1.1652,1.1447,1.1232,1.0997,1.0733,1.044,1.0108,0.97849,0.94819,0.9218,0.90127,0.8915,0.88954,0.88856,0.89052,0.90323,0.93451,0.99316,1.085,1.217,1.3861,1.5855,1.8055,2.0029,2.1808,2.3636,2.5327,2.6735,2.782,2.8592,2.9062,2.9277,2.9306,2.9208,2.9013,2.8778,2.8534,2.8299,2.8113,2.7977,2.7869,2.7742,2.7595,2.7439,2.7253,2.7038,2.6774,2.6471,2.6149,2.5797,2.5367,2.4858,2.4262,2.3578,2.2845,2.2082,2.132,2.0577,1.9853,1.915,1.8495,1.7967,1.7527,1.7048,1.6559,1.6041,1.5513,1.4995,1.4487,1.3988,1.3529,1.3109,1.2737,1.2493,1.2326,1.218,1.2063,1.1994,1.1955,1.1965,1.2023,1.2111,1.2199,1.2258,1.2287,1.2268,1.2239,1.2151,1.1945,1.1662,1.1339,1.1017,1.0733,1.0518,1.0401,1.0381,1.0459,1.0596,1.0772,1.0978,1.1193,1.1437,1.1779,1.2268,1.2991,1.4037,1.563,1.7644,1.9756,2.1896,2.3705,2.5249,2.6813,2.8211,2.9345,3.0196,3.0802,3.1212,3.1437,3.1505,3.1476,3.1369,3.1193,3.0948,3.0684,3.0401,3.0098,2.9785,2.9472,2.913,2.871,2.8221,2.7654,2.6999,2.6256,2.5533,2.477,2.3851,2.2845,2.1769,2.0655,1.955,1.8504,1.7527,1.6637,1.5836,1.5112,1.4448,1.3939,1.3558,1.3148,1.2757,1.2405,1.2082,1.1808,1.1593,1.1408,1.1232,1.1065,1.0899,1.0802,1.0762,1.0723,1.0684,1.0665,1.0645,1.0606,1.0557,1.0508,1.0459,1.0411,1.0352,1.0303,1.0303,1.0303,1.0303,1.0303,1.0303,1.0196,1.0225,1.0264,1.0313,1.0362,1.0411,1.0459,1.0538,1.0635,1.0723,1.086,1.1144,1.1672,1.2512,1.3724,1.5318,1.7165,1.9159,2.1183,2.3089,2.4624,2.5846,2.6979,2.7947,2.8729,2.9316,2.9756,3.0117,3.043,3.0694,3.0909,3.1075,3.1153,3.1153,3.1134,3.1075,3.0958,3.0811,3.0616,3.0401,3.0156,2.9863,2.9482,2.9013,2.8436,2.782,2.7136,2.6325,2.5425,2.4487,2.3578,2.2747,2.2033,2.1427,2.0919,2.0528,2.0225,1.999,1.9795,1.956,1.9286,1.8964,1.8592,1.8162,1.7664,1.7136,1.6598,1.607,1.5552,1.5044,1.4633,1.4252,1.3803,1.3324,1.2835,1.2366,1.1926,1.1515,1.1124,1.0753,1.043,1.0166,0.99902,0.98631,0.9697,0.95015,0.92864,0.90616,0.88368,0.86608,0.85924,0.87195,0.91202,0.98631,1.0958,1.216,1.35,1.5161,1.6979,1.8827,2.0587,2.2131,2.3431,2.4487,2.5308,2.5914,2.6325,2.6549,2.6647,2.6667,2.6608,2.6461,2.6217,2.5865,2.5415,2.4907,2.433,2.3724,2.3138,2.2581,2.2111,2.173,2.1378,2.1095,2.087,2.0704,2.0596,2.0518,2.045,2.0391,2.0332,2.0274,2.0225,2.0156,2.0068,1.9971,1.9863,1.9756,1.9677,1.9638,1.9648,1.9736,1.9883,2.0068,2.0225,2.0362,2.0489,2.0567,2.0547,2.0401,2.0127,1.9707,1.9179,1.8592,1.7986,1.74,1.6872,1.6471,1.6178,1.5924,1.5728,1.5611,1.5552,1.5503,1.5435,1.5347,1.5249,1.5142,1.5005,1.4897,1.48,1.4663,1.4487,1.4272,1.4027,1.3793,1.3568,1.3343,1.3148,1.3001,1.2903,1.2854,1.2864,1.2933,1.3245,1.3675,1.3939,1.4106,1.4213,1.4291,1.433,1.433,1.4321,1.4311,1.4321,1.4321,1.4311,1.4311,1.4311,1.4311,1.4311,1.4311,1.4311,1.4291,1.4262,1.4213,1.4135,1.4057,1.3969,1.3832,1.3666,1.347,1.3284,1.3109,1.2952,1.2815,1.2717,1.2669,1.2659,1.2708,1.2776,1.2835,1.2884,1.2933,1.2981,1.303,1.3069,1.3089,1.3099,1.3099,1.3099,1.3099,1.3118,1.3157,1.3177,1.3196,1.3236,1.3314,1.3431,1.3587,1.3754,1.392,1.4066,1.4164,1.4223,1.4262,1.4282,1.4291,1.4301,1.4301,1.4311,1.434,1.4379,1.4399,1.4379,1.435,1.433,1.433,1.433,1.433,1.433,1.433,1.433,1.4301,1.4252,1.4203,1.4194,1.4272,1.4545,1.4976,1.566,1.6735,1.8182,1.9951,2.1926,2.3978,2.5953,2.7742,2.9267,3.0508,3.1457,3.2141,3.2522,3.2688,3.2757,3.2717,3.2551,3.2287,3.1945,3.1554,3.1144,3.0723,3.0313,2.9892,2.9482,2.9052,2.8583,2.8045,2.7439,2.6784,2.609,2.5357,2.4594,2.3832,2.3079,2.2375,2.174,2.1241,2.0841,2.0489,2.0225,2.0029,1.9883,1.9765,1.9668,1.956,1.9423,1.9286,1.9159,1.9052,1.8964,1.8866,1.8778,1.869,1.8602,1.8495,1.8377,1.825,1.8113,1.7996,1.7918,1.7849,1.781,1.7791,1.7791,1.781,1.7849,1.7889,1.7928,1.7977,1.8025,1.8065,1.8084,1.8074,1.8065,1.8035,1.7957,1.783,1.7634,1.74,1.7146,1.6882,1.6608,1.6334,1.608,1.5875,1.5738,1.5699,1.5797,1.61,1.6686,1.7595,1.8807,2.0283,2.1906,2.3578,2.5191,2.6637,2.7889,2.8788,2.9413,2.9932,3.0313,3.0567,3.0694,3.0714,3.0635,3.0508,3.0342,3.0137,2.9902,2.9619,2.9296,2.8925,2.8514,2.8055,2.7566,2.7058,2.652,2.5963,2.5347,2.4673,2.3939,2.3157,2.2434,2.175,2.1036,2.0352,1.9756,1.9277,1.8925,1.8719,1.8622,1.8602,1.8602,1.8602,1.8602,1.8602,1.8592,1.8563,1.8514,1.8426,1.8319,1.8192,1.8065,1.7908,1.7713,1.7488,1.7234,1.7009,1.6764,1.6461,1.6129,1.5816,1.5503,1.521,1.4927,1.4663,1.4438,1.4233,1.4037,1.3891,1.3773,1.3646,1.3529,1.3431,1.3343,1.3265,1.3196,1.3128,1.2405,1.1388,1.0909,1.0811,1.0978,1.1408,1.219,1.3304,1.4712,1.6334,1.8055,1.9756,2.1339,2.2757,2.3969,2.4946,2.5621,2.607,2.6452,2.6745,2.694,2.7048,2.7087,2.7067,2.6989,2.6882,2.6755,2.6628,2.6491,2.6334,2.6139,2.5914,2.564,2.5269,2.4809,2.4252,2.3597,2.2874,2.2111,2.132,2.0538,1.9863,1.9247,1.8622,1.8055,1.7566,1.7165,1.6843,1.6608,1.6452,1.6373,1.6325,1.6266,1.6188,1.6109,1.6012,1.5875,1.567,1.5415,1.5122,1.4829,1.4545,1.4272,1.4018,1.3803,1.3607,1.3451,1.3324,1.3196,1.306,1.2923,1.2766,1.2571,1.2366,1.2141,1.1887,1.1642,1.1408,1.1183,1.1026,1.0899,1.0723,1.0538,1.0352,1.0166,1.001,0.98631,0.97361,0.96872,0.97752,1.0068,1.0499,1.1105,1.2004,1.3187,1.4575,1.61,1.7644,1.911,2.0391,2.1466,2.2317,2.2962,2.3421,2.3675,2.3763,2.3754,2.3636,2.3431,2.3157,2.2835,2.2493,2.2141,2.1808,2.1515,2.1261,2.1017,2.0762,2.0459,2.0088,1.9619,1.9052,1.8387,1.7664,1.6911,1.6168,1.5484,1.4868,1.434,1.3949,1.3666,1.3421,1.3236,1.3089,1.2972,1.2874,1.2776,1.2678,1.259,1.2512,1.2444,1.2414,1.2395,1.2356,1.2278,1.216,1.1994,1.1818,1.1662,1.1535,1.1437,1.1388,1.1398,1.1447,1.1535,1.1623,1.1672,1.1691,1.1642,1.1496,1.1241,1.088,1.045,0.99902,0.9521,0.90811,0.87586,0.85142,0.82698,0.8045,0.78397,0.76637,0.75073,0.73803,0.73314,0.73998,0.7654,0.81818,0.88661,0.97263,1.0899,1.2287,1.3773,1.5239,1.6608,1.781,1.8788,1.9501,1.9922,2.0078,1.999,1.9765,1.9404,1.8856,1.8201,1.7498,1.6804,1.6139,1.5543,1.5044,1.4643,1.434,1.4115,1.3949,1.3812,1.3646,1.3421,1.3109,1.2649,1.2033,1.129,1.042,0.94428,0.84164,0.739,0.64027,0.56109,0.4956,0.42717,0.36168,0.30401,0.25415,0.20821,0.1652,0.12317,0.083089,0.046921,0.02346,0.01173,0.0058651,0.0029326,0.00097752,0,0.26197,0.65787,0.86608,0.98534,1.0655,1.132,1.1994,1.2776,1.3705,1.4809,1.5894,1.6989,1.8231,1.9521,2.0792,2.1994,2.3089,2.4057,2.4868,2.5533,2.6061,2.6442,2.6696,2.6852,2.6989,2.7126,2.7263,2.738,2.7478,2.7566,2.7625,2.7634,2.7605,2.7527,2.739,2.7214,2.6979,2.6647,2.6237,2.5728,2.5171,2.4594,2.4027,2.349,2.3021,2.263,2.2317,2.2111,2.1984,2.1896,2.1838,2.1808,2.1789,2.1779,2.1779,2.1779,2.1779,2.1779,2.1779,2.1789,2.1828,2.1877,2.1926,2.1984,2.2063,2.216,2.2278,2.2405,2.2522,2.263,2.2727,2.2805,2.2864,2.2923,2.2962,2.2981,2.2981,2.2952,2.2913,2.2854,2.2786,2.2698,2.259,2.2463,2.2326,2.2199,2.2072,2.1926,2.1769,2.1603,2.1447,2.1369,2.1398,2.1584,2.1935,2.2444,2.305,2.435,2.5494,2.6432,2.7165,2.7713,2.8104,2.8368,2.8534,2.8592,2.8612,2.8651,2.869,2.8739,2.8807,2.8856,2.8895,2.8925,2.8935,2.8895,2.8807,2.8661,2.8456,2.8201,2.7869,2.7449,2.694,2.6334,2.564,2.4897,2.4135,2.3372,2.2639,2.1955,2.1398,2.0919,2.0459,2.0039,1.9658,1.9296,1.8964,1.8641,1.8348,1.8084,1.7859,1.7674,1.7527,1.741,1.7312,1.7224,1.7146,1.7077,1.7028,1.6999,1.697,1.694,1.6911,1.6872,1.6813,1.6764,1.6706,1.6628,1.654,1.6422,1.6276,1.6119,1.5953,1.5806,1.567,1.5543,1.5425,1.5347,1.5269,1.5171,1.5073,1.4976,1.4917,1.4927,1.5064,1.5367,1.5894,1.6676,1.7722,1.8974,2.0156,2.131,2.261,2.3881,2.5044,2.6041,2.6833,2.7458,2.7908,2.8211,2.8397,2.8456,2.8407,2.828,2.8113,2.7898,2.7664,2.7419,2.7175,2.6921,2.6676,2.6442,2.6207,2.5963,2.5699,2.5415,2.5093,2.4692,2.4223,2.3675,2.306,2.2405,2.174,2.1095,2.0499,1.9971,1.9511,1.9169,1.8905,1.869,1.8514,1.8348,1.8182,1.8016,1.783,1.7605,1.7341,1.7048,1.6725,1.5689,1.434,1.3529,1.2942,1.2473,1.2063,1.1691,1.1349,1.1026,1.0684,1.0323,0.99609,0.9609,0.93157,0.90811,0.88563,0.86706,0.85435,0.84653,0.84164,0.83969,0.83969,0.83871,0.83578,0.83284,0.82893,0.826,0.82111,0.81329,0.80645,0.80743,0.82405,0.86413,0.93646,1.044,1.1848,1.3539,1.5425,1.7126,1.8651,2.0254,2.175,2.306,2.4125,2.4946,2.5552,2.5973,2.6227,2.6354,2.6383,2.6354,2.6256,2.6129,2.6022,2.5924,2.5836,2.5748,2.566,2.5543,2.5376,2.5142,2.48,2.433,2.3793,2.3167,2.2385,2.1486,2.0489,1.9472,1.8475,1.7527,1.6696,1.6002,1.5445,1.5015,1.4673,1.4428,1.4242,1.4057,1.3891,1.3715,1.3539,1.3372,1.3206,1.303,1.2854,1.2678,1.2473,1.2287,1.2092,1.1828,1.1525,1.1222,1.0919,1.0606,1.0332,1.0147,1.0098,1.0244,1.0635,1.132,1.2131,1.3089,1.435,1.5777,1.7243,1.8631,1.9853,2.0841,2.1574,2.2033,2.2278,2.2356,2.2307,2.216,2.1926,2.1613,2.1232,2.0792,2.0313,1.9795,1.9218,1.8583,1.7898,1.7185,1.654,1.5934,1.5298,1.4692,1.4154,1.3666,1.3255,1.2942,1.2698,1.2483,1.2287,1.2082,1.1848,1.1632,1.1437,1.1134,1.0841,1.0616,1.0352,1,0.96676,0.94037,0.90714,0.86901,0.82796,0.79374,0.76637,0.72825,0.68622,0.65885,0.63734,0.60704,0.57967,0.56012,0.53861,0.51124,0.4868,0.47019,0.45846,0.4477,0.43109,0.4174,0.41447,0.44184,0.48094,0.52199,0.58847,0.69404,0.79374,0.86413,0.92864,0.99609,1.0538,1.0909,1.1232,1.1525,1.1789,1.2014,1.2199,1.2375,1.2502,1.26,1.2717,1.2864,1.2991,1.3089,1.3206,1.3333,1.3451,1.3539,1.3587,1.3587,1.3617,1.3685,1.3832,1.4418,1.5103,1.5846,1.7116,1.9316,2.1486,2.305,2.4712,2.6481,2.7918,2.8778,2.9443,2.9853,3.0049,3.0108,3.0108,3.0049,2.9873,2.9599,2.9228,2.8602,2.7977,2.7507,2.697,2.6315,2.5738,2.5327,2.4878,2.4291,2.3754,2.3314,2.2747,2.1867,2.1007,2.0342,1.9531,1.8397,1.7361,1.653,1.5621,1.4858,1.4242,1.3763,1.3441,1.3177,1.2913,1.2717,1.2542,1.2366,1.2209,1.2043,1.1799,1.1515,1.1202,1.088,1.1691,1.3128,1.3822,1.4194,1.4448,1.4663,1.4848,1.5024,1.5181,1.5318,1.5425,1.5513,1.5582,1.5621,1.564,1.565,1.567,1.5718,1.5777,1.5836,1.5914,1.6012,1.6158,1.6334,1.651,1.6667,1.6784,1.6862,1.6891,1.6901,1.6921,1.7019,1.7204,1.7527,1.8094,1.8915,1.9961,2.1163,2.2414,2.3597,2.4633,2.5455,2.6051,2.6432,2.6598,2.6608,2.654,2.6383,2.6188,2.5953,2.5679,2.5386,2.5073,2.4751,2.4428,2.4125,2.3861,2.3607,2.3343,2.306,2.2757,2.2395,2.1945,2.1417,2.0802,2.0098,1.9326,1.8514,1.7693,1.6989,1.6364,1.5689,1.5044,1.4448,1.3939,1.35,1.3128,1.2825,1.261,1.2473,1.2405,1.2395,1.2414,1.2424,1.2424,1.2424,1.2424,1.2424,1.2424,1.2424,1.2424,1.2434,1.2454,1.2483,1.2542,1.263,1.2727,1.2835,1.2962,1.3079,1.3187,1.3275,1.3333,1.3372,1.3363,1.3304,1.3236,1.3148,1.3001,1.2805,1.26,1.2414,1.2258,1.2111,1.1984,1.1906,1.1926,1.2072,1.2414,1.2893,1.3548,1.4536,1.5816,1.7302,1.8895,2.0479,2.1975,2.3284,2.437,2.522,2.5836,2.6227,2.6461,2.6647,2.6774,2.6872,2.6931,2.694,2.6911,2.6843,2.6735,2.6588,2.6393,2.6149,2.5875,2.5562,2.52,2.478,2.4301,2.3773,2.3187,2.2561,2.1916,2.1281,2.0655,2.0049,1.9531,1.9081,1.8661,1.828,1.7967,1.7713,1.7527,1.738,1.7253,1.7126,1.6979,1.6813,1.6637,1.6481,1.6305,1.609,1.5836,1.5552,1.5259,1.4966,1.4673,1.4409,1.4174,1.3978,1.3812,1.3695,1.3607,1.3519,1.3421,1.3324,1.3226,1.3128,1.305,1.2972,1.2913,1.2884,1.2913,1.3069,1.3314,1.3675,1.4252,1.5054,1.6041,1.7155,1.8328,1.9472,2.0518,2.1427,2.218,2.2757,2.3138,2.3372,2.3529,2.3607,2.3617,2.3558,2.346,2.3314,2.3138,2.2952,2.2757,2.2561,2.2356,2.216,2.1975,2.175,2.1466,2.1105,2.0674,2.0176,1.9638,1.9062,1.8485,1.7937,1.7429,1.7028,1.6696,1.6344,1.6022,1.5738,1.5513,1.5347,1.523,1.5152,1.5093,1.5044,1.4976,1.4868,1.477,1.4663,1.4506,1.433,1.4125,1.392,1.3715,1.3509,1.3294,1.3069,1.2845,1.262,1.2023,1.1212,1.0635,1.0166,0.97654,0.94037,0.90714,0.87488,0.84457,0.81525,0.78788,0.76051,0.73509,0.71848,0.71065,0.70283,0.69795,0.69795,0.70381,0.71457,0.72923,0.74878,0.77126,0.79374,0.81623,0.83969,0.86315,0.88368,0.89834,0.90616,0.90811,0.91007,0.91984,0.94819,1.0078,1.1075,1.2493,1.4291,1.607,1.7849,1.9863,2.1857,2.3666,2.5191,2.6393,2.7243,2.783,2.8211,2.8426,2.8524,2.8514,2.8426,2.8319,2.8172,2.7977,2.7742,2.7478,2.7214,2.694,2.6657,2.6344,2.6031,2.5718,2.5386,2.4995,2.4536,2.3978,2.3304,2.2483,2.1544,2.0508,1.9413,1.8299,1.7224,1.6217,1.5406,1.4731,1.4096,1.3548,1.3109,1.2776,1.2561,1.2454,1.2444,1.2512,1.2659,1.2864,1.3089,1.3314,1.3519,1.3685,1.3822,1.393,1.3998,1.4057,1.4106,1.4135,1.4125,1.4086,1.4018,1.3949,1.3851,1.3705,1.3519,1.3294,1.305,1.2776,1.2473,1.216,1.1867,1.1613,1.1378,1.1202,1.1075,1.0938,1.0831,1.0714,1.0596,1.0479,1.0381,1.0362,1.0479,1.085,1.1574,1.2669,1.3871,1.5239,1.697,1.8866,2.0782,2.2571,2.4145,2.5464,2.652,2.7312,2.7889,2.827,2.8465,2.8543,2.8583,2.8573,2.8534,2.8465,2.8358,2.824,2.8113,2.7977,2.7791,2.7566,2.7302,2.6989,2.6628,2.6168,2.5601,2.4936,2.4194,2.3382,2.2493,2.1574,2.0645,1.9736,1.8895,1.8221,1.7654,1.7087,1.6569,1.6109,1.5709,1.5347,1.5024,1.4702,1.4389,1.4076,1.3754,1.3431,1.3196,1.3001,1.2796,1.26,1.2434,1.2317,1.2248,1.2219,1.2199,1.218,1.217,1.218,1.2199,1.2239,1.2258,1.2287,1.2346,1.2434,1.2551,1.2698,1.2884,1.3109,1.3343,1.3587,1.3842,1.4086,1.4301,1.4516,1.4702,1.4839,1.4976,1.5171,1.5474,1.5982,1.6774,1.7869,1.9267,2.0674,2.2121,2.3822,2.5552,2.7175,2.8583,2.9746,3.0645,3.13,3.174,3.2004,3.2131,3.2151,3.2053,3.1877,3.1711,3.1544,3.1349,3.1134,3.0919,3.0684,3.044,3.0156,2.9804,2.9374,2.8905,2.8368,2.7722,2.6989,2.6178,2.5298,2.4379,2.3451,2.2542,2.1681,2.0909,2.0244,1.9697,1.9306,1.9013,1.8739,1.8504,1.8289,1.8055,1.8035,1.8133,1.8065,1.7898,1.7674,1.7419,1.7195,1.6979,1.6725,1.6442,1.6158,1.5894,1.564,1.5425,1.5249,1.5132,1.5073,1.5093,1.5152,1.5249,1.5376,1.5523,1.5689,1.5846,1.5992,1.6119,1.6237,1.6354,1.6461,1.6549,1.6628,1.6706,1.6764,1.6794,1.6804,1.6813,1.6833,1.6911,1.7107,1.7498,1.8133,1.9062,2.0264,2.1457,2.2698,2.4174,2.5718,2.7185,2.8514,2.9629,3.0508,3.1144,3.1584,3.1867,3.2033,3.2102,3.2063,3.1965,3.1887,3.1808,3.175,3.172,3.1701,3.1672,3.1632,3.1584,3.1525,3.1417,3.1222,3.0948,3.0616,3.0186,2.9648,2.9062,2.8436,2.7791,2.7185,2.6618,2.6139,2.5738,2.5406,2.5142,2.4917,2.4731,2.4585,2.4457,2.435,2.4272,2.4223,2.4154,2.4086,2.4037,2.3998,2.3939,2.3891,2.3861,2.3851,2.3842,2.3842,2.3851,2.3861,2.3871,2.3891,2.392,2.3969,2.4066,2.4164,2.4262,2.4418,2.4633,2.4868,2.5083,2.5298,2.5494,2.564,2.5709,2.5709,2.564,2.5503,2.5327,2.5103,2.4848,2.4545,2.4223,2.3949,2.3763,2.3754,2.3998,2.4536,2.5376,2.6471,2.7517,2.8524,2.9668,3.0772,3.1701,3.2395,3.2854,3.3109,3.3196,3.3157,3.305,3.2923,3.2757,3.259,3.2483,3.2424,3.2414,3.2444,3.2493,3.2561,3.263,3.2678,3.2708,3.2688,3.259,3.2385,3.2072,3.1672,3.1163,3.0528,2.9775,2.8935,2.8045,2.7136,2.6227,2.5357,2.4536,2.3842,2.3255,2.2698,2.2199,2.1789,2.1457,2.1193,2.0997,2.087,2.0782,2.0704,2.0626,2.0528,2.0411,2.0274,2.0098,1.9873,1.9609,1.9316,1.8983,1.8622,1.8221,1.7781,1.7312,1.6862,1.65,1.6178,1.5816,1.5474,1.5171,1.4917,1.4712,1.4555,1.4448,1.4389,1.437,1.4399,1.4448,1.4516,1.4594,1.4663,1.4712,1.4761,1.4839,1.4985,1.5259,1.5728,1.6442,1.738,1.8504,1.958,2.0626,2.1799,2.2962,2.4037,2.4966,2.5718,2.6305,2.6716,2.697,2.7087,2.7087,2.6999,2.6852,2.6686,2.651,2.6344,2.6188,2.6012,2.5816,2.5611,2.5406,2.5191,2.4936,2.4614,2.4262,2.3881,2.3402,2.2805,2.2102,2.131,2.0479,1.9668,1.8895,1.8192,1.7586,1.7077,1.6716,1.5396,1.3568,1.2571,1.2014,1.1681,1.1457,1.129,1.1163,1.1065,1.0978,1.089,1.0802,1.0733,1.0665,1.0547,1.0401,1.0215,1.002,0.98338,0.96481,0.94624,0.92766,0.91007,0.89345,0.88172,0.8739,0.86413,0.85337,0.84262,0.83284,0.82405,0.8172,0.81329,0.81134,0.81036,0.80938,0.80743,0.80645,0.8045,0.79668,0.78592,0.77517,0.76833,0.77419,0.80254,0.85826,0.94428,1.0577,1.1926,1.3206,1.4438,1.5777,1.7077,1.824,1.9238,2.0049,2.0674,2.1124,2.1427,2.1603,2.1652,2.1603,2.1476,2.131,2.1134,2.0938,2.0714,2.0489,2.0254,2.0029,1.9785,1.9501,1.9198,1.8866,1.8534,1.8192,1.7791,1.7351,1.6872,1.6354,1.5806,1.5239,1.4673,1.4125,1.3607,1.3128,1.2698,1.2375,1.2121,1.1867,1.1642,1.1437,1.1241,1.1075,1.0938,1.0821,1.0684,1.0547,1.0401,1.0293,1.0205,1.0078,0.99511,0.98338,0.97263,0.9609,0.9521,0.94526,0.94037,0.93646,0.93451,0.93548,0.93939,0.94526,0.94917,0.9521,0.95308,0.9521,0.94917,0.94624,0.94233,0.94037,0.93939,0.94135,0.94526,0.95112,0.95601,0.9609,0.96481,0.97067,0.98338,1.0117,1.0616,1.1378,1.2405,1.3636,1.5005,1.6237,1.7361,1.8543,1.9648,2.0616,2.1398,2.1994,2.2444,2.2747,2.2942,2.304,2.305,2.2981,2.2874,2.2766,2.2659,2.2542,2.2444,2.2366,2.2297,2.2229,2.2131,2.1955,2.1691,2.132,2.0899,2.0411,1.9795,1.9081,1.8319,1.7576,1.6862,1.6197,1.5621,1.5122,1.4682,1.4321,1.4047,1.3822,1.3587,1.3363,1.3138,1.2913,1.2688,1.2463,1.2258,1.2053,1.1838,1.1623,1.1398,1.1212,1.1056,1.088,1.0674,1.0469,1.0254,1.0039,0.98338,0.96285,0.94233,0.9218,0.90029,0.88368,0.87195,0.8563,0.83969,0.82307,0.80645,0.79081,0.77517,0.76149,0.74878,0.73803,0.73021,0.72434,0.72239,0.72141,0.7175,0.71457,0.71261,0.71848,0.73705,0.77713,0.84555,0.94233,1.0645,1.2072,1.3412,1.4663,1.5982,1.7224,1.8289,1.913,1.9756,2.0196,2.0499,2.0665,2.0743,2.0743,2.0674,2.0557,2.0411,2.0254,2.0088,1.9922,1.9765,1.9629,1.9511,1.9394,1.9267,1.912,1.8944,1.8729,1.8456,1.8074,1.7595,1.7048,1.6452,1.5836,1.6422,1.7605,1.7928,1.7849,1.7595,1.7322,1.7058,1.6745,1.6432,1.6149,1.5904,1.5699,1.5533,1.5376,1.523,1.5073,1.4907,1.4712,1.4516,1.4301,1.4018,1.3685,1.3353,1.3021,1.2698,1.2395,1.2151,1.1975,1.1838,1.175,1.174,1.1779,1.1838,1.1896,1.1965,1.2053,1.217,1.2297,1.2434,1.261,1.2796,1.2972,1.3128,1.3275,1.3412,1.3519,1.3646,1.3832,1.4135,1.4604,1.5327,1.6354,1.7693,1.9286,2.1046,2.263,2.4047,2.5533,2.6901,2.8055,2.8964,2.9629,3.0049,3.0274,3.0352,3.0332,3.0235,3.0068,2.9863,2.9609,2.9335,2.9052,2.8778,2.8485,2.8172,2.784,2.7498,2.7107,2.6667,2.6168,2.566,2.5103,2.4438,2.3666,2.2825,2.1945,2.1065,2.0244,1.9492,1.8827,1.827,1.784,1.7498,1.7253,1.7077,1.6891,1.6696,1.6481,1.6266,1.6041,1.5806,1.5523,1.52,1.4829,1.4418,1.4066,1.3744,1.3392,1.304,1.2708,1.2405,1.2151,1.1945,1.176,1.1574,1.1388,1.1202,1.1017,1.089,1.0792,1.0674,1.0577,1.0508,1.0479,1.0479,1.0508,1.0547,1.0596,1.0645,1.0684,1.0753,1.0821,1.085,1.089,1.0958,1.1085,1.1339,1.1789,1.2493,1.349,1.4741,1.6207,1.7801,1.9218,2.0469,2.175,2.2933,2.3939,2.4741,2.5357,2.5806,2.6109,2.6305,2.6413,2.6461,2.6442,2.6383,2.6325,2.6276,2.6246,2.6227,2.6217,2.6217,2.6197,2.6149,2.6002,2.5748,2.5376,2.4956,2.4448,2.3793,2.305,2.2248,2.1447,2.0684,1.9941,1.9247,1.8602,1.8006,1.7429,1.695,1.6569,1.6168,1.5767,1.5376,1.5024,1.4682,1.435,1.4027,1.3715,1.3431,1.3177,1.2991,1.2845,1.2678,1.2522,1.2366,1.2209,1.2072,1.1955,1.1857,1.176,1.1662,1.1564,1.1476,1.1447,1.1466,1.1476,1.1476,1.1476,1.1476,1.1486,1.1505,1.1515,1.1515,1.1505,1.1466,1.1447,1.1437,1.1388,1.1329,1.13,1.1349,1.1564,1.2014,1.2766,1.3851,1.5259,1.6911,1.8719,2.0342,2.1779,2.3265,2.4653,2.5855,2.6823,2.7556,2.8084,2.8416,2.8583,2.8631,2.8592,2.8465,2.828,2.8045,2.7801,2.7566,2.7331,2.7077,2.6794,2.6481,2.6129,2.5718,2.5249,2.4721,2.4174,2.349,2.2639,2.1789,2.0938,2.0108,1.9286,1.8504,1.7781,1.7146,1.6608,1.6188,1.5894,1.5689,1.5503,1.5347,1.521,1.5083,1.4966,1.4848,1.4731,1.4614,1.4497,1.4418,1.4379,1.437,1.4379,1.4389,1.4389,1.4399,1.4428,1.4467,1.4506,1.4545,1.4604,1.4692,1.48,1.4927,1.5083,1.5259,1.5455,1.563,1.5767,1.5875,1.5973,1.6061,1.6139,1.6207,1.6256,1.6285,1.6305,1.6334,1.6325,1.6266,1.6217,1.6227,1.6373,1.6716,1.7331,1.828,1.9521,2.0968,2.2336,2.3636,2.5073,2.6491,2.7791,2.8935,2.9902,3.0723,3.1398,3.1935,3.2356,3.2659,3.2854,3.2903,3.2874,3.2845,3.2805,3.2757,3.2678,3.2571,3.2424,3.2239,3.2014,3.175,3.1437,3.1075,3.0655,3.0176,2.9629,2.9022,2.8377,2.7693,2.7009,2.6334,2.5689,2.5093,2.4545,2.4047,2.3627,2.3255,2.2864,2.2434,2.2004,2.1584,2.1183,2.0811,2.0479,2.0186,1.9932,1.9717,1.9531,1.9345,1.913,1.8915,1.8739,1.8583,1.8436,1.8309,1.8211,1.8162,1.8162,1.8192,1.825,1.8328,1.8407,1.8465,1.8514,1.8563,1.8612,1.8651,1.869,1.871,1.8719,1.8719,1.871,1.868,1.8651,1.8592,1.8495,1.8377,1.828,1.828,1.8407,1.8749,1.9355,2.0215,2.13,2.2532,2.3656,2.4673,2.5728,2.6676,2.7449,2.8006,2.8368,2.8563,2.8612,2.8583,2.8514,2.8436,2.8328,2.8221,2.8152,2.8123,2.8104,2.8094,2.8094,2.8094,2.8065,2.7986,2.783,2.7586,2.7263,2.6882,2.6403,2.5855,2.5249,2.4604,2.3939,2.3275,2.262,2.2004,2.1447,2.0938,2.0518,2.0215,1.999,1.9804,1.9648,1.9531,1.9413,1.9286,1.915,1.9003,1.8856,1.871,1.8573,1.8456,1.8358,1.824,1.8113,1.7967,1.781,1.7664,1.7546,1.7468,1.74,1.7341,1.7292,1.7234,1.7185,1.7136,1.7058,1.695,1.6813,1.6676,1.6559,1.6452,1.6354,1.6266,1.6168,1.6051,1.5953,1.5865,1.5758,1.563,1.5503,1.5406,1.5396,1.5552,1.5973,1.6725,1.7791,1.9159,2.0733,2.217,2.35,2.4907,2.6227,2.7361,2.8289,2.9003,2.9521,2.9873,3.0078,3.0156,3.0137,3.0039,2.9902,2.9746,2.957,2.9374,2.9179,2.8964,2.8739,2.7654,2.61,2.5103,2.437,2.3763,2.3226,2.2717,2.2141,2.1486,2.0743,1.9892,1.8944,1.7918,1.6833,1.5718,1.4624,1.3539,1.261,1.1799,1.0929,1.0049,0.92082,0.84164,0.76833,0.70088,0.6393,0.58358,0.53666,0.49756,0.46432,0.44477,0.43304,0.42229,0.41447,0.41056,0.41153,0.41642,0.4262,0.43891,0.44966,0.45748,0.46334,0.47116,0.47801,0.47801,0.47214,0.46139,0.44673,0.42815,0.41056,0.39589,0.38319,0.37341,0.36755,0.36559,0.37146,0.38416,0.39785,0.41447,0.43891,0.47507,0.52981,0.61095,0.72532,0.87586,1.0626,1.2757,1.4731,1.6608,1.8661,2.0665,2.2473,2.3978,2.5161,2.6031,2.6637,0.71554,0.72434,0.73314,0.74389,0.76051,0.78397,0.82405,0.89247,0.99511,1.1339,1.3079,1.5112,1.7253,1.9306,2.1144,2.2659,2.3812,2.4545,2.4927,2.5122,2.5152,2.5083,2.4956,2.4761,2.4506,2.4252,2.3949,2.3578,2.3196,2.2835,2.2473,2.2121,2.1769,2.1417,2.1036,2.0587,2.0029,1.9384,1.8641,1.781,1.6891,1.5904,1.5015,1.4194,1.3333,1.2502,1.1779,1.1202,1.0782,1.0499,1.0342,1.0283,1.0323,1.043,1.0567,1.0704,1.0811,1.0909,1.0958,1.0938,1.089,1.0841,1.0821,1.0811,1.0802,1.0802,1.0802,1.0802,1.0802,1.0802,1.0802,1.0753,1.0645,1.0499,1.0342,1.0176,1,0.9824,0.96481,0.9521,0.94526,0.93744,0.92962,0.92082,0.90811,0.89247,0.87586,0.85924,0.84653,0.84262,0.85533,0.90127,0.97067,1.0694,1.217,1.4066,1.6285,1.8671,2.1026,2.3167,2.4927,2.6246,2.7165,2.7713,2.8368,2.9022,2.9228,2.9198,2.9042,2.8847,2.8612,2.8358,2.8113,2.7859,2.7576,2.7273,2.6989,2.6725,2.6461,2.6129,2.5709,2.5191,2.4555,2.3832,2.3021,2.2121,2.1163,2.0196,1.9247,1.8436,1.7761,1.697,1.6305,1.5875,1.5464,1.5103,1.4819,1.4604,1.4418,1.4242,1.4057,1.3851,1.3666,1.3402,1.3109,1.2884,1.2581,1.2209,1.1828,1.1447,1.1075,1.0714,1.0381,1.0098,0.98729,0.97067,0.95015,0.92864,0.90616,0.88074,0.8563,0.83284,0.80938,0.78788,0.76931,0.75171,0.74096,0.73607,0.73118,0.72923,0.72825,0.72727,0.73118,0.74096,0.75758,0.7869,0.84066,0.92473,1.0391,1.1623,1.3001,1.4712,1.6559,1.8446,2.0225,2.1779,2.305,2.3998,2.4663,2.5093,2.5308,2.5357,2.5308,2.5181,2.5005,2.48,2.4575,2.437,2.4184,2.3998,2.3783,2.3539,2.3265,2.2952,2.262,2.2239,2.175,2.1173,2.0499,1.9707,1.8847,1.7928,1.6979,1.6031,1.5132,1.4291,1.3617,1.3079,1.262,1.2268,1.2014,1.1848,1.175,1.1681,1.1603,1.1525,1.1447,1.1369,1.129,1.1251,1.1232,1.1183,1.1124,1.1056,1.0978,1.0899,1.0802,1.0694,1.0567,1.042,1.0313,1.0254,1.0225,1.0176,1.0108,1.0039,0.99218,0.97654,0.9609,0.94917,0.9433,0.94037,0.93939,0.93842,0.94233,0.94819,0.95112,0.9521,0.95503,0.96774,0.98436,1.0117,1.0743,1.172,1.305,1.4673,1.6227,1.7771,1.9501,2.1183,2.2649,2.3832,2.4721,2.5298,2.565,2.5826,2.5875,2.5836,2.566,2.5455,2.5298,2.5064,2.4751,2.4418,2.4096,2.3773,2.3324,2.2766,2.2366,2.2072,2.1711,2.1329,2.0909,2.0362,1.9541,1.8759,1.8172,1.7468,1.6549,1.5601,1.4995,1.4594,1.4194,1.392,1.3803,1.3744,1.3715,1.3695,1.3685,1.3646,1.3509,1.3324,1.3187,1.304,1.2835,1.2649,1.2542,1.2385,1.217,1.2004,1.1887,1.1789,1.172,1.1681,1.1662,1.1632,1.1584,1.1515,1.1486,1.1466,1.1417,1.1339,1.1241,1.1134,1.0997,1.087,1.0772,1.0684,1.0596,1.0518,1.0479,1.0499,1.0547,1.0645,1.0909,1.1437,1.2287,1.3509,1.4575,1.6158,1.8553,2.0792,2.2805,2.4379,2.5582,2.6628,2.7488,2.8133,2.8553,2.8856,2.9071,2.912,2.9042,2.8866,2.8641,2.8387,2.8152,2.7967,2.781,2.7644,2.7458,2.7253,2.7048,2.6823,2.6559,2.6217,2.5787,2.5347,2.4878,2.4311,2.3705,2.3069,2.2424,2.1789,2.1193,2.0665,2.0225,1.9883,1.9629,1.9433,1.9277,1.915,1.9022,1.8886,1.8749,1.8631,1.8534,1.8475,1.8426,1.8368,1.8299,1.8231,1.8162,1.8065,1.7908,1.7713,1.7458,1.7185,1.695,1.6725,1.6491,1.6266,1.607,1.5865,1.564,1.5464,1.5318,1.5142,1.4966,1.478,1.4565,1.437,1.4184,1.3988,1.3803,1.3636,1.35,1.3451,1.35,1.3666,1.4037,1.4712,1.5748,1.7116,1.8729,2.0508,2.2326,2.4027,2.5543,2.6784,2.7654,2.826,2.8749,2.9101,2.9316,2.9404,2.9394,2.9316,2.9179,2.8974,2.8729,2.8465,2.8192,2.7889,2.7546,2.7175,2.6764,2.6325,2.5836,2.5298,2.4682,2.3978,2.3187,2.2326,2.1408,2.0587,1.9824,1.9032,1.825,1.7498,1.6843,1.6305,1.5885,1.5582,1.5367,1.5191,1.5044,1.4956,1.4878,1.477,1.4643,1.4516,1.4399,1.4301,1.4223,1.4145,1.4057,1.3959,1.3871,1.3763,1.3675,1.3627,1.3568,1.35,1.3431,1.3363,1.3294,1.3226,1.3157,1.3089,1.3021,1.2952,1.2923,1.2903,1.2845,1.2747,1.2639,1.2522,1.2375,1.2229,1.2092,1.1965,1.1887,1.1896,1.2082,1.2414,1.2981,1.391,1.5191,1.6745,1.8495,2.0323,2.2092,2.3685,2.5044,2.6158,2.7028,2.7595,2.7947,2.8211,2.8377,2.8446,2.8426,2.8328,2.8162,2.7937,2.7683,2.7439,2.7195,2.6921,2.6628,2.6325,2.5973,2.5591,2.5161,2.4653,2.4066,2.3412,2.2659,2.1848,2.0997,2.0098,1.9326,1.8641,1.7918,1.7224,1.6637,1.6168,1.5797,1.5503,1.5288,1.5112,1.4956,1.4809,1.4663,1.4555,1.4467,1.437,1.4291,1.4213,1.4135,1.4066,1.3998,1.391,1.3803,1.3695,1.3607,1.3558,1.3539,1.349,1.3412,1.3304,1.3196,1.3109,1.303,1.2962,1.2884,1.2835,1.2786,1.2727,1.2698,1.2688,1.2649,1.259,1.2532,1.2463,1.2395,1.2366,1.2405,1.2581,1.2991,1.3705,1.4565,1.5621,1.7048,1.8749,2.0577,2.2375,2.4037,2.5464,2.6579,2.739,2.7957,2.827,2.8358,2.8397,2.8387,2.8221,2.7977,2.7722,2.7478,2.7234,2.6979,2.6696,2.6373,2.6022,2.564,2.5298,2.4946,2.4516,2.4008,2.3421,2.2776,2.2063,2.1271,2.042,1.955,1.8719,1.7957,1.7322,1.6745,1.6149,1.5591,1.5093,1.4653,1.4252,1.39,1.3568,1.3245,1.2942,1.2688,1.2463,1.2317,1.2239,1.2141,1.2014,1.1896,1.1799,1.1711,1.1623,1.1544,1.1466,1.1388,1.131,1.1271,1.1251,1.1222,1.1183,1.1124,1.1056,1.1026,1.1026,1.1026,1.1046,1.1056,1.1065,1.1065,1.1065,1.1065,1.1026,1.0968,1.0899,1.085,1.086,1.1026,1.1417,1.2121,1.3226,1.4721,1.6266,1.7898,1.9834,2.1867,2.3822,2.5523,2.6891,2.7928,2.868,2.9189,2.9482,2.9629,2.9668,2.9589,2.9453,2.9306,2.911,2.8856,2.8573,2.828,2.7967,2.7674,2.741,2.7126,2.6764,2.6373,2.5943,2.5445,2.4907,2.4282,2.3578,2.2854,2.2141,2.1427,2.0733,2.0117,1.9589,1.9169,1.8886,1.868,1.8504,1.8377,1.827,1.8143,1.7996,1.7849,1.7674,1.7468,1.7253,1.7009,1.6784,1.6598,1.6364,1.609,1.5777,1.5464,1.5191,1.4917,1.4643,1.437,1.4076,1.3773,1.346,1.3206,1.3001,1.2776,1.2551,1.2317,1.2082,1.1867,1.1681,1.1535,1.1398,1.1251,1.1085,1.0938,1.0811,1.0645,1.0508,1.044,1.0518,1.085,1.1525,1.261,1.4096,1.5894,1.7869,1.9863,2.1525,2.2903,2.4203,2.5269,2.6031,2.653,2.6804,2.6862,2.6774,2.6608,2.6393,2.6129,2.5836,2.5513,2.5191,2.4897,2.4594,2.4282,2.3969,2.3656,2.3304,2.2913,2.2483,2.1994,2.1437,2.088,2.0303,1.9629,1.8895,1.8162,1.7439,1.6725,1.6051,1.5464,1.4976,1.4575,1.4213,1.3939,1.3744,1.3568,1.3363,1.3138,1.2972,1.2845,1.2698,1.2532,1.2346,1.216,1.1965,1.175,1.1584,1.1447,1.1261,1.1046,1.0821,1.0616,1.043,1.0254,1.0108,1.002,0.99316,0.98534,0.98534,0.98534,0.98143,0.97947,0.97458,0.96774,0.9609,0.95112,0.94037,0.92766,0.913,0.90029,0.89541,0.89736,0.9042,0.92669,0.97361,1.0518,1.1672,1.3196,1.5015,1.6999,1.9013,2.0919,2.2581,2.3783,2.4643,2.5367,2.5885,2.6207,2.6364,2.6403,2.6481,2.654,2.6461,2.6305,2.6119,2.5894,2.565,2.5396,2.5122,2.4829,2.4516,2.4154,2.3754,2.3324,2.2845,2.2287,2.1652,2.0938,2.0264,1.9589,1.8827,1.8035,1.7243,1.651,1.5865,1.5318,1.4888,1.4585,1.436,1.4213,1.4135,1.4057,1.3939,1.3832,1.3734,1.3656,1.3578,1.35,1.3421,1.3343,1.3245,1.3148,1.3021,1.2923,1.2835,1.2717,1.2581,1.2434,1.2326,1.2239,1.2151,1.2033,1.1906,1.176,1.1613,1.1544,1.1505,1.1466,1.1447,1.1437,1.1398,1.132,1.1222,1.1105,1.0987,1.0909,1.089,1.0968,1.1183,1.1584,1.2297,1.3363,1.48,1.654,1.8495,2.0508,2.2434,2.4125,2.5494,2.65,2.7097,2.741,2.7566,2.7615,2.7595,2.7507,2.7351,2.7165,2.696,2.6745,2.652,2.6295,2.6061,2.5806,2.5552,2.5269,2.4976,2.4682,2.435,2.392,2.3382,2.2766,2.2043,2.1232,2.0381,1.9619,1.8895,1.8104,1.7312,1.6579,1.5953,1.5455,1.5073,1.479,1.4594,1.4438,1.4301,1.4174,1.4076,1.3988,1.3891,1.3803,1.3685,1.3548,1.3412,1.3245,1.3089,1.2913,1.2757,1.2639,1.2581,1.2551,1.2532,1.2542,1.2571,1.2581,1.2551,1.2502,1.2434,1.2366,1.2297,1.2219,1.2121,1.2063,1.2014,1.1906,1.176,1.1613,1.1486,1.1369,1.1271,1.1202,1.1222,1.1398,1.1828,1.2454,1.3333,1.4633,1.6315,1.824,2.0264,2.2278,2.4125,2.567,2.6852,2.7664,2.8143,2.8368,2.8368,2.8201,2.7928,2.7586,2.7195,2.6784,2.6393,2.6012,2.5689,2.5455,2.5239,2.5024,2.4819,2.4604,2.437,2.4115,2.3822,2.349,2.3099,2.26,2.1994,2.132,2.0606,1.9892,1.9296,1.8788,1.8299,1.7849,1.7468,1.7165,1.694,1.6794,1.6676,1.6588,1.652,1.6471,1.6422,1.6403,1.6373,1.6325,1.6256,1.6188,1.6139,1.609,1.6031,1.5982,1.5914,1.5846,1.5777,1.5709,1.563,1.5513,1.5367,1.5161,1.4907,1.4633,1.434,1.4027,1.3685,1.3363,1.3069,1.2796,1.26,1.2483,1.2385,1.2307,1.2229,1.2151,1.2092,1.2141,1.2366,1.2835,1.3636,1.48,1.608,1.7517,1.9326,2.1261,2.3128,2.4809,2.6237,2.7361,2.8182,2.8719,2.9032,2.915,2.911,2.8964,2.8886,2.8837,2.8631,2.8348,2.8025,2.7664,2.7283,2.6882,2.6481,2.61,2.5728,2.5357,2.4927,2.437,2.3724,2.3001,2.2151,2.1202,2.0196,1.9169,1.8172,1.7224,1.6344,1.5562,1.4976,1.4536,1.4135,1.3773,1.349,1.3304,1.3196,1.3118,1.3079,1.306,1.3011,1.2942,1.2893,1.2825,1.2708,1.2571,1.2424,1.2248,1.2033,1.1808,1.1574,1.1339,1.1095,1.087,1.0684,1.0567,1.0489,1.0371,1.0225,1.0078,0.99218,0.97556,0.95992,0.9433,2.7771,2.7693,2.7537,2.7331,2.7107,2.6872,2.6637,2.6364,2.6041,2.5718,2.5396,2.5073,2.4712,2.4282,2.3822,2.3333,2.2845,2.2317,2.1662,2.0909,2.0068,1.9189,1.828,1.7361,1.65,1.5728,1.5054,1.4516,1.4145,1.3851,1.3587,1.3392,1.3255,1.3167,1.3128,1.3109,1.3118,1.3118,1.3079,1.3021,1.2952,1.2913,1.2874,1.2757,1.2571,1.2356,1.2131,1.1896,1.1662,1.1417,1.1173,1.0948,1.0782,1.0694,1.0674,1.0665,1.0655,1.0655,1.0655,1.0655,1.0655,1.0635,1.0567,1.045,1.0303,1.0137,0.99902,0.98729,0.97556,0.97361,0.99707,1.0557,1.1535,1.2962,1.477,1.6843,1.9032,2.1134,2.2835,2.4194,2.5445,2.6471,2.7253,2.7761,2.8035,2.8152,2.8172,2.8123,2.7996,2.781,2.7595,2.7361,2.7126,2.6882,2.6647,2.6403,2.6139,2.5846,2.5533,2.52,2.479,2.4262,2.3607,2.2962,2.2268,2.1417,2.0469,1.9511,1.8583,1.7713,1.696,1.6334,1.5846,1.5474,1.521,1.5044,1.4936,1.4839,1.4731,1.4594,1.4448,1.4291,1.4135,1.3949,1.3734,1.3509,1.3275,1.304,1.2864,1.2708,1.2512,1.2287,1.2053,1.1818,1.1603,1.1408,1.1232,1.1065,1.0899,1.0753,1.0684,1.0665,1.0616,1.0557,1.0528,1.0508,1.0499,1.0499,1.0499,1.0499,1.0499,1.0499,1.0518,1.0587,1.0723,1.0997,1.1535,1.2434,1.3715,1.5386,1.739,1.9589,2.1779,2.3812,2.5572,2.6862,2.7771,2.8553,2.914,2.9531,2.9775,2.9892,2.9912,2.9844,2.9736,2.9609,2.9423,2.9179,2.8895,2.8622,2.8368,2.8104,2.7801,2.7458,2.7067,2.6618,2.6109,2.5503,2.479,2.4008,2.3265,2.2532,2.173,2.0948,2.0205,1.956,1.9032,1.8592,1.824,1.7947,1.7683,1.7458,1.7243,1.7058,1.6911,1.6755,1.6579,1.6432,1.6364,1.6325,1.6305,1.6295,1.6276,1.6227,1.6149,1.607,1.5992,1.5875,1.5738,1.5591,1.5396,1.5142,1.4868,1.4575,1.4291,1.4027,1.3783,1.3548,1.3372,1.3226,1.303,1.2815,1.259,1.2366,1.2141,1.1906,1.1691,1.1505,1.1378,1.1369,1.1525,1.1906,1.262,1.3734,1.5269,1.7116,1.914,2.1183,2.3118,2.4819,2.6217,2.7283,2.8006,2.8407,2.8592,2.8661,2.8622,2.8485,2.828,2.8006,2.7674,2.7312,2.694,2.6559,2.6197,2.5875,2.5543,2.5142,2.4712,2.4242,2.3695,2.303,2.2278,2.1457,2.0577,1.9677,1.8759,1.7859,1.7136,1.6559,1.5982,1.5455,1.5024,1.4673,1.4418,1.4272,1.4194,1.4154,1.4135,1.4125,1.4145,1.4174,1.4184,1.4194,1.4194,1.4194,1.4194,1.4174,1.4125,1.4066,1.3998,1.392,1.3881,1.3861,1.3812,1.3754,1.3685,1.3617,1.3578,1.3558,1.3509,1.3451,1.3382,1.3304,1.3226,1.3167,1.3079,1.2923,1.2727,1.2512,1.2287,1.2063,1.1848,1.1701,1.1711,1.1945,1.2512,1.3275,1.4301,1.5758,1.7537,1.9492,2.1437,2.3265,2.4858,2.6119,2.7077,2.7752,2.8152,2.8328,2.8358,2.8299,2.8172,2.7947,2.7644,2.7263,2.6794,2.6295,2.5767,2.523,2.4673,2.4106,2.3607,2.3148,2.263,2.2033,2.1369,2.0645,1.9883,1.9071,1.824,1.7439,1.6706,1.6051,1.5494,1.5103,1.4809,1.4545,1.435,1.4233,1.4174,1.4145,1.4135,1.4106,1.4057,1.3988,1.3939,1.391,1.39,1.3891,1.3891,1.3891,1.3891,1.3891,1.3891,1.3891,1.3891,1.3891,1.3891,1.3891,1.3891,1.3891,1.3891,1.3891,1.3891,1.3871,1.3861,1.3851,1.3812,1.3773,1.3754,1.3724,1.3705,1.3695,1.3656,1.3578,1.346,1.3343,1.3265,1.3304,1.3578,1.4154,1.5103,1.6452,1.8172,1.9863,2.1544,2.3451,2.5337,2.7038,2.8426,2.9492,3.0254,3.0714,3.0929,3.0958,3.088,3.0743,3.0557,3.0029,2.9326,2.8817,2.8407,2.8025,2.7664,2.7302,2.6931,2.6549,2.6158,2.5728,2.5279,2.4809,2.4223,2.35,2.2688,2.1818,2.089,1.9961,1.9071,1.828,1.7615,1.7067,1.6657,1.6354,1.608,1.5846,1.563,1.5425,1.5269,1.5171,1.5103,1.5044,1.5015,1.4985,1.4956,1.4936,1.4888,1.479,1.4663,1.4516,1.437,1.4233,1.4125,1.4037,1.3949,1.3851,1.3744,1.3685,1.3636,1.3578,1.3509,1.3431,1.3353,1.3275,1.3196,1.3118,1.3079,1.306,1.305,1.3011,1.2972,1.2952,1.2923,1.2903,1.2952,1.3177,1.3675,1.4526,1.5748,1.7331,1.9218,2.1271,2.305,2.4585,2.6109,2.7458,2.8543,2.9316,2.9804,3.0049,3.0108,3.0039,2.9892,2.9687,2.9423,2.914,2.8837,2.8534,2.8221,2.7889,2.7537,2.7165,2.6784,2.6354,2.5865,2.5327,2.4712,2.4076,2.3402,2.262,2.174,2.085,2.002,1.9257,1.8583,1.8016,1.7576,1.7243,1.6999,1.6852,1.6764,1.6676,1.6598,1.6481,1.6305,1.61,1.5875,1.563,1.5347,1.5054,1.479,1.4545,1.4321,1.4135,1.39,1.3627,1.3372,1.3167,1.2991,1.2845,1.2727,1.263,1.2561,1.2512,1.2483,1.2473,1.2395,1.2239,1.2043,1.1828,1.1623,1.1457,1.1339,1.1241,1.1134,1.0997,1.0831,1.0714,1.0674,1.0694,1.088,1.1339,1.2131,1.3284,1.48,1.6608,1.8583,2.0538,2.2336,2.3724,2.477,2.5679,2.6373,2.6813,2.7058,2.7136,2.7097,2.6979,2.6804,2.6598,2.6383,2.6139,2.5875,2.563,2.5347,2.5054,2.477,2.4477,2.4174,2.3842,2.346,2.3021,2.2493,2.1838,2.1173,2.0489,1.9687,1.8817,1.7937,1.7087,1.6315,1.565,1.5132,1.4731,1.4438,1.4213,1.4018,1.39,1.3842,1.3754,1.3636,1.35,1.3353,1.3196,1.304,1.2884,1.2747,1.2659,1.262,1.262,1.262,1.2581,1.2522,1.2454,1.2366,1.2258,1.217,1.2082,1.2004,1.1926,1.1848,1.1769,1.1711,1.1642,1.1544,1.1417,1.1281,1.1153,1.1007,1.0841,1.0655,1.0489,1.0362,1.0303,1.0332,1.0518,1.0968,1.1769,1.2972,1.4565,1.6471,1.8534,2.0596,2.2502,2.4154,2.5513,2.654,2.7185,2.7546,2.7771,2.7859,2.7849,2.7761,2.7625,2.7439,2.6931,2.6237,2.5718,2.5288,2.4927,2.4585,2.4262,2.3969,2.3666,2.3333,2.2942,2.2493,2.1984,2.1388,2.0714,1.999,1.9218,1.8524,1.7889,1.7243,1.6628,1.61,1.5679,1.5357,1.5112,1.4936,1.48,1.4663,1.4526,1.4418,1.433,1.4223,1.4096,1.3969,1.3842,1.3705,1.3568,1.3451,1.3353,1.3294,1.3265,1.3226,1.3206,1.3216,1.3226,1.3206,1.3167,1.3109,1.305,1.2981,1.2903,1.2805,1.2727,1.2659,1.262,1.26,1.2561,1.2493,1.2385,1.2248,1.2092,1.1945,1.1818,1.174,1.1769,1.1994,1.2463,1.3079,1.393,1.5191,1.6774,1.8543,2.0362,2.2082,2.3607,2.4858,2.5806,2.6491,2.695,2.7185,2.7263,2.7273,2.7204,2.7087,2.6911,2.6686,2.6432,2.6188,2.5963,2.5748,2.5543,2.5337,2.5103,2.4809,2.4497,2.4154,2.3763,2.3314,2.2776,2.219,2.1554,2.087,2.0166,1.9511,1.8983,1.8524,1.8113,1.7791,1.7566,1.7419,1.7312,1.7224,1.7175,1.7155,1.7126,1.7116,1.7107,1.7107,1.7087,1.7077,1.7067,1.7028,1.6979,1.6921,1.6852,1.6755,1.6598,1.6422,1.6237,1.6061,1.5865,1.565,1.5455,1.5288,1.5142,1.5005,1.4868,1.4692,1.4506,1.434,1.4194,1.4096,1.4047,1.3988,1.391,1.3842,1.3773,1.3685,1.3627,1.3646,1.3832,1.4272,1.5034,1.6109,1.7263,1.8534,2.0117,2.1808,2.3451,2.4936,2.6158,2.7087,2.7761,2.8182,2.8387,2.8446,2.8368,2.8211,2.8016,2.7781,2.7527,2.7234,2.6882,2.652,2.6149,2.5758,2.5357,2.4936,2.4506,2.4125,2.3715,2.3187,2.2561,2.1848,2.1046,2.0186,1.9316,1.8495,1.7742,1.7077,1.6491,1.6031,1.5679,1.5367,1.5093,1.4839,1.4594,1.437,1.4135,1.392,1.3715,1.3519,1.3392,1.3294,1.3245,1.3216,1.3167,1.3079,1.2952,1.2815,1.2669,1.2512,1.2346,1.218,1.2004,1.1818,1.1672,1.1554,1.1427,1.1329,1.1241,1.1183,1.1153,1.1144,1.1134,1.1134,1.1134,1.1134,1.1134,1.1163,1.1183,1.1153,1.1144,1.1134,1.1144,1.1232,1.1486,1.1984,1.2805,1.3969,1.5425,1.6882,1.8358,2.0029,2.1681,2.3148,2.436,2.5327,2.6041,2.652,2.6794,2.6901,2.6882,2.6784,2.6618,2.6403,2.6207,2.6041,2.5836,2.5601,2.5347,2.5064,2.4751,2.4448,2.4154,2.3842,2.3519,2.3138,2.2639,2.2053,2.1369,2.0616,1.9834,1.9032,1.826,1.7556,1.6931,1.6403,1.5963,1.5679,1.5503,1.5376,1.5318,1.5269,1.521,1.5132,1.5024,1.4907,1.478,1.4643,1.4506,1.4409,1.4321,1.4213,1.4086,1.3939,1.3783,1.3617,1.3431,1.3236,1.3069,1.2952,1.2835,1.2737,1.2688,1.262,1.2512,1.2375,1.2199,1.2033,1.1877,1.175,1.1652,1.1574,1.1496,1.1427,1.1388,1.1359,1.131,1.1281,1.1281,1.1398,1.173,1.2336,1.3304,1.4633,1.6266,1.8084,1.9717,2.1202,2.2727,2.4115,2.5269,2.6149,2.6774,2.7185,2.7429,2.7517,2.7478,2.7341,2.7136,2.6891,2.6618,2.6334,2.6051,2.5777,2.5503,2.521,2.4897,2.4565,2.4213,2.3842,2.3412,2.2981,2.2522,2.1975,2.1339,2.0635,1.9873,1.9091,1.8328,1.7625,1.6999,1.6481,1.609,1.5806,1.563,1.5513,1.5415,1.5337,1.523,1.5112,1.4966,1.479,1.4594,1.4418,1.4242,1.4057,1.391,1.3803,1.3685,1.3568,1.346,1.3343,1.3226,1.3138,1.306,1.2981,1.2913,1.2815,1.2698,1.2639,1.261,1.2561,1.2502,1.2434,1.2366,1.2297,1.2229,1.216,1.2092,1.2023,1.1955,1.1926,1.1906,1.1896,1.1984,1.2229,1.2727,1.3548,1.4712,1.6149,1.782,1.9619,2.1417,2.3079,2.437,2.5337,2.6178,2.6823,2.7243,2.7488,2.7576,2.7556,2.7449,2.7253,2.7019,2.6764,2.651,2.6256,2.6031,2.5797,2.5543,2.5269,2.4956,2.4614,2.4242,2.3822,2.3324,2.2747,2.2102,2.1496,2.087,2.0127,1.9345,1.8602,1.7928,1.7322,1.6794,1.6344,1.6002,1.5767,1.5582,1.5455,1.5357,1.5259,1.5191,1.5161,1.5112,1.5054,1.4985,1.4888,1.477,1.4643,1.4506,1.437,1.4272,1.4223,1.4164,1.4066,1.3949,1.3822,1.3695,1.3578,1.348,1.3402,1.3324,1.3255,1.3236,1.3265,1.3255,1.3216,1.3167,1.3138,1.3128,1.3089,1.303,1.2972,1.2903,1.2874,1.2893,1.2952,1.3089,1.3372,1.391,1.4751,1.5934,1.7419,1.915,2.0997,2.2825,2.4487,2.5894,2.6901,2.7556,2.8035,2.8328,2.8446,2.8416,2.8319,2.8162,2.7986,2.783,2.7654,2.7429,2.7175,2.6911,2.6647,2.6393,2.6158,2.5924,2.565,2.5308,2.4897,2.4457,2.3978,2.3431,2.2835,2.2297,2.1789,2.1222,2.0655,2.0127,1.9677,1.9296,1.8983,1.8749,1.8563,1.8397,1.825,1.8123,1.8006,1.7898,1.783,1.7771,1.7732,1.7693,1.7634,1.7576,1.7507,1.7439,1.7361,1.7234,1.7097,1.6999,1.6882,1.6716,1.653,1.6334,1.6139,1.5934,1.5748,1.5552,1.5337,1.5122,1.4966,1.4858,1.4731,1.4604,1.4467,1.433,1.4194,1.4057,1.3939,1.3842,1.3783,1.3783,1.39,1.4154,1.4624,1.5415,1.6569,1.8055,1.9785,2.1642,2.348,2.5171,2.6598,2.7703,2.8495,2.8954,2.9189,2.9306,2.9316,2.9228,2.9081,2.8876,2.8622,2.8358,2.8065,2.7752,2.741,2.7028,2.6667,2.6334,2.5963,2.5533,2.5083,2.4604,2.4057,2.3402,2.2669,2.1867,2.1007,2.0098,1.9306,1.8612,1.7889,1.7185,1.6559,1.6041,1.563,1.5308,1.5064,1.4868,1.4702,1.4555,1.4389,1.4242,1.4115,1.3988,1.3851,1.3715,1.3597,1.35,1.3421,1.3343,1.3255,1.3128,1.2981,1.2874,1.2786,1.2669,1.2542,1.2395,1.2219,1.2023,1.1828,1.1642,1.1515,1.1457,1.1427,1.1408,1.1417,1.1417,1.1408,1.1398,1.1398,1.1398,1.1398,1.1398,1.1398,1.1398,1.1447,1.1662,1.2043,1.2659,1.3646,1.5015,1.6696,1.8573,2.0508,2.2317,2.39,2.522,2.6246,2.6979,2.7449,2.7664,2.7703,2.7654,2.7566,2.7419,2.7204,2.696,2.6706,2.6471,2.6285,2.6109,2.5914,2.5699,2.5435,2.5122,2.4741,2.4291,2.3793,2.3236,2.26,2.1887,2.1105,2.0283,1.9443,1.8612,1.7928,1.7312,1.6657,1.608,1.5621,1.5269,1.5005,1.4819,1.4692,1.4614,1.4545,1.4457,1.4409,1.437,1.4282,1.4174,1.4047,1.392,1.3783,1.3666,1.3568,1.349,1.3412,1.3343,1.3255,1.3196,1.3128,1.303,1.2942,1.2864,1.2796,1.2727,1.2659,1.259,1.2522,1.2454,1.2385,1.2346,1.2326,1.2268,1.217,1.2033,1.1896,1.1799,1.1711,1.1691,1.1818,1.219,1.2884,1.392,1.5054,1.6354,1.8016,1.9834,2.1632,2.3284,2.4712,2.5855,2.6716,2.7312,2.7683,2.7889,2.7937,2.7879,2.7781,2.7351,2.6725,2.6295,2.5953,2.566,2.5406,2.5171,2.4917,2.4633,2.435,2.4047,2.3675,2.3245,2.2737,2.216,2.1515,2.0811,2.0039,1.9238,1.8465,1.7742,1.7077,1.6559,1.6178,1.5865,1.563,1.5455,1.5298,1.5181,1.5073,1.4976,1.4897,1.4809,1.4702,1.4614,1.4545,1.4448,1.434,1.4223,1.4086,1.392,1.3763,1.3627,1.3509,1.3421,1.3343,1.3275,1.3245,1.3226,1.3187,1.3138,1.3079,1.3001,1.2903,1.2776,1.2649,1.2542,1.2424,1.2326,1.2278,1.2248,1.219,1.2082,1.1965,1.1896,1.1877,1.1945,1.219,1.2698,1.3509,1.4633,1.6041,1.7419,1.8788,2.0332,2.1867,2.3245,2.4379,2.523,2.5836,2.6246,2.6481,2.6569,2.6549,2.6461,2.6325,2.6168,2.5982,2.5767,2.5552,2.5318,2.5054,2.4761,2.4467,2.4145,2.3803,2.3412,2.3021,2.259,2.2063,2.1476,2.0821,2.0108,1.9374,1.8661,1.7996,1.739,1.6843,1.6364,1.6022,1.5787,1.5591,1.5435,1.5288,1.5152,1.5024,1.4917,1.4819,1.4702,1.4585,1.4467,1.435,1.4262,1.4184,1.4076,1.3969,1.3861,1.3783,1.3715,1.3646,1.3578,1.3519,1.346,1.3392,1.3363,1.3382,1.3402,1.3412,1.3402,1.3402,1.3402,1.3363,1.3314,1.3265,1.3206,1.3148,1.3089,1.306,1.304,1.3021,1.3021,1.3069,1.3216,1.3519,1.4037,1.4858,1.6002,1.7429,1.9052,2.0528,2.1867,2.3265,2.4545,2.563,2.6452,2.7019,2.7361,2.7507,2.7498,2.739,2.7243,2.7077,2.6872,2.6637,2.6403,2.6149,2.5846,2.5533,2.522,2.4907,2.4594,2.4272,2.391,2.3519,2.3138,2.2708,2.2199,2.1642,2.1026,2.0391,1.9795,1.9267,1.8807,1.8407,1.8065,1.782,1.7674,1.7586,1.7527,1.7458,1.74,1.7341,1.7273,1.7175,1.7067,1.697,1.6872,1.6794,1.6706,1.6637,1.6569,1.6461,1.6315,1.6149,1.5973,1.5806,1.565,1.5474,1.5298,1.5103,1.4878,1.4692,1.4516,1.4311,1.4096,1.39,1.3705,1.3519,1.3343,1.3216,1.3118,1.304,1.2972,1.2903,1.2874,1.2854,1.2815,1.2815,1.2933,1.3255,1.3861,1.48,1.6031,1.7507,1.913,2.0782,2.218,2.3343,2.4457,2.5406,2.6139,2.6647,2.6931,2.7058,2.7058,2.695,2.6989,2.7058,2.6891,2.6618,2.6315,2.5992,2.566,2.5337,2.5024,2.4702,2.437,2.4018,2.3607,2.3109,2.2542,2.1984,2.1417,2.0743,2,1.9218,1.8436,1.7674,1.694,1.6285,1.5758,1.5337,1.5005,1.4761,1.4604,1.4487,1.436,1.4233,1.4096,1.3969,1.3832,1.3695,1.3578,1.348,1.3402,1.3324,1.3284,1.3265,1.3245,1.3216,1.3167,1.3109,1.304,1.2962,1.2864,1.2786,1.2698,1.259,1.2463,1.2366,1.2287,1.218,1.2072,1.1984,1.1867,1.174,1.1642,1.1544,1.1447,1.1369,1.129,1.1271,1.13,1.1339,1.1515,1.1955,1.2757,1.3939,1.5494,1.7322,1.9267,2.1193,2.2972,2.4506,2.5611,2.6383,2.7009,2.7439,2.7693,2.7781,2.7761,2.7644,2.7458,2.7204,2.6891,2.6569,2.6276,2.5992,2.5689,2.5386,2.5083,2.4761,2.4428,2.4096,2.3744,2.3333,2.2835,2.2268,2.1603,2.0958,2.0313,1.958,2.1916,2.1085,2.0235,1.9404,1.8592,1.782,1.7136,1.6559,1.6129,1.5806,1.5523,1.5279,1.5093,1.4936,1.4809,1.4702,1.4614,1.4555,1.4526,1.4516,1.4516,1.4536,1.4545,1.4545,1.4545,1.4545,1.4526,1.4487,1.4448,1.4379,1.4301,1.4213,1.4125,1.4037,1.3949,1.3822,1.3666,1.3509,1.3353,1.3206,1.306,1.2903,1.2747,1.259,1.2414,1.2278,1.218,1.2053,1.1945,1.1906,1.2004,1.2297,1.2835,1.3656,1.4751,1.6061,1.7517,1.8993,2.0225,2.1251,2.2239,2.3069,2.3724,2.4203,2.4448,2.4506,2.4536,2.4555,2.4565,2.4555,2.4497,2.4448,2.4448,2.4457,2.4467,2.4457,2.4428,2.436,2.4223,2.3998,2.3685,2.3275,2.2786,2.2287,2.1769,2.1153,2.0499,1.9844,1.9247,1.8719,1.827,1.7879,1.7546,1.7283,1.7058,1.6872,1.6706,1.653,1.6334,1.6109,1.5748,1.5503,1.5269,1.4907,1.4673,1.4448,1.4233,1.4066,1.393,1.3763,1.3607,1.348,1.3372,1.3275,1.3177,1.3079,1.2981,1.2884,1.2796,1.2747,1.2698,1.261,1.2522,1.2454,1.2395,1.2336,1.2287,1.2239,1.219,1.2131,1.2063,1.2043,1.2102,1.2297,1.2708,1.3382,1.433,1.5562,1.7009,1.8583,2.0156,2.1623,2.2903,2.3959,2.4702,2.5191,2.5572,2.5806,2.5914,2.5934,2.5894,2.5806,2.5689,2.5582,2.5484,2.5386,2.5288,2.5161,2.5034,2.4897,2.4741,2.4565,2.435,2.4076,2.3724,2.3284,2.2757,2.2131,2.1427,2.0753,2.0078,1.9326,1.8563,1.784,1.7165,1.6569,1.607,1.5679,1.5367,1.5112,1.4917,1.4741,1.4614,1.4497,1.4379,1.4272,1.4194,1.4135,1.4057,1.3969,1.3861,1.3744,1.3607,1.346,1.3343,1.3255,1.3138,1.3001,1.2854,1.2708,1.2581,1.2454,1.2336,1.2219,1.2082,1.1945,1.1818,1.173,1.1662,1.1564,1.1466,1.1398,1.1329,1.1271,1.1251,1.1281,1.1408,1.173,1.2258,1.3216,1.4174,1.5015,1.6188,1.7537,1.8925,2.0225,2.1378,2.2336,2.3079,2.3627,2.3998,2.4184,2.4252,2.4272,2.4262,2.4223,2.4164,2.4086,2.3988,2.3881,2.3754,2.3617,2.348,2.3333,2.3157,2.2952,2.2698,2.2375,2.1975,2.1476,2.088,2.0215,1.9501,1.8768,1.8035,1.7351,1.6784,1.6325,1.5904,1.5533,1.522,1.4956,1.4741,1.4565,1.4418,1.4272,1.4125,1.3978,1.3812,1.3666,1.3548,1.3402,1.3265,1.3148,1.304,1.2933,1.2835,1.2737,1.2639,1.2542,1.2434,1.2346,1.2268,1.2092,1.1965,1.1828,1.1632,1.1525,1.1466,1.1486,1.1662,1.2043,1.2669,1.3372,1.4174,1.522,1.6393,1.7586,1.871,1.9707,2.0528,2.1153,2.1584,2.1848,2.1965,2.1955,2.1848,2.1691,2.1466,2.1163,2.0772,2.0303,1.9765,1.9169,1.8563,1.7957,1.738,1.6843,1.6559,1.6413,1.6149,1.5846,1.5562,1.5318,1.5132,1.5024,1.4985,1.5024,1.5132,1.5279,1.5415,1.5513,1.5591,1.566,1.5699,1.5699,1.5689,1.565,1.5611,1.5591,1.5572,1.5533,1.5484,1.5445,1.5406,1.5357,1.5288,1.522,1.5161,1.5073,1.4966,1.4839,1.4682,1.4526,1.4389,1.4291,1.4213,1.4115,1.3998,1.391,1.3607,1.3675,1.3891,1.436,1.5152,1.6325,1.7898,1.9785,2.1867,2.3998,2.6012,2.781,2.914,3.0127,3.0978,3.1632,3.2092,3.2385,3.2551,3.26,3.2551,3.2414,3.2229,3.2014,3.176,3.1496,3.1271,3.1065,3.0841,3.0577,3.0283,2.9941,2.956,2.911,2.8553,2.7898,2.7136,2.6364,2.5562,2.4633,2.3627,2.26,2.1584,2.0626,1.9756,1.8993,1.8338,1.7801,1.7351,1.6999,1.6735,1.65,1.6295,1.6119,1.5973,1.5836,1.5709,1.5582,1.5445,1.5288,1.5112,1.4936,1.479,1.4653,1.4477,1.4154,1.393,1.3695,1.3343,1.3099,1.2874,1.2669,1.2483,1.2326,1.216,1.1926,1.1672,1.1417,1.1163,1.0899,1.0655,1.045,1.0254,1.0078,0.99511,0.9912,1.001,1.0274,1.0772,1.1544,1.263,1.4008,1.607,1.8025,1.9404,2.0841,2.2131,2.3177,2.391,2.4428,2.4839,2.5122,2.5298,2.5357,2.5318,2.5239,2.5142,2.5034,2.4917,2.48,2.4663,2.4526,2.4389,2.4262,2.4145,2.4008,2.3832,2.3607,2.3294,2.2678,2.2023,2.1486,2.0772,1.9844,1.9032,1.8416,1.7722,1.694,1.6295,1.5875,1.5503,1.5152,1.4839,1.4604,1.4457,1.435,1.4272,1.4174,1.4027,1.39,1.3773,1.3617,1.3431,1.3236,1.3021,1.2805,1.261,1.2463,1.2346,1.2199,1.2033,1.1848,1.1632,1.1388,1.1144,1.0919,1.0714,1.0538,1.0362,1.0244,1.0147,1.0029,0.98729,0.97067,0.95308,0.93255,0.91202,0.89541,0.88759,0.89345,0.92669,0.99609,1.0841,1.1945,1.346,1.5269,1.7214,1.912,2.088,2.2405,2.3666,2.4624,2.5318,2.5787,2.6022,2.609,2.608,2.6002,2.5865,2.5728,2.5601,2.5073,2.437,2.4018,2.3851,2.3783,2.3754,2.3695,2.3597,2.3451,2.3245,2.2972,2.26,2.2131,2.1584,2.0997,2.0381,1.9765,1.915,1.8631,1.8221,1.784,1.7507,1.7243,1.7048,1.6921,1.6833,1.6764,1.6706,1.6647,1.6598,1.6559,1.653,1.6491,1.6403,1.6276,1.6109,1.5914,1.5699,1.5464,1.5239,1.5024,1.4809,1.4614,1.4448,1.4311,1.4145,1.3969,1.3812,1.3695,1.3617,1.3548,1.3509,1.347,1.3431,1.3392,1.3343,1.3324,1.3333,1.3353,1.3372,1.3421,1.3529,1.3744,1.4125,1.4731,1.5582,1.6667,1.7957,1.9179,2.0362,2.1672,2.2952,2.4106,2.5054,2.5787,2.6305,2.6637,2.6813,2.6872,2.6852,2.6784,2.6657,2.6481,2.6305,2.61,2.5855,2.5601,2.5357,2.5103,2.4819,2.4516,2.4184,2.3822,2.3451,2.304,2.2532,2.1935,2.1251,2.0499,1.9687,1.8866,1.8074,1.7322,1.6647,1.6031,1.5562,1.52,1.4829,1.4467,1.4135,1.3812,1.3509,1.3226,1.2942,1.2669,1.2424,1.2209,1.2014,1.1867,1.1769,1.1672,1.1584,1.1535,1.1505,1.1496,1.1486,1.1466,1.1427,1.1359,1.1281,1.1222,1.1183,1.1144,1.1124,1.1114,1.1105,1.1075,1.1046,1.1026,1.1017,1.1036,1.1075,1.1134,1.1212,1.1281,1.132,1.1398,1.1584,1.1916,1.2463,1.3245,1.4233,1.5337,1.6481,1.7595,1.8495,1.9179,1.9804,2.0303,2.0635,2.0831,2.0909,2.0919,2.087,2.0792,2.0694,2.0596,2.0499,2.0401,2.0323,2.0283,2.0293,2.0352,2.043,2.0508,2.0596,2.0694,2.0802,2.0899,2.0968,2.0997,2.0968,2.0909,2.0792,2.0596,2.0362,2.0127,1.9932,1.9814,1.9775,1.9834,1.9951,2.0108,2.0244,2.0371,2.0508,2.0606,2.0674,2.0684,2.0626,2.0508,2.0303,2.001,1.9648,1.9238,1.8827,1.8416,1.7947,1.7429,1.6901,1.6403,1.5934,1.5503,1.5122,1.479,1.4477,1.4184,1.392,1.3724,1.3568,1.3412,1.3265,1.3128,1.304,1.3001,1.3011,1.306,1.3157,1.3275,1.3402,1.3548,1.3783,1.4164,1.4751,1.5562,1.6608,1.7859,1.9218,2.0577,2.1867,2.3001,2.393,2.4614,2.5015,2.5181,2.523,2.5171,2.4985,2.4692,2.433,2.393,2.349,2.305,2.261,2.218,2.1789,2.176,2.1896,2.1799,2.1564,2.1241,2.087,2.0459,2.001,1.9521,1.9003,1.8465,1.7928,1.7488,1.7107,1.6706,1.6325,1.5982,1.5689,1.5425,1.5181,1.4956,1.4731,1.4477,1.4184,1.3939,1.3705,1.3402,1.305,1.2678,1.2317,1.1975,1.1632,1.13,1.0978,1.0694,1.045,1.0264,1.0166,0.88465,0.93744,1.0186,1.1114,1.219,1.3578,1.52,1.6921,1.8631,2.0186,2.1515,2.261,2.346,2.4096,2.4555,2.4829,2.4976,2.5073,2.5122,2.5122,2.5064,2.4985,2.4888,2.477,2.4614,2.4428,2.4233,2.4057,2.3851,2.3617,2.3363,2.3079,2.2757,2.2414,2.2082,2.173,2.1349,2.0948,2.0557,2.0166,1.9834,1.956,1.9306,1.913,1.9042,1.9022,1.9032,1.9022,1.8974,1.8876,1.8729,1.8534,1.8328,1.8104,1.7791,1.7429,1.7058,1.6676,1.6295,1.5894,1.5503,1.5142,1.48,1.4487,1.4233,1.4066,1.3949,1.3842,1.3754,1.3715,1.3705,1.3744,1.3842,1.4018,1.4262,1.4565,1.4907,1.522,1.5484,1.5738,1.5953,1.609,1.6139,1.6109,1.6012,1.5894,1.5806,1.5816,1.5992,1.6364,1.6823,1.737,1.8074,1.8847,1.9609,2.0293,2.088,2.1369,2.175,2.2033,2.2258,2.2473,2.2649,2.2825,2.306,2.3353,2.3685,2.3988,2.4252,2.4448,2.4545,2.4516,2.4321,2.3969,2.346,2.2893,2.2248,2.1447,2.0528,1.956,1.8602,1.7703,1.6852,1.609,1.5464,1.4966,1.4624,1.4438,1.436,1.435,1.4399,1.4477,1.4604,1.4751,1.4878,1.5005,1.5152,1.5327,1.5543,1.5816,1.61,1.6393,1.6706,1.697,1.7165,1.7283,1.7283,1.7195,1.7009,1.6696,1.6227,1.5572,1.4897,1.4174,1.3226,1.9932,1.9932,1.9941,1.9941,1.9932,1.9912,1.9883,1.9853,1.9814,1.9785,1.9756,1.9717,1.9687,1.9658,1.9619,1.9599,1.958,1.9531,1.9462,1.9394,1.9355,1.9374,1.9511,1.9824,2.0332,2.1046,2.1926,2.2776,2.3617,2.4545,2.5445,2.6237,2.6901,2.7439,2.7849,2.8152,2.8338,2.8426,2.8446,2.8426,2.8368,2.828,2.8172,2.8045,2.7898,2.7713,2.7498,2.7253,2.6999,2.6716,2.6432,2.6119,2.5816,2.5503,2.5122,2.4692,2.4223,2.3724,2.3206,2.2698,2.2219,2.1769,2.1359,2.1007,2.0714,2.0489,2.0313,2.0147,1.999,1.9834,1.9677,1.9511,1.9365,1.9247,1.914,1.9062,1.8983,1.8935,1.8905,1.8856,1.8798,1.8739,1.868,1.8612,1.8553,1.8514,1.8495,1.8495,1.8504,1.8524,1.8553,1.8573,1.8583,1.8602,1.8631,1.8671,1.8719,1.8778,1.8856,1.8954,1.9071,1.9218,1.9384,1.957,1.9785,2.0049,2.0391,2.086,2.1496,2.2346,2.3431,2.4721,2.6139,2.7595,2.8827,2.9883,3.0948,3.1887,3.262,3.3138,3.347,3.3636,3.3666,3.3578,3.3392,3.3089,3.2698,3.2278,3.1828,3.132,3.0772,3.0235,2.9697,2.9169,2.868,2.8221,2.7771,2.7331,2.6882,2.6481,2.61,2.5679,2.5259,2.4868,2.4526,2.4272,2.4145,2.4164,2.433,2.4614,2.4995,2.5425,2.5787,2.61,2.6403,2.6647,2.6823,2.6911,2.6901,2.6804,2.6628,2.6393,2.609,2.5748,2.5406,2.5054,2.4643,2.4184,2.3685,2.3167,2.263,2.2072,2.1486,2.088,2.0264,1.9658,1.9101,1.868,1.8368,1.8113,1.7957,1.7898,1.6461,1.436,1.3421,1.3089,1.306,1.3157,1.3275,1.3363,1.3402,1.3353,1.3245,1.3128,1.3079,1.3157,1.3402,1.3803,1.4321,1.4897,1.5464,1.5982,1.6393,1.6706,1.6979,1.7214,1.741,1.7586,1.7771,1.7957,1.8182,1.8475,1.8847,1.9286,1.9707,2.0127,2.0616,2.1114,2.1584,2.1984,2.2278,2.2463,2.2542,2.2512,2.2405,2.2209,2.1935,2.1632,2.13,2.0909,2.0469,2,1.955,1.915,1.8798,1.8514,1.828,1.8104,1.7986,1.7928,1.7898,1.7908,1.7928,1.7957,1.7986,1.8025,1.8055,1.8055,1.8025,1.7967,1.7898,1.781,1.7713,1.7605,1.7478,1.7331,1.7146,1.696,1.6774,1.6588,1.6413,1.6237,1.607,1.5914,1.5806,1.5718,1.564,1.5562,1.5503,1.5464,1.5435,1.5396,1.5367,1.5327,1.5298,1.5298,1.5347,1.5464,1.5689,1.607,1.6657,1.7468,1.8465,1.958,2.0714,2.1808,2.2796,2.3617,2.4252,2.4663,2.4897,2.5054,2.5112,2.5093,2.5015,2.4888,2.4721,2.4536,2.4321,2.4076,2.3822,2.3568,2.3324,2.3089,2.2845,2.259,2.2336,2.2043,2.1711,2.1329,2.088,2.0391,1.9863,1.9316,1.8847,1.8446,1.8045,1.7674,1.7331,1.7048,1.6823,1.6628,1.6461,1.6305,1.6139,1.5973,1.5826,1.5699,1.5552,1.5376,1.5181,1.4995,1.4829,1.4682,1.4565,1.4467,1.4389,1.4311,1.4223,1.4164,1.4115,1.4057,1.4008,1.3959,1.39,1.3822,1.3724,1.3627,1.3529,1.3451,1.3363,1.3304,1.3265,1.3206,1.3138,1.3089,1.305,1.3001,1.2952,1.2893,1.2815,1.2727,1.2678,1.2727,1.2884,1.3187,1.3705,1.4457,1.5396,1.6461,1.7566,1.8631,1.958,2.0371,2.0997,2.1476,2.1779,2.1955,2.2082,2.2151,2.217,2.2141,2.2072,2.1965,2.1838,2.1701,2.1564,2.1417,2.1281,2.1153,2.1007,2.085,2.0665,2.044,2.0186,1.9873,1.9521,1.913,1.869,1.8231,1.7771,1.738,1.7038,1.6676,1.6334,1.6041,1.5806,1.5611,1.5464,1.5347,1.5259,1.5181,1.5103,1.5024,1.4976,1.4956,1.4917,1.4878,1.4848,1.4819,1.478,1.4721,1.4653,1.4594,1.4545,1.4506,1.4487,1.4467,1.4428,1.4389,1.436,1.434,1.434,1.433,1.4311,1.4282,1.4252,1.4203,1.4096,1.3978,1.3891,1.3803,1.3695,1.3568,1.3431,1.3294,1.3167,1.3099,1.3187,1.35,1.4066,1.4761,1.5621,1.6784,1.8152,1.9599,2.0997,2.2258,2.3353,2.4242,2.4917,2.5386,2.5679,2.5826,2.5846,2.5767,2.565,2.5474,2.5269,2.5064,2.4858,2.4643,2.4428,2.4203,2.3949,2.3685,2.3431,2.3167,2.2835,2.2444,2.1984,2.1437,2.0802,2.0088,1.9326,1.8563,1.784,1.7175,1.6598,1.6178,1.5875,1.5611,1.5396,1.523,1.5103,1.4976,1.4839,1.4712,1.4594,1.4497,1.4428,1.4399,1.436,1.4291,1.4203,1.4106,1.3988,1.3871,1.3773,1.3705,1.3646,1.3597,1.3548,1.35,1.347,1.346,1.3431,1.3392,1.3343,1.3294,1.3245,1.3187,1.3109,1.303,1.2981,1.2942,1.2923,1.2933,1.2923,1.2893,1.2874,1.2874,1.2913,1.3069,1.3431,1.4057,1.4956,1.6109,1.7449,1.871,1.9912,2.1202,2.2414,2.346,2.4311,2.4946,2.5376,2.565,2.5806,2.5855,2.5826,2.5728,2.5591,2.5445,2.5298,2.5161,2.5034,2.4897,2.4731,2.4526,2.4262,2.3949,2.3587,2.3216,2.2805,2.2297,2.1711,2.1085,2.042,1.9736,1.9062,1.8397,1.7781,1.7214,1.6716,1.6315,1.6041,1.5846,1.567,1.5533,1.5406,1.5269,1.5132,1.4985,1.4839,1.4692,1.4575,1.4477,1.4409,1.436,1.4291,1.4194,1.4096,1.3998,1.39,1.3812,1.3744,1.3695,1.3646,1.3597,1.3548,1.3519,1.3509,1.3451,1.3372,1.3284,1.3187,1.3089,1.3011,1.2952,1.2903,1.2854,1.2776,1.2727,1.2688,1.263,1.26,1.2639,1.2786,1.3138,1.3734,1.4604,1.5738,1.7067,1.8524,2,2.1232,2.2229,2.3177,2.3969,2.4555,2.4966,2.523,2.5367,2.5406,2.5376,2.5288,2.5161,2.5005,2.4829,2.4633,2.4418,2.4184,2.3959,2.3744,2.3509,2.3275,2.3011,2.2698,2.2326,2.1887,2.1437,2.0958,2.0391,1.9775,1.915,1.8563,1.8045,1.7605,1.7234,1.696,1.6764,1.6628,1.6549,1.6491,1.6442,1.6393,1.6344,1.6285,1.6188,1.608,1.5992,1.5924,1.5855,1.5777,1.5709,1.5679,1.564,1.5572,1.5484,1.5396,1.5298,1.52,1.5112,1.5015,1.4907,1.478,1.4643,1.4536,1.4467,1.4418,1.437,1.4321,1.4272,1.4135,1.3959,1.3842,1.3724,1.3607,1.3519,1.3441,1.3421,1.35,1.3715,1.4135,1.4858,1.5934,1.7341,1.8993,2.0782,2.2581,2.4262,2.5748,2.6843,2.7625,2.827,2.8739,2.9032,2.9169,2.9159,2.9052,2.8886,2.8671,2.8416,2.8143,2.7859,2.7566,2.7243,2.6901,2.6559,2.6197,2.5787,2.5318,2.479,2.4174,2.349,2.2757,2.1975,2.1271,2.0606,1.9912,1.9218,1.8563,1.7977,1.7449,1.6999,1.6608,1.6285,1.6022,1.5806,1.5621,1.5484,1.5347,1.5161,1.4946,1.4721,1.4497,1.4282,1.4076,1.3871,1.3675,1.349,1.3314,1.3177,1.3069,1.2933,1.2757,1.2571,1.2405,1.2248,1.2092,1.1955,1.1848,1.1779,1.174,1.175,1.176,1.173,1.1691,1.1613,1.1515,1.1408,1.13,1.1183,1.1056,1.0919,1.0821,1.0811,1.0938,1.1251,1.1818,1.2698,1.391,1.5415,1.7126,1.8925,2.0704,2.2346,2.3783,2.4956,2.5758,2.6266,2.6618,2.6813,2.6852,2.6794,2.6676,2.653,2.6373,2.6178,2.5963,2.5738,2.5513,2.5298,2.5103,2.4888,2.4633,2.433,2.3959,2.3539,2.3069,2.2512,2.1867,2.1144,2.0342,1.9609,1.8905,1.8143,1.7419,1.6774,1.6256,1.5846,1.5523,1.5259,1.5054,1.4878,1.4702,1.4545,1.4428,1.4321,1.4213,1.4096,1.3969,1.3842,1.3724,1.3607,1.3519,1.3441,1.3372,1.3314,1.3284,1.3236,1.3157,1.3069,1.2972,1.2864,1.2757,1.2639,1.2522,1.2424,1.2326,1.2219,1.2111,1.2043,1.2004,1.1955,1.1906,1.1848,1.1779,1.1681,1.1574,1.1496,1.1466,1.1574,1.1887,1.2346,1.303,1.4086,1.5474,1.7097,1.8866,2.0655,2.2336,2.3822,2.5044,2.5992,2.6686,2.7146,2.738,2.7449,2.7429,2.7322,2.7136,2.6911,2.6676,2.6442,2.6207,2.5973,2.5748,2.5503,2.5249,2.4985,2.4692,2.434,2.391,2.3382,2.2776,2.2092,2.1339,2.0538,1.9736,1.8935,1.8172,1.7546,1.7019,1.65,1.607,1.5728,1.5455,1.5239,1.5073,1.4946,1.4839,1.4731,1.4614,1.4536,1.4467,1.437,1.4282,1.4203,1.4135,1.4076,1.4018,1.3959,1.39,1.3851,1.3812,1.3763,1.3744,1.3734,1.3685,1.3597,1.348,1.3363,1.3245,1.3118,1.2991,1.2864,1.2737,1.262,1.2766,1.3069,1.3196,1.3226,1.3187,1.3128,1.3079,1.305,1.3118,1.3324,1.3734,1.4409,1.5396,1.6471,1.7634,1.9022,2.0508,2.1955,2.3255,2.434,2.52,2.5846,2.6305,2.6608,2.6804,2.6872,2.6852,2.6794,2.6686,2.654,2.6334,2.6119,2.5904,2.567,2.5406,2.5122,2.4829,2.4536,2.4262,2.3978,2.3627,2.3216,2.2727,2.217,2.1554,2.0919,2.0313,1.9756,1.9228,1.8768,1.8426,1.8182,1.7967,1.781,1.7703,1.7625,1.7566,1.7507,1.7449,1.74,1.7351,1.7302,1.7263,1.7224,1.7185,1.7136,1.7087,1.7028,1.6931,1.6813,1.6676,1.654,1.6422,1.6315,1.6197,1.61,1.6022,1.5973,1.6022,1.6217,1.6608,1.7243,1.8113,1.9189,2.0381,2.1593,2.2708,2.3558,2.4184,2.4721,2.5132,2.5406,2.5523,2.5503,2.5396,2.522,2.4976,2.4712,2.4428,2.4106,2.3793,2.349,2.3157,2.2805,2.2395,2.1926,2.1398,2.0802,2.0147,1.9462,1.8788,1.8133,1.7586,1.7136,1.6716,1.6373,1.608,1.5846,1.567,1.5543,1.5464,1.5406,1.5318,1.523,1.5132,1.5064,1.4995,1.4927,1.4868,1.48,1.4721,1.4633,1.4526,1.4428,1.4311,1.4174,1.4047,1.3959,1.39,1.3822,1.3724,1.3646,1.3548,1.3451,1.3353,1.3255,1.3157,1.305,1.2972,1.2913,1.2884,1.2893,1.2893,1.2874,1.2835,1.2796,1.2737,1.2678,1.261,1.2551,1.2522,1.2512,1.2532,1.2561,1.2581,1.259,1.262,1.2688,1.2757,1.2825,1.2893,1.2923,1.2952,1.3001,1.3099,1.3275,1.3607,1.4203,1.5142,1.6442,1.8074,1.9912,2.1848,2.3734,2.5425,2.6862,2.7996,2.8739,2.9198,2.956,2.9795,2.9883,2.9834,2.9687,2.9462,2.9179,2.8886,2.8583,2.828,2.7977,2.7693,2.739,2.7067,2.6696,2.6285,2.5826,2.5288,2.4673,2.3969,2.3196,2.2375,2.1535,2.0782,2.0117,1.9443,1.8798,1.8221,1.7732,1.7341,1.7019,1.6764,1.6588,1.6452,1.6325,1.6217,1.6139,1.607,1.5982,1.5894,1.5797,1.567,1.5503,1.5337,1.5171,1.5034,1.4946,1.4848,1.478,1.4721,1.4614,1.4477,1.434,1.4194,1.4047,1.392,1.3803,1.3695,1.3587,1.347,1.3372,1.3324,1.3294,1.3255,1.3216,1.3167,1.3109,1.2717,1.217,1.1818,1.1564,1.1398,1.131,1.1329,1.1505,1.1906,1.2571,1.3539,1.477,1.6168,1.7654,1.914,2.0489,2.1642,2.2571,2.3216,2.3666,2.4027,2.4291,2.4448,2.4497,2.4448,2.4321,2.4145,2.391,2.3646,2.3372,2.3109,2.2864,2.263,2.2356,2.2043,2.1711,2.1339,2.0899,2.0401,1.9844,1.9228,1.8563,1.7879,1.7292,1.6804,1.6295,1.5806,1.5386,1.5044,1.477,1.4545,1.437,1.4233,1.4115,1.4008,1.39,1.3812,1.3724,1.3646,1.3578,1.3519,1.347,1.3421,1.3343,1.3236,1.3118,1.3001,1.2893,1.2815,1.2757,1.2708,1.2639,1.2561,1.2454,1.2326,1.2199,1.2082,1.1975,1.1896,1.1857,1.1838,1.1857,1.1887,1.1906,1.1916,1.1916,1.1916,1.1916,1.1916,1.1916,1.1945,1.2053,1.2326,1.2717,1.3294,1.4194,1.5406,1.6882,1.8524,2.0196,2.1779,2.3187,2.4379,2.5308,2.5982,2.6442,2.6676,2.6755,2.6764,2.6696,2.6559,2.6403,2.6227,2.6012,2.5797,2.5591,2.5367,2.5122,2.4888,2.4663,2.4428,2.4145,2.3812,2.3421,2.2952,2.2434,2.1867,2.1251,2.0606,1.9971,1.9374,1.8886,1.8504,1.8152,1.7849,1.7605,1.7419,1.7283,1.7155,1.7028,1.6911,1.6804,1.6696,1.6608,1.651,1.6383,1.6266,1.6158,1.6031,1.5894,1.5728,1.5533,1.5327,1.5122,1.4917,1.4712,1.4545,1.4389,1.4242,1.4135,1.4008,1.3861,1.3724,1.3607,1.35,1.3382,1.3275,1.3167,1.3089,1.304,1.2962,1.2884,1.2796,1.2698,1.262,1.2561,1.2522,1.2551,1.2747,1.3167,1.3891,1.4741,1.5748,1.7067,1.8563,2.0108,2.1584,2.2893,2.3988,2.4858,2.5484,2.5894,2.6119,2.6188,2.6168,2.6109,2.6002,2.5846,2.564,2.5415,2.5171,2.4936,2.4702,2.4448,2.4164,2.3851,2.3529,2.3177,2.2737,2.2209,2.1603,2.0929,2.0215,1.9472,1.8739,1.8016,1.7341,1.6735,1.6256,1.5846,1.5455,1.5122,1.4839,1.4594,1.4399,1.4252,1.4125,1.4008,1.39,1.3783,1.3675,1.3617,1.3587,1.3539,1.346,1.3382,1.3294,1.3187,1.3069,1.2942,1.2796,1.2649,1.2502,1.2385,1.2317,1.2258,1.2199,1.2151,1.2092,1.2043,1.1994,1.1935,1.1848,1.1769,1.1691,1.1642,1.1486,1.1241,1.1056,1.0938,1.088,1.085,1.088,1.1056,1.1476,1.2199,1.3284,1.4751,1.6246,1.781,1.9648,2.1544,2.3343,2.4917,2.6217,2.7214,2.7928,2.8407,2.8671,2.8759,2.87,2.8534,2.8309,2.8045,2.7732,2.737,2.6989,2.6618,2.6256,2.5894,2.5513,2.5112,2.4702,2.4301,2.3861,2.3304,2.2649,2.1935,2.1153,2.0323,1.9482,1.8641,1.7849,1.7126,1.6461,1.5943,1.5552,1.5191,1.4868,1.4594,1.433,1.4115,1.3939,1.3793,1.3675,1.3587,1.3509,1.3441,1.3412,1.3392,1.3353,1.3294,1.3187,1.304,1.2874,1.2708,1.2542,1.2414,1.2297,1.217,1.2111,1.2082,1.2033,1.1955,1.1857,1.1769,1.1701,1.1623,1.1535,1.1457,1.1388,1.1329,1.1281,1.1271,1.1271,1.1241,1.1212,1.1193,1.1241,1.1447,1.1896,1.2669,1.3773,1.523,1.697,1.8612,2.0196,2.1955,2.3666,2.5171,2.6393,2.7322,2.7967,2.8358,2.8543,2.8563,2.8475,2.8328,2.8123,2.7869,2.7586,2.7263,2.6911,2.6549,2.6188,2.5816,2.5396,2.4966,2.4506,2.3988,2.349,2.2981,2.2366,2.1652,2.086,2.001,1.915,1.8309,1.7517,1.6794,1.6168,1.566,1.5259,1.4966,1.479,1.4673,1.4555,1.4438,1.4301,1.4154,1.3988,1.3822,1.3675,1.3539,1.3402,1.3284,1.3177,1.304,1.2874,1.2717,1.2561,1.2424,1.2297,1.2131,1.1935,1.1799,1.1701,1.1593,1.1525,1.1486,1.1417,1.1359,1.1329,1.131,1.13,1.13,1.13,1.13,1.1271,1.1222,1.1232,1.1232,1.1222,1.1232,1.1281,1.1466,1.2229,1.3148,1.4516,1.6628,1.8729,2.0772,2.2473,2.39,2.5269,2.6452,2.738,2.8035,2.8456,2.868,2.8768,2.8719,2.8583,2.8397,2.8152,2.7879,2.7595,2.7302,2.7019,2.6755,2.6471,2.6139,2.5865,2.5474,2.4858,2.4184,2.3451,2.2766,2.2082,2.1281,2.042,1.9521,1.8631,1.7801,1.7038,1.6354,1.5787,1.5347,1.5015,1.477,1.4585,1.4418,1.4272,1.4145,1.4018,1.3891,1.3773,1.3666,1.3568,1.346,1.3333,1.3236,1.3157,1.304,1.2923,1.2786,1.263,1.2463,1.2287,1.2111,1.1945,1.1818,1.1711,1.1623,1.1613,1.1632,1.1642,1.1652,1.1652,1.1652,1.1642,1.1417,1.1075,1.0841,1.0655,1.0499,1.0401,1.0332,1.0274,1.0303,1.0518,1.1017,1.1877,1.3157,1.4819,1.6794,1.8964,2.1163,2.3245,2.4888,2.6158,2.7322,2.827,2.8944,2.9365,2.957,2.9609,2.9531,2.9355,2.9101,2.8807,2.8495,2.8172,2.7859,2.7576,2.7283,2.695,2.6588,2.6188,2.5758,2.5279,2.4702,2.4037,2.3265,2.2522,2.1799,2.1007,2.0196,1.9384,1.8612,1.7947,1.7419,1.7009,1.6686,1.6442,1.6266,1.6168,1.61,1.6031,1.5963,1.5894,1.5826,1.5758,1.566,1.5513,1.5337,1.5171,1.5015,1.4907,1.4848,1.479,1.4692,1.4614,1.4536,1.4438,1.4321,1.4194,1.4066,1.392,1.3744,1.3558,1.3392,1.3245,1.3089,1.2942,1.2825,1.2727,1.2649,1.2571,1.2502,1.2405,1.2287,1.219,1.2131,1.2151,1.2307,1.2659,1.3275,1.4272,1.566,1.7449,1.956,2.1828,2.4096,2.6188,2.8016,2.9365,3.0303,3.1075,3.1642,3.2014,3.218,3.218,3.2043,3.1808,3.1515,3.1163,3.0792,3.0401,3.0029,2.9658,2.9257,2.8807,2.8299,2.7732,2.7097,2.6413,2.567,2.4839,2.392,2.2942,2.2043,2.1163,2.0186,1.9218,1.8319,1.7527,1.6813,1.6188,1.5679,1.5269,1.4936,1.4633,1.435,1.4125,1.3959,1.3812,1.3636,1.3451,1.3275,1.3089,1.2893,1.2698,1.2483,1.2239,1.2004,1.1838,1.1701,1.1554,1.1427,1.13,1.1173,1.1075,1.0987,1.0909,1.0821,1.0714,1.0596,1.0469,1.0391,1.0332,1.0235,1.0117,1,0.99022,0.98534,0.97947,0.9697,0.95894,0.95015,0.94721,0.95406,0.97556,1.0196,1.0978,1.219,1.3822,1.5816,1.8025,2.0293,2.2493,2.4506,2.6227,2.7478,2.8368,2.911,2.9648,2.998,3.0127,3.0137,3.0039,2.9844,2.958,2.9286,2.8974,2.8631,2.828,2.7937,2.7576,2.7195,2.6794,2.6344,2.5836,2.5249,2.4575,2.3803,2.2933,2.2004,2.1134,2.0323,1.9433,1.8504,1.7634,1.6862,1.6197,1.566,1.5259,1.4966,1.4751,1.4575,1.4418,1.4311,1.4223,1.4115,1.3988,1.3861,1.3715,1.3539,1.3333,1.3118,1.2913,1.2708,1.2502,1.2356,1.2229,1.2053,1.1848,1.1623,1.1398,1.1202,1.1036,1.0899,1.0821,1.0782,1.0762,1.0733,1.0723,1.0831,1.0968,1.0987,1.0978,1.0938,1.089,1.0821,1.0762,1.0733,1.0733,1.0802,1.0978,1.131,1.1926,1.2913,1.4282,1.5963,1.7869,1.9892,2.1867,2.3685,2.5259,2.654,2.7507,2.8143,2.8543,2.8827,2.8974,2.9003,2.8925,2.8759,2.8514,2.8221,2.7918,2.7605,2.7273,2.6931,2.6588,2.6227,2.5846,2.5445,2.4976,2.4438,2.3822,2.3128,2.2346,2.1496,2.0587,1.9668,1.8895,1.8201,1.7498,1.6862,1.6325,1.5894,1.5533,1.5239,1.5024,1.4858,1.4712,1.4555,1.4418,1.4291,1.4125,1.3959,1.3803,1.3636,1.347,1.3324,1.3187,1.303,1.2864,1.2688,1.2532,1.2424,1.2346,1.2258,1.219,1.2092,1.1984,1.1887,1.1779,1.1691,1.1584,1.1476,1.1408,1.1369,1.1339,1.1281,1.1193,1.1085,1.0978,1.087,1.0753,1.0635,1.0547,1.0567,1.0762,1.1202,1.1818,1.2678,1.3959,1.5611,1.7488,1.9453,2.1388,2.3187,2.4751,2.6002,2.695,2.7625,2.8006,2.8172,2.8221,2.8162,2.8016,2.783,2.7634,2.7439,2.7234,2.7019,2.6764,2.6491,2.6197,2.5894,2.5552,2.5132,2.4653,2.4086,2.3441,2.2717,2.1906,2.1026,2.0098,1.9179,1.8328,1.7634,1.7058,1.652,1.607,1.5679,1.5376,1.5152,1.4976,1.4829,1.4712,1.4614,1.4506,1.4399,1.4311,1.4242,1.4145,1.4037,1.393,1.3803,1.3636,1.3441,1.3255,1.3089,1.2933,1.2796,1.2698,1.2639,1.2551,1.2454,1.2375,1.2307,1.2209,1.2102,1.2023,1.1955,1.1887,1.1828,1.1799,1.1779,1.174,1.1701,1.1652,1.1593,1.1535,1.1466,1.1398,1.1398,1.1505,1.1808,1.2395,1.3148,1.4145,1.5601,1.74,1.9374,2.1408,2.3363,2.5122,2.6598,2.7752,2.8622,2.9228,2.955,2.9668,2.9677,2.958,2.9423,2.9228,2.8983,2.869,2.8368,2.8035,2.7693,2.7331,2.695,2.6559,2.6149,2.5679,2.5122,2.4487,2.3763,2.2981,2.216,2.13,2.043,1.9589,1.8807,1.8172,1.7644,1.7136,1.6696,1.6315,1.5982,1.5699,1.5455,1.523,1.5034,1.4848,1.4682,1.4516,1.437,1.4272,1.4145,1.3998,1.3842,1.3675,1.349,1.3294,1.3109,1.2933,1.2757,1.259,1.2483,1.2414,1.2336,1.2239,1.2131,1.2023,1.1906,1.1779,1.1662,1.1564,1.1447,1.13,1.1144,1.1026,1.0938,1.0841,1.0733,1.0626,1.0547,1.0508,1.0499,1.0567,1.0782,1.1222,1.1955,1.2835,1.392,1.5376,1.7107,1.8974,2.0821,2.2542,2.4047,2.5279,2.6237,2.694,2.7429,2.7713,2.7801,2.7761,2.7654,2.7478,2.7273,2.7067,2.6823,2.6559,2.6285,2.5982,2.565,2.5318,2.5005,2.4663,2.4252,2.3783,2.3245,2.263,2.1945,2.1193,2.0401,1.9589,1.8778,1.7996,1.7273,1.6706,1.6256,1.5826,1.5445,1.5122,1.4868,1.4653,1.4467,1.4272,1.4066,1.3851,1.3636,1.346,1.3314,1.3157,1.3021,1.2893,1.2776,1.2678,1.2571,1.2483,1.2395,1.2287,1.218,1.2063,1.1965,1.1867,1.173,1.1593,1.1476,1.1359,1.1261,1.1183,1.1134,1.1075,1.1017,1.0987,1.1007,1.1046,1.1046,1.1007,1.0929,1.0831,1.0733,1.0655,1.0684,1.0919,1.1457,1.2356,1.3627,1.4966,1.6413,1.8192,2.0117,2.1994,2.3685,2.5103,2.6227,2.7087,2.7693,2.8094,2.8328,2.8387,2.8328,2.8221,2.8055,2.7859,2.7625,2.7351,2.7077,2.6804,2.65,2.6149,2.5797,2.5445,2.5073,2.4643,2.4135,2.3558,2.2913,2.218,2.1388,2.0557,1.9726,1.8905,1.8133,1.7458,1.694,1.653,1.6129,1.5748,1.5406,1.5103,1.4839,1.4614,1.4428,1.4252,1.4066,1.3891,1.3754,1.3627,1.348,1.3333,1.3206,1.3089,1.2962,1.2815,1.2659,1.2493,1.2326,1.216,1.2023,1.1955,1.1906,1.1828,1.174,1.1662,1.1564,1.1457,1.1349,1.1241,1.1134,1.1017,1.0919,1.087,1.085,1.0821,1.0792,1.0753,1.0723,1.0723,1.0802,1.1036,1.1486,1.2258,1.3412,1.4897,1.6383,1.7898,1.9707,2.1584,2.3343,2.4878,2.6129,2.7077,2.7761,2.8211,2.8465,2.8583,2.8563,2.8475,2.8348,2.8172,2.7977,2.7732,2.7449,2.7155,2.6862,2.6549,2.6197,2.5826,2.5435,2.5034,2.4565,2.3998,2.3353,2.261,2.1789,2.0919,2.0029,1.9169,1.8358,1.7625,1.6979,1.6481,1.608,1.5709,1.5386,1.5112,1.4907,1.4741,1.4604,1.4487,1.437,1.4252,1.4125,1.3969,1.3822,1.3675,1.349,1.3314,1.3167,1.3021,1.2893,1.2776,1.2669,1.2571,1.2463,1.2366,1.2317,1.2268,1.2229,1.2199,1.2111,1.1994,1.1887,1.1789,1.1711,1.1652,1.1623,1.1613,1.1574,1.1554,1.1574,1.1554,1.1525,1.1505,1.1505,1.1584,1.1838,1.2375,1.3275,1.4555,1.6168,1.7752,1.9365,2.1212,2.3079,2.4829,2.6344,2.7566,2.8475,2.9101,2.9501,2.9717,2.9775,2.9736,2.9599,2.9404,2.9189,2.8954,2.868,2.8377,2.8065,2.7761,2.7468,2.7165,2.6833,2.6452,2.6041,2.5591,2.5054,2.4418,2.3685,2.2884,2.2043,2.1212,2.042,1.9697,1.9071,1.8543,1.8113,1.7801,1.7556,1.7351,1.7185,1.7067,1.6979,1.6911,1.6833,1.6735,1.6628,1.65,1.6354,1.6227,1.61,1.5953,1.5797,1.563,1.5464,1.5308,1.5171,1.5044,1.4927,1.4809,1.4682,1.4545,1.4457,1.4477,1.4624,1.4956,1.5533,1.6393,1.7498,1.8778,2.0147,2.1505,2.2737,2.3783,2.4536,2.5024,2.5357,2.5513,2.5484,2.5288,2.4936,2.4457,2.3871,2.3206,2.2493,2.173,2.1036,2.0371,1.9658,1.8944,1.827,1.7683,1.7175,1.6745,1.6422,1.6188,1.6022,1.5914,1.5836,1.5777,1.5738,1.5689,1.563,1.5562,1.5464,1.5376,1.5288,1.5191,1.5083,1.4976,1.4829,1.4692,1.4545,1.436,1.4154,1.3939,1.3715,1.349,1.3255,1.303,1.2786,1.2551,1.2317,1.2053,1.1857,1.173,1.1603,1.1486,1.1369,1.1251,1.1144,1.1026,1.0929,1.085,1.0782,1.0723,1.0704,1.0723,1.0733,1.0733,1.0733,1.0733,1.0723,1.0694,1.0645,1.0596,1.0557,1.0538,1.0528,1.0547,1.0587,1.0606,1.0645,1.0723,1.0831,1.0987,1.1183,1.1378,1.1564,1.172,1.1857,1.2004,1.2131,1.2219,1.2297,1.2395,1.2542,1.2815,1.3324,1.4164,1.5425,1.7126,1.9218,2.1584,2.3705,2.566,2.7752,2.9726,3.1447,3.2835,3.3871,3.4585,3.5044,3.5288,3.5357,3.5269,3.5054,3.478,3.4497,3.4203,3.3871,3.35,3.3099,3.2659,3.217,3.1623,3.1007,3.0313,2.955,2.8778,2.7967,2.7048,2.6051,2.5015,2.3949,2.2923,2.1965,2.1095,2.0332,1.9668,1.912,1.8729,1.8446,1.8192,1.7947,1.7713,1.7478,1.7263,1.7077,1.6901,1.6735,1.6588,1.6422,1.6256,1.6119,1.5992,1.5826,1.5611,1.5406,1.5249,1.5083,1.4917,1.4545,1.4066,1.3763,1.3548,1.3402,1.3284,1.3148,1.3011,1.2893,1.2776,1.2659,1.2551,1.2454,1.2366,1.2287,1.2209,1.2121,1.2063,1.2014,1.1935,1.1828,1.172,1.1632,1.1584,1.1584,1.1701,1.2014,1.2581,1.3441,1.436,1.5386,1.6676,1.8094,1.9511,2.0811,2.1916,2.2825,2.3529,2.4037,2.4379,2.4575,2.4653,2.4643,2.4555,2.4409,2.4223,2.3988,2.3724,2.3441,2.3148,2.2835,2.2512,2.218,2.1828,2.1486,2.1124,2.0674,2.0137,1.9531,1.8876,1.8201,1.7537,1.6911,1.6344,1.5855,1.5435,1.5093,1.4829,1.4624,1.4438,1.4291,1.4174,1.4076,1.3978,1.39,1.3832,1.3754,1.3666,1.3578,1.3519,1.3451,1.3343,1.3216,1.3089,1.2972,1.2874,1.2796,1.2708,1.262,1.2561,1.2502,1.2463,1.2424,1.2356,1.2248,1.2131,1.2023,1.1916,1.1808,1.1701,1.1603,1.1544,1.1515,1.1505,1.1505,1.1505,1.1486,1.1447,1.1388,1.1349,1.1359,1.1476,1.176,1.2287,1.3099,1.4184,1.5288,1.6452,1.7859,1.9345,2.0792,2.2082,2.3167,2.4027,2.4673,2.5122,2.5415,2.5572,2.5601,2.5523,2.5367,2.5161,2.4917,2.4673,2.4409,2.4125,2.3832,2.3539,2.3236,2.2913,2.2561,2.2209,2.1848,2.1417,2.0938,2.0401,1.9804,1.9179,1.8543,1.7937,1.737,1.6882,1.6481,1.6158,1.5914,1.5728,1.5591,1.5484,1.5406,1.5347,1.5288,1.5239,1.5191,1.5152,1.5093,1.5015,1.4936,1.4848,1.4741,1.4614,1.4457,1.4291,1.4145,1.3998,1.3851,1.3715,1.3587,1.346,1.3333,1.3245,1.3177,1.3099,1.3021,1.2942,1.2864,1.2805,1.2757,1.2708,1.2678,1.2669,1.2678,1.2708,1.2727,1.2727,1.2727,1.2737,1.2766,1.2845,1.304,1.3421,1.4027,1.4888,1.5992,1.7302,1.8534,1.9707,2.0987,2.2219,2.3294,2.4154,2.48,2.5249,2.5523,2.5621,2.5591,2.5445,2.521,2.4907,2.4555,2.4164,2.3744,2.3324,2.2893,2.2473,2.2092,2.172,2.1349,2.0968,2.0577,2.0196,1.9785,1.9296,1.8739,1.8133,1.7498,1.6862,1.6276,1.5748,1.5279,1.4868,1.4545,1.433,1.4194,1.4086,1.3998,1.392,1.3842,1.3754,1.3656,1.3539,1.3412,1.3304,1.3206,1.3109,1.3011,1.2933,1.2678,1.2307,1.2063,1.1877,1.1711,1.1564,1.1417,1.129,1.1163,1.1046,1.0987,1.0958,1.088,1.0782,1.0704,1.0635,1.0567,1.0508,1.042,1.0332,1.0254,1.0156,1.0049,0.99804,0.99316,0.98338,0.97067,0.95992,0.95797,0.97263,1.0147,1.0929,1.2111,1.3656,1.5523,1.7283,1.8964,2.0802,2.2551,2.4086,2.5347,2.6305,2.6989,2.7449,2.7742,2.7889,2.7918,2.784,2.7693,2.7517,2.7312,2.7087,2.6862,2.6618,2.6344,2.6061,2.5738,2.5376,2.4966,2.4497,2.3998,2.3451,2.2786,2.2043,2.1232,2.0352,1.9423,1.8485,1.7586,1.6764,1.6061,1.5474,1.5034,1.4692,1.4379,1.4096,1.3881,1.3715,1.3578,1.3451,1.3324,1.3206,1.3089,1.2933,1.2757,1.261,1.2463,1.2287,1.2111,1.1896,1.1642,1.1369,1.1056,1.0704,1.0352,1,0.96481,0.93646,0.91202,0.88368,0.85728,0.83578,0.81623,0.80059,0.78983,0.78299,0.78104,0.78299,0.78788,0.79668,0.80938,0.82307,0.83187,0.83578,0.83969,0.85044,0.87781,0.92962,1.0166,1.1417,1.2991,1.479,1.6461,1.8006,1.9629,2.1114,2.2366,2.3333,2.4018,2.4457,2.4643,2.4614,2.4438,2.4174,2.3851,2.3509,2.3187,2.2884,2.2581,2.2287,2.2014,2.176,2.1515,2.129,2.1056,2.0792,2.044,2.0039,1.9589,1.9013,1.8319,1.7576,1.6852,1.6207,1.5709,1.5406,1.5279,1.5337,1.5543,1.5846,1.6178,1.652,1.6931,1.7351,1.7771,1.8162,1.8504,1.8807,1.9062,1.9238,1.9296,1.9238,1.9101,1.8866,1.8485,1.7996,1.7429,1.6794,1.6168,1.5582,1.5024,1.4497,1.3978,1.347,1.2981,1.2571,1.2219,1.1838,1.1437,1.1026,1.0665,1.0352,1.0039,0.97361,0.94233,0.90909,0.87488,0.84751,0.82209,0.79081,0.7654,0.75367,0.7654,0.81036,0.89443,1.0196,1.1818,1.3724,1.5767,1.781,1.9511,2.0909,2.2248,2.3392,2.4272,2.4907,2.5327,2.5582,2.5738,2.5846,2.5934,2.6002,2.6022,2.6051,2.6149,2.6285,2.6442,2.6579,2.6667,2.6706,2.6725,2.6735,2.6716,2.6628,2.6471,2.6246,2.5953,2.5572,2.5122,2.4633,2.4125,2.3646,2.3196,2.2796,2.2454,2.2111,2.1769,2.1447,2.1134,2.0772,2.0352,1.9912,1.9433,1.8935,1.8416,1.7908,1.7996,1.8397,1.8368,1.8172,1.7977,1.7761,1.7468,1.7126,1.6755,1.6334,1.5855,1.5327,1.478,1.4233,1.3705,1.3226,1.2884,1.2639,1.2424,1.2239,1.2102,1.2023,1.1984,1.1965,1.1965,1.1984,1.1994,1.1994,1.2014,1.2023,1.2014,1.2053,1.2229,1.2649,1.3382,1.4467,1.5894,1.7634,1.9619,2.172,2.3822,2.5562,2.697,2.8328,2.9531,3.0518,3.129,3.1877,3.2326,3.2678,3.2972,3.3216,3.3412,3.348,3.346,3.3421,3.3333,3.3187,3.2981,3.2727,3.2414,3.2014,3.1496,3.087,3.0108,2.9228,2.8358,2.7468,2.6432,2.5318,2.4174,2.304,2.1945,2.0919,1.9961,1.9081,1.827,1.7498,1.6852,1.6285,1.566,1.5005,1.435,1.3715,1.3148,1.2659,1.2268,1.1994,1.1808,1.1701,1.1681,1.174,1.1857,1.2014,1.2209,1.2405,1.2571,1.2727,1.2893,1.306,1.3255,1.35,1.3763,1.4027,1.4272,1.4477,1.4624,1.4712,1.479,1.4888,1.4985,1.5093,1.521,1.5337,1.5474,1.5601,1.5718,1.5865,1.608,1.6413,1.695,1.7761,1.8895,2.0342,2.2043,2.3881,2.5718,2.7419,2.8729,2.9717,3.0606,3.1339,3.1857,3.216,3.2287,3.2278,3.217,3.1994,3.173,3.1378,3.0978,3.0567,3.0147,2.9687,2.9208,2.871,2.8201,2.7674,2.7126,2.6569,2.5982,2.5347,2.4663,2.4027,2.3441,2.2805,2.217,2.1603,2.1105,2.0684,2.0342,2.0098,1.999,2.002,2.0176,2.0459,2.0772,2.1114,2.1525,2.1965,2.2385,2.2747,2.305,2.3255,2.3382,2.3451,2.346,2.3421,2.3343,2.3245,2.3128,2.2962,2.2766,2.2522,2.2229,2.1916,2.1574,2.1202,2.0782,2.0332,1.9853,1.9394,1.8925,1.8368,1.7791,1.7224,1.6696,1.6237,1.5846,1.5523,1.5249,1.5015,1.4819,1.4712,1.4712,1.4868,1.5279,1.6031,1.7146,1.8612,2.0391,2.2336,2.4311,2.6197,2.7889,2.9296,3.0254,3.087,3.1359,3.1662,3.1779,3.174,3.1544,3.1222,3.0811,3.0381,2.9912,2.9404,2.8915,2.8446,2.7937,2.74,2.6843,2.6276,2.5728,2.5191,2.4663,2.4164,2.3685,2.3187,2.2678,2.2239,2.1848,2.1466,2.1114,2.0831,2.0596,2.0401,2.0215,2.0039,1.9834,1.957,1.9238,1.8886,1.8514,1.8074,1.7048,1.5758,1.4897,1.4262,1.3734,1.3275,1.2864,1.2512,1.2199,1.1965,1.1799,1.1652,1.1535,1.1476,1.1505,1.1593,1.173,1.1896,1.2072,1.2239,1.2385,1.2473,1.2522,1.2532,1.2454,1.2307,1.2102,1.1857,1.1564,1.1251,1.0938,1.0626,1.0323,1.0059,0.98827,0.98534,0.99902,1.0381,1.1114,1.2199,1.3597,1.523,1.6989,1.8778,2.0489,2.2004,2.3284,2.4223,2.4897,2.5484,2.5943,2.6266,2.6442,2.6471,2.6383,2.6197,2.5934,2.5611,2.523,2.4829,2.4438,2.4018,2.3568,2.3079,2.2561,2.1994,2.1349,2.0626,1.9834,1.8983,1.8104,1.7234,1.651,1.5865,1.5191,1.4555,1.3959,1.3441,1.303,1.2708,1.2454,1.2248,1.2072,1.1916,1.1818,1.173,1.1603,1.1466,1.13,1.1114,1.0919,1.0714,1.0508,1.0303,1.0098,0.99218,0.97556,0.96188,0.95406,0.94428,0.93451,0.92571,0.91691,0.91007,0.9042,0.90029,0.89932,0.90127,0.90518,0.91202,0.91789,0.91887,0.91789,0.91789,0.91887,0.91887,0.91887,0.9218,0.92571,0.93157,0.9433,0.96676,0.99902,1.0479,1.1241,1.2297,1.3617,1.5103,1.6657,1.8201,1.9629,2.088,2.1916,2.2747,2.3314,2.3695,2.3969,2.4135,2.4194,2.4154,2.4057,2.392,2.3744,2.3529,2.3265,2.2981,2.2698,2.2434,2.216,2.1848,2.1496,2.1114,2.0704,2.0235,1.9717,1.9159,1.8553,1.7937,1.7361,1.6882,1.6471,1.607,1.5718,1.5415,1.5161,1.4956,1.477,1.4604,1.4428,1.4233,1.4037,1.3822,1.3627,1.3421,1.3148,1.2835,1.2493,1.2141,1.1779,1.1437,1.1105,1.0802,1.0528,1.0313,1.0196,1.0147,1.0137,1.0186,1.0303,1.0479,1.0704,1.0958,1.1222,1.1476,1.174,1.1975,1.217,1.2326,1.2444,1.2522,1.2542,1.2512,1.2434,1.2297,1.2092,1.1867,1.1652,1.1515,1.1544,1.174,1.2141,1.2854,1.3891,1.5161,1.6559,1.7996,1.9384,2.0635,2.1701,2.259,2.3304,2.3793,2.4135,2.4487,2.4819,2.5122,2.5357,2.5513,2.5611,2.564,2.5621,2.5562,2.5464,2.5337,2.5171,2.4946,2.4653,2.4282,2.3812,2.3226,2.2542,2.176,2.089,1.9961,1.8993,1.8006,1.7146,1.6383,1.5591,1.4829,1.4154,1.3578,1.3109,1.2757,1.2532,1.2395,1.2698,1.3255,1.3607,1.3871,1.4096,1.4311,1.4565,1.4868,1.5191,1.5533,1.5865,1.6178,1.6461,1.6706,1.6901,1.7048,1.7136,1.7146,1.7067,1.6891,1.6628,1.6276,1.5865,1.5396,1.4888,1.435,1.3773,1.3206,1.2776,1.2414,1.2004,1.1593,1.1241,1.0958,1.0762,1.0665,1.0684,1.089,1.1329,1.2063,1.2942,1.4037,1.5572,1.7419,1.9462,2.1564,2.3597,2.5425,2.694,2.8123,2.8993,2.958,2.9912,3.002,2.9941,2.9726,2.9384,2.8954,2.8456,2.7898,2.7312,2.6725,2.6168,2.564,2.5142,2.4712,2.4311,2.3871,2.3421,2.2962,2.2483,2.1975,2.1457,2.0919,2.0391,1.9892,1.9433,1.9062,1.8788,1.8592,1.8436,1.8299,1.8172,1.8074,1.7996,1.7918,1.7849,1.7801,1.7761,1.7722,1.7703,1.7683,1.7644,1.7595,1.7527,1.7419,1.7273,1.7097,1.6882,1.6628,1.6364,1.6119,1.5846,1.5611,1.5406,1.5171,1.4936,1.4702,1.4497,1.435,1.4233,1.4115,1.3978,1.3822,1.3656,1.3548,1.346,1.3333,1.3177,1.3011,1.2874,1.2776,1.2727,1.2786,1.305,1.3578,1.4418,1.5582,1.6794,1.8074,1.9599,2.1163,2.2649,2.3969,2.5054,2.5885,2.6481,2.6852,2.7048,2.7116,2.7077,2.6989,2.6872,2.6725,2.6549,2.6344,2.6119,2.5875,2.5611,2.5327,2.5044,2.4741,2.4399,2.4047,2.3695,2.3284,2.2805,2.2258,2.1632,2.0909,2.0117,1.9326,1.8583,1.7898,1.7292,1.6833,1.6481,1.6178,1.5924,1.5689,1.5484,1.5308,1.5132,1.4976,1.4819,1.4653,1.4497,1.4379,1.4301,1.4233,1.4125,1.3998,1.3881,1.3744,1.3617,1.3529,1.3451,1.3402,1.3402,1.3519,1.3744,1.4086,1.4614,1.5298,1.6158,1.7126,1.8123,1.9081,1.9922,2.0606,2.1095,2.1398,2.1535,2.1535,2.1427,2.1232,2.0929,2.0528,2.0059,1.955,1.9003,1.8446,1.7908,1.737,1.6852,1.6452,1.6129,1.5826,1.5552,1.5327,1.5171,1.5083,1.5034,1.5015,1.5005,1.4995,1.4995,1.5005,1.5024,1.5034,1.5044,1.5044,1.5044,1.5034,1.4985,1.4888,1.4731,1.4526,1.4272,1.3969,1.3685,1.3412,1.3069,1.2708,1.2356,1.2033,1.175,1.1505,1.131,1.1153,1.1017,1.086,1.0723,1.0616,1.0459,1.0274,1.0098,0.99218,0.97849,0.97361,0.97556,0.98338,0.99316,1.001,1.0078,1.0156,1.0215,1.0196,1.0117,0.99902,0.98338,0.96774,0.94819,0.92669,0.90714,0.8915,0.88368,0.88661,0.90616,0.94428,1.0059,1.0899,1.1935,1.3089,1.4272,1.5425,1.653,1.7556,1.8485,1.9316,1.998,2.0518,2.0997,2.1417,2.1838,2.2346,2.3001,2.392,2.5181,2.6774,2.8641,3.0723,3.2542,3.4164,3.5924,3.7566,3.8759,3.9394,3.9707,3.9863,3.9941,3.998,4,4.001,4.002,4.002,4.002,4.002,4.002,4.002,4.002,3.9902,3.956,3.9032,3.8377,3.7605,3.6676,3.5709,3.4673,3.346,3.2111,3.0684,2.9198,2.7693,2.6188,2.4673,2.3177,2.172,2.0293,1.8886,1.7664,1.653,1.5279,1.3988,1.2659,1.132,0.99609,0.85924,0.72043,0.58065,0.43793,0.29814,0.18768,0.1085,0.053763,0.026393,0.012708,0.0058651,0.0029326,0.00097752,0,0,0,0,0,0,0,0,0,0.001955,0.010753,0.026393,0.045943,0.067449,0.089932,0.11535,0.14467,0.17693,0.21017,0.24145,0.27273,0.30401,0.33627,0.37048,0.41447,0.47214,0.55034,0.65689,0.7957,0.96774,1.1417,1.3236,1.5357,1.7576,1.9717,2.1672,2.3392,2.4829,2.5943,2.6735,2.7224,2.7458,2.7478,2.7292,2.695,2.6481,2.5894,2.5239,2.4536,2.3803,2.3079,2.2385,2.175,2.1183,2.0714,2.0274,1.9804,1.9306,1.8759,1.8162,1.7517,1.6852,1.6217,1.5601,1.5054,1.4614,1.433,1.4203,1.4174,1.4203,1.4282,1.435,1.4379,1.4399,1.4379,1.4311,1.4203,1.4066,1.391,1.3783,1.3695,1.3578,1.3441,1.3314,1.3216,1.3109,1.2991,1.2874,1.2757,1.2669,1.26,1.2532,1.2502,1.2483,1.2463,1.2463,1.2493,1.2542,1.262,1.2747,1.2903,1.306,1.3275,1.3587,1.3939,1.4409,1.5103,1.6031,1.7175,1.8504,1.9922,2.1329,2.2639,2.3754,2.4633,2.5249,2.5601,2.5728,2.5679,2.5484,2.5181,2.48,2.433,2.3803,2.3255,2.2688,2.2131,2.1574,2.0987,2.045,1.9951,1.7625,1.7615,1.7605,1.7595,1.7595,1.7595,1.7595,1.7595,1.7595,1.7595,1.7595,1.7595,1.7595,1.7586,1.7576,1.7556,1.7527,1.7498,1.7468,1.7429,1.738,1.7331,1.7273,1.7234,1.7195,1.7136,1.7077,1.7019,1.6979,1.695,1.6921,1.6891,1.6872,1.6852,1.6843,1.6833,1.6843,1.6872,1.6921,1.7038,1.7253,1.7595,1.8065,1.8671,1.9394,2.0176,2.0968,2.173,2.2336,2.2825,2.3284,2.3656,2.3949,2.4154,2.4272,2.433,2.435,2.434,2.4311,2.4262,2.4194,2.4106,2.3998,2.39,2.3793,2.3695,2.3607,2.35,2.3382,2.3255,2.3109,2.2933,2.2727,2.2512,2.2297,2.2063,2.1808,2.1564,2.1329,2.1114,2.0929,2.0772,2.0645,2.0547,2.0479,2.044,2.0401,2.0371,2.0332,2.0274,2.0205,2.0137,2.0059,1.999,1.9912,1.9834,1.9756,1.9677,1.9619,1.955,1.9472,1.9384,1.9286,1.9179,1.9062,1.8944,1.8847,1.8759,1.8661,1.8563,1.8475,1.8407,1.8348,1.828,1.8201,1.8123,1.8065,1.8006,1.7947,1.7869,1.7781,1.7683,1.7586,1.7507,1.7449,1.741,1.7429,1.7537,1.7752,1.8094,1.8573,1.9159,1.9804,2.0479,2.1114,2.1613,2.1994,2.2346,2.263,2.2845,2.2991,2.3089,2.3148,2.3167,2.3157,2.3128,2.3069,2.3001,2.2913,2.2815,2.2727,2.2649,2.2561,2.2463,2.2366,2.2248,2.2111,2.1945,2.175,2.1515,2.129,2.1056,2.0782,2.0489,2.0186,1.9902,1.9648,1.9423,1.9238,1.9081,1.8974,1.8915,1.8866,1.8837,1.8807,1.8778,1.8739,1.871,1.8671,1.8631,1.8602,1.8563,1.8504,1.8436,1.8368,1.8299,1.824,1.8182,1.8113,1.8055,1.7996,1.7957,1.7928,1.7898,1.7869,1.7849,1.782,1.7791,1.7771,1.7752,1.7722,1.7683,1.7634,1.7605,1.7576,1.7527,1.7478,1.7429,1.737,1.7331,1.7322,1.7361,1.7478,1.7722,1.8104,1.8612,1.9228,1.9922,2.0635,2.132,2.1926,2.2444,2.2845,2.3109,2.3275,2.3392,2.347,2.35,2.35,2.348,2.3431,2.3363,2.3265,2.3157,2.304,2.2923,2.2815,2.2698,2.2571,2.2434,2.2287,2.2131,2.1955,2.176,2.1525,2.1261,2.0968,2.0655,2.0381,2.0137,1.9883,1.9629,1.8612,1.7146,1.6217,1.5582,1.5132,1.4809,1.4545,1.4311,1.4125,1.3969,1.3783,1.3597,1.3421,1.3265,1.3118,1.2972,1.2835,1.2698,1.2561,1.2414,1.2239,1.2102,1.1994,1.1877,1.175,1.1613,1.1466,1.132,1.1212,1.1095,1.0958,1.0821,1.0684,1.0577,1.0508,1.0411,1.0293,1.0166,1,0.98338,0.96774,0.95503,0.94526,0.94233,0.95406,0.98925,1.0401,1.1144,1.2258,1.3685,1.5376,1.7195,1.9022,2.0743,2.2258,2.3519,2.4536,2.5318,2.5797,2.6051,2.6207,2.6276,2.6237,2.6119,2.5963,2.5797,2.5611,2.5415,2.522,2.4985,2.4731,2.4477,2.4213,2.3939,2.3656,2.3314,2.2884,2.2385,2.1818,2.1163,2.045,1.9717,1.9003,1.8387,1.7859,1.7361,1.6931,1.6559,1.6276,1.607,1.5894,1.5738,1.5591,1.5474,1.5386,1.5308,1.5249,1.5191,1.5103,1.5015,1.4897,1.478,1.4653,1.4497,1.4321,1.4135,1.3939,1.3744,1.3597,1.349,1.3363,1.3236,1.3099,1.2962,1.2835,1.2698,1.2561,1.2424,1.2287,1.216,1.2063,1.1975,1.1867,1.174,1.1613,1.1486,1.1369,1.129,1.1271,1.1378,1.172,1.2356,1.3353,1.4457,1.5728,1.739,1.9267,2.1183,2.3001,2.4624,2.5973,2.7009,2.7752,2.824,2.8524,2.8592,2.8524,2.8387,2.8201,2.7996,2.7752,2.7478,2.7214,2.694,2.6637,2.6315,2.6002,2.5699,2.5376,2.5015,2.4575,2.4076,2.349,2.2786,2.2014,2.1193,2.0323,1.9492,1.87,1.7947,1.7341,1.6852,1.6383,1.5982,1.567,1.5415,1.522,1.5073,1.4946,1.4819,1.4682,1.4545,1.4409,1.4311,1.4223,1.4115,1.3998,1.3871,1.3705,1.3539,1.3392,1.3245,1.3089,1.2923,1.2747,1.2571,1.2395,1.218,1.1935,1.1672,1.1447,1.1241,1.1056,1.0899,1.0733,1.0567,1.0401,1.0235,1.0117,1.001,0.98534,0.96774,0.95015,0.93646,0.92766,0.9306,0.95406,1.0059,1.0919,1.2141,1.3451,1.4839,1.651,1.8289,2.001,2.1505,2.2708,2.3646,2.435,2.4839,2.5152,2.5327,2.5396,2.5357,2.5239,2.5064,2.4839,2.4594,2.434,2.4096,2.3871,2.3617,2.3324,2.2991,2.261,2.2219,2.1818,2.1349,2.0792,2.0156,1.9443,1.8641,1.7791,1.6921,1.61,1.5327,1.4829,1.4545,1.4272,1.4008,1.3724,1.346,1.3245,1.3069,1.2913,1.2786,1.2669,1.2551,1.2463,1.2366,1.2287,1.2209,1.2121,1.2043,1.1965,1.1896,1.1808,1.1681,1.1535,1.1388,1.1261,1.1163,1.1046,1.0958,1.088,1.0733,1.0557,1.0362,1.0196,1.0098,1.0117,1.0332,1.0821,1.1603,1.2639,1.3724,1.4888,1.6276,1.7742,1.915,2.0401,2.1457,2.2258,2.2796,2.3099,2.3216,2.3187,2.304,2.2825,2.2571,2.2219,2.176,2.1222,2.0626,1.9971,1.9286,1.8592,1.7908,1.7234,1.6588,1.6051,1.5591,1.5132,1.4731,1.4428,1.4223,1.4086,1.4008,1.3949,1.3871,1.3763,1.3636,1.3539,1.346,1.3314,1.3109,1.2864,1.26,1.2336,1.2082,1.1838,1.1593,1.1369,1.1153,1.0938,1.0782,1.0645,1.0479,1.0313,1.0156,1.0049,0.99609,0.98631,0.97752,0.96872,0.9609,0.95699,0.95601,0.95601,0.95406,0.95308,0.95308,0.95308,0.95308,0.95308,0.95308,0.94917,0.94428,0.94135,0.94037,0.9433,0.94819,0.9521,0.95894,0.96579,0.97263,0.98143,0.98925,0.99609,1.0029,1.0098,1.0156,1.0196,1.0215,1.0225,1.0283,1.043,1.0782,1.1457,1.2502,1.393,1.5777,1.7937,2.0264,2.259,2.4516,2.609,2.7605,2.8895,2.9922,3.0655,3.1124,3.1378,3.1457,3.1408,3.1281,3.1095,3.0841,3.0567,3.0293,3.002,2.9746,2.9482,2.9247,2.8993,2.869,2.8338,2.7889,2.7351,2.6735,2.61,2.5455,2.4721,2.393,2.3138,2.2375,2.1652,2.0997,2.045,1.998,1.9609,1.9326,1.9101,1.8915,1.8759,1.8622,1.8524,1.8426,1.8299,1.8172,1.8035,1.7869,1.7644,1.74,1.7136,1.6882,1.6618,1.6334,1.6061,1.5797,1.5562,1.5347,1.5132,1.4888,1.4624,1.4409,1.4233,1.4115,1.4018,1.39,1.3773,1.3646,1.3509,1.3372,1.3236,1.3099,1.2962,1.2825,1.2688,1.2551,1.2444,1.2356,1.2278,1.2287,1.2483,1.2962,1.3773,1.4927,1.6432,1.8201,2.0098,2.2014,2.3587,2.4858,2.6061,2.7077,2.7859,2.8387,2.868,2.8798,2.8768,2.8631,2.8407,2.8123,2.7791,2.7439,2.7087,2.6725,2.6344,2.5943,2.5533,2.5103,2.4653,2.4154,2.3587,2.2962,2.2239,2.1535,2.0821,1.9961,1.9052,1.8172,1.7331,1.6598,1.6002,1.5523,1.5122,1.479,1.4516,1.4301,1.4164,1.4057,1.3949,1.3803,1.3636,1.346,1.3255,1.305,1.2825,1.26,1.2395,1.2199,1.2063,1.1945,1.1789,1.1623,1.1447,1.1261,1.1114,1.0987,1.087,1.0733,1.0587,1.045,1.0323,1.0244,1.0205,1.0147,1.0088,1.0049,1.0029,0.99804,0.99316,0.98729,0.97849,0.96774,0.95601,0.94917,0.94526,0.94624,0.96383,1.0049,1.0782,1.1887,1.3343,1.5054,1.6931,1.8817,2.0587,2.1965,2.3011,2.393,2.4673,2.521,2.5562,2.5748,2.5806,2.5777,2.5699,2.5572,2.5386,2.5161,2.4927,2.4692,2.4438,2.4154,2.3851,2.3548,2.3216,2.2815,2.2366,2.1877,2.1329,2.0714,2.0147,1.957,1.8895,1.8182,1.7458,1.6755,1.6109,1.5523,1.5015,1.4614,1.4282,1.4008,1.3793,1.3646,1.3509,1.3363,1.3226,1.3069,1.2893,1.2747,1.261,1.2493,1.2405,1.2336,1.2268,1.2229,1.2209,1.217,1.2102,1.2014,1.1887,1.175,1.1613,1.1476,1.1339,1.1212,1.1085,1.0997,1.0948,1.0909,1.0811,1.0684,1.0557,1.043,1.0323,1.0244,1.0156,1.0049,0.99316,0.98436,0.98338,0.99022,1.0088,1.0479,1.1153,1.2151,1.3451,1.4995,1.6676,1.8368,1.9961,2.1369,2.2522,2.3314,2.3871,2.4301,2.4575,2.4731,2.478,2.4721,2.4585,2.4399,2.4194,2.3998,2.3803,2.3617,2.3431,2.3245,2.303,2.2766,2.2483,2.217,2.1799,2.1349,2.0831,2.0235,1.955,1.8807,1.8123,1.7468,1.6774,1.609,1.5425,1.4819,1.4301,1.3881,1.3558,1.3324,1.3148,1.3011,1.2933,1.2893,1.2835,1.2747,1.2639,1.2542,1.2463,1.2395,1.2326,1.2248,1.216,1.2082,1.2014,1.1965,1.1906,1.1818,1.1711,1.1593,1.1476,1.1378,1.1261,1.1144,1.1036,1.0919,1.0802,1.0714,1.0655,1.0596,1.0528,1.0479,1.0459,1.045,1.0411,1.0362,1.0342,1.0342,1.042,1.0674,1.1095,1.172,1.2688,1.3969,1.5523,1.7253,1.9032,2.0723,2.2229,2.348,2.4448,2.5161,2.5591,2.5806,2.5914,2.5924,2.5865,2.5777,2.567,2.5552,2.5435,2.5318,2.5191,2.5034,2.4839,2.4614,2.4379,2.4135,2.3881,2.3568,2.3157,2.2659,2.2092,2.1437,2.0704,1.9941,1.9756,1.9971,1.9804,1.9365,1.8866,1.8436,1.8094,1.7849,1.7683,1.7566,1.7488,1.7429,1.7361,1.7292,1.7243,1.7195,1.7136,1.7028,1.6901,1.6764,1.6628,1.6481,1.6295,1.6109,1.5943,1.5787,1.567,1.5572,1.5455,1.5318,1.5181,1.5034,1.4888,1.4741,1.4594,1.4448,1.4301,1.4154,1.4057,1.4008,1.3949,1.3881,1.3793,1.3695,1.3607,1.3568,1.3578,1.3656,1.3881,1.435,1.5122,1.6041,1.7185,1.8739,2.0606,2.2659,2.4702,2.6608,2.827,2.9619,3.0665,3.1408,3.1877,3.2072,3.2072,3.2004,3.1857,3.1623,3.132,3.0978,3.0626,3.0264,2.9912,2.955,2.913,2.8641,2.8143,2.7625,2.7038,2.6354,2.5582,2.4731,2.3832,2.2893,2.1945,2.1007,2.0098,1.9257,1.8592,1.8055,1.7527,1.7048,1.6637,1.6325,1.609,1.5894,1.5728,1.5572,1.5376,1.5132,1.4868,1.4643,1.4438,1.4203,1.3988,1.3832,1.3715,1.3578,1.3402,1.3196,1.2991,1.2776,1.2551,1.2405,1.2336,1.2258,1.217,1.2043,1.1926,1.1799,1.1662,1.1535,1.1437,1.1369,1.13,1.1241,1.1251,1.129,1.131,1.13,1.1241,1.1153,1.1095,1.1085,1.1212,1.1584,1.2287,1.3402,1.4663,1.609,1.7918,1.9961,2.2033,2.4018,2.5767,2.7224,2.8358,2.9169,2.9697,3,3.0137,3.0108,2.9961,2.9795,2.9609,2.9365,2.9071,2.8719,2.8328,2.7928,2.7537,2.7165,2.6794,2.6432,2.6051,2.5601,2.5093,2.4487,2.3783,2.2981,2.2082,2.1134,2.0196,1.9306,1.8475,1.7703,1.7077,1.6579,1.6139,1.5777,1.5445,1.5171,1.4956,1.477,1.4604,1.4448,1.4301,1.4154,1.4027,1.3881,1.3734,1.3627,1.3519,1.3392,1.3275,1.3177,1.3089,1.2991,1.2864,1.2727,1.2581,1.2473,1.2366,1.2199,1.2023,1.1848,1.1642,1.1447,1.1281,1.1124,1.0968,1.0811,1.0665,1.0577,1.0508,1.0401,1.0274,1.0137,1.0029,1.0029,1.0215,1.0684,1.1505,1.2757,1.4438,1.6461,1.8397,2.0274,2.2356,2.4399,2.6217,2.7742,2.8935,2.9804,3.0391,3.0723,3.085,3.0821,3.0674,3.045,3.0176,2.9883,2.9648,2.9453,2.9286,2.911,2.8925,2.8729,2.8465,2.8104,2.7703,2.7243,2.6657,2.5982,2.521,2.435,2.3089,2.1642,2.0459,1.9453,1.8573,1.7791,1.7116,1.6618,1.6217,1.5855,1.5572,1.5367,1.521,1.5083,1.4956,1.4829,1.4702,1.4565,1.4438,1.4321,1.4213,1.4096,1.3969,1.3842,1.3695,1.3539,1.3412,1.3314,1.3226,1.3138,1.303,1.2903,1.2815,1.2737,1.261,1.2454,1.2268,1.2092,1.1926,1.176,1.1613,1.1466,1.1349,1.1241,1.1183,1.1153,1.1095,1.1026,1.0997,1.1046,1.1251,1.172,1.2512,1.3675,1.5191,1.6989,1.8915,2.0587,2.2043,2.35,2.479,2.5865,2.6686,2.7243,2.7576,2.7722,2.7742,2.7693,2.7595,2.7449,2.7243,2.7048,2.6843,2.6608,2.6364,2.6109,2.5865,2.565,2.5406,2.5103,2.4731,2.4282,2.3812,2.3294,2.2639,2.1887,2.1075,2.0264,1.9472,1.8729,1.8084,1.7566,1.7155,1.6833,1.6608,1.6442,1.6315,1.6188,1.6051,1.5953,1.5855,1.5758,1.567,1.5591,1.5503,1.5415,1.5337,1.5279,1.5239,1.5181,1.5103,1.5034,1.4966,1.4868,1.4751,1.4624,1.4497,1.437,1.4233,1.4135,1.4057,1.3949,1.3832,1.3705,1.3578,1.346,1.3372,1.3294,1.3216,1.3148,1.3079,1.3011,1.2981,1.2981,1.3011,1.3148,1.3441,1.4008,1.4917,1.6178,1.7742,1.9531,2.1417,2.3284,2.4839,2.607,2.7253,2.827,2.9062,2.9619,2.9971,3.0147,3.0186,3.0117,2.9971,2.9775,2.958,2.9365,2.915,2.8925,2.8661,2.8368,2.8065,2.7781,2.7478,2.7097,2.6608,2.6031,2.5396,2.477,2.4125,2.3402,2.2659,2.1955,2.131,2.0723,2.0235,1.9873,1.9629,1.9443,1.9316,1.9218,1.913,1.9091,1.9071,1.9062,1.9052,1.9062,1.912,1.9218,1.9316,1.9394,1.9472,1.956,1.9638,1.9726,1.9834,1.9951,2.0078,2.0205,2.0371,2.0557,2.0743,2.0938,2.1134,2.13,2.1398,2.1427,2.1408,2.1349,2.1261,2.1163,2.1075,2.1036,2.1065,2.1134,2.1202,2.1232,2.1251,2.1271,2.132,2.1457,2.1789,2.2414,2.3421,2.4848,2.6618,2.8592,3.0645,3.261,3.435,3.5621,3.654,3.7361,3.8016,3.8495,3.8817,3.9022,3.913,3.913,3.9052,3.8895,3.868,3.8446,3.8162,3.784,3.7517,3.7185,3.6852,3.651,3.6119,3.5679,3.5161,3.4575,3.39,3.3099,3.0557,2.7204,2.5161,2.3793,2.2786,2.1984,2.1329,2.0802,2.0381,2.0029,1.9736,1.9482,1.9247,1.9042,1.8856,1.8671,1.8485,1.8299,1.8113,1.7928,1.7742,1.7566,1.739,1.7204,1.6989,1.6794,1.6598,1.6383,1.6168,1.5963,1.5738,1.5513,1.5269,1.5034,1.4829,1.4633,1.4448,1.4291,1.4164,1.4057,1.391,1.3744,1.3568,1.3382,1.3236,1.3099,1.2962,1.2835,1.2727,1.263,1.26,1.2669,1.2874,1.3294,1.3959,1.4848,1.5924,1.7097,1.8309,1.9501,2.0567,2.1437,2.2131,2.26,2.2884,2.3069,2.3167,2.3196,2.3177,2.3109,2.3001,2.2874,2.2747,2.261,2.2473,2.2307,2.2111,2.1906,2.1711,2.1496,2.1241,2.0938,2.0587,2.0186,1.9726,1.9218,1.8661,1.8074,1.7537,1.7019,1.6471,1.5934,1.5455,1.5064,1.478,1.4585,1.4448,1.4379,1.437,1.4389,1.4418,1.4457,1.4506,1.4536,1.4555,1.4565,1.4575,1.4594,1.4624,1.4663,1.4682,1.4692,1.4702,1.4702,1.4692,1.4653,1.4614,1.4594,1.4585,1.4575,1.4585,1.4624,1.4682,1.478,1.4927,1.5073,1.523,1.5435,1.565,1.5846,1.6002,1.6109,1.6168,1.6197,1.6227,1.6285,1.6413,1.6716,1.7097,1.7615,1.8436,1.9511,2.0762,2.2092,2.3412,2.4624,2.567,2.653,2.7195,2.7664,2.7898,2.7977,2.7977,2.7908,2.7791,2.7634,2.7478,2.7341,2.7224,2.7126,2.7028,2.6931,2.6833,2.6706,2.6549,2.6383,2.6188,2.5934,2.5591,2.5171,2.4682,2.4125,2.3519,2.2903,2.2307,2.1769,2.1271,2.0772,2.0332,1.9932,1.9589,1.9316,1.9081,1.8886,1.871,1.8524,1.8338,1.8162,1.7996,1.7791,1.7566,1.7341,1.7097,1.6823,1.652,1.6197,1.5846,1.5484,1.5122,1.479,1.4545,1.435,1.4184,1.4096,1.4174,1.4418,1.4809,1.5318,1.5894,1.65,1.7058,1.7527,1.7849,1.8045,1.8162,1.8172,1.8084,1.7889,1.7586,1.7204,1.6745,1.6217,1.5621,1.5015,1.4409,1.39,1.347,1.304,1.2678,1.2385,1.218,1.2072,1.2043,1.2072,1.2131,1.2209,1.2268,1.2307,1.2346,1.2366,1.2346,1.2297,1.2219,1.2131,1.2043,1.1955,1.1857,1.173,1.1584,1.1408,1.1251,1.1105,1.0919,1.0704,1.0508,1.0332,1.0293,1.0313,1.0225,1.0088,0.99218,0.97458,0.95894,0.94624,0.93353,0.91984,0.90518,0.89052,0.87781,0.8651,0.85435,0.84555,0.83675,0.82991,0.82405,0.82307,0.82307,0.82111,0.81623,0.81036,0.8045,0.79961,0.7957,0.79472,0.79668,0.80254,0.81329,0.82698,0.84457,0.8651,0.88759,0.90714,0.9218,0.93451,0.94526,0.95308,0.95992,0.96774,0.97556,0.98338,0.99316,1.0039,1.0117,1.0156,1.0176,1.0166,1.0156,1.0156,1.0235,1.044,1.0831,1.1476,1.2248,1.3196,1.4477,1.5953,1.7468,1.8925,2.0235,2.132,2.217,2.2805,2.3275,2.3568,2.3724,2.3754,2.3685,2.3568,2.3402,2.3196,2.2972,2.2737,2.2493,2.2219,2.1945,2.1652,2.132,2.0987,2.0626,2.0196,1.9697,1.914,1.8504,1.782,1.7077,1.6315,1.5562,1.4829,1.4125,1.347,1.2962,1.2561,1.2199,1.1887,1.1603,1.1339,1.1105,1.0899,1.0723,1.0577,1.0459,1.0352,1.0283,1.0235,1.0166,1.0068,0.99413,0.98045,0.96579,0.95015,0.93548,0.92082,0.90616,0.8915,0.87683,0.86608,0.85533,0.84066,0.82502,0.80938,0.7957,0.78397,0.77517,0.76833,0.76344,0.76149,0.76051,0.76344,0.76833,0.77126,0.77322,0.77517,0.77615,0.77713,0.77713,0.78006,0.78983,0.81232,0.85435,0.91691,0.98925,1.0753,1.1857,1.3109,1.4399,1.5621,1.6716,1.7634,1.8358,1.8905,1.9286,1.9511,1.9609,1.9648,1.9658,1.9629,1.956,1.9453,1.9306,1.913,1.8954,1.8768,1.8573,1.8397,1.825,1.8104,1.7918,1.7683,1.738,1.7028,1.6608,1.6119,1.5601,1.5093,1.4604,1.4174,1.3803,1.3529,1.3333,1.3157,1.303,1.2942,1.2884,1.2825,1.2776,1.2717,1.2639,1.2551,1.2454,1.2385,1.2336,1.2287,1.2239,1.219,1.2141,1.2082,1.2014,1.1945,1.1867,1.1779,1.1681,1.1584,1.1515,1.1466,1.1408,1.1329,1.1241,1.1153,1.1046,1.0938,1.086,1.0811,1.0762,1.0723,1.0714,1.0704,1.0665,1.0596,1.0518,1.043,1.0362,1.0362,1.0479,1.0772,1.129,1.2053,1.303,1.3998,1.4985,1.6119,1.7243,1.826,1.911,1.9746,2.0196,2.0469,2.0587,2.0577,2.0479,2.0323,2.0137,1.9932,1.9736,1.9541,1.9345,1.9179,1.9052,1.8935,1.8837,1.8759,1.8651,1.8504,1.9453,2.0909,2.1427,2.1427,2.1134,2.0665,2.0098,1.9472,1.8837,1.8231,1.7674,1.7175,1.6804,1.654,1.6325,1.6158,1.6051,1.5992,1.5943,1.5894,1.5826,1.5728,1.5611,1.5474,1.5327,1.521,1.5112,1.4985,1.4858,1.4751,1.4692,1.4663,1.4643,1.4614,1.4575,1.4555,1.4526,1.4516,1.4506,1.4477,1.4438,1.4389,1.434,1.4291,1.4252,1.4203,1.4154,1.4106,1.4027,1.3939,1.3881,1.3842,1.3754,1.3646,1.3568,1.3578,1.3763,1.4184,1.4868,1.5836,1.7028,1.8368,1.956,2.0665,2.1828,2.2884,2.3773,2.4477,2.5015,2.5406,2.565,2.5767,2.5787,2.5738,2.563,2.5503,2.5347,2.5161,2.4956,2.4721,2.4487,2.4272,2.4047,2.3793,2.3509,2.3196,2.2845,2.2493,2.2092,2.1584,2.0978,2.0313,1.9629,1.8954,1.8319,1.7771,1.7312,1.694,1.6657,1.6432,1.6285,1.6168,1.6031,1.5894,1.5777,1.5679,1.5611,1.5543,1.5474,1.5386,1.5288,1.5191,1.5132,1.5073,1.4995,1.4907,1.4809,1.4721,1.4624,1.4506,1.436,1.4184,1.3988,1.3763,1.3509,1.3304,1.3138,1.2952,1.2757,1.2561,1.2395,1.2239,1.2121,1.2043,1.1975,1.1916,1.1857,1.1848,1.1867,1.1896,1.2023,1.2317,1.2854,1.3675,1.48,1.6207,1.783,1.955,2.1281,2.2727,2.393,2.5093,2.609,2.6862,2.741,2.7781,2.7986,2.8074,2.8074,2.7967,2.7781,2.7546,2.7292,2.7019,2.6725,2.6422,2.6119,2.5806,2.5484,2.5132,2.4751,2.4321,2.3822,2.3265,2.2737,2.219,2.1525,2.0802,2.0088,1.9404,1.8778,1.8231,1.7781,1.7419,1.7155,1.695,1.6804,1.6706,1.6657,1.6598,1.652,1.6432,1.6344,1.6276,1.6217,1.6158,1.609,1.6022,1.5934,1.5865,1.5806,1.5699,1.5562,1.5415,1.5269,1.5122,1.4966,1.4819,1.4702,1.4585,1.4477,1.437,1.4301,1.4272,1.4242,1.4233,1.4223,1.4223,1.4233,1.4252,1.4262,1.4262,1.4262,1.4262,1.4291,1.434,1.4418,1.4585,1.4927,1.5503,1.6344,1.7458,1.8778,2.0235,2.174,2.3177,2.4457,2.5406,2.609,2.6667,2.7067,2.7292,2.738,2.737,2.7292,2.7146,2.696,2.6725,2.6452,2.6197,2.5963,2.5718,2.5464,2.521,2.4946,2.4653,2.4409,2.4154,2.3783,2.3314,2.2796,2.2199,2.1642,2.1085,2.044,1.9785,1.915,1.8563,1.8035,1.7576,1.7195,1.6882,1.6608,1.6373,1.6217,1.6129,1.6051,1.5992,1.5934,1.5875,1.5806,1.5699,1.5562,1.5415,1.5239,1.5054,1.4868,1.4721,1.4604,1.4457,1.4321,1.4194,1.4076,1.3969,1.3851,1.3744,1.3617,1.349,1.3324,1.3265,1.3196,1.303,1.2913,1.2805,1.2737,1.2757,1.2933,1.3353,1.4047,1.5015,1.6227,1.7439,1.8671,2.0039,2.1408,2.2669,2.3724,2.4555,2.52,2.566,2.5953,2.61,2.6119,2.6041,2.5894,2.567,2.5376,2.5024,2.4614,2.4145,2.3636,2.3089,2.2483,2.1838,2.1183,2.0547,2.0039,1.9609,1.9159,1.8749,1.8397,1.8123,1.7947,1.7859,1.7801,1.7752,1.7683,1.7595,1.7517,1.7449,1.7361,1.7253,1.7116,1.696,1.6784,1.6588,1.6383,1.6178,1.5992,1.5816,1.5679,1.5552,1.5376,1.5181,1.4976,1.4761,1.4565,1.4389,1.4233,1.4096,1.3978,1.3861,1.3744,1.3675,1.3627,1.3548,1.3451,1.3343,1.3236,1.3128,1.3021,1.2923,1.2864,1.2835,1.2845,1.2923,1.3011,1.3099,1.3187,1.3275,1.3372,1.346,1.3548,1.3646,1.3763,1.393,1.4223,1.4731,1.5357,1.6178,1.739,1.8935,2.0714,2.26,2.4448,2.6158,2.7664,2.8915,2.9873,3.0577,3.1007,3.1222,3.1349,3.1369,3.1339,3.1281,3.1153,3.0978,3.0782,3.0557,3.0293,3.001,2.9707,2.9374,2.9022,2.8641,2.8231,2.7781,2.7253,2.6637,2.5943,2.5181,2.4379,2.3548,2.2717,2.1994,2.1359,2.0714,2.0127,1.9629,1.9228,1.8925,1.871,1.8563,1.8456,1.8377,1.8309,1.825,1.8211,1.8172,1.8123,1.8074,1.8006,1.7918,1.782,1.7713,1.7605,1.7498,1.737,1.7243,1.7155,1.7048,1.6901,1.6745,1.6569,1.6373,1.6178,1.5992,1.5816,1.565,1.5484,1.5318,1.5181,1.5112,1.5073,1.5034,1.4985,1.4927,1.4848,1.4751,1.4673,1.4624,1.4633,1.48,1.5181,1.5709,1.6422,1.7488,1.8837,2.0362,2.1955,2.3509,2.4936,2.6158,2.7146,2.7898,2.8436,2.8788,2.8964,2.9032,2.9052,2.9013,2.8925,2.8788,2.8592,2.8377,2.8152,2.7928,2.7713,2.7468,2.7195,2.6364,2.522,2.4418,2.3724,2.306,2.2375,2.1662,2.0919,2.0147,1.9384,1.8661,1.8016,1.7517,1.7116,1.6755,1.6432,1.6158,1.5953,1.5806,1.5699,1.5582,1.5474,1.5367,1.5259,1.5171,1.5103,1.5015,1.4917,1.4809,1.4702,1.4565,1.4448,1.436,1.4242,1.4125,1.4027,1.391,1.3812,1.3724,1.3597,1.3451,1.3294,1.3128,1.2962,1.2796,1.2639,1.2493,1.2356,1.2239,1.216,1.2111,1.2043,1.1994,1.1945,1.1896,1.1887,1.1935,1.2092,1.2434,1.3021,1.392,1.5132,1.6373,1.7664,1.9179,2.0733,2.2199,2.347,2.4516,2.5327,2.5904,2.6256,2.6432,2.6481,2.6422,2.6295,2.6158,2.6012,2.5826,2.563,2.5415,2.5191,2.4927,2.4643,2.436,2.4086,2.3822,2.3539,2.3187,2.2796,2.2366,2.1877,2.131,2.0674,1.9971,1.9228,1.8504,1.783,1.7204,1.6696,1.6305,1.5973,1.5699,1.5474,1.5308,1.5161,1.4976,1.4809,1.4673,1.4506,1.434,1.4223,1.4145,1.4057,1.3959,1.3851,1.3715,1.3578,1.3451,1.3353,1.3275,1.3206,1.3148,1.3089,1.304,1.2991,1.2923,1.2864,1.2776,1.2678,1.26,1.2542,1.2483,1.2424,1.2385,1.2366,1.2366,1.2366,1.2356,1.2346,1.2346,1.2356,1.2434,1.263,1.3021,1.3666,1.4624,1.5875,1.7331,1.87,2,2.1408,2.2727,2.4008,2.5093,2.5728,2.61,2.6364,2.651,2.653,2.65,2.6364,2.6168,2.6041,2.5855,2.567,2.5484,2.5239,2.5064,2.4858,2.4575,2.4272,2.391,2.3539,2.3138,2.2649,2.2248,2.1681,2.0811,1.998,1.9198,1.8475,1.783,1.7273,1.6804,1.6442,1.6168,1.5934,1.5758,1.564,1.5582,1.5523,1.5455,1.5386,1.5288,1.5191,1.5073,1.4946,1.4839,1.4731,1.4585,1.4399,1.4203,1.4027,1.3851,1.3715,1.3587,1.347,1.3353,1.3226,1.3138,1.3069,1.2981,1.2864,1.2757,1.2639,1.2532,1.2434,1.2346,1.2258,1.216,1.2053,1.1945,1.1877,1.1857,1.1848,1.1887,1.2033,1.2346,1.2933,1.3842,1.5073,1.6549,1.8182,1.9834,2.1212,2.2356,2.346,2.4428,2.52,2.5767,2.6149,2.6364,2.6461,2.6452,2.6364,2.6227,2.6051,2.5846,2.564,2.5425,2.521,2.4985,2.4741,2.4467,2.4643,2.4985,2.4878,2.4536,2.4047,2.3529,2.2981,2.2307,2.1535,2.0704,1.9853,1.9013,1.8211,1.7498,1.6882,1.6158,1.5777,1.5484,1.5132,1.4976,1.479,1.4526,1.4379,1.4233,1.4096,1.3959,1.3812,1.3656,1.3539,1.348,1.3421,1.3353,1.3284,1.3216,1.3148,1.3079,1.3011,1.2923,1.2815,1.2708,1.26,1.2483,1.2405,1.2297,1.2111,1.1975,1.1867,1.1779,1.1701,1.1593,1.1476,1.1398,1.1378,1.1388,1.1457,1.1701,1.2199,1.304,1.4272,1.5894,1.7791,1.9844,2.1916,2.3861,2.5406,2.6618,2.7742,2.87,2.9453,2.999,3.0313,3.045,3.0469,3.0391,3.0254,3.0078,2.9883,2.9668,2.9443,2.9208,2.8964,2.8719,2.8465,2.8162,2.7801,2.738,2.6872,2.6276,2.5582,2.4907,2.4203,2.3363,2.2493,2.1662,2.0899,2.0244,1.9687,1.9238,1.8895,1.8631,1.8446,1.8338,1.8289,1.826,1.825,1.824,1.8201,1.8133,1.8065,1.7996,1.7928,1.7859,1.7791,1.7722,1.7674,1.7625,1.7586,1.7586,1.7634,1.7742,1.7967,1.8397,1.9042,1.9902,2.0938,2.2043,2.3138,2.4027,2.4751,2.5425,2.5934,2.6237,2.6354,2.6325,2.6178,2.5894,2.5513,2.5044,2.4497,2.3959,2.3402,2.2737,2.2004,2.1222,2.045,1.9726,1.9032,1.8426,1.7957,1.7595,1.7351,1.7195,1.7116,1.7107,1.7126,1.7116,1.7077,1.7019,1.695,1.6882,1.6813,1.6745,1.6667,1.654,1.6403,1.6266,1.608,1.5846,1.5591,1.5327,1.5054,1.478,1.4506,1.4213,1.391,1.3636,1.3392,1.3226,1.3089,1.2913,1.2717,1.2502,1.2278,1.2043,1.1789,1.1554,1.1369,1.1202,1.1056,1.0958,1.0899,1.0802,1.0684,1.0547,1.0411,1.0274,1.0137,0.99804,0.9824,0.96676,0.9521,0.94135,0.93939,0.94233,0.9433,0.94428,0.94428,0.94135,0.93646,0.93353,0.93255,0.93157,0.93157,0.93255,0.94037,0.95308,0.96676,0.98045,0.99413,1.0078,1.0215,1.0352,1.0489,1.0626,1.0811,1.1134,1.1691,1.2424,1.346,1.5034,1.7048,1.9423,2.2014,2.4624,2.7077,2.9247,3.1085,3.2551,3.3685,3.4389,3.48,3.5083,3.5249,3.5298,3.523,3.5093,3.4917,3.4692,3.4409,3.4076,3.3685,3.3236,3.2747,3.0909,2.8397,2.6911,2.5914,2.5122,2.4399,2.3685,2.2962,2.2219,2.1476,2.0743,2.0108,1.955,1.8974,1.8446,1.7986,1.7576,1.7234,1.6979,1.6784,1.6608,1.6461,1.6334,1.6227,1.6129,1.6002,1.5875,1.5738,1.5611,1.5494,1.5347,1.5181,1.5005,1.4809,1.4594,1.4379,1.4213,1.4096,1.3969,1.3832,1.3695,1.3558,1.3441,1.3343,1.3245,1.3148,1.305,1.2952,1.2884,1.2825,1.2737,1.2649,1.2561,1.2463,1.2346,1.2199,1.2033,1.1857,1.1701,1.1584,1.1525,1.1564,1.175,1.2121,1.2737,1.3617,1.4712,1.5982,1.7331,1.8671,1.9912,2.0997,2.1887,2.2493,2.2903,2.3226,2.3431,2.3548,2.3578,2.3539,2.3431,2.3284,2.3118,2.2942,2.2776,2.262,2.2473,2.2336,2.218,2.2004,2.1789,2.1525,2.1202,2.0811,2.0352,1.9834,1.9257,1.8661,1.8143,1.7674,1.7185,1.6735,1.6354,1.6051,1.5806,1.5621,1.5484,1.5367,1.5279,1.521,1.5152,1.5112,1.5093,1.5054,1.4995,1.4917,1.4829,1.4712,1.4565,1.4399,1.4233,1.4086,1.393,1.3803,1.3695,1.3548,1.3382,1.3216,1.305,1.2884,1.2747,1.263,1.2522,1.2424,1.2326,1.2239,1.218,1.2141,1.2072,1.1994,1.1926,1.1896,1.1877,1.1867,1.1877,1.1955,1.216,1.2561,1.3069,1.3744,1.4721,1.5963,1.738,1.8895,2.0391,2.1769,2.2942,2.39,2.4653,2.52,2.5582,2.5777,2.5865,2.5914,2.5904,2.5826,2.5709,2.5582,2.5445,2.5308,2.5171,2.5005,2.4809,2.4594,2.436,2.4086,2.3783,2.3421,2.3011,2.2581,2.2082,2.1544,2.0978,2.0381,1.9775,1.9198,1.8719,1.8328,1.7977,1.7674,1.7429,1.7243,1.7116,1.7038,1.6999,1.6979,1.697,1.697,1.697,1.697,1.696,1.694,1.6921,1.6891,1.6852,1.6804,1.6735,1.6637,1.652,1.6383,1.6246,1.6129,1.6012,1.5865,1.5709,1.5562,1.5425,1.5298,1.5181,1.5083,1.4956,1.4829,1.4721,1.4643,1.4555,1.4438,1.434,1.4233,1.4115,1.4027,1.3959,1.393,1.3998,1.4223,1.4653,1.5347,1.6139,1.7038,1.8211,1.9531,2.087,2.216,2.3324,2.4291,2.5044,2.5611,2.6012,2.6266,2.6354,2.6325,2.6246,2.6109,2.5953,2.5777,2.5591,2.5376,2.564,2.6139,2.6246,2.6168,2.5992,2.5758,2.5464,2.5103,2.4682,2.4203,2.3656,2.306,2.2434,2.1808,2.1202,2.0626,2.0127,1.9736,1.9433,1.9169,1.8925,1.8719,1.8563,1.8436,1.8319,1.8201,1.8094,1.7967,1.783,1.7703,1.7586,1.7478,1.737,1.7234,1.7087,1.6931,1.6774,1.6598,1.6403,1.6197,1.5992,1.5777,1.5601,1.5445,1.5259,1.5064,1.4878,1.4712,1.4545,1.4399,1.4252,1.4125,1.4027,1.3949,1.391,1.3891,1.3851,1.3803,1.3754,1.3705,1.3666,1.3675,1.3812,1.4164,1.478,1.5709,1.694,1.8172,1.9423,2.087,2.2326,2.3675,2.4848,2.5806,2.6559,2.7077,2.739,2.7546,2.7576,2.7498,2.7351,2.7155,2.6921,2.6657,2.6364,2.608,2.5806,2.5513,2.522,2.4917,2.4614,2.4301,2.3988,2.3636,2.3216,2.2737,2.219,2.1584,2.0899,2.0166,1.9423,1.869,1.8006,1.739,1.6911,1.652,1.6178,1.5894,1.567,1.5494,1.5337,1.5191,1.5024,1.4848,1.4673,1.4497,1.434,1.4242,1.4194,1.4115,1.4008,1.39,1.3793,1.3675,1.3578,1.348,1.3372,1.3284,1.3187,1.3118,1.306,1.2981,1.2884,1.2766,1.2669,1.261,1.2581,1.2561,1.2551,1.2551,1.2551,1.2551,1.2561,1.2581,1.259,1.26,1.261,1.2688,1.2903,1.3333,1.4027,1.5024,1.6305,1.7791,1.9169,2.0459,2.1857,2.3196,2.436,2.5318,2.607,2.6618,2.6999,2.7243,2.738,2.7439,2.741,2.7302,2.7126,2.6901,2.6657,2.6403,2.6158,2.5924,2.5699,2.5445,2.5161,2.4829,2.4438,2.4037,2.3607,2.3089,2.2493,2.1828,2.1105,2.0352,1.9629,1.8944,1.8319,1.7781,1.7322,1.694,1.6657,1.6422,1.6207,1.6051,1.5914,1.5797,1.5679,1.5562,1.5455,1.5347,1.5239,1.5132,1.5054,1.4985,1.4888,1.4751,1.4594,1.4418,1.4262,1.4135,1.4018,1.39,1.3803,1.3724,1.3685,1.3656,1.3587,1.348,1.3353,1.3206,1.306,1.2933,1.2835,1.2757,1.2688,1.262,1.2542,1.2502,1.2483,1.2444,1.2424,1.2473,1.2649,1.304,1.3715,1.4682,1.5943,1.7439,1.9071,2.0538,2.1848,2.3187,2.4409,2.5425,2.6217,2.6813,2.7204,2.7419,2.7507,2.7498,2.741,2.7273,2.7097,2.6891,2.6891,2.7009,2.694,2.6774,2.6569,2.6344,2.608,2.5748,2.5347,2.4868,2.437,2.3832,2.3177,2.2405,2.1525,2.0577,1.9609,1.868,1.784,1.7097,1.6452,1.5924,1.5523,1.5249,1.5034,1.4829,1.4673,1.4526,1.4389,1.4233,1.4047,1.3842,1.3656,1.35,1.3363,1.3275,1.3236,1.3177,1.3118,1.306,1.3001,1.2942,1.2884,1.2786,1.2659,1.2522,1.2375,1.2229,1.2111,1.2023,1.1896,1.176,1.1642,1.1535,1.1457,1.1388,1.132,1.129,1.1271,1.1232,1.1193,1.1173,1.1153,1.1153,1.1251,1.1525,1.2082,1.2991,1.4252,1.5836,1.7644,1.9541,2.1417,2.2952,2.4213,2.5406,2.6422,2.7224,2.7801,2.8182,2.8407,2.8504,2.8495,2.8397,2.825,2.8074,2.7849,2.7615,2.737,2.7107,2.6852,2.6579,2.6256,2.5875,2.5445,2.4966,2.4418,2.3793,2.3167,2.2522,2.1779,2.0997,2.0205,1.9443,1.871,1.8055,1.7507,1.7077,1.6755,1.651,1.6325,1.6197,1.609,1.5973,1.5855,1.5718,1.5562,1.5435,1.5337,1.523,1.5142,1.5073,1.4976,1.4897,1.4829,1.4731,1.4624,1.4506,1.437,1.4223,1.4057,1.3871,1.3685,1.3529,1.3421,1.3363,1.3333,1.3294,1.3245,1.3187,1.3128,1.3069,1.3001,1.2952,1.2913,1.2864,1.2815,1.2757,1.2727,1.2727,1.2776,1.2962,1.3363,1.4047,1.5064,1.6432,1.8104,1.999,2.1926,2.3793,2.5279,2.6461,2.7595,2.8563,2.9335,2.9902,3.0264,3.045,3.0499,3.0459,3.0362,3.0205,3,2.9746,2.9433,2.9091,2.8729,2.8328,2.7879,2.74,2.6911,2.6393,2.5806,2.5161,2.4438,2.3744,2.306,2.2268,2.1437,2.0626,1.9834,1.912,1.8504,1.7977,1.7576,1.7283,1.7048,1.6852,1.6667,1.6432,1.6158,1.5885,1.5621,1.5367,1.5122,1.4878,1.4663,1.4477,1.4291,1.4106,1.3949,1.3812,1.3656,1.348,1.3304,1.3118,1.2933,1.2766,1.261,1.2434,1.2258,1.2072,1.1926,1.1769,1.1603,1.1437,1.1281,1.1144,1.1026,1.0958,1.0909,1.085,1.0772,1.0674,1.0596,1.0587,1.0616,1.0684,1.0919,1.1388,1.2151,1.3255,1.4712,1.6422,1.824,2.0068,2.1799,2.3177,2.4233,2.5171,2.5924,2.6452,2.6804,2.7009,2.7097,2.7077,2.6725,2.6217,2.5855,2.5562,2.5298,2.5044,2.4761,2.4438,2.4125,2.3822,2.35,2.3138,2.2757,2.2336,2.1848,2.1261,2.0674,2.0068,1.9326,1.8495,1.7654,1.6852,1.61,1.5445,1.4868,1.4379,1.3998,1.3705,1.349,1.3363,1.3284,1.3187,1.3069,1.2923,1.2776,1.2649,1.2512,1.2356,1.2199,1.2033,1.1867,1.174,1.1642,1.1535,1.1427,1.132,1.1202,1.1085,1.0958,1.0821,1.0665,1.0479,1.0283,1.0098,0.99707,0.98925,0.9824,0.97556,0.9697,0.96383,0.95894,0.95699,0.95406,0.95015,0.94526,0.94135,0.9433,0.95503,0.97654,1.0147,1.0772,1.1701,1.2952,1.4497,1.6237,1.8065,1.9853,2.1505,2.2933,2.3969,2.4702,2.5288,2.5679,2.5894,2.5953,2.5914,2.5826,2.5689,2.5513,2.5308,2.5064,2.478,2.4477,2.4174,2.3881,2.3558,2.3196,2.2805,2.2375,2.1906,2.1369,2.0792,2.0156,1.9472,1.8837,1.8221,1.7546,1.6882,1.6237,1.564,1.5152,1.478,1.4506,1.433,1.4233,1.4184,1.4164,1.4174,1.4145,1.4076,1.3988,1.3881,1.3744,1.3578,1.3412,1.3236,1.306,1.2893,1.2737,1.263,1.2532,1.2395,1.2248,1.2082,1.1916,1.176,1.1593,1.1427,1.1261,1.1075,1.0899,1.0762,1.0665,1.0547,1.042,1.0293,1.0176,1.0059,0.99413,0.98436,0.97654,0.9697,0.96383,0.96188,0.9697,0.98925,1.0264,1.089,1.1838,1.3099,1.4594,1.6227,1.7898,1.9511,2.0958,2.2199,2.3089,2.3705,2.4213,2.4585,2.4839,2.4995,2.5064,2.5054,2.4976,2.4839,2.4653,2.4448,2.4233,2.3988,2.3724,2.3451,2.3148,2.2825,2.2502,2.217,2.1799,2.1359,2.0841,2.0235,1.956,1.8935,1.8328,1.7634,1.694,1.6276,1.5699,1.5249,1.4946,1.4751,1.4643,1.4585,1.4555,1.4555,1.4565,1.4575,1.4565,1.4516,1.4467,1.4409,1.4321,1.4223,1.4115,1.4008,1.3891,1.3783,1.3695,1.3607,1.348,1.3363,1.3275,1.3196,1.3128,1.3069,1.3011,1.2952,1.2893,1.2835,1.2805,1.2796,1.2757,1.2708,1.2659,1.26,1.2551,1.2493,1.2454,1.2434,1.2434,1.2473,1.2581,1.2776,1.3118,1.3705,1.4604,1.5816,1.7322,1.9032,2.0831,2.2581,2.4154,2.5513,2.6628,2.738,2.7869,2.824,2.8661,2.9042,2.9169,2.914,2.9013,2.8827,2.8592,2.8338,2.8074,2.7791,2.7478,2.7146,2.6784,2.6393,2.5973,2.5513,2.4995,2.4418,2.3783,2.3089,2.2336,2.1544,2.0831,2.0196,1.955,1.8895,1.826,1.7713,1.7243,1.6843,1.651,1.6237,1.5992,1.5767,1.5562,1.5406,1.5298,1.5161,1.5005,1.4848,1.4673,1.4497,1.433,1.4174,1.4027,1.3881,1.3773,1.3705,1.3636,1.3568,1.35,1.3412,1.3294,1.3167,1.3021,1.2884,1.2757,1.262,1.2483,1.2346,1.2248,1.219,1.2102,1.2004,1.1896,1.1808,1.172,1.1623,1.1535,1.1476,1.1457,1.1535,1.172,1.2063,1.2649,1.3529,1.4702,1.6139,1.7742,1.9404,2.1007,2.2473,2.3754,2.4809,2.5611,2.6109,2.6393,2.6569,2.6657,2.6667,2.6608,2.653,2.6422,2.6266,2.608,2.5865,2.5601,2.5327,2.5083,2.4839,2.4575,2.4291,2.3969,2.3587,2.3128,2.2581,2.1945,2.1241,2.0489,1.9717,1.9042,1.8446,1.783,1.7243,1.6725,1.6285,1.5934,1.564,1.5415,1.5239,1.5103,1.4976,1.4888,1.4809,1.4702,1.4585,1.4457,1.4321,1.4184,1.4047,1.392,1.3803,1.3675,1.3539,1.3451,1.3372,1.3275,1.3177,1.3069,1.2972,1.2903,1.2825,1.2757,1.2698,1.261,1.2512,1.2414,1.2366,1.2356,1.2336,1.2307,1.2278,1.2229,1.2151,1.2072,1.2004,1.1955,1.1975,1.2121,1.2375,1.2796,1.35,1.4526,1.5836,1.738,1.9052,2.0723,2.2278,2.3656,2.4819,2.5748,2.6432,2.6843,2.7048,2.7175,2.7243,2.7234,2.7155,2.7038,2.6891,2.6735,2.6588,2.6432,2.6246,2.6041,2.5816,2.5552,2.5239,2.4888,2.4487,2.4008,2.346,2.2874,2.2229,2.1515,2.0762,2,1.9326,1.8719,1.8104,1.7517,1.7009,1.6579,1.6246,1.5963,1.5728,1.5543,1.5396,1.5259,1.5171,1.5093,1.4995,1.4897,1.479,1.4682,1.4585,1.4506,1.4448,1.436,1.4233,1.4086,1.393,1.3812,1.3705,1.3587,1.347,1.3353,1.3255,1.3148,1.304,1.2942,1.2854,1.2786,1.2727,1.2708,1.2698,1.2669,1.2639,1.2581,1.2493,1.2395,1.2307,1.2248,1.2229,1.2307,1.2551,1.305,1.3705,1.4565,1.5806,1.7312,1.8974,2.0684,2.2317,2.3783,2.5034,2.5875,2.6403,2.6833,2.7067,2.7175,2.7224,2.7224,2.7185,2.7097,2.697,2.6833,2.6676,2.651,2.6305,2.608,2.5836,2.5562,2.5249,2.4878,2.4467,2.3998,2.347,2.2874,2.2209,2.1496,2.0753,2,1.9286,1.869,1.8182,1.7693,1.7273,1.6931,1.6676,1.651,1.6403,1.6325,1.6256,1.6178,1.61,1.6022,1.5963,1.5904,1.5816,1.5718,1.5611,1.5503,1.5386,1.5249,1.5103,1.4946,1.479,1.4643,1.4545,1.4467,1.437,1.4282,1.4213,1.4174,1.4174,1.4174,1.4174,1.4154,1.4125,1.4066,1.3998,1.3959,1.3939,1.391,1.3861,1.3812,1.3734,1.3617,1.35,1.3441,1.3509,1.3754,1.4252,1.4907,1.5787,1.7058,1.8602,2.0274,2.1975,2.3578,2.4985,2.6158,2.7087,2.7781,2.826,2.8553,2.8671,2.868,2.8641,2.8543,2.8387,2.8201,2.7996,2.7801,2.7625,2.7429,2.7195,2.6911,2.6598,2.6276,2.5934,2.5513,2.5024,2.4457,2.3812,2.3099,2.2336,2.1544,2.0772,2.0068,1.9501,1.9042,1.8612,1.8221,1.7889,1.7634,1.7419,1.7224,1.6999,1.6755,1.65,1.6256,1.6031,1.5865,1.5728,1.5572,1.5396,1.521,1.5015,1.4809,1.4594,1.4399,1.4213,1.4047,1.3891,1.3793,1.3695,1.3568,1.3421,1.3265,1.3109,1.2942,1.2747,1.2542,1.2336,1.2151,1.2004,1.1877,1.1808,1.1808,1.1779,1.174,1.1691,1.1623,1.1574,1.1564,1.1642,1.1877,1.2346,1.3099,1.3969,1.5034,1.6481,1.8172,1.9951,2.1691,2.3275,2.4604,2.566,2.6442,2.697,2.7292,2.7449,2.7478,2.7419,2.7322,2.7165,2.695,2.6686,2.6373,2.6061,2.5758,2.5455,2.5171,2.4888,2.4614,2.436,2.4066,2.3705,2.3265,2.2757,2.216,2.1496,2.0782,2.0029,1.9267,1.8504,1.7781,1.7175,1.6667,1.6158,1.5679,1.522,1.48,1.4448,1.4135,1.3842,1.3558,1.3284,1.304,1.2874,1.2757,1.2659,1.261,1.2581,1.2571,1.2561,1.2561,1.2561,1.2561,1.2561,1.2561,1.2561,1.2571,1.2571,1.2561,1.2561,1.2571,1.26,1.2639,1.2688,1.2757,1.2854,1.2981,1.3128,1.3265,1.3382,1.346,1.3529,1.3578,1.3607,1.3636,1.3705,1.3871,1.4213,1.478,1.563,1.6764,1.7928,1.914,2.0596,2.2141,2.3675,2.5073,2.6266,2.7224,2.7937,2.8456,2.8807,2.9022,2.9101,2.9071,2.8993,2.8895,2.8759,2.8573,2.8368,2.8133,2.7869,2.7595,2.7312,2.7019,2.6716,2.6403,2.607,2.5689,2.522,2.4663,2.4047,2.3392,2.2717,2.2033,2.1378,2.0802,2.0313,1.9941,1.9648,1.9404,1.9208,1.9062,1.8974,1.8935,1.8915,1.8915,1.8935,1.8944,1.8944,1.8944,1.8944,1.8915,1.8847,1.8739,1.8612,1.8465,1.8289,1.8113,1.7937,1.7761,1.7566,1.737,1.7224,1.7087,1.6931,1.6764,1.6598,1.6422,1.6246,1.607,1.5894,1.5718,1.5562,1.5425,1.5269,1.5122,1.4985,1.4819,1.4614,1.4409,1.4233,1.4135,1.4184,1.4506,1.5161,1.6158,1.7468,1.8788,2.0166,2.1769,2.3372,2.4829,2.607,2.7038,2.7732,2.8192,2.8465,2.8592,2.8612,2.8514,2.8338,2.8143,2.7947,2.7722,2.7458,2.7185,2.6901,2.6598,2.6276,2.5924,2.5523,2.5073,2.4633,2.4164,2.3578,2.2893,2.2131,2.131,2.0469,1.9619,1.8788,1.8016,1.7341,1.6755,1.6315,1.5992,1.5718,1.5533,1.5445,1.5396,1.5376,1.5337,1.5259,1.5161,1.5054,1.4936,1.4819,1.4731,1.4663,1.4585,1.4545,1.4614,1.4848,1.5298,1.5973,1.6862,1.7918,1.9042,2.0147,2.1036,2.1711,2.2287,2.2708,2.2962,2.303,2.2903,2.263,2.2258,2.1799,2.1281,2.0714,2.0078,1.9482,1.8905,1.8231,1.7468,1.6686,1.5943,1.5279,1.4712,1.4262,1.393,1.3734,1.3636,1.3617,1.3666,1.3754,1.3851,1.3959,1.4066,1.4164,1.4233,1.4262,1.4282,1.4291,1.4282,1.4242,1.4223,1.4203,1.4135,1.4047,1.3939,1.3832,1.3715,1.3597,1.35,1.3402,1.3294,1.3167,1.3079,1.3001,1.2893,1.2776,1.2659,1.2551,1.2454,1.2356,1.2248,1.2141,1.2023,1.1926,1.1848,1.1808,1.1828,1.1975,1.2346,1.304,1.4115,1.5591,1.739,1.9404,2.1496,2.349,2.5269,2.6608,2.7605,2.8446,2.9062,2.9443,2.9629,2.9677,2.9629,2.9511,2.9316,2.9062,2.8759,2.8426,2.8094,2.7732,2.7351,2.6921,2.6461,2.5973,2.5415,2.4809,2.4135,2.3412,2.2639,2.1857,2.1173,2.0538,1.9892,1.9286,1.8759,1.8299,1.7908,1.7586,1.7322,1.7077,1.6608,1.6031,1.5611,1.5298,1.5044,1.478,1.4516,1.4282,1.4057,1.3822,1.3597,1.3392,1.3187,1.2962,1.2766,1.2639,1.2522,1.2375,1.2209,1.2043,1.1877,1.172,1.1554,1.1398,1.1241,1.1075,1.0929,1.0811,1.0733,1.0694,1.0665,1.0645,1.0626,1.0587,1.0547,1.0499,1.045,1.0391,1.0303,1.0196,1.0127,1.0078,1.001,1,1.0147,1.0528,1.1232,1.2336,1.3822,1.5601,1.7566,1.956,2.1232,2.2639,2.4008,2.5191,2.6149,2.6852,2.7322,2.7605,2.7713,2.7703,2.7625,2.7498,2.7341,2.7155,2.6931,2.6667,2.6383,2.607,2.5738,2.5386,2.5005,2.4545,2.3998,2.3363,2.2649,2.1965,2.1241,2.0401,1.9492,1.8583,1.7713,1.6882,1.6129,1.5445,1.4878,1.4448,1.4106,1.3812,1.3607,1.3451,1.3275,1.3118,1.2942,1.2766,1.26,1.2444,1.2278,1.2102,1.1926,1.175,1.1613,1.1535,1.1427,1.13,1.1163,1.1017,1.087,1.0723,1.0587,1.0459,1.0352,1.0264,1.0176,1.0137,1.0147,1.0117,1.0059,0.99804,0.98827,0.97752,0.96579,0.95406,0.94233,0.9306,0.91887,0.91105,0.90909,0.90616,0.90127,0.89638,0.89052,0.88465,0.88074,0.87879,0.87781,0.87683,0.87977,0.88661,0.89834,0.91105,0.92278,0.92962,0.93451,0.94135,0.95699,0.99022,1.0508,1.1457,1.2796,1.4506,1.6197,1.7937,2,2.2131,2.4135,2.5885,2.7351,2.8495,2.9306,2.9863,3.0215,3.0371,3.0381,3.0264,3.0049,2.9795,2.9511,2.9208,2.8876,2.8524,2.8172,2.7801,2.74,2.6979,2.651,2.6051,2.5582,2.4995,2.4311,2.3548,2.2698,2.1789,2.087,1.9951,1.9091,1.8309,1.7605,1.6999,1.6549,1.6197,1.5875,1.5572,1.5308,1.5054,1.4819,1.4594,1.4389,1.4233,1.4096,1.3959,1.3851,1.3734,1.3568,1.3382,1.3196,1.3011,1.2835,1.2669,1.2522,1.2375,1.2209,1.2053,1.1896,1.1779,1.1701,1.1603,1.1496,1.1408,1.131,1.1202,1.1085,1.0948,1.0821,1.0694,1.0577,1.0499,1.0459,1.0391,1.0313,1.0264,1.0235,1.0196,1.0147,1.0117,1.0108,1.0127,1.0254,1.0567,1.1007,1.1632,1.261,1.3959,1.5611,1.7458,1.9394,2.13,2.304,2.4526,2.5738,2.6657,2.7243,2.7576,2.7791,2.7879,2.7781,2.7537,2.7322,2.7126,2.694,2.6745,2.654,2.6295,2.6041,2.5787,2.5523,2.521,2.4848,2.4428,2.3959,2.3421,2.2805,2.2121,2.1388,2.0655,1.9932,1.9306,1.8739,1.8152,1.7615,1.7155,1.6784,1.65,1.6295,1.6149,1.6051,1.5973,1.5875,1.5777,1.5679,1.5582,1.5455,1.5327,1.521,1.5093,1.5005,1.4936,1.4858,1.48,1.4721,1.4633,1.4555,1.4487,1.4399,1.4301,1.4194,1.4086,1.3978,1.3871,1.3763,1.3656,1.3539,1.3441,1.3392,1.3372,1.3333,1.3284,1.3236,1.3196,1.3177,1.3167,1.3148,1.3109,1.306,1.304,1.306,1.3118,1.3265,1.3568,1.4125,1.4985,1.6188,1.7693,1.9433,2.129,2.3157,2.4907,2.6481,2.7664,2.8534,2.9296,2.9892,3.0274,3.0459,3.0508,3.0469,3.0342,3.0137,2.9892,2.9609,2.9286,2.8954,2.8651,2.8368,2.8055,2.7732,2.739,2.7009,2.6579,2.607,2.5484,2.4819,2.4086,2.3382,2.2698,2.1945,2.1183,2.0469,1.9834,1.9296,1.8847,1.8485,1.8192,1.7937,1.7693,1.7468,1.7273,1.7077,1.6872,1.6657,1.6422,1.6197,1.5992,1.5806,1.5601,1.5396,1.521,1.5015,1.4848,1.4692,1.4506,1.4301,1.4086,1.3871,1.3666,1.348,1.3304,1.3128,1.2962,1.2796,1.262,1.2463,1.2326,1.216,1.1975,1.1828,1.175,1.1711,1.1691,1.1662,1.1603,1.1525,1.1427,1.1369,1.1349,1.1369,1.1476,1.175,1.2297,1.3187,1.4399,1.5914,1.7644,1.9462,2.1241,2.2874,2.4145,2.5112,2.5973,2.6647,2.7155,2.7488,2.7654,2.7703,2.7644,2.7488,2.7273,2.7028,2.6764,2.6491,2.6217,2.5914,2.5582,2.5249,2.4888,2.4477,2.4018,2.3519,2.2952,2.2317,2.1632,2.0987,2.0342,1.9609,1.8837,1.8065,1.7322,1.6647,1.6061,1.5572,1.5191,1.4888,1.4653,1.4516,1.4389,1.4242,1.4086,1.392,1.3754,1.3607,1.349,1.3372,1.3245,1.3099,1.2942,1.2786,1.2678,1.26,1.2493,1.2385,1.2258,1.2141,1.2053,1.1955,1.1848,1.175,1.1652,1.1544,1.1476,1.1427,1.1349,1.1271,1.1202,1.1144,1.1095,1.1075,1.1065,1.1056,1.1036,1.1007,1.0987,1.0978,1.0958,1.0987,1.1153,1.1544,1.2229,1.3245,1.4594,1.6237,1.8094,1.9834,2.1427,2.2825,2.4008,2.5132,2.607,2.6794,2.7302,2.7644,2.783,2.7879,2.784,2.7713,2.7517,2.7253,2.695,2.6647,2.6334,2.6002,2.564,2.5259,2.4858,2.4438,2.3969,2.346,2.2903,2.2287,2.1691,2.1075,2.0342,1.9541,1.871,1.7879,1.7107,1.6413,1.5816,1.5318,1.4917,1.4604,1.4409,1.4282,1.4154,1.4037,1.393,1.3812,1.3675,1.3509,1.3333,1.3148,1.2972,1.2835,1.2708,1.262,1.2561,1.2473,1.2356,1.2239,1.2111,1.1994,1.1877,1.1769,1.1681,1.1584,1.1466,1.1378,1.131,1.1202,1.1065,1.0929,1.0802,1.0684,1.0577,1.0518,1.0489,1.0459,1.0401,1.0313,1.0254,1.0244,1.0244,1.0332,1.0577,1.1056,1.1887,1.3089,1.4643,1.6471,1.8416,2.0362,2.1975,2.3324,2.4633,2.5738,2.6608,2.7273,2.7713,2.7977,2.8094,2.8094,2.8025,2.7898,2.7693,2.7419,2.7116,2.6794,2.6452,2.61,2.5738,2.5367,2.4966,2.4526,2.4047,2.3509,2.2903,2.2297,2.1672,2.0948,2.0166,1.9355,1.8543,1.7761,1.7028,1.6383,1.5846,1.5406,1.5044,1.4751,1.4545,1.4399,1.4272,1.4135,1.3969,1.3773,1.3578,1.3382,1.3206,1.306,1.2933,1.2786,1.2659,1.2561,1.2454,1.2336,1.219,1.2033,1.1867,1.1701,1.1564,1.1437,1.132,1.1202,1.1075,1.0987,1.0909,1.0831,1.0753,1.0674,1.0606,1.0538,1.0479,1.042,1.0362,1.0303,1.0254,1.0225,1.0215,1.0196,1.0225,1.0381,1.0733,1.1378,1.2385,1.3773,1.5474,1.739,1.9384,2.132,2.2874,2.4125,2.5318,2.6315,2.7097,2.7654,2.8006,2.8162,2.8192,2.8113,2.7957,2.7722,2.7439,2.7126,2.6833,2.6559,2.6276,2.5992,2.5689,2.5337,2.4956,2.4526,2.4027,2.346,2.2805,2.216,2.1505,2.0723,1.9873,1.9013,1.8172,1.739,1.6706,1.6139,1.5689,1.5337,1.5064,1.4878,1.4721,1.4565,1.4409,1.4282,1.4174,1.4076,1.3998,1.393,1.3842,1.3744,1.3636,1.3558,1.349,1.3402,1.3294,1.3187,1.3079,1.2972,1.2864,1.2737,1.26,1.2463,1.2326,1.2199,1.2111,1.2053,1.1994,1.1935,1.1877,1.1818,1.174,1.1642,1.1564,1.1496,1.1447,1.1408,1.1388,1.1398,1.1398,1.1417,1.1496,1.1711,1.2141,1.2864,1.3949,1.5425,1.7234,1.9267,2.1359,2.3128,2.4643,2.6139,2.7449,2.8485,2.9247,2.9785,3.0117,3.0264,3.0274,3.0176,3,2.9775,2.9511,2.9208,2.8876,2.8524,2.8172,2.783,2.7458,2.7058,2.6647,2.6207,2.5709,2.5132,2.4555,2.3939,2.3216,2.2424,2.1564,2.0694,1.9873,1.912,1.8465,1.7908,1.7449,1.7077,1.6804,1.6618,1.65,1.6413,1.6334,1.6266,1.6168,1.6022,1.5865,1.5679,1.5455,1.522,1.4985,1.477,1.4604,1.4428,1.4213,1.3988,1.3754,1.3509,1.3255,1.2981,1.2737,1.2522,1.2326,1.218,1.2063,1.1906,1.174,1.1564,1.1388,1.1202,1.1017,1.085,1.0723,1.0645,1.0606,1.0547,1.0508,1.0469,1.0411,1.0362,1.0401,1.0616,1.1095,1.1916,1.3128,1.4721,1.6608,1.8631,2.0391,2.1955,2.3568,2.5054,2.6285,2.7243,2.7937,2.8407,2.8671,2.8739,2.8671,2.8495,2.825,2.7967,2.7625,2.7234,2.6843,2.6471,2.6119,2.5758,2.5396,2.4995,2.4545,2.4027,2.3421,2.2825,2.2199,2.1437,2.0596,1.9697,1.8759,1.783,1.695,1.6139,1.5425,1.4809,1.4282,1.3871,1.3587,1.3363,1.3128,1.2923,1.2776,1.2649,1.2532,1.2405,1.2278,1.216,1.2033,1.1916,1.1828,1.176,1.1701,1.1642,1.1574,1.1515,1.1417,1.13,1.1173,1.1065,1.0948,1.0831,1.0753,1.0714,1.0684,1.0655,1.0606,1.0557,1.0528,1.0518,1.0508,1.0508,1.0508,1.0508,1.0489,1.0479,1.0459,1.0381,1.0303,1.0264,1.0352,1.0655,1.1271,1.2268,1.3666,1.5386,1.7341,1.9394,2.1163,2.2678,2.4174,2.5494,2.6569,2.737,2.7908,2.8221,2.8348,2.8319,2.8162,2.7937,2.7664,2.7361,2.7009,2.6637,2.6266,2.5894,2.5523,2.5132,2.4712,2.4272,2.3803,2.3245,2.2669,2.2072,2.1359,2.0557,1.9677,1.8749,1.781,1.6891,1.6031,1.5269,1.4604,1.4057,1.3627,1.3343,1.3148,1.2991,1.2854,1.2737,1.262,1.2502,1.2375,1.2239,1.2102,1.1975,1.1848,1.1769,1.0469,1.044,1.0381,1.0352,1.042,1.0655,1.1144,1.1975,1.3167,1.4731,1.6579,1.8592,2.0371,2.1926,2.3519,2.4966,2.6168,2.7077,2.7732,2.8162,2.8387,2.8456,2.8407,2.827,2.8055,2.7781,2.7468,2.7155,2.6862,2.6569,2.6276,2.5973,2.565,2.5318,2.4956,2.4516,2.3988,2.3431,2.2845,2.2151,2.1388,2.0577,1.9765,1.8983,1.827,1.7625,1.7087,1.6676,1.6393,1.6217,1.6119,1.6041,1.5973,1.5914,1.5836,1.5738,1.5621,1.5494,1.5376,1.5239,1.5083,1.4927,1.479,1.4682,1.4555,1.4418,1.4262,1.4086,1.391,1.3724,1.3519,1.3304,1.3089,1.2903,1.2766,1.2649,1.2512,1.2356,1.219,1.2023,1.1857,1.1681,1.1515,1.1359,1.1241,1.1153,1.1075,1.1056,1.1075,1.1085,1.1085,1.1114,1.1251,1.1613,1.2258,1.3265,1.4653,1.6344,1.825,1.9971,2.1515,2.3109,2.4594,2.5865,2.6852,2.7595,2.8104,2.8416,2.8573,2.8612,2.8543,2.8397,2.8182,2.7898,2.7586,2.7243,2.6872,2.6471,2.6031,2.5572,2.5083,2.4555,2.3988,2.3382,2.2786,2.218,2.1466,2.0674,1.9824,1.8925,1.8025,1.7146,1.6325,1.5572,1.4927,1.4389,1.3949,1.3646,1.3421,1.3196,1.3001,1.2845,1.2688,1.2532,1.2395,1.2278,1.217,1.2043,1.1906,1.1808,1.172,1.1584,1.1437,1.129,1.1163,1.1036,1.0899,1.0753,1.0606,1.0479,1.0352,1.0274,1.0225,1.0156,1.0108,1.0088,1.0078,1.0068,1.0068,1.0068,1.0068,1.0068,1.0039,0.99804,0.99511,0.99218,0.98436,0.97849,0.97654,0.98436,1.0127,1.0674,1.1564,1.2835,1.4448,1.6344,1.8104,1.9756,2.1535,2.3206,2.4653,2.5836,2.6716,2.7322,2.7713,2.7908,2.7937,2.782,2.7586,2.7283,2.695,2.6588,2.6207,2.5797,2.5376,2.4966,2.4555,2.4115,2.3656,2.3157,2.259,2.2033,2.1457,2.0762,1.9951,1.9081,1.8172,1.7263,1.6383,1.5562,1.4839,1.4213,1.3685,1.3255,1.2972,1.2786,1.262,1.2493,1.2405,1.2326,1.2258,1.2199,1.2111,1.1994,1.1867,1.172,1.1603,1.1505,1.1369,1.1232,1.1085,1.0938,1.0811,1.0694,1.0577,1.0459,1.0362,1.0264,1.0176,1.0137,1.0098,1.0039,0.99804,0.99022,1.0205,1.0714,1.0938,1.1026,1.1065,1.1056,1.1026,1.1017,1.1017,1.0978,1.0929,1.0909,1.0919,1.1036,1.1339,1.1916,1.2815,1.4066,1.563,1.7439,1.9091,2.0596,2.217,2.3656,2.4946,2.5982,2.6764,2.7331,2.7703,2.7918,2.7996,2.7967,2.7849,2.7664,2.7439,2.7185,2.6882,2.6549,2.6197,2.5826,2.5455,2.5083,2.4692,2.4272,2.3803,2.3314,2.2815,2.2219,2.1544,2.0802,2.001,1.9218,1.8465,1.7771,1.7136,1.6579,1.6119,1.5797,1.5572,1.5367,1.52,1.5064,1.4936,1.4829,1.4692,1.4545,1.4418,1.4301,1.4203,1.4135,1.4096,1.4076,1.4037,1.3998,1.3949,1.39,1.3832,1.3744,1.3646,1.3548,1.3441,1.3314,1.3226,1.3167,1.3089,1.2981,1.2874,1.2766,1.2669,1.259,1.2551,1.2532,1.2522,1.2522,1.2522,1.2532,1.2532,1.2522,1.2522,1.2522,1.2542,1.2698,1.3089,1.3793,1.4839,1.6197,1.7849,1.9423,2.0929,2.26,2.4242,2.5699,2.6901,2.783,2.8504,2.8944,2.9189,2.9277,2.9228,2.9081,2.8876,2.8641,2.8397,2.8143,2.7879,2.7586,2.7292,2.6989,2.6657,2.6276,2.5836,2.5347,2.4839,2.4291,2.3656,2.2942,2.218,2.1388,2.0606,1.9834,1.9091,1.8407,1.782,1.7341,1.6999,1.6764,1.6569,1.6403,1.6256,1.61,1.5953,1.5816,1.567,1.5523,1.5357,1.5161,1.4976,1.4829,1.4692,1.4516,1.434,1.4174,1.3988,1.3783,1.3587,1.3402,1.3236,1.3069,1.2913,1.2796,1.2698,1.2581,1.2463,1.2356,1.2248,1.2141,1.2033,1.1926,1.1828,1.172,1.1613,1.1515,1.1447,1.1398,1.132,1.1232,1.1163,1.1153,1.1271,1.1593,1.217,1.305,1.4252,1.5738,1.7185,1.8622,2.0244,2.1857,2.3324,2.4575,2.5562,2.6295,2.6784,2.7067,2.7195,2.7204,2.7126,2.6999,2.6813,2.6588,2.6344,2.608,2.5797,2.5494,2.5191,2.4848,2.4467,2.4057,2.3587,2.3118,2.2639,2.2053,2.1388,2.0684,1.9922,1.912,1.8319,1.7537,1.6804,1.6149,1.5591,1.5122,1.479,1.4545,1.433,1.4154,1.4027,1.3939,1.3842,1.3744,1.3646,1.3548,1.346,1.3392,1.3353,1.1388,1.1369,1.1339,1.132,1.132,1.1398,1.1632,1.2102,1.2835,1.3871,1.5191,1.6745,1.8201,1.958,2.1075,2.2502,2.3773,2.4829,2.564,2.6237,2.6647,2.6891,2.6989,2.696,2.6833,2.6647,2.6432,2.6168,2.5865,2.5572,2.5288,2.5005,2.4731,2.4448,2.4145,2.3803,2.3412,2.2991,2.2522,2.1955,2.13,2.0567,1.9785,1.9003,1.825,1.7556,1.6911,1.6354,1.5904,1.5582,1.5347,1.5142,1.4976,1.4848,1.4731,1.4624,1.4526,1.4438,1.437,1.4311,1.4242,1.4145,1.4066,1.4008,1.39,1.3793,1.3685,1.3568,1.3451,1.3343,1.3226,1.3109,1.3001,1.2893,1.2825,1.2786,1.2708,1.262,1.2532,1.2434,1.2346,1.2268,1.2209,1.218,1.216,1.2131,1.2092,1.2092,1.2102,1.2082,1.2043,1.1994,1.2004,1.2131,1.2444,1.3021,1.39,1.5083,1.654,1.7947,1.9326,2.085,2.2346,2.3675,2.477,2.5611,2.6237,2.6667,2.695,2.7116,2.7175,2.7126,2.7019,2.6872,2.6686,2.6471,2.6237,2.6002,2.5738,2.5445,2.5152,2.4829,2.4457,2.4037,2.3617,2.3167,2.2639,2.2023,2.1349,2.0635,1.9912,1.9189,1.8485,1.782,1.7243,1.6755,1.6393,1.6119,1.5885,1.5699,1.5552,1.5435,1.5327,1.522,1.5112,1.5015,1.4917,1.479,1.4653,1.4565,1.4497,1.4399,1.4282,1.4174,1.4057,1.3939,1.3832,1.3744,1.3675,1.3617,1.3548,1.349,1.3451,1.3372,1.3265,1.3148,1.304,1.2942,1.2854,1.2786,1.2708,1.263,1.2571,1.2502,1.2473,1.2454,1.2405,1.2356,1.2326,1.2317,1.2385,1.26,1.303,1.3754,1.4809,1.6188,1.7546,1.8925,2.0518,2.2131,2.3627,2.4917,2.5982,2.6843,2.7478,2.7908,2.8172,2.8289,2.8289,2.8192,2.8035,2.7849,2.7634,2.738,2.7107,2.6833,2.6549,2.6227,2.5894,2.5543,2.5161,2.477,2.435,2.3842,2.3255,2.262,2.1926,2.1202,2.0469,1.9765,1.911,1.8514,1.8006,1.7586,1.7263,1.7019,1.6784,1.6579,1.6413,1.6285,1.6168,1.6061,1.5973,1.5885,1.5797,1.5699,1.563,1.5572,1.5513,1.5464,1.5386,1.5298,1.5122,1.4897,1.4731,1.4594,1.4477,1.436,1.4242,1.4145,1.4066,1.3969,1.3851,1.3744,1.3636,1.3529,1.3441,1.3372,1.3314,1.3255,1.3216,1.3216,1.3245,1.3245,1.3226,1.3187,1.3148,1.3157,1.3275,1.3539,1.4018,1.4809,1.5934,1.739,1.8847,2.0313,2.2023,2.3763,2.5376,2.6804,2.7986,2.8886,2.9541,2.998,3.0225,3.0332,3.0303,3.0186,3.002,2.9795,2.955,2.9277,2.8983,2.8671,2.8348,2.8016,2.7654,2.7292,2.6891,2.6471,2.6051,2.5572,2.5005,2.436,2.3636,2.2884,2.216,2.1486,2.088,2.0362,1.9951,1.9668,1.9453,1.9296,1.9189,1.9091,1.8993,1.8876,1.8719,1.8534,1.8338,1.8133,1.7918,1.7732,1.7566,1.741,1.7253,1.7087,1.6931,1.6755,1.6549,1.6305,1.6051,1.5797,1.5562,1.5337,1.5171,1.5034,1.4868,1.4712,1.4536,1.434,1.4164,1.4018,1.3891,1.3773,1.3675,1.3568,1.349,1.3441,1.3343,1.3216,1.3069,1.2913,1.2766,1.2688,1.2757,1.306,1.3666,1.4633,1.5953,1.7312,1.8719,2.0401,2.216,2.3842,2.5327,2.6569,2.7556,2.8299,2.8817,2.914,2.9306,2.9316,2.9218,2.9062,2.8856,2.8602,2.8319,2.8016,2.7713,2.7429,2.7146,2.6843,2.6491,2.61,2.5699,2.5259,2.4741,2.4154,2.348,2.2727,2.1916,2.1095,2.0274,1.9492,1.8759,1.8094,1.7576,1.7175,1.6813,1.6491,1.6227,1.6012,1.5836,1.5679,1.5523,1.5357,1.5181,1.4985,1.478,1.4614,1.4457,1.4291,1.4135,1.4018,1.39,1.3773,1.3656,1.3539,1.3412,1.3275,1.3138,1.305,1.2972,1.2864,1.2747,1.263,1.2502,1.2385,1.2307,1.2248,1.2209,1.216,1.2121,1.2102,1.2121,1.2131,1.2092,1.2033,1.1965,1.1916,1.1935,1.2063,1.2356,1.2893,1.3763,1.4976,1.6256,1.7644,1.9355,2.1183,2.2972,2.4614,2.6012,2.7165,2.8055,2.869,2.912,2.9365,2.9453,2.9404,2.9257,2.9081,2.8886,2.868,2.8436,2.8152,2.7849,2.7517,2.7165,2.6804,2.6403,2.6002,2.5601,2.5122,2.4575,2.3949,2.3245,2.2473,2.1652,2.0811,1.999,1.9198,1.8456,1.7801,1.7302,1.6901,1.654,1.6217,1.5953,1.5748,1.5591,1.5464,1.5347,1.522,1.5073,1.4936,1.4428,1.3705,1.3255,1.2942,1.2669,1.2444,1.2258,1.2082,1.1906,1.173,1.1564,1.1408,1.1271,1.1202,1.1144,1.1056,1.0948,1.0831,1.0714,1.0596,1.0479,1.0371,1.0293,1.0235,1.0176,1.0147,1.0166,1.0176,1.0176,1.0176,1.0176,1.0176,1.0225,1.0381,1.0733,1.1417,1.2502,1.3969,1.5484,1.7077,1.8964,2.0929,2.2796,2.4467,2.5904,2.7058,2.7928,2.8563,2.9003,2.9247,2.9316,2.9247,2.911,2.8905,2.8641,2.8338,2.8016,2.7674,2.7302,2.6901,2.6491,2.607,2.564,2.5191,2.4682,2.4076,2.3382,2.261,2.176,2.0841,1.9883,1.8954,1.8084,1.7253,1.651,1.5934,1.5474,1.5034,1.4663,1.436,1.4135,1.3949,1.3763,1.3597,1.346,1.3333,1.3216,1.3128,1.304,1.2903,1.2737,1.2532,1.2326,1.2141,1.1965,1.1789,1.1613,1.1466,1.1349,1.1232,1.1153,1.1105,1.1007,1.089,1.0753,1.0616,1.0499,1.0401,1.0303,1.0225,1.0156,1.0108,1.0117,1.0147,1.0166,1.0147,1.0088,1.002,0.99413,0.98827,0.99022,1.0059,1.044,1.1134,1.2209,1.3431,1.4839,1.6667,1.8729,2.0841,2.2835,2.4604,2.609,2.7263,2.8143,2.8768,2.9189,2.9384,2.9423,2.9384,2.9247,2.9022,2.8729,2.8397,2.8016,2.7605,2.7195,2.6784,2.6373,2.5973,2.5562,2.5142,2.4673,2.4125,2.3509,2.2805,2.2043,2.1222,2.0362,1.9501,1.8661,1.7889,1.7273,1.6764,1.6295,1.5914,1.5621,1.5386,1.52,1.5064,1.4966,1.4888,1.479,1.4682,1.4575,1.4457,1.434,1.4213,1.4086,1.3969,1.3851,1.3744,1.3666,1.3578,1.348,1.3372,1.3265,1.3177,1.3089,1.2962,1.2805,1.2659,1.2522,1.2395,1.2278,1.217,1.2092,1.2023,1.1965,1.1906,1.1877,1.1857,1.1838,1.1838,1.1838,1.1838,1.1857,1.1877,1.1945,1.2121,1.2493,1.3157,1.3998,1.5054,1.654,1.8358,2.0371,2.2424,2.437,2.61,2.7546,2.868,2.9482,2.998,3.0244,3.0303,3.0235,3.0098,2.9892,2.9619,2.9277,2.8886,2.8465,2.8016,2.7556,2.7116,2.6676,2.6237,2.5787,2.5298,2.4751,2.4106,2.3382,2.2551,2.1642,2.0694,1.9726,1.8778,1.7879,1.7067,1.6442,1.5963,1.5503,1.5093,1.4751,1.4448,1.4184,1.3949,1.3734,1.3539,1.3343,1.3148,1.2991,1.2845,1.2659,1.2473,1.2287,1.2111,1.1945,1.1779,1.1603,1.1437,1.1271,1.1105,1.0978,1.087,1.0743,1.0626,1.0508,1.0391,1.0283,1.0186,1.0127,1.0098,1.0078,1.0068,1.0049,1.0039,1.0039,0.99902,0.99218,0.98631,0.97947,0.9697,0.9609,0.95503,0.95406,0.96188,0.98631,1.0254,1.087,1.1867,1.3236,1.4907,1.6764,1.869,2.0567,2.2278,2.3754,2.4956,2.5865,2.652,2.6901,2.7097,2.7195,2.7185,2.7077,2.6882,2.6628,2.6354,2.6041,2.5709,2.5347,2.4976,2.4643,2.4301,2.392,2.349,2.303,2.2512,2.1935,2.1261,2.0489,1.9638,1.8749,1.7859,1.6989,1.6276,1.567,1.5044,1.4467,1.3978,1.3568,1.3206,1.2893,1.2639,1.2463,1.2346,1.2258,1.2209,1.216,1.2053,1.1916,1.1779,1.1652,1.1515,1.1378,1.1241,1.1085,1.0919,1.0772,1.0645,1.0567,1.0508,1.044,1.0362,1.0264,1.0186,1.0147,1.0098,1.0049,1.001,0.99511,0.98631,0.98045,0.97654,0.96872,0.95894,0.95015,0.94135,0.93157,0.92082,0.91007,0.90029,0.89541,0.90127,0.92766,0.97361,1.0459,1.1613,1.3157,1.4995,1.6989,1.9013,2.0938,2.2669,2.4135,2.5318,2.6207,2.6764,2.7077,2.7283,2.7351,2.7322,2.7204,2.7028,2.6804,2.654,2.6266,2.5982,2.5689,2.5367,2.5015,2.4663,2.4272,2.3842,2.3353,2.2805,2.216,2.1437,2.0626,1.9736,1.8827,1.7928,1.7136,1.6452,1.5758,1.5103,1.4526,1.4037,1.3627,1.3275,1.2991,1.2737,1.2512,1.2307,1.2141,1.2033,1.1935,1.1808,1.1681,1.1535,1.1388,1.1261,1.1124,1.0987,1.085,1.0704,1.0577,1.0499,1.045,1.0362,1.0283,1.0215,1.0137,1.0039,0.99316,0.9824,0.97165,0.9609,0.94917,0.93842,0.93157,0.92669,0.91887,0.91007,0.90127,0.89345,0.88759,0.88368,0.88172,0.88172,0.88465,0.89932,0.92766,0.97556,1.0567,1.175,1.3265,1.5064,1.7028,1.9052,2.1007,2.2757,2.4233,2.5415,2.6325,2.6901,2.7243,2.7488,2.7615,2.7615,2.7517,2.7331,2.7067,2.6764,2.6461,2.6168,2.5855,2.5513,2.5161,2.478,2.436,2.39,2.3372,2.2766,2.2082,2.1339,2.0528,1.9658,1.8759,1.7977,1.7654,1.7488,1.7028,1.6481,1.5934,1.5455,1.5054,1.4721,1.4438,1.4194,1.3998,1.3822,1.3705,1.3617,1.35,1.3363,1.3226,1.3079,1.2952,1.2825,1.2678,1.2522,1.2375,1.2229,1.2121,1.2043,1.1945,1.1838,1.172,1.1603,1.1486,1.1369,1.1251,1.1134,1.1017,1.0899,1.0782,1.0704,1.0655,1.0587,1.0518,1.045,1.0401,1.0352,1.0293,1.0264,1.0254,1.0244,1.0283,1.043,1.0753,1.1359,1.2297,1.3597,1.5249,1.7195,1.9306,2.1466,2.3519,2.5347,2.6882,2.8104,2.8925,2.9453,2.9853,3.0078,3.0176,3.0186,3.0098,2.9941,2.9707,2.9413,2.9091,2.8768,2.8446,2.8094,2.7703,2.7302,2.6882,2.6403,2.5836,2.5181,2.4438,2.3607,2.2688,2.1711,2.0704,1.9824,1.9022,1.8201,1.7429,1.6755,1.6197,1.5748,1.5406,1.5161,1.4985,1.4839,1.4702,1.4604,1.4526,1.4409,1.4282,1.4154,1.4037,1.392,1.3803,1.3666,1.3509,1.3343,1.3167,1.3011,1.2903,1.2835,1.2757,1.2659,1.2561,1.2483,1.2395,1.2297,1.217,1.2033,1.1906,1.1789,1.1711,1.1672,1.1642,1.1623,1.1613,1.1613,1.1613,1.1593,1.1554,1.1525,1.1505,1.1515,1.1603,1.1799,1.2141,1.2786,1.3793,1.5171,1.6882,1.8847,2.0968,2.3079,2.5034,2.6735,2.8133,2.912,2.9775,3.0313,3.0714,3.0968,3.1095,3.1105,3.0987,3.0782,3.0518,3.0205,2.9873,2.9511,2.913,2.8729,2.8319,2.7908,2.7468,2.6979,2.6452,2.5846,2.5161,2.4399,2.3578,2.2708,2.1916,2.1183,2.0401,1.9658,1.8983,1.8426,1.7986,1.7654,1.74,1.7214,1.7077,1.696,1.6843,1.6725,1.6608,1.6461,1.6295,1.6129,1.5943,1.5728,1.5513,1.5318,1.5122,1.4907,1.4673,1.4487,1.433,1.4154,1.3978,1.3842,1.3715,1.3578,1.3451,1.3314,1.3157,1.2991,1.2815,1.2639,1.2502,1.2375,1.2209,1.2053,1.1916,1.1789,1.1672,1.1544,1.1437,1.1359,1.13,1.129,1.1359,1.1554,1.1945,1.263,1.3685,1.5132,1.6921,1.8935,2.1036,2.3079,2.4946,2.6549,2.7703,2.8514,2.9189,2.9677,2.998,3.0127,3.0156,3.0088,2.9922,2.9668,2.9355,2.8983,2.8612,2.825,2.7869,2.7478,2.7087,2.6716,2.6325,2.5846,2.5034,2.4037,2.3148,2.2268,2.1369,2.0547,1.9785,1.8954,1.8104,1.7273,1.6491,1.5806,1.522,1.4731,1.4311,1.3959,1.3685,1.347,1.3324,1.3206,1.306,1.2913,1.2766,1.261,1.2483,1.2375,1.2258,1.2131,1.1984,1.1828,1.1711,1.1623,1.1515,1.1408,1.13,1.1193,1.1075,1.0968,1.085,1.0743,1.0626,1.0518,1.0401,1.0332,1.0283,1.0205,1.0108,1.002,0.99413,0.98729,0.98143,0.97556,0.9697,0.96383,0.9609,0.96676,0.9824,1.0117,1.0645,1.1496,1.2727,1.4301,1.6139,1.8143,2.0186,2.2151,2.391,2.5386,2.6432,2.7165,2.7791,2.825,2.8573,2.8749,2.8788,2.8719,2.8563,2.8328,2.8045,2.7732,2.741,2.7077,2.6725,2.6354,2.5963,2.5523,2.5024,2.4448,2.3793,2.304,2.2199,2.129,2.0313,1.9423,1.8631,1.7801,1.6979,1.6197,1.5513,1.4936,1.4448,1.4047,1.3734,1.3509,1.3324,1.3206,1.3148,1.3089,1.303,1.2972,1.2913,1.2845,1.2747,1.2659,1.259,1.2493,1.2395,1.2297,1.2229,1.216,1.2053,1.1916,1.1779,1.1652,1.1535,1.1417,1.13,1.1193,1.1075,1.0968,1.0899,1.085,1.0762,1.0665,1.0557,1.045,1.0342,1.0244,1.0156,1.0049,0.99609,0.98827,0.98436,0.98827,1.001,1.0303,1.085,1.173,1.3001,1.4633,1.6559,1.8661,2.0802,2.2815,2.4594,2.5934,2.6921,2.7781,2.8446,2.8905,2.9189,2.9316,2.9316,2.9218,2.9022,2.8759,2.8426,2.8035,2.7644,2.7263,2.6862,2.6422,2.5963,2.5513,2.5044,2.4545,2.3978,2.3333,2.26,2.1769,2.0978,2.0215,1.9365,1.8485,1.7644,1.6882,1.6207,1.563,1.5161,1.478,1.4477,1.4213,1.4018,1.3842,1.3646,1.3451,1.3265,1.3089,1.2933,1.2805,1.2688,1.2561,1.2424,1.2268,1.2111,1.1994,1.1887,1.1769,1.1652,1.1535,1.1417,1.13,1.1222,1.1153,1.1075,1.0997,1.0899,1.0831,1.0782,1.0704,1.0606,1.0508,1.0401,1.0293,1.0176,1.0088,1.0049,1,0.99316,0.98827,0.98925,0.99316,1.0068,1.042,1.1056,1.2053,1.3431,1.5142,1.7126,1.9228,2.13,2.3206,2.4692,2.5846,2.6901,2.7781,2.8446,2.8905,2.9179,2.9306,2.9306,2.9208,2.9052,2.8827,2.8543,2.824,2.8016,2.781,2.7488,2.7067,2.6618,2.6158,2.566,2.5112,2.4506,2.3842,2.3099,2.2385,2.1691,2.089,2.0049,1.9238,1.8446,1.7732,1.7116,1.6618,1.6227,1.5934,1.5709,1.5572,1.5503,1.5474,1.5425,1.5357,1.5298,1.5239,1.5181,1.5083,1.4976,1.4897,1.48,1.4692,1.4594,1.4506,1.4389,1.4233,1.4057,1.3881,1.3705,1.3539,1.3372,1.3196,1.304,1.2893,1.2747,1.2649,1.2561,1.2444,1.2317,1.218,1.2053,1.1945,1.1867,1.1799,1.175,1.173,1.172,1.174,1.1779,1.1838,1.1994,1.2326,1.2952,1.393,1.5249,1.6891,1.8817,2.088,2.2913,2.48,2.6246,2.7351,2.8358,2.9169,2.9785,3.0225,3.0489,3.0587,3.043,3.0166,2.9922,2.9541,2.9101,2.8622,2.8113,2.7605,2.7097,2.6461,2.5894,2.5464,2.4956,2.436,2.3666,2.2893,2.1955,2.1153,2.0508,1.9736,1.8935,1.8172,1.7468,1.6833,1.6285,1.5846,1.5513,1.5279,1.5103,1.4985,1.4897,1.478,1.4624,1.4448,1.4262,1.4066,1.39,1.3763,1.3636,1.35,1.3353,1.3187,1.3069,1.2962,1.2825,1.2669,1.2522,1.2405,1.2326,1.2268,1.2229,1.218,1.2121,1.2082,1.2072,1.2072,1.1994,1.1906,1.1828,1.174,1.1603,1.1486,1.1408,1.1359,1.13,1.1251,1.1193,1.1163,1.1163,1.1153,1.1202,1.1408,1.219,1.3568,1.5191,1.65,1.8221,2.0665,2.26,2.4125,2.5552,2.6774,2.7605,2.827,2.8886,2.9228,2.9384,2.9404,2.9316,2.914,2.8915,2.8661,2.8377,2.8074,2.7781,2.7498,2.7214,2.6931,2.6618,2.6256,2.5816,2.5288,2.4653,2.4008,2.3333,2.2522,2.1603,2.0626,1.9619,1.8671,1.7771,1.6931,1.6197,1.5591,1.5073,1.4692,1.4399,1.4135,1.392,1.3724,1.3578,1.347,1.3392,1.3324,1.3265,1.3206,1.3128,1.3021,1.2923,1.2835,1.2708,1.2561,1.2395,1.2229,1.2082,1.1945,1.1828,1.1711,1.1593,1.1476,1.1408,1.1369,1.132,1.1251,1.1183,1.1114,1.1036,1.0978,1.0948,1.0899,1.085,1.0811,1.0762,1.0733,1.0723,1.0694,1.0665,1.0684,1.088,1.1349,1.216,1.3372,1.4966,1.6872,1.9003,2.0919,2.263,2.4399,2.6031,2.7419,2.8495,2.9257,2.9775,2.9922,2.9814,2.9697,2.956,2.9374,2.914,2.8876,2.8573,2.825,2.7908,2.7537,2.7155,2.6755,2.6315,2.5826,2.5288,2.4673,2.4037,2.3382,2.261,2.173,2.0792,1.9844,1.8925,1.8055,1.7273,1.6598,1.6031,1.5562,1.521,1.4995,1.4858,1.4731,1.4614,1.4497,1.4389,1.4262,1.4096,1.39,1.3695,1.348,1.3275,1.3128,1.303,1.2903,1.2757,1.262,1.2493,1.2375,1.2258,1.216,1.2063,1.1955,1.1867,1.1789,1.175,1.1701,1.1613,1.1505,1.1398,1.13,1.1241,1.1212,1.1193,1.1173,1.1134,1.1105,1.1114,1.1114,1.1095,1.1085,1.1095,1.1153,1.1339,1.175,1.2473,1.3558,1.5015,1.6804,1.8837,2.0694,2.2414,2.4233,2.5924,2.738,2.8553,2.9453,3.0078,3.0489,3.0714,3.0782,3.0733,3.0577,3.0362,3.0117,2.9824,2.9482,2.913,2.8778,2.8436,2.8074,2.7664,2.7224,2.6735,2.6178,2.5621,2.5034,2.433,2.3548,2.2698,2.1828,2.0958,2.0117,1.9345,1.869,1.8152,1.7713,1.739,1.7146,1.6931,1.6755,1.6608,1.6461,1.6305,1.6149,1.5982,1.5816,1.565,1.5464,1.5308,1.5152,1.4976,1.479,1.4585,1.4389,1.4194,1.3978,1.3763,1.3529,1.3284,1.305,1.2815,1.2649,1.2502,1.2317,1.2102,1.1877,1.1672,1.1457,1.1251,1.1056,1.089,1.0753,1.0626,1.0547,1.0479,1.0381,1.0244,1.0098,0.99804,0.99316,1.0049,1.045,1.1193,1.2336,1.3891,1.5767,1.7546,1.9247,2.1114,2.2913,2.4536,2.5914,2.7009,2.784,2.8416,2.8778,2.8954,2.8993,2.8895,2.871,2.8456,2.8152,2.7791,2.74,2.6999,2.6588,2.6149,2.5689,2.5239,2.477,2.4282,2.3812,2.3314,2.2708,2.2004,2.1202,2.0332,1.9433,1.8534,1.7683,1.6891,1.6158,1.5513,1.5015,1.4633,1.4252,1.392,1.3646,1.3421,1.3255,1.3118,1.2981,1.2825,1.2659,1.2493,1.2326,1.2209,1.2102,1.1965,1.1808,1.1662,1.1544,1.1447,1.1339,1.1232,1.1124,1.1007,1.0899,1.0811,1.0723,1.0616,1.0508,1.0391,1.0283,1.0166,1.0059,0.99413,0.98338,0.97361,0.96579,0.95894,0.95699,0.95894,0.95797,0.95699,0.95699,0.95992,0.9697,0.99902,1.0567,1.1496,1.2786,1.4418,1.6031,1.7683,1.9501,2.1281,2.2972,2.4457,2.5689,2.6657,2.738,2.7879,2.8211,2.8416,2.8514,2.8485,2.8358,2.8192,2.7977,2.7713,2.7419,2.7116,2.6823,2.654,2.6246,2.5914,2.5552,2.5171,2.4761,2.4252,2.3636,2.2923,2.2131,2.1271,2.0411,1.9589,1.8798,1.8065,1.7419,1.6891,1.651,1.6227,1.5973,1.5748,1.5543,1.5337,1.5132,1.4927,1.4712,1.4506,1.4301,1.4106,1.3969,1.3871,1.3773,1.3666,1.3558,1.347,1.3412,1.3392,1.3412,1.346,1.3529,1.3587,1.3627,1.3656,1.3685,1.3685,1.3675,1.3675,1.3675,1.3675,1.3685,1.3705,1.3734,1.3803,1.3891,1.3988,1.4086,1.4194,1.4301,1.4379,1.4418,1.4457,1.4585,1.4868,1.5396,1.6237,1.7419,1.8954,2.0489,2.2063,2.3939,2.5875,2.7722,2.9365,3.0762,3.1906,3.2805,3.349,3.3969,3.4272,3.4379,3.436,3.4291,3.4164,3.3969,3.3715,3.3431,3.3157,3.2933,3.2747,3.2561,3.2346,3.2063,3.173,3.1359,3.0919,3.0411,2.9834,2.9189,2.8524,2.7889,2.7341,2.6931,2.6696,2.6647,2.6667,2.6716,2.6833,2.694,2.6979,2.6921,2.6764,2.654,2.6295,2.6012,2.5718,2.5415,2.5103,2.4819,2.4536,2.4233,2.391,2.3568,2.3187,2.2747,2.2239,2.1652,2.1007,2.0303,1.956,1.8905,1.8299,1.7644,1.695,1.6217,1.5484,1.479,1.4135,1.3548,1.304,1.263,1.2326,1.2131,1.2004,1.1906,1.1818,1.173,1.1681,1.1662,1.1711,1.1887,1.2297,1.2981,1.3988,1.5327,1.6696,1.8123,1.9844,2.1672,2.348,2.5161,2.6647,2.7898,2.8886,2.9609,3.0059,3.0264,3.0264,3.0098,2.9804,2.9394,2.8886,2.8319,2.7713,2.7067,2.6403,2.5718,2.4985,2.4164,2.3245,2.2346,2.1378,2.0156,1.8671,1.694,1.5034,1.303,1.1026,0.91007,0.73118,0.57185,0.435,0.33627,0.26882,0.21212,0.17498,0.15934,0.16325,0.17889,0.20039,0.22287,0.24145,0.25513,0.26295,0.26882,0.28055,0.29912,0.32356,0.35875,0.4086,0.46823,0.53372,0.59922,0.66373,0.72532,0.78495,0.84555,0.90323,0.96383,1.0352,1.1193,1.2229,1.3617,1.5552,1.827,2.1955,2.6667,3.1965,3.5992,3.8006,3.9013,3.9521,3.9775,3.9902,3.9961,3.999,4.001,4.002,3.7683,3.4311,3.2884,3.2395,3.2229,3.2199,3.2336,3.2551,3.2796,3.305,3.3304,3.3509,3.3636,3.3646,3.3529,3.3284,3.2952,3.2551,3.2121,3.172,3.1369,3.1046,3.0753,3.0479,3.0205,2.9922,2.9638,2.9335,2.9032,2.87,2.8348,2.8016,2.7683,2.7351,2.6999,2.6628,2.6237,2.5836,2.5425,2.4995,2.4565,2.4135,2.3715,2.3314,2.2903,2.2493,2.2082,2.1662,2.1222,2.0762,2.0264,1.9726,1.915,1.8543,1.7986,1.7458,1.6891,1.6334,1.5816,1.5357,1.4966,1.4643,1.4379,1.4164,1.3998,1.3861,1.3763,1.3695,0.97849,0.9824,0.99218,1.0039,1.0127,1.0176,1.0176,1.0147,1.0088,1.001,0.99316,0.98729,0.9824,0.97556,0.96872,0.96285,0.95894,0.95797,0.95992,0.96383,0.9697,0.97752,0.98534,0.99413,1.0029,1.0108,1.0186,1.0244,1.0283,1.0313,1.0332,1.0342,1.0342,1.0332,1.0323,1.0313,1.0323,1.0342,1.0352,1.0371,1.0401,1.043,1.0469,1.0499,1.0528,1.0557,1.0587,1.0606,1.0635,1.0665,1.0684,1.0704,1.0714,1.0723,1.0743,1.0762,1.0782,1.0811,1.0831,1.086,1.089,1.0929,1.0968,1.1007,1.1046,1.1085,1.1124,1.1153,1.1173,1.1193,1.1222,1.1251,1.129,1.132,1.1349,1.1378,1.1408,1.1427,1.1447,1.1476,1.1515,1.1574,1.1681,1.1838,1.2063,1.2346,1.2639,1.2952,1.3333,1.3734,1.4125,1.4487,1.48,1.5064,1.5279,1.5464,1.5601,1.5699,1.5748,1.5767,1.5787,1.5797,1.5797,1.5787,1.5777,1.5758,1.5748,1.5728,1.5709,1.5679,1.566,1.563,1.5591,1.5552,1.5494,1.5415,1.5318,1.5191,1.5054,1.4907,1.477,1.4643,1.4516,1.4409,1.4311,1.4223,1.4145,1.4086,1.4037,1.3998,1.3969,1.3949,1.3939,1.393,1.392,1.391,1.39,1.3891,1.3881,1.3871,1.3861,1.3842,1.3832,1.3812,1.3803,1.3803,1.3822,1.3842,1.3871,1.3891,1.391,1.392,1.392,1.392,1.391,1.3891,1.3871,1.3842,1.3812,1.3783,1.3754,1.3715,1.3675,1.3568,1.3431,1.3343,1.3275,1.3226,1.3187,1.3177,1.3216,1.3304,1.3451,1.3607,1.3793,1.4027,1.4282,1.4536,1.4761,1.4946,1.5093,1.52,1.5269,1.5308,1.5327,1.5337,1.5327,1.5318,1.5318,1.5318,1.5308,1.5298,1.5288,1.5279,1.5259,1.523,1.5191,1.5142,1.5083,1.5015,1.4936,1.4848,1.4741,1.4614,1.4477,1.433,1.4184,1.4037,1.39,1.3773,1.3675,1.3597,1.3529,1.346,1.3412,1.3372,1.3333,1.3304,1.3275,1.3245,1.3216,1.3187,1.3167,1.3148,1.3128,1.3109,1.3089,1.3079,1.3069,1.305,1.303,1.3021,1.3001,1.2991,1.2981,1.2972,1.2962,1.2952,1.2933,1.2913,1.2893,1.2864,1.2835,1.2815,1.2796,1.2776,1.2757,1.2737,1.2727,1.2717,1.2708,1.2698,1.2678,1.2669,1.2659,1.2669,1.2708,1.2796,1.2923,1.3109,1.3294,1.35,1.3754,1.4027,1.4291,1.4536,1.4741,1.4907,1.5024,1.5112,1.5181,1.522,1.5239,1.5239,1.522,1.52,1.5181,1.5152,1.5122,1.5093,1.5064,1.5034,1.5005,1.4966,1.4927,1.4888,1.4839,1.478,1.4712,1.4624,1.4526,1.4428,1.4321,1.4213,1.4115,1.4018,1.393,1.3861,1.3803,1.3763,1.3724,1.3685,1.3656,1.3636,1.3617,1.3607,1.3597,1.3587,1.3578,1.3568,1.3558,1.3539,1.3519,1.349,1.346,1.3431,1.3402,1.3382,1.3363,1.3343,1.3314,1.3284,1.3255,1.3226,1.3206,1.3177,1.3148,1.3118,1.3099,1.3079,1.306,1.304,1.3011,1.2981,1.2962,1.2942,1.2933,1.2913,1.2903,1.2884,1.2874,1.2874,1.2893,1.2942,1.304,1.3177,1.3372,1.3617,1.3842,1.4066,1.4321,1.4575,1.48,1.4985,1.5132,1.5239,1.5298,1.5327,1.5337,1.5327,1.5308,1.5279,1.5239,1.52,1.5152,1.5112,1.5064,1.5015,1.4966,1.4917,1.4858,1.48,1.4741,1.4673,1.4594,1.4506,1.4409,1.4291,1.4174,1.4047,1.392,1.3803,1.3685,1.3587,1.35,1.3431,1.3382,1.3333,1.3294,1.3265,1.3236,1.3206,1.3177,1.3148,1.3118,1.3089,1.3069,1.304,1.3021,1.2991,1.2962,1.2923,1.2884,1.2845,1.2815,1.2786,1.2747,1.2708,1.2669,1.263,1.26,1.2581,1.2551,1.2532,1.2512,1.2493,1.2473,1.2444,1.2414,1.1789,1.085,1.0352,1.0068,0.99316,0.98631,0.97947,0.97263,0.96676,0.96481,0.97654,1.0078,1.0665,1.1574,1.2805,1.4321,1.5797,1.7253,1.8886,2.0499,2.1965,2.3236,2.4282,2.5083,2.566,2.607,2.6344,2.6491,2.652,2.6461,2.6364,2.6256,2.6139,2.6041,2.5963,2.5894,2.5826,2.5728,2.5572,2.5357,2.5083,2.4761,2.4389,2.392,2.3353,2.2698,2.1975,2.1183,2.0362,1.9541,1.8759,1.8035,1.7361,1.6823,1.6393,1.5992,1.565,1.5357,1.5122,1.4927,1.4761,1.4594,1.4438,1.4301,1.4154,1.3988,1.3851,1.3715,1.3558,1.3382,1.3206,1.303,1.2845,1.2678,1.2532,1.2395,1.2268,1.2141,1.2053,1.1975,1.1848,1.1672,1.1496,1.13,1.1105,1.0938,1.0792,1.0684,1.0606,1.0538,1.0469,1.043,1.0411,1.0362,1.0274,1.0186,1.0156,1.0264,1.0557,1.1124,1.2014,1.3226,1.4702,1.6129,1.7527,1.9101,2.0655,2.2072,2.3255,2.4164,2.4848,2.5318,2.5582,2.5679,2.566,2.5552,2.5396,2.521,2.5024,2.4839,2.4653,2.4467,2.4301,2.4154,2.4018,2.3891,2.3734,2.3519,2.3255,2.2942,2.2561,2.2111,2.1574,2.0987,2.0391,1.9785,1.9208,1.8719,1.8328,1.8035,1.782,1.7683,1.7586,1.7537,1.7517,1.7478,1.7419,1.7361,1.7302,1.7243,1.7165,1.7048,1.6901,1.6755,1.6618,1.6491,1.6364,1.6227,1.608,1.5914,1.5709,1.5484,1.5249,1.5005,1.478,1.4575,1.4399,1.4223,1.4008,1.3793,1.3597,1.3402,1.3216,1.305,1.2903,1.2766,1.2639,1.2512,1.2424,1.2346,1.2229,1.2092,1.1984,1.1955,1.2092,1.2473,1.3167,1.4203,1.5552,1.7165,1.8905,2.042,2.174,2.3109,2.436,2.5406,2.6256,2.6891,2.7322,2.7566,2.7654,2.7625,2.7498,2.7283,2.6989,2.6676,2.6383,2.6129,2.5943,2.5806,2.566,2.5474,2.523,2.4878,2.4409,2.3861,2.3275,2.2649,2.1926,2.1114,2.0235,1.9326,1.8407,1.7537,1.6745,1.6051,1.5455,1.4976,1.4633,1.4379,1.4164,1.3969,1.3773,1.3597,1.3431,1.3265,1.3089,1.2923,1.2776,1.2639,1.2512,1.2424,1.2326,1.219,1.2023,1.1838,1.1623,1.1388,1.1183,1.1007,1.086,1.0753,1.0655,1.0577,1.0499,1.0391,1.0362,1.0381,1.0313,1.0196,1.0049,0.98729,0.96872,0.95112,0.93157,0.91593,0.90225,0.88563,0.87097,0.8651,0.87781,0.91398,0.9824,1.089,1.2307,1.4027,1.5924,1.7898,1.9609,2.1085,2.2542,2.3842,2.4907,2.5709,2.6266,2.6608,2.6813,2.694,2.6979,2.697,2.6882,2.6716,2.653,2.6334,2.6158,2.5973,2.5738,2.5494,2.522,2.4897,2.4497,2.4018,2.3421,2.2786,2.2111,2.1329,2.0479,1.9619,1.8768,1.7977,1.7263,1.6618,1.6041,1.5562,1.5171,1.4888,1.4682,1.4477,1.4301,1.4184,1.4076,1.3939,1.3763,1.3597,1.3451,1.3304,1.3167,1.3011,1.2884,1.2786,1.2649,1.2483,1.2317,1.2131,1.1906,1.1672,1.1427,1.1114,1.0743,1.0323,0.99413,0.95992,0.92278,0.88465,0.84457,0.80841,0.77713,0.75073,0.73216,0.71652,0.69892,0.68035,0.65885,0.64321,0.63148,0.62072,0.62268,0.64712,0.70283,0.79668,0.9306,1.0997,1.2913,1.4927,1.6911,1.8543,1.9873,2.1144,2.2268,2.3206,2.391,2.4389,2.4682,2.479,2.478,2.4673,2.4487,2.4272,2.4086,2.3939,2.3832,2.3744,2.3666,2.3568,2.3412,2.3216,2.2972,2.2678,2.2336,2.1926,2.1515,2.1075,2.0538,1.9971,1.9433,1.8925,1.8485,1.8152,1.7918,1.7771,1.7693,1.7683,1.7703,1.7713,1.7713,1.7732,1.7771,1.783,1.7879,1.7879,1.7849,1.7801,1.7742,1.7683,1.7605,1.7507,1.741,1.7283,1.7097,1.6872,1.6628,1.6364,1.608,1.5797,1.5503,1.5191,1.4868,1.4536,1.4252,1.3988,1.3705,1.3431,1.3196,1.3011,1.2854,1.2708,1.2561,1.2424,1.2258,1.2072,1.1945,1.1867,1.1838,1.1975,1.2405,1.3167,1.4282,1.5728,1.7429,1.9267,2.1114,2.2825,2.4301,2.5376,2.6149,2.6804,2.7302,2.7634,2.7801,2.783,2.7732,2.7507,2.7234,2.6911,2.6549,2.6178,2.5806,2.5386,2.4907,2.4418,2.392,2.3392,2.2786,2.2111,2.1378,2.0557,1.9629,1.8739,1.7859,1.6804,1.567,1.4545,1.3451,1.2434,1.1554,1.0811,1.0225,0.97947,0.94917,0.93157,0.92375,0.91887,0.90909,0.89541,0.87683,0.85826,0.84066,0.82307,0.80743,0.79277,0.77908,0.7654,0.7566,0.75073,0.74487,0.73803,0.73118,0.72825,0.7263,0.72532,0.72336,0.72043,0.81427,0.95699,1.0264,1.0626,1.0821,1.0909,1.0948,1.0948,1.0938,1.0919,1.088,1.0821,1.0762,1.0704,1.0645,1.0645,1.0753,1.0997,1.1457,1.2199,1.3284,1.4682,1.6315,1.8055,1.9795,2.1447,2.2874,2.4047,2.4897,2.5474,2.5914,2.6197,2.6354,2.6403,2.6364,2.6266,2.6129,2.5982,2.5865,2.5777,2.5679,2.5591,2.5533,2.5503,2.5474,2.5425,2.5337,2.5191,2.4976,2.4702,2.435,2.391,2.3402,2.2913,2.2454,2.1945,2.1447,2.0997,2.0606,2.0274,2,1.9785,1.9619,1.9472,1.9335,1.9228,1.912,1.9013,1.8895,1.8759,1.8602,1.8436,1.824,1.8006,1.7732,1.7449,1.7175,1.6931,1.6755,1.6598,1.6403,1.6149,1.5836,1.5503,1.5152,1.48,1.4457,1.4106,1.3724,1.3333,1.3021,1.2708,1.2307,1.1828,1.13,1.0743,1.0127,0.94526,0.87195,0.79374,0.71554,2.3167,2.2698,2.2131,2.1466,2.0733,1.9932,1.914,1.8387,1.7742,1.7175,1.6618,1.6119,1.5679,1.5298,1.4985,1.4712,1.4487,1.4311,1.4154,1.3978,1.3793,1.3636,1.35,1.3333,1.3157,1.2952,1.2727,1.2483,1.2239,1.1984,1.173,1.1476,1.1202,1.0968,1.0772,1.0567,1.0362,1.0166,0.99707,0.97752,0.95992,0.94624,0.93646,0.92864,0.92082,0.91691,0.91496,0.913,0.91202,0.91105,0.91202,0.91593,0.92473,0.9433,0.97849,1.0362,1.1222,1.2414,1.3685,1.5054,1.6745,1.8563,2.0342,2.1984,2.3412,2.4565,2.5455,2.609,2.651,2.6774,2.6862,2.6804,2.6676,2.6491,2.6256,2.5963,2.5601,2.52,2.479,2.4389,2.3998,2.3587,2.3138,2.2717,2.2307,2.1828,2.1281,2.0674,1.998,1.9218,1.8426,1.7634,1.6852,1.6109,1.5455,1.4946,1.2278,1.2248,1.216,1.2053,1.1926,1.1799,1.1681,1.1584,1.1525,1.1496,1.1457,1.1398,1.1369,1.1359,1.1281,1.1144,1.0968,1.0811,1.0753,1.088,1.1271,1.1984,1.305,1.4438,1.5855,1.7341,1.9091,2.089,2.26,2.4115,2.5376,2.6383,2.7165,2.7732,2.8133,2.8387,2.8495,2.8475,2.8387,2.825,2.8074,2.7908,2.7752,2.7586,2.74,2.7204,2.6999,2.6784,2.654,2.6256,2.5904,2.5474,2.4966,2.437,2.3685,2.2952,2.219,2.1447,2.0743,2.0137,1.9638,1.9247,1.8983,1.8817,1.87,1.8612,1.8534,1.8456,1.8387,1.8299,1.8182,1.8055,1.7889,1.7674,1.7458,1.7243,1.6999,1.6725,1.6403,1.608,1.5787,1.5503,1.5259,1.5034,1.478,1.4497,1.4203,1.3949,1.3734,1.349,1.3265,1.305,1.2845,1.2669,1.2512,1.2366,1.2239,1.2121,1.1994,1.1896,1.1818,1.172,1.1662,1.1642,1.174,1.2043,1.263,1.3548,1.4809,1.6383,1.8192,2.0098,2.174,2.3167,2.4585,2.5846,2.6891,2.7693,2.825,2.8592,2.8768,2.8807,2.8739,2.8602,2.8407,2.8172,2.7918,2.7654,2.738,2.7107,2.6833,2.6559,2.6285,2.5973,2.5562,2.5044,2.4418,2.3763,2.306,2.219,2.1202,2.0137,1.9032,1.7967,1.697,1.6022,1.5132,1.436,1.3715,1.3245,1.2864,1.2473,1.2082,1.173,1.1437,1.1183,1.0958,1.0723,1.0489,1.0244,1,0.98338,0.9697,0.95406,0.93744,0.92082,0.90225,0.87879,0.85337,0.82698,0.79961,0.77224,0.74682,0.72336,0.7087,0.69599,0.67546,0.652,0.62463,0.59531,0.565,0.53568,0.50929,0.48192,0.45455,0.42717,0.4086,0.39589,0.38025,0.36755,0.36461,0.38416,0.43304,0.51808,0.64223,0.80059,0.98338,1.1789,1.3724,1.5347,1.6706,1.8006,1.913,2.002,2.0704,2.1202,2.1535,2.175,2.1877,2.1945,2.1975,2.1975,2.1935,2.1887,2.1848,2.1808,2.1769,2.172,2.1623,2.1486,2.1261,2.0909,2.042,1.9795,1.9159,1.8475,1.7615,1.6637,1.5601,1.4565,1.3578,1.2688,1.1955,1.1378,1.0938,1.0596,1.0381,1.0274,1.0186,1.0108,1.0039,0.99707,0.99022,0.98143,0.97067,0.95797,0.94819,0.9433,0.94135,1.0723,1.2698,1.3685,1.4174,1.4418,1.4545,1.4604,1.4633,1.4653,1.4663,1.4663,1.4663,1.4663,1.4633,1.4565,1.4467,1.4321,1.4125,1.3881,1.3597,1.3304,1.3011,1.2717,1.2434,1.217,1.2004,1.1955,1.1984,1.219,1.263,1.3333,1.433,1.5543,1.6882,1.826,1.957,2.0733,2.1642,2.2336,2.2933,2.3382,2.3695,2.392,2.4066,2.4135,2.4174,2.4164,2.4106,2.4018,2.392,2.3822,2.3715,2.3607,2.35,2.3363,2.3206,2.303,2.2815,2.2561,2.2229,2.1818,2.1339,2.087,2.0411,1.9883,1.9326,1.8778,1.828,1.7869,1.7546,1.7302,1.7155,1.7077,1.7067,1.7087,1.7126,1.7195,1.7273,1.7341,1.741,1.7507,1.7605,1.7713,1.782,1.7908,1.7967,1.7996,1.8016,1.7996,1.7928,1.783,1.7683,1.7478,1.7214,1.6901,1.6559,1.6197,1.5826,1.5455,1.5093,1.4829,1.4643,1.4438,1.4252,1.4106,1.3998,1.391,1.3832,1.3744,1.3695,1.3666,1.3666,1.3734,1.392,1.4242,1.4751,1.5513,1.653,1.7752,1.914,2.0606,2.2014,2.3284,2.4379,2.5269,2.5875,2.6276,2.6569,2.6755,2.6862,2.6921,2.6921,2.6862,2.6784,2.6686,2.6588,2.65,2.6413,2.6315,2.6197,2.6061,2.5904,2.5748,2.5572,2.5347,2.5073,2.4751,2.436,2.39,2.347,2.3069,2.262,2.2151,2.1701,2.1329,2.1036,2.0802,2.0635,2.0499,2.0362,2.0196,2.001,1.9844,1.9707,1.956,1.9433,1.9326,1.9238,1.915,1.9052,1.8944,1.8827,1.869,1.8534,1.8407,1.827,1.8094,1.7898,1.7693,1.7488,1.7273,1.7058,1.6843,1.6637,1.6481,1.6364,1.6246,1.6178,1.6129,1.6051,1.5973,1.5885,1.5787,1.5699,1.5601,1.5503,1.5425,1.5376,1.5386,1.5503,1.5777,1.6276,1.7048,1.8094,1.9374,2.0811,2.2317,2.3793,2.5142,2.6305,2.7234,2.7947,2.8407,2.8671,2.8827,2.8895,2.8856,2.8719,2.8514,2.8289,2.8065,2.7849,2.7634,2.74,2.7165,2.6911,2.6628,2.6354,2.608,2.5777,2.5415,2.4976,2.4457,2.3871,2.3216,2.2493,2.175,2.1105,2.0557,1.998,1.9423,1.8935,1.8524,1.8201,1.7937,1.7742,1.7586,1.7458,1.737,1.7331,1.7331,1.7331,1.7331,1.7341,1.7361,1.737,1.7146,1.6764,1.6491,1.6246,1.6002,1.5738,1.5523,1.5367,1.52,1.5015,1.4829,1.4643,1.4438,1.4213,1.3988,1.3763,1.3539,1.3353,1.3226,1.3128,1.3021,1.2903,1.2776,1.2649,1.2522,1.2395,1.2307,1.2307,1.2463,1.2825,1.347,1.4262,1.5239,1.6588,1.8192,1.9922,2.1632,2.3216,2.4594,2.5709,2.6549,2.7165,2.7595,2.784,2.7977,2.8084,2.8133,2.8143,2.8104,2.8016,2.7908,2.7791,2.7644,2.7439,2.7224,2.7009,2.6774,2.652,2.6197,2.5797,2.5337,2.48,2.4174,2.3451,2.2639,2.1779,2.0929,2.0127,1.9472,1.8925,1.8397,1.7928,1.7537,1.7214,1.694,1.6725,1.6549,1.6403,1.6266,1.61,1.5924,1.5806,1.5718,1.5611,1.5494,1.5386,1.5298,1.523,1.5161,1.5073,1.4966,1.4839,1.4692,1.4594,1.4526,1.4457,1.4399,1.4321,1.4203,1.4047,1.3871,1.3695,1.3519,1.3372,1.3255,1.3206,1.3216,1.3206,1.3167,1.3099,1.3001,1.2893,1.2805,1.2805,1.2972,1.3333,1.3959,1.4907,1.5943,1.7107,1.8573,2.0176,2.176,2.3206,2.4448,2.5474,2.6276,2.6833,2.7175,2.7351,2.737,2.7283,2.7146,2.6989,2.6813,2.6628,2.6442,2.6237,2.6012,2.5758,2.5484,2.521,2.4897,2.4585,2.4233,2.3812,2.3314,2.2717,2.2023,2.1251,2.042,1.957,1.8719,1.7898,1.7136,1.654,1.6051,1.5582,1.5181,1.4848,1.4594,1.437,1.4194,1.4076,1.3949,1.3822,1.3695,1.3568,1.3509,1.348,1.3431,1.3392,1.3372,1.3363,1.3363,1.3363,1.3363,1.3363,1.3363,1.3363,1.3372,1.3382,1.3372,1.3363,1.3363,1.3363,1.3363,1.3363,1.3363,1.3363,1.3363,1.3363,1.3363,1.3392,1.3441,1.3441,1.3412,1.3382,1.3372,1.3392,1.3529,1.3861,1.4457,1.5376,1.6618,1.7889,1.9198,2.0753,2.2385,2.3939,2.5288,2.6373,2.7214,2.784,2.828,2.8573,2.8759,2.8837,2.8807,2.8719,2.8592,2.8446,2.8309,2.8182,2.8055,2.7928,2.7791,2.7605,2.739,2.7136,2.6852,2.652,2.6109,2.5611,2.5064,2.4448,2.3773,2.3089,2.2414,2.1799,2.1251,2.0782,2.0411,2.0147,1.9961,1.9804,1.9668,1.9531,1.9404,1.9296,1.9218,1.913,1.9003,1.8847,1.8661,1.8485,1.8035,1.74,1.697,1.6637,1.6373,1.6168,1.5973,1.5758,1.5562,1.5367,1.5152,1.4956,1.4819,1.4673,1.4487,1.4282,1.4047,1.3812,1.3587,1.3382,1.3187,1.3011,1.2884,1.2747,1.2639,1.2542,1.2385,1.219,1.2023,1.1916,1.1935,1.2199,1.2766,1.3705,1.5064,1.6745,1.8602,2.0283,2.1838,2.347,2.4966,2.6217,2.7185,2.7879,2.8319,2.8563,2.8661,2.8651,2.8573,2.8416,2.8192,2.7947,2.7713,2.7449,2.7126,2.6774,2.6413,2.6022,2.5601,2.5142,2.4633,2.4037,2.3431,2.2776,2.1955,2.1036,2.0049,1.9042,1.8055,1.7126,1.6305,1.5572,1.4936,1.4428,1.4086,1.3871,1.3754,1.3705,1.3705,1.3705,1.3705,1.3685,1.3636,1.3558,1.3421,1.3236,1.3089,1.2962,1.2786,1.26,1.2454,1.2346,1.2248,1.216,1.2082,1.2004,1.1926,1.1848,1.173,1.1623,1.1525,1.1408,1.129,1.1193,1.1105,1.1046,1.1017,1.0997,1.1026,1.1095,1.1153,1.1222,1.129,1.1339,1.1408,1.1496,1.1691,1.2111,1.2835,1.391,1.5357,1.7116,1.9091,2.1114,2.2825,2.4262,2.566,2.6872,2.782,2.8514,2.8993,2.9316,2.9511,2.9589,2.957,2.9492,2.9355,2.9189,2.9013,2.8788,2.8524,2.825,2.7977,1.5024,1.6491,1.8045,1.958,2.0987,2.2092,2.2942,2.3705,2.433,2.48,2.5103,2.5269,2.5318,2.5279,2.5181,2.5054,2.4917,2.4751,2.4536,2.4321,2.4106,2.3891,2.3636,2.3363,2.305,2.2708,2.2326,2.1887,2.1378,2.088,2.0381,1.9804,1.9208,1.8651,1.8143,1.7703,1.7361,1.7107,1.6911,1.6764,1.6637,1.653,1.6432,1.6364,1.6305,1.6227,1.6109,1.5992,1.5885,1.5767,1.564,1.5523,1.5406,1.5269,1.5152,1.5044,1.4917,1.479,1.4673,1.4565,1.4448,1.4301,1.4125,1.3939,1.3744,1.3539,1.3353,1.3236,1.3148,1.305,1.2981,1.2923,1.2864,1.2815,1.2747,1.2669,1.2561,1.2454,1.2375,1.2356,1.2414,1.2639,1.3089,1.3812,1.4809,1.607,1.7537,1.911,2.0694,2.217,2.346,2.4526,2.5249,2.5728,2.61,2.6354,2.6491,2.6549,2.654,2.6481,2.6403,2.6295,2.6158,2.5992,2.5806,2.5621,2.5445,2.5239,2.4985,2.4653,2.4262,2.3812,2.3314,2.2757,2.2131,2.1417,2.0655,1.9971,1.9345,1.8661,1.7977,1.7322,1.6735,1.6237,1.5826,1.5484,1.52,1.4976,1.48,1.4663,1.4545,1.4399,1.4223,1.4037,1.3842,1.3646,1.3441,1.3265,1.3118,1.2981,1.2845,1.2698,1.259,1.2502,1.2375,1.2239,1.2092,1.1945,1.1799,1.1672,1.1584,1.1505,1.1427,1.1359,1.1329,1.131,1.1261,1.1193,1.1105,1.1007,1.0909,1.0811,1.0714,1.0616,1.0528,1.0499,1.0596,1.0831,1.1261,1.1994,1.304,1.434,1.5846,1.7458,1.9032,2.0479,2.175,2.2776,2.3539,2.4037,2.435,2.4575,2.4702,2.4741,2.4712,2.4624,2.4487,2.4321,2.4135,2.3939,2.3744,2.3539,2.3324,2.3079,2.2815,2.2532,2.2199,2.1818,2.1388,2.0899,2.0323,1.9668,1.8964,1.825,1.7898,1.7713,1.7243,1.6686,1.6119,1.5621,1.52,1.4848,1.4545,1.4301,1.4115,1.3959,1.3822,1.3724,1.3627,1.35,1.3372,1.3245,1.3109,1.2962,1.2805,1.2649,1.2493,1.2356,1.2258,1.219,1.2131,1.2033,1.1926,1.1789,1.1642,1.1505,1.1398,1.129,1.1183,1.1065,1.0938,1.0811,1.0733,1.0684,1.0596,1.0489,1.0371,1.0254,1.0147,1.0078,1.0068,1.0205,1.0577,1.1241,1.2092,1.3187,1.4702,1.65,1.8456,2.043,2.2297,2.3959,2.5367,2.6491,2.7351,2.7986,2.8358,2.8563,2.868,2.871,2.8661,2.8524,2.8319,2.8074,2.783,2.7566,2.7292,2.7028,2.6745,2.6432,2.609,2.567,2.5181,2.4624,2.3978,2.3275,2.2483,2.1623,2.0694,1.9726,1.8788,1.8016,1.7361,1.6706,1.6119,1.564,1.5259,1.4956,1.4721,1.4516,1.4321,1.4145,1.3959,1.3773,1.3617,1.3509,1.3412,1.3294,1.3177,1.304,1.2884,1.2708,1.2522,1.2336,1.2151,1.1965,1.1828,1.1711,1.1574,1.1447,1.132,1.1193,1.1065,1.0938,1.0831,1.0743,1.0674,1.0606,1.0538,1.0508,1.0479,1.0401,1.0293,1.0176,1.0059,0.99511,0.99316,1.0078,1.0479,1.1193,1.2258,1.3441,1.4809,1.654,1.8426,2.0342,2.2151,2.3773,2.5112,2.6158,2.6931,2.7439,2.7742,2.7898,2.7908,2.782,2.7683,2.7527,2.7322,2.7107,2.6911,2.6696,2.65,2.6295,2.607,2.5816,2.5533,2.522,2.4839,2.437,2.3812,2.3177,2.2454,2.1662,2.086,2.0078,1.9326,1.8641,1.8045,1.7615,1.7322,1.7077,1.6891,1.6774,1.6676,1.6588,1.6481,1.6364,1.6227,1.6061,1.5885,1.5738,1.5601,1.5435,1.5249,1.5024,1.479,1.4545,1.4321,1.4096,1.3861,1.3636,1.3431,1.3226,1.3079,1.2962,1.2805,1.2639,1.2463,1.2278,1.2092,1.1926,1.1779,1.1642,1.1525,1.1437,1.1388,1.1369,1.131,1.1251,1.1222,1.1222,1.13,1.1554,1.2102,1.3001,1.4262,1.5855,1.7713,1.9433,2.1026,2.2727,2.435,2.5748,2.6882,2.7742,2.8348,2.8729,2.8935,2.9003,2.8983,2.8876,2.871,2.8534,2.8338,2.8104,2.783,2.7537,2.7253,2.695,2.6608,2.6256,2.5855,2.5396,2.4917,2.4379,2.3705,2.2913,2.2023,2.1046,2.0166,1.9374,1.8563,1.7801,1.7136,1.6559,1.6139,1.5846,1.5572,1.5337,1.5161,1.5005,1.4829,1.4643,1.4457,1.4252,1.4037,1.3812,1.3656,1.3529,1.3363,1.3187,1.3001,1.2825,1.2678,1.2522,1.2366,1.2219,1.2063,1.1926,1.1808,1.173,1.1691,1.1623,1.1544,1.1457,1.1339,1.1222,1.1095,1.0987,1.0899,1.0811,1.0694,1.0635,1.0606,1.0567,1.0547,1.0587,1.0762,1.1163,1.1857,1.2903,1.4301,1.5992,1.7889,1.9853,2.1525,2.2962,2.437,2.5591,2.654,2.7243,2.7742,2.8045,2.8172,2.8172,2.8074,2.7928,2.7742,2.7527,2.7283,2.7038,2.6784,2.651,2.6197,2.5865,2.5523,2.5142,2.4692,2.4184,2.3646,2.3099,2.2502,2.1769,2.0948,2.0059,1.913,1.8231,1.738,1.6618,1.5973,1.5445,1.5015,1.4721,1.4526,1.436,1.4213,1.4047,1.3881,1.3763,1.3675,1.3597,1.3529,1.3431,1.3314,1.3226,1.3196,1.3245,1.3382,1.3675,1.4184,1.4888,1.5767,1.6823,1.7977,1.912,2.0176,2.1075,2.172,2.217,2.2493,2.2639,2.26,2.2385,2.2033,2.1574,2.0997,2.0342,1.9629,1.8876,1.8152,1.7566,1.7067,1.6559,1.6119,1.5826,1.566,1.5611,1.563,1.5679,1.5728,1.5787,1.5855,1.5914,1.5982,1.6031,1.6041,1.6012,1.5963,1.5875,1.5748,1.5601,1.5415,1.52,1.4956,1.4712,1.4506,1.4321,1.4086,1.3842,1.3617,1.3412,1.3206,1.2991,1.2757,1.2493,1.2199,1.1945,1.1779,1.1632,1.1437,1.1202,1.0987,1.0792,1.0596,1.0401,1.0205,1.0029,0.98534,0.97165,0.96188,0.95894,0.95894,0.95503,0.9521,0.9521,0.9521,0.9521,0.95406,0.95503,0.95699,0.9609,0.96481,0.9697,0.97556,0.97849,0.98045,0.98143,0.98143,0.98338,0.98729,0.99218,1,1.0068,1.0137,1.0235,1.0362,1.0508,1.0645,1.0772,1.0909,1.1036,1.1153,1.1261,1.1378,1.1466,1.1544,1.1642,1.1779,1.1994,1.2405,1.3148,1.4272,1.5836,1.782,2.0127,2.2571,2.5005,2.7273,2.9228,3.0831,3.1955,3.2717,3.3333,3.3793,3.4066,3.4174,3.4125,3.3978,3.3754,3.348,3.3187,3.2864,3.2493,3.2092,3.1701,3.131,3.089,3.042,2.9912,2.9335,2.8671,2.7937,2.7136,2.6266,2.5445,2.4135,2.2581,2.1496,2.0694,2.0088,1.9629,1.9286,1.9022,1.8807,1.8622,1.8456,1.8309,1.8192,1.8094,1.7996,1.7879,1.7742,1.7586,1.74,1.7204,1.6999,1.6813,1.6657,1.653,1.6422,1.6325,1.6197,1.6051,1.5904,1.5738,1.5562,1.5367,1.5152,1.4946,1.4751,1.4575,1.4389,1.4252,1.4125,1.3988,1.3851,1.3705,1.3568,1.3441,1.3324,1.3206,1.3089,1.2972,1.2874,1.2825,1.2815,1.2835,1.2981,1.3314,1.3871,1.4702,1.5836,1.7204,1.8749,2.0362,2.1926,2.3343,2.4428,2.5259,2.6012,2.6618,2.7067,2.7361,2.7488,2.7488,2.74,2.7234,2.7009,2.6745,2.6471,2.6188,2.5894,2.5572,2.523,2.4868,2.4467,2.4018,2.3509,2.2923,2.2297,2.1623,2.089,2.0235,1.9648,1.9032,1.8426,1.7859,1.737,1.697,1.6657,1.6413,1.6207,1.6031,1.5865,1.5728,1.5611,1.5474,1.5327,1.5191,1.5054,1.4907,1.477,1.4624,1.4457,1.4301,1.4145,1.3988,1.3871,1.3754,1.3617,1.3509,1.3431,1.3363,1.3294,1.3206,1.3128,1.305,1.2952,1.2854,1.2786,1.2717,1.263,1.2522,1.2414,1.2317,1.2209,1.2111,1.1984,1.1848,1.176,1.1711,1.1711,1.1789,1.2004,1.2424,1.3109,1.4106,1.5396,1.6901,1.8543,2.0205,2.1789,2.3196,2.437,2.521,2.5806,2.6285,2.6598,2.6774,2.6843,2.6843,2.6764,2.6618,2.6432,2.6207,2.5934,2.5621,2.5298,2.4976,2.4643,2.4282,2.39,2.349,2.3021,2.2473,2.1857,2.1202,2.0499,1.9756,1.9081,1.8465,1.7791,1.7116,1.6481,1.5904,1.5425,1.5054,1.4761,1.4536,1.436,1.4194,1.4047,1.3949,1.3871,1.3783,1.3685,1.3587,1.35,1.3412,1.3314,1.3206,1.3069,1.2942,1.2825,1.2737,1.2669,1.2571,1.2454,1.2346,1.2229,1.2111,1.2004,1.1896,1.1808,1.172,1.1642,1.1574,1.1564,1.1564,1.1535,1.1505,1.1466,1.1408,1.1329,1.1241,1.1144,1.1075,1.1095,1.1261,1.1554,1.2014,1.2776,1.3842,1.5181,1.6706,1.8319,1.9902,2.1359,2.263,2.3695,2.4536,2.5103,2.5464,2.5738,2.5904,2.5973,2.5953,2.5865,2.5718,2.5513,2.5279,2.5034,2.477,2.4506,2.4252,2.3988,2.3685,2.3353,2.2981,2.2522,2.1965,2.1554,2.1173,2.0528,1.9756,1.8964,1.8289,1.7683,1.7067,1.651,1.6051,1.5679,1.5386,1.5142,1.4946,1.478,1.4624,1.4438,1.4223,1.4037,1.3861,1.3646,1.3431,1.3216,1.3011,1.2835,1.2669,1.2502,1.2326
75.804,82.007,91.296,103.12,116.69,130.76,144.49,157.06,167.62,173.01,173.01,173.01,173.01,173.01,173.01,173.01,173.01,173.01,173.01,172.07,170.19,168.5,166.94,165.57,164.11,162.62,160.86,158.75,156.32,153.43,149.98,145.92,141.12,135.56,129.36,122.99,116.92,111.56,107.18,103.8,101.23,99.383,98.051,97.174,96.622,96.168,95.745,95.258,94.674,93.992,93.245,92.238,91.198,90.192,89.185,88.243,87.171,86.132,85.06,84.053,83.111,82.364,81.682,81.13,80.546,80.123,79.864,80.188,81.682,84.995,90.484,98.116,107.44,117.8,128.61,138.94,148.13,155.57,160.93,164.05,165.18,164.57,162.55,159.5,155.73,151.54,147,142.32,137.61,132.8,127.93,122.86,117.8,112.7,107.73,103.18,99.188,96.005,93.569,91.88,90.874,90.419,90.257,90.257,90.322,90.322,90.192,89.932,89.575,89.055,88.438,87.691,86.814,85.872,84.865,83.858,82.819,81.812,80.741,79.734,78.694,77.688,76.746,75.869,75.057,74.245,73.563,72.881,72.296,71.809,71.257,70.737,70.25,69.86,69.503,69.113,68.756,68.301,67.944,67.554,67.262,67.002,66.677,66.385,66.125,65.801,65.573,65.248,64.924,64.696,64.437,64.177,63.982,63.819,63.625,63.43,63.235,63.007,62.748,62.488,62.26,62.001,61.806,61.546,61.319,61.124,61.319,62.488,65.801,72.556,83.501,98.051,114.68,131.8,148.29,163.3,173.01,173.01,173.01,173.01,173.01,173.01,173.01,173.01,173.01,173.01,173.01,173.01,173.01,173.01,173.01,173.01,171.87,169.99,167.88,165.51,162.88,159.79,156.38,152.42,147.94,142.74,136.99,130.76,124.49,118.61,113.51,109.26,106.01,103.51,101.56,99.87,98.571,97.694,97.109,96.557,95.94,95.323,94.316,93.115,91.945,91.004,90.127,88.99,87.918,87.009,86.067,84.995,83.988,83.176,82.299,81.358,80.546,79.929,79.182,78.37,77.753,77.298,76.746,76.129,75.609,75.252,74.732,73.985,73.173,72.556,72.069,71.387,70.607,70.055,69.633,69.178,68.756,68.626,69.048,70.867,74.862,81.487,90.874,102.63,115.75,129.13,141.86,153.36,163.07,170.32,173.01,173.01,173.01,173.01,173.01,173.01,171.19,168.63,166.26,163.98,161.94,160.05,158.43,156.87,155.18,153.3,151.38,149.11,146.38,143.07,139.01,134.17,128.74,122.8,116.92,111.63,107.11,103.51,100.75,98.733,97.434,96.557,96.005,95.486,95.063,94.544,93.992,93.31,92.498,91.556,90.549,89.445,88.308,87.236,86.132,85.125,84.118,83.111,82.234,81.293,80.448,79.571,78.759,78.012,77.298,76.681,76.064,75.512,74.927,74.375,73.855,73.368,72.881,72.361,71.874,71.387,70.867,70.315,69.795,69.308,68.886,68.561,68.626,69.633,72.426,78.012,86.814,98.571,112.31,126.92,141.44,154.92,166.61,173.01,173.01,173.01,173.01,173.01,173.01,173.01,173.01,173.01,173.01,173.01,173.01,171.81,169.99,168.3,166.74,165.12,163.43,161.55,159.37,156.8,153.82,150.24,146.05,141.05,135.37,129.2,122.86,116.92,111.63,107.18,103.73,101.14,99.318,97.986,97.012,96.233,95.68,95.128,94.544,93.927,93.18,92.433,91.556,90.614,89.607,88.633,87.626,86.619,85.547,84.508,83.436,82.494,81.552,80.611,79.734,78.987,78.24,77.623,76.941,76.356,75.804,75.382,74.862,74.375,73.855,73.368,72.881,72.231,71.614,70.997,70.51,69.99,69.633,69.568,70.445,73.043,78.24,86.424,97.434,110.43,124.29,138.19,151.12,162.36,171.42,173.01,173.01,173.01,173.01,173.01,173.01,173.01,173.01,173.01,172.49,170.51,168.82,167.42,166.13,164.7,163.01,161.06,158.95,156.74,154.24,151.19,147.39,142.74,137.48,131.8,125.82,119.88,114.42,109.68,105.88,102.86,100.62,98.928,97.694,96.687,95.94,95.258,94.511,93.797,92.985,92.173,91.361,90.484,89.575,88.633,87.691,86.749,85.742,84.735,83.761,82.884,82.007,81.195,80.448,79.636,78.824,78.045,77.363,76.746,76.194,75.544,74.992,74.44,73.823,73.238,72.621,72.004,71.387,70.802,70.25,69.698,69.243,68.886,68.821,69.503,71.679,76.323,83.988,94.674,107.57,121.7,136.05,149.76,161.87,171.68,173.01,173.01,173.01,173.01,173.01,173.01,173.01,173.01,173.01,173.01,172.07,170.19,168.43,166.87,165.31,163.75,162.13,160.38,158.3,155.86,153,149.5,145.24,140.24,134.43,128.26,121.99,116.24,111.43,107.57,104.61,102.44,100.94,99.805,99.058,98.441,97.856,97.304,96.752,96.07,95.323,94.446,93.569,92.692,91.88,90.939,89.932,88.86,87.821,86.749,85.742,84.67,83.631,82.624,81.812,81.065,80.318,79.636,79.052,78.5,77.947,77.363,76.811,76.259,75.609,74.927,74.245,73.563,73.011,72.491,72.069,71.679,71.387,71.322,72.004,74.115,78.694,86.294,96.752,109.42,123.38,137.48,150.86,162.75,172.43,173.01,173.01,173.01,173.01,173.01,173.01,173.01,173.01,173.01,173.01,173.01,172.23,170.74,169.37,168.04,166.61,165.05,163.23,161.19,158.82,155.93,152.55,148.42,143.55,137.8,131.5,124.94,118.8,113.45,108.93,105.49,102.92,101.23,100.06,99.188,98.506,97.824,97.174,96.492,95.81,95.128,94.381,93.504,92.627,91.686,90.679,89.607,88.438,87.171,86.002,84.865,83.761,82.819,81.942,81.195,80.546,79.929,79.311,78.824,78.24,77.753,77.168,76.616,76.064,75.544,75.057,74.57,73.985,73.368,72.751,72.134,71.549,70.997,70.737,71.192,73.108,77.363,84.735,95.258,108.25,122.57,137.19,151.19,163.69,173.01,173.01,173.01,173.01,173.01,173.01,173.01,173.01,173.01,173.01,173.01,173.01,173.01,173.01,172.13,170.74,169.44,167.88,165.87,163.69,161.25,158.23,154.69,150.63,145.99,140.44,134.23,127.87,121.63,115.82,110.95,107.05,104.25,102.18,100.75,99.675,98.928,98.311,97.856,97.369,96.817,96.135,95.258,94.251,93.18,92.043,91.069,90.127,89.185,88.178,87.074,85.937,84.865,83.988,83.046,82.007,81.13,80.448,79.734,79.052,78.435,77.817,77.233,76.681,76.064,75.447,74.862,74.31,73.758,73.238,72.751,72.231,71.809,71.387,71.127,71.419,73.108,77.07,84.053,94.186,106.69,120.62,134.95,148.75,161.19,171.48,173.01,173.01,173.01,173.01,173.01,173.01,173.01,173.01,173.01,173.01,173.01,173.01,171.35,169.8,168.37,166.94,165.38,163.62,161.61,159.24,156.48,153.17,149.24,144.56,139.07,132.93,126.5,120.3,114.75,110.13,106.37,103.57,101.43,99.935,98.798,97.986,97.434,96.882,96.297,95.615,94.804,93.992,93.115,92.173,91.231,90.257,89.25,88.113,87.009,85.807,84.67,83.631,82.624,81.747,80.935,80.123,79.376,78.759,78.175,77.688,77.135,76.616,76.064,75.447,74.797,74.18,73.628,73.043,72.361,71.744,71.192,70.575,70.055,69.73,69.925,71.419,75.122,81.747,91.556,103.86,117.8,132.32,146.57,159.56,170.54,173.01,173.01,173.01,173.01,173.01,173.01,173.01,173.01,173.01,173.01,173.01,172.36,170.54,168.92,167.42,165.93,164.5,162.81,160.86,158.49,155.67,152.35,148.29,143.49,138,131.86,125.43,119.13,113.54,109,105.36,102.7,100.75,99.383,98.506,97.986,97.629,97.239,96.752,96.168,95.486,94.739,93.862,92.985,92.108,91.133,90.127,89.055,87.983,87.009,86.067,85.19,84.313,83.436,82.624,81.747,81,80.253,79.571,78.987,78.435,77.882,77.298,76.616,75.934,75.252,74.635,73.985,73.433,72.881,72.361,71.874,71.419,71.257,71.549,73.108,76.746,83.306,92.985,105.26,119.26,133.94,148.07,160.73,171.19,173.01,173.01,173.01,173.01,173.01,173.01,173.01,173.01,173.01,173.01,173.01,171.87,170.25,168.82,167.36,165.87,164.37,162.62,160.57,158.14,155.18,151.74,147.68,142.94,137.38,131.31,125.01,118.8,113.25,108.57,104.81,101.95,99.935,98.571,97.564,96.882,96.297,95.81,95.323,94.674,93.927,93.115,92.368,91.556,90.614,89.672,88.633,87.496,86.359,85.255,84.118,82.981,82.007,81.065,80.253,79.571,78.922,78.305,77.623,77.006,76.356,75.869,75.317,74.797,74.245,73.693,73.108,72.621,72.069,71.484,70.932,70.38,69.86,69.568,69.633,70.672,73.498,79.117,88.048,100,113.93,128.68,143.13,156.48,168.17,173.01,173.01,173.01,173.01,173.01,173.01,173.01,173.01,173.01,173.01,173.01,173.01,171.94,170.32,168.82,167.29,165.74,163.98,161.94,159.63,156.87,153.69,149.98,145.7,140.7,134.95,128.74,122.38,116.37,111.11,106.76,103.38,100.81,98.928,97.564,96.557,95.94,95.421,94.998,94.511,93.862,93.115,92.303,91.361,90.419,89.445,88.438,87.431,86.424,85.385,84.378,83.371,82.364,81.423,80.546,79.734,78.987,78.305,77.688,77.07,76.421,75.869,75.317,74.797,74.245,73.758,73.173,72.621,72.004,71.419,70.867,70.38,69.86,69.503,69.373,69.99,72.134,76.811,84.605,95.421,108.44,122.6,136.93,150.57,162.55,172.3,173.01,173.01,173.01,173.01,173.01,173.01,173.01,173.01,173.01,173.01,172.07,169.99,168.11,166.42,164.73,163.07,161.25,159.37,157.19,154.76,151.74,148.23,144.01,138.94,133.26,126.99,120.69,114.87,109.81,105.75,102.57,100.19,98.506,97.304,96.427,95.745,95.193,94.609,93.992,93.374,92.563,91.751,90.874,89.997,88.925,87.691,86.554,85.482,84.573,83.631,82.754,81.942,81.13,80.253,79.376,78.694,78.012,77.168,76.421,75.804,75.382,74.992,74.44,73.823,73.043,72.491,71.939,71.257,70.607,70.12,69.73,69.113,68.496,68.301,68.821,70.51,74.31,81,90.744,103.18,117.18,131.63,145.79,158.82,169.73,173.01,173.01,173.01,173.01,173.01,173.01,173.01,173.01,173.01,173.01,172.23,170.25,168.69,167.13,165.44,163.88,162.36,160.67,158.56,156.06,153,149.43,145.18,140.24,134.49,128.39,122.12,116.24,111.17,107.05,103.86,101.56,99.87,98.668,97.921,97.499,97.012,96.427,95.745,94.998,94.186,93.18,92.108,91.133,90.192,89.25,88.308,87.366,86.424,85.385,84.183,82.981,81.812,80.741,79.929,79.247,78.564,77.882,77.298,76.746,76.194,75.544,74.927,74.31,73.823,73.368,72.881,72.361,71.809,71.322,70.737,70.25,69.795,69.503,69.698,70.997,74.375,80.448,89.607,101.43,115.07,129.43,143.62,156.67,167.81,173.01,173.01,173.01,173.01,173.01,173.01,173.01,173.01,173.01,173.01,173.01,172.13,170.32,168.56,167,165.38,163.62,161.81,159.79,157.62,155.05,151.93,148.13,143.55,138.26,132.19,125.76,119.36,113.54,108.57,104.61,101.75,99.675,98.311,97.174,96.297,95.615,94.998,94.446,93.797,93.115,92.433,91.686,90.809,89.802,88.73,87.626,86.619,85.547,84.508,83.436,82.494,81.617,80.741,79.929,79.117,78.435,77.753,77.135,76.551,76.064,75.512,74.927,74.375,73.823,73.238,72.621,72.069,71.484,70.932,70.38,69.86,69.373,68.983,68.918,69.698,72.134,77.168,85.482,96.752,110.2,124.68,139.17,152.87,164.73,173.01,173.01,173.01,173.01,173.01,173.01,173.01,173.01,173.01,173.01,173.01,172.23,170.25,168.5,166.94,165.31,163.62,161.74,159.69,157.36,154.63,151.45,147.74,143.49,138.55,132.8,126.57,120.17,114.32,109.32,105.26,102.05,99.61,97.856,96.687,95.875,95.193,94.609,94.057,93.439,92.822,92.173,91.426,90.614,89.672,88.698,87.626,86.489,85.32,84.248,83.176,82.137,81.13,80.253,79.506,78.824,78.175,77.493,76.876,76.259,75.609,74.992,74.44,73.855,73.368,72.881,72.361,71.744,71.192,70.575,69.925,69.438,68.918,68.561,68.496,69.113,71.192,75.609,83.111,93.569,106.37,120.43,134.95,148.81,161.25,171.35,173.01,173.01,173.01,173.01,173.01,173.01,173.01,173.01,173.01,173.01,171.19,169.11,167.29,165.67,164.11,162.49,160.67,158.69,156.45,153.88,150.8,147.26,143,138.06,132.45,126.24,120.07,114.19,109.13,104.87,101.56,99.058,97.174,95.94,94.933,94.251,93.699,93.115,92.498,91.816,91.133,90.386,89.575,88.633,87.691,86.619,85.612,84.605,83.566,82.559,81.552,80.611,79.669,78.857,78.045,77.363,76.746,76.129,75.512,74.862,74.245,73.628,73.011,72.426,71.874,71.387,70.867,70.315,69.73,69.243,68.691,68.107,67.619,67.295,67.554,68.983,72.491,78.922,88.568,100.75,114.62,129.2,143.55,156.74,167.94,173.01,173.01,173.01,173.01,173.01,173.01,173.01,173.01,173.01,172.56,170.19,168.01,166.13,164.37,162.75,161.12,159.43,157.49,155.38,152.94,150.11,146.8,142.81,138.06,132.51,126.44,120.23,114.42,109.39,105.2,101.98,99.675,98.051,96.817,95.94,95.323,94.804,94.251,93.699,93.05,92.368,91.621,90.809,89.932,88.99,87.983,87.009,85.937,84.8,83.793,82.884,82.007,81.195,80.383,79.636,78.824,78.045,77.233,76.551,75.869,75.317,74.797,74.31,73.855,73.368,72.881,72.361,71.809,71.192,70.51,69.73,69.048,68.496,68.301,68.626,70.055,73.368,79.571,88.795,100.75,114.36,128.74,142.87,155.99,167.13,173.01,173.01,173.01,173.01,173.01,173.01,173.01,173.01,173.01,173.01,171.68,169.5,167.75,166.06,164.31,162.42,160.73,159.11,157.06,154.37,151.38,148.13,144.43,139.75,134.23,128.26,122.05,116.01,110.49,105.81,102.05,99.318,97.304,95.94,94.998,94.251,93.634,92.985,92.498,91.945,91.198,90.419,89.672,88.925,87.983,87.009,85.872,84.865,83.858,82.819,81.747,80.805,79.994,79.311,78.564,77.688,76.811,76.064,75.512,74.927,74.31,73.823,73.433,73.043,72.426,71.744,71.192,70.672,70.25,69.698,69.113,68.561,68.107,67.879,68.009,69.113,72.361,78.5,87.886,100,113.87,128.48,142.81,155.99,167.2,173.01,173.01,173.01,173.01,173.01,173.01,173.01,173.01,173.01,173.01,172,169.8,167.88,166.06,164.37,162.75,161.06,159.18,157,154.5,151.61,148.29,144.3,139.62,134.17,128.19,121.86,115.75,110.2,105.55,101.88,99.123,97.044,95.615,94.544,93.732,93.18,92.692,92.173,91.621,91.004,90.322,89.51,88.698,87.756,86.814,85.807,84.8,83.761,82.754,81.682,80.741,79.799,78.922,78.11,77.298,76.551,75.869,75.187,74.635,74.115,73.693,73.238,72.751,72.296,71.809,71.257,70.672,70.055,69.503,68.918,68.366,67.879,67.489,67.554,68.626,71.549,77.168,86.067,97.694,111.17,125.5,139.69,152.87,164.31,173.01,173.01,173.01,173.01,173.01,173.01,173.01,173.01,173.01,173.01,170.74,168.5,166.42,164.5,162.62,160.86,159.11,157.26,155.12,152.74,149.98,146.8,143,138.42,133.13,127.25,121.05,115,109.55,105.07,101.43,98.636,96.427,94.868,93.797,92.985,92.368,91.88,91.426,90.939,90.419,89.867,89.12,88.243,87.301,86.359,85.482,84.573,83.696,82.884,82.007,81.195,80.318,79.506,78.759,78.012,77.233,76.551,75.934,75.317,74.7,74.115,73.563,73.011,72.361,71.744,71.192,70.575,69.925,69.308,68.691,68.171,67.749,67.619,67.879,68.918,71.614,76.876,85.32,96.622,109.94,124.29,138.81,152.42,164.44,173.01,173.01,173.01,173.01,173.01,173.01,173.01,173.01,173.01,173.01,170.87,168.63,166.48,164.57,162.55,160.6,158.56,156.45,154.17,151.61,148.62,145.05,140.86,135.99,130.37,124.26,118.12,112.44,107.5,103.44,100.29,97.986,96.427,95.356,94.674,94.186,93.732,93.245,92.692,92.01,91.231,90.419,89.575,88.633,87.561,86.489,85.385,84.313,83.306,82.234,81.26,80.318,79.441,78.564,77.753,77.006,76.259,75.609,74.992,74.44,73.855,73.368,72.881,72.361,71.809,71.387,70.932,70.51,70.055,69.503,68.983,68.496,68.009,67.554,67.36,67.749,69.438,73.173,79.864,89.802,102.24,116.3,130.92,145.05,158.01,168.92,173.01,173.01,173.01,173.01,173.01,173.01,173.01,173.01,173.01,173.01,171.74,169.57,167.49,165.67,163.88,162.13,160.31,158.3,156.19,153.75,150.93,147.61,143.68,139.07,133.68,127.74,121.57,115.49,110,105.29,101.49,98.571,96.427,94.868,93.732,92.92,92.433,92.01,91.491,90.939,90.322,89.607,88.795,87.918,87.074,86.197,85.32,84.378,83.306,82.17,81.195,80.188,79.311,78.435,77.623,76.876,76.194,75.544,74.992,74.375,73.855,73.368,72.816,72.296,71.744,71.192,70.607,70.055,69.438,68.821,68.301,67.814,67.424,67.197,67.489,68.918,72.426,78.857,88.438,100.62,114.42,129,143.2,156.25,167.29,173.01,173.01,173.01,173.01,173.01,173.01,173.01,173.01,173.01,172.62,170.19,168.01,166,164.18,162.42,160.67,158.88,156.8,154.43,151.8,148.88,145.5,141.44,136.64,131.11,125.11,118.93,112.93,107.63,103.18,99.675,96.947,94.998,93.732,92.985,92.433,91.945,91.491,91.004,90.419,89.737,88.925,88.113,87.301,86.424,85.482,84.573,83.631,82.624,81.617,80.546,79.571,78.629,77.817,77.07,76.323,75.609,74.992,74.44,73.823,73.108,72.361,71.744,71.387,70.997,70.51,70.055,69.568,69.048,68.496,68.009,67.424,66.807,66.255,66.32,67.684,70.997,77.135,86.262,98.051,111.82,126.37,140.7,153.88,165.31,173.01,173.01,173.01,173.01,173.01,173.01,173.01,173.01,173.01,172.36,169.73,167.42,165.31,163.3,161.48,159.92,158.17,156.12,153.95,151.61,148.75,145.18,141.31,136.8,131.44,125.37,119.13,113.12,107.73,103.18,99.448,96.557,94.446,92.985,92.043,91.426,91.069,90.614,90.127,89.607,88.99,88.243,87.496,86.554,85.612,84.67,83.761,82.819,81.877,80.87,79.799,78.857,77.882,77.006,76.194,75.447,74.797,74.18,73.563,73.011,72.361,71.744,71.257,70.737,70.25,69.73,69.113,68.496,67.879,67.295,66.742,66.32,65.801,65.378,65.248,65.801,67.814,72.296,79.864,90.419,103.38,117.51,131.99,145.86,158.3,168.56,173.01,173.01,173.01,173.01,173.01,173.01,173.01,173.01,171.68,168.92,166.42,164.18,162.13,160.18,158.23,156.32,154.3,152.19,149.85,147.39,144.37,140.76,136.31,131.11,125.3,119.26,113.32,107.99,103.44,99.74,96.947,94.933,93.569,92.627,92.043,91.686,91.296,90.939,90.484,89.997,89.445,88.73,87.983,87.106,86.197,85.255,84.248,83.306,82.364,81.423,80.481,79.506,78.629,77.817,77.07,76.259,75.447,74.57,73.92,73.368,72.946,72.491,72.004,71.484,70.997,70.445,69.925,69.438,68.886,68.301,67.684,67.067,66.548,66.32,66.613,68.074,71.614,78.012,87.561,99.74,113.61,128.13,142.38,155.57,166.68,173.01,173.01,173.01,173.01,173.01,173.01,173.01,173.01,173.01,171.55,168.98,166.61,164.44,162.42,160.57,158.75,156.93,154.99,152.87,150.37,147.48,144.07,140.05,135.3,129.88,123.94,117.73,111.82,106.5,102.11,98.571,95.94,94.057,92.822,92.01,91.361,90.809,90.322,89.802,89.315,88.795,88.113,87.366,86.489,85.547,84.573,83.566,82.624,81.552,80.481,79.441,78.5,77.688,76.876,76.064,75.317,74.57,73.855,73.303,72.816,72.361,71.874,71.387,70.802,70.25,69.795,69.308,68.821,68.236,67.684,67.262,66.742,66.32,65.995,65.995,67.002,69.795,75.382,84.248,95.94,109.61,124.2,138.62,152.06,163.69,172.95,173.01,173.01,173.01,173.01,173.01,173.01,173.01,173.01,172.07,169.37,166.94,164.63,162.55,160.57,158.69,156.74,154.76,152.48,150.11,147.32,144.11,140.31,135.86,130.69,124.94,118.87,112.93,107.57,103.05,99.383,96.622,94.544,93.05,92.01,91.231,90.614,90.062,89.575,88.99,88.438,87.756,87.009,86.132,85.19,84.248,83.371,82.494,81.552,80.481,79.441,78.435,77.558,76.746,75.934,75.187,74.505,73.855,73.303,72.751,72.199,71.614,71.127,70.672,70.25,69.795,69.308,68.691,68.107,67.489,66.937,66.418,66.06,65.671,65.573,66.06,68.074,72.491,80.123,90.874,103.86,118.06,132.38,146.05,158.23,168.24,173.01,173.01,173.01,173.01,173.01,173.01,173.01,173.01,171.26,168.5,165.93,163.62,161.48,159.63,157.75,155.86,153.88,151.8,149.56,146.93,143.88,140.05,135.56,130.37,124.55,118.45,112.44,106.98,102.31,98.506,95.551,93.439,91.945,90.874,90.127,89.575,89.12,88.73,88.308,87.756,87.171,86.424,85.612,84.8,83.923,83.111,82.299,81.423,80.611,79.799,78.987,78.175,77.428,76.681,75.934,75.187,74.505,73.758,73.108,72.556,72.004,71.419,70.932,70.38,69.73,69.113,68.496,68.009,67.554,67.132,66.742,66.255,65.866,65.573,65.671,66.742,69.503,74.927,83.371,94.609,107.99,122.44,137.12,150.93,163.07,172.56,173.01,173.01,173.01,173.01,173.01,173.01,173.01,172.88,169.8,166.94,164.18,161.81,159.56,157.49,155.44,153.3,151.12,148.88,146.31,143.29,139.69,135.3,130.17,124.42,118.32,112.37,107.24,102.92,99.448,96.622,94.544,93.245,92.303,91.491,90.809,90.484,90.257,89.737,88.925,88.113,87.431,86.684,85.612,84.573,83.566,82.559,81.617,80.546,79.506,78.5,77.688,76.811,75.934,75.122,74.44,73.693,73.043,72.491,71.939,71.419,70.867,70.315,69.86,69.568,69.178,68.626,68.074,67.684,67.36,66.937,66.385,65.93,65.606,65.313,65.119,65.736,68.009,72.751,80.481,91.556,104.94,119.26,133.61,147.39,159.76,169.86,173.01,173.01,173.01,173.01,173.01,173.01,173.01,173.01,172.82,170.25,167.81,165.51,163.36,161.32,159.43,157.55,155.63,153.49,151.12,148.42,145.24,141.57,137.32,132.51,127.05,121.11,115.07,109.39,104.48,100.42,97.174,94.674,92.822,91.491,90.549,89.932,89.51,89.12,88.73,88.243,87.561,86.944,86.197,85.417,84.508,83.566,82.494,81.487,80.481,79.571,78.694,77.882,77.006,76.129,75.317,74.505,73.758,73.108,72.621,72.134,71.679,71.127,70.575,69.99,69.438,68.918,68.431,67.879,67.36,66.807,66.32,65.866,65.443,65.184,65.184,66.06,68.691,73.985,82.559,93.992,107.37,121.7,135.99,149.5,161.25,170.61,173.01,173.01,173.01,173.01,173.01,173.01,173.01,173.01,170.67,168.01,165.57,163.3,161.25,159.24,157.26,155.25,153.23,151.12,148.75,145.99,142.74,138.88,134.43,129.23,123.48,117.44,111.63,106.3,101.75,98.051,95.193,93.115,91.621,90.549,89.737,89.12,88.568,88.048,87.626,87.106,86.554,85.872,84.995,84.118,83.176,82.299,81.423,80.481,79.506,78.5,77.558,76.681,75.869,75.122,74.375,73.563,72.881,72.231,71.744,71.322,70.802,70.185,69.633,69.113,68.626,68.171,67.619,67.067,66.418,65.866,65.313,64.794,64.372,64.047,64.177,65.443,68.691,74.732,83.923,95.81,109.42,123.87,138,151.12,162.36,171.19,173.01,173.01,173.01,173.01,173.01,173.01,173.01,171.35,168.63,165.93,163.36,160.8,158.49,156.45,154.43,152.42,150.37,148.13,145.63,142.68,139.43,135.63,131.05,125.76,119.81,113.8,108.12,103.12,98.993,95.68,93.245,91.491,90.257,89.445,88.795,88.373,87.918,87.496,87.009,86.489,86.002,85.385,84.735,83.923,83.046,82.17,81.358,80.611,79.864,79.052,78.24,77.428,76.616,75.869,75.187,74.57,73.985,73.303,72.686,72.134,71.549,71.062,70.575,69.99,69.438,68.886,68.366,67.944,67.424,66.872,66.385,65.995,65.801,65.801,66.32,68.074,72.004,78.824,88.633,100.94,114.81,129.3,143.29,155.86,166.42,173.01,173.01,173.01,173.01,173.01,173.01,173.01,173.01,170.32,167.29,164.5,161.94,159.43,157.06,154.76,152.55,150.37,148,145.5,142.68,139.49,135.69,131.18,126.05,120.43,114.55,108.87,103.86,99.74,96.557,94.121,92.368,91.004,89.997,89.315,88.795,88.438,88.048,87.626,87.009,86.262,85.417,84.605,83.793,82.949,82.007,81,79.929,78.857,77.882,77.006,76.064,75.187,74.245,73.433,72.816,72.296,71.809,71.257,70.607,69.99,69.438,68.918,68.496,68.107,67.814,67.424,67.067,66.613,66.125,65.573,64.989,64.501,64.047,63.754,63.819,64.761,67.424,72.881,81.423,92.822,106.3,120.82,135.37,149.04,160.99,170.44,173.01,173.01,173.01,173.01,173.01,173.01,173.01,173.01,170.8,168.11,165.57,163.1,87.821,87.301,86.749,86.197,85.612,84.865,83.988,82.981,81.942,80.935,79.929,78.987,78.045,77.168,76.323,75.512,74.797,74.05,73.368,72.751,72.199,71.679,71.192,70.672,70.185,69.698,69.243,68.983,69.373,70.997,74.505,80.611,89.51,100.62,113.12,126.18,139.07,150.86,160.8,168.24,173.01,173.01,173.01,173.01,173.01,170.67,168.11,165.44,162.75,159.99,157.42,155.12,152.94,150.73,148.62,146.51,144.24,141.6,138.62,135.24,131.18,126.44,120.95,115.07,109.26,103.93,99.318,95.745,93.05,90.939,89.185,88.113,87.496,86.879,86.294,86.002,85.742,85.255,84.67,84.053,83.306,82.429,81.552,80.805,80.058,79.247,78.37,77.363,76.486,75.674,74.992,74.31,73.498,72.686,71.874,71.192,70.51,69.795,69.178,68.561,68.009,67.424,66.872,66.32,65.801,65.443,65.119,64.761,64.372,63.949,63.56,63.235,63.007,62.813,62.488,62.131,61.741,61.449,61.059,60.734,60.377,60.052,59.987,60.572,62.748,67.684,76.259,88.373,102.99,119,135.17,150.44,163.88,173.01,173.01,173.01,173.01,173.01,173.01,173.01,173.01,173.01,173.01,170.44,167.49,164.7,162.07,159.69,157.49,155.38,153.17,150.73,148.13,145.11,141.67,137.74,133.06,127.74,122.12,116.37,110.88,105.94,101.82,98.571,96.135,94.316,92.985,92.01,91.198,90.419,89.802,89.25,88.795,88.178,87.496,86.684,85.937,85.125,84.313,83.436,82.494,81.552,80.611,79.994,79.734,80.123,81.423,84.183,88.633,94.674,101.88,109.61,117.38,124.68,130.92,135.69,138.49,139.36,138.42,135.86,131.99,127.12,121.57,115.49,109.06,102.57,96.168,90.386,85.32,81.13,77.882,75.544,73.985,73.108,72.816,72.881,73.238,73.823,74.505,75.187,75.609,75.934,76.064,76.064,76.064,75.999,75.674,75.122,74.44,73.693,72.946,72.199,71.387,70.51,69.698,68.886,68.074,67.262,66.548,65.93,65.313,64.696,64.112,63.56,63.17,62.878,62.553,62.26,61.871,61.546,61.254,60.994,60.734,60.507,60.247,59.987,59.76,59.5,59.24,58.948,58.623,58.363,58.233,58.071,57.811,57.486,57.194,56.934,56.739,56.609,56.382,56.122,55.797,55.635,55.44,55.31,55.115,54.855,54.628,54.433,54.238,54.108,54.011,53.881,53.686,53.556,53.491,53.426,53.361,53.297,53.199,53.069,52.939,52.744,52.55,52.485,52.614,53.491,56.252,62.358,72.686,86.879,103.44,120.75,137.67,153.3,166.68,173.01,173.01,173.01,173.01,173.01,173.01,173.01,173.01,173.01,170.8,166.94,163.17,159.56,155.99,152.61,149.56,146.67,143.81,140.76,137.45,133.81,129.88,125.63,120.95,115.95,110.88,106.07,101.88,98.441,95.745,93.699,92.043,90.809,89.867,89.12,88.438,87.821,87.236,86.619,86.002,85.255,84.313,83.371,82.429,81.487,80.546,79.571,78.5,77.493,76.486,75.544,74.635,73.693,72.751,71.939,71.192,70.51,69.795,69.243,68.691,68.107,67.619,67.197,66.872,66.483,66.125,65.801,65.443,65.054,64.566,64.047,63.69,63.365,63.072,62.553,61.936,61.449,61.059,60.929,61.319,62.813,66.255,72.361,81.293,92.498,105.07,118.12,130.98,142.94,153.17,161.06,166.42,169.5,170.51,169.86,168.11,165.61,162.68,159.56,156.45,153.36,150.44,147.61,144.92,142.48,140.18,137.93,135.56,133,130.04,126.73,122.93,118.54,113.67,108.51,103.38,98.668,94.739,91.621,89.185,87.366,86.067,85.32,84.865,84.573,84.313,84.053,83.761,83.371,82.981,82.494,82.007,81.358,80.805,80.188,79.441,78.694,77.947,77.298,76.616,75.869,75.057,74.31,73.628,72.946,72.231,71.614,70.997,70.38,69.795,69.243,68.626,68.009,67.424,66.937,66.548,66.06,65.573,64.989,64.437,64.047,63.819,63.56,63.43,63.69,65.054,68.496,74.927,84.508,96.687,110.43,124.62,138.49,151.12,161.81,169.86,173.01,173.01,173.01,173.01,173.01,173.01,169.99,166.94,163.92,160.99,158.14,155.31,152.74,150.37,148.13,145.86,143.49,140.92,138.13,134.82,131.05,126.79,122.18,117.05,111.82,106.69,101.95,97.921,94.674,92.238,90.386,88.925,87.886,87.106,86.684,86.424,86.262,85.937,85.417,84.573,83.631,82.884,82.234,81.487,80.611,79.799,78.857,77.688,76.551,75.739,75.057,74.245,73.368,72.621,71.939,71.192,70.575,70.055,69.568,68.983,68.561,68.236,67.944,67.489,66.872,66.418,66.125,65.606,65.054,64.631,64.242,63.884,63.495,63.235,63.365,64.437,67.295,72.816,81.423,92.822,106.01,120.01,133.87,146.8,158.01,166.87,173.01,173.01,173.01,173.01,173.01,173.01,171.61,168.82,165.93,163.1,160.51,158.07,155.8,153.56,151.32,149.01,146.61,144.24,141.8,139.07,135.82,132.06,127.67,122.73,117.44,111.98,106.82,102.11,98.181,95.063,92.627,90.809,89.445,88.438,87.756,87.301,86.879,86.424,86.002,85.482,84.865,84.183,83.436,82.624,81.877,81.065,80.188,79.117,78.11,77.168,76.421,75.674,74.862,74.05,73.303,72.621,72.004,71.419,70.867,70.315,69.73,69.308,68.983,68.626,68.171,67.619,67.067,66.548,66.06,65.573,65.054,64.566,64.177,63.982,64.437,66.19,70.25,77.233,87.236,99.675,113.51,127.67,141.38,153.82,164.18,172,173.01,173.01,173.01,173.01,173.01,173.01,171.55,168.69,165.74,163.01,160.31,157.88,155.63,153.56,151.45,149.37,147.13,144.69,141.99,139.01,135.5,131.37,126.63,121.37,115.75,110.2,104.94,100.36,96.622,93.732,91.621,90.127,89.055,88.373,87.886,87.431,87.074,86.619,86.132,85.612,85.06,84.443,83.696,82.884,82.137,81.423,80.741,79.929,78.987,78.11,77.363,76.681,75.999,75.317,74.635,73.985,73.368,72.751,72.134,71.549,71.062,70.51,69.925,69.373,68.918,68.366,67.749,67.132,66.548,66.125,65.736,65.508,65.184,65.119,65.736,67.879,72.296,79.669,89.997,102.5,116.37,130.69,144.3,156.45,166.39,173.01,173.01,173.01,173.01,173.01,173.01,173.01,171.13,167.88,164.79,162,159.37,156.93,154.63,152.42,150.24,147.94,145.5,142.87,139.95,136.64,132.8,128.19,122.93,117.31,111.76,106.69,102.24,98.636,95.745,93.634,92.108,91.133,90.484,90.062,89.607,89.12,88.568,87.918,87.366,86.749,86.067,85.255,84.248,83.306,82.429,81.423,80.383,79.376,78.5,77.688,76.876,76.064,75.252,74.505,73.823,73.108,72.491,71.939,71.484,71.127,70.607,70.12,69.633,69.178,68.821,68.366,67.944,67.489,67.132,66.677,66.255,65.801,65.443,65.378,65.995,68.074,72.491,80.058,90.614,103.51,117.67,132.25,146.25,158.82,169.11,173.01,173.01,173.01,173.01,173.01,173.01,173.01,173.01,173.01,170.93,168.3,165.87,163.62,161.48,159.43,157.49,155.51,153.49,151.25,148.68,145.7,142.25,138.29,133.68,128.39,122.51,116.56,111.01,106.07,101.95,98.636,96.07,94.186,92.757,91.751,91.004,90.614,90.322,89.932,89.315,88.568,87.821,87.106,86.424,85.547,84.573,83.631,82.819,82.137,81.26,80.188,79.052,78.045,77.135,76.323,75.544,74.927,74.375,73.92,73.368,72.816,72.199,71.549,70.997,70.575,70.25,69.86,69.438,68.886,68.236,67.684,67.197,66.677,66.255,66.32,67.295,69.925,74.992,83.111,94.057,106.98,121.05,135.37,149.04,161.12,170.74,173.01,173.01,173.01,173.01,173.01,173.01,173.01,173.01,171.94,169.44,166.74,164.05,161.55,159.3,157.26,155.25,153.07,150.86,148.42,145.7,142.55,138.88,134.49,129.43,123.81,117.99,112.31,107.31,102.99,99.253,96.135,93.699,92.108,91.133,90.484,89.997,89.607,89.315,88.86,88.243,87.496,86.749,85.937,84.995,84.118,83.371,82.819,82.17,81.293,80.383,79.441,78.564,77.753,76.941,76.194,75.512,74.992,74.57,73.92,73.238,72.426,71.744,71.127,70.607,70.185,69.73,69.178,68.561,67.944,67.36,66.872,66.385,65.801,65.606,65.995,67.554,71.192,77.623,87.074,98.863,112.5,127.18,141.8,155.18,166.48,173.01,173.01,173.01,173.01,173.01,173.01,173.01,173.01,173.01,171.13,168.3,165.67,163.36,161.19,159.05,156.93,154.63,152.19,149.69,147,143.94,140.24,136.12,131.37,125.92,119.94,114.06,108.74,104.12,100.29,97.369,95.258,93.732,92.692,92.043,91.686,91.426,91.069,90.419,89.607,88.795,87.918,87.171,86.489,85.872,85.06,84.183,83.046,81.812,80.741,79.636,78.564,77.623,77.07,76.616,76.194,75.447,74.57,73.693,73.011,72.426,71.939,71.614,71.387,70.997,70.38,69.698,69.048,68.561,68.074,67.489,67.132,66.937,66.807,66.872,67.295,68.918,72.751,79.669,89.802,102.5,116.76,131.63,145.99,158.82,169.44,173.01,173.01,173.01,173.01,173.01,173.01,173.01,173.01,173.01,172.17,169.31,166.68,164.31,162.2,160.25,158.3,156.38,154.3,152.06,149.43,146.44,142.81,138.68,134,128.74,123.12,117.31,111.56,106.17,101.56,97.921,95.258,93.374,92.043,91.231,90.809,90.549,90.322,89.932,89.38,88.73,87.983,87.171,86.424,85.872,85.255,84.508,83.501,82.429,81.423,80.383,79.311,78.175,77.168,76.421,75.804,75.122,74.44,73.693,73.108,72.686,72.231,71.809,71.322,70.672,70.055,69.568,69.048,68.626,68.107,67.554,67.002,66.613,66.385,66.385,67.197,69.633,74.7,83.046,94.446,107.92,122.51,137.25,151.25,163.56,173.01,173.01,173.01,173.01,173.01,173.01,173.01,173.01,173.01,173.01,170.12,167.36,164.92,162.62,160.38,158.36,156.48,154.63,152.48,149.92,147.13,144.01,140.5,136.31,131.31,125.76,119.94,114.19,108.87,104.06,99.935,96.687,94.251,92.563,91.556,91.004,90.484,90.062,89.607,89.185,88.633,87.918,87.106,86.424,85.807,85.19,84.313,83.241,82.137,81.065,80.058,79.182,78.305,77.493,76.681,75.934,75.187,74.505,73.823,73.108,72.491,72.069,71.744,71.322,70.672,70.12,69.568,69.113,68.691,68.171,67.554,67.067,66.548,66.255,65.995,66.255,67.619,70.997,77.233,86.619,98.668,112.63,127.38,141.99,155.44,166.74,173.01,173.01,173.01,173.01,173.01,173.01,173.01,173.01,173.01,171.74,168.98,166.19,163.49,161.06,158.88,156.8,154.82,152.74,150.63,148.29,145.57,142.25,138.26,133.48,128.19,122.51,116.5,110.69,105.42,101.14,97.824,95.258,93.245,91.751,90.679,90.127,89.672,89.185,88.633,88.178,87.886,87.496,86.814,85.872,84.865,83.858,82.819,81.812,80.87,80.058,79.376,78.629,77.753,76.811,75.869,74.992,74.245,73.693,73.173,72.751,72.199,71.614,71.127,70.607,69.99,69.308,68.756,68.301,67.879,67.295,66.677,65.995,65.443,65.054,64.859,65.248,66.807,70.445,77.006,86.619,98.863,112.8,127.61,142.32,155.99,167.49,173.01,173.01,173.01,173.01,173.01,173.01,173.01,173.01,172.56,169.63,166.94,164.31,161.74,159.37,157.19,155.25,153.36,151.32,149.04,146.57,143.81,140.5,136.51,131.73,126.31,120.49,114.62,109.13,104.25,100.29,97.304,95.193,93.569,92.433,91.621,91.198,90.874,90.549,90.192,89.607,89.12,88.568,87.886,87.074,86.067,84.995,83.858,82.819,81.812,80.87,79.864,78.987,78.305,77.688,76.941,75.999,75.122,74.44,73.823,73.173,72.556,72.004,71.549,71.127,70.672,70.185,69.73,69.308,68.821,68.171,67.554,67.002,66.677,66.483,66.548,67.132,69.113,73.498,81.13,91.751,104.81,119.29,134.23,148.68,161.68,172.17,173.01,173.01,173.01,173.01,173.01,173.01,173.01,173.01,173.01,170.74,168.11,165.51,163.07,160.86,158.95,156.93,154.76,152.55,150.37,147.94,144.92,141.25,136.93,131.99,126.5,120.49,114.55,109,104.32,100.49,97.369,94.868,92.855,91.556,90.679,90.127,89.672,89.315,89.12,88.86,88.243,87.496,86.749,86.002,84.995,83.858,82.981,82.299,81.358,80.123,79.052,78.305,77.493,76.421,75.609,75.122,74.635,73.985,73.238,72.686,72.004,71.387,70.932,70.672,70.25,69.698,69.308,68.756,68.009,67.36,67.067,66.742,66.255,65.801,65.736,66.548,68.983,73.985,82.072,93.31,106.98,122.18,137.48,151.87,164.31,173.01,173.01,173.01,173.01,173.01,173.01,173.01,173.01,173.01,173.01,170.06,167.29,164.73,162.29,160.18,158.36,156.61,154.56,152.19,149.63,146.74,143.55,139.82,135.56,130.82,125.43,119.68,113.8,108.31,103.44,99.383,96.135,93.732,92.303,91.361,90.809,90.386,89.932,89.38,88.795,88.178,87.626,87.009,86.424,85.807,85.06,84.118,82.981,81.877,80.676,79.636,78.694,77.817,77.006,76.194,75.447,74.7,73.92,73.108,72.426,71.874,71.614,71.387,70.997,70.445,69.86,69.373,68.821,68.171,67.619,67.197,66.872,66.548,66.06,65.573,65.573,66.483,69.048,74.18,82.494,94.057,107.99,122.86,137.67,151.61,163.92,173.01,173.01,173.01,173.01,173.01,173.01,173.01,173.01,173.01,171.32,168.17,165.18,162.62,160.44,158.3,156.12,153.95,151.8,149.76,147.48,144.88,141.73,138.19,133.94,128.74,122.8,116.63,110.75,105.55,101.07,97.499,94.804,92.855,91.361,90.192,89.315,88.698,88.373,88.113,87.886,87.496,86.879,86.132,85.32,84.443,83.501,82.624,81.877,81.195,80.448,79.506,78.5,77.623,76.811,75.999,75.122,74.44,73.985,73.628,73.011,72.199,71.387,70.737,70.25,69.73,69.178,68.821,68.561,68.236,67.619,66.872,66.06,65.378,64.859,64.501,64.437,65.119,154.01,152,149.85,147.48,144.98,142.06,138.42,134,128.74,122.99,116.86,110.88,105.62,101.43,98.311,95.94,93.992,92.627,91.816,91.296,91.004,90.549,90.062,89.672,89.185,88.373,87.366,86.294,85.417,84.605,83.696,82.559,81.552,80.741,80.058,79.182,78.175,77.233,76.356,75.512,74.7,74.05,73.693,73.433,72.881,72.004,71.192,70.51,69.99,69.503,69.113,68.886,68.691,68.496,68.009,67.295,66.548,65.995,65.573,65.378,65.736,67.262,70.737,77.07,86.359,98.441,112.31,127.18,141.99,155.73,167.49,173.01,173.01,173.01,173.01,173.01,173.01,173.01,173.01,173.01,171.61,168.69,166.06,163.69,161.38,159.24,157.29,155.51,153.56,151.38,149.01,146.44,143.36,139.62,135.04,129.81,124,117.86,111.85,106.56,102.18,98.668,95.875,93.732,92.238,91.231,90.549,90.062,89.607,89.25,88.86,88.438,87.886,87.236,86.424,85.547,84.605,83.631,82.624,81.747,80.87,79.994,79.117,78.045,77.135,76.259,75.512,74.797,74.115,73.498,73.043,72.686,72.199,71.484,70.867,70.38,69.925,69.438,68.821,68.301,67.879,67.554,67.067,66.483,65.93,65.736,66.06,67.424,70.867,77.298,87.074,99.675,114,129.07,143.88,157.42,168.92,173.01,173.01,173.01,173.01,173.01,173.01,173.01,173.01,173.01,171.13,168.17,165.67,163.56,161.61,159.63,157.68,155.8,153.88,151.67,149.24,146.44,143.29,139.62,135.11,129.75,123.81,117.73,111.85,106.56,102.11,98.571,95.875,93.797,92.303,91.296,90.809,90.419,89.997,89.445,88.86,88.308,87.691,86.944,86.197,85.547,84.8,83.858,82.754,81.682,80.676,79.734,78.759,77.817,77.006,76.323,75.609,74.797,73.985,73.368,72.881,72.361,71.809,71.387,70.997,70.607,70.055,69.438,68.821,68.301,67.814,67.262,66.677,66.32,66.06,65.866,65.93,67.262,70.737,77.233,86.879,99.318,113.74,129.07,143.88,157.26,168.5,173.01,173.01,173.01,173.01,173.01,173.01,173.01,173.01,173.01,170.74,168.11,165.67,163.43,161.42,159.5,157.55,155.57,153.36,150.93,148.23,145.44,142.42,138.75,134.23,128.94,123.12,116.99,110.95,105.36,100.75,97.174,94.544,92.757,91.556,91.004,90.484,89.867,89.315,88.925,88.503,87.918,87.301,86.684,86.002,85.125,84.053,82.981,82.007,81,79.929,78.987,78.24,77.493,76.551,75.609,74.797,74.245,73.693,73.043,72.426,71.809,71.192,70.575,69.925,69.373,69.048,68.886,68.626,68.074,67.295,66.548,65.736,64.924,64.372,64.242,64.761,66.125,68.918,74.31,82.884,94.316,107.99,122.8,137.93,152.35,164.92,173.01,173.01,173.01,173.01,173.01,173.01,173.01,173.01,173.01,170.67,167.75,164.79,162.13,159.69,157.42,155.44,153.62,152,150.24,148,145.24,141.86,137.93,133.26,127.93,122.18,116.3,110.69,105.55,101.14,97.499,94.804,92.855,91.621,90.939,90.679,90.744,90.679,90.322,89.672,89.055,88.438,87.691,87.009,86.424,86.002,85.417,84.605,83.566,82.364,81.358,80.318,79.376,78.564,78.012,77.558,76.876,76.064,75.122,74.31,73.563,72.881,72.361,72.004,71.549,70.997,70.38,69.795,69.308,68.756,68.107,67.684,67.36,67.067,66.807,66.807,67.684,70.25,75.252,83.241,94.251,107.63,122.51,137.61,151.93,164.5,173.01,173.01,173.01,173.01,173.01,173.01,173.01,173.01,173.01,172.62,169.5,166.48,163.69,161.32,159.3,157.55,155.8,154.04,152.19,149.98,147.26,143.88,140.05,135.63,130.69,125.11,119.19,113.19,107.57,102.63,98.733,95.875,93.732,92.238,91.231,90.614,90.127,89.672,89.445,89.25,88.925,88.373,87.756,87.009,86.132,84.995,83.858,82.884,81.942,81,80.058,79.117,78.24,77.298,76.259,75.317,74.635,74.05,73.433,72.686,72.134,71.809,71.484,71.062,70.51,69.86,69.373,68.886,68.366,67.814,67.295,66.937,66.613,66.19,65.801,65.573,65.93,67.424,71.192,78.012,88.113,101.14,115.95,131.44,146.44,159.86,170.93,173.01,173.01,173.01,173.01,173.01,173.01,173.01,173.01,173.01,171.48,168.63,166.06,163.75,161.68,159.76,157.81,155.8,153.75,151.54,149.11,146.25,143,139.36,135.11,130.04,124.13,117.73,111.63,106.17,101.49,97.759,95.063,93.245,92.173,91.361,90.679,90.062,89.575,89.055,88.568,88.178,87.756,87.171,86.554,85.742,84.735,83.631,82.494,81.358,80.448,79.571,78.824,78.045,77.135,76.194,75.252,74.375,73.628,72.946,72.426,72.134,71.809,71.387,70.802,70.25,69.568,68.918,68.431,68.074,67.684,67.295,66.807,66.255,65.736,65.508,65.606,66.677,69.698,75.544,84.573,96.427,110.3,125.3,140.18,154.01,165.87,173.01,173.01,173.01,173.01,173.01,173.01,173.01,173.01,173.01,171.06,168.24,165.74,163.36,160.99,158.75,156.54,154.56,152.55,150.44,148.23,145.79,142.94,139.17,134.62,129.23,123.38,117.18,111.17,105.94,101.62,98.246,95.551,93.439,91.751,90.679,89.997,89.575,89.25,89.055,88.925,88.633,87.983,87.106,86.132,85.19,84.183,83.241,82.234,81.293,80.383,79.376,78.37,77.363,76.356,75.382,74.505,73.693,73.043,72.621,72.199,71.744,71.257,70.607,69.99,69.438,68.886,68.496,68.074,67.619,67.132,66.613,65.995,65.313,64.696,64.177,64.047,64.924,67.295,72.134,79.799,90.614,103.86,118.74,133.94,148.42,161.38,171.94,173.01,173.01,173.01,173.01,173.01,173.01,173.01,173.01,171.13,168.3,165.51,162.75,160.18,157.94,155.86,153.82,151.93,150.18,148.23,145.73,142.61,138.81,134.43,129.3,123.48,117.38,111.5,106.43,102.05,98.246,95.128,92.822,91.198,90.192,89.672,89.575,89.672,89.607,89.25,88.633,87.886,87.074,86.262,85.547,84.995,84.443,83.858,83.241,82.494,81.617,80.546,79.506,78.5,77.493,76.876,76.421,75.999,75.382,74.57,73.758,73.043,72.361,71.614,71.127,70.932,70.672,70.185,69.503,68.691,67.814,67.132,66.742,66.548,66.483,66.677,67.424,69.308,73.433,80.611,90.874,103.61,118.06,133.13,147.68,160.8,171.35,173.01,173.01,173.01,173.01,173.01,173.01,173.01,173.01,171.68,168.56,165.57,162.88,160.51,158.36,156.32,154.5,152.74,150.8,148.49,145.7,142.42,138.81,134.69,129.81,124.2,118.25,112.31,106.82,101.98,97.986,94.804,92.563,91.133,90.386,89.932,89.607,89.25,88.86,88.438,87.886,87.171,86.554,86.002,85.32,84.508,83.501,82.364,81.195,80.058,79.117,78.24,77.558,76.876,76.129,75.382,74.505,73.628,72.751,72.004,71.484,71.192,70.932,70.575,70.055,69.503,68.886,68.236,67.749,67.36,67.132,66.742,66.255,65.736,65.248,64.794,64.696,65.313,67.684,72.751,80.935,92.173,105.88,120.98,136.44,150.93,163.62,173.01,173.01,173.01,173.01,173.01,173.01,173.01,173.01,173.01,172.82,169.99,167.29,164.86,162.49,160.31,158.36,156.48,154.69,152.74,150.8,148.62,145.79,142.25,137.8,132.61,126.86,120.56,114.26,108.51,103.67,99.805,96.492,93.862,91.816,90.484,89.672,89.315,89.055,88.86,88.698,88.438,88.048,87.431,86.619,85.742,84.735,83.793,82.819,81.812,80.935,80.188,79.247,78.24,77.168,76.259,75.382,74.57,73.855,73.303,72.816,72.199,71.484,70.932,70.575,70.25,69.795,69.243,68.821,68.301,67.749,67.132,66.613,66.19,65.866,65.508,65.313,65.671,67.295,70.932,77.558,87.496,100.36,114.94,130.01,144.62,157.94,169.11,173.01,173.01,173.01,173.01,173.01,173.01,173.01,173.01,172.3,169.44,166.74,164.11,161.68,159.43,157.36,155.38,153.36,151.38,149.24,146.93,144.24,141.12,137.25,132.54,127.05,120.95,114.81,109.06,104.06,99.805,96.427,93.992,92.303,91.133,90.192,89.51,89.185,88.99,88.73,88.308,87.821,87.366,86.814,85.937,84.865,83.858,82.949,82.007,81,79.994,79.182,78.305,77.363,76.323,75.512,74.797,74.18,73.433,72.751,72.231,71.809,71.322,70.672,70.25,69.925,69.698,69.243,68.561,67.944,67.36,66.807,66.19,65.671,65.443,65.508,65.736,66.677,69.373,74.797,83.566,95.421,109.61,125.01,140.24,154.3,166.13,173.01,173.01,173.01,173.01,173.01,173.01,173.01,173.01,173.01,171,168.24,165.8,163.43,161.19,159.05,157.06,155.05,152.87,150.57,148.2,145.63,142.61,138.88,134.36,129.23,123.55,117.44,111.3,105.75,101.14,97.499,94.609,92.498,91.004,90.192,89.737,89.445,89.055,88.698,88.308,87.756,86.944,86.132,85.547,85.255,84.67,83.761,82.624,81.552,80.676,79.669,78.694,77.947,77.428,77.006,76.356,75.447,74.505,73.628,72.881,72.231,71.874,71.614,71.257,70.737,70.12,69.438,68.756,68.301,68.626,70.38,74.31,80.935,90.322,102.11,115.62,129.75,143.29,155.38,165.31,172.69,173.01,173.01,173.01,173.01,173.01,172.56,169.57,166.42,163.49,161.06,158.82,156.67,154.63,152.74,150.93,148.94,146.57,143.94,140.99,137.54,133.35,128.42,122.93,117.12,111.37,106.01,101.43,97.759,94.998,93.115,91.88,91.231,90.874,90.614,90.322,89.932,89.51,89.12,88.503,87.756,86.944,86.132,85.125,83.923,82.559,81.26,80.188,79.311,78.564,77.817,77.07,76.356,75.512,74.57,73.628,72.881,72.361,71.874,71.257,70.607,70.12,69.633,68.983,68.301,67.749,67.36,67.132,66.807,66.483,66.255,66.125,65.866,65.508,65.054,64.761,64.501,64.242,63.884,63.43,63.17,63.137,63.365,64.631,68.107,74.927,85.547,99.383,115.23,131.93,148.23,163.07,173.01,173.01,173.01,173.01,173.01,173.01,173.01,173.01,173.01,173.01,173.01,173.01,170.8,168.17,165.87,163.75,161.55,159.37,157.36,155.25,152.87,150.24,147.19,143.55,139.14,134.13,128.48,122.51,116.43,110.82,105.81,101.62,98.246,95.615,93.732,92.563,91.816,91.361,91.004,90.679,90.192,89.607,88.925,88.113,87.236,86.489,85.872,85.125,84.118,82.949,81.877,80.805,79.734,78.759,77.882,77.07,76.259,75.447,74.7,73.92,73.303,72.751,72.199,71.679,71.257,70.802,70.445,69.99,69.503,68.983,68.496,68.009,67.489,67.002,66.613,66.255,65.801,65.508,65.671,66.872,69.925,75.674,84.67,96.492,110.13,124.49,138.75,152,163.43,172.23,173.01,173.01,173.01,173.01,173.01,173.01,173.01,171.55,168.5,165.67,163.17,160.86,158.62,156.38,154.24,152.32,150.37,148.23,145.99,143.49,140.44,136.57,131.93,126.7,120.88,114.81,109,103.86,99.805,96.557,93.992,92.043,90.744,89.867,89.38,88.99,157.19,170.51,173.01,173.01,173.01,173.01,173.01,173.01,173.01,173.01,173.01,173.01,173.01,171.06,168.24,165.67,163.43,161.42,159.63,157.81,155.93,153.88,151.32,148.13,144.24,139.56,134,127.8,121.44,115.56,110.49,106.37,103.12,100.75,99.188,98.116,97.434,97.012,96.622,96.297,95.81,95.193,94.544,93.862,93.05,92.043,91.004,89.867,88.73,87.691,86.684,85.742,84.865,84.118,83.371,82.494,81.682,80.935,80.383,79.864,79.571,79.247,79.117,78.922,78.564,78.045,77.428,76.811,76.259,75.674,75.252,74.797,74.375,73.92,73.368,72.686,72.134,71.874,72.621,75.187,80.448,89.12,100.94,115.17,130.56,145.92,160.38,173.01,173.01,173.01,173.01,173.01,173.01,173.01,173.01,173.01,173.01,173.01,173.01,173.01,172.13,169.99,168.17,166.48,164.79,163.07,161.12,158.95,156.48,153.62,150.18,145.99,140.99,135.11,128.55,121.76,115.17,109.42,104.68,101.01,98.311,96.427,95.193,94.446,93.992,93.797,93.634,93.374,92.985,92.563,91.88,91.133,90.322,89.575,88.99,88.243,87.366,86.359,85.482,84.67,83.793,82.884,81.942,81.13,80.448,79.669,78.759,77.688,76.811,76.259,75.674,75.122,74.57,74.05,73.498,72.946,72.231,71.419,70.575,69.99,69.568,69.113,68.886,69.243,70.607,73.758,79.571,88.633,100.68,114.94,130.3,145.7,160.05,172.3,173.01,173.01,173.01,173.01,173.01,173.01,173.01,173.01,173.01,170.93,167.75,164.92,162.62,160.67,158.95,157.13,155.38,153.56,151.67,149.5,146.8,143.36,139.23,134.13,128.19,121.7,115.36,109.81,105.29,101.95,99.545,98.051,97.239,96.882,96.557,96.297,96.005,95.615,95.128,94.511,93.732,92.985,92.108,91.198,89.997,88.795,87.561,86.424,85.385,84.378,83.371,82.494,81.747,80.935,80.123,79.247,78.435,77.817,77.168,76.681,76.259,75.869,75.512,75.057,74.635,74.18,73.823,73.368,73.011,72.621,72.361,72.069,71.744,71.387,71.257,71.874,74.115,79.052,87.301,98.928,113.12,128.68,144.49,159.56,172.82,173.01,173.01,173.01,173.01,173.01,173.01,173.01,173.01,173.01,173.01,173.01,173.01,173.01,171.06,169.37,167.75,166.13,164.44,162.55,160.57,158.3,155.73,152.61,148.75,143.94,138.29,131.93,125.24,118.67,112.7,107.63,103.57,100.49,98.311,96.817,95.875,95.356,95.063,94.868,94.674,94.446,93.992,93.31,92.627,91.88,91.069,90.127,88.99,87.886,86.684,85.482,84.443,83.371,82.364,81.487,80.611,79.799,78.922,78.045,77.298,76.551,75.934,75.382,74.927,74.505,73.985,73.368,72.816,72.199,71.549,70.867,70.25,69.73,69.373,69.243,69.698,71.744,76.323,83.988,94.804,108.18,123.19,138.75,153.69,166.94,173.01,173.01,173.01,173.01,173.01,173.01,173.01,173.01,173.01,173.01,173.01,170.32,167.42,165.05,162.94,161.19,159.63,158.01,156.25,154.24,151.87,149.04,145.5,141.18,136.05,130.17,123.74,117.25,111.11,105.88,101.56,97.986,95.615,94.609,94.674,94.804,94.446,93.927,93.569,93.115,92.627,92.01,91.491,91.069,90.484,89.802,88.99,88.113,87.366,86.554,85.677,84.735,83.923,83.241,82.494,81.552,80.481,79.506,78.564,77.753,77.07,76.551,76.194,75.804,75.382,74.732,73.985,73.303,72.556,71.874,71.257,70.867,70.802,70.737,70.575,70.672,72.134,75.999,83.176,93.569,106.76,121.86,137.93,153.62,167.75,173.01,173.01,173.01,173.01,173.01,173.01,173.01,173.01,173.01,173.01,173.01,172.23,169.57,167.2,164.92,162.94,160.99,159.11,157.19,154.99,152.35,149.11,145.18,140.31,134.43,127.87,121.11,114.94,109.74,105.75,102.79,100.94,99.805,99.188,98.798,98.636,98.571,98.311,97.856,97.304,96.622,95.81,94.804,93.634,92.368,91.198,89.997,88.795,87.756,86.814,85.937,85.06,84.053,82.884,81.747,80.611,79.636,78.857,78.37,78.11,77.882,77.493,77.07,76.551,76.194,75.934,75.804,75.869,75.934,75.869,75.609,75.317,75.057,74.732,74.505,74.375,74.862,76.746,80.87,88.243,98.928,112.44,127.67,143.49,158.88,172.75,173.01,173.01,173.01,173.01,173.01,173.01,173.01,173.01,173.01,173.01,173.01,173.01,173.01,173.01,173.01,172.49,170.74,168.98,167.07,164.92,162.62,159.92,156.8,152.94,148.23,142.68,136.44,129.68,123.06,116.99,111.76,107.37,103.99,101.62,100.06,98.993,98.311,97.759,97.304,96.817,96.297,95.81,95.258,94.511,93.634,92.563,91.296,89.932,88.503,87.171,86.132,85.417,84.605,83.566,82.234,81.13,80.448,80.188,79.864,79.182,78.305,77.428,76.746,76.194,75.674,75.122,74.505,73.855,73.433,73.043,72.491,71.809,71.062,70.575,70.055,69.73,70.25,73.433,80.805,91.88,105.07,119.75,135.92,152.42,167.23,173.01,173.01,173.01,173.01,173.01,173.01,173.01,173.01,173.01,173.01,173.01,173.01,172.56,170.12,167.88,166,164.11,162.13,160.18,158.43,156.74,154.43,151.12,146.93,142.06,136.31,129.68,123.06,116.99,111.5,106.11,101.14,97.629,95.94,95.258,94.739,94.251,94.121,94.544,94.998,94.804,94.316,93.862,92.985,91.133,89.445,89.12,89.802,89.867,88.243,85.19,82.819,82.624,83.306,82.949,81.552,80.383,79.734,79.376,79.117,78.759,78.11,77.233,76.356,75.674,75.122,74.635,73.855,72.686,71.322,70.38,70.185,69.86,69.113,68.756,69.568,71.322,74.18,78.987,86.359,96.947,111.11,127.8,144.88,160.86,173.01,173.01,173.01,173.01,173.01,173.01,173.01,173.01,173.01,173.01,173.01,173.01,171.48,168.76,166.39,164.57,163.3,162.2,160.73,159.18,157.75,155.86,152.48,147.55,141.93,136.31,130.24,123.61,117.12,111.63,107.24,103.67,101.17,99.74,98.993,98.311,97.759,97.499,97.694,98.246,98.571,98.181,97.109,95.615,94.057,92.433,90.809,89.445,88.243,86.944,85.547,84.313,83.306,82.689,82.429,82.689,83.241,83.371,82.234,80.188,78.012,76.194,75.057,74.732,75.122,75.999,76.616,76.811,76.421,75.674,74.44,72.946,71.679,70.867,70.38,70.055,70.315,72.004,76.194,83.793,94.739,108.38,124.07,140.7,157,171.68,173.01,173.01,173.01,173.01,173.01,173.01,173.01,173.01,173.01,173.01,173.01,173.01,173.01,173.01,172.13,170.51,168.85,167.2,165.25,163.17,160.8,158.14,155.12,151.61,147.48,142.42,136.51,129.88,122.99,116.5,110.75,106.17,102.92,100.88,99.74,99.058,98.571,97.921,97.304,96.947,96.882,96.687,95.875,94.933,94.446,94.057,93.115,91.621,90.192,89.12,88.048,86.489,84.865,83.858,83.371,82.559,81.195,79.929,79.506,79.441,79.247,78.564,77.753,77.135,76.681,76.194,75.544,74.992,74.57,74.05,73.498,72.816,72.004,71.387,70.997,71.419,73.238,77.428,84.865,95.745,109.39,124.75,140.63,155.99,169.8,173.01,173.01,173.01,173.01,173.01,173.01,173.01,173.01,173.01,173.01,173.01,173.01,173.01,172.17,170.74,169.37,167.94,166.32,164.44,162.29,159.79,156.8,153.36,149.3,144.43,138.68,132.19,125.3,118.8,113.06,108.38,104.81,102.18,100.36,99.058,98.116,97.434,96.882,96.233,95.486,94.933,94.511,93.927,93.245,92.498,91.621,90.679,89.672,88.633,87.756,86.944,86.262,85.482,84.605,83.761,82.819,81.812,80.741,79.734,78.922,78.045,77.233,76.551,76.064,75.544,74.992,74.44,73.758,73.011,72.134,71.387,70.997,71.127,71.257,71.127,71.062,72.069,75.122,81.13,90.549,103.18,117.93,133.61,149.17,163.88,173.01,173.01,173.01,173.01,173.01,173.01,173.01,173.01,173.01,173.01,173.01,173.01,172.56,170.54,168.85,167.29,165.8,164.31,162.75,160.93,158.88,156.48,153.43,149.5,144.56,138.75,132.25,125.43,119,113.61,109.26,105.81,103.31,101.82,100.88,100.26,99.545,98.928,98.506,98.051,97.434,96.557,95.615,94.609,93.634,92.627,91.556,90.549,89.737,88.795,87.821,86.619,85.482,84.443,83.566,82.754,82.072,81.487,81.065,80.383,79.247,78.11,77.363,76.941,76.486,76.064,75.609,75.122,74.505,73.823,73.108,72.556,72.231,72.069,72.004,71.939,72.361,74.31,78.824,86.489,97.629,111.69,127.67,144.24,160.05,173.01,173.01,173.01,173.01,173.01,173.01,173.01,173.01,173.01,173.01,173.01,173.01,173.01,173.01,173.01,171.87,170.54,169.31,167.94,166.42,164.63,162.29,159.56,156.38,152.55,147.81,141.93,135.37,128.42,121.63,115.56,110.56,106.63,103.73,101.62,100.29,99.61,99.253,98.928,98.571,98.181,97.824,97.304,96.752,96.07,95.356,94.446,93.245,91.88,90.484,88.99,87.626,86.489,85.547,84.573,83.566,82.494,81.423,80.383,79.376,78.629,78.012,77.428,76.941,76.421,75.999,75.382,74.7,74.05,73.563,73.043,72.621,72.134,71.614,70.802,70.055,69.99,71.549,75.544,82.819,93.569,107.24,122.57,138.49,154.24,168.69,173.01,173.01,173.01,173.01,173.01,173.01,173.01,173.01,173.01,173.01,173.01,173.01,173.01,170.93,169.05,167.42,166,164.57,163.01,161.32,159.24,156.74,153.49,149.24,144.24,138.49,132.06,125.37,118.8,112.93,107.99,104.19,101.36,99.188,97.759,96.947,96.492,96.362,96.297,96.233,95.94,95.421,94.804,94.251,93.569,92.855,92.173,91.556,90.809,89.932,88.99,88.048,87.074,86.002,84.995,84.053,83.176,82.234,81.26,80.318,79.506,78.759,78.11,77.623,77.168,76.616,75.999,75.317,74.635,74.05,73.498,73.011,72.621,72.426,72.556,73.173,75.122,79.441,86.944,97.759,111.43,126.99,143.29,158.95,172.82,173.01,173.01,173.01,173.01,173.01,173.01,173.01,173.01,173.01,173.01,173.01,173.01,171.68,169.8,168.24,166.87,165.44,163.88,162.13,160.12,157.75,154.86,151.32,146.87,141.44,135.17,128.42,121.7,115.36,110.07,105.88,102.79,100.68,99.383,98.636,98.246,97.921,97.564,97.239,96.882,96.492,95.94,95.193,94.251,93.374,92.498,91.491,90.386,89.12,87.886,86.749,85.612,84.605,83.696,82.689,81.682,80.676,79.734,78.857,78.11,77.558,77.07,76.551,75.999,75.317,74.57,73.92,73.368,72.881,72.426,72.004,71.484,70.932,70.315,69.86,69.86,70.51,72.621,77.298,85.385,96.882,111.17,127.12,143.49,159.18,173.01,173.01,173.01,173.01,173.01,173.01,173.01,173.01,173.01,173.01,173.01,173.01,173.01,173.01,172.56,170.87,169.31,167.75,166.26,164.57,162.68,160.44,157.81,154.56,150.63,145.79,139.95,133.19,126.18,119.42,113.38,108.18,104.19,101.3,99.253,97.759,96.752,96.135,95.81,95.68,95.551,95.323,94.998,94.544,93.927,93.18,92.433,91.621,90.744,89.802,88.925,88.048,87.106,86.197,85.255,84.378,83.436,82.299,81.26,80.383,79.571,78.824,78.24,77.817,77.493,77.07,76.323,75.512,74.7,73.855,73.108,72.686,72.426,72.231,72.134,72.069,72.621,74.375,78.305,85.255,95.486,108.8,124.13,140.05,155.63,169.8,173.01,173.01,173.01,173.01,173.01,173.01,173.01,173.01,173.01,173.01,173.01,171.94,169.18,166.87,164.86,163.07,161.32,159.63,157.88,155.8,153.43,150.63,147.13,142.68,137.12,130.69,123.87,117.31,111.69,107.18,103.8,101.36,99.74,98.733,98.181,97.921,97.856,97.824,97.564,97.174,96.687,95.94,95.063,94.121,93.18,92.238,91.198,90.062,88.795,87.431,86.132,85.06,84.118,83.306,82.559,81.747,80.805,79.994,79.311,78.759,78.305,77.947,77.688,77.298,76.811,76.259,75.544,74.927,74.505,74.18,73.92,73.628,73.173,72.751,72.491,72.686,73.758,76.681,82.429,91.816,104.48,119.62,135.99,152.55,167.88,173.01,173.01,173.01,173.01,173.01,173.01,173.01,173.01,173.01,173.01,173.01,173.01,173.01,173.01,173.01,172.36,170.87,169.31,167.62,165.87,164.05,161.87,159.18,155.73,151.51,146.31,140.31,133.74,126.86,120.14,114,108.8,104.61,101.56,99.383,97.986,97.174,96.687,96.362,96.233,96.07,95.745,95.128,94.316,93.374,92.498,91.556,90.679,89.802,88.795,87.691,86.554,85.417,84.248,83.046,81.942,81,80.123,79.441,78.824,78.37,77.817,77.168,76.356,75.544,74.797,74.115,73.498,72.946,72.491,72.069,71.419,70.575,69.698,69.048,68.821,69.568,72.134,77.363,85.547,96.687,110.36,125.76,141.6,156.8,170.25,173.01,173.01,173.01,173.01,173.01,173.01,173.01,173.01,173.01,173.01,173.01,170.93,168.37,166.19,164.37,162.88,161.61,160.51,159.18,157.29,154.92,152,148.36,143.81,138.26,131.99,125.3,118.61,112.5,107.31,103.25,100.19,97.856,96.233,95.356,95.193,95.258,95.193,94.998,94.804,94.446,93.634,92.627,91.751,90.939,90.127,89.38,88.795,88.243,87.496,86.684,85.872,84.865,83.761,82.754,81.877,80.935,80.058,79.376,78.694,78.045,77.363,76.551,75.869,75.252,74.635,73.92,73.433,72.946,72.556,72.231,71.874,71.484,71.127,71.127,71.939,74.505,79.864,88.795,101.07,116.01,132.38,148.88,164.37,173.01,173.01,173.01,173.01,173.01,173.01,173.01,173.01,173.01,173.01,173.01,173.01,173.01,171.61,169.7,168.04,166.68,165.57,164.31,162.55,160.31,157.55,154.3,150.37,145.63,139.98,133.48,126.5,119.62,113.38,108.18,104.19,101.23,99.383,98.246,97.694,97.434,97.174,96.882,96.297,95.68,94.998,94.251,93.504,92.822,91.945,90.809,89.51,88.373,87.236,85.937,84.573,83.371,82.299,81.358,80.611,80.058,79.506,78.922,78.24,77.493,76.811,76.129,75.544,75.122,74.732,74.375,73.92,73.498,72.946,72.361,71.679,70.997,70.315,69.795,69.633,69.99,71.679,75.609,82.819,93.439,107.05,122.6,138.94,154.92,169.44,173.01,173.01,173.01,173.01,173.01,173.01,173.01,173.01,173.01,173.01,173.01,173.01,173.01,171.61,169.86,168.3,166.94,165.57,163.98,162.26,160.18,157.68,154.69,150.93,146.38,140.92,134.88,128.32,121.44,114.62,108.74,104.38,101.36,99.48,98.181,97.434,97.012,96.687,96.233,95.745,95.356,94.998,94.446,93.634,92.757,92.01,91.133,90.192,89.12,87.918,86.619,85.417,84.248,83.176,82.17,81.195,80.383,79.636,78.857,78.24,77.688,77.07,76.356,75.739,75.317,74.862,74.375,73.855,73.303,72.751,72.231,71.679,70.997,70.25,69.795,70.38,72.491,76.876,84.248,94.933,108.44,123.94,140.5,156.61,170.93,173.01,173.01,173.01,173.01,173.01,173.01,173.01,173.01,173.01,173.01,173.01,173.01,171.81,169.73,168.11,167,166,164.63,162.75,160.6,158.3,155.63,152.26,148.07,143.13,137.19,130.63,123.87,117.31,111.43,106.43,102.63,99.805,97.986,96.882,96.168,95.745,95.551,95.551,95.421,94.998,94.316,93.699,93.05,92.368,91.621,90.744,89.607,88.373,87.009,85.807,84.8,84.053,83.436,82.949,82.364,81.747,80.805,79.734,78.759,78.012,77.493,76.941,76.259,75.544,75.187,74.732,74.115,73.433,72.881,72.426,71.874,71.192,70.607,70.38,70.737,72.361,76.323,83.501,94.057,107.57,123.12,139.56,155.8,170.8,173.01,173.01,173.01,173.01,173.01,173.01,173.01,173.01,173.01,173.01,173.01,173.01,171.68,169.8,167.55,165.31,163.43,161.74,159.92,157.94,155.63,152.74,149.04,144.17,138.26,131.63,124.88,118.45,112.73,108.05,104.38,101.69,100.06,99.058,98.441,97.986,97.694,97.564,97.369,97.239,96.882,96.005,94.609,93.245,92.01,90.809,89.607,88.503,87.626,86.619,85.385,84.053,82.819,81.747,80.935,80.448,79.994,79.571,79.117,78.629,78.045,77.428,76.811,76.356,75.869,75.317,74.57,73.855,73.303,72.816,72.361,71.939,71.549,71.127,70.737,70.672,71.679,74.732,80.805,90.549,103.57,119,135.69,152.35,167.75,173.01,173.01,173.01,173.01,173.01,173.01,173.01,173.01,173.01,173.01,173.01,173.01,173.01,173.01,173.01,171.55,170.25,168.76,167.13,165.12,162.88,160.18,157.13,153.49,149.24,144.11,138.13,131.44,124.42,117.67,111.82,106.98,103.44,101.07,99.545,98.733,98.311,97.986,97.694,97.174,96.492,95.745,95.193,94.674,94.057,93.31,92.498,91.621,90.614,89.445,87.918,86.294,84.735,83.696,82.949,82.364,81.942,81.26,80.383,79.376,78.629,78.175,77.882,77.168,76.323,75.934,76.129,76.129,75.317,74.245,73.238,72.296,71.387,70.607,70.445,70.997,72.946,77.006,83.858,93.797,106.89,122.51,139.23,155.51,169.93,173.01,173.01,173.01,173.01,173.01,173.01,173.01,173.01,173.01,173.01,173.01,173.01,173.01,172.43,170.8,168.98,167.42,166.32,165.31,163.69,161.19,158.07,154.3,150.11,145.5,140.05,133.61,126.63,119.68,113.25,107.73,103.51,100.49,98.441,97.044,96.168,95.551,94.998,94.544,94.316,94.057,93.634,92.985,92.433,91.686,90.874,89.932,88.795,87.496,86.132,85.06,84.183,83.241,82.007,80.935,80.383,80.318,80.123,79.571,78.694,77.688,76.811,76.064,75.512,75.122,74.732,74.245,73.563,72.946,72.491,72.069,71.419,70.867,70.607,70.737,71.484,73.368,77.558,84.995,95.745,109.39,125.01,141.6,157.88,172.23,173.01,173.01,173.01,173.01,173.01,173.01,173.01,173.01,173.01,173.01,173.01,173.01,172.36,170.44,168.63,167.13,165.87,164.63,163.1,161.12,158.56,155.67,152.55,148.62,143.42,137.12,130.43,123.68,117.18,111.43,106.92,103.51,100.81,98.798,97.499,96.882,96.752,97.109,97.564,97.759,97.564,97.044,96.427,95.68,94.804,93.732,92.433,91.069,89.867,88.73,87.626,86.359,85.125,83.988,83.046,82.429,81.877,81.358,80.611,79.799,79.052,78.37,77.947,77.817,77.753,77.363,76.486,75.447,74.505,73.693,72.881,72.004,71.322,70.867,70.575,70.997,73.173,78.435,87.301,99.545,114.42,130.82,147.39,162.94,173.01,173.01,173.01,173.01,173.01,173.01,173.01,173.01,173.01,173.01,173.01,173.01,173.01,173.01,172.13,170.74,169.7,168.56,167.36,166,164.24,161.94,158.88,155.12,150.7,145.05,138.26,130.76,123.55,117.25,111.56,106.3,101.98,99.318,97.856,97.044,96.492,96.135,95.81,95.551,95.356,95.258,94.998,94.739,94.186,93.374,92.433,91.426,90.386,89.12,87.691,86.359,85.32,84.508,83.696,82.689,81.423,80.318,79.506,79.052,78.694,78.11,77.363,76.616,76.064,75.739,75.512,75.187,74.732,74.18,73.498,72.751,72.069,71.322,70.607,70.445,71.484,74.57,80.481,89.867,102.7,117.93,134.43,150.99,166.48,173.01,173.01,173.01,173.01,173.01,173.01,173.01,173.01,173.01,173.01,173.01,173.01,173.01,173.01,173.01,171.26,169.5,167.94,166.32,164.5,162.13,159.24,155.99,152.32,148,142.81,136.8,130.17,123.48,117.18,111.69,107.05,103.44,100.81,99.058,97.921,97.304,97.012,96.817,96.752,96.687,96.362,95.745,94.868,93.862,92.822,91.816,90.809,89.737,88.633,87.366,86.197,84.995,83.793,82.624,81.682,81,80.448,79.799,78.922,78.175,77.493,77.006,76.486,76.064,75.512,74.862,74.18,73.433,72.751,72.134,71.614,71.257,70.932,70.607,70.802,72.199,75.804,82.494,92.757,106.07,121.5,137.87,153.95,168.5,173.01,173.01,173.01,173.01,173.01,173.01,173.01,173.01,173.01,173.01,173.01,173.01,173.01,171.61,169.8,168.24,166.87,165.51,163.92,162.07,159.92,157.49,154.43,150.5,145.5,139.62,133,125.98,119.19,113.06,107.99,104.12,101.23,99.318,97.986,97.174,96.817,96.557,96.297,96.005,95.615,95.193,94.544,93.797,92.985,92.043,91.198,90.386,89.575,88.73,87.886,86.944,86.002,85.06,84.118,83.241,82.364,81.552,80.805,80.123,79.441,78.629,77.688,76.811,76.323,75.934,75.609,75.122,74.44,73.758,73.043,72.426,71.874,71.549,71.387,71.744,73.563,77.817,85.32,96.135,109.81,125.56,142.32,158.69,173.01,173.01,173.01,173.01,173.01,173.01,173.01,173.01,173.01,173.01,173.01,173.01,173.01,173.01,171.74,170.19,168.82,167.36,165.74,163.75,161.38,158.69,155.57,151.74,147.19,141.6,135.3,128.42,121.57,115.36,110.3,106.43,103.67,101.75,100.42,99.48,98.993,98.668,98.441,98.051,97.564,97.012,96.362,95.615,94.609,93.504,92.303,91.133,90.127,89.185,88.243,87.106,85.872,84.67,83.631,82.559,81.617,80.935,80.318,79.669,79.052,78.37,77.688,77.07,76.681,76.323,75.739,74.862,73.92,73.563,74.05,74.375,73.693,72.491,71.614,71.127,70.932,71.679,74.245,79.506,88.178,100.49,115.56,132.19,149.01,164.73,173.01,173.01,173.01,173.01,173.01,173.01,173.01,173.01,173.01,173.01,173.01,173.01,173.01,173.01,173.01,173.01,172.23,171,169.73,168.3,166.55,164.37,161.74,158.36,154.04,148.68,142.12,135.17,128.74,122.8,116.69,110.62,105.88,102.79,100.94,99.74,99.058,98.668,98.506,98.311,98.116,97.759,97.174,96.492,95.68,94.868,93.927,92.855,91.751,90.549,89.315,88.048,86.879,85.742,84.67,83.696,82.819,81.942,81.195,80.481,79.864,79.376,78.922,78.435,77.947,77.363,76.811,76.129,75.512,75.122,74.927,74.375,73.563,72.686,72.069,71.809,72.199,73.985,78.435,86.197,97.499,111.82,128,144.88,160.99,173.01,173.01,173.01,173.01,173.01,173.01,173.01,173.01,173.01,173.01,173.01,173.01,173.01,173.01,173.01,172.23,170.93,169.7,168.37,166.94,165.18,163.01,160.38,157,152.81,147.39,140.92,134.36,128.55,122.6,115.88,109.48,104.94,102.11,100.29,98.993,98.181,97.824,97.694,97.694,97.499,97.174,96.687,96.07,95.258,94.381,93.374,92.303,91.231,90.127,88.99,87.821,86.619,85.417,84.378,83.436,82.559,81.682,80.935,80.253,79.636,79.052,78.5,77.882,77.298,76.811,76.356,75.869,75.187,74.44,73.693,73.043,72.556,72.069,71.614,71.387,71.614,73.011,76.551,83.241,93.504,106.92,122.44,138.81,154.92,169.63,173.01,173.01,173.01,173.01,173.01,173.01,173.01,173.01,173.01,173.01,173.01,173.01,173.01,173.01,171.94,170.44,169.11,167.75,166.26,164.44,162.2,159.37,156.06,152.13,147.32,141.67,135.17,128.19,121.11,114.75,109.42,105.36,102.5,100.62,99.545,99.058,98.798,98.668,98.571,98.311,97.986,97.499,96.882,96.168,95.323,94.446,93.374,92.368,91.296,90.257,89.185,88.048,86.944,86.002,85.385,84.8,83.923,82.949,82.007,81.293,80.611,79.864,79.117,78.5,78.012,77.558,77.135,76.551,75.934,75.317,74.797,74.505,74.375,74.05,73.693,73.498,74.375,77.168,83.046,92.498,105.36,120.75,137.45,153.95,169.05,173.01,173.01,173.01,173.01,173.01,173.01,173.01,173.01,173.01,173.01,173.01,173.01,173.01,173.01,173.01,172.69,171.35,169.99,168.43,166.68,164.57,162,158.88,155.05,150.44,144.88,138.36,131.24,123.87,116.99,111.01,106.37,102.99,100.81,99.48,98.798,98.506,98.441,98.311,97.856,97.109,96.622,96.882,97.174,96.427,94.804,93.245,92.043,91.004,89.932,88.795,87.756,86.684,85.612,84.605,83.761,82.884,82.072,81.358,80.676,79.994,79.247,78.305,77.493,77.298,77.493,77.233,76.323,75.057,74.245,73.823,73.368,72.881,72.426,72.069,71.874,72.134,73.628,77.363,84.248,94.674,108.25,124,140.63,156.87,171.48,173.01,173.01,173.01,173.01,173.01,173.01,173.01,173.01,173.01,173.01,173.01,173.01,173.01,172.3,170.54,170.12,170.12,169.05,166.81,164.44,162.13,159.37,155.73,151.67,147.61,142.74,135.99,127.8,119.94,114.06,109.94,106.37,102.86,100.13,98.733,98.376,98.376,98.116,97.694,97.109,96.622,96.07,95.356,94.609,93.797,92.92,92.043,91.133,89.997,88.73,87.431,86.132,84.93,83.858,82.819,81.877,81.065,80.318,79.636,78.987,78.435,77.947,77.363,76.876,76.323,75.739,75.187,74.7,74.05,73.433,72.816,72.199,71.614,71.192,70.867,70.802,71.257,73.043,77.363,84.995,96.135,110.2,126.18,142.87,158.95,173.01,173.01,173.01,173.01,173.01,173.01,173.01,173.01,173.01,173.01,173.01,173.01,173.01,173.01,171.87,170.25,168.76,167.2,165.74,164.31,162.55,160.18,157.49,154.37,150.44,145.57,139.95,133.42,126.5,119.62,113.51,108.44,104.19,100.75,98.181,97.109,97.434,97.759,97.109,96.362,96.07,95.745,94.933,93.992,93.115,92.173,90.614,88.633,87.561,88.308,88.925,87.626,85.32,83.631,82.754,82.007,81.065,80.188,79.506,78.824,78.045,77.363,76.811,76.194,75.512,74.732,73.563,72.134,72.069,73.758,74.797,73.498,71.322,70.38,70.315,70.12,70.055,70.867,73.563,79.052,88.048,100.36,115.36,131.73,148.13,163.36,173.01,173.01,173.01,173.01,173.01,173.01,173.01,173.01,173.01,173.01,173.01,173.01,173.01,170.93,167.75,165.38,165.51,166.81,165.87,162.36,158.95,156.61,154.17,150.63,146.05,140.7,134.62,127.87,120.95,114.42,108.87,104.38,100.94,98.571,97.012,96.07,95.551,95.356,95.193,94.998,94.674,94.251,93.634,92.563,91.231,90.386,90.419,90.386,89.185,87.366,85.807,84.67,83.793,82.981,82.007,81,80.253,79.799,79.636,79.182,78.629,77.882,77.168,76.616,76.129,75.674,75.317,75.122,75.122,74.732,73.628,72.199,71.127,70.672,70.38,69.925,69.73,70.25,72.426,77.817,87.366,100.42,115.36,130.69,145.44,158.95,170.8,173.01,173.01,173.01,173.01,173.01,173.01,173.01,173.01,173.01,173.01,173.01,173.01,172,170.87,169.31,167.55,165.87,164.24,162.55,160.73,158.36,155.18,150.86,145.24,138.62,131.5,123.94,115.95,108.31,102.76,100.19,99.448,98.636,97.239,96.233,96.297,97.174,97.759,97.499,96.752,96.07,95.615,94.933,93.992,92.855,91.88,90.939,89.445,86.879,83.566,80.676,79.441,80.058,81.065,81.195,80.318,79.182,78.5,78.37,78.175,77.558,76.681,75.869,75.317,74.797,74.31,73.823,73.303,72.751,72.199,71.549,70.997,70.51,69.99,69.633,69.795,70.997,74.18,80.383,90.062,103.05,118.48,135.01,151.32,166.26,173.01,173.01,173.01,173.01,173.01,173.01,173.01,173.01,173.01,173.01,173.01,173.01,173.01,171.94,170.06,168.43,166.87,165.38,163.69,161.87,159.76,157.19,154.17,150.5,146.05,140.79,134.82,128.39,121.7,115.23,109.55,104.87,101.3,98.798,97.174,96.233,95.615,95.258,94.998,94.674,94.381,93.927,93.374,92.692,91.88,90.939,89.997,88.99,87.886,86.684,85.482,84.378,83.241,82.234,81.26,80.383,79.571,78.824,78.045,77.493,76.941,76.356,75.804,75.317,74.797,74.245,73.693,73.108,72.556,72.069,71.484,70.997,70.445,69.99,69.568,69.373,69.698,71.322,75.252,82.364,93.18,106.98,122.86,139.36,155.44,169.86,173.01,173.01,173.01,173.01,173.01,173.01,173.01,173.01,173.01,173.01,173.01,173.01,172.88,170.74,168.92,167.29,165.74,164.24,162.62,160.73,158.56,155.8,152.48,148.49,143.75,138.06,131.73,125.01,118.38,112.31,107.11,103.05,100.06,98.051,96.752,96.005,95.615,95.356,95.128,94.804,94.381,93.862,93.245,92.498,91.556,90.549,89.445,88.308,87.171,86.067,84.93,83.858,82.819,81.747,80.805,79.864,78.987,78.175,77.428,76.681,75.999,75.382,74.797,74.31,73.823,73.238,72.686,72.199,71.809,71.387,70.802,70.185,69.633,69.113,68.691,68.496,68.918,70.607,74.732,82.17,93.115,106.98,122.67,139.14,154.92,168.98,173.01,173.01,173.01,173.01,173.01,173.01,173.01,173.01,173.01,173.01,173.01,173.01,170.44,168.17,166.32,164.57,163.01,161.38,159.76,157.88,155.67,153,149.69,145.63,140.76,135.04,128.68,121.79,115.17,109.32,104.61,101.01,98.311,96.492,95.356,94.739,94.446,94.186,93.862,93.504,93.05,92.627,92.043,91.426,90.744,89.997,89.185,88.373,87.561,86.814,86.132,85.417,84.67,83.696,82.819,82.429,82.624,83.923,87.009,92.303,99.805,108.67,118.38,128.26,137.74,145.79,151.8,155.38,156.61,155.63,152.81,148.55,143.13,137.12,130.98,124.81,118.45,112.05,105.81,99.805,93.992,88.86,84.93,82.234,80.611,79.864,79.669,80.123,81.065,82.234,83.436,84.443,85.125,85.482,85.742,85.677,85.32,84.735,83.988,83.176,82.364,81.423,80.448,79.376,78.24,77.135,76.194,75.382,74.57,73.628,72.621,71.679,70.867,70.185,69.568,69.048,68.626,68.171,67.814,67.489,67.262,67.002,66.613,66.32,65.93,65.671,65.443,65.184,64.989,64.794,64.501,64.177,63.949,63.625,63.365,63.072,62.813,62.553,62.26,61.936,61.611,61.319,61.124,60.994,60.799,60.637,60.442,60.182,59.987,59.825,59.63,59.565,59.5,59.37,59.175,59.013,58.818,58.623,58.363,58.136,57.876,57.746,58.006,59.435,63.495,71.679,84.735,101.98,121.5,141.38,160.05,173.01,173.01,173.01,173.01,173.01,173.01,173.01,173.01,173.01,173.01,173.01,173.01,173.01,173.01,172,169.31,166.94,164.79,162.81,160.6,158.23,155.63,152.61,149.17,145.31,140.79,135.56,129.56,122.99,116.56,110.69,105.68,101.82,98.928,96.882,95.421,94.511,93.927,93.504,93.115,92.757,92.368,91.88,91.296,90.549,89.672,88.73,87.756,86.749,85.742,84.605,83.436,82.17,81,79.929,78.987,78.175,77.363,76.486,75.674,74.927,74.31,73.823,73.303,72.816,72.231,71.679,70.997,70.51,70.25,70.055,69.795,69.373,68.886,68.366,67.879,67.424,67.067,66.742,66.483,66.677,68.107,71.744,78.37,88.178,100.75,115.07,130.01,144.56,157.81,168.85,173.01,173.01,173.01,173.01,173.01,173.01,173.01,173.01,171.06,167.88,164.73,161.94,159.5,157.26,155.25,153.3,151.38,149.24,147.06,144.62,141.8,138.36,134.17,129.2,123.55,117.51,111.5,106.01,101.3,97.434,94.446,92.238,90.809,90.127,89.802,89.607,89.445,89.185,88.86,88.503,87.983,87.366,86.619,85.742,84.8,83.858,82.981,82.007,80.935,79.864,78.857,78.012,77.135,76.259,75.447,74.732,74.05,73.433,72.816,72.231,71.679,71.192,70.672,70.185,69.633,69.113,68.626,68.074,67.424,66.807,66.255,65.671,65.184,64.761,64.761,65.508,67.879,72.816,81.26,93.18,107.73,123.55,139.43,154.43,167.55,173.01,173.01,173.01,173.01,173.01,173.01,173.01,173.01,173.01,172.62,169.31,166.26,163.43,160.8,158.56,156.61,154.69,152.81,150.8,148.62,146.12,143.13,139.49,135.11,130.01,124.07,117.67,111.43,105.88,101.23,97.694,95.063,93.31,92.238,91.686,91.361,91.198,91.004,90.874,90.679,90.386,89.932,89.38,88.73,87.918,87.074,86.262,85.385,84.508,83.566,82.624,81.747,80.87,80.058,79.182,78.37,77.623,76.876,76.194,75.544,74.992,74.44,73.823,73.108,72.426,71.874,71.387,70.997,70.607,70.25,69.795,69.308,68.821,68.366,68.009,68.009,68.691,70.737,75.252,82.949,93.927,107.7,122.93,138.49,153.17,166.06,173.01,173.01,173.01,173.01,173.01,173.01,173.01,173.01,173.01,173.01,171.19,168.24,165.51,163.1,160.99,159.11,157.29,155.44,153.43,151.25,148.81,145.92,142.48,138.36,133.32,127.44,121.05,114.75,109,104.12,100.36,97.564,95.486,94.121,93.245,92.757,92.563,92.433,92.303,92.043,91.556,90.874,90.127,89.315,88.438,87.496,86.489,85.417,84.313,83.176,82.137,81.13,80.188,79.247,78.37,77.428,76.616,75.934,75.382,74.862,74.44,73.855,73.303,72.881,72.361,71.939,71.549,71.192,70.737,70.25,69.698,69.048,68.431,67.879,67.554,67.554,68.009,69.568,73.238,80.188,90.744,104.38,120.01,136.25,151.87,165.8,173.01,173.01,173.01,173.01,173.01,173.01,173.01,173.01,173.01,173.01,173.01,173.01,170.93,168.69,166.61,164.79,163.3,161.87,160.25,158.36,156.25,153.49,150.18,146.25,141.73,136.31,130.04,123.42,116.99,111.11,106.07,102.18,99.318,97.174,95.745,94.868,94.511,94.251,94.057,93.992,93.634,93.05,92.498,91.945,91.069,89.932,88.86,87.918,86.814,85.612,84.605,83.761,82.819,81.682,80.546,79.571,78.759,78.045,77.363,76.681,75.999,75.317,74.732,74.245,73.855,73.498,73.108,72.686,72.231,71.809,71.322,70.802,70.25,69.795,69.373,69.178,69.438,70.802,74.245,80.611,90.386,103.25,118.06,133.68,148.94,162.88,173.01,173.01,173.01,173.01,173.01,173.01,173.01,173.01,173.01,173.01,173.01,173.01,170.67,168.43,166.42,164.7,163.1,161.48,159.76,157.81,155.63,153.13,150.05,146.38,141.86,136.51,130.37,123.87,117.44,111.56,106.56,102.63,99.675,97.629,96.297,95.551,95.063,94.739,94.446,94.057,93.634,93.115,92.498,91.88,91.004,90.062,89.055,87.983,86.944,85.872,84.865,83.858,82.884,81.877,80.935,80.123,79.376,78.759,78.11,77.493,76.876,76.194,75.544,74.927,74.31,73.758,73.238,72.686,72.069,71.419,70.867,70.25,69.73,69.243,68.821,68.626,68.886,70.445,74.245,81.293,91.816,105.2,120.36,136.25,151.61,165.57,173.01,173.01,173.01,173.01,173.01,173.01,173.01,173.01,173.01,173.01,173.01,172.69,170.06,167.75,165.74,163.98,162.36,160.73,158.98,157,154.76,152,148.75,144.75,139.95,134.17,127.74,121.05,114.68,109.32,105.07,101.88,99.61,98.116,97.109,96.622,96.362,96.233,96.135,95.875,95.421,94.804,94.186,93.439,92.627,91.816,90.939,89.997,88.925,87.918,86.879,85.872,84.865,83.793,82.819,81.942,81.065,80.318,79.669,79.117,78.564,77.947,77.233,76.616,76.064,75.512,74.927,74.375,73.693,73.011,72.361,71.874,71.484,71.062,70.737,70.607,71.257,73.628,78.694,87.106,98.863,113.06,128.61,144.24,158.98,171.87,173.01,173.01,173.01,173.01,173.01,173.01,173.01,173.01,173.01,173.01,173.01,173.01,172.17,170.06,168.11,166.42,164.79,163.23,161.55,159.69,157.36,154.63,151.19,147.06,142.06,136.31,130.01,123.32,116.82,111.04,106.56,103.25,100.88,99.253,98.181,97.434,96.622,95.875,95.258,94.674,94.121,93.374,92.433,91.426,90.386,89.38,88.438,87.561,86.749,85.807,84.865,83.988,83.241,82.559,81.812,81,80.188,79.441,78.824,78.24,77.688,77.168,76.616,75.999,75.317,74.635,73.985,73.433,72.946,72.361,71.744,71.062,70.38,69.86,69.633,69.795,70.932,73.855,79.734,89.12,101.82,116.92,133.19,149.37,164.24,173.01,173.01,173.01,173.01,173.01,173.01,173.01,173.01,173.01,173.01,173.01,173.01,173.01,172.23,170.32,168.56,166.94,165.31,163.62,161.81,159.76,157.36,154.43,150.93,146.74,141.67,135.76,129.23,122.44,115.88,110,105.13,101.3,98.636,96.882,95.875,95.356,95.128,95.063,94.868,94.674,94.316,93.797,93.18,92.368,91.491,90.484,89.445,88.438,87.301,86.197,84.93,83.696,82.624,81.682,80.87,80.123,79.311,78.564,77.882,77.298,76.876,76.486,76.064,75.544,75.057,74.505,73.92,73.433,72.946,72.296,71.614,70.867,70.185,69.633,69.373,69.698,71.127,74.797,81.552,91.88,105.2,120.49,136.57,152.26,166.55,173.01,173.01,173.01,173.01,173.01,173.01,173.01,173.01,173.01,173.01,173.01,173.01,172.07,169.99,168.11,166.39,164.7,163.01,161.12,159.11,156.74,153.95,150.63,146.67,142.12,136.86,130.92,124.62,118.32,112.5,107.57,103.61,100.68,98.441,96.882,95.81,95.193,94.933,94.739,94.446,93.927,93.31,92.563,91.816,91.069,90.322,89.445,88.438,87.366,86.262,85.125,84.053,82.949,81.877,80.935,80.058,79.311,78.694,78.11,77.558,76.811,76.129,75.512,74.992,74.44,73.92,73.433,72.816,72.199,71.614,71.192,70.607,69.925,69.308,68.821,68.431,68.821,70.867,75.544,83.436,94.674,108.67,124.36,140.63,156.06,169.8,173.01,173.01,173.01,173.01,173.01,173.01,173.01,173.01,173.01,173.01,173.01,173.01,170.74,168.43,166.39,164.5,162.81,161.25,159.63,157.81,155.67,152.94,149.56,145.5,140.63,134.88,128.42,121.7,115.23,109.68,105.26,101.88,99.383,97.694,96.492,95.745,95.323,95.063,94.868,94.674,94.381,93.992,93.504,92.855,92.108,91.231,90.322,89.315,88.308,87.431,86.489,85.547,84.573,83.566,82.624,81.812,81,80.188,79.376,78.564,77.882,77.298,76.876,76.421,75.934,75.317,74.635,73.985,73.498,72.946,72.296,71.744,71.257,70.867,70.607,70.672,71.484,73.855,78.824,87.106,98.798,113.06,128.68,144.62,159.56,172.56,173.01,173.01,173.01,173.01,173.01,173.01,173.01,173.01,173.01,173.01,173.01,172.69,170.19,168.04,166.13,164.37,162.62,160.8,158.98,156.93,154.63,151.74,148.23,143.94,138.94,133.06,126.5,119.68,113.32,107.79,103.38,100.13,97.824,96.233,95.258,94.609,94.316,94.251,94.186,93.927,93.504,92.985,92.303,91.556,90.614,89.607,88.503,87.301,86.132,85.125,84.183,83.176,82.137,81,79.994,79.117,78.37,77.688,77.006,76.323,75.674,75.187,74.797,74.505,73.92,73.368,72.816,72.361,71.874,71.419,70.867,70.315,69.633,68.983,68.626,68.691,69.308,71.387,75.934,83.988,95.615,110.2,126.24,142.61,158.07,171.55,173.01,173.01,173.01,173.01,173.01,173.01,173.01,173.01,173.01,173.01,173.01,173.01,172,169.93,168.24,166.61,164.92,163.17,161.32,159.18,156.74,153.88,150.44,146.25,141.31,135.69,129.49,122.86,116.24,110.23,105.26,101.3,98.506,96.557,95.323,94.511,93.992,93.732,93.699,93.569,93.31,92.822,92.238,91.491,90.614,89.672,88.73,87.691,86.424,85.255,84.053,82.981,82.007,81,80.058,79.247,78.5,77.753,77.07,76.421,75.804,75.122,74.635,74.18,73.823,73.303,72.751,72.199,71.679,71.192,70.672,70.055,69.503,68.918,68.626,68.561,69.113,71.062,75.447,83.111,94.381,108.38,124,139.98,155.12,168.63,173.01,173.01,173.01,173.01,173.01,173.01,173.01,173.01,173.01,173.01,173.01,172.07,169.44,167.29,165.44,163.69,162.07,160.44,158.69,156.74,154.37,151.54,148.13,144.01,139.17,133.42,127.05,120.43,114.06,108.44,103.73,100.06,97.304,95.421,94.316,93.732,93.569,93.374,93.18,92.822,92.368,91.816,91.231,90.484,89.737,88.795,87.756,86.619,85.417,84.378,83.371,82.364,81.423,80.481,79.636,78.759,77.947,77.168,76.486,75.869,75.317,74.732,74.245,73.693,73.108,72.556,72.004,71.484,70.932,70.445,69.86,69.243,68.691,68.171,67.749,67.619,68.074,69.795,73.855,81.13,91.88,105.49,121.05,137.32,153.07,167.13,173.01,173.01,173.01,173.01,173.01,173.01,173.01,173.01,173.01,173.01,173.01,171.68,169.05,166.74,164.7,162.81,161.12,159.56,157.94,156.06,153.82,151.06,147.74,143.75,138.94,133.19,126.73,120.07,113.74,108.38,104.06,100.81,98.441,96.817,95.81,95.258,94.998,94.933,94.739,94.381,93.927,93.504,92.855,92.173,91.231,90.322,89.575,88.795,87.983,87.106,86.262,85.482,84.865,84.67,85.19,87.106,91.069,97.304,105.55,114.94,124.88,134.69,143.42,150.5,155.25,157.49,157.49,155.57,152,147.26,141.51,135.11,128.48,121.79,115.17,108.57,102.05,95.94,90.614,86.424,83.176,81,79.734,79.376,79.669,80.383,81.195,82.007,82.754,83.566,84.313,84.67,84.735,84.605,84.508,84.183,83.631,82.754,81.747,80.741,79.799,78.857,77.817,76.486,75.187,74.05,73.173,72.361,71.419,70.575,69.925,69.438,68.918,68.561,68.236,67.879,67.36,66.937,66.613,66.418,66.255,65.866,65.573,65.443,65.378,64.989,64.566,64.437,64.501,64.437,63.982,63.3,62.683,62.423,62.26,62.066,61.871,61.611,61.384,61.124,60.734,60.377,60.117,59.922,59.695,59.565,59.5,59.305,59.045,58.883,58.818,58.818,58.623,58.298,58.136,58.136,58.136,58.006,57.811,57.551,57.356,57.324,57.681,59.435,64.372,73.855,88.178,106.01,125.3,144.49,162.36,173.01,173.01,173.01,173.01,173.01,173.01,173.01,173.01,173.01,173.01,173.01,173.01,173.01,172.43,168.98,166.06,163.62,161.32,158.98,156.54,154.01,151.25,148.23,144.62,140.37,135.37,129.75,123.68,117.44,111.5,106.37,102.37,99.383,97.174,95.615,94.446,93.569,93.05,92.855,92.563,92.043,91.426,90.744,89.997,89.25,88.308,87.301,86.262,85.32,84.378,83.306,82.072,80.87,79.734,78.824,77.882,76.876,75.999,75.317,74.7,73.985,73.368,72.816,72.361,71.939,71.484,70.997,70.575,70.25,70.055,69.795,69.438,68.886,68.366,67.879,67.36,66.872,66.32,65.801,65.671,66.19,67.749,71.322,77.882,87.691,100.19,114.36,129.07,143.36,156.48,167.62,173.01,173.01,173.01,173.01,173.01,173.01,173.01,172.88,169.31,165.93,162.81,159.76,156.93,154.43,152.32,150.44,148.55,146.57,144.3,141.8,139.07,135.76,131.7,126.73,121.05,115.07,109.13,103.67,98.993,95.421,92.822,91.133,89.932,89.12,88.633,88.243,87.983,87.756,87.496,87.171,86.879,86.359,85.677,84.735,83.793,82.884,81.942,81.065,79.994,78.857,77.817,76.941,76.259,75.447,74.635,73.855,73.173,72.556,72.004,71.387,70.932,70.607,70.315,69.795,69.243,68.756,68.236,67.814,67.295,66.742,66.19,65.736,65.378,65.054,65.054,66.125,69.178,75.252,84.735,97.369,112.31,128.39,144.3,158.82,171.06,173.01,173.01,173.01,173.01,173.01,173.01,173.01,173.01,173.01,172.56,169.11,166.13,163.56,161.25,158.95,156.67,154.5,152.42,150.37,148.13,145.44,142.32,138.55,134.23,129.13,123.32,117.12,111.11,105.81,101.36,97.759,94.868,92.822,91.426,90.679,90.257,89.932,89.607,89.25,88.86,88.373,87.756,86.944,86.002,85.125,84.313,83.501,82.559,81.487,80.383,79.311,78.37,77.428,76.421,75.512,74.862,74.375,73.855,73.173,72.426,71.809,71.257,70.802,70.315,69.86,69.438,68.983,68.431,67.814,67.197,66.677,66.19,65.671,65.119,64.696,64.631,65.443,67.814,72.816,81,92.498,106.3,121.37,136.51,150.8,163.43,173.01,173.01,173.01,173.01,173.01,173.01,173.01,173.01,173.01,170.25,167.13,164.24,161.61,159.24,157.19,155.31,153.49,151.54,149.63,147.61,145.37,142.55,138.94,134.49,129.3,123.55,117.38,111.24,105.68,101.14,97.564,94.933,92.985,91.751,91.133,90.809,90.614,90.386,90.127,89.932,89.737,89.38,88.698,87.918,87.074,86.132,85.06,83.988,83.111,82.299,81.358,80.318,79.247,78.24,77.363,76.681,75.999,75.317,74.7,74.18,73.823,73.238,72.621,72.069,71.549,70.997,70.38,69.698,69.048,68.626,68.236,67.749,67.197,66.677,66.418,66.613,67.749,70.802,76.941,86.684,99.545,114.42,130.17,145.7,159.92,171.94,173.01,173.01,173.01,173.01,173.01,173.01,173.01,173.01,173.01,173.01,171.19,168.24,165.57,163.17,161.25,159.5,157.55,155.51,153.3,150.99,148.36,145.24,141.51,137.19,132.19,126.63,120.43,114.13,108.38,103.51,99.675,96.687,94.511,93.05,92.303,91.945,91.686,91.361,90.939,90.484,90.127,89.607,88.99,88.048,87.009,86.067,85.125,84.118,82.981,81.877,80.805,79.734,78.824,77.882,76.941,76.194,75.544,75.057,74.505,73.855,73.303,72.751,72.134,71.549,71.062,70.737,70.51,70.185,69.73,69.048,68.366,67.814,67.197,66.548,66.19,66.418,67.749,71.062,77.233,86.749,99.448,114.32,129.88,145.11,159.05,170.93,173.01,173.01,173.01,173.01,173.01,173.01,173.01,173.01,173.01,173.01,170.19,167.49,165.18,163.01,160.93,158.95,157.13,155.25,153.23,150.93,148.23,145.05,141.31,136.86,131.8,125.92,119.55,113.25,107.57,102.76,98.863,95.94,93.927,92.627,91.88,91.361,91.004,90.744,90.614,90.484,90.192,89.575,88.73,87.918,87.009,86.067,85.125,84.183,83.241,82.234,81.13,80.058,79.052,78.175,77.298,76.421,75.544,74.927,74.44,73.985,73.433,72.816,72.231,71.679,71.192,70.672,70.185,69.86,69.633,69.178,68.626,67.944,67.295,66.807,66.483,66.483,67.489,70.445,76.194,85.385,97.694,112.44,128.32,144.01,158.43,170.61,173.01,173.01,173.01,173.01,173.01,173.01,173.01,173.01,173.01,173.01,171,168.37,166,163.69,161.61,159.69,157.94,156.19,154.24,152.13,149.76,146.87,143.26,138.75,133.48,127.61,121.31,114.87,108.87,103.8,99.87,96.882,94.674,93.245,92.368,91.88,91.491,91.133,90.809,90.549,90.322,89.867,89.25,88.503,87.626,86.684,85.742,84.865,84.118,83.436,82.559,81.617,80.546,79.669,78.857,78.045,77.363,76.681,76.064,75.512,74.862,74.245,73.693,73.173,72.686,72.134,71.549,71.192,70.802,70.315,69.73,69.178,68.691,68.171,67.814,67.554,68.009,69.633,73.433,80.188,90.322,103.31,118.32,134,149.24,163.07,173.01,173.01,173.01,173.01,173.01,173.01,173.01,173.01,173.01,173.01,172,169.11,166.39,163.82,161.48,159.37,157.36,155.51,153.69,151.67,149.17,146.18,142.55,138.29,133.35,127.67,121.57,115.36,109.74,104.87,100.88,97.759,95.615,94.186,93.245,92.627,92.173,91.88,91.621,91.198,90.614,89.932,89.25,88.373,87.366,86.424,85.612,84.8,83.923,82.949,81.877,80.87,79.799,78.824,77.882,77.135,76.551,75.934,75.252,74.44,73.758,73.173,72.621,72.134,71.614,71.257,70.867,70.445,69.925,69.503,69.113,68.626,68.009,67.36,66.937,66.807,66.872,67.489,69.568,74.31,82.429,93.992,108.38,124.29,140.5,155.67,168.82,173.01,173.01,173.01,173.01,173.01,173.01,173.01,173.01,173.01,173.01,173.01,171.35,168.85,166.55,164.44,162.62,160.93,159.3,157.36,155.18,152.55,149.63,146.31,142.32,137.61,132.19,126.24,119.94,113.61,107.79,102.99,99.188,96.233,94.121,92.692,92.01,91.621,91.426,91.133,90.809,90.419,89.932,89.315,88.698,88.048,87.431,86.554,85.547,84.443,83.306,82.234,81.26,80.188,79.182,78.305,77.493,76.616,75.804,75.122,74.505,73.823,73.108,72.621,72.199,71.874,71.419,70.867,70.315,69.73,69.243,68.756,68.236,67.749,67.36,67.002,66.677,66.742,67.944,71.257,77.623,87.366,100.29,115.36,131.31,146.67,160.6,172.36,173.01,173.01,173.01,173.01,173.01,173.01,173.01,173.01,173.01,173.01,170.19,167.23,164.73,162.55,160.73,158.98,157.19,155.38,153.43,151.25,148.55,145.5,141.86,137.54,132.38,126.37,119.94,113.51,107.63,102.5,98.376,95.421,93.504,92.238,91.361,90.809,90.419,90.257,90.062,89.672,89.315,88.86,88.308,87.561,86.749,85.872,84.93,83.923,82.884,81.812,80.935,79.994,79.052,78.045,77.135,76.259,75.447,74.635,73.985,73.563,73.173,72.751,72.134,71.549,71.062,70.575,69.99,69.503,69.048,68.691,68.301,67.814,67.197,66.677,66.385,66.385,67.197,69.99,75.674,84.93,97.304,111.98,127.74,143.49,158.17,170.8,173.01,173.01,173.01,173.01,173.01,173.01,173.01,173.01,173.01,173.01,172.13,169.11,166.61,164.57,162.62,160.8,158.98,157.06,154.86,152.55,150.18,147.39,143.55,138.88,133.61,127.87,121.7,115.3,109.32,104.25,100.19,97.012,94.544,92.92,92.043,91.621,91.231,90.874,90.874,90.809,90.386,89.672,88.925,88.113,87.236,86.294,85.417,84.508,83.371,82.364,81.358,80.253,79.052,78.11,77.298,76.486,75.674,74.927,74.31,73.758,73.108,72.491,71.874,71.322,70.672,70.185,69.86,69.633,69.178,68.626,67.944,67.295,66.807,66.32,65.866,65.671,65.995,67.489,71.127,77.947,88.243,101.43,116.43,132.12,147.55,161.48,173.01,173.01,173.01,173.01,173.01,173.01,173.01,173.01,173.01,173.01,171.81,168.69,165.8,163.3,160.99,158.88,157,155.25,153.62,151.74,149.43,146.61,143.29,139.3,134.56,129,122.73,116.24,110.07,104.55,99.935,96.297,93.797,92.108,91.069,90.386,90.062,89.997,89.932,89.737,89.38,88.86,88.243,87.561,86.879,86.294,85.807,85.19,84.443,83.566,82.689,81.812,81.065,80.188,79.376,78.629,77.882,77.135,76.259,75.447,74.732,74.115,73.433,72.751,72.199,71.744,71.419,70.997,70.51,69.925,69.438,68.886,68.366,68.009,67.749,67.554,67.424,68.009,70.38,75.674,84.443,96.427,110.82,126.44,142.19,156.87,169.57,173.01,173.01,173.01,173.01,173.01,173.01,173.01,173.01,173.01,173.01,170.61,167.42,164.57,162,159.79,157.88,156.06,154.11,152.06,149.76,147.06,143.88,140.11,135.63,130.56,124.88,118.67,112.44,106.76,102.05,98.441,95.68,93.699,92.433,91.751,91.231,90.809,90.419,90.127,89.737,89.25,88.633,87.918,87.301,86.554,85.612,84.508,83.306,82.234,81.195,80.123,79.117,78.24,77.428,76.551,75.609,74.732,74.05,73.433,72.816,72.231,71.809,71.419,71.062,70.575,70.055,69.568,69.048,68.626,68.171,67.814,67.489,67.002,66.418,65.801,65.378,65.184,65.508,66.872,70.575,77.493,87.983,101.36,116.56,132.38,147.74,161.81,173.01,173.01,173.01,173.01,173.01,173.01,173.01,173.01,173.01,173.01,172.95,169.73,167,164.63,162.36,160.31,158.36,156.54,154.69,152.55,150.24,147.61,144.69,140.99,136.51,131.18,125.17,118.87,112.7,106.92,102.05,98.181,95.258,93.05,91.556,90.614,90.127,89.802,89.51,89.12,88.795,88.503,88.048,87.431,86.684,85.807,84.93,83.923,82.949,81.942,81,80.058,79.052,78.012,77.006,76.064,75.187,74.44,73.823,73.368,72.946,72.361,71.744,71.192,70.607,70.055,69.568,69.048,68.756,68.431,68.009,67.36,66.677,66.19,65.736,65.443,65.313,65.93,68.074,72.686,80.611,91.751,105.55,120.95,136.64,151.51,164.63,173.01,173.01,173.01,173.01,173.01,173.01,173.01,173.01,173.01,173.01,170.67,167.55,164.63,162.07,159.76,157.68,155.67,153.82,152,150.05,147.81,144.92,141.51,137.45,132.67,127.25,121.05,114.62,108.51,103.25,98.928,95.551,93.05,91.296,90.192,89.51,89.185,88.99,88.86,88.698,88.308,87.756,87.074,86.294,85.482,84.605,83.761,82.884,81.942,80.87,79.669,78.629,77.688,76.746,75.869,75.122,74.635,74.18,73.628,72.881,72.134,71.484,70.932,70.445,69.795,69.243,68.756,68.301,67.879,67.295,66.742,66.19,65.606,65.184,64.794,64.631,64.794,65.801,68.431,73.855,82.884,95.193,109.74,125.5,141.18,155.8,168.24,173.01,173.01,173.01,173.01,173.01,173.01,173.01,173.01,173.01,172.82,169.37,166.26,163.36,160.86,158.56,156.54,154.69,152.68,150.57,148.23,145.57,142.48,138.81,134.56,129.75,124.36,118.38,112.18,106.43,101.49,97.499,94.511,92.303,90.939,90.127,89.607,89.185,88.86,88.633,88.308,87.886,87.236,86.619,86.002,85.19,84.248,83.306,82.299,81.26,80.123,79.117,78.175,77.233,76.323,75.317,74.44,73.693,73.043,72.491,71.939,71.419,70.932,70.38,69.795,69.438,69.113,68.691,67.944,67.36,66.937,66.548,65.93,65.443,65.184,64.989,64.794,64.761,65.671,68.821,75.122,84.8,97.824,113.06,129,144.17,157.94,169.73,173.01,173.01,173.01,173.01,173.01,173.01,173.01,173.01,173.01,170.61,167.2,164.11,161.48,159.11,156.93,154.92,152.87,150.8,148.62,146.31,143.68,140.7,137.06,132.54,127.25,121.37,115.07,108.93,103.44,98.928,95.356,92.757,90.874,89.575,88.795,88.243,87.821,87.561,87.431,87.171,86.684,86.067,85.255,84.443,83.566,82.689,81.942,81.195,80.383,79.376,78.37,77.428,76.486,75.609,74.862,74.18,73.693,73.043,72.296,71.549,70.867,70.25,69.698,69.178,68.821,68.431,67.944,67.295,66.677,66.125,65.508,64.859,64.372,64.047,63.754,63.495,63.625,64.696,67.619,73.563,82.981,95.615,110.43,126.11,141.38,155.31,167.07,173.01,173.01,173.01,173.01,173.01,173.01,173.01,173.01,171.55,168.04,164.73,161.74,159.11,156.87,154.82,152.81,150.73,148.68,146.57,144.17,141.44,138.29,134.56,129.94,124.36,118.32,112.11,106.3,101.17,97.174,94.316,92.368,91.133,90.322,89.802,89.51,89.12,88.73,88.438,88.178,87.821,87.171,86.262,85.19,84.183,83.241,82.429,81.682,81,80.253,79.311,78.37,77.882,78.012,79.247,82.17,87.171,94.251,102.79,112.18,121.76,130.85,138.75,144.92,149.01,150.8,150.63,148.55,144.92,140.11,134.49,128.42,121.99,115.36,108.74,101.98,95.421,89.25,83.988,79.799,76.681,74.635,73.563,73.433,73.823,74.57,75.447,76.356,77.168,77.947,78.564,79.182,79.636,79.734,79.506,78.922,78.24,77.428,76.486,75.609,74.732,73.855,72.881,71.809,70.672,69.698,68.756,67.814,67.132,66.483,65.995,65.378,64.761,64.112,63.69,63.235,62.878,62.553,62.358,62.196,61.871,61.546,61.254,60.929,60.637,60.312,60.117,60.052,59.922,59.695,59.37,59.11,58.753,58.363,58.071,57.941,57.941,57.876,57.551,57.194,56.739,56.382,56.122,55.992,55.927,55.862,55.635,55.245,54.985,54.855,54.758,54.628,54.563,54.498,54.498,54.303,54.173,54.044,53.946,53.686,53.297,53.134,53.134,53.556,54.92,58.818,66.742,79.441,96.07,114.62,133.32,150.8,166.13,173.01,173.01,173.01,173.01,173.01,173.01,173.01,173.01,173.01,173.01,171.35,167.23,163.36,159.86,156.74,154.04,151.38,148.55,145.44,142.19,138.81,135.17,131.18,126.73,121.86,116.56,111.04,105.68,100.94,97.012,93.862,91.556,89.997,88.99,88.373,87.918,87.496,87.074,86.554,86.067,85.547,85.125,84.605,83.858,82.949,81.877,80.741,79.669,78.629,77.753,76.876,75.934,74.797,73.758,72.816,71.874,70.997,70.315,69.795,69.308,68.821,68.236,67.749,67.197,66.742,66.385,66.125,65.93,65.671,65.313,64.924,64.566,64.112,63.625,63.17,62.878,62.553,62.196,61.741,61.546,62.001,63.819,68.074,75.544,86.197,98.993,112.93,126.86,140.11,151.8,161.42,168.5,172.95,173.01,173.01,173.01,171,168.04,164.79,161.38,158.07,154.92,152,149.17,146.44,143.88,141.38,139.01,136.64,134.3,131.86,129,125.37,120.98,115.95,110.36,104.74,99.545,95.193,91.686,88.86,86.684,85.125,84.118,83.566,83.176,82.981,82.981,82.981,82.819,82.429,82.007,81.487,80.805,80.058,79.311,78.5,77.623,76.616,75.544,74.505,73.433,72.361,71.484,70.802,70.12,69.438,68.691,68.009,67.36,66.742,66.32,65.995,65.801,65.508,65.054,64.501,63.982,63.56,63.072,62.553,62.131,61.741,61.319,60.864,60.637,60.929,62.553,66.677,74.245,85.385,99.058,114,129.07,143.42,156.12,166.55,173.01,173.01,173.01,173.01,173.01,173.01,173.01,169.63,166,162.42,159.24,156.38,153.62,150.86,148.29,146.12,143.94,141.51,139.01,136.64,133.94,130.5,126.31,121.5,116.17,110.49,104.87,99.805,95.615,92.368,89.802,87.886,86.619,85.872,85.385,84.995,84.67,84.508,84.508,84.248,83.696,82.981,82.364,81.812,81.065,80.253,79.636,79.052,78.435,77.688,76.876,76.064,75.382,74.7,73.985,73.238,72.621,72.069,71.419,70.802,70.12,69.438,68.983,68.691,68.301,67.749,67.197,66.677,66.32,65.866,65.443,64.989,64.501,63.949,63.56,63.69,64.696,67.36,72.556,81.065,92.627,106.43,120.98,135.37,148.62,159.86,168.69,173.01,173.01,173.01,173.01,173.01,173.01,170.25,166.94,163.56,160.18,157.06,154.24,151.67,149.24,146.87,144.56,142.19,139.75,137.19,134.43,131.31,127.51,122.86,117.67,112.18,106.69,101.75,97.564,94.381,91.945,90.062,88.73,87.821,87.171,86.684,86.359,86.197,85.937,85.482,84.8,84.053,83.241,82.364,81.617,80.87,80.058,79.117,78.045,77.07,76.129,75.187,74.31,73.498,72.751,72.134,71.484,70.867,70.25,69.633,68.983,68.561,68.236,68.074,67.684,67.132,66.613,66.125,65.671,65.184,64.794,64.566,64.177,63.754,63.3,62.943,62.878,63.495,65.671,70.607,78.987,90.679,104.74,119.94,135.04,149.11,161.42,171.48,173.01,173.01,173.01,173.01,173.01,173.01,173.01,173.01,170.87,167.75,164.7,161.81,159.11,156.61,154.3,152.19,150.24,148.23,145.99,143.49,140.63,137.25,133.26,128.74,123.74,118.32,112.7,107.18,102.31,98.246,95.063,92.692,91.069,90.127,89.51,88.925,88.438,87.918,87.496,86.944,86.424,85.937,85.417,84.735,83.858,82.949,81.877,80.741,79.669,78.824,78.045,77.233,76.323,75.382,74.44,73.563,72.816,72.231,71.874,71.484,70.997,70.38,69.73,69.243,68.821,68.366,67.944,67.619,67.262,66.742,66.19,65.573,64.924,64.501,64.372,64.761,65.93,68.886,74.44,83.306,95.063,108.87,123.68,138.29,151.87,163.3,172.13,173.01,173.01,173.01,173.01,173.01,173.01,173.01,171.68,168.63,165.57,162.68,160.12,157.88,155.93,154.04,152.06,149.85,147.61,145.18,142.48,139.36,135.76,131.37,126.31,120.75,114.87,109.26,104.19,99.935,96.427,93.797,91.88,90.484,89.672,89.185,88.795,88.503,88.113,87.691,87.106,86.554,85.872,85.06,84.248,83.371,82.559,81.617,80.611,79.636,78.694,77.817,76.941,76.064,75.252,74.505,73.758,73.108,72.491,71.874,71.322,70.737,70.185,69.633,69.113,68.691,68.171,67.684,67.132,66.548,65.995,65.443,64.924,64.437,63.982,63.754,64.177,65.995,70.12,77.428,88.048,101.3,116.04,131.24,145.7,158.56,169.18,173.01,173.01,173.01,173.01,173.01,173.01,173.01,173.01,170.8,167.68,164.73,162,159.43,157.13,154.99,153,151.06,149.11,146.93,144.43,141.6,138.36,134.43,129.75,124.36,118.54,112.63,107.24,102.7,98.993,96.168,94.121,92.692,91.816,91.296,91.004,90.679,90.386,89.932,89.38,88.73,88.113,87.496,86.749,85.937,85.125,84.313,83.501,82.624,81.617,80.611,79.636,78.629,77.688,76.876,76.064,75.317,74.57,73.92,73.368,72.816,72.231,71.614,71.062,70.575,70.055,69.568,69.048,68.496,68.009,67.554,67.132,66.742,66.385,66.125,66.255,67.424,70.607,76.681,85.937,98.116,112.11,126.92,141.44,154.69,165.93,173.01,173.01,173.01,173.01,173.01,173.01,173.01,173.01,173.01,171.32,168.43,165.74,163.23,160.86,158.75,156.67,154.82,152.87,150.8,148.49,145.92,142.87,139.3,135.11,130.11,124.42,118.32,112.11,106.56,101.75,97.921,94.933,92.822,91.296,90.386,89.802,89.51,89.185,88.925,88.568,88.113,87.626,87.009,86.359,85.547,84.735,83.793,82.819,81.812,80.805,79.799,78.824,77.947,77.135,76.356,75.609,74.797,73.985,73.368,72.881,72.426,71.939,71.387,70.802,70.315,69.86,69.308,68.821,68.366,68.009,67.489,66.937,66.385,65.801,65.606,65.801,66.613,68.983,74.245,83.111,95.063,109,124.07,139.3,153.36,165.44,173.01,173.01,173.01,173.01,173.01,173.01,173.01,173.01,173.01,173.01,170.25,167.29,164.7,162.36,160.18,158.17,156.32,154.37,152.26,149.98,147.32,144.17,140.63,136.44,131.63,126.18,120.3,114.26,108.44,103.38,99.188,95.94,93.569,91.88,90.809,90.257,89.932,89.607,89.315,88.925,88.438,87.918,87.301,86.684,85.872,84.995,84.118,83.111,82.17,81.26,80.253,79.247,78.24,77.363,76.486,75.674,74.992,74.31,73.628,73.011,72.426,71.939,71.419,70.932,70.445,69.925,69.503,68.983,68.561,68.107,67.554,67.002,66.483,66.06,65.736,65.606,66.06,67.879,72.134,79.636,90.484,103.86,118.74,133.81,148.07,160.73,171.19,173.01,173.01,173.01,173.01,173.01,173.01,173.01,173.01,173.01,170.12,167.07,164.37,161.94,159.76,157.68,155.8,153.95,152,149.85,147.42,144.62,141.31,137.45,132.87,127.61,121.76,115.56,109.61,104.32,100,96.557,93.992,92.173,91.004,90.322,89.867,89.51,89.185,88.73,88.308,87.756,87.171,86.489,85.677,84.735,83.858,82.981,82.072,81.13,80.123,79.117,78.11,77.233,76.421,75.609,74.862,74.18,73.498,72.881,72.296,71.679,71.127,70.51,69.99,69.503,68.983,68.496,67.944,67.424,66.872,66.32,65.736,65.184,64.761,64.437,64.566,65.671,68.821,74.862,84.313,96.752,111.24,126.5,141.51,155.18,166.87,173.01,173.01,173.01,173.01,173.01,173.01,173.01,173.01,173.01,170.19,167.07,164.11,161.55,159.24,157.19,155.18,153.17,151.19,149.01,146.61,143.88,140.63,136.86,132.38,127.18,121.44,115.3,109.32,104.06,99.74,96.492,94.057,92.368,91.231,90.549,90.257,89.997,89.867,89.607,89.25,88.795,88.373,87.886,87.236,86.554,85.742,84.865,84.053,83.176,82.364,81.487,80.676,79.799,78.922,78.11,77.298,76.486,75.739,74.992,74.31,73.628,72.881,72.134,71.419,70.932,70.51,70.12,69.633,69.243,68.821,68.366,67.944,67.424,67.002,66.613,66.548,67.197,69.373,74.245,82.364,93.699,107.44,122.38,137.45,151.45,163.49,173.01,173.01,173.01,173.01,173.01,173.01,173.01,173.01,173.01,171.87,168.69,165.74,163.07,160.6,158.49,156.48,154.5,152.48,150.5,148.29,145.7,142.55,138.94,134.69,129.68,124,117.86,111.85,106.37,101.69,97.856,94.998,92.92,91.621,90.809,90.322,89.932,89.607,89.315,88.925,88.438,87.886,87.171,86.359,85.482,84.573,83.631,82.689,81.682,80.676,79.669,78.759,77.817,76.876,75.999,75.187,74.375,73.693,73.043,72.491,71.939,71.387,70.737,70.25,69.86,69.438,68.983,68.496,68.074,67.619,67.197,66.742,66.32,65.801,65.378,65.054,65.054,65.866,68.366,73.693,82.429,94.446,108.8,124.2,139.43,153.56,165.8,173.01,173.01,173.01,173.01,173.01,173.01,173.01,173.01,173.01,173.01,170.54,167.68,165.05,162.62,160.44,158.43,156.48,154.5,152.42,150.05,147.39,144.43,140.99,136.99,132.38,126.99,121.05,114.94,109.13,103.99,99.74,96.362,93.927,92.303,91.231,90.614,90.192,89.802,89.445,89.055,88.633,87.983,87.301,86.619,85.807,84.995,84.118,83.176,82.137,81.13,80.123,79.182,78.175,77.233,76.356,75.544,74.797,74.115,73.498,72.946,72.361,71.809,71.322,70.802,70.315,69.795,69.308,68.886,68.366,67.879,67.36,66.872,66.385,65.93,65.508,65.248,65.573,67.002,70.607,77.233,87.171,100,114.49,129.62,144.17,157.36,168.37,173.01,173.01,173.01,173.01,173.01,173.01,173.01,173.01,173.01,170.87,167.75,164.86,162.29,160.05,158.01,156.12,154.11,152,149.76,147.42,144.88,141.6,137.67,133.19,128.19,122.38,116.17,110.2,105,100.55,97.012,94.511,92.757,91.426,90.614,90.257,89.932,89.51,89.12,88.795,88.243,87.496,86.684,85.937,85.125,84.248,83.371,82.364,81.423,80.546,79.571,78.629,77.623,76.681,75.869,75.187,74.44,73.693,73.108,72.556,72.069,71.614,71.192,70.737,70.38,70.12,69.925,69.698,69.633,70.12,72.004,76.194,83.046,92.627,104.25,116.92,129.81,141.99,152.68,161.19,167.13,170.32,171.06,169.8,167.13,163.36,158.88,153.88,148.62,143.26,137.8,132.51,127.18,121.79,116.5,111.24,106.07,101.14,96.492,92.498,89.315,87.074,85.612,84.93,84.67,84.8,85.06,85.32,85.547,85.742,85.742,85.482,85.125,84.508,83.793,83.046,82.17,81.26,80.318,79.376,78.37,77.428,76.486,75.512,74.505,73.498,72.491,71.614,70.867,70.185,69.503,68.821,68.171,67.684,67.197,66.742,66.385,65.93,65.573,65.184,64.794,64.566,64.307,63.982,63.69,63.43,63.17,63.007,62.813,62.618,62.358,62.196,61.936,61.611,61.319,60.994,60.637,60.247,59.857,59.565,59.24,59.11,59.37,60.864,64.794,72.361,83.793,98.311,114.62,131.31,147.39,161.81,173.01,173.01,173.01,173.01,173.01,173.01,173.01,173.01,173.01,173.01,172.43,169.18,166.26,163.62,161.19,158.88,156.67,154.5,152.35,150.11,147.61,144.69,141.18,137.12,132.32,126.86,120.82,114.62,108.87,103.93,100,97.012,94.868,93.374,92.368,91.686,91.198,90.809,90.419,89.932,89.38,88.698,87.918,87.106,86.294,85.417,84.443,83.436,82.364,81.358,80.383,79.376,78.435,77.493,76.551,75.609,74.797,73.985,73.238,72.556,71.939,71.419,70.997,70.575,70.12,69.568,69.048,68.626,68.301,67.944,67.554,67.067,66.548,66.06,65.573,65.054,64.696,64.501,64.794,66.255,69.795,76.356,86.132,98.571,112.5,126.86,140.76,153.36,164.11,172.36,173.01,173.01,173.01,173.01,173.01,173.01,173.01,170.25,167.13,164.11,161.32,158.75,156.32,154.04,151.93,149.85,147.87,145.73,143.36,140.63,137.38,133.55,129.13,124,118.32,112.31,106.5,101.36,97.174,93.862,91.426,89.672,88.503,87.756,87.366,87.106,86.879,86.684,86.294,85.872,85.385,84.735,84.053,83.241,82.364,81.423,80.481,79.506,78.564,77.623,76.616,75.609,74.732,73.855,73.108,72.491,71.874,71.257,70.672,70.12,69.698,69.243,68.821,68.301,67.879,67.36,66.937,66.483,65.995,65.508,64.859,64.372,63.949,63.625,63.754,64.696,67.489,73.173,82.299,94.544,108.93,124.2,139.14,153,164.92,173.01,173.01,173.01,173.01,173.01,173.01,173.01,173.01,173.01,170.87,167.55,164.5,161.68,159.24,156.93,154.82,152.81,150.8,148.68,146.44,143.88,140.79,137.19,133,128.06,122.51,116.5,110.49,104.94,100.26,96.492,93.634,91.556,90.127,89.185,88.568,88.178,87.886,87.561,87.236,86.749,86.132,85.417,84.735,83.988,83.111,82.234,81.26,80.253,79.182,78.175,77.168,76.259,75.382,74.57,73.823,73.108,72.426,71.809,71.192,70.672,70.25,69.73,69.243,68.756,68.301,67.944,67.554,67.132,66.613,66.125,65.606,65.119,64.631,64.177,63.884,63.982,65.184,68.366,74.44,83.761,96.005,110.2,125.17,139.75,153.17,164.63,173.01,173.01,173.01,173.01,173.01,173.01,173.01,173.01,172.56,169.31,166.26,163.3,160.67,158.23,155.93,153.82,151.67,149.63,147.48,145.11,142.42,139.3,135.56,131.24,126.18,120.49,114.49,108.61,103.44,99.058,95.615,93.05,91.198,89.932,89.12,88.633,88.308,88.048,87.756,87.366,86.944,86.424,85.807,85.06,84.183,83.241,82.364,81.423,80.481,79.571,78.564,77.558,76.551,75.609,74.732,73.985,73.303,72.621,72.134,71.614,70.997,70.445,70.055,69.698,69.178,68.626,68.074,67.684,67.36,66.742,66.125,65.606,65.248,64.794,64.372,64.177,64.501,65.866,69.438,76.259,86.359,99.318,114.06,129.36,144.17,157.55,168.85,173.01,173.01,173.01,173.01,173.01,173.01,173.01,173.01,173.01,170.61,167.42,164.5,161.87,159.5,157.42,155.44,153.56,151.67,149.69,147.42,144.82,141.67,137.87,133.35,128.19,122.31,116.11,110.13,104.81,100.36,96.947,94.316,92.433,91.069,90.192,89.607,89.25,88.86,88.503,88.048,87.561,87.009,86.359,85.612,84.8,83.923,82.981,82.007,81,79.994,79.052,78.11,77.168,76.323,75.512,74.7,73.92,73.238,72.621,72.069,71.549,71.062,70.607,70.12,69.633,69.113,68.691,68.236,67.749,67.295,66.807,66.32,65.801,65.313,64.924,64.696,64.924,66.255,69.698,76.194,86.067,98.733,113.25,128.32,142.94,156.19,167.42,173.01,173.01,173.01,173.01,173.01,173.01,173.01,173.01,173.01,170.74,167.62,164.7,162.07,159.76,157.55,155.57,153.62,151.61,149.5,147.19,144.43,141.31,137.54,133.19,128,122.18,116.04,110,104.55,100.06,96.492,93.862,92.01,90.744,89.932,89.51,89.25,88.99,88.698,88.308,87.886,87.301,86.684,86.002,85.125,84.248,83.306,82.364,81.358,80.318,79.311,78.435,77.558,76.681,75.804,74.927,74.18,73.498,72.946,72.426,71.874,71.322,70.802,70.315,69.86,69.438,68.983,68.496,68.074,67.554,67.067,66.483,65.93,65.508,65.119,64.924,65.248,66.872,70.737,77.817,88.243,101.36,116.17,131.37,145.99,159.24,170.38,173.01,173.01,173.01,173.01,173.01,173.01,173.01,173.01,173.01,171.35,168.17,165.25,162.62,160.25,158.07,155.99,153.95,151.8,149.56,147.19,144.43,141.18,137.38,132.8,127.57,121.63,115.49,109.48,104.19,99.805,96.297,93.699,91.816,90.549,89.737,89.25,88.86,88.633,88.308,87.886,87.431,86.814,86.132,85.385,84.573,83.631,82.754,81.877,81,80.123,79.247,78.37,77.493,76.681,75.934,75.122,74.44,73.758,73.108,72.491,71.874,71.322,70.802,70.315,69.795,69.308,68.821,68.301,67.814,67.295,66.742,66.19,65.606,65.119,64.696,64.372,64.242,64.859,67.067,71.809,79.799,91.004,104.48,119.29,134.17,148.36,160.86,171.06,173.01,173.01,173.01,173.01,173.01,173.01,173.01,173.01,170.38,167.13,164.05,161.32,158.82,156.61,154.56,152.61,150.73,148.81,146.74,144.37,141.6,138.19,134.07,129.2,123.55,117.57,111.5,106.01,101.43,97.824,95.128,93.245,91.945,91.198,90.679,90.322,89.932,89.607,89.25,88.795,88.308,87.626,86.944,86.132,85.255,84.248,83.241,82.17,81.195,80.058,78.987,77.947,77.006,76.129,75.252,74.505,73.855,73.238,72.621,72.069,71.484,70.997,70.575,70.12,69.698,69.243,68.756,68.301,67.814,67.36,66.937,66.418,65.995,65.508,65.119,64.989,65.573,67.554,72.004,79.669,90.744,104.38,119.42,134.75,149.3,162.2,172.69,173.01,173.01,173.01,173.01,173.01,173.01,173.01,173.01,173.01,170.8,167.75,164.92,162.42,160.18,158.14,156.25,154.43,152.55,150.5,148.23,145.5,142.32,138.42,133.87,128.48,122.51,116.24,110.13,104.68,100.06,96.427,93.732,91.88,90.614,89.867,89.38,89.055,88.795,88.633,88.243,87.821,87.301,86.684,85.937,85.125,84.183,83.241,82.234,81.26,80.253,79.247,78.24,77.233,76.323,75.447,74.57,73.823,73.108,72.556,72.004,71.484,70.932,70.445,69.925,69.438,68.918,68.431,67.944,67.489,67.067,66.548,66.125,65.671,65.248,64.859,64.696,65.119,67.002,71.257,78.759,89.607,102.99,117.67,132.67,147.06,159.86,170.44,173.01,173.01,173.01,173.01,173.01,173.01,173.01,173.01,173.01,169.7,166.55,163.62,160.93,158.49,156.38,154.43,152.35,150.31,148.2,145.79,142.87,139.56,135.86,131.44,126.18,120.36,114.32,108.61,103.51,99.253,95.875,93.374,91.751,90.549,89.607,89.12,88.795,88.568,88.243,87.821,87.236,86.619,85.872,85.125,84.248,83.371,82.364,81.358,80.448,79.441,78.37,77.363,76.486,75.674,74.862,74.05,73.303,72.686,72.069,71.484,70.867,70.38,69.925,69.503,69.048,68.561,68.107,67.684,67.262,66.742,66.255,65.736,65.184,64.761,64.372,64.242,64.566,65.995,69.633,76.421,86.749,99.87,114.75,130.04,144.75,158.01,169.11,173.01,173.01,173.01,173.01,173.01,173.01,173.01,173.01,173.01,170.32,167.23,164.37,161.74,159.37,157.19,155.18,153.13,151.06,148.81,146.38,143.55,140.31,136.44,131.99,126.79,121.05,114.94,109,103.67,99.188,95.68,93.05,91.231,90.062,89.38,88.925,88.633,88.373,88.113,87.821,87.366,86.814,86.132,85.32,84.443,83.501,82.559,81.552,80.611,79.571,78.564,77.558,76.551,75.674,74.797,73.985,73.238,72.556,71.939,71.322,70.737,70.25,69.73,69.243,68.821,68.366,67.879,67.424,67.002,66.483,66.06,65.508,64.989,64.437,63.949,63.625,63.625,64.372,66.807,71.874,80.253,91.816,105.62,120.56,135.43,149.3,161.42,171.26,173.01,173.01,173.01,173.01,173.01,173.01,173.01,173.01,169.86,166.68,163.75,160.93,158.36,156.06,153.95,151.87,149.82,147.68,145.37,142.81,139.88,136.38,132.25,127.38,121.79,115.82,109.74,104.19,99.448,95.68,92.822,90.809,89.445,88.568,88.048,87.756,87.496,87.236,86.944,86.554,86.132,85.547,84.865,84.118,83.306,82.559,81.812,81.065,80.253,79.376,78.564,77.753,77.006,76.259,75.544,74.862,74.18,73.563,72.881,72.231,71.614,71.127,70.607,70.12,69.633,69.113,68.626,68.107,67.619,67.132,66.677,66.255,65.801,65.443,65.184,65.184,65.671,67.489,71.549,78.824,89.38,102.5,117.12,132.12,146.57,159.43,170.06,173.01,173.01,173.01,173.01,173.01,173.01,173.01,173.01,170.61,167.23,163.98,161.06,158.36,155.93,153.75,151.67,149.69,147.61,145.37,142.87,139.98,136.57,132.38,127.44,121.76,115.69,109.61,104.06,99.448,95.81,93.05,91.133,89.802,88.99,88.568,88.243,88.048,87.821,87.496,87.106,86.619,86.002,85.19,84.378,83.436,82.494,81.552,80.546,79.506,78.5,77.493,76.486,75.544,74.7,73.855,73.173,72.491,71.874,71.192,70.607,70.055,69.568,69.048,68.561,68.074,67.619,67.262,66.872,66.483,66.06,65.606,65.184,64.761,64.307,63.949,63.69,63.56,64.112,66.06,70.51,78.24,89.315,102.99,117.99,133.19,147.48,160.25,170.61,173.01,173.01,173.01,173.01,173.01,173.01,173.01,173.01,172,168.82,165.8,163.01,160.44,158.01,155.73,153.56,151.51,149.3,147,144.43,141.6,138.36,134.62,130.24,125.17,119.49,113.61,107.86,102.76,98.376,94.998,92.433,90.614,89.38,88.633,88.113,87.821,87.496,87.171,86.814,86.359,85.807,85.125,84.378,83.566,82.689,81.812,80.805,79.864,78.857,77.882,76.876,75.934,74.992,74.18,73.368,72.686,72.004,71.419,70.867,70.315,69.795,69.308,68.886,68.366,67.944,67.489,67.002,66.483,65.995,65.508,64.989,64.566,64.047,63.69,63.495,63.819,65.378,69.048,75.869,86.067,98.928,113.51,128.48,142.94,155.99,167,173.01,173.01,173.01,173.01,173.01,173.01,173.01,173.01,171.13,167.88,164.73,161.81,159.18,156.8,154.69,152.61,150.63,148.55,146.38,144.01,141.31,138.19,134.49,130.04,125.01,119.26,113.32,107.5,102.31,97.921,94.511,91.945,90.062,88.795,87.983,87.496,87.074,86.684,86.294,86.002,85.547,84.995,84.313,83.436,82.494,81.552,80.611,79.571,78.435,77.428,76.551,75.674,74.732,73.92,73.173,72.361,71.549,70.932,70.38,69.73,69.113,68.691,68.171,67.619,67.067,66.613,66.19,65.671,65.119,64.566,64.047,63.625,63.137,62.553,62.066,61.741,61.741,62.683,65.313,70.575,79.182,90.874,104.68,119.55,134.36,148.2,160.18,169.73,173.01,173.01,173.01,173.01,173.01,173.01,173.01,169.8,166.42,163.1,159.99,157.13,154.5,152.13,149.98,147.94,145.86,143.75,141.51,138.94,135.99,132.54,128.32,123.32,117.67,111.69,105.88,100.68,96.427,93.05,90.484,88.73,87.626,87.009,86.684,86.424,86.197,85.937,85.677,85.385,85.06,84.573,83.988,83.306,82.624,81.942,81.26,80.481,79.669,78.824,77.947,77.135,76.323,75.544,74.732,73.855,73.108,72.426,71.874,71.257,70.607,69.925,69.243,68.626,68.074,67.554,67.132,66.742,66.32,65.93,65.508,65.054,64.631,64.177,63.884,63.819,64.437,66.548,71.322,79.311,90.484,104.12,119,133.87,147.74,159.76,169.37,173.01,173.01,173.01,173.01,173.01,173.01,173.01,171.26,167.88,164.63,161.42,158.56,155.86,153.43,151.25,149.17,147.13,145.05,142.81,140.31,137.38,133.94,129.81,124.94,119.36,113.45,107.5,102.18,97.629,93.992,91.198,89.185,87.821,87.009,86.489,86.197,86.002,85.742,85.417,84.995,84.508,83.923,83.241,82.429,81.552,80.611,79.669,78.759,77.817,76.811,75.804,74.797,73.92,73.108,72.296,71.549,70.802,70.12,69.568,68.983,68.496,68.074,67.554,67.132,66.677,66.255,65.866,65.443,65.054,64.631,64.177,63.754,63.235,62.813,62.423,62.131,62.26,63.17,65.866,71.484,80.481,92.692,106.92,121.99,136.86,150.5,162.2,171.32,173.01,173.01,173.01,173.01,173.01,173.01,173.01,171,167.75,164.63,161.61,158.82,156.25,153.88,151.67,149.56,147.48,145.37,143.07,140.5,137.48,134.07,130.01,125.24,119.81,114,108.12,102.7,98.051,94.316,91.361,89.185,87.756,86.814,86.262,85.872,85.482,85.19,84.865,84.605,84.183,83.696,82.981,82.17,81.358,80.481,79.636,78.694,77.688,76.616,75.674,74.732,73.855,73.011,72.199,71.387,70.672,70.055,69.503,68.918,68.431,67.944,67.424,67.002,66.483,66.06,65.573,65.184,64.761,64.307,63.884,63.365,62.878,62.423,62.066,61.936,62.358,64.112,68.236,75.609,86.294,99.675,114.42,129.36,143.49,155.99,166.26,173.01,173.01,173.01,173.01,173.01,173.01,173.01,170.87,167.55,164.37,161.32,158.43,155.86,153.43,151.25,149.04,147,144.82,142.55,139.98,137.19,133.87,130.01,125.43,120.17,114.49,108.61,103.05,98.181,94.186,91.133,88.86,87.366,86.359,85.742,85.385,85.125,84.865,84.573,84.248,83.761,83.176,82.559,81.877,81.13,80.318,79.506,78.694,77.882,77.135,76.323,75.544,74.797,74.115,73.498,73.108,73.368,74.862,78.11,83.436,90.614,99.318,108.67,118.12,126.99,134.62,140.57,144.49,146.25,146.05,144.17,140.92,136.57,131.44,125.82,119.75,113.54,107.18,100.81,94.609,88.86,83.696,79.376,75.934,73.498,72.004,71.257,71.127,71.419,72.069,72.816,73.693,74.44,75.122,75.609,75.934,76.129,76.064,75.869,75.544,75.057,74.44,73.758,73.011,72.134,71.192,70.185,69.243,68.236,67.36,66.483,65.671,64.989,64.307,63.754,63.235,62.748,62.293,61.871,61.481,61.124,60.799,60.507,60.182,59.857,59.565,59.305,59.045,58.818,58.558,58.298,58.071,57.746,57.486,57.324,57.064,56.869,56.609,56.382,56.122,55.862,55.7,55.44,55.245,55.05,54.855,54.693,54.498,54.303,54.173,54.011,53.816,53.686,53.621,53.556,53.426,53.361,53.297,53.232,53.004,52.614,52.257,52.127,52.062,52.192,53.069,55.927,62.26,73.043,87.821,105,122.67,139.43,154.56,167.29,173.01,173.01,173.01,173.01,173.01,173.01,173.01,173.01,171.68,167.36,163.23,159.18,155.18,151.51,148.13,144.88,141.6,138.49,135.5,132.38,128.94,125.17,121.05,116.5,111.43,106.24,101.36,97.239,93.862,91.296,89.38,88.048,87.106,86.424,85.937,85.417,84.995,84.573,83.988,83.371,82.624,81.747,80.87,80.058,79.182,78.175,77.168,76.259,75.317,74.245,73.173,72.199,71.322,70.445,69.568,68.821,68.171,67.619,67.132,66.613,66.19,65.671,65.313,64.924,64.566,64.177,63.819,63.43,63.137,62.748,62.358,62.001,61.611,61.124,60.637,60.182,59.76,59.24,58.883,58.623,58.753,59.76,62.618,68.107,76.616,87.821,100.55,114,127.18,139.3,149.85,158.17,163.98,167.29,168.43,167.81,165.93,163.23,160.12,156.74,153.3,149.92,146.74,143.75,140.92,138.36,135.92,133.61,131.31,128.87,126.24,123.19,119.55,115.43,110.69,105.62,100.42,95.745,91.686,88.568,86.262,84.605,83.631,82.981,82.754,82.624,82.559,82.494,82.364,82.137,81.812,81.358,80.805,80.188,79.506,78.759,77.947,77.135,76.356,75.544,74.732,73.855,72.946,72.004,71.062,70.25,69.568,68.983,68.366,67.879,67.295,66.807,66.32,65.801,65.313,64.794,64.372,63.884,63.43,62.943,62.488,62.066,61.611,61.319,60.994,60.734,60.572,60.734,62.066,65.443,71.874,81.682,94.251,108.44,123.06,137.12,149.82,160.44,168.63,173.01,173.01,173.01,173.01,173.01,172.17,169.05,165.8,162.42,159.18,156.06,153.13,150.37,147.74,145.24,142.94,140.63,138.26,135.76,132.93,129.75,126.11,121.86,117.05,111.82,106.43,101.23,96.687,92.92,89.932,87.626,86.067,84.995,84.378,83.923,83.631,83.371,83.046,82.754,82.299,81.812,81.195,80.481,79.669,78.857,78.012,77.135,76.194,75.317,74.44,73.563,72.686,71.809,70.997,70.25,69.568,68.918,68.366,67.814,67.295,66.872,66.385,65.866,65.508,65.119,64.761,64.372,63.949,63.43,63.007,62.553,62.131,61.676,61.254,60.864,60.864,61.546,63.754,68.431,76.259,87.074,100.19,114.32,128.42,141.6,153.23,162.75,169.7,173.01,173.01,173.01,173.01,172.75,170.06,167,163.88,160.67,157.62,154.76,152.13,149.63,147.26,144.98,142.81,140.57,138.19,135.69,132.87,129.56,125.76,121.24,116.17,110.75,105.29,100.29,95.94,92.368,89.575,87.496,86.067,85.06,84.443,83.988,83.696,83.436,83.111,82.754,82.299,81.812,81.195,80.481,79.734,78.987,78.175,77.298,76.356,75.447,74.505,73.628,72.751,71.939,71.257,70.575,69.86,69.243,68.691,68.171,67.749,67.262,66.742,66.255,65.801,65.378,64.924,64.566,64.112,63.69,63.17,62.748,62.26,61.871,61.481,116.04,110.36,105.94,102.7,100.26,98.376,97.012,96.135,95.615,95.486,95.486,95.615,95.94,96.297,96.622,96.947,97.012,96.135,94.251,92.855,93.569,95.615,96.752,95.875,94.057,92.303,90.419,88.113,85.742,83.858,82.429,80.805,78.987,77.363,76.551,76.356,76.421,76.259,75.544,74.732,74.18,74.115,74.7,75.869,77.135,77.298,76.616,77.688,83.241,92.692,103.44,114.81,127.61,141.44,154.56,165.74,173.01,173.01,173.01,173.01,173.01,173.01,173.01,173.01,173.01,173.01,173.01,173.01,173.01,172.13,170.54,168.92,167.29,165.57,163.43,160.73,157.42,153.56,149.3,144.43,138.88,132.74,126.63,120.98,116.11,111.92,108.57,106.17,104.87,104.38,104.19,103.93,103.51,102.79,101.95,100.94,99.935,98.798,97.694,96.492,95.323,94.121,92.855,91.491,90.192,88.86,87.626,86.554,85.547,84.735,84.183,83.858,83.631,83.306,82.949,82.754,82.494,82.072,81.487,80.935,80.383,79.864,79.247,78.694,78.24,77.882,77.558,77.168,76.811,77.006,78.435,82.137,88.86,98.636,110.43,123.12,136.05,148.81,160.73,171.19,173.01,173.01,173.01,173.01,173.01,173.01,173.01,173.01,173.01,173.01,173.01,173.01,173.01,173.01,173.01,173.01,173.01,173.01,171.94,168.98,166,162.55,158.14,152.74,146.57,140.05,133.61,127.51,121.76,116.63,112.7,110.2,108.8,107.92,107.11,106.24,105.07,103.8,102.76,101.82,100.88,99.935,98.733,97.304,95.745,94.446,93.31,92.238,91.361,90.614,90.062,89.737,89.932,90.939,93.115,97.109,102.99,110.49,119.06,128,136.64,144.56,151.12,155.86,158.43,158.98,157.94,155.57,152.13,147.81,142.94,137.74,132.38,126.92,121.31,115.56,109.74,104.25,99.48,95.745,93.31,92.043,91.491,91.231,91.231,91.556,92.01,92.303,92.368,92.303,92.108,91.816,91.198,90.322,89.445,88.568,87.756,87.106,86.424,85.547,84.573,83.566,82.494,81.358,80.253,79.311,78.629,78.012,77.168,76.323,75.512,74.797,74.18,73.628,73.173,72.881,72.686,72.426,72.069,71.614,71.127,70.607,70.185,69.86,69.73,69.568,69.308,68.918,68.496,68.107,67.749,67.36,66.872,66.418,66.06,65.801,65.508,65.119,64.761,64.372,63.884,63.56,63.365,63.3,63.137,62.813,62.488,62.196,61.871,61.611,61.449,61.254,61.059,60.669,60.312,59.857,59.5,59.24,59.825,62.26,67.944,77.688,91.231,107.37,124.49,141.25,156.74,170.32,173.01,173.01,173.01,173.01,173.01,173.01,173.01,173.01,173.01,173.01,173.01,173.01,173.01,173.01,172.69,170.8,168.92,167,165.05,162.81,160.05,156.74,152.81,148.23,142.87,136.93,130.63,124.49,119,114.36,110.75,107.99,105.94,104.42,103.44,102.79,102.37,101.88,101.17,100.29,99.383,98.246,97.109,96.168,95.356,94.544,93.699,92.627,91.621,90.614,89.672,88.73,87.886,87.106,86.424,85.677,84.865,83.988,83.111,82.234,81.423,80.805,80.318,79.799,79.182,78.5,77.882,77.233,76.616,76.064,75.544,75.057,74.505,73.855,73.303,72.816,72.686,73.238,75.252,79.571,86.424,95.81,107.05,119.62,132.51,144.92,156.12,165.51,172.69,173.01,173.01,173.01,173.01,173.01,173.01,172.62,170.25,168.04,166.06,164.18,162.29,160.57,158.82,157,154.99,152.94,150.5,147.55,143.88,139.23,133.87,128,121.86,116.17,111.43,107.7,104.74,102.5,100.94,99.87,99.123,98.506,98.051,97.629,97.109,96.427,95.615,94.674,93.699,92.563,91.361,90.257,89.185,88.113,86.944,85.742,84.67,83.696,82.624,81.617,80.741,80.058,79.441,78.824,78.175,77.623,77.07,76.486,75.869,75.447,75.057,74.635,74.115,73.628,73.108,72.556,71.939,71.387,70.932,70.51,70.12,69.99,70.607,72.881,77.558,85.417,96.557,110,124.68,139.36,153.23,165.38,173.01,173.01,173.01,173.01,173.01,173.01,173.01,173.01,173.01,173.01,173.01,173.01,173.01,173.01,172,170.51,168.98,167.36,165.61,163.69,161.42,158.75,155.38,151.45,146.74,141.38,135.3,128.87,122.57,116.86,111.98,108.05,105.07,102.92,101.56,100.55,99.74,99.188,98.733,98.246,97.629,96.947,96.135,95.258,94.316,93.439,92.433,91.361,90.192,88.925,87.756,86.619,85.547,84.573,83.696,82.884,82.072,81.26,80.546,79.994,79.571,79.117,78.564,78.045,77.558,77.006,76.356,75.739,75.122,74.505,73.855,73.173,72.686,72.361,72.426,73.563,76.551,82.234,90.874,102.05,115,128.68,142.06,154.37,164.92,173.01,173.01,173.01,173.01,173.01,173.01,173.01,173.01,173.01,173.01,172.56,171,169.63,168.17,166.68,165.25,163.82,162.36,160.57,158.43,155.8,152.61,148.62,143.81,138.42,132.45,126.18,120.01,114.42,109.87,106.17,103.38,101.36,100.19,99.545,99.058,98.506,97.921,97.304,96.687,96.005,95.323,94.544,93.732,92.855,91.88,90.939,89.997,89.12,88.113,87.171,86.294,85.482,84.735,83.858,82.981,82.072,81.293,80.676,80.123,79.571,78.987,78.37,77.753,77.07,76.421,75.804,75.252,74.7,74.18,73.693,73.173,72.816,72.946,74.31,77.493,83.306,92.108,103.8,117.57,131.99,146.05,159.11,170.38,173.01,173.01,173.01,173.01,173.01,173.01,173.01,173.01,173.01,173.01,173.01,173.01,173.01,171.81,170.61,169.31,167.62,165.74,163.69,161.38,158.62,155.18,150.93,145.92,140.31,134.13,127.57,121.44,116.17,111.98,108.74,106.24,104.32,102.99,102.05,101.43,100.88,100.29,99.74,99.123,98.376,97.564,96.557,95.551,94.544,93.439,92.238,91.069,89.867,88.698,87.561,86.359,85.32,84.248,83.306,82.429,81.747,81.13,80.448,79.734,79.117,78.5,77.947,77.493,77.006,76.421,75.869,75.317,74.797,74.31,73.823,73.238,72.816,72.621,72.946,74.31,77.558,83.566,92.563,104.25,117.73,132.06,146.12,158.98,169.86,173.01,173.01,173.01,173.01,173.01,173.01,173.01,173.01,173.01,173.01,173.01,173.01,173.01,173.01,171.81,170.54,169.24,167.68,165.74,163.56,160.93,157.94,154.24,149.82,144.56,138.49,131.99,125.43,119.29,113.93,109.55,106.17,103.8,102.18,101.14,100.36,99.805,99.383,98.863,98.311,97.694,96.947,96.005,94.998,93.927,92.822,91.686,90.484,89.25,87.983,86.814,85.742,84.8,83.858,82.981,82.17,81.487,80.805,80.253,79.734,79.247,78.694,78.11,77.623,77.135,76.616,76.064,75.447,74.797,74.18,73.693,73.173,72.816,72.686,73.368,75.739,80.611,88.698,99.545,112.7,127.05,141.57,155.18,167,173.01,173.01,173.01,173.01,173.01,173.01,173.01,173.01,173.01,173.01,173.01,173.01,173.01,173.01,173.01,172.36,170.87,169.37,167.68,165.74,163.23,160.31,156.74,152.68,147.87,142.25,135.86,129.2,122.67,116.82,111.92,108.05,105.07,102.86,101.23,100.13,99.448,98.928,98.506,97.856,97.239,96.427,95.551,94.544,93.504,92.238,91.004,89.867,88.925,88.048,87.171,86.197,85.19,84.183,83.306,82.624,81.942,81.293,80.611,79.929,79.247,78.694,78.045,77.363,76.681,75.999,75.382,74.7,73.985,73.303,72.556,71.939,71.484,71.322,71.549,72.751,75.934,82.007,91.231,103.12,116.69,130.85,144.82,157.62,168.56,173.01,173.01,173.01,173.01,173.01,173.01,173.01,173.01,173.01,173.01,173.01,171.94,170.25,168.69,167.29,166,164.57,163.01,161.12,158.95,156.25,153,149.04,144.3,138.88,132.67,126.11,119.75,114.19,109.61,106.17,103.61,101.88,100.68,99.87,99.448,99.058,98.668,98.181,97.564,96.882,96.135,95.323,94.446,93.504,92.433,91.426,90.419,89.51,88.633,87.691,86.684,85.677,84.735,83.923,83.111,82.234,81.423,80.611,79.929,79.311,78.824,78.37,77.817,77.168,76.486,75.804,75.122,74.44,73.758,73.108,72.556,72.296,72.491,73.823,76.941,82.884,91.945,103.93,117.8,132.51,146.74,159.76,170.8,173.01,173.01,173.01,173.01,173.01,173.01,173.01,173.01,173.01,173.01,173.01,173.01,173.01,74.05,74.31,75.739,79.117,84.93,93.245,103.93,116.56,130.43,144.43,157.42,168.43,173.01,173.01,173.01,173.01,173.01,173.01,173.01,173.01,173.01,173.01,173.01,173.01,173.01,173.01,172.56,171.32,169.86,168.04,165.8,163.1,159.92,156.45,152.55,148.07,142.81,136.73,130.3,124,118.32,113.51,109.74,106.82,104.55,102.79,101.62,100.75,100.06,99.318,98.636,98.051,97.434,96.687,95.68,94.609,93.439,92.238,91.133,89.932,88.73,87.431,86.262,85.19,84.313,83.566,83.046,82.884,82.819,82.624,82.137,81.552,81.423,82.494,85.385,90.257,97.174,105.81,115.43,125.43,135.17,144.11,151.87,157.75,161.61,163.3,163.17,161.61,158.82,155.25,151.06,146.51,141.73,136.67,131.31,125.56,119.62,113.61,107.79,102.44,97.824,94.316,91.945,90.484,89.737,89.51,89.575,89.672,89.867,90.127,90.322,90.257,90.062,89.607,89.12,88.633,88.048,87.366,86.424,85.32,84.183,83.046,81.877,80.676,79.636,78.857,78.24,77.428,76.421,75.447,74.57,73.628,72.751,72.004,71.322,70.867,70.607,70.607,70.445,69.925,69.308,68.821,68.496,68.366,68.171,68.009,67.814,67.619,67.295,66.937,66.613,66.385,66.06,65.671,65.378,65.119,64.859,64.566,64.177,63.949,63.754,63.56,63.3,63.007,62.618,62.26,61.936,61.546,61.254,61.319,62.131,64.924,70.867,80.805,94.381,110.2,126.79,143.13,158.36,171.68,173.01,173.01,173.01,173.01,173.01,173.01,173.01,173.01,173.01,173.01,173.01,173.01,173.01,173.01,172.07,170.12,168.17,166.19,163.98,161.61,158.82,155.51,151.67,147.39,142.38,136.73,130.63,124.42,118.67,113.8,109.81,106.56,104.12,102.24,100.94,100,99.188,98.441,97.759,97.044,96.362,95.551,94.609,93.732,92.92,92.043,91.133,89.997,88.86,87.756,86.619,85.612,84.67,83.858,83.241,82.559,81.812,81,80.253,79.571,78.922,78.305,77.753,77.298,76.941,76.486,75.999,75.317,74.7,74.115,73.628,73.043,72.556,72.134,71.809,71.679,72.199,74.18,78.564,85.807,95.68,107.57,120.56,133.68,146.12,157.19,166.42,173.01,173.01,173.01,173.01,173.01,173.01,173.01,173.01,171.48,169.05,166.81,164.73,162.81,160.93,159.11,157.29,155.38,153.07,150.5,147.48,144.01,139.82,134.88,129.2,123.12,117.12,111.69,107.18,103.61,100.94,98.863,97.239,96.07,95.193,94.544,93.992,93.504,92.855,92.238,91.556,90.809,89.932,89.055,88.113,87.106,86.067,84.995,83.923,82.949,82.007,81.065,80.253,79.441,78.629,77.817,77.006,76.323,75.739,75.122,74.57,73.92,73.433,72.946,72.491,72.069,71.549,70.932,70.315,69.795,69.438,69.048,68.691,68.626,69.438,71.874,76.746,84.8,95.875,109.19,123.61,138.06,151.61,163.75,173.01,173.01,173.01,173.01,173.01,173.01,173.01,173.01,173.01,173.01,173.01,173.01,171.26,169.44,167.68,166,164.11,162.07,159.86,157.49,154.99,152.32,149.04,144.92,139.95,134.23,128,121.79,116.04,111.24,107.44,104.55,102.44,100.81,99.48,98.441,97.499,96.427,95.356,94.446,93.732,93.05,92.108,91.133,89.997,88.73,87.431,86.132,84.735,83.436,82.17,81.065,80.123,79.571,79.182,78.694,78.11,77.688,77.298,76.811,76.194,75.804,75.512,75.057,74.635,74.115,73.368,72.361,71.484,70.737,69.99,69.113,68.496,68.431,68.983,70.607,74.05,80.383,89.672,101.49,114.81,128.68,142.32,154.86,165.8,173.01,173.01,173.01,173.01,173.01,173.01,173.01,173.01,173.01,173.01,172.07,169.99,168.01,166.13,164.37,162.62,160.8,158.82,156.74,154.3,151.32,147.74,143.62,138.81,133.42,127.51,121.37,115.62,110.62,106.43,103.05,100.42,98.441,97.012,96.005,95.258,94.674,94.121,93.569,92.92,92.368,91.751,90.939,89.997,88.99,87.983,86.944,85.742,84.605,83.566,82.689,81.812,80.935,80.058,79.247,78.435,77.753,77.135,76.486,75.934,75.382,74.797,74.245,73.758,73.238,72.751,72.199,71.549,70.932,70.38,69.795,69.243,68.983,69.308,70.997,74.797,81.682,91.686,104.25,118.25,132.67,146.67,159.56,170.44,173.01,173.01,173.01,173.01,173.01,173.01,173.01,173.01,173.01,173.01,173.01,172.69,170.8,168.98,167.36,165.67,163.92,162,159.76,157.06,154.01,150.5,146.38,141.57,135.92,129.75,123.38,117.31,111.92,107.44,103.8,100.94,98.798,97.304,96.233,95.551,94.998,94.446,93.862,93.31,92.627,91.945,91.133,90.192,89.185,88.113,86.944,85.742,84.605,83.696,82.754,81.877,80.935,80.123,79.311,78.564,77.882,77.233,76.616,76.064,75.512,74.862,74.18,73.498,72.946,72.296,71.614,70.802,69.99,69.243,68.561,68.107,67.944,68.107,69.048,71.614,76.681,84.67,95.356,107.99,121.63,135.43,148.55,160.25,169.93,173.01,173.01,173.01,173.01,173.01,173.01,173.01,173.01,173.01,170.51,168.11,166.06,164.18,162.42,160.67,158.69,156.61,154.43,152.13,149.37,146.12,142.25,137.54,132.12,126.05,119.81,114,109.06,105.07,101.95,99.545,97.921,96.817,95.94,95.193,94.544,93.992,93.504,92.92,92.238,91.426,90.679,89.802,88.925,88.048,87.171,86.294,85.417,84.508,83.566,82.754,82.007,81.195,80.318,79.506,78.824,78.045,77.298,76.746,76.259,75.609,74.992,74.57,74.115,73.563,72.816,71.939,70.997,70.315,69.86,69.698,69.568,69.568,70.25,72.556,77.558,85.547,96.427,109.48,123.68,138,151.54,163.56,173.01,173.01,173.01,173.01,173.01,173.01,173.01,173.01,173.01,173.01,173.01,172.69,170.54,168.63,166.81,164.99,163.1,161.19,159.18,157.13,154.63,151.51,147.74,143.29,138.13,132.19,125.92,120.01,114.62,109.87,105.81,102.63,100.29,98.636,97.369,96.362,95.745,95.323,94.804,94.186,93.439,92.563,91.621,90.549,89.51,88.438,87.431,86.489,85.547,84.605,83.566,82.559,81.617,80.805,80.058,79.247,78.564,77.882,77.168,76.421,75.609,74.862,74.115,73.563,73.108,72.881,72.556,72.134,71.484,70.737,70.055,69.373,68.821,68.561,68.918,70.575,74.18,80.611,90.127,102.18,115.95,130.24,144.37,157.36,168.5,173.01,173.01,173.01,173.01,173.01,173.01,173.01,173.01,173.01,173.01,172.88,170.61,168.69,167,165.25,163.43,161.61,159.79,157.81,155.44,152.61,149.3,145.31,140.63,135.24,129.3,123.19,117.25,111.82,107.11,103.25,100.29,98.051,96.557,95.486,94.804,94.381,93.927,93.439,92.757,91.945,91.198,90.322,89.445,88.568,87.756,86.944,85.872,84.735,83.566,82.429,81.358,80.481,79.636,78.857,78.305,77.753,77.135,76.421,75.674,74.992,74.505,73.985,73.498,73.043,72.621,72.134,71.484,70.737,70.055,69.438,68.886,68.561,68.691,69.925,73.043,78.824,87.691,99.383,112.99,127.51,141.86,155.25,167.07,173.01,173.01,173.01,173.01,173.01,173.01,173.01,173.01,173.01,173.01,173.01,171.26,168.98,166.94,165.12,163.36,161.55,159.63,157.49,155.05,152.19,148.88,144.98,140.37,134.95,128.68,122.31,116.24,110.82,106.17,102.57,99.805,97.694,96.135,95.063,94.251,93.634,93.115,92.498,91.945,91.361,90.679,89.932,89.12,88.178,87.236,86.359,85.417,84.378,83.501,82.754,81.942,81,80.058,79.311,78.629,77.947,77.298,76.616,75.999,75.447,74.862,74.05,73.238,72.621,72.069,71.419,70.802,70.315,69.73,69.178,68.691,68.171,67.814,68.074,69.633,73.433,80.318,90.192,102.57,116.37,130.76,144.88,157.68,168.56,173.01,173.01,173.01,173.01,173.01,173.01,173.01,173.01,173.01,171.48,169.05,167,165.05,163.1,161.19,159.3,157.36,155.38,153.07,150.57,147.55,144.01,139.49,134.17,128.13,121.86,115.82,110.49,106.17,102.86,100.42,98.668,97.434,96.427,95.745,95.193,94.804,94.511,94.251,93.732,93.05,92.173,91.361,90.549,89.737,88.795,87.691,86.424,85.385,84.313,83.306,82.17,81.065,80.123,79.311,78.564,77.623,76.746,75.934,75.122,74.44,73.758,73.238,72.751,72.199,71.614,71.062,70.607,70.38,70.055,69.698,69.243,68.918,68.821,69.503,71.744,76.551,84.508,95.551,108.8,123.19,137.67,151.45,163.75,173.01,173.01,173.01,173.01,173.01,173.01,173.01,173.01,173.01,173.01,173.01,173.01,171.74,169.8,167.88,165.93,163.92,162,159.99,157.81,155.38,152.55,149.17,145.05,139.98,134.23,128.13,121.86,115.95,110.56,106.07,102.5,99.74,97.759,96.427,95.551,94.998,94.511,93.927,93.439,92.855,92.303,91.556,90.679,89.672,88.633,87.561,86.489,85.482,84.573,83.696,82.754,81.682,80.611,79.636,78.694,77.882,77.135,76.616,76.194,75.804,75.252,74.57,73.855,73.238,72.686,72.199,71.614,71.127,70.607,70.185,69.73,69.308,68.918,68.918,70.055,73.173,79.117,88.243,100.26,114.19,128.81,143.2,156.38,167.75,173.01,173.01,173.01,173.01,173.01,173.01,173.01,173.01,173.01,173.01,173.01,171.42,169.37,167.49,165.74,163.98,162.07,160.05,157.88,155.51,152.74,149.69,145.99,141.57,136.18,130.04,123.61,117.44,111.85,107.24,103.57,100.81,98.798,97.369,96.233,95.323,94.609,93.992,93.439,92.855,92.303,91.751,91.069,90.127,89.055,87.983,86.944,85.937,84.93,83.923,83.046,82.137,81.195,80.188,79.247,78.435,77.688,77.006,76.421,75.999,75.609,75.187,74.635,73.985,73.368,72.816,72.231,71.679,71.192,70.802,70.445,69.925,69.438,69.113,69.503,71.419,75.739,83.306,94.121,107.37,121.92,136.67,150.8,163.49,173.01,173.01,173.01,173.01,173.01,173.01,173.01,173.01,173.01,173.01,173.01,173.01,171.87,169.86,168.01,166.26,164.5,162.62,160.67,158.56,156.06,153.17,149.76,145.57,140.5,134.49,127.8,120.98,114.62,109.13,104.68,101.36,98.993,97.304,96.07,95.193,94.511,93.927,93.439,92.985,92.563,92.108,91.556,90.744,89.737,88.698,87.626,86.554,85.547,84.605,83.793,83.046,82.299,81.423,80.546,79.669,78.824,78.012,77.298,76.746,76.323,75.804,75.252,74.57,73.855,73.173,72.556,71.939,71.387,70.867,70.445,69.86,69.308,68.756,68.431,68.821,70.575,74.57,81.552,91.686,104.25,118.25,132.67,146.74,159.5,170.19,173.01,173.01,173.01,173.01,173.01,173.01,173.01,173.01,173.01,172.3,170.06,168.04,166.19,164.37,162.55,160.73,159.05,157.19,155.05,152.48,149.37,145.57,140.99,135.76,129.81,123.48,117.51,112.18,107.86,104.48,101.95,100.06,98.733,97.824,97.044,96.492,96.005,95.551,94.933,94.251,93.569,92.757,91.945,90.939,89.867,88.73,87.561,86.489,85.385,84.313,83.241,82.137,81.195,80.383,79.636,78.987,78.37,77.688,77.006,76.356,75.869,75.447,74.992,74.505,73.985,73.368,72.751,72.199,71.614,71.062,70.607,70.185,69.73,69.503,69.925,71.874,76.129,83.371,93.732,106.63,121.24,136.44,150.86,163.88,173.01,173.01,173.01,173.01,173.01,173.01,173.01,173.01,173.01,173.01,173.01,173.01,173.01,171.74,170.12,168.63,167,165.12,163.17,161.12,158.82,155.93,152.61,148.81,144.11,138.42,132.06,125.56,119.19,113.45,108.51,104.55,101.56,99.318,97.694,96.557,95.81,95.258,94.804,94.381,93.732,93.115,92.368,91.621,90.744,89.802,88.86,87.886,86.814,85.742,84.67,83.696,82.754,81.747,80.805,79.994,79.311,78.564,77.817,77.135,76.551,75.999,75.447,74.927,74.505,74.05,73.563,73.011,72.361,71.679,71.062,70.575,70.12,69.795,69.633,69.925,71.549,75.447,82.364,92.627,105.42,119.81,134.62,148.81,161.74,172.62,173.01,173.01,173.01,173.01,173.01,173.01,173.01,173.01,173.01,173.01,173.01,171.87,169.8,167.88,166.13,164.31,162.55,160.67,158.62,156.25,153.43,150.11,146.18,141.38,135.82,129.68,123.25,117.12,111.63,107.05,103.44,100.62,98.571,97.109,96.135,95.486,94.933,94.446,93.862,93.245,92.627,91.945,91.198,90.386,89.38,88.243,87.171,86.197,85.125,84.053,82.981,81.877,80.87,79.994,79.182,78.5,77.817,77.07,76.421,75.934,75.447,74.927,74.44,73.855,73.368,72.881,72.361,71.809,71.257,70.672,70.185,69.633,69.113,68.886,69.243,70.997,74.992,82.072,92.368,105.42,120.14,135.24,149.85,163.17,173.01,173.01,173.01,173.01,173.01,173.01,173.01,173.01,173.01,173.01,173.01,173.01,172.43,170.51,168.76,167.07,165.38,163.62,161.68,159.56,157.19,154.37,150.93,146.74,141.86,136.18,129.94,123.38,117.05,111.43,106.82,103.18,100.49,98.506,97.044,95.94,95.193,94.544,94.057,93.569,92.985,92.368,91.686,90.939,90.062,89.12,88.113,87.106,86.067,84.93,83.858,82.884,81.942,80.935,79.994,79.117,78.305,77.688,77.135,76.486,75.804,75.122,74.44,73.855,73.433,72.946,72.361,71.809,71.127,70.51,69.925,69.373,68.821,68.236,67.879,67.944,68.918,71.679,77.07,85.742,97.304,111.01,125.76,140.5,154.37,166.48,173.01,173.01,173.01,173.01,173.01,173.01,173.01,173.01,173.01,173.01,171.87,169.5,167.49,165.67,163.82,162.07,160.25,158.36,156.32,154.04,151.45,148.36,144.49,139.75,134.07,127.8,121.24,114.94,109.39,104.94,101.62,99.188,97.434,96.135,95.323,94.739,94.446,94.121,93.797,93.634,93.374,92.855,92.173,91.296,90.386,89.38,88.438,87.496,86.619,85.807,84.93,83.923,82.884,81.877,80.935,80.058,79.247,78.5,77.817,77.135,76.421,75.674,75.057,74.44,73.855,73.498,73.108,72.816,72.296,71.614,71.062,70.575,70.25,69.925,69.795,70.445,72.816,77.882,86.262,97.694,111.43,126.57,141.73,155.99,168.3,173.01,173.01,173.01,173.01,173.01,173.01,173.01,173.01,173.01,173.01,173.01,173.01,171.19,169.18,167.29,165.67,164.11,162.42,160.38,158.07,155.38,152.26,148.55,144.07,138.88,132.93,126.57,120.07,113.93,108.61,104.38,101.14,98.733,97.174,96.135,95.323,94.739,94.251,93.797,93.374,92.822,92.173,91.491,90.809,89.997,88.925,87.821,86.749,85.677,84.605,83.501,82.494,81.617,80.805,79.929,78.987,78.11,77.233,76.551,75.934,75.382,74.797,74.44,74.05,73.693,73.173,72.491,71.874,71.257,70.672,70.185,69.633,69.178,68.821,68.561,68.626,69.568,72.231,77.817,86.684,98.636,112.73,127.93,143.13,157.19,169.31,173.01,173.01,173.01,173.01,173.01,173.01,173.01,173.01,173.01,173.01,173.01,173.01,170.74,168.76,166.87,165.12,163.49,161.81,159.86,157.55,154.86,151.74,148.07,143.62,138.29,132.38,126.05,119.88,114.06,109,104.74,101.36,98.863,97.044,95.81,94.998,94.544,94.186,93.732,93.115,92.433,91.751,90.939,89.997,89.055,88.243,87.496,86.554,85.482,84.378,83.306,82.299,81.487,80.481,79.506,78.694,78.11,77.493,76.746,76.064,75.544,74.927,74.31,73.758,73.238,72.946,72.686,72.231,71.549,70.802,70.185,69.568,68.983,68.561,68.301,68.756,70.445,74.245,80.935,90.809,103.44,117.86,133,147.81,161.42,172.95,173.01,173.01,173.01,173.01,173.01,173.01,173.01,173.01,173.01,173.01,173.01,171.35,169.31,167.36,165.67,163.98,162.26,160.38,158.3,155.93,153.13,149.63,145.37,140.44,134.75,128.48,122.05,115.95,110.43,105.81,102.18,99.383,97.434,96.07,95.193,94.544,94.057,93.634,93.115,92.692,92.173,91.556,90.744,89.932,89.12,88.178,87.106,86.002,84.865,83.793,82.754,81.682,80.676,79.799,78.987,78.11,77.298,76.681,76.129,75.512,74.862,74.245,73.693,73.173,72.751,72.296,71.874,71.387,70.737,70.055,69.373,68.821,68.301,67.814,67.619,68.236,70.51,75.252,83.046,93.862,106.98,121.7,136.73,151.12,163.88,173.01,173.01,173.01,173.01,173.01,173.01,173.01,173.01,173.01,173.01,173.01,171.06,168.85,166.74,164.73,162.88,161.06,159.24,157.29,155.18,152.74,149.85,146.44,142.06,136.86,130.85,124.42,118.06,112.24,107.37,103.57,100.62,98.441,96.817,95.551,94.674,94.057,93.634,93.18,92.692,92.173,91.686,91.069,90.322,89.51,88.698,87.821,87.009,86.197,85.385,84.605,83.793,82.949,82.072,81.26,80.448,79.734,78.987,78.175,77.363,76.681,76.129,75.544,75.057,74.505,73.985,73.433,72.816,72.199,71.679,71.322,70.867,70.51,70.12,69.86,70.12,71.419,74.7,80.805,90.257,102.57,116.76,131.63,146.25,159.69,171.19,173.01,173.01,173.01,173.01,173.01,173.01,173.01,173.01,173.01,173.01,171.48,169.05,166.87,164.86,163.01,161.19,159.3,157.29,155.12,152.68,149.69,145.99,141.57,136.25,130.24,123.94,117.67,112.11,107.5,103.8,101.01,98.798,97.239,96.135,95.323,94.739,94.381,93.992,93.699,93.245,92.498,91.556,90.419,89.38,88.308,87.236,86.197,85.125,84.053,82.981,81.942,81,80.123,79.182,78.305,77.428,76.811,76.259,75.739,75.122,74.505,73.985,73.498,73.108,72.686,72.231,71.809,71.322,70.802,70.25,69.73,69.308,68.821,68.301,67.944,67.814,68.107,69.698,73.498,80.611,91.069,104.25,119,134.23,149.01,162.36,173.01,173.01,173.01,173.01,173.01,173.01,173.01,173.01,173.01,173.01,173.01,173.01,172.36,170.38,168.5,166.68,164.86,163.07,161.25,159.18,156.87,154.04,150.73,146.74,141.99,136.51,130.3,123.87,117.57,111.82,106.89,102.86,99.74,97.434,95.81,94.804,94.316,93.927,93.569,93.115,92.692,92.108,91.491,90.874,90.192,89.315,88.308,87.236,86.197,85.125,84.118,83.111,82.137,81.065,80.058,79.117,78.305,77.623,77.006,76.421,75.804,75.252,74.635,74.115,73.628,73.108,72.556,72.004,71.419,70.932,70.38,69.73,69.113,68.626,68.236,68.107,68.561,70.38,74.375,81.358,91.556,104.42,119,134.17,148.81,162.07,173.01,173.01,173.01,173.01,173.01,173.01,173.01,173.01,173.01,173.01,173.01,171.81,169.5,167.49,165.74,163.98,162.29,160.6,158.75,156.54,154.01,151.06,147.68,143.55,138.68,133.06,126.79,120.36,114.32,108.93,104.48,101.01,98.311,96.427,95.193,94.381,93.797,93.374,93.05,92.757,92.368,91.88,91.198,90.322,89.38,88.438,87.496,86.554,85.547,84.443,83.306,82.17,81.13,80.188,79.311,78.564,77.947,77.298,76.616,75.869,75.187,74.57,74.05,73.693,73.303,72.946,72.621,72.231,71.809,71.419,71.744,73.498,77.493,84.053,93.31,104.74,117.67,131.05,143.94,155.38,164.79,171.81,173.01,173.01,173.01,173.01,173.01,170.61,166.94,163.01,158.98,154.76,150.31,145.7,140.76,135.3,129.62,123.68,117.64,111.63,106.24,101.88,98.441,95.875,94.186,93.18,92.563,92.238,92.303,92.627,92.692,92.563,92.498,92.303,91.945,91.556,91.361,91.621,92.563,94.381,97.012,100.36,104.12,107.73,110.95,113.38,114.75,114.94,113.87,111.43,107.63,102.79,97.434,91.751,86.359,81.747,78.045,75.252,73.173,71.679,70.672,70.185,70.055,70.185,70.51,70.932,71.387,71.939,72.426,72.686,72.751,72.556,72.426,72.231,72.069,71.874,71.679,71.419,71.062,70.607,70.055,69.503,68.918,68.366,67.749,67.132,66.483,65.93,65.248,64.631,64.047,63.625,63.235,62.878,62.488,62.131,61.806,61.546,61.449,61.384,61.319,61.254,61.189,61.059,60.799,60.572,60.312,60.052,59.825,59.565,59.37,59.305,59.37,59.24,59.013,58.558,58.168,57.941,57.746,57.616,57.486,57.356,57.259,57.129,57.064,57.064,57.064,56.999,56.934,56.804,56.739,56.609,56.512,56.447,56.447,56.447,56.447,56.447,56.382,56.252,56.122,56.057,55.927,55.797,55.57,55.31,55.18,55.05,54.985,54.855,54.823,54.758,54.693,54.563,54.433,54.368,54.173,54.011,53.816,53.686,53.556,53.361,53.134,52.939,52.874,52.874,53.199,54.303,57.746,65.054,77.168,93.439,111.85,130.69,148.55,164.44,173.01,173.01,173.01,173.01,173.01,173.01,173.01,173.01,173.01,173.01,173.01,171.32,167.62,164.18,160.86,157.75,154.69,151.61,148.49,145.31,141.93,138.36,134.36,129.88,124.94,119.68,114.36,109.13,104.42,100.42,97.239,94.868,92.985,91.621,90.614,89.932,89.38,88.73,88.048,87.366,86.684,86.067,85.482,84.93,84.183,83.306,82.234,81.13,80.058,79.052,78.012,77.07,76.194,75.252,74.31,73.368,72.621,71.939,71.322,70.607,69.99,69.373,68.821,68.366,68.009,67.619,67.295,67.002,66.677,66.32,65.995,65.736,65.508,65.119,64.761,64.242,63.819,63.365,62.943,62.748,62.878,63.754,66.255,71.192,79.117,89.802,102.44,115.82,129.07,141.44,152.32,161.19,167.62,171.55,173.01,173.01,171.74,169.5,166.87,164.05,161.19,158.3,155.38,152.55,149.85,147.39,145.05,142.74,140.37,137.8,135.11,132.12,128.74,124.94,120.49,115.43,110.07,104.87,100.13,96.07,92.692,89.997,87.983,86.554,85.547,84.93,84.605,84.313,83.988,83.566,83.111,82.624,82.072,81.487,80.87,80.123,79.247,78.305,77.298,76.356,75.512,74.635,73.92,73.238,72.491,71.614,70.802,70.185,69.698,69.178,68.626,68.107,67.684,67.295,66.872,66.483,66.19,65.801,65.313,64.631,63.982,63.495,63.137,62.748,62.423,62.293,62.813,64.761,69.178,76.811,87.561,100.55,114.87,129.36,143.29,155.73,165.93,173.01,173.01,173.01,173.01,173.01,173.01,173.01,170.67,167.42,164.31,161.38,158.62,156.06,153.62,151.32,149.01,146.61,144.24,141.67,138.81,135.5,131.8,127.57,122.86,117.73,112.31,106.98,102.11,98.051,94.674,92.01,89.932,88.568,87.561,86.814,86.197,85.742,85.32,84.865,84.378,83.793,83.176,82.429,81.552,80.676,79.734,78.857,78.012,77.07,76.194,75.382,74.505,73.303,71.127,68.009,65.671,65.671,66.937,67.295,66.548,65.866,66.385,67.944,68.918,68.691,68.074,67.814,67.424,66.807,65.801,63.819,61.189,59.305,59.175,60.182,61.611,63.235,65.995,71.484,80.611,92.01,103.8,116.17,129.56,142.94,155.86,168.85,173.01,173.01,173.01,173.01,173.01,173.01,169.63,164.92,159.86,154.63,150.63,149.24,149.85,150.57,150.24,149.04,147.68,145.63,142.32,137.74,132.8,127.8,122.57,117.25,112.44,107.92,103.12,97.759,93.115,90.809,90.679,90.744,89.607,87.691,86.002,84.605,83.566,83.176,83.631,84.378,84.573,83.988,83.241,82.754,82.299,81.682,80.805,79.929,79.052,78.11,77.298,76.746,75.999,75.122,74.375,73.985,73.855,73.693,73.173,72.491,71.679,70.867,70.12,69.438,68.886,68.431,68.366,68.691,68.821,68.107,67.067,65.995,65.184,64.924,65.736,68.236,73.011,80.87,92.043,106.01,121.76,137.45,151.06,161.87,169.99,173.01,173.01,173.01,173.01,173.01,173.01,173.01,173.01,173.01,170.61,167.42,164.44,161.68,159.05,156.61,154.37,152.13,149.63,146.87,144.01,140.99,137.67,133.81,129.3,124.07,118.38,112.57,107.11,102.5,99.123,96.882,95.193,93.569,92.108,90.939,89.932,88.99,88.503,88.373,88.373,88.178,87.756,87.074,86.197,85.385,84.8,84.573,84.118,82.949,81,78.857,76.616,74.505,73.173,72.816,72.946,73.108,73.238,73.011,72.426,72.004,71.874,72.004,71.939,71.614,71.257,70.802,70.315,69.633,68.756,67.814,67.002,66.385,65.93,65.995,67.002,69.795,75.512,155.12,153,150.63,148,145.31,142.48,139.07,134.69,129.49,124,118.48,113.19,108.18,103.57,99.61,96.492,94.186,92.498,91.296,90.614,90.322,90.127,89.867,89.445,88.73,87.886,86.944,86.132,85.385,84.605,83.696,82.624,81.617,80.611,79.669,78.759,77.817,76.941,76.323,75.739,75.187,74.375,73.628,72.946,72.426,72.069,71.744,71.387,70.867,70.25,69.73,69.438,69.113,68.626,68.074,67.424,66.937,66.483,66.255,66.483,67.879,71.549,78.305,88.048,100.19,113.87,128.48,143.07,156.32,167.42,173.01,173.01,173.01,173.01,173.01,173.01,173.01,173.01,173.01,172.07,169.57,167.13,164.7,162.13,159.63,157.42,155.44,153.23,150.7,148,145.24,142.25,138.62,134.07,128.61,122.67,116.76,96.492,93.992,92.238,91.004,90.192,89.737,89.51,89.25,88.925,88.438,87.821,87.106,86.424,85.677,84.93,84.183,83.371,82.364,81.26,80.123,79.052,78.11,77.298,76.551,75.869,75.187,74.44,73.693,73.011,72.426,71.939,71.484,71.127,70.802,70.445,69.925,69.308,68.756,68.171,67.684,67.262,66.807,66.418,65.995,65.736,66.255,68.301,72.816,80.448,91.133,104.25,118.8,133.68,147.74,160.25,170.51,173.01,173.01,173.01,173.01,173.01,173.01,173.01,173.01,171.19,168.04,165.12,162.36,159.99,157.81,155.67,153.56,151.51,149.56,147.42,144.92,142.06,138.68,134.75,129.94,124.36,118.38,112.5,107.05,102.44,98.571,95.356,92.92,91.231,90.127,89.51,89.315,89.25,88.99,88.698,88.373,87.918,87.301,86.489,85.742,84.995,84.183,83.306,82.299,81.195,80.188,79.182,78.24,77.363,76.551,75.934,75.382,74.732,73.985,73.303,72.751,72.199,71.744,71.322,70.997,70.575,70.055,69.503,68.886,68.236,67.749,67.295,66.937,66.548,66.255,66.32,67.197,69.925,75.544,84.573,96.752,111.17,126.63,141.93,156.12,168.37,173.01,173.01,173.01,173.01,173.01,173.01,173.01,173.01,173.01,173.01,170.12,167.36,164.86,162.62,160.44,158.43,156.48,154.5,152.35,149.98,147.48,144.56,140.99,136.73,131.7,125.92,119.88,113.87,108.44,103.73,99.935,96.882,94.511,92.822,91.686,91.004,90.549,90.322,90.062,89.802,89.315,88.698,87.918,87.106,86.197,85.32,84.443,83.631,82.819,81.877,80.935,79.994,79.182,78.5,78.012,77.817,78.37,80.318,84.183,90.484,99.123,109.42,120.88,132.54,143.55,153.07,160.38,165.31,167.81,168.17,166.94,164.44,161.19,157.42,153.36,149.3,145.18,141.25,137.45,133.61,129.75,125.5,120.62,115.17,109.48,103.93,98.863,94.609,91.361,89.12,87.756,86.879,86.489,86.424,86.619,86.879,87.074,87.236,87.301,87.236,86.879,86.294,85.612,84.93,84.183,83.436,82.754,82.072,81.26,80.318,79.311,78.37,77.428,76.616,75.804,75.122,74.44,73.693,72.881,72.069,71.387,70.737,70.25,69.795,69.373,68.918,68.366,67.684,67.067,66.548,66.255,65.995,65.866,65.736,65.671,65.443,65.054,64.696,64.307,63.982,63.625,63.3,63.137,62.878,62.553,62.293,62.131,61.936,61.871,61.741,61.676,61.481,61.254,60.864,60.442,60.117,59.922,60.247,61.871,66.32,74.7,87.301,103.31,121.24,139.56,156.87,172.13,173.01,173.01,173.01,173.01,173.01,173.01,173.01,173.01,173.01,173.01,173.01,173.01,173.01,170.61,168.01,165.57,163.3,161.06,158.82,156.32,153.62,150.57,147.06,143.13,138.62,133.42,127.67,121.57,115.49,109.94,105.13,101.3,98.311,96.135,94.544,93.569,92.855,92.368,91.945,91.556,91.069,90.484,89.867,89.185,88.373,87.496,86.554,85.612,84.605,83.566,82.559,81.552,80.481,79.506,78.5,77.623,76.746,75.934,75.187,74.57,73.92,73.303,72.816,72.296,71.874,71.419,71.062,70.607,70.25,69.86,69.438,68.983,68.496,68.009,67.424,66.937,66.483,66.255,66.418,67.554,70.51,76.129,84.865,96.557,110.13,124.62,138.94,152.13,163.49,172.3,173.01,173.01,173.01,173.01,173.01,173.01,173.01,171.19,168.04,165.05,162.29,159.79,157.55,155.51,153.56,151.61,149.63,147.48,145.11,142.42,139.23,135.43,130.92,125.76,119.94,113.93,108.18,103.12,98.863,95.486,92.985,91.231,89.997,89.315,88.86,88.633,88.438,88.178,87.821,87.366,86.879,86.262,85.482,84.735,83.858,82.949,82.007,81.065,79.994,78.987,78.045,77.168,76.323,75.512,74.732,74.05,73.433,72.881,72.361,71.874,71.387,70.867,70.445,69.99,69.503,68.983,68.496,67.944,67.424,66.872,66.32,65.736,65.248,64.859,64.859,65.736,68.431,73.855,82.754,94.739,109.06,124.49,139.98,154.5,167.2,173.01,173.01,173.01,173.01,173.01,173.01,173.01,173.01,173.01,173.01,169.93,167,164.31,161.81,159.63,157.55,155.63,153.56,151.45,149.04,146.38,143.36,139.95,135.82,130.98,125.5,119.49,113.45,107.79,102.92,98.993,95.94,93.699,92.043,91.004,90.386,89.997,89.672,89.38,89.055,88.633,88.178,87.691,87.106,86.489,85.872,85.19,84.443,83.566,82.754,82.072,81.423,80.611,79.734,79.052,78.5,77.947,77.135,76.323,75.674,75.057,74.245,73.433,72.881,72.491,72.556,73.855,77.298,83.436,92.368,103.93,117.12,130.85,144.3,156.61,166.81,173.01,173.01,173.01,173.01,173.01,173.01,173.01,169.73,166.55,163.49,160.6,158.01,155.63,153.3,150.99,148.75,146.38,143.94,141.18,138.06,134.23,129.81,124.68,119,113.19,107.5,102.5,98.376,95.193,92.822,91.198,90.192,89.607,89.25,89.055,88.925,88.698,88.373,87.918,87.431,86.749,86.002,85.19,84.313,83.371,82.429,81.358,80.383,79.441,78.435,77.558,76.681,75.869,75.057,74.245,73.563,72.946,72.296,71.744,71.127,70.51,69.925,69.438,69.048,68.691,68.236,67.814,67.36,66.937,66.613,66.32,66.06,65.801,65.573,65.248,64.989,64.696,64.501,64.242,63.949,63.69,63.365,63.072,62.748,62.618,63.3,65.671,71.062,80.383,93.504,109.39,126.63,143.88,159.86,173.01,173.01,173.01,173.01,173.01,173.01,173.01,173.01,173.01,173.01,173.01,173.01,173.01,171.74,169.05,166.68,164.57,162.49,160.51,158.36,156.12,153.62,150.73,147.42,143.68,139.3,134.23,128.55,122.44,116.37,110.82,106.01,102.05,98.928,96.622,94.998,93.797,92.985,92.433,91.945,91.426,90.939,90.386,89.737,89.055,88.243,87.366,86.359,85.417,84.443,83.436,82.429,81.423,80.383,79.376,78.435,77.558,76.746,75.934,75.252,74.635,74.05,73.498,73.011,72.491,72.004,71.549,71.127,70.672,70.25,69.795,69.373,68.821,68.301,67.749,67.197,66.742,66.32,66.06,66.32,67.684,71.127,77.363,86.749,98.798,112.7,127.38,141.73,154.86,166.06,173.01,173.01,173.01,173.01,173.01,173.01,173.01,173.01,172.3,169.24,166.26,163.56,161.12,158.95,156.93,154.99,153.13,151.19,149.11,146.74,144.01,140.76,136.86,132.19,126.79,120.95,114.87,109.13,103.99,99.805,96.427,93.927,92.173,90.939,90.127,89.607,89.51,89.51,89.315,88.795,88.113,87.301,86.554,85.807,84.995,84.248,83.436,82.494,81.487,80.448,79.441,78.435,77.428,76.551,75.804,75.057,74.375,73.758,73.108,72.556,72.069,71.549,71.062,70.607,70.185,69.698,69.243,68.821,68.301,67.749,67.262,66.742,66.19,65.736,65.443,65.573,66.807,69.99,76.259,85.937,98.636,113.32,128.74,143.94,157.88,169.63,173.01,173.01,173.01,173.01,173.01,173.01,173.01,173.01,173.01,171.68,168.76,166.13,163.69,161.48,159.5,157.62,155.67,153.75,151.61,149.24,146.57,143.36,139.69,135.24,130.04,124.26,118.06,111.92,106.37,101.69,97.921,95.063,92.985,91.556,90.679,90.192,89.867,89.575,89.315,88.925,88.438,87.886,87.171,86.424,85.677,84.93,84.118,83.306,82.429,81.617,80.805,79.994,79.247,78.435,77.623,76.876,76.129,75.382,74.7,73.985,73.368,72.751,72.199,71.549,71.062,70.575,70.055,69.568,69.113,68.626,68.107,67.684,67.262,66.872,66.548,66.418,66.807,68.366,72.069,78.694,88.438,101.01,115.43,130.63,145.44,158.88,170.06,173.01,173.01,173.01,173.01,173.01,173.01,173.01,173.01,171.48,168.17,165.12,162.26,159.63,157.26,154.99,152.81,150.7,148.42,145.99,143.36,140.37,136.8,132.54,127.51,121.76,115.82,110.07,104.87,100.55,97.109,94.511,92.627,91.296,90.484,89.997,89.672,89.38,89.12,88.795,88.438,87.886,87.236,86.424,85.482,84.573,83.566,82.624,81.617,80.611,79.636,78.629,77.688,76.811,75.934,75.187,74.44,73.758,73.108,72.556,72.069,71.549,71.127,70.672,70.25,69.86,69.438,68.983,68.561,68.171,67.749,67.295,66.872,66.418,65.995,65.573,65.378,65.671,67.295,71.192,78.24,88.73,102.18,117.51,133.32,148.42,162.07,173.01,173.01,173.01,173.01,173.01,173.01,173.01,173.01,173.01,173.01,172.62,169.73,167,164.5,162.26,160.38,158.62,156.74,154.76,152.74,150.5,147.81,144.56,140.79,136.44,131.24,125.43,119.29,113.12,107.24,102.24,98.246,95.193,92.985,91.491,90.549,89.997,89.737,89.575,89.315,88.99,88.568,88.048,87.496,86.749,85.937,85.125,84.183,83.241,82.299,81.26,80.253,79.247,78.37,77.428,76.616,75.804,75.057,74.375,73.758,73.108,72.491,71.939,71.419,70.997,70.607,70.185,69.698,69.243,68.756,68.236,67.749,67.197,66.613,66.125,65.736,65.606,66.19,68.074,72.361,79.799,90.614,104.06,119,134.3,148.88,161.81,172.23,173.01,173.01,173.01,173.01,173.01,173.01,173.01,173.01,172.62,169.63,166.81,164.31,162,159.86,158.01,156.12,154.24,152.26,150.05,147.61,144.75,141.38,137.32,132.61,127.18,121.24,115.17,109.42,104.38,100.19,96.882,94.381,92.563,91.361,90.679,90.257,89.932,89.672,89.38,88.925,88.503,87.886,87.171,86.359,85.417,84.573,83.631,82.624,81.617,80.611,79.636,78.694,77.753,76.941,76.129,75.317,74.635,73.92,73.368,72.816,72.231,71.744,71.322,70.802,70.38,69.86,69.438,68.918,68.431,67.944,67.424,66.872,66.418,66.06,65.736,65.866,66.937,69.925,75.804,85.125,97.499,112.11,127.74,143.13,157.26,169.31,173.01,173.01,173.01,173.01,173.01,173.01,173.01,173.01,173.01,173.01,170.32,167.36,164.79,162.49,160.44,158.49,156.61,154.69,152.68,150.5,147.94,144.92,141.25,136.86,131.7,125.82,119.42,113.12,107.24,102.31,98.246,95.258,93.05,91.621,90.744,90.257,89.932,89.737,89.51,89.25,88.86,88.438,87.886,87.171,86.424,85.612,84.735,83.923,83.046,82.137,81.26,80.318,79.441,78.564,77.817,77.07,76.323,75.544,74.927,74.245,73.563,72.946,72.361,71.809,71.322,70.867,70.38,69.795,69.178,68.626,68.074,67.489,67.002,66.483,66.06,65.671,65.573,66.125,68.009,72.231,79.636,90.386,103.8,118.8,134.3,149.11,162.26,172.95,173.01,173.01,173.01,173.01,173.01,173.01,173.01,173.01,171.87,168.85,166,163.43,160.99,158.82,156.87,154.99,153.17,151.25,149.04,146.51,143.36,139.49,134.95,129.56,123.61,117.44,111.43,106.17,101.82,98.376,95.81,93.992,92.822,92.108,91.621,91.231,90.939,90.614,90.192,89.672,89.12,88.438,87.756,86.944,86.067,85.125,84.183,83.176,82.234,81.195,80.123,79.117,78.175,77.298,76.421,75.674,74.927,74.31,73.758,73.238,72.816,72.296,71.809,71.387,70.932,70.51,70.055,69.698,69.308,68.821,68.366,67.879,67.36,66.937,66.483,66.32,66.613,68.107,71.809,78.564,88.698,101.82,116.92,132.74,148.13,162.07,173.01,173.01,173.01,173.01,173.01,173.01,173.01,173.01,173.01,173.01,173.01,172.36,169.7,167.23,165.05,163.01,161.06,159.24,157.36,155.38,153.17,150.63,147.61,144.01,139.62,134.43,128.61,122.38,116.11,110.23,105.13,100.94,97.629,95.258,93.634,92.563,91.945,91.556,91.231,91.004,90.679,90.257,89.672,88.99,88.308,87.496,86.684,85.742,84.735,83.761,82.754,81.747,80.805,79.864,78.922,78.11,77.298,76.551,75.804,75.122,74.505,73.92,73.368,72.881,72.426,71.939,71.419,70.997,70.575,70.055,69.633,69.048,68.561,68.074,67.554,67.197,67.002,67.295,68.691,72.199,78.629,88.438,101.17,115.88,131.31,146.44,160.18,171.81,173.01,173.01,173.01,173.01,173.01,173.01,173.01,173.01,173.01,173.01,170.8,168.11,165.74,163.49,161.48,159.63,157.75,155.86,153.75,151.45,148.68,145.5,141.73,137.32,132.12,126.24,120.01,113.8,108.18,103.38,99.448,96.492,94.381,93.05,92.238,91.686,91.296,91.069,90.874,90.614,90.192,89.607,88.99,88.308,87.431,86.554,85.482,84.508,83.501,82.494,81.423,80.383,79.376,78.5,77.493,76.616,75.869,75.187,74.375,73.693,73.108,72.556,71.939,71.387,70.997,70.51,69.925,69.438,68.983,68.496,67.879,67.295,66.872,66.418,65.866,65.378,65.378,66.19,68.626,73.628,82.072,93.992,108.31,123.81,139.49,154.43,167.55,173.01,173.01,173.01,173.01,173.01,173.01,173.01,173.01,173.01,173.01,171.42,168.43,165.67,163.23,160.99,158.98,157.13,155.25,153.36,151.32,148.94,146.12,142.74,138.62,133.61,127.87,121.63,115.23,109.32,104.19,100.06,96.882,94.609,93.115,92.173,91.621,91.231,91.069,90.874,90.679,90.419,90.062,89.607,89.185,88.568,87.918,87.171,86.424,85.612,84.735,83.858,82.949,82.072,81.195,80.318,79.441,78.564,77.753,77.006,76.323,75.609,74.927,74.31,73.823,73.368,72.946,72.426,71.874,71.257,70.607,70.055,69.568,69.048,68.626,68.301,68.107,68.236,69.048,71.322,76.194,84.313,95.615,109.42,124.49,139.69,154.11,166.87,173.01,173.01,173.01,173.01,173.01,173.01,173.01,173.01,173.01,173.01,170.93,167.88,165.12,162.62,160.38,158.23,156.32,154.37,152.35,150.18,147.68,144.69,140.99,136.57,131.24,125.24,118.87,112.7,107.05,102.37,98.668,95.875,93.927,92.692,91.945,91.556,91.296,91.133,90.939,90.614,90.257,89.802,89.185,88.503,87.626,86.684,85.677,84.67,83.696,82.624,81.617,80.676,79.734,78.857,78.012,77.168,76.421,75.739,75.187,74.57,74.05,73.498,73.011,72.491,72.069,71.549,71.127,70.672,70.25,69.795,69.373,68.886,68.431,67.944,67.489,67.132,66.807,67.002,68.236,71.614,78.012,87.886,100.81,115.88,131.86,147.61,162.13,173.01,173.01,173.01,173.01,173.01,173.01,173.01,173.01,173.01,173.01,173.01,173.01,171.06,168.56,166.32,164.31,162.42,160.67,158.95,157,154.86,152.42,149.5,145.92,141.6,136.51,130.56,124.13,117.64,111.56,106.17,101.82,98.441,96.005,94.381,93.374,92.757,92.368,92.238,92.108,91.945,91.556,91.133,90.419,89.737,88.925,87.983,87.074,86.067,84.995,83.923,82.949,81.877,80.805,79.734,78.824,77.947,77.135,76.356,75.674,74.992,74.44,73.855,73.433,72.946,72.491,72.069,71.614,71.257,70.802,70.38,69.86,69.308,68.821,68.236,67.749,67.295,67.197,67.749,69.633,73.985,81.617,92.563,106.17,121.37,136.93,151.93,165.31,173.01,173.01,173.01,173.01,173.01,173.01,173.01,173.01,173.01,173.01,171.87,168.85,166.13,163.62,161.32,159.3,157.42,155.67,153.95,152,149.76,147,143.62,139.49,134.56,128.81,122.44,116.04,110.2,105.07,101.01,97.824,95.551,94.057,93.18,92.757,92.498,92.368,92.238,92.108,91.816,91.361,90.744,90.062,89.315,88.438,87.431,86.424,85.417,84.378,83.371,82.299,81.358,80.383,79.506,78.629,77.882,77.07,76.356,75.739,75.187,74.7,74.18,73.758,73.303,72.881,72.361,71.939,71.484,71.062,70.607,70.12,69.698,69.178,68.756,68.431,68.366,68.886,70.932,75.609,83.761,95.258,109.42,125.11,141.12,156.32,169.73,173.01,173.01,173.01,173.01,173.01,173.01,173.01,173.01,173.01,173.01,173.01,172.75,170.19,167.88,165.8,163.92,162.26,160.51,158.75,156.74,154.5,151.8,148.55,144.56,139.69,134.07,127.8,121.24,114.87,109.19,104.42,100.75,97.986,96.135,94.804,93.992,93.569,93.245,93.05,92.822,92.368,91.88,91.231,90.549,89.737,88.925,88.048,87.074,86.067,84.995,83.858,82.819,81.812,80.805,79.864,78.922,78.045,77.298,76.616,75.934,75.252,74.635,73.985,73.433,72.946,72.361,71.874,71.387,70.867,70.38,69.795,69.243,68.691,68.171,67.619,67.067,66.742,66.807,67.814,70.607,76.259,85.32,97.499,112.05,127.74,143.42,158.01,170.61,173.01,173.01,173.01,173.01,173.01,173.01,173.01,173.01,173.01,173.01,170.32,167.29,164.57,162.13,159.92,158.07,156.38,154.63,152.81,150.8,148.36,145.5,141.8,137.32,131.93,125.89,119.29,112.93,107.57,103.25,99.805,97.174,95.356,94.381,93.797,93.439,93.18,92.985,152.06,149.76,147.26,144.37,140.92,136.93,132.12,126.63,120.62,114.49,108.8,103.93,100,97.044,94.868,93.374,92.368,91.686,91.231,90.874,90.614,90.322,89.932,89.445,88.925,88.438,87.886,87.171,86.489,85.677,84.865,84.118,83.306,82.494,81.682,80.935,80.123,79.376,78.564,77.753,77.006,76.323,75.674,75.122,74.635,74.05,73.498,72.881,72.199,71.549,70.867,70.185,69.633,69.113,68.821,68.561,68.691,69.438,71.679,76.356,84.378,95.551,109.26,124.26,139.43,153.69,166.26,173.01,173.01,173.01,173.01,173.01,173.01,173.01,173.01,173.01,173.01,172.13,169.11,166.39,163.88,161.48,159.3,157.19,154.99,152.74,150.31,147.48,144.24,140.31,135.69,130.24,124.26,118.06,112.11,106.89,102.5,99.058,96.492,94.609,93.439,92.757,92.368,92.108,91.816,91.426,90.939,90.386,89.737,89.055,88.308,87.366,86.424,85.417,84.378,83.371,82.364,81.358,80.383,79.441,78.564,77.817,77.07,76.356,75.739,75.187,74.635,74.115,73.563,73.043,72.556,72.069,71.614,71.127,70.607,70.12,69.568,68.983,68.431,67.944,67.489,67.262,67.619,69.308,73.238,80.253,90.679,103.86,118.8,134.23,149.11,162.55,173.01,173.01,173.01,173.01,173.01,173.01,173.01,173.01,173.01,173.01,173.01,172.82,170.25,167.88,165.67,163.62,161.61,159.69,157.62,155.31,152.74,149.82,146.38,142.38,137.67,132.32,126.31,120.07,113.87,108.31,103.61,99.935,97.109,95.128,93.732,92.92,92.368,92.043,91.751,91.491,91.133,90.679,90.127,89.445,88.633,87.691,86.749,85.742,84.735,83.761,82.754,81.812,80.805,79.929,78.987,78.175,77.363,76.811,76.259,75.674,74.992,74.31,73.823,73.433,72.946,72.361,71.809,71.322,70.802,70.25,69.633,68.983,68.366,67.879,67.879,68.756,71.257,76.259,84.443,95.68,109.42,124.62,139.95,154.3,166.87,173.01,173.01,173.01,173.01,173.01,173.01,173.01,173.01,173.01,173.01,173.01,170.19,167.62,165.51,163.49,161.48,159.5,157.55,155.51,153.17,150.5,147.42,143.75,139.49,134.36,128.48,122.18,116.04,110.3,105.29,101.17,98.116,95.875,94.316,93.18,92.433,92.01,91.621,91.231,90.874,90.386,89.802,89.185,88.438,87.561,86.684,85.742,84.735,83.696,82.559,81.552,80.546,79.636,78.824,78.012,77.168,76.421,75.739,75.122,74.505,73.92,73.433,72.946,72.491,72.004,71.419,70.802,70.25,69.73,69.178,68.626,68.009,67.36,67.002,67.067,68.171,71.257,77.168,86.424,98.636,112.86,128.13,143.13,157.06,168.98,173.01,173.01,173.01,173.01,173.01,173.01,173.01,173.01,173.01,173.01,170.93,168.11,165.57,163.23,161.12,159.11,157.13,155.05,152.81,150.37,147.55,144.3,140.5,135.86,130.56,124.49,118.19,112.05,106.69,102.18,98.733,96.135,94.251,92.985,92.238,91.686,91.361,91.004,90.679,90.257,89.802,89.25,88.698,88.048,87.431,86.684,86.002,85.32,84.573,83.793,83.046,82.299,81.487,80.676,79.799,78.987,78.11,77.363,76.616,75.934,75.317,74.7,74.115,73.563,73.011,72.426,71.809,71.257,70.737,70.185,69.73,69.243,68.821,68.626,68.918,70.575,74.375,81.26,91.426,104.38,119.13,134.56,149.5,163.01,173.01,173.01,173.01,173.01,173.01,173.01,173.01,173.01,173.01,173.01,173.01,170.12,167.29,164.73,162.29,160.05,157.88,155.73,153.56,151.19,148.55,145.5,141.86,137.61,132.54,126.79,120.62,114.36,108.61,103.73,99.87,96.947,94.804,93.439,92.498,91.945,91.556,91.296,91.004,90.614,90.192,89.607,88.925,88.113,87.236,86.294,85.32,84.248,83.176,82.17,81.195,80.188,79.247,78.37,77.558,76.746,76.064,75.382,74.797,74.245,73.758,73.238,72.751,72.231,71.809,71.322,70.867,70.38,69.795,69.308,68.756,68.171,67.619,67.132,66.742,66.807,67.814,70.607,76.194,85.19,97.434,111.92,127.57,143,157.26,169.63,173.01,173.01,173.01,173.01,173.01,173.01,173.01,173.01,173.01,173.01,173.01,170.32,167.62,165.25,163.01,160.93,158.98,157,154.86,152.55,149.85,146.8,143.13,138.81,133.81,128,121.76,115.43,109.61,104.55,100.49,97.304,94.998,93.374,92.238,91.556,91.133,90.874,90.549,90.257,89.737,89.12,88.503,87.756,87.009,86.197,85.32,84.313,83.241,82.234,81.195,80.188,79.247,78.37,77.493,76.681,75.934,75.317,74.7,74.115,73.563,73.043,72.621,72.134,71.614,71.127,70.575,70.055,69.503,68.918,68.301,67.814,67.295,66.937,66.937,67.814,70.445,75.804,84.573,96.427,110.69,125.92,141.18,155.38,167.75,173.01,173.01,173.01,173.01,173.01,173.01,173.01,173.01,173.01,173.01,171.55,168.56,165.8,163.36,161.19,159.11,157.26,155.25,153.17,150.86,148.23,145.11,141.38,136.86,131.63,125.76,119.55,113.51,107.92,103.25,99.448,96.557,94.446,92.985,92.01,91.361,91.004,90.614,90.257,89.802,89.315,88.73,88.048,87.171,86.294,85.32,84.248,83.241,82.234,81.26,80.253,79.311,78.435,77.558,76.746,75.999,75.317,74.7,74.05,73.498,72.946,72.426,71.809,71.257,70.672,70.12,69.568,68.983,68.366,67.749,67.197,66.613,66.125,65.801,65.736,66.548,68.983,74.245,82.754,94.381,108.18,123.25,138.42,152.81,165.51,173.01,173.01,173.01,173.01,173.01,173.01,173.01,173.01,173.01,173.01,170.25,167.23,164.57,162.13,159.92,157.88,155.93,154.01,151.93,149.69,147.06,144.01,140.24,135.86,130.69,124.81,118.61,112.57,107.11,102.57,99.058,96.492,94.674,93.439,92.627,92.303,92.108,91.88,91.556,91.069,90.549,89.997,89.445,88.73,87.918,87.009,85.937,85.06,84.248,83.306,82.364,81.487,80.741,79.864,78.922,78.012,77.168,76.323,75.544,74.992,74.57,74.05,73.498,73.011,72.556,72.069,71.484,70.802,70.25,69.698,69.113,68.561,68.009,67.684,67.814,69.113,72.556,78.987,88.86,101.62,116.3,131.8,147.06,160.93,172.75,173.01,173.01,173.01,173.01,173.01,173.01,173.01,173.01,173.01,173.01,171.68,168.85,166.39,164.05,162,160.12,158.3,156.38,154.3,151.87,149.04,145.63,141.57,136.73,131.18,125.07,118.67,112.57,107.11,102.63,99.058,96.492,94.674,93.504,92.692,92.173,91.88,91.556,91.231,90.809,90.257,89.607,88.925,88.113,87.171,86.262,85.255,84.183,83.111,82.137,81.065,80.123,79.182,78.37,77.558,76.746,76.064,75.447,74.797,74.245,73.758,73.173,72.751,72.296,71.874,71.322,70.737,70.12,69.568,68.983,68.496,68.009,67.554,67.36,67.684,69.438,73.433,80.676,91.296,104.68,119.75,135.37,150.44,163.92,173.01,173.01,173.01,173.01,173.01,173.01,173.01,173.01,173.01,173.01,173.01,171.26,168.5,166.06,163.82,161.74,159.79,157.94,155.93,153.75,151.38,148.55,145.24,141.31,136.57,131.05,124.88,118.45,112.24,106.76,102.18,98.571,95.875,94.057,92.855,92.173,91.816,91.491,91.133,90.809,90.322,89.737,89.185,88.568,87.756,86.814,85.807,84.735,83.761,82.754,81.812,80.935,79.994,79.182,78.37,77.558,76.746,75.934,75.252,74.635,74.115,73.628,73.043,72.556,72.004,71.419,70.932,70.38,69.86,69.308,68.821,68.236,67.749,67.295,67.132,67.489,69.178,73.108,80.253,90.744,104.06,119.13,134.69,149.69,163.23,173.01,173.01,173.01,173.01,173.01,173.01,173.01,173.01,173.01,173.01,173.01,170.87,168.17,165.8,163.56,161.48,159.5,157.49,155.44,153.13,150.63,147.68,144.24,140.05,135.11,129.36,123.12,116.82,110.88,105.68,101.43,98.116,95.68,93.927,92.855,92.108,91.686,91.361,91.069,90.679,90.257,89.672,88.99,88.178,87.301,86.359,85.385,84.443,83.436,82.429,81.423,80.383,79.441,78.5,77.688,76.876,76.129,75.382,74.7,73.985,73.368,72.881,72.296,71.809,71.192,70.575,69.99,69.503,68.983,68.496,67.944,67.295,66.677,66.19,65.93,66.19,67.554,70.997,77.298,87.009,99.545,114,129.3,144.37,158.23,170.06,173.01,173.01,173.01,173.01,173.01,173.01,173.01,173.01,173.01,172.3,169.11,166.32,163.75,161.48,159.37,157.36,155.38,153.23,151.06,148.55,145.7,142.32,138.26,133.42,128,121.92,115.69,109.74,104.61,100.49,97.304,95.063,93.504,92.368,91.686,91.198,90.939,90.809,90.679,90.419,89.997,89.445,88.73,88.048,87.366,86.619,85.807,84.93,83.988,83.046,82.137,81.26,80.318,79.441,78.629,77.753,77.006,76.323,75.609,74.927,74.375,73.823,73.238,72.621,71.939,71.387,70.867,70.445,69.99,69.633,69.113,68.626,68.107,67.879,68.171,69.73,73.563,80.481,90.744,103.8,118.61,134.13,149.17,162.75,173.01,173.01,173.01,173.01,173.01,173.01,173.01,173.01,173.01,173.01,172.75,169.57,166.61,163.98,161.74,159.63,157.62,155.63,153.56,151.32,148.94,146.12,142.81,138.68,133.74,128,121.76,115.49,109.68,104.68,100.49,97.239,94.804,93.115,92.043,91.491,91.133,90.874,90.549,90.192,89.737,89.25,88.698,87.918,87.106,86.067,84.995,83.858,82.884,81.942,81,79.994,78.922,77.882,77.006,76.259,75.609,75.057,74.505,73.855,73.238,72.621,72.134,71.679,71.322,70.802,70.25,69.698,69.113,68.626,68.107,67.619,67.067,66.548,66.255,66.418,67.684,70.932,77.135,86.684,99.383,114.13,129.81,145.18,159.24,171.19,173.01,173.01,173.01,173.01,173.01,173.01,173.01,173.01,173.01,173.01,170.87,168.17,165.51,89.997,89.672,89.25,88.633,87.918,87.106,86.294,85.32,84.248,83.241,82.299,81.293,80.188,79.182,78.305,77.558,76.746,75.869,74.992,74.31,73.758,73.238,72.751,72.296,71.744,71.192,70.607,70.185,69.73,69.308,68.691,68.074,67.489,67.067,66.613,66.32,66.385,67.489,70.672,76.811,86.359,98.863,113.38,128.81,144.01,158.07,170.06,173.01,173.01,173.01,173.01,173.01,173.01,173.01,173.01,173.01,172.95,169.8,166.94,164.18,161.68,159.56,157.62,155.73,153.82,151.54,149.11,146.25,142.94,139.07,134.36,128.87,122.8,116.5,110.49,105.26,100.88,97.369,94.674,92.822,91.621,90.939,90.484,90.127,89.802,89.445,88.925,88.438,87.821,87.074,86.262,85.385,84.443,83.501,82.559,81.552,80.546,79.571,78.629,77.817,77.07,76.356,75.674,74.927,74.31,73.693,73.108,72.556,71.939,71.322,70.802,70.38,69.925,69.438,68.756,68.107,67.554,67.002,66.483,66.06,65.671,65.606,66.385,68.821,73.823,82.072,93.439,107.31,122.57,138.13,152.87,165.67,173.01,173.01,173.01,173.01,173.01,173.01,173.01,173.01,173.01,172.36,169.31,166.48,163.88,161.48,159.37,157.49,155.67,153.82,151.8,149.5,146.8,143.75,140.05,135.63,130.37,124.42,118.19,112.18,106.89,102.44,98.993,96.427,94.609,93.569,92.855,92.433,92.01,91.621,91.231,90.874,90.484,89.997,89.315,88.373,87.366,86.359,85.385,84.313,83.111,82.007,80.935,79.929,79.052,78.175,77.363,76.681,75.999,75.317,74.7,74.05,73.563,73.043,72.556,72.069,71.549,71.062,70.575,69.99,69.373,68.756,68.171,67.684,67.295,67.067,67.067,67.944,70.51,75.934,84.8,96.947,111.24,126.63,141.93,156.19,168.63,173.01,173.01,173.01,173.01,173.01,173.01,173.01,173.01,173.01,173.01,172.36,169.7,167.23,165.05,163.01,160.93,158.98,157.06,155.05,152.81,150.18,147,143.13,138.62,133.42,127.57,121.37,115.13,109.26,104.19,100.06,96.882,94.674,93.18,92.238,91.621,91.231,90.939,90.744,90.484,90.127,89.607,88.86,88.048,87.171,86.359,85.482,84.605,83.566,82.494,81.423,80.383,79.441,78.629,77.817,77.006,76.259,75.544,74.862,74.31,73.823,73.303,72.816,72.296,71.744,71.192,70.672,70.185,69.698,68.983,68.431,67.944,67.554,67.295,67.36,68.431,71.419,77.493,86.944,99.383,114,129.49,144.75,158.82,170.8,173.01,173.01,173.01,173.01,173.01,173.01,173.01,173.01,173.01,173.01,171.48,168.76,166.26,163.98,161.94,160.05,158.17,156.25,154.17,151.87,149.17,145.92,142.12,137.54,132.25,126.31,119.94,113.67,108.05,103.31,99.48,96.622,94.609,93.31,92.498,91.945,91.621,91.426,91.198,90.874,90.322,89.607,88.925,88.113,87.236,86.294,85.385,84.443,83.436,82.364,81.26,80.123,79.117,78.24,77.493,76.811,76.129,75.512,74.862,74.31,73.758,73.238,72.816,72.426,72.004,71.419,70.802,70.185,69.633,69.048,68.496,67.879,67.36,67.067,67.262,68.561,72.004,78.629,88.633,101.62,116.5,132.12,147.39,161.25,173.01,173.01,173.01,173.01,173.01,173.01,173.01,173.01,173.01,173.01,173.01,170.38,167.68,165.25,163.07,160.99,159.11,157.26,155.25,153,150.44,147.48,144.11,140.11,135.43,129.88,123.61,117.18,111.01,105.68,101.23,97.856,95.421,93.732,92.563,91.816,91.231,90.874,90.549,90.257,89.932,89.575,89.12,88.438,87.626,86.684,85.547,84.443,83.566,82.819,82.137,81.293,80.481,79.734,78.922,78.11,77.233,76.421,75.609,74.927,74.375,73.92,73.433,72.816,72.231,71.679,71.127,70.51,69.795,69.113,68.431,67.814,67.262,66.872,66.807,67.067,68.074,70.802,76.551,85.612,97.759,112.18,127.8,143.26,157.42,169.63,173.01,173.01,173.01,173.01,173.01,173.01,173.01,173.01,173.01,173.01,170.19,167.49,165.05,162.68,160.51,158.3,156.19,154.04,151.74,149.04,145.92,142.25,138.06,133.19,127.61,121.44,115.23,109.48,104.68,100.94,98.116,96.135,94.674,93.634,92.92,92.498,92.173,91.945,91.621,91.198,90.549,89.802,88.86,87.886,86.944,85.937,84.865,83.793,82.754,81.617,80.611,79.669,78.824,77.947,77.135,76.323,75.609,74.992,74.57,74.115,73.628,73.043,72.491,71.939,71.419,71.062,70.672,70.25,69.73,69.113,68.496,67.944,67.489,67.295,67.489,68.496,71.257,76.876,85.937,98.311,112.93,128.55,144.07,158.36,170.74,173.01,173.01,173.01,173.01,173.01,173.01,173.01,173.01,173.01,173.01,173.01,170.44,167.75,165.44,163.36,161.55,159.79,157.94,155.86,153.49,150.8,147.74,144.17,139.95,134.95,129.13,122.73,116.3,110.3,105.26,101.07,97.856,95.486,93.927,92.92,92.303,91.945,91.686,91.361,91.069,90.614,90.127,89.51,88.795,87.918,87.009,85.937,84.93,83.923,82.949,81.942,80.935,79.864,78.857,78.012,77.233,76.681,75.999,75.382,74.7,74.115,73.693,73.238,72.881,72.426,71.809,71.192,70.51,69.86,69.308,68.821,68.301,67.879,67.489,67.619,68.756,71.809,77.817,87.236,99.74,114.36,129.75,144.82,158.75,170.74,173.01,173.01,173.01,173.01,173.01,173.01,173.01,173.01,173.01,173.01,171.55,168.69,166.26,164.05,162.07,160.05,158.01,155.99,153.88,151.61,148.94,145.73,141.86,137.25,131.99,126.05,119.75,113.45,107.7,102.79,98.993,96.168,94.251,92.92,92.043,91.621,91.361,91.198,91.004,90.679,90.257,89.607,88.925,88.113,87.301,86.489,85.547,84.508,83.371,82.234,81.195,80.188,79.247,78.305,77.363,76.486,75.739,75.122,74.635,74.115,73.563,72.946,72.296,71.744,71.322,70.867,70.38,69.73,69.113,68.431,67.814,67.295,66.807,66.483,66.613,67.749,70.867,76.811,86.132,98.571,113.12,128.61,143.94,158.01,169.99,173.01,173.01,173.01,173.01,173.01,173.01,173.01,173.01,173.01,173.01,171.06,168.11,165.51,163.1,161.06,159.18,157.29,155.31,153.13,150.63,147.87,144.69,140.86,136.25,130.76,124.55,118.06,111.85,106.3,101.69,98.051,95.356,93.504,92.368,91.816,91.491,91.296,91.004,90.614,90.257,89.867,89.38,88.795,88.113,87.431,86.619,85.807,84.995,84.183,83.436,82.559,81.682,80.87,80.123,79.376,78.564,77.688,76.876,76.194,75.544,74.992,74.44,73.855,73.238,72.621,72.069,71.549,70.997,70.445,69.86,69.373,68.983,68.691,68.561,68.756,69.795,72.751,78.629,87.886,100.26,114.75,130.11,145.37,159.37,171.42,173.01,173.01,173.01,173.01,173.01,173.01,173.01,173.01,173.01,172.69,169.37,166.42,163.88,161.55,159.43,157.36,155.18,153,150.63,148.13,145.18,141.73,137.54,132.51,126.63,120.23,114.06,108.57,103.86,100,97.012,94.804,93.374,92.563,92.108,91.945,91.816,91.491,91.133,90.679,90.192,89.575,88.698,87.691,86.619,85.547,84.573,83.566,82.494,81.487,80.481,79.669,78.857,78.045,77.135,76.194,75.317,74.635,74.115,73.758,73.368,72.816,72.199,71.549,71.192,70.932,70.607,70.055,69.373,68.691,68.074,67.554,67.132,66.807,66.677,67.067,68.561,72.231,78.987,89.185,102.5,117.8,133.74,149.17,163.07,173.01,173.01,173.01,173.01,173.01,173.01,173.01,173.01,173.01,173.01,173.01,172.13,169.44,167,164.79,162.81,160.86,159.11,157.29,155.18,152.55,149.5,146.05,142.25,137.61,132.19,126.24,120.07,113.87,108.05,103.12,99.318,96.427,94.544,93.374,92.627,92.043,91.621,91.491,91.361,91.069,90.614,90.062,89.25,88.308,87.496,86.749,85.937,84.735,83.501,82.364,81.358,80.318,79.311,78.435,77.688,77.006,76.194,75.382,74.732,74.245,73.823,73.368,72.816,72.231,71.614,71.127,70.737,70.315,69.795,69.113,68.431,67.879,67.489,67.262,67.262,67.944,70.185,75.187,83.566,95.356,109.61,125.07,140.44,154.82,167.49,173.01,173.01,173.01,173.01,173.01,173.01,173.01,173.01,173.01,173.01,171.35,168.43,165.61,163.17,161.19,159.5,157.81,155.93,153.75,151.32,148.75,145.79,142.32,138,132.8,126.86,120.56,114.36,108.74,103.86,99.805,96.622,94.446,92.985,92.238,91.751,91.361,91.004,90.614,90.257,89.932,89.575,89.055,88.308,87.301,86.262,85.19,84.248,83.371,82.429,81.423,80.383,79.311,78.305,77.558,76.876,76.194,75.512,74.797,74.18,73.563,73.108,72.751,72.296,71.874,71.322,70.672,70.055,69.373,68.821,68.301,67.944,67.554,67.197,66.807,67.002,68.561,72.556,79.929,90.809,104.32,119.49,135.04,150.11,163.69,173.01,173.01,173.01,173.01,173.01,173.01,173.01,173.01,173.01,173.01,173.01,170.61,167.88,165.51,163.49,161.55,159.63,157.62,155.44,153.13,150.73,148.07,144.82,140.7,135.82,130.04,123.87,117.51,111.5,106.11,101.62,98.051,95.356,93.439,92.173,91.491,91.133,90.939,90.744,90.419,89.997,89.38,88.698,87.983,87.171,86.294,85.255,84.183,83.046,82.072,81.195,80.253,79.311,78.37,77.428,76.616,75.934,75.317,74.732,74.05,73.368,72.621,72.004,71.484,71.062,70.575,69.925,69.308,68.691,68.107,67.554,67.002,66.483,65.995,65.606,65.508,66.32,68.756,73.823,82.137,93.569,107.31,122.38,137.61,152.13,164.92,173.01,173.01,173.01,173.01,173.01,173.01,173.01,173.01,173.01,172.62,169.18,166.13,163.49,161.06,158.88,156.74,154.69,152.68,150.8,148.68,146.18,143.13,139.43,135.04,129.88,124,117.73,111.56,106.01,101.36,97.759,95.063,93.18,92.043,91.426,91.069,90.809,90.614,90.386,90.127,89.737,89.315,88.73,88.113,87.431,86.684,85.872,84.995,84.118,83.306,82.559,81.682,80.805,79.864,78.922,78.045,77.298,76.616,75.999,75.317,74.635,73.855,73.238,72.621,72.134,71.549,70.932,70.25,69.73,69.308,68.983,68.691,68.366,68.009,67.814,68.171,69.99,74.05,81.26,91.816,105.13,120.17,135.76,150.7,164.05,173.01,173.01,173.01,173.01,173.01,173.01,173.01,173.01,173.01,173.01,172.17,168.98,166.06,163.56,161.32,159.24,157.26,155.25,153.13,150.86,148.42,145.5,141.93,137.48,132.32,126.37,120.17,114,108.31,103.38,99.383,96.297,94.186,92.822,91.945,91.426,91.069,90.744,90.484,90.257,89.932,89.38,88.633,87.691,86.814,86.002,85.19,84.183,83.046,81.942,80.87,79.994,79.182,78.305,77.363,76.356,75.512,74.797,74.31,73.823,73.303,72.686,72.069,71.484,71.192,70.867,70.445,69.86,69.243,68.691,68.236,67.814,67.295,66.742,66.255,65.995,66.483,68.236,72.134,79.052,89.38,102.7,117.93,133.81,149.01,162.62,173.01,173.01,173.01,173.01,173.01,173.01,173.01,173.01,173.01,173.01,173.01,170.44,167.75,165.31,163.1,161.12,159.24,157.29,155.31,153.07,150.57,147.74,144.43,140.5,135.86,130.5,124.55,118.25,112.18,106.69,102.11,98.506,95.875,93.927,92.692,91.816,91.296,91.069,90.809,90.549,90.127,89.575,88.925,88.308,87.691,86.879,85.937,84.93,83.793,82.754,81.747,80.805,79.799,78.759,77.817,77.006,76.356,75.674,75.057,74.44,73.823,73.238,72.816,72.361,71.939,71.419,70.802,70.185,69.698,69.243,68.821,68.236,67.489,66.937,66.677,66.872,67.879,70.51,75.934,84.8,96.882,111.5,127.18,142.55,156.61,168.85,173.01,173.01,173.01,173.01,173.01,173.01,173.01,173.01,173.01,173.01,171.13,168.3,165.8,163.49,161.42,159.56,157.75,155.73,153.56,151.19,148.62,145.57,141.67,137.06,131.73,125.69,119.36,113.19,107.57,102.57,98.441,95.421,93.634,92.563,91.816,91.198,90.744,90.549,90.484,90.257,89.737,89.055,88.373,87.691,87.009,86.132,85.125,84.053,82.949,81.812,80.741,79.799,79.052,78.24,77.363,76.421,75.544,74.797,74.31,73.92,73.433,72.816,72.199,71.744,71.419,71.062,70.51,69.795,69.178,68.756,68.301,67.749,67.132,66.613,66.418,67.197,69.503,74.115,81.877,92.985,106.82,122.18,137.87,152.68,165.61,173.01,173.01,173.01,173.01,173.01,173.01,173.01,173.01,173.01,173.01,172.3,169.37,166.61,164.31,162.36,160.67,158.95,156.93,154.76,152.35,149.85,147,143.49,139.23,134.17,128.48,122.38,116.04,110.07,104.81,100.42,97.109,94.674,92.92,91.751,91.069,90.679,90.484,90.257,89.932,89.51,88.925,88.243,87.496,86.619,85.807,84.93,83.988,82.949,81.747,80.611,79.636,78.694,77.817,77.006,76.323,75.674,74.927,74.18,73.433,72.816,72.361,71.874,71.387,70.737,70.12,69.503,68.918,68.431,67.944,67.36,66.742,66.19,65.606,65.184,65.248,66.06,68.496,73.433,81.682,93.245,107.24,122.57,137.93,152.42,165.25,173.01,173.01,173.01,173.01,173.01,173.01,173.01,173.01,173.01,172.17,168.85,165.8,163.07,160.6,158.43,156.38,154.43,152.35,150.18,148,145.57,142.61,138.88,134.23,128.81,122.73,116.43,110.3,105,100.75,97.499,95.128,93.439,92.238,91.621,91.296,91.198,91.004,90.679,90.419,90.257,89.802,89.12,88.178,87.171,86.294,85.417,84.508,83.436,82.364,81.423,80.676,79.864,78.987,78.012,77.07,76.194,75.382,74.732,74.245,73.628,73.011,72.426,72.134,71.939,71.549,70.867,70.12,69.438,68.886,68.366,67.684,67.002,66.418,66.19,66.677,68.431,72.199,78.824,88.795,101.75,116.69,132.32,147.55,161.25,172.62,173.01,173.01,173.01,173.01,173.01,173.01,173.01,173.01,173.01,172.95,169.8,166.81,164.05,161.61,159.63,157.88,156.12,154.11,151.87,149.3,146.44,143.2,139.23,134.62,129.2,123.19,116.99,111.11,105.88,101.43,97.759,94.998,93.05,91.816,91.133,90.614,90.192,89.867,89.672,89.51,89.12,88.438,87.561,86.684,85.937,85.19,84.248,83.046,81.812,80.805,79.994,79.182,78.175,77.135,76.194,75.382,74.732,74.18,73.563,72.881,72.296,71.939,71.614,71.257,70.672,70.055,69.503,68.983,68.561,68.009,67.36,66.807,66.385,66.19,66.19,66.677,68.496,72.881,80.676,91.945,105.81,121.11,136.8,151.93,165.31,173.01,173.01,173.01,173.01,173.01,173.01,173.01,173.01,173.01,173.01,172.13,168.98,166.13,163.43,161.12,159.05,157.19,155.25,153.13,150.73,148.29,145.57,142.38,138.26,133.26,127.51,121.24,115,109.06,103.86,99.48,96.135,93.699,92.043,90.939,90.192,89.802,89.607,89.51,89.38,88.925,88.373,87.821,87.301,86.684,85.807,84.735,83.566,82.559,81.617,80.611,79.506,78.305,77.298,76.551,76.129,75.609,74.862,73.92,73.108,72.491,72.134,83.111,82.299,81.552,80.805,79.994,79.117,78.24,77.493,76.811,76.259,75.609,74.927,74.245,73.628,73.173,73.108,73.92,76.551,81.682,89.867,101.01,114.32,129,143.94,158.14,170.61,173.01,173.01,173.01,173.01,173.01,173.01,173.01,173.01,173.01,173.01,173.01,173.01,170.61,168.5,166.55,164.79,163.1,161.55,159.92,157.81,154.92,151.19,146.57,141.18,135.04,128.48,122.12,116.43,111.92,108.51,106.01,104.32,103.25,102.63,102.18,101.82,101.49,101.14,100.55,99.87,99.058,98.181,97.239,96.168,94.998,93.797,92.627,91.491,90.386,89.25,88.243,87.301,86.359,85.612,84.93,84.313,83.631,82.981,82.429,81.877,81.293,80.611,79.994,79.441,78.857,78.305,77.623,76.941,76.323,75.674,75.057,74.505,74.05,74.18,75.382,78.564,84.67,94.186,106.92,121.92,137.93,153.62,168.04,173.01,173.01,173.01,173.01,173.01,173.01,173.01,173.01,173.01,173.01,173.01,173.01,173.01,173.01,173.01,173.01,173.01,173.01,173.01,172.49,170.54,168.11,165.18,161.68,157.62,152.61,146.8,140.18,133.32,126.57,120.36,115.07,110.95,107.92,105.88,104.55,103.73,103.25,102.92,102.57,102.11,101.62,101.01,100.29,99.448,98.441,97.369,96.297,95.258,94.057,92.757,91.556,90.386,89.25,88.178,87.106,86.262,85.482,84.735,84.053,83.436,82.819,82.299,81.747,81.26,80.741,80.188,79.571,78.857,78.24,77.623,77.006,76.356,76.064,76.323,77.817,81.358,87.691,97.174,109.55,123.87,139.17,154.24,168.04,173.01,173.01,173.01,173.01,173.01,173.01,173.01,173.01,173.01,173.01,173.01,173.01,173.01,173.01,173.01,173.01,172.95,171.42,169.86,168.01,165.8,163.23,160.18,156.38,151.61,145.79,139.17,132.06,125.07,118.74,113.51,109.42,106.56,104.55,103.31,102.44,101.95,101.49,101.17,100.88,100.42,100,99.48,98.863,97.986,96.882,95.745,94.544,93.504,92.498,91.491,90.614,89.737,88.86,87.918,87.074,86.294,85.547,84.93,84.378,83.858,83.371,82.754,82.17,82.137,83.241,86.294,91.816,99.87,110.2,121.92,134.07,145.79,156.25,164.79,170.93,173.01,173.01,173.01,171.55,167.81,163.23,158.14,152.61,147.06,141.57,136.05,130.63,125.17,119.75,114.32,109,104.12,100.13,97.174,95.356,94.544,94.381,94.609,95.128,95.68,96.297,96.817,97.174,97.239,97.012,96.492,95.94,95.421,94.674,93.732,92.92,92.303,91.686,90.679,89.445,88.243,87.236,86.197,85.125,84.118,83.306,82.689,82.137,81.358,80.383,79.571,79.052,78.5,77.688,77.135,76.941,76.876,76.811,76.551,76.194,75.674,75.252,74.927,74.732,74.505,74.18,74.05,73.985,73.693,73.173,72.621,72.231,71.874,71.549,71.387,71.257,71.062,70.672,70.25,69.73,69.373,69.113,69.795,72.296,77.882,87.496,101.14,117.8,135.99,154.17,171.19,173.01,170.74,167.49,163.62,158.95,153.3,147,140.11,133.19,126.44,120.43,115.43,111.56,108.87,107.11,106.01,105.26,104.68,104.12,103.67,103.31,102.79,102.05,101.14,100.13,98.993,97.921,96.817,95.551,94.251,92.985,91.88,90.874,89.802,88.698,87.626,86.619,85.872,85.32,84.735,84.053,83.306,82.559,81.942,81.423,80.935,80.383,79.734,78.987,78.24,77.558,76.941,76.421,75.999,75.609,75.674,76.811,79.994,85.807,94.739,106.37,120.14,134.82,149.5,163.07,173.01,173.01,173.01,173.01,173.01,173.01,173.01,173.01,173.01,173.01,173.01,173.01,173.01,172.88,171.13,169.5,168.04,166.61,164.99,163.1,160.93,158.43,155.25,151.32,146.31,140.37,133.81,126.99,120.43,114.62,109.94,106.24,103.51,101.56,100.36,99.675,99.383,99.188,98.928,98.636,98.181,97.629,96.882,96.005,95.063,94.057,92.92,91.751,90.419,89.12,87.886,86.749,85.742,84.93,84.118,83.371,82.624,81.942,81.26,80.481,79.734,79.182,78.694,78.175,77.558,76.876,76.129,75.382,74.635,73.92,73.173,72.621,72.231,72.296,72.946,74.862,79.117,86.749,97.856,111.76,127.31,143.42,159.05,173.01,173.01,173.01,173.01,173.01,173.01,173.01,173.01,173.01,173.01,173.01,173.01,173.01,173.01,173.01,172.49,171.32,170.12,168.69,167,165.05,162.88,160.18,156.8,152.68,147.74,141.93,135.24,128.32,121.7,115.82,110.95,107.18,104.55,102.86,101.88,101.23,100.88,100.55,100.29,100,99.48,98.863,98.181,97.434,96.557,95.615,94.674,93.699,92.692,91.686,90.744,89.737,88.795,87.886,86.944,86.067,85.255,84.443,83.696,82.981,82.429,81.877,81.358,80.87,80.318,79.669,78.987,78.24,77.623,77.07,76.551,76.129,75.869,75.934,76.616,78.759,83.371,91.231,102.24,115.95,131.24,146.93,161.81,173.01,173.01,173.01,173.01,173.01,173.01,173.01,173.01,173.01,173.01,173.01,173.01,173.01,173.01,173.01,173.01,172.13,170.67,169.24,167.62,165.67,163.23,160.31,156.67,152.19,146.8,140.7,133.94,126.99,120.49,115,110.69,107.57,105.36,104.06,103.38,103.12,103.12,103.12,103.05,102.86,102.57,101.98,101.3,100.49,99.61,98.636,97.304,95.875,94.544,93.374,92.01,90.484,88.925,87.561,86.294,85.255,84.313,83.631,83.046,82.494,81.747,81,80.546,80.383,80.058,79.247,78.045,76.941,76.551,76.681,76.551,75.804,74.862,74.505,74.732,76.064,79.182,85.32,94.998,107.73,122.8,139.23,155.8,171,173.01,173.01,173.01,173.01,173.01,173.01,173.01,173.01,173.01,173.01,173.01,173.01,173.01,173.01,173.01,173.01,172.49,171.32,170.06,168.63,167,164.86,162,158.23,153.62,148.07,141.6,134.62,127.57,120.95,115.3,110.82,107.5,105.07,103.44,102.31,101.56,101.07,100.68,100.36,99.935,99.383,98.798,98.181,97.434,96.687,96.005,95.323,94.511,93.504,92.498,91.491,90.484,89.575,88.633,87.691,86.749,85.742,84.735,83.793,83.046,82.364,81.812,81.065,80.318,79.669,79.247,78.824,78.012,77.168,76.551,76.259,76.129,76.064,76.194,77.298,80.481,86.424,95.615,107.79,122.25,137.74,153.17,167.55,173.01,173.01,173.01,173.01,173.01,173.01,173.01,173.01,173.01,173.01,173.01,173.01,173.01,173.01,172.75,171.35,169.93,168.56,167.13,165.31,162.94,160.12,156.67,152.35,146.93,140.7,133.87,127.05,120.62,115.17,110.95,107.79,105.62,104.06,103.18,102.76,102.7,102.57,102.11,101.49,100.81,100,99.058,97.986,96.882,95.68,94.544,93.374,92.173,91.004,89.932,88.99,88.178,87.366,86.619,85.807,85.06,84.378,83.793,83.176,82.624,82.137,81.682,81.293,81.065,80.741,80.448,80.058,79.571,78.987,78.37,77.882,77.428,77.135,77.07,77.753,80.058,84.93,93.05,104.68,118.93,134.88,151.06,166.48,171.74,168.85,165.51,161.42,156.74,151.12,144.62,137.48,130.3,123.61,117.64,112.73,109,106.43,104.87,103.99,103.61,103.38,103.05,102.37,101.43,100.42,99.318,98.116,96.752,95.193,93.569,91.945,90.386,88.99,87.918,87.171,86.489,85.872,85.385,85.19,85.385,85.547,85.32,84.67,83.988,83.306,82.624,81.877,81,80.123,79.117,78.045,77.07,76.064,75.187,74.44,73.855,73.563,73.628,74.57,77.363,82.949,91.751,103.57,117.67,133.26,149.01,163.75,173.01,173.01,173.01,173.01,173.01,173.01,173.01,173.01,173.01,173.01,173.01,173.01,173.01,172.75,171,169.5,168.3,167.23,165.93,164.24,162.26,159.86,156.93,153.07,148.29,142.68,136.18,129.2,122.38,116.37,111.5,107.86,105.36,103.93,103.25,102.99,102.79,102.7,102.5,102.11,101.62,100.94,100.13,99.188,98.181,97.109,95.94,94.674,93.374,92.01,90.614,89.38,88.178,87.106,86.132,85.125,84.248,83.501,82.884,82.234,81.747,81.293,80.935,80.546,80.123,79.669,79.182,78.629,78.045,77.428,76.811,76.194,75.674,75.447,75.804,77.558,81.682,89.055,100.13,114.19,130.17,146.8,162.94,173.01,173.01,173.01,173.01,173.01,173.01,173.01,173.01,173.01,173.01,173.01,173.01,173.01,173.01,173.01,173.01,173.01,173.01,170.38,167.88,165.67,163.75,161.94,160.12,158.23,156.19,153.88,151.19,148.13,144.62,140.37,135.5,129.88,123.68,117.31,111.17,105.75,101.3,97.921,95.486,93.797,92.757,92.043,91.686,91.361,91.198,90.939,90.484,89.867,89.12,88.373,87.561,86.684,85.742,84.735,83.631,82.559,81.487,80.481,79.506,78.435,77.493,76.616,75.869,75.252,74.7,74.115,73.563,73.043,72.556,72.134,71.614,71.127,70.575,70.055,69.568,68.983,68.366,67.749,67.262,66.807,66.548,66.937,68.561,72.686,80.318,91.491,105.42,120.88,136.67,151.8,165.18,173.01,173.01,173.01,173.01,173.01,173.01,173.01,173.01,173.01,173.01,173.01,169.99,167.23,164.86,162.81,160.99,159.3,157.55,155.8,153.75,151.38,148.49,145.05,140.79,135.86,130.11,123.81,117.38,111.37,106.11,101.82,98.441,95.94,94.251,93.18,92.498,92.043,91.621,91.198,90.744,90.386,89.932,89.445,88.795,87.983,87.074,85.937,84.8,83.696,82.624,81.552,80.611,79.636,78.694,77.688,76.746,75.869,75.057,74.44,73.92,73.433,72.881,72.231,71.614,71.062,70.51,69.99,69.568,69.113,68.626,67.944,67.262,66.613,66.125,65.801,65.995,67.295,70.802,77.363,87.496,100.68,115.82,131.57,146.8,160.6,172.17,173.01,173.01,173.01,173.01,173.01,173.01,173.01,173.01,173.01,172.69,169.57,166.74,164.24,162,159.86,157.88,155.93,153.95,151.87,149.56,146.93,143.68,139.69,134.95,129.49,123.38,116.86,110.49,104.94,100.55,97.304,94.998,93.374,92.303,91.686,91.361,91.231,91.004,90.679,90.322,89.932,89.315,88.568,87.756,86.944,86.197,85.482,84.8,84.053,83.111,82.17,81.26,80.383,79.571,78.759,78.045,77.298,76.551,75.869,75.187,74.635,74.05,73.563,73.011,72.426,71.809,71.257,70.607,69.99,69.503,69.113,68.756,68.431,68.236,68.431,69.633,72.816,79.052,88.86,101.82,116.86,132.74,148.23,162.26,173.01,173.01,173.01,173.01,173.01,173.01,173.01,173.01,173.01,173.01,172.62,169.37,166.48,163.98,161.87,159.99,158.17,156.38,154.43,152.19,149.63,146.61,143.07,138.68,133.48,127.44,120.88,114.36,108.57,103.86,100.26,97.564,95.615,94.316,93.439,92.985,92.757,92.563,92.368,92.043,91.491,90.679,89.802,88.86,87.983,87.074,86.132,85.06,83.858,82.689,81.487,80.448,79.571,78.824,78.045,77.168,76.323,75.544,74.927,74.44,73.92,73.433,72.946,72.426,71.939,71.419,70.997,70.575,69.99,69.503,69.048,68.691,68.171,67.619,67.067,66.742,67.002,68.496,72.361,79.636,90.549,104.48,120.23,136.31,151.51,165.12,173.01,173.01,173.01,173.01,173.01,173.01,173.01,173.01,173.01,173.01,173.01,172.56,169.99,167.81,165.87,164.18,162.68,161.06,159.11,156.74,154.04,150.99,147.55,143.68,139.07,133.55,127.38,120.88,114.42,108.57,103.67,99.87,96.947,94.933,93.732,93.18,92.822,92.563,92.433,92.238,91.751,91.133,90.484,89.932,89.185,88.113,86.944,85.807,84.8,83.793,82.884,81.812,80.741,79.734,78.824,77.947,77.168,76.551,76.064,75.544,74.992,74.44,73.823,73.238,72.816,72.361,71.874,71.257,70.575,69.86,69.308,68.821,68.366,68.009,67.749,68.009,69.438,73.238,80.383,91.133,104.74,120.07,135.69,150.73,164.24,173.01,173.01,173.01,173.01,173.01,173.01,173.01,173.01,173.01,173.01,173.01,171.26,168.82,166.61,164.63,162.62,160.67,158.82,156.87,154.69,152.19,149.24,145.86,141.8,137.06,131.5,125.24,118.67,112.37,106.89,102.37,98.993,96.427,94.609,93.374,92.563,92.173,92.043,91.88,91.556,91.004,90.322,89.672,88.99,88.243,87.301,86.294,85.19,84.118,83.111,82.072,81.13,80.253,79.441,78.564,77.753,77.006,76.323,75.674,75.122,74.57,73.985,73.433,72.946,72.426,71.874,71.257,70.672,70.185,69.633,69.048,68.431,67.879,67.489,67.424,67.944,69.795,74.18,82.007,93.439,107.63,123.32,139.14,154.01,167.13,173.01,173.01,173.01,173.01,173.01,173.01,173.01,173.01,173.01,173.01,173.01,171.26,168.76,166.55,164.63,162.88,161.12,159.24,157.19,154.92,152.32,149.37,145.92,141.73,136.8,131.11,124.88,118.38,112.11,106.63,102.18,98.733,96.233,94.446,93.18,92.498,92.173,92.01,91.751,91.296,90.809,90.192,89.607,89.055,88.308,87.431,86.359,85.385,84.313,83.241,82.17,81.13,80.123,79.182,78.24,77.298,76.486,75.739,75.057,74.505,73.92,73.368,72.751,72.199,71.679,71.257,70.737,70.185,69.698,69.048,68.431,67.749,67.132,66.742,66.677,67.36,69.438,73.92,81.877,93.245,107.37,122.8,138.42,153.07,165.93,173.01,173.01,173.01,173.01,173.01,173.01,173.01,173.01,173.01,173.01,172.43,169.5,166.81,164.24,162,159.79,157.75,155.73,153.69,151.38,148.75,145.63,141.86,137.45,132.32,126.37,120.07,113.8,108.18,103.38,99.61,96.752,94.674,93.31,92.433,91.945,91.621,91.231,90.874,90.322,89.737,89.185,88.633,88.113,87.496,86.749,85.872,84.93,84.053,83.241,82.494,81.747,80.87,79.994,79.182,78.37,77.623,76.876,76.194,75.544,74.992,74.44,73.823,73.238,72.686,72.134,71.549,71.062,70.575,70.12,69.633,69.113,68.691,68.366,68.431,69.373,71.874,76.941,85.417,97.174,111.37,126.92,142.61,157.29,169.93,173.01,173.01,173.01,173.01,173.01,173.01,173.01,173.01,173.01,173.01,170.06,167.13,164.37,161.94,159.76,157.81,155.93,154.01,151.87,149.43,146.57,143.13,139.01,134.13,128.42,122.25,116.04,110.07,104.81,100.42,97.109,94.804,93.31,92.433,91.945,91.556,91.231,90.874,90.549,90.127,89.607,88.86,87.918,87.009,86.067,85.19,84.313,83.371,82.429,81.358,80.253,79.182,78.24,77.363,76.551,75.739,75.057,74.44,73.855,73.238,72.686,72.134,71.549,71.062,70.672,70.315,69.925,69.503,68.918,68.366,67.879,67.489,67.067,66.613,66.255,66.32,67.554,71.127,78.11,88.86,102.76,118.32,134.23,149.56,163.36,173.01,173.01,173.01,173.01,173.01,173.01,173.01,173.01,173.01,173.01,173.01,171.81,169.11,166.68,164.5,162.42,160.44,158.36,156.25,154.04,151.67,148.94,145.63,141.67,137.06,131.73,125.82,119.55,113.45,107.79,102.99,99.123,96.135,94.057,92.757,91.945,91.426,91.004,90.614,90.192,89.737,89.185,88.633,87.918,87.106,86.197,85.19,84.248,83.371,82.494,81.487,80.448,79.311,78.24,77.363,76.551,75.869,75.252,74.57,73.855,73.238,72.686,72.231,71.809,71.387,70.802,70.12,69.503,68.983,68.496,68.009,67.424,67.067,66.613,66.125,66.06,67.197,70.25,76.323,85.937,98.733,113.54,129.07,144.37,158.49,170.44,173.01,173.01,173.01,173.01,173.01,173.01,173.01,173.01,173.01,173.01,169.73,166.87,164.24,161.94,159.76,157.75,155.8,153.82,151.74,149.43,146.74,143.55,139.62,134.95,129.56,123.55,117.25,111.11,105.49,100.75,96.947,94.121,92.108,90.939,90.257,89.867,89.607,89.315,88.99,88.568,88.048,87.496,86.814,86.067,85.125,84.183,83.176,82.234,81.293,80.253,79.182,78.045,77.006,76.129,75.447,74.797,74.115,73.433,72.621,72.004,71.484,71.062,70.607,70.055,69.438,68.821,68.366,67.944,67.424,66.807,66.125,65.443,64.859,64.566,64.631,65.508,68.009,73.238,82.007,94.251,108.93,124.68,140.24,154.69,167.2,173.01,173.01,173.01,173.01,173.01,173.01,173.01,173.01,173.01,172.23,168.82,165.67,162.81,160.38,158.23,156.38,154.5,152.55,150.44,148.2,145.63,142.81,139.3,135.04,129.81,123.81,117.57,111.63,106.37,101.82,98.116,95.323,93.439,92.368,91.751,91.361,90.939,90.484,90.062,89.607,89.25,88.86,88.308,87.626,86.749,85.937,85.06,84.248,83.241,82.234,81.13,80.123,79.182,78.305,77.363,76.356,75.512,74.862,74.635,75.122,77.07,81.13,88.048,97.856,110,123.25,136.51,148.88,159.69,168.17,173.01,173.01,173.01,173.01,173.01,171.32,167.75,164.18,160.6,157.19,153.95,150.86,148,145.24,142.42,139.3,135.63,131.31,126.44,120.98,115.13,109.06,103.44,98.636,94.868,92.043,90.257,89.055,88.373,87.983,87.918,88.048,88.048,87.821,87.366,86.814,86.262,85.677,84.93,83.988,82.949,81.877,80.935,79.994,79.052,77.947,76.811,75.739,74.992,74.375,73.628,72.751,71.744,70.932,70.38,69.925,69.503,68.918,68.236,67.619,67.197,66.872,66.483,66.06,65.573,65.119,64.794,64.631,64.307,63.949,63.495,63.235,63.137,63.072,62.878,62.553,62.196,61.936,61.806,61.676,61.481,61.059,60.572,60.117,59.922,59.987,60.507,62.196,66.613,75.317,88.438,104.94,123.06,141.12,157.88,172.62,173.01,173.01,173.01,173.01,173.01,173.01,173.01,173.01,173.01,173.01,173.01,173.01,169.99,166.94,164.18,161.55,159.11,156.74,154.37,151.87,149.11,145.99,142.38,138.19,133.35,127.93,121.92,115.75,109.94,104.87,100.68,97.304,94.674,92.757,91.491,90.744,90.127,89.672,89.25,88.795,88.438,87.983,87.431,86.684,85.807,84.865,83.858,82.884,81.812,80.676,79.571,78.435,77.363,76.421,75.544,74.7,73.823,73.011,72.296,71.679,71.192,70.802,70.445,70.055,69.568,69.113,68.691,68.171,67.749,67.424,67.132,66.742,66.19,65.573,64.924,64.501,64.307,64.631,66.255,70.12,77.298,87.886,101.01,115.36,129.88,143.62,156.06,166.55,173.01,173.01,173.01,173.01,173.01,173.01,173.01,172.13,168.69,165.38,162.26,159.43,156.74,154.17,151.74,149.43,147.32,145.31,143,140.18,136.86,133.06,128.74,123.68,117.99,111.85,105.88,100.62,96.427,93.31,91.069,89.315,88.048,87.171,86.619,86.262,85.872,85.417,84.93,84.508,84.183,83.793,83.176,82.234,81.195,80.123,79.311,78.5,77.688,76.681,75.674,74.797,74.05,73.368,72.621,71.939,71.257,70.672,70.185,69.633,68.983,68.301,67.814,67.424,67.132,66.677,66.19,65.508,64.859,64.307,63.819,63.3,62.878,62.488,62.488,63.365,66.32,72.231,81.942,94.804,109.81,125.63,141.05,155.25,167.36,173.01,173.01,173.01,173.01,173.01,173.01,173.01,173.01,172.43,168.92,165.61,162.49,159.69,157.19,154.86,152.74,150.7,148.55,146.31,143.81,140.99,137.8,134,129.36,124,118.06,112.05,106.37,101.49,97.629,94.739,92.563,90.874,89.672,89.185,88.99,88.698,88.308,87.918,87.496,86.814,86.132,85.482,84.865,83.988,83.046,82.17,81.195,80.188,79.182,78.24,77.233,76.323,75.382,74.635,74.05,73.498,72.881,72.199,71.614,70.997,70.315,69.795,69.373,68.983,68.431,67.749,67.197,66.872,66.548,66.125,65.508,64.924,64.437,64.242,64.566,65.801,69.113,75.512,85.385,98.181,112.86,128,142.61,155.93,167.13,173.01,173.01,173.01,173.01,173.01,173.01,173.01,173.01,172.36,169.11,165.87,162.88,160.12,157.75,155.57,153.3,150.99,148.68,146.38,143.94,141.12,137.8,133.81,129.07,123.68,117.86,111.85,106.11,101.01,96.817,93.699,91.426,89.867,88.795,88.048,87.561,87.236,87.106,86.944,86.749,86.262,85.547,84.735,83.858,82.981,82.072,81.065,80.123,79.052,78.045,77.135,76.259,75.317,74.375,73.498,72.816,72.231,71.744,71.127,70.445,69.795,69.373,69.048,68.756,68.301,67.749,67.197,66.677,66.255,65.736,65.119,64.501,64.047,63.884,63.949,64.501,66.483,71.127,79.376,91.198,105.55,121.18,136.73,151.45,164.11,173.01,173.01,173.01,173.01,173.01,173.01,173.01,173.01,173.01,171.74,168.56,165.44,162.55,159.92,157.62,155.57,153.43,151.19,148.94,146.61,144.07,140.92,137.12,132.67,127.61,122.05,116.01,109.74,103.99,99.253,95.551,92.822,90.744,89.25,88.308,87.756,87.366,87.074,86.684,86.359,86.132,85.872,85.32,84.378,83.371,82.364,81.552,80.741,79.799,78.694,77.558,76.616,75.869,75.122,74.245,73.303,72.556,72.004,71.419,70.802,70.12,69.568,69.178,68.886,68.431,67.879,67.295,66.807,66.385,65.93,65.313,64.696,64.242,63.982,63.884,63.884,64.566,67.002,72.361,81.293,93.439,107.7,122.8,137.87,151.87,163.82,173.01,173.01,173.01,173.01,173.01,173.01,173.01,173.01,172.82,169.7,166.55,163.49,160.6,158.07,155.73,153.62,151.51,149.17,146.93,144.75,142.25,139.14,135.17,130.5,125.24,119.55,113.61,107.73,102.31,97.629,94.121,91.751,90.257,89.055,88.048,87.366,86.944,86.749,86.554,86.197,85.612,84.995,84.443,83.793,83.046,82.137,81.13,80.253,79.441,78.5,77.428,76.194,75.122,74.375,73.758,73.108,72.296,71.549,70.867,70.315,69.86,69.373,68.821,68.366,68.074,67.749,67.295,66.677,65.93,65.443,65.054,64.696,64.242,63.625,63.235,63.495,64.859,68.301,74.7,84.605,97.759,112.73,128.26,143.13,156.61,168.17,173.01,173.01,173.01,173.01,173.01,173.01,173.01,173.01,173.01,169.44,166.06,163.17,160.67,158.3,155.93,153.82,151.8,149.76,147.48,144.82,141.86,138.75,135.11,130.76,125.37,119.19,112.86,106.92,101.88,97.629,94.316,91.751,90.062,88.925,88.048,87.301,86.814,86.489,86.359,86.067,85.417,84.605,83.793,83.111,82.429,81.552,80.481,79.441,78.435,77.493,76.551,75.544,74.635,73.92,73.368,72.686,71.809,70.932,70.315,69.795,69.438,68.918,68.431,67.944,67.424,66.872,66.19,65.573,65.119,64.761,64.307,63.69,63.007,62.423,62.293,62.813,64.307,67.879,74.505,84.735,97.921,112.63,127.61,141.93,154.99,166.06,173.01,173.01,173.01,173.01,173.01,173.01,173.01,172.07,168.69,165.57,162.55,159.63,156.74,154.04,151.74,149.63,147.48,145.31,143.07,140.57,137.61,134,129.56,124.55,119.13,113.32,107.44,101.98,97.369,93.927,91.491,89.737,88.438,87.496,87.009,86.684,86.424,86.132,85.807,85.547,85.32,84.8,84.053,83.176,82.364,81.682,81,80.318,79.506,78.694,77.882,77.006,76.064,75.122,74.44,73.855,73.173,72.426,71.614,70.997,70.607,70.315,69.73,68.983,68.301,67.814,67.295,66.677,66.125,65.736,65.671,65.508,64.989,64.372,64.047,64.696,66.742,71.192,78.922,90.192,103.99,118.93,134,148.2,160.8,171.19,173.01,173.01,173.01,173.01,173.01,173.01,173.01,173.01,170.12,166.81,163.69,160.67,157.88,155.44,153.23,151.06,148.75,146.25,143.75,141.18,138.26,134.62,130.3,125.24,119.68,113.67,107.79,102.5,98.116,94.739,92.173,90.127,88.633,87.691,87.301,87.171,87.009,86.489,85.807,85.19,84.605,84.053,83.371,82.689,81.942,81.13,79.994,78.824,77.623,76.746,75.999,75.317,74.44,73.563,72.816,72.069,71.387,70.737,70.185,69.73,69.243,68.691,68.009,67.489,67.262,67.067,66.677,66.19,65.508,64.859,64.307,63.754,63.365,63.137,63.137,63.365,64.372,67.197,73.011,82.429,95.193,109.87,125.24,140.18,153.88,165.51,173.01,173.01,173.01,173.01,173.01,173.01,173.01,173.01,172,168.85,165.8,162.75,159.86,157.26,154.86,152.68,150.63,148.62,146.57,144.11,141.12,137.74,133.87,129.56,124.49,118.8,112.73,106.92,101.82,97.499,93.992,91.296,89.51,88.243,87.431,86.879,86.554,86.489,86.294,85.937,85.385,84.67,83.858,83.046,82.234,81.487,80.805,80.058,79.117,77.882,76.616,75.544,74.7,73.92,73.238,72.621,72.004,71.322,70.575,69.86,69.373,68.983,68.626,68.171,67.749,67.262,66.872,66.385,65.866,65.313,64.794,64.177,63.56,63.137,62.943,63.3,64.631,67.814,73.985,83.761,96.687,111.56,126.99,141.8,155.25,166.55,173.01,173.01,173.01,173.01,173.01,173.01,173.01,173.01,171.48,168.43,165.38,162.42,159.69,157.13,154.82,152.68,150.63,148.62,146.51,144.07,140.99,137.32,133.13,128.48,123.38,117.64,111.76,106.17,101.36,97.369,94.121,91.621,89.867,88.73,88.113,87.561,87.106,86.749,86.489,86.197,85.677,84.93,84.053,83.241,82.364,81.487,80.676,79.864,78.987,77.947,76.811,75.739,74.927,74.18,73.368,72.491,71.679,71.192,70.802,70.445,69.795,69.113,68.561,68.074,67.554,67.132,66.807,66.548,66.255,65.671,64.989,64.242,63.754,63.43,63.235,63.3,64.372,67.489,73.823,83.501,96.135,110.56,125.56,140.11,153.23,164.44,173.01,173.01,173.01,173.01,173.01,173.01,173.01,173.01,170.67,167.68,164.79,162.07,159.24,156.48,153.88,151.54,149.3,147,144.62,142.19,139.43,136.25,132.38,127.87,122.67,116.99,111.04,105.29,100.36,96.427,93.569,91.231,89.445,88.113,87.301,86.879,86.619,86.262,85.807,85.417,84.995,84.508,83.858,83.046,82.234,81.423,80.546,79.636,78.759,78.045,77.428,76.746,75.934,74.927,73.985,73.238,72.621,72.004,71.484,70.932,70.315,69.568,68.918,68.431,68.074,67.554,66.937,66.255,65.671,65.313,64.989,64.501,63.982,63.43,63.007,62.878,63.495,65.801,70.867,79.376,90.874,104.61,119.55,134.75,149.17,161.87,172,173.01,173.01,173.01,173.01,173.01,173.01,173.01,172.49,168.98,165.61,162.55,159.76,157.06,154.3,151.61,149.04,146.61,144.24,141.73,138.94,135.76,131.8,127.05,121.37,115.36,109.48,104.25,99.805,96.135,93.439,91.556,90.322,89.445,88.795,88.308,87.983,87.691,87.301,86.944,86.489,86.002,85.125,84.053,82.884,81.812,80.805,79.799,78.824,77.947,77.07,76.194,75.187,74.245,73.433,72.621,71.939,71.257,70.737,70.445,70.12,69.633,68.918,68.236,67.684,67.295,67.002,66.677,66.418,66.125,65.671,65.054,64.501,63.982,63.69,63.495,63.625,64.924,68.561,75.317,85.417,98.376,113.06,128.19,142.87,156.25,167.55,173.01,173.01,173.01,173.01,173.01,173.01,173.01,173.01,173.01,170.12,167.2,164.31,161.55,158.95,156.54,154.3,152.19,150.05,147.94,145.73,143.13,139.82,135.82,131.11,125.89,120.14,114.19,108.57,103.51,99.253,95.68,92.855,90.744,89.25,88.308,87.886,87.691,87.431,87.106,86.684,86.132,85.482,84.8,83.988,83.111,82.299,81.487,80.676,79.669,78.824,77.882,76.811,75.674,74.732,73.985,73.368,72.881,72.361,71.744,70.932,70.25,69.633,69.113,68.886,68.561,68.107,67.619,67.132,66.548,65.93,65.378,64.794,64.307,63.949,63.754,63.819,64.566,66.742,71.679,80.058,91.88,106.01,121.24,136.44,150.57,162.62,172.17,173.01,173.01,173.01,173.01,173.01,173.01,173.01,173.01,171.13,167.81,164.7,161.81,159.24,156.87,154.69,152.61,150.5,148.13,145.44,142.48,139.3,135.69,131.44,126.44,120.95,115.17,109.48,104.12,99.48,95.68,92.822,90.744,89.315,88.438,87.983,87.756,87.301,86.814,86.262,85.742,85.255,84.67,83.988,83.371,82.559,81.617,80.546,79.506,78.5,77.493,76.486,75.544,74.732,74.115,73.433,72.621,71.809,71.062,70.51,69.99,69.568,69.178,68.886,68.561,68.009,67.36,66.742,66.385,65.93,65.443,64.859,64.437,64.112,63.884,63.69,63.949,65.573,69.698,77.07,87.918,101.62,116.69,131.86,146.05,158.49,168.85,173.01,173.01,173.01,173.01,173.01,173.01,173.01,173.01,171.32,167.88,164.7,161.74,159.11,156.87,154.76,152.55,150.18,147.68,145.18,142.55,139.62,136.31,132.51,128.06,122.73,116.86,110.95,105.42,100.62,96.622,93.504,91.361,89.997,89.055,88.308,87.626,87.074,86.684,86.294,85.807,85.385,84.865,84.248,83.436,82.429,81.358,80.253,79.182,78.175,77.233,76.421,75.609,74.732,73.693,72.686,71.874,71.257,70.672,70.12,69.633,69.243,68.886,68.431,67.814,67.197,66.613,66.06,65.573,65.119,64.794,64.437,63.884,63.137,62.358,61.936,62.001,62.878,65.443,70.802,79.669,91.816,106.01,120.95,135.69,149.37,161.25,170.8,173.01,173.01,173.01,173.01,173.01,173.01,173.01,171.48,168.17,164.92,161.87,159.05,156.38,153.82,151.32,148.94,146.57,144.11,141.6,139.01,136.05,132.54,128.19,122.99,117.31,111.5,105.94,101.01,96.882,93.699,91.361,89.607,88.373,87.561,87.009,86.619,86.294,86.002,85.742,85.482,85.06,84.378,83.566,82.819,82.137,81.423,80.741,79.994,79.311,78.694,77.947,77.135,76.356,75.674,74.992,74.375,73.823,73.563,73.693,74.7,77.168,81.812,88.795,97.824,107.92,118.38,128.42,137.45,144.69,149.69,152.19,152.48,150.86,147.81,143.62,138.75,133.48,127.8,121.7,115.36,109.13,103.25,97.499,91.945,86.684,82.299,78.987,76.746,75.317,74.44,74.18,74.505,75.057,75.869,76.746,77.558,78.305,78.694,78.857,78.824,78.629,78.24,77.688,76.941,76.194,75.512,74.797,73.92,72.881,71.744,70.672,69.73,68.918,68.301,67.749,67.067,66.19,65.313,64.631,64.112,63.69,63.17,62.618,62.26,62.066,61.871,61.481,61.059,60.637,60.247,59.987,59.857,59.825,59.825,59.565,59.175,58.753,58.363,58.136,57.941,57.681,57.486,57.356,57.356,57.194,56.804,56.382,56.122,55.927,55.862,55.862,55.927,55.862,55.7,55.44,55.18,54.985,54.855,54.563,54.173,53.946,54.011,54.433,55.797,59.435,66.872,78.987,94.739,112.37,130.04,146.67,161.38,173.01,173.01,173.01,173.01,173.01,173.01,173.01,173.01,173.01,173.01,172.13,168.01,163.98,160.31,156.93,153.95,151.25,148.75,146.18,143.26,140.05,136.73,133.13,129.13,124.49,119.42,114.13,108.87,103.86,99.48,95.94,93.18,91.198,89.737,88.795,88.308,87.918,87.431,86.749,86.002,85.385,84.735,84.053,83.241,82.429,81.682,80.935,79.994,78.857,77.753,76.681,75.674,74.732,73.92,73.238,72.556,71.744,70.802,69.925,69.243,68.756,68.236,67.749,67.424,67.262,66.937,66.483,65.995,65.443,64.924,64.566,64.372,64.177,63.949,63.495,62.878,62.196,61.546,61.189,61.384,62.423,64.989,69.86,77.817,88.698,101.62,115.36,129,141.73,153.13,162.36,169.05,173.01,173.01,173.01,172.88,170.54,167.88,164.99,161.94,158.82,155.67,152.74,150.05,147.48,145.05,142.81,140.63,138.29,135.82,132.8,129.36,125.43,120.88,115.75,110.23,104.94,100.13,95.875,92.238,89.315,87.106,85.612,84.735,84.248,83.988,83.858,83.696,83.306,82.819,82.299,81.747,81.065,80.383,79.799,79.182,78.37,77.233,76.064,74.927,73.985,73.173,72.361,71.679,71.062,70.38,69.633,68.918,68.301,67.684,67.132,66.613,66.32,66.06,65.606,65.054,64.437,63.819,63.235,62.813,62.358,62.066,61.676,61.189,60.572,60.247,60.637,62.293,66.483,73.985,84.93,98.376,112.93,127.61,141.51,154.01,164.37,172.23,173.01,173.01,173.01,173.01,173.01,173.01,170.32,167.07,163.82,160.57,157.55,154.82,152.32,149.82,147.32,144.82,142.38,139.88,137.25,134.36,131.05,127.05,122.31,116.82,111.01,105.42,100.42,96.233,93.05,90.744,89.12,87.886,86.944,86.294,85.872,85.482,85.125,84.8,84.605,84.443,83.988,83.241,82.364,81.552,81,80.383,79.669,78.857,78.175,77.623,76.941,76.129,75.317,74.505,73.758,73.043,72.426,71.939,71.484,70.997,70.38,69.698,69.048,68.561,68.171,67.814,67.424,67.002,66.483,65.93,65.248,64.566,64.047,63.754,63.819,64.794,67.554,72.686,80.741,91.556,104.61,118.87,133.19,146.44,157.94,167.23,173.01,173.01,173.01,173.01,173.01,173.01,173.01,169.8,166.55,163.43,160.44,157.36,154.5,151.8,149.37,147.13,144.82,142.48,140.05,137.32,134.07,130.24,125.76,120.56,114.87,109.26,104.19,99.935,96.427,93.569,91.231,89.607,88.633,87.983,87.561,87.236,87.074,86.814,86.359,85.807,85.125,84.378,83.566,82.689,81.942,81.26,80.448,79.441,78.305,77.168,76.194,75.317,74.57,73.92,73.368,72.751,72.069,71.322,70.737,70.25,69.73,69.308,68.983,68.691,68.366,67.879,67.295,66.742,66.125,65.606,65.248,64.989,64.761,64.372,63.884,63.69,64.437,67.002,72.296,80.87,92.627,106.69,121.86,136.8,150.63,162.62,172.3,173.01,173.01,173.01,173.01,173.01,173.01,173.01,173.01,172.3,169.31,166.32,163.49,160.93,158.62,156.48,154.3,151.87,149.3,146.67,143.88,140.86,137.54,133.81,129.36,124.2,118.38,112.44,106.89,101.98,97.986,94.933,92.822,91.361,90.322,89.575,88.99,88.568,88.178,87.886,87.626,87.301,86.879,86.067,85.06,84.118,83.176,82.234,81.26,80.318,79.376,78.564,77.623,76.681,75.674,74.732,73.92,73.238,72.816,72.491,72.134,71.549,70.867,70.25,69.698,69.178,68.821,68.496,68.107,67.684,67.132,66.483,65.866,65.378,64.924,64.761,65.248,67.002,70.867,77.623,87.496,100.06,114.19,128.74,142.94,155.86,166.74,173.01,173.01,173.01,173.01,173.01,173.01,173.01,173.01,172.56,169.7,166.74,163.88,160.99,158.3,155.93,153.75,151.8,149.85,147.68,145.18,142.19,138.88,135.11,130.69,125.56,119.75,113.74,108.25,103.31,99.123,95.68,93.05,91.231,90.127,89.445,89.055,88.925,88.73,88.438,87.918,87.366,86.814,86.132,85.385,84.573,83.858,83.046,82.17,81.13,80.058,78.922,77.947,77.006,76.323,75.674,75.057,74.31,73.433,72.751,72.134,71.549,71.127,70.672,70.315,69.86,69.243,68.626,68.009,67.295,66.613,66.06,65.671,65.378,65.054,64.696,64.696,65.801,69.048,75.544,85.482,98.246,112.7,127.51,141.86,155.05,166.61,173.01,173.01,173.01,173.01,173.01,173.01,173.01,173.01,173.01,170.87,167.94,165.12,162.29,159.63,157.06,154.69,152.42,150.18,147.94,145.63,143.07,139.95,136.18,131.73,126.73,121.11,115.23,109.55,104.48,100.29,96.882,94.057,92.043,90.809,90.192,89.672,89.315,89.055,88.86,88.503,87.983,87.366,86.684,85.872,85.125,84.573,83.923,83.306,82.624,81.747,80.741,79.734,78.922,78.175,77.428,76.616,75.934,75.317,74.7,73.92,73.173,72.426,71.809,71.192,70.607,70.25,69.795,69.243,68.561,67.814,67.197,66.742,66.32,65.93,65.736,65.93,66.872,69.308,74.18,82.234,93.439,106.98,121.76,136.57,150.7,163.17,173.01,173.01,173.01,173.01,173.01,173.01,173.01,173.01,173.01,170.44,167,163.69,160.67,158.01,155.63,153.43,151.38,149.37,147.32,144.82,141.86,138.29,134.17,129.36,123.81,117.73,111.82,106.37,101.82,98.181,95.356,93.439,92.043,91.198,90.679,90.419,90.386,90.257,89.932,89.38,88.633,87.886,87.074,86.197,85.255,84.313,83.501,82.689,81.747,80.676,79.636,78.564,77.623,76.876,76.259,75.674,74.992,74.18,73.368,72.751,72.199,71.679,71.257,70.867,70.575,70.25,69.73,69.243,68.756,68.236,67.749,67.295,67.002,66.742,66.418,66.125,66.125,67.424,70.997,77.753,87.983,101.07,115.88,131.24,145.99,159.43,170.8,173.01,173.01,173.01,173.01,173.01,173.01,173.01,173.01,173.01,173.01,171.87,169.31,166.87,164.5,162.13,159.92,157.75,155.63,153.3,150.86,148.23,145.24,141.67,137.45,132.45,126.73,120.62,114.55,108.93,104.19,100.36,97.304,94.998,93.374,92.368,91.816,91.426,91.198,91.004,90.744,90.322,89.737,89.055,88.243,87.301,86.424,85.612,84.865,84.053,82.981,81.812,80.676,79.669,78.824,78.045,77.363,76.746,76.064,75.317,74.57,73.92,73.368,72.816,72.296,72.004,71.679,71.257,70.51,69.73,69.048,68.431,67.879,67.489,67.197,67.067,67.197,68.236,71.127,76.876,85.807,97.759,111.69,126.63,141.25,154.69,166.19,173.01,173.01,173.01,173.01,173.01,173.01,173.01,173.01,173.01,173.01,169.86,166.94,164.31,162.07,160.12,158.17,156.19,154.01,151.74,149.37,146.74,143.81,140.37,136.05,130.85,124.94,118.61,112.5,107.05,102.44,98.928,96.362,94.609,93.439,92.563,91.88,91.296,90.874,90.549,90.322,90.062,89.607,88.925,88.113,87.301,86.489,85.742,84.995,84.313,83.566,82.819,81.942,81,80.123,79.182,78.305,77.623,77.135,76.616,75.999,75.252,74.44,73.758,73.173,72.686,72.231,71.874,71.322,70.607,69.925,69.243,68.756,68.236,67.814,67.554,67.814,68.918,71.549,76.811,85.385,97.012,110.95,126.11,141.57,156.06,168.76,173.01,173.01,173.01,173.01,173.01,173.01,173.01,173.01,173.01,173.01,172.56,169.37,166.48,163.92,161.68,159.86,158.07,156.06,153.69,150.99,148.07,144.82,140.92,136.44,131.11,125.11,118.74,112.7,107.44,103.18,99.935,97.629,96.07,95.128,94.381,93.732,93.31,92.822,92.433,92.01,91.686,91.296,90.679,89.802,88.73,87.626,86.554,85.547,84.573,83.696,82.754,81.812,80.741,79.669,78.694,77.688,76.746,76.064,75.544,75.122,74.57,73.855,73.043,72.361,71.809,71.419,71.192,70.867,70.445,69.86,69.308,68.886,68.431,68.074,67.814,67.944,68.691,70.867,75.447,83.111,94.057,107.5,122.44,137.8,152.42,165.31,173.01,173.01,173.01,173.01,173.01,173.01,173.01,173.01,173.01,173.01,173.01,171.35,168.76,166.42,164.44,162.62,160.73,158.82,156.74,154.43,152,149.3,146.25,142.42,137.67,132.06,125.76,119.29,113.25,107.92,103.57,100.06,97.239,95.128,93.699,92.855,92.368,92.173,92.01,91.686,91.198,90.614,89.932,89.185,88.243,87.301,86.424,85.677,84.8,83.793,82.624,81.423,80.318,79.506,78.857,78.305,77.688,76.876,76.064,75.382,74.797,74.31,73.855,73.433,73.011,72.621,72.199,71.614,71.062,70.445,69.86,69.373,68.918,68.496,68.074,67.814,68.301,70.51,75.382,83.436,94.674,108.18,123.12,138.42,153.07,166,173.01,173.01,173.01,173.01,173.01,173.01,173.01,173.01,173.01,173.01,173.01,171.87,169.05,166.48,164.18,162.13,160.18,158.36,156.45,154.3,151.93,149.17,145.73,141.73,137.12,131.73,125.69,119.26,113.06,107.57,103.12,99.61,96.947,94.933,93.634,92.757,92.238,91.945,91.686,91.296,90.874,90.386,89.802,89.185,88.438,87.561,86.554,85.547,84.605,83.793,82.949,82.072,81.195,80.253,79.441,78.694,78.012,77.233,76.421,75.674,75.057,74.505,73.92,73.433,72.816,72.134,71.484,70.932,70.315,69.73,69.048,68.431,67.879,67.489,67.262,67.197,67.684,69.438,73.498,80.741,91.231,104.32,118.87,133.87,148.49,161.87,173.01,173.01,173.01,173.01,173.01,173.01,173.01,173.01,173.01,173.01,171.48,168.3,165.51,163.07,160.8,158.82,156.87,154.92,153.13,151.12,148.94,146.31,143,138.94,134.13,128.68,122.67,116.56,110.75,105.68,101.69,98.636,96.492,94.998,94.121,93.569,93.245,93.18,93.115,92.855,92.368,91.621,90.744,89.867,88.99,88.048,87.074,85.937,84.8,83.761,82.819,81.942,81.065,80.123,79.247,78.435,77.753,77.135,76.486,75.869,75.187,74.57,73.985,73.433,72.946,72.426,71.939,71.419,70.932,70.575,70.12,69.633,69.048,68.561,68.171,68.171,68.983,71.419,76.551,84.995,96.752,110.88,126.24,141.73,156.38,169.31,173.01,173.01,173.01,173.01,173.01,173.01,173.01,173.01,173.01,173.01,173.01,172.23,169.44,167,164.73,162.75,160.8,158.95,157,154.99,152.61,149.85,146.57,142.61,137.93,132.51,126.31,119.88,113.61,108.05,103.44,99.74,97.012,94.998,93.732,92.985,92.563,92.303,92.043,91.686,91.296,90.939,90.484,89.867,89.055,88.178,87.171,86.294,85.417,84.573,83.696,82.884,82.137,81.487,81.13,81.065,81.812,83.923,87.983,94.186,102.24,111.69,121.7,131.7,140.76,148.36,153.88,157,157.75,156.38,153.23,148.81,143.36,137.32,130.85,124.26,117.67,111.24,104.94,98.798,93.115,88.113,84.118,81.195,79.247,78.175,77.753,77.947,78.5,79.376,80.448,81.358,82.137,82.689,83.046,83.306,83.371,83.111,82.689,81.942,81.13,80.188,79.182,78.11,76.941,75.674,74.44,73.238,72.231,71.322,70.445,69.633,68.821,68.236,67.749,67.36,66.937,66.483,66.06,65.671,65.378,65.054,64.794,64.501,64.177,63.884,63.56,63.365,63.17,62.943,62.618,62.358,62.196,62.001,61.806,61.481,61.254,60.994,60.734,60.637,60.442,60.182,59.922,59.76,59.63,59.5,59.305,59.11,58.883,58.688,58.493,58.233,57.941,57.551,57.129,56.739,56.544,56.447,56.317,56.187,56.122,56.382,57.486,60.734,67.749,79.441,95.193,113.12,131.5,149.04,164.92,173.01,173.01,173.01,173.01,173.01,173.01,173.01,173.01,173.01,173.01,172.43,168.24,164.31,160.8,157.62,154.63,151.8,148.88,145.79,142.48,138.94,135.04,130.69,125.82,120.56,115.23,110.23,105.94,102.5,99.935,98.116,96.817,95.875,95.193,94.609,94.057,93.569,93.115,92.627,92.01,91.231,90.322,89.315,88.308,87.301,86.262,85.19,83.988,82.884,81.747,80.741,79.669,78.629,77.623,76.681,75.869,75.187,74.635,73.985,73.303,72.686,72.199,71.809,71.484,71.192,70.802,70.38,69.925,69.568,69.243,68.886,68.496,68.074,67.619,67.197,66.807,66.483,66.06,65.606,65.443,65.93,67.814,72.134,79.311,89.575,102.18,116.24,130.76,144.82,157.42,168.04,173.01,173.01,173.01,173.01,173.01,173.01,173.01,173.01,172,168.69,165.51,162.49,159.63,157,154.76,152.68,150.7,148.68,146.44,143.94,141.18,137.93,134.13,129.56,124.2,118.32,112.44,106.92,102.11,98.181,94.998,92.627,91.198,90.386,89.932,89.672,89.38,89.185,88.925,88.698,88.308,87.756,87.106,86.359,85.547,84.67,83.761,82.884,81.942,80.87,79.864,78.857,77.947,77.135,76.421,75.609,74.732,74.05,73.628,73.238,72.816,72.296,71.809,71.419,71.257,70.932,70.607,70.445,70.672,72.199,75.804,82.137,91.133,102.31,114.87,128,140.76,152.32,161.94,168.98,173.01,173.01,173.01,172.07,168.5,164.05,159.18,153.95,148.68,143.36,138.06,132.74,127.51,122.38,117.25,112.18,107.18,102.24,97.694,93.797,90.809,88.698,87.301,86.489,86.197,86.197,86.489,86.814,87.106,87.171,87.106,86.944,86.684,86.262,85.612,84.8,83.858,82.819,81.812,80.805,79.669,78.629,77.493,76.486,75.512,74.57,73.628,72.686,71.809,62.748,62.358,62.001,61.741,61.741,62.196,63.949,68.107,75.934,87.496,101.98,118.06,134.23,149.85,164.11,173.01,173.01,173.01,173.01,173.01,173.01,173.01,173.01,173.01,173.01,173.01,171.81,168.92,166.42,164.11,162.13,160.25,158.49,156.61,154.63,152.35,149.85,146.93,143.49,139.23,134.3,128.68,122.73,116.86,111.43,106.89,103.12,100.26,98.181,96.817,96.005,95.486,95.128,94.868,94.609,94.186,93.634,92.92,92.108,91.198,90.127,88.99,87.821,86.554,85.32,84.118,83.046,82.072,81.065,80.058,79.182,78.37,77.688,77.006,76.323,75.739,75.317,74.797,74.31,73.693,73.108,72.556,72.069,71.614,71.127,70.607,70.12,69.633,69.048,68.626,68.171,68.009,68.626,70.802,75.544,83.371,94.186,107.24,121.7,136.38,150.37,162.81,173.01,173.01,173.01,173.01,173.01,173.01,173.01,173.01,173.01,173.01,171.48,168.56,165.87,163.43,161.25,159.3,157.36,155.44,153.43,151.25,148.81,145.99,142.55,138.49,133.61,128.06,121.99,115.82,110.07,105.07,101.07,98.051,95.94,94.446,93.569,93.05,92.822,92.692,92.498,92.173,91.751,91.198,90.614,89.932,89.12,88.178,87.171,86.132,85.125,84.053,82.981,81.877,80.87,79.994,79.182,78.37,77.558,76.811,76.194,75.609,75.122,74.505,73.92,73.433,73.011,72.556,72.069,71.419,70.802,70.12,69.503,68.983,68.496,68.074,67.879,68.431,70.575,75.122,82.981,94.121,107.86,123.12,138.68,153.56,166.74,173.01,173.01,173.01,173.01,173.01,173.01,173.01,173.01,173.01,173.01,173.01,171.61,168.85,166.48,164.44,162.55,160.73,158.95,157.06,154.99,152.74,150.05,146.87,143.07,138.49,133.19,127.18,120.82,114.62,109.06,104.42,100.75,97.856,95.81,94.511,93.699,93.245,92.92,92.627,92.238,91.88,91.361,90.809,90.062,89.25,88.373,87.366,86.359,85.32,84.183,83.046,82.007,81,80.123,79.182,78.24,77.428,76.681,76.064,75.447,74.797,74.31,73.758,73.238,72.751,72.231,71.679,71.127,70.51,69.795,69.178,68.496,67.944,67.554,67.295,67.554,68.821,72.134,78.37,87.983,100.55,115,130.11,144.98,158.69,170.51,173.01,173.01,173.01,173.01,173.01,173.01,173.01,173.01,173.01,173.01,170.06,167.13,164.63,162.42,160.44,158.62,156.8,155.12,153.36,151.38,148.94,145.92,142.12,137.54,132.25,126.31,119.94,113.61,107.99,103.31,99.805,97.304,95.68,94.609,93.862,93.439,93.115,92.985,92.822,92.498,92.108,91.556,90.939,90.322,89.672,88.925,88.113,87.236,86.294,85.417,84.508,83.631,82.689,81.682,80.676,79.734,78.922,78.24,77.558,76.811,76.064,75.512,74.927,74.44,73.92,73.303,72.621,72.004,71.484,71.062,70.672,70.185,69.73,69.373,69.503,70.51,73.238,78.824,87.821,100.06,114.55,130.01,145.44,160.12,172.95,173.01,173.01,173.01,173.01,173.01,173.01,173.01,173.01,173.01,173.01,173.01,170.61,168.24,166.19,164.24,162.36,160.51,158.56,156.54,154.24,151.61,148.62,145.05,140.7,135.5,129.56,123.12,116.76,110.95,106.07,102.24,99.448,97.369,96.005,95.128,94.674,94.316,94.057,93.797,93.504,92.985,92.368,91.621,90.744,89.802,88.795,87.756,86.684,85.547,84.443,83.371,82.299,81.26,80.253,79.311,78.5,77.753,77.07,76.356,75.739,75.187,74.635,74.115,73.563,73.043,72.556,72.134,71.679,71.192,70.607,70.12,69.633,69.178,68.756,68.431,68.431,69.568,72.686,78.857,88.373,100.94,115.56,131.24,146.8,161.25,173.01,173.01,173.01,173.01,173.01,173.01,173.01,173.01,173.01,173.01,173.01,173.01,171.68,169.18,166.87,164.79,163.07,161.42,159.76,157.94,155.73,153.23,150.31,146.8,142.74,137.8,132.06,125.69,119.13,112.93,107.5,103.05,99.545,97.012,95.258,94.251,93.699,93.439,93.245,93.05,92.692,92.303,91.88,91.296,90.679,89.867,88.86,87.886,86.944,85.937,84.93,83.793,82.624,81.552,80.546,79.669,78.857,78.11,77.428,76.811,76.356,76.129,75.869,75.609,75.382,75.544,76.746,79.864,85.417,93.504,103.73,115.43,127.8,139.88,150.86,159.99,166.68,170.61,171.94,171.13,168.5,164.7,159.86,154.56,148.94,143.29,137.67,132.06,126.44,120.69,115,109.39,104.06,99.123,94.739,91.198,88.568,86.814,86.002,85.872,86.262,86.814,87.431,87.983,88.503,88.86,88.99,88.86,88.373,87.756,86.944,86.132,85.19,84.118,82.981,81.812,80.611,79.571,78.435,77.363,76.259,75.122,73.985,73.043,72.231,71.484,70.737,70.055,69.438,68.918,68.561,68.236,67.944,67.554,67.132,66.677,66.385,66.19,65.93,65.606,65.184,64.794,64.437,64.177,63.982,63.819,63.56,63.3,63.072,62.813,62.618,62.423,62.26,62.066,61.806,61.546,61.254,60.799,60.312,59.857,59.565,59.825,61.059,64.501,71.484,82.689,97.694,114.87,132.8,150.31,166.32,173.01,173.01,173.01,173.01,173.01,173.01,173.01,173.01,173.01,173.01,173.01,173.01,171.87,168.92,166.26,163.92,161.81,159.86,157.81,155.67,153.36,150.73,147.74,144.11,139.69,134.36,128.42,122.18,116.04,110.56,105.94,102.24,99.448,97.499,96.233,95.486,95.063,94.674,94.251,93.862,93.504,93.05,92.498,91.751,91.004,90.127,89.315,88.503,87.821,87.009,86.002,84.995,84.118,83.436,82.624,81.682,80.805,79.929,79.182,78.435,77.753,77.135,76.486,75.869,75.317,74.862,74.375,73.823,73.238,72.686,72.069,71.387,70.867,70.51,70.12,69.73,69.503,69.698,70.932,73.855,79.376,87.821,99.123,112.5,126.86,141.18,154.56,166,173.01,173.01,173.01,173.01,173.01,173.01,173.01,173.01,172.36,168.85,165.57,162.55,159.76,157.29,155.18,153.3,151.51,149.63,147.55,145.18,142.42,139.14,135.01,129.94,124.13,117.93,111.92,106.63,102.18,98.668,96.005,94.057,92.822,92.108,91.751,91.556,91.361,91.133,90.744,90.322,89.802,89.185,88.438,87.496,86.489,85.417,84.443,83.436,82.364,81.293,80.188,79.182,78.24,77.493,76.681,75.869,75.122,74.44,73.855,73.368,72.881,72.361,71.809,71.322,70.867,70.51,70.12,69.73,69.243,68.691,68.171,67.684,67.262,66.872,66.483,66.483,67.489,70.575,76.616,86.197,98.993,114,130.04,146.05,160.86,173.01,173.01,173.01,173.01,173.01,173.01,173.01,173.01,173.01,173.01,173.01,173.01,171.35,168.69,166.32,164.11,162.26,160.57,158.98,157.29,155.31,153,150.24,146.93,143,138.19,132.54,126.18,119.62,113.32,107.73,103.12,99.448,96.687,94.868,93.732,93.18,92.692,92.303,92.108,91.945,91.621,91.004,90.322,89.672,88.99,88.048,87.106,86.197,85.255,84.118,82.981,82.007,80.935,79.864,78.922,78.11,77.363,76.616,75.934,75.382,74.797,74.31,73.758,73.173,72.686,72.231,71.809,71.322,70.802,70.25,69.633,69.048,68.561,68.107,67.944,68.171,69.698,73.368,80.123,90.257,103.12,117.8,133.06,148,161.55,172.95,173.01,173.01,173.01,173.01,173.01,173.01,173.01,173.01,173.01,173.01,170.38,167.68,165.31,163.17,161.38,159.76,158.17,156.54,154.76,152.55,149.98,146.93,143.2,138.62,133.13,126.99,120.56,114.26,108.61,103.86,100.13,97.369,95.486,94.251,93.439,92.92,92.692,92.563,92.368,92.043,91.556,90.939,90.192,89.445,88.503,87.561,86.489,85.482,84.443,83.371,82.234,81.13,80.123,79.117,78.24,77.428,76.616,75.934,75.252,74.7,74.18,73.628,73.108,72.556,72.069,71.549,71.062,70.51,69.86,69.178,68.626,68.074,67.554,67.262,67.295,68.496,71.744,78.012,87.756,100.55,115.43,131.24,146.87,161.32,173.01,173.01,173.01,173.01,173.01,173.01,173.01,173.01,173.01,173.01,173.01,172.36,169.57,167.07,164.92,163.01,161.25,159.5,157.75,155.8,153.62,150.99,147.94,144.17,139.75,134.43,128.39,121.86,115.3,109.32,104.25,100.29,97.434,95.486,94.186,93.504,93.115,92.92,92.822,92.563,92.238,91.88,91.361,90.744,90.062,89.315,88.568,87.756,86.879,85.937,84.995,84.053,83.111,82.234,81.358,80.448,79.571,78.759,78.012,77.298,76.616,75.999,75.382,74.862,74.375,73.855,73.303,72.751,72.199,71.679,71.127,70.575,70.055,69.633,69.373,69.373,70.055,72.134,76.551,84.118,94.933,108.44,123.48,139.01,153.88,167.2,173.01,173.01,173.01,173.01,173.01,173.01,173.01,173.01,173.01,173.01,171.32,168.04,165.18,162.68,160.57,158.69,157,155.31,153.43,151.25,148.75,145.73,142.06,137.48,132.12,125.92,119.55,113.32,107.73,103.18,99.545,97.012,95.323,94.316,93.732,93.439,93.245,93.05,92.822,92.433,91.945,91.231,90.484,89.607,88.698,87.626,86.489,85.385,84.248,83.176,82.137,81,79.994,79.052,78.175,77.363,76.616,75.869,75.252,74.7,74.18,73.693,73.173,72.686,72.199,71.809,71.387,70.932,70.51,70.055,69.568,69.113,68.626,68.107,67.619,67.424,67.879,69.73,74.115,81.942,93.374,107.7,123.61,139.82,155.25,168.85,173.01,173.01,173.01,173.01,173.01,173.01,173.01,173.01,173.01,173.01,173.01,173.01,170.8,168.43,166.39,164.57,162.94,161.38,159.69,157.81,155.63,153.07,149.92,146.18,141.67,136.25,130.11,123.55,116.92,110.88,105.68,101.49,98.311,96.135,94.674,93.797,93.245,92.985,92.757,92.563,92.238,91.816,91.296,90.744,89.997,89.12,88.178,87.106,86.132,85.06,83.923,82.819,81.682,80.676,79.734,78.824,77.947,77.135,76.421,75.804,75.252,74.7,74.115,73.563,73.043,72.556,72.069,71.484,70.997,70.51,69.925,69.373,68.821,68.301,67.944,67.944,68.691,71.127,76.259,84.67,96.362,110.36,125.76,141.25,155.93,168.82,173.01,173.01,173.01,173.01,173.01,173.01,173.01,173.01,173.01,173.01,172.56,169.7,167.13,164.92,163.01,161.25,159.56,157.88,156.06,153.95,151.51,148.55,145.05,140.86,135.92,130.17,123.87,117.44,111.43,106.17,101.98,98.798,96.557,95.063,94.057,93.569,93.18,92.92,92.692,92.368,91.945,91.426,90.809,89.997,89.185,88.178,87.171,86.132,84.995,83.923,82.819,81.747,80.741,79.734,78.857,78.012,77.233,76.551,75.934,75.317,74.7,74.115,73.628,73.173,72.751,72.231,71.679,71.127,70.51,69.925,69.373,68.821,68.236,67.749,67.489,67.814,69.373,73.303,80.546,91.296,105.07,120.49,136.57,152,165.87,173.01,173.01,173.01,173.01,173.01,173.01,173.01,173.01,173.01,173.01,173.01,171.94,169.24,166.87,164.86,163.17,161.48,159.76,157.88,155.73,153.43,150.73,147.55,143.68,138.94,133.35,127.12,120.62,114.32,108.67,103.86,100.13,97.369,95.551,94.511,93.862,93.569,93.245,92.92,92.692,92.368,91.945,91.361,90.679,89.867,89.055,88.243,87.366,86.424,85.482,84.508,83.566,82.689,81.877,81,80.188,79.311,78.435,77.688,77.006,76.323,75.609,74.992,74.375,73.823,73.238,72.621,72.004,71.322,70.737,70.185,69.633,69.113,68.691,68.366,68.366,69.048,71.257,75.934,83.923,95.323,109.32,124.75,140.44,155.38,168.63,173.01,173.01,173.01,173.01,173.01,173.01,173.01,173.01,173.01,173.01,171.94,168.98,166.42,164.11,162,159.99,158.14,156.32,154.43,152.26,149.63,146.51,142.61,137.87,132.25,125.89,119.36,113.25,107.99,103.73,100.42,98.051,96.492,95.486,94.933,94.674,94.511,94.316,93.992,93.569,92.92,92.108,91.231,90.322,89.25,88.178,87.009,85.807,84.67,83.566,82.494,81.423,80.448,79.571,78.824,78.11,77.363,76.681,76.064,75.447,74.927,74.44,73.985,73.498,73.011,72.491,72.004,71.484,70.997,70.575,70.055,69.568,69.048,68.626,68.236,68.236,69.048,71.679,77.168,86.197,98.636,113.51,129.56,145.57,160.44,173.01,173.01,173.01,173.01,173.01,173.01,173.01,173.01,173.01,173.01,173.01,173.01,173.01,170.8,168.56,166.61,164.92,163.3,161.68,159.86,157.81,155.44,152.61,149.24,145.24,140.44,134.82,128.55,121.92,115.49,109.68,104.81,100.94,98.116,96.233,95.063,94.446,94.057,93.732,93.569,93.374,93.05,92.563,91.945,91.198,90.386,89.445,88.438,87.366,86.294,85.19,84.118,82.981,81.942,80.935,79.994,79.117,78.305,77.558,76.811,76.194,75.544,74.992,74.505,73.985,73.498,73.011,72.426,71.939,71.419,70.867,70.25,69.698,69.178,68.756,68.561,68.821,70.12,73.693,80.383,90.549,103.61,118.61,134.36,149.69,163.69,173.01,173.01,173.01,173.01,173.01,173.01,173.01,173.01,173.01,173.01,173.01,172.3,169.7,167.42,165.44,163.69,162,160.44,158.82,157,154.86,152.32,149.11,145.37,140.79,135.37,129.2,122.57,116.01,110.07,105.07,101.14,98.181,96.168,94.868,94.121,93.732,93.504,93.31,93.115,92.822,92.368,91.816,91.133,90.322,89.445,88.438,87.366,86.294,85.19,84.118,83.046,82.007,81,79.994,79.117,78.305,77.558,76.876,76.323,75.739,75.187,74.7,74.18,73.693,73.238,72.751,72.199,71.549,70.997,70.445,69.86,69.308,68.821,68.496,68.496,69.438,72.134,77.688,86.684,99.123,113.93,129.94,145.92,160.8,173.01,173.01,173.01,173.01,173.01,173.01,173.01,173.01,173.01,173.01,173.01,173.01,173.01,170.54,168.43,166.55,164.79,163.1,161.42,159.56,157.42,154.92,151.87,148.23,143.88,138.75,132.87,126.37,119.75,113.45,107.92,103.51,100.13,97.694,96.005,94.868,94.251,93.862,93.634,93.374,92.985,92.627,92.043,91.426,90.679,89.867,88.925,87.983,87.009,86.002,85.125,84.313,83.631,82.884,82.234,81.747,81.812,82.981,85.807,90.744,97.694,106.3,115.82,125.56,134.82,142.81,149.04,153.13,154.82,154.37,151.93,148,143,137.19,130.92,124.42,117.86,111.3,104.81,98.571,92.692,87.561,83.436,80.481,78.629,77.753,77.623,78.045,78.857,79.864,81,82.007,82.819,83.501,83.923,84.118,84.183,84.053,83.858,83.566,82.981,82.234,81.358,80.448,79.441,78.37,77.298,76.259,75.252,74.31,73.368,72.556,71.809,71.127,70.575,70.055,69.568,69.113,68.691,68.301,67.944,67.619,67.295,67.002,66.742,66.483,66.32,66.06,65.866,65.671,65.508,65.248,64.924,64.631,64.372,64.177,63.982,63.819,63.56,63.365,63.137,62.878,62.488,62.196,62.001,61.806,61.449,61.059,60.734,60.377,60.052,59.857,59.857,59.857,59.695,59.435,59.24,59.11,58.818,58.428,58.168,58.006,58.006,58.493,60.864,66.548,76.681,91.198,108.93,128.06,146.74,163.98,173.01,173.01,173.01,173.01,173.01,173.01,173.01,173.01,173.01,173.01,173.01,173.01,173.01,171.13,168.04,165.31,162.88,160.6,158.36,155.99,153.36,150.44,147.06,143.13,138.62,133.35,127.61,121.44,115.36,109.87,105.29,101.75,99.058,97.109,95.81,94.933,94.381,93.927,93.569,93.05,92.498,91.88,91.198,90.386,89.445,88.503,87.496,86.424,85.32,84.248,83.111,82.007,80.87,79.799,78.694,77.688,76.746,75.999,75.252,74.635,73.985,73.433,72.946,72.491,72.069,71.679,71.387,71.062,70.672,70.315,69.925,69.438,68.918,68.431,67.879,67.36,66.872,66.483,66.483,67.295,69.698,74.57,82.624,93.634,106.89,121.18,135.56,149.11,161.06,170.61,173.01,173.01,173.01,173.01,173.01,173.01,173.01,171.55,168.04,164.73,161.61,158.82,156.25,153.95,151.8,149.82,147.81,145.7,143.29,140.57,137.38,133.48,128.94,123.55,117.67,111.56,105.88,100.94,96.947,93.927,91.686,90.257,89.38,88.86,88.633,88.503,88.308,88.113,87.886,87.431,86.879,86.197,85.417,84.573,83.631,82.689,81.747,80.741,79.669,78.629,77.623,76.681,75.804,74.992,74.245,73.563,72.946,72.361,71.809,71.322,70.802,70.38,69.99,69.568,69.113,68.626,68.107,67.619,67.067,66.483,65.93,65.508,65.184,65.248,66.255,69.113,74.927,84.313,96.882,111.69,127.51,143.13,157.62,170.06,173.01,173.01,173.01,173.01,173.01,173.01,173.01,173.01,173.01,173.01,169.63,166.55,163.88,161.42,159.24,157.13,155.18,153.36,151.38,148.94,146.12,143,139.62,135.63,130.85,125.24,119.06,112.86,107.31,102.57,98.733,95.81,93.732,92.303,91.426,90.874,90.484,90.192,89.737,89.38,88.925,88.438,87.821,87.074,86.132,85.125,84.118,83.176,82.17,81.195,80.188,79.182,78.175,77.233,76.356,75.544,74.862,74.18,73.563,73.011,72.426,71.939,71.387,70.867,70.38,69.925,69.503,69.048,68.561,68.074,67.424,66.807,66.255,65.801,65.573,65.93,67.619,71.549,78.694,89.055,102.11,116.82,131.93,146.44,159.5,170.44,173.01,173.01,173.01,173.01,173.01,173.01,173.01,173.01,172.56,169.31,166.19,163.36,160.8,158.56,156.48,154.56,152.74,150.86,148.81,146.61,144.01,140.79,136.99,132.32,126.86,120.82,114.49,108.57,103.38,99.188,96.005,93.732,92.238,91.296,90.809,90.484,90.257,90.062,89.802,89.51,89.055,88.503,87.821,87.074,86.294,85.482,84.67,83.793,82.981,82.137,81.195,80.318,79.441,78.564,77.688,76.876,76.194,75.512,74.797,74.18,73.563,73.043,72.491,72.004,71.419,70.932,70.38,69.795,69.308,68.756,68.301,67.879,67.554,67.36,67.424,68.366,70.932,76.259,85.06,97.109,111.63,127.44,143.29,158.07,170.8,173.01,173.01,173.01,173.01,173.01,173.01,173.01,173.01,173.01,172.75,169.5,166.48,163.88,161.61,159.56,157.62,155.73,153.75,151.61,149.17,146.31,143,139.14,134.43,128.94,122.86,116.63,110.82,105.75,101.62,98.571,96.362,94.868,93.862,93.245,92.855,92.563,92.238,91.88,91.426,90.874,90.192,89.445,88.568,87.561,86.489,85.417,84.313,83.176,82.137,81.13,80.188,79.247,78.37,77.493,76.681,75.934,75.252,74.635,74.05,73.563,73.043,72.556,72.069,71.614,71.192,70.802,70.38,69.925,69.438,68.983,68.496,68.074,67.619,67.295,67.197,67.879,70.25,75.382,83.923,95.81,110.07,125.56,141.05,155.57,168.11,173.01,173.01,173.01,173.01,173.01,173.01,173.01,173.01,173.01,173.01,173.01,170.74,168.24,166.06,164.11,162.42,160.73,158.95,157,154.86,152.48,149.63,146.31,142.32,137.67,132.32,126.24,119.75,113.45,107.86,103.31,99.61,96.947,95.258,94.251,93.699,93.31,92.985,92.757,92.498,92.108,91.621,91.004,90.257,89.445,88.568,87.496,86.424,85.32,84.313,83.241,82.17,81.195,80.123,79.182,78.305,77.558,76.876,76.259,75.674,75.122,74.7,74.245,73.855,73.498,73.173,72.881,72.491,72.199,72.231,73.238,76.064,81.358,89.607,100.36,112.93,126.44,139.82,152,162.26,169.99,173.01,173.01,173.01,173.01,171.87,167.75,163.1,158.23,153.23,148.23,143.26,138.29,133.48,128.74,123.94,119.06,114.19,109.32,104.55,100.26,96.622,93.862,91.945,90.744,90.192,90.062,90.257,90.484,90.744,90.874,90.809,90.614,90.257,89.672,88.99,88.113,87.106,86.002,84.865,83.696,82.429,81.26,80.058,78.922,77.882,76.811,75.804,74.862,73.985,73.173,72.426,71.809,71.257,70.737,70.315,69.86,69.503,69.113,68.821,68.496,68.171,67.879,67.619,67.295,67.067,66.742,66.483,66.32,66.06,65.801,65.573,65.313,64.989,64.696,64.307,63.949,63.56,63.235,63.17,63.754,65.736,70.445,78.922,91.426,106.92,124,141.18,157.42,171.74,173.01,173.01,173.01,173.01,173.01,173.01,173.01,173.01,173.01,173.01,173.01,173.01,173.01,170.67,168.56,166.55,164.73,162.81,160.8,158.62,156.12,153.3,150.18,146.51,142.19,137.25,131.5,125.24,118.87,112.8,107.5,103.25,100.06,97.759,96.168,95.258,94.674,94.251,93.927,93.569,93.115,92.563,91.945,91.231,90.419,89.51,88.503,87.496,86.424,85.385,84.313,83.306,82.364,81.487,80.611,79.799,79.052,78.305,77.623,76.941,76.323,75.674,75.122,74.57,73.985,73.498,72.946,72.426,71.874,71.257,70.575,69.925,69.373,68.821,68.301,68.009,68.009,68.756,71.062,75.869,83.858,94.868,108.25,122.8,137.61,151.67,164.18,173.01,173.01,173.01,173.01,173.01,173.01,173.01,173.01,173.01,172.56,169.37,166.48,163.88,161.55,159.43,157.49,155.57,153.69,151.61,149.3,146.61,143.49,139.69,135.11,129.75,123.74,117.64,111.69,106.43,102.11,98.733,96.362,94.804,93.732,93.05,92.627,92.303,92.01,91.686,91.296,90.809,90.192,89.445,88.568,87.561,86.489,85.482,84.443,83.371,82.364,81.26,80.188,79.117,78.175,77.363,76.616,75.999,75.382,74.797,74.245,73.823,73.303,72.816,72.296,71.809,71.387,70.932,70.51,69.99,69.438,68.886,68.236,67.749,67.36,67.262,67.879,70.055,74.862,83.176,94.933,109.32,125.11,141.05,156.12,169.31,173.01,173.01,173.01,173.01,173.01,173.01,173.01,173.01,173.01,173.01,173.01,172.17,169.63,167.36,165.38,163.49,161.81,160.12,158.36,156.38,154.11,151.45,148.29,144.49,139.98,134.56,128.39,121.76,115.13,109,103.86,99.805,96.817,94.739,93.439,92.692,92.303,92.108,92.043,91.88,91.621,91.198,90.614,89.932,89.12,88.243,87.236,86.197,85.125,84.053,82.949,81.877,80.87,79.864,78.922,78.012,77.168,76.486,75.804,75.187,74.57,73.985,73.498,73.011,72.491,72.069,71.549,71.062,70.575,69.99,69.438,68.886,68.301,67.814,67.489,67.554,68.691,71.809,77.882,87.301,99.805,114.36,129.81,144.98,158.98,170.93,173.01,173.01,173.01,173.01,173.01,173.01,173.01,173.01,173.01,173.01,171.06,168.17,165.74,163.56,161.68,159.92,158.36,156.74,154.92,152.81,150.24,147.19,143.55,139.17,133.94,128,121.57,115.13,109.19,104.19,100.19,97.174,95.063,93.699,92.855,92.368,92.108,92.01,91.751,91.426,91.004,90.419,89.802,88.99,88.113,87.106,86.132,85.125,84.053,82.981,81.877,80.805,79.799,78.922,78.012,77.07,76.194,75.609,75.122,74.505,73.855,73.433,73.011,72.556,72.004,71.484,71.062,70.575,70.055,69.503,68.821,68.236,67.814,67.489,67.489,68.301,70.802,76.194,84.995,97.174,111.82,127.61,143.36,158.14,170.87,173.01,173.01,173.01,173.01,173.01,173.01,173.01,173.01,173.01,173.01,173.01,171,168.43,166.26,164.24,162.49,160.86,159.18,157.36,155.25,152.87,149.98,146.57,142.38,137.45,131.63,125.24,118.74,112.63,107.24,102.79,99.48,97.044,95.356,94.316,93.634,93.245,92.985,92.692,92.368,91.88,91.231,90.484,89.672,88.795,87.886,86.879,85.807,84.735,83.696,82.624,81.617,80.546,79.636,78.759,77.947,77.168,76.421,75.739,75.122,74.57,73.985,73.498,73.011,72.426,71.939,71.419,70.867,70.25,69.633,68.983,68.366,67.814,67.424,67.262,67.554,68.918,72.491,79.182,89.315,102.31,117.18,132.61,147.55,161.25,172.69,173.01,173.01,173.01,173.01,173.01,173.01,173.01,173.01,173.01,173.01,170.67,168.11,165.8,163.75,161.94,160.25,158.56,156.74,154.69,152.35,149.63,146.38,142.42,137.67,132.06,125.76,119.19,112.93,107.44,102.92,99.545,97.109,95.551,94.609,94.186,93.992,93.862,93.797,93.569,93.245,92.757,92.108,91.361,90.549,89.737,88.795,87.886,86.944,86.067,85.255,84.508,83.793,83.306,83.176,83.988,86.262,90.484,97.012,105.29,114.94,125.17,135.17,144.17,151.54,156.8,159.76,160.44,159.05,155.93,151.61,146.38,140.63,134.56,128.32,121.86,115.36,108.93,102.63,96.817,91.621,87.366,84.183,82.072,80.935,80.611,80.87,81.487,82.364,83.371,84.183,84.865,85.32,85.482,85.547,85.385,84.995,84.378,83.631,82.754,81.812,80.741,79.571,78.435,77.298,76.194,75.057,74.05,73.043,72.134,71.257,70.51,69.795,69.178,68.691,68.236,67.879,67.489,67.197,66.872,66.548,66.32,65.995,65.736,65.508,65.184,64.924,64.631,64.307,63.982,63.754,63.56,63.3,63.007,62.618,62.293,62.066,61.741,61.481,61.254,60.994,60.669,60.442,60.182,59.987,59.825,59.63,59.435,59.305,59.175,59.045,58.948,58.818,58.688,58.493,58.298,58.136,57.876,57.616,57.356,57.324,57.746,59.63,64.501,73.693,87.431,104.68,123.48,142.25,159.69,173.01,173.01,173.01,173.01,173.01,173.01,173.01,173.01,173.01,173.01,173.01,173.01,173.01,172.13,168.92,166,163.36,160.93,158.62,156.25,153.75,150.99,147.87,144.3,140.24,135.5,130.04,124.2,118.06,112.37,107.37,103.31,100.13,97.759,96.07,94.868,94.057,93.439,92.855,92.368,91.816,91.231,90.549,89.802,88.99,88.048,87.074,86.132,85.125,84.053,82.981,81.877,80.741,79.636,78.629,77.623,76.681,75.804,74.992,74.245,73.563,73.011,72.491,72.069,71.614,71.192,70.802,70.38,69.99,69.633,69.243,68.821,68.366,67.879,67.36,66.807,66.32,65.866,65.573,65.606,66.548,69.243,74.505,82.884,94.186,107.57,121.86,136.12,149.37,160.86,169.99,173.01,173.01,173.01,173.01,173.01,173.01,173.01,169.99,166.61,163.43,160.44,157.75,155.25,153,150.93,148.94,146.87,144.69,142.19,139.43,136.12,132.25,127.61,122.25,116.3,110.23,104.68,99.87,96.135,93.245,91.198,89.737,88.925,88.503,88.243,88.113,87.918,87.691,87.366,86.879,86.294,85.547,84.8,83.923,82.981,82.007,81,79.994,78.987,78.012,77.006,76.064,75.187,74.375,73.628,72.946,72.296,71.744,71.322,70.802,70.38,69.925,69.503,69.048,68.626,68.171,67.684,67.197,66.613,66.06,65.606,65.184,64.859,64.859,65.801,68.496,74.115,83.176,95.615,110.3,125.92,141.38,155.63,167.94,173.01,173.01,173.01,173.01,173.01,173.01,173.01,173.01,173.01,172,168.82,165.8,163.07,160.57,158.49,156.67,154.86,152.81,150.7,148.49,146.18,143.36,139.88,135.56,130.5,124.88,118.74,112.37,106.56,101.62,97.759,94.739,92.563,91.198,90.322,89.672,89.38,89.185,88.925,88.568,88.113,87.691,87.074,86.294,85.482,84.605,83.631,82.624,81.552,80.448,79.441,78.5,77.623,76.681,75.804,74.992,74.245,73.563,72.946,72.296,71.809,71.257,70.737,70.315,69.795,69.308,68.821,68.236,67.749,67.262,66.677,66.125,65.606,65.184,64.859,64.924,65.93,68.756,74.44,83.501,95.551,109.61,124.62,139.43,153.17,164.99,173.01,173.01,173.01,173.01,173.01,173.01,173.01,173.01,172.62,169.24,166.13,163.17,160.57,158.23,156.19,154.3,152.48,150.7,148.75,146.61,144.11,141.12,137.54,133.26,128.19,122.38,116.24,110.3,105,100.62,97.239,94.804,93.115,92.043,91.491,91.198,91.069,90.939,90.679,90.322,89.867,89.315,88.633,87.918,87.171,86.294,85.32,84.248,83.176,82.17,81.26,80.318,79.311,78.37,77.363,76.551,75.804,75.187,74.635,74.05,73.628,73.108,72.621,72.069,71.614,71.062,70.51,69.925,69.308,68.756,68.107,67.619,67.132,66.742,66.548,66.872,68.301,72.004,78.857,89.185,102.57,117.73,133.42,148.49,162,173.01,173.01,173.01,173.01,173.01,173.01,173.01,173.01,173.01,173.01,173.01,170.38,167.75,165.38,163.23,161.32,159.43,157.62,155.73,153.82,151.61,149.01,145.92,142.19,137.74,132.51,126.63,120.23,113.93,108.12,103.25,99.383,96.427,94.446,93.05,92.303,91.816,91.556,91.296,91.069,90.744,90.322,89.737,89.055,88.308,87.431,86.424,85.417,84.378,83.241,82.137,81,79.994,78.987,78.045,77.168,76.421,75.674,74.992,74.375,73.855,73.368,72.881,72.361,71.874,71.419,70.932,70.445,69.99,69.503,68.983,68.496,67.879,67.295,66.807,66.677,67.132,68.918,73.108,80.481,91.231,104.68,119.68,135.01,149.63,162.62,173.01,173.01,173.01,173.01,173.01,173.01,173.01,173.01,173.01,173.01,171.06,168.11,165.51,163.17,161.25,159.43,157.75,155.99,154.11,152,149.63,146.87,143.55,139.56,134.88,129.43,123.42,117.12,111.04,105.68,101.17,97.629,95.063,93.245,92.173,91.491,91.133,90.874,90.614,90.386,89.997,89.51,88.925,88.308,87.626,86.684,85.677,84.67,83.631,82.559,81.487,80.481,79.441,78.5,77.623,76.811,76.064,75.317,74.635,73.985,73.433,72.946,72.491,72.069,71.549,70.997,70.445,69.925,69.438,68.918,68.431,67.879,67.424,67.002,66.613,66.385,66.742,68.496,72.751,80.318,91.296,105.2,120.56,136.31,151.25,164.5,173.01,173.01,173.01,173.01,173.01,173.01,173.01,173.01,173.01,173.01,173.01,170.25,167.68,165.31,163.17,161.25,159.5,157.81,155.99,153.88,151.51,148.75,145.57,141.67,137.06,131.7,125.63,119.19,112.93,107.31,102.57,98.863,96.135,94.251,93.05,92.303,91.945,91.751,91.491,91.198,90.809,90.322,89.672,88.99,88.178,87.301,86.294,85.32,84.248,83.176,82.17,81.13,80.058,78.987,78.012,77.135,76.356,75.609,74.992,74.375,73.823,73.303,72.816,72.361,71.874,71.419,70.932,70.445,69.925,69.438,68.983,68.431,67.879,67.295,66.807,66.483,66.548,67.489,70.25,75.869,84.93,97.044,111.37,126.7,141.8,155.8,167.88,173.01,173.01,173.01,173.01,173.01,173.01,173.01,173.01,173.01,173.01,170.38,167.68,165.31,163.17,161.25,159.37,157.55,155.67,153.69,151.51,149.04,146.12,142.55,138.26,133.19,127.44,121.18,114.94,109.13,104.06,100,96.947,94.739,93.31,92.368,91.816,91.556,91.361,91.198,90.874,90.419,89.867,89.25,88.633,87.821,86.944,86.002,85.125,84.183,83.176,82.17,81.26,80.448,79.669,78.857,78.012,77.168,76.421,75.804,75.122,74.505,73.823,73.108,72.621,72.199,71.679,71.062,70.38,69.795,69.308,68.691,68.074,67.619,67.295,66.872,66.677,67.132,68.821,72.621,79.636,90.127,103.44,118.45,134.07,149.24,163.01,173.01,173.01,173.01,173.01,173.01,173.01,173.01,173.01,173.01,173.01,172.56,169.63,166.94,164.63,162.36,160.25,158.17,156.32,154.37,152.26,149.69,146.67,143.2,138.94,133.87,128,121.7,115.3,109.48,104.55,100.75,97.856,95.875,94.609,93.992,93.699,93.504,93.18,92.855,92.433,91.88,91.231,90.484,89.672,88.698,87.626,86.424,85.19,83.988,82.884,81.812,80.87,79.929,79.052,78.24,77.428,76.681,75.999,75.382,74.862,74.44,73.92,73.303,72.686,72.069,71.614,71.257,70.932,70.607,70.12,69.568,68.983,68.496,68.009,67.554,67.295,67.295,68.171,70.607,75.804,84.378,96.233,110.69,126.37,141.99,156.32,168.56,173.01,173.01,173.01,173.01,173.01,173.01,173.01,173.01,173.01,173.01,173.01,170.51,168.17,166.19,164.37,162.62,160.93,159.18,157.42,155.44,153.07,150.18,146.67,142.55,137.74,132.19,125.98,119.62,113.45,107.86,103.25,99.61,97.012,95.258,94.251,93.699,93.31,92.985,92.692,92.368,92.01,91.556,90.874,90.062,89.185,88.373,87.431,86.424,85.32,84.118,82.981,81.942,81,80.123,79.311,78.5,77.558,76.681,75.934,75.317,74.732,74.245,73.693,73.043,72.426,71.874,71.484,71.192,70.802,70.38,69.795,69.178,68.691,68.236,67.944,67.814,68.107,69.698,73.498,80.546,91.231,104.74,119.88,135.24,150.05,163.36,173.01,173.01,173.01,173.01,173.01,173.01,173.01,173.01,173.01,173.01,173.01,172.07,169.5,167.13,164.99,163.1,161.42,159.79,158.07,156.12,153.88,151.25,148.13,144.43,139.95,134.56,128.48,121.92,115.43,109.48,104.48,100.55,97.694,95.551,94.121,93.245,92.855,92.692,92.627,92.433,92.043,91.556,90.874,90.192,89.51,88.698,87.821,86.814,85.677,84.573,83.501,82.429,81.423,80.383,79.376,78.435,77.558,76.876,76.259,75.609,75.057,74.44,73.855,73.303,72.816,72.361,72.004,71.484,70.997,70.38,69.73,69.113,68.626,68.107,67.684,67.295,67.197,67.879,70.315,75.447,83.988,95.81,109.94,125.11,140.37,154.69,167.13,173.01,173.01,173.01,173.01,173.01,173.01,173.01,173.01,173.01,173.01,172.56,169.8,167.36,165.18,163.3,161.55,159.79,158.01,156.06,153.88,151.45,148.62,145.31,141.25,136.38,130.69,124.29,117.73,111.56,106.11,101.75,98.376,95.875,94.251,93.31,92.822,92.627,92.498,92.238,91.945,91.491,91.069,90.549,89.932,89.12,88.243,87.366,86.489,85.677,84.8,83.923,82.949,82.007,81.065,80.253,79.506,78.759,77.947,77.135,76.323,75.609,75.122,74.732,74.375,73.855,73.238,72.621,72.069,71.549,71.127,70.607,70.055,69.568,69.113,68.886,68.821,69.308,71.192,75.447,82.754,93.439,106.92,122.05,137.54,152.32,165.44,173.01,173.01,173.01,173.01,173.01,173.01,173.01,173.01,173.01,173.01,172.62,169.63,166.87,164.5,162.36,160.44,158.56,156.61,154.63,152.48,150.05,147.19,143.62,139.43,134.49,128.74,122.38,115.95,109.94,104.87,100.81,97.759,95.615,94.316,93.504,93.05,92.822,92.563,92.303,92.043,91.751,91.198,90.386,89.51,88.568,87.626,86.489,85.385,84.378,83.306,82.234,81.13,80.058,78.987,78.045,77.233,76.551,75.934,75.252,74.635,74.05,73.498,72.946,72.426,72.004,71.679,71.322,70.802,70.315,69.795,69.308,68.821,68.366,67.944,67.554,67.197,67.067,67.619,69.698,74.44,82.689,94.381,108.51,123.94,139.43,154.04,166.81,173.01,173.01,173.01,173.01,173.01,173.01,173.01,173.01,173.01,173.01,173.01,170.87,168.37,166.19,164.18,162.42,160.8,159.24,157.49,155.44,152.94,150.11,147,143.26,138.55,133.13,126.99,120.62,114.32,108.44,103.57,99.805,97.044,94.998,93.569,92.692,92.173,91.945,91.816,91.621,91.198,90.549,89.867,89.25,88.438,87.496,86.554,85.742,84.735,83.436,82.234,81.293,80.448,79.376,78.37,77.493,76.681,75.999,75.317,74.7,74.115,73.563,72.946,72.361,71.809,71.419,71.062,70.672,70.185,69.568,68.918,68.301,67.749,67.36,67.067,66.807,67.002,68.301,71.874,78.564,88.73,101.82,116.69,132.19,147.19,160.8,172.23,173.01,173.01,173.01,173.01,173.01,173.01,173.01,173.01,173.01,173.01,169.99,167.2,164.79,162.75,160.93,159.18,157.49,155.8,153.95,151.8,149.3,146.18,142.42,138,132.74,126.86,120.49,114.13,108.25,103.31,99.448,96.557,94.544,93.245,92.368,91.816,91.491,91.231,91.004,90.614,90.127,89.51,88.73,88.048,87.236,86.359,85.255,84.118,82.981,82.007,81,79.994,78.987,77.947,77.006,76.259,75.544,74.927,74.31,73.693,73.043,72.491,72.069,71.679,71.322,70.802,70.25,69.698,69.178,68.691,68.236,67.684,67.132,66.613,66.32,66.418,67.619,70.802,76.941,86.424,98.928,113.51,128.94,144.01,157.81,169.57,173.01,173.01,173.01,173.01,173.01,173.01,173.01,173.01,173.01,173.01,170.19,167.42,165.05,162.94,160.99,159.24,157.49,155.67,153.69,151.45,148.75,145.57,141.8,137.45,132.38,126.57,120.23,113.8,107.79,102.79,98.863,95.94,93.927,92.692,91.945,91.426,91.198,90.939,90.679,90.386,89.997,89.51,88.86,88.113,87.236,86.359,85.417,84.443,83.501,82.624,81.682,80.741,79.799,78.922,78.045,77.233,76.486,75.739,75.122,74.44,73.758,73.043,72.426,72.004,71.549,71.062,70.51,69.795,69.178,68.626,68.074,67.554,67.067,66.548,66.19,65.995,66.483,68.366,72.751,80.383,91.361,105,120.17,135.69,150.57,163.82,173.01,173.01,173.01,173.01,173.01,173.01,173.01,173.01,173.01,173.01,171.13,168.24,165.67,163.36,161.25,159.37,157.55,155.73,153.69,151.32,148.55,145.44,141.8,137.48,132.45,126.7,120.43,114.26,108.57,103.73,100,97.239,95.258,93.927,93.115,92.563,92.108,91.686,91.296,91.004,90.549,90.062,89.25,88.308,87.366,86.359,85.385,84.378,83.306,82.17,81.065,79.994,78.987,78.11,77.168,76.323,75.447,74.797,74.31,73.823,73.303,72.686,72.134,71.614,71.192,70.737,70.38,69.925,69.568,69.048,68.561,68.009,67.489,67.002,66.548,66.32,66.385,67.262,69.86,75.382,84.378,96.752,111.37,127.05,142.48,156.61,168.76,173.01,173.01,173.01,173.01,173.01,173.01,173.01,173.01,173.01,173.01,171.68,168.92,166.32,163.98,161.94,160.05,158.3,156.48,154.43,152.26,149.76,146.93,143.49,139.36,134.49,128.94,122.73,116.43,110.3,105,100.62,97.239,94.674,92.855,91.816,91.296,91.069,90.874,90.549,90.192,89.737,89.185,88.503,87.821,87.074,86.294,85.385,84.248,83.046,81.942,80.935,79.929,79.052,78.11,77.135,76.194,75.252,74.505,73.855,73.368,72.881,72.426,71.939,71.419,70.867,70.315,69.73,69.243,68.691,68.236,67.749,67.197,66.677,66.32,65.995,65.93,66.483,68.561,73.238,81.26,92.757,106.89,122.25,137.67,152.13,164.79,173.01,173.01,173.01,173.01,173.01,173.01,173.01,173.01,173.01,173.01,170.54,167.75,165.18,162.94,160.93,159.11,157.42,155.67,153.82,151.67,149.24,146.44,143.07,139.07,134.17,128.48,122.12,115.69,109.61,104.25,99.935,96.492,94.057,92.303,91.198,90.484,90.192,89.997,89.932,89.737,89.445,88.86,88.178,87.366,86.619,85.807,84.93,83.858,82.754,81.682,80.676,79.669,78.759,77.688,76.681,75.739,74.992,74.245,73.628,73.108,72.751,72.134,71.387,70.737,70.445,70.185,69.633,68.918,68.366,67.944,67.424,66.937,66.483,66.06,65.671,65.443,65.736,67.36,71.419,78.759,89.445,102.99,118.12,133.74,148.68,162.2,173.01,173.01,173.01,173.01,173.01,173.01,173.01,173.01,173.01,173.01,171.42,168.5,165.93,163.62,161.61,159.79,158.07,156.32,154.63,152.74,150.63,147.94,144.56,140.44,135.63,130.11,124,117.57,111.24,105.68,101.07,97.499,94.804,92.92,91.686,91.004,90.679,90.419,90.257,90.062,89.672,89.12,88.373,87.626,86.879,86.067,85.255,84.378,83.566,83.306,84.118,86.814,91.88,99.318,108.74,119.36,130.24,140.44,149.3,156.12,160.57,162.42,162,159.76,156.19,151.8,147,141.93,136.57,130.92,125.01,118.93,112.57,106.11,99.675,93.797,88.73,84.8,82.072,80.546,79.994,80.058,80.481,81.195,81.877,82.559,83.241,83.793,84.248,84.443,84.378,83.988,83.371,82.754,82.007,81.195,80.318,79.311,78.24,77.135,76.129,75.252,74.375,73.498,72.621,71.809,71.192,70.672,70.315,69.795,69.243,68.561,67.944,67.295,66.742,66.32,65.866,65.313,64.761,64.307,63.982,63.949,64.242,65.378,68.171,74.115,84.248,98.246,114.87,132.51,149.69,165.31,173.01,173.01,173.01,173.01,173.01,173.01,173.01,173.01,173.01,173.01,170.93,166.74,162.75,159.18,156.06,153.23,150.63,148,145.24,142.32,139.01,135.04,130.24,124.75,118.67,112.7,107.31,102.92,99.61,97.239,95.551,94.446,93.797,93.439,93.18,92.822,92.238,91.556,90.939,90.322,89.575,88.633,87.496,86.197,84.93,83.793,82.754,81.682,80.546,79.376,78.305,77.363,76.486,75.609,74.7,73.855,73.173,72.621,72.199,71.679,71.192,70.672,70.185,69.795,69.568,69.308,68.983,68.626,68.171,67.814,67.489,67.067,66.613,66.06,65.508,65.054,64.631,64.242,63.949,64.047,65.248,68.756,75.674,86.489,100.62,116.69,133.35,149.56,164.24,173.01,173.01,173.01,173.01,173.01,173.01,173.01,173.01,173.01,173.01,173.01,171.87,168.82,166,163.43,161.12,158.98,157,154.92,152.68,150.24,147.55,144.43,140.57,135.92,130.43,124.29,117.93,111.76,106.17,101.43,97.629,94.739,92.822,91.621,90.939,90.484,90.062,89.607,89.185,88.795,88.438,87.983,87.301,86.489,85.547,84.605,83.696,82.754,81.682,80.546,79.376,78.305,77.298,76.421,75.512,74.505,73.563,72.816,72.134,71.549,71.062,70.445,69.795,69.178,68.756,68.366,67.944,67.424,66.872,66.385,65.93,65.606,65.313,64.924,64.501,64.177,63.949,63.754,63.495,63.235,63.007,62.683,62.488,62.293,62.066,61.611,61.189,60.669,60.247,59.857,59.63,59.435,59.63,60.864,64.501,71.549,82.689,97.109,113.45,130.11,146.12,160.67,173.01,173.01,173.01,173.01,173.01,173.01,173.01,173.01,173.01,173.01,173.01,170.61,167.49,164.73,162.29,160.05,157.81,155.63,153.49,151.25,148.81,145.99,142.74,139.14,135.04,130.3,124.75,118.54,112.31,106.56,101.75,97.856,94.804,92.433,90.874,89.997,89.607,89.25,88.86,88.438,88.048,87.691,87.236,86.554,85.677,84.8,83.988,83.176,82.299,81.195,79.994,78.857,77.882,76.941,75.999,74.927,73.855,73.108,72.556,72.069,71.387,70.607,69.99,69.568,69.243,68.821,68.366,67.814,67.489,67.197,66.872,66.418,65.93,65.508,65.119,64.761,64.372,63.819,63.17,62.748,62.553,62.683,63.17,64.794,68.626,75.674,86.132,99.123,113.45,127.87,141.67,154.3,164.86,172.82,173.01,173.01,173.01,173.01,173.01,173.01,171.06,167.55,164.37,161.55,158.98,156.48,154.04,151.8,149.82,147.87,145.86,143.55,140.99,138.13,135.01,131.31,126.7,121.18,115.17,109.32,103.99,99.448,95.551,92.433,90.127,88.73,87.886,87.301,86.814,86.294,86.067,85.807,85.482,84.93,84.248,83.501,82.949,82.299,81.552,80.741,79.734,78.759,77.947,77.233,76.486,75.544,74.635,73.823,73.173,72.621,71.874,70.997,70.25,69.73,69.308,68.821,68.107,67.424,67.002,66.742,66.483,66.19,65.606,65.054,64.501,64.047,63.69,63.17,62.553,62.131,62.001,62.293,63.365,65.995,71.257,80.123,92.173,106.5,121.57,136.44,150.31,162.55,172.3,173.01,173.01,173.01,173.01,173.01,173.01,173.01,170.44,166.94,163.88,161.12,158.49,155.86,153.36,151.06,148.94,146.8,144.43,141.8,139.01,136.05,132.51,128.06,122.8,116.99,111.17,105.88,101.23,97.369,94.186,91.816,90.257,89.25,88.568,87.983,87.561,87.301,87.074,86.619,86.002,85.32,84.605,83.923,83.046,81.942,80.805,79.799,78.857,77.882,76.811,75.674,74.797,74.115,73.433,72.621,71.744,70.997,70.445,70.055,69.633,68.983,68.366,67.879,67.554,67.295,66.937,66.385,65.866,65.508,65.184,64.859,64.437,63.884,63.495,63.235,63.007,62.683,62.748,63.884,67.197,73.498,83.046,95.356,109.42,124.26,138.88,152.26,163.49,172.07,173.01,173.01,173.01,173.01,173.01,173.01,173.01,170.19,167.2,164.11,161.12,158.3,155.8,153.75,151.8,149.82,147.74,145.73,143.75,141.51,138.62,135.04,130.85,125.98,120.56,114.62,108.61,103.05,98.376,94.739,92.043,89.997,88.373,87.366,86.814,86.554,86.359,86.002,85.482,85.06,84.67,84.248,83.501,82.559,81.617,80.741,79.929,78.987,77.947,76.811,75.804,74.992,74.31,73.498,72.491,71.614,70.932,70.38,69.86,69.243,68.691,68.301,68.009,67.684,67.132,66.548,65.995,65.671,65.378,64.859,64.242,63.625,63.235,63.007,62.748,62.488,62.618,64.112,67.944,74.992,85.32,98.311,112.99,128.19,142.81,155.73,166.42,173.01,173.01,173.01,173.01,173.01,173.01,173.01,173.01,170.25,166.81,163.43,160.31,157.55,155.18,152.94,150.86,149.01,147.19,145.37,143.07,140.24,136.99,133.32,129,124.07,118.38,112.24,106.43,101.3,97.044,93.504,90.744,88.795,87.561,86.879,86.359,86.002,85.677,85.547,85.417,85.06,84.443,83.631,82.819,82.072,81.293,80.383,79.311,78.305,77.363,76.486,75.512,74.44,73.498,72.686,72.069,71.387,70.575,69.795,69.308,68.983,68.626,68.107,67.489,66.937,66.548,66.255,65.736,65.184,64.631,64.307,64.047,63.69,63.137,62.488,62.066,62.066,62.943,65.313,70.315,78.824,90.549,104.55,119.42,134.07,147.68,159.76,169.44,173.01,173.01,173.01,173.01,173.01,173.01,173.01,170.8,167.49,164.31,161.32,158.56,156.12,154.01,152.06,150.05,147.87,145.63,143.29,140.86,138,134.62,130.56,125.92,120.69,114.81,108.8,103.25,98.571,94.804,91.816,89.575,88.048,87.236,86.814,86.424,86.067,85.612,85.32,84.865,84.378,83.761,83.111,82.494,81.812,80.87,79.734,78.629,77.623,76.746,75.869,74.862,73.823,73.011,72.296,71.679,70.932,70.185,69.568,69.048,68.561,68.009,67.489,67.132,66.872,66.548,66.06,65.443,64.794,64.372,63.949,63.495,63.007,62.618,62.293,62.196,62.358,63.69,67.295,74.245,84.605,97.759,112.5,127.74,142.48,155.63,166.42,173.01,173.01,173.01,173.01,173.01,173.01,173.01,172.07,168.82,165.57,162.36,159.43,156.8,154.56,152.42,150.37,148.29,146.38,144.37,142.06,139.17,135.76,131.8,127.31,122.12,116.5,110.69,105.2,100.13,95.81,92.303,89.802,88.048,86.944,86.197,85.612,85.385,85.255,85.06,84.67,84.053,83.436,82.819,82.137,81.293,80.448,79.571,78.824,78.045,77.135,75.999,75.057,74.245,73.563,72.881,72.069,71.257,70.607,70.185,69.698,68.983,68.301,67.749,67.262,66.872,66.385,65.801,65.378,65.119,64.794,64.112,63.3,62.618,62.293,62.001,61.481,61.254,61.806,63.819,68.009,75.187,85.742,98.928,113.51,128.48,142.68,155.18,165.44,173.01,173.01,173.01,173.01,173.01,173.01,173.01,169.86,166.55,163.23,160.18,157.42,154.99,152.74,150.7,148.62,146.61,144.49,142.32,139.88,137.06,133.74,129.75,125.07,119.55,113.61,107.73,102.5,98.181,94.674,91.945,89.737,88.243,87.366,87.009,86.749,86.554,86.359,86.197,85.872,85.32,84.378,83.371,82.429,81.423,80.448,79.376,78.435,77.688,76.811,75.869,74.797,73.92,73.108,72.296,71.484,70.672,70.12,69.73,69.308,68.691,67.944,67.295,66.807,66.418,65.995,65.573,65.248,65.054,64.761,64.307,63.754,63.235,62.748,62.358,62.001,62.001,62.943,65.671,71.127,79.864,91.686,105.81,120.95,135.82,149.5,161.25,170.67,173.01,173.01,173.01,173.01,173.01,173.01,173.01,171.26,167.94,164.79,161.94,159.18,156.48,154.04,151.8,149.76,147.68,145.57,143.29,140.86,138,134.56,130.43,125.63,120.3,114.55,108.8,103.38,98.733,94.998,92.043,89.802,88.113,87.009,86.424,86.067,85.742,85.417,85.19,84.865,84.378,83.696,82.884,82.007,81.195,80.253,79.311,78.5,77.623,76.746,75.674,74.57,73.563,72.686,71.874,71.127,70.445,69.925,69.503,68.918,68.366,67.749,67.262,66.807,66.32,65.866,65.508,65.248,64.989,64.566,63.884,63.235,62.748,62.358,62.066,61.806,62.131,63.884,67.944,75.057,85.482,98.571,113.19,128.13,142.42,155.12,165.74,173.01,173.01,173.01,173.01,173.01,173.01,173.01,170.87,167.49,164.31,161.42,158.69,156.06,153.56,151.25,149.11,147.13,145.11,143.07,140.76,138,134.62,130.63,126.05,120.95,115.3,109.42,103.73,98.798,94.868,91.751,89.315,87.431,86.132,85.385,84.865,84.605,84.443,84.248,83.988,83.501,82.819,82.007,81.195,80.383,79.506,78.5,77.558,76.681,75.869,74.992,73.92,72.881,72.004,71.192,70.445,69.73,69.243,68.886,68.366,67.814,67.197,66.548,66.06,65.573,65.054,64.696,64.372,64.047,63.625,62.943,62.26,61.611,61.124,60.669,60.507,60.734,62.066,65.184,143.88,141.67,139.43,136.99,134.07,130.37,125.92,120.95,115.36,109.68,104.06,99.058,94.998,91.945,89.607,87.918,86.749,86.132,85.742,85.482,85.32,85.125,84.93,84.605,83.988,83.241,82.429,81.682,80.87,79.994,79.052,78.175,77.428,76.681,75.739,74.732,73.823,73.043,72.296,71.549,70.737,69.99,69.503,69.113,68.561,67.944,67.36,67.002,66.677,66.385,65.801,65.248,64.794,64.501,64.047,63.43,62.748,62.196,61.806,61.741,62.293,64.501,69.243,77.233,88.373,101.88,116.56,131.37,145.24,157.36,167.23,173.01,173.01,173.01,173.01,173.01,173.01,173.01,169.93,166.68,163.56,160.67,157.94,155.31,152.81,150.63,148.62,146.61,144.62,142.55,140.24,137.54,134.23,130.11,125.3,119.94,114.13,108.18,102.63,97.824,93.927,90.874,88.503,86.814,85.677,85.06,84.67,84.573,84.573,84.443,83.988,83.371,82.624,81.942,81.195,80.448,79.571,78.824,78.045,77.135,76.064,74.862,73.823,72.881,72.004,71.192,70.51,69.925,69.438,68.886,68.171,67.554,67.002,66.548,66.125,65.736,65.508,65.184,64.794,64.242,63.69,63.17,62.683,62.196,61.741,61.449,61.384,61.676,62.878,65.995,72.296,82.17,94.933,109.48,124.62,139.23,152.42,163.36,171.68,173.01,173.01,173.01,173.01,173.01,173.01,172.3,168.92,165.44,162.13,159.05,156.32,153.69,151.25,149.17,147.32,145.18,142.68,139.98,137.32,134.36,130.82,126.44,121.44,115.95,110.36,105,100,95.615,92.173,89.802,88.048,86.814,86.002,85.612,85.32,84.8,84.248,83.793,83.306,82.689,81.942,81.293,80.676,79.994,79.052,77.882,76.746,75.739,74.797,73.855,73.011,72.199,71.549,70.802,69.99,69.178,68.496,67.879,67.36,67.067,66.807,66.548,66.125,65.573,64.989,64.566,64.112,63.625,63.17,62.813,62.553,62.26,61.741,61.124,60.864,61.384,63.365,67.684,75.317,86.424,100.06,114.87,129.49,143.26,155.38,165.38,172.69,173.01,173.01,173.01,173.01,173.01,172.62,169.31,166,162.75,159.63,156.8,154.3,152,149.82,147.55,145.31,143,140.7,138.13,135.24,131.99,128.26,123.68,118.32,112.44,106.5,100.94,96.233,92.498,89.737,87.821,86.359,85.385,84.605,84.183,83.923,83.696,83.501,83.306,82.949,82.429,81.617,80.741,79.929,79.052,78.175,77.298,76.486,75.804,75.057,74.18,73.173,72.296,71.614,70.932,70.315,69.73,69.243,68.821,68.171,67.489,66.872,66.32,65.866,65.378,64.924,64.566,64.177,63.69,63.072,62.423,61.806,61.384,60.994,60.734,60.994,62.26,65.248,70.932,79.929,92.043,106.3,121.24,135.92,149.37,160.99,170.06,173.01,173.01,173.01,173.01,173.01,173.01,171.06,167.81,164.7,161.48,158.36,155.44,152.74,150.37,148.07,145.73,143.49,141.12,138.55,135.56,131.99,128,123.42,118.32,112.8,107.44,102.44,97.986,94.251,91.296,89.185,87.821,86.879,86.262,85.807,85.612,85.482,85.125,84.573,83.923,83.241,82.494,81.682,80.935,80.123,79.247,78.175,77.07,75.999,74.992,74.05,73.043,72.199,71.484,70.932,70.315,69.568,68.886,68.301,67.814,67.36,67.067,66.807,66.418,65.995,65.378,64.859,64.437,64.047,63.625,63.17,62.878,62.618,62.26,61.806,61.481,61.936,63.949,68.496,76.323,87.561,101.23,116.11,130.85,144.69,156.87,166.81,173.01,173.01,173.01,173.01,173.01,173.01,173.01,171,167.81,164.63,161.55,158.82,156.38,154.04,151.8,149.5,147.19,144.88,142.42,139.88,137.12,134,130.11,125.5,120.07,114.26,108.31,102.7,97.694,93.699,90.744,88.633,87.074,85.937,85.255,84.865,84.735,84.508,84.248,83.988,83.696,83.176,82.429,81.552,80.676,79.864,78.987,77.947,76.941,76.064,75.317,74.44,73.433,72.426,71.484,70.672,69.925,69.373,68.918,68.561,68.107,67.489,66.937,66.418,66.06,65.606,65.119,64.696,64.372,64.047,63.625,63.072,62.423,61.871,61.449,61.254,61.611,63.17,146.93,144.75,142.48,140.24,137.54,134.36,130.56,126.18,121.24,115.82,110.07,104.55,99.74,95.745,92.433,89.802,87.918,86.684,85.872,85.385,84.995,84.735,84.573,84.183,83.631,82.949,82.17,81.423,80.611,79.799,78.922,78.175,77.298,76.323,75.187,74.18,73.238,72.426,71.744,71.127,70.607,69.99,69.308,68.561,68.009,67.554,67.132,66.677,66.255,65.93,65.606,65.184,64.566,63.982,63.56,63.072,62.553,62.131,61.806,61.611,61.741,62.553,65.184,70.802,79.929,92.01,106.01,120.82,135.43,148.88,160.31,169.31,173.01,173.01,173.01,173.01,173.01,173.01,172.88,169.57,166.13,162.75,159.63,156.74,154.04,151.61,149.43,147.42,145.31,142.94,140.31,137.54,134.56,131.11,127.05,122.44,117.25,111.69,106.07,100.81,96.297,92.757,89.997,88.048,86.749,86.002,85.547,85.32,84.865,84.443,83.988,83.566,82.981,82.429,81.812,81.26,80.481,79.571,78.5,77.493,76.486,75.512,74.57,73.758,72.946,72.199,71.322,70.607,69.86,69.178,68.561,68.107,67.814,67.489,67.002,66.548,66.125,65.606,65.119,64.631,64.177,63.69,63.3,62.943,62.553,62.131,61.611,61.254,61.546,63.235,67.197,74.375,84.93,98.181,112.8,127.57,141.6,154.3,164.86,172.82,173.01,173.01,173.01,173.01,173.01,173.01,171.35,168.01,164.73,161.55,158.56,155.8,153.43,151.12,148.88,146.51,144.17,141.8,139.17,136.25,133,129.2,124.68,119.36,113.51,107.5,101.95,97.109,93.18,90.192,88.048,86.684,85.742,84.995,84.443,84.118,83.858,83.631,83.241,82.884,82.429,81.942,81.13,80.188,79.182,78.24,77.298,76.356,75.512,74.732,74.05,73.238,72.296,71.419,70.607,69.925,69.373,68.886,68.366,67.879,67.262,66.548,65.93,65.508,65.313,65.119,64.696,64.112,63.495,62.943,62.358,61.806,61.319,60.929,60.669,60.669,61.124,62.878,67.002,74.375,85.06,98.246,112.7,127.44,141.38,153.82,163.92,171.48,173.01,173.01,173.01,173.01,173.01,171.68,168.24,164.7,161.25,158.07,155.05,152.35,149.92,147.81,145.79,143.81,141.57,139.17,136.67,133.94,130.69,126.7,122.05,116.86,111.24,105.62,100.36,96.005,92.692,90.192,88.373,87.171,86.554,86.197,85.872,85.547,85.125,84.605,84.183,83.631,83.046,82.429,81.877,81.195,80.318,79.247,78.175,77.168,76.259,75.252,74.245,73.433,72.621,71.809,70.932,70.12,69.503,68.918,68.366,67.879,67.489,67.197,66.742,66.255,65.671,65.248,64.794,64.437,63.949,63.495,63.137,62.683,62.26,61.806,61.481,61.611,62.748,65.93,72.199,81.877,94.446,108.67,123.42,137.74,150.8,161.94,170.54,173.01,173.01,173.01,173.01,173.01,173.01,172.49,169.31,166.13,162.94,159.92,157.26,154.82,152.42,150.11,147.87,145.7,143.42,141.05,138.36,135.43,131.93,127.8,122.86,117.31,111.43,105.62,100.29,95.81,92.303,89.672,87.626,86.132,85.125,84.573,84.313,84.053,83.793,83.631,83.436,83.046,82.429,81.617,80.805,79.994,79.182,78.305,77.363,76.486,75.609,74.732,73.758,72.686,71.744,70.997,70.315,69.633,69.048,68.626,68.107,67.619,67.002,66.418,65.93,65.508,65.119,64.794,64.566,64.177,63.69,63.072,62.488,62.001,61.546,61.254,61.319,62.066,64.177,68.691,76.421,87.496,101.01,115.62,130.3,144.17,156.45,166.32,173.01,173.01,173.01,173.01,173.01,173.01,173.01,170.12,166.74,163.36,160.05,157.06,154.43,152.13,149.98,148,145.92,143.68,141.25,138.55,135.63,132.38,128.55,123.94,118.61,112.73,106.92,101.69,97.239,93.504,90.386,88.048,86.489,85.547,85.06,84.67,84.183,83.696,83.371,83.241,82.981,82.494,81.747,80.935,80.123,79.311,78.435,77.493,76.551,75.739,74.862,73.92,72.946,72.004,71.192,70.38,69.73,69.243,68.756,68.236,67.684,67.067,66.548,65.995,65.573,65.184,64.924,64.696,64.177,63.625,63.072,62.488,62.001,61.546,61.254,61.124,61.384,62.423,65.313,71.127,80.318,92.563,106.82,121.79,136.38,149.63,160.8,169.5,173.01,173.01,173.01,173.01,173.01,173.01,171.94,168.5,164.99,161.61,158.56,155.73,153.3,151.19,149.11,147,144.69,142.32,139.75,136.99,133.94,130.5,126.5,121.76,116.3,110.49,104.81,99.675,95.356,92.108,89.737,87.918,86.619,85.547,84.865,84.443,84.053,83.761,83.501,83.241,82.884,82.17,81.358,80.481,79.636,78.759,77.817,76.941,76.129,75.317,74.375,73.303,72.296,71.419,70.607,69.925,69.243,68.756,68.366,67.944,67.36,66.807,66.32,65.866,65.443,64.989,64.566,64.242,63.949,63.625,63.072,62.488,61.871,61.384,60.929,60.734,60.994,62.196,65.184,70.932,80.058,92.173,106.17,120.82,134.95,147.94,159.24,168.17,173.01,173.01,173.01,173.01,173.01,173.01,170.38,167.2,163.92,160.73,157.55,154.56,151.87,149.5,147.42,145.31,143.13,140.79,138.55,135.99,132.93,129.3,125.01,120.17,114.81,109.19,103.61,98.506,94.186,90.809,88.113,86.197,84.865,84.183,83.761,83.436,83.306,83.046,82.559,82.072,81.552,81,80.383,79.669,79.117,78.5,77.688,76.746,75.739,74.927,74.18,73.498,72.881,72.231,71.419,70.607,69.795,69.113,68.496,67.944,67.489,67.132,66.807,66.385,65.866,65.313,64.794,64.307,63.949,63.69,63.43,63.137,62.618,62.131,61.741,61.546,61.741,62.943,65.93,71.744,80.741,92.563,106.3,120.82,135.01,148.13,159.43,168.43,173.01,173.01,173.01,173.01,173.01,172.88,169.5,166.06,162.68,159.43,156.32,153.36,150.63,148.07,145.7,143.49,141.44,139.17,136.64,133.68,130.3,126.37,121.79,116.69,111.24,105.88,100.88,96.362,92.563,89.607,87.496,86.067,85.125,84.605,84.248,83.923,83.566,83.111,82.624,81.942,81.293,80.741,80.188,79.506,78.694,77.753,76.811,75.804,74.862,73.92,73.108,72.426,71.744,70.932,70.12,69.308,68.496,67.749,67.197,66.807,66.548,66.19,65.671,65.119,64.566,64.047,63.625,63.365,63.17,63.007,62.618,62.001,61.384,60.734,60.312,60.117,60.312,61.254,63.43,68.074,75.869,86.944,100.36,114.94,129.62,143.42,155.57,165.25,172.13,173.01,173.01,173.01,173.01,173.01,172,168.92,165.61,162.29,159.24,156.38,153.75,151.25,148.88,146.67,144.37,141.99,139.49,136.86,134.07,130.76,126.99,122.73,117.8,112.24,106.56,101.17,96.492,92.563,89.51,87.171,85.677,84.605,83.988,83.566,83.241,82.949,82.494,82.137,81.747,81.358,80.87,80.123,79.311,78.37,77.363,76.356,75.544,74.797,73.985,73.043,72.134,71.257,70.38,69.568,68.918,68.366,67.879,67.295,66.742,66.255,65.801,65.378,64.924,64.501,64.047,63.625,63.17,62.813,62.358,61.936,61.384,60.864,60.377,60.052,60.182,61.059,63.625,68.821,77.298,88.86,102.5,117.05,131.44,144.69,156.19,165.25,171.68,173.01,173.01,173.01,173.01,173.01,170.06,166.81,163.49,160.25,157.13,154.24,151.67,149.3,147,144.75,142.42,140.05,137.61,135.01,132.06,128.68,124.68,120.01,114.75,109.19,103.8,98.928,94.739,91.296,88.633,86.619,85.19,84.313,83.761,83.306,82.981,82.624,82.17,81.747,81.26,80.741,80.058,79.247,78.37,77.493,76.551,75.739,74.927,73.985,73.043,72.134,71.192,70.38,69.633,68.983,68.366,67.814,67.262,66.742,66.255,65.671,65.184,64.696,64.307,64.047,63.754,63.3,62.878,62.293,61.806,61.319,60.929,60.572,60.247,59.922,59.987,60.994,63.949,69.795,79.052,91.361,105.42,120.01,134,146.74,157.55,166.06,172.07,173.01,173.01,173.01,173.01,171.81,168.85,165.8,162.68,159.69,156.67,153.82,151.12,148.62,146.31,144.11,141.93,139.62,137.06,134.23,131.11,127.61,123.55,118.8,113.45,107.79,102.37,97.564,93.569,90.386,87.886,86.067,84.735,83.923,83.501,83.111,82.819,82.429,82.072,81.682,81.26,80.741,80.123,79.311,78.435,77.428,76.486,75.544,74.635,73.823,73.011,72.199,71.322,70.445,69.568,68.821,68.171,67.684,67.197,66.677,66.125,65.606,65.184,64.761,64.372,64.047,63.69,63.235,62.748,62.26,61.741,61.319,60.929,60.572,60.182,59.922,60.182,61.611,65.313,72.069,82.17,94.998,109.19,123.68,137.38,149.69,159.99,167.88,173.01,173.01,173.01,173.01,173.01,170.93,167.88,164.7,161.55,158.49,155.51,152.68,149.98,147.48,145.18,143,140.76,138.29,135.69,132.8,129.56,125.92,121.76,116.86,111.5,105.94,100.62,96.005,92.173,89.185,87.074,85.482,84.443,83.696,83.176,82.689,82.299,82.007,81.682,81.195,80.546,79.799,79.052,78.305,77.493,76.616,75.674,74.7,73.758,72.881,72.004,71.127,70.25,69.503,68.886,68.236,67.554,66.937,66.418,65.995,65.508,64.989,64.566,64.047,63.56,63.17,62.878,62.488,62.001,61.449,60.864,60.442,60.052,59.565,59.045,58.948,59.5,61.254,65.248,72.361,82.819,95.68,109.68,124,137.54,149.69,159.63,167.13,171.94,173.01,173.01,173.01,171.42,168.69,165.57,162.29,159.18,156.25,153.36,150.73,148.23,145.92,143.75,141.67,139.56,137.38,134.95,132.25,128.94,125.01,120.36,115.17,109.68,104.25,99.383,95.128,91.686,89.055,87.106,85.807,85.06,84.67,84.378,84.118,83.761,83.371,82.949,82.494,82.007,81.293,80.481,79.571,78.564,77.558,76.681,75.804,74.992,74.115,73.238,72.491,71.679,70.867,70.12,69.503,68.886,68.301,67.619,66.937,66.32,65.736,65.313,64.989,64.761,64.437,63.982,63.495,63.072,62.618,62.196,61.806,61.319,60.864,60.507,60.442,61.124,63.43,68.366,76.551,87.886,101.36,115.82,130.11,143.42,154.99,164.24,170.87,173.01,173.01,173.01,173.01,173.01,170.51,167.42,164.31,161.19,158.23,155.51,152.94,150.5,148.07,145.7,143.29,140.99,138.62,136.12,133.26,129.88,125.92,121.37,116.3,110.95,105.49,100.42,96.005,92.303,89.51,87.431,86.067,85.125,84.508,83.988,83.566,83.176,82.754,82.364,81.877,81.26,80.481,79.734,78.922,78.11,77.298,76.356,75.447,74.44,73.433,72.491,71.679,70.997,70.315,69.503,68.756,68.074,67.489,67.002,66.483,66.125,65.736,65.378,64.924,64.501,63.982,63.495,63.137,62.683,62.26,61.806,61.319,60.864,60.507,60.312,60.572,61.806,64.989,71.127,80.546,92.855,106.89,121.31,135.17,147.61,158.14,166.26,171.81,173.01,173.01,173.01,173.01,171.06,168.17,165.25,162.26,159.43,156.61,153.88,151.19,148.62,146.31,144.07,141.86,139.62,137.12,134.36,131.18,127.57,123.32,118.38,112.93,107.24,101.88,97.044,93.115,89.932,87.431,85.677,84.508,83.761,83.241,82.949,82.624,82.429,82.137,81.682,81.13,80.481,79.799,79.182,78.435,77.623,76.616,75.609,74.635,73.758,72.881,72.004,71.127,70.25,69.503,68.821,68.171,67.619,67.067,66.483,65.995,65.508,65.119,64.761,64.307,63.884,63.43,62.943,62.488,62.131,61.806,61.384,60.929,60.442,59.987,59.76,60.117,61.806,65.801,72.881,83.176,96.005,110.2,124.55,138.26,150.37,160.44,167.94,172.75,173.01,173.01,173.01,172.95,170.38,167.42,164.24,161.06,158.07,155.31,152.74,150.31,148,145.7,143.36,141.12,138.81,136.38,133.61,130.37,126.57,122.12,117.05,111.69,106.24,101.01,96.427,92.627,89.607,87.431,85.872,84.865,84.118,83.566,83.111,82.754,82.364,82.072,81.617,81.13,80.448,79.636,78.824,78.012,77.168,76.356,75.512,74.505,73.498,72.556,71.679,70.932,70.185,69.438,68.691,68.009,67.36,66.807,66.385,65.93,65.573,65.119,64.631,64.047,63.495,63.072,62.618,62.26,61.806,61.319,60.669,60.117,59.695,59.37,59.305,59.857,61.871,66.32,73.985,84.93,98.116,112.37,126.37,139.43,150.93,160.31,167.2,171.55,173.01,173.01,172.36,170.32,167.81,165.05,162.26,159.37,156.54,153.82,151.12,148.55,146.18,143.88,141.6,139.3,136.73,134.07,130.98,127.57,123.68,119.19,114,108.44,102.92,97.856,93.634,90.127,87.496,85.547,84.313,83.566,83.111,82.819,82.494,82.17,81.747,81.358,81,80.481,79.799,79.117,78.37,77.623,76.941,76.259,75.512,74.7,73.855,73.043,72.296,71.679,71.062,70.38,69.568,68.821,68.107,67.489,67.002,66.548,66.125,65.671,65.184,64.761,64.372,64.047,63.69,63.3,62.878,62.293,61.806,61.384,61.189,61.189,61.254,61.806,63.949,68.756,76.811,87.821,100.94,115,129,142.12,153.56,162.62,168.92,172.88,173.01,173.01,173.01,170.87,168.11,164.92,161.61,158.43,155.57,152.94,150.24,147.42,144.82,142.38,140.11,137.8,135.24,132.38,129.13,125.37,121.05,116.04,110.69,105.26,100.26,95.94,92.368,89.607,87.561,86.067,85.06,84.313,83.793,83.436,83.176,82.981,82.624,82.072,81.358,80.676,79.929,79.182,78.435,77.558,76.616,75.609,74.635,73.693,72.816,71.939,71.127,70.315,69.633,68.918,68.366,67.814,67.197,66.613,66.06,65.573,65.119,64.761,64.307,63.819,63.43,63.137,62.813,62.488,62.131,61.676,61.254,60.799,60.442,60.182,60.052,60.312,61.546,65.054,71.614,81.552,94.186,108.38,122.73,136.44,148.81,159.18,167.13,172.36,173.01,173.01,173.01,173.01,171.19,168.56,165.61,162.62,159.69,156.87,154.24,151.87,149.56,147.32,145.11,142.94,140.7,138.29,135.63,132.51,128.94,124.88,120.17,115,109.42,103.99,99.123,95.063,91.816,89.315,87.431,86.132,85.125,84.508,84.053,83.761,83.371,82.949,82.429,81.877,81.195,80.546,79.799,78.987,78.11,77.168,76.323,75.447,74.57,73.758,72.881,71.939,71.062,70.25,69.568,68.918,68.366,67.749,67.197,66.613,66.125,65.671,65.313,64.859,64.437,63.982,63.56,63.137,62.683,62.293,61.871,61.449,60.929,60.442,60.247,60.442,61.676,64.794,70.802,80.188,92.368,106.24,120.49,134.13,146.44,156.8,164.99,170.61,173.01,173.01,173.01,173.01,170.8,168.17,165.38,162.49,159.56,156.67,154.01,151.51,149.24,147.06,144.92,142.74,140.44,138,135.3,132.19,128.48,124.2,119.26,113.87,108.38,103.18,98.506,94.511,91.231,88.795,87.106,85.872,84.93,84.248,83.631,83.111,82.689,82.234,81.682,81.065,80.383,79.669,78.922,78.11,77.233,76.356,75.544,74.797,74.05,73.238,72.491,71.744,71.062,70.445,69.86,69.243,68.626,67.944,67.295,66.807,66.32,65.93,65.508,64.989,64.566,64.112,63.754,63.3,62.748,62.131,61.546,61.059,60.669,60.312,60.052,60.052,60.929,63.56,69.048,77.688,89.12,102.44,116.43,130.17,142.94,154.01,162.75,168.92,172.49,173.01,173.01,172.17,169.93,167.2,164.18,161.19,158.23,155.44,152.68,150.11,147.81,145.7,143.55,141.38,139.07,136.57,133.81,130.69,127.05,122.73,117.73,112.24,106.82,101.75,97.499,93.992,91.296,89.38,88.048,87.301,86.879,86.554,86.262,85.872,85.417,84.93,84.378,83.761,82.981,82.17,81.358,80.546,79.799,79.052,78.175,77.168,76.194,75.252,74.44,73.628,72.751,71.874,70.997,70.12,69.438,68.886,68.431,67.944,67.424,67.002,66.548,66.19,65.671,65.248,64.924,64.631,64.242,63.819,63.3,62.878,62.423,62.001,61.741,61.871,63.137,66.32,72.296,81.487,93.439,107.11,121.37,135.24,147.81,158.43,166.74,172.56,173.01,173.01,173.01,173.01,173.01,171.19,168.43,165.61,162.88,160.12,157.42,154.92,152.61,150.5,148.42,146.31,144.07,141.67,139.17,136.38,133,128.94,124.13,118.74,113.06,107.57,102.5,98.116,94.511,91.751,89.672,88.243,87.236,86.619,86.262,85.937,85.612,85.19,84.605,83.988,83.371,82.624,81.942,81.195,80.448,79.506,78.5,77.493,76.486,75.609,74.797,73.985,73.173,72.361,71.614,70.997,70.445,69.86,69.373,68.886,68.496,68.074,67.554,67.067,66.548,66.125,65.671,65.313,64.924,64.501,63.982,63.43,63.007,62.683,62.488,62.943,64.631,68.691,75.934,86.294,99.123,113.06,127.12,140.37,152.32,162.29,169.99,173.01,173.01,173.01,173.01,173.01,173.01,171,168.3,165.51,162.75,160.12,157.68,155.25,152.87,150.57,148.29,146.05,143.81,141.44,138.68,135.5,131.7,127.38,122.44,116.99,111.3,105.75,100.81,96.687,93.439,91.004,89.185,87.983,87.236,86.814,86.554,86.262,85.807,85.255,84.67,84.053,83.436,82.689,81.747,80.87,80.188,79.506,78.629,77.493,76.486,75.609,74.797,73.985,73.173,72.426,71.874,71.257,70.672,70.12,69.698,69.178,68.691,68.107,67.619,67.132,66.742,66.385,65.93,65.508,64.924,64.372,63.819,63.3,62.748,62.358,62.26,62.813,64.696,68.886,76.064,86.294,98.928,112.73,126.7,139.95,151.87,161.94,169.73,173.01,173.01,173.01,173.01,173.01,173.01,170.54,167.49,164.5,161.48,158.75,156.12,153.69,151.51,149.43,147.42,145.24,142.87,140.24,137.32,133.94,129.88,125.11,119.75,114,108.18,102.92,98.571,95.258,92.757,90.939,89.672,88.925,88.568,88.243,87.918,87.626,87.301,87.009,86.619,86.197,85.547,84.865,84.248,83.631,82.949,82.137,81.293,80.546,79.799,79.117,78.37,77.558,76.746,75.999,75.317,74.635,73.92,73.303,72.751,72.199,71.614,70.997,70.445,69.925,69.373,68.756,68.236,67.749,67.295,66.937,66.548,66.19,65.866,65.606,65.801,67.002,70.12,76.194,85.417,97.304,110.75,124.75,138.36,150.86,161.74,170.38,173.01,173.01,173.01,173.01,173.01,173.01,173.01,171.32,168.37,165.44,162.62,159.99,157.55,155.18,152.87,150.63,148.42,146.25,143.81,141.12,137.93,134.23,129.94,124.94,119.49,113.8,108.38,103.51,99.48,96.427,94.186,92.563,91.491,90.744,90.257,89.932,89.672,89.38,88.99,88.438,87.821,87.106,86.424,85.547,84.605,83.631,82.559,81.617,80.741,79.864,78.922,78.012,77.006,76.129,75.382,74.797,74.245,73.628,73.043,72.686,72.296,71.939,71.484,71.257,71.127,70.932,70.737,70.575,70.445,70.185,69.925,69.633,69.243,68.983,68.886,69.048,69.698,71.484,75.609,82.884,93.31,106.07,120.07,134.43,148.07,160.12,170.06,173.01,173.01,173.01,173.01,173.01,173.01,173.01,173.01,173.01,173.01,171.13,168.5,166,163.56,161.25,158.98,156.87,154.76,152.68,150.37,147.81,144.75,141.18,137.06,132.32,126.86,120.95,114.81,109.06,104.12,100.19,97.174,94.998,93.569,92.692,92.108,91.556,91.004,90.419,89.932,89.38,88.86,88.243,87.626,86.879,85.937,84.8,83.631,82.494,81.487,80.611,79.669,78.759,77.688,76.746,75.869,75.057,74.375,73.758,73.173,72.556,71.939,71.257,70.607,70.12,69.568,69.048,68.626,68.107,67.619,67.002,66.418,65.93,65.443,64.989,64.631,64.696,65.606,68.236,73.433,81.682,92.757,105.81,119.68,133.55,146.61,158.17,167.62,173.01,173.01,102.86,99.253,96.557,94.511,93.115,92.173,91.686,91.361,91.069,90.809,90.549,90.257,89.802,89.25,88.698,87.983,87.171,86.359,85.482,84.573,83.631,82.624,81.682,80.741,79.929,79.117,78.305,77.428,76.616,75.869,75.057,74.245,73.498,72.751,72.134,71.419,70.737,70.25,69.86,69.503,69.113,68.691,68.236,67.814,67.36,66.872,66.483,66.32,66.418,67.36,69.99,75.382,83.923,95.421,109,123.42,137.8,151.12,162.81,172.23,173.01,173.01,173.01,173.01,173.01,173.01,173.01,173.01,173.01,171.13,168.24,165.57,163.01,160.6,158.49,156.45,154.43,152.35,150.24,147.87,145.18,141.99,138.19,133.68,128.48,122.67,116.56,110.75,105.62,101.43,98.181,95.81,94.121,93.115,92.563,92.173,92.01,91.751,91.556,91.231,90.744,90.127,89.445,88.795,88.048,87.171,86.197,85.19,84.183,83.241,82.299,81.358,80.448,79.571,78.759,77.947,77.135,76.356,75.674,75.057,74.505,73.985,73.498,72.881,72.231,71.679,71.192,70.672,69.99,69.308,68.626,68.074,67.489,66.937,66.483,66.742,68.236,71.679,77.753,86.879,98.928,112.8,127.31,141.38,154.3,165.57,173.01,173.01,173.01,173.01,173.01,173.01,173.01,173.01,173.01,173.01,169.99,167.29,164.79,162.42,160.18,158.14,156.25,154.3,152.19,149.98,147.48,144.56,141.05,136.86,131.86,126.31,120.3,114.26,108.57,103.57,99.545,96.557,94.381,92.822,91.686,91.004,90.549,90.257,89.932,89.575,89.185,88.698,88.048,87.366,86.619,85.807,84.93,83.988,83.046,82.137,81.26,80.383,79.441,78.564,77.817,77.135,76.421,75.674,74.992,74.375,73.823,73.238,72.621,72.069,71.549,71.062,70.51,69.925,69.438,68.918,68.366,67.749,67.132,66.613,66.255,65.995,66.06,67.132,70.055,75.869,84.8,96.557,110.2,124.62,139.07,152.48,164.18,173.01,173.01,173.01,173.01,173.01,173.01,173.01,173.01,173.01,171.06,167.81,164.79,162.07,159.56,157.36,155.31,153.3,151.32,149.24,147.06,144.49,141.44,137.8,133.42,128.19,122.25,116.11,110.3,105.26,101.23,98.181,96.005,94.544,93.634,93.05,92.692,92.563,92.368,92.173,91.816,91.296,90.744,90.127,89.38,88.568,87.821,87.074,86.262,85.385,84.508,83.696,82.884,82.072,81.195,80.318,79.506,78.629,77.753,76.876,76.194,75.609,75.187,74.732,74.115,73.498,72.816,72.231,71.679,71.127,70.607,70.12,69.698,69.048,68.366,67.749,67.36,67.749,69.373,73.238,80.188,90.192,102.7,116.63,131.18,145.44,158.43,169.57,173.01,173.01,173.01,173.01,173.01,173.01,173.01,173.01,173.01,173.01,171.55,168.69,166.06,163.82,161.74,159.86,158.07,156.32,154.37,152.13,149.3,145.99,142.12,137.67,132.54,126.86,120.82,114.81,109.39,104.68,101.07,98.246,96.297,94.933,94.121,93.699,93.504,93.374,93.05,92.563,91.945,91.231,90.484,89.737,88.925,88.113,87.171,86.067,84.865,83.696,82.559,81.423,80.383,79.441,78.564,77.817,77.006,76.259,75.544,74.927,74.31,73.758,73.238,72.946,72.621,72.199,71.614,71.127,70.672,70.25,69.795,69.438,69.113,68.821,68.431,68.171,68.431,69.925,73.628,80.253,90.192,102.86,117.18,132.06,146.57,159.79,171.13,173.01,173.01,173.01,173.01,173.01,173.01,173.01,173.01,173.01,173.01,172.56,169.73,167.13,164.73,162.62,160.73,158.88,156.93,154.86,152.61,150.05,147.06,143.49,139.3,134.36,128.81,122.6,116.43,110.62,105.55,101.49,98.311,96.135,94.609,93.699,93.05,92.627,92.368,92.108,91.751,91.296,90.744,90.062,89.38,88.503,87.626,86.684,85.807,84.8,83.858,82.949,82.137,81.26,80.318,79.506,78.759,78.11,77.363,76.616,75.869,75.252,74.7,74.18,73.693,73.108,72.686,72.134,71.484,70.607,69.73,68.983,68.301,67.749,67.36,67.197,67.197,67.554,68.886,72.134,78.37,87.918,100.19,114.13,128.94,143.55,157.13,168.63,173.01,173.01,173.01,173.01,173.01,173.01,173.01,173.01,173.01,170.74,167.49,164.44,161.61,159.24,157.19,155.31,153.56,151.87,149.98,147.87,145.24,142.12,138.29,133.61,128.26,122.31,116.43,110.88,106.01,102.05,99.123,97.109,95.875,95.193,94.868,94.739,94.544,94.186,93.634,93.05,92.563,92.01,91.296,90.549,89.672,88.73,87.691,86.619,85.547,84.573,83.501,82.429,81.358,80.448,79.571,78.629,77.753,76.941,76.194,75.512,74.862,74.31,73.855,73.498,73.011,72.426,71.939,71.484,71.127,70.575,69.925,69.308,68.821,68.366,68.107,68.236,69.438,72.491,78.305,87.236,98.993,112.73,127.57,142.38,156.25,168.43,173.01,173.01,173.01,173.01,173.01,173.01,173.01,173.01,173.01,173.01,173.01,172.3,169.93,167.75,165.74,163.92,162.26,160.57,158.69,156.61,154.3,151.74,148.68,144.82,139.95,134.3,128,121.57,115.43,109.94,105.42,102.05,99.545,97.564,96.005,94.998,94.544,94.186,93.862,93.699,93.439,92.985,92.368,91.556,90.549,89.445,88.308,87.301,86.294,85.32,84.313,83.306,82.17,80.935,79.799,78.857,78.045,77.233,76.616,76.129,75.674,75.057,74.375,73.693,73.173,72.816,72.296,71.809,71.322,70.867,70.445,69.99,69.373,68.756,68.301,68.366,69.308,72.069,77.623,86.424,98.376,112.24,126.99,141.6,155.38,167.42,173.01,173.01,173.01,173.01,173.01,173.01,173.01,173.01,173.01,173.01,172.62,169.8,167.29,165.18,163.23,161.42,159.56,157.68,155.67,153.49,151.06,148.23,144.92,140.92,136.05,130.3,123.94,117.51,111.37,106.07,101.69,98.441,96.233,94.804,93.797,93.05,92.563,92.238,92.01,91.686,91.361,91.004,90.549,89.997,89.185,88.113,87.009,85.937,84.93,83.988,83.111,82.364,81.617,80.87,79.994,78.987,78.012,77.135,76.486,75.869,75.382,74.862,74.505,74.05,73.498,72.816,72.004,71.257,70.575,69.86,69.243,68.756,68.301,67.879,67.424,67.197,67.749,69.925,74.57,82.234,93.18,106.63,121.37,136.31,150.63,163.56,173.01,173.01,173.01,173.01,173.01,173.01,173.01,173.01,173.01,173.01,170.32,167.2,164.5,162.26,160.31,158.49,156.74,154.99,153.23,151.45,149.24,146.51,143,138.88,133.94,128.19,121.86,115.56,110,105.36,101.75,99.058,97.239,96.233,95.745,95.486,95.323,95.128,94.804,94.251,93.569,92.855,92.108,91.296,90.419,89.51,88.568,87.561,86.424,85.385,84.313,83.306,82.299,81.26,80.188,79.247,78.305,77.493,76.811,76.259,75.674,75.122,74.505,73.92,73.433,73.011,72.491,72.069,71.614,71.192,70.672,70.055,69.568,69.113,68.821,68.691,69.178,70.997,75.122,82.364,92.822,105.88,120.56,135.69,150.18,163.3,173.01,173.01,173.01,173.01,173.01,173.01,173.01,173.01,173.01,173.01,173.01,172.36,169.63,167.23,165.05,163.17,161.42,159.79,158.14,156.25,154.17,151.74,148.81,145.11,140.7,135.43,129.43,122.99,116.56,110.69,105.68,101.82,98.863,96.817,95.486,94.674,94.186,93.797,93.504,93.245,92.92,92.498,91.88,91.198,90.419,89.575,88.633,87.561,86.554,85.547,84.508,83.436,82.364,81.358,80.448,79.571,78.694,77.947,77.363,76.746,76.129,75.447,74.797,74.18,73.693,73.238,72.946,72.491,72.004,71.322,70.737,70.25,69.73,69.243,68.756,68.496,68.886,70.672,74.927,82.429,93.31,106.82,121.76,136.93,151.45,164.57,173.01,173.01,173.01,173.01,173.01,173.01,173.01,173.01,173.01,173.01,173.01,172.82,170.32,168.17,166.42,164.63,162.81,160.93,159.05,157.13,154.92,152.42,149.43,145.79,141.38,135.99,129.81,123.32,117.05,111.43,106.69,102.99,100.49,98.993,98.116,97.629,97.239,96.947,96.622,96.492,96.492,96.557,96.687,96.557,96.135,95.193,93.927,92.627,91.198,89.51,87.691,86.002,84.378,82.754,81.13,79.636,78.5,77.882,77.688,77.753,77.753,77.428,77.07,76.746,76.551,76.486,76.259,75.869,75.382,74.7,74.05,73.563,73.173,72.946,72.816,73.043,74.115,76.616,81.747,89.932,100.81,113.32,126.79,141.31,156.06,169.05,173.01,173.01,173.01,173.01,173.01,173.01,173.01,173.01,173.01,173.01,173.01,173.01,173.01,172.49,171.48,170.74,169.8,168.43,166.81,164.92,162.55,159.5,79.311,78.435,77.623,77.006,76.551,76.064,75.512,74.732,74.05,73.498,73.011,72.621,72.231,71.809,71.257,70.607,70.055,69.698,69.438,69.503,70.51,73.563,79.669,89.25,101.62,115.75,130.63,145.31,159.11,171,173.01,173.01,173.01,173.01,173.01,173.01,173.01,173.01,173.01,173.01,173.01,172,170.12,168.3,166.68,165.18,163.75,162.13,160.31,158.07,155.44,152.35,148.75,144.62,139.69,133.94,127.44,120.62,114.26,108.8,104.55,101.3,98.733,96.882,95.551,94.868,94.446,94.121,93.797,93.504,93.115,92.498,91.686,90.809,89.932,89.055,87.983,86.944,85.937,84.995,83.988,82.981,81.942,80.935,79.929,78.922,78.045,77.298,76.681,76.064,75.544,75.057,74.44,73.823,73.238,72.621,173.01,173.01,173.01,173.01,173.01,171.19,168.76,166.61,164.7,162.94,161.19,159.43,157.68,155.73,153.56,151.12,148.13,144.37,139.62,133.87,127.44,120.75,114.55,109.39,105.26,102.18,99.805,98.116,97.044,96.557,96.297,96.07,95.615,95.128,94.511,93.862,93.245,92.627,92.01,91.296,90.386,89.38,88.243,87.171,86.197,85.255,84.378,83.566,82.689,81.812,80.87,80.058,79.311,78.629,77.817,77.07,76.421,75.804,75.382,74.862,74.44,73.985,73.563,73.011,72.426,71.744,71.192,70.672,70.25,70.055,70.802,73.368,78.694,87.106,98.636,112.31,127.25,142.19,156.25,168.63,173.01,173.01,173.01,173.01,173.01,173.01,173.01,173.01,173.01,173.01,173.01,173.01,171,169.31,167.81,166.39,164.92,163.43,161.81,159.76,157.19,154.11,150.5,146.25,141.31,135.56,129.23,122.6,116.3,110.82,106.37,102.99,100.49,98.798,97.759,97.044,96.622,96.233,95.875,95.486,94.933,94.186,93.374,92.498,91.621,90.679,89.672,88.568,87.366,86.132,84.995,84.053,83.111,82.137,81.13,80.188,79.311,78.5,77.947,77.428,77.07,76.486,75.804,75.122,74.57,74.115,73.693,73.173,72.686,72.134,71.614,71.062,70.51,69.925,69.633,69.568,70.185,72.491,77.493,85.937,97.499,111.24,126.18,141.12,155.25,167.62,173.01,173.01,173.01,173.01,173.01,173.01,173.01,173.01,173.01,173.01,173.01,173.01,172,170.06,168.37,166.94,165.61,164.11,162.36,160.18,157.68,154.82,151.51,147.68,143.13,137.74,131.57,124.81,118.19,112.24,107.37,103.61,100.88,99.058,97.856,97.012,96.427,96.07,95.745,95.323,94.739,94.186,93.569,92.822,91.945,90.939,89.932,88.925,87.821,86.619,85.547,84.508,83.371,82.17,81.13,80.383,79.669,78.857,78.11,77.623,77.168,76.681,75.999,75.317,74.7,74.115,73.628,73.108,72.621,72.231,71.809,71.257,70.607,69.99,69.503,69.568,70.737,73.855,79.864,88.925,100.81,114.62,129.56,144.43,158.3,170.38,173.01,173.01,173.01,173.01,173.01,173.01,173.01,173.01,173.01,173.01,173.01,173.01,171.32,169.63,168.01,166.39,164.79,163.1,161.25,159.11,156.67,153.75,150.18,145.79,140.7,134.88,128.48,121.92,115.62,110.07,105.49,102.05,99.61,97.986,97.012,96.297,95.68,95.258,94.804,94.511,94.057,93.439,92.563,91.491,90.419,89.445,88.503,87.496,86.359,85.19,84.118,83.176,82.299,81.423,80.676,79.929,79.117,78.305,77.558,77.006,76.551,76.194,75.544,74.797,74.05,73.433,72.816,72.231,71.614,71.127,70.575,70.055,69.568,69.113,68.886,69.048,70.12,73.043,78.759,87.691,99.545,113.51,128.42,143.29,157.13,168.98,173.01,173.01,173.01,173.01,173.01,173.01,173.01,173.01,173.01,173.01,172,169.57,167.36,165.61,164.05,162.62,161.06,159.37,157.55,155.57,153.23,150.37,146.67,142.12,136.8,130.76,124.29,118.06,112.5,107.86,104.12,101.3,99.383,98.246,97.694,97.304,96.947,96.492,96.005,95.421,94.868,94.251,93.634,92.822,91.88,90.679,89.51,88.373,87.301,86.262,85.19,84.183,83.306,82.494,81.682,80.805,79.929,79.182,78.5,77.882,77.233,76.616,75.869,75.187,74.57,74.05,73.628,73.173,72.751,72.199,71.484,70.932,70.51,70.315,70.25,70.737,72.491,76.551,83.858,94.544,107.86,122.67,137.8,152.32,165.31,173.01,173.01,173.01,173.01,173.01,173.01,173.01,173.01,173.01,173.01,173.01,173.01,172.62,170.67,169.05,167.62,166.19,164.7,163.01,161.12,158.82,155.99,152.61,148.75,144.07,138.62,132.45,125.76,119.06,112.99,107.86,103.8,100.75,98.636,97.174,96.233,95.68,95.356,95.193,94.868,94.316,93.732,93.115,92.368,91.361,90.257,89.25,88.308,87.171,86.002,84.8,83.858,82.981,82.17,81.293,80.318,79.182,78.175,77.428,76.876,76.421,75.934,75.447,74.927,74.375,73.693,73.238,72.816,72.361,71.679,71.062,70.445,69.925,69.568,69.308,69.373,70.185,72.751,77.947,86.489,98.051,111.92,126.92,141.93,155.99,168.24,173.01,173.01,173.01,173.01,173.01,173.01,173.01,173.01,173.01,173.01,173.01,172.56,170.51,168.76,167.29,165.87,164.37,162.75,160.93,158.82,156.45,153.69,150.31,146.12,140.99,135.04,128.55,121.86,115.56,110,105.42,101.95,99.318,97.499,96.233,95.486,95.128,94.868,94.544,94.121,93.569,92.855,92.173,91.491,90.679,89.737,88.698,87.561,86.424,85.32,84.118,82.981,81.942,81,80.058,79.311,78.629,78.012,77.233,76.486,75.804,75.187,74.7,74.375,74.05,73.628,73.108,72.491,71.874,71.387,70.932,70.445,69.795,69.178,68.918,69.243,70.575,73.823,79.994,89.607,102.18,116.63,131.73,146.57,160.12,171.61,173.01,173.01,173.01,173.01,173.01,173.01,173.01,173.01,173.01,173.01,173.01,171.13,169.18,167.55,165.93,164.37,162.81,161.19,159.24,156.93,154.04,150.7,146.87,142.42,137.32,131.31,124.81,118.38,112.5,107.5,103.51,100.36,97.986,96.362,95.486,95.063,94.933,94.674,94.251,93.699,92.985,92.303,91.426,90.484,89.445,88.633,87.886,87.074,85.937,84.67,83.631,82.689,81.812,80.935,80.123,79.311,78.5,77.817,77.168,76.616,75.934,75.252,74.635,74.18,73.823,73.368,72.686,71.939,71.127,70.445,69.99,69.568,69.048,68.626,68.301,68.431,69.568,72.556,78.435,87.561,99.545,113.67,128.68,143.49,157.06,168.76,173.01,173.01,173.01,173.01,173.01,173.01,173.01,173.01,173.01,173.01,171.74,169.37,167.29,165.38,163.69,161.94,160.12,158.36,156.8,154.99,152.48,149.17,145.24,140.7,135.37,129.23,122.73,116.37,110.95,106.69,103.57,101.17,99.545,98.441,97.694,97.109,96.687,96.233,95.615,94.868,94.251,93.732,92.985,91.816,90.549,89.445,88.373,87.366,86.262,85.125,84.053,82.981,81.942,80.935,80.058,79.311,78.564,77.817,77.233,76.746,76.194,75.544,75.057,74.7,74.44,73.92,73.238,72.491,71.744,71.192,70.737,70.315,69.925,69.633,69.438,69.698,70.932,74.05,80.123,89.607,102.05,116.43,131.57,146.38,159.92,171.48,173.01,173.01,173.01,173.01,173.01,173.01,173.01,173.01,173.01,173.01,173.01,173.01,171.06,169.24,167.68,166,164.18,162.29,160.31,157.88,154.99,151.67,148.13,143.94,139.01,133.26,126.86,120.49,114.68,109.81,105.94,102.79,100.19,98.116,96.752,96.168,96.07,95.94,95.875,95.745,95.486,94.933,94.121,93.05,91.945,90.744,89.672,88.568,87.366,86.294,85.385,84.443,83.501,82.559,81.682,80.935,80.188,79.441,78.629,77.817,77.135,76.616,76.259,75.869,75.252,74.7,74.115,73.823,73.498,73.011,72.134,71.127,70.25,69.698,69.503,69.86,71.322,74.797,81.423,91.296,103.8,117.73,132.19,146.25,159.3,170.74,173.01,173.01,173.01,173.01,173.01,173.01,173.01,173.01,173.01,173.01,173.01,172.82,171.13,169.37,167.42,165.51,163.82,162.42,160.99,158.95,156.06,152.35,148.2,143.49,138.26,132.32,125.82,119.49,113.74,108.8,104.61,101.17,98.441,96.427,95.258,94.739,94.446,93.992,93.374,92.822,92.303,91.686,90.809,89.672,88.503,87.496,86.684,85.872,84.865,83.631,82.299,109.13,104.61,100.94,98.051,95.94,94.316,93.245,92.433,91.88,91.426,91.004,90.484,89.932,89.315,88.633,87.886,87.074,86.197,85.255,84.378,83.436,82.494,81.552,80.676,79.864,79.052,78.305,77.558,76.811,76.064,75.382,74.635,73.92,73.368,72.881,72.426,72.004,71.549,71.127,70.672,70.12,69.568,68.983,68.431,67.814,67.262,66.807,66.548,66.937,68.561,72.296,78.987,88.73,101.01,114.87,129.13,142.94,155.44,165.8,173.01,173.01,173.01,173.01,173.01,173.01,173.01,173.01,173.01,170.8,168.76,166.87,165.05,163.1,161.32,159.69,157.81,155.63,153.23,150.8,147.94,144.49,140.44,135.86,130.69,124.88,118.93,113.25,108.05,103.61,100.13,97.434,95.551,94.251,93.31,92.498,91.88,91.296,90.809,90.257,89.607,88.86,88.113,87.236,86.262,85.255,84.248,83.306,82.299,81.423,80.481,79.441,78.37,77.428,76.681,76.129,75.512,74.797,74.18,73.628,73.108,72.686,72.199,71.744,71.322,70.802,70.25,69.698,69.113,68.626,68.107,67.554,67.067,66.613,66.483,67.132,69.243,73.758,81.195,91.426,103.8,117.31,131.05,144.11,155.8,165.38,172.43,173.01,173.01,173.01,173.01,173.01,173.01,173.01,171.42,169.24,167.13,165.12,163.3,161.61,159.92,158.14,156.19,154.01,151.67,149.04,146.18,142.81,138.81,134.07,128.55,122.6,116.76,111.24,106.5,102.57,99.448,97.012,95.128,93.732,92.822,92.173,91.686,91.133,90.549,89.867,89.12,88.373,87.626,86.879,86.067,85.19,84.183,83.111,82.072,81,80.058,79.247,78.435,77.623,76.811,76.064,75.382,74.732,74.18,73.758,73.238,72.686,72.134,71.549,71.062,70.607,70.185,69.698,69.113,68.496,67.879,67.295,66.872,66.677,67.067,68.561,72.134,78.564,88.048,100.13,113.8,128,141.73,154.17,164.7,172.75,173.01,173.01,173.01,173.01,173.01,173.01,173.01,173.01,172.13,169.99,168.01,166,164.11,162.2,160.31,158.36,156.38,154.17,151.67,148.88,145.57,141.67,137.19,132.06,126.37,120.43,114.62,109.39,104.81,101.17,98.441,96.362,94.998,93.927,93.115,92.433,91.751,91.133,90.484,89.867,89.25,88.438,87.561,86.554,85.547,84.605,83.696,82.819,81.877,80.87,79.864,78.922,78.045,77.363,76.681,76.064,75.382,74.7,73.985,73.433,72.946,72.426,71.939,71.387,70.802,70.185,69.698,69.113,68.561,67.944,67.295,66.677,66.32,66.255,67.002,69.308,73.985,81.552,91.945,104.42,118.12,131.93,145.18,156.87,166.39,173.01,173.01,173.01,173.01,173.01,173.01,173.01,173.01,171.48,169.11,166.94,164.79,162.88,160.99,159.11,157.19,155.18,153.07,150.8,148.29,145.44,141.99,137.8,132.93,127.44,121.57,115.75,110.49,105.88,102.18,99.318,97.174,95.81,94.868,94.251,93.699,93.18,92.627,92.01,91.361,90.744,90.127,89.445,88.568,87.626,86.619,85.612,84.735,83.858,83.046,82.17,81.26,80.253,79.376,78.564,77.817,77.135,76.421,75.804,75.187,74.635,74.115,73.758,73.303,72.816,72.199,71.549,70.997,70.445,69.795,69.178,68.626,68.074,67.814,68.171,69.86,73.92,80.87,90.809,103.05,116.76,130.85,144.62,157.06,167.42,173.01,173.01,173.01,173.01,173.01,173.01,173.01,173.01,173.01,173.01,171.68,169.63,167.81,166.13,164.44,162.68,160.73,158.69,156.38,153.95,151.12,147.87,144.01,139.3,133.94,128,121.86,116.01,110.75,106.24,102.57,99.675,97.564,96.07,95.063,94.381,93.732,93.115,92.433,91.751,91.069,90.419,89.672,88.795,87.886,86.879,85.807,84.8,83.858,82.884,81.877,80.87,79.864,78.922,78.175,77.493,76.876,76.194,75.544,74.927,74.375,73.855,73.368,72.946,72.491,71.939,71.387,70.802,70.315,69.795,69.308,68.756,68.171,67.749,67.684,68.561,71.257,76.551,84.865,95.875,108.87,122.86,136.86,150.05,161.61,170.93,173.01,173.01,173.01,173.01,173.01,173.01,173.01,173.01,173.01,171.61,169.57,167.68,166,164.24,162.55,160.67,158.82,156.74,154.5,151.87,148.75,145.05,140.76,135.82,130.24,124.26,118.12,112.37,107.31,103.12,99.87,97.499,95.81,94.609,93.732,92.985,92.433,91.945,91.491,91.069,90.484,89.867,89.185,88.373,87.626,86.879,86.132,85.482,85.32,86.067,88.373,92.627,98.798,106.5,115.17,124.07,132.32,139.49,145.31,149.3,151.19,150.86,148.88,145.5,140.86,135.5,129.56,123.38,116.82,109.94,103.25,97.109,91.88,87.561,84.248,81.877,80.448,79.636,79.311,79.441,79.864,80.448,80.805,81.195,81.617,81.877,81.812,81.617,81.487,81.195,80.546,79.799,79.182,78.5,77.623,76.551,75.382,74.31,73.433,72.621,71.809,70.997,70.12,69.308,68.626,68.107,67.619,67.262,66.807,66.385,65.995,65.671,65.378,65.119,64.859,64.566,64.177,63.884,63.56,63.365,63.137,62.943,62.618,62.26,61.936,61.611,61.384,61.189,60.994,60.669,60.312,59.987,59.76,59.565,59.37,59.11,58.818,58.493,58.168,57.941,57.811,57.616,57.421,57.259,56.934,56.674,56.447,56.252,56.122,55.992,55.732,55.57,55.375,55.31,55.245,55.05,54.855,54.563,54.303,54.368,55.115,57.746,63.56,73.628,87.626,104.19,121.5,138.36,153.95,167.42,173.01,173.01,173.01,173.01,173.01,173.01,173.01,173.01,173.01,173.01,173.01,169.93,166.81,163.75,160.73,157.94,155.18,152.48,149.69,146.67,143.36,139.75,135.69,131.24,126.31,120.95,115.43,110.23,105.62,101.88,98.993,96.752,95.063,93.732,92.757,91.945,91.296,90.744,90.127,89.445,88.698,87.886,87.074,86.262,85.385,84.573,83.631,82.689,81.747,80.87,80.058,79.311,78.629,77.947,77.168,76.421,75.739,75.122,74.635,74.05,73.433,72.816,72.231,71.809,71.484,71.192,70.737,70.25,69.73,69.243,68.821,68.431,67.944,67.36,66.677,65.995,65.573,65.443,65.736,67.002,70.055,75.609,83.858,94.511,106.89,119.94,132.8,144.62,154.82,163.01,168.82,172.36,173.01,173.01,172.36,170.12,167.49,164.7,161.94,159.18,156.54,154.01,151.54,149.24,147,144.82,142.48,139.95,137.12,133.87,130.17,125.89,120.95,115.56,110.07,104.94,100.42,96.817,94.057,91.945,90.386,89.185,88.308,87.756,87.366,87.009,86.619,86.067,85.385,84.67,83.923,83.176,82.364,81.423,80.448,79.376,78.435,77.623,76.746,75.869,74.992,74.05,73.173,72.491,71.939,71.387,70.867,70.315,69.795,69.308,68.886,68.496,68.107,67.684,67.197,66.677,66.255,65.801,65.313,64.794,64.242,63.754,63.365,63.3,64.047,66.32,71.062,78.857,89.672,102.79,117.12,131.44,144.92,156.93,166.74,173.01,173.01,173.01,173.01,173.01,173.01,173.01,172.82,169.99,167.2,164.44,161.87,159.43,157.19,155.05,153,150.86,148.62,146.12,143.36,140.37,136.93,132.87,128.19,122.86,117.18,111.56,106.24,101.69,97.856,94.868,92.563,90.939,89.737,88.925,88.373,87.821,87.301,86.814,86.359,85.807,85.19,84.378,83.566,82.754,81.877,81,80.058,79.052,78.045,77.135,76.194,75.382,74.635,73.855,73.108,72.361,71.809,71.322,70.802,70.25,69.73,69.243,68.821,68.366,68.009,67.489,67.002,66.418,65.866,65.378,64.859,64.501,64.177,64.307,65.508,68.691,74.57,83.501,94.868,107.79,121.5,134.95,147.39,158.17,166.68,172.62,173.01,173.01,173.01,173.01,173.01,171.94,169.31,166.68,164.24,161.94,159.69,157.49,155.31,153.13,151.06,148.94,146.67,144.11,141.18,137.87,134,129.56,124.49,118.93,113.25,107.86,103.18,99.188,96.005,93.504,91.621,90.386,89.51,88.86,88.373,87.886,87.366,86.814,86.294,85.677,85.06,84.313,83.436,82.494,81.552,80.676,79.799,78.857,77.947,76.941,76.064,75.187,74.44,73.758,73.043,72.361,71.744,71.257,70.802,70.38,69.925,69.438,68.918,68.496,68.074,67.554,67.067,66.483,65.93,65.443,64.989,64.696,64.696,65.443,67.749,72.621,80.611,91.556,104.61,118.67,132.74
0.3749,0.37992,0.37992,0.3749,0.36486,0.35483,0.33977,0.32471,0.31004,0.29498,0.27992,0.26988,0.26486,0.25483,0.24981,0.24981,0.24981,0.24479,0.24479,0.24479,0.24981,0.24981,0.25985,0.25985,0.26486,0.26988,0.2749,0.28494,0.29498,0.30502,0.31004,0.31506,0.32471,0.34479,0.37992,0.43977,0.53012,0.6251,0.7,0.76023,0.81004,0.81506,0.79537,0.80039,0.76525,0.64517,0.45985,0.27992,0.14981,0.089575,0.069884,0.069884,0.069884,0.069884,0.069884,0.064865,0.064865,0.069884,0.069884,0.069884,0.069884,0.074517,0.074517,0.084556,0.099614,0.12471,0.14981,0.1749,0.19498,0.21467,0.22973,0.23977,0.24479,0.24981,0.25483,0.24981,0.24981,0.24981,0.25483,0.25483,0.25483,0.25985,0.25985,0.25985,0.25985,0.25985,0.26486,0.26988,0.26988,0.2749,0.2749,0.28494,0.28494,0.28494,0.28996,0.28494,0.28494,0.28494,0.28494,0.28494,0.28494,0.28494,0.28494,0.28494,0.28494,0.28996,0.28996,0.28996,0.28494,0.27992,0.27992,0.27992,0.28494,0.28494,0.28494,0.28494,0.28494,0.27992,0.27992,0.28494,0.28494,0.28996,0.29498,0.30502,0.31506,0.32471,0.31004,0.3,0.29498,0.28494,0.27992,0.2749,0.27992,0.28494,0.28494,0.2749,0.26988,0.2749,0.27992,0.28494,0.29498,0.37992,0.58494,0.85019,0.94517,0.75019,0.51004,0.4,0.32471,0.26486,0.22471,0.20965,0.20965,0.20463,0.20463,0.20463,0.20965,0.21969,0.21969,0.22973,0.23475,0.23977,0.24981,0.25985,0.26988,0.28996,0.31506,0.33475,0.36486,0.38494,0.4,0.41004,0.41506,0.40502,0.4,0.38494,0.36486,0.34981,0.32973,0.31004,0.29498,0.28494,0.26988,0.26486,0.25483,0.24981,0.24981,0.24479,0.24479,0.23977,0.23977,0.23977,0.23977,0.24479,0.24981,0.24981,0.25985,0.26988,0.2749,0.28494,0.28494,0.29498,0.29498,0.29498,0.29498,0.29498,0.29498,0.30502,0.31004,0.31506,0.31506,0.30502,0.28996,0.2749,0.26486,0.24981,0.24479,0.24479,0.24981,0.24479,0.23977,0.23977,0.23977,0.24479,0.24479,0.24479,0.26988,0.3749,0.59498,0.84517,0.90039,0.64517,0.45483,0.36988,0.28494,0.21969,0.19498,0.18494,0.17992,0.18494,0.18494,0.18494,0.19498,0.19498,0.20463,0.20965,0.21969,0.22471,0.22973,0.23977,0.25985,0.27992,0.3,0.31969,0.33475,0.34479,0.34981,0.35483,0.34981,0.33977,0.32973,0.31969,0.30502,0.29498,0.28494,0.2749,0.26486,0.25985,0.25985,0.25985,0.25985,0.25985,0.25985,0.25985,0.25483,0.25985,0.26486,0.26486,0.26988,0.2749,0.2749,0.28494,0.28996,0.29498,0.3,0.30502,0.30502,0.30502,0.30502,0.31004,0.31506,0.31506,0.31969,0.32973,0.33475,0.33977,0.33475,0.32471,0.31506,0.30502,0.29498,0.28494,0.28494,0.28494,0.28494,0.27992,0.2749,0.2749,0.2749,0.27992,0.27992,0.28494,0.34479,0.52008,0.79035,0.95019,0.81004,0.56988,0.43012,0.34479,0.2749,0.23475,0.21467,0.20965,0.20965,0.20965,0.21467,0.21969,0.21969,0.22471,0.22471,0.22973,0.23977,0.24479,0.25985,0.26988,0.28996,0.31506,0.33475,0.35483,0.3749,0.38494,0.39498,0.39498,0.38996,0.37992,0.36486,0.34479,0.32471,0.31004,0.28996,0.2749,0.26486,0.25985,0.25483,0.24981,0.24479,0.24479,0.24479,0.24479,0.24479,0.24479,0.24479,0.24479,0.24981,0.25985,0.25985,0.26486,0.2749,0.27992,0.28996,0.28996,0.29498,0.29498,0.3,0.3,0.3,0.30502,0.31506,0.32471,0.32973,0.32471,0.31004,0.29498,0.28494,0.26988,0.26486,0.25985,0.26486,0.26486,0.25985,0.25483,0.24981,0.25985,0.25985,0.25985,0.2749,0.35483,0.55019,0.81506,0.92046,0.74015,0.51004,0.40502,0.31969,0.24981,0.21467,0.19498,0.18996,0.18494,0.18494,0.18996,0.19498,0.19961,0.20463,0.20965,0.20965,0.21969,0.22973,0.23977,0.25483,0.2749,0.3,0.32471,0.34479,0.35985,0.36988,0.36988,0.36988,0.35985,0.34981,0.32973,0.31004,0.29498,0.28494,0.2749,0.25985,0.24981,0.24479,0.23977,0.23977,0.23475,0.22973,0.22973,0.23475,0.23475,0.23475,0.23475,0.23475,0.23977,0.24479,0.24479,0.25483,0.25985,0.26486,0.26988,0.2749,0.2749,0.27992,0.27992,0.27992,0.27992,0.28494,0.29498,0.30502,0.31004,0.30502,0.29498,0.28494,0.26988,0.25985,0.24981,0.24479,0.24479,0.24981,0.24981,0.24479,0.24479,0.24479,0.24479,0.24479,0.25985,0.31969,0.49498,0.75521,0.90039,0.75521,0.51506,0.38996,0.31506,0.24981,0.20463,0.18996,0.18996,0.18996,0.18996,0.18996,0.18996,0.19498,0.19961,0.20463,0.20965,0.21969,0.22471,0.23977,0.25985,0.27992,0.3,0.31969,0.34479,0.35985,0.3749,0.37992,0.3749,0.36988,0.35483,0.34479,0.32973,0.31506,0.3,0.28494,0.2749,0.26486,0.25985,0.24981,0.24981,0.24479,0.24479,0.24479,0.24479,0.24479,0.24479,0.24479,0.24981,0.25985,0.26486,0.26988,0.2749,0.28494,0.28996,0.29498,0.30502,0.31004,0.31004,0.31004,0.31004,0.31506,0.31506,0.32471,0.33475,0.33977,0.33475,0.32471,0.31004,0.3,0.28996,0.27992,0.27992,0.27992,0.28494,0.28494,0.2749,0.2749,0.2749,0.27992,0.28494,0.28996,0.33977,0.48494,0.74517,0.94517,0.85521,0.61004,0.45483,0.36486,0.28494,0.23977,0.21467,0.20965,0.20965,0.20965,0.21467,0.21969,0.21969,0.22471,0.22973,0.23977,0.24479,0.25483,0.25985,0.26988,0.28494,0.31004,0.33475,0.35483,0.3749,0.38494,0.38494,0.37992,0.3749,0.36486,0.35483,0.33475,0.31969,0.30502,0.28996,0.27992,0.26988,0.26486,0.25985,0.25985,0.25483,0.25483,0.25483,0.25985,0.25483,0.25483,0.25985,0.25985,0.26486,0.26486,0.26486,0.26988,0.27992,0.28494,0.28996,0.29498,0.3,0.3,0.3,0.30502,0.30502,0.3,0.31004,0.31506,0.32471,0.32973,0.31506,0.3,0.28996,0.2749,0.26486,0.26486,0.26486,0.26988,0.26486,0.26486,0.25985,0.26486,0.26486,0.26988,0.26988,0.31004,0.43012,0.67027,0.90039,0.93514,0.64015,0.45985,0.36988,0.29498,0.24479,0.21467,0.20463,0.19961,0.19961,0.20463,0.20463,0.20965,0.21467,0.22471,0.22973,0.23475,0.24479,0.24981,0.25985,0.2749,0.3,0.31969,0.34479,0.35985,0.3749,0.37992,0.38494,0.37992,0.36988,0.35985,0.34479,0.32471,0.30502,0.28996,0.27992,0.26988,0.25985,0.25483,0.24981,0.24479,0.24479,0.24479,0.24479,0.24479,0.24479,0.24479,0.24479,0.24981,0.24981,0.25985,0.26486,0.26988,0.27992,0.28996,0.28996,0.29498,0.29498,0.29498,0.3,0.3,0.30502,0.31004,0.31969,0.32973,0.32471,0.31506,0.30502,0.28996,0.27992,0.26988,0.26486,0.26486,0.26486,0.26486,0.25985,0.25483,0.25483,0.26486,0.26486,0.26486,0.3,0.4251,0.67529,0.90039,0.92548,0.6251,0.44981,0.36486,0.28494,0.22973,0.19961,0.19498,0.19498,0.19498,0.19498,0.19961,0.20463,0.20463,0.20965,0.21969,0.22471,0.23475,0.24479,0.25483,0.26486,0.28494,0.31004,0.33475,0.35483,0.36988,0.36988,0.3749,0.36988,0.35483,0.33977,0.32973,0.31004,0.29498,0.28494,0.26988,0.25483,0.24479,0.23977,0.23977,0.23977,0.23977,0.23977,0.23977,0.23977,0.23977,0.23977,0.24479,0.24479,0.24981,0.25483,0.25985,0.26486,0.26988,0.2749,0.27992,0.28494,0.28494,0.28494,0.28494,0.28996,0.28996,0.29498,0.30502,0.31506,0.31506,0.30502,0.28996,0.27992,0.26486,0.25985,0.25483,0.25483,0.25985,0.25985,0.24981,0.24479,0.24981,0.25483,0.25985,0.25985,0.28996,0.41004,0.64517,0.88533,0.92046,0.62008,0.43977,0.35483,0.27992,0.22471,0.19498,0.17992,0.17992,0.18494,0.18494,0.18494,0.19498,0.19961,0.20463,0.20463,0.21467,0.22471,0.23475,0.24981,0.26486,0.28494,0.30502,0.32973,0.34981,0.36486,0.36988,0.36988,0.36486,0.35483,0.33977,0.32471,0.31004,0.28996,0.2749,0.26486,0.25985,0.25483,0.24981,0.23977,0.23977,0.23977,0.23977,0.23475,0.23475,0.23475,0.23977,0.23977,0.24479,0.24981,0.24981,0.25985,0.26486,0.2749,0.27992,0.28494,0.28996,0.29498,0.29498,0.3,0.3,0.3,0.30502,0.31506,0.32973,0.32973,0.31506,0.30502,0.29498,0.28996,0.28494,0.27992,0.2749,0.2749,0.2749,0.26988,0.26988,0.26988,0.2749,0.2749,0.2749,0.31004,0.41506,0.63514,0.88031,0.93514,0.68996,0.49498,0.39498,0.31506,0.24981,0.21969,0.20965,0.20965,0.20463,0.20965,0.20965,0.21467,0.21969,0.22471,0.22973,0.23977,0.24479,0.25483,0.26486,0.27992,0.3,0.31969,0.34479,0.36486,0.3749,0.37992,0.38494,0.37992,0.3749,0.35985,0.34479,0.32471,0.30502,0.28996,0.27992,0.2749,0.26988,0.25985,0.25483,0.25483,0.25483,0.24981,0.24981,0.24981,0.24981,0.24981,0.24981,0.25483,0.25985,0.26486,0.26988,0.2749,0.28494,0.28996,0.29498,0.29498,0.29498,0.29498,0.3,0.29498,0.29498,0.3,0.31004,0.32471,0.32973,0.32471,0.30502,0.28996,0.28494,0.2749,0.26486,0.25985,0.26486,0.26486,0.26988,0.25985,0.25985,0.25985,0.26486,0.26988,0.26988,0.33475,0.50502,0.78031,0.93012,0.79035,0.54517,0.41004,0.32973,0.25985,0.21467,0.19961,0.19498,0.19498,0.19498,0.19961,0.20463,0.20463,0.20463,0.21467,0.21969,0.22973,0.24479,0.25985,0.26988,0.28494,0.30502,0.32973,0.34981,0.36988,0.37992,0.38494,0.38494,0.3749,0.35985,0.34479,0.32471,0.31004,0.29498,0.28494,0.26988,0.25985,0.24981,0.24479,0.24479,0.24479,0.24479,0.23977,0.23977,0.23977,0.23977,0.24479,0.24479,0.24479,0.24981,0.25483,0.25985,0.26486,0.26988,0.28494,0.28996,0.29498,0.29498,0.29498,0.29498,0.29498,0.3,0.30502,0.31506,0.32471,0.32973,0.31004,0.29498,0.28494,0.26988,0.26486,0.26486,0.26486,0.26486,0.25985,0.25483,0.25483,0.25985,0.25985,0.25985,0.26486,0.31969,0.4749,0.74015,0.92046,0.80039,0.55019,0.41004,0.33475,0.26486,0.21969,0.19498,0.18996,0.18494,0.18494,0.18494,0.18494,0.19498,0.19961,0.20463,0.20965,0.21969,0.22973,0.23977,0.25483,0.26486,0.28494,0.31004,0.32973,0.34981,0.36988,0.36988,0.36988,0.35985,0.34981,0.33977,0.32471,0.30502,0.28494,0.2749,0.25985,0.24981,0.24479,0.23977,0.23977,0.23977,0.23475,0.22973,0.22973,0.22973,0.22973,0.22973,0.22973,0.23977,0.24479,0.24479,0.24981,0.25483,0.26486,0.26988,0.26988,0.2749,0.27992,0.27992,0.2749,0.2749,0.27992,0.28996,0.3,0.31004,0.30502,0.28996,0.27992,0.26988,0.26486,0.24981,0.24479,0.24981,0.24981,0.24981,0.24479,0.24479,0.24479,0.24981,0.24981,0.24981,0.29498,0.43012,0.67529,0.88533,0.89035,0.5749,0.41506,0.33977,0.26486,0.21969,0.19498,0.18494,0.18494,0.18494,0.18996,0.19498,0.19961,0.19961,0.20463,0.21467,0.21969,0.22973,0.24479,0.25483,0.26988,0.28996,0.31004,0.33475,0.35483,0.36988,0.3749,0.3749,0.36988,0.35985,0.34981,0.33475,0.31969,0.30502,0.28996,0.27992,0.26988,0.26486,0.25985,0.25483,0.25483,0.25483,0.24981,0.24981,0.24981,0.25483,0.25985,0.25985,0.26486,0.26988,0.2749,0.28494,0.28996,0.29498,0.30502,0.31004,0.31506,0.32471,0.32471,0.32471,0.32471,0.32471,0.32471,0.33475,0.34981,0.35483,0.33977,0.32471,0.31004,0.3,0.28996,0.28494,0.28494,0.28494,0.28996,0.28494,0.27992,0.27992,0.27992,0.27992,0.27992,0.28996,0.3749,0.5749,0.84015,0.93514,0.73514,0.50502,0.39498,0.31506,0.24981,0.21969,0.20965,0.20463,0.20463,0.20463,0.20965,0.20965,0.21969,0.22471,0.22471,0.22471,0.23475,0.24479,0.25985,0.26988,0.28996,0.31004,0.32973,0.34981,0.36486,0.37992,0.37992,0.38494,0.36988,0.35483,0.33977,0.32471,0.30502,0.28996,0.27992,0.26988,0.25985,0.24981,0.24981,0.24479,0.23977,0.23977,0.24479,0.24479,0.24479,0.24479,0.24479,0.24981,0.25483,0.25985,0.26486,0.26988,0.2749,0.28494,0.28996,0.28996,0.29498,0.29498,0.29498,0.29498,0.29498,0.29498,0.30502,0.31969,0.32471,0.32973,0.31004,0.3,0.28996,0.2749,0.26988,0.26486,0.26486,0.26486,0.26486,0.25985,0.25985,0.25985,0.26486,0.26486,0.2749,0.33475,0.5,0.76525,0.93012,0.79537,0.54517,0.41004,0.33475,0.26486,0.21969,0.19961,0.19498,0.19498,0.19961,0.20463,0.20965,0.20965,0.21969,0.22471,0.22973,0.23977,0.24981,0.26486,0.2749,0.28996,0.31004,0.32973,0.35483,0.3749,0.38494,0.38494,0.38494,0.3749,0.36486,0.34981,0.33475,0.31969,0.30502,0.28494,0.26988,0.26486,0.25985,0.25483,0.24981,0.24479,0.23977,0.23977,0.23977,0.23977,0.23977,0.24479,0.24479,0.24981,0.25985,0.26486,0.26988,0.2749,0.28494,0.28996,0.28996,0.29498,0.3,0.3,0.3,0.30502,0.30502,0.31506,0.32471,0.32973,0.32471,0.31004,0.29498,0.28494,0.26988,0.25985,0.25985,0.26486,0.26486,0.26486,0.25483,0.24981,0.24981,0.25483,0.25985,0.25985,0.31004,0.45985,0.71506,0.91544,0.8251,0.5749,0.42008,0.33977,0.26486,0.21969,0.19961,0.18996,0.18996,0.18996,0.18996,0.19498,0.19961,0.19961,0.20463,0.20965,0.21969,0.22973,0.24479,0.26486,0.27992,0.3,0.31969,0.33475,0.35483,0.36486,0.36988,0.36988,0.35985,0.34981,0.33977,0.32471,0.30502,0.28996,0.27992,0.26486,0.25483,0.24981,0.24479,0.24479,0.23977,0.23475,0.23475,0.23977,0.23475,0.23475,0.23475,0.23475,0.23977,0.24479,0.25483,0.25985,0.26486,0.2749,0.27992,0.28494,0.28494,0.28996,0.28996,0.28996,0.28996,0.28996,0.29498,0.30502,0.31004,0.31506,0.3,0.28494,0.2749,0.26486,0.25985,0.25985,0.25985,0.25985,0.24981,0.24981,0.24981,0.25483,0.25483,0.25483,0.24981,0.27992,0.41004,0.66023,0.89035,0.91042,0.6,0.43012,0.34981,0.26486,0.19961,0.15985,0.14981,0.15483,0.15483,0.15483,0.15985,0.16988,0.1749,0.17992,0.19498,0.19961,0.20965,0.21969,0.23475,0.24981,0.26486,0.28494,0.31004,0.32973,0.34479,0.35483,0.35985,0.34981,0.33977,0.32973,0.31506,0.30502,0.28494,0.26988,0.26486,0.25483,0.24479,0.23977,0.22973,0.22973,0.22973,0.22973,0.23475,0.23475,0.23475,0.23977,0.24479,0.24479,0.24981,0.25985,0.26988,0.27992,0.28494,0.28996,0.29498,0.30502,0.30502,0.30502,0.31004,0.31004,0.31004,0.31506,0.32471,0.33475,0.33977,0.32973,0.31506,0.30502,0.28996,0.27992,0.2749,0.27992,0.28494,0.28494,0.2749,0.26988,0.26988,0.26988,0.2749,0.2749,0.29498,0.38494,0.58996,0.85019,0.92548,0.72008,0.51004,0.40502,0.31969,0.25483,0.21969,0.20965,0.20965,0.20965,0.20965,0.20965,0.21467,0.21969,0.21969,0.22471,0.22973,0.23977,0.24981,0.26486,0.27992,0.3,0.31969,0.34479,0.36486,0.37992,0.38494,0.38494,0.38494,0.3749,0.35985,0.34479,0.32973,0.31004,0.29498,0.27992,0.26988,0.26486,0.25985,0.25483,0.24981,0.24981,0.24981,0.24981,0.24479,0.24479,0.24981,0.24981,0.25985,0.25985,0.26486,0.26988,0.2749,0.28494,0.28996,0.29498,0.29498,0.3,0.3,0.3,0.3,0.30502,0.31004,0.31969,0.32973,0.32973,0.31969,0.30502,0.29498,0.28494,0.2749,0.26988,0.26486,0.26988,0.26988,0.26988,0.25985,0.25985,0.25985,0.26486,0.26486,0.28494,0.3749,0.58494,0.85019,0.92046,0.7,0.48996,0.38494,0.30502,0.24479,0.21467,0.19961,0.19961,0.19961,0.19961,0.19961,0.20463,0.20965,0.21467,0.21969,0.22471,0.22973,0.24479,0.24981,0.26486,0.28494,0.30502,0.32973,0.34981,0.36988,0.3749,0.37992,0.3749,0.36486,0.35483,0.33475,0.31969,0.30502,0.28996,0.2749,0.26486,0.25985,0.24981,0.24981,0.24479,0.24479,0.24479,0.24479,0.23977,0.23977,0.23977,0.24479,0.24479,0.24981,0.24981,0.25985,0.26486,0.26988,0.2749,0.28494,0.28494,0.28996,0.29498,0.29498,0.29498,0.29498,0.3,0.31004,0.31506,0.32471,0.31004,0.3,0.28996,0.2749,0.26486,0.25985,0.25985,0.26486,0.25985,0.25483,0.24981,0.24981,0.24981,0.25483,0.25985,0.2749,0.35483,0.56023,0.8251,0.91544,0.71506,0.48996,0.38494,0.31004,0.23977,0.19961,0.18494,0.17992,0.17992,0.18494,0.18996,0.19498,0.19961,0.19961,0.20965,0.21467,0.21969,0.22973,0.23977,0.25985,0.2749,0.29498,0.31506,0.33475,0.35483,0.35985,0.36486,0.36988,0.34981,0.33475,0.32471,0.30502,0.28494,0.26988,0.25985,0.24981,0.24479,0.23977,0.23475,0.22973,0.22973,0.22973,0.22471,0.22471,0.22973,0.22973,0.22973,0.23977,0.23977,0.24479,0.24981,0.24981,0.25985,0.26486,0.26988,0.26988,0.2749,0.27992,0.28494,0.28494,0.28494,0.28996,0.3,0.31004,0.31004,0.30502,0.28996,0.27992,0.26988,0.25985,0.25985,0.25985,0.25985,0.25985,0.25985,0.24981,0.24981,0.24981,0.25483,0.25985,0.27992,0.36486,0.56486,0.8251,0.89537,0.68996,0.48996,0.39498,0.31506,0.24479,0.20463,0.19498,0.19498,0.19498,0.19961,0.20463,0.20463,0.20965,0.21969,0.22973,0.22973,0.23977,0.25483,0.26486,0.27992,0.3,0.32471,0.34479,0.36486,0.37992,0.38996,0.39498,0.38996,0.37992,0.36988,0.35483,0.33977,0.32973,0.31506,0.3,0.28996,0.28494,0.2749,0.26988,0.26486,0.26486,0.26486,0.26486,0.26486,0.26486,0.26486,0.26486,0.26486,0.26988,0.2749,0.28996,0.29498,0.30502,0.31004,0.31004,0.31506,0.31969,0.31506,0.31506,0.31506,0.31506,0.31506,0.32471,0.32973,0.33475,0.33475,0.32471,0.31004,0.30502,0.28996,0.28494,0.2749,0.2749,0.27992,0.2749,0.26988,0.26486,0.26988,0.26988,0.2749,0.2749,0.3,0.40502,0.63514,0.88533,0.93012,0.66525,0.46486,0.36988,0.29498,0.23475,0.20463,0.19498,0.19498,0.19498,0.19961,0.20463,0.20965,0.21467,0.21969,0.22471,0.22973,0.24479,0.24981,0.26486,0.27992,0.29498,0.31969,0.33475,0.35483,0.3749,0.37992,0.37992,0.3749,0.36486,0.35483,0.33475,0.31969,0.30502,0.28996,0.2749,0.26988,0.25985,0.24981,0.24981,0.24981,0.24479,0.24479,0.24479,0.24479,0.23977,0.23977,0.24479,0.24981,0.25483,0.25483,0.25985,0.26486,0.26988,0.2749,0.28494,0.28494,0.28996,0.28996,0.28996,0.29498,0.29498,0.3,0.31004,0.31969,0.32471,0.31506,0.29498,0.28494,0.2749,0.26486,0.26486,0.26486,0.26988,0.26486,0.25985,0.25483,0.25483,0.26486,0.26486,0.26486,0.29498,0.40502,0.63514,0.88533,0.92548,0.64517,0.45483,0.36988,0.29498,0.23475,0.20463,0.19498,0.19498,0.19498,0.19498,0.19498,0.19498,0.20463,0.20965,0.21969,0.22973,0.23977,0.24479,0.25985,0.2749,0.29498,0.31506,0.33475,0.35483,0.36988,0.37992,0.37992,0.3749,0.36486,0.34981,0.33475,0.31506,0.29498,0.28494,0.26988,0.26486,0.25483,0.24479,0.23977,0.23977,0.24479,0.24479,0.24479,0.24479,0.24479,0.24479,0.24479,0.24479,0.24981,0.25985,0.26486,0.2749,0.28494,0.28996,0.28996,0.29498,0.3,0.3,0.3,0.3,0.3,0.30502,0.31506,0.32471,0.32471,0.31004,0.29498,0.28996,0.2749,0.26988,0.26486,0.26486,0.25985,0.25985,0.25985,0.24981,0.24981,0.24981,0.25985,0.25985,0.27992,0.37992,0.6,0.85521,0.92046,0.68494,0.4749,0.3749,0.3,0.24479,0.20965,0.19961,0.19498,0.19961,0.19961,0.20463,0.20463,0.20965,0.21467,0.21969,0.22471,0.23977,0.24981,0.25985,0.26988,0.28996,0.31004,0.33475,0.35483,0.3749,0.37992,0.37992,0.37992,0.36988,0.35483,0.33977,0.32471,0.30502,0.28996,0.2749,0.26486,0.25985,0.24981,0.24981,0.24479,0.24479,0.24479,0.24479,0.24479,0.24479,0.24479,0.24479,0.24479,0.24981,0.25483,0.25985,0.26486,0.26988,0.2749,0.28494,0.28996,0.28996,0.28996,0.28996,0.28996,0.28996,0.28996,0.3,0.31004,0.31506,0.30502,0.28996,0.28494,0.26988,0.25985,0.25483,0.24981,0.25483,0.25985,0.25483,0.24479,0.24479,0.24479,0.24981,0.24981,0.25985,0.31969,0.5,0.76525,0.91544,0.75521,0.51004,0.38996,0.31969,0.24479,0.20463,0.18996,0.18494,0.18494,0.18996,0.19498,0.19961,0.20463,0.20463,0.20463,0.21467,0.22471,0.23977,0.24981,0.25985,0.27992,0.3,0.31969,0.33977,0.35985,0.36988,0.3749,0.3749,0.36486,0.35483,0.33977,0.32471,0.30502,0.28996,0.27992,0.26988,0.25985,0.25483,0.24981,0.24981,0.24479,0.24479,0.24479,0.24479,0.24479,0.24981,0.24981,0.24981,0.25985,0.26486,0.2749,0.28494,0.28996,0.3,0.30502,0.31004,0.31506,0.31969,0.31506,0.31506,0.31506,0.31506,0.31969,0.32973,0.33977,0.33977,0.32973,0.31506,0.31004,0.3,0.28996,0.28494,0.28494,0.28494,0.28494,0.27992,0.26988,0.26988,0.2749,0.2749,0.27992,0.31004,0.42008,0.65019,0.89537,0.93514,0.67027,0.48494,0.38996,0.31004,0.24981,0.21969,0.20965,0.20965,0.20965,0.20965,0.20965,0.21467,0.22471,0.22973,0.23475,0.23977,0.24479,0.25985,0.26988,0.28494,0.30502,0.32471,0.34479,0.35985,0.3749,0.38494,0.38494,0.37992,0.36988,0.35483,0.33977,0.32471,0.30502,0.28996,0.27992,0.26988,0.25985,0.25985,0.25483,0.25483,0.24981,0.24981,0.24981,0.24981,0.24981,0.24981,0.24981,0.25985,0.25985,0.26486,0.26988,0.2749,0.28494,0.28996,0.28996,0.29498,0.29498,0.29498,0.29498,0.29498,0.29498,0.3,0.31004,0.32471,0.32973,0.31506,0.30502,0.28996,0.27992,0.26988,0.26486,0.26486,0.26486,0.26486,0.26486,0.25985,0.25483,0.25985,0.25985,0.26486,0.28494,0.36988,0.56988,0.83012,0.91042,0.71004,0.48494,0.38494,0.31506,0.24981,0.20965,0.19498,0.19498,0.19498,0.19498,0.19961,0.20463,0.20965,0.20965,0.21969,0.22471,0.22973,0.24479,0.25483,0.26988,0.28996,0.31004,0.32973,0.34981,0.36988,0.3749,0.37992,0.3749,0.36988,0.35483,0.33977,0.32471,0.30502,0.28996,0.2749,0.26486,0.25985,0.24981,0.24479,0.24479,0.24479,0.23977,0.23977,0.23977,0.23977,0.23977,0.23977,0.24479,0.24981,0.25483,0.26486,0.26988,0.2749,0.28494,0.28996,0.29498,0.29498,0.29498,0.29498,0.29498,0.29498,0.29498,0.30502,0.31506,0.32471,0.31506,0.3,0.28996,0.27992,0.26988,0.25985,0.25483,0.25985,0.25985,0.25483,0.24981,0.24981,0.25483,0.25985,0.25985,0.25985,0.31969,0.48494,0.75521,0.92046,0.79035,0.54517,0.41004,0.32973,0.25985,0.21467,0.19498,0.18494,0.18494,0.18494,0.18996,0.19498,0.19498,0.19961,0.20965,0.21467,0.21969,0.22471,0.23977,0.25483,0.26988,0.28996,0.31506,0.33475,0.34981,0.35985,0.36486,0.35985,0.35483,0.33977,0.32973,0.31004,0.28996,0.2749,0.26486,0.24981,0.24479,0.23475,0.22973,0.22973,0.22973,0.22471,0.22471,0.22471,0.22471,0.22973,0.22471,0.22471,0.22973,0.23977,0.24479,0.24981,0.25985,0.26486,0.26486,0.26988,0.2749,0.2749,0.2749,0.2749,0.2749,0.26988,0.2749,0.28996,0.29498,0.3,0.28996,0.27992,0.26988,0.25985,0.24981,0.24479,0.24981,0.24981,0.24981,0.24479,0.24479,0.24479,0.24981,0.24981,0.24981,0.2749,0.37992,0.6,0.84517,0.89537,0.65521,0.46486,0.37992,0.3,0.23475,0.20463,0.19498,0.19498,0.19498,0.19961,0.20463,0.20463,0.20965,0.21467,0.22471,0.22973,0.23977,0.24981,0.26486,0.28494,0.30502,0.32471,0.34981,0.36988,0.37992,0.38494,0.38996,0.38494,0.3749,0.36486,0.34981,0.33475,0.31506,0.30502,0.29498,0.28494,0.2749,0.26988,0.26486,0.26486,0.26486,0.26486,0.26486,0.25985,0.25985,0.25985,0.26486,0.26486,0.26988,0.2749,0.28494,0.28996,0.29498,0.30502,0.30502,0.31004,0.31506,0.31506,0.31506,0.31004,0.31506,0.31004,0.31004,0.31969,0.32973,0.33475,0.32973,0.31004,0.3,0.28996,0.27992,0.2749,0.26988,0.26988,0.26988,0.26988,0.26486,0.25985,0.26486,0.2749,0.2749,0.27992,0.33475,0.49498,0.76023,0.93012,0.80502,0.55521,0.41506,0.33475,0.26988,0.22973,0.20463,0.19961,0.19961,0.19961,0.20463,0.20463,0.20965,0.20965,0.21467,0.22471,0.23475,0.23977,0.24981,0.26486,0.28494,0.30502,0.32973,0.34981,0.36988,0.37992,0.38494,0.37992,0.36988,0.35985,0.34981,0.33475,0.31506,0.30502,0.28996,0.2749,0.26486,0.25985,0.24981,0.24981,0.24981,0.24981,0.24981,0.24981,0.24479,0.24479,0.24479,0.24981,0.25483,0.25985,0.25985,0.26486,0.2749,0.27992,0.28494,0.28996,0.28996,0.29498,0.29498,0.29498,0.29498,0.29498,0.3,0.31004,0.31969,0.32471,0.31506,0.29498,0.28494,0.2749,0.26486,0.25985,0.25985,0.25985,0.26486,0.26486,0.25985,0.25985,0.25985,0.25985,0.26486,0.27992,0.36988,0.56988,0.84015,0.91544,0.71506,0.48996,0.38996,0.31506,0.24981,0.20463,0.18996,0.18494,0.18494,0.18494,0.18996,0.19498,0.19961,0.20463,0.20965,0.21969,0.22471,0.23977,0.25483,0.26486,0.28494,0.30502,0.32973,0.34981,0.36486,0.3749,0.37992,0.38494,0.36988,0.35483,0.33977,0.32471,0.30502,0.28494,0.2749,0.26486,0.25985,0.24981,0.24479,0.24479,0.23977,0.23977,0.23977,0.23977,0.24479,0.24479,0.24479,0.24981,0.24981,0.25985,0.25985,0.26988,0.27992,0.28494,0.28996,0.29498,0.29498,0.3,0.29498,0.29498,0.29498,0.29498,0.30502,0.31506,0.32471,0.31969,0.30502,0.28996,0.28494,0.26988,0.25985,0.25483,0.25483,0.25985,0.25985,0.24479,0.23977,0.23977,0.24479,0.24981,0.25985,0.28996,0.41004,0.64517,0.87529,0.91042,0.62008,0.43514,0.35483,0.27992,0.22471,0.19498,0.18494,0.17992,0.17992,0.17992,0.17992,0.18996,0.19498,0.19961,0.20463,0.21969,0.22471,0.23977,0.24981,0.26486,0.28494,0.30502,0.32973,0.34981,0.35985,0.36988,0.36988,0.35985,0.34981,0.33475,0.31969,0.30502,0.28494,0.26988,0.25985,0.24981,0.24479,0.23977,0.23475,0.23475,0.23475,0.23475,0.22973,0.22973,0.22973,0.22973,0.23475,0.23977,0.24479,0.24981,0.25985,0.26486,0.26486,0.26988,0.2749,0.28494,0.28996,0.28996,0.28996,0.28494,0.28494,0.28494,0.29498,0.30502,0.31506,0.31506,0.30502,0.29498,0.28494,0.26988,0.26486,0.26486,0.26486,0.26486,0.26486,0.25985,0.25985,0.25985,0.26486,0.26988,0.27992,0.32973,0.48494,0.74015,0.92046,0.81506,0.5749,0.43514,0.35985,0.27992,0.23977,0.21969,0.20965,0.20965,0.20965,0.21467,0.21969,0.22471,0.22973,0.23475,0.23977,0.24479,0.25985,0.2749,0.28996,0.30502,0.32471,0.34479,0.36486,0.37992,0.39498,0.4,0.39498,0.38494,0.3749,0.35985,0.34479,0.32471,0.31004,0.29498,0.28494,0.2749,0.2749,0.26988,0.26486,0.25985,0.25985,0.25985,0.25985,0.25985,0.26486,0.26486,0.25985,0.26486,0.26988,0.2749,0.28494,0.28996,0.29498,0.30502,0.31004,0.31004,0.31004,0.31004,0.31004,0.31004,0.30502,0.30502,0.30502,0.31506,0.31969,0.32973,0.32471,0.31004,0.29498,0.28494,0.2749,0.26486,0.26486,0.26486,0.26486,0.26486,0.25985,0.25985,0.25985,0.25985,0.25985,0.27992,0.36486,0.56486,0.83012,0.92548,0.73012,0.5,0.38996,0.31506,0.24981,0.20965,0.19961,0.19498,0.19498,0.19498,0.19961,0.19961,0.20965,0.21467,0.21969,0.22471,0.22973,0.23977,0.25483,0.26988,0.28494,0.31004,0.33475,0.35483,0.3749,0.37992,0.37992,0.3749,0.36486,0.35483,0.33977,0.32471,0.30502,0.28996,0.2749,0.26988,0.25985,0.25483,0.24981,0.24479,0.24479,0.23977,0.23977,0.23977,0.23977,0.24479,0.28996,0.36988,0.56988,0.83012,0.91042,0.71506,0.50502,0.40502,0.31969,0.24981,0.21467,0.20463,0.19961,0.19961,0.19961,0.19961,0.20463,0.20463,0.20965,0.21467,0.21969,0.22471,0.23977,0.24981,0.26486,0.28494,0.3,0.31969,0.33475,0.34981,0.35483,0.35985,0.35985,0.34981,0.33475,0.31969,0.3,0.28494,0.26486,0.25483,0.24981,0.24479,0.23977,0.23977,0.23977,0.23475,0.23475,0.23475,0.23977,0.23977,0.23977,0.23977,0.24479,0.24981,0.24981,0.25483,0.25985,0.26486,0.26988,0.26988,0.26988,0.26988,0.2749,0.26988,0.26486,0.26486,0.26486,0.26486,0.26486,0.25985,0.25985,0.25483,0.25483,0.25483,0.25985,0.25985,0.25985,0.26486,0.27992,0.29498,0.3,0.29498,0.28494,0.2749,0.26988,0.25483,0.24981,0.24981,0.25483,0.24981,0.24981,0.24981,0.24981,0.24981,0.24981,0.25985,0.3,0.44479,0.7,0.90039,0.90541,0.57992,0.4251,0.34479,0.2749,0.22471,0.19961,0.19498,0.19498,0.19498,0.19961,0.20463,0.20965,0.21467,0.21969,0.22471,0.23475,0.24479,0.24981,0.26486,0.27992,0.3,0.31969,0.34479,0.36486,0.37992,0.38996,0.39498,0.38996,0.37992,0.36988,0.35985,0.33977,0.32471,0.31004,0.29498,0.28494,0.2749,0.26988,0.26988,0.26988,0.26486,0.26486,0.26486,0.26486,0.2749,0.29498,0.33475,0.36988,0.4,0.43977,0.51506,0.60502,0.68031,0.72008,0.69498,0.61004,0.5251,0.48494,0.45985,0.43012,0.37992,0.31506,0.23475,0.16988,0.15483,0.15483,0.15985,0.16486,0.15483,0.14981,0.14479,0.13977,0.13977,0.14479,0.15483,0.16486,0.17992,0.19498,0.21467,0.23977,0.26988,0.28996,0.31004,0.32471,0.33475,0.33977,0.33977,0.33475,0.32471,0.31004,0.3,0.28996,0.28494,0.2749,0.2749,0.26988,0.26988,0.26988,0.26988,0.26988,0.2749,0.2749,0.2749,0.2749,0.26988,0.26988,0.26988,0.26486,0.26486,0.25985,0.26486,0.26486,0.26486,0.26486,0.25985,0.25985,0.26486,0.25985,0.25985,0.25985,0.25985,0.25985,0.26486,0.26486,0.26486,0.26486,0.26486,0.26486,0.26486,0.26486,0.26486,0.26486,0.26988,0.26988,0.26988,0.26988,0.26988,0.26988,0.26988,0.26988,0.2749,0.2749,0.2749,0.2749,0.2749,0.27992,0.2749,0.2749,0.2749,0.28494,0.28996,0.3,0.31004,0.31969,0.32471,0.31004,0.30502,0.29498,0.28494,0.2749,0.2749,0.2749,0.27992,0.2749,0.2749,0.26988,0.26988,0.2749,0.27992,0.31506,0.43514,0.66525,0.90039,0.93514,0.63514,0.44981,0.36486,0.3,0.24981,0.21969,0.20965,0.20463,0.20463,0.20463,0.20965,0.21467,0.21969,0.21969,0.22973,0.23977,0.24479,0.24981,0.26486,0.27992,0.29498,0.31004,0.32973,0.34981,0.36486,0.37992,0.38494,0.38494,0.3749,0.36486,0.35483,0.33977,0.32471,0.31506,0.30502,0.29498,0.28494,0.2749,0.26988,0.26486,0.25985,0.25985,0.25483,0.24981,0.24981,0.25483,0.25985,0.26486,0.26486,0.26988,0.27992,0.28494,0.28996,0.30502,0.31004,0.31506,0.31506,0.31506,0.31506,0.31004,0.30502,0.30502,0.30502,0.3,0.30502,0.31004,0.31969,0.31969,0.30502,0.28996,0.2749,0.26486,0.25985,0.24981,0.24981,0.24981,0.24981,0.24479,0.24479,0.24479,0.24479,0.24981,0.24981,0.28494,0.42008,0.66525,0.88533,0.90039,0.57992,0.41004,0.32973,0.25483,0.20463,0.17992,0.16988,0.16988,0.1749,0.1749,0.17992,0.18996,0.19498,0.19498,0.19961,0.20965,0.21969,0.22471,0.23977,0.25985,0.2749,0.29498,0.31506,0.33475,0.34479,0.34981,0.34981,0.33977,0.32973,0.31969,0.31004,0.28996,0.2749,0.26486,0.25483,0.24479,0.23977,0.23475,0.23475,0.23475,0.22973,0.22973,0.22973,0.22973,0.22973,0.23475,0.23977,0.23977,0.24981,0.25985,0.26486,0.26988,0.2749,0.28494,0.28494,0.28996,0.28494,0.28494,0.28494,0.28494,0.28494,0.28494,0.28996,0.30502,0.31506,0.31506,0.30502,0.29498,0.28494,0.2749,0.26486,0.26486,0.26486,0.26988,0.26988,0.26486,0.26486,0.26988,0.26988,0.26988,0.28494,0.33977,0.50502,0.76525,0.93012,0.80502,0.56023,0.4251,0.34981,0.27992,0.23977,0.21969,0.21467,0.21467,0.21467,0.21969,0.21969,0.22471,0.22973,0.22973,0.23977,0.24479,0.25483,0.26486,0.28494,0.3,0.31969,0.33977,0.36486,0.37992,0.39498,0.4,0.39498,0.38494,0.3749,0.35483,0.33977,0.32471,0.31004,0.29498,0.28494,0.2749,0.26988,0.26486,0.25985,0.25483,0.25483,0.25483,0.25483,0.25985,0.25985,0.25985,0.25985,0.26486,0.26988,0.26988,0.27992,0.28494,0.29498,0.3,0.30502,0.30502,0.30502,0.30502,0.30502,0.3,0.29498,0.29498,0.30502,0.31004,0.31969,0.32471,0.31004,0.29498,0.28494,0.2749,0.25985,0.25985,0.25985,0.25985,0.26486,0.25985,0.25483,0.25985,0.25985,0.26486,0.25985,0.3,0.43012,0.67529,0.90039,0.92548,0.61506,0.43977,0.35483,0.27992,0.22471,0.19498,0.18494,0.18494,0.18494,0.18494,0.19498,0.19498,0.19961,0.20463,0.21467,0.21969,0.22973,0.23977,0.24981,0.26486,0.27992,0.30502,0.32471,0.34479,0.35985,0.36486,0.36988,0.35985,0.34479,0.32973,0.31506,0.29498,0.27992,0.26486,0.25483,0.24479,0.23977,0.23475,0.22973,0.22973,0.22973,0.22471,0.22471,0.22471,0.22973,0.22973,0.23475,0.23977,0.24479,0.24981,0.25483,0.25985,0.26486,0.26988,0.2749,0.27992,0.28494,0.28494,0.28494,0.28494,0.28494,0.28494,0.29498,0.30502,0.31506,0.31004,0.29498,0.27992,0.26988,0.26486,0.25985,0.25985,0.25985,0.25985,0.25483,0.24981,0.24981,0.25483,0.25985,0.26486,0.2749,0.34479,0.5251,0.79537,0.93012,0.76525,0.52008,0.40502,0.32973,0.26486,0.21969,0.19961,0.19498,0.19498,0.19498,0.19498,0.19961,0.20463,0.20965,0.22471,0.22973,0.23977,0.24479,0.24981,0.26486,0.28494,0.30502,0.32471,0.34981,0.36988,0.3749,0.37992,0.37992,0.36988,0.35985,0.34479,0.32471,0.30502,0.28996,0.2749,0.26486,0.25985,0.24981,0.23977,0.23475,0.23475,0.23475,0.22973,0.22973,0.22973,0.23475,0.23977,0.24479,0.24981,0.24981,0.25483,0.26486,0.26988,0.26988,0.2749,0.28494,0.28996,0.29498,0.29498,0.28996,0.28996,0.28494,0.28996,0.30502,0.31004,0.31506,0.31004,0.29498,0.28494,0.26988,0.25985,0.25985,0.25985,0.25985,0.25985,0.25985,0.25483,0.25483,0.25985,0.25985,0.25985,0.28494,0.3749,0.58494,0.84015,0.90541,0.68031,0.4749,0.38494,0.30502,0.24479,0.20463,0.19498,0.19498,0.19498,0.19961,0.19961,0.20463,0.21467,0.21969,0.22471,0.22973,0.24479,0.24981,0.26486,0.28494,0.30502,0.32471,0.34479,0.36486,0.37992,0.38494,0.38494,0.37992,0.3749,0.36486,0.34981,0.33475,0.32471,0.30502,0.29498,0.28996,0.27992,0.2749,0.2749,0.26988,0.26988,0.26486,0.26486,0.25985,0.26486,0.26486,0.26988,0.26988,0.26988,0.27992,0.28996,0.29498,0.3,0.30502,0.31004,0.31004,0.31004,0.31004,0.31004,0.31004,0.31004,0.31004,0.31004,0.31969,0.32973,0.33475,0.33977,0.32471,0.31004,0.3,0.28494,0.2749,0.2749,0.2749,0.2749,0.26988,0.26486,0.26486,0.26988,0.26988,0.2749,0.27992,0.33977,0.51004,0.77529,0.93514,0.80039,0.55019,0.41004,0.32973,0.26486,0.21969,0.19498,0.18494,0.18494,0.18996,0.19498,0.19498,0.19961,0.20463,0.20965,0.21467,0.21969,0.22471,0.23977,0.25483,0.26988,0.28996,0.31506,0.33475,0.35483,0.3749,0.37992,0.3749,0.35985,0.34981,0.33475,0.31969,0.30502,0.28996,0.2749,0.25985,0.24981,0.24479,0.23977,0.23977,0.23977,0.23977,0.23475,0.23475,0.23475,0.23475,0.23977,0.23977,0.24479,0.24981,0.24981,0.25985,0.26486,0.26988,0.2749,0.28494,0.28494,0.28494,0.28996,0.28996,0.28996,0.28996,0.29498,0.30502,0.31004,0.31506,0.30502,0.28996,0.27992,0.26988,0.25985,0.24981,0.24981,0.25483,0.25985,0.25483,0.24479,0.24479,0.24981,0.25483,0.25985,0.2749,0.36988,0.58996,0.85019,0.91544,0.68031,0.46988,0.36988,0.29498,0.22973,0.19498,0.18494,0.17992,0.18494,0.18996,0.19498,0.19498,0.19961,0.20463,0.20965,0.21969,0.22471,0.23475,0.24479,0.25985,0.27992,0.30502,0.32471,0.34479,0.35985,0.36486,0.36988,0.35985,0.34981,0.33475,0.32471,0.31004,0.29498,0.27992,0.26486,0.25483,0.24479,0.23977,0.23977,0.23977,0.23475,0.23475,0.23475,0.23977,0.23475,0.23475,0.23977,0.23977,0.23977,0.24479,0.24981,0.25985,0.25985,0.26486,0.26988,0.2749,0.2749,0.27992,0.27992,0.27992,0.2749,0.2749,0.28996,0.30502,0.31004,0.30502,0.28996,0.2749,0.26988,0.25985,0.25483,0.25483,0.25483,0.25483,0.24981,0.24981,0.24981,0.24981,0.25483,0.25483,0.25985,0.31969,0.4749,0.73012,0.90039,0.78533,0.54517,0.41004,0.33475,0.26486,0.21969,0.19498,0.18494,0.18494,0.18494,0.18494,0.18996,0.19498,0.20463,0.20965,0.21467,0.22471,0.23475,0.24479,0.25985,0.27992,0.3,0.31969,0.33977,0.35985,0.3749,0.37992,0.38494,0.3749,0.35985,0.34981,0.33475,0.31969,0.30502,0.28996,0.27992,0.26988,0.26486,0.25985,0.25985,0.25985,0.25483,0.24981,0.24981,0.24981,0.25483,0.25985,0.25985,0.25985,0.26486,0.26988,0.2749,0.28494,0.28996,0.29498,0.29498,0.30502,0.30502,0.31004,0.30502,0.30502,0.30502,0.30502,0.31004,0.31969,0.32973,0.32973,0.31506,0.30502,0.28996,0.2749,0.26988,0.26486,0.26486,0.26486,0.26486,0.25483,0.25483,0.25483,0.25985,0.26486,0.26988,0.31969,0.4749,0.74015,0.92046,0.81506,0.56486,0.41506,0.33475,0.25985,0.21467,0.19498,0.18996,0.18996,0.19498,0.19961,0.19961,0.20463,0.21467,0.21969,0.22471,0.22973,0.23977,0.24981,0.26486,0.27992,0.30502,0.32471,0.34479,0.35985,0.3749,0.37992,0.37992,0.3749,0.35985,0.34479,0.32973,0.31506,0.29498,0.27992,0.26486,0.25985,0.25483,0.24981,0.24479,0.24479,0.24479,0.24479,0.23977,0.24479,0.24479,0.24981,0.24981,0.25483,0.25985,0.26486,0.26988,0.2749,0.2749,0.28494,0.28494,0.28494,0.28996,0.28996,0.28996,0.28996,0.28996,0.29498,0.30502,0.31506,0.31969,0.31004,0.29498,0.28494,0.2749,0.26988,0.26486,0.26486,0.26486,0.26486,0.25985,0.25483,0.24981,0.25985,0.25985,0.25985,0.27992,0.36486,0.56486,0.83012,0.91544,0.71004,0.48996,0.38996,0.31506,0.24981,0.21467,0.19961,0.19498,0.19498,0.19498,0.19961,0.19961,0.20463,0.20965,0.21969,0.22471,0.23475,0.24479,0.25483,0.26988,0.28494,0.31004,0.32973,0.35483,0.3749,0.38494,0.38494,0.37992,0.3749,0.35985,0.34981,0.32973,0.31506,0.29498,0.28494,0.26988,0.25985,0.25483,0.24981,0.24479,0.24479,0.24479,0.24479,0.24479,0.24479,0.24479,0.24479,0.24981,0.25483,0.25985,0.26486,0.26988,0.27992,0.28996,0.29498,0.29498,0.3,0.29498,0.29498,0.29498,0.29498,0.29498,0.30502,0.31506,0.32471,0.32471,0.31004,0.29498,0.28494,0.2749,0.26486,0.25985,0.25985,0.25985,0.26486,0.25483,0.24981,0.24981,0.25483,0.25985,0.25985,0.29498,0.4251,0.67529,0.90541,0.93012,0.62008,0.43977,0.35483,0.27992,0.22471,0.19961,0.19498,0.18996,0.18494,0.18494,0.19498,0.19961,0.20463,0.20965,0.20965,0.22471,0.23475,0.24981,0.25985,0.27992,0.3,0.31969,0.34479,0.36486,0.37992,0.38494,0.37992,0.36988,0.35483,0.33977,0.32973,0.31506,0.29498,0.28494,0.26988,0.25985,0.25483,0.24981,0.24479,0.23977,0.23977,0.23977,0.23977,0.23977,0.23977,0.23977,0.23977,0.23977,0.23977,0.24981,0.25483,0.25985,0.26486,0.2749,0.27992,0.28494,0.28494,0.28494,0.28494,0.28494,0.28494,0.28494,0.28996,0.30502,0.31004,0.3,0.28996,0.2749,0.2749,0.26486,0.25985,0.25483,0.25483,0.25483,0.25985,0.24981,0.24479,0.24479,0.24981,0.24479,0.25483,0.31969,0.47992,0.74015,0.91042,0.78031,0.53514,0.4,0.32471,0.24981,0.20463,0.18494,0.18494,0.18494,0.18494,0.18996,0.19498,0.19961,0.19961,0.20463,0.20965,0.21969,0.22973,0.23977,0.25483,0.2749,0.3,0.32471,0.34479,0.35985,0.3749,0.3749,0.3749,0.36486,0.35483,0.33977,0.32471,0.31004,0.29498,0.27992,0.26988,0.25985,0.25985,0.24981,0.24981,0.24981,0.24479,0.24479,0.24479,0.24981,0.24981,0.25483,0.25985,0.26486,0.26988,0.2749,0.28494,0.29498,0.3,0.30502,0.31004,0.31506,0.31506,0.31506,0.31506,0.31969,0.31969,0.31969,0.32471,0.33475,0.33977,0.33475,0.32471,0.31004,0.3,0.28996,0.28494,0.28494,0.28494,0.28494,0.28996,0.27992,0.27992,0.27992,0.27992,0.28494,0.28996,0.35483,0.53012,0.79537,0.94517,0.79537,0.55019,0.42008,0.33977,0.26988,0.22973,0.20965,0.20463,0.19961,0.20463,0.20965,0.21467,0.21969,0.22471,0.22973,0.23475,0.24479,0.25483,0.26486,0.2749,0.28996,0.31004,0.33475,0.35985,0.3749,0.38494,0.39498,0.38494,0.37992,0.36486,0.34981,0.33475,0.31969,0.30502,0.28996,0.2749,0.26486,0.25985,0.24981,0.24981,0.24981,0.24981,0.24981,0.24479,0.24479,0.24479,0.24479,0.24981,0.25483,0.25985,0.26486,0.26988,0.2749,0.27992,0.28494,0.28996,0.29498,0.29498,0.29498,0.29498,0.29498,0.29498,0.30502,0.31004,0.31506,0.32471,0.31969,0.30502,0.28996,0.27992,0.26988,0.26486,0.25985,0.25985,0.26486,0.26486,0.25483,0.25483,0.25985,0.25985,0.26486,0.28494,0.36486,0.55521,0.82008,0.93012,0.75019,0.51506,0.4,0.32471,0.25483,0.21467,0.19961,0.19498,0.19498,0.19498,0.19498,0.19961,0.20463,0.20965,0.21969,0.22471,0.23475,0.24479,0.25985,0.26988,0.28494,0.31004,0.32973,0.35483,0.3749,0.38494,0.38494,0.37992,0.3749,0.36486,0.34981,0.32973,0.31004,0.29498,0.27992,0.26988,0.26486,0.25985,0.25483,0.24981,0.24479,0.24479,0.24479,0.24479,0.24479,0.24479,0.24479,0.24981,0.25985,0.25985,0.26486,0.26988,0.2749,0.28494,0.28996,0.29498,0.3,0.3,0.3,0.3,0.3,0.3,0.30502,0.31506,0.31969,0.32471,0.31004,0.29498,0.28494,0.2749,0.26486,0.25985,0.25985,0.25985,0.25985,0.26486,0.24981,0.24981,0.24981,0.25483,0.25985,0.2749,0.36988,0.58494,0.84517,0.91042,0.68494,0.4749,0.3749,0.30502,0.23977,0.19961,0.18494,0.18494,0.18494,0.18494,0.18996,0.19498,0.19961,0.20463,0.20965,0.21969,0.22973,0.23977,0.24981,0.25985,0.27992,0.30502,0.32471,0.34479,0.36486,0.3749,0.3749,0.36486,0.34981,0.33475,0.31969,0.30502,0.28996,0.26988,0.25985,0.24981,0.24479,0.23977,0.23475,0.22973,0.22973,0.22973,0.22973,0.22973,0.22973,0.22973,0.23475,0.23977,0.24479,0.24981,0.25483,0.25985,0.25985,0.26486,0.26988,0.2749,0.2749,0.27992,0.28494,0.27992,0.2749,0.2749,0.2749,0.28996,0.3,0.30502,0.29498,0.27992,0.26988,0.26486,0.25483,0.24479,0.24479,0.24479,0.24981,0.24479,0.23977,0.23977,0.24479,0.24479,0.24981,0.26486,0.33977,0.53012,0.79537,0.89537,0.71004,0.48996,0.38996,0.31506,0.24981,0.20965,0.19498,0.18996,0.18996,0.18996,0.19498,0.19961,0.20463,0.20965,0.20965,0.21969,0.22973,0.24479,0.25483,0.26988,0.28996,0.31004,0.32973,0.34981,0.2749,0.28494,0.28996,0.3,0.30502,0.31004,0.31506,0.32471,0.32471,0.32471,0.32471,0.31969,0.31969,0.31969,0.32471,0.32973,0.33475,0.33475,0.32471,0.31506,0.30502,0.29498,0.28494,0.2749,0.2749,0.2749,0.2749,0.26988,0.26486,0.26988,0.26988,0.26988,0.26988,0.3,0.4251,0.67027,0.90541,0.93514,0.64517,0.45483,0.36486,0.28996,0.23977,0.20965,0.20463,0.20463,0.20463,0.20463,0.20463,0.20463,0.21467,0.22471,0.22973,0.23475,0.24479,0.25483,0.26486,0.28494,0.31004,0.32973,0.34981,0.36486,0.37992,0.38996,0.38996,0.38494,0.36988,0.35483,0.33977,0.32471,0.30502,0.28996,0.2749,0.26486,0.25985,0.25985,0.25483,0.25483,0.24981,0.24981,0.24981,0.24981,0.24479,0.24479,0.24981,0.24981,0.25985,0.26486,0.26988,0.2749,0.27992,0.28494,0.28996,0.28996,0.29498,0.28996,0.28996,0.29498,0.28996,0.28996,0.3,0.31004,0.31506,0.31969,0.31004,0.29498,0.28494,0.26988,0.26486,0.25985,0.25985,0.25985,0.25985,0.25483,0.24981,0.24981,0.25985,0.25985,0.26486,0.3,0.4251,0.67027,0.90039,0.92046,0.61506,0.43977,0.35985,0.27992,0.22973,0.19961,0.19498,0.18996,0.18996,0.19498,0.19498,0.19961,0.20463,0.20965,0.21969,0.22471,0.22973,0.23977,0.24981,0.26988,0.28996,0.31969,0.33977,0.35985,0.3749,0.37992,0.37992,0.3749,0.36486,0.34981,0.32973,0.31506,0.29498,0.27992,0.26988,0.25985,0.24981,0.24479,0.24479,0.23977,0.23977,0.23977,0.23475,0.23475,0.23475,0.23977,0.23977,0.24479,0.24981,0.24981,0.25985,0.26486,0.2749,0.27992,0.28494,0.28494,0.28996,0.28996,0.28996,0.28996,0.28996,0.28996,0.29498,0.30502,0.31506,0.31969,0.31004,0.29498,0.27992,0.26486,0.25483,0.24981,0.25483,0.25985,0.25985,0.25985,0.25985,0.25985,0.25985,0.25985,0.26486,0.30502,0.43977,0.68996,0.90039,0.91042,0.59498,0.43012,0.34981,0.2749,0.22471,0.19498,0.18996,0.18996,0.18996,0.18996,0.19498,0.19961,0.20463,0.20965,0.21467,0.21969,0.22973,0.23977,0.25483,0.26988,0.29498,0.31506,0.33475,0.35483,0.3749,0.37992,0.37992,0.36988,0.35483,0.33977,0.32471,0.31004,0.29498,0.27992,0.26486,0.25985,0.24981,0.24479,0.24479,0.23977,0.23977,0.23475,0.23475,0.23475,0.23475,0.23977,0.23977,0.23977,0.24479,0.24981,0.24981,0.25985,0.26486,0.26988,0.2749,0.28494,0.28494,0.28494,0.27992,0.27992,0.27992,0.27992,0.28996,0.30502,0.31004,0.31506,0.30502,0.28996,0.27992,0.26988,0.25985,0.24981,0.24981,0.25483,0.25985,0.24479,0.24479,0.24479,0.24981,0.24981,0.25483,0.28494,0.40502,0.63514,0.88031,0.91544,0.63012,0.43977,0.35483,0.27992,0.21969,0.19498,0.18494,0.17992,0.17992,0.17992,0.18494,0.18996,0.19961,0.20463,0.20965,0.21969,0.22471,0.23475,0.24479,0.26486,0.28494,0.31004,0.32973,0.34981,0.35985,0.36988,0.3749,0.36988,0.35483,0.33977,0.32973,0.31004,0.28996,0.27992,0.26988,0.25985,0.24981,0.24479,0.23977,0.23977,0.23977,0.23977,0.23977,0.23977,0.23977,0.23977,0.23977,0.24479,0.24981,0.25985,0.26486,0.26988,0.27992,0.28494,0.28996,0.29498,0.29498,0.3,0.3,0.29498,0.29498,0.29498,0.29498,0.30502,0.31506,0.32471,0.31969,0.31004,0.3,0.28996,0.27992,0.2749,0.2749,0.27992,0.2749,0.2749,0.26988,0.2749,0.2749,0.28494,0.28494,0.3,0.37992,0.5749,0.84015,0.93514,0.75521,0.5251,0.41004,0.32973,0.26988,0.23475,0.21969,0.21969,0.21969,0.21969,0.21969,0.22471,0.22471,0.22973,0.23977,0.24479,0.24981,0.25985,0.26988,0.28494,0.3,0.31969,0.34479,0.36988,0.38494,0.4,0.4,0.39498,0.38494,0.36988,0.35483,0.33475,0.31506,0.30502,0.28996,0.27992,0.26988,0.26486,0.25985,0.25985,0.24981,0.24981,0.24981,0.25483,0.24981,0.24981,0.25483,0.25985,0.25985,0.26486,0.26988,0.27992,0.28494,0.28996,0.3,0.30502,0.31004,0.31004,0.30502,0.30502,0.30502,0.30502,0.30502,0.31506,0.31969,0.32471,0.32471,0.31506,0.3,0.28996,0.2749,0.26486,0.26486,0.26486,0.26486,0.26486,0.25985,0.25483,0.25985,0.25985,0.26486,0.26988,0.31506,0.45483,0.7,0.91544,0.92548,0.60502,0.43977,0.35985,0.28494,0.22973,0.19961,0.19498,0.19498,0.19498,0.19498,0.19961,0.19961,0.20965,0.21467,0.22471,0.22973,0.23977,0.24981,0.26486,0.28494,0.30502,0.32471,0.34479,0.36486,0.37992,0.38494,0.38494,0.3749,0.36486,0.34981,0.33475,0.31506,0.29498,0.27992,0.26486,0.25483,0.24981,0.24479,0.24479,0.24479,0.24479,0.24479,0.24479,0.24479,0.24479,0.24981,0.24981,0.24981,0.25483,0.25985,0.26486,0.26988,0.2749,0.2749,0.28494,0.28996,0.28996,0.28996,0.28996,0.28996,0.28996,0.28996,0.3,0.31004,0.31506,0.31506,0.30502,0.28996,0.28494,0.26988,0.25985,0.25483,0.25985,0.25985,0.26486,0.25985,0.24981,0.25483,0.25985,0.25985,0.25985,0.28494,0.4,0.63514,0.88533,0.93012,0.65019,0.45483,0.36486,0.28494,0.22973,0.19961,0.18996,0.18494,0.18494,0.18996,0.19498,0.19498,0.19961,0.20463,0.21467,0.21969,0.22973,0.24479,0.25483,0.26988,0.28996,0.31969,0.33475,0.35483,0.3749,0.37992,0.38494,0.3749,0.36988,0.35483,0.33475,0.31969,0.3,0.28494,0.2749,0.25985,0.24981,0.24479,0.24479,0.23977,0.23977,0.23977,0.24479,0.24479,0.24479,0.24479,0.24981,0.24981,0.24981,0.25483,0.25985,0.25985,0.26486,0.26988,0.2749,0.28494,0.28494,0.28494,0.28494,0.28494,0.28494,0.28494,0.28494,0.29498,0.30502,0.31004,0.3,0.28996,0.27992,0.26988,0.26486,0.25985,0.25483,0.25483,0.25985,0.24981,0.24479,0.24479,0.24981,0.24981,0.24981,0.26486,0.34981,0.54517,0.81506,0.91544,0.72008,0.48494,0.3749,0.3,0.23475,0.19498,0.17992,0.17992,0.17992,0.17992,0.18494,0.18494,0.18494,0.19961,0.20463,0.20463,0.21467,0.22973,0.24479,0.25483,0.2749,0.29498,0.31969,0.33475,0.35483,0.36988,0.3749,0.36988,0.35483,0.34479,0.32973,0.31506,0.30502,0.28494,0.26988,0.25985,0.25483,0.24981,0.24479,0.23977,0.23977,0.23977,0.23977,0.24479,0.23977,0.23977,0.24479,0.24479,0.24981,0.25483,0.25985,0.26988,0.2749,0.28494,0.28996,0.29498,0.3,0.3,0.3,0.3,0.29498,0.29498,0.29498,0.30502,0.31506,0.31969,0.31506,0.30502,0.28996,0.28494,0.2749,0.26988,0.26988,0.26988,0.2749,0.2749,0.26988,0.26988,0.26988,0.2749,0.2749,0.28494,0.34479,0.52008,0.78031,0.93012,0.80039,0.56486,0.43012,0.34479,0.2749,0.23475,0.21969,0.21467,0.21467,0.21467,0.21969,0.21969,0.22471,0.22973,0.23977,0.24479,0.25483,0.25985,0.26988,0.28494,0.3,0.31969,0.34479,0.36988,0.38494,0.39498,0.4,0.39498,0.38494,0.36988,0.35483,0.33977,0.32471,0.30502,0.28996,0.28494,0.26988,0.26486,0.25985,0.25985,0.25985,0.25483,0.25483,0.25483,0.25985,0.25985,0.25985,0.25985,0.25985,0.26486,0.26988,0.27992,0.28494,0.28996,0.29498,0.30502,0.30502,0.30502,0.30502,0.3,0.29498,0.29498,0.29498,0.30502,0.31004,0.32471,0.32973,0.32471,0.31004,0.29498,0.28996,0.2749,0.26486,0.26486,0.26486,0.26988,0.26988,0.26988,0.26486,0.26988,0.26988,0.26988,0.27992,0.34479,0.5251,0.79537,0.93514,0.78031,0.53514,0.41004,0.32973,0.26486,0.21969,0.20463,0.19961,0.19498,0.19498,0.19961,0.20463,0.20965,0.21467,0.21969,0.22471,0.23475,0.24479,0.25483,0.26988,0.28494,0.31004,0.33475,0.35483,0.3749,0.38494,0.38996,0.38494,0.37992,0.36486,0.34981,0.32973,0.31004,0.29498,0.28494,0.2749,0.26486,0.25483,0.24981,0.24981,0.24981,0.24479,0.24479,0.24479,0.24479,0.24479,0.24981,0.24981,0.24981,0.25985,0.25985,0.26486,0.2749,0.27992,0.28494,0.28996,0.29498,0.29498,0.29498,0.29498,0.3,0.29498,0.29498,0.30502,0.31004,0.31969,0.31506,0.3,0.28996,0.28494,0.26988,0.26486,0.26486,0.26486,0.26486,0.25985,0.25483,0.24981,0.25483,0.25985,0.25483,0.25985,0.31506,0.46988,0.7251,0.91544,0.8251,0.5749,0.4251,0.34479,0.2749,0.22471,0.19961,0.18996,0.18996,0.18996,0.19498,0.19498,0.19961,0.20463,0.20965,0.21969,0.22471,0.22973,0.23977,0.25483,0.2749,0.3,0.31969,0.33977,0.35483,0.36988,0.3749,0.3749,0.36486,0.35483,0.33977,0.32471,0.30502,0.28996,0.2749,0.26486,0.25483,0.24479,0.23977,0.23977,0.23475,0.23475,0.23475,0.22973,0.22973,0.22973,0.23475,0.23977,0.24479,0.24981,0.24981,0.25985,0.26486,0.26988,0.2749,0.28494,0.28494,0.28996,0.28996,0.28996,0.28996,0.28996,0.28996,0.28996,0.3,0.31506,0.31969,0.31004,0.29498,0.28996,0.2749,0.26486,0.25985,0.25985,0.25985,0.25985,0.26486,0.25985,0.25985,0.25985,0.25985,0.25985,0.28494,0.38494,0.60502,0.86525,0.93012,0.68494,0.4749,0.3749,0.30502,0.24479,0.20965,0.19961,0.19498,0.19498,0.19498,0.19961,0.20463,0.20463,0.20965,0.21969,0.22471,0.22973,0.23977,0.24981,0.26486,0.27992,0.30502,0.32973,0.34981,0.36486,0.3749,0.37992,0.36988,0.35985,0.34479,0.32973,0.31004,0.28996,0.2749,0.26486,0.24981,0.23977,0.23475,0.22973,0.22973,0.22973,0.22973,0.22973,0.22973,0.23475,0.22973,0.22973,0.23475,0.23977,0.24479,0.24981,0.25985,0.26988,0.2749,0.2749,0.27992,0.28494,0.27992,0.2749,0.2749,0.2749,0.26988,0.26988,0.26988,0.2749,0.27992,0.26988,0.26486,0.25985,0.26486,0.25985,0.25985,0.25985,0.26486,0.29498,0.41506,0.65019,0.87529,0.89537,0.61004,0.44981,0.36486,0.28494,0.22471,0.19961,0.19498,0.19498,0.19498,0.19498,0.19961,0.20463,0.20965,0.20965,0.21969,0.22471,0.22973,0.24479,0.25483,0.26988,0.29498,0.31969,0.33977,0.35985,0.36988,0.3749,0.3749,0.36486,0.35483,0.33977,0.32973,0.31506,0.29498,0.28494,0.26988,0.26486,0.26486,0.26486,0.25985,0.25985,0.25985,0.25985,0.25985,0.25985,0.25985,0.25985,0.26988,0.2749,0.27992,0.28494,0.28996,0.3,0.31004,0.31004,0.31506,0.31506,0.31506,0.31506,0.31004,0.31004,0.31004,0.31004,0.31004,0.30502,0.30502,0.30502,0.3,0.29498,0.3,0.3,0.30502,0.31004,0.31969,0.32973,0.32973,0.32471,0.31506,0.30502,0.29498,0.28494,0.27992,0.28494,0.28494,0.28494,0.28494,0.28494,0.28494,0.28996,0.28996,0.29498,0.35985,0.54517,0.81506,0.95521,0.80039,0.55019,0.41506,0.33977,0.26988,0.22471,0.20463,0.20463,0.20463,0.20965,0.20965,0.20965,0.20965,0.21969,0.22471,0.22973,0.23977,0.25483,0.26486,0.27992,0.3,0.31969,0.34479,0.36988,0.38494,0.4,0.41004,0.41506,0.40502,0.38996,0.3749,0.35483,0.33475,0.31969,0.30502,0.28494,0.2749,0.26486,0.25985,0.25483,0.24981,0.24981,0.24981,0.24981,0.24981,0.24479,0.24479,0.24981,0.25483,0.25985,0.26486,0.26486,0.26988,0.27992,0.28996,0.29498,0.3,0.3,0.3,0.29498,0.29498,0.29498,0.29498,0.29498,0.3,0.31004,0.31506,0.31506,0.3,0.28494,0.2749,0.26988,0.25985,0.24981,0.24981,0.25985,0.25985,0.24981,0.24479,0.24981,0.25483,0.25483,0.25985,0.3,0.43977,0.69498,0.91042,0.91544,0.59498,0.43012,0.34981,0.2749,0.22471,0.19498,0.18494,0.17992,0.17992,0.18494,0.18494,0.19498,0.19961,0.20463,0.20965,0.21969,0.22471,0.23977,0.24981,0.26486,0.27992,0.3,0.32471,0.34479,0.35985,0.36486,0.36988,0.35985,0.34981,0.33977,0.32471,0.30502,0.28996,0.2749,0.26486,0.25483,0.24981,0.24479,0.23977,0.23977,0.23475,0.23977,0.23977,0.23977,0.23977,0.23977,0.23977,0.23977,0.24479,0.24981,0.25985,0.25985,0.26486,0.26988,0.2749,0.27992,0.27992,0.27992,0.27992,0.2749,0.2749,0.2749,0.28494,0.3,0.31004,0.31004,0.30502,0.28996,0.27992,0.26988,0.34479,0.32973,0.31506,0.30502,0.28996,0.28494,0.2749,0.26988,0.26486,0.26486,0.26486,0.26486,0.26486,0.25985,0.25985,0.26486,0.26988,0.2749,0.27992,0.28494,0.28996,0.29498,0.29498,0.3,0.30502,0.31004,0.30502,0.30502,0.3,0.3,0.3,0.30502,0.31004,0.32471,0.32973,0.32973,0.31506,0.30502,0.29498,0.28996,0.28494,0.27992,0.28494,0.28494,0.2749,0.26988,0.26988,0.26988,0.2749,0.27992,0.28494,0.33977,0.5,0.76525,0.95019,0.84015,0.6,0.44981,0.36486,0.27992,0.22973,0.20463,0.19961,0.19498,0.19498,0.19961,0.19961,0.19961,0.20463,0.20463,0.21467,0.22471,0.22973,0.24479,0.25483,0.26988,0.29498,0.31969,0.34479,0.35985,0.3749,0.37992,0.37992,0.36988,0.35483,0.33977,0.32973,0.31004,0.29498,0.27992,0.26486,0.24981,0.23977,0.23475,0.22973,0.22973,0.22973,0.22973,0.22471,0.22471,0.22471,0.22471,0.22973,0.23475,0.23977,0.23977,0.24479,0.24981,0.24981,0.25483,0.25985,0.26486,0.26988,0.26988,0.26988,0.26988,0.2749,0.28494,0.28996,0.3,0.28996,0.26988,0.26486,0.25483,0.23977,0.23977,0.23977,0.23977,0.23977,0.23475,0.22973,0.22973,0.23475,0.23977,0.23977,0.24479,0.31004,0.48494,0.73514,0.88031,0.74517,0.52008,0.4,0.31969,0.24479,0.20463,0.18494,0.17992,0.18494,0.18494,0.18494,0.18494,0.19498,0.19961,0.20463,0.20463,0.21969,0.22973,0.23977,0.25985,0.26988,0.28996,0.31004,0.32973,0.34981,0.35985,0.35985,0.36486,0.35483,0.33977,0.32973,0.31004,0.29498,0.27992,0.26988,0.26486,0.25483,0.24981,0.24479,0.24479,0.24479,0.24479,0.24479,0.24479,0.24479,0.24479,0.24981,0.25483,0.25985,0.26486,0.26988,0.27992,0.28494,0.28996,0.29498,0.3,0.30502,0.30502,0.31004,0.30502,0.30502,0.31004,0.31004,0.31506,0.32471,0.32973,0.33475,0.31969,0.31004,0.3,0.28996,0.27992,0.2749,0.2749,0.2749,0.2749,0.26988,0.26486,0.26988,0.2749,0.27992,0.27992,0.31969,0.45985,0.71506,0.93012,0.94517,0.64015,0.46988,0.3749,0.29498,0.23475,0.20463,0.19961,0.19961,0.20463,0.20463,0.20965,0.21467,0.21467,0.21969,0.22471,0.22973,0.23977,0.24981,0.25985,0.2749,0.3,0.32471,0.34981,0.36988,0.38494,0.38996,0.39498,0.38996,0.3749,0.35985,0.34981,0.32973,0.31004,0.28996,0.2749,0.26486,0.25483,0.24981,0.24479,0.24479,0.24479,0.24479,0.24479,0.24479,0.24479,0.24479,0.24479,0.24981,0.25483,0.25985,0.26486,0.26988,0.26988,0.2749,0.28494,0.28996,0.28996,0.28996,0.29498,0.29498,0.29498,0.31004,0.31969,0.32471,0.31506,0.29498,0.28494,0.26988,0.25985,0.24981,0.24981,0.24981,0.24981,0.24479,0.23977,0.23977,0.23977,0.24479,0.24479,0.25483,0.32471,0.50502,0.78031,0.91544,0.75521,0.51506,0.39498,0.31004,0.23475,0.18996,0.1749,0.16486,0.16486,0.16988,0.1749,0.1749,0.17992,0.17992,0.18494,0.19498,0.19961,0.20965,0.22471,0.23977,0.25483,0.2749,0.3,0.31969,0.33475,0.34479,0.34981,0.34479,0.33475,0.32471,0.31004,0.28996,0.26988,0.25985,0.24479,0.23475,0.22973,0.21969,0.20965,0.20965,0.21467,0.20463,0.20463,0.20965,0.20965,0.20965,0.21969,0.21969,0.22471,0.22973,0.22973,0.23977,0.24479,0.24479,0.24981,0.25985,0.26486,0.26486,0.25985,0.26486,0.26486,0.26988,0.27992,0.28996,0.29498,0.28996,0.2749,0.26988,0.26486,0.24981,0.24479,0.24479,0.24479,0.24981,0.24479,0.24479,0.24479,0.24479,0.24479,0.24981,0.26486,0.33977,0.5251,0.78031,0.88533,0.72008,0.5,0.38996,0.31506,0.24479,0.20463,0.19498,0.18494,0.18494,0.18996,0.19961,0.20463,0.19961,0.20463,0.20965,0.21969,0.21969,0.23475,0.24479,0.25483,0.2749,0.3,0.31969,0.33977,0.35985,0.3749,0.3749,0.37992,0.36988,0.34981,0.32973,0.31506,0.31004,0.29498,0.28494,0.26988,0.25985,0.24981,0.23977,0.23977,0.24479,0.24981,0.24981,0.24479,0.23977,0.23977,0.24479,0.24479,0.24981,0.26486,0.2749,0.27992,0.28996,0.29498,0.30502,0.30502,0.31004,0.31506,0.31506,0.31004,0.30502,0.30502,0.30502,0.31506,0.31969,0.32973,0.32471,0.31004,0.3,0.3,0.28996,0.26988,0.26486,0.26988,0.26988,0.26988,0.26486,0.26486,0.26486,0.26988,0.2749,0.2749,0.30502,0.4251,0.67529,0.92548,0.96023,0.66023,0.4749,0.38996,0.31506,0.24981,0.21467,0.20463,0.20463,0.21467,0.21969,0.21969,0.22471,0.22471,0.22471,0.23475,0.24981,0.24981,0.25985,0.2749,0.28996,0.31004,0.33475,0.36486,0.3749,0.37992,0.38996,0.4,0.4,0.38494,0.36988,0.35985,0.33475,0.31506,0.31004,0.3,0.28494,0.2749,0.2749,0.26988,0.26486,0.25985,0.25985,0.25985,0.25985,0.26486,0.26988,0.26486,0.26486,0.26486,0.26988,0.2749,0.27992,0.28494,0.28996,0.29498,0.29498,0.3,0.3,0.30502,0.30502,0.31004,0.31004,0.32471,0.33475,0.33475,0.31969,0.31004,0.29498,0.28494,0.2749,0.2749,0.27992,0.28494,0.27992,0.2749,0.26988,0.26988,0.2749,0.2749,0.27992,0.31506,0.43977,0.68996,0.92046,0.95019,0.65019,0.46988,0.38494,0.3,0.24479,0.21467,0.20463,0.20463,0.20463,0.20463,0.20965,0.21969,0.22471,0.22973,0.22973,0.23475,0.23977,0.24981,0.26486,0.27992,0.3,0.32471,0.34981,0.36486,0.37992,0.38494,0.38996,0.37992,0.36988,0.35483,0.33977,0.32471,0.3,0.28494,0.26988,0.25985,0.24981,0.24479,0.24479,0.24479,0.23977,0.23977,0.23977,0.23977,0.23475,0.23977,0.24479,0.24479,0.24479,0.24981,0.25985,0.26486,0.26988,0.26988,0.2749,0.2749,0.2749,0.2749,0.28494,0.28996,0.28996,0.29498,0.30502,0.31506,0.31506,0.30502,0.28996,0.27992,0.26988,0.25985,0.24981,0.24981,0.24981,0.24981,0.24479,0.24479,0.24479,0.24981,0.25483,0.25483,0.28494,0.39498,0.62008,0.86525,0.90541,0.64517,0.45985,0.36988,0.28996,0.22973,0.19498,0.18494,0.18494,0.18996,0.19498,0.19498,0.19961,0.19961,0.20965,0.21969,0.22471,0.22973,0.23977,0.25483,0.26988,0.28996,0.31004,0.33475,0.35483,0.36988,0.37992,0.37992,0.3749,0.35985,0.34981,0.33475,0.32471,0.30502,0.28996,0.2749,0.26988,0.26486,0.25985,0.25985,0.25985,0.25985,0.25985,0.25985,0.25985,0.25985,0.26486,0.26486,0.26486,0.2749,0.27992,0.28494,0.28996,0.3,0.31004,0.31506,0.31506,0.31969,0.31969,0.31969,0.31506,0.31506,0.31506,0.32471,0.33475,0.33977,0.34479,0.32973,0.31969,0.31004,0.30502,0.28996,0.28494,0.28494,0.28494,0.28996,0.28494,0.27992,0.28494,0.28996,0.28996,0.28996,0.31969,0.43977,0.67529,0.92046,0.96023,0.68996,0.5,0.4,0.31506,0.25483,0.22471,0.20965,0.20965,0.20965,0.20965,0.21969,0.21969,0.22471,0.22973,0.23475,0.23977,0.24479,0.25483,0.26486,0.27992,0.3,0.32471,0.34981,0.36988,0.38494,0.39498,0.39498,0.38494,0.3749,0.35985,0.34479,0.32471,0.31004,0.29498,0.28494,0.26988,0.26486,0.25985,0.24981,0.24981,0.24479,0.24981,0.24981,0.24981,0.24981,0.25483,0.25985,0.25985,0.25985,0.26486,0.26988,0.26988,0.2749,0.28494,0.28494,0.28996,0.28996,0.29498,0.29498,0.29498,0.29498,0.30502,0.31506,0.32471,0.32471,0.31004,0.29498,0.28494,0.26988,0.26486,0.25985,0.26486,0.26486,0.25985,0.25483,0.24981,0.24981,0.25985,0.25985,0.25985,0.3,0.43514,0.68494,0.91042,0.92548,0.61506,0.44479,0.35985,0.2749,0.21969,0.19498,0.18494,0.18494,0.18494,0.18996,0.19498,0.19498,0.19961,0.19961,0.20463,0.21467,0.22471,0.23977,0.25483,0.26988,0.28996,0.31506,0.33475,0.35483,0.36486,0.36988,0.36988,0.35985,0.35483,0.34479,0.32471,0.30502,0.28996,0.2749,0.26486,0.24981,0.24479,0.23977,0.23475,0.22973,0.22973,0.22973,0.22973,0.23475,0.23475,0.23475,0.23475,0.23977,0.24479,0.23977,0.24479,0.24981,0.25483,0.25985,0.26486,0.26988,0.2749,0.2749,0.2749,0.2749,0.2749,0.28494,0.29498,0.30502,0.3,0.28494,0.2749,0.26486,0.25483,0.24479,0.24479,0.24479,0.24479,0.24479,0.23977,0.23977,0.23977,0.23977,0.24479,0.24981,0.27992,0.40502,0.64517,0.86525,0.89537,0.6,0.43514,0.34981,0.2749,0.21467,0.19498,0.18494,0.17992,0.17992,0.18494,0.18996,0.19498,0.19961,0.20463,0.20965,0.21969,0.22973,0.23977,0.24981,0.26988,0.28996,0.31506,0.33475,0.35483,0.36988,0.3749,0.3749,0.36988,0.35985,0.34981,0.33475,0.31506,0.30502,0.28996,0.2749,0.26988,0.26486,0.25985,0.25985,0.25483,0.25483,0.25483,0.25483,0.25483,0.24981,0.25483,0.25985,0.26486,0.26486,0.2749,0.27992,0.28494,0.28996,0.29498,0.30502,0.31004,0.31506,0.31506,0.31506,0.31506,0.31969,0.31969,0.32471,0.33475,0.33977,0.34479,0.32973,0.31506,0.30502,0.28996,0.28494,0.27992,0.27992,0.28494,0.28494,0.27992,0.2749,0.2749,0.27992,0.28494,0.28996,0.32973,0.46486,0.72008,0.93514,0.94517,0.64015,0.46486,0.3749,0.29498,0.24479,0.21969,0.20965,0.20965,0.20965,0.20965,0.21467,0.21969,0.21969,0.22471,0.22973,0.23977,0.24479,0.25985,0.26988,0.28494,0.30502,0.32471,0.34981,0.36486,0.37992,0.38494,0.38494,0.37992,0.36988,0.35483,0.33475,0.31506,0.3,0.28494,0.26988,0.26486,0.25985,0.25483,0.24981,0.24981,0.24981,0.24981,0.24981,0.24981,0.24981,0.25483,0.25985,0.25985,0.26486,0.26988,0.26988,0.2749,0.27992,0.28494,0.28996,0.28996,0.29498,0.3,0.3,0.30502,0.30502,0.31506,0.32973,0.33475,0.32973,0.31969,0.30502,0.29498,0.28494,0.2749,0.26988,0.26486,0.26486,0.26486,0.25985,0.25985,0.25985,0.25985,0.25985,0.26486,0.3,0.43514,0.68996,0.92046,0.93012,0.6251,0.45483,0.34981,0.26486,0.21467,0.18996,0.17992,0.17992,0.17992,0.17992,0.17992,0.18996,0.19498,0.19498,0.19961,0.20463,0.20965,0.21969,0.23977,0.24981,0.26486,0.28996,0.31004,0.32973,0.34479,0.35483,0.35985,0.35483,0.34479,0.32973,0.31506,0.29498,0.28494,0.2749,0.25985,0.24479,0.23475,0.22973,0.22973,0.22973,0.22973,0.22973,0.22471,0.22471,0.22973,0.23475,0.23977,0.23977,0.24479,0.24981,0.25985,0.26486,0.26988,0.2749,0.27992,0.28996,0.29498,0.29498,0.29498,0.29498,0.29498,0.30502,0.31506,0.32471,0.32471,0.31004,0.3,0.28996,0.27992,0.26988,0.26988,0.26988,0.26988,0.26988,0.26486,0.26486,0.26486,0.26988,0.2749,0.2749,0.31969,0.46486,0.72008,0.91544,0.83514,0.60502,0.45483,0.36988,0.28996,0.23977,0.21969,0.20965,0.20965,0.20965,0.21969,0.22471,0.22973,0.22973,0.23475,0.23977,0.24981,0.25985,0.26988,0.28494,0.29498,0.31506,0.33475,0.35985,0.3749,0.38494,0.38996,0.38996,0.38494,0.3749,0.36486,0.34479,0.32471,0.31004,0.29498,0.28494,0.2749,0.26988,0.26486,0.26486,0.25985,0.25985,0.25985,0.25985,0.25985,0.25985,0.25985,0.26486,0.26486,0.26988,0.2749,0.27992,0.28494,0.28996,0.29498,0.3,0.30502,0.30502,0.30502,0.30502,0.30502,0.31004,0.31004,0.31506,0.32973,0.33977,0.33977,0.32471,0.31004,0.3,0.28996,0.28494,0.27992,0.27992,0.27992,0.2749,0.26988,0.26486,0.26486,0.26988,0.26988,0.2749,0.31004,0.43514,0.68996,0.92046,0.94517,0.64517,0.45985,0.36486,0.28494,0.22471,0.18996,0.17992,0.17992,0.17992,0.17992,0.17992,0.18494,0.19498,0.19961,0.20463,0.20965,0.21969,0.22471,0.23977,0.25985,0.27992,0.3,0.31969,0.33475,0.34981,0.35985,0.35985,0.34981,0.33977,0.32973,0.31004,0.29498,0.2749,0.26486,0.24981,0.23977,0.22471,0.22471,0.21969,0.21969,0.21969,0.21969,0.21969,0.21969,0.21467,0.21969,0.22471,0.22973,0.22973,0.23475,0.23977,0.24479,0.24981,0.25985,0.26988,0.26988,0.26988,0.2749,0.27992,0.2749,0.2749,0.28996,0.30502,0.31004,0.31506,0.30502,0.28996,0.27992,0.26988,0.26486,0.26486,0.26486,0.26486,0.25985,0.24981,0.24981,0.24981,0.25985,0.25985,0.26486,0.31004,0.45483,0.71506,0.90541,0.82008,0.58494,0.43514,0.35985,0.27992,0.23475,0.20965,0.20463,0.20463,0.20965,0.20965,0.21467,0.21969,0.22471,0.22973,0.23977,0.24479,0.25483,0.26486,0.27992,0.28996,0.31506,0.33475,0.35985,0.3749,0.38996,0.39498,0.38996,0.37992,0.3749,0.35483,0.33977,0.32973,0.31506,0.3,0.28494,0.2749,0.26988,0.26486,0.25985,0.25985,0.25483,0.25483,0.25483,0.25483,0.25483,0.25483,0.25985,0.26486,0.26486,0.2749,0.28494,0.28996,0.29498,0.30502,0.31004,0.31004,0.31004,0.31004,0.31004,0.31004,0.31004,0.31004,0.31506,0.32973,0.33475,0.33977,0.32471,0.31004,0.29498,0.28996,0.28494,0.28494,0.28494,0.28494,0.28494,0.2749,0.26988,0.26988,0.2749,0.2749,0.28494,0.32973,0.46988,0.73514,0.95019,0.96023,0.64015,0.4749,0.3749,0.28996,0.23977,0.20965,0.20463,0.20463,0.20965,0.20965,0.20965,0.20965,0.21969,0.21969,0.22471,0.22471,0.23977,0.24981,0.26486,0.28494,0.30502,0.32471,0.34479,0.36486,0.37992,0.38996,0.38996,0.38494,0.36988,0.34981,0.33475,0.31506,0.3,0.28494,0.2749,0.25985,0.24981,0.24981,0.24981,0.24479,0.24479,0.24479,0.24479,0.23977,0.23977,0.23977,0.24479,0.24479,0.24981,0.25483,0.25985,0.26486,0.26988,0.2749,0.27992,0.28494,0.28494,0.28494,0.28996,0.28996,0.29498,0.30502,0.31506,0.31969,0.31506,0.29498,0.28494,0.2749,0.26486,0.25985,0.25985,0.25483,0.24981,0.24981,0.24479,0.23977,0.24479,0.24479,0.24479,0.25985,0.31969,0.5,0.77027,0.92046,0.77529,0.54015,0.41004,0.32471,0.24479,0.19961,0.1749,0.16988,0.16988,0.16988,0.1749,0.17992,0.17992,0.17992,0.18996,0.19961,0.20463,0.20965,0.22471,0.23977,0.25483,0.26988,0.29498,0.31969,0.33475,0.34479,0.34981,0.33977,0.33475,0.32471,0.31004,0.29498,0.2749,0.25985,0.24479,0.23977,0.22973,0.22471,0.22471,0.21969,0.21969,0.21969,0.21969,0.21969,0.21969,0.21969,0.21969,0.22471,0.22973,0.23475,0.23977,0.24479,0.24981,0.25985,0.25985,0.26486,0.26988,0.26988,0.2749,0.2749,0.27992,0.27992,0.28996,0.3,0.30502,0.30502,0.28996,0.27992,0.26988,0.25985,0.25483,0.25483,0.25985,0.25985,0.25483,0.24981,0.24981,0.25483,0.25985,0.25985,0.26988,0.33977,0.52008,0.78031,0.92046,0.77027,0.55019,0.4251,0.34479,0.26988,0.22471,0.20463,0.19961,0.19961,0.20463,0.20463,0.20965,0.21969,0.21969,0.22973,0.23475,0.24479,0.24981,0.26486,0.27992,0.29498,0.31969,0.33475,0.35985,0.3749,0.38494,0.39498,0.38996,0.37992,0.36988,0.35483,0.33475,0.31506,0.30502,0.28996,0.28494,0.26988,0.26486,0.25985,0.25483,0.25483,0.24981,0.24981,0.24981,0.24981,0.24981,0.25483,0.25985,0.26486,0.26988,0.26988,0.27992,0.28996,0.29498,0.3,0.30502,0.31004,0.31004,0.31004,0.31004,0.31004,0.31004,0.31004,0.31969,0.32973,0.33475,0.32471,0.31004,0.29498,0.28494,0.26988,0.26486,0.26486,0.25985,0.25985,0.25483,0.24981,0.24981,0.25483,0.25985,0.26486,0.28996,0.38494,0.60502,0.87027,0.93514,0.70502,0.49498,0.38494,0.3,0.23475,0.19961,0.19498,0.18996,0.18996,0.19498,0.19498,0.19498,0.19961,0.20463,0.20965,0.21969,0.22471,0.23977,0.24981,0.26486,0.28494,0.30502,0.32973,0.34981,0.36486,0.36988,0.3749,0.36486,0.35985,0.34479,0.32973,0.31004,0.29498,0.27992,0.26486,0.25483,0.24981,0.24479,0.23977,0.23977,0.23977,0.24479,0.24479,0.23977,0.23977,0.23977,0.23977,0.24479,0.24981,0.24981,0.25985,0.25985,0.26486,0.26988,0.2749,0.27992,0.28494,0.28494,0.28996,0.28996,0.28996,0.30502,0.31004,0.31969,0.32471,0.31004,0.29498,0.28996,0.2749,0.26486,0.25985,0.25985,0.26486,0.25985,0.24981,0.24981,0.24981,0.25985,0.25985,0.25985,0.29498,0.42008,0.67027,0.90039,0.93012,0.63514,0.45483,0.36486,0.28494,0.22471,0.19961,0.18996,0.18494,0.18494,0.18494,0.18494,0.18996,0.19498,0.19498,0.20463,0.20965,0.21969,0.23475,0.24479,0.25483,0.2749,0.29498,0.31506,0.33475,0.35483,0.35985,0.36486,0.35985,0.34981,0.33977,0.32471,0.31004,0.28996,0.2749,0.26486,0.24981,0.23977,0.23475,0.22973,0.22973,0.22973,0.22973,0.22973,0.22973,0.22973,0.22973,0.22973,0.23475,0.23977,0.24981,0.24981,0.24981,0.26486,0.26988,0.2749,0.27992,0.27992,0.27992,0.28494,0.28996,0.28996,0.29498,0.31004,0.31506,0.31506,0.3,0.28494,0.2749,0.26988,0.26486,0.26486,0.25985,0.25985,0.25985,0.25985,0.25483,0.25483,0.25483,0.25985,0.26486,0.30502,0.44981,0.7,0.90039,0.81506,0.57992,0.43514,0.35483,0.2749,0.22471,0.19961,0.19498,0.19498,0.19498,0.19498,0.20463,0.20965,0.21969,0.22471,0.22973,0.23977,0.23977,0.24981,0.26486,0.28494,0.30502,0.32973,0.34981,0.36486,0.3749,0.37992,0.38494,0.3749,0.36486,0.35483,0.33977,0.32973,0.31506,0.30502,0.29498,0.28494,0.2749,0.26988,0.26486,0.26486,0.25985,0.25985,0.25985,0.25985,0.25985,0.25985,0.25985,0.26486,0.26988,0.2749,0.27992,0.28996,0.29498,0.30502,0.31004,0.31004,0.31506,0.31004,0.31004,0.31004,0.31004,0.31004,0.31506,0.32471,0.32973,0.33475,0.31506,0.30502,0.29498,0.28494,0.2749,0.2749,0.2749,0.2749,0.2749,0.26988,0.26988,0.26988,0.2749,0.2749,0.27992,0.34479,0.53012,0.80502,0.95521,0.80502,0.56486,0.4251,0.33977,0.26988,0.22471,0.20463,0.19961,0.19961,0.19961,0.19961,0.20463,0.20965,0.21969,0.22471,0.22973,0.23475,0.24479,0.25483,0.26486,0.28494,0.30502,0.32973,0.34981,0.36988,0.37992,0.38494,0.37992,0.3749,0.35985,0.33977,0.32471,0.30502,0.28996,0.27992,0.26988,0.25985,0.25483,0.24981,0.24981,0.24981,0.24479,0.24479,0.24479,0.24981,0.24981,0.24981,0.24981,0.24981,0.25985,0.25985,0.26486,0.26988,0.26988,0.2749,0.28494,0.28996,0.29498,0.29498,0.3,0.3,0.30502,0.31506,0.32471,0.32471,0.31004,0.29498,0.28494,0.2749,0.26486,0.25985,0.25985,0.25985,0.25985,0.24981,0.24981,0.24981,0.25483,0.25985,0.25985,0.27992,0.37992,0.60502,0.87027,0.93012,0.68996,0.48494,0.38494,0.3,0.22973,0.19498,0.18494,0.17992,0.17992,0.17992,0.18494,0.18996,0.19498,0.19961,0.19961,0.20463,0.21467,0.22471,0.23977,0.25483,0.2749,0.3,0.31969,0.33475,0.35483,0.35985,0.36486,0.35985,0.35483,0.33977,0.32471,0.30502,0.28996,0.2749,0.26486,0.25483,0.24479,0.23977,0.23977,0.23475,0.22973,0.22973,0.22973,0.22973,0.22973,0.22973,0.23475,0.23475,0.23977,0.24479,0.24981,0.25483,0.25985,0.25985,0.26486,0.26988,0.2749,0.27992,0.27992,0.2749,0.27992,0.28996,0.3,0.31004,0.31004,0.28996,0.2749,0.26988,0.26486,0.25483,0.24981,0.24981,0.24981,0.24981,0.24479,0.23977,0.24479,0.24479,0.24981,0.24981,0.28996,0.42008,0.67529,0.89537,0.90541,0.59498,0.43514,0.34981,0.26988,0.21467,0.18996,0.18494,0.18494,0.18494,0.18494,0.18996,0.19498,0.19961,0.20463,0.20463,0.20965,0.21969,0.23475,0.24479,0.26486,0.28494,0.31004,0.33475,0.34981,0.36486,0.36988,0.3749,0.36486,0.35483,0.33977,0.32471,0.31004,0.28996,0.2749,0.26486,0.25985,0.25483,0.24479,0.24479,0.24479,0.24479,0.24981,0.24479,0.24981,0.24981,0.25483,0.25985,0.25985,0.26486,0.26988,0.2749,0.27992,0.28494,0.28996,0.29498,0.30502,0.31004,0.31004,0.31004,0.31004,0.31506,0.32471,0.33475,0.34479,0.34981,0.32973,0.31506,0.30502,0.29498,0.28996,0.28494,0.28494,0.28494,0.28996,0.28494,0.27992,0.27992,0.28494,0.28494,0.28494,0.32471,0.46486,0.72008,0.93514,0.94015,0.63012,0.46486,0.3749,0.29498,0.24479,0.21969,0.20965,0.20965,0.20965,0.20965,0.21467,0.21969,0.22471,0.22973,0.23977,0.23977,0.24479,0.25985,0.26988,0.28494,0.3,0.32471,0.34981,0.36486,0.37992,0.38494,0.38996,0.37992,0.36988,0.35483,0.33977,0.32471,0.30502,0.28996,0.27992,0.26988,0.26486,0.25985,0.25483,0.25483,0.25483,0.25483,0.24981,0.24981,0.24981,0.24981,0.25985,0.25985,0.25985,0.26486,0.26486,0.26988,0.2749,0.28494,0.28494,0.28996,0.28996,0.29498,0.29498,0.29498,0.29498,0.31004,0.31969,0.32471,0.32471,0.31004,0.29498,0.28494,0.2749,0.26486,0.25985,0.25985,0.26486,0.26486,0.26486,0.25985,0.25985,0.25985,0.26486,0.26988,0.33475,0.51506,0.78031,0.93012,0.79035,0.55521,0.4251,0.33977,0.26486,0.21969,0.19961,0.19498,0.19498,0.19961,0.19961,0.20463,0.20965,0.20965,0.21969,0.22471,0.22973,0.24479,0.25483,0.26988,0.28494,0.30502,0.32973,0.34981,0.36988,0.37992,0.38494,0.37992,0.3749,0.36486,0.34981,0.33475,0.31506,0.29498,0.28494,0.2749,0.26988,0.25985,0.25483,0.25483,0.25483,0.25483,0.24981,0.24981,0.24981,0.24981,0.24981,0.24981,0.24981,0.25985,0.26486,0.26988,0.2749,0.27992,0.28494,0.28996,0.28996,0.29498,0.3,0.30502,0.31004,0.31004,0.31969,0.32471,0.32973,0.32471,0.31004,0.3,0.28494,0.2749,0.26486,0.26486,0.26486,0.26486,0.25985,0.24981,0.24981,0.24981,0.25985,0.25985,0.2749,0.36988,0.58494,0.85019,0.91544,0.69498,0.48996,0.38494,0.3,0.23475,0.20463,0.19498,0.18494,0.18494,0.18996,0.18494,0.18494,0.19498,0.20463,0.20463,0.20965,0.21969,0.22973,0.23977,0.25483,0.26988,0.28996,0.31969,0.33977,0.35483,0.35985,0.36486,0.35985,0.34981,0.33475,0.32471,0.30502,0.28996,0.2749,0.25985,0.24981,0.24479,0.23475,0.23475,0.23977,0.23475,0.22973,0.22471,0.22471,0.22973,0.22973,0.22973,0.23475,0.23977,0.23977,0.24479,0.24981,0.25985,0.26486,0.26988,0.2749,0.2749,0.28494,0.28494,0.28494,0.29498,0.29498,0.30502,0.31004,0.31506,0.30502,0.29498,0.28996,0.27992,0.26988,0.26486,0.26486,0.26486,0.26988,0.26486,0.25985,0.26486,0.26486,0.26486,0.26486,0.29498,0.41506,0.65019,0.88031,0.91544,0.64015,0.46486,0.3749,0.29498,0.23475,0.20965,0.19961,0.19961,0.20463,0.20965,0.20965,0.21969,0.22471,0.22973,0.23977,0.24479,0.24981,0.25985,0.2749,0.28996,0.31004,0.32973,0.35483,0.3749,0.38494,0.39498,0.39498,0.38996,0.37992,0.36988,0.34981,0.33475,0.32471,0.31004,0.29498,0.28996,0.2749,0.26988,0.26486,0.26486,0.25985,0.25985,0.25985,0.25985,0.25985,0.25985,0.26486,0.26486,0.26988,0.2749,0.28494,0.28996,0.29498,0.30502,0.31004,0.31004,0.31004,0.31004,0.31004,0.31004,0.31004,0.31004,0.31969,0.32973,0.33475,0.33475,0.32471,0.31004,0.29498,0.28494,0.2749,0.26988,0.26988,0.26988,0.26988,0.26486,0.26486,0.26486,0.26486,0.26988,0.26988,0.31004,0.44479,0.69498,0.92046,0.94015,0.64015,0.46486,0.36486,0.28494,0.22973,0.19961,0.19498,0.18996,0.18996,0.19498,0.19498,0.19961,0.20463,0.20965,0.20965,0.21969,0.22973,0.23977,0.25483,0.26988,0.28996,0.31004,0.33475,0.34981,0.36486,0.36988,0.3749,0.36486,0.35483,0.33977,0.32471,0.30502,0.28996,0.2749,0.26486,0.24981,0.24479,0.23977,0.23977,0.23475,0.23475,0.23977,0.23977,0.23475,0.23475,0.23977,0.23977,0.23977,0.24479,0.24981,0.25483,0.25985,0.26486,0.26988,0.2749,0.27992,0.28494,0.28494,0.28494,0.28996,0.28996,0.3,0.31004,0.31969,0.31506,0.3,0.28996,0.27992,0.26988,0.25985,0.24981,0.24981,0.25483,0.25483,0.24981,0.24981,0.24981,0.25985,0.25985,0.25985,0.29498,0.41506,0.66023,0.89537,0.93012,0.64517,0.45985,0.3749,0.28996,0.22973,0.19498,0.18494,0.17992,0.18494,0.19498,0.19498,0.19961,0.20463,0.20965,0.21467,0.21969,0.22973,0.23977,0.25483,0.26988,0.28494,0.31004,0.32973,0.35483,0.36988,0.37992,0.3749,0.36988,0.36486,0.34981,0.33475,0.31506,0.29498,0.28494,0.26988,0.26486,0.25985,0.24981,0.24479,0.24479,0.23977,0.23977,0.23977,0.23977,0.23977,0.23977,0.23977,0.23977,0.24479,0.24981,0.24981,0.25985,0.26988,0.2749,0.27992,0.27992,0.28494,0.28996,0.28996,0.28996,0.28996,0.29498,0.30502,0.31506,0.31506,0.30502,0.29498,0.27992,0.26486,0.25985,0.24981,0.24981,0.25483,0.25483,0.24981,0.24479,0.24479,0.24981,0.25483,0.24981,0.2749,0.36486,0.57992,0.84517,0.91544,0.68494,0.47992,0.37992,0.3,0.23475,0.19498,0.17992,0.17992,0.17992,0.18494,0.18996,0.19498,0.19961,0.19961,0.20463,0.20965,0.21969,0.22973,0.24479,0.25985,0.2749,0.3,0.31969,0.33977,0.35483,0.35985,0.36988,0.36486,0.35483,0.33977,0.32471,0.30502,0.29498,0.2749,0.26486,0.25985,0.24981,0.24479,0.23977,0.24479,0.23977,0.23977,0.23977,0.23977,0.23977,0.23977,0.23977,0.24479,0.24479,0.24981,0.25985,0.25985,0.26486,0.26988,0.2749,0.28494,0.28996,0.28996,0.28996,0.29498,0.3,0.3,0.31004,0.32471,0.32973,0.32471,0.31506,0.30502,0.28996,0.28494,0.2749,0.2749,0.2749,0.27992,0.27992,0.2749,0.26988,0.2749,0.2749,0.2749,0.28494,0.35483,0.5251,0.79035,0.94517,0.81004,0.5749,0.44479,0.34981,0.2749,0.23475,0.21467,0.20965,0.20965,0.20965,0.20965,0.20965,0.21467,0.21969,0.22471,0.22973,0.24479,0.25483,0.26988,0.28494,0.3,0.31969,0.34479,0.36486,0.37992,0.38996,0.39498,0.39498,0.38494,0.36988,0.35985,0.34479,0.32471,0.31004,0.29498,0.28494,0.26988,0.25985,0.25985,0.25985,0.24981,0.24981,0.24981,0.24981,0.24981,0.24479,0.24981,0.24981,0.25985,0.26486,0.26486,0.26988,0.2749,0.28494,0.28996,0.29498,0.29498,0.30502,0.30502,0.3,0.3,0.3,0.30502,0.31506,0.31969,0.32471,0.31506,0.3,0.28996,0.2749,0.26988,0.26486,0.26486,0.26988,0.26988,0.26486,0.25985,0.25985,0.26486,0.26486,0.26486,0.27992,0.36988,0.57992,0.85019,0.92548,0.72008,0.5,0.39498,0.31969,0.24981,0.21969,0.20463,0.19961,0.19961,0.19961,0.20463,0.20463,0.20463,0.21467,0.22471,0.22973,0.23977,0.24479,0.25483,0.2749,0.29498,0.31506,0.33475,0.35483,0.36988,0.37992,0.38494,0.38494,0.3749,0.35985,0.34479,0.32973,0.31004,0.29498,0.27992,0.26988,0.26486,0.25483,0.24479,0.24479,0.23977,0.23977,0.23977,0.23977,0.23977,0.23977,0.23977,0.23977,0.24479,0.24981,0.25483,0.25985,0.26486,0.26988,0.2749,0.27992,0.28494,0.28996,0.28996,0.28996,0.28996,0.28996,0.29498,0.31004,0.31969,0.32471,0.31004,0.29498,0.28494,0.26988,0.26486,0.25985,0.25985,0.25985,0.26486,0.25985,0.24981,0.25483,0.25985,0.25985,0.25985,0.28996,0.41004,0.65019,0.88533,0.92548,0.64517,0.45985,0.36988,0.29498,0.22973,0.19961,0.19498,0.18996,0.19498,0.19498,0.19961,0.20463,0.20965,0.20965,0.21969,0.22471,0.23977,0.24981,0.25985,0.2749,0.28996,0.31004,0.33475,0.35985,0.3749,0.37992,0.38494,0.37992,0.36988,0.34981,0.33475,0.31506,0.3,0.28494,0.26988,0.26486,0.25985,0.24981,0.24479,0.23977,0.23977,0.23475,0.23475,0.23977,0.23977,0.23977,0.23977,0.23977,0.24479,0.24981,0.25985,0.26486,0.2749,0.28494,0.28996,0.28996,0.29498,0.29498,0.29498,0.3,0.29498,0.3,0.31004,0.31969,0.32471,0.31506,0.30502,0.28996,0.2749,0.26486,0.25985,0.25483,0.25483,0.25985,0.25985,0.24981,0.24981,0.25483,0.25985,0.25985,0.26486,0.31969,0.48494,0.75521,0.92548,0.79537,0.55019,0.41004,0.32973,0.25483,0.20965,0.18996,0.18494,0.18494,0.18494,0.18996,0.19498,0.19961,0.20463,0.20463,0.21467,0.21969,0.22973,0.23977,0.25483,0.26988,0.28996,0.31004,0.32973,0.34981,0.35985,0.36486,0.35985,0.35483,0.33977,0.32973,0.31506,0.29498,0.28494,0.26988,0.25483,0.24479,0.23977,0.23475,0.22973,0.22973,0.22973,0.22471,0.22471,0.22973,0.22973,0.22973,0.22973,0.23475,0.23475,0.23977,0.24479,0.24981,0.25985,0.26988,0.26988,0.2749,0.27992,0.2749,0.2749,0.27992,0.2749,0.27992,0.28996,0.30502,0.31004,0.29498,0.27992,0.26988,0.26486,0.24981,0.24479,0.24479,0.24479,0.24479,0.24479,0.23977,0.23977,0.24479,0.24479,0.24981,0.26988,0.35483,0.55521,0.81506,0.89537,0.71004,0.50502,0.4,0.31969,0.24479,0.20463,0.19498,0.18996,0.18494,0.18996,0.19498,0.19961,0.20463,0.20463,0.20965,0.22471,0.22973,0.24479,0.25985,0.2749,0.28996,0.31506,0.33475,0.34981,0.36988,0.37992,0.38494,0.37992,0.3749,0.36486,0.34981,0.33475,0.31969,0.30502,0.29498,0.27992,0.26988,0.26988,0.26988,0.26486,0.26486,0.25985,0.25985,0.25985,0.25985,0.26486,0.26486,0.26486,0.26486,0.2749,0.28494,0.28996,0.3,0.30502,0.31004,0.31506,0.31969,0.31969,0.32471,0.32471,0.32471,0.32471,0.32973,0.33475,0.33475,0.33977,0.32973,0.31506,0.31004,0.3,0.28996,0.27992,0.2749,0.2749,0.27992,0.27992,0.2749,0.2749,0.2749,0.2749,0.26988,0.28494,0.35483,0.54517,0.81004,0.94517,0.78533,0.55019,0.41506,0.33475,0.26486,0.22471,0.20463,0.20463,0.20463,0.20463,0.20463,0.20965,0.21467,0.21969,0.22471,0.22973,0.23977,0.24479,0.25985,0.26988,0.28494,0.31004,0.32973,0.34981,0.36988,0.37992,0.38494,0.37992,0.3749,0.35985,0.34981,0.32471,0.31004,0.28996,0.27992,0.26988,0.26486,0.25483,0.24981,0.24981,0.24981,0.24981,0.24981,0.24981,0.24981,0.24981,0.24981,0.24981,0.24981,0.25985,0.25985,0.25985,0.26988,0.2749,0.28494,0.28494,0.28494,0.28996,0.28996,0.28996,0.29498,0.29498,0.3,0.31004,0.31969,0.32471,0.31004,0.29498,0.28996,0.2749,0.26486,0.26486,0.26486,0.26486,0.26486,0.25985,0.24981,0.24981,0.25985,0.25985,0.25985,0.28494,0.38996,0.61506,0.87027,0.93012,0.67529,0.4749,0.38494,0.30502,0.23977,0.20463,0.19498,0.18996,0.18996,0.18996,0.19498,0.19961,0.20463,0.20463,0.20965,0.21969,0.22973,0.23977,0.24981,0.26486,0.28494,0.30502,0.32973,0.35483,0.36988,0.37992,0.38494,0.37992,0.36988,0.34981,0.33475,0.31969,0.30502,0.28494,0.26988,0.25985,0.24981,0.23977,0.23977,0.23475,0.23475,0.23977,0.22973,0.22973,0.23475,0.23977,0.23475,0.23977,0.24479,0.24479,0.25483,0.25985,0.26988,0.2749,0.2749,0.27992,0.28494,0.28494,0.28996,0.28996,0.28996,0.29498,0.30502,0.31506,0.31969,0.31506,0.3,0.28494,0.26988,0.26486,0.25985,0.25483,0.24981,0.24981,0.24981,0.24981,0.24479,0.24479,0.24479,0.24981,0.24981,0.27992,0.41004,0.65521,0.88533,0.91544,0.6251,0.44981,0.35985,0.27992,0.21467,0.18494,0.17992,0.17992,0.17992,0.17992,0.18494,0.18494,0.18996,0.19498,0.20463,0.20965,0.21969,0.22973,0.24479,0.25483,0.2749,0.3,0.32471,0.33977,0.34981,0.35483,0.35985,0.35483,0.33977,0.32973,0.31004,0.29498,0.27992,0.26486,0.24981,0.24479,0.23475,0.22973,0.22471,0.22471,0.22471,0.22471,0.21969,0.21969,0.21969,0.22471,0.22471,0.22471,0.23475,0.23977,0.24479,0.25985,0.28996,0.33475,0.38996,0.4749,0.58494,0.69498,0.78533,0.82008,0.78031,0.74015,0.75019,0.76023,0.67027,0.49498,0.31969,0.18494,0.11467,0.084556,0.069884,0.069884,0.069884,0.069884,0.069884,0.064865,0.064865,0.064865,0.069884,0.069884,0.069884,0.074517,0.089575,0.10463,0.12471,0.14981,0.16988,0.19498,0.21467,0.23475,0.24981,0.25985,0.26486,0.26988,0.2749,0.2749,0.2749,0.2749,0.27992,0.28494,0.28494,0.28996,0.28996,0.28996,0.28996,0.29498,0.3,0.30502,0.30502,0.30502,0.30502,0.30502,0.30502,0.31004,0.31004,0.31004,0.31004,0.30502,0.30502,0.30502,0.30502,0.3,0.3,0.3,0.3,0.30502,0.30502,0.3,0.3,0.3,0.3,0.3,0.3,0.3,0.3,0.29498,0.29498,0.29498,0.29498,0.29498,0.29498,0.29498,0.29498,0.29498,0.29498,0.29498,0.28996,0.29498,0.29498,0.30502,0.31506,0.32973,0.33475,0.33977,0.32973,0.31506,0.31004,0.3,0.28996,0.28996,0.28996,0.28996,0.28996,0.28494,0.28494,0.28996,0.29498,0.29498,0.31506,0.41506,0.63514,0.89537,0.95521,0.71004,0.49498,0.39498,0.31969,0.25985,0.22471,0.20965,0.20965,0.20965,0.20965,0.21467,0.21467,0.21969,0.22471,0.22973,0.23977,0.24981,0.25985,0.26988,0.28494,0.3,0.31969,0.34479,0.36486,0.38996,0.4,0.41004,0.41004,0.40502,0.39498,0.37992,0.36486,0.34479,0.32471,0.31004,0.29498,0.28494,0.2749,0.26486,0.25985,0.25483,0.25483,0.25483,0.24981,0.24981,0.24981,0.25483,0.25483,0.25985,0.26486,0.26988,0.28494,0.28996,0.29498,0.30502,0.31004,0.31506,0.31506,0.31506,0.31004,0.31004,0.31004,0.30502,0.30502,0.30502,0.31004,0.31506,0.31004,0.29498,0.28494,0.2749,0.26486,0.25985,0.25985,0.25985,0.25985,0.25483,0.24981,0.24981,0.24981,0.25483,0.25483,0.25985,0.31969,0.48996,0.75521,0.92548,0.80039,0.55521,0.41506,0.33977,0.26486,0.21467,0.19498,0.18494,0.18494,0.18494,0.18996,0.19498,0.19961,0.20463,0.20463,0.20965,0.21969,0.22973,0.24479,0.25483,0.26988,0.28996,0.31004,0.33475,0.34981,0.36486,0.36988,0.35985,0.35483,0.33977,0.32973,0.31506,0.29498,0.28494,0.26988,0.25985,0.24981,0.24479,0.24479,0.23977,0.23977,0.23977,0.23977,0.23977,0.23977,0.23977,0.23977,0.24479,0.24479,0.24981,0.25483,0.25985,0.26486,0.26988,0.2749,0.2749,0.27992,0.28494,0.28494,0.28494,0.28494,0.28494,0.28494,0.29498,0.30502,0.31004,0.29498,0.28494,0.2749,0.26988,0.25985,0.25483,0.24981,0.25483,0.25985,0.25985,0.24981,0.24981,0.25483,0.25985,0.25985,0.26486,0.33977,0.53012,0.80039,0.92046,0.74015,0.51004,0.39498,0.31969,0.24479,0.20463,0.18494,0.17992,0.17992,0.18494,0.18494,0.18996,0.19498,0.19961,0.20463,0.20965,0.22471,0.23475,0.24479,0.25483,0.2749,0.28996,0.31506,0.33475,0.34981,0.36486,0.36988,0.36486,0.35483,0.34479,0.33475,0.31506,0.30502,0.28494,0.26988,0.26486,0.25985,0.24981,0.24981,0.24479,0.23977,0.23977,0.23977,0.23977,0.23977,0.23977,0.24479,0.24479,0.24981,0.25985,0.26486,0.2749,0.27992,0.28494,0.28996,0.29498,0.30502,0.3,0.3,0.29498,0.29498,0.3,0.30502,0.31506,0.32471,0.33475,0.32973,0.31506,0.3,0.28996,0.28494,0.2749,0.2749,0.2749,0.2749,0.2749,0.2749,0.2749,0.27992,0.28494,0.27992,0.28494,0.34479,0.51506,0.78031,0.94015,0.82008,0.57992,0.44479,0.35985,0.28494,0.23977,0.21969,0.20965,0.20965,0.20463,0.20463,0.21467,0.22471,0.22471,0.22973,0.23475,0.24479,0.24981,0.25985,0.26988,0.28494,0.31004,0.32973,0.34981,0.36486,0.37992,0.38494,0.3749,0.36988,0.35985,0.34981,0.32973,0.31004,0.29498,0.28494,0.27992,0.26988,0.26486,0.25985,0.25483,0.25483,0.25483,0.24981,0.24981,0.24981,0.25483,0.25985,0.25985,0.25985,0.26486,0.26988,0.2749,0.27992,0.28494,0.29498,0.3,0.30502,0.30502,0.30502,0.3,0.3,0.3,0.3,0.30502,0.31506,0.32471,0.32973,0.31506,0.30502,0.29498,0.28494,0.2749,0.26988,0.26988,0.26988,0.2749,0.26988,0.26486,0.26486,0.26486,0.26988,0.26988,0.29498,0.39498,0.62008,0.87529,0.93514,0.7,0.48996,0.38996,0.31506,0.24981,0.21467,0.20463,0.19961,0.19961,0.19961,0.20463,0.20463,0.20965,0.21467,0.22471,0.22973,0.23977,0.24479,0.25483,0.26988,0.28996,0.31969,0.33977,0.35985,0.3749,0.37992,0.38494,0.37992,0.36988,0.35985,0.34479,0.32973,0.31004,0.28996,0.27992,0.26988,0.25985,0.24981,0.24981,0.24479,0.24479,0.23977,0.23977,0.23977,0.23977,0.23977,0.24479,0.24479,0.24981,0.24981,0.25985,0.26988,0.2749,0.27992,0.28494,0.28996,0.28996,0.28996,0.28996,0.28996,0.28996,0.28996,0.28996,0.30502,0.31004,0.31004,0.30502,0.28996,0.2749,0.26486,0.25985,0.24981,0.24981,0.24981,0.25483,0.24981,0.24479,0.24479,0.24479,0.24981,0.25985,0.27992,0.38996,0.62008,0.87027,0.92548,0.66525,0.46486,0.3749,0.29498,0.22973,0.19498,0.18494,0.18494,0.18494,0.18494,0.18996,0.19498,0.19961,0.20463,0.20965,0.21969,0.22973,0.23977,0.25483,0.26988,0.28494,0.31004,0.32973,0.34981,0.36486,0.3749,0.3749,0.36988,0.35985,0.34479,0.32973,0.31004,0.29498,0.27992,0.26988,0.25985,0.24981,0.24479,0.24479,0.23977,0.24479,0.23977,0.23977,0.23977,0.23977,0.23977,0.23977,0.23977,0.23977,0.24479,0.24981,0.25985,0.25985,0.26486,0.2749,0.28494,0.28494,0.28494,0.28996,0.28996,0.28996,0.28996,0.29498,0.30502,0.31506,0.31004,0.29498,0.28494,0.2749,0.26486,0.24981,0.24479,0.24479,0.24981,0.24981,0.24479,0.23977,0.23977,0.24479,0.24981,0.24981,0.29498,0.43012,0.68031,0.90039,0.90541,0.58996,0.4251,0.34479,0.26988,0.21467,0.18494,0.17992,0.17992,0.17992,0.18494,0.18996,0.19498,0.19961,0.20463,0.20965,0.21969,0.22973,0.23977,0.24479,0.25985,0.28494,0.30502,0.32973,0.34981,0.36486,0.36988,0.3749,0.36486,0.35985,0.34479,0.32471,0.31004,0.29498,0.27992,0.26988,0.26486,0.25985,0.24981,0.24981,0.24479,0.24479,0.24479,0.24479,0.24479,0.24981,0.24981,0.24981,0.24981,0.25985,0.26486,0.2749,0.28494,0.28996,0.29498,0.3,0.30502,0.31004,0.31004,0.31004,0.31004,0.31506,0.31506,0.32471,0.33475,0.33977,0.34479,0.32471,0.31506,0.30502,0.29498,0.28996,0.28494,0.28996,0.28996,0.28494,0.28494,0.27992,0.27992,0.28494,0.28996,0.29498,0.34479,0.49498,0.75019,0.94517,0.85521,0.62008,0.46486,0.36988,0.29498,0.24479,0.21969,0.20965,0.20965,0.20965,0.20965,0.21467,0.21969,0.21969,0.22973,0.23475,0.23977,0.24981,0.26486,0.27992,0.28996,0.31506,0.33475,0.35483,0.3749,0.38494,0.38996,0.38494,0.37992,0.36988,0.35483,0.33977,0.32471,0.30502,0.28996,0.2749,0.26988,0.26486,0.25985,0.24981,0.24981,0.24479,0.24479,0.24479,0.24479,0.24479,0.24479,0.24981,0.24981,0.24981,0.25985,0.25985,0.26486,0.2749,0.27992,0.28494,0.28996,0.28996,0.28996,0.29498,0.29498,0.29498,0.29498,0.30502,0.31004,0.31506,0.31506,0.30502,0.28996,0.27992,0.26988,0.25985,0.25985,0.26486,0.25985,0.25483,0.24981,0.25483,0.25985,0.25985,0.25985,0.26988,0.33475,0.51506,0.78533,0.93514,0.78031,0.54015,0.41506,0.33475,0.25985,0.21969,0.19498,0.18494,0.18494,0.18996,0.19498,0.19961,0.20463,0.20965,0.20965,0.21969,0.22471,0.23475,0.24479,0.25985,0.26988,0.29498,0.31969,0.34479,0.35985,0.3749,0.37992,0.37992,0.36988,0.35483,0.33977,0.32471,0.30502,0.28996,0.2749,0.26486,0.25483,0.24479,0.24479,0.24479,0.23977,0.23977,0.23977,0.23977,0.23475,0.23475,0.23475,0.23475,0.23977,0.23977,0.24479,0.24981,0.25985,0.26988,0.27992,0.28494,0.28996,0.28996,0.28996,0.29498,0.28996,0.28996,0.29498,0.30502,0.31506,0.31506,0.30502,0.28996,0.28494,0.26988,0.25985,0.25985,0.25985,0.25985,0.25985,0.25483,0.24981,0.24981,0.24981,0.24981,0.24981,0.27992,0.37992,0.60502,0.86023,0.92046,0.67027,0.46988,0.3749,0.3,0.22973,0.19498,0.18494,0.17992,0.17992,0.17992,0.18494,0.19498,0.19961,0.20463,0.20965,0.21467,0.22471,0.23977,0.24479,0.25985,0.28494,0.30502,0.32471,0.34479,0.36486,0.36988,0.36988,0.36486,0.35483,0.33977,0.32471,0.30502,0.28996,0.2749,0.26486,0.25985,0.24981,0.24479,0.24479,0.24479,0.23977,0.23977,0.23977,0.23977,0.23977,0.23977,0.23977,0.23977,0.24479,0.24479,0.25483,0.25985,0.26486,0.26988,0.2749,0.28494,0.28996,0.29498,0.28996,0.28996,0.28494,0.28996,0.30502,0.31506,0.32471,0.31506,0.3,0.28996,0.2749,0.26486,0.25985,0.25483,0.25985,0.25483,0.24981,0.24479,0.24479,0.24981,0.24981,0.24981,0.25483,0.3,0.43977,0.69498,0.91042,0.91544,0.58996,0.43012,0.34981,0.2749,0.21969,0.19498,0.18494,0.18494,0.17992,0.17992,0.18494,0.18996,0.19498,0.19961,0.20463,0.20965,0.21969,0.22973,0.24479,0.25985,0.27992,0.30502,0.32973,0.34981,0.35985,0.36988,0.3749,0.35985,0.34479,0.32973,0.31969,0.31004,0.28996,0.26988,0.25985,0.25483,0.24479,0.23977,0.23977,0.23475,0.23475,0.23977,0.23977,0.23475,0.23475,0.23475,0.23977,0.23977,0.24479,0.24981,0.25985,0.26988,0.2749,0.28494,0.28996,0.28996,0.29498,0.29498,0.3,0.29498,0.29498,0.29498,0.30502,0.31969,0.32973,0.32471,0.31506,0.30502,0.29498,0.28494,0.2749,0.2749,0.2749,0.2749,0.2749,0.26988,0.26486,0.26988,0.2749,0.27992,0.28494,0.33475,0.48996,0.74517,0.93012,0.83514,0.60502,0.45483,0.36988,0.28996,0.23977,0.21969,0.20965,0.20965,0.20965,0.20965,0.21467,0.21969,0.22471,0.22973,0.23977,0.24479,0.24981,0.26486,0.27992,0.29498,0.31004,0.32973,0.35483,0.36988,0.38494,0.38996,0.38996,0.37992,0.36988,0.34981,0.33475,0.31969,0.30502,0.28996,0.27992,0.2749,0.26486,0.26486,0.25985,0.25985,0.25985,0.25985,0.25985,0.25985,0.26486,0.26486,0.26486,0.26486,0.26486,0.26988,0.2749,0.28494,0.28996,0.29498,0.3,0.30502,0.30502,0.30502,0.3,0.3,0.30502,0.30502,0.31004,0.31969,0.32471,0.32471,0.31506,0.30502,0.28996,0.2749,0.26486,0.25985,0.26486,0.26486,0.26486,0.25985,0.25483,0.25985,0.26486,0.26486,0.26988,0.30502,0.43012,0.67529,0.90541,0.93012,0.63012,0.45483,0.36988,0.28996,0.23475,0.20463,0.19498,0.18996,0.18996,0.19498,0.19961,0.20463,0.20965,0.21467,0.22471,0.22973,0.23475,0.24479,0.25483,0.2749,0.3,0.31969,0.34479,0.36486,0.3749,0.38494,0.38494,0.37992,0.36988,0.35483,0.33475,0.31969,0.30502,0.28494,0.2749,0.26486,0.25985,0.24981,0.24981,0.24981,0.24981,0.24479,0.24479,0.24479,0.24479,0.24479,0.24479,0.24479,0.24981,0.25985,0.26486,0.26988,0.2749,0.28494,0.28996,0.29498,0.3,0.30502,0.30502,0.30502,0.30502,0.30502,0.31004,0.31969,0.32471,0.31969,0.30502,0.28996,0.2749,0.26988,0.26486,0.26486,0.26486,0.25985,0.25985,0.24981,0.24981,0.24981,0.25483,0.25985,0.26486,0.30502,0.43977,0.68996,0.91544,0.93012,0.61506,0.44479,0.36486,0.28494,0.22973,0.19961,0.19498,0.19498,0.19498,0.19498,0.19498,0.19498,0.19961,0.20463,0.21969,0.22973,0.23977,0.24479,0.25985,0.2749,0.3,0.32471,0.34981,0.36988,0.3749,0.3749,0.3749,0.36486,0.35483,0.33977,0.32471,0.31004,0.29498,0.27992,0.26988,0.25985,0.24981,0.24479,0.24479,0.23977,0.23977,0.23977,0.23977,0.23475,0.23475,0.23475,0.23977,0.24479,0.24479,0.24981,0.25985,0.26486,0.26988,0.2749,0.28494,0.28494,0.28494,0.28494,0.27992,0.28494,0.28494,0.28494,0.29498,0.31004,0.31506,0.31969,0.3,0.28996,0.28494,0.26486,0.24981,0.24981,0.24981,0.25483,0.25985,0.24981,0.24479,0.24981,0.24981,0.24981,0.24981,0.29498,0.42008,0.66525,0.88533,0.90541,0.59498,0.43012,0.34981,0.2749,0.21467,0.18996,0.17992,0.17992,0.17992,0.18494,0.18996,0.19498,0.19961,0.19961,0.20463,0.20965,0.21969,0.23475,0.24479,0.26486,0.28494,0.31004,0.32973,0.35483,0.36988,0.3749,0.3749,0.36988,0.35483,0.33977,0.32973,0.31506,0.29498,0.27992,0.26988,0.25483,0.24479,0.24479,0.24479,0.24479,0.24479,0.24479,0.23977,0.23977,0.23977,0.24479,0.24479,0.24981,0.25985,0.26988,0.29498,0.33475,0.39498,0.48996,0.60502,0.71004,0.79035,0.84015,0.84517,0.83012,0.84517,0.81506,0.69498,0.51004,0.32973,0.19961,0.13475,0.10463,0.089575,0.079537,0.074517,0.074517,0.074517,0.079537,0.079537,0.074517,0.074517,0.079537,0.089575,0.094595,0.10463,0.11467,0.12973,0.15483,0.17992,0.20463,0.22471,0.23977,0.25483,0.26486,0.26988,0.26988,0.2749,0.2749,0.2749,0.2749,0.27992,0.28494,0.28996,0.28996,0.28996,0.28996,0.28996,0.28996,0.28996,0.29498,0.29498,0.29498,0.29498,0.29498,0.29498,0.29498,0.28996,0.28996,0.28996,0.28996,0.28494,0.28494,0.28494,0.28494,0.28494,0.28996,0.28996,0.28996,0.28996,0.28996,0.28494,0.27992,0.27992,0.27992,0.27992,0.27992,0.27992,0.28494,0.28494,0.28494,0.28494,0.28494,0.28494,0.28494,0.28494,0.28494,0.28494,0.28494,0.28494,0.28494,0.28996,0.28996,0.29498,0.30502,0.31506,0.32471,0.32973,0.33475,0.31969,0.31004,0.3,0.28996,0.28494,0.28494,0.28494,0.28494,0.28494,0.28494,0.28494,0.28494,0.28996,0.28996,0.32973,0.46988,0.7251,0.93514,0.94015,0.62008,0.44479,0.36486,0.28996,0.23977,0.21969,0.20965,0.20463,0.20463,0.20463,0.21467,0.21969,0.21969,0.22471,0.23475,0.24479,0.25483,0.26486,0.2749,0.28996,0.31004,0.32973,0.34981,0.3749,0.38996,0.40502,0.41004,0.41506,0.4,0.38494,0.3749,0.35985,0.34479,0.32973,0.31506,0.30502,0.28996,0.28494,0.2749,0.26486,0.25985,0.25985,0.25985,0.25483,0.24981,0.25985,0.25985,0.26486,0.26486,0.26988,0.2749,0.28494,0.28996,0.3,0.30502,0.31004,0.31506,0.31969,0.31969,0.31506,0.30502,0.30502,0.30502,0.30502,0.31004,0.32471,0.32973,0.31506,0.3,0.28996,0.2749,0.26988,0.25985,0.25985,0.25985,0.25985,0.25483,0.24981,0.24981,0.25483,0.25985,0.25985,0.26486,0.33475,0.52008,0.78533,0.91544,0.76023,0.52008,0.4,0.32471,0.25483,0.21467,0.19498,0.18494,0.18494,0.18494,0.18494,0.19498,0.19961,0.19961,0.20463,0.20965,0.21969,0.23475,0.24981,0.26486,0.2749,0.29498,0.31969,0.33475,0.35483,0.36486,0.36486,0.35985,0.35483,0.33977,0.32973,0.31004,0.29498,0.27992,0.26988,0.25985,0.24981,0.24479,0.23977,0.23475,0.23475,0.22973,0.23977,0.24479,0.24479,0.24479,0.24479,0.24981,0.24981,0.25483,0.25985,0.26486,0.26988,0.2749,0.28494,0.28494,0.28996,0.28494,0.28494,0.28494,0.28494,0.28996,0.29498,0.31004,0.31506,0.31969,0.30502,0.28996,0.27992,0.2749,0.26486,0.25985,0.25985,0.25985,0.25985,0.25483,0.24981,0.24981,0.25483,0.25985,0.25985,0.27992,0.36988,0.57992,0.85019,0.92046,0.7,0.48494,0.38996,0.31506,0.24479,0.20463,0.19498,0.18996,0.18996,0.18996,0.19498,0.19961,0.19961,0.20965,0.21467,0.21969,0.22973,0.23977,0.25483,0.26988,0.28996,0.31004,0.33475,0.35985,0.3749,0.38494,0.38494,0.3749,0.36988,0.35985,0.33977,0.32471,0.3,0.28494,0.2749,0.26486,0.25483,0.24981,0.24479,0.23977,0.23977,0.23977,0.23977,0.23977,0.23977,0.23977,0.23977,0.24479,0.24479,0.24981,0.25985,0.26486,0.2749,0.28494,0.28996,0.28996,0.28996,0.29498,0.29498,0.29498,0.28996,0.28996,0.29498,0.30502,0.31506,0.31506,0.30502,0.28996,0.2749,0.26486,0.24981,0.24479,0.24981,0.24981,0.24981,0.24479,0.23977,0.23977,0.24479,0.24479,0.24981,0.26486,0.35483,0.56486,0.83012,0.90541,0.68996,0.4749,0.36988,0.28996,0.22471,0.18996,0.17992,0.17992,0.1749,0.1749,0.17992,0.18494,0.18996,0.19498,0.19961,0.20965,0.21969,0.22973,0.24479,0.25483,0.26988,0.29498,0.31969,0.33475,0.35483,0.35985,0.36486,0.35985,0.35483,0.33475,0.32471,0.31004,0.29498,0.27992,0.26988,0.26486,0.25985,0.24981,0.24479,0.24479,0.24479,0.23977,0.23977,0.23977,0.23977,0.24479,0.24981,0.25483,0.25985,0.26486,0.26988,0.2749,0.28494,0.29498,0.30502,0.31004,0.31004,0.31004,0.31004,0.31004,0.31004,0.31004,0.31004,0.31969,0.32973,0.33475,0.32973,0.31506,0.31004,0.29498,0.28996,0.28494,0.27992,0.28494,0.28494,0.27992,0.2749,0.2749,0.2749,0.27992,0.27992,0.3,0.38494,0.58996,0.86023,0.94015,0.74015,0.5251,0.41506,0.32973,0.26486,0.22471,0.20965,0.20463,0.20463,0.20965,0.21467,0.21969,0.22471,0.22973,0.23977,0.23977,0.24981,0.25985,0.26988,0.27992,0.3,0.32973,0.34981,0.36988,0.38996,0.4,0.4,0.39498,0.37992,0.36988,0.34981,0.32973,0.31506,0.3,0.28996,0.2749,0.26988,0.26486,0.25985,0.25985,0.25483,0.24981,0.24479,0.24479,0.24981,0.24981,0.24981,0.24981,0.25985,0.26486,0.26988,0.2749,0.28494,0.28494,0.28996,0.29498,0.30502,0.31004,0.31004,0.31004,0.30502,0.30502,0.31004,0.31969,0.32973,0.33475,0.32471,0.30502,0.29498,0.28494,0.26988,0.26988,0.26486,0.26486,0.26486,0.25985,0.25483,0.25483,0.25985,0.25985,0.25985,0.27992,0.36988,0.58494,0.85019,0.92548,0.7,0.48996,0.38996,0.31004,0.24479,0.20463,0.19498,0.18996,0.18996,0.18996,0.19498,0.19961,0.20463,0.20463,0.21467,0.21969,0.22471,0.23977,0.24981,0.26486,0.28494,0.30502,0.32471,0.34981,0.36486,0.3749,0.37992,0.36988,0.35985,0.34981,0.32973,0.31004,0.29498,0.27992,0.26988,0.25985,0.24981,0.24479,0.23977,0.23977,0.23977,0.23475,0.23475,0.23475,0.23475,0.23977,0.23977,0.23977,0.23977,0.24981,0.26486,0.26988,0.26988,0.2749,0.27992,0.28494,0.28494,0.28996,0.28996,0.28996,0.28996,0.28996,0.29498,0.30502,0.31004,0.31506,0.31004,0.29498,0.28494,0.2749,0.26486,0.25985,0.25985,0.25985,0.25985,0.25985,0.25483,0.25483,0.25985,0.25985,0.25985,0.2749,0.35483,0.54517,0.81506,0.92548,0.74015,0.51004,0.4,0.31969,0.24981,0.20463,0.19961,0.19498,0.19498,0.19498,0.19961,0.19961,0.20463,0.20965,0.21969,0.22471,0.22973,0.24479,0.24981,0.26486,0.28996,0.31004,0.32973,0.34981,0.36988,0.3749,0.37992,0.3749,0.36486,0.34981,0.33475,0.31969,0.30502,0.28494,0.26988,0.25985,0.24981,0.24479,0.23977,0.23475,0.22973,0.22973,0.22973,0.22973,0.22973,0.22973,0.22973,0.22973,0.23977,0.24479,0.24981,0.25985,0.26486,0.26988,0.26988,0.2749,0.28494,0.28494,0.28996,0.28996,0.28494,0.28494,0.27992,0.28996,0.30502,0.31004,0.31506,0.3,0.28996,0.27992,0.26988,0.26486,0.26486,0.26486,0.26486,0.25985,0.24981,0.24981,0.24981,0.25985,0.25985,0.25985,0.29498,0.42008,0.66023,0.88533,0.91042,0.63012,0.46988,0.37992,0.3,0.24479,0.20965,0.20463,0.19961,0.19961,0.20463,0.20965,0.21969,0.21969,0.22471,0.22973,0.23475,0.24479,0.25483,0.26988,0.28996,0.31004,0.32973,0.34981,0.36988,0.38494,0.39498,0.39498,0.38494,0.37992,0.36988,0.35483,0.33475,0.31969,0.30502,0.28996,0.28494,0.2749,0.26486,0.26486,0.26486,0.26486,0.26486,0.26486,0.25985,0.25985,0.25985,0.26486,0.26486,0.26988,0.2749,0.27992,0.28996,0.29498,0.3,0.30502,0.31004,0.31004,0.31004,0.31004,0.30502,0.30502,0.3,0.30502,0.31506,0.32471,0.32973,0.32973,0.31506,0.30502,0.29498,0.28494,0.2749,0.26988,0.26988,0.26988,0.26988,0.26486,0.26486,0.26486,0.26988,0.26988,0.2749,0.31969,0.45985,0.71506,0.92046,0.92548,0.60502,0.44479,0.35985,0.27992,0.22973,0.20463,0.19498,0.19498,0.19961,0.19961,0.20463,0.20965,0.20965,0.21969,0.22471,0.22973,0.23977,0.24981,0.26486,0.28494,0.30502,0.32973,0.35483,0.3749,0.38494,0.39498,0.39498,0.38494,0.3749,0.35985,0.33977,0.32471,0.30502,0.28996,0.2749,0.26486,0.25985,0.25483,0.24981,0.24981,0.24981,0.24981,0.24981,0.24981,0.24981,0.24981,0.24981,0.24981,0.25483,0.25985,0.26486,0.26988,0.2749,0.2749,0.27992,0.28494,0.29498,0.29498,0.29498,0.29498,0.28996,0.28996,0.29498,0.30502,0.31506,0.31969,0.30502,0.28996,0.27992,0.26988,0.26486,0.25985,0.25985,0.25985,0.25985,0.25985,0.24981,0.24981,0.25985,0.26486,0.25985,0.27992,0.38494,0.61004,0.86525,0.92548,0.67529,0.4749,0.37992,0.3,0.23475,0.19961,0.18996,0.18996,0.18996,0.19498,0.19498,0.19961,0.20463,0.20463,0.20965,0.21969,0.22471,0.23977,0.25483,0.26486,0.28494,0.30502,0.32973,0.34981,0.36988,0.3749,0.37992,0.36988,0.35985,0.34479,0.32973,0.31004,0.28996,0.2749,0.25985,0.24981,0.24479,0.23977,0.23977,0.23977,0.23475,0.23475,0.23475,0.23475,0.23977,0.23977,0.24479,0.24479,0.24479,0.24981,0.25985,0.26486,0.26988,0.2749,0.2749,0.27992,0.28494,0.28494,0.28494,0.28494,0.28494,0.28494,0.28494,0.3,0.31004,0.31506,0.31004,0.29498,0.28494,0.2749,0.26486,0.25985,0.25985,0.26486,0.26486,0.25985,0.25483,0.25483,0.25985,0.25985,0.25985,0.26988,0.33977,0.53012,0.80502,0.93514,0.76023,0.5251,0.41004,0.32471,0.25483,0.20965,0.19498,0.18996,0.18494,0.18494,0.18996,0.19498,0.19961,0.20463,0.20965,0.21969,0.22471,0.23977,0.24981,0.26486,0.28494,0.31004,0.33475,0.35483,0.36988,0.37992,0.38494,0.38996,0.37992,0.36486,0.34981,0.32973,0.31004,0.29498,0.28494,0.26988,0.26486,0.25483,0.24981,0.24981,0.24479,0.23977,0.23977,0.23977,0.23977,0.23977,0.24479,0.24981,0.25483,0.24981,0.25985,0.26486,0.2749,0.27992,0.28494,0.28996,0.29498,0.29498,0.29498,0.29498,0.29498,0.29498,0.29498,0.29498,0.31004,0.31506,0.31506,0.30502,0.28996,0.27992,0.26486,0.25985,0.25985,0.25483,0.24981,0.24981,0.24981,0.24479,0.24479,0.24981,0.24981,0.24981,0.28996,0.42008,0.67027,0.90039,0.92046,0.61506,0.44479,0.35985,0.27992,0.21969,0.18996,0.17992,0.17992,0.17992,0.17992,0.17992,0.18494,0.18996,0.19498,0.20463,0.21467,0.22471,0.23475,0.24479,0.26486,0.28494,0.30502,0.32471,0.34981,0.35985,0.36486,0.36988,0.35483,0.33977,0.33475,0.31969,0.3,0.2749,0.26486,0.25483,0.24479,0.23475,0.22973,0.22973,0.22973,0.22973,0.22973,0.22471,0.22973,0.22471,0.22471,0.22973,0.23475,0.23977,0.24479,0.24981,0.25483,0.26486,0.26988,0.27992,0.28996,0.29498,0.29498,0.28996,0.28996,0.28996,0.28996,0.28996,0.30502,0.31506,0.31969,0.31506,0.30502,0.29498,0.28494,0.2749,0.26486,0.26486,0.26486,0.26486,0.26486,0.26486,0.26486,0.26988,0.26988,0.26988,0.27992,0.34479,0.5251,0.79035,0.93012,0.79035,0.56486,0.43514,0.35483,0.27992,0.23977,0.21969,0.20965,0.20965,0.21467,0.21969,0.21969,0.22471,0.22973,0.23977,0.24479,0.24981,0.25985,0.26988,0.28494,0.30502,0.32973,0.34981,0.36988,0.37992,0.39498,0.4,0.4,0.38996,0.37992,0.36486,0.34479,0.32471,0.31004,0.28996,0.27992,0.26988,0.26486,0.26486,0.26486,0.25985,0.25985,0.25985,0.25985,0.25985,0.25985,0.25985,0.25985,0.25985,0.26486,0.26988,0.2749,0.28494,0.28996,0.29498,0.3,0.30502,0.30502,0.30502,0.30502,0.30502,0.30502,0.30502,0.3,0.30502,0.31506,0.32471,0.32471,0.31506,0.3,0.28996,0.27992,0.26988,0.25985,0.25985,0.26486,0.26486,0.25985,0.25985,0.25985,0.26486,0.26486,0.26486,0.28996,0.39498,0.6251,0.88031,0.94015,0.68494,0.4749,0.37992,0.3,0.23977,0.20463,0.19498,0.18996,0.18996,0.19498,0.19498,0.19498,0.20463,0.20965,0.21467,0.21969,0.22973,0.23977,0.25483,0.26988,0.28494,0.31004,0.32973,0.35483,0.36988,0.37992,0.37992,0.3749,0.36486,0.34981,0.32973,0.31004,0.29498,0.27992,0.26988,0.25985,0.24981,0.24479,0.23977,0.23977,0.23475,0.23475,0.23475,0.23475,0.23475,0.23977,0.23977,0.24479,0.24479,0.24981,0.25483,0.25985,0.26486,0.26988,0.2749,0.28494,0.28996,0.29498,0.29498,0.28996,0.28996,0.28996,0.28996,0.29498,0.30502,0.31506,0.30502,0.28996,0.27992,0.26486,0.25483,0.24981,0.24981,0.24981,0.24981,0.24479,0.24479,0.24479,0.24479,0.24981,0.25483,0.25985,0.31506,0.46988,0.73514,0.92046,0.81506,0.56988,0.4251,0.34479,0.26988,0.21969,0.19498,0.18494,0.18494,0.18494,0.18996,0.19498,0.19961,0.20463,0.20965,0.20965,0.21969,0.22471,0.23977,0.25483,0.26988,0.28996,0.31004,0.33475,0.35483,0.3749,0.37992,0.3749,0.36988,0.35483,0.33475,0.32471,0.31004,0.28996,0.26988,0.25985,0.24981,0.24479,0.23977,0.23475,0.22973,0.22973,0.22973,0.22973,0.22973,0.23475,0.23977,0.23977,0.24479,0.24479,0.25483,0.25985,0.26486,0.26988,0.2749,0.27992,0.28494,0.28996,0.28996,0.28996,0.28996,0.29498,0.28996,0.29498,0.30502,0.31506,0.31969,0.31004,0.29498,0.28494,0.2749,0.26486,0.25483,0.25483,0.25985,0.25985,0.25483,0.24981,0.24981,0.24981,0.25483,0.25483,0.26988,0.34981,0.54517,0.81004,0.93012,0.75019,0.52008,0.4,0.31969,0.24981,0.20463,0.19498,0.18996,0.18494,0.18494,0.18996,0.19498,0.19961,0.20463,0.20965,0.21969,0.22471,0.22973,0.24479,0.25985,0.28494,0.30502,0.32471,0.34479,0.36486,0.3749,0.37992,0.3749,0.36988,0.34981,0.33475,0.31506,0.3,0.28494,0.26988,0.25985,0.25483,0.24981,0.23977,0.23977,0.23977,0.23977,0.23977,0.23977,0.23475,0.23977,0.24479,0.24479,0.24981,0.24981,0.25985,0.26486,0.26988,0.27992,0.28996,0.29498,0.29498,0.29498,0.29498,0.29498,0.29498,0.28996,0.28996,0.28996,0.30502,0.31506,0.31969,0.31004,0.29498,0.28494,0.2749,0.26486,0.26486,0.26486,0.26486,0.26486,0.25985,0.25985,0.25985,0.26486,0.26486,0.26486,0.28996,0.39498,0.62008,0.87529,0.93514,0.68031,0.4749,0.38494,0.31004,0.24981,0.21467,0.19961,0.19498,0.19498,0.19498,0.19961,0.20463,0.20965,0.21467,0.21969,0.22973,0.22973,0.23977,0.25483,0.26988,0.28996,0.31004,0.33475,0.35985,0.3749,0.37992,0.38494,0.37992,0.36988,0.35483,0.33977,0.31969,0.3,0.28494,0.26988,0.25985,0.25483,0.24981,0.24479,0.24479,0.23977,0.22973,0.22973,0.23475,0.23977,0.23977,0.23977,0.24479,0.24479,0.24981,0.25985,0.26486,0.26988,0.2749,0.28494,0.28494,0.28996,0.28996,0.28996,0.28494,0.28494,0.28494,0.28494,0.28996,0.30502,0.31004,0.30502,0.28996,0.27992,0.26988,0.25985,0.25483,0.24981,0.24981,0.25483,0.24981,0.24981,0.24981,0.24981,0.24981,0.25483,0.25985,0.3,0.4251,0.67027,0.88533,0.90039,0.6,0.44479,0.36486,0.28494,0.22471,0.19961,0.18996,0.18996,0.19498,0.19961,0.19961,0.20463,0.20965,0.21467,0.22471,0.22973,0.23977,0.24981,0.25985,0.2749,0.28996,0.31004,0.33475,0.35483,0.36988,0.3749,0.37992,0.36988,0.35985,0.34981,0.33475,0.31969,0.31004,0.29498,0.28494,0.2749,0.26988,0.26486,0.26486,0.25985,0.25985,0.25985,0.25985,0.25985,0.25985,0.26486,0.2749,0.28996,0.31506,0.35483,0.39498,0.41506,0.45985,0.53514,0.62008,0.7,0.74517,0.7251,0.64517,0.56023,0.51004,0.50502,0.47992,0.44479,0.38494,0.30502,0.22471,0.16988,0.14479,0.13475,0.12973,0.11969,0.11969,0.12471,0.12973,0.12973,0.13475,0.12973,0.13475,0.14479,0.15985,0.17992,0.20463,0.22973,0.25483,0.27992,0.30502,0.31969,0.32973,0.33475,0.33475,0.32973,0.32471,0.31969,0.31004,0.30502,0.29498,0.28996,0.28996,0.28494,0.28494,0.28494,0.28494,0.27992,0.27992,0.28494,0.28494,0.28494,0.28494,0.27992,0.27992,0.27992,0.27992,0.27992,0.27992,0.27992,0.27992,0.2749,0.2749,0.2749,0.2749,0.2749,0.2749,0.2749,0.2749,0.2749,0.2749,0.2749,0.2749,0.2749,0.27992,0.28494,0.28494,0.28494,0.27992,0.27992,0.27992,0.27992,0.28494,0.28494,0.28494,0.28494,0.28494,0.28494,0.28494,0.28494,0.28494,0.28494,0.28494,0.28996,0.28996,0.29498,0.31004,0.32471,0.32973,0.33475,0.31506,0.30502,0.29498,0.28494,0.28494,0.28494,0.28494,0.27992,0.2749,0.26988,0.26988,0.2749,0.28494,0.28494,0.33475,0.47992,0.73514,0.94015,0.85521,0.6,0.43977,0.36486,0.29498,0.24479,0.21467,0.20965,0.20463,0.20463,0.20965,0.20965,0.21467,0.21969,0.22471,0.23475,0.24479,0.24981,0.26486,0.2749,0.28494,0.30502,0.32973,0.34981,0.36988,0.38494,0.39498,0.4,0.4,0.38996,0.37992,0.36486,0.34981,0.33475,0.31969,0.31004,0.29498,0.28494,0.2749,0.26486,0.26486,0.26486,0.25985,0.25985,0.25985,0.25985,0.25985,0.25985,0.26486,0.26486,0.2749,0.27992,0.28996,0.29498,0.3,0.30502,0.31004,0.31506,0.31506,0.31004,0.31004,0.30502,0.3,0.29498,0.29498,0.30502,0.31506,0.31969,0.32471,0.30502,0.28996,0.2749,0.26486,0.25985,0.25483,0.25483,0.25483,0.25483,0.24981,0.24479,0.24479,0.24479,0.24981,0.24479,0.2749,0.4,0.64015,0.87529,0.91544,0.62008,0.43514,0.34981,0.2749,0.22471,0.19498,0.17992,0.17992,0.17992,0.18494,0.18494,0.19498,0.19961,0.20463,0.20463,0.21467,0.22471,0.23977,0.24981,0.25985,0.28494,0.30502,0.32471,0.34479,0.35483,0.35985,0.35985,0.35483,0.34981,0.33475,0.32471,0.30502,0.28996,0.2749,0.26486,0.24981,0.24479,0.23977,0.23977,0.23977,0.23977,0.23977,0.23977,0.23977,0.23977,0.23977,0.23977,0.24479,0.24479,0.25985,0.26486,0.26486,0.26988,0.2749,0.27992,0.28494,0.28996,0.28996,0.28996,0.28494,0.28494,0.28494,0.28494,0.28996,0.30502,0.31506,0.31004,0.29498,0.28494,0.26988,0.25985,0.25985,0.25985,0.25985,0.25985,0.25483,0.24981,0.24981,0.24981,0.25985,0.25985,0.26486,0.33475,0.52008,0.79035,0.92046,0.75521,0.51506,0.39498,0.31969,0.24981,0.20965,0.18996,0.17992,0.17992,0.18494,0.18996,0.19498,0.19961,0.20463,0.21467,0.21969,0.22471,0.22973,0.24479,0.25985,0.26988,0.3,0.31969,0.34479,0.36486,0.3749,0.3749,0.36988,0.35985,0.35483,0.33977,0.32471,0.30502,0.28996,0.2749,0.26486,0.24981,0.23977,0.23977,0.23475,0.22973,0.22973,0.22973,0.22973,0.22973,0.22973,0.22973,0.23977,0.24479,0.24981,0.25985,0.25985,0.26988,0.2749,0.28494,0.28996,0.28996,0.29498,0.29498,0.29498,0.28996,0.28996,0.29498,0.3,0.31004,0.31506,0.31969,0.30502,0.29498,0.28494,0.2749,0.26486,0.25985,0.26486,0.26486,0.26486,0.25985,0.25985,0.26486,0.26988,0.2749,0.2749,0.31004,0.43514,0.67027,0.90039,0.93514,0.65521,0.47992,0.39498,0.31506,0.25985,0.22471,0.21969,0.21467,0.21467,0.21969,0.21969,0.22471,0.22973,0.23475,0.24479,0.24981,0.25985,0.26486,0.27992,0.29498,0.31506,0.33475,0.35483,0.3749,0.38996,0.39498,0.38996,0.38494,0.3749,0.35985,0.34479,0.32973,0.31004,0.29498,0.28494,0.2749,0.26988,0.26486,0.26486,0.25985,0.25985,0.25985,0.25985,0.25985,0.25985,0.25985,0.25985,0.26486,0.26486,0.26988,0.2749,0.28494,0.28996,0.29498,0.29498,0.3,0.30502,0.3,0.29498,0.29498,0.29498,0.28996,0.28996,0.29498,0.30502,0.31506,0.31969,0.31506,0.30502,0.28996,0.27992,0.26988,0.26486,0.26486,0.26486,0.26988,0.26988,0.25985,0.25985,0.25985,0.26486,0.26486,0.26988,0.33475,0.52008,0.79035,0.93514,0.78031,0.53514,0.41004,0.32973,0.25985,0.21969,0.19498,0.18996,0.18996,0.18996,0.19498,0.19498,0.19961,0.20463,0.20965,0.21969,0.22973,0.23977,0.24981,0.26486,0.28494,0.30502,0.32973,0.34981,0.36988,0.37992,0.38494,0.37992,0.3749,0.36486,0.34981,0.32973,0.31506,0.29498,0.28494,0.26988,0.26486,0.25483,0.24981,0.24479,0.24479,0.23977,0.23977,0.23977,0.23977,0.23977,0.23977,0.24479,0.24479,0.24981,0.25985,0.26486,0.26988,0.2749,0.27992,0.28494,0.28996,0.28996,0.28996,0.28996,0.28996,0.28996,0.29498,0.3,0.30502,0.31506,0.31506,0.30502,0.28494,0.2749,0.26486,0.25985,0.25483,0.25483,0.25985,0.25985,0.24981,0.24981,0.24479,0.24981,0.25483,0.25483,0.27992,0.39498,0.63012,0.88031,0.93012,0.66023,0.45985,0.3749,0.29498,0.22973,0.19498,0.18494,0.17992,0.17992,0.18494,0.18996,0.19498,0.19961,0.20463,0.21467,0.21969,0.22973,0.23977,0.24981,0.26486,0.28494,0.31004,0.33475,0.35483,0.36988,0.3749,0.37992,0.36988,0.35483,0.33977,0.32973,0.31004,0.28996,0.2749,0.26486,0.25483,0.24479,0.24479,0.23977,0.23977,0.23475,0.23475,0.23475,0.23977,0.23475,0.23475,0.23977,0.24479,0.24981,0.24981,0.25483,0.25985,0.26486,0.26988,0.26988,0.2749,0.27992,0.28494,0.28494,0.27992,0.28494,0.27992,0.27992,0.28996,0.3,0.30502,0.3,0.28996,0.2749,0.26988,0.25985,0.24981,0.24981,0.24981,0.24981,0.24981,0.24479,0.24479,0.24479,0.24981,0.24981,0.25483,0.31969,0.49498,0.76023,0.91042,0.77027,0.53012,0.40502,0.32471,0.25483,0.20965,0.18996,0.18494,0.18494,0.18494,0.18494,0.18996,0.19498,0.20463,0.20965,0.20965,0.21969,0.22973,0.24479,0.25985,0.2749,0.3,0.31969,0.33977,0.35483,0.36988,0.3749,0.3749,0.36486,0.35483,0.33977,0.32471,0.31004,0.28996,0.27992,0.26486,0.25483,0.24981,0.24981,0.24981,0.24479,0.24479,0.24479,0.24479,0.24479,0.24479,0.24479,0.24479,0.25483,0.26486,0.26988,0.2749,0.27992,0.28996,0.29498,0.3,0.30502,0.31004,0.31004,0.31004,0.31004,0.31004,0.31004,0.31506,0.32471,0.33475,0.33475,0.32973,0.31506,0.30502,0.29498,0.28996,0.28494,0.28494,0.28494,0.28494,0.27992,0.2749,0.2749,0.27992,0.28494,0.28996,0.31506,0.42008,0.64517,0.90039,0.96023,0.71004,0.51004,0.40502,0.31969,0.25985,0.22471,0.21969,0.20965,0.20965,0.20965,0.21969,0.21969,0.21969,0.22471,0.22973,0.23977,0.24981,0.25985,0.26988,0.28494,0.30502,0.32471,0.34479,0.36486,0.37992,0.38996,0.39498,0.38494,0.3749,0.35985,0.34981,0.32973,0.31506,0.29498,0.28494,0.26988,0.26486,0.25985,0.25985,0.24981,0.24981,0.25483,0.25483,0.25483,0.25483,0.25483,0.25985,0.25985,0.26486,0.26486,0.26988,0.2749,0.27992,0.28494,0.28996,0.29498,0.3,0.30502,0.30502,0.29498,0.29498,0.29498,0.3,0.31004,0.31506,0.31969,0.31004,0.3,0.28996,0.27992,0.26988,0.26486,0.26486,0.26486,0.26486,0.25985,0.25483,0.24981,0.25985,0.26486,0.26486,0.27992,0.35985,0.55019,0.81506,0.93012,0.75019,0.52008,0.40502,0.32471,0.25483,0.21467,0.19961,0.19498,0.19498,0.19498,0.19961,0.19961,0.20463,0.20965,0.21467,0.21969,0.22973,0.23977,0.24981,0.25985,0.27992,0.3,0.32471,0.34981,0.36988,0.37992,0.38494,0.3749,0.36486,0.35483,0.33977,0.32471,0.30502,0.28996,0.2749,0.26486,0.24981,0.24479,0.24479,0.23977,0.23475,0.23475,0.23475,0.23475,0.23475,0.23977,0.23977,0.24479,0.24479,0.24981,0.25483,0.25985,0.26988,0.2749,0.2749,0.27992,0.28494,0.28996,0.28996,0.28996,0.28996,0.28996,0.28996,0.29498,0.30502,0.31004,0.31004,0.29498,0.27992,0.26988,0.26486,0.25985,0.25985,0.25985,0.25985,0.25483,0.24981,0.24479,0.24479,0.24981,0.24981,0.25483,0.30502,0.45985,0.7251,0.92046,0.82008,0.56988,0.42008,0.34479,0.26486,0.21969,0.19498,0.18494,0.18494,0.18494,0.18494,0.18494,0.18996,0.19498,0.19961,0.20463,0.20965,0.22471,0.22973,0.24479,0.26486,0.28996,0.31506,0.33475,0.35483,0.36988,0.3749,0.36988,0.35985,0.34981,0.33475,0.31506,0.3,0.28494,0.2749,0.25985,0.24981,0.24479,0.23977,0.23475,0.23475,0.23475,0.22973,0.22973,0.22973,0.22973,0.22973,0.23977,0.23977,0.23977,0.24981,0.25483,0.25985,0.26988,0.2749,0.2749,0.28494,0.28494,0.27992,0.27992,0.2749,0.2749,0.28494,0.29498,0.30502,0.31004,0.31506,0.29498,0.27992,0.26988,0.25985,0.24981,0.24479,0.24479,0.24479,0.24981,0.24479,0.23977,0.24479,0.24479,0.24479,0.24479,0.2749,0.39498,0.64015,0.88533,0.92046,0.62008,0.43977,0.34981,0.2749,0.21467,0.18996,0.17992,0.17992,0.17992,0.17992,0.17992,0.18996,0.19498,0.19961,0.20463,0.21969,0.22471,0.23475,0.24479,0.26486,0.28494,0.31004,0.32973,0.34981,0.36486,0.36988,0.3749,0.36988,0.35483,0.33977,0.32471,0.30502,0.28996,0.2749,0.26988,0.25985,0.24981,0.23977,0.23977,0.23977,0.23977,0.23475,0.23977,0.23475,0.23475,0.23977,0.24479,0.24981,0.25483,0.26486,0.26988,0.2749,0.2749,0.28494,0.28996,0.29498,0.29498,0.30502,0.3,0.3,0.3,0.3,0.3,0.31004,0.31969,0.32973,0.32471,0.31004,0.30502,0.28996,0.28494,0.27992,0.27992,0.28494,0.28494,0.28494,0.2749,0.2749,0.27992,0.28494,0.28494,0.28996,0.36486,0.55019,0.81506,0.94517,0.79035,0.56023,0.43514,0.34981,0.2749,0.23475,0.21467,0.20965,0.20965,0.21467,0.21467,0.21969,0.22471,0.22973,0.23977,0.24479,0.24981,0.25985,0.26988,0.28494,0.3,0.31969,0.33977,0.35985,0.37992,0.38996,0.39498,0.38494,0.3749,0.36486,0.34981,0.33475,0.31506,0.29498,0.28494,0.2749,0.26988,0.26486,0.25985,0.24981,0.24981,0.25483,0.25483,0.25483,0.25483,0.25985,0.25985,0.25985,0.26486,0.26486,0.26988,0.2749,0.27992,0.28494,0.28996,0.28996,0.29498,0.29498,0.29498,0.28996,0.28996,0.28996,0.28996,0.28996,0.3,0.31004,0.31506,0.31004,0.29498,0.28494,0.26988,0.26486,0.25985,0.26486,0.26486,0.25985,0.25985,0.25483,0.25985,0.25985,0.25985,0.25985,0.2749,0.34479,0.5251,0.79537,0.93514,0.78031,0.53514,0.41004,0.32973,0.25985,0.21467,0.19961,0.18996,0.18996,0.19498,0.19961,0.19961,0.20463,0.20965,0.21969,0.22471,0.23475,0.24479,0.25483,0.26988,0.28494,0.30502,0.32973,0.35483,0.3749,0.38494,0.38996,0.38494,0.37992,0.36486,0.34981,0.32973,0.31004,0.28996,0.2749,0.26486,0.24981,0.24479,0.24479,0.24479,0.24479,0.24479,0.24479,0.24479,0.24981,0.24479,0.24479,0.24981,0.24981,0.25985,0.25985,0.26486,0.26988,0.28494,0.28996,0.29498,0.3,0.3,0.3,0.3,0.3,0.3,0.3,0.30502,0.31506,0.32471,0.31969,0.30502,0.28996,0.28494,0.26988,0.26486,0.26486,0.26486,0.26486,0.26486,0.25985,0.25985,0.25985,0.25985,0.26486,0.26486,0.30502,0.43977,0.68494,0.90541,0.92548,0.62008,0.44981,0.36486,0.28494,0.22973,0.19961,0.19498,0.18996,0.18996,0.19498,0.19498,0.19961,0.20463,0.20463,0.20965,0.22471,0.22973,0.24479,0.25985,0.26988,0.29498,0.31969,0.33977,0.35985,0.3749,0.37992,0.3749,0.36988,0.35985,0.33977,0.32471,0.30502,0.28996,0.2749,0.26988,0.25985,0.24981,0.24479,0.23977,0.23977,0.23977,0.23977,0.23977,0.23977,0.23977,0.23977,0.23977,0.24479,0.24981,0.25483,0.25985,0.26486,0.26988,0.2749,0.28494,0.28494,0.28996,0.28996,0.28996,0.28996,0.28996,0.28996,0.28996,0.29498,0.31004,0.31506,0.31506,0.31004,0.32973,0.36486,0.42008,0.5,0.58996,0.65019,0.71004,0.76023,0.78533,0.77027,0.76023,0.71506,0.61004,0.45483,0.29498,0.16486,0.099614,0.079537,0.069884,0.069884,0.069884,0.069884,0.069884,0.074517,0.074517,0.074517,0.074517,0.074517,0.079537,0.079537,0.089575,0.10463,0.12471,0.14981,0.16988,0.18996,0.21467,0.22973,0.24479,0.24981,0.25985,0.25985,0.25985,0.25985,0.25483,0.24981,0.24981,0.24981,0.24981,0.24981,0.24981,0.25483,0.25985,0.26486,0.26486,0.26988,0.2749,0.2749,0.27992,0.28494,0.28494,0.28996,0.28996,0.28996,0.28996,0.28494,0.28494,0.28494,0.28494,0.28494,0.28494,0.27992,0.27992,0.2749,0.2749,0.2749,0.2749,0.27992,0.27992,0.28996,0.28996,0.29498,0.31004,0.31969,0.32471,0.31506,0.30502,0.29498,0.28494,0.2749,0.26988,0.2749,0.2749,0.27992,0.2749,0.26988,0.26988,0.2749,0.28494,0.27992,0.30502,0.41506,0.63514,0.88031,0.93514,0.68494,0.48996,0.39498,0.31506,0.25483,0.21969,0.20965,0.20463,0.20463,0.20965,0.21467,0.21969,0.22471,0.22973,0.23475,0.24479,0.25985,0.26988,0.27992,0.29498,0.31004,0.33475,0.35483,0.37992,0.39498,0.41506,0.4251,0.43012,0.4251,0.41506,0.4,0.38494,0.36486,0.34981,0.33475,0.32471,0.31506,0.31004,0.30502,0.3,0.29498,0.28996,0.28996,0.28996,0.28494,0.28494,0.28494,0.28494,0.28996,0.29498,0.30502,0.31004,0.31506,0.32471,0.32973,0.33475,0.33977,0.33977,0.33977,0.33977,0.33475,0.33475,0.33475,0.33475,0.33475,0.33977,0.34981,0.34479,0.32973,0.31506,0.30502,0.29498,0.28494,0.27992,0.27992,0.27992,0.2749,0.2749,0.26988,0.26988,0.2749,0.27992,0.28494,0.32973,0.47992,0.74015,0.93514,0.84015,0.6,0.44479,0.34981,0.2749,0.22973,0.20463,0.19961,0.19961,0.19961,0.20463,0.20965,0.21467,0.21969,0.21969,0.22973,0.23977,0.24479,0.24981,0.26486,0.27992,0.3,0.32471,0.34479,0.36486,0.37992,0.37992,0.3749,0.36486,0.35483,0.33977,0.32973,0.31506,0.3,0.28494,0.26988,0.25985,0.24981,0.24981,0.24479,0.24479,0.24479,0.24479,0.24479,0.24479,0.24479,0.24479,0.24479,0.24981,0.25483,0.25985,0.26486,0.26988,0.26988,0.2749,0.2749,0.27992,0.28494,0.28494,0.28494,0.27992,0.2749,0.2749,0.28996,0.3,0.31004,0.31004,0.3,0.28494,0.2749,0.26988,0.26486,0.25985,0.25985,0.25985,0.25985,0.25985,0.25985,0.25985,0.25985,0.25985,0.25985,0.28494,0.37992,0.59498,0.85521,0.92548,0.7,0.48996,0.38996,0.31004,0.24479,0.20965,0.19498,0.19498,0.19498,0.19498,0.19961,0.20463,0.20463,0.20965,0.21969,0.22471,0.22973,0.24479,0.25985,0.2749,0.28996,0.31004,0.33475,0.35483,0.3749,0.38494,0.38996,0.38494,0.3749,0.35985,0.34479,0.32471,0.31004,0.28996,0.2749,0.26486,0.25483,0.24981,0.24479,0.23977,0.23977,0.23977,0.23977,0.23977,0.23977,0.23977,0.23977,0.24479,0.24479,0.24479,0.25985,0.26486,0.26486,0.26988,0.2749,0.27992,0.28494,0.28996,0.28494,0.28494,0.28494,0.28494,0.28494,0.28996,0.3,0.30502,0.31004,0.29498,0.28494,0.26988,0.26486,0.25483,0.24981,0.24981,0.24981,0.24981,0.24981,0.24479,0.24981,0.24981,0.25483,0.25483,0.28494,0.41004,0.65521,0.89537,0.92548,0.63514,0.45483,0.36988,0.28996,0.22973,0.19498,0.18494,0.18494,0.18494,0.18494,0.19498,0.19961,0.19961,0.20463,0.20965,0.21969,0.22471,0.23977,0.25483,0.2749,0.29498,0.31969,0.33475,0.35483,0.36988,0.37992,0.37992,0.3749,0.35985,0.34479,0.32973,0.31004,0.28996,0.2749,0.26486,0.25483,0.24479,0.24479,0.23977,0.23977,0.23977,0.23475,0.23475,0.23977,0.23977,0.23977,0.23977,0.24479,0.24479,0.24981,0.25985,0.26486,0.26988,0.2749,0.2749,0.28494,0.28494,0.28494,0.28494,0.28494,0.28996,0.28494,0.28494,0.29498,0.31004,0.31506,0.31969,0.30502,0.28996,0.2749,0.26486,0.25985,0.25985,0.25985,0.25985,0.25985,0.25483,0.24981,0.24981,0.25483,0.25985,0.25985,0.3,0.43514,0.68996,0.91042,0.93012,0.62008,0.44479,0.35985,0.27992,0.22973,0.19961,0.19498,0.19498,0.19498,0.19961,0.19961,0.20463,0.20965,0.21467,0.21969,0.22973,0.24479,0.25483,0.26486,0.27992,0.3,0.32471,0.34981,0.36988,0.37992,0.38996,0.38494,0.37992,0.36988,0.35483,0.33475,0.31969,0.30502,0.28494,0.26988,0.26486,0.25985,0.24981,0.24981,0.24479,0.24479,0.23977,0.23977,0.23977,0.24479,0.24479,0.24479,0.24981,0.25483,0.25985,0.26486,0.26988,0.2749,0.28494,0.28494,0.28996,0.28996,0.29498,0.29498,0.29498,0.29498,0.28996,0.28996,0.3,0.31004,0.31506,0.31506,0.30502,0.28996,0.27992,0.26988,0.26486,0.25985,0.25985,0.25985,0.25985,0.25985,0.25483,0.25483,0.25985,0.25985,0.26486,0.3,0.43514,0.68494,0.91042,0.92548,0.61506,0.44479,0.36486,0.28494,0.22973,0.19961,0.19498,0.19498,0.19498,0.19961,0.19961,0.19961,0.20965,0.21467,0.21969,0.22973,0.23977,0.24981,0.26486,0.27992,0.3,0.32471,0.34479,0.36486,0.37992,0.38996,0.38494,0.3749,0.36486,0.34981,0.33475,0.31969,0.30502,0.28494,0.26988,0.25985,0.24981,0.24479,0.24479,0.24479,0.24479,0.24479,0.24479,0.23977,0.24479,0.24479,0.24479,0.24479,0.24981,0.25483,0.26486,0.26988,0.2749,0.28494,0.28996,0.28996,0.28996,0.28996,0.28996,0.28996,0.28996,0.28494,0.28996,0.3,0.31004,0.31506,0.31969,0.3,0.28996,0.2749,0.26988,0.25985,0.25985,0.25985,0.25985,0.25985,0.24981,0.24981,0.25483,0.25985,0.25985,0.26486,0.30502,0.44981,0.70502,0.91544,0.92046,0.59498,0.43514,0.35985,0.27992,0.22973,0.19961,0.19498,0.19498,0.19498,0.19498,0.19961,0.19961,0.20965,0.20965,0.21969,0.22471,0.22973,0.24479,0.25985,0.27992,0.3,0.31969,0.34479,0.35985,0.3749,0.37992,0.38494,0.3749,0.35985,0.34479,0.32973,0.31004,0.29498,0.27992,0.26988,0.25985,0.24981,0.23977,0.23977,0.23977,0.23475,0.23475,0.23475,0.23475,0.23475,0.23977,0.23977,0.23977,0.23977,0.24479,0.24981,0.25985,0.26486,0.26988,0.2749,0.27992,0.28494,0.28494,0.27992,0.27992,0.2749,0.2749,0.2749,0.28494,0.29498,0.30502,0.31004,0.3,0.28494,0.2749,0.25985,0.24479,0.24479,0.24479,0.24479,0.24479,0.24479,0.23977,0.23977,0.24479,0.24981,0.24981,0.26988,0.35985,0.56988,0.8251,0.89537,0.68494,0.4749,0.38494,0.30502,0.23977,0.19961,0.18996,0.18494,0.18494,0.18494,0.18494,0.19498,0.19961,0.20463,0.20965,0.21969,0.22973,0.23977,0.24981,0.26486,0.28494,0.30502,0.32973,0.34981,0.36988,0.3749,0.37992,0.36988,0.35985,0.34981,0.33475,0.31969,0.30502,0.28996,0.2749,0.26988,0.26486,0.25985,0.25985,0.25483,0.25483,0.25985,0.25985,0.25985,0.25985,0.25985,0.26486,0.26988,0.26988,0.2749,0.28494,0.28996,0.29498,0.30502,0.30502,0.31004,0.31506,0.31506,0.31969,0.31969,0.31506,0.31506,0.31506,0.31506,0.32471,0.32973,0.33475,0.33977,0.32471,0.31004,0.29498,0.28494,0.2749,0.2749,0.2749,0.27992,0.28494,0.2749,0.2749,0.2749,0.2749,0.2749,0.27992,0.33475,0.49498,0.76023,0.94015,0.83012,0.57992,0.43012,0.34479,0.26988,0.22973,0.20965,0.19961,0.19961,0.20463,0.20463,0.20965,0.21467,0.21969,0.22471,0.22973,0.23977,0.24981,0.25985,0.26988,0.28494,0.31004,0.33475,0.35483,0.3749,0.38494,0.39498,0.39498,0.38494,0.3749,0.35985,0.33977,0.32471,0.30502,0.28996,0.2749,0.26486,0.25985,0.25483,0.24981,0.24981,0.24981,0.24981,0.24479,0.24479,0.24479,0.24479,0.24981,0.24981,0.25985,0.25985,0.26486,0.26486,0.26988,0.2749,0.28494,0.28494,0.28996,0.28996,0.28996,0.28996,0.28996,0.28996,0.28996,0.29498,0.31004,0.31506,0.31004,0.29498,0.28494,0.2749,0.26486,0.25985,0.25985,0.25985,0.25985,0.25985,0.25985,0.25985,0.25985,0.25985,0.25985,0.26988,0.32973,0.48996,0.75521,0.93012,0.81506,0.56988,0.4251,0.34479,0.26988,0.21969,0.19961,0.19498,0.18494,0.18494,0.18996,0.19498,0.19961,0.20463,0.20965,0.21969,0.22973,0.23977,0.24981,0.25985,0.2749,0.29498,0.31969,0.34479,0.36486,0.3749,0.37992,0.37992,0.3749,0.35985,0.34981,0.33475,0.31004,0.29498,0.27992,0.26988,0.25985,0.25483,0.24981,0.24479,0.23977,0.23977,0.23977,0.24479,0.24479,0.23977,0.23977,0.24479,0.24981,0.24981,0.25483,0.25985,0.25985,0.26486,0.26988,0.26988,0.2749,0.27992,0.28494,0.28996,0.28494,0.28494,0.28494,0.28494,0.28996,0.3,0.31004,0.31004,0.29498,0.28494,0.2749,0.26486,0.25985,0.25483,0.25483,0.25985,0.25985,0.24981,0.24981,0.24981,0.25483,0.25985,0.25985,0.3,0.43514,0.68494,0.91042,0.93012,0.62008,0.44981,0.36486,0.28494,0.22973,0.20463,0.19498,0.18996,0.18996,0.19498,0.19498,0.19961,0.20463,0.20965,0.21969,0.22471,0.23475,0.24479,0.25985,0.2749,0.3,0.31969,0.34479,0.36486,0.3749,0.38494,0.38494,0.3749,0.36988,0.35483,0.33475,0.31506,0.29498,0.27992,0.26988,0.26486,0.25985,0.24981,0.24479,0.23977,0.23977,0.23977,0.23977,0.23977,0.23977,0.24479,0.24479,0.24479,0.24981,0.24981,0.25985,0.26486,0.26988,0.2749,0.27992,0.28494,0.28494,0.28494,0.28494,0.28996,0.28996,0.28996,0.28494,0.28996,0.3,0.31506,0.31969,0.31004,0.29498,0.28494,0.26988,0.25985,0.25483,0.24981,0.25483,0.25483,0.24981,0.24981,0.24981,0.24981,0.24981,0.24981,0.26988,0.35483,0.56486,0.83012,0.91544,0.71004,0.48996,0.38996,0.31004,0.23977,0.19961,0.18494,0.17992,0.17992,0.18494,0.18996,0.19498,0.19498,0.19961,0.20463,0.20965,0.22471,0.23475,0.24479,0.25483,0.27992,0.3,0.31969,0.33977,0.35483,0.36486,0.36988,0.36988,0.35985,0.33977,0.32471,0.30502,0.28996,0.2749,0.26486,0.25483,0.24479,0.23475,0.22973,0.22973,0.22973,0.22973,0.22973,0.22973,0.22973,0.22973,0.22973,0.22973,0.23977,0.23977,0.24479,0.25985,0.26486,0.26988,0.26988,0.2749,0.2749,0.28494,0.28996,0.28494,0.28494,0.28494,0.28494,0.28494,0.29498,0.30502,0.31506,0.31004,0.29498,0.28494,0.2749,0.26486,0.25985,0.25985,0.26486,0.26486,0.25985,0.25985,0.25985,0.25985,0.26486,0.26486,0.26988,0.33475,0.5,0.76525,0.93012,0.81004,0.5749,0.44479,0.36486,0.28494,0.23977,0.21467,0.20463,0.20463,0.20965,0.21467,0.21969,0.21969,0.22471,0.22973,0.23977,0.24981,0.25985,0.26988,0.27992,0.3,0.31969,0.34479,0.36988,0.38494,0.4,0.40502,0.4,0.39498,0.37992,0.36486,0.34981,0.33475,0.31506,0.3,0.28996,0.28494,0.2749,0.26988,0.26486,0.25985,0.25483,0.24981,0.24981,0.24981,0.24981,0.24981,0.25985,0.25985,0.26486,0.26988,0.2749,0.28996,0.29498,0.30502,0.30502,0.31004,0.31004,0.31004,0.31004,0.30502,0.30502,0.30502,0.30502,0.30502,0.31004,0.31969,0.32471,0.31506,0.30502,0.29498,0.28494,0.26988,0.26486,0.26486,0.26486,0.26486,0.25985,0.25985,0.25985,0.26486,0.26486,0.26988,0.26988,0.32471,0.48996,0.75521,0.93012,0.81004,0.56486,0.4251,0.34479,0.26486,0.21969,0.19498,0.18996,0.18996,0.18996,0.19498,0.19961,0.19961,0.20463,0.20463,0.21467,0.22471,0.23475,0.24479,0.26486,0.27992,0.30502,0.32471,0.34479,0.36486,0.37992,0.38494,0.38494,0.3749,0.36486,0.34981,0.32471,0.30502,0.28996,0.2749,0.26486,0.24981,0.24479,0.23977,0.23475,0.23475,0.22973,0.22973,0.22973,0.23475,0.22973,0.22973,0.23475,0.23977,0.24479,0.24981,0.24981,0.25985,0.26486,0.26988,0.2749,0.27992,0.28494,0.28494,0.28494,0.28494,0.27992,0.27992,0.27992,0.28996,0.30502,0.31004,0.30502,0.28996,0.27992,0.26988,0.25985,0.25483,0.24981,0.24981,0.24981,0.24981,0.24479,0.24479,0.24981,0.24981,0.24981,0.25483,0.30502,0.44479,0.7,0.91042,0.91544,0.59498,0.43514,0.34981,0.2749,0.22471,0.19961,0.18996,0.18996,0.18996,0.19498,0.19961,0.19961,0.20463,0.20965,0.21467,0.21969,0.22973,0.23977,0.25985,0.26988,0.29498,0.31969,0.34479,0.36486,0.37992,0.38494,0.38494,0.37992,0.36988,0.34981,0.33475,0.31969,0.30502,0.28494,0.26988,0.25985,0.25483,0.24981,0.24479,0.24479,0.24479,0.24479,0.24479,0.23977,0.23977,0.24479,0.24479,0.24479,0.24981,0.24981,0.24981,0.25985,0.26988,0.2749,0.27992,0.28494,0.28494,0.28996,0.28494,0.28494,0.28494,0.28494,0.28494,0.29498,0.30502,0.31004,0.30502,0.29498,0.28494,0.26988,0.25985,0.24981,0.24479,0.24479,0.24981,0.24981,0.24479,0.23977,0.23977,0.24479,0.24479,0.24981,0.27992,0.38494,0.61506,0.86525,0.91544,0.64517,0.44981,0.35985,0.28494,0.22471,0.19498,0.17992,0.17992,0.1749,0.1749,0.17992,0.18494,0.18996,0.19498,0.20463,0.20965,0.21969,0.23475,0.24981,0.26486,0.28494,0.30502,0.32471,0.34479,0.35985,0.36988,0.36988,0.35985,0.35483,0.33977,0.32973,0.30502,0.28996,0.2749,0.26486,0.25985,0.24981,0.24479,0.24479,0.23977,0.23475,0.23475,0.23475,0.23475,0.23475,0.23977,0.23977,0.23977,0.24981,0.25985,0.26486,0.2749,0.27992,0.28494,0.28996,0.28996,0.28996,0.29498,0.29498,0.29498,0.28996,0.28996,0.28996,0.28996,0.30502,0.31506,0.31969,0.31506,0.30502,0.3,0.28996,0.27992,0.2749,0.2749,0.27992,0.28494,0.27992,0.2749,0.2749,0.2749,0.27992,0.28494,0.29498,0.36988,0.56486,0.83012,0.94517,0.77529,0.55019,0.43012,0.34479,0.2749,0.23475,0.21969,0.21969,0.21467,0.21969,0.21969,0.21969,0.22471,0.22973,0.23977,0.24479,0.24981,0.25985,0.2749,0.28494,0.30502,0.32471,0.34981,0.36988,0.38996,0.4,0.40502,0.4,0.38494,0.3749,0.35985,0.34479,0.32471,0.30502,0.28996,0.28494,0.2749,0.26988,0.25985,0.25483,0.24981,0.24981,0.24981,0.24981,0.24981,0.24981,0.25483,0.25985,0.25985,0.26486,0.26988,0.2749,0.28494,0.28996,0.28996,0.29498,0.30502,0.30502,0.30502,0.30502,0.30502,0.3,0.3,0.3,0.30502,0.31004,0.31969,0.32471,0.31506,0.30502,0.28996,0.2749,0.26988,0.26486,0.26486,0.26486,0.26486,0.25985,0.25985,0.25985,0.25985,0.26486,0.26486,0.28494,0.3749,0.58494,0.85019,0.92548,0.71506,0.5,0.39498,0.31506,0.24981,0.20463,0.19498,0.18996,0.18494,0.18494,0.18996,0.19498,0.20463,0.20965,0.21969,0.22471,0.22973,0.23977,0.24981,0.26486,0.28494,0.30502,0.33475,0.35483,0.3749,0.38494,0.38494,0.37992,0.36988,0.35985,0.34479,0.32471,0.30502,0.28996,0.27992,0.26988,0.25985,0.24981,0.24479,0.23977,0.23977,0.23475,0.23475,0.23977,0.23977,0.23977,0.24479,0.24981,0.24981,0.25483,0.25985,0.26486,0.26988,0.2749,0.27992,0.28494,0.27992,0.28494,0.28996,0.28996,0.28996,0.28996,0.28996,0.28996,0.3,0.31004,0.31506,0.31004,0.29498,0.28494,0.2749,0.26486,0.25985,0.25985,0.25985,0.25483,0.24981,0.24981,0.24981,0.24981,0.25483,0.25985,0.26486,0.32973,0.50502,0.77027,0.93012,0.78533,0.54015,0.41506,0.33977,0.26486,0.21467,0.19498,0.18996,0.18494,0.18494,0.18996,0.19498,0.19961,0.20463,0.21467,0.21969,0.22471,0.23475,0.24479,0.25985,0.2749,0.3,0.31969,0.34479,0.36486,0.37992,0.38494,0.38494,0.3749,0.35985,0.34981,0.32973,0.31004,0.28996,0.2749,0.26486,0.25985,0.24981,0.24479,0.23977,0.23977,0.23977,0.23475,0.23475,0.23475,0.23977,0.23977,0.24479,0.24981,0.24981,0.26486,0.28996,0.32973,0.35483,0.36988,0.36988,0.38996,0.44981,0.56023,0.64517,0.67027,0.65019,0.60502,0.56023,0.5251,0.5,0.45985,0.40502,0.33977,0.24981,0.1749,0.13475,0.11969,0.11467,0.11467,0.11969,0.12471,0.12973,0.12471,0.13475,0.13977,0.14981,0.15483,0.16486,0.17992,0.19961,0.22471,0.24479,0.26988,0.28996,0.30502,0.31506,0.32471,0.32471,0.31969,0.31004,0.30502,0.29498,0.28494,0.2749,0.26988,0.26988,0.26486,0.25985,0.25985,0.26486,0.25985,0.26486,0.25985,0.25985,0.25985,0.25985,0.25985,0.25985,0.26486,0.26486,0.25985,0.25985,0.25985,0.25985,0.25985,0.25483,0.25483,0.25985,0.25985,0.25985,0.25985,0.26486,0.26486,0.26988,0.26988,0.2749,0.26988,0.26988,0.26988,0.26988,0.26988,0.26988,0.26486,0.26988,0.26988,0.26988,0.26988,0.2749,0.2749,0.2749,0.2749,0.2749,0.2749,0.2749,0.2749,0.2749,0.28494,0.29498,0.31004,0.31969,0.32471,0.31969,0.31004,0.3,0.28996,0.27992,0.2749,0.2749,0.27992,0.28494,0.27992,0.2749,0.2749,0.27992,0.28494,0.28494,0.32973,0.4749,0.7251,0.93514,0.94015,0.59498,0.43012,0.35985,0.29498,0.24479,0.21969,0.20965,0.20965,0.20965,0.20965,0.21467,0.21969,0.22471,0.22973,0.23977,0.24479,0.24981,0.25985,0.26988,0.28494,0.3,0.32471,0.34981,0.3749,0.38996,0.40502,0.41004,0.41004,0.4,0.38996,0.3749,0.35985,0.33977,0.32973,0.31506,0.30502,0.29498,0.28494,0.26988,0.26486,0.26486,0.26486,0.26486,0.25985,0.25483,0.25483,0.25985,0.25985,0.24479,0.23977,0.23977,0.24479,0.24981,0.25483,0.26486,0.26988,0.26988,0.2749,0.26988,0.26988,0.26486,0.25985,0.25985,0.24981,0.24981,0.25483,0.26486,0.26988,0.2749,0.25985,0.24981,0.23977,0.22973,0.21969,0.21969,0.21969,0.22471,0.22471,0.21969,0.21467,0.21969,0.21969,0.21969,0.21969,0.24981,0.36486,0.6,0.84517,0.89035,0.61506,0.42008,0.33977,0.25985,0.20463,0.1749,0.16486,0.16486,0.16486,0.16486,0.1749,0.17992,0.18494,0.19498,0.19961,0.20463,0.20965,0.22471,0.23475,0.24479,0.26486,0.28494,0.30502,0.32471,0.33977,0.35483,0.35483,0.34981,0.33977,0.32471,0.31004,0.29498,0.28494,0.2749,0.26988,0.25985,0.24981,0.24479,0.24479,0.24479,0.24479,0.24479,0.24479,0.24479,0.24479,0.24981,0.24981,0.25985,0.25985,0.26988,0.2749,0.28494,0.28996,0.29498,0.29498,0.3,0.30502,0.31004,0.31004,0.31004,0.31004,0.30502,0.30502,0.31004,0.31506,0.32471,0.32973,0.33475,0.32471,0.31506,0.30502,0.29498,0.28996,0.28494,0.28494,0.28494,0.28996,0.27992,0.27992,0.28494,0.28996,0.28996,0.29498,0.34981,0.50502,0.76525,0.95019,0.84517,0.6,0.44981,0.36486,0.29498,0.24479,0.22471,0.21969,0.21467,0.20965,0.21969,0.22471,0.22973,0.22973,0.23977,0.24479,0.24981,0.25483,0.26486,0.27992,0.29498,0.31969,0.33977,0.36486,0.37992,0.4,0.40502,0.4,0.39498,0.37992,0.36988,0.34981,0.33475,0.31506,0.30502,0.28996,0.27992,0.26988,0.26486,0.25985,0.25483,0.24981,0.24981,0.24981,0.24981,0.25483,0.25985,0.25985,0.25985,0.26486,0.26988,0.26988,0.2749,0.28494,0.28996,0.29498,0.29498,0.3,0.3,0.29498,0.28996,0.28996,0.28996,0.28996,0.29498,0.31004,0.31506,0.31969,0.30502,0.28996,0.27992,0.26988,0.25985,0.25985,0.25985,0.25985,0.25985,0.25483,0.24981,0.24981,0.24981,0.25985,0.25985,0.27992,0.37992,0.6,0.85521,0.92548,0.68996,0.48494,0.38996,0.31506,0.24479,0.20463,0.19498,0.18494,0.18494,0.18494,0.19498,0.19961,0.19961,0.20463,0.21467,0.21969,0.22471,0.23977,0.24981,0.26486,0.28494,0.30502,0.32973,0.34981,0.36988,0.37992,0.37992,0.3749,0.35985,0.34981,0.33475,0.32471,0.30502,0.28996,0.26988,0.25985,0.24981,0.24479,0.24479,0.23977,0.23977,0.23977,0.23977,0.23977,0.23977,0.24479,0.24479,0.24479,0.24981,0.25483,0.25985,0.26486,0.26988,0.2749,0.2749,0.27992,0.28494,0.28494,0.28494,0.28494,0.28494,0.27992,0.27992,0.28494,0.29498,0.31004,0.31506,0.31004,0.29498,0.28494,0.26988,0.26486,0.25985,0.25985,0.25985,0.25985,0.25985,0.25483,0.25483,0.25985,0.26486,0.26486,0.2749,0.35483,0.54517,0.81004,0.92548,0.75019,0.52008,0.40502,0.32973,0.25985,0.21969,0.19961,0.19498,0.19498,0.19961,0.19961,0.20463,0.20965,0.21467,0.21969,0.22471,0.22973,0.23977,0.24981,0.26486,0.28494,0.30502,0.30502,0.31004,0.30502,0.28996,0.27992,0.26988,0.24981,0.22973,0.22973,0.22973,0.23475,0.23977,0.23475,0.23977,0.23977,0.24479,0.24981,0.26486,0.34981,0.55521,0.81004,0.88533,0.68494,0.47992,0.38494,0.30502,0.23475,0.19961,0.18996,0.18494,0.18494,0.18996,0.19498,0.19961,0.20463,0.20965,0.20965,0.21969,0.22973,0.23977,0.24981,0.26486,0.27992,0.30502,0.32973,0.34981,0.36988,0.37992,0.37992,0.37992,0.36988,0.35483,0.33977,0.32471,0.31004,0.29498,0.27992,0.2749,0.26486,0.25985,0.25483,0.25483,0.25483,0.24981,0.24981,0.24981,0.24479,0.25985,0.25985,0.24981,0.24479,0.24981,0.25985,0.26988,0.2749,0.28494,0.28996,0.29498,0.3,0.30502,0.31004,0.31506,0.31004,0.31506,0.32973,0.33977,0.34479,0.32973,0.31506,0.3,0.28996,0.2749,0.2749,0.2749,0.2749,0.2749,0.26988,0.26486,0.26486,0.26988,0.2749,0.27992,0.31506,0.43977,0.68031,0.91544,0.94015,0.65521,0.4749,0.37992,0.29498,0.23475,0.20463,0.20463,0.19961,0.19961,0.19961,0.20463,0.20463,0.20965,0.21969,0.22471,0.22973,0.23475,0.24981,0.26486,0.27992,0.29498,0.31969,0.33977,0.35483,0.36988,0.3749,0.37992,0.3749,0.35985,0.34981,0.33475,0.31506,0.30502,0.28996,0.2749,0.26988,0.26486,0.26486,0.25985,0.25483,0.24981,0.24981,0.24981,0.25483,0.24981,0.24981,0.24981,0.24981,0.25483,0.26486,0.27992,0.31506,0.36486,0.44479,0.56023,0.67027,0.76023,0.81506,0.83012,0.82008,0.83012,0.83514,0.72008,0.54517,0.35483,0.20463,0.11969,0.089575,0.074517,0.064865,0.064865,0.064865,0.069884,0.069884,0.064865,0.064865,0.064865,0.069884,0.074517,0.079537,0.089575,0.10463,0.12471,0.14479,0.1749,0.19961,0.21969,0.23475,0.24981,0.25985,0.26486,0.26988,0.26988,0.26988,0.26486,0.25985,0.25985,0.25985,0.26486,0.26486,0.26486,0.26486,0.26486,0.26486,0.26988,0.2749,0.27992,0.27992,0.27992,0.2749,0.2749,0.2749,0.27992,0.28494,0.28494,0.27992,0.2749,0.2749,0.2749,0.2749,0.2749,0.26988,0.26988,0.26988,0.26988,0.26988,0.26486,0.26486,0.26486,0.26486,0.26988,0.26988,0.26988,0.26988,0.26988,0.26486,0.26988,0.26988,0.26988,0.26486,0.26486,0.26988,0.26988,0.26988,0.26988,0.26988,0.27992,0.29498,0.30502,0.30502,0.29498,0.27992,0.2749,0.26486,0.24981,0.24981,0.25483,0.25985,0.25483,0.24981,0.24479,0.24479,0.24981,0.25985,0.26486,0.34479,0.54517,0.80502,0.89537,0.7,0.46988,0.36486,0.29498,0.22973,0.19498,0.17992,0.1749,0.1749,0.1749,0.1749,0.17992,0.18494,0.19498,0.19961,0.20463,0.20965,0.21969,0.22973,0.23977,0.25483,0.27992,0.30502,0.32471,0.34479,0.35483,0.35985,0.35985,0.35985,0.35985,0.34981,0.33475,0.31506,0.3,0.28494,0.2749,0.26486,0.24981,0.24479,0.23977,0.23475,0.22973,0.22973,0.22973,0.22973,0.22973,0.22973,0.22973,0.22973,0.23977,0.24479,0.24479,0.25985,0.26486,0.2749,0.28494,0.28996,0.28996,0.29498,0.29498,0.3,0.29498,0.30502,0.31004,0.31506,0.31506,0.30502,0.28996,0.27992,0.26988,0.25985,0.25483,0.25985,0.25985,0.25985,0.24981,0.24981,0.24981,0.24981,0.25483,0.25985,0.29498,0.4251,0.66023,0.88031,0.90039,0.62008,0.44981,0.36988,0.28494,0.22973,0.20463,0.19961,0.19498,0.19961,0.19961,0.19961,0.20463,0.20965,0.21969,0.22471,0.22973,0.23977,0.24479,0.25985,0.2749,0.28996,0.31004,0.32973,0.34479,0.35483,0.35985,0.35985,0.35483,0.34981,0.33475,0.32973,0.31506,0.29498,0.27992,0.26988,0.25985,0.25985,0.25985,0.25483,0.24981,0.24479,0.24479,0.24479,0.24479,0.24479,0.24479,0.24479,0.24981,0.25985,0.26486,0.26988,0.2749,0.27992,0.28494,0.28494,0.28996,0.28996,0.28996,0.28996,0.28494,0.28494,0.28494,0.29498,0.31004,0.31506,0.31969,0.30502,0.28996,0.27992,0.26988,0.26486,0.26486,0.26486,0.26486,0.25985,0.25985,0.25483,0.25985,0.25985,0.25985,0.26486,0.31506,0.46486,0.72008,0.92046,0.84015,0.60502,0.44981,0.36486,0.27992,0.22471,0.19961,0.19498,0.19498,0.19498,0.19498,0.19498,0.19961,0.20463,0.20965,0.21969,0.22471,0.23475,0.24479,0.25483,0.2749,0.3,0.31969,0.33475,0.35483,0.3749,0.37992,0.38494,0.3749,0.36486,0.34981,0.33475,0.31506,0.3,0.28494,0.26988,0.25985,0.24981,0.24479,0.24479,0.23977,0.23977,0.23977,0.23977,0.23977,0.23475,0.23977,0.23977,0.23977,0.23977,0.24479,0.24981,0.25985,0.26486,0.26988,0.2749,0.28494,0.28996,0.28996,0.29498,0.3,0.30502,0.31506,0.32471,0.32973,0.31506,0.3,0.28996,0.2749,0.26486,0.25985,0.25985,0.25985,0.26486,0.25483,0.24981,0.24981,0.25483,0.25985,0.25985,0.28996,0.41004,0.64517,0.87529,0.91042,0.6251,0.44981,0.35985,0.28494,0.22973,0.19498,0.18494,0.18494,0.18494,0.18494,0.18996,0.19498,0.19498,0.19961,0.20463,0.20965,0.21969,0.22973,0.23977,0.25483,0.27992,0.3,0.31969,0.33475,0.34981,0.35483,0.35483,0.34981,0.33977,0.32973,0.31506,0.29498,0.2749,0.26486,0.24981,0.24479,0.23475,0.22973,0.22471,0.21969,0.21969,0.21969,0.22471,0.22471,0.21969,0.21969,0.22471,0.22471,0.22973,0.23475,0.24479,0.24981,0.25985,0.26486,0.26486,0.26988,0.2749,0.2749,0.2749,0.27992,0.28494,0.3,0.31004,0.31506,0.3,0.28996,0.27992,0.26988,0.26486,0.25985,0.25985,0.26486,0.26486,0.25985,0.24981,0.24981,0.25483,0.25985,0.25985,0.28494,0.38996,0.61004,0.85521,0.90541,0.66525,0.47992,0.38996,0.31004,0.24479,0.20463,0.19961,0.19498,0.19961,0.20463,0.20463,0.20965,0.21969,0.22471,0.22471,0.22973,0.23977,0.24981,0.25985,0.2749,0.3,0.31969,0.34479,0.35985,0.3749,0.38494,0.38996,0.39498,0.37992,0.36988,0.35483,0.33977,0.32471,0.31004,0.29498,0.28494,0.26988,0.26486,0.26486,0.25985,0.25985,0.25483,0.25483,0.24981,0.24479,0.24479,0.24981,0.25985,0.25985,0.26486,0.26486,0.2749,0.28494,0.28996,0.29498,0.3,0.3,0.3,0.3,0.30502,0.30502,0.31004,0.32471,0.32973,0.33475,0.32471,0.31004,0.29498,0.28494,0.2749,0.26486,0.26486,0.26486,0.26988,0.26486,0.25985,0.25483,0.25985,0.26486,0.26486,0.28494,0.36988,0.57992,0.83514,0.91544,0.70502,0.48996,0.38494,0.30502,0.23977,0.20463,0.18996,0.18494,0.18494,0.18996,0.19498,0.19961,0.20463,0.20965,0.21467,0.22471,0.23475,0.24479,0.24981,0.26486,0.28494,0.31004,0.32973,0.34981,0.36486,0.3749,0.37992,0.3749,0.36486,0.35483,0.33977,0.32471,0.30502,0.28996,0.2749,0.26988,0.25985,0.25483,0.24981,0.24981,0.24981,0.24479,0.24479,0.24981,0.24981,0.24981,0.24479,0.24981,0.25483,0.25985,0.26486,0.26486,0.26988,0.27992,0.28494,0.28494,0.28996,0.29498,0.29498,0.29498,0.29498,0.31004,0.32471,0.33475,0.32973,0.31506,0.3,0.29498,0.28494,0.2749,0.26988,0.26988,0.26486,0.25985,0.25483,0.24981,0.24981,0.24981,0.25483,0.25985,0.31506,0.46988,0.73514,0.91042,0.81004,0.56486,0.4251,0.34479,0.2749,0.21969,0.19961,0.18996,0.18494,0.18494,0.18996,0.19498,0.19961,0.20463,0.20965,0.21969,0.22471,0.23475,0.24479,0.25985,0.2749,0.3,0.32471,0.34479,0.36486,0.3749,0.37992,0.37992,0.3749,0.35985,0.34981,0.32973,0.31506,0.29498,0.28494,0.26988,0.26486,0.25483,0.24981,0.24981,0.24981,0.24479,0.24479,0.24479,0.24479,0.24479,0.24981,0.24981,0.25483,0.25483,0.25483,0.25985,0.26486,0.26988,0.27992,0.28996,0.29498,0.30502,0.30502,0.30502,0.30502,0.31004,0.32471,0.32973,0.33475,0.31506,0.3,0.28494,0.2749,0.26486,0.26486,0.25985,0.25985,0.25483,0.24479,0.23977,0.24479,0.24981,0.24981,0.24981,0.27992,0.40502,0.64517,0.87529,0.90039,0.61004,0.43977,0.35985,0.2749,0.21467,0.18996,0.17992,0.1749,0.1749,0.1749,0.1749,0.18494,0.19498,0.19498,0.19961,0.20965,0.21467,0.22471,0.23475,0.24981,0.26988,0.28996,0.31969,0.33977,0.35483,0.35985,0.35483,0.34479,0.33977,0.32973,0.31506,0.3,0.28494,0.26988,0.25985,0.24981,0.24479,0.23977,0.23977,0.23977,0.23977,0.23475,0.23475,0.23977,0.23977,0.23475,0.23977,0.24479,0.24981,0.24981,0.25985,0.26988,0.2749,0.27992,0.28494,0.28996,0.29498,0.29498,0.3,0.30502,0.30502,0.31506,0.32973,0.33475,0.32471,0.31004,0.30502,0.29498,0.28494,0.28494,0.28494,0.28996,0.28996,0.28494,0.27992,0.2749,0.2749,0.27992,0.28494,0.3,0.3749,0.56486,0.83012,0.94015,0.77027,0.55019,0.43514,0.34479,0.2749,0.23475,0.21969,0.21467,0.21467,0.21969,0.21969,0.22471,0.22471,0.22471,0.22973,0.23977,0.24479,0.25985,0.26988,0.28494,0.30502,0.32471,0.34981,0.36988,0.38494,0.39498,0.4,0.4,0.38494,0.3749,0.35985,0.34479,0.32973,0.31004,0.3,0.28494,0.2749,0.26988,0.26486,0.26486,0.25985,0.25985,0.25483,0.25483,0.25483,0.25483,0.31004,0.33475,0.36486,0.38494,0.38996,0.37992,0.3749,0.36988,0.35985,0.34981,0.32973,0.31004,0.3,0.28494,0.26988,0.25985,0.25985,0.26486,0.26988,0.25985,0.24981,0.24981,0.25483,0.24981,0.24981,0.25985,0.25985,0.25985,0.25985,0.26988,0.27992,0.28996,0.29498,0.3,0.3,0.30502,0.31506,0.33475,0.36486,0.41506,0.5,0.60502,0.71004,0.78031,0.84015,0.86525,0.85019,0.83012,0.80502,0.71506,0.56023,0.38996,0.23475,0.12973,0.079537,0.074517,0.074517,0.074517,0.074517,0.074517,0.074517,0.074517,0.069884,0.069884,0.074517,0.074517,0.079537,0.089575,0.10463,0.12471,0.14479,0.16988,0.19498,0.21467,0.23475,0.25483,0.26486,0.2749,0.26988,0.26988,0.26486,0.26486,0.25985,0.25985,0.25985,0.25985,0.25985,0.25985,0.26486,0.26988,0.2749,0.2749,0.2749,0.2749,0.2749,0.27992,0.27992,0.28494,0.28494,0.28494,0.28494,0.28494,0.28494,0.28494,0.28494,0.27992,0.27992,0.27992,0.2749,0.2749,0.27992,0.2749,0.2749,0.27992,0.2749,0.2749,0.2749,0.2749,0.2749,0.2749,0.2749,0.27992,0.27992,0.28494,0.28996,0.30502,0.31506,0.31969,0.32471,0.31004,0.29498,0.28996,0.27992,0.2749,0.26988,0.26988,0.26988,0.26988,0.26486,0.26486,0.26486,0.26988,0.26988,0.28996,0.37992,0.58494,0.84015,0.91544,0.70502,0.48494,0.37992,0.30502,0.24479,0.20463,0.19498,0.18996,0.18996,0.19498,0.19498,0.19498,0.19961,0.20463,0.20965,0.21467,0.22471,0.22973,0.24479,0.25985,0.27992,0.3,0.32471,0.34981,0.36988,0.37992,0.38996,0.39498,0.39498,0.37992,0.36988,0.34981,0.32471,0.31004,0.28996,0.27992,0.26988,0.25985,0.24981,0.24479,0.23977,0.23977,0.23977,0.23475,0.23475,0.23977,0.23475,0.23977,0.24479,0.24981,0.25985,0.26486,0.2749,0.27992,0.28494,0.29498,0.3,0.3,0.3,0.3,0.3,0.30502,0.31004,0.31969,0.32471,0.31506,0.3,0.28996,0.27992,0.26486,0.25985,0.25483,0.25985,0.25985,0.25985,0.24981,0.24981,0.24981,0.24981,0.24981,0.2749,0.3749,0.58996,0.84517,0.90541,0.67529,0.47992,0.38996,0.30502,0.23475,0.19961,0.18996,0.18996,0.18996,0.19498,0.19961,0.20463,0.20965,0.21467,0.21969,0.22973,0.23475,0.24479,0.25483,0.26988,0.28494,0.31004,0.32973,0.34479,0.35985,0.35985,0.36486,0.35483,0.34981,0.33475,0.32471,0.31004,0.29498,0.28494,0.2749,0.26988,0.25985,0.25985,0.25483,0.24981,0.24479,0.24479,0.24479,0.24479,0.24479,0.24479,0.24479,0.24479,0.24981,0.25985,0.26486,0.26988,0.2749,0.2749,0.27992,0.28494,0.28494,0.28494,0.28494,0.28996,0.28996,0.30502,0.31004,0.31506,0.31969,0.30502,0.28996,0.2749,0.26486,0.25985,0.25985,0.25985,0.25985,0.25985,0.24981,0.24981,0.24981,0.25483,0.25985,0.26486,0.31969,0.47992,0.74517,0.92046,0.79035,0.54015,0.40502,0.32471,0.24981,0.20463,0.18494,0.18494,0.18494,0.18494,0.19498,0.19498,0.19961,0.20463,0.20965,0.21467,0.22471,0.23475,0.24479,0.25985,0.27992,0.30502,0.32471,0.34479,0.36486,0.3749,0.37992,0.38494,0.3749,0.36486,0.34981,0.33475,0.31506,0.3,0.28494,0.2749,0.26486,0.25985,0.24981,0.24479,0.24479,0.24479,0.23977,0.23977,0.23977,0.23977,0.23977,0.23977,0.24479,0.24981,0.25483,0.26486,0.2749,0.28494,0.28996,0.28996,0.29498,0.3,0.3,0.30502,0.30502,0.31004,0.32471,0.33475,0.32973,0.31506,0.29498,0.28996,0.27992,0.26988,0.26486,0.26486,0.26486,0.25985,0.25985,0.25483,0.25483,0.25483,0.25483,0.25985,0.29498,0.42008,0.67027,0.90039,0.92548,0.6251,0.45483,0.36988,0.28996,0.22973,0.19961,0.18996,0.18996,0.18996,0.19498,0.19498,0.19498,0.19961,0.20463,0.21467,0.22471,0.22973,0.24479,0.25483,0.26988,0.28996,0.31004,0.33475,0.35483,0.36988,0.3749,0.36988,0.35985,0.35483,0.33977,0.32973,0.31004,0.29498,0.28494,0.26486,0.25483,0.24981,0.24981,0.24981,0.24479,0.24479,0.24479,0.24479,0.24479,0.24479,0.24479,0.24981,0.24981,0.25483,0.25985,0.26988,0.2749,0.27992,0.28494,0.28996,0.28996,0.29498,0.29498,0.29498,0.29498,0.30502,0.31506,0.32471,0.32471,0.31004,0.3,0.28996,0.27992,0.26988,0.26486,0.26486,0.26486,0.26486,0.25985,0.25483,0.25483,0.25985,0.25985,0.25985,0.28996,0.40502,0.64517,0.88533,0.92548,0.64015,0.45985,0.36988,0.29498,0.23475,0.20463,0.19498,0.19498,0.19498,0.19961,0.20463,0.20965,0.20965,0.21969,0.22471,0.22973,0.23977,0.24981,0.26486,0.28494,0.3,0.32471,0.34479,0.36486,0.3749,0.38494,0.38494,0.37992,0.36988,0.35483,0.33475,0.31969,0.30502,0.28494,0.26988,0.25985,0.24981,0.24479,0.23977,0.23977,0.23977,0.23977,0.23977,0.23977,0.23977,0.23977,0.23977,0.24479,0.24479,0.24981,0.25483,0.25985,0.26988,0.2749,0.28494,0.28494,0.28996,0.28996,0.29498,0.28996,0.29498,0.31004,0.32471,0.32471,0.31506,0.3,0.28996,0.26988,0.25483,0.24981,0.25483,0.25985,0.25483,0.24981,0.24479,0.24479,0.24981,0.24981,0.24981,0.26988,0.35985,0.5749,0.83514,0.89537,0.66525,0.46988,0.3749,0.29498,0.22471,0.19498,0.18494,0.17992,0.17992,0.18494,0.18494,0.18494,0.19498,0.19961,0.20463,0.20965,0.21969,0.22973,0.24479,0.25985,0.2749,0.29498,0.31969,0.33475,0.35483,0.35985,0.35985,0.35483,0.34981,0.33977,0.32471,0.31004,0.29498,0.28494,0.26988,0.26486,0.25483,0.24981,0.24981,0.24981,0.24479,0.24479,0.24479,0.24479,0.24479,0.24479,0.24479,0.25483,0.25985,0.26486,0.26988,0.27992,0.28996,0.29498,0.30502,0.30502,0.31004,0.31004,0.31506,0.31506,0.31506,0.32471,0.32973,0.33977,0.33475,0.32471,0.31004,0.30502,0.28996,0.28494,0.27992,0.27992,0.2749,0.2749,0.26988,0.26988,0.2749,0.27992,0.28494,0.27992,0.34981,0.51506,0.77529,0.93514,0.81506,0.58494,0.44981,0.35985,0.27992,0.23475,0.20965,0.20463,0.20463,0.20463,0.20463,0.20965,0.20965,0.21467,0.22471,0.22973,0.23475,0.23977,0.24981,0.26486,0.28494,0.30502,0.32973,0.34981,0.36988,0.37992,0.38494,0.37992,0.36988,0.35985,0.33977,0.32973,0.31506,0.29498,0.28494,0.2749,0.26988,0.26486,0.25985,0.25985,0.25483,0.25483,0.25483,0.24981,0.24981,0.24981,0.25483,0.25985,0.26486,0.26988,0.2749,0.28494,0.28996,0.29498,0.3,0.31004,0.31506,0.31506,0.31506,0.31506,0.31506,0.31969,0.32471,0.33475,0.33475,0.32471,0.31004,0.30502,0.28996,0.2749,0.26988,0.26486,0.26486,0.26486,0.25985,0.24981,0.25483,0.25985,0.26486,0.26486,0.28996,0.38494,0.60502,0.86023,0.92046,0.67027,0.46988,0.3749,0.3,0.23475,0.19961,0.19498,0.18996,0.18996,0.18996,0.19498,0.19498,0.19961,0.20463,0.20965,0.21969,0.22973,0.23977,0.25483,0.26988,0.28494,0.31004,0.32973,0.34981,0.36486,0.36988,0.36988,0.35985,0.34981,0.33977,0.32471,0.31004,0.29498,0.27992,0.26988,0.25985,0.24981,0.24479,0.23977,0.23977,0.23977,0.23977,0.23977,0.23977,0.23475,0.23475,0.23475,0.23977,0.24479,0.24981,0.25483,0.25985,0.26988,0.2749,0.27992,0.28494,0.28494,0.28996,0.28996,0.28996,0.28996,0.30502,0.31506,0.31969,0.31004,0.29498,0.28494,0.26988,0.26486,0.25985,0.25483,0.25483,0.25985,0.24981,0.24981,0.24981,0.25483,0.25985,0.25985,0.27992,0.35985,0.55521,0.82008,0.90541,0.71506,0.48996,0.38996,0.31969,0.24479,0.20463,0.18996,0.18494,0.18494,0.18494,0.18494,0.19498,0.19961,0.20463,0.20463,0.20965,0.21467,0.22471,0.23977,0.25985,0.27992,0.3,0.31969,0.33475,0.34981,0.35985,0.35985,0.35483,0.34981,0.33475,0.31506,0.29498,0.27992,0.26486,0.25483,0.24479,0.22973,0.22973,0.22471,0.21969,0.21969,0.21467,0.21467,0.21467,0.21969,0.21969,0.21969,0.22471,0.21969,0.23475,0.24479,0.24479,0.24981,0.25985,0.26486,0.26486,0.26988,0.26988,0.26988,0.26988,0.2749,0.28494,0.28996,0.29498,0.28996,0.2749,0.26486,0.25985,0.24981,0.24479,0.23977,0.23475,0.23475,0.23977,0.23475,0.22973,0.23475,0.23977,0.23977,0.24479,0.30502,0.46486,0.7251,0.88533,0.75521,0.5251,0.40502,0.32973,0.24981,0.20463,0.18494,0.1749,0.1749,0.17992,0.18494,0.18494,0.18494,0.19498,0.19961,0.20965,0.21969,0.22471,0.23977,0.24981,0.26988,0.28494,0.31004,0.32973,0.34479,0.35483,0.35985,0.35483,0.34981,0.33475,0.32471,0.31004,0.29498,0.28494,0.26988,0.26486,0.25985,0.24981,0.24479,0.24479,0.24479,0.24479,0.24479,0.24479,0.24479,0.24479,0.24981,0.25985,0.26486,0.26988,0.2749,0.28494,0.28996,0.29498,0.30502,0.30502,0.30502,0.30502,0.30502,0.31004,0.31004,0.31506,0.31969,0.32973,0.33475,0.33475,0.32973,0.31506,0.30502,0.29498,0.28996,0.28494,0.28494,0.28494,0.28494,0.2749,0.2749,0.2749,0.28494,0.28494,0.28494,0.32973,0.4749,0.73012,0.93012,0.93514,0.62008,0.46486,0.36988,0.29498,0.23977,0.21969,0.20965,0.20965,0.20965,0.20965,0.21467,0.21969,0.22471,0.22973,0.23475,0.23977,0.24981,0.25985,0.27992,0.29498,0.31969,0.33475,0.35483,0.3749,0.38494,0.38996,0.38996,0.37992,0.36988,0.35483,0.33977,0.31969,0.30502,0.28996,0.2749,0.26988,0.26486,0.25985,0.25985,0.25985,0.25985,0.25483,0.24981,0.25483,0.25985,0.25985,0.25985,0.25985,0.26486,0.26988,0.2749,0.2749,0.28494,0.28996,0.29498,0.29498,0.3,0.30502,0.3,0.30502,0.31004,0.31506,0.32471,0.32973,0.32471,0.30502,0.29498,0.28494,0.2749,0.26486,0.25985,0.26486,0.26486,0.25985,0.25483,0.25483,0.25985,0.26486,0.26486,0.28494,0.36988,0.5749,0.83514,0.91042,0.69498,0.48996,0.38996,0.31506,0.24981,0.20965,0.19498,0.18996,0.18996,0.18996,0.19498,0.19961,0.19961,0.20463,0.20965,0.21969,0.22973,0.23977,0.25483,0.26486,0.28494,0.30502,0.32471,0.34479,0.35985,0.36988,0.36988,0.35985,0.34981,0.33977,0.32973,0.31506,0.29498,0.28494,0.26988,0.25985,0.24981,0.24479,0.23977,0.23977,0.23475,0.23475,0.23475,0.23475,0.23475,0.23475,0.23977,0.24479,0.24981,0.25483,0.25985,0.26486,0.26988,0.2749,0.27992,0.28494,0.28996,0.28996,0.28996,0.28996,0.29498,0.3,0.31004,0.31506,0.31506,0.29498,0.28494,0.26988,0.26486,0.25985,0.25483,0.25483,0.25985,0.25985,0.24981,0.24981,0.24981,0.25483,0.25483,0.25985,0.3,0.43514,0.68494,0.90039,0.91042,0.6,0.43977,0.35985,0.27992,0.22973,0.19961,0.19498,0.19498,0.19498,0.19498,0.19498,0.19961,0.20965,0.21467,0.21969,0.22471,0.23475,0.24479,0.25483,0.26486,0.28494,0.31004,0.32973,0.34981,0.36486,0.36988,0.36988,0.35985,0.34981,0.33977,0.32471,0.30502,0.28494,0.26988,0.25985,0.24981,0.24479,0.23977,0.23977,0.23475,0.23475,0.22973,0.22973,0.22973,0.22973,0.22973,0.23475,0.22973,0.23977,0.24479,0.25985,0.26486,0.26988,0.2749,0.2749,0.27992,0.27992,0.28494,0.28494,0.28494,0.28494,0.29498,0.31004,0.31506,0.30502,0.28494,0.2749,0.26486,0.25483,0.24981,0.24981,0.24981,0.24981,0.24981,0.24479,0.23977,0.24479,0.24981,0.25483,0.25985,0.31969,0.48996,0.75019,0.89537,0.75521,0.53012,0.41004,0.32973,0.25985,0.20965,0.18494,0.18494,0.18494,0.18996,0.19498,0.19498,0.19961,0.20463,0.20965,0.21969,0.22471,0.23475,0.24479,0.25985,0.27992,0.3,0.31969,0.33977,0.35483,0.36486,0.36988,0.36988,0.35985,0.34981,0.33475,0.32471,0.31004,0.29498,0.27992,0.26988,0.26486,0.25985,0.25985,0.25985,0.25985,0.25985,0.25985,0.25483,0.24981,0.25483,0.25985,0.26486,0.2749,0.27992,0.28494,0.29498,0.30502,0.31004,0.31004,0.31506,0.31506,0.31969,0.32471,0.32471,0.32471,0.32471,0.32471,0.33475,0.34479,0.34981,0.33977,0.32471,0.31506,0.30502,0.29498,0.28996,0.28996,0.28996,0.29498,0.28996,0.28494,0.28494,0.28996,0.28996,0.28996,0.31969,0.43977,0.67529,0.91544,0.95019,0.67529,0.48494,0.39498,0.31506,0.25483,0.22471,0.20965,0.20965,0.20965,0.21467,0.21969,0.21969,0.22471,0.22973,0.23977,0.24479,0.24981,0.25985,0.26988,0.28494,0.30502,0.32973,0.34981,0.36988,0.38494,0.38996,0.38996,0.38494,0.3749,0.35985,0.33977,0.32471,0.31004,0.28996,0.2749,0.26988,0.26486,0.25985,0.25483,0.25483,0.25483,0.25985,0.24981,0.24981,0.24981,0.24981,0.25985,0.25985,0.25985,0.26486,0.26988,0.2749,0.27992,0.28494,0.28996,0.28996,0.29498,0.3,0.3,0.30502,0.30502,0.31004,0.31969,0.32973,0.33475,0.32471,0.31004,0.29498,0.27992,0.26988,0.26486,0.26486,0.26486,0.26486,0.26486,0.25985,0.25985,0.25985,0.25985,0.25985,0.29498,0.42008,0.66023,0.89035,0.91544,0.6251,0.45483,0.36988,0.28996,0.22973,0.19961,0.19498,0.18996,0.18996,0.19498,0.19498,0.19961,0.19961,0.20463,0.21467,0.22471,0.22973,0.24479,0.25483,0.26988,0.28494,0.31004,0.33475,0.35483,0.36988,0.3749,0.37992,0.36988,0.35483,0.33977,0.32471,0.31004,0.28996,0.2749,0.26486,0.25985,0.24981,0.24981,0.24479,0.24479,0.23977,0.23977,0.23977,0.23977,0.23977,0.23977,0.23977,0.24479,0.24479,0.24981,0.25985,0.26486,0.26988,0.27992,0.28996,0.29498,0.3,0.29498,0.29498,0.29498,0.29498,0.30502,0.31506,0.32471,0.32471,0.30502,0.28996,0.28494,0.2749,0.26988,0.26486,0.26486,0.26486,0.26486,0.25985,0.25483,0.25483,0.25985,0.26486,0.26486,0.3,0.4251,0.66023,0.89537,0.93012,0.64015,0.45985,0.3749,0.3,0.23977,0.20463,0.19961,0.19498,0.19498,0.19498,0.19961,0.19961,0.20965,0.21467,0.22471,0.22973,0.23977,0.24981,0.26486,0.27992,0.3,0.32471,0.34479,0.36486,0.3749,0.38494,0.37992,0.3749,0.36988,0.35483,0.33475,0.31969,0.30502,0.28996,0.2749,0.26486,0.25985,0.24981,0.24981,0.24479,0.24479,0.23977,0.23977,0.23977,0.24479,0.23977,0.23977,0.24479,0.24981,0.25483,0.25985,0.26486,0.26988,0.27992,0.28494,0.28996,0.29498,0.29498,0.29498,0.29498,0.29498,0.29498,0.30502,0.31506,0.31969,0.31004,0.28996,0.27992,0.26988,0.25985,0.24981,0.24981,0.24981,0.24981,0.24479,0.23977,0.23977,0.24479,0.24981,0.24981,0.26486,0.35483,0.56486,0.83012,0.89537,0.66525,0.45985,0.36988,0.28996,0.22471,0.18996,0.1749,0.1749,0.1749,0.17992,0.17992,0.18494,0.18996,0.18996,0.19961,0.20463,0.21467,0.22471,0.23977,0.25483,0.2749,0.3,0.31969,0.33475,0.34981,0.35985,0.35483,0.34981,0.34479,0.32973,0.31506,0.3,0.28494,0.26988,0.25985,0.24981,0.24479,0.23977,0.23977,0.23475,0.23475,0.23475,0.23475,0.23475,0.23977,0.23977,0.24479,0.24479,0.24981,0.25483,0.26486,0.26988,0.2749,0.27992,0.28996,0.28996,0.29498,0.29498,0.29498,0.30502,0.30502,0.30502,0.31506,0.32471,0.32973,0.32471,0.31506,0.30502,0.29498,0.28494,0.2749,0.2749,0.28494,0.28494,0.28996,0.27992,0.2749,0.2749,0.2749,0.27992,0.28996,0.34981,0.51506,0.77529,0.93514,0.81506,0.58494,0.44981,0.36486,0.28996,0.24479,0.22471,0.21969,0.21969,0.21969,0.21969,0.22471,0.22471,0.22973,0.23977,0.24479,0.24981,0.26486,0.2749,0.28494,0.30502,0.32471,0.34981,0.36988,0.38494,0.39498,0.4,0.39498,0.38996,0.3749,0.35985,0.33977,0.32471,0.31004,0.29498,0.28494,0.26988,0.26486,0.25985,0.25985,0.25985,0.25985,0.25985,0.25985,0.25985,0.25985,0.25985,0.26486,0.26988,0.26988,0.2749,0.28494,0.28996,0.28996,0.3,0.30502,0.31004,0.31506,0.31506,0.31506,0.31506,0.31506,0.31506,0.32471,0.33475,0.33977,0.32973,0.31506,0.30502,0.28996,0.2749,0.26988,0.26988,0.26988,0.26988,0.26988,0.26486,0.26486,0.26486,0.26988,0.26988,0.27992,0.35483,0.54015,0.81004,0.93012,0.76023,0.53012,0.41004,0.32973,0.25483,0.21969,0.19961,0.19498,0.19498,0.19961,0.19961,0.20463,0.20965,0.21969,0.22471,0.22973,0.23977,0.24479,0.25985,0.26988,0.28494,0.31004,0.33475,0.35483,0.36988,0.37992,0.37992,0.37992,0.36988,0.35985,0.33977,0.32471,0.30502,0.28996,0.27992,0.26988,0.25985,0.25483,0.24981,0.24981,0.24981,0.24981,0.24981,0.24981,0.24479,0.24479,0.24479,0.24981,0.25483,0.25985,0.25985,0.26486,0.2749,0.27992,0.28494,0.28996,0.29498,0.29498,0.3,0.29498,0.29498,0.29498,0.30502,0.31004,0.31969,0.32471,0.31004,0.3,0.28996,0.2749,0.26486,0.25985,0.25985,0.25985,0.26486,0.26486,0.25985,0.25985,0.26486,0.26486,0.26486,0.29498,0.41506,0.64517,0.88031,0.92046,0.63012,0.45483,0.36988,0.29498,0.23475,0.20463,0.19961,0.19498,0.19498,0.19961,0.19961,0.20463,0.20965,0.21467,0.21969,0.22471,0.23977,0.24981,0.26486,0.27992,0.3,0.32471,0.34479,0.36486,0.3749,0.37992,0.38494,0.37992,0.36988,0.35483,0.33977,0.32471,0.30502,0.28996,0.27992,0.26988,0.26486,0.25483,0.24981,0.24479,0.24981,0.24981,0.24479,0.24479,0.24479,0.24479,0.24981,0.24981,0.24981,0.25483,0.26486,0.2749,0.28494,0.28996,0.29498,0.3,0.3,0.30502,0.30502,0.30502,0.31004,0.31004,0.31004,0.32471,0.32973,0.32471,0.31506,0.29498,0.28494,0.26988,0.26486,0.26486,0.26486,0.26486,0.25985,0.25985,0.25483,0.25483,0.25985,0.26486,0.26988,0.32973,0.5,0.77027,0.92548,0.78533,0.55019,0.41506,0.33475,0.25985,0.21467,0.19498,0.18996,0.18996,0.18996,0.19498,0.19498,0.19498,0.19961,0.20463,0.20965,0.21467,0.22471,0.23977,0.25483,0.26988,0.28996,0.31004,0.33475,0.35483,0.35985,0.36486,0.35985,0.34981,0.33977,0.32471,0.31004,0.28996,0.2749,0.25985,0.24981,0.24479,0.23977,0.23475,0.23475,0.23475,0.22973,0.22471,0.22471,0.22471,0.22973,0.22973,0.23977,0.23977,0.24479,0.24981,0.25985,0.26486,0.26988,0.27992,0.28494,0.28996,0.29498,0.29498,0.29498,0.29498,0.29498,0.30502,0.31506,0.32471,0.32471,0.31506,0.30502,0.29498,0.28494,0.2749,0.26988,0.26988,0.26988,0.26988,0.26486,0.26486,0.26486,0.26988,0.2749,0.2749,0.3,0.41004,0.63514,0.87529,0.91544,0.66525,0.48996,0.40502,0.31969,0.25985,0.22471,0.21467,0.20965,0.20965,0.21467,0.21969,0.22471,0.22973,0.23977,0.24479,0.24981,0.25985,0.26486,0.2749,0.28996,0.31506,0.33475,0.35483,0.36988,0.38494,0.39498,0.39498,0.38996,0.37992,0.36988,0.34981,0.33475,0.31969,0.30502,0.28996,0.27992,0.2749,0.26988,0.26486,0.26486,0.25985,0.25985,0.25985,0.25985,0.25985,0.25985,0.25985,0.25985,0.26988,0.2749,0.28996,0.29498,0.3,0.30502,0.31004,0.31004,0.31506,0.31506,0.31506,0.31004,0.31004,0.31004,0.31004,0.31506,0.32471,0.32973,0.33475,0.32973,0.31004,0.3,0.28996,0.2749,0.26988,0.26988,0.2749,0.27992,0.2749,0.26486,0.26486,0.26486,0.26486,0.26988,0.3,0.41506,0.64517,0.88533,0.93012,0.66023,0.4749,0.37992,0.3,0.23475,0.20463,0.19498,0.19498,0.19498,0.19498,0.19498,0.19961,0.20463,0.20965,0.21969,0.22471,0.22973,0.24479,0.25985,0.26988,0.28996,0.31004,0.33475,0.35483,0.36988,0.37992,0.37992,0.3749,0.35985,0.34981,0.33475,0.31506,0.3,0.28494,0.26988,0.25985,0.24981,0.24981,0.24479,0.24479,0.24479,0.24981,0.24479,0.24479,0.24479,0.24479,0.24479,0.24479,0.24981,0.25483,0.25985,0.26486,0.26486,0.2749,0.27992,0.28494,0.28996,0.28996,0.29498,0.29498,0.29498,0.29498,0.3,0.31004,0.31969,0.32471,0.31004,0.29498,0.28494,0.26988,0.26486,0.25985,0.25985,0.25985,0.25985,0.25483,0.24981,0.24981,0.25483,0.25985,0.26486,0.30502,0.44479,0.69498,0.91042,0.91544,0.58996,0.43012,0.35483,0.2749,0.22471,0.19961,0.19498,0.18996,0.18996,0.19498,0.19498,0.19961,0.19961,0.20463,0.21467,0.21969,0.22973,0.24479,0.25985,0.2749,0.28996,0.31969,0.34479,0.35985,0.3749,0.37992,0.3749,0.36988,0.35483,0.33475,0.31969,0.30502,0.28494,0.26988,0.26486,0.25483,0.24981,0.24479,0.24479,0.24479,0.24479,0.23977,0.23977,0.23977,0.23977,0.23977,0.24479,0.24479,0.24981,0.25483,0.25985,0.26988,0.2749,0.28494,0.28996,0.28996,0.29498,0.3,0.29498,0.3,0.30502,0.30502,0.31004,0.31506,0.32471,0.32973,0.31004,0.29498,0.28996,0.28996,0.3,0.31004,0.31004,0.29498,0.2749,0.26988,0.30502,0.39498,0.5251,0.6,0.62008,0.6,0.52008,0.4,0.28996,0.22471,0.19498,0.18494,0.18494,0.18494,0.19498,0.19961,0.20463,0.20965,0.21969,0.22973,0.23977,0.24981,0.25985,0.26988,0.2749,0.28494,0.28996,0.28996,0.28996,0.28996,0.28996,0.28494,0.2749,0.26988,0.26486,0.26988,0.28996,0.33475,0.38494,0.38996,0.30502,0.24479,0.21969,0.21969,0.20965,0.17992,0.16988,0.19498,0.22973,0.25985,0.27992,0.28996,0.28996,0.3,0.30502,0.31506,0.32471,0.33977,0.35483,0.37992,0.4,0.4251,0.44981,0.46988,0.48494,0.5,0.50502,0.50502,0.49498,0.47992,0.45483,0.43514,0.41506,0.4,0.38494,0.35985,0.32973,0.30502,0.28494,0.26988,0.24981,0.24479,0.24479,0.24981,0.24479,0.23977,0.23475,0.23475,0.23475,0.23977,0.22973,0.22973,0.22973,0.22471,0.21969,0.21467,0.20965,0.20965,0.20965,0.20965,0.20965,0.20965,0.20965,0.20965,0.20965,0.21969,0.21467,0.21467,0.21467,0.21969,0.22471,0.21969,0.22471,0.22973,0.22973,0.23475,0.23475,0.23475,0.23977,0.23977,0.23977,0.23977,0.24479,0.24981,0.24981,0.25483,0.25483,0.25483,0.25985,0.25985,0.25985,0.26486,0.26486,0.26486,0.26486,0.26486,0.26486,0.26988,0.26988,0.2749,0.2749,0.2749,0.2749,0.2749,0.2749,0.27992,0.27992,0.28494,0.28494,0.28494,0.28494,0.28494,0.28494,0.28996,0.28996,0.28996,0.28996,0.29498,0.3,0.31004,0.32471,0.33475,0.33977,0.32973,0.31969,0.31506,0.31004,0.30502,0.30502,0.30502,0.31004,0.30502,0.3,0.29498,0.30502,0.31004,0.31506,0.37992,0.56023,0.8251,0.97027,0.81506,0.56988,0.43514,0.35483,0.28494,0.24479,0.22471,0.21969,0.21969,0.21969,0.21969,0.22471,0.22973,0.23977,0.24479,0.24479,0.25483,0.26486,0.26988,0.28494,0.3,0.32471,0.34479,0.35985,0.3749,0.38996,0.4,0.40502,0.4,0.39498,0.37992,0.36988,0.35985,0.34981,0.33475,0.32471,0.31004,0.3,0.28996,0.28494,0.27992,0.2749,0.2749,0.26988,0.26486,0.26486,0.26486,0.26486,0.26486,0.26988,0.2749,0.28494,0.29498,0.30502,0.31004,0.31969,0.32471,0.32471,0.32471,0.31969,0.31506,0.31004,0.30502,0.3,0.3,0.30502,0.31004,0.31969,0.32471,0.31004,0.29498,0.27992,0.26486,0.25483,0.24981,0.25483,0.25483,0.25483,0.24981,0.24479,0.24479,0.24981,0.24981,0.25483,0.3,0.43514,0.68996,0.90039,0.90541,0.59498,0.43012,0.34981,0.2749,0.21969,0.19498,0.18494,0.18494,0.18494,0.18996,0.19498,0.19498,0.19961,0.20463,0.21467,0.21969,0.22973,0.23977,0.25483,0.26988,0.28996,0.31004,0.32973,0.34479,0.35483,0.35985,0.35483,0.34479,0.33475,0.32471,0.31004,0.28996,0.2749,0.26486,0.25985,0.25483,0.24981,0.24479,0.24479,0.23977,0.23977,0.23977,0.23977,0.23977,0.23977,0.24479,0.24479,0.24981,0.25985,0.26486,0.26988,0.2749,0.27992,0.28494,0.28996,0.28996,0.28996,0.29498,0.28996,0.28996,0.28996,0.28996,0.29498,0.31004,0.31506,0.31004,0.29498,0.28494,0.2749,0.26988,0.26486,0.25985,0.26486,0.26486,0.26486,0.25985,0.25985,0.25985,0.26486,0.26486,0.26988,0.33475,0.5,0.76525,0.93012,0.79035,0.54015,0.41004,0.33475,0.26486,0.21969,0.19961,0.19498,0.19498,0.19498,0.19961,0.20463,0.20463,0.20965,0.21969,0.22471,0.22973,0.24479,0.24981,0.26486,0.27992,0.3,0.32471,0.34479,0.36486,0.37992,0.38494,0.37992,0.3749,0.35985,0.34981,0.33475,0.31506,0.30502,0.28996,0.2749,0.26486,0.25483,0.24981,0.24981,0.24981,0.24479,0.23977,0.23977,0.24479,0.23977,0.24479,0.24479,0.24981,0.24981,0.25483,0.25985,0.26988,0.2749,0.27992,0.28494,0.28996,0.28996,0.28494,0.28494,0.28494,0.28494,0.28996,0.29498,0.30502,0.31004,0.30502,0.28996,0.27992,0.26988,0.25985,0.24981,0.24981,0.24981,0.24981,0.24479,0.24479,0.24479,0.24479,0.24479,0.24479,0.25985,0.32471,0.50502,0.76525,0.90039,0.74015,0.50502,0.38996,0.31506,0.23475,0.19961,0.17992,0.1749,0.1749,0.17992,0.17992,0.18494,0.18996,0.19498,0.19961,0.20463,0.21969,0.22471,0.23977,0.25483,0.26988,0.28494,0.30502,0.32471,0.33977,0.34981,0.35483,0.34981,0.33977,0.33475,0.31506,0.3,0.28996,0.2749,0.26988,0.25985,0.24981,0.24479,0.24479,0.24479,0.24479,0.24479,0.23977,0.23977,0.24479,0.24479,0.24981,0.24981,0.25985,0.26486,0.26988,0.27992,0.28996,0.29498,0.3,0.30502,0.31004,0.31004,0.31004,0.31004,0.31004,0.31506,0.31506,0.31969,0.32973,0.33475,0.32973,0.31969,0.31004,0.30502,0.28996,0.28494,0.28494,0.28494,0.28996,0.28996,0.28494,0.28494,0.28494,0.28494,0.28996,0.3,0.36486,0.54517,0.81004,0.94015,0.78533,0.55521,0.43012,0.34981,0.2749,0.23977,0.21969,0.20965,0.20965,0.20965,0.21467,0.21969,0.21969,0.22471,0.22973,0.23977,0.24479,0.25483,0.26988,0.28494,0.3,0.32471,0.34479,0.36486,0.37992,0.39498,0.39498,0.38996,0.37992,0.36988,0.35483,0.33977,0.31969,0.30502,0.28996,0.2749,0.26988,0.25985,0.25985,0.25483,0.25483,0.24981,0.24981,0.24981,0.24981,0.24981,0.24981,0.25483,0.25985,0.26486,0.26988,0.2749,0.2749,0.28494,0.28996,0.29498,0.29498,0.3,0.3,0.29498,0.29498,0.29498,0.29498,0.30502,0.31506,0.31506,0.31004,0.29498,0.28494,0.26988,0.26486,0.25985,0.25985,0.25985,0.25985,0.25985,0.24981,0.24981,0.25985,0.25985,0.25985,0.28996,0.38494,0.6,0.85521,0.92046,0.67529,0.4749,0.38494,0.30502,0.24479,0.20463,0.19498,0.18996,0.18996,0.19498,0.19498,0.19961,0.19961,0.20463,0.20965,0.21969,0.22471,0.23475,0.24479,0.25985,0.27992,0.3,0.32471,0.34479,0.35483,0.36988,0.24981,0.25985,0.26988,0.2749,0.27992,0.28494,0.28494,0.28494,0.28494,0.28494,0.28494,0.28494,0.28996,0.29498,0.31004,0.31506,0.31506,0.30502,0.28996,0.28494,0.26988,0.26486,0.25985,0.26486,0.26486,0.26486,0.26486,0.25985,0.25985,0.26486,0.26486,0.26988,0.30502,0.43977,0.68494,0.90039,0.91042,0.6,0.43514,0.35985,0.27992,0.22471,0.19961,0.19498,0.18996,0.18494,0.18494,0.18996,0.19961,0.20463,0.20965,0.20965,0.21969,0.22471,0.23475,0.24981,0.26486,0.28494,0.30502,0.32973,0.34981,0.36486,0.36988,0.36988,0.35985,0.33977,0.32973,0.31506,0.29498,0.27992,0.26486,0.25483,0.24479,0.23977,0.22973,0.22471,0.22471,0.22973,0.22471,0.22471,0.22471,0.22471,0.22471,0.22973,0.22973,0.23977,0.24479,0.24981,0.25483,0.26486,0.2749,0.27992,0.28494,0.28494,0.27992,0.27992,0.28494,0.31506,0.31506,0.30502,0.28996,0.2749,0.26486,0.25985,0.24981,0.24981,0.24981,0.24981,0.24479,0.23977,0.23475,0.23977,0.24479,0.24479,0.26486,0.34479,0.54015,0.80502,0.91042,0.72008,0.48996,0.38494,0.30502,0.22973,0.18996,0.1749,0.16988,0.16988,0.16988,0.16988,0.1749,0.17992,0.18494,0.18494,0.19498,0.20463,0.21467,0.22973,0.24479,0.25985,0.28494,0.31004,0.32973,0.34479,0.35483,0.35985,0.35483,0.34981,0.33475,0.31969,0.3,0.28494,0.26988,0.25985,0.24981,0.23977,0.23475,0.22973,0.22471,0.22471,0.22471,0.22471,0.22471,0.22471,0.22471,0.22471,0.22471,0.23475,0.23977,0.24479,0.24981,0.25985,0.26486,0.26988,0.2749,0.2749,0.2749,0.2749,0.2749,0.27992,0.27992,0.28996,0.3,0.31004,0.31506,0.30502,0.28996,0.2749,0.26486,0.25483,0.24981,0.24981,0.24981,0.24981,0.24981,0.24479,0.24479,0.24479,0.24981,0.24981,0.2749,0.36486,0.5749,0.83514,0.91042,0.69498,0.48996,0.38996,0.31004,0.24479,0.20463,0.19498,0.18996,0.18996,0.18996,0.19498,0.19961,0.19961,0.20463,0.21467,0.22471,0.22973,0.23977,0.24981,0.26486,0.28494,0.31004,0.33475,0.35985,0.3749,0.38494,0.38996,0.37992,0.36988,0.35483,0.33977,0.32973,0.31004,0.29498,0.28494,0.28494,0.28494,0.27992,0.26486,0.24981,0.24479,0.24479,0.24479,0.24479,0.24981,0.25483,0.24981,0.24981,0.24479,0.24479,0.23977,0.23977,0.24479,0.24981,0.25985,0.25985,0.26486,0.26988,0.26988,0.28494,0.34479,0.51004,0.76023,0.91042,0.79537,0.6,0.45985,0.33475,0.23475,0.17992,0.15985,0.15483,0.15483,0.15483,0.15483,0.15985,0.16486,0.1749,0.17992,0.18494,0.19498,0.20463,0.21969,0.23475,0.25483,0.26988,0.28996,0.30502,0.31004,0.31506,0.31969,0.31506,0.30502,0.3,0.28996,0.2749,0.26486,0.25985,0.24981,0.24479,0.23977,0.23977,0.23977,0.23475,0.23475,0.23977,0.23977,0.24479,0.24981,0.25985,0.26486,0.26988,0.2749,0.27992,0.28494,0.28494,0.28494,0.28996,0.28996,0.28996,0.28494,0.28494,0.28494,0.28494,0.28494,0.28494,0.28494,0.28494,0.28494,0.28494,0.27992,0.27992,0.28494,0.28996,0.28996,0.28996,0.28996,0.29498,0.29498,0.29498,0.29498,0.29498,0.29498,0.30502,0.30502,0.30502,0.31506,0.32973,0.33977,0.33977,0.32973,0.31969,0.31506,0.30502,0.30502,0.30502,0.30502,0.30502,0.29498,0.28996,0.28996,0.29498,0.3,0.30502,0.34479,0.47992,0.73012,0.94517,0.95521,0.64015,0.46486,0.37992,0.30502,0.25483,0.22973,0.21969,0.21969,0.21969,0.22471,0.22973,0.22973,0.23475,0.24479,0.24981,0.25483,0.26486,0.2749,0.28494,0.3,0.31969,0.33475,0.36486,0.37992,0.4,0.41004,0.41506,0.41506,0.40502,0.39498,0.37992,0.35985,0.34479,0.32973,0.31004,0.3,0.28996,0.28494,0.2749,0.26988,0.26486,0.26486,0.26486,0.25985,0.25985,0.25985,0.25985,0.26486,0.26486,0.26988,0.2749,0.28494,0.28996,0.29498,0.30502,0.31004,0.31506,0.31506,0.31969,0.31969,0.31506,0.31506,0.31506,0.31969,0.32973,0.33475,0.32471,0.31004,0.3,0.28996,0.2749,0.26486,0.26486,0.26486,0.26486,0.25985,0.24981,0.24479,0.24981,0.25483,0.25985,0.26486,0.30502,0.43977,0.69498,0.91042,0.92046,0.6,0.43514,0.35483,0.2749,0.22471,0.19498,0.18494,0.18494,0.18494,0.18996,0.19498,0.19961,0.19961,0.20463,0.21467,0.21969,0.22973,0.23977,0.24981,0.26486,0.28494,0.31004,0.32973,0.34981,0.35985,0.36988,0.36988,0.35985,0.34981,0.33475,0.32471,0.30502,0.28996,0.2749,0.26486,0.25985,0.24981,0.24981,0.24479,0.24479,0.23977,0.24479,0.24479,0.24479,0.24479,0.24479,0.24479,0.24981,0.25483,0.25985,0.26486,0.26486,0.26988,0.26988,0.2749,0.28494,0.28494,0.28996,0.28494,0.28494,0.28494,0.28494,0.28996,0.30502,0.31004,0.31506,0.31004,0.29498,0.28996,0.2749,0.26988,0.26486,0.26486,0.26486,0.25985,0.25985,0.25483,0.25483,0.25985,0.25985,0.25985,0.27992,0.36486,0.56486,0.83012,0.92046,0.72008,0.5,0.39498,0.31969,0.24479,0.20463,0.19498,0.18996,0.18996,0.18996,0.19498,0.19961,0.19961,0.19961,0.20463,0.20965,0.21969,0.22973,0.24479,0.25985,0.27992,0.3,0.31969,0.34479,0.36486,0.36988,0.3749,0.3749,0.36486,0.35483,0.33475,0.31969,0.3,0.28494,0.26486,0.24981,0.23977,0.23475,0.22973,0.22973,0.23475,0.22973,0.22973,0.22471,0.22471,0.22471,0.22973,0.23475,0.23977,0.24479,0.24981,0.25483,0.26486,0.26988,0.27992,0.28494,0.28996,0.3,0.30502,0.3,0.28996,0.27992,0.2749,0.26988,0.26486,0.25985,0.25985,0.25985,0.25985,0.25985,0.28494,0.38494,0.61004,0.85521,0.90039,0.65019,0.47992,0.38494,0.3,0.23475,0.19961,0.19498,0.18996,0.18996,0.19498,0.19961,0.20463,0.20965,0.21969,0.21969,0.22471,0.23475,0.24479,0.25985,0.27992,0.3,0.31969,0.33475,0.34981,0.36988,0.3749,0.36988,0.36486,0.35483,0.33977,0.32471,0.31004,0.29498,0.28494,0.2749,0.26486,0.26486,0.25985,0.25985,0.25985,0.25985,0.25985,0.25985,0.25985,0.25985,0.25985,0.26486,0.26988,0.26988,0.2749,0.28494,0.28996,0.28996,0.29498,0.29498,0.29498,0.3,0.3,0.3,0.29498,0.29498,0.28996,0.28996,0.28996,0.28494,0.28494,0.28494,0.28494,0.28494,0.28494,0.28494,0.28996,0.28494,0.28996,0.3,0.31004,0.31506,0.31969,0.31004,0.29498,0.28996,0.2749,0.26988,0.26988,0.26988,0.26988,0.2749,0.26486,0.26486,0.26988,0.26988,0.26988,0.28996,0.38494,0.6,0.87027,0.94517,0.72008,0.5,0.39498,0.31506,0.24981,0.20965,0.19498,0.19498,0.19498,0.19961,0.20463,0.20463,0.20965,0.20965,0.21969,0.22471,0.22973,0.23977,0.24981,0.26988,0.28996,0.31506,0.33977,0.36486,0.37992,0.39498,0.4,0.4,0.39498,0.37992,0.35985,0.34479,0.32471,0.31004,0.28996,0.2749,0.26486,0.25985,0.25985,0.25483,0.24981,0.24479,0.24479,0.24479,0.24479,0.24479,0.24981,0.25483,0.25985,0.26486,0.26486,0.2749,0.28494,0.28996,0.29498,0.3,0.30502,0.30502,0.31004,0.30502,0.30502,0.30502,0.3,0.3,0.31004,0.31506,0.32471,0.31506,0.29498,0.28494,0.2749,0.26486,0.25985,0.24981,0.25483,0.25985,0.25985,0.24981,0.24479,0.24981,0.25483,0.25483,0.25985,0.31004,0.45985,0.72008,0.92046,0.83012,0.57992,0.43012,0.34981,0.2749,0.22471,0.19961,0.19498,0.18996,0.18996,0.19498,0.19498,0.19961,0.20463,0.20965,0.21467,0.21969,0.22973,0.24479,0.25985,0.27992,0.3,0.31969,0.33475,0.35483,0.3749,0.3749,0.3749,0.36486,0.35483,0.33977,0.32471,0.30502,0.28996,0.2749,0.26486,0.25483,0.24981,0.24479,0.23977,0.23977,0.23977,0.23977,0.23977,0.23977,0.23977,0.23977,0.23977,0.24479,0.24981,0.25483,0.25985,0.26486,0.26988,0.2749,0.2749,0.27992,0.28494,0.28494,0.28494,0.28494,0.28494,0.28494,0.29498,0.31004,0.31506,0.31969,0.30502,0.29498,0.28494,0.2749,0.26486,0.25985,0.25985,0.25985,0.26486,0.25483,0.24981,0.25483,0.25985,0.25985,0.25985,0.28996,0.40502,0.64517,0.89035,0.93012,0.64517,0.45985,0.36988,0.29498,0.23475,0.19961,0.19498,0.19498,0.19498,0.19498,0.19961,0.19961,0.20463,0.20965,0.21467,0.21969,0.22973,0.23475,0.24981,0.26988,0.28996,0.31004,0.33475,0.35483,0.36988,0.37992,0.37992,0.3749,0.35985,0.34981,0.33475,0.31506,0.29498,0.27992,0.26486,0.25483,0.24479,0.23977,0.23475,0.22973,0.23475,0.23475,0.22973,0.22973,0.22973,0.22973,0.23475,0.23977,0.23977,0.24479,0.25483,0.25985,0.26486,0.26988,0.27992,0.28494,0.28494,0.28494,0.28494,0.28494,0.28494,0.27992,0.27992,0.28996,0.30502,0.31506,0.30502,0.28996,0.28494,0.2749,0.26486,0.25985,0.25985,0.25985,0.26486,0.26486,0.25483,0.25483,0.25483,0.25985,0.26486,0.26988,0.32471,0.47992,0.73514,0.91042,0.80502,0.5749,0.43977,0.35985,0.27992,0.23475,0.20965,0.20463,0.20463,0.20463,0.20463,0.21467,0.22471,0.22973,0.23475,0.23977,0.24981,0.25985,0.26988,0.28494,0.3,0.31969,0.33977,0.35985,0.37992,0.39498,0.4,0.4,0.38494,0.3749,0.35985,0.34479,0.32973,0.31004,0.3,0.28996,0.27992,0.2749,0.26486,0.26486,0.26486,0.25985,0.25985,0.25985,0.25985,0.25985,0.25985,0.26486,0.26988,0.2749,0.28494,0.28996,0.29498,0.30502,0.31004,0.31506,0.31506,0.31004,0.31004,0.30502,0.30502,0.30502,0.30502,0.30502,0.31506,0.32471,0.33475,0.33475,0.31969,0.31004,0.29498,0.28494,0.2749,0.26988,0.26988,0.26988,0.2749,0.26988,0.26486,0.26486,0.26988,0.26988,0.2749,0.31004,0.4251,0.66525,0.90039,0.94015,0.65019,0.46486,0.3749,0.3,0.23977,0.20463,0.19961,0.19961,0.19961,0.19961,0.19961,0.20463,0.21467,0.21969,0.22471,0.22973,0.23977,0.24981,0.26486,0.27992,0.3,0.32471,0.34981,0.36988,0.38494,0.39498,0.4,0.38996,0.37992,0.35985,0.34479,0.32471,0.31004,0.28996,0.2749,0.26486,0.25985,0.25483,0.24981,0.24981,0.24479,0.24479,0.24479,0.24479,0.24981,0.24981,0.25483,0.25985,0.25985,0.26486,0.26988,0.2749,0.27992,0.28494,0.28996,0.29498,0.29498,0.29498,0.29498,0.28996,0.28996,0.28996,0.29498,0.30502,0.31506,0.32471,0.31506,0.3,0.28494,0.2749,0.26486,0.25985,0.25985,0.26486,0.26486,0.25985,0.25483,0.25483,0.25985,0.25985,0.25985,0.26486,0.32471,0.48494,0.75019,0.92046,0.79537,0.55521,0.4251,0.34479,0.26486,0.21467,0.19498,0.18996,0.18494,0.18996,0.19498,0.19498,0.19961,0.20463,0.20965,0.21969,0.22471,0.23475,0.24981,0.26486,0.27992,0.3,0.32471,0.34479,0.35985,0.36988,0.3749,0.36988,0.35985,0.34981,0.32973,0.31506,0.3,0.28494,0.26988,0.26486,0.25483,0.24479,0.23977,0.23977,0.23977,0.23977,0.23475,0.23475,0.23475,0.23977,0.23977,0.24479,0.24479,0.24981,0.24981,0.25985,0.26486,0.26486,0.26988,0.2749,0.27992,0.28494,0.28996,0.28494,0.28494,0.27992,0.27992,0.28494,0.3,0.31004,0.31506,0.30502,0.28996,0.2749,0.26988,0.25985,0.25483,0.25483,0.25483,0.25985,0.24981,0.24479,0.24479,0.24981,0.25483,0.25985,0.27992,0.36988,0.57992,0.83514,0.90541,0.68494,0.4749,0.38494,0.31004,0.24479,0.20463,0.18996,0.18494,0.18494,0.18996,0.19498,0.19961,0.20463,0.20965,0.21467,0.21969,0.22973,0.24479,0.25483,0.26486,0.28494,0.31004,0.33475,0.35483,0.3749,0.38494,0.38494,0.38494,0.36988,0.35483,0.33475,0.31969,0.3,0.28494,0.26988,0.25483,0.24479,0.23977,0.23475,0.22973,0.22973,0.22471,0.22471,0.22471,0.22471,0.22471,0.22973,0.22973,0.23475,0.23977,0.24479,0.24981,0.25483,0.25985,0.26988,0.2749,0.2749,0.27992,0.28494,0.27992,0.2749,0.2749,0.2749,0.2749,0.28996,0.29498,0.30502,0.29498,0.27992,0.26988,0.25985,0.24981,0.24479,0.24479,0.24981,0.23977,0.23977,0.23977,0.23475,0.23977,0.24479,0.24479,0.25985,0.34479,0.53514,0.80039,0.90039,0.71506,0.5,0.4,0.32471,0.25483,0.21467,0.19498,0.19498,0.18996,0.18996,0.19498,0.19961,0.19961,0.20965,0.21969,0.22471,0.22973,0.23977,0.25483,0.26988,0.28996,0.31004,0.33475,0.35483,0.3749,0.37992,0.38494,0.38494,0.37992,0.36988,0.35483,0.33977,0.32471,0.31004,0.29498,0.28494,0.2749,0.2749,0.2749,0.2749,0.26988,0.26486,0.26486,0.26486,0.26486,0.26486,0.26988,0.2749,0.27992,0.28494,0.28996,0.29498,0.30502,0.31004,0.31506,0.31506,0.31506,0.31506,0.31506,0.31506,0.31506,0.31506,0.31506,0.31506,0.31969,0.32973,0.33977,0.33977,0.32973,0.31506,0.30502,0.29498,0.28996,0.28494,0.28494,0.28494,0.28494,0.27992,0.27992,0.28494,0.28494,0.28996,0.28996,0.31506,0.43012,0.66525,0.91544,0.96023,0.68031,0.48494,0.39498,0.31969,0.25483,0.21969,0.20965,0.20965,0.20965,0.20965,0.20965,0.21467,0.22471,0.22973,0.23475,0.23977,0.24479,0.25985,0.26988,0.28996,0.31004,0.32973,0.35483,0.3749,0.39498,0.40502,0.40502,0.4,0.38494,0.3749,0.35985,0.33977,0.32471,0.30502,0.28996,0.27992,0.26988,0.26486,0.25483,0.24981,0.24981,0.24981,0.24981,0.24981,0.25483,0.25985,0.25985,0.25985,0.26486,0.26486,0.26988,0.2749,0.27992,0.28494,0.28996,0.29498,0.29498,0.29498,0.3,0.29498,0.29498,0.28996,0.28996,0.3,0.31004,0.31969,0.32471,0.31004,0.29498,0.28494,0.2749,0.26486,0.25985,0.25985,0.25985,0.25985,0.25483,0.25483,0.25483,0.25985,0.25985,0.26486,0.3,0.42008,0.65521,0.89537,0.93514,0.64015,0.45985,0.3749,0.29498,0.23475,0.20463,0.19498,0.19498,0.19498,0.19498,0.19498,0.19961,0.20463,0.20965,0.21467,0.22471,0.22973,0.23977,0.25483,0.26988,0.29498,0.31506,0.33475,0.35483,0.3749,0.37992,0.38494,0.3749,0.35985,0.34981,0.32973,0.31506,0.3,0.28494,0.26988,0.26486,0.25483,0.24981,0.24479,0.24479,0.24479,0.23977,0.23977,0.23977,0.23977,0.24479,0.24479,0.24981,0.24981,0.25985,0.26486,0.26486,0.26988,0.2749,0.27992,0.28494,0.28996,0.28996,0.28494,0.28494,0.27992,0.27992,0.28494,0.28996,0.30502,0.31506,0.31506,0.30502,0.28996,0.27992,0.26988,0.25985,0.25483,0.24981,0.24981,0.24981,0.24981,0.24479,0.24981,0.24981,0.24981,0.24981,0.26486,0.34479,0.54015,0.81004,0.91042,0.71506,0.49498,0.39498,0.31506,0.23475,0.19961,0.17992,0.17992,0.17992,0.17992,0.17992,0.18494,0.18996,0.19498,0.19961,0.20463,0.20965,0.21969,0.23475,0.24981,0.26988,0.29498,0.31969,0.33475,0.35483,0.36988,0.3749,0.36988,0.35483,0.33977,0.32973,0.31506,0.29498,0.2749,0.26486,0.24981,0.24479,0.23475,0.23475,0.23475,0.23977,0.22973,0.22973,0.22973,0.22973,0.23475,0.23977,0.24479,0.24981,0.25483,0.25483,0.26486,0.26988,0.2749,0.2749,0.28494,0.28494,0.28996,0.29498,0.29498,0.28996,0.28996,0.28996,0.29498,0.30502,0.31506,0.32471,0.31506,0.30502,0.29498,0.28494,0.2749,0.26988,0.26988,0.26988,0.26988,0.26988,0.26486,0.26988,0.2749,0.2749,0.2749,0.28996,0.36988,0.56486,0.83012,0.92548,0.74015,0.52008,0.42008,0.34479,0.2749,0.23475,0.21969,0.20965,0.20965,0.20965,0.21467,0.21969,0.22471,0.22973,0.23977,0.23977,0.24981,0.25985,0.26988,0.28494,0.3,0.32471,0.34981,0.36988,0.38494,0.39498,0.4,0.39498,0.38494,0.3749,0.35985,0.33977,0.32471,0.30502,0.29498,0.27992,0.26988,0.26486,0.26486,0.26486,0.25985,0.25985,0.25985,0.25985,0.25985,0.25985,0.26486,0.26486,0.26988,0.2749,0.2749,0.28494,0.28996,0.28996,0.29498,0.3,0.3,0.30502,0.30502,0.3,0.3,0.3,0.3,0.3,0.30502,0.31506,0.32471,0.32973,0.31969,0.30502,0.29498,0.28996,0.27992,0.2749,0.2749,0.2749,0.2749,0.26988,0.26988,0.26988,0.2749,0.2749,0.2749,0.29498,0.38996,0.6,0.86525,0.92548,0.69498,0.49498,0.4,0.31969,0.25483,0.21969,0.20463,0.20463,0.20463,0.20463,0.20463,0.20965,0.20965,0.21969,0.22471,0.22973,0.24479,0.25483,0.26486,0.27992,0.3,0.32471,0.34981,0.3749,0.38996,0.4,0.40502,0.4,0.38996,0.3749,0.35985,0.33977,0.32471,0.30502,0.28996,0.2749,0.26988,0.25985,0.25985,0.24981,0.24981,0.24981,0.24479,0.24479,0.24479,0.24981,0.25483,0.25483,0.25985,0.26486,0.26988,0.26988,0.2749,0.28494,0.28996,0.28996,0.29498,0.29498,0.29498,0.29498,0.29498,0.28996,0.28996,0.29498,0.30502,0.31506,0.31969,0.31506,0.3,0.28494,0.26988,0.25985,0.25483,0.25483,0.25483,0.25483,0.24981,0.24479,0.24479,0.24479,0.24981,0.24981,0.25483,0.31506,0.48494,0.75521,0.91042,0.76525,0.53012,0.41506,0.33475,0.25483,0.20463,0.18494,0.17992,0.17992,0.17992,0.18494,0.18996,0.19498,0.19498,0.20463,0.20965,0.21969,0.22973,0.23977,0.25483,0.2749,0.3,0.32471,0.34479,0.36988,0.37992,0.38494,0.37992,0.36988,0.35985,0.34479,0.32973,0.31004,0.29498,0.27992,0.26486,0.25985,0.24981,0.24479,0.24479,0.24479,0.24479,0.24479,0.24479,0.24479,0.24479,0.24479,0.24479,0.24981,0.25985,0.26486,0.26988,0.2749,0.28494,0.28996,0.29498,0.29498,0.29498,0.29498,0.29498,0.28996,0.28996,0.28996,0.28996,0.30502,0.31506,0.31969,0.32471,0.31004,0.29498,0.28494,0.2749,0.26988,0.26486,0.26486,0.26486,0.26486,0.26486,0.25985,0.25985,0.25985,0.26486,0.26988,0.32471,0.4749,0.73514,0.93012,0.83514,0.58494,0.44479,0.36486,0.28494,0.22973,0.20463,0.19961,0.19961,0.19961,0.20463,0.20463,0.21467,0.21969,0.22471,0.22973,0.23977,0.24981,0.25985,0.27992,0.29498,0.31969,0.33977,0.36486,0.37992,0.39498,0.40502,0.4,0.39498,0.37992,0.36486,0.34981,0.32973,0.31506,0.3,0.28494,0.2749,0.26988,0.25985,0.25483,0.24981,0.24981,0.25483,0.25483,0.25985,0.25985,0.26486,0.26486,0.26988,0.2749,0.27992,0.28494,0.28494,0.29498,0.3,0.3,0.30502,0.30502,0.30502,0.30502,0.30502,0.3,0.29498,0.3,0.31004,0.32471,0.32973,0.32471,0.31004,0.29498,0.28494,0.2749,0.26988,0.26486,0.25985,0.25985,0.26486,0.25985,0.24981,0.25483,0.25985,0.25985,0.26486,0.29498,0.40502,0.63012,0.88031,0.92046,0.64015,0.45985,0.37992,0.3,0.22973,0.19961,0.19498,0.18996,0.18494,0.18494,0.19498,0.19498,0.19961,0.20965,0.21467,0.21969,0.22471,0.23475,0.24981,0.26486,0.28494,0.31004,0.32973,0.34981,0.36988,0.3749,0.3749,0.36988,0.35985,0.34479,0.32973,0.31969,0.30502,0.28996,0.27992,0.2749,0.26486,0.25985,0.25483,0.24981,0.24981,0.24981,0.24981,0.24981,0.24981,0.24981,0.25985,0.26486,0.26486,0.26988,0.2749,0.28494,0.29498,0.3,0.3,0.30502,0.30502,0.30502,0.30502,0.31004,0.31004,0.30502,0.30502,0.31004,0.32471,0.33475,0.33977,0.33475,0.32471,0.31506,0.30502,0.25985,0.26988,0.26988,0.28494,0.28996,0.28494,0.28996,0.28996,0.28996,0.28996,0.29498,0.30502,0.31506,0.31969,0.31506,0.3,0.28494,0.2749,0.2749,0.26988,0.26988,0.26988,0.26988,0.2749,0.26988,0.26988,0.26988,0.2749,0.27992,0.28494,0.33977,0.50502,0.76023,0.92046,0.80502,0.5749,0.44479,0.35985,0.28494,0.23977,0.22471,0.21969,0.21467,0.21467,0.21969,0.22471,0.22973,0.23475,0.23977,0.24479,0.24981,0.25985,0.26988,0.28996,0.30502,0.32471,0.34479,0.36988,0.38494,0.39498,0.4,0.39498,0.38494,0.3749,0.35483,0.33977,0.32471,0.31004,0.3,0.28996,0.27992,0.26988,0.26486,0.26486,0.26486,0.26486,0.26486,0.25985,0.25985,0.25985,0.26486,0.26486,0.26486,0.26988,0.26988,0.27992,0.28996,0.29498,0.30502,0.31004,0.31004,0.31004,0.31004,0.31004,0.31004,0.31004,0.31506,0.31969,0.32973,0.32973,0.31969,0.30502,0.28996,0.28494,0.2749,0.26988,0.26988,0.26988,0.2749,0.26988,0.26486,0.26486,0.26988,0.26988,0.26988,0.29498,0.39498,0.62008,0.87529,0.93514,0.68031,0.47992,0.38494,0.30502,0.23977,0.20463,0.19498,0.19498,0.19498,0.19498,0.19961,0.20463,0.20463,0.20965,0.21467,0.22471,0.23475,0.24479,0.25985,0.26988,0.28996,0.31004,0.33475,0.35985,0.36988,0.3749,0.3749,0.36486,0.35483,0.34981,0.33475,0.31506,0.29498,0.27992,0.26486,0.25985,0.24981,0.24981,0.24479,0.24479,0.24479,0.23977,0.23977,0.23977,0.24479,0.24479,0.24981,0.24981,0.25483,0.25985,0.26988,0.2749,0.27992,0.28494,0.28494,0.28494,0.28996,0.28996,0.29498,0.29498,0.29498,0.31004,0.31969,0.32471,0.31969,0.30502,0.28996,0.28494,0.26988,0.25985,0.25985,0.26486,0.26486,0.25985,0.25483,0.25483,0.25985,0.25985,0.25985,0.26486,0.32471,0.48996,0.75521,0.92046,0.79035,0.55019,0.42008,0.34479,0.26486,0.21969,0.19961,0.18996,0.18996,0.18996,0.19498,0.19961,0.20463,0.20965,0.21467,0.21969,0.22973,0.24479,0.24981,0.26486,0.28494,0.30502,0.32973,0.34981,0.36988,0.3749,0.37992,0.3749,0.36486,0.35483,0.33977,0.32471,0.30502,0.28996,0.2749,0.26486,0.24981,0.24479,0.24479,0.23977,0.23977,0.23475,0.23475,0.23977,0.23977,0.23977,0.24479,0.24479,0.24981,0.25483,0.26486,0.26988,0.2749,0.28494,0.28996,0.28996,0.29498,0.29498,0.29498,0.29498,0.3,0.30502,0.31004,0.31969,0.32471,0.31004,0.29498,0.28494,0.26988,0.25985,0.25483,0.25483,0.25985,0.24981,0.24479,0.24479,0.24479,0.24981,0.24981,0.24981,0.26988,0.36486,0.5749,0.83514,0.90541,0.68494,0.4749,0.37992,0.3,0.22973,0.19498,0.17992,0.17992,0.1749,0.1749,0.17992,0.18494,0.18494,0.19498,0.19961,0.20463,0.20965,0.22471,0.23977,0.25483,0.26988,0.28996,0.31506,0.33475,0.34479,0.35483,0.35483,0.34981,0.33977,0.32471,0.30502,0.28996,0.2749,0.26988,0.25483,0.23977,0.22973,0.22471,0.22471,0.22471,0.22973,0.22973,0.22973,0.22973,0.22973,0.22973,0.23475,0.23977,0.24479,0.25483,0.25985,0.25985,0.26486,0.26988,0.2749,0.27992,0.28494,0.28494,0.28494,0.28494,0.28996,0.3,0.31004,0.31969,0.32471,0.31004,0.29498,0.28494,0.2749,0.26988,0.26988,0.26988,0.26988,0.26988,0.26486,0.25985,0.26486,0.26988,0.2749,0.2749,0.31004,0.4251,0.65019,0.88533,0.92548,0.66525,0.48494,0.39498,0.31506,0.25483,0.22471,0.21969,0.21969,0.21969,0.21969,0.21969,0.21969,0.22471,0.22973,0.23977,0.24479,0.24981,0.26486,0.27992,0.3,0.31969,0.33977,0.35985,0.37992,0.38996,0.4,0.39498,0.38494,0.3749,0.35985,0.33977,0.32471,0.31004,0.29498,0.28494,0.2749,0.26988,0.26486,0.26486,0.25985,0.25985,0.25483,0.25483,0.25985,0.25985,0.25985,0.25985,0.26486,0.26988,0.2749,0.28494,0.28996,0.29498,0.30502,0.31004,0.31004,0.31004,0.31004,0.31004,0.31004,0.31004,0.31506,0.32471,0.33475,0.33977,0.32973,0.31004,0.3,0.28996,0.2749,0.26988,0.26988,0.26988,0.26988,0.26486,0.25985,0.25985,0.26486,0.26486,0.26988,0.2749,0.33977,0.50502,0.77027,0.93012,0.79035,0.55019,0.42008,0.34479,0.26988,0.21969,0.19961,0.19498,0.18996,0.18996,0.19498,0.19961,0.20965,0.21467,0.21969,0.22471,0.22973,0.23977,0.24981,0.26486,0.28494,0.31004,0.32973,0.35483,0.36988,0.37992,0.37992,0.3749,0.35985,0.34981,0.33475,0.31969,0.30502,0.28494,0.2749,0.26486,0.25483,0.24981,0.24479,0.24479,0.24479,0.24479,0.24479,0.23977,0.23977,0.24479,0.24479,0.24981,0.24981,0.25985,0.25985,0.26486,0.26988,0.2749,0.2749,0.28494,0.28996,0.29498,0.29498,0.28996,0.28996,0.29498,0.31004,0.31506,0.31969,0.31004,0.29498,0.27992,0.26988,0.25985,0.24981,0.24981,0.24981,0.24981,0.24981,0.24479,0.24479,0.24479,0.24981,0.24981,0.26486,0.33475,0.51506,0.78031,0.90541,0.74517,0.51004,0.39498,0.31969,0.24981,0.20965,0.18996,0.18494,0.18494,0.18494,0.18494,0.18494,0.19498,0.19961,0.20463,0.20965,0.22471,0.23475,0.24479,0.25985,0.27992,0.30502,0.32973,0.34981,0.36988,0.3749,0.37992,0.36988,0.35985,0.34981,0.32973,0.31506,0.29498,0.28494,0.26988,0.26486,0.25483,0.24479,0.24479,0.23977,0.23475,0.22973,0.23475,0.22973,0.22973,0.22973,0.23475,0.23977,0.23977,0.24981,0.25483,0.25985,0.26486,0.2749,0.28494,0.28996,0.28996,0.28996,0.28494,0.28996,0.28996,0.29498,0.30502,0.31004,0.31506,0.31004,0.29498,0.28494,0.26988,0.25483,0.24981,0.24981,0.24981,0.24981,0.24479,0.23977,0.23475,0.23977,0.24479,0.24479,0.25985,0.32973,0.51506,0.78031,0.89537,0.71004,0.47992,0.3749,0.30502,0.23475,0.19498,0.1749,0.16486,0.16988,0.1749,0.17992,0.18494,0.18494,0.18996,0.19498,0.20463,0.21467,0.22973,0.23977,0.25483,0.26988,0.28996,0.31506,0.32973,0.34479,0.35483,0.35985,0.35483,0.34479,0.33475,0.31969,0.31004,0.29498,0.27992,0.26486,0.25985,0.24981,0.24479,0.24479,0.24479,0.23977,0.23977,0.23977,0.23977,0.23977,0.24479,0.24479,0.24479,0.24479,0.25985,0.26486,0.26988,0.2749,0.27992,0.28996,0.29498,0.3,0.3,0.3,0.30502,0.30502,0.31506,0.32471,0.32973,0.33475,0.32973,0.31506,0.30502,0.29498,0.28494,0.27992,0.2749,0.2749,0.2749,0.2749,0.26988,0.2749,0.27992,0.28494,0.28494,0.30502,0.38996,0.6,0.85521,0.92548,0.71506,0.51004,0.41004,0.32973,0.26486,0.22973,0.21467,0.20965,0.20965,0.20965,0.21969,0.21969,0.22471,0.22973,0.23977,0.23977,0.24981,0.25985,0.26988,0.28494,0.30502,0.32471,0.34981,0.36988,0.37992,0.38996,0.39498,0.38494,0.3749,0.35985,0.33977,0.31969,0.30502,0.28996,0.2749,0.26988,0.25985,0.25483,0.24981,0.24981,0.24981,0.24981,0.24981,0.24981,0.24981,0.24981,0.24981,0.25985,0.25985,0.26486,0.26988,0.2749,0.28494,0.29498,0.3,0.30502,0.31004,0.30502,0.30502,0.30502,0.31004,0.31506,0.32471,0.32973,0.32973,0.31506,0.30502,0.29498,0.28494,0.26988,0.26486,0.26988,0.26988,0.26486,0.25985,0.25985,0.25985,0.25985,0.26486,0.25985,0.28996,0.40502,0.64517,0.88533,0.92046,0.64015,0.45483,0.36988,0.29498,0.23475,0.20463,0.19498,0.19498,0.19498,0.19961,0.19961,0.20463,0.20463,0.21467,0.21969,0.22471,0.22973,0.24479,0.25483,0.26988,0.28996,0.31506,0.33977,0.35483,0.36988,0.3749,0.37992,0.36988,0.35985,0.34479,0.32973,0.31004,0.29498,0.27992,0.26486,0.25985,0.24981,0.24981,0.24479,0.24479,0.24479,0.24479,0.24479,0.24479,0.24479,0.24479,0.24981,0.24981,0.24981,0.25985,0.26486,0.26988,0.2749,0.27992,0.28494,0.28996,0.28996,0.28996,0.28996,0.28996,0.28996,0.29498,0.31004,0.31506,0.31969,0.30502,0.29498,0.28494,0.26988,0.25985,0.25985,0.25985,0.25985,0.25985,0.25985,0.25483,0.25985,0.25985,0.25985,0.26486,0.3,0.42008,0.65019,0.88533,0.92046,0.6251,0.44479,0.36486,0.28996,0.23475,0.20463,0.19498,0.18996,0.18996,0.19498,0.19961,0.20463,0.20965,0.21467,0.21969,0.22471,0.23475,0.24479,0.25985,0.27992,0.3,0.32471,0.34479,0.36486,0.37992,0.38494,0.37992,0.37992,0.36486,0.34981,0.32973,0.31506,0.29498,0.28494,0.26988,0.26486,0.25985,0.25985,0.25483,0.24981,0.24479,0.24479,0.23977,0.23977,0.24479,0.24479,0.24981,0.24981,0.25483,0.25985,0.26988,0.26988,0.27992,0.28996,0.29498,0.30502,0.3,0.3,0.3,0.30502,0.3,0.30502,0.31506,0.32471,0.31969,0.30502,0.28996,0.27992,0.26486,0.25483,0.24981,0.25483,0.25483,0.24981,0.24479,0.24479,0.23977,0.24479,0.24479,0.24479,0.2749,0.39498,0.6251,0.86525,0.90541,0.6251,0.44981,0.36486,0.28494,0.21969,0.18494,0.1749,0.1749,0.17992,0.18494,0.19498,0.19498,0.19498,0.19961,0.20463,0.21467,0.21969,0.22973,0.23977,0.25483,0.27992,0.3,0.31969,0.33977,0.35483,0.35985,0.36486,0.35483,0.33977,0.32471,0.31004,0.29498,0.28494,0.26988,0.25483,0.24479,0.23977,0.23977,0.23977,0.23475,0.22973,0.22973,0.23475,0.23475,0.23977,0.23977,0.23977,0.24479,0.24981,0.25483,0.25985,0.26486,0.2749,0.27992,0.28494,0.28494,0.28996,0.28996,0.29498,0.29498,0.29498,0.3,0.31004,0.31969,0.32471,0.31506,0.30502,0.29498,0.28494,0.2749,0.2749,0.27992,0.28494,0.27992,0.26988,0.26988,0.26988,0.2749,0.2749,0.28494,0.31004,0.4251,0.65521,0.89537,0.93514,0.68031,0.49498,0.40502,0.32471,0.26486,0.22973,0.21969,0.21969,0.21969,0.21969,0.21969,0.22471,0.22471,0.23475,0.23977,0.24479,0.25985,0.26486,0.27992,0.29498,0.31506,0.33977,0.36486,0.37992,0.39498,0.4,0.4,0.38996,0.37992,0.36486,0.34981,0.33475,0.31506,0.30502,0.28996,0.27992,0.2749,0.26988,0.26486,0.25985,0.25985,0.25483,0.25483,0.25985,0.25985,0.25985,0.25985,0.26486,0.26988,0.2749,0.2749,0.28494,0.28996,0.29498,0.3,0.30502,0.31004,0.30502,0.30502,0.30502,0.30502,0.31004,0.31969,0.32973,0.32973,0.32471,0.30502,0.29498,0.28494,0.26988,0.26486,0.26486,0.26486,0.26486,0.25985,0.25483,0.25483,0.25985,0.26486,0.26486,0.27992,0.36486,0.56486,0.83012,0.91544,0.71506,0.49498,0.38996,0.31506,0.24981,0.20463,0.19498,0.18996,0.18494,0.18996,0.19498,0.19961,0.19961,0.20463,0.20965,0.21969,0.22973,0.24479,0.25483,0.26988,0.28996,0.31004,0.33475,0.35483,0.36988,0.3749,0.37992,0.36988,0.35985,0.34981,0.32973,0.31004,0.29498,0.28494,0.26988,0.25985,0.24981,0.24479,0.23977,0.23977,0.23475,0.23475,0.23475,0.23475,0.23475,0.23977,0.25985,0.25985,0.25985,0.25483,0.24981,0.24981,0.25483,0.25985,0.25985,0.2749,0.36988,0.57992,0.84015,0.91042,0.68996,0.47992,0.38494,0.31506,0.24479,0.20463,0.19498,0.19498,0.19498,0.19498,0.19498,0.19961,0.20463,0.20965,0.21969,0.22471,0.22973,0.24479,0.25483,0.26486,0.28996,0.31004,0.33475,0.35985,0.3749,0.37992,0.38494,0.3749,0.36486,0.34981,0.32973,0.31004,0.29498,0.27992,0.26486,0.25483,0.24981,0.24479,0.23977,0.23977,0.23475,0.22973,0.22973,0.23475,0.23475,0.23977,0.23977,0.23977,0.24479,0.24981,0.24981,0.25985,0.26486,0.26988,0.2749,0.27992,0.27992,0.28494,0.28494,0.28494,0.28494,0.28494,0.3,0.31004,0.31506,0.3,0.27992,0.2749,0.26486,0.24981,0.24479,0.24479,0.24479,0.23977,0.23475,0.22973,0.22973,0.23977,0.23977,0.24479,0.25483,0.33475,0.5251,0.78533,0.88031,0.69498,0.47992,0.3749,0.3,0.22973,0.19498,0.17992,0.1749,0.1749,0.17992,0.17992,0.17992,0.18996,0.19498,0.19961,0.20965,0.21969,0.22973,0.23977,0.25483,0.26988,0.28996,0.31506,0.33475,0.34981,0.35985,0.36486,0.35483,0.34479,0.33475,0.32471,0.30502,0.28996,0.28494,0.26988,0.26486,0.25483,0.24981,0.24981,0.24479,0.24479,0.24479,0.24479,0.24479,0.24981,0.25985,0.26486,0.26486,0.26988,0.26988,0.2749,0.28494,0.28996,0.29498,0.30502,0.30502,0.31004,0.31004,0.31004,0.31506,0.31506,0.31969,0.32973,0.33977,0.34479,0.33475,0.32471,0.31004,0.29498,0.28494,0.28494,0.28494,0.28494,0.28494,0.27992,0.2749,0.2749,0.2749,0.2749,0.2749,0.28494,0.35483,0.5251,0.79035,0.94015,0.80039,0.56023,0.43012,0.34479,0.2749,0.22973,0.20965,0.20463,0.20463,0.20965,0.20965,0.21969,0.21969,0.22471,0.22973,0.23977,0.24479,0.25483,0.26486,0.27992,0.3,0.31969,0.33977,0.36486,0.37992,0.38996,0.39498,0.38494,0.37992,0.36988,0.34981,0.33475,0.31969,0.30502,0.28996,0.27992,0.26988,0.26486,0.25985,0.25483,0.24981,0.24981,0.24479,0.24479,0.24479,0.24981,0.24981,0.24981,0.25985,0.25985,0.26486,0.26486,0.2749,0.28494,0.28996,0.29498,0.3,0.3,0.3,0.3,0.30502,0.31004,0.31506,0.32471,0.32471,0.31506,0.3,0.28996,0.27992,0.26988,0.26486,0.26486,0.26486,0.26486,0.25985,0.25483,0.25483,0.25985,0.26486,0.26486,0.27992,0.35985,0.56023,0.8251,0.91544,0.71506,0.5,0.39498,0.31969,0.24981,0.20965,0.19498,0.19498,0.19498,0.19498,0.19961,0.20463,0.20965,0.20965,0.21969,0.21969,0.22471,0.23475,0.24981,0.26486,0.28494,0.31004,0.32973,0.34981,0.36988,0.3749,0.3749,0.36988,0.35483,0.33977,0.32973,0.31004,0.29498,0.27992,0.26988,0.25985,0.24479,0.23977,0.23475,0.23475,0.23475,0.23977,0.23977,0.23977,0.23977,0.23977,0.23977,0.24479,0.24479,0.24479,0.25483,0.25985,0.26988,0.2749,0.2749,0.27992,0.28494,0.28996,0.28996,0.28996,0.28996,0.29498,0.31004,0.31506,0.31969,0.30502,0.28996,0.28494,0.26988,0.26486,0.25985,0.25985,0.25985,0.25985,0.25483,0.24981,0.24981,0.25483,0.25985,0.25985,0.27992,0.37992,0.60502,0.85521,0.91042,0.66023,0.46486,0.36988,0.3,0.23475,0.19961,0.19498,0.18996,0.18996,0.18996,0.18996,0.19498,0.19961,0.20463,0.21467,0.22471,0.22973,0.23977,0.25483,0.26988,0.28996,0.31004,0.33475,0.35483,0.36988,0.3749,0.37992,0.36988,0.35985,0.34479,0.32471,0.31004,0.29498,0.2749,0.26486,0.24981,0.24479,0.23977,0.23475,0.22973,0.22973,0.22973,0.22973,0.22973,0.22471,0.22973,0.23475,0.23977,0.23977,0.24479,0.25483,0.25985,0.26486,0.26988,0.2749,0.27992,0.28494,0.28494,0.27992,0.27992,0.27992,0.28494,0.29498,0.30502,0.31004,0.29498,0.28494,0.26988,0.26486,0.25483,0.24981,0.24981,0.24981,0.24981,0.24479,0.24479,0.24479,0.24981,0.24981,0.24981,0.27992,0.3749,0.58996,0.83514,0.89537,0.65521,0.46486,0.37992,0.30502,0.23475,0.19961,0.18494,0.18494,0.18996,0.19498,0.19498,0.19961,0.20463,0.20965,0.21969,0.22471,0.22973,0.24479,0.25985,0.26988,0.29498,0.31969,0.33977,0.35985,0.3749,0.37992,0.37992,0.3749,0.36988,0.35985,0.34479,0.32973,0.31506,0.3,0.28996,0.27992,0.26988,0.26486,0.26486,0.25985,0.25985,0.25985,0.25985,0.25985,0.25985,0.25985,0.25985,0.26486,0.26988,0.27992,0.28996,0.29498,0.3,0.30502,0.30502,0.31004,0.31004,0.31506,0.31004,0.31004,0.31004,0.31004,0.32471,0.33475,0.33977,0.32973,0.31506,0.30502,0.29498,0.27992,0.2749,0.2749,0.27992,0.27992,0.2749,0.26988,0.26486,0.26988,0.26988,0.2749,0.28494,0.34981,0.53012,0.80039,0.94015,0.78533,0.55019,0.4251,0.33977,0.26988,0.22973,0.20965,0.20463,0.20463,0.20463,0.20463,0.20965,0.21467,0.22471,0.22973,0.23475,0.24479,0.24981,0.26486,0.27992,0.3,0.31969,0.34479,0.36486,0.37992,0.39498,0.39498,0.38996,0.3749,0.35985,0.34479,0.32973,0.31004,0.29498,0.27992,0.26988,0.26486,0.25985,0.25483,0.24981,0.24479,0.24479,0.24981,0.24981,0.24981,0.25483,0.25483,0.25985,0.25985,0.25985,0.26988,0.26988,0.2749,0.28494,0.28996,0.29498,0.29498,0.3,0.3,0.3,0.30502,0.31004,0.31506,0.32471,0.32973,0.31506,0.30502,0.28996,0.2749,0.26988,0.26486,0.26486,0.26486,0.26486,0.25985,0.25483,0.24981,0.25985,0.25985,0.26486,0.27992,0.36486,0.56988,0.83514,0.91544,0.71004,0.48996,0.38996,0.31506,0.24479,0.20463,0.19498,0.18494,0.18996,0.19498,0.19961,0.19961,0.20463,0.20965,0.21467,0.21969,0.22973,0.23977,0.25483,0.26486,0.28494,0.31506,0.33475,0.35483,0.36988,0.3749,0.37992,0.3749,0.36486,0.34981,0.33475,0.31506,0.29498,0.28494,0.26988,0.25985,0.25483,0.24981,0.24479,0.24479,0.24479,0.23977,0.23977,0.23977,0.24479,0.24981,0.24981,0.24981,0.25483,0.25985,0.26486,0.26988,0.2749,0.28494,0.28996,0.28996,0.28996,0.28996,0.28996,0.29498,0.29498,0.29498,0.31004,0.31969,0.32471,0.31004,0.29498,0.28494,0.26988,0.25985,0.25985,0.25985,0.25985,0.25985,0.25483,0.24981,0.24981,0.24981,0.24981,0.24981,0.26988,0.36486,0.5749,0.83514,0.90541,0.68996,0.4749,0.37992,0.30502,0.23475,0.19961,0.18996,0.18494,0.18494,0.18996,0.19498,0.19498,0.19498,0.19961,0.20463,0.21467,0.21969,0.22973,0.24479,0.25985,0.28494,0.31004,0.32973,0.34981,0.35985,0.36988,0.36988,0.35985,0.35483,0.33977,0.32471,0.30502,0.28996,0.2749,0.25985,0.24981,0.23977,0.23977,0.23977,0.23977,0.22973,0.22973,0.22973,0.22973,0.22973,0.23475,0.23475,0.23977,0.23977,0.24479,0.25483,0.26486,0.26988,0.2749,0.2749,0.28494,0.28494,0.28996,0.28996,0.28996,0.28996,0.29498,0.30502,0.31506,0.31506,0.30502,0.29498,0.28494,0.2749,0.26988,0.26486,0.26486,0.26486,0.26486,0.25985,0.25985,0.25985,0.26486,0.26486,0.26486,0.28494,0.3749,0.58494,0.83514,0.90541,0.7,0.50502,0.40502,0.31969,0.25483,0.21969,0.20965,0.20463,0.20463,0.20965,0.21467,0.21969,0.22471,0.22973,0.23977,0.24479,0.24981,0.25985,0.26988,0.28494,0.30502,0.32973,0.35483,0.3749,0.38494,0.38996,0.39498,0.38494,0.3749,0.36486,0.34981,0.32973,0.31506,0.3,0.28996,0.2749,0.26988,0.26486,0.25985,0.25985,0.25483,0.25483,0.25483,0.25483,0.25483,0.25483,0.25985,0.26486,0.26988,0.2749,0.28494,0.28996,0.29498,0.3,0.30502,0.30502,0.31004,0.30502,0.30502,0.30502,0.30502,0.30502,0.31004,0.31969,0.32973,0.32973,0.31969,0.31004,0.29498,0.28996,0.2749,0.26988,0.26988,0.26988,0.26988,0.26486,0.25985,0.25985,0.26486,0.26486,0.26486,0.28494,0.38494,0.60502,0.86023,0.92046,0.68996,0.48494,0.38996,0.31506,0.24981,0.21467,0.19961,0.19961,0.19961,0.19961,0.19961,0.20463,0.20965,0.20965,0.21969,0.22471,0.22973,0.24479,0.25483,0.26988,0.28996,0.31969,0.33977,0.35985,0.3749,0.37992,0.38494,0.37992,0.36988,0.35483,0.33475,0.31969,0.3,0.28494,0.2749,0.26486,0.25985,0.24981,0.24479,0.24479,0.23977,0.23977,0.23977,0.23977,0.24479,0.24479,0.24479,0.24981,0.25483,0.25985,0.25985,0.26486,0.2749,0.28494,0.28996,0.29498,0.29498,0.29498,0.3,0.30502,0.30502,0.30502,0.31004,0.31969,0.32471,0.31506,0.3,0.28996,0.2749,0.26486,0.25985,0.25985,0.25985,0.25985,0.25985,0.24981,0.24981,0.25483,0.25985,0.25985,0.26486,0.32471,0.49498,0.76023,0.91544,0.78031,0.53514,0.41004,0.33475,0.25985,0.21467,0.18996,0.18494,0.18494,0.18494,0.18996,0.19498,0.19961,0.20463,0.20965,0.21969,0.22471,0.23475,0.24479,0.25985,0.27992,0.30502,0.32471,0.34479,0.36486,0.3749,0.37992,0.3749,0.35985,0.34981,0.32973,0.31506,0.3,0.28494,0.26988,0.25985,0.24981,0.24479,0.23977,0.23475,0.23475,0.23475,0.23475,0.23977,0.23977,0.23475,0.23475,0.23977,0.23977,0.24479,0.25483,0.25985,0.26486,0.26988,0.2749,0.2749,0.27992,0.28494,0.28996,0.28494,0.28494,0.28494,0.29498,0.30502,0.31506,0.31506,0.3,0.28996,0.2749,0.26486,0.25483,0.25483,0.25985,0.25985,0.25483,0.24981,0.24981,0.25483,0.25985,0.25985,0.25985,0.28996,0.41506,0.65521,0.88533,0.92046,0.6251,0.44981,0.36486,0.29498,0.23475,0.20463,0.19961,0.19498,0.19498,0.19961,0.19961,0.20463,0.20965,0.21467,0.21969,0.22471,0.23977,0.24981,0.26486,0.2749,0.29498,0.31969,0.34479,0.36486,0.37992,0.38494,0.38494,0.3749,0.36988,0.34981,0.32973,0.31506,0.29498,0.28494,0.26486,0.25985,0.24981,0.24479,0.23977,0.23475,0.23475,0.23475,0.23475,0.23977,0.24479,0.24479,0.24479,0.24479,0.24479,0.24981,0.24981,0.25985,0.26486,0.26988,0.2749,0.27992,0.27992,0.28494,0.28996,0.28996,0.28996,0.29498,0.30502,0.31506,0.31969,0.30502,0.28996,0.27992,0.26988,0.25985,0.24981,0.24981,0.24981,0.24981,0.24479,0.23977,0.23977,0.23977,0.24479,0.24981,0.25985,0.33475,0.52008,0.78031,0.89537,0.7251,0.49498,0.38494,0.30502,0.23475,0.19498,0.17992,0.1749,0.1749,0.17992,0.17992,0.18494,0.19498,0.19498,0.20463,0.20965,0.21969,0.22471,0.23977,0.25985,0.2749,0.3,0.32471,0.33977,0.34981,0.35985,0.35985,0.35483,0.34981,0.33475,0.32471,0.30502,0.28996,0.2749,0.25985,0.24981,0.24479,0.23977,0.22973,0.22973,0.22973,0.23475,0.23475,0.23475,0.22973,0.23475,0.23977,0.23977,0.24479,0.24981,0.25985,0.26486,0.2749,0.27992,0.28494,0.28996,0.28996,0.28996,0.28996,0.28996,0.28996,0.29498,0.3,0.30502,0.31506,0.31506,0.30502,0.29498,0.28494,0.2749,0.26988,0.26988,0.2749,0.27992,0.28494,0.2749,0.2749,0.2749,0.27992,0.28494,0.28494,0.31969,0.44981,0.7,0.91544,0.93012,0.64015,0.4749,0.38996,0.30502,0.25483,0.22471,0.21969,0.21969,0.21969,0.21969,0.22471,0.22973,0.22973,0.23475,0.24479,0.24981,0.25985,0.26486,0.2749,0.28996,0.31506,0.33475,0.35985,0.3749,0.38996,0.4,0.39498,0.38494,0.3749,0.35985,0.33977,0.32973,0.31004,0.29498,0.28494,0.2749,0.26988,0.26486,0.25985,0.25483,0.25483,0.25483,0.25483,0.25985,0.25985,0.25985,0.25985,0.25985,0.26486,0.26988,0.27992,0.28996,0.29498,0.3,0.30502,0.31004,0.31004,0.31004,0.31004,0.31004,0.31004,0.31004,0.31506,0.32471,0.32471,0.32973,0.31506,0.29498,0.28494,0.2749,0.26988,0.26988,0.26486,0.26988,0.26988,0.26486,0.25985,0.25985,0.26486,0.26988,0.26486,0.29498,0.4,0.6251,0.87529,0.92046,0.66023,0.46486,0.37992,0.3,0.23475,0.19961,0.18996,0.18494,0.18996,0.19498,0.19498,0.19961,0.20463,0.20965,0.21969,0.22471,0.23475,0.24479,0.25483,0.26486,0.28996,0.31004,0.33475,0.35483,0.36988,0.3749,0.3749,0.36988,0.35483,0.33977,0.32973,0.31004,0.29498,0.27992,0.26486,0.25985,0.24981,0.24479,0.23977,0.23977,0.23475,0.23977,0.23977,0.23977,0.23977,0.23977,0.23977,0.23977,0.24479,0.24981,0.25483,0.25985,0.26486,0.2749,0.27992,0.28494,0.28996,0.28996,0.28494,0.28494,0.28494,0.29498,0.30502,0.31506,0.31969,0.31004,0.29498,0.28494,0.2749,0.26486,0.25985,0.25985,0.25985,0.25985,0.25483,0.24981,0.24981,0.24981,0.25483,0.25483,0.26988,0.34981,0.54517,0.80502,0.91042,0.73514,0.50502,0.4,0.32471,0.25483,0.21467,0.19498,0.19498,0.19498,0.19498,0.19498,0.19961,0.20463,0.20965,0.21969,0.22471,0.22973,0.23977,0.24981,0.26486,0.28494,0.30502,0.32973,0.34981,0.36988,0.37992,0.37992,0.3749,0.36486,0.34981,0.33475,0.31969,0.3,0.28494,0.26988,0.25985,0.24981,0.24981,0.24479,0.23977,0.23977,0.23977,0.23977,0.23977,0.23977,0.23977,0.23977,0.24479,0.24981,0.25483,0.25985,0.26486,0.26988,0.2749,0.28494,0.28996,0.28996,0.28996,0.28996,0.29498,0.29498,0.29498,0.30502,0.31506,0.32471,0.31506,0.30502,0.28996,0.27992,0.26486,0.25985,0.25985,0.25985,0.25985,0.25985,0.25483,0.24981,0.24981,0.25483,0.25985,0.26486,0.31506,0.45985,0.71506,0.90541,0.81506,0.56988,0.4251,0.34479,0.2749,0.21969,0.19498,0.18996,0.18494,0.18996,0.18996,0.19498,0.20463,0.20965,0.21467,0.21969,0.22973,0.23475,0.24981,0.25985,0.27992,0.3,0.32471,0.34479,0.36486,0.3749,0.37992,0.3749,0.36988,0.35483,0.33977,0.31969,0.30502,0.28996,0.2749,0.26486,0.25483,0.24981,0.24479,0.24479,0.23475,0.23475,0.23977,0.23977,0.23977,0.23977,0.24479,0.24479,0.24479,0.24479,0.24981,0.25985,0.26486,0.26988,0.2749,0.2749,0.28494,0.28494,0.28494,0.28494,0.28494,0.28494,0.28996,0.3,0.31004,0.31004,0.29498,0.28494,0.26988,0.26486,0.25483,0.24479,0.24479,0.24479,0.24981,0.24479,0.23977,0.23977,0.24479,0.23977,0.23977,0.25483,0.33475,0.54015,0.80502,0.89537,0.69498,0.4749,0.3749,0.29498,0.22471,0.18996,0.17992,0.1749,0.1749,0.1749,0.17992,0.18494,0.18996,0.19498,0.19961,0.20965,0.21969,0.23475,0.24479,0.26486,0.28494,0.30502,0.32471,0.34479,0.35985,0.36988,0.3749,0.36988,0.35483,0.34479,0.32973,0.31004,0.29498,0.28494,0.2749,0.26486,0.24981,0.24479,0.24479,0.24479,0.24479,0.24479,0.24479,0.24479,0.24981,0.24981,0.24981,0.25985,0.26486,0.26486,0.26988,0.2749,0.28494,0.28996,0.30502,0.31004,0.31004,0.31506,0.31506,0.31506,0.31506,0.31506,0.32471,0.33475,0.33977,0.34479,0.33475,0.31969,0.31004,0.29498,0.28996,0.28494,0.28494,0.28494,0.28996,0.28494,0.28494,0.28494,0.28996,0.28996,0.28996,0.31506,0.42008,0.64015,0.88533,0.94015,0.7,0.51004,0.41004,0.32973,0.26486,0.22973,0.21969,0.21467,0.20965,0.21467,0.21969,0.22471,0.22973,0.22973,0.23977,0.24479,0.25483,0.26486,0.2749,0.28494,0.30502,0.32973,0.35483,0.3749,0.38996,0.39498,0.4,0.38494,0.3749,0.35985,0.34981,0.33475,0.31506,0.3,0.28996,0.2749,0.26988,0.25985,0.25985,0.25985,0.25985,0.25985,0.25483,0.25483,0.25985,0.25985,0.25985,0.25985,0.26486,0.26988,0.2749,0.27992,0.28494,0.28996,0.29498,0.29498,0.3,0.3,0.30502,0.30502,0.3,0.30502,0.31004,0.32471,0.32973,0.33475,0.31969,0.30502,0.29498,0.28494,0.26988,0.26988,0.26988,0.26988,0.26988,0.26486,0.25985,0.26486,0.26486,0.26486,0.26486,0.31506,0.45985,0.72008,0.92548,0.84015,0.59498,0.44479,0.36486,0.29498,0.23977,0.21467,0.20463,0.19961,0.20463,0.20463,0.20965,0.21467,0.21969,0.22471,0.22973,0.23977,0.24479,0.25985,0.26988,0.29498,0.31506,0.33475,0.35483,0.3749,0.38494,0.39498,0.38996,0.37992,0.36988,0.34981,0.33475,0.31004,0.29498,0.28494,0.2749,0.26486,0.25985,0.25483,0.24981,0.24479,0.24479,0.24479,0.24479,0.24479,0.24479,0.24479,0.24981,0.25985,0.26486,0.26486,0.26988,0.27992,0.28494,0.28996,0.29498,0.29498,0.29498,0.3,0.30502,0.30502,0.30502,0.30502,0.31506,0.32471,0.32973,0.31969,0.30502,0.29498,0.28494,0.26988,0.26486,0.26486,0.26486,0.26486,0.26486,0.25985,0.25483,0.25985,0.25985,0.25985,0.2749,0.34479,0.53012,0.79537,0.92548,0.76023,0.53012,0.41506,0.33475,0.25985,0.21969,0.19961,0.19498,0.19498,0.18996,0.18996,0.19498,0.19498,0.19498,0.19961,0.20463,0.21467,0.22471,0.22973,0.24479,0.25483,0.26988,0.28996,0.31004,0.32973,0.34981,0.35985,0.36988,0.36988,0.36486,0.35483,0.33977,0.32471,0.31506,0.3,0.28494,0.2749,0.26988,0.26486,0.26486,0.26486,0.26486,0.25985,0.25985,0.25985,0.25985,0.26486,0.25985,0.25985,0.26486,0.26988,0.2749,0.27992,0.28494,0.28996,0.29498,0.30502,0.30502,0.31004,0.31004,0.31004,0.31004,0.31004,0.31969,0.33475,0.33977,0.33977,0.32973,0.31506,0.30502,0.28996,0.28494,0.27992,0.27992,0.28494,0.28494,0.28494,0.28494,0.28494,0.28494,0.28494,0.29498,0.35483,0.5251,0.79537,0.95019,0.82008,0.58996,0.45483,0.36486,0.28494,0.23475,0.20965,0.20463,0.20463,0.20463,0.20463,0.20965,0.20965,0.21969,0.22471,0.22973,0.22973,0.23977,0.24981,0.26486,0.27992,0.30502,0.32471,0.34981,0.36988,0.37992,0.38494,0.38494,0.37992,0.36988,0.34981,0.32973,0.31004,0.29498,0.27992,0.26988,0.26486,0.25985,0.25483,0.24981,0.24981,0.24981,0.24981,0.24981,0.24981,0.24981,0.25483,0.25985,0.25985,0.25985,0.26486,0.26988,0.2749,0.27992,0.28996,0.28996,0.29498,0.3,0.3,0.30502,0.31004,0.32471,0.33475,0.33475,0.32471,0.31004,0.3,0.28996,0.2749,0.26988,0.26486,0.26486,0.26988,0.26486,0.25985,0.25985,0.25985,0.26486,0.26988,0.29498,0.38494,0.60502,0.87027,0.93012,0.69498,0.49498,0.4,0.31506,0.24981,0.20965,0.19498,0.19498,0.19498,0.19498,0.19961,0.20463,0.20463,0.20965,0.21969,0.22471,0.22973,0.24479,0.25483,0.26988,0.28996,0.31004,0.32973,0.35483,0.36988,0.37992,0.3749,0.36988,0.35483,0.33977,0.32471,0.30502,0.28996,0.2749,0.26486,0.25483,0.24981,0.23977,0.23475,0.22973,0.22973,0.22973,0.22973,0.23475,0.22973,0.22973,0.23475,0.23977,0.23977,0.24479,0.24479,0.24981,0.24981,0.25985,0.26486,0.26486,0.26486,0.26988,0.2749,0.27992,0.29498,0.32471,0.36486,0.41004,0.46988,0.55019,0.62008,0.67027,0.72008,0.77027,0.77529,0.75019,0.7251,0.64517,0.50502,0.35483,0.21467,0.11467,0.074517,0.064865,0.059846,0.059846,0.059846,0.059846,0.064865,0.064865,0.069884,0.069884,0.069884,0.074517,0.079537,0.089575,0.10965,0.12973,0.14981,0.16988,0.18996,0.20965,0.22471,0.23977,0.24981,0.24981,0.25483,0.24981,0.24981,0.24981,0.24981,0.24479,0.24479,0.24981,0.24981,0.24981,0.25483,0.25985,0.25985,0.26486,0.26988,0.2749,0.2749,0.27992,0.27992,0.28494,0.28996,0.28996,0.29498,0.29498,0.3,0.3,0.3,0.29498,0.29498,0.29498,0.28996,0.28996,0.28996,0.29498,0.3,0.29498,0.29498,0.29498,0.29498,0.29498,0.3,0.30502,0.31004,0.31969,0.32973,0.33977,0.34479,0.33475,0.32471,0.31506,0.31004,0.3,0.3,0.3,0.30502,0.30502,0.3,0.29498,0.29498,0.3,0.30502,0.31004,0.36486,0.51506,0.78031,0.96023,0.84517,0.59498,0.44479,0.35985,0.28996,0.24981,0.22973,0.22471,0.22471,0.22471,0.22973,0.22973,0.23475,0.23977,0.23977,0.24479,0.24981,0.26486,0.2749,0.28996,0.31004,0.32973,0.34981,0.3749,0.39498,0.41506,0.4251,0.4251,0.42008,0.41506,0.4,0.2749,0.28494,0.29498,0.29498,0.30502,0.31004,0.31506,0.31506,0.31506,0.31969,0.32973,0.33977,0.33977,0.32471,0.31506,0.3,0.28494,0.2749,0.26988,0.26486,0.26486,0.25985,0.25483,0.24981,0.24981,0.24981,0.25483,0.25985,0.28494,0.39498,0.62008,0.87027,0.92046,0.66525,0.47992,0.38996,0.30502,0.23475,0.19961,0.19498,0.18996,0.18996,0.18996,0.19498,0.19961,0.19961,0.20463,0.21467,0.21969,0.22973,0.23475,0.24479,0.25985,0.28494,0.31004,0.32973,0.34981,0.36486,0.36988,0.36988,0.35985,0.34981,0.33475,0.32471,0.30502,0.28996,0.2749,0.26486,0.25985,0.24981,0.24479,0.23977,0.23977,0.23977,0.23977,0.23977,0.23977,0.23977,0.23977,0.23977,0.23977,0.24479,0.24479,0.24479,0.24981,0.25985,0.26486,0.26988,0.2749,0.2749,0.2749,0.27992,0.28494,0.28996,0.3,0.31004,0.31004,0.29498,0.27992,0.26988,0.25483,0.24479,0.23977,0.23977,0.23977,0.24479,0.24479,0.23977,0.23977,0.24479,0.24479,0.24479,0.2749,0.40502,0.66023,0.88533,0.90039,0.6,0.43514,0.34981,0.26486,0.20965,0.1749,0.16486,0.16486,0.1749,0.17992,0.17992,0.18494,0.18494,0.19498,0.19961,0.20463,0.20965,0.22471,0.23977,0.25483,0.2749,0.29498,0.31969,0.33475,0.34981,0.35483,0.35483,0.34981,0.33475,0.31506,0.3,0.28996,0.26988,0.25985,0.24479,0.23977,0.22973,0.22471,0.22471,0.22471,0.21969,0.21969,0.21969,0.21969,0.21969,0.21969,0.22471,0.22973,0.23977,0.23977,0.24479,0.24981,0.25483,0.26486,0.26486,0.2749,0.28494,0.28996,0.28996,0.28996,0.3,0.31004,0.31506,0.31969,0.29498,0.28494,0.2749,0.26988,0.26486,0.26486,0.26486,0.26486,0.26486,0.25985,0.25985,0.25985,0.26486,0.26486,0.26988,0.31506,0.45483,0.70502,0.91544,0.92046,0.6251,0.4749,0.38494,0.3,0.24479,0.21969,0.20965,0.20965,0.21467,0.21969,0.21969,0.22471,0.22973,0.23977,0.24479,0.25483,0.26486,0.2749,0.28494,0.30502,0.32471,0.34479,0.36486,0.37992,0.38996,0.39498,0.4,0.38494,0.37992,0.36486,0.34981,0.33475,0.31969,0.30502,0.28996,0.28494,0.28494,0.2749,0.26988,0.26988,0.2749,0.26988,0.26988,0.26988,0.2749,0.2749,0.26988,0.26988,0.26988,0.2749,0.27992,0.28996,0.3,0.30502,0.31004,0.31506,0.31506,0.31004,0.31004,0.31506,0.32471,0.33475,0.34479,0.34981,0.33977,0.32471,0.31004,0.29498,0.28996,0.28494,0.27992,0.28494,0.27992,0.2749,0.26988,0.26988,0.2749,0.2749,0.2749,0.28996,0.37992,0.58494,0.86023,0.93514,0.73514,0.5251,0.41004,0.31969,0.24981,0.20463,0.19498,0.18494,0.17992,0.18494,0.19498,0.19961,0.19961,0.19961,0.20965,0.21969,0.22471,0.22973,0.23977,0.24981,0.26486,0.28996,0.31506,0.33475,0.35483,0.35985,0.35985,0.35483,0.33977,0.32973,0.31506,0.3,0.27992,0.26486,0.24479,0.23475,0.22973,0.22471,0.21969,0.21969,0.21969,0.21969,0.21969,0.21467,0.21467,0.21969,0.21969,0.22471,0.22973,0.22973,0.22973,0.23977,0.24479,0.24981,0.24981,0.25985,0.26486,0.26486,0.26988,0.2749,0.27992,0.28494,0.29498,0.30502,0.29498,0.2749,0.26988,0.26486,0.25985,0.24981,0.24981,0.25483,0.25483,0.24981,0.24479,0.24981,0.25483,0.25985,0.24981,0.26486,0.34981,0.55521,0.81004,0.88031,0.68996,0.48996,0.39498,0.31506,0.23977,0.20463,0.19498,0.19498,0.19498,0.19961,0.20463,0.20463,0.20965,0.21467,0.21969,0.22973,0.23977,0.24479,0.25985,0.26988,0.29498,0.31969,0.33475,0.35483,0.3749,0.37992,0.37992,0.36988,0.35985,0.34981,0.33977,0.32471,0.31004,0.29498,0.28494,0.26988,0.26486,0.25985,0.25985,0.25985,0.25985,0.24981,0.24981,0.24981,0.24981,0.24981,0.24981,0.25483,0.25985,0.26486,0.26988,0.27992,0.28996,0.28996,0.29498,0.3,0.29498,0.29498,0.3,0.3,0.3,0.30502,0.31969,0.32973,0.32471,0.31004,0.3,0.29498,0.28494,0.2749,0.26988,0.26988,0.26988,0.26988,0.26486,0.26486,0.26486,0.26988,0.2749,0.27992,0.3,0.38996,0.60502,0.87027,0.93514,0.7251,0.52008,0.41506,0.32973,0.25483,0.21467,0.20463,0.19961,0.19961,0.19961,0.20463,0.20965,0.21467,0.21969,0.22973,0.23475,0.23977,0.24981,0.26486,0.27992,0.3,0.32471,0.34479,0.36486,0.37992,0.39498,0.39498,0.38494,0.3749,0.35985,0.33977,0.25985,0.26486,0.26988,0.2749,0.27992,0.28494,0.28996,0.29498,0.3,0.30502,0.31004,0.31004,0.3,0.28996,0.2749,0.26486,0.25985,0.24981,0.24981,0.24981,0.24479,0.24479,0.23977,0.23475,0.24479,0.24479,0.24479,0.26486,0.35985,0.57992,0.83514,0.89537,0.65521,0.46486,0.36988,0.28494,0.21467,0.17992,0.1749,0.16988,0.16486,0.16988,0.1749,0.1749,0.17992,0.18996,0.19498,0.19961,0.20965,0.21969,0.22471,0.24479,0.26486,0.28996,0.31004,0.32471,0.33475,0.34479,0.34479,0.33977,0.33475,0.32973,0.31506,0.3,0.28494,0.26988,0.26486,0.25483,0.24981,0.24479,0.23977,0.23977,0.23977,0.23977,0.23977,0.23977,0.23977,0.23977,0.24479,0.24479,0.24981,0.25985,0.25985,0.26486,0.26988,0.27992,0.28494,0.28996,0.28996,0.29498,0.3,0.30502,0.30502,0.31506,0.32471,0.32973,0.32973,0.31506,0.30502,0.29498,0.28494,0.28494,0.27992,0.28494,0.28494,0.27992,0.26988,0.26988,0.2749,0.2749,0.2749,0.3,0.3749,0.56988,0.84015,0.94517,0.76023,0.53514,0.4251,0.33475,0.25985,0.22471,0.21467,0.20965,0.20965,0.20965,0.21467,0.21969,0.22471,0.22471,0.22973,0.23475,0.24479,0.25483,0.26486,0.27992,0.3,0.32471,0.34479,0.36988,0.37992,0.38996,0.39498,0.39498,0.37992,0.3749,0.35985,0.33475,0.31506,0.30502,0.28996,0.27992,0.2749,0.26988,0.26486,0.2749,0.26486,0.25985,0.24981,0.24479,0.24479,0.24479,0.23977,0.23977,0.24479,0.24479,0.24479,0.24479,0.24981,0.24981,0.24981,0.25985,0.26486,0.26988,0.2749,0.28494,0.28996,0.29498,0.29498,0.29498,0.29498,0.29498,0.29498,0.30502,0.31506,0.32471,0.32973,0.31004,0.29498,0.28494,0.2749,0.26486,0.25985,0.25985,0.25985,0.26486,0.25985,0.25483,0.25483,0.25483,0.25483,0.25483,0.28996,0.41506,0.65521,0.88533,0.92046,0.63012,0.45483,0.36988,0.28996,0.22973,0.19961,0.18494,0.18494,0.18494,0.18494,0.18996,0.19961,0.20463,0.20965,0.20965,0.21969,0.22973,0.23977,0.25483,0.26988,0.28996,0.31969,0.33475,0.35483,0.36988,0.3749,0.3749,0.36486,0.35483,0.33977,0.32471,0.30502,0.28996,0.2749,0.26486,0.25483,0.24479,0.23977,0.23977,0.23977,0.23977,0.23475,0.23475,0.23977,0.23475,0.23475,0.23977,0.23977,0.24479,0.24981,0.25985,0.26486,0.2749,0.27992,0.28494,0.28996,0.29498,0.29498,0.29498,0.29498,0.29498,0.29498,0.31004,0.31506,0.31969,0.30502,0.28996,0.27992,0.26486,0.25985,0.24981,0.24981,0.24981,0.24981,0.24981,0.24479,0.24479,0.24479,0.24981,0.24981,0.2749,0.3749,0.6,0.85521,0.91544,0.66023,0.46486,0.3749,0.28494,0.21969,0.18996,0.17992,0.1749,0.1749,0.17992,0.17992,0.17992,0.18494,0.18494,0.19498,0.20463,0.20965,0.21969,0.23977,0.25483,0.26988,0.29498,0.31969,0.33475,0.34981,0.35483,0.34981,0.33977,0.33475,0.32471,0.30502,0.28996,0.2749,0.26486,0.24981,0.24479,0.23977,0.22973,0.22471,0.22471,0.22471,0.22973,0.22471,0.22471,0.22471,0.22471,0.22973,0.22973,0.23977,0.24479,0.25985,0.26486,0.26486,0.26988,0.2749,0.27992,0.28494,0.28494,0.28494,0.28494,0.28494,0.28996,0.3,0.31004,0.31506,0.31004,0.28996,0.28494,0.26988,0.26486,0.25985,0.25985,0.26486,0.26486,0.25985,0.24981,0.24981,0.25985,0.26486,0.25985,0.27992,0.3749,0.58494,0.84015,0.90541,0.69498,0.5,0.40502,0.31969,0.25483,0.21969,0.20463,0.20463,0.20463,0.20463,0.20965,0.21969,0.22471,0.22471,0.22973,0.23977,0.24981,0.25985,0.26988,0.28494,0.31004,0.32973,0.35483,0.36988,0.38494,0.38996,0.38996,0.38494,0.3749,0.35985,0.34981,0.32973,0.31506,0.30502,0.29498,0.28494,0.2749,0.26988,0.26486,0.26486,0.26486,0.26486,0.26486,0.25985,0.25985,0.25985,0.25985,0.26486,0.26988,0.2749,0.28494,0.28996,0.29498,0.30502,0.30502,0.31004,0.31004,0.31506,0.31004,0.31004,0.31004,0.31004,0.31004,0.32471,0.32973,0.33475,0.32471,0.31004,0.30502,0.28996,0.28494,0.2749,0.26988,0.26988,0.26988,0.26486,0.25985,0.25985,0.26486,0.26988,0.26988,0.28996,0.38494,0.58996,0.85521,0.92548,0.71506,0.50502,0.40502,0.31506,0.24479,0.20463,0.19498,0.18996,0.19498,0.19498,0.19498,0.19961,0.20463,0.20965,0.21969,0.22471,0.22973,0.23977,0.24981,0.26988,0.28996,0.31506,0.33475,0.34981,0.36988,0.3749,0.37992,0.36988,0.35985,0.34479,0.32973,0.31506,0.3,0.28494,0.26988,0.26486,0.25483,0.24981,0.24479,0.24479,0.24981,0.24981,0.24479,0.24479,0.24479,0.24479,0.24479,0.24479,0.24981,0.25985,0.26486,0.26486,0.26988,0.27992,0.28996,0.28996,0.29498,0.28996,0.28996,0.28996,0.29498,0.3,0.31004,0.31969,0.32471,0.31004,0.29498,0.28494,0.2749,0.26486,0.25985,0.25985,0.26486,0.26486,0.25985,0.25483,0.25483,0.25985,0.26486,0.26486,0.28996,0.39498,0.62008,0.87027,0.92046,0.65521,0.46486,0.37992,0.3,0.22973,0.19498,0.18494,0.18494,0.18494,0.18494,0.18996,0.19498,0.19961,0.20463,0.20965,0.21467,0.22471,0.23475,0.24981,0.26486,0.28494,0.30502,0.32471,0.34479,0.35985,0.36988,0.36988,0.36486,0.35483,0.34479,0.32471,0.30502,0.28996,0.27992,0.26988,0.25985,0.24981,0.24981,0.24479,0.24479,0.23977,0.23475,0.23977,0.23475,0.23475,0.23977,0.23977,0.24479,0.24479,0.24981,0.25985,0.26486,0.26988,0.2749,0.28494,0.28996,0.28996,0.29498,0.29498,0.29498,0.29498,0.30502,0.31004,0.31506,0.31969,0.30502,0.29498,0.28494,0.26988,0.25985,0.25483,0.25483,0.25985,0.25985,0.25483,0.24981,0.24981,0.25985,0.25985,0.26486,0.29498,0.42008,0.66525,0.90039,0.92548,0.6251,0.45483,0.36988,0.29498,0.22973,0.19961,0.18996,0.19498,0.19498,0.19498,0.19961,0.20463,0.20965,0.21467,0.21969,0.22471,0.23475,0.24479,0.25985,0.27992,0.3,0.31969,0.34479,0.35985,0.3749,0.37992,0.37992,0.3749,0.35985,0.33977,0.32471,0.31004,0.29498,0.27992,0.26988,0.26486,0.25985,0.24981,0.24479,0.24479,0.24479,0.23977,0.24479,0.24479,0.24981,0.24981,0.24981,0.25483,0.25985,0.26486,0.26988,0.2749,0.2749,0.28494,0.28996,0.29498,0.3,0.3,0.3,0.3,0.30502,0.31004,0.32471,0.32973,0.32471,0.31004,0.3,0.28996,0.2749,0.26486,0.25985,0.26486,0.26486,0.25985,0.25483,0.25483,0.25483,0.25483,0.25483,0.25985,0.31004,0.46486,0.72008,0.91042,0.81506,0.56988,0.4251,0.34479,0.26486,0.21969,0.19498,0.17992,0.17992,0.17992,0.18494,0.18996,0.19498,0.19961,0.20463,0.20965,0.21467,0.22471,0.23475,0.25483,0.26988,0.28996,0.31004,0.32973,0.33977,0.35483,0.35985,0.35483,0.34981,0.33977,0.32471,0.31004,0.29498,0.28494,0.26988,0.25985,0.24981,0.24479,0.24479,0.24479,0.23977,0.23475,0.23475,0.23475,0.23475,0.23475,0.23977,0.23977,0.24479,0.24479,0.24981,0.25985,0.26486,0.2749,0.27992,0.28494,0.28494,0.28494,0.28996,0.28996,0.29498,0.30502,0.31004,0.31969,0.32471,0.31969,0.30502,0.28996,0.27992,0.26988,0.26486,0.26486,0.26988,0.26988,0.26486,0.25985,0.25483,0.25985,0.26486,0.26486,0.26988,0.33475,0.5,0.76023,0.91042,0.78031,0.56486,0.43977,0.35483,0.2749,0.22973,0.20965,0.20463,0.20463,0.20965,0.20965,0.21969,0.22471,0.22973,0.23475,0.23977,0.24981,0.25985,0.26988,0.28494,0.30502,0.32471,0.34981,0.36988,0.38494,0.39498,0.39498,0.38996,0.37992,0.36988,0.35985,0.34479,0.32471,0.31004,0.29498,0.28494,0.2749,0.26988,0.26988,0.26988,0.26486,0.26486,0.26486,0.26486,0.26486,0.26486,0.26486,0.26486,0.26486,0.26988,0.2749,0.28494,0.28996,0.29498,0.30502,0.30502,0.31004,0.31004,0.30502,0.30502,0.30502,0.30502,0.31004,0.32471,0.32973,0.33475,0.32471,0.31506,0.30502,0.28996,0.28494,0.2749,0.26988,0.26988,0.26988,0.26486,0.26486,0.26486,0.26486,0.26486,0.26486,0.28494,0.36988,0.5749,0.84015,0.92548,0.73514,0.51506,0.41004,0.32973,0.25985,0.21969,0.20463,0.19961,0.19961,0.19961,0.19961,0.20463,0.20965,0.21467,0.21969,0.22471,0.23475,0.24479,0.25483,0.26988,0.28996,0.31506,0.33475,0.35483,0.36988,0.3749,0.37992,0.3749,0.35985,0.34981,0.32973,0.31506,0.3,0.28494,0.2749,0.26486,0.25985,0.24981,0.24479,0.23977,0.23977,0.23977,0.24479,0.24479,0.24479,0.24479,0.24479,0.24479,0.24981,0.25985,0.26486,0.26486,0.26988,0.27992,0.28494,0.28996,0.29498,0.29498,0.3,0.3,0.3,0.30502,0.31004,0.31506,0.31969,0.31004,0.29498,0.28494,0.2749,0.26486,0.26486,0.25985,0.26486,0.26486,0.25985,0.25483,0.25483,0.25985,0.25985,0.25985,0.27992,0.36486,0.56023,0.82008,0.90541,0.71506,0.5,0.39498,0.31969,0.24981,0.20463,0.19498,0.18996,0.18996,0.18996,0.19498,0.19961,0.20463,0.20965,0.21467,0.21969,0.22471,0.23475,0.24981,0.26486,0.28494,0.31004,0.33475,0.35483,0.36988,0.3749,0.37992,0.36988,0.35985,0.34479,0.32471,0.30502,0.28996,0.2749,0.26988,0.25985,0.24981,0.24479,0.23977,0.23977,0.23475,0.22973,0.23475,0.23475,0.23475,0.23977,0.23977,0.23977,0.24479,0.24981,0.25483,0.25985,0.26988,0.2749,0.28494,0.28996,0.28996,0.28996,0.28996,0.28494,0.28494,0.28996,0.3,0.31004,0.31506,0.31004,0.28996,0.2749,0.26486,0.25483,0.24981,0.24981,0.24981,0.25483,0.24479,0.23977,0.23977,0.23977,0.24479,0.24479,0.25483,0.31969,0.50502,0.77529,0.90541,0.74015,0.51004,0.39498,0.31506,0.23475,0.19498,0.1749,0.16486,0.16486,0.16486,0.16988,0.1749,0.17992,0.18996,0.19961,0.20463,0.20965,0.22471,0.23475,0.24479,0.26486,0.28996,0.31506,0.33475,0.34981,0.35985,0.36988,0.35985,0.35483,0.33977,0.32471,0.31004,0.29498,0.2749,0.25985,0.24981,0.24479,0.23977,0.22973,0.22471,0.21969,0.20965,0.20965,0.21969,0.22973,0.24479,0.24981,0.25483,0.25483,0.25985,0.26486,0.26988,0.26988,0.2749,0.27992,0.28996,0.29498,0.29498,0.29498,0.30502,0.30502,0.30502,0.3,0.30502,0.35985,0.48996,0.73514,0.93012,0.93514,0.67529,0.53012,0.42008,0.31004,0.24479,0.20463,0.19961,0.19961,0.19961,0.20463,0.20463,0.20965,0.21969,0.21969,0.22471,0.22973,0.24479,0.25483,0.26988,0.28494,0.30502,0.32471,0.33977,0.34981,0.35483,0.35985,0.35483,0.34981,0.33977,0.32471,0.31004,0.3,0.28996,0.2749,0.26486,0.26486,0.25985,0.25985,0.25985,0.25985,0.25985,0.25985,0.25985,0.25985,0.26486,0.26988,0.2749,0.28494,0.28996,0.28996,0.29498,0.29498,0.3,0.29498,0.29498,0.28996,0.28996,0.28996,0.28996,0.28494,0.27992,0.2749,0.2749,0.2749,0.2749,0.2749,0.2749,0.2749,0.26988,0.26988,0.26988,0.2749,0.2749,0.2749,0.2749,0.27992,0.28996,0.30502,0.31506,0.31969,0.30502,0.29498,0.28494,0.26988,0.26486,0.26486,0.26486,0.26988,0.26988,0.26486,0.26486,0.26988,0.26988,0.2749,0.32471,0.46988,0.7251,0.92548,0.84015,0.58996,0.43012,0.35483,0.28494,0.23475,0.20463,0.19961,0.19961,0.19961,0.19961,0.20463,0.20965,0.21467,0.22471,0.22973,0.23475,0.24479,0.25483,0.26988,0.28996,0.31004,0.32973,0.34981,0.3749,0.38996,0.4,0.40502,0.39498,0.38494,0.3749,0.35985,0.33977,0.32471,0.31004,0.29498,0.28494,0.2749,0.26486,0.25985,0.25985,0.25985,0.25483,0.24981,0.24981,0.24981,0.24981,0.25483,0.25985,0.26988,0.2749,0.28494,0.28996,0.29498,0.30502,0.31004,0.31506,0.31969,0.31969,0.31969,0.31506,0.31506,0.31506,0.31969,0.32973,0.33475,0.32471,0.30502,0.28996,0.27992,0.26988,0.25985,0.25985,0.25985,0.25985,0.25985,0.25483,0.25483,0.25985,0.25985,0.25985,0.26988,0.33475,0.49498,0.76023,0.92548,0.79537,0.55521,0.4251,0.34479,0.26486,0.21969,0.19498,0.18996,0.18996,0.18996,0.19498,0.19498,0.19961,0.19961,0.20463,0.20965,0.22471,0.22973,0.24479,0.26486,0.28494,0.30502,0.32471,0.34479,0.35483,0.35985,0.36486,0.35483,0.34981,0.33475,0.32471,0.31004,0.29498,0.27992,0.26988,0.25985,0.25483,0.24981,0.24479,0.24479,0.23977,0.23977,0.23977,0.23977,0.23977,0.24479,0.24981,0.24981,0.24981,0.25483,0.25985,0.26486,0.26988,0.26988,0.2749,0.27992,0.28494,0.28494,0.28494,0.28494,0.28494,0.28494,0.28996,0.3,0.31004,0.31506,0.29498,0.28494,0.2749,0.26486,0.25483,0.24981,0.24981,0.25483,0.25483,0.24981,0.24479,0.24479,0.24981,0.24981,0.25483,0.26988,0.36486,0.58494,0.84517,0.90541,0.66525,0.46486,0.36988,0.3,0.23475,0.19961,0.18494,0.18494,0.18494,0.18494,0.19498,0.19961,0.20463,0.20965,0.21969,0.21969,0.22471,0.23977,0.24981,0.26486,0.28996,0.31004,0.32973,0.34981,0.36486,0.36988,0.3749,0.3749,0.35985,0.34981,0.33475,0.31506,0.3,0.28996,0.27992,0.26988,0.26486,0.25985,0.24981,0.24981,0.24479,0.24479,0.24479,0.24479,0.24479,0.24981,0.24981,0.25483,0.25985,0.26988,0.2749,0.28494,0.29498,0.30502,0.31004,0.31506,0.32471,0.31969,0.31506,0.31506,0.31506,0.31506,0.31969,0.32973,0.33475,0.33977,0.32471,0.31004,0.3,0.28996,0.28494,0.27992,0.27992,0.28494,0.28494,0.2749,0.26988,0.26988,0.2749,0.28494,0.28494,0.31004,0.40502,0.63012,0.88533,0.94015,0.7,0.50502,0.41004,0.32471,0.25483,0.21467,0.20463,0.20463,0.20463,0.20965,0.20965,0.20965,0.20965,0.21969,0.22471,0.23475,0.24479,0.25483,0.26988,0.27992,0.3,0.31969,0.34479,0.36486,0.37992,0.38494,0.38494,0.37992,0.36486,0.34981,0.32973,0.31506,0.29498,0.28494,0.2749,0.26988,0.25985,0.25483,0.24981,0.24981,0.24981,0.24479,0.24479,0.24479,0.24479,0.24479,0.24981,0.24981,0.25985,0.26486,0.26988,0.2749,0.27992,0.28494,0.28494,0.28996,0.29498,0.3,0.29498,0.29498,0.29498,0.29498,0.30502,0.31506,0.31969,0.31004,0.3,0.28996,0.27992,0.26988,0.26486,0.26486,0.26486,0.26486,0.25985,0.25483,0.25483,0.25985,0.26486,0.26486,0.26988,0.32471,0.48494,0.74517,0.92046,0.80502,0.56486,0.4251,0.34981,0.2749,0.21969,0.19961,0.19498,0.19498,0.19498,0.19498,0.19498,0.19961,0.20463,0.20965,0.21969,0.22471,0.23977,0.24981,0.25985,0.27992,0.30502,0.32471,0.34981,0.36988,0.37992,0.38494,0.37992,0.36988,0.35483,0.33977,0.32471,0.30502,0.28996,0.2749,0.26486,0.25483,0.24981,0.24479,0.24479,0.23977,0.23977,0.23977,0.23977,0.23977,0.23977,0.24479,0.24479,0.24479,0.24981,0.25985,0.26486,0.26988,0.2749,0.28494,0.28494,0.28996,0.29498,0.3,0.29498,0.29498,0.29498,0.29498,0.30502,0.31506,0.32471,0.31004,0.29498,0.28494,0.2749,0.26988,0.26486,0.26486,0.26486,0.25985,0.25483,0.24981,0.24981,0.24981,0.25985,0.25985,0.26988,0.34479,0.53514,0.80502,0.92548,0.75019,0.52008,0.41004,0.32973,0.25483,0.21467,0.19498,0.18494,0.18494,0.18996,0.19498,0.19961,0.19961,0.20965,0.21467,0.21969,0.22471,0.23977,0.24981,0.26486,0.28494,0.30502,0.32973,0.34981,0.36486,0.3749,0.3749,0.36988,0.35985,0.34479,0.32973,0.31506,0.29498,0.28494,0.26988,0.25985,0.24981,0.24479,0.23977,0.23977,0.23977,0.23977,0.23977,0.23977,0.23977,0.24479,0.24479,0.24479,0.24981,0.25483,0.25985,0.26486,0.26988,0.27992,0.28494,0.28996,0.28996,0.28996,0.28996,0.28996,0.28494,0.28494,0.28996,0.30502,0.31506,0.31506,0.3,0.28494,0.2749,0.26988,0.26486,0.25985,0.25985,0.25985,0.25985,0.25985,0.24981,0.24981,0.25483,0.25985,0.26486,0.28996,0.38494,0.6,0.85019,0.91544,0.67529,0.4749,0.38494,0.31506,0.24479,0.20965,0.19961,0.19498,0.19498,0.19961,0.19961,0.19961,0.20463,0.20463,0.21467,0.22471,0.22973,0.24479,0.25483,0.26988,0.28996,0.31004,0.33475,0.35985,0.3749,0.37992,0.38494,0.3749,0.36486,0.34981,0.33475,0.31506,0.29498,0.28494,0.26988,0.26486,0.25483,0.24479,0.24479,0.23977,0.23977,0.23977,0.23977,0.23977,0.23977,0.23977,0.23977,0.24479,0.24479,0.25483,0.26486,0.26988,0.2749,0.28494,0.28996,0.28996,0.28996,0.28996,0.28996,0.28996,0.28996,0.28996,0.29498,0.30502,0.31004,0.30502,0.28996,0.28494,0.2749,0.25985,0.24981,0.24981,0.24981,0.24981,0.24479,0.23977,0.24479,0.24981,0.24981,0.24981,0.25483,0.3,0.43977,0.69498,0.90039,0.8251,0.57992,0.4251,0.34981,0.26486,0.21467,0.18494,0.17992,0.1749,0.1749,0.17992,0.17992,0.18494,0.19961,0.20463,0.20463,0.21467,0.21969,0.22973,0.24479,0.25985,0.27992,0.30502,0.31969,0.33475,0.34981,0.35483,0.35483,0.34981,0.33475,0.32471,0.31004,0.28996,0.2749,0.26486,0.25483,0.24479,0.23977,0.23977,0.23475,0.23475,0.23475,0.23475,0.23475,0.23977,0.23977,0.23977,0.23977,0.24479,0.24981,0.25985,0.26988,0.2749,0.2749,0.28494,0.28494,0.28996,0.28996,0.29498,0.29498,0.28996,0.28996,0.29498,0.3,0.31004,0.31506,0.31969,0.30502,0.29498,0.28494,0.2749,0.26988,0.26988,0.2749,0.2749,0.26988,0.26486,0.26486,0.26486,0.26988,0.2749,0.27992,0.32471,0.4749,0.7251,0.92046,0.83514,0.60502,0.45483,0.3749,0.3,0.24479,0.21969,0.20965,0.20965,0.20965,0.21969,0.21969,0.22471,0.22973,0.23977,0.24479,0.25483,0.25985,0.26988,0.28494,0.3,0.32471,0.34479,0.36486,0.37992,0.39498,0.4,0.39498,0.38996,0.37992,0.36486,0.34981,0.33475,0.31506,0.29498,0.28996,0.27992,0.2749,0.26988,0.26486,0.26486,0.26486,0.25985,0.25985,0.26486,0.25985,0.25985,0.25985,0.26486,0.26988,0.2749,0.28494,0.28996,0.28996,0.29498,0.30502,0.31004,0.31004,0.30502,0.30502,0.30502,0.30502,0.30502,0.30502,0.31506,0.32471,0.32973,0.31969,0.30502,0.29498,0.28494,0.26988,0.26486,0.26486,0.26486,0.26988,0.26486,0.25985,0.25985,0.25985,0.25985,0.26486,0.27992,0.36988,0.57992,0.83514,0.91042,0.71004,0.5,0.39498,0.31969,0.24981,0.20965,0.19498,0.18996,0.18996,0.19498,0.19498,0.19961,0.20463,0.20965,0.21467,0.22471,0.22973,0.23977,0.25483,0.26988,0.28996,0.31004,0.33475,0.35483,0.36988,0.37992,0.37992,0.36988,0.35985,0.34981,0.32973,0.31506,0.29498,0.28494,0.26988,0.26486,0.25985,0.24981,0.24479,0.24479,0.24479,0.23977,0.23977,0.23977,0.23977,0.23977,0.23977,0.23977,0.24981,0.25483,0.25985,0.26486,0.26988,0.2749,0.28494,0.28494,0.28494,0.28996,0.28996,0.28494,0.28494,0.28996,0.29498,0.30502,0.31004,0.31506,0.30502,0.28996,0.27992,0.26988,0.26486,0.25985,0.25985,0.25985,0.25985,0.24981,0.24981,0.24981,0.25483,0.25483,0.25483,0.27992,0.37992,0.61004,0.86023,0.92046,0.67027,0.46988,0.38494,0.30502,0.24479,0.20463,0.18996,0.18494,0.18996,0.19498,0.19498,0.19498,0.19961,0.20463,0.20965,0.21969,0.22973,0.23977,0.24981,0.26988,0.28996,0.31506,0.33475,0.35483,0.3749,0.37992,0.38494,0.3749,0.36486,0.34981,0.33475,0.31506,0.3,0.28494,0.26988,0.25985,0.24981,0.24479,0.24479,0.23977,0.23977,0.23977,0.23977,0.23977,0.24479,0.24479,0.24981,0.24981,0.24981,0.25985,0.26486,0.26988,0.2749,0.27992,0.28494,0.28996,0.29498,0.29498,0.29498,0.29498,0.28996,0.28996,0.29498,0.31004,0.31506,0.31969,0.31004,0.29498,0.28494,0.26988,0.26486,0.25985,0.25985,0.25985,0.25985,0.25483,0.24981,0.24981,0.24981,0.25985,0.25985,0.27992,0.38494,0.61004,0.86525,0.92548,0.67529,0.4749,0.38494,0.30502,0.23475,0.19961,0.18494,0.18494,0.18494,0.18494,0.18494,0.18996,0.19498,0.19961,0.20463,0.20965,0.22471,0.23977,0.24981,0.26486,0.28494,0.30502,0.32471,0.34479,0.35985,0.36988,0.36486,0.35985,0.34981,0.33475,0.31969,0.30502,0.28494,0.26988,0.25985,0.24981,0.23977,0.23475,0.22973,0.22973,0.22471,0.22471,0.22471,0.22471,0.22471,0.22471,0.22471,0.22973,0.23977,0.23977,0.24479,0.24981,0.26486,0.26988,0.2749,0.2749,0.27992,0.28494,0.27992,0.28494,0.28494,0.27992,0.28494,0.28996,0.30502,0.30502,0.29498,0.28494,0.26988,0.26486,0.25985,0.25985,0.25483,0.24981,0.24981,0.25483,0.24981,0.24981,0.24981,0.25483,0.25985,0.27992,0.35985,0.55019,0.80502,0.89035,0.71004,0.50502,0.40502,0.32471,0.25483,0.21467,0.19498,0.19498,0.19498,0.19961,0.19961,0.20463,0.20965,0.21467,0.21969,0.22471,0.23475,0.24479,0.25985,0.2749,0.3,0.31969,0.34479,0.36486,0.37992,0.38494,0.38996,0.38494,0.3749,0.35985,0.34479,0.32973,0.31506,0.30502,0.29498,0.28494,0.2749,0.26988,0.26988,0.26486,0.26486,0.26486,0.26486,0.26486,0.26486,0.26486,0.26486,0.26988,0.2749,0.28494,0.28996,0.3,0.30502,0.31004,0.31506,0.31969,0.31969,0.31506,0.31506,0.31506,0.31506,0.31506,0.31506,0.31506,0.32973,0.33475,0.33977,0.32973,0.31004,0.30502,0.28996,0.28494,0.27992,0.27992,0.27992,0.27992,0.26988,0.26486,0.26486,0.26988,0.2749,0.2749,0.3,0.4,0.6251,0.87529,0.93514,0.68494,0.48494,0.38996,0.30502,0.24479,0.21467,0.20463,0.19961,0.19961,0.19961,0.20463,0.20965,0.21467,0.21969,0.22471,0.22973,0.23977,0.25483,0.26486,0.28494,0.30502,0.32471,0.34479,0.36486,0.3749,0.37992,0.38494,0.37992,0.36988,0.34981,0.33475,0.31969,0.30502,0.28996,0.2749,0.26486,0.25985,0.25483,0.24981,0.24479,0.24479,0.24981,0.24981,0.24981,0.24981,0.24981,0.25483,0.25483,0.25985,0.26486,0.26988,0.2749,0.2749,0.27992,0.28494,0.28996,0.28996,0.28996,0.28996,0.28996,0.28494,0.28494,0.28996,0.3,0.31004,0.31506,0.31004,0.29498,0.28494,0.2749,0.26486,0.25985,0.24981,0.24981,0.25483,0.25985,0.24981,0.24981,0.25483,0.25985,0.25985,0.26988,0.33977,0.53012,0.79537,0.92046,0.76023,0.53012,0.41506,0.33977,0.25985,0.21467,0.19961,0.19498,0.19498,0.19498,0.19498,0.19961,0.20463,0.21467,0.21969,0.22471,0.23475,0.24479,0.25985,0.26988,0.28996,0.31004,0.33475,0.35483,0.3749,0.37992,0.37992,0.3749,0.36486,0.35483,0.33475,0.31506,0.3,0.28494,0.2749,0.26486,0.25985,0.24981,0.24479,0.24479,0.23977,0.23977,0.23977,0.23977,0.24479,0.23977,0.23977,0.24479,0.24981,0.24981,0.25985,0.26486,0.2749,0.27992,0.28494,0.28996,0.29498,0.29498,0.28996,0.28996,0.28996,0.28996,0.29498,0.30502,0.31004,0.31506,0.31004,0.29498,0.28494,0.2749,0.26486,0.25985,0.25483,0.25985,0.25483,0.24981,0.24981,0.24981,0.24981,0.25483,0.25985,0.26486,0.30502,0.45483,0.71506,0.91544,0.83514,0.58996,0.43977,0.35985,0.27992,0.22471,0.19961,0.18996,0.18494,0.18494,0.18494,0.18996,0.19498,0.19961,0.20463,0.20965,0.21969,0.22973,0.23977,0.25483,0.26988,0.28996,0.31004,0.33475,0.34981,0.36486,0.3749,0.36988,0.35985,0.34981,0.33475,0.31506,0.3,0.28494,0.26988,0.25985,0.24981,0.24479,0.24479,0.23977,0.23475,0.23475,0.23977,0.23977,0.24479,0.24479,0.24479,0.24479,0.24981,0.25483,0.25985,0.26486,0.26988,0.2749,0.28494,0.28494,0.28494,0.28494,0.28996,0.28996,0.28996,0.28494,0.28494,0.28996,0.3,0.30502,0.31004,0.3,0.28494,0.2749,0.26486,0.25985,0.24981,0.24981,0.24981,0.24981,0.24479,0.24479,0.24479,0.24981,0.24981,0.24981,0.26988,0.35483,0.56988,0.83514,0.91042,0.69498,0.48494,0.38494,0.30502,0.22973,0.19498,0.18494,0.17992,0.17992,0.17992,0.18494,0.18494,0.18996,0.19498,0.19961,0.20965,0.21969,0.22973,0.23977,0.25985,0.27992,0.3,0.31969,0.33977,0.35483,0.35985,0.36988,0.35985,0.34981,0.33475,0.32471,0.30502,0.28996,0.2749,0.25985,0.24981,0.24479,0.23977,0.22973,0.22973,0.23475,0.22973,0.22973,0.23475,0.22973,0.22973,0.23977,0.23977,0.24981,0.25483,0.25985,0.26988,0.2749,0.27992,0.28494,0.28996,0.30502,0.33475,0.37992,0.43977,0.53012,0.6251,0.68996,0.76023,0.83012,0.85521,0.86023,0.83514,0.76525,0.6251,0.44479,0.2749,0.14981,0.094595,0.074517,0.069884,0.069884,0.064865,0.064865,0.069884,0.069884,0.074517,0.074517,0.074517,0.074517,0.074517,0.084556,0.094595,0.10965,0.12973,0.15483,0.17992,0.19961,0.22471,0.24479,0.25985,0.26486,0.26988,0.2749,0.27992,0.28494,0.28494,0.28494,0.28494,0.28996,0.28494,0.28996,0.28996,0.28996,0.29498,0.29498,0.29498,0.3,0.30502,0.30502,0.31004,0.31004,0.30502,0.30502,0.30502,0.30502,0.30502,0.30502,0.31004,0.30502,0.30502,0.30502,0.30502,0.3,0.3,0.3,0.3,0.3,0.29498,0.29498,0.29498,0.29498,0.29498,0.29498,0.29498,0.29498,0.29498,0.3,0.3,0.29498,0.29498,0.29498,0.29498,0.29498,0.3,0.30502,0.31004,0.32471,0.33977,0.34479,0.33475,0.31969,0.31004,0.29498,0.28996,0.28996,0.28996,0.28996,0.29498,0.29498,0.28996,0.28996,0.28996,0.28996,0.29498,0.34479,0.48494,0.74517,0.94517,0.86023,0.60502,0.44479,0.36486,0.29498,0.24479,0.22471,0.21467,0.20965,0.21467,0.21969,0.21969,0.22471,0.22471,0.22973,0.23977,0.24479,0.25483,0.26486,0.27992,0.3,0.31969,0.33475,0.36486,0.38494,0.40502,0.42008,0.4251,0.42008,0.41506,0.4,0.37992,0.36486,0.34981,0.32973,0.31506,0.29498,0.28996,0.27992,0.26988,0.26486,0.25985,0.25985,0.25985,0.25985,0.25985,0.25985,0.25985,0.26486,0.26988,0.2749,0.28494,0.28996,0.29498,0.30502,0.30502,0.31004,0.31004,0.31004,0.31004,0.30502,0.30502,0.3,0.3,0.3,0.30502,0.31004,0.31506,0.31969,0.30502,0.28996,0.2749,0.26486,0.25985,0.25483,0.25985,0.25985,0.25483,0.24981,0.24479,0.24479,0.24981,0.25483,0.25985,0.29498,0.42008,0.67027,0.89035,0.91042,0.61004,0.44479,0.35985,0.27992,0.22471,0.19498,0.18494,0.17992,0.17992,0.18494,0.18996,0.19498,0.19961,0.20463,0.20965,0.21467,0.22471,0.23977,0.25483,0.26988,0.28996,0.31004,0.33475,0.34981,0.35985,0.36486,0.36486,0.35483,0.34479,0.33475,0.31506,0.3,0.28494,0.26988,0.25985,0.25483,0.24981,0.24479,0.23977,0.23977,0.23977,0.23977,0.23977,0.23977,0.23977,0.24479,0.23977,0.24479,0.24981,0.25985,0.26486,0.26486,0.26988,0.26988,0.2749,0.28494,0.28494,0.28494,0.27992,0.2749,0.2749,0.2749,0.27992,0.28996,0.3,0.30502,0.29498,0.28494,0.2749,0.26486,0.24981,0.24479,0.24479,0.24981,0.24981,0.24479,0.23977,0.23475,0.23977,0.24479,0.24479,0.25483,0.31969,0.50502,0.77027,0.90039,0.74517,0.51004,0.39498,0.31969,0.24479,0.19961,0.17992,0.1749,0.1749,0.16988,0.1749,0.17992,0.18996,0.19498,0.19961,0.20965,0.21969,0.22471,0.23475,0.24981,0.26486,0.28996,0.31506,0.33475,0.34981,0.35985,0.36988,0.36988,0.35985,0.34479,0.32973,0.31004,0.29498,0.28494,0.26988,0.25985,0.24981,0.24479,0.23977,0.23475,0.23475,0.22973,0.22973,0.23475,0.23475,0.22973,0.22973,0.23977,0.24981,0.25483,0.25985,0.26486,0.26988,0.2749,0.28494,0.28996,0.29498,0.29498,0.28996,0.28996,0.28996,0.28494,0.28494,0.28996,0.30502,0.31004,0.31004,0.30502,0.28996,0.28494,0.2749,0.26988,0.26486,0.26486,0.26486,0.26486,0.25985,0.25985,0.25985,0.26486,0.26486,0.26486,0.28996,0.38996,0.61004,0.86023,0.91544,0.69498,0.50502,0.40502,0.31969,0.24981,0.21467,0.20463,0.20463,0.20463,0.20965,0.20965,0.21969,0.21969,0.22471,0.23475,0.23977,0.24479,0.25985,0.26988,0.28494,0.30502,0.32973,0.34981,0.36988,0.38494,0.38996,0.38996,0.37992,0.36988,0.35985,0.33977,0.32973,0.31506,0.3,0.28996,0.27992,0.26988,0.26486,0.25985,0.25985,0.25985,0.25985,0.25985,0.25985,0.25985,0.25985,0.25985,0.25985,0.26988,0.2749,0.27992,0.28494,0.28996,0.29498,0.3,0.30502,0.30502,0.30502,0.30502,0.30502,0.30502,0.30502,0.30502,0.30502,0.31004,0.32471,0.32973,0.32471,0.31004,0.30502,0.28996,0.28494,0.2749,0.2749,0.2749,0.2749,0.26988,0.26486,0.26486,0.26486,0.26486,0.26988,0.27992,0.35483,0.54517,0.80502,0.92548,0.76023,0.53012,0.41506,0.33977,0.26486,0.22471,0.20463,0.19961,0.19961,0.19961,0.19961,0.20463,0.20965,0.21467,0.21969,0.22471,0.23475,0.24479,0.25985,0.2749,0.29498,0.31506,0.33475,0.35483,0.3749,0.38494,0.39498,0.38494,0.3749,0.35985,0.34981,0.33475,0.31506,0.29498,0.28494,0.2749,0.26988,0.25985,0.25483,0.24981,0.24981,0.24981,0.24479,0.24479,0.24981,0.24981,0.24981,0.24981,0.25985,0.25985,0.26486,0.26988,0.26988,0.2749,0.28494,0.28494,0.28996,0.29498,0.29498,0.29498,0.29498,0.29498,0.3,0.31004,0.31506,0.32471,0.31506,0.3,0.28996,0.27992,0.26988,0.25985,0.25985,0.25985,0.25985,0.25483,0.24981,0.24981,0.24981,0.25985,0.25985,0.25985,0.30502,0.44479,0.7,0.91042,0.91544,0.59498,0.43977,0.36486,0.27992,0.22973,0.19961,0.19498,0.18996,0.18996,0.19498,0.19498,0.19961,0.20463,0.20965,0.21467,0.22471,0.23475,0.24479,0.25483,0.27992,0.3,0.32471,0.34479,0.35985,0.36988,0.3749,0.36988,0.36486,0.35483,0.33475,0.31969,0.30502,0.28996,0.26988,0.26486,0.25483,0.24981,0.24479,0.23977,0.23977,0.23977,0.23977,0.23977,0.23977,0.23977,0.23977,0.24479,0.24479,0.24981,0.25985,0.26486,0.26988,0.2749,0.28494,0.28494,0.28996,0.28996,0.28996,0.28996,0.28996,0.28996,0.28996,0.29498,0.31004,0.31506,0.31969,0.30502,0.28996,0.27992,0.26988,0.25985,0.25985,0.25985,0.25985,0.25483,0.24981,0.24981,0.24981,0.24981,0.24981,0.25985,0.28996,0.40502,0.64517,0.88031,0.92046,0.64015,0.45483,0.36988,0.28996,0.22471,0.18996,0.17992,0.17992,0.17992,0.18494,0.18996,0.19498,0.19498,0.19961,0.20463,0.20965,0.21969,0.22973,0.24479,0.26486,0.28494,0.30502,0.32471,0.34981,0.36486,0.3749,0.3749,0.36486,0.35483,0.33475,0.32471,0.30502,0.28494,0.26988,0.25985,0.24981,0.24479,0.23475,0.22471,0.22471,0.22471,0.22973,0.22973,0.22973,0.22973,0.23475,0.23475,0.23977,0.24479,0.24981,0.24981,0.26486,0.26988,0.2749,0.2749,0.2749,0.27992,0.27992,0.28494,0.28996,0.28494,0.28494,0.28996,0.30502,0.31004,0.31506,0.3,0.28494,0.2749,0.26988,0.25985,0.24981,0.24981,0.25483,0.25483,0.24981,0.24981,0.24479,0.24981,0.24981,0.25483,0.27992,0.38494,0.6,0.84517,0.90039,0.67027,0.47992,0.38996,0.31004,0.23977,0.20463,0.19961,0.19961,0.19961,0.20463,0.20463,0.20965,0.20965,0.21969,0.22471,0.22973,0.24479,0.25483,0.26486,0.27992,0.30502,0.32471,0.34981,0.36988,0.38494,0.38996,0.39498,0.38996,0.37992,0.36486,0.34981,0.33475,0.31506,0.30502,0.28996,0.28494,0.2749,0.26988,0.26486,0.26486,0.26988,0.26988,0.26486,0.26486,0.26486,0.26486,0.26486,0.26988,0.2749,0.27992,0.28996,0.29498,0.3,0.3,0.30502,0.30502,0.31004,0.31004,0.31506,0.31004,0.31004,0.30502,0.30502,0.31506,0.32471,0.32973,0.33475,0.31969,0.31004,0.29498,0.28494,0.2749,0.26988,0.2749,0.2749,0.2749,0.26988,0.26486,0.26486,0.26486,0.26486,0.26486,0.28996,0.39498,0.61506,0.87027,0.93012,0.7,0.50502,0.4,0.31969,0.24981,0.21467,0.19961,0.19961,0.19961,0.19961,0.20463,0.20463,0.20965,0.21969,0.22471,0.22973,0.23977,0.24981,0.25985,0.27992,0.3,0.32471,0.34981,0.36988,0.37992,0.39498,0.39498,0.38494,0.3749,0.35985,0.34479,0.32973,0.31004,0.29498,0.27992,0.26988,0.25985,0.25483,0.24981,0.24479,0.24479,0.24479,0.24479,0.24479,0.24479,0.24479,0.24479,0.24981,0.25483,0.25483,0.25985,0.26486,0.26988,0.2749,0.27992,0.28494,0.28996,0.28996,0.28996,0.28996,0.28996,0.29498,0.3,0.31004,0.31506,0.31969,0.30502,0.28996,0.27992,0.26988,0.25985,0.25483,0.25483,0.25483,0.25483,0.24479,0.23977,0.24479,0.24981,0.24981,0.25483,0.2749,0.3749,0.60502,0.86023,0.91544,0.67027,0.46988,0.3749,0.3,0.22471,0.18996,0.1749,0.1749,0.1749,0.17992,0.17992,0.18494,0.18494,0.19498,0.19961,0.20463,0.21467,0.21969,0.22973,0.24981,0.26988,0.28996,0.31004,0.32973,0.34479,0.34981,0.35483,0.34981,0.33475,0.32973,0.31506,0.29498,0.27992,0.26486,0.24479,0.23977,0.22973,0.22471,0.22471,0.21969,0.21969,0.21969,0.22471,0.22471,0.22471,0.22471,0.22471,0.22471,0.22973,0.23475,0.23977,0.24981,0.25483,0.25985,0.26486,0.26988,0.26988,0.26988,0.26988,0.26988,0.26988,0.26988,0.2749,0.28494,0.28996,0.3,0.28996,0.2749,0.26988,0.25985,0.25483,0.24981,0.24981,0.24479,0.24981,0.24479,0.23977,0.23977,0.24479,0.24981,0.24981,0.26988,0.35483,0.56486,0.8251,0.90039,0.70502,0.50502,0.40502,0.31506,0.23977,0.19961,0.18494,0.18494,0.18494,0.18996,0.19498,0.19498,0.19961,0.20463,0.20965,0.21969,0.22973,0.24479,0.25985,0.26988,0.28996,0.31506,0.33977,0.36486,0.37992,0.38996,0.39498,0.39498,0.38494,0.36988,0.35483,0.33475,0.31969,0.30502,0.29498,0.28494,0.2749,0.26988,0.26988,0.26988,0.26486,0.26486,0.25985,0.25985,0.25985,0.26486,0.26486,0.26486,0.26988,0.2749,0.27992,0.28996,0.29498,0.30502,0.31004,0.31506,0.31506,0.31004,0.31004,0.31004,0.31506,0.31004,0.31004,0.31969,0.32973,0.33475,0.32973,0.31506,0.30502,0.29498,0.28494,0.2749,0.26988,0.26988,0.26988,0.26486,0.25985,0.25985,0.26486,0.26486,0.26486,0.26988,0.32471,0.46988,0.73514,0.93012,0.84015,0.6,0.44479,0.35483,0.2749,0.22471,0.19961,0.18996,0.18494,0.18494,0.18494,0.18996,0.19961,0.20463,0.20965,0.21969,0.22471,0.22973,0.24479,0.25985,0.27992,0.3,0.32471,0.34981,0.36486,0.37992,0.38494,0.37992,0.3749,0.36486,0.34981,0.32471,0.31004,0.29498,0.28494,0.26988,0.26486,0.25985,0.25483,0.24981,0.24981,0.24981,0.24981,0.24981,0.25483,0.25483,0.25483,0.25985,0.25985,0.25985,0.26486,0.26988,0.27992,0.28494,0.28996,0.28996,0.28996,0.29498,0.29498,0.29498,0.3,0.30502,0.30502,0.31004,0.32471,0.32973,0.33475,0.31506,0.3,0.28996,0.2749,0.26988,0.26988,0.26988,0.26486,0.26486,0.25985,0.25985,0.25985,0.26486,0.26486,0.26988,0.31969,0.4749,0.73514,0.92548,0.8251,0.58494,0.43977,0.35985,0.27992,0.22471,0.19961,0.19498,0.19498,0.18996,0.18996,0.19961,0.20463,0.20463,0.20965,0.21969,0.22471,0.23977,0.24981,0.26486,0.27992,0.30502,0.32973,0.34981,0.36988,0.37992,0.38996,0.38494,0.37992,0.36486,0.34981,0.32973,0.31004,0.28996,0.2749,0.26486,0.25985,0.24981,0.24479,0.24479,0.24479,0.23977,0.23475,0.23475,0.23977,0.23977,0.23977,0.24479,0.24479,0.24981,0.24981,0.24981,0.26486,0.26988,0.26988,0.2749,0.2749,0.27992,0.28494,0.28494,0.28494,0.27992,0.28996,0.3,0.30502,0.31004,0.3,0.28494,0.2749,0.25985,0.24479,0.23977,0.23977,0.23977,0.24479,0.23977,0.23475,0.23475,0.23977,0.24479,0.23977,0.25483,0.31506,0.49498,0.76023,0.90039,0.75019,0.52008,0.40502,0.31969,0.24479,0.19961,0.1749,0.16988,0.1749,0.17992,0.17992,0.18494,0.19498,0.19961,0.19961,0.20463,0.21467,0.22471,0.23977,0.25985,0.26988,0.29498,0.31969,0.33475,0.35483,0.36486,0.36988,0.35985,0.35483,0.34479,0.32973,0.31004,0.29498,0.28494,0.26988,0.26486,0.26486,0.25483,0.24981,0.24981,0.24981,0.24981,0.24479,0.24479,0.24479,0.24981,0.24981,0.24981,0.25985,0.26988,0.2749,0.27992,0.28996,0.29498,0.3,0.30502,0.31004,0.31004,0.31506,0.31506,0.31969,0.31969,0.32471,0.32973,0.33475,0.33977,0.33977,0.32471,0.31506,0.3,0.28996,0.28996,0.28996,0.28494,0.28494,0.27992,0.2749,0.2749,0.27992,0.28494,0.28494,0.28996,0.34479,0.50502,0.76525,0.94517,0.84517,0.60502,0.45483,0.36988,0.29498,0.24479,0.22471,0.21969,0.21969,0.21969,0.21969,0.21969,0.22471,0.22973,0.23977,0.23977,0.24981,0.25985,0.26988,0.28494,0.30502,0.32471,0.34479,0.36486,0.37992,0.39498,0.4,0.4,0.38996,0.37992,0.36486,0.34479,0.32471,0.31004,0.28996,0.27992,0.26988,0.26486,0.26486,0.25985,0.25483,0.25483,0.25483,0.25985,0.25985,0.26486,0.26486,0.26486,0.26988,0.26988,0.2749,0.27992,0.28996,0.31969,0.35985,0.43012,0.53012,0.64517,0.74015,0.81506,0.86525,0.87027,0.86023,0.86525,0.8251,0.68996,0.48996,0.3,0.15985,0.089575,0.064865,0.054826,0.054826,0.059846,0.059846,0.059846,0.054826,0.059846,0.064865,0.064865,0.069884,0.069884,0.074517,0.084556,0.099614,0.11969,0.14479,0.16988,0.19498,0.21467,0.22973,0.24479,0.24981,0.25985,0.25985,0.26486,0.25985,0.25985,0.26486,0.26486,0.26486,0.25985,0.25985,0.26486,0.26486,0.26988,0.2749,0.27992,0.27992,0.2749,0.2749,0.27992,0.28494,0.28494,0.27992,0.2749,0.2749,0.2749,0.2749,0.26486,0.26486,0.26486,0.26988,0.27992,0.2749,0.26486,0.26486,0.25985,0.25483,0.24981,0.24981,0.24479,0.24981,0.24981,0.25483,0.25985,0.25483,0.25985,0.25483,0.25483,0.25483,0.25483,0.25483,0.24981,0.25483,0.25985,0.24981,0.25483,0.25985,0.26486,0.27992,0.29498,0.29498,0.28996,0.2749,0.26988,0.26486,0.25985,0.24479,0.24479,0.25483,0.25985,0.24981,0.24479,0.25483,0.25985,0.25985,0.26486,0.31506,0.46486,0.72008,0.90541,0.80039,0.56023,0.42008,0.34479,0.26486,0.21969,0.20463,0.19498,0.19498,0.19498,0.19961,0.19961,0.20463,0.21467,0.21969,0.22471,0.22973,0.23977,0.24981,0.26486,0.27992,0.30502,0.32973,0.35483,0.3749,0.38996,0.4,0.40502,0.40502,0.4,0.38494,0.3749,0.35985,0.34479,0.33475,0.32471,0.31004,0.3,0.28996,0.28494,0.2749,0.2749,0.2749,0.2749,0.2749,0.2749,0.2749,0.2749,0.27992,0.28996,0.29498,0.31004,0.31506,0.32471,0.32973,0.32973,0.33475,0.33475,0.33475,0.33475,0.32973,0.32973,0.32471,0.31969,0.31506,0.31506,0.32471,0.32973,0.33475,0.32973,0.31506,0.3,0.28996,0.27992,0.2749,0.2749,0.2749,0.2749,0.26988,0.26486,0.26486,0.26486,0.26988,0.26988,0.27992,0.35483,0.53012,0.80039,0.93514,0.78031,0.55019,0.43012,0.34479,0.26988,0.22471,0.20463,0.19498,0.19498,0.19498,0.19961,0.19961,0.20463,0.20965,0.21969,0.22471,0.22973,0.24479,0.25483,0.26988,0.28494,0.30502,0.32973,0.34981,0.36988,0.3749,0.37992,0.3749,0.36486,0.34981,0.33475,0.31969,0.30502,0.28494,0.2749,0.26988,0.26486,0.25985,0.25483,0.24981,0.25483,0.25483,0.24981,0.24981,0.25483,0.25483,0.25483,0.25985,0.26486,0.26988,0.2749,0.2749,0.2749,0.27992,0.28494,0.28494,0.28996,0.28996,0.28996,0.28996,0.28996,0.29498,0.30502,0.31004,0.31506,0.31004,0.3,0.3,0.31506,0.34479,0.4,0.47992,0.5749,0.64015,0.68494,0.74015,0.78031,0.78533,0.77529,0.74517,0.65019,0.5,0.33977,0.20463,0.11969,0.084556,0.074517,0.074517,0.074517,0.074517,0.074517,0.074517,0.079537,0.079537,0.079537,0.084556,0.084556,0.094595,0.099614,0.11467,0.12973,0.14981,0.16988,0.18996,0.20965,0.22973,0.24479,0.25483,0.25985,0.25985,0.25985,0.25483,0.25483,0.24981,0.24479,0.24479,0.24479,0.24479,0.24479,0.24479,0.24479,0.24981,0.25483,0.25985,0.26486,0.26988,0.2749,0.2749,0.2749,0.27992,0.28494,0.28494,0.28494,0.28494,0.28494,0.28494,0.28494,0.28494,0.2749,0.2749,0.2749,0.2749,0.26988,0.26988,0.26988,0.26988,0.2749,0.28494,0.3,0.30502,0.31004,0.30502,0.28996,0.2749,0.26988,0.26486,0.25985,0.25985,0.25985,0.25985,0.25985,0.25483,0.25985,0.24981,0.26486,0.27992,0.3,0.31969,0.34479,0.36988,0.38494,0.4,0.40502,0.40502,0.39498,0.38494,0.36486,0.34479,0.32973,0.31004,0.29498,0.27992,0.26988,0.25985,0.25985,0.25985,0.25985,0.25985,0.25483,0.25985,0.25985,0.25985,0.26486,0.26486,0.26988,0.2749,0.27992,0.28996,0.29498,0.30502,0.31004,0.31506,0.31969,0.32471,0.32471,0.32471,0.32973,0.32471,0.32973,0.33475,0.34479,0.34981,0.33475,0.31506,0.30502,0.29498,0.28494,0.27992,0.27992,0.27992,0.2749,0.26988,0.26486,0.26486,0.26988,0.2749,0.27992,0.28996,0.36486,0.55521,0.82008,0.94015,0.76525,0.54015,0.4251,0.34479,0.26988,0.22471,0.20965,0.19961,0.19961,0.19961,0.19961,0.20463,0.20463,0.20965,0.21467,0.21969,0.22973,0.23977,0.24981,0.26486,0.28494,0.31004,0.33475,0.35483,0.36988,0.37992,0.37992,0.3749,0.36988,0.35483,0.33977,0.31969,0.30502,0.28494,0.26988,0.26486,0.25985,0.25483,0.24981,0.24981,0.24981,0.24479,0.24479,0.24479,0.24981,0.24981,0.24981,0.24981,0.25483,0.25985,0.26486,0.26988,0.2749,0.28494,0.28996,0.29498,0.28996,0.28996,0.28996,0.28996,0.29498,0.30502,0.31004,0.31969,0.32471,0.31506,0.3,0.28996,0.28494,0.26988,0.26486,0.25985,0.26486,0.26486,0.25985,0.25483,0.24981,0.25483,0.25985,0.25985,0.26486,0.31506,0.45985,0.71506,0.91042,0.8251,0.58494,0.43977,0.36486,0.28494,0.22973,0.19961,0.19498,0.19498,0.19498,0.19961,0.19961,0.20463,0.20965,0.21969,0.22471,0.23475,0.24479,0.25483,0.26988,0.28996,0.31004,0.32973,0.34981,0.36988,0.38494,0.39498,0.39498,0.37992,0.36988,0.35985,0.33977,0.31506,0.29498,0.27992,0.26988,0.25985,0.24981,0.24479,0.23977,0.23977,0.23977,0.23977,0.23977,0.23977,0.24479,0.24479,0.24479,0.24981,0.24981,0.25985,0.26486,0.26988,0.2749,0.28494,0.28494,0.28494,0.28494,0.28494,0.28494,0.28996,0.29498,0.30502,0.31506,0.31969,0.31004,0.29498,0.28494,0.26988,0.25985,0.24981,0.24981,0.24981,0.24981,0.24479,0.23977,0.23977,0.23977,0.23977,0.24479,0.24479,0.2749,0.39498,0.6251,0.87027,0.90541,0.63012,0.44981,0.36486,0.27992,0.21467,0.18494,0.1749,0.1749,0.1749,0.1749,0.17992,0.17992,0.18494,0.19498,0.19961,0.20463,0.21969,0.22973,0.23977,0.25483,0.2749,0.29498,0.31969,0.33475,0.34981,0.35483,0.35985,0.34981,0.33977,0.32471,0.30502,0.28996,0.27992,0.26486,0.24981,0.23977,0.23475,0.22973,0.22973,0.22471,0.22471,0.22471,0.22471,0.22471,0.22471,0.22973,0.22973,0.23475,0.23977,0.24479,0.24981,0.25483,0.25985,0.26486,0.26988,0.2749,0.27992,0.2749,0.27992,0.27992,0.28494,0.28996,0.30502,0.31506,0.31506,0.30502,0.28996,0.28494,0.26988,0.26486,0.25985,0.25985,0.26486,0.26486,0.25483,0.24981,0.25483,0.25985,0.26486,0.26988,0.27992,0.35483,0.55521,0.81506,0.90541,0.73514,0.53012,0.42008,0.33475,0.25985,0.21969,0.20463,0.19961,0.19961,0.20463,0.20463,0.20965,0.21969,0.21969,0.22471,0.23475,0.24479,0.24981,0.26486,0.27992,0.3,0.32471,0.34981,0.36988,0.37992,0.38996,0.39498,0.4,0.38494,0.3749,0.35483,0.33977,0.31969,0.30502,0.28996,0.28494,0.2749,0.26988,0.26486,0.25985,0.25985,0.25985,0.25985,0.25985,0.25985,0.25985,0.26486,0.26486,0.26988,0.2749,0.28494,0.28996,0.3,0.31004,0.31506,0.31506,0.31969,0.32471,0.32471,0.32471,0.31969,0.31969,0.31969,0.32973,0.33475,0.33977,0.32973,0.31506,0.30502,0.29498,0.28494,0.2749,0.2749,0.27992,0.27992,0.26988,0.26988,0.26988,0.26988,0.26988,0.26988,0.28494,0.35985,0.54517,0.81506,0.93012,0.76525,0.54015,0.4251,0.33475,0.25985,0.21467,0.19961,0.19498,0.19498,0.19498,0.19961,0.20463,0.20965,0.20965,0.21969,0.22471,0.22973,0.23977,0.24981,0.26486,0.28494,0.30502,0.32973,0.34981,0.36988,0.3749,0.37992,0.3749,0.36486,0.35483,0.33475,0.31969,0.3,0.28494,0.26988,0.25985,0.24981,0.24479,0.23977,0.23977,0.24479,0.23977,0.23977,0.23977,0.23977,0.23977,0.24479,0.24981,0.24981,0.25483,0.25985,0.26486,0.26486,0.26988,0.26988,0.2749,0.27992,0.28494,0.28494,0.28996,0.28996,0.29498,0.31969,0.35985,0.41004,0.4749,0.55521,0.64517,0.71004,0.76525,0.81004,0.81506,0.79537,0.78533,0.7251,0.58996,0.42008,0.26486,0.14479,0.084556,0.064865,0.064865,0.064865,0.064865,0.064865,0.064865,0.059846,0.054826,0.054826,0.059846,0.064865,0.064865,0.069884,0.084556,0.094595,0.11969,0.14479,0.16988,0.19498,0.21467,0.22973,0.23977,0.24981,0.25483,0.25985,0.25483,0.24981,0.24981,0.24981,0.24981,0.24981,0.24981,0.24981,0.25985,0.26486,0.26486,0.26988,0.26988,0.2749,0.2749,0.27992,0.28494,0.28494,0.28996,0.28996,0.28494,0.28494,0.28494,0.27992,0.28494,0.28494,0.28494,0.27992,0.27992,0.27992,0.2749,0.2749,0.2749,0.2749,0.2749,0.2749,0.2749,0.26988,0.26988,0.26486,0.26988,0.26988,0.27992,0.28996,0.30502,0.31004,0.31004,0.29498,0.28494,0.26988,0.25985,0.24981,0.24981,0.25483,0.25985,0.25985,0.24981,0.24981,0.25483,0.25985,0.25985,0.26486,0.31506,0.45483,0.71506,0.92046,0.83012,0.57992,0.4251,0.34981,0.26988,0.21969,0.19498,0.18494,0.17992,0.17992,0.18494,0.18494,0.18996,0.19961,0.20463,0.20965,0.21969,0.22973,0.23977,0.25483,0.2749,0.29498,0.31969,0.34479,0.36486,0.37992,0.38996,0.39498,0.39498,0.38494,0.36988,0.34981,0.33475,0.31506,0.29498,0.27992,0.26988,0.25985,0.24981,0.24981,0.23977,0.23977,0.23977,0.23977,0.23977,0.23977,0.23977,0.24479,0.24479,0.24981,0.25985,0.26486,0.26988,0.2749,0.2749,0.28494,0.28996,0.29498,0.3,0.3,0.30502,0.30502,0.30502,0.30502,0.31004,0.31506,0.31004,0.29498,0.28494,0.27992,0.26988,0.26486,0.25985,0.26486,0.26486,0.26486,0.25985,0.25985,0.25985,0.25985,0.26486,0.26988,0.31004,0.43977,0.68996,0.90039,0.91042,0.6251,0.46988,0.38494,0.3,0.23475,0.20965,0.20463,0.20463,0.20463,0.20463,0.20965,0.21467,0.21969,0.22471,0.22973,0.23977,0.24981,0.25985,0.26988,0.28494,0.30502,0.32471,0.34479,0.35985,0.3749,0.37992,0.3749,0.36988,0.35483,0.33977,0.32973,0.31506,0.30502,0.28996,0.27992,0.26988,0.26486,0.25985,0.25985,0.25483,0.25483,0.25483,0.24981,0.24981,0.24981,0.25985,0.25985,0.26486,0.26486,0.26988,0.2749,0.28494,0.28996,0.29498,0.29498,0.29498,0.3,0.3,0.3,0.3,0.29498,0.29498,0.3,0.31004,0.31506,0.31969,0.31004,0.29498,0.28996,0.27992,0.26988,0.26988,0.26988,0.26988,0.26988,0.26486,0.25985,0.25985,0.26486,0.26988,0.26988,0.28494,0.35483,0.54015,0.80502,0.93012,0.77027,0.54517,0.43514,0.34981,0.26988,0.22471,0.20463,0.19961,0.19961,0.19961,0.19961,0.20463,0.20463,0.20965,0.21969,0.22471,0.23475,0.24479,0.25483,0.26988,0.28996,0.31506,0.33977,0.36486,0.37992,0.38996,0.39498,0.38996,0.37992,0.36988,0.35483,0.33475,0.31506,0.3,0.28494,0.26988,0.26486,0.25985,0.25985,0.25483,0.25483,0.25483,0.25483,0.25483,0.25483,0.25483,0.25483,0.25985,0.26486,0.26486,0.26486,0.26988,0.2749,0.28494,0.28996,0.29498,0.3,0.30502,0.30502,0.31004,0.30502,0.30502,0.31004,0.32471,0.32973,0.32471,0.31004,0.29498,0.28494,0.2749,0.26486,0.25985,0.25985,0.25985,0.25985,0.25483,0.24981,0.25483,0.25985,0.25985,0.26486,0.3,0.4251,0.67529,0.90039,0.92548,0.6251,0.46486,0.3749,0.29498,0.22973,0.19961,0.18996,0.18996,0.18996,0.18996,0.19498,0.19498,0.19961,0.20463,0.21467,0.22471,0.23475,0.24479,0.25985,0.2749,0.3,0.31969,0.33977,0.35483,0.3749,0.37992,0.37992,0.36988,0.35985,0.34479,0.32973,0.31004,0.29498,0.27992,0.26486,0.25985,0.24981,0.24479,0.24479,0.24479,0.24479,0.24479,0.24479,0.24479,0.24479,0.24479,0.24981,0.24981,0.25985,0.26486,0.26486,0.26486,0.26988,0.2749,0.28494,0.28996,0.28996,0.28996,0.29498,0.29498,0.29498,0.30502,0.31004,0.32471,0.32471,0.31506,0.3,0.28494,0.2749,0.26486,0.25985,0.25985,0.25985,0.25985,0.25985,0.25483,0.25985,0.25985,0.26486,0.26486,0.28494,0.38494,0.61004,0.87027,0.93012,0.68494,0.48494,0.39498,0.31004,0.23475,0.19498,0.18494,0.18494,0.18494,0.18996,0.19498,0.19961,0.19961,0.20463,0.20463,0.21467,0.22471,0.23475,0.24479,0.25985,0.28494,0.31004,0.32973,0.34981,0.36988,0.3749,0.37992,0.36988,0.35985,0.34981,0.32973,0.31506,0.29498,0.27992,0.26486,0.25985,0.24981,0.24479,0.23977,0.23977,0.23475,0.22973,0.23475,0.23977,0.23475,0.23977,0.24479,0.24479,0.24479,0.24981,0.25985,0.25985,0.26988,0.2749,0.2749,0.28494,0.28494,0.28996,0.29498,0.29498,0.3,0.30502,0.31004,0.31506,0.31969,0.31004,0.29498,0.28996,0.27992,0.2749,0.26988,0.26486,0.26486,0.26486,0.25985,0.25985,0.25985,0.26486,0.26486,0.26486,0.26988,0.32471,0.48996,0.75521,0.91544,0.79035,0.56486,0.44479,0.35985,0.27992,0.22973,0.20965,0.20463,0.20463,0.20965,0.21467,0.21969,0.21969,0.22973,0.23475,0.23977,0.24981,0.26486,0.2749,0.28996,0.31004,0.32471,0.34479,0.36486,0.37992,0.39498,0.4,0.4,0.38996,0.3749,0.35985,0.34479,0.32973,0.31506,0.30502,0.29498,0.28494,0.2749,0.26988,0.26486,0.26486,0.26486,0.26988,0.26486,0.26486,0.26486,0.26486,0.26486,0.26988,0.2749,0.28494,0.28996,0.28996,0.29498,0.3,0.30502,0.30502,0.30502,0.30502,0.31004,0.30502,0.30502,0.30502,0.31506,0.32471,0.32973,0.33475,0.31506,0.30502,0.29498,0.28996,0.27992,0.2749,0.26988,0.26988,0.26486,0.26486,0.26486,0.26486,0.26988,0.26988,0.26988,0.30502,0.4251,0.65521,0.90039,0.93514,0.67027,0.49498,0.4,0.31506,0.24981,0.21467,0.20463,0.19961,0.19961,0.20463,0.20965,0.20965,0.21467,0.21969,0.22471,0.22973,0.23977,0.24981,0.26486,0.27992,0.30502,0.32471,0.34981,0.36988,0.37992,0.38996,0.38996,0.38494,0.3749,0.35985,0.33977,0.32471,0.30502,0.28996,0.2749,0.26486,0.25985,0.25985,0.25483,0.25483,0.25483,0.25483,0.25483,0.25483,0.25483,0.25483,0.25483,0.25985,0.26486,0.26486,0.26988,0.26988,0.2749,0.28494,0.28996,0.29498,0.3,0.30502,0.30502,0.30502,0.3,0.30502,0.31506,0.31969,0.32471,0.31506,0.3,0.28996,0.2749,0.26486,0.26486,0.26486,0.26486,0.26486,0.25985,0.25483,0.24981,0.25483,0.25985,0.25985,0.26988,0.33475,0.50502,0.77529,0.92548,0.78031,0.54517,0.42008,0.33977,0.25483,0.20965,0.19498,0.18494,0.18494,0.18494,0.18494,0.19498,0.19961,0.20463,0.20965,0.20965,0.21969,0.22973,0.24479,0.25985,0.27992,0.30502,0.32471,0.34479,0.35985,0.36988,0.3749,0.36988,0.35985,0.34981,0.33475,0.31506,0.29498,0.28494,0.26988,0.25985,0.24981,0.24479,0.23977,0.23977,0.23977,0.23475,0.23977,0.23977,0.23977,0.23977,0.24479,0.24479,0.24479,0.24981,0.25483,0.25985,0.26486,0.26988,0.2749,0.27992,0.28494,0.28996,0.28996,0.28996,0.28996,0.29498,0.3,0.31004,0.31969,0.31506,0.30502,0.29498,0.27992,0.26988,0.25985,0.25985,0.25483,0.25985,0.25483,0.24981,0.24981,0.24981,0.24981,0.25483,0.25985,0.29498,0.41506,0.65521,0.88533,0.92046,0.63012,0.46486,0.37992,0.29498,0.22973,0.19961,0.18494,0.18494,0.17992,0.17992,0.18494,0.18996,0.19498,0.19961,0.20463,0.20965,0.21969,0.22973,0.24479,0.25985,0.28494,0.31004,0.32973,0.34981,0.36486,0.36988,0.3749,0.36486,0.35483,0.33475,0.32471,0.30502,0.28494,0.26988,0.25985,0.24479,0.22973,0.22973,0.22973,0.22471,0.22471,0.22973,0.22973,0.22973,0.22973,0.22973,0.23475,0.23977,0.24479,0.24479,0.24981,0.25985,0.25985,0.26486,0.26988,0.2749,0.2749,0.27992,0.28494,0.28494,0.27992,0.28996,0.3,0.30502,0.31004,0.3,0.28494,0.2749,0.26486,0.25985,0.25985,0.25985,0.25483,0.24981,0.24479,0.24479,0.24981,0.25483,0.25483,0.24981,0.26486,0.33977,0.53514,0.80039,0.90039,0.7251,0.51506,0.41004,0.32471,0.24981,0.20463,0.19498,0.19498,0.19498,0.19961,0.19961,0.19961,0.20463,0.20965,0.21969,0.22471,0.23475,0.23977,0.25483,0.26486,0.28494,0.31004,0.33475,0.35483,0.36988,0.3749,0.37992,0.3749,0.36988,0.35483,0.34479,0.32973,0.31506,0.30502,0.29498,0.28494,0.27992,0.2749,0.2749,0.26988,0.26486,0.26486,0.26988,0.26988,0.26988,0.26988,0.26988,0.26988,0.2749,0.27992,0.28494,0.28996,0.29498,0.30502,0.30502,0.31004,0.31506,0.31506,0.31506,0.31506,0.31506,0.31506,0.31506,0.31969,0.32973,0.33475,0.32973,0.31969,0.31004,0.3,0.28494,0.26988,0.26988,0.26988,0.2749,0.2749,0.26988,0.26988,0.26988,0.26988,0.26988,0.2749,0.32973,0.48494,0.75019,0.94015,0.84517,0.61004,0.45985,0.36988,0.28494,0.23475,0.20463,0.19961,0.19961,0.19961,0.19961,0.20463,0.21467,0.21969,0.22471,0.22973,0.23475,0.24479,0.25483,0.26988,0.28494,0.31004,0.32973,0.34981,0.36988,0.38494,0.39498,0.38996,0.38494,0.36988,0.34981,0.33475,0.31969,0.30502,0.28996,0.2749,0.26486,0.25985,0.24981,0.24981,0.24981,0.24981,0.24981,0.24981,0.24981,0.24981,0.24981,0.25985,0.26486,0.26486,0.26988,0.26988,0.2749,0.28494,0.28996,0.29498,0.3,0.30502,0.30502,0.30502,0.30502,0.30502,0.31004,0.31506,0.32973,0.32973,0.31506,0.29498,0.28494,0.2749,0.26988,0.26486,0.26486,0.26486,0.25985,0.25483,0.24981,0.24981,0.25483,0.25483,0.25985,0.28494,0.38996,0.62008,0.87027,0.92548,0.67529,0.48494,0.39498,0.31004,0.23977,0.20463,0.19498,0.18494,0.18494,0.18494,0.18494,0.19498,0.19961,0.20965,0.21969,0.22973,0.23977,0.24479,0.25985,0.2749,0.29498,0.31969,0.33475,0.35483,0.36988,0.37992,0.37992,0.3749,0.35985,0.33977,0.32471,0.31004,0.29498,0.2749,0.26486,0.25483,0.24981,0.24479,0.23977,0.23475,0.23475,0.23475,0.23475,0.23977,0.23977,0.23977,0.24479,0.24479,0.24981,0.25483,0.26486,0.26988,0.2749,0.27992,0.28494,0.28996,0.28996,0.28996,0.28996,0.28996,0.28996,0.28996,0.30502,0.31506,0.31969,0.31004,0.3,0.28996,0.27992,0.26988,0.25985,0.26486,0.26988,0.26486,0.25985,0.24981,0.24981,0.25985,0.25985,0.25985,0.26988,0.33475,0.5,0.77027,0.93012,0.80039,0.56486,0.43012,0.34981,0.26988,0.21969,0.19961,0.19498,0.19498,0.19498,0.19498,0.19961,0.19961,0.20463,0.20965,0.21969,0.22471,0.23977,0.24981,0.26486,0.27992,0.30502,0.32973,0.35483,0.3749,0.37992,0.38494,0.38494,0.3749,0.35985,0.33977,0.32471,0.30502,0.28996,0.2749,0.26486,0.24981,0.23977,0.23977,0.23977,0.23475,0.22973,0.22973,0.22973,0.22973,0.22973,0.22973,0.23475,0.24479,0.24981,0.24981,0.25985,0.27992,0.31969,0.3749,0.46486,0.58494,0.68996,0.76525,0.81506,0.82008,0.78533,0.78031,0.76525,0.66023,0.48996,0.30502,0.16486,0.089575,0.059846,0.044788,0.044788,0.044788,0.039768,0.044788,0.044788,0.039768,0.044788,0.049807,0.049807,0.054826,0.069884,0.079537,0.089575,0.11467,0.13977,0.16486,0.18996,0.21467,0.22973,0.23977,0.24479,0.24981,0.24981,0.25483,0.24981,0.24981,0.25483,0.24981,0.24981,0.25483,0.25985,0.25985,0.25985,0.26486,0.26486,0.26988,0.2749,0.2749,0.26988,0.26988,0.2749,0.2749,0.2749,0.2749,0.2749,0.27992,0.27992,0.27992,0.27992,0.2749,0.2749,0.2749,0.2749,0.2749,0.28494,0.28494,0.28494,0.28494,0.28494,0.28494,0.28996,0.28996,0.28996,0.28996,0.28996,0.29498,0.29498,0.29498,0.29498,0.3,0.29498,0.29498,0.29498,0.29498,0.3,0.30502,0.30502,0.31004,0.31506,0.32471,0.33475,0.34479,0.34981,0.34479,0.33475,0.32471,0.31969,0.31004,0.30502,0.30502,0.31004,0.31004,0.30502,0.3,0.30502,0.31004,0.31004,0.31506,0.36988,0.53012,0.79035,0.96023,0.84015,0.59498,0.45985,0.3749,0.30502,0.25985,0.23977,0.23475,0.23475,0.23475,0.23475,0.23977,0.23977,0.24479,0.24479,0.24981,0.25985,0.26486,0.27992,0.29498,0.31004,0.32471,0.34479,0.36486,0.38996,0.40502,0.41506,0.42008,0.41506,0.40502,0.39498,0.37992,0.35985,0.34981,0.32973,0.31506,0.31004,0.29498,0.28494,0.2749,0.2749,0.26988,0.26486,0.25985,0.26486,0.26486,0.26988,0.26988,0.26988,0.2749,0.28494,0.28996,0.28996,0.3,0.31004,0.31969,0.32471,0.32471,0.31969,0.31969,0.31969,0.31506,0.31506,0.31506,0.31969,0.32471,0.32973,0.31004,0.29498,0.28494,0.2749,0.26486,0.25985,0.25985,0.26486,0.26486,0.25483,0.24981,0.24981,0.24981,0.25985,0.25985,0.29498,0.41506,0.65521,0.89537,0.92548,0.65019,0.4749,0.37992,0.29498,0.22973,0.19961,0.19498,0.19498,0.19498,0.19498,0.19498,0.19961,0.20463,0.20463,0.20965,0.21969,0.22973,0.23977,0.25985,0.26988,0.28996,0.31506,0.33475,0.35483,0.35985,0.36486,0.36988,0.35985,0.34981,0.33977,0.32471,0.31004,0.28996,0.27992,0.26988,0.25985,0.24981,0.24981,0.24479,0.23977,0.23977,0.24479,0.24479,0.24479,0.24479,0.24479,0.24479,0.24981,0.25483,0.26486,0.26988,0.2749,0.2749,0.27992,0.28494,0.28494,0.28494,0.28494,0.28996,0.28996,0.28996,0.29498,0.30502,0.31506,0.31969,0.30502,0.28996,0.28494,0.2749,0.26486,0.26486,0.26486,0.26486,0.26486,0.25985,0.25985,0.25985,0.26486,0.26486,0.25985,0.27992,0.36486,0.56486,0.8251,0.90541,0.71506,0.5,0.4,0.32471,0.24981,0.20965,0.19498,0.18494,0.18494,0.18996,0.19961,0.20463,0.20463,0.20965,0.21467,0.21969,0.22973,0.24479,0.25985,0.26988,0.28996,0.31004,0.33475,0.35985,0.3749,0.37992,0.38494,0.37992,0.36988,0.35985,0.34479,0.31969,0.3,0.28494,0.2749,0.26486,0.25985,0.24981,0.24479,0.24479,0.23977,0.23977,0.23977,0.23977,0.23977,0.24479,0.24479,0.24479,0.24981,0.24981,0.25985,0.26988,0.2749,0.28494,0.28996,0.28996,0.29498,0.29498,0.29498,0.29498,0.28996,0.29498,0.30502,0.31506,0.31506,0.31004,0.29498,0.27992,0.26988,0.25985,0.24981,0.24981,0.24981,0.24981,0.24981,0.23977,0.23977,0.23977,0.23977,0.23977,0.24479,0.29498,0.44479,0.70502,0.91544,0.82008,0.5749,0.4251,0.33977,0.25985,0.20463,0.1749,0.16486,0.16486,0.16988,0.1749,0.17992,0.17992,0.17992,0.18494,0.19961,0.20463,0.20965,0.21969,0.23475,0.25483,0.27992,0.3,0.31969,0.33475,0.34981,0.35483,0.34981,0.33977,0.32471,0.31004,0.29498,0.28494,0.26988,0.25483,0.24479,0.23475,0.22973,0.22471,0.22471,0.22471,0.22973,0.22471,0.21969,0.21969,0.22471,0.22471,0.22973,0.23475,0.23977,0.23977,0.24479,0.25483,0.25985,0.26486,0.26988,0.2749,0.2749,0.27992,0.28494,0.27992,0.2749,0.2749,0.28494,0.29498,0.30502,0.28996,0.27992,0.2749,0.26988,0.25985,0.25483,0.25483,0.25985,0.25985,0.25985,0.25483,0.25483,0.25985,0.25985,0.25985,0.27992,0.36486,0.56486,0.82008,0.89537,0.70502,0.51004,0.41004,0.32471,0.24981,0.21467,0.19961,0.19961,0.20463,0.20463,0.20965,0.21969,0.22973,0.22973,0.23475,0.24479,0.25483,0.26486,0.2749,0.28996,0.31004,0.32973,0.34981,0.36988,0.38494,0.39498,0.4,0.4,0.38494,0.3749,0.35985,0.33977,0.32471,0.31004,0.29498,0.28494,0.2749,0.26988,0.26988,0.26988,0.26486,0.26486,0.26486,0.26486,0.26486,0.26486,0.26486,0.26486,0.26486,0.26988,0.27992,0.28494,0.28996,0.29498,0.3,0.3,0.30502,0.30502,0.31004,0.31004,0.31004,0.31004,0.31004,0.31506,0.32471,0.32973,0.32471,0.31506,0.30502,0.28996,0.27992,0.26988,0.26988,0.26988,0.26988,0.26988,0.26486,0.25985,0.25985,0.25985,0.26486,0.2749,0.33475,0.49498,0.76525,0.94015,0.8251,0.59498,0.44981,0.36486,0.27992,0.22973,0.20463,0.19961,0.19961,0.19961,0.19961,0.20463,0.20463,0.20965,0.20965,0.21969,0.22973,0.23977,0.24981,0.26486,0.27992,0.3,0.32471,0.34479,0.36486,0.3749,0.3749,0.3749,0.36988,0.35483,0.33977,0.32471,0.31004,0.28996,0.2749,0.26988,0.26486,0.25985,0.24981,0.24981,0.25483,0.25483,0.24981,0.24981,0.24981,0.25483,0.25483,0.25483,0.25985,0.25985,0.26486,0.26486,0.26988,0.2749,0.28494,0.28996,0.28996,0.29498,0.30502,0.3,0.29498,0.29498,0.3,0.31004,0.31969,0.32471,0.30502,0.3,0.30502,0.32973,0.3749,0.44479,0.53012,0.61506,0.67027,0.71506,0.77027,0.79035,0.78533,0.77529,0.72008,0.59498,0.4251,0.26988,0.15483,0.099614,0.084556,0.074517,0.074517,0.074517,0.074517,0.074517,0.074517,0.074517,0.074517,0.074517,0.074517,0.079537,0.089575,0.099614,0.10965,0.12471,0.14981,0.1749,0.19961,0.21969,0.23475,0.24479,0.25483,0.25985,0.25985,0.25985,0.25483,0.24981,0.24981,0.24981,0.24981,0.24981,0.24981,0.24981,0.25483,0.25985,0.26486,0.26486,0.26988,0.2749,0.28494,0.28996,0.28996,0.28996,0.29498,0.3,0.3,0.3,0.3,0.3,0.29498,0.28996,0.28996,0.28996,0.28996,0.28996,0.28996,0.28996,0.28996,0.28996,0.28996,0.29498,0.30502,0.31506,0.32471,0.31506,0.30502,0.29498,0.27992,0.26988,0.26486,0.26486,0.26988,0.2749,0.2749,0.26988,0.26486,0.26988,0.26988,0.26988,0.29498,0.3749,0.57992,0.85521,0.95019,0.75019,0.52008,0.41506,0.32973,0.25483,0.21969,0.20463,0.19961,0.19961,0.19961,0.20463,0.20463,0.20965,0.21467,0.21969,0.22471,0.23475,0.23977,0.24981,0.26486,0.28494,0.31004,0.32973,0.35483,0.3749,0.39498,0.4,0.40502,0.39498,0.37992,0.36486,0.34981,0.32471,0.30502,0.28494,0.26988,0.25483,0.24981,0.24479,0.23977,0.23977,0.23977,0.23977,0.23475,0.23475,0.23475,0.23475,0.23977,0.24479,0.24479,0.24981,0.24981,0.26486,0.26988,0.2749,0.27992,0.28494,0.28996,0.28996,0.28996,0.28996,0.28494,0.28996,0.3,0.31004,0.31004,0.3,0.28996,0.2749,0.26988,0.25985,0.24479,0.24479,0.24479,0.24479,0.24479,0.23977,0.23977,0.24479,0.24981,0.24981,0.26988,0.35985,0.5749,0.8251,0.89035,0.68494,0.48996,0.38996,0.3,0.22973,0.19498,0.18494,0.18494,0.18494,0.18494,0.18996,0.19498,0.19498,0.20463,0.21467,0.22471,0.22973,0.23977,0.24981,0.26486,0.28494,0.30502,0.32973,0.34981,0.35985,0.36988,0.3749,0.36988,0.35985,0.34981,0.33475,0.32471,0.31004,0.29498,0.28494,0.2749,0.26988,0.26486,0.26486,0.26486,0.26486,0.25985,0.25985,0.25985,0.26486,0.26486,0.26486,0.26486,0.26988,0.2749,0.27992,0.28996,0.29498,0.29498,0.30502,0.30502,0.30502,0.30502,0.30502,0.30502,0.3,0.3,0.31004,0.31506,0.32471,0.31969,0.31004,0.29498,0.28996,0.27992,0.2749,0.26988,0.26988,0.26988,0.26988,0.25985,0.25483,0.25483,0.25985,0.26486,0.26988,0.31506,0.45985,0.72008,0.92548,0.85019,0.60502,0.44479,0.36486,0.28494,0.23475,0.20463,0.19498,0.19498,0.19498,0.19498,0.19961,0.20463,0.20965,0.21969,0.21969,0.22973,0.23977,0.24479,0.25985,0.27992,0.3,0.32471,0.34981,0.36988,0.37992,0.37992,0.37992,0.3749,0.36486,0.34981,0.33475,0.31506,0.3,0.28494,0.2749,0.26486,0.25483,0.24981,0.24479,0.24479,0.23977,0.23977,0.24479,0.24479,0.23977,0.23977,0.23977,0.24479,0.24479,0.24981,0.25985,0.26988,0.2749,0.27992,0.28494,0.28996,0.28996,0.29498,0.29498,0.29498,0.30502,0.30502,0.31004,0.31969,0.32471,0.31004,0.29498,0.28494,0.26988,0.25985,0.25985,0.25985,0.25985,0.25985,0.25483,0.24981,0.24981,0.24981,0.25985,0.25985,0.27992,0.3749,0.58996,0.85019,0.91544,0.7,0.49498,0.39498,0.31506,0.24479,0.20463,0.18996,0.18494,0.18494,0.18996,0.19498,0.19498,0.20463,0.20965,0.20965,0.21467,0.22471,0.23475,0.24479,0.25985,0.27992,0.30502,0.32973,0.34981,0.36486,0.3749,0.3749,0.36988,0.35985,0.34981,0.33475,0.31969,0.29498,0.27992,0.26988,0.25985,0.24981,0.24479,0.23977,0.23977,0.23977,0.23977,0.23977,0.23475,0.23475,0.23977,0.23977,0.24479,0.24981,0.25483,0.25985,0.26988,0.2749,0.2749,0.2749,0.27992,0.28494,0.28996,0.28996,0.28996,0.28996,0.29498,0.30502,0.31506,0.32471,0.31004,0.29498,0.28494,0.2749,0.26988,0.25985,0.25483,0.25483,0.25985,0.25985,0.24981,0.24981,0.25483,0.25985,0.25985,0.26988,0.33475,0.51004,0.78031,0.93012,0.78533,0.55019,0.4251,0.34479,0.26988,0.21467,0.18996,0.18494,0.18996,0.18996,0.19498,0.19498,0.19961,0.20463,0.20965,0.21467,0.22471,0.22973,0.24479,0.25483,0.2749,0.30502,0.32471,0.34479,0.36486,0.3749,0.37992,0.37992,0.36988,0.35483,0.33977,0.32471,0.31004,0.29498,0.27992,0.26988,0.25985,0.24981,0.24479,0.24479,0.23977,0.23977,0.24479,0.23977,0.23977,0.23977,0.24479,0.24479,0.24479,0.24479,0.24981,0.25985,0.26486,0.26988,0.2749,0.28494,0.28996,0.28996,0.28996,0.29498,0.28996,0.28996,0.29498,0.30502,0.31004,0.31506,0.3,0.28996,0.2749,0.26486,0.25483,0.24981,0.24981,0.24981,0.24981,0.23977,0.23977,0.23977,0.23977,0.24479,0.24981,0.28494,0.41004,0.65521,0.88031,0.90541,0.61004,0.44479,0.35985,0.27992,0.21467,0.18494,0.17992,0.17992,0.17992,0.17992,0.18494,0.19498,0.19498,0.19498,0.20463,0.20965,0.21969,0.22973,0.24479,0.25985,0.28494,0.30502,0.32471,0.33977,0.35483,0.35985,0.35985,0.35483,0.34479,0.32973,0.31969,0.30502,0.28494,0.2749,0.26486,0.25985,0.24981,0.24981,0.24479,0.23977,0.23977,0.23977,0.23977,0.23475,0.23475,0.23977,0.23977,0.23977,0.24479,0.25985,0.26988,0.3,0.33977,0.40502,0.49498,0.61004,0.71004,0.79035,0.84015,0.84517,0.83514,0.84517,0.82008,0.70502,0.5251,0.33475,0.18996,0.11969,0.089575,0.074517,0.069884,0.069884,0.074517,0.069884,0.069884,0.074517,0.069884,0.069884,0.069884,0.074517,0.089575,0.099614,0.11467,0.13475,0.15483,0.17992,0.20463,0.22471,0.23977,0.24981,0.25985,0.26988,0.2749,0.26988,0.26988,0.26988,0.2749,0.27992,0.28494,0.28996,0.28494,0.28494,0.28494,0.28996,0.28996,0.29498,0.29498,0.29498,0.29498,0.29498,0.29498,0.3,0.29498,0.28996,0.28494,0.28996,0.28996,0.28996,0.28996,0.28494,0.28494,0.28494,0.28494,0.28494,0.28494,0.28494,0.28494,0.28494,0.28494,0.28494,0.28996,0.28996,0.28996,0.28996,0.28996,0.28494,0.28494,0.28494,0.28996,0.28996,0.28996,0.28996,0.28494,0.28996,0.28996,0.28996,0.28996,0.28996,0.3,0.31004,0.32471,0.32973,0.32973,0.31506,0.30502,0.28996,0.27992,0.2749,0.2749,0.27992,0.28494,0.27992,0.2749,0.2749,0.28494,0.28494,0.28996,0.33475,0.46988,0.72008,0.93012,0.94015,0.63012,0.45985,0.36988,0.29498,0.24479,0.21969,0.20965,0.20463,0.20463,0.20965,0.20965,0.21467,0.22471,0.22973,0.23475,0.23977,0.24981,0.25985,0.26988,0.28494,0.31004,0.33475,0.35483,0.3749,0.38996,0.40502,0.41004,0.40502,0.4,0.38494,0.3749,0.35483,0.33977,0.32471,0.31506,0.30502,0.28996,0.27992,0.26988,0.26486,0.25985,0.25985,0.25985,0.25483,0.24981,0.24981,0.24981,0.24981,0.25985,0.26988,0.2749,0.28494,0.28996,0.29498,0.30502,0.31004,0.31004,0.31004,0.31506,0.31506,0.31506,0.31506,0.31004,0.31004,0.31506,0.32471,0.31506,0.3,0.28494,0.27992,0.26988,0.25985,0.24981,0.24981,0.24981,0.25483,0.24981,0.24479,0.24981,0.24981,0.24981,0.24981,0.29498,0.4251,0.67529,0.89035,0.90541,0.6,0.43514,0.34981,0.26988,0.21467,0.18494,0.17992,0.17992,0.17992,0.17992,0.18494,0.19498,0.19961,0.20463,0.20965,0.21969,0.22973,0.23475,0.24981,0.26988,0.29498,0.31506,0.32973,0.34479,0.35985,0.36486,0.36988,0.35985,0.34981,0.33475,0.32471,0.31004,0.29498,0.27992,0.26988,0.25985,0.24981,0.24981,0.24981,0.24981,0.24981,0.24479,0.23977,0.23977,0.23977,0.24479,0.24479,0.24981,0.25483,0.25985,0.26486,0.2749,0.2749,0.2749,0.28494,0.28494,0.28494,0.28494,0.28494,0.28996,0.28996,0.29498,0.30502,0.31969,0.32471,0.31004,0.28996,0.28494,0.2749,0.26988,0.26486,0.26486,0.26486,0.25985,0.25985,0.24981,0.25483,0.25985,0.26486,0.26486,0.28494,0.36988,0.56988,0.83514,0.92548,0.73012,0.51004,0.40502,0.31969,0.24981,0.20965,0.19498,0.19498,0.19498,0.19498,0.19961,0.19961,0.20463,0.20965,0.21969,0.21969,0.22973,0.23977,0.24981,0.26486,0.28996,0.31969,0.33475,0.35483,0.3749,0.38494,0.38996,0.39498,0.37992,0.36988,0.34981,0.32973,0.31004,0.29498,0.28494,0.26988,0.25985,0.24981,0.24981,0.24981,0.24981,0.24479,0.23977,0.23977,0.23977,0.23977,0.24479,0.24479,0.24981,0.25483,0.25985,0.26486,0.26988,0.28494,0.28996,0.28996,0.28996,0.28996,0.29498,0.29498,0.3,0.3,0.30502,0.31004,0.31506,0.31506,0.30502,0.28494,0.2749,0.26486,0.25483,0.24981,0.24981,0.24981,0.24981,0.24479,0.24479,0.24479,0.24981,0.24981,0.24479,0.27992,0.4,0.63012,0.86525,0.90541,0.63514,0.45985,0.3749,0.29498,0.22471,0.18996,0.17992,0.17992,0.17992,0.17992,0.18494,0.19498,0.19961,0.20463,0.20463,0.20965,0.22471,0.23977,0.25483,0.26486,0.28494,0.30502,0.32471,0.34981,0.35985,0.36486,0.36486,0.35985,0.34981,0.33475,0.31506,0.3,0.28494,0.2749,0.26486,0.25985,0.25483,0.24981,0.24981,0.24981,0.24981,0.25483,0.24479,0.24479,0.24981,0.24981,0.25483,0.25985,0.26486,0.26988,0.2749,0.28494,0.28996,0.29498,0.3,0.30502,0.30502,0.31004,0.31004,0.31004,0.31004,0.31004,0.31969,0.32973,0.33475,0.33977,0.32973,0.31506,0.30502,0.29498,0.28996,0.28494,0.28996,0.29498,0.29498,0.28494,0.2749,0.27992,0.28494,0.28996,0.28996,0.31969,0.4251,0.66023,0.90541,0.95019,0.68996,0.5,0.41004,0.32973,0.26486,0.22973,0.21969,0.21467,0.20965,0.20965,0.20965,0.21467,0.21969,0.22471,0.22973,0.24479,0.24981,0.25985,0.2749,0.28996,0.31004,0.32973,0.35483,0.3749,0.38996,0.39498,0.4,0.39498,0.38494,0.36988,0.35483,0.33475,0.31506,0.3,0.28996,0.27992,0.26988,0.25985,0.25483,0.24981,0.24981,0.24981,0.24981,0.24479,0.24479,0.24981,0.24981,0.25985,0.25985,0.26486,0.26988,0.2749,0.28494,0.28494,0.28996,0.29498,0.29498,0.3,0.3,0.3,0.3,0.3,0.31004,0.31506,0.32471,0.32973,0.31004,0.29498,0.28996,0.2749,0.26486,0.26486,0.26486,0.26486,0.26486,0.25985,0.25985,0.25985,0.25985,0.25985,0.26486,0.31506,0.45985,0.71004,0.91544,0.83514,0.59498,0.43977,0.35985,0.27992,0.22973,0.19961,0.19498,0.18996,0.19498,0.19498,0.19961,0.20463,0.20965,0.21467,0.21969,0.22471,0.22973,0.24479,0.25483,0.26988,0.29498,0.31969,0.34479,0.35985,0.36988,0.3749,0.3749,0.36486,0.34981,0.33977,0.32471,0.30502,0.28996,0.2749,0.26486,0.24981,0.24479,0.24479,0.24479,0.24479,0.24479,0.23977,0.23977,0.23977,0.23977,0.24479,0.24479,0.24479,0.24981,0.25483,0.25985,0.26486,0.26988,0.2749,0.27992,0.28494,0.28494,0.28996,0.28996,0.28996,0.28996,0.28996,0.29498,0.31004,0.31506,0.31506,0.3,0.28996,0.27992,0.26988,0.26486,0.25985,0.25985,0.25985,0.25985,0.25483,0.24981,0.25483,0.25985,0.25985,0.25985,0.3,0.43514,0.68494,0.90541,0.92046,0.61004,0.44981,0.36486,0.28494,0.22973,0.19961,0.18996,0.18494,0.18494,0.18996,0.19498,0.19961,0.20463,0.20965,0.21969,0.22471,0.23475,0.24479,0.25985,0.27992,0.3,0.31969,0.34479,0.36486,0.37992,0.38494,0.38494,0.37992,0.36988,0.34981,0.32973,0.31004,0.29498,0.27992,0.26486,0.25985,0.24981,0.24479,0.24479,0.24479,0.24479,0.24479,0.24479,0.24479,0.24479,0.24479,0.24479,0.24479,0.24981,0.25985,0.26486,0.26988,0.26988,0.27992,0.28996,0.29498,0.30502,0.3,0.29498,0.29498,0.29498,0.29498,0.29498,0.31004,0.31506,0.31969,0.31004,0.28996,0.27992,0.26988,0.25985,0.25483,0.25483,0.25985,0.26486,0.25985,0.24981,0.24479,0.24981,0.25483,0.25483,0.26486,0.34981,0.55521,0.82008,0.91544,0.72008,0.50502,0.4,0.31506,0.24479,0.20463,0.18996,0.18494,0.18494,0.18494,0.18996,0.19498,0.19498,0.19961,0.20463,0.20965,0.21969,0.22973,0.23977,0.25985,0.27992,0.3,0.31969,0.33977,0.35483,0.35985,0.36486,0.35985,0.35483,0.33977,0.32471,0.30502,0.28494,0.26988,0.25985,0.24981,0.24479,0.23977,0.23475,0.23475,0.22973,0.22973,0.22973,0.22471,0.22471,0.22471,0.22973,0.22973,0.23475,0.24479,0.24981,0.25483,0.25985,0.25985,0.26486,0.26988,0.2749,0.27992,0.27992,0.2749,0.2749,0.27992,0.27992,0.28996,0.3,0.31004,0.30502,0.28996,0.27992,0.26988,0.25985,0.24981,0.24479,0.24981,0.24981,0.24981,0.24981,0.24981,0.24981,0.24981,0.24981,0.25985,0.31004,0.45985,0.72008,0.90541,0.81004,0.5749,0.43977,0.35483,0.26988,0.21969,0.19498,0.19498,0.18494,0.18494,0.19498,0.19961,0.20463,0.20965,0.21969,0.22471,0.22973,0.24479,0.25483,0.26988,0.28996,0.31004,0.32973,0.34981,0.36988,0.38996,0.39498,0.38996,0.37992,0.3749,0.35985,0.34981,0.33475,0.31506,0.3,0.28494,0.27992,0.2749,0.2749,0.26988,0.26486,0.26486,0.26486,0.26486,0.26486,0.26486,0.26988,0.26988,0.2749,0.2749,0.2749,0.28494,0.28996,0.29498,0.30502,0.31004,0.31004,0.31506,0.31506,0.31506,0.31506,0.31506,0.31506,0.31506,0.32471,0.32973,0.33475,0.33977,0.32973,0.31004,0.29498,0.28494,0.2749,0.2749,0.2749,0.2749,0.2749,0.26988,0.26486,0.26988,0.26988,0.26988,0.27992,0.33977,0.51506,0.78533,0.95019,0.82008,0.57992,0.43977,0.34981,0.2749,0.22471,0.20463,0.19961,0.19961,0.20463,0.20463,0.20463,0.20965,0.21969,0.21969,0.22471,0.22973,0.23977,0.25483,0.26486,0.28494,0.30502,0.32471,0.34981,0.36988,0.37992,0.38494,0.38494,0.3749,0.36486,0.34981,0.32973,0.31004,0.29498,0.27992,0.26988,0.26486,0.25483,0.24479,0.23977,0.23977,0.23977,0.23977,0.23977,0.23977,0.23977,0.24479,0.24479,0.24981,0.24981,0.25985,0.26486,0.26486,0.26988,0.26988,0.2749,0.28494,0.28494,0.28494,0.28494,0.28494,0.28996,0.28996,0.29498,0.31004,0.31506,0.31969,0.30502,0.29498,0.28494,0.2749,0.26486,0.26486,0.26486,0.26486,0.25985,0.25483,0.24981,0.24981,0.25985,0.25985,0.26486,0.3,0.4251,0.66023,0.89035,0.92548,0.64517,0.46988,0.37992,0.29498,0.23475,0.19961,0.18996,0.18494,0.18494,0.18996,0.19498,0.19961,0.20463,0.20965,0.21969,0.21969,0.22973,0.23977,0.25985,0.26988,0.28494,0.31004,0.33977,0.35985,0.3749,0.38494,0.38494,0.37992,0.36988,0.35483,0.33475,0.31506,0.29498,0.27992,0.26988,0.25985,0.24981,0.24479,0.23977,0.23977,0.22973,0.22973,0.23475,0.23977,0.23977,0.23977,0.23977,0.24479,0.24479,0.24981,0.25985,0.26486,0.26988,0.2749,0.28494,0.28494,0.28494,0.28494,0.28996,0.28996,0.28996,0.28996,0.28996,0.3,0.31506,0.31969,0.30502,0.28996,0.27992,0.26988,0.25985,0.25483,0.24981,0.24981,0.25483,0.25985,0.24479,0.24479,0.24981,0.24981,0.24981,0.25985,0.32973,0.50502,0.77027,0.91544,0.76525,0.53514,0.41004,0.32471,0.24981,0.19961,0.17992,0.17992,0.1749,0.1749,0.17992,0.18494,0.18996,0.19498,0.19961,0.20463,0.21467,0.22471,0.23475,0.25483,0.26988,0.28996,0.31004,0.32973,0.34981,0.35985,0.36988,0.35985,0.34981,0.33977,0.32471,0.30502,0.28494,0.26988,0.25985,0.24981,0.24479,0.23475,0.23475,0.22973,0.22471,0.22471,0.22471,0.21969,0.22471,0.22471,0.22973,0.22973,0.23475,0.23977,0.23977,0.23977,0.24981,0.25985,0.26486,0.26988,0.26988,0.26486,0.26988,0.26988,0.2749,0.2749,0.27992,0.28996,0.30502,0.31004,0.30502,0.28996,0.27992,0.26988,0.26486,0.25985,0.25985,0.25985,0.25985,0.25985,0.25985,0.25985,0.25985,0.26486,0.25985,0.26486,0.31506,0.45985,0.71506,0.90541,0.82008,0.59498,0.45483,0.36988,0.28494,0.23475,0.20965,0.20463,0.20463,0.20463,0.20965,0.21467,0.22471,0.22973,0.22973,0.22973,0.23977,0.25483,0.26486,0.27992,0.3,0.31969,0.34479,0.36486,0.37992,0.39498,0.4,0.40502,0.39498,0.37992,0.3749,0.35483,0.33475,0.31969,0.30502,0.28996,0.2749,0.26988,0.26486,0.26486,0.25985,0.25985,0.25985,0.25985,0.25985,0.25985,0.25985,0.25985,0.26988,0.2749,0.28494,0.28494,0.28996,0.29498,0.30502,0.30502,0.31004,0.31506,0.31506,0.31004,0.31004,0.31004,0.31004,0.31506,0.32471,0.32973,0.33475,0.32471,0.31004,0.3,0.28996,0.2749,0.26988,0.26988,0.2749,0.2749,0.26988,0.26486,0.26486,0.26486,0.26988,0.26988,0.2749,0.32471,0.46988,0.73012,0.93012,0.83514,0.58996,0.43514,0.35985,0.27992,0.22973,0.20463,0.19498,0.19498,0.19498,0.19498,0.19961,0.19961,0.20965,0.21467,0.21969,0.22471,0.22973,0.24479,0.25985,0.2749,0.3,0.31969,0.33475,0.35483,0.36988,0.3749,0.3749,0.36988,0.35985,0.34981,0.32973,0.31506,0.29498,0.2749,0.26486,0.24981,0.24479,0.23977,0.23977,0.23977,0.23977,0.23977,0.23977,0.23977,0.24479,0.23977,0.23977,0.23977,0.24981,0.25985,0.25985,0.26486,0.2749,0.27992,0.28494,0.28494,0.28996,0.28996,0.28996,0.28996,0.28996,0.28996,0.29498,0.31004,0.31506,0.31969,0.30502,0.28996,0.2749,0.26486,0.25985,0.25483,0.25985,0.25985,0.25985,0.25483,0.24981,0.24981,0.25483,0.25985,0.25985,0.28996,0.40502,0.64517,0.89035,0.93012,0.65019,0.4749,0.38494,0.30502,0.23475,0.19961,0.18494,0.18494,0.18996,0.19498,0.19498,0.19961,0.19961,0.20463,0.21467,0.22471,0.22973,0.23977,0.25483,0.26988,0.28996,0.31506,0.33475,0.35483,0.36988,0.37992,0.37992,0.3749,0.36988,0.34981,0.32973,0.31506,0.3,0.28494,0.2749,0.26486,0.24981,0.24479,0.24479,0.24479,0.23977,0.23475,0.23475,0.23977,0.23977,0.23977,0.23977,0.24479,0.24981,0.24981,0.25985,0.26486,0.26988,0.2749,0.27992,0.27992,0.28494,0.28494,0.28494,0.28494,0.28996,0.28996,0.29498,0.30502,0.31506,0.31506,0.30502,0.28996,0.28494,0.26988,0.25985,0.25483,0.24981,0.25483,0.25985,0.25483,0.24981,0.24479,0.24981,0.25483,0.25985,0.27992,0.3749,0.58996,0.85521,0.92548,0.7,0.48996,0.38996,0.30502,0.23475,0.19961,0.18494,0.18494,0.17992,0.17992,0.18494,0.19498,0.19961,0.19961,0.20463,0.20965,0.21969,0.22471,0.23977,0.25985,0.27992,0.3,0.32471,0.34479,0.35985,0.36988,0.3749,0.35985,0.34981,0.33977,0.32973,0.30502,0.28996,0.26988,0.25985,0.24479,0.23475,0.23475,0.22973,0.22973,0.22973,0.22471,0.22471,0.22471,0.22973,0.22471,0.22471,0.22973,0.23475,0.23977,0.24479,0.24981,0.25483,0.25985,0.26486,0.26988,0.2749,0.2749,0.2749,0.2749,0.2749,0.2749,0.28494,0.29498,0.31004,0.31506,0.3,0.28996,0.27992,0.26988,0.26486,0.25985,0.25483,0.25483,0.25985,0.25483,0.24479,0.24479,0.24981,0.24981,0.25483,0.26486,0.32471,0.49498,0.75521,0.90039,0.76525,0.54015,0.42008,0.33977,0.25985,0.21467,0.19498,0.19498,0.19498,0.19498,0.19498,0.19961,0.20463,0.21969,0.22471,0.22973,0.23475,0.24479,0.25985,0.2749,0.28996,0.31004,0.33475,0.35483,0.3749,0.38494,0.38996,0.38996,0.37992,0.36988,0.35483,0.33475,0.32471,0.30502,0.28996,0.27992,0.2749,0.26988,0.26486,0.26486,0.26486,0.26486,0.26486,0.26486,0.26486,0.26486,0.26486,0.26486,0.26988,0.2749,0.28494,0.28996,0.3,0.30502,0.31004,0.31506,0.32471,0.32471,0.31506,0.31004,0.31004,0.31004,0.31004,0.31506,0.32471,0.33475,0.33977,0.33475,0.31969,0.30502,0.29498,0.28494,0.27992,0.2749,0.2749,0.2749,0.2749,0.26988,0.26988,0.2749,0.2749,0.2749,0.28494,0.35483,0.54015,0.80502,0.93514,0.77529,0.54517,0.41506,0.32973,0.25985,0.21969,0.19961,0.19961,0.19961,0.19961,0.19961,0.20463,0.20965,0.21969,0.21969,0.22471,0.23977,0.24981,0.25985,0.26486,0.28494,0.30502,0.32973,0.34981,0.36988,0.37992,0.38494,0.37992,0.36988,0.35985,0.33977,0.32471,0.31004,0.29498,0.27992,0.26988,0.25483,0.24479,0.24479,0.24479,0.24981,0.24479,0.24479,0.24981,0.24479,0.24479,0.24479,0.24981,0.25483,0.25985,0.25985,0.26486,0.26988,0.2749,0.28494,0.28494,0.28494,0.28996,0.28996,0.28996,0.28996,0.28996,0.29498,0.30502,0.31004,0.31969,0.31506,0.29498,0.28494,0.2749,0.26486,0.25985,0.25985,0.25985,0.25985,0.25985,0.24981,0.24981,0.24981,0.25985,0.25985,0.26486,0.32471,0.49498,0.76525,0.93012,0.80039,0.55521,0.4251,0.33977,0.25985,0.21467,0.19498,0.18494,0.18494,0.18494,0.18494,0.19498,0.19961,0.20463,0.20965,0.21467,0.22471,0.23475,0.24981,0.26486,0.27992,0.3,0.32471,0.34981,0.36988,0.3749,0.37992,0.3749,0.36988,0.35985,0.34479,0.32471,0.31004,0.28996,0.2749,0.25985,0.25483,0.24981,0.24479,0.23977,0.23977,0.23977,0.23977,0.23977,0.24479,0.24479,0.24479,0.24981,0.24981,0.24981,0.24981,0.25985,0.26486,0.2749,0.27992,0.28494,0.28996,0.28996,0.28996,0.28996,0.28996,0.28996,0.28996,0.29498,0.30502,0.31004,0.31506,0.3,0.28996,0.2749,0.26988,0.26486,0.25985,0.26486,0.25985,0.24981,0.24981,0.24981,0.24981,0.25985,0.25985,0.26486,0.3,0.43514,0.68996,0.91544,0.93012,0.62008,0.44981,0.36486,0.27992,0.22471,0.19498,0.18996,0.18996,0.19498,0.19498,0.19498,0.19498,0.19961,0.20965,0.21969,0.22471,0.22973,0.23977,0.25985,0.27992,0.3,0.32471,0.34479,0.36486,0.3749,0.37992,0.37992,0.37992,0.36486,0.34981,0.32973,0.31004,0.28494,0.2749,0.26486,0.25985,0.24981,0.24479,0.23977,0.23977,0.23977,0.23977,0.24479,0.24479,0.24479,0.23977,0.24479,0.24981,0.24981,0.25985,0.26486,0.28494,0.31969,0.43514,0.67027,0.85521,0.86023,0.67027,0.51506,0.35483,0.23977,0.19498,0.1749,0.1749,0.1749,0.1749,0.17992,0.17992,0.17992,0.18494,0.19961,0.20463,0.21467,0.22471,0.23475,0.24981,0.26486,0.28494,0.30502,0.31969,0.32973,0.33475,0.33977,0.33475,0.32973,0.31969,0.31004,0.30502,0.28996,0.27992,0.2749,0.26988,0.25985,0.25985,0.25985,0.25985,0.25985,0.25985,0.25985,0.25985,0.26486,0.26988,0.26988,0.2749,0.2749,0.2749,0.27992,0.28494,0.28996,0.28996,0.27992,0.26486,0.25985,0.25483,0.24981,0.24479,0.24479,0.24479,0.23977,0.24479,0.24479,0.23977,0.24479,0.24981,0.24479,0.24479,0.24981,0.25985,0.3,0.43514,0.68494,0.88533,0.89035,0.56988,0.41506,0.34981,0.27992,0.22471,0.19961,0.19961,0.19961,0.19961,0.19498,0.19498,0.19961,0.20965,0.21969,0.22471,0.22973,0.24479,0.25483,0.26486,0.27992,0.3,0.31969,0.33475,0.34981,0.35483,0.35985,0.35483,0.35483,0.34981,0.33475,0.31506,0.30502,0.3,0.29498,0.28996,0.2749,0.26988,0.26988,0.26988,0.26988,0.26486,0.26486,0.26486,0.26486,0.26988,0.2749,0.27992,0.28996,0.3,0.31004,0.31506,0.31506,0.31506,0.31969,0.31506,0.31506,0.31506,0.31506,0.31506,0.31004,0.30502,0.30502,0.30502,0.30502,0.31004,0.31506,0.31506,0.30502,0.29498,0.28494,0.2749,0.26486,0.26486,0.26486,0.26988,0.26988,0.2749,0.26988,0.26988,0.26988,0.2749,0.27992,0.28494,0.28996,0.34479,0.50502,0.76525,0.93514,0.82008,0.5749,0.43514,0.35985,0.27992,0.23475,0.20965,0.20463,0.19961,0.19961,0.20463,0.20965,0.20965,0.21467,0.21969,0.22973,0.23977,0.23977,0.24981,0.26486,0.28494,0.30502,0.32471,0.34479,0.36486,0.3749,0.3749,0.37992,0.36988,0.35483,0.33977,0.32973,0.31004,0.29498,0.28494,0.26988,0.26486,0.25985,0.24981,0.24479,0.24479,0.24479,0.24479,0.24479,0.24479,0.24479,0.24981,0.25483,0.25985,0.25985,0.26988,0.2749,0.28494,0.28996,0.29498,0.30502,0.30502,0.30502,0.30502,0.30502,0.30502,0.3,0.29498,0.29498,0.28996,0.28996,0.28996,0.28494,0.27992,0.2749,0.2749,0.2749,0.2749,0.2749,0.2749,0.2749,0.2749,0.28494,0.28494,0.28996,0.30502,0.31004,0.31004,0.29498,0.27992,0.26988,0.26486,0.26486,0.26486,0.26486,0.26486,0.26486,0.26988,0.26988,0.26988,0.2749,0.2749,0.2749,0.28996,0.36988,0.56486,0.83012,0.94517,0.77529,0.53514,0.42008,0.33977,0.26988,0.22973,0.20965,0.20463,0.19961,0.20463,0.20463,0.20463,0.20965,0.21969,0.22471,0.22973,0.23475,0.24479,0.25985,0.27992,0.29498,0.31506,0.33475,0.35483,0.36988,0.38494,0.38996,0.38996,0.37992,0.36486,0.34981,0.33475,0.31506,0.3,0.28494,0.2749,0.26486,0.25985,0.25483,0.25483,0.24981,0.24981,0.24479,0.24479,0.24479,0.24479,0.24479,0.24479,0.24981,0.25483,0.25985,0.26988,0.2749,0.28494,0.28996,0.29498,0.3,0.30502,0.30502,0.3,0.3,0.3,0.29498,0.28996,0.28494,0.28494,0.28494,0.28996,0.3,0.31004,0.31506,0.31004,0.28996,0.27992,0.2749,0.26486,0.25985,0.25483,0.25483,0.25985,0.25483,0.24981,0.24981,0.24981,0.25985,0.25985,0.26988,0.34981,0.54015,0.81004,0.93012,0.76023,0.5251,0.41004,0.32471,0.25483,0.20965,0.19498,0.18996,0.18996,0.18996,0.18494,0.18996,0.19961,0.20463,0.20965,0.21969,0.22471,0.23977,0.24479,0.25985,0.27992,0.3,0.31969,0.33977,0.35483,0.36988,0.3749,0.3749,0.35985,0.34479,0.33475,0.31004,0.29498,0.2749,0.25985,0.24981,0.24479,0.23977,0.22973,0.22973,0.22973,0.22973,0.22973,0.22973,0.22973,0.22973,0.22973,0.23475,0.23977,0.23977,0.24479,0.24981,0.25985,0.25985,0.26486,0.26988,0.26988,0.26988,0.2749,0.2749,0.26988,0.26988,0.26988,0.26988,0.26988,0.2749,0.28494,0.29498,0.30502,0.30502,0.28996,0.28494,0.2749,0.26486,0.25985,0.25483,0.25985,0.25985,0.25985,0.25985,0.25985,0.25985,0.25985,0.25985,0.26486,0.30502,0.43514,0.68031,0.90039,0.91042,0.61506,0.45483,0.36988,0.28996,0.23475,0.20965,0.20463,0.19961,0.20463,0.20463,0.20965,0.20965,0.21969,0.22471,0.22973,0.23475,0.24479,0.25985,0.26988,0.28494,0.31004,0.32973,0.34981,0.36988,0.38494,0.39498,0.39498,0.38494,0.3749,0.35985,0.34981,0.33475,0.32471,0.31004,0.3,0.28996,0.28494,0.2749,0.26988,0.26988,0.26988,0.26486,0.26486,0.26486,0.26486,0.26988,0.2749,0.2749,0.2749,0.28494,0.28996,0.3,0.31004,0.31506,0.31969,0.32471,0.32471,0.32471,0.31969,0.31969,0.31969,0.31969,0.31506,0.31506,0.31506,0.31969,0.32973,0.33475,0.32973,0.31506,0.30502,0.3,0.28996,0.28494,0.28494,0.28494,0.28494,0.28494,0.28494,0.27992,0.2749,0.27992,0.27992,0.27992,0.31506,0.44981,0.7,0.92548,0.94517,0.65019,0.47992,0.38996,0.30502,0.24479,0.21467,0.20463,0.20463,0.20463,0.20463,0.20463,0.20965,0.21969,0.21969,0.22973,0.23977,0.24479,0.25483,0.26486,0.28494,0.31004,0.32973,0.35483,0.3749,0.37992,0.38494,0.38494,0.37992,0.3749,0.35985,0.33977,0.32471,0.30502,0.28996,0.2749,0.26988,0.25985,0.25483,0.24981,0.24981,0.24981,0.24981,0.24479,0.24479,0.24981,0.24981,0.24981,0.24981,0.25985,0.26486,0.26988,0.2749,0.27992,0.27992,0.28494,0.28996,0.28996,0.28996,0.28996,0.28996,0.28996,0.28996,0.28996,0.28996,0.3,0.31004,0.31506,0.31506,0.3,0.28494,0.27992,0.26988,0.26486,0.26486,0.26486,0.26486,0.26486,0.25985,0.25985,0.25985,0.25985,0.25985,0.26486,0.31969,0.46988,0.73514,0.93012,0.84015,0.58996,0.43012,0.34981,0.26988,0.21969,0.19961,0.19498,0.18996,0.18996,0.18996,0.19498,0.19498,0.20463,0.20965,0.21467,0.22471,0.23977,0.24479,0.25985,0.27992,0.3,0.31506,0.33475,0.35985,0.3749,0.37992,0.37992,0.3749,0.36486,0.34981,0.33475,0.31506,0.3,0.27992,0.26486,0.25483,0.24981,0.24479,0.24479,0.23977,0.23977,0.23977,0.24479,0.23977,0.23977,0.23977,0.23977,0.24479,0.24981,0.25483,0.25985,0.26486,0.26988,0.2749,0.28494,0.28996,0.28996,0.28996,0.28996,0.28494,0.28494,0.28996,0.28996,0.29498,0.30502,0.31969,0.32471,0.30502,0.28494,0.2749,0.26988,0.25985,0.24981,0.24981,0.25985,0.25985,0.25985,0.24981,0.24981,0.24981,0.24981,0.25483,0.27992,0.36988,0.57992,0.84517,0.92046,0.70502,0.5,0.39498,0.31004,0.23475,0.19961,0.18494,0.18494,0.17992,0.17992,0.18494,0.19498,0.19961,0.20463,0.20965,0.21969,0.22471,0.23977,0.24981,0.26486,0.28494,0.30502,0.33475,0.35483,0.3749,0.37992,0.37992,0.3749,0.36486,0.34981,0.33475,0.31506,0.3,0.28494,0.26988,0.25985,0.24981,0.24479,0.23977,0.23977,0.23977,0.23977,0.23977,0.23977,0.23977,0.24479,0.24981,0.24479,0.24479,0.24981,0.25985,0.26486,0.26988,0.2749,0.2749,0.28494,0.28996,0.28996,0.28494,0.28494,0.28494,0.28494,0.28494,0.28494,0.29498,0.31004,0.31506,0.31004,0.30502,0.28996,0.2749,0.26486,0.25985,0.25985,0.25985,0.25985,0.25985,0.24981,0.24981,0.25985,0.25985,0.26486,0.26486,0.31506,0.45985,0.72008,0.92046,0.84015,0.58996,0.43514,0.35985,0.28494,0.22973,0.19961,0.18996,0.19498,0.19498,0.19498,0.19961,0.19961,0.20463,0.20463,0.20965,0.21969,0.22471,0.23977,0.25985,0.27992,0.3,0.31969,0.33977,0.35985,0.3749,0.37992,0.3749,0.36988,0.35985,0.34479,0.32471,0.30502,0.28996,0.2749,0.25985,0.24479,0.23977,0.22973,0.22973,0.22973,0.22973,0.22973,0.22973,0.23475,0.23977,0.23977,0.23977,0.24479,0.24479,0.24981,0.25985,0.26486,0.26988,0.2749,0.28494,0.28494,0.28996,0.28996,0.28494,0.28494,0.28494,0.2749,0.2749,0.28494,0.3,0.31004,0.31004,0.30502,0.28996,0.2749,0.26486,0.25985,0.24981,0.24981,0.25483,0.25985,0.25483,0.24981,0.24981,0.24981,0.25483,0.24981,0.26486,0.34479,0.54015,0.80039,0.90039,0.72008,0.51004,0.41004,0.32471,0.24981,0.20463,0.18494,0.18494,0.18494,0.18494,0.18996,0.19498,0.19498,0.19961,0.20965,0.21467,0.22471,0.23977,0.24981,0.25985,0.27992,0.3,0.32471,0.34479,0.36486,0.3749,0.37992,0.37992,0.36988,0.35483,0.34479,0.32973,0.31506,0.30502,0.28996,0.2749,0.26486,0.25985,0.25985,0.25985,0.25985,0.25985,0.25985,0.25985,0.26486,0.26486,0.26486,0.26988,0.2749,0.2749,0.28494,0.28996,0.29498,0.30502,0.31506,0.31969,0.31506,0.31004,0.31004,0.31004,0.31004,0.31004,0.31004,0.31004,0.31004,0.31506,0.32471,0.33475,0.32471,0.31506,0.31004,0.29498,0.28494,0.2749,0.26988,0.2749,0.2749,0.2749,0.26988,0.26486,0.26988,0.2749,0.26988,0.28996,0.37992,0.58996,0.86023,0.93514,0.73514,0.52008,0.41004,0.32471,0.25483,0.21467,0.20463,0.19961,0.19961,0.20463,0.20463,0.20463,0.20463,0.21467,0.22471,0.22973,0.23977,0.24981,0.25985,0.2749,0.3,0.31969,0.34981,0.36988,0.37992,0.38996,0.39498,0.39498,0.38494,0.36988,0.34981,0.33475,0.31506,0.30502,0.28996,0.2749,0.26486,0.25985,0.24981,0.24981,0.24981,0.24981,0.24479,0.24479,0.24479,0.24479,0.24981,0.25483,0.25985,0.26486,0.26486,0.26988,0.2749,0.28494,0.28996,0.29498,0.3,0.3,0.29498,0.29498,0.29498,0.28996,0.28996,0.29498,0.30502,0.31506,0.31969,0.31506,0.3,0.28996,0.27992,0.26988,0.25985,0.25483,0.25483,0.25985,0.25985,0.25985,0.25483,0.25483,0.25985,0.25985,0.26486,0.31969,0.47992,0.75019,0.93012,0.82008,0.57992,0.43514,0.35483,0.27992,0.22471,0.19961,0.19498,0.19498,0.19498,0.19498,0.19498,0.19961,0.20463,0.20965,0.21969,0.22471,0.22973,0.23977,0.25483,0.26988,0.28996,0.31506,0.33977,0.35985,0.3749,0.37992,0.37992,0.36988,0.35985,0.34981,0.32973,0.31004,0.29498,0.27992,0.26988,0.25985,0.24981,0.24479,0.24479,0.24479,0.23977,0.22973,0.22973,0.23475,0.23475,0.23977,0.23977,0.23977,0.24479,0.24981,0.25483,0.25985,0.26486,0.26988,0.2749,0.27992,0.27992,0.27992,0.28494,0.27992,0.2749,0.2749,0.27992,0.28996,0.29498,0.30502,0.30502,0.28996,0.2749,0.26486,0.25483,0.24479,0.24479,0.24479,0.24479,0.24479,0.24479,0.23977,0.23977,0.23977,0.24479,0.24479,0.27992,0.42008,0.67027,0.90039,0.91042,0.60502,0.43977,0.35985,0.27992,0.21969,0.18996,0.17992,0.17992,0.17992,0.18494,0.18494,0.19498,0.19498,0.19961,0.20463,0.20965,0.22471,0.23475,0.24981,0.25985,0.27992,0.3,0.32471,0.34981,0.36988,0.25985,0.26988,0.2749,0.27992,0.28494,0.28996,0.29498,0.29498,0.29498,0.3,0.3,0.3,0.29498,0.3,0.31004,0.31506,0.32471,0.31969,0.31004,0.29498,0.28996,0.28494,0.2749,0.2749,0.2749,0.27992,0.2749,0.26486,0.26486,0.26988,0.2749,0.2749,0.28996,0.35985,0.54517,0.81004,0.94015,0.79035,0.56988,0.44479,0.34981,0.2749,0.22973,0.20965,0.20463,0.20463,0.20463,0.20463,0.20965,0.21969,0.22471,0.22973,0.23475,0.24479,0.24981,0.25985,0.26988,0.28996,0.31506,0.33977,0.35985,0.3749,0.38494,0.39498,0.38494,0.37992,0.36486,0.34981,0.33475,0.31969,0.30502,0.28996,0.2749,0.26486,0.25483,0.24981,0.24981,0.24981,0.25483,0.25985,0.25483,0.24981,0.24981,0.24981,0.25483,0.25985,0.26486,0.26988,0.2749,0.27992,0.28494,0.28996,0.29498,0.3,0.3,0.3,0.3,0.29498,0.29498,0.29498,0.29498,0.29498,0.31004,0.32471,0.31506,0.3,0.28494,0.27992,0.26988,0.26486,0.25985,0.25985,0.26486,0.26486,0.26486,0.25985,0.25985,0.25985,0.26486,0.26988,0.30502,0.43514,0.68031,0.90541,0.92548,0.63012,0.45985,0.3749,0.3,0.23475,0.19961,0.18996,0.18996,0.18996,0.19498,0.19961,0.19961,0.20463,0.20463,0.21467,0.22471,0.22973,0.23977,0.25483,0.2749,0.3,0.32471,0.34479,0.35985,0.3749,0.38494,0.38494,0.37992,0.36988,0.34981,0.32973,0.31506,0.30502,0.28494,0.2749,0.26486,0.25985,0.24981,0.24981,0.24981,0.24479,0.24479,0.24479,0.24479,0.24479,0.24981,0.24981,0.24981,0.24981,0.25985,0.26486,0.26988,0.2749,0.27992,0.28494,0.28494,0.28494,0.28494,0.28996,0.28996,0.28996,0.28996,0.28494,0.28996,0.29498,0.30502,0.31004,0.30502,0.28996,0.27992,0.26988,0.25985,0.25483,0.25985,0.25985,0.25985,0.24981,0.24981,0.24981,0.24981,0.25483,0.25985,0.26486,0.33475,0.51506,0.78533,0.93012,0.78533,0.55019,0.4251,0.33977,0.26486,0.21467,0.19498,0.18996,0.18996,0.19498,0.19498,0.19961,0.20463,0.20965,0.20965,0.20965,0.21969,0.22973,0.24479,0.26486,0.28494,0.30502,0.32471,0.34479,0.35483,0.36988,0.3749,0.3749,0.36988,0.35483,0.33475,0.31506,0.29498,0.27992,0.26486,0.25483,0.24479,0.23977,0.23977,0.22973,0.22973,0.22973,0.22973,0.22973,0.22973,0.22973,0.23977,0.24479,0.24479,0.24479,0.24981,0.25985,0.26486,0.26988,0.26988,0.2749,0.2749,0.2749,0.2749,0.27992,0.2749,0.2749,0.2749,0.2749,0.28494,0.29498,0.30502,0.3,0.28996,0.28494,0.2749,0.25985,0.24981,0.24981,0.25483,0.25483,0.25985,0.24981,0.24479,0.24981,0.25483,0.25483,0.25985,0.30502,0.44479,0.7,0.90039,0.83012,0.59498,0.44479,0.36486,0.27992,0.22471,0.19961,0.19498,0.19498,0.19498,0.19961,0.19961,0.20463,0.20965,0.21467,0.22471,0.22973,0.23977,0.24981,0.25985,0.28494,0.30502,0.32973,0.34981,0.36988,0.38494,0.38996,0.37992,0.3749,0.36988,0.35985,0.34479,0.32973,0.31004,0.29498,0.28494,0.2749,0.2749,0.26988,0.26486,0.25985,0.25985,0.26486,0.26486,0.26486,0.26486,0.26486,0.26486,0.26988,0.2749,0.28494,0.28996,0.29498,0.30502,0.31004,0.31506,0.31506,0.31506,0.31004,0.31506,0.31506,0.31004,0.31004,0.31004,0.31004,0.32471,0.32973,0.33475,0.32973,0.31506,0.3,0.28996,0.27992,0.2749,0.2749,0.27992,0.2749,0.26988,0.26486,0.26486,0.26988,0.26988,0.26988,0.28494,0.34981,0.53514,0.80039,0.94015,0.79035,0.55521,0.4251,0.33977,0.26486,0.21969,0.19961,0.19498,0.19498,0.19961,0.19961,0.20463,0.20965,0.20965,0.21969,0.22973,0.23977,0.24981,0.26486,0.2749,0.28996,0.31004,0.33475,0.35483,0.3749,0.37992,0.38494,0.37992,0.3749,0.36486,0.34981,0.32973,0.31004,0.28996,0.27992,0.26988,0.25985,0.24981,0.24981,0.24479,0.24479,0.24479,0.24479,0.24479,0.24479,0.24479,0.24479,0.24981,0.25985,0.25985,0.26486,0.26486,0.26988,0.2749,0.27992,0.28494,0.28996,0.28996,0.28996,0.28996,0.28996,0.28996,0.28494,0.28494,0.29498,0.30502,0.31004,0.31004,0.29498,0.28494,0.26988,0.25985,0.24981,0.24981,0.25483,0.25985,0.25985,0.24981,0.24981,0.25483,0.25483,0.25483,0.25985,0.30502,0.45483,0.71004,0.91544,0.92046,0.6,0.44479,0.36486,0.27992,0.22471,0.19498,0.18494,0.18494,0.18996,0.19498,0.19498,0.19498,0.19961,0.20965,0.21467,0.22471,0.23475,0.24479,0.25985,0.2749,0.29498,0.31969,0.34479,0.35985,0.26486,0.26486,0.26988,0.2749,0.28494,0.28996,0.29498,0.28996,0.28996,0.28996,0.28996,0.28996,0.28996,0.28996,0.3,0.31004,0.31506,0.31506,0.30502,0.28996,0.28494,0.26988,0.25985,0.25985,0.25985,0.25985,0.25985,0.24981,0.24479,0.24981,0.25483,0.25985,0.25985,0.28996,0.4,0.6251,0.87027,0.92046,0.66525,0.4749,0.38996,0.31506,0.24479,0.20463,0.19498,0.18996,0.18996,0.18996,0.19498,0.19498,0.19961,0.20463,0.21467,0.21969,0.22973,0.23977,0.24981,0.26486,0.28996,0.31004,0.33475,0.35483,0.36988,0.3749,0.3749,0.3749,0.35985,0.34981,0.33475,0.31969,0.30502,0.28996,0.2749,0.26486,0.25483,0.24981,0.24479,0.24479,0.23977,0.23977,0.23977,0.23977,0.23977,0.23977,0.23977,0.24479,0.24981,0.25985,0.26486,0.26988,0.26988,0.2749,0.28494,0.28494,0.28996,0.28996,0.28996,0.28494,0.28494,0.28494,0.28494,0.28996,0.30502,0.31004,0.31506,0.31004,0.29498,0.28494,0.26988,0.25985,0.24981,0.24981,0.24981,0.24981,0.25483,0.24981,0.24981,0.24981,0.25985,0.25985,0.26486,0.32471,0.48996,0.76023,0.93012,0.80502,0.56023,0.4251,0.34479,0.26988,0.21969,0.19961,0.18996,0.18996,0.18996,0.19498,0.19498,0.19961,0.20463,0.20965,0.21969,0.22471,0.23475,0.24981,0.26486,0.27992,0.3,0.32471,0.34981,0.36988,0.37992,0.38494,0.38494,0.3749,0.35985,0.34981,0.32973,0.31004,0.28996,0.27992,0.26988,0.25985,0.24981,0.24479,0.24479,0.24479,0.23977,0.23977,0.23977,0.23977,0.23977,0.23977,0.24479,0.24479,0.24479,0.24981,0.25985,0.26486,0.26486,0.26988,0.2749,0.27992,0.27992,0.27992,0.28494,0.28494,0.27992,0.28494,0.28494,0.28494,0.28996,0.3,0.30502,0.29498,0.28494,0.2749,0.26486,0.25483,0.24981,0.24479,0.24479,0.24981,0.24479,0.23977,0.23977,0.24479,0.24981,0.24981,0.2749,0.36486,0.56988,0.83012,0.90541,0.69498,0.48494,0.38494,0.30502,0.23475,0.19961,0.18494,0.17992,0.17992,0.18494,0.19498,0.19498,0.19961,0.20463,0.20965,0.20965,0.21969,0.23475,0.24981,0.26486,0.28494,0.30502,0.32471,0.34479,0.36486,0.3749,0.37992,0.36988,0.36486,0.35483,0.33977,0.31969,0.30502,0.28996,0.2749,0.26988,0.26486,0.25483,0.24981,0.24981,0.24981,0.25483,0.24981,0.24981,0.24981,0.25483,0.25483,0.25985,0.26988,0.2749,0.28494,0.28494,0.28996,0.3,0.30502,0.31004,0.31506,0.31506,0.31506,0.31969,0.31506,0.31506,0.31506,0.31506,0.32471,0.32973,0.33475,0.33977,0.32471,0.31004,0.3,0.28996,0.27992,0.2749,0.27992,0.2749,0.2749,0.26988,0.26988,0.2749,0.2749,0.2749,0.2749,0.31506,0.43514,0.68031,0.91544,0.95019,0.66525,0.48494,0.38996,0.31004,0.24981,0.21969,0.20965,0.20463,0.20463,0.20965,0.21467,0.21467,0.21969,0.22973,0.23475,0.23977,0.24479,0.25483,0.26988,0.28494,0.30502,0.32973,0.34981,0.3749,0.38996,0.4,0.4,0.38996,0.3749,0.36486,0.34981,0.32973,0.31004,0.29498,0.27992,0.26988,0.25985,0.25985,0.25483,0.25483,0.24981,0.24479,0.24479,0.24479,0.24981,0.24981,0.25985,0.25985,0.26486,0.26486,0.26988,0.2749,0.27992,0.28494,0.28996,0.28996,0.29498,0.29498,0.29498,0.29498,0.29498,0.29498,0.29498,0.3,0.31004,0.31506,0.32471,0.31004,0.29498,0.28494,0.2749,0.25985,0.25985,0.25985,0.25985,0.25985,0.25985,0.25483,0.25483,0.25483,0.25985,0.25985,0.27992,0.35483,0.55019,0.82008,0.92548,0.74517,0.52008,0.41004,0.32973,0.25483,0.20463,0.18494,0.18494,0.18494,0.18494,0.18996,0.19961,0.20463,0.20965,0.21467,0.21969,0.22471,0.23475,0.24479,0.25985,0.27992,0.3,0.32471,0.34479,0.35985,0.3749,0.37992,0.3749,0.36486,0.35483,0.33475,0.31969,0.3,0.27992,0.26988,0.26486,0.25985,0.24981,0.24479,0.24479,0.24479,0.24479,0.24479,0.24479,0.24479,0.24479,0.24981,0.25483,0.24981,0.25483,0.25985,0.26988,0.2749,0.27992,0.28494,0.28996,0.28996,0.28996,0.29498,0.28996,0.28996,0.29498,0.28996,0.28494,0.28996,0.30502,0.31004,0.31506,0.3,0.28996,0.27992,0.26988,0.25985,0.25985,0.25985,0.25985,0.25985,0.24981,0.24981,0.24981,0.24981,0.25483,0.25483,0.28996,0.41506,0.65521,0.88533,0.92046,0.64015,0.46988,0.38494,0.30502,0.23475,0.19961,0.19498,0.18996,0.18996,0.18996,0.19498,0.19498,0.19961,0.20463,0.21467,0.21969,0.22973,0.23977,0.25483,0.26988,0.28996,0.31506,0.33977,0.35985,0.3749,0.37992,0.38494,0.36988,0.35985,0.34981,0.33475,0.31506,0.29498,0.28494,0.26988,0.26486,0.24981,0.24479,0.23977,0.23475,0.23475,0.23475,0.22973,0.22973,0.23475,0.23977,0.23977,0.23475,0.23475,0.23977,0.24479,0.24479,0.24981,0.25985,0.26486,0.26486,0.26988,0.26988,0.26988,0.2749,0.26988,0.26486,0.25985,0.26486,0.26988,0.28494,0.28996,0.29498,0.27992,0.26486,0.25985,0.24981,0.24479,0.23475,0.23475,0.23475,0.23977,0.23475,0.22973,0.22973,0.23475,0.23475,0.23977,0.2749,0.4,0.65019,0.88533,0.91544,0.62008,0.43977,0.35483,0.2749,0.21467,0.18494,0.1749,0.16988,0.16988,0.1749,0.17992,0.18494,0.18996,0.19498,0.19498,0.19961,0.20965,0.22471,0.23977,0.25483,0.26988,0.28996,0.31969,0.33977,0.35483,0.35985,0.35985,0.35483,0.34479,0.33475,0.31506,0.30502,0.28996,0.26988,0.24981,0.23475,0.22973,0.22973,0.22973,0.22471,0.22973,0.22471,0.22471,0.22471,0.22973,0.22973,0.22973,0.23475,0.23475,0.23977,0.24479,0.25483,0.25985,0.26486,0.26486,0.26988,0.2749,0.2749,0.2749,0.2749,0.2749,0.2749,0.2749,0.2749,0.28494,0.3,0.31004,0.31004,0.29498,0.28996,0.27992,0.26988,0.25985,0.25985,0.25985,0.25985,0.26486,0.25483,0.25483,0.25985,0.25985,0.26486,0.26486,0.3,0.43514,0.68494,0.90039,0.91042,0.62008,0.46486,0.38494,0.30502,0.24479,0.21467,0.20463,0.20965,0.20965,0.20965,0.21467,0.21969,0.21969,0.22973,0.23977,0.24479,0.24981,0.26486,0.27992,0.3,0.31969,0.33977,0.36486,0.38996,0.40502,0.41004,0.40502,0.4,0.38996,0.3749,0.35985,0.34479,0.32471,0.31004,0.3,0.28996,0.27992,0.26988,0.26988,0.26988,0.26486,0.26486,0.26486,0.26486,0.26486,0.26988,0.26988,0.26988,0.26988,0.2749,0.28494,0.28996,0.29498,0.30502,0.31004,0.31506,0.31506,0.31506,0.31506,0.31506,0.31004,0.30502,0.3,0.3,0.30502,0.31506,0.32471,0.32973,0.31969,0.30502,0.29498,0.28494,0.2749,0.2749,0.2749,0.2749,0.2749,0.26988,0.26486,0.26486,0.26486,0.26486,0.26486,0.28494,0.36486,0.56023,0.83012,0.94015,0.75521,0.5251,0.41004,0.32973,0.25483,0.21467,0.20463,0.19961,0.19498,0.19961,0.19961,0.20463,0.20965,0.21467,0.21969,0.22471,0.23475,0.24479,0.25985,0.26988,0.28494,0.30502,0.32973,0.35483,0.3749,0.37992,0.38494,0.38494,0.3749,0.36486,0.34981,0.32973,0.31004,0.29498,0.27992,0.26988,0.25985,0.25985,0.25483,0.24479,0.24479,0.23977,0.23977,0.24479,0.24981,0.25483,0.24981,0.24981,0.25985,0.26486,0.26486,0.26988,0.2749,0.2749,0.28494,0.28494,0.28996,0.29498,0.29498,0.28996,0.28996,0.28494,0.28996,0.28996,0.29498,0.31004,0.31506,0.31969,0.30502,0.29498,0.28996,0.26988,0.25985,0.25985,0.25985,0.26486,0.26486,0.25985,0.25985,0.25985,0.25985,0.26486,0.26486,0.28996,0.4,0.6251,0.88031,0.93514,0.67529,0.47992,0.38996,0.31004,0.24479,0.20463,0.19498,0.18996,0.18996,0.19498,0.19961,0.20463,0.20463,0.20965,0.21467,0.21969,0.22471,0.23977,0.25483,0.26988,0.28996,0.31506,0.33475,0.35985,0.3749,0.38494,0.38996,0.38494,0.3749,0.35985,0.33977,0.32471,0.31004,0.29498,0.27992,0.26988,0.26486,0.25985,0.24981,0.24479,0.24479,0.24479,0.24981,0.24981,0.24981,0.24981,0.25483,0.25985,0.26486,0.26486,0.26988,0.2749,0.28494,0.28494,0.28996,0.29498,0.3,0.3,0.3,0.3,0.29498,0.28996,0.28996,0.28996,0.3,0.31004,0.31969,0.32471,0.3,0.27992,0.2749,0.26486,0.25985,0.25483,0.25985,0.25985,0.25985,0.25483,0.25483,0.25985,0.26486,0.26486,0.26486,0.3,0.43977,0.68996,0.91544,0.93012,0.6251,0.45985,0.3749,0.29498,0.22973,0.20463,0.19498,0.19498,0.19498,0.19498,0.19961,0.20463,0.20965,0.21467,0.21969,0.22973,0.23977,0.24981,0.26486,0.27992,0.3,0.31969,0.34479,0.36486,0.37992,0.39498,0.38996,0.37992,0.36988,0.35985,0.33977,0.32471,0.31004,0.28996,0.2749,0.26988,0.26486,0.25985,0.24981,0.24981,0.24981,0.24981,0.24479,0.24479,0.24479,0.24479,0.24981,0.25483,0.25985,0.25985,0.25985,0.26988,0.2749,0.28494,0.28494,0.28996,0.28996,0.28996,0.28996,0.28996,0.28996,0.28996,0.28996,0.29498,0.30502,0.31004,0.31506,0.31004,0.29498,0.28494,0.2749,0.26988,0.25985,0.25985,0.25985,0.25985,0.26486,0.24981,0.24981,0.24981,0.25985,0.25985,0.26486,0.32973,0.49498,0.76023,0.93514,0.80502,0.56023,0.4251,0.34981,0.2749,0.22471,0.20463,0.19498,0.18996,0.19498,0.19498,0.19961,0.20463,0.20965,0.21969,0.21969,0.22973,0.23977,0.25483,0.26988,0.28996,0.31004,0.32973,0.35483,0.37992,0.38996,0.39498,0.38996,0.38494,0.3749,0.35985,0.33977,0.32471,0.30502,0.28996,0.2749,0.26988,0.26486,0.25985,0.25483,0.24981,0.24981,0.24981,0.24981,0.24981,0.25483,0.25985,0.25483,0.24981,0.25483,0.25985,0.26988,0.2749,0.2749,0.28494,0.28996,0.28996,0.28996,0.28996,0.28996,0.28996,0.28494,0.28494,0.28494,0.28996,0.29498,0.30502,0.31004,0.30502,0.28996,0.2749,0.26486,0.25483,0.24981,0.25483,0.25985,0.25985,0.25483,0.24981,0.25483,0.25985,0.25985,0.25985,0.27992,0.36486,0.56486,0.83514,0.91544,0.71004,0.48996,0.39498,0.31506,0.23977,0.20463,0.19498,0.18494,0.18494,0.18494,0.18996,0.19961,0.20463,0.20965,0.20965,0.21467,0.21969,0.22973,0.24479,0.25985,0.27992,0.3,0.31969,0.33977,0.35985,0.3749,0.37992,0.3749,0.36486,0.35483,0.33475,0.32471,0.31004,0.29498,0.28494,0.26988,0.26486,0.25483,0.24981,0.24981,0.24981,0.24479,0.24981,0.25985,0.25985,0.25985,0.25985,0.26486,0.26988,0.2749,0.28494,0.28996,0.29498,0.30502,0.31004,0.31004,0.31506,0.31506,0.31506,0.31506,0.31004,0.31004,0.31004,0.31004,0.31506,0.32973,0.33475,0.32973,0.32471,0.31004,0.30502,0.29498,0.28996,0.28494,0.28494,0.28996,0.28494,0.27992,0.2749,0.2749,0.28494,0.28494,0.28494,0.3,0.39498,0.60502,0.86525,0.93514,0.7251,0.51506,0.41506,0.32973,0.26486,0.22471,0.20965,0.20463,0.20463,0.20965,0.21467,0.21969,0.22471,0.22471,0.22973,0.23977,0.24981,0.25483,0.26486,0.27992,0.3,0.32471,0.34981,0.36988,0.38494,0.39498,0.4,0.39498,0.38494,0.36988,0.34981,0.33475,0.32471,0.30502,0.28996,0.26988,0.25985,0.25985,0.25483,0.24981,0.24981,0.24981,0.25483,0.25483,0.25483,0.24981,0.25483,0.25985,0.26486,0.26486,0.26988,0.2749,0.28494,0.28996,0.29498,0.29498,0.3,0.30502,0.30502,0.30502,0.3,0.3,0.3,0.30502,0.31004,0.31506,0.32471,0.31506,0.3,0.28494,0.2749,0.26988,0.26486,0.25985,0.26486,0.26486,0.25985,0.25483,0.24981,0.24981,0.25483,0.25985,0.26486,0.31506,0.45483,0.70502,0.91544,0.84015,0.60502,0.44479,0.36486,0.27992,0.22973,0.20463,0.19961,0.19498,0.19498,0.19961,0.19961,0.20463,0.20965,0.21467,0.21969,0.22973,0.23977,0.24479,0.25985,0.27992,0.3,0.32471,0.34479,0.36486,0.37992,0.38494,0.38996,0.37992,0.36486,0.34981,0.32973,0.31506,0.30502,0.28996,0.2749,0.25985,0.24981,0.24981,0.24479,0.24479,0.24479,0.24479,0.24479,0.24479,0.24479,0.24479,0.24981,0.25483,0.25985,0.25985,0.26486,0.26486,0.26988,0.2749,0.27992,0.28494,0.28494,0.28996,0.28996,0.28996,0.28996,0.28494,0.28494,0.28996,0.30502,0.31004,0.31506,0.31506,0.3,0.28996,0.27992,0.26988,0.25985,0.25985,0.25985,0.25985,0.26486,0.25483,0.25483,0.25483,0.25985,0.25985,0.26988,0.33475,0.50502,0.77529,0.93514,0.80039,0.56023,0.43012,0.35483,0.2749,0.22471,0.19961,0.19498,0.19498,0.19498,0.19961,0.19961,0.20463,0.20965,0.21969,0.22471,0.22973,0.24479,0.24981,0.25985,0.2749,0.30502,0.32973,0.35483,0.36988,0.38494,0.38996,0.38494,0.3749,0.35985,0.34479,0.32471,0.31004,0.28996,0.27992,0.26988,0.25985,0.24981,0.24479,0.24479,0.23977,0.23977,0.23977,0.23977,0.23977,0.24479,0.24479,0.24981,0.24981,0.25483,0.25985,0.26486,0.26988,0.2749,0.28494,0.28996,0.29498,0.29498,0.29498,0.29498,0.29498,0.28996,0.28996,0.28996,0.29498,0.31004,0.31506,0.31969,0.30502,0.28996,0.27992,0.26988,0.25985,0.25483,0.25483,0.25483,0.24981,0.24981,0.24479,0.24479,0.24981,0.25483,0.25985,0.26988,0.36486,0.58494,0.85019,0.92046,0.68996,0.48494,0.38996,0.30502,0.23475,0.19961,0.18494,0.17992,0.17992,0.17992,0.18494,0.18996,0.19498,0.19961,0.20463,0.20965,0.21969,0.22973,0.24479,0.25483,0.27992,0.30502,0.31969,0.33475,0.35483,0.36486,0.35985,0.35985,0.34981,0.33977,0.32471,0.30502,0.28494,0.26988,0.25985,0.24981,0.24479,0.23977,0.22973,0.22973,0.22471,0.22471,0.22471,0.22973,0.23475,0.23475,0.23475,0.23977,0.24479,0.24981,0.24981,0.25483,0.25985,0.26988,0.2749,0.2749,0.2749,0.2749,0.27992,0.27992,0.27992,0.27992,0.28494,0.2749,0.28494,0.29498,0.30502,0.31004,0.29498,0.28494,0.2749,0.26988,0.25985,0.25985,0.25985,0.25985,0.25985,0.25985,0.25483,0.25985,0.26486,0.26486,0.26486,0.28494,0.38996,0.61004,0.85521,0.91042,0.67529,0.48996,0.4,0.31506,0.24981,0.21467,0.19961,0.19961,0.19961,0.19961,0.20463,0.20965,0.21969,0.22471,0.23475,0.23977,0.23977,0.24981,0.26486,0.28494,0.30502,0.32471,0.34981,0.36988,0.38494,0.39498,0.39498,0.38996,0.37992,0.36988,0.35483,0.33977,0.32973,0.31004,0.29498,0.28996,0.27992,0.26988,0.26486,0.26486,0.26486,0.25985,0.25985,0.25985,0.25985,0.25985,0.25985,0.26486,0.26486,0.26988,0.27992,0.28996,0.29498,0.30502,0.31004,0.31004,0.31004,0.31004,0.31506,0.31506,0.31004,0.31004,0.30502,0.30502,0.31004,0.31506,0.32471,0.32973,0.32471,0.31004,0.3,0.29498,0.28494,0.2749,0.2749,0.2749,0.2749,0.2749,0.26486,0.26486,0.26486,0.26988,0.26988,0.2749,0.32471,0.4749,0.73012,0.93514,0.85019,0.61004,0.44981,0.36486,0.28494,0.23475,0.20463,0.19961,0.19498,0.19498,0.19961,0.19961,0.20463,0.20965,0.21969,0.22471,0.22973,0.23977,0.25483,0.26988,0.28494,0.31004,0.32471,0.34479,0.36486,0.37992,0.38494,0.38494,0.37992,0.36988,0.35483,0.33475,0.31969,0.3,0.28494,0.2749,0.26486,0.25985,0.24981,0.23977,0.23977,0.23977,0.24479,0.24479,0.24479,0.24479,0.24479,0.24479,0.24981,0.24981,0.25985,0.26486,0.26988,0.26988,0.2749,0.2749,0.27992,0.27992,0.28494,0.28494,0.28494,0.28494,0.28494,0.28494,0.28494,0.28996,0.3,0.31004,0.30502,0.28996,0.28494,0.26988,0.26486,0.24981,0.24981,0.24981,0.24981,0.24981,0.24479,0.24479,0.24479,0.24981,0.25483,0.25985,0.30502,0.45985,0.71506,0.91544,0.83514,0.59498,0.44479,0.36486,0.28494,0.22471,0.19498,0.18996,0.18494,0.18996,0.18996,0.19498,0.19961,0.20463,0.20965,0.21969,0.22471,0.23475,0.24479,0.25985,0.2749,0.3,0.31969,0.34479,0.36486,0.3749,0.37992,0.3749,0.36988,0.35985,0.34981,0.33475,0.31506,0.29498,0.2749,0.26486,0.24981,0.24479,0.23475,0.23475,0.22973,0.22973,0.22471,0.22471,0.22471,0.22471,0.22973,0.22973,0.22973,0.23977,0.24479,0.24981,0.24981,0.25985,0.26486,0.26988,0.2749,0.2749,0.2749,0.26988,0.26486,0.26486,0.26486,0.26486,0.26486,0.2749,0.28494,0.28996,0.28494,0.27992,0.26988,0.25483,0.24479,0.23977,0.23977,0.23977,0.23977,0.23475,0.22973,0.22973,0.22973,0.23977,0.23977,0.24479,0.3,0.44981,0.70502,0.89537,0.80502,0.56486,0.43012,0.34479,0.25985,0.19961,0.1749,0.1749,0.1749,0.17992,0.18494,0.18996,0.19498,0.19961,0.20463,0.20965,0.21969,0.22471,0.23475,0.24981,0.26988,0.28996,0.31004,0.32973,0.34479,0.35985,0.36988,0.36988,0.35985,0.34981,0.33475,0.32471,0.31004,0.28996,0.2749,0.26486,0.25985,0.24981,0.24981,0.24981,0.24981,0.24479,0.24479,0.23977,0.24479,0.24981,0.25483,0.25985,0.26486,0.26988,0.2749,0.27992,0.28494,0.28996,0.29498,0.3,0.30502,0.30502,0.31004,0.31004,0.30502,0.30502,0.30502,0.30502,0.30502,0.31506,0.32973,0.33977,0.33475,0.31506,0.30502,0.29498,0.28996,0.27992,0.27992,0.28494,0.28494,0.27992,0.2749,0.2749,0.2749,0.28494,0.28494,0.28996,0.32471,0.45483,0.7,0.92548,0.94517,0.66525,0.49498,0.4,0.31506,0.25483,0.21969,0.20965,0.20965,0.20965,0.20965,0.21467,0.21969,0.21969,0.22471,0.22973,0.23977,0.24479,0.25985,0.26988,0.28494,0.30502,0.32973,0.35483,0.3749,0.39498,0.4,0.4,0.39498,0.3749,0.35985,0.33977,0.32973,0.31506,0.3,0.28996,0.2749,0.26988,0.25985,0.25483,0.24981,0.24981,0.24981,0.24981,0.24981,0.24981,0.25985,0.25985,0.25985,0.26486,0.26988,0.2749,0.2749,0.27992,0.28494,0.28996,0.28996,0.28996,0.29498,0.29498,0.29498,0.28996,0.28996,0.28494,0.28996,0.30502,0.31506,0.31969,0.31506,0.3,0.28996,0.2749,0.26486,0.26486,0.26486,0.26486,0.26486,0.25985,0.24981,0.24981,0.25985,0.25985,0.25985,0.26988,0.33475,0.51506,0.78031,0.92548,0.78031,0.54015,0.41506,0.33475,0.25483,0.20965,0.18996,0.18494,0.18494,0.17992,0.18494,0.18996,0.19498,0.19961,0.20463,0.20965,0.21969,0.22973,0.23977,0.25483,0.26988,0.29498,0.31969,0.34479,0.36486,0.3749,0.37992,0.37992,0.36988,0.35985,0.34479,0.32471,0.30502,0.28996,0.27992,0.26988,0.25985,0.24981,0.24479,0.24479,0.24479,0.23977,0.23977,0.24479,0.23977,0.23977,0.23977,0.23977,0.24479,0.24981,0.24981,0.25985,0.26486,0.26486,0.26486,0.26988,0.2749,0.2749,0.2749,0.2749,0.27992,0.2749,0.26988,0.26988,0.28494,0.28996,0.3,0.30502,0.28996,0.27992,0.26988,0.25985,0.24479,0.23977,0.23977,0.23977,0.23977,0.22973,0.22471,0.22471,0.22973,0.23475,0.23475,0.25483,0.34981,0.56023,0.82008,0.89035,0.67027,0.46988,0.36988,0.28494,0.21467,0.17992,0.16486,0.16486,0.16486,0.16486,0.1749,0.17992,0.17992,0.18494,0.18494,0.19498,0.20463,0.21467,0.22471,0.23977,0.25985,0.28494,0.30502,0.32471,0.34479,0.35483,0.35985,0.34981,0.33977,0.32973,0.31506,0.3,0.28996,0.2749,0.25985,0.24981,0.24479,0.23977,0.23475,0.22973,0.22973,0.22973,0.22471,0.22471,0.22471,0.22973,0.22471,0.23977,0.24479,0.24981,0.24981,0.25985,0.26988,0.2749,0.2749,0.27992,0.28494,0.27992,0.28494,0.28494,0.27992,0.2749,0.2749,0.27992,0.28996,0.3,0.31004,0.31004,0.29498,0.28494,0.26988,0.26486,0.26486,0.25985,0.25985,0.26486,0.26486,0.25985,0.25985,0.26486,0.26988,0.26486,0.26988,0.31506,0.45985,0.71004,0.92046,0.92548,0.6251,0.46988,0.37992,0.29498,0.23475,0.20965,0.20965,0.20965,0.20463,0.20463,0.20965,0.21969,0.22471,0.22973,0.23475,0.23977,0.24479,0.25483,0.26988,0.28996,0.30502,0.32973,0.35483,0.3749,0.38996,0.39498,0.4,0.38494,0.3749,0.35985,0.34479,0.32471,0.31004,0.3,0.28996,0.2749,0.26988,0.26486,0.25985,0.25483,0.24981,0.24981,0.25483,0.25483,0.25985,0.25985,0.26486,0.25985,0.26486,0.26988,0.2749,0.28494,0.28996,0.29498,0.29498,0.29498,0.30502,0.30502,0.30502,0.3,0.3,0.30502,0.30502,0.30502,0.31506,0.32471,0.32973,0.33475,0.31506,0.30502,0.29498,0.27992,0.26988,0.26988,0.26988,0.26988,0.26988,0.26988,0.26988,0.26988,0.26988,0.26988,0.2749,0.31506,0.43977,0.69498,0.93012,0.95521,0.66023,0.48996,0.40502,0.31506,0.24479,0.21467,0.20965,0.20965,0.20463,0.20965,0.21969,0.21969,0.22471,0.23475,0.24479,0.24981,0.25985,0.26988,0.28494,0.30502,0.32471,0.34479,0.36486,0.38996,0.40502,0.41506,0.41506,0.40502,0.39498,0.38494,0.36988,0.34981,0.33475,0.31506,0.3,0.28494,0.2749,0.26988,0.26486,0.25985,0.25985,0.26486,0.25985,0.25985,0.25985,0.25985,0.25483,0.25985,0.26988,0.26988,0.26988,0.2749,0.27992,0.2749,0.27992,0.28996,0.28996,0.28494,0.28494,0.28494,0.28996,0.2749,0.27992,0.28996,0.3,0.3,0.29498,0.28494,0.26988,0.25985,0.24479,0.23977,0.23977,0.23977,0.23977,0.23475,0.22973,0.22973,0.22973,0.23475,0.23977,0.24479,0.28996,0.43514,0.68996,0.89035,0.81004,0.56486,0.42008,0.34479,0.25985,0.20463,0.17992,0.1749,0.1749,0.1749,0.1749,0.17992,0.17992,0.18996,0.19498,0.19961,0.20463,0.21969,0.23475,0.24981,0.25985,0.28494,0.30502,0.32973,0.34981,0.36486,0.3749,0.3749,0.35985,0.34981,0.33475,0.32471,0.30502,0.28996,0.27992,0.26486,0.25483,0.29498,0.29498,0.30502,0.31004,0.31506,0.31969,0.31506,0.30502,0.29498,0.28996,0.27992,0.27992,0.28494,0.28494,0.28494,0.27992,0.2749,0.2749,0.28494,0.28996,0.28494,0.30502,0.38996,0.59498,0.85521,0.93514,0.75019,0.53514,0.4251,0.33475,0.25985,0.21969,0.20463,0.20463,0.20463,0.20463,0.20965,0.20965,0.21467,0.21969,0.22471,0.22973,0.23977,0.24479,0.25985,0.26988,0.28996,0.31004,0.33475,0.35985,0.3749,0.38494,0.39498,0.39498,0.38494,0.36988,0.34981,0.32973,0.31004,0.29498,0.28494,0.26988,0.26486,0.25483,0.24479,0.24479,0.24479,0.24479,0.24479,0.24479,0.24479,0.24981,0.25483,0.25483,0.25985,0.25985,0.26486,0.2749,0.27992,0.28494,0.28494,0.28996,0.29498,0.29498,0.29498,0.29498,0.29498,0.29498,0.29498,0.30502,0.31506,0.32471,0.32471,0.31004,0.29498,0.28996,0.2749,0.26486,0.26486,0.26486,0.26486,0.26486,0.25985,0.24981,0.25483,0.26486,0.26486,0.26486,0.29498,0.41506,0.65019,0.89537,0.93514,0.67529,0.48996,0.38996,0.3,0.23475,0.19498,0.17992,0.1749,0.1749,0.1749,0.17992,0.18494,0.18996,0.19498,0.19961,0.20463,0.21467,0.22471,0.23977,0.25985,0.27992,0.3,0.32471,0.34479,0.35985,0.36988,0.36988,0.35985,0.34981,0.33977,0.32471,0.30502,0.28494,0.26988,0.25985,0.24479,0.23977,0.22973,0.22471,0.22471,0.22471,0.22471,0.22471,0.22973,0.22471,0.22471,0.22973,0.23475,0.24479,0.24479,0.24479,0.24479,0.24479,0.24981,0.25985,0.25985,0.26486,0.26486,0.26486,0.26486,0.26486,0.26486,0.26486,0.2749,0.28494,0.28996,0.28494,0.26988,0.25985,0.24981,0.24479,0.23977,0.23475,0.23977,0.23475,0.22973,0.22471,0.22471,0.22973,0.22973,0.22973,0.23977,0.28494,0.43012,0.68996,0.89035,0.80502,0.56486,0.4251,0.34479,0.25985,0.20463,0.1749,0.16486,0.16486,0.16988,0.1749,0.1749,0.17992,0.18494,0.18996,0.19961,0.19961,0.20965,0.22471,0.23977,0.25483,0.2749,0.3,0.31969,0.34479,0.35483,0.35985,0.36486,0.35985,0.34981,0.33977,0.32471,0.30502,0.28996,0.2749,0.26486,0.24981,0.24479,0.23977,0.23475,0.23475,0.23475,0.23977,0.23475,0.23977,0.23977,0.24479,0.24479,0.24479,0.24981,0.24981,0.25985,0.26988,0.2749,0.27992,0.28494,0.28996,0.29498,0.3,0.29498,0.29498,0.29498,0.29498,0.3,0.30502,0.31506,0.31969,0.31506,0.30502,0.29498,0.28494,0.2749,0.26988,0.26988,0.2749,0.27992,0.2749,0.26988,0.26486,0.26988,0.2749,0.27992,0.28494,0.32973,0.47992,0.74015,0.94015,0.86525,0.64015,0.47992,0.38494,0.29498,0.23977,0.21467,0.20463,0.20463,0.20463,0.20463,0.20965,0.21969,0.22471,0.22471,0.22973,0.23977,0.24981,0.25985,0.26988,0.28996,0.31004,0.32973,0.34981,0.36988,0.38494,0.39498,0.39498,0.38494,0.37992,0.36486,0.34981,0.32973,0.31506,0.29498,0.28494,0.2749,0.26988,0.26486,0.26486,0.26486,0.26486,0.26486,0.26486,0.26486,0.26486,0.26486,0.26486,0.26486,0.26988,0.26988,0.2749,0.28494,0.28494,0.28996,0.29498,0.29498,0.3,0.3,0.30502,0.3,0.3,0.3,0.3,0.30502,0.31506,0.31969,0.32471,0.31004,0.29498,0.28996,0.2749,0.26988,0.26486,0.26486,0.26486,0.26486,0.25985,0.25483,0.25985,0.26486,0.26486,0.26486,0.28996,0.40502,0.64517,0.89537,0.93514,0.68031,0.48996,0.38996,0.3,0.23475,0.19961,0.18996,0.18996,0.18996,0.19498,0.19498,0.19961,0.20463,0.20965,0.21969,0.22471,0.23475,0.24479,0.25483,0.26988,0.28996,0.31004,0.32973,0.35483,0.3749,0.38494,0.37992,0.3749,0.36486,0.34479,0.32973,0.31506,0.29498,0.2749,0.25985,0.24479,0.23977,0.22973,0.22973,0.22471,0.22471,0.22471,0.22471,0.22471,0.22471,0.22471,0.22471,0.22973,0.22973,0.23977,0.24479,0.24479,0.24479,0.24981,0.25985,0.26486,0.26486,0.26486,0.26988,0.26486,0.26486,0.26486,0.26988,0.27992,0.28996,0.28996,0.28494,0.26988,0.25985,0.24981,0.24981,0.24479,0.23977,0.23977,0.23977,0.23977,0.23475,0.22973,0.22973,0.23475,0.23977,0.23977,0.30502,0.48494,0.75019,0.89537,0.75521,0.53012,0.41004,0.32471,0.23977,0.19961,0.17992,0.1749,0.1749,0.1749,0.1749,0.17992,0.18494,0.18996,0.19498,0.19961,0.20965,0.21969,0.22973,0.24479,0.25985,0.27992,0.30502,0.32973,0.34479,0.35483,0.35985,0.35985,0.35483,0.34479,0.33475,0.31969,0.30502,0.28996,0.2749,0.26988,0.26486,0.25483,0.24981,0.24981,0.24479,0.24479,0.24479,0.24479,0.24479,0.24479,0.24981,0.24981,0.25985,0.26486,0.26988,0.2749,0.28494,0.28996,0.28996,0.3,0.30502,0.31004,0.31004,0.30502,0.30502,0.30502,0.31004,0.31506,0.32471,0.33475,0.33977,0.32973,0.31506,0.30502,0.29498,0.28494,0.27992,0.27992,0.28494,0.28494,0.27992,0.2749,0.2749,0.2749,0.27992,0.27992,0.29498,0.3749,0.5749,0.84517,0.94517,0.76525,0.54517,0.43012,0.33977,0.26486,0.22471,0.20965,0.20463,0.20463,0.20463,0.20965,0.21467,0.21969,0.21969,0.22471,0.22973,0.23977,0.24479,0.25985,0.26988,0.28996,0.31506,0.33475,0.35985,0.3749,0.38996,0.39498,0.38996,0.38494,0.3749,0.35985,0.33977,0.32471,0.30502,0.28996,0.2749,0.26988,0.26486,0.25985,0.25985,0.25985,0.26486,0.26486,0.25985,0.25985,0.26486,0.26486,0.26486,0.26988,0.26988,0.2749,0.28494,0.28996,0.28996,0.29498,0.29498,0.30502,0.31004,0.31004,0.31004,0.31004,0.31506,0.31506,0.32471,0.33475,0.33475,0.32471,0.31004,0.3,0.28996,0.2749,0.26988,0.26988,0.26988,0.26988,0.26486,0.25985,0.25985,0.26486,0.26486,0.26486,0.27992,0.36486,0.5749,0.84517,0.93514,0.74015,0.5251,0.41506,0.32471,0.24981,0.20965,0.19498,0.18494,0.18494,0.18494,0.18996,0.19498,0.19961,0.20463,0.20965,0.21969,0.22471,0.23475,0.24479,0.25985,0.2749,0.29498,0.31969,0.34479,0.35985,0.36988,0.36988,0.36988,0.35483,0.34479,0.32973,0.31004,0.28996,0.2749,0.25985,0.24981,0.23977,0.23475,0.23475,0.22973,0.22471,0.22471,0.22973,0.22973,0.22973,0.22973,0.22973,0.23475,0.23977,0.23977,0.24479,0.24479,0.24981,0.25483,0.25985,0.25985,0.26486,0.26988,0.26988,0.26988,0.26988,0.26988,0.2749,0.28494,0.28996,0.29498,0.28494,0.26988,0.26486,0.25985,0.24981,0.24479,0.24479,0.23977,0.23977,0.23977,0.23977,0.23977,0.23977,0.24479,0.24479,0.25985,0.34981,0.56023,0.82008,0.89035,0.68996,0.48996,0.38996,0.30502,0.22471,0.18996,0.17992,0.1749,0.1749,0.18494,0.18494,0.18494,0.19498,0.19961,0.20463,0.20965,0.21969,0.22973,0.23977,0.25483,0.2749,0.3,0.31969,0.33977,0.35985,0.36988,0.36988,0.36988,0.35985,0.34981,0.33977,0.32471,0.31004,0.28996,0.2749,0.26988,0.26486,0.25985,0.24981,0.24981,0.24479,0.24479,0.24479,0.24479,0.24479,0.24479,0.24479,0.24981,0.25985,0.26486,0.2749,0.27992,0.28996,0.28996,0.29498,0.30502,0.31004,0.31004,0.31004,0.31004,0.31004,0.31506,0.31506,0.31506,0.32973,0.33475,0.32973,0.31506,0.31004,0.3,0.28996,0.28494,0.28494,0.27992,0.2749,0.2749,0.2749,0.2749,0.2749,0.2749,0.27992,0.28494,0.31969,0.45985,0.71506,0.93012,0.94015,0.65019,0.49498,0.38996,0.3,0.23977,0.20965,0.20463,0.20463,0.20463,0.20965,0.21467,0.21969,0.22471,0.22973,0.22973,0.23977,0.24479,0.25985,0.26988,0.28494,0.30502,0.32973,0.34981,0.36988,0.38494,0.39498,0.39498,0.38494,0.37992,0.36988,0.34981,0.33475,0.31506,0.3,0.28494,0.2749,0.26988,0.26486,0.25985,0.25985,0.25985,0.25985,0.25985,0.25985,0.25985,0.25985,0.25985,0.25985,0.26486,0.26988,0.2749,0.2749,0.27992,0.28494,0.28996,0.29498,0.3,0.30502,0.30502,0.30502,0.30502,0.31004,0.31506,0.32471,0.32973,0.32973,0.31506,0.30502,0.28996,0.28494,0.2749,0.2749,0.2749,0.2749,0.26988,0.26486,0.26486,0.26486,0.26988,0.26988,0.2749,0.31969,0.45985,0.72008,0.93012,0.93514,0.6251,0.46988,0.37992,0.29498,0.23475,0.20463,0.19961,0.19961,0.19961,0.19961,0.20463,0.20463,0.20965,0.21969,0.21969,0.22973,0.23977,0.24981,0.26486,0.27992,0.3,0.32471,0.34981,0.36988,0.38494,0.38996,0.39498,0.38494,0.3749,0.35985,0.34479,0.32471,0.30502,0.28996,0.2749,0.26486,0.25483,0.24981,0.24981,0.24981,0.24981,0.24981,0.24981,0.24981,0.24981,0.24981,0.25483,0.25985,0.25985,0.25985,0.25985,0.26486,0.26988,0.2749,0.2749,0.27992,0.28494,0.28996,0.28996,0.29498,0.30502,0.31004,0.31969,0.33475,0.33977,0.32973,0.32471,0.31506,0.30502,0.28996,0.28494,0.28494,0.28996,0.28996,0.28996,0.28494,0.28494,0.28494,0.28996,0.29498,0.31004,0.3749,0.55019,0.81004,0.94517,0.80039,0.5749,0.45985,0.38494,0.3,0.24981,0.22471,0.21969,0.21969,0.21467,0.21467,0.21467,0.21969,0.22471,0.22471,0.22471,0.23475,0.24479,0.25985,0.26988,0.28996,0.31969,0.33475,0.34981,0.35985,0.3749,0.38494,0.38494,0.3749,0.35985,0.34981,0.33475,0.31506,0.28996,0.26486,0.25483,0.24479,0.23977,0.23475,0.22973,0.22973,0.23977,0.22973,0.21969,0.21969,0.22471,0.21969,0.21969,0.22471,0.22471,0.22471,0.23977,0.25483,0.25985,0.25985,0.31969,0.24981,0.20463,0.19498,0.18494,0.18996,0.18996,0.19498,0.19961,0.20463,0.20965,0.20965,0.21969,0.22471,0.23475,0.24479,0.25985,0.27992,0.30502,0.32471,0.34479,0.35985,0.36988,0.3749,0.36988,0.35985,0.34981,0.33475,0.31969,0.3,0.28494,0.26988,0.25985,0.24981,0.24479,0.23977,0.23977,0.23977,0.23977,0.23977,0.23977,0.23977,0.23977,0.23977,0.23977,0.23977,0.24479,0.24981,0.25985,0.26486,0.26988,0.2749,0.27992,0.28494,0.28996,0.28996,0.28996,0.28996,0.28996,0.3,0.31004,0.32471,0.31506,0.3,0.28996,0.2749,0.26486,0.24981,0.24981,0.24981,0.24981,0.24479,0.23977,0.23977,0.23977,0.24479,0.24479,0.25483,0.29498,0.4251,0.67529,0.89035,0.90039,0.58996,0.43514,0.35483,0.2749,0.20965,0.18494,0.17992,0.1749,0.17992,0.18494,0.18494,0.18996,0.18996,0.23977,0.23475,0.23475,0.23475,0.23475,0.23475,0.23977,0.23977,0.23977,0.23977,0.24479,0.24981,0.25985,0.26486,0.26988,0.2749,0.28494,0.28494,0.28494,0.28494,0.28996,0.28996,0.28996,0.28996,0.3,0.31004,0.31506,0.31969,0.30502,0.29498,0.28494,0.2749,0.26988,0.26988,0.2749,0.2749,0.2749,0.26988,0.26988,0.26988,0.2749,0.2749,0.27992,0.33977,0.51506,0.78031,0.93012,0.80039,0.5749,0.44981,0.35985,0.28494,0.23977,0.21969,0.20965,0.20463,0.20965,0.20965,0.21467,0.21969,0.22471,0.22973,0.23977,0.24981,0.25985,0.26486,0.27992,0.3,0.31969,0.33977,0.36486,0.37992,0.39498,0.4,0.39498,0.38494,0.37992,0.36486,0.34479,0.32973,0.31506,0.30502,0.28996,0.28494,0.2749,0.26988,0.26486,0.26486,0.26486,0.26486,0.26486,0.25985,0.25985,0.25985,0.26486,0.26486,0.26988,0.26988,0.26988,0.27992,0.28996,0.29498,0.3,0.30502,0.30502,0.30502,0.30502,0.3,0.3,0.30502,0.31004,0.31969,0.32973,0.32471,0.31004,0.3,0.28996,0.2749,0.26988,0.26988,0.26988,0.26988,0.26988,0.26486,0.25985,0.25985,0.26486,0.26486,0.26988,0.32471,0.48494,0.74517,0.93012,0.82008,0.57992,0.43977,0.35985,0.2749,0.22471,0.19961,0.18996,0.18996,0.18996,0.19498,0.19498,0.19961,0.20463,0.20965,0.21969,0.21969,0.22973,0.24479,0.25483,0.26988,0.29498,0.31969,0.34479,0.35985,0.3749,0.37992,0.3749,0.36988,0.35985,0.33977,0.32973,0.31004,0.29498,0.27992,0.26988,0.25985,0.24981,0.24479,0.24479,0.23977,0.23977,0.23977,0.23977,0.23977,0.23977,0.24479,0.24479,0.24479,0.24981,0.25483,0.25985,0.26486,0.26988,0.2749,0.27992,0.28494,0.28494,0.28996,0.28996,0.28996,0.28996,0.29498,0.30502,0.31004,0.31506,0.30502,0.28996,0.27992,0.26988,0.25985,0.25483,0.25483,0.25985,0.25985,0.25985,0.25483,0.25483,0.25985,0.25985,0.25985,0.2749,0.35985,0.56023,0.8251,0.91544,0.7251,0.51004,0.41004,0.32471,0.24981,0.20965,0.19498,0.19498,0.18996,0.18996,0.19498,0.19498,0.19498,0.19961,0.20463,0.21467,0.22471,0.23475,0.24479,0.25985,0.2749,0.3,0.31969,0.34479,0.35985,0.36988,0.3749,0.36988,0.36486,0.34981,0.33475,0.31969,0.30502,0.28494,0.26988,0.25985,0.24981,0.24479,0.23977,0.23977,0.23475,0.22973,0.22973,0.22973,0.22973,0.22973,0.23475,0.23977,0.23977,0.24479,0.24981,0.24981,0.25483,0.26486,0.26988,0.2749,0.27992,0.27992,0.28494,0.28494,0.28494,0.27992,0.28996,0.30502,0.31004,0.31506,0.3,0.28494,0.26988,0.26486,0.25483,0.24479,0.24479,0.24981,0.24981,0.23977,0.23977,0.23977,0.24479,0.24479,0.24479,0.2749,0.39498,0.6251,0.87027,0.90541,0.63514,0.45483,0.36988,0.28494,0.22471,0.19498,0.17992,0.17992,0.17992,0.18494,0.18494,0.18996,0.19498,0.20463,0.20463,0.20965,0.22471,0.23475,0.24479,0.25985,0.2749,0.29498,0.31969,0.34479,0.35483,0.36486,0.36988,0.35985,0.35483,0.33977,0.32973,0.31004,0.29498,0.28494,0.2749,0.26486,0.25985,0.24981,0.24479,0.24479,0.24479,0.24479,0.24479,0.23977,0.23977,0.23977,0.24479,0.24981,0.25985,0.26486,0.26988,0.2749,0.28494,0.28996,0.29498,0.30502,0.30502,0.30502,0.30502,0.31004,0.31004,0.31004,0.31506,0.32471,0.33475,0.33977,0.32973,0.31506,0.31004,0.29498,0.28996,0.28996,0.28996,0.28996,0.28494,0.28494,0.27992,0.27992,0.28494,0.28996,0.28996,0.32471,0.44981,0.69498,0.92046,0.94517,0.67027,0.49498,0.39498,0.31506,0.25483,0.22471,0.21467,0.20965,0.20965,0.21467,0.21969,0.22471,0.22471,0.22973,0.23475,0.24479,0.24981,0.26486,0.2749,0.28494,0.30502,0.32973,0.35483,0.3749,0.38996,0.39498,0.4,0.38996,0.3749,0.35985,0.34479,0.32471,0.30502,0.28996,0.27992,0.26988,0.26486,0.25985,0.25985,0.25985,0.25985,0.24981,0.24981,0.24981,0.25483,0.25483,0.25483,0.25985,0.26486,0.26988,0.26988,0.2749,0.2749,0.28494,0.28494,0.28996,0.29498,0.29498,0.30502,0.30502,0.31004,0.31004,0.31969,0.32973,0.33475,0.32973,0.31506,0.30502,0.28996,0.2749,0.26988,0.26988,0.26988,0.26988,0.26486,0.25985,0.25985,0.25985,0.26486,0.26486,0.26988,0.33977,0.51506,0.78533,0.93012,0.78533,0.55019,0.43012,0.34479,0.26486,0.21969,0.19498,0.19498,0.19498,0.19498,0.19498,0.19961,0.19961,0.20463,0.20965,0.21969,0.22471,0.23977,0.24981,0.25985,0.27992,0.3,0.31969,0.34479,0.36486,0.3749,0.3749,0.3749,0.36988,0.35483,0.33977,0.32471,0.31004,0.28996,0.2749,0.26486,0.24981,0.24479,0.24479,0.24479,0.24479,0.24479,0.23977,0.23977,0.23977,0.23977,0.23977,0.24479,0.24479,0.24981,0.24981,0.25985,0.26486,0.26988,0.2749,0.2749,0.28494,0.28494,0.28996,0.28996,0.28996,0.28996,0.29498,0.31004,0.31506,0.32471,0.31004,0.29498,0.28494,0.2749,0.26486,0.25985,0.25985,0.25985,0.25985,0.25483,0.25483,0.25483,0.25985,0.25985,0.25985,0.27992,0.3749,0.58996,0.85019,0.91544,0.69498,0.48996,0.39498,0.31004,0.23977,0.19961,0.18996,0.18494,0.18494,0.18996,0.19498,0.19961,0.19961,0.20463,0.21467,0.21969,0.22973,0.23977,0.24981,0.26486,0.27992,0.3,0.31969,0.34479,0.35985,0.3749,0.3749,0.36988,0.35483,0.34479,0.32973,0.31506,0.29498,0.27992,0.26486,0.24981,0.24479,0.23977,0.22973,0.22973,0.22973,0.22973,0.22973,0.22471,0.22973,0.22973,0.22973,0.23475,0.23977,0.23977,0.24479,0.24981,0.25985,0.26988,0.2749,0.2749,0.27992,0.27992,0.28494,0.28494,0.28494,0.28494,0.28996,0.29498,0.30502,0.31004,0.29498,0.27992,0.2749,0.26486,0.24981,0.24981,0.25483,0.25483,0.24981,0.24479,0.23977,0.23977,0.23977,0.24479,0.24981,0.27992,0.40502,0.65019,0.87529,0.89537,0.61004,0.44981,0.36486,0.27992,0.22471,0.18996,0.17992,0.17992,0.18494,0.18494,0.18996,0.19961,0.19961,0.20463,0.20965,0.21467,0.21969,0.22973,0.24479,0.26486,0.27992,0.3,0.31969,0.33977,0.35483,0.35985,0.35985,0.35985,0.35483,0.33977,0.32471,0.30502,0.28996,0.2749,0.26988,0.26486,0.25483,0.24981,0.24479,0.24479,0.24479,0.24479,0.24479,0.24981,0.24981,0.25483,0.25483,0.25985,0.26486,0.26988,0.2749,0.28494,0.28996,0.3,0.30502,0.31004,0.31004,0.31506,0.31506,0.31506,0.31506,0.31506,0.31969,0.32973,0.33977,0.33977,0.33475,0.31969,0.31004,0.3,0.28996,0.28494,0.28494,0.28494,0.28494,0.28494,0.27992,0.2749,0.27992,0.27992,0.28494,0.3,0.38494,0.58494,0.85521,0.94015,0.75019,0.53012,0.4251,0.33977,0.26988,0.22471,0.20965,0.20463,0.20463,0.20965,0.20965,0.21969,0.21969,0.22471,0.22973,0.23475,0.24479,0.24981,0.26486,0.2749,0.28996,0.31004,0.33475,0.36486,0.37992,0.38996,0.39498,0.38494,0.37992,0.36988,0.34981,0.33475,0.31506,0.30502,0.28494,0.2749,0.26486,0.25985,0.25483,0.24981,0.24981,0.24981,0.25483,0.25483,0.24981,0.24981,0.24981,0.25483,0.25985,0.25985,0.26486,0.26988,0.2749,0.2749,0.28494,0.28494,0.28996,0.29498,0.3,0.3,0.3,0.30502,0.31004,0.31969,0.32973,0.33475,0.32471,0.30502,0.29498,0.28494,0.2749,0.26988,0.26988,0.26988,0.26988,0.26486,0.26486,0.26486,0.26486,0.26486,0.26486,0.28996,0.4,0.63012,0.88031,0.92548,0.67027,0.48494,0.38996,0.31004,0.24479,0.20965,0.19961,0.19498,0.19498,0.19961,0.20463,0.20463,0.20965,0.20965,0.21969,0.22973,0.23475,0.24479,0.25985,0.26988,0.28996,0.31004,0.33475,0.35483,0.36988,0.37992,0.37992,0.3749,0.36988,0.34981,0.33475,0.31506,0.29498,0.27992,0.26988,0.25985,0.24981,0.24479,0.23977,0.23977,0.23977,0.23977,0.23977,0.23475,0.23475,0.23475,0.23977,0.23977,0.24479,0.24479,0.24981,0.25985,0.26486,0.26486,0.26988,0.26988,0.2749,0.28494,0.28494,0.27992,0.27992,0.27992,0.28996,0.3,0.31004,0.30502,0.29498,0.28494,0.26988,0.26486,0.25483,0.24981,0.24981,0.25483,0.25483,0.24479,0.23977,0.24479,0.24981,0.24981,0.24479,0.28494,0.40502,0.65521,0.29498,0.29498,0.30502,0.31506,0.32973,0.32973,0.31506,0.30502,0.29498,0.28996,0.27992,0.2749,0.27992,0.27992,0.28494,0.27992,0.2749,0.2749,0.28494,0.28494,0.28494,0.31969,0.44479,0.68996,0.91544,0.94015,0.65019,0.47992,0.38996,0.31004,0.25483,0.22471,0.21969,0.21467,0.20965,0.21467,0.21969,0.21969,0.22471,0.22973,0.23475,0.24479,0.25985,0.26486,0.2749,0.28996,0.31004,0.33475,0.35985,0.3749,0.38996,0.4,0.4,0.38996,0.37992,0.35985,0.34479,0.32973,0.31506,0.29498,0.28494,0.2749,0.26486,0.25985,0.25985,0.25985,0.25483,0.25483,0.25483,0.25483,0.25483,0.25483,0.25985,0.25985,0.26486,0.26988,0.26988,0.2749,0.28494,0.28996,0.29498,0.3,0.30502,0.30502,0.30502,0.30502,0.30502,0.30502,0.31506,0.32471,0.32973,0.32471,0.31004,0.29498,0.28494,0.26988,0.26486,0.26486,0.26486,0.26486,0.26486,0.25985,0.25483,0.25985,0.25985,0.25985,0.26988,0.33977,0.52008,0.78031,0.92046,0.77027,0.54015,0.42008,0.33977,0.26486,0.21969,0.19498,0.18996,0.18996,0.19498,0.19498,0.19961,0.20463,0.20463,0.20965,0.21969,0.22471,0.23475,0.24479,0.25985,0.27992,0.3,0.31969,0.34479,0.35985,0.36988,0.3749,0.36988,0.35985,0.34981,0.33475,0.31969,0.3,0.28494,0.26988,0.25985,0.24981,0.24479,0.23977,0.23977,0.23475,0.23475,0.23475,0.23475,0.23475,0.23977,0.23977,0.24479,0.24479,0.24981,0.25483,0.26486,0.26988,0.2749,0.27992,0.28494,0.28996,0.28996,0.28996,0.28996,0.28996,0.28996,0.29498,0.31004,0.31506,0.31969,0.31004,0.29498,0.28494,0.2749,0.26486,0.25985,0.26486,0.26486,0.26486,0.25483,0.24981,0.24981,0.25985,0.25985,0.25985,0.3,0.42008,0.66023,0.89035,0.92046,0.63012,0.45483,0.36988,0.29498,0.22973,0.19961,0.18996,0.18494,0.18996,0.19498,0.19498,0.19961,0.20463,0.20965,0.21969,0.22471,0.23475,0.24479,0.25985,0.27992,0.3,0.31969,0.33977,0.35985,0.3749,0.38494,0.37992,0.3749,0.35985,0.34981,0.33475,0.31506,0.29498,0.27992,0.26988,0.25985,0.24981,0.24479,0.23977,0.23977,0.23475,0.23475,0.23475,0.23475,0.23475,0.23475,0.23475,0.23977,0.24479,0.24981,0.25985,0.26988,0.2749,0.28494,0.28996,0.28996,0.29498,0.29498,0.28996,0.29498,0.29498,0.29498,0.30502,0.31506,0.31506,0.31004,0.29498,0.27992,0.26988,0.25985,0.24981,0.24981,0.24479,0.24479,0.24479,0.23977,0.23977,0.23977,0.24479,0.24479,0.25483,0.33475,0.53514,0.80039,0.89537,0.70502,0.48996,0.38996,0.30502,0.22973,0.19498,0.17992,0.1749,0.1749,0.1749,0.17992,0.18494,0.18996,0.19498,0.19961,0.20965,0.21467,0.22471,0.23475,0.25483,0.26988,0.28996,0.31004,0.33475,0.34981,0.35483,0.35985,0.34981,0.33977,0.32973,0.31969,0.30502,0.28494,0.2749,0.26486,0.25483,0.24479,0.24479,0.23977,0.23977,0.23977,0.23977,0.23475,0.23475,0.23475,0.23475,0.23977,0.23977,0.24479,0.24981,0.25985,0.26486,0.26988,0.2749,0.28494,0.28996,0.29498,0.3,0.3,0.3,0.30502,0.31004,0.31506,0.32973,0.33475,0.33977,0.32471,0.31004,0.30502,0.29498,0.28996,0.28494,0.28494,0.28494,0.28996,0.28494,0.28494,0.28494,0.28996,0.28996,0.28996,0.31969,0.43977,0.67529,0.90541,0.94015,0.66525,0.49498,0.40502,0.31969,0.25985,0.22471,0.21969,0.21467,0.20965,0.21467,0.21969,0.21969,0.22471,0.22973,0.23977,0.24479,0.25483,0.26486,0.2749,0.28996,0.31004,0.33475,0.35483,0.3749,0.38996,0.4,0.4,0.39498,0.38494,0.36988,0.34981,0.33475,0.31506,0.3,0.28494,0.2749,0.26988,0.26486,0.26486,0.25985,0.25985,0.25483,0.25483,0.25483,0.25483,0.25985,0.25985,0.25985,0.25985,0.26486,0.26988,0.2749,0.28494,0.28996,0.29498,0.3,0.30502,0.3,0.3,0.3,0.3,0.30502,0.31004,0.32471,0.32973,0.32471,0.31004,0.29498,0.28494,0.2749,0.26486,0.25985,0.25985,0.26486,0.26486,0.25985,0.25985,0.26486,0.26486,0.25985,0.2749,0.35483,0.54517,0.80502,0.92548,0.74517,0.52008,0.41004,0.32973,0.25483,0.21467,0.19498,0.18996,0.18996,0.19498,0.19498,0.19498,0.19961,0.20463,0.20965,0.21969,0.22471,0.22973,0.24479,0.25985,0.27992,0.3,0.32471,0.34479,0.35985,0.36988,0.3749,0.36988,0.35985,0.34981,0.33475,0.31969,0.3,0.28494,0.26988,0.26486,0.25483,0.24981,0.24479,0.24479,0.24479,0.23977,0.24479,0.24479,0.24981,0.26486,0.28996,0.32471,0.3749,0.44479,0.53514,0.61506,0.65521,0.61004,0.54015,0.48494,0.43012,0.35985,0.32973,0.31506,0.2749,0.21467,0.18494,0.18494,0.18494,0.18996,0.18494,0.17992,0.17992,0.1749,0.1749,0.1749,0.1749,0.18494,0.19498,0.19961,0.20965,0.22471,0.24981,0.26988,0.28494,0.30502,0.31969,0.32973,0.33475,0.33475,0.33475,0.32471,0.31506,0.31004,0.3,0.29498,0.28996,0.28494,0.28494,0.27992,0.2749,0.2749,0.2749,0.26988,0.26988,0.26988,0.26988,0.26988,0.26988,0.2749,0.2749,0.26988,0.26486,0.26486,0.26486,0.25985,0.25985,0.25985,0.25985,0.26486,0.26486,0.25985,0.25985,0.25985,0.25985,0.25985,0.25985,0.26486,0.26486,0.26486,0.26486,0.26486,0.26486,0.26486,0.26486,0.26988,0.26988,0.26988,0.26988,0.26988,0.26988,0.26988,0.26988,0.26988,0.2749,0.2749,0.2749,0.2749,0.2749,0.2749,0.2749,0.27992,0.28494,0.28996,0.30502,0.31506,0.31506,0.31004,0.29498,0.28996,0.28494,0.2749,0.26988,0.26988,0.26988,0.26988,0.26486,0.26486,0.26486,0.26988,0.2749,0.28996,0.3749,0.57992,0.83514,0.91544,0.71004,0.48996,0.38996,0.31506,0.24981,0.21467,0.19961,0.19498,0.19498,0.19961,0.19961,0.19961,0.20463,0.20965,0.21969,0.22471,0.22471,0.23977,0.24981,0.26486,0.2749,0.29498,0.31506,0.33475,0.34981,0.35985,0.36486,0.36988,0.35985,0.34981,0.33977,0.32973,0.31506,0.30502,0.29498,0.27992,0.26988,0.25985,0.25483,0.25483,0.24981,0.24479,0.23977,0.23977,0.23977,0.24479,0.24479,0.24981,0.25985,0.26486,0.26486,0.26988,0.28494,0.28996,0.3,0.30502,0.30502,0.31004,0.31004,0.31004,0.31004,0.31004,0.30502,0.30502,0.31004,0.31506,0.32471,0.31506,0.30502,0.28996,0.2749,0.26988,0.26486,0.26486,0.26988,0.26988,0.26486,0.25985,0.25985,0.26486,0.26988,0.26988,0.27992,0.35483,0.53514,0.79537,0.91544,0.76525,0.54517,0.43012,0.34981,0.2749,0.23475,0.21467,0.20965,0.20965,0.20965,0.20965,0.21969,0.21969,0.22471,0.22973,0.23977,0.24479,0.25985,0.26988,0.27992,0.3,0.31969,0.33475,0.35483,0.3749,0.37992,0.37992,0.37992,0.36988,0.35985,0.33977,0.32471,0.31004,0.29498,0.28494,0.2749,0.26988,0.26486,0.26486,0.25985,0.25985,0.25985,0.25985,0.25985,0.25985,0.25985,0.25985,0.26486,0.26486,0.26988,0.2749,0.28494,0.28996,0.29498,0.3,0.3,0.3,0.3,0.3,0.3,0.3,0.3,0.3,0.31004,0.31506,0.32471,0.31506,0.30502,0.29498,0.28494,0.2749,0.26988,0.26988,0.26988,0.26988,0.26486,0.25483,0.25483,0.26486,0.26486,0.26486,0.2749,0.34479,0.53012,0.79537,0.92046,0.75521,0.5251,0.41004,0.33475,0.26486,0.21969,0.19961,0.19498,0.19498,0.19498,0.19498,0.19961,0.20463,0.20965,0.21969,0.22471,0.22973,0.23977,0.24981,0.26486,0.28494,0.30502,0.32973,0.35483,0.36988,0.37992,0.38494,0.38494,0.3749,0.35483,0.33977,0.32471,0.30502,0.28996,0.2749,0.26486,0.25985,0.24981,0.24981,0.24981,0.24479,0.24479,0.24479,0.24479,0.24981,0.24981,0.24981,0.24981,0.25985,0.26486,0.26988,0.26988,0.2749,0.28494,0.28996,0.29498,0.29498,0.3,0.3,0.3,0.3,0.3,0.31004,0.31969,0.32471,0.31969,0.31004,0.29498,0.28494,0.2749,0.26486,0.25985,0.25985,0.26486,0.26486,0.25985,0.25483,0.25985,0.26486,0.26486,0.26486,0.30502,0.43514,0.68031,0.90039,0.91544,0.61506,0.45483,0.36988,0.28996,0.22973,0.19498,0.18996,0.18996,0.18996,0.18996,0.19498,0.19961,0.20965,0.20965,0.21969,0.22471,0.23977,0.24479,0.25985,0.26988,0.29498,0.31969,0.33475,0.35483,0.3749,0.37992,0.3749,0.36988,0.35483,0.33977,0.32471,0.30502,0.28996,0.2749,0.26486,0.25985,0.24981,0.24981,0.24479,0.24479,0.24479,0.24479,0.24479,0.24479,0.24479,0.24981,0.24981,0.24981,0.25985,0.26486,0.26988,0.26988,0.2749,0.2749,0.28494,0.28996,0.28996,0.28996,0.28996,0.28996,0.28996,0.29498,0.30502,0.31506,0.31969,0.31004,0.29498,0.28494,0.2749,0.26486,0.26486,0.26486,0.26486,0.26486,0.25985,0.25483,0.25483,0.25985,0.26486,0.26486,0.2749,0.35483,0.55521,0.82008,0.92046,0.73514,0.51004,0.40502,0.32973,0.25483,0.21467,0.19498,0.18996,0.18996,0.19498,0.19498,0.19961,0.19961,0.20965,0.21467,0.21969,0.22471,0.23475,0.24479,0.25985,0.27992,0.30502,0.32973,0.34479,0.35985,0.36988,0.36988,0.36988,0.35985,0.34981,0.32973
