1.7654,1.9365,2.1124,2.2766,2.4164,2.5259,2.6031,2.651,2.6735,2.6735,2.6559,2.6246,2.5855,2.5406,2.4858,2.4233,2.3558,2.2835,2.2082,2.131,2.0538,1.9765,1.9013,1.8289,1.7664,1.7116,1.6569,1.6051,1.5582,1.5171,1.4819,1.4545,1.433,1.4184,1.4086,1.4027,1.4018,1.4037,1.4066,1.4106,1.4125,1.4145,1.4154,1.4154,1.4164,1.4184,1.4203,1.4233,1.4262,1.4291,1.4321,1.434,1.435,1.435,1.435,1.433,1.4301,1.4262,1.4213,1.4154,1.4096,1.4047,1.3998,1.3939,1.3881,1.3822,1.3773,1.3715,1.3646,1.3578,1.35,1.3402,1.3284,1.3167,1.3069,1.2981,1.2874,1.2757,1.2649,1.2561,1.2493,1.2454,1.2444,1.2454,1.2473,1.2493,1.2532,1.259,1.2698,1.2933,1.3392,1.4154,1.5259,1.6706,1.8426,2.0274,2.2102,2.3754,2.5142,2.6109,2.6725,2.7155,2.737,2.737,2.7195,2.6862,2.6413,2.5875,2.5288,2.4673,2.4066,2.3519,2.3001,2.2473,2.1935,2.1388,2.0811,2.0186,1.9521,1.8817,1.8084,1.7361,1.6667,1.6022,1.5503,1.5073,1.4653,1.4262,1.392,1.3607,1.3333,1.3079,1.2845,1.263,1.2434,1.2258,1.2141,1.2072,1.2014,1.1994,1.2004,1.2053,1.2131,1.2248,1.2395,1.2561,1.2737,1.2933,1.3138,1.3324,1.349,1.3666,1.3832,1.3998,1.4154,1.4311,1.4457,1.4585,1.4702,1.48,1.4878,1.4936,1.4985,1.5034,1.5093,1.5171,1.5269,1.5386,1.5543,1.5738,1.5982,1.6285,1.6647,1.7077,1.7488,1.7908,1.8446,1.9062,1.9736,2.0459,2.1222,2.2063,2.3021,2.4154,2.5533,2.7204,2.8817,3.1584,3.3871,3.6168,3.8641,3.9335,3.9677,3.9853,3.9961,3.999,4,4.002,4.002,4.002,3.9863,3.6109,3.0538,2.739,2.5435,2.4086,2.303,2.2131,2.1329,2.0342,1.9756,1.9189,1.8426,1.7996,1.7644,1.7361,1.7087,1.6979,1.6921,1.6882,1.6843,1.6784,1.6716,1.6637,1.653,1.6413,1.6295,1.6188,1.61,1.6031,1.5982,1.5953,1.5924,1.5894,1.5875,1.5865,1.5865,1.5865,1.5855,1.5846,1.5826,1.5806,1.5767,1.5709,1.565,1.5572,1.5484,1.5396,1.5298,1.52,1.5103,1.5015,1.4927,1.4858,1.4819,1.48,1.48,1.48,1.48,1.4809,1.4809,1.479,1.4761,1.4721,1.4673,1.4614,1.4545,1.4477,1.4409,1.435,1.4301,1.4291,1.436,1.4555,1.4897,1.5396,1.6022,1.6735,1.7458,1.8123,1.868,1.9101,1.9326,1.9404,1.9384,1.9257,1.9032,1.8739,1.8387,1.7986,1.7566,1.7126,1.6686,1.6237,1.5826,1.5445,1.5024,1.4594,1.4164,1.3744,1.3343,1.2962,1.26,1.2258,1.1955,1.1701,1.1486,1.1329,1.1232,1.1163,1.1134,1.1134,1.1163,1.1212,1.1271,1.1339,1.1417,1.1486,1.1554,1.1623,1.1681,1.173,1.1779,1.1808,1.1818,1.1818,1.1808,1.1789,1.176,1.173,1.1701,1.1672,1.1642,1.1613,1.1574,1.1525,1.1466,1.1408,1.1349,1.13,1.1251,1.1202,1.1153,1.1114,1.1085,1.1065,1.1046,1.1036,1.1017,1.1007,1.1017,1.1036,1.1075,1.1134,1.1202,1.129,1.1388,1.1486,1.1593,1.1711,1.1828,1.1935,1.2033,1.2111,1.2199,1.2326,1.2542,1.2874,1.3363,1.39,1.4497,1.5259,1.609,1.6882,1.7556,1.8065,1.8387,1.8534,1.8514,1.8368,1.8113,1.7791,1.7449,1.7087,1.6676,1.6237,1.5787,1.5327,1.4878,1.4428,1.3978,1.3548,1.3148,1.2757,1.2424,1.2141,1.1848,1.1564,1.131,1.1095,1.0938,1.0841,1.0792,1.0792,1.0841,1.0929,1.1036,1.1153,1.1271,1.1388,1.1515,1.1632,1.173,1.1818,1.1896,1.1965,1.2014,1.2053,1.2082,1.2102,1.2102,1.2102,1.2082,1.2053,1.2014,1.1955,1.1896,1.1828,1.175,1.1672,1.1593,1.1525,1.1476,1.1437,1.1388,1.1329,1.1281,1.1232,1.1193,1.1153,1.1124,1.1105,1.1095,1.1095,1.1114,1.1144,1.1193,1.1261,1.1349,1.1447,1.1564,1.1701,1.1838,1.1975,1.2111,1.2209,1.2278,1.2356,1.2434,1.2561,1.2786,1.3148,1.3695,1.4457,1.5406,1.6481,1.7595,1.8641,1.9531,2.0127,2.0479,2.0655,2.0635,2.043,2.0078,1.9609,1.9062,1.8465,1.783,1.7165,1.6491,1.5816,1.522,1.4663,1.4066,1.346,1.2864,1.2297,1.176,1.1261,1.0811,1.0411,1.0078,0.9824,0.96676,0.95894,0.95503,0.95699,0.96383,0.97458,0.98827,1.0039,1.0205,1.0371,1.0538,1.0684,1.0811,1.0919,1.1007,1.1065,1.1114,1.1144,1.1153,1.1153,1.1144,1.1124,1.1085,1.1036,1.0978,1.0929,1.087,1.0782,1.0694,1.0596,1.0499,1.0411,1.0332,1.0264,1.0205,1.0156,1.0117,1.0098,1.0098,1.0098,1.0108,1.0137,1.0196,1.0293,1.043,1.0626,1.087,1.1163,1.1486,1.1828,1.2131,1.2405,1.2708,1.3001,1.3275,1.3509,1.3695,1.3822,1.391,1.3998,1.4154,1.4438,1.48,1.5298,1.6051,1.6989,1.8035,1.9071,1.999,2.0684,2.1124,2.13,2.1232,2.0968,2.0577,2.0147,1.9687,1.9159,1.8592,1.7996,1.738,1.6755,1.6129,1.5513,1.4917,1.434,1.3773,1.3284,1.2845,1.2356,1.1857,1.1369,1.0919,1.0518,1.0186,0.99413,0.97947,0.97556,0.98045,0.99511,1.0137,1.0362,1.0635,1.0919,1.1202,1.1457,1.1662,1.1828,1.1945,1.2014,1.2043,1.2053,1.2053,1.2043,1.2014,1.1984,1.1955,1.1926,1.1896,1.1867,1.1838,1.1808,1.1779,1.175,1.1711,1.1672,1.1632,1.1574,1.1505,1.1417,1.1339,1.1261,1.1193,1.1134,1.1095,1.1075,1.1075,1.1105,1.1163,1.1261,1.1398,1.1584,1.1808,1.2053,1.2307,1.2551,1.2776,1.2972,1.3128,1.3255,1.3333,1.3382,1.3431,1.35,1.3646,1.392,1.435,1.4976,1.5787,1.6735,1.7732,1.87,1.9453,1.999,2.043,2.0684,2.0733,2.0596,2.0313,1.9922,1.9453,1.8935,1.8387,1.782,1.7243,1.6716,1.6227,1.5689,1.5132,1.4565,1.4008,1.346,1.2933,1.2434,1.1955,1.1515,1.1124,1.0821,1.0587,1.0371,1.0215,1.0108,1.0068,1.0098,1.0166,1.0274,1.0411,1.0557,1.0694,1.0831,1.0948,1.1046,1.1134,1.1202,1.1251,1.1281,1.1281,1.1261,1.1222,1.1173,1.1105,1.1026,1.0958,1.089,1.0802,1.0704,1.0596,1.0743,1.1017,1.1075,1.1026,1.0919,1.0802,1.0674,1.0557,1.0479,1.042,1.0352,1.0283,1.0225,1.0186,1.0166,1.0176,1.0225,1.0293,1.0381,1.0499,1.0635,1.0792,1.0968,1.1163,1.1378,1.1584,1.1789,1.1965,1.2111,1.2248,1.2424,1.2747,1.3177,1.3812,1.4848,1.6295,1.8074,2.0059,2.2053,2.3891,2.5406,2.65,2.7146,2.7361,2.7195,2.6813,2.6256,2.5503,2.4614,2.3646,2.262,2.1554,2.0479,1.9404,1.8348,1.7312,1.6305,1.5445,1.4673,1.3842,1.3011,1.2229,1.1515,1.0899,1.0391,1.001,0.97556,0.96285,0.96188,0.97263,0.98925,1.0117,1.0401,1.0723,1.1056,1.1388,1.1691,1.1955,1.218,1.2356,1.2502,1.261,1.2698,1.2766,1.2805,1.2805,1.2776,1.2717,1.263,1.2522,1.2395,1.2258,1.2111,1.1965,1.1818,1.1701,1.1593,1.1466,1.132,1.1183,1.1046,1.0919,1.0802,1.0714,1.0645,1.0596,1.0567,1.0577,1.0606,1.0635,1.0694,1.0772,1.088,1.1017,1.1173,1.1369,1.1603,1.1887,1.2199,1.2532,1.2825,1.3089,1.3353,1.3607,1.3881,1.4262,1.4829,1.5679,1.6882,1.8426,2.0244,2.219,2.3832,2.52,2.6471,2.7439,2.8016,2.8172,2.7957,2.7449,2.6725,2.5855,2.4888,2.3871,2.2815,2.1867,2.0968,1.998,1.8974,1.7967,1.6979,1.6031,1.5112,1.4252,1.3441,1.2708,1.2063,1.1574,1.1212,1.0899,1.0684,1.0577,1.0587,1.0704,1.0899,1.1153,1.1457,1.1769,1.2072,1.2366,1.261,1.2815,1.3001,1.3157,1.3284,1.3372,1.3421,1.3441,1.3421,1.3382,1.3314,1.3216,1.3128,1.304,1.2893,1.2717,1.2512,1.2278,1.2033,1.1779,1.1535,1.13,1.1085,1.089,1.0704,1.0577,1.0489,1.0381,1.0264,1.0166,1.0078,1.0029,1.001,1.002,1.0068,1.0147,1.0264,1.0411,1.0587,1.0802,1.1056,1.1359,1.1711,1.2082,1.2463,1.2845,1.3196,1.3519,1.3851,1.4252,1.4682,1.5259,1.6178,1.7468,1.911,2.1017,2.304,2.5015,2.6764,2.8162,2.913,2.9648,2.9756,2.9541,2.9071,2.8377,2.7517,2.654,2.5484,2.4399,2.3294,2.218,2.1075,2,1.8964,1.8074,1.7273,1.6422,1.5572,1.4751,1.3969,1.3245,1.259,1.2023,1.1574,1.1261,1.1202,1.1329,1.1466,1.1642,1.1877,1.2141,1.2424,1.2717,1.3001,1.3255,1.349,1.3695,1.3861,1.3998,1.4106,1.4203,1.4282,1.434,1.437,1.4379,1.436,1.4311,1.4233,1.4115,1.3978,1.3832,1.3695,1.3578,1.3451,1.3324,1.3206,1.3099,1.3001,1.2903,1.2815,1.2737,1.2669,1.261,1.2581,1.2571,1.2581,1.262,1.2708,1.2854,1.3069,1.3343,1.3675,1.4057,1.4448,1.4829,1.5181,1.5474,1.5709,1.5914,1.6061,1.6168,1.6256,1.6373,1.6598,1.7028,1.7742,1.8788,2.0147,2.1476,2.2805,2.434,2.5836,2.7116,2.8074,2.8661,2.8886,2.8788,2.8416,2.783,2.7097,2.6256,2.5435,2.4624,2.3734,2.2805,2.1877,2.0958,2.0059,1.9198,1.8377,1.7595,1.6862,1.6188,1.565,1.52,1.478,1.4438,1.4203,1.4086,1.4076,1.4184,1.4399,1.4702,1.5073,1.5474,1.5894,1.6256,1.6569,1.6901,1.7204,1.7468,1.7674,1.782,1.7918,1.7967,1.7967,1.7937,1.7879,1.781,1.7722,1.7625,1.7507,1.737,1.7214,1.7048,1.6872,1.6686,1.651,1.6354,1.6197,1.6051,1.5924,1.5806,1.567,1.5533,1.5396,1.5269,1.5152,1.5044,1.4966,1.4917,1.4897,1.4907,1.4936,1.4985,1.5044,1.5112,1.5191,1.5259,1.5318,1.5347,1.5347,1.5298,1.52,1.5064,1.4936,1.4878,1.4936,1.522,1.5797,1.6706,1.7908,1.9335,2.0841,2.2278,2.3519,2.4457,2.5054,2.5298,2.5259,2.4995,2.4526,2.39,2.3157,2.2326,2.1447,2.0538,1.9609,1.868,1.7761,1.6872,1.6109,1.5415,1.4653,1.3881,1.3118,1.2385,1.1691,1.1056,1.0518,1.0078,0.97458,0.95308,0.9433,0.9433,0.95015,0.96188,0.97849,0.99902,1.0225,1.0459,1.0704,1.0948,1.1173,1.1378,1.1554,1.1701,1.1828,1.1935,1.2014,1.2072,1.2111,1.2131,1.2141,1.2141,1.2121,1.2092,1.2053,1.2023,1.2004,1.1945,1.1877,1.1799,1.173,1.1672,1.1623,1.1574,1.1525,1.1496,1.1466,1.1476,1.1505,1.1535,1.1574,1.1642,1.174,1.1857,1.2014,1.219,1.2395,1.263,1.2893,1.3177,1.3441,1.3685,1.392,1.4125,1.4291,1.4418,1.4565,1.4809,1.5239,1.5953,1.7009,1.8387,1.9756,2.1134,2.2708,2.4213,2.5474,2.6383,2.7058,2.7419,2.7273,2.6764,2.5992,2.5054,2.4008,2.303,2.2102,2.1105,2.0108,1.9159,1.827,1.7449,1.6696,1.6002,1.5347,1.4712,1.4106,1.3607,1.3187,1.2757,1.2375,1.2082,1.1896,1.1818,1.1848,1.1984,1.219,1.2444,1.2737,1.305,1.3353,1.3636,1.3939,1.4242,1.4526,1.477,1.4956,1.5083,1.5152,1.5171,1.5152,1.5103,1.5044,1.4985,1.4897,1.48,1.4692,1.4565,1.4418,1.4262,1.4096,1.392,1.3744,1.3578,1.3421,1.3304,1.3216,1.3109,1.3001,1.2913,1.2835,1.2776,1.2747,1.2727,1.2727,1.2737,1.2757,1.2796,1.2854,1.2952,1.3118,1.3372,1.3734,1.4194,1.4731,1.5298,1.5836,1.6295,1.6667,1.695,1.7175,1.7429,1.7859,1.8553,1.957,2.0919,2.2502,2.4194,2.5826,2.7224,2.826,2.8886,2.9101,2.8974,2.8573,2.7928,2.7116,2.6178,2.5161,2.4096,2.3011,2.1916,2.0841,1.9795,1.8768,1.7898,1.7116,1.6295,1.5474,1.4673,1.392,1.3236,1.2639,1.2131,1.174,1.1476,1.1339,1.1329,1.1417,1.1603,1.1867,1.2199,1.2561,1.2933,1.3294,1.3627,1.391,1.4154,1.436,1.4516,1.4633,1.4712,1.4761,1.478,1.4761,1.4721,1.4663,1.4594,1.4536,1.4477,1.4409,1.433,1.4272,1.4203,1.4086,1.3939,1.3763,1.3558,1.3343,1.3128,1.2923,1.2737,1.2571,1.2454,1.2385,1.2356,1.2366,1.2385,1.2434,1.2512,1.263,1.2786,1.2981,1.3226,1.3509,1.3822,1.4164,1.4467,1.4741,1.5024,1.5288,1.5513,1.5718,1.5914,1.6168,1.6579,1.7243,1.8221,1.9531,2.1124,2.261,2.4008,2.5513,2.6862,2.7898,2.8543,2.8788,2.868,2.828,2.7644,2.6852,2.5963,2.5103,2.4252,2.3294,2.2287,2.1261,2.0244,1.9257,1.8299,1.74,1.6549,1.5748,1.5015,1.4428,1.3949,1.349,1.3109,1.2835,1.2688,1.2688,1.2815,1.3069,1.3402,1.3793,1.4203,1.4604,1.4927,1.52,1.5445,1.5621,1.5748,1.5826,1.5846,1.5816,1.5748,1.566,1.5562,1.5445,1.5347,1.5249,1.5142,1.5034,1.4927,1.4829,1.4731,1.4633,1.4526,1.4418,1.4301,1.4194,1.4086,1.4008,1.3949,1.3891,1.3851,1.3822,1.3812,1.3832,1.3891,1.3998,1.4174,1.4418,1.4731,1.4868,1.4946,1.5249,1.566,1.61,1.652,1.6891,1.7214,1.7468,1.7674,1.781,1.7889,1.7937,1.7986,1.8104,1.8426,1.9032,1.998,2.1271,2.2845,2.4575,2.6295,2.7849,2.9091,2.9961,3.0401,3.0499,3.0352,2.998,2.9433,2.8739,2.7928,2.7019,2.6031,2.4976,2.3871,2.2737,2.1584,2.0557,1.9609,1.8583,1.7527,1.6491,1.5494,1.4555,1.3685,1.2903,1.2229,1.1681,1.1281,1.1046,1.0929,1.0899,1.0958,1.1105,1.13,1.1525,1.176,1.1984,1.219,1.2385,1.2551,1.2688,1.2786,1.2864,1.2903,1.2923,1.2913,1.2874,1.2825,1.2766,1.2698,1.261,1.2512,1.2395,1.2307,1.2219,1.2102,1.1975,1.1838,1.1711,1.1584,1.1457,1.1339,1.1232,1.1134,1.1036,1.0948,1.0899,1.087,1.0841,1.0821,1.0821,1.085,1.0899,1.0987,1.1105,1.1251,1.1437,1.1632,1.1828,1.2033,1.2239,1.2434,1.26,1.2717,1.2805,1.2933,1.3177,1.3646,1.4448,1.565,1.7263,1.8886,2.0538,2.2444,2.4301,2.5894,2.7097,2.7849,2.8152,2.8065,2.7654,2.6989,2.6149,2.5288,2.4409,2.3412,2.2346,2.1251,2.0156,1.9091,1.8045,1.7028,1.6061,1.5142,1.4262,1.3431,1.2766,1.2209,1.1642,1.1134,1.0723,1.043,1.0264,1.0215,1.0283,1.044,1.0665,1.0938,1.1212,1.1466,1.173,1.1984,1.2199,1.2395,1.2551,1.2669,1.2757,1.2825,1.2864,1.2874,1.2864,1.2845,1.2825,1.2786,1.2717,1.263,1.2522,1.2395,1.2258,1.2121,1.1984,1.1857,1.173,1.1642,1.1574,1.1496,1.1398,1.131,1.1232,1.1173,1.1144,1.1134,1.1163,1.1222,1.131,1.1417,1.1564,1.174,1.1955,1.2219,1.2512,1.2835,1.3167,1.3509,1.3822,1.4096,1.4311,1.4506,1.4682,1.4907,1.5298,1.5963,1.6979,1.8377,2.0108,2.2043,2.3998,2.5787,2.7253,2.8289,2.8827,2.8944,2.8749,2.826,2.7527,2.6628,2.5611,2.4516,2.3372,2.2209,2.1046,1.9892,1.8768,1.7801,1.6921,1.5982,1.5044,1.4135,1.3275,1.2483,1.176,1.1134,1.0626,1.0244,1,0.99022,0.99218,1.0039,1.0244,1.0518,1.0841,1.1183,1.1525,1.1848,1.2151,1.2414,1.2639,1.2835,1.3001,1.3128,1.3226,1.3284,1.3314,1.3324,1.3324,1.3314,1.3275,1.3206,1.3118,1.3011,1.2923,1.2835,1.2708,1.2571,1.2424,1.2278,1.2131,1.1994,1.1867,1.175,1.1642,1.1554,1.1496,1.1486,1.1496,1.1505,1.1544,1.1613,1.1711,1.1838,1.2014,1.2239,1.2502,1.2805,1.3138,1.3451,1.3754,1.4076,1.4379,1.4643,1.4868,1.5064,1.5259,1.5552,1.6031,1.6794,1.7898,1.9355,2.0792,2.2229,2.3871,2.5464,2.6794,2.7732,2.824,2.8319,2.8045,2.7478,2.6706,2.5787,2.4888,2.3988,2.2972,2.1896,2.0802,1.9697,1.8612,1.7566,1.6559,1.5601,1.4692,1.3842,1.305,1.2414,1.1896,1.1388,1.0958,1.0645,1.045,1.0391,1.0459,1.0635,1.089,1.1222,1.1584,1.1926,1.2248,1.2571,1.2864,1.3128,1.3343,1.3519,1.3666,1.3773,1.3842,1.3891,1.391,1.39,1.3891,1.3861,1.3812,1.3744,1.3646,1.3539,1.3421,1.3284,1.3148,1.3011,1.2893,1.2786,1.2708,1.2649,1.2581,1.2512,1.2463,1.2434,1.2424,1.2434,1.2483,1.2581,1.2727,1.2952,1.3245,1.3558,1.39,1.4311,1.4761,1.522,1.566,1.607,1.6432,1.6755,1.7019,1.7224,1.738,1.7488,1.7595,1.781,1.8211,1.8876,1.9853,2.1134,2.2649,2.4272,2.5846,2.7204,2.824,2.8847,2.9091,2.9071,2.8778,2.826,2.7576,2.6774,2.5885,2.4936,2.3969,2.2972,2.1975,2.0968,2.0078,1.9257,1.8368,1.7478,1.6608,1.5767,1.4985,1.4282,1.3656,1.3128,1.2717,1.2444,1.2297,1.2278,1.2366,1.2551,1.2825,1.3177,1.3578,1.4008,1.4438,1.4858,1.5249,1.5601,1.5904,1.6139,1.6305,1.6452,1.6569,1.6637,1.6657,1.6637,1.6579,1.6481,1.6344,1.6188,1.6002,1.5826,1.565,1.5435,1.5191,1.4927,1.4643,1.436,1.4066,1.3773,1.35,1.3236,1.3001,1.2786,1.262,1.2502,1.2385,1.2287,1.2219,1.218,1.218,1.2219,1.2287,1.2395,1.2522,1.2678,1.2825,1.2972,1.3109,1.3236,1.3324,1.3363,1.3353,1.3324,1.3333,1.348,1.3861,1.4575,1.567,1.6872,1.8211,1.9873,2.1632,2.3265,2.4624,2.5601,2.6178,2.6354,2.6197,2.5787,2.5171,2.4506,2.3793,2.2952,2.2043,2.1085,2.0098,1.911,1.8133,1.7185,1.6266,1.5376,1.4526,1.3705,1.2981,1.2336,1.1691,1.1105,1.0596,1.0205,0.99316,0.97752,0.97458,1.4741,1.4663,1.4594,1.4536,1.4477,1.4418,1.436,1.4311,1.4262,1.4233,1.4223,1.4213,1.4213,1.4213,1.4213,1.4242,1.4311,1.4438,1.4643,1.4927,1.5288,1.5718,1.6197,1.6637,1.7028,1.7439,1.782,1.8152,1.8426,1.8631,1.8768,1.8847,1.8886,1.8925,1.9013,1.9238,1.955,2.0039,2.0899,2.2102,2.3558,2.5152,2.6716,2.8094,2.9179,2.9902,3.0235,3.0215,2.9932,2.9443,2.8768,2.7957,2.7058,2.609,2.5093,2.4057,2.3011,2.1955,2.089,1.9824,1.8759,1.783,1.6989,1.608,1.5161,1.4252,1.3392,1.26,1.1916,1.1329,1.086,1.0499,1.0254,1.0137,1.0098,1.0088,1.0117,1.0176,1.0264,1.0371,1.0479,1.0577,1.0674,1.0762,1.0831,1.089,1.0948,1.1007,1.1026,1.1017,1.0987,1.0938,1.088,1.0831,1.0792,1.0753,1.0714,1.0684,1.0674,1.0665,1.0626,1.0577,1.0528,1.0479,1.043,1.0391,1.0362,1.0342,1.0342,1.0371,1.043,1.0518,1.0616,1.0733,1.088,1.1046,1.1251,1.1486,1.1769,1.2102,1.2473,1.2864,1.3265,1.3617,1.391,1.4194,1.4438,1.4692,1.5034,1.5562,1.6393,1.7527,1.9003,2.0811,2.2796,2.4526,2.5992,2.741,2.8543,2.9277,2.9599,2.9541,2.9169,2.8563,2.7791,2.6891,2.5914,2.4878,2.392,2.3011,2.2004,2.0958,1.9902,1.8847,1.782,1.6813,1.5846,1.4927,1.4076,1.3314,1.2717,1.2248,1.1808,1.1457,1.1202,1.1056,1.1026,1.1075,1.1202,1.1378,1.1593,1.1808,1.2014,1.219,1.2346,1.2483,1.2581,1.2649,1.2698,1.2727,1.2737,1.2737,1.2717,1.2678,1.262,1.2571,1.2532,1.2463,1.2375,1.2268,1.2151,1.2033,1.1916,1.1799,1.1691,1.1593,1.1505,1.1417,1.1369,1.1339,1.131,1.1281,1.1271,1.129,1.1339,1.1408,1.1505,1.1642,1.1818,1.2033,1.2258,1.2493,1.2786,1.3109,1.3451,1.3793,1.4125,1.4418,1.4653,1.4858,1.5093,1.5435,1.5992,1.6667,1.7546,1.8856,2.0508,2.2356,2.4223,2.5924,2.7302,2.826,2.8768,2.8847,2.8553,2.8035,2.7361,2.65,2.5503,2.4428,2.3314,2.218,2.1046,1.9922,1.8817,1.7742,1.6706,1.5709,1.4878,1.4154,1.3382,1.263,1.1935,1.1329,1.0821,1.043,1.0176,1.0059,1.0068,1.0196,1.0391,1.0635,1.0948,1.1281,1.1623,1.1955,1.2258,1.2532,1.2766,1.2962,1.3118,1.3245,1.3353,1.3431,1.35,1.3539,1.3548,1.3529,1.349,1.3421,1.3333,1.3216,1.3089,1.2952,1.2805,1.2688,1.2581,1.2454,1.2317,1.218,1.2053,1.1935,1.1828,1.174,1.1672,1.1632,1.1623,1.1632,1.1681,1.175,1.1848,1.1984,1.2151,1.2366,1.263,1.2942,1.3294,1.3666,1.4037,1.4399,1.4692,1.4927,1.5132,1.5337,1.5601,1.6012,1.6667,1.7644,1.8974,2.0616,2.2454,2.4311,2.6012,2.7273,2.8123,2.8729,2.8974,2.8847,2.8407,2.7722,2.6862,2.5865,2.48,2.3685,2.2551,2.1535,2.0587,1.956,1.8524,1.7507,1.652,1.5562,1.4653,1.3793,1.3001,1.2268,1.1623,1.1134,1.0782,1.0499,1.0323,1.0293,1.0391,1.0616,1.0948,1.1349,1.1779,1.2229,1.2659,1.305,1.3372,1.3636,1.3881,1.4086,1.4262,1.4409,1.4516,1.4594,1.4653,1.4682,1.4673,1.4633,1.4594,1.4545,1.4457,1.435,1.4223,1.4096,1.3969,1.3842,1.3715,1.3597,1.35,1.3402,1.3324,1.3265,1.3236,1.3236,1.3255,1.3304,1.3392,1.3539,1.3763,1.4066,1.4438,1.4868,1.5318,1.5718,1.608,1.6461,1.6823,1.7146,1.7429,1.7654,1.782,1.7947,1.8065,1.8231,1.8534,1.9052,1.9668,2.0469,2.1662,2.3138,2.4761,2.6364,2.7791,2.8915,2.9668,3.0029,3.002,2.9707,2.9208,2.8573,2.7781,2.6882,2.5914,2.4907,2.3881,2.2845,2.1808,2.0782,1.9765,1.8768,1.7801,1.6979,1.6256,1.5503,1.478,1.4115,1.3539,1.3079,1.2747,1.2551,1.2493,1.2561,1.2747,1.2981,1.3265,1.3627,1.4037,1.4467,1.4897,1.5288,1.564,1.5934,1.6158,1.6325,1.6413,1.6442,1.6422,1.6344,1.6217,1.6041,1.5826,1.5582,1.5308,1.5015,1.4712,1.4409,1.4106,1.3803,1.3548,1.3333,1.3089,1.2845,1.26,1.2375,1.216,1.1965,1.1799,1.1652,1.1525,1.1427,1.1359,1.1329,1.1339,1.1369,1.1427,1.1505,1.1613,1.175,1.1906,1.2082,1.2278,1.2473,1.2649,1.2805,1.2923,1.3021,1.3128,1.3333,1.3724,1.4399,1.5425,1.6823,1.8543,2.045,2.2375,2.4154,2.5484,2.6413,2.7116,2.7478,2.7498,2.7224,2.6706,2.6012,2.52,2.4311,2.3372,2.2405,2.1525,2.0694,1.9795,1.8866,1.7947,1.7048,1.6168,1.5318,1.4516,1.3754,1.305,1.2424,1.1896,1.1515,1.1251,1.1046,1.0919,1.087,1.0899,1.0997,1.1134,1.13,1.1476,1.1642,1.1799,1.1935,1.2053,1.2141,1.219,1.2209,1.219,1.2151,1.2082,1.1994,1.1877,1.174,1.1593,1.1466,1.1339,1.1163,1.0948,1.0704,1.043,1.0147,0.98729,0.96285,0.94135,0.92473,0.91202,0.90029,0.89345,0.88954,0.8827,0.87879,0.88172,0.89541,0.92375,0.97067,1.0362,1.1183,1.2141,1.3187,1.4135,1.4995,1.5865,1.6637,1.7243,1.7644,1.7849,1.7908,1.7879,1.7879,1.8045,1.8495,1.9306,2.0264,2.1417,2.2952,2.4663,2.6334,2.7781,2.8866,2.9521,2.9746,2.9599,2.914,2.8446,2.7674,2.6843,2.5875,2.4819,2.3705,2.2561,2.1417,2.0293,1.9208,1.8172,1.7175,1.6237,1.5337,1.4585,1.3939,1.3275,1.2649,1.2111,1.1691,1.1408,1.1271,1.1271,1.1398,1.1623,1.1916,1.2219,1.2532,1.2874,1.3206,1.3519,1.3793,1.4018,1.4194,1.4321,1.4614,1.4966,1.5132,1.52,1.523,1.522,1.5171,1.5093,1.4985,1.4858,1.4721,1.4575,1.4418,1.4262,1.4106,1.3949,1.3832,1.3734,1.3617,1.349,1.3363,1.3255,1.3157,1.3079,1.3011,1.2981,1.2981,1.3011,1.3079,1.3177,1.3304,1.347,1.3675,1.391,1.4184,1.4497,1.4829,1.5171,1.5494,1.5787,1.6031,1.6207,1.6334,1.65,1.6764,1.7224,1.7957,1.9013,2.0391,2.2004,2.3715,2.5347,2.6745,2.7801,2.8407,2.8631,2.8573,2.8231,2.7644,2.6872,2.5982,2.5015,2.3998,2.2962,2.1926,2.089,1.999,1.9169,1.8289,1.741,1.6549,1.5728,1.4956,1.4242,1.3587,1.3021,1.2542,1.218,1.1945,1.1838,1.1848,1.1955,1.216,1.2434,1.2757,1.3099,1.3441,1.3763,1.4057,1.4311,1.4526,1.4682,1.4809,1.4897,1.4946,1.4976,1.4976,1.4956,1.4927,1.4868,1.479,1.4702,1.4594,1.4467,1.435,1.4242,1.4115,1.3978,1.3822,1.3675,1.3539,1.3402,1.3265,1.3148,1.305,1.2972,1.2933,1.2913,1.2893,1.2893,1.2923,1.2991,1.3099,1.3245,1.3441,1.3685,1.3978,1.4311,1.4624,1.4936,1.5298,1.5679,1.6041,1.6364,1.6657,1.6921,1.7214,1.7595,1.8162,1.8993,2.0127,2.129,2.2522,2.4018,2.5562,2.695,2.8035,2.8739,2.9052,2.9003,2.8651,2.8065,2.7312,2.654,2.5748,2.4858,2.392,2.2962,2.2014,2.1065,2.0137,1.9238,1.8368,1.7537,1.6755,1.6031,1.5435,1.4946,1.4467,1.4057,1.3744,1.3568,1.3529,1.3627,1.3851,1.4184,1.4614,1.5093,1.5533,1.5943,1.6364,1.6755,1.7077,1.7322,1.7478,1.7556,1.7546,1.7458,1.7312,1.7116,1.6882,1.6657,1.6442,1.6188,1.5924,1.567,1.5415,1.5171,1.4956,1.4761,1.4585,1.4428,1.4282,1.4174,1.4096,1.4018,1.3949,1.39,1.3871,1.3851,1.3861,1.3891,1.3959,1.4076,1.4252,1.4516,1.48,1.5122,1.5543,1.6022,1.653,1.7028,1.7488,1.7879,1.8192,1.8426,1.8583,1.868,1.8729,1.8788,1.8925,1.9238,1.9785,2.0626,2.175,2.3099,2.4555,2.5963,2.7185,2.8133,2.8729,2.8964,2.8895,2.8583,2.8055,2.7361,2.654,2.563,2.4673,2.3675,2.2669,2.1652,2.0645,1.9765,1.8974,1.8123,1.6979,1.5679,1.4585,1.3617,1.2747,1.1975,1.131,1.0753,1.0313,1,0.9824,0.97654,0.97849,0.98925,1.0068,1.0293,1.0547,1.0811,1.1075,1.132,1.1535,1.1711,1.1867,1.1994,1.2092,1.216,1.2199,1.2209,1.219,1.216,1.2121,1.2063,1.1994,1.1906,1.1808,1.173,1.1652,1.1544,1.1427,1.131,1.1193,1.1095,1.0997,1.0909,1.0821,1.0743,1.0674,1.0645,1.0635,1.0626,1.0635,1.0665,1.0733,1.0841,1.0987,1.1153,1.1349,1.1574,1.1818,1.2082,1.2336,1.2581,1.2825,1.304,1.3216,1.3363,1.3548,1.3861,1.4409,1.5298,1.6608,1.8299,1.9951,2.1584,2.3412,2.5132,2.6549,2.7527,2.8045,2.8133,2.7859,2.7302,2.654,2.563,2.4624,2.3666,2.2737,2.1711,2.0635,1.955,1.8475,1.7419,1.6403,1.5425,1.4497,1.3617,1.2796,1.2141,1.1593,1.1056,1.0577,1.0205,0.99609,0.98534,0.98729,1.001,1.0225,1.0508,1.0821,1.1114,1.1398,1.1681,1.1945,1.218,1.2385,1.2561,1.2698,1.2786,1.2845,1.2864,1.2864,1.2835,1.2805,1.2776,1.2717,1.2639,1.2542,1.2424,1.2287,1.2141,1.1994,1.1857,1.172,1.1593,1.1505,1.1437,1.1349,1.1261,1.1183,1.1124,1.1085,1.1075,1.1085,1.1124,1.1202,1.132,1.1476,1.1652,1.1848,1.2102,1.2405,1.2737,1.3089,1.3441,1.3773,1.4076,1.433,1.4545,1.4761,1.4995,1.5337,1.5953,1.6921,1.827,1.9951,2.1848,2.3783,2.5572,2.7028,2.8065,2.8622,2.8719,2.8495,2.8006,2.7263,2.6344,2.5308,2.4194,2.305,2.1887,2.0723,1.957,1.8456,1.738,1.6461,1.563,1.4751,1.3881,1.305,1.2268,1.1564,1.0938,1.042,1.002,0.97556,0.96383,0.96676,0.98143,1.0049,1.0371,1.0753,1.1153,1.1554,1.1935,1.2278,1.2571,1.2805,1.2991,1.3128,1.3226,1.3294,1.3333,1.3343,1.3324,1.3275,1.3216,1.3138,1.304,1.2913,1.2786,1.2639,1.2483,1.2356,1.2248,1.2111,1.1955,1.1808,1.1672,1.1554,1.1447,1.1359,1.1281,1.1222,1.1183,1.1173,1.1193,1.1241,1.132,1.1437,1.1603,1.1818,1.2092,1.2424,1.2786,1.3177,1.3568,1.3949,1.4272,1.4536,1.478,1.5005,1.5239,1.5562,1.6061,1.6852,1.7986,1.9648,2.1681,2.3734,2.5445,2.6833,2.8113,2.9071,2.9609,2.9707,2.9413,2.8817,2.7986,2.6989,2.5885,2.4731,2.3558,2.2502,2.1515,2.045,1.9365,1.8299,1.7263,1.6266,1.5318,1.4418,1.3597,1.2845,1.218,1.1672,1.13,1.0997,1.0802,1.0743,1.0841,1.1056,1.1378,1.1779,1.2219,1.2678,1.3128,1.3529,1.3861,1.4135,1.437,1.4565,1.4712,1.4819,1.4897,1.4936,1.4946,1.4927,1.4888,1.4839,1.479,1.4741,1.4673,1.4575,1.4467,1.435,1.4223,1.4096,1.3969,1.3842,1.3724,1.3617,1.3529,1.348,1.3451,1.3441,1.3441,1.347,1.3558,1.3715,1.3939,1.4262,1.4663,1.5132,1.563,1.607,1.6471,1.6891,1.7292,1.7644,1.7937,1.8182,1.8348,1.8465,1.8563,1.871,1.9003,1.9384,1.9961,2.0919,2.2219,2.3793,2.5494,2.7146,2.8583,2.9687,3.0381,3.0655,3.0557,3.0147,2.956,2.8856,2.7996,2.7038,2.6012,2.4956,2.3871,2.2786,2.1691,2.0616,1.957,1.8563,1.7703,1.694,1.6129,1.5337,1.4594,1.392,1.3343,1.2884,1.2571,1.2395,1.2346,1.2424,1.262,1.2874,1.3167,1.3539,1.3939,1.435,1.4751,1.5132,1.5464,1.5738,1.5953,1.61,1.6178,1.6207,1.6188,1.61,1.5963,1.5787,1.5582,1.5357,1.5122,1.4878,1.4633,1.4379,1.4125,1.3871,1.3656,1.347,1.3255,1.303,1.2805,1.2581,1.2366,1.216,1.1975,1.1818,1.1681,1.1564,1.1505,1.1486,1.1476,1.1486,1.1544,1.1632,1.176,1.1906,1.2072,1.2248,1.2424,1.259,1.2717,1.2815,1.2884,1.2991,1.3118,1.3324,1.3822,1.4692,1.5973,1.7634,1.958,2.1642,2.3617,2.5152,2.6276,2.7185,2.7742,2.7918,2.7742,2.7283,2.6608,2.5767,2.4809,2.3783,2.2717,2.1642,2.0684,1.9795,1.8837,1.7859,1.6891,1.5953,1.5054,1.4194,1.3382,1.263,1.1965,1.1398,1.0997,1.0723,1.0528,1.043,1.045,1.0577,1.0792,1.1056,1.1349,1.1652,1.1955,1.2229,1.2473,1.2678,1.2845,1.2991,1.3099,1.3187,1.3236,1.3265,1.3265,1.3245,1.3206,1.3148,1.3069,1.3001,1.2933,1.2835,1.2717,1.2581,1.2434,1.2287,1.2141,1.2004,1.1867,1.174,1.1623,1.1535,1.1486,1.1466,1.1447,1.1369,1.1271,1.1271,1.1329,1.1447,1.1613,1.1818,1.2063,1.2346,1.2639,1.2933,1.3255,1.3587,1.3891,1.4154,1.437,1.4575,1.4819,1.52,1.5826,1.6804,1.8152,1.9541,2.0997,2.2737,2.4477,2.6002,2.7155,2.7869,2.8133,2.7977,2.7498,2.6774,2.5875,2.4976,2.4066,2.304,2.1955,2.0841,1.9726,1.8612,1.7527,1.6471,1.5464,1.4506,1.3617,1.2786,1.2121,1.1574,1.1046,1.0577,1.0215,1.001,0.99218,0.99413,1.0098,1.0362,1.0694,1.1085,1.1457,1.1799,1.2151,1.2473,1.2757,1.2991,1.3177,1.3304,1.3392,1.3451,1.348,1.348,1.347,1.3451,1.3402,1.3333,1.3236,1.3118,1.2972,1.2815,1.2659,1.2493,1.2326,1.217,1.2023,1.1916,1.1828,1.172,1.1613,1.1505,1.1408,1.1329,1.1281,1.1261,1.1271,1.132,1.1408,1.1525,1.1681,1.1887,1.2131,1.2414,1.2747,1.3118,1.3509,1.39,1.4272,1.4594,1.4868,1.5103,1.5298,1.5533,1.5924,1.697,1.8641,1.9951,2.1114,2.2717,2.4457,2.609,2.7419,2.8328,2.8768,2.8807,2.8289,2.7605,2.6989,2.6119,2.478,2.3509,2.2571,2.1505,2.0127,1.8876,1.7986,1.7155,1.6158,1.52,1.4516,1.3763,1.2874,1.2102,1.1486,1.0958,1.0606,1.0362,1.0293,1.0362,1.0469,1.0704,1.1124,1.1447,1.1818,1.2307,1.2717,1.305,1.3324,1.3529,1.3675,1.3773,1.3842,1.3881,1.3881,1.3851,1.3803,1.3734,1.3636,1.3519,1.3392,1.3245,1.3079,1.2942,1.2825,1.2678,1.2512,1.2346,1.219,1.2043,1.1896,1.1769,1.1662,1.1574,1.1496,1.1447,1.1437,1.1457,1.1496,1.1554,1.1652,1.1789,1.1965,1.2199,1.2483,1.2825,1.3216,1.3646,1.4037,1.4399,1.478,1.5142,1.5464,1.5758,1.6061,1.6452,1.7028,1.7879,1.9062,2.0547,2.2268,2.3822,2.522,2.6647,2.7869,2.8729,2.9179,2.9208,2.8895,2.8309,2.7517,2.6588,2.5572,2.4614,2.3685,2.2659,2.1603,2.0538,1.9482,1.8456,1.7478,1.6549,1.567,1.4839,1.4076,1.3392,1.2874,1.2493,1.217,1.1965,1.1896,1.1984,1.2229,1.261,1.3099,1.3656,1.4242,1.4829,1.5327,1.5738,1.6139,1.6471,1.6725,1.6891,1.6989,1.7009,1.6979,1.6911,1.6891,1.6882,1.6784,1.6667,1.654,1.6383,1.6207,1.6022,1.5836,1.564,1.5445,1.5239,1.5044,1.4848,1.4673,1.4536,1.4418,1.4301,1.4194,1.4106,1.4047,1.4027,1.4066,1.4174,1.434,1.4585,1.4897,1.521,1.5543,1.5943,1.6364,1.6784,1.7175,1.7498,1.7742,1.7889,1.7947,1.7928,1.7889,1.7889,1.7957,1.8192,1.8719,1.9599,2.0811,2.2287,2.3881,2.5415,2.6745,2.7752,2.8368,2.8592,2.8495,2.8133,2.7537,2.6745,2.5826,2.4819,2.3763,2.2678,2.1584,2.0489,1.9413,1.8358,1.7331,1.6461,1.5679,1.4848,1.4018,1.3206,1.2444,1.173,1.1095,1.0557,1.0127,0.9824,0.96481,0.95894,0.96285,0.97361,0.9912,1.0137,1.0401,1.0674,1.0948,1.1202,1.1427,1.1623,1.1789,1.1916,1.2023,1.2102,1.2151,1.217,1.217,1.2151,1.2111,1.2053,1.1984,1.1896,1.1799,1.1691,1.1613,1.1544,1.1457,1.1349,1.1251,1.1153,1.1065,1.0978,1.0909,1.085,1.0802,1.0772,1.0762,1.0792,1.086,1.0938,1.1036,1.1163,1.1329,1.1525,1.175,1.2004,1.2287,1.259,1.2893,1.3167,1.3402,1.3617,1.3803,1.3998,1.4282,1.4741,1.5494,1.6618,1.8123,1.9932,2.1916,2.3881,2.5445,2.6618,2.7586,2.8182,2.8377,2.8201,2.7713,2.6989,2.6109,2.5122,2.4066,2.2962,2.1945,2.0987,1.9951,1.8895,1.784,1.6813,1.5826,1.4888,1.3988,1.3148,1.2375,1.1681,1.1095,1.0684,1.042,1.0244,1.0166,1.0205,1.0342,1.0567,1.086,1.1202,1.1554,1.1906,1.2239,1.2522,1.2757,1.2972,1.3157,1.3304,1.3421,1.35,1.3548,1.3568,1.3568,1.3548,1.35,1.3421,1.3353,1.3275,1.3167,1.305,1.2913,1.2766,1.262,1.2463,1.2317,1.218,1.2043,1.1906,1.1818,1.175,1.1681,1.1632,1.1613,1.1613,1.1623,1.1672,1.175,1.1877,1.2043,1.2258,1.2522,1.2786,1.3069,1.3402,1.3754,1.4106,1.4438,1.4721,1.4966,1.5181,1.5435,1.5806,1.6413,1.7146,1.8094,1.9492,2.1222,2.3109,2.4966,2.6588,2.784,2.8631,2.8964,2.8876,2.8436,2.7732,2.694,2.607,2.5054,2.3939,2.2776,2.1584,2.0401,1.9238,1.8113,1.7038,1.6012,1.5034,1.4223,1.3519,1.2796,1.2111,1.1623,1.13,1.1007,1.0802,1.0714,1.0753,1.0919,1.1183,1.1476,1.1799,1.216,1.2532,1.2874,1.3167,1.3402,1.3578,1.3695,1.3763,1.3783,1.3763,1.3724,1.3685,1.3646,1.3578,1.348,1.3363,1.3236,1.3089,1.2923,1.2757,1.259,1.2424,1.2248,1.2111,1.1994,1.1857,1.1711,1.1574,1.1437,1.132,1.1212,1.1134,1.1085,1.1065,1.1075,1.1124,1.1212,1.1339,1.1505,1.174,1.2033,1.2395,1.2815,1.3294,1.3832,1.4399,1.4956,1.5484,1.5914,1.6256,1.6588,1.6911,1.7283,1.7791,1.8553,1.9629,2.1036,2.2708,2.4526,2.6325,2.7928,2.9071,2.9795,3.0264,3.0391,3.0196,2.9717,2.9032,2.8182,2.7234,2.6227,2.5191,2.4135,2.3177,2.2278,2.13,2.0313,1.9326,1.8377,1.7478,1.6647,1.5885,1.522,1.4663,1.4242,1.3969,1.3842,1.3842,1.3959,1.4203,1.4555,1.4995,1.5484,1.5992,1.6491,1.694,1.7312,1.7595,1.7781,1.7869,1.7879,1.782,1.7693,1.7507,1.7273,1.6999,1.6706,1.6403,1.609,1.5787,1.5494,1.5249,1.5024,1.479,1.4555,1.433,1.4125,1.3939,1.3793,1.3666,1.3568,1.35,1.346,1.346,1.348,1.3519,1.3587,1.3685,1.3851,1.4086,1.4409,1.4819,1.5308,1.5846,1.6413,1.696,1.74,1.7742,1.8055,1.8299,1.8446,1.8504,1.8485,1.8407,1.8328,1.8338,1.8534,1.9022,1.9668,2.0538,2.1838,2.3412,2.5093,2.6686,2.8025,2.9003,2.956,2.9687,2.9453,2.8925,2.8172,2.737,2.652,2.5543,2.4497,2.3402,2.2287,2.1173,2.0068,1.8993,1.7957,1.696,1.6012,1.521,1.4506,1.3754,1.3021,1.2326,1.1711,1.1183,1.0772,1.0479,1.0313,1.0264,1.0323,1.0469,1.0665,1.0899,1.1163,1.1427,1.1681,1.1916,1.2131,1.2317,1.2483,1.262,1.2727,1.2805,1.2874,1.2923,1.2942,1.2933,1.2903,1.2854,1.2796,1.2727,1.2659,1.2581,1.2493,1.2395,1.2297,1.2229,1.216,1.2072,1.1975,1.1877,1.1799,1.173,1.1681,1.1652,1.1642,1.1642,1.1672,1.174,1.1828,1.1945,1.2092,1.2268,1.2483,1.2737,1.3021,1.3333,1.3656,1.3949,1.4203,1.4409,1.4565,1.4712,1.4927,1.5298,1.5934,1.6921,1.8309,2.0049,2.2014,2.4008,2.5679,2.694,2.7801,2.827,2.8465,2.8348,2.7937,2.7292,2.6461,2.5513,2.4487,2.3412,2.2326,2.1232,2.0264,1.9374,1.8426,1.7468,1.652,1.5611,1.4751,1.3939,1.3196,1.2522,1.1945,1.1466,1.1105,1.088,1.0782,1.0762,1.0831,1.0987,1.1222,1.1505,1.1828,1.2151,1.2454,1.2737,1.2991,1.3196,1.3372,1.3519,1.3636,1.3724,1.3793,1.3832,1.3842,1.3822,1.3783,1.3715,1.3627,1.3519,1.3421,1.3324,1.3196,1.306,1.2923,1.2776,1.2639,1.2512,1.2385,1.2258,1.2141,1.2043,1.1984,1.1955,1.1926,1.1916,1.1926,1.1955,1.2023,1.2131,1.2278,1.2473,1.2717,1.3001,1.3324,1.3636,1.3939,1.4272,1.4604,1.4907,1.5152,1.5357,1.5552,1.5836,1.6305,1.7048,1.8143,1.9316,2.0626,2.2278,2.4037,2.5689,2.7058,2.8025,2.8543,2.8631,2.8338,2.7752,2.695,2.6002,2.5064,2.4135,2.3099,2.2004,2.089,1.9795,1.8729,1.7703,1.6716,1.5777,1.4888,1.4047,1.3363,1.2786,1.2199,1.1662,1.1212,1.087,1.0655,1.0567,1.0616,1.0782,1.1046,1.1388,1.1769,1.2131,1.2463,1.2796,1.3109,1.3382,1.3607,1.3783,1.392,1.4018,1.4076,1.4096,1.4086,1.4066,1.4027,1.3959,1.3871,1.3773,1.3646,1.35,1.3353,1.3196,1.304,1.2893,1.2747,1.26,1.2502,1.2414,1.2317,1.2229,1.2141,1.2072,1.2023,1.1984,1.1975,1.2004,1.2063,1.2151,1.2268,1.2424,1.263,1.2884,1.3187,1.3539,1.391,1.4291,1.4673,1.5034,1.5347,1.5601,1.5816,1.5992,1.6217,1.6598,1.7234,1.8192,1.9501,2.1114,2.2893,2.4673,2.6266,2.7537,2.8387,2.8778,2.8798,2.8524,2.7977,2.7224,2.6325,2.5318,2.4242,2.3138,2.2014,2.0899,1.9804,1.8856,1.8006,1.7097,1.6188,1.5308,1.4477,1.3705,1.3011,1.2395,1.1877,1.1476,1.1222,1.1114,1.1134,1.1281,1.1544,1.1906,1.2356,1.2854,1.3372,1.3861,1.4311,1.4692,1.4995,1.523,1.5386,1.5494,1.5562,1.5591,1.5591,1.5572,1.5533,1.5464,1.5376,1.5279,1.5161,1.5034,1.4907,1.48,1.4702,1.4585,1.4457,1.433,1.4213,1.4106,1.4008,1.392,1.3851,1.3803,1.3773,1.3773,1.3803,1.3861,1.3978,1.4164,1.4389,1.4682,1.5093,1.5562,1.6061,1.6559,1.7028,1.7439,1.7752,1.7986,1.8182,1.8328,1.8416,1.8485,1.8592,1.8817,1.9247,1.998,2.1056,2.2463,2.3822,2.5161,2.6676,2.8113,2.9267,3.0039,3.0391,3.0352,3,2.9394,2.8602,2.7683,2.6696,2.5767,2.4868,2.3891,2.2864,2.1828,2.0792,1.9765,1.8778,1.782,1.6891,1.6012,1.5191,1.4526,1.3969,1.3431,1.2952,1.2571,1.2317,1.2199,1.2209,1.2336,1.2551,1.2835,1.3157,1.35,1.3803,1.4076,1.434,1.4575,1.4761,1.4897,1.4995,1.5044,1.5044,1.5015,1.4956,1.4868,1.478,1.4682,1.4536,1.435,1.4145,1.393,1.3705,1.347,1.3236,1.3001,1.2766,1.2542,1.2326,1.217,1.2043,1.1896,1.174,1.1593,1.1457,1.1329,1.1232,1.1163,1.1134,1.1134,1.1173,1.1251,1.1359,1.1486,1.1632,1.1808,1.1994,1.218,1.2366,1.2542,1.2669,1.2747,1.2815,1.2933,1.3118,1.3451,1.4096,1.5122,1.6569,1.8368,2.0391,2.2463,2.4379,2.5973,2.7136,2.784,2.8104,2.8025,2.7664,2.7058,2.6276,2.5367,2.4379,2.3333,2.2258,2.1173,2.0098,1.9032,1.7996,1.7107,1.6315,1.5474,1.4643,1.3832,1.3069,1.2375,1.176,1.1251,1.086,1.0606,1.0489,1.0499,1.0606,1.0802,1.1065,1.1369,1.1691,1.2014,1.2317,1.259,1.2825,1.3021,1.3167,1.3275,1.3363,1.3421,1.346,1.348,1.347,1.3431,1.3363,1.3284,1.3187,1.306,1.2913,1.2757,1.2639,1.2542,1.2414,1.2268,1.2131,1.1994,1.1857,1.173,1.1613,1.1515,1.1447,1.1408,1.1408,1.1437,1.1486,1.1564,1.1672,1.1818,1.2004,1.2229,1.2502,1.2815,1.3157,1.3519,1.39,1.4233,1.4516,1.479,1.5024,1.5249,1.5513,1.5924,1.6588,1.7595,1.8964,2.0665,2.2561,2.4233,2.566,2.7048,2.8152,2.8847,2.9091,2.8915,2.8407,2.7634,2.6676,2.5601,2.4467,2.3284,2.2209,2.1202,2.0117,1.9003,1.7898,1.6823,1.5797,1.4829,1.392,1.3079,1.2317,1.1642,1.1144,1.0772,1.0459,1.0254,1.0196,1.0264,1.045,1.0723,1.1075,1.1466,1.1867,1.2258,1.261,1.2903,1.3148,1.3363,1.3539,1.3666,1.3754,1.3822,1.3851,1.3851,1.3822,1.3763,1.3636,1.349,1.3372,1.3245,1.3099,1.2933,1.2757,1.259,1.2424,1.2248,1.2082,1.1935,1.1799,1.1672,1.1593,1.1535,1.1476,1.1427,1.1388,1.1369,1.1378,1.1417,1.1496,1.1623,1.1789,1.1994,1.2229,1.2483,1.2796,1.3157,1.3558,1.3969,1.437,1.4741,1.5054,1.5308,1.5543,1.5816,1.6217,1.6706,1.739,1.8465,1.9902,2.1603,2.3412,2.5142,2.6628,2.7742,2.8407,2.8612,2.8416,2.7977,2.7341,2.6491,2.5494,2.4409,2.3265,2.2102,2.0929,1.9765,1.8622,1.7527,1.6491,1.5523,1.4721,1.4027,1.3304,1.26,1.1955,1.1388,1.0919,1.0577,1.0371,1.0323,1.0411,1.0616,1.088,1.1193,1.1564,1.1955,1.2336,1.2678,1.2991,1.3255,1.347,1.3636,1.3763,1.3851,1.391,1.3939,1.3949,1.392,1.3861,1.3773,1.3666,1.3539,1.3392,1.3236,1.3069,1.2893,1.2708,1.2561,1.2434,1.2287,1.2151,1.2014,1.1887,1.1779,1.1681,1.1593,1.1535,1.1505,1.1505,1.1544,1.1613,1.172,1.1877,1.2082,1.2356,1.2688,1.3079,1.3529,1.4018,1.4516,1.5015,1.5484,1.5875,1.6178,1.6452,1.6706,1.695,1.7273,1.7761,1.8504,1.956,2.0938,2.2551,2.4262,2.5709,2.6882,2.7967,2.8749,2.915,2.9169,2.8847,2.827,2.7498,2.6598,2.5611,2.4575,2.3519,2.2561,2.1662,2.0684,1.9677,1.868,1.7722,1.6813,1.5953,1.5152,1.4418,1.3773,1.3216,1.2805,1.2522,1.2317,1.2239,1.2297,1.2493,1.2815,1.3245,1.3754,1.4301,1.4858,1.5396,1.5885,1.6256,1.6549,1.6794,1.6979,1.7107,1.7175,1.7185,1.7146,1.7077,1.6989,1.6872,1.6725,1.6579,1.6432,1.6256,1.607,1.5865,1.566,1.5455,1.5249,1.5054,1.4858,1.4673,1.4506,1.435,1.4233,1.4145,1.4057,1.3988,1.3959,1.3959,1.4008,1.4115,1.4291,1.4545,1.4868,1.5239,1.5591,1.5924,1.6276,1.6598,1.6852,1.7028,1.7087,1.7028,1.6872,1.6647,1.6413,1.6276,1.6354,1.6618,1.7155,1.8133,1.9501,2.1124,2.2854,2.4487,2.5865,2.6862,2.7439,2.7595,2.739,2.697,2.6383,2.5621,2.4731,2.3763,2.2757,2.172,2.0665,1.9609,1.8573,1.7546,1.6549,1.5591,1.478,1.4057,1.3284,1.2532,1.1818,1.1124,1.0489,0.99804,0.95992,0.93548,0.92375,0.92375,0.93353,0.95112,0.97458,1.001,1.0283,1.0557,1.0821,1.1056,1.1261,1.1447,1.1593,1.1711,1.1799,1.1867,1.1916,1.1935,1.1945,1.1926,1.1896,1.1857,1.1808,1.174,1.1652,1.1554,1.1447,1.1378,1.1329,1.1261,1.1193,1.1114,1.1036,1.0968,1.0909,1.086,1.0831,1.0821,1.0821,1.0841,1.0899,1.0987,1.1105,1.1261,1.1447,1.1672,1.1945,1.2258,1.26,1.2942,1.3284,1.3597,1.3861,1.4066,1.4252,1.4457,1.477,1.5279,1.61,1.7292,1.8856,2.0714,2.2688,2.4594,2.6246,2.739,2.8084,2.8465,2.8485,2.8162,2.7556,2.6735,2.5767,2.4702,2.3578,2.2414,2.1251,2.0215,1.9257,1.8231,1.7195,1.6178,1.52,1.4272,1.3402,1.259,1.1867,1.1251,1.0753,1.0371,1.0156,1.0078,1.0088,1.0205,1.0411,1.0694,1.1036,1.1398,1.1769,1.2121,1.2444,1.2717,1.2942,1.3118,1.3255,1.3363,1.3441,1.349,1.3509,1.35,1.347,1.3421,1.3343,1.3245,1.3148,1.306,1.2933,1.2786,1.263,1.2473,1.2307,1.2141,1.1994,1.1848,1.1711,1.1574,1.1457,1.1378,1.1339,1.13,1.1281,1.1281,1.131,1.1369,1.1466,1.1603,1.1789,1.2033,1.2326,1.263,1.2933,1.3294,1.3685,1.4076,1.4448,1.4761,1.5034,1.5279,1.5533,1.5885,1.6452,1.7322,1.8309,1.9482,2.1065,2.2874,2.4702,2.6354,2.7664,2.8524,2.8925,2.8886,2.8465,2.7771,2.697,2.609,2.5044,2.391,2.2737,2.1535,2.0342,1.9169,1.8035,1.695,1.5914,1.4927,1.3998,1.3245,1.26,1.1955,1.1359,1.085,1.0459,1.0196,1.0078,1.0108,1.0264,1.0538,1.0899,1.1261,1.1632,1.2033,1.2414,1.2766,1.3079,1.3333,1.3539,1.3695,1.3803,1.3861,1.3881,1.3871,1.3851,1.3822,1.3763,1.3685,1.3587,1.347,1.3333,1.3177,1.3011,1.2825,1.2639,1.2454,1.2307,1.219,1.2053,1.1916,1.1789,1.1662,1.1554,1.1466,1.1408,1.1378,1.1378,1.1417,1.1486,1.1584,1.172,1.1906,1.2141,1.2434,1.2776,1.3157,1.3578,1.3998,1.4409,1.479,1.5122,1.5367,1.5562,1.5767,1.6041,1.6491,1.7204,1.826,1.9668,2.1369,2.3226,2.5073,2.6716,2.8143,2.914,2.9589,2.9668,2.9394,2.8827,2.8025,2.7058,2.5982,2.4839,2.3666,2.2483,2.132,2.0303,1.9374,1.8397,1.7419,1.6481,1.5591,1.4751,1.3969,1.3265,1.2639,1.2111,1.172,1.1476,1.1388,1.1437,1.1623,1.1945,1.2385,1.2903,1.346,1.4027,1.4565,1.5044,1.5445,1.5777,1.6012,1.6158,1.6266,1.6325,1.6334,1.6315,1.6276,1.6207,1.6119,1.6022,1.5904,1.5777,1.564,1.5513,1.5386,1.5239,1.5083,1.4917,1.4741,1.4555,1.437,1.4194,1.4018,1.3851,1.3695,1.3578,1.348,1.3382,1.3284,1.3216,1.3177,1.3196,1.3284,1.346,1.3724,1.4086,1.4536,1.5044,1.5513,1.5963,1.6452,1.6931,1.7351,1.7713,1.8035,1.8358,1.8759,1.9326,2.0156,2.131,2.2502,2.3783,2.5367,2.7028,2.8563,2.9804,3.0655,3.1085,3.1114,3.0811,3.0254,2.9501,2.871,2.7869,2.6921,2.5924,2.4888,2.3842,2.2805,2.1779,2.0792,1.9834,1.8915,1.8035,1.7224,1.6569,1.6012,1.5474,1.4985,1.4575,1.4282,1.4115,1.4066,1.4145,1.4311,1.4545,1.4829,1.5103,1.5357,1.563,1.5885,1.6109,1.6276,1.6393,1.6461,1.6471,1.6432,1.6344,1.6227,1.607,1.5914,1.5748,1.5552,1.5318,1.5064,1.48,1.4526,1.4233,1.3949,1.3666,1.3402,1.3138,1.2933,1.2766,1.2561,1.2356,1.216,1.1984,1.1838,1.1711,1.1593,1.1505,1.1437,1.1398,1.1388,1.1427,1.1515,1.1613,1.173,1.1867,1.2023,1.219,1.2366,1.2551,1.2717,1.2864,1.2981,1.3079,1.3167,1.3284,1.3539,1.4027,1.4839,1.6041,1.7615,1.9472,2.1457,2.3392,2.5093,2.6432,2.7283,2.7713,2.7849,2.7683,2.7253,2.6608,2.5816,2.4917,2.3949,2.2942,2.1926,2.0899,1.999,1.9159,1.827,1.738,1.65,1.564,1.4829,1.4066,1.3363,1.2727,1.217,1.172,1.1378,1.1173,1.1095,1.1095,1.1173,1.131,1.1505,1.172,1.1935,1.2141,1.2326,1.2483,1.26,1.2698,1.2766,1.2796,1.2796,1.2786,1.2757,1.2717,1.2659,1.26,1.2522,1.2424,1.2317,1.2199,1.2102,1.2014,1.1906,1.1789,1.1662,1.1535,1.1408,1.129,1.1183,1.1095,1.1007,1.0938,1.0919,1.0938,1.0958,1.0997,1.1065,1.1163,1.1085,1.0938,1.1007,1.1202,1.1496,1.1857,1.2268,1.2659,1.305,1.346,1.3861,1.4233,1.4575,1.4927,1.5347,1.5934,1.6764,1.7908,1.9365,2.0782,2.219,2.3783,2.5298,2.6559,2.7429,2.7879,2.7908,2.7576,2.697,2.6158,2.522,2.4184,2.3216,2.2287,2.1251,2.0176,1.9091,1.8035,1.7019,1.6041,1.5112,1.4233,1.3412,1.2659,1.2063,1.1584,1.1134,1.0782,1.0538,1.042,1.045,1.0606,1.088,1.1241,1.1662,1.2102,1.2493,1.2825,1.3138,1.3412,1.3627,1.3773,1.3861,1.3891,1.3871,1.3812,1.3715,1.3587,1.3441,1.3304,1.3167,1.2991,1.2786,1.2571,1.2346,1.2121,1.1896,1.1681,1.1486,1.13,1.1114,1.0987,1.088,1.0753,1.0635,1.0528,1.045,1.0401,1.0381,1.0391,1.042,1.0469,1.0557,1.0674,1.0811,1.0987,1.1212,1.1486,1.1808,1.2199,1.263,1.3089,1.3558,1.4008,1.4409,1.4761,1.5044,1.5337,1.5767,1.6403,1.7312,1.8534,2.0049,2.176,2.3509,2.5142,2.6491,2.7468,2.8016,2.8162,2.7986,2.7546,2.6882,2.6051,2.5103,2.4076,2.2991,2.1887,2.0782,1.9697,1.8651,1.7752,1.695,1.61,1.5259,1.4457,1.3695,1.3011,1.2405,1.1906,1.1535,1.13,1.1212,1.1251,1.1388,1.1593,1.1887,1.2229,1.259,1.2933,1.3236,1.347,1.3636,1.3734,1.3773,1.3763,1.3734,1.3685,1.3597,1.348,1.3353,1.3216,1.3069,1.2923,1.2776,1.262,1.2454,1.2297,1.2131,1.2004,1.1896,1.1769,1.1632,1.1496,1.1369,1.1241,1.1124,1.1026,1.0938,1.088,1.0841,1.0841,1.088,1.0938,1.1026,1.1153,1.1329,1.1564,1.1867,1.2239,1.2678,1.3167,1.3695,1.4233,1.4692,1.5093,1.5494,1.5836,1.6109,1.6325,1.653,1.6804,1.7253,1.7967,1.9022,2.0401,2.176,2.3118,2.4692,2.6217,2.7507,2.8456,2.9003,2.9159,2.8983,2.8534,2.7879,2.7087,2.6197,2.5337,2.4487,2.3529,2.2532,2.1525,2.0528,1.9541,1.8583,1.7654,1.6774,1.5953,1.52,1.4604,1.4115,1.3675,1.3324,1.3079,1.2962,1.2991,1.3148,1.3402,1.3744,1.4135,1.4545,1.4927,1.522,1.5435,1.5601,1.5689,1.5699,1.563,1.5494,1.5298,1.5064,1.4809,1.4545,1.4272,1.4018,1.3763,1.3519,1.3284,1.306,1.2854,1.2649,1.2454,1.2278,1.2141,1.2053,1.2004,1.1994,1.2023,1.2072,1.2111,1.2151,1.2199,1.2258,1.2346,1.2463,1.263,1.2845,1.3138,1.35,1.3851,1.4213,1.4633,1.5073,1.5503,1.5914,1.6285,1.6608,1.6882,1.7087,1.7214,1.7283,1.7312,1.7351,1.7478,1.7791,1.8377,1.9316,2.0596,2.2141,2.3812,2.5415,2.6804,2.7859,2.8504,2.8739,2.8631,2.826,2.7664,2.6891,2.5982,2.4985,2.393,2.2835,2.173,2.0626,1.955,1.8631,1.7801,1.6911,1.6022,1.5152,1.4311,1.3509,1.2737,1.2023,1.1369,1.0802,1.0342,1.001,0.98143,0.97361,0.97361,0.9824,0.99902,1.0205,1.0459,1.0743,1.1026,1.129,1.1544,1.176,1.1935,1.2082,1.2199,1.2287,1.2346,1.2375,1.2375,1.2356,1.2317,1.2258,1.218,1.2082,1.1975,1.1887,1.1799,1.1681,1.1554,1.1417,1.1281,1.1144,1.1017,1.089,1.0782,1.0684,1.0606,1.0567,1.0557,1.0547,1.0557,1.0587,1.0645,1.0743,1.089,1.1075,1.131,1.1584,1.1906,1.2268,1.261,1.2942,1.3284,1.3607,1.3881,1.4106,1.4321,1.4585,1.4995,1.567,1.6676,1.8055,1.9462,2.0929,2.2678,2.4438,2.5982,2.7165,2.7898,2.8182,2.8045,2.7586,2.6882,2.5992,2.4985,2.4018,2.3079,2.2043,2.0958,1.9853,1.8759,1.7693,1.6667,1.5689,1.4761,1.3881,1.306,1.2405,1.1867,1.1329,1.0841,1.043,1.0137,0.99707,0.99218,0.99902,1.0166,1.043,1.0762,1.1144,1.1496,1.1828,1.217,1.2473,1.2737,1.2942,1.3099,1.3206,1.3275,1.3324,1.3343,1.3343,1.3333,1.3304,1.3245,1.3157,1.305,1.2913,1.2757,1.26,1.2434,1.2258,1.2082,1.1906,1.174,1.1613,1.1515,1.1408,1.131,1.1222,1.1153,1.1095,1.1046,1.1026,1.1036,1.1085,1.1163,1.1281,1.1437,1.1642,1.1906,1.2209,1.2561,1.2952,1.3353,1.3744,1.4115,1.4428,1.4692,1.4917,1.5112,1.5347,1.5758,1.6432,1.7449,1.8827,2.0499,2.2346,2.4174,2.5816,2.7107,2.7967,2.8368,2.8387,2.8104,2.7537,2.6764,2.5836,2.479,2.3685,2.2542,2.1388,2.0235,1.911,1.8025,1.7107,1.6285,1.5425,1.4555,1.3715,1.2923,1.2297,1.1799,1.131,1.089,1.0577,1.0391,1.0332,1.0401,1.0577,1.085,1.1193,1.1593,1.2014,1.2424,1.2805,1.3138,1.3412,1.3627,1.3783,1.39,1.3978,1.4027,1.4047,1.4027,1.3988,1.392,1.3812,1.3685,1.3539,1.3382,1.3216,1.3079,1.2952,1.2796,1.263,1.2463,1.2297,1.2141,1.1994,1.1857,1.173,1.1632,1.1554,1.1515,1.1505,1.1496,1.1515,1.1564,1.1642,1.1769,1.1945,1.219,1.2483,1.2825,1.3206,1.3617,1.3998,1.435,1.4712,1.5054,1.5347,1.5582,1.5767,1.5953,1.6217,1.6667,1.741,1.8524,1.9717,2.1056,2.2757,2.4565,2.6256,2.7644,2.8622,2.913,2.9198,2.8886,2.827,2.7429,2.6442,2.5474,2.4506,2.3441,2.2326,2.1212,2.0108,1.9022,1.7967,1.696,1.6002,1.5103,1.4272,1.3607,1.306,1.2512,1.2043,1.1672,1.1437,1.1359,1.1427,1.1652,1.2004,1.2463,1.2991,1.3548,1.4037,1.4457,1.4868,1.522,1.5503,1.5718,1.5855,1.5943,1.5973,1.5963,1.5924,1.5855,1.5777,1.5699,1.5601,1.5474,1.5337,1.52,1.5044,1.4888,1.4721,1.4545,1.437,1.4213,1.4066,1.3949,1.3851,1.3744,1.3646,1.3568,1.3519,1.349,1.348,1.3519,1.3597,1.3724,1.392,1.4145,1.4428,1.48,1.5239,1.5709,1.6178,1.6618,1.7009,1.7351,1.7625,1.784,1.7986,1.8084,1.8152,1.8231,1.8426,1.8817,1.9511,2.0538,2.1896,2.3509,2.522,2.6852,2.826,2.9316,2.9912,3.0127,3.0068,2.9726,2.913,2.8348,2.7429,2.6432,2.5376,2.4282,2.3177,2.2072,2.0978,2.0029,1.9159,1.824,1.7302,1.6393,1.5513,1.4682,1.391,1.3196,1.2571,1.2033,1.1613,1.1339,1.1183,1.1105,1.1105,1.1193,1.1349,1.1564,1.1818,1.2082,1.2346,1.26,1.2815,1.3001,1.3138,1.3245,1.3324,1.3372,1.3382,1.3372,1.3333,1.3265,1.3177,1.3069,1.2942,1.2805,1.2698,1.259,1.2454,1.2307,1.2151,1.1994,1.1838,1.1691,1.1554,1.1427,1.131,1.1212,1.1153,1.1124,1.1095,1.1075,1.1065,1.1075,1.1095,1.1144,1.1222,1.132,1.1447,1.1603,1.1789,1.1975,1.216,1.2356,1.2551,1.2727,1.2884,1.3011,1.3128,1.3284,1.3578,1.4106,1.4985,1.6012,1.7175,1.8749,2.0655,2.2659,2.4536,2.61,2.7224,2.7879,2.8084,2.7908,2.7419,2.6706,2.5924,2.5083,2.4106,2.306,2.1975,2.088,1.9804,1.8749,1.7732,1.6755,1.5826,1.4936,1.4203,1.3568,1.2903,1.2278,1.1711,1.1232,1.086,1.0606,1.0469,1.0459,1.0557,1.0743,1.0997,1.1271,1.1554,1.1867,1.216,1.2424,1.2659,1.2854,1.3011,1.3128,1.3216,1.3275,1.3304,1.3314,1.3314,1.3275,1.3216,1.3128,1.3021,1.2893,1.2757,1.261,1.2454,1.2287,1.2131,1.1965,1.1848,1.175,1.1623,1.1496,1.1378,1.1271,1.1183,1.1124,1.1095,1.1095,1.1134,1.1212,1.132,1.1457,1.1632,1.1857,1.2131,1.2444,1.2805,1.3216,1.3646,1.4076,1.4467,1.48,1.5064,1.5249,1.5415,1.563,1.5982,1.6579,1.7488,1.8759,2.0342,2.2121,2.3939,2.5621,2.6999,2.7898,2.8358,2.8514,2.8328,2.783,2.7087,2.6168,2.5122,2.3998,2.2835,2.1662,2.0508,1.9384,1.8416,1.7537,1.6608,1.5689,1.48,1.3939,1.3128,1.2366,1.1681,1.1085,1.0606,1.0254,1.0059,0.99902,1.0029,1.0186,1.044,1.0762,1.1134,1.1535,1.1926,1.2287,1.261,1.2893,1.3109,1.3275,1.3392,1.347,1.3519,1.3539,1.3529,1.35,1.346,1.3402,1.3324,1.3226,1.3099,1.2991,1.2884,1.2747,1.26,1.2444,1.2278,1.2121,1.1975,1.1838,1.1711,1.1593,1.1486,1.1408,1.1369,1.1369,1.1369,1.1378,1.1417,1.1486,1.1603,1.176,1.1975,1.2239,1.2551,1.2903,1.3245,1.3587,1.3978,1.4379,1.4761,1.5083,1.5327,1.5533,1.5738,1.6022,1.6481,1.7214,1.8299,1.9462,2.0753,2.2395,2.4154,2.5816,2.7185,2.8152,2.8671,2.8749,2.8446,2.784,2.7019,2.6149,2.5239,2.4194,2.3089,2.1955,2.0821,1.9697,1.8602,1.7537,1.652,1.5562,1.4653,1.391,1.3275,1.261,1.1984,1.1427,1.0968,1.0635,1.044,1.0401,1.0499,1.0723,1.1036,1.1427,1.1808,1.217,1.2551,1.2903,1.3206,1.347,1.3666,1.3803,1.3881,1.391,1.391,1.3881,1.3851,1.3812,1.3754,1.3666,1.3558,1.3441,1.3314,1.3177,1.3021,1.2854,1.2698,1.2542,1.2395,1.2287,1.2209,1.2111,1.2004,1.1916,1.1838,1.1789,1.1828,1.1926,1.2014,1.2121,1.2278,1.2463,1.2698,1.3021,1.3421,1.39,1.4418,1.4956,1.5494,1.6012,1.6481,1.6891,1.7234,1.7498,1.7674,1.7791,1.7928,1.8143,1.8524,1.9159,2.0127,2.1427,2.3001,2.4731,2.6442,2.7967,2.9052,2.9726,3.0137,3.0205,2.9941,2.9404,2.8651,2.7761,2.6774,2.5728,2.4643,2.3548,2.2454,2.1486,2.0596,1.9638,1.8671,1.7713,1.6784,1.5904,1.5083,1.434,1.3705,1.3177,1.2766,1.2512,1.2385,1.2366,1.2463,1.2678,1.3011,1.3431,1.391,1.4418,1.4927,1.5415,1.5846,1.6227,1.651,1.6706,1.6872,1.6999,1.7077,1.7107,1.7107,1.7077,1.7019,1.6931,1.6813,1.6676,1.654,1.6393,1.6217,1.6022,1.5816,1.5591,1.5357,1.5122,1.4897,1.4673,1.4457,1.4252,1.4047,1.3871,1.3715,1.3548,1.3392,1.3265,1.3167,1.3109,1.3099,1.3138,1.3216,1.3363,1.3548,1.3744,1.3949,1.4174,1.4389,1.4575,1.4692,1.4741,1.4712,1.4633,1.4565,1.4614,1.4888,1.5513,1.6315,1.7361,1.8866,2.0655,2.2512,2.4252,2.5709,2.6774,2.741,2.7625,2.7478,2.7038,2.6452,2.5758,2.4907,2.3949,2.2923,2.1867,2.0802,1.9746,1.871,1.7703,1.6735,1.5797,1.4907,1.4164,1.3509,1.2815,1.2131,1.1496,1.0938,1.0489,1.0147,0.99218,0.9824,0.98436,0.99707,1.0156,1.0381,1.0655,1.0948,1.1232,1.1505,1.175,1.1955,1.2131,1.2278,1.2395,1.2483,1.2551,1.26,1.262,1.261,1.2571,1.2512,1.2444,1.2356,1.2258,1.2151,1.2023,1.1896,1.1769,1.1681,1.1613,1.1535,1.1447,1.1359,1.1281,1.1212,1.1153,1.1114,1.1095,1.1105,1.1153,1.1232,1.1349,1.1505,1.1701,1.1945,1.2229,1.2551,1.2913,1.3304,1.3695,1.4076,1.4418,1.4721,1.4946,1.5132,1.5347,1.566,1.6178,1.7009,1.8211,1.9775,2.1593,2.3529,2.5376,2.696,2.8045,2.8671,2.8993,2.8944,2.8563,2.7908,2.7038,2.6031,2.4936,2.3783,2.26,2.1417,2.0235,1.9189,1.824,1.7234,1.6237,1.5259,1.433,1.347,1.2688,1.2004,1.1408,1.0929,1.0587,1.0391,1.0323,1.0352,1.0489,1.0733,1.1046,1.1417,1.1808,1.219,1.2542,1.2854,1.3109,1.3314,1.347,1.3607,1.3705,1.3744,1.3734,1.3685,1.3597,1.348,1.3333,1.3148,1.2952,1.2737,1.2551,1.2385,1.218,1.1965,1.175,1.1535,1.1339,1.1144,1.0968,1.0811,1.0665,1.0547,1.045,1.0411,1.0401,1.0381,1.0381,1.0411,1.0469,1.0557,1.0674,1.0831,1.1026,1.1271,1.1574,1.1896,1.2239,1.2649,1.3109,1.3587,1.4057,1.4497,1.4897,1.5269,1.567,1.6188,1.6931,1.7957,1.9052,2.0283,2.1877,2.3627,2.5318,2.6774,2.7869,2.8524,2.8739,2.8573,2.8084,2.7341,2.654,2.567,2.4663,2.3578,2.2463,2.1339,2.0235,1.9169,1.8143,1.7155,1.6207,1.5308,1.4477,1.3803,1.3236,1.2669,1.217,1.1779,1.1515,1.1398,1.1427,1.1593,1.1877,1.2248,1.2678,1.3089,1.347,1.3851,1.4203,1.4497,1.4712,1.4858,1.4946,1.4966,1.4927,1.4839,1.4721,1.4575,1.4438,1.4301,1.4125,1.392,1.3705,1.348,1.3236,1.2991,1.2757,1.2522,1.2307,1.2102,1.1955,1.1828,1.1681,1.1544,1.1417,1.131,1.1212,1.1144,1.1105,1.1085,1.1105,1.1153,1.1232,1.1339,1.1476,1.1652,1.1867,1.2131,1.2444,1.2805,1.3216,1.3656,1.4115,1.4585,1.5024,1.5376,1.566,1.5953,1.6276,1.6706,1.7351,1.8289,1.956,2.1134,2.2903,2.4712,2.6383,2.7615,2.8446,2.9032,2.9257,2.913,2.869,2.8006,2.7146,2.6178,2.5142,2.4076,2.2991,2.1906,2.0948,2.0088,1.9179,1.827,1.738,1.654,1.5748,1.5024,1.437,1.3793,1.3314,1.2952,1.2737,1.2639,1.2639,1.2757,1.2981,1.3284,1.3636,1.4018,1.4399,1.4741,1.5024,1.5239,1.5406,1.5513,1.5582,1.5611,1.5611,1.5591,1.5552,1.5503,1.5445,1.5376,1.5298,1.521,1.5112,1.5034,1.4966,1.4888,1.4809,1.4721,1.4633,1.4555,1.4467,1.4399,1.434,1.4291,1.4262,1.4252,1.4272,1.4301,1.435,1.4438,1.4575,1.477,1.5044,1.5406,1.5836,1.6305,1.6794,1.7253,1.7615,1.7908,1.8182,1.8416,1.8602,1.8739,1.8827,1.8876,1.8905,1.8964,1.913,1.9492,2.0127,2.088,2.1799,2.3099,2.4624,2.6188,2.7625,2.8788,2.957,2.9961,2.998,2.9677,2.913,2.8465,2.7713,2.6823,2.5846,2.48,2.3724,2.263,2.1535,2.0342,1.912,1.8006,1.695,1.5953,1.5122,1.4457,1.4301,1.4174,1.4066,1.3998,1.3978,1.4008,1.4086,1.4223,1.4428,1.4692,1.5005,1.5347,1.5699,1.6031,1.6334,1.6579,1.6755,1.6852,1.6891,1.6872,1.6774,1.6598,1.6383,1.6168,1.6051,1.6139,1.654,1.7322,1.8495,1.9717,2.1007,2.2542,2.4047,2.5337,2.6276,2.6804,2.6931,2.6706,2.6207,2.5503,2.4663,2.3724,2.2825,2.1945,2.0968,1.9961,1.8944,1.7937,1.695,1.6012,1.5112,1.4252,1.3431,1.2659,1.2023,1.1476,1.0909,1.0391,0.99511,0.9609,0.93744,0.92669,0.92766,0.93842,0.95699,0.98143,1.0088,1.0352,1.0616,1.089,1.1153,1.1388,1.1593,1.1769,1.1916,1.2033,1.2121,1.219,1.2239,1.2278,1.2307,1.2307,1.2287,1.2239,1.218,1.2111,1.2023,1.1926,1.1828,1.173,1.1632,1.1564,1.1505,1.1437,1.1378,1.1339,1.132,1.131,1.132,1.1349,1.1408,1.1476,1.1574,1.1701,1.1838,1.2004,1.2219,1.2659,1.3226,1.3695,1.4125,1.4536,1.4917,1.5259,1.5543,1.5748,1.5875,1.5982,1.6139,1.6432,1.6979,1.7859,1.911,2.0684,2.2463,2.4282,2.5943,2.7292,2.8221,2.869,2.8778,2.8563,2.8084,2.74,2.6569,2.563,2.4624,2.3578,2.2512,2.1447,2.0391,1.9472,1.8641,1.7742,1.6833,1.5963,1.5132,1.435,1.3627,1.2991,1.2444,1.1994,1.1672,1.1476,1.1398,1.1427,1.1544,1.174,1.2004,1.2297,1.259,1.2884,1.3157,1.3392,1.3578,1.3724,1.3851,1.3939,1.3998,1.4027,1.4037,1.4018,1.3969,1.3891,1.3783,1.3636,1.346,1.3265,1.306,1.2884,1.2737,1.2561,1.2395,1.2239,1.2102,1.1994,1.1896,1.1808,1.173,1.1652,1.1584,1.1564,1.1574,1.1584,1.1613,1.1672,1.1769,1.1906,1.2092,1.2326,1.26,1.2923,1.3284,1.3666,1.4018,1.435,1.4702,1.5034,1.5337,1.5601,1.5816,1.6022,1.6295,1.6716,1.737,1.8338,1.9394,2.0596,2.2141,2.3822,2.5425,2.6784,2.7771,2.8348,2.8504,2.8289,2.7771,2.7038,2.6149,2.5269,2.4379,2.3382,2.2317,2.1232,2.0156,1.9091,1.8065,1.7097,1.6188,1.5337,1.4536,1.3881,1.3333,1.2776,1.2258,1.1828,1.1505,1.131,1.1241,1.131,1.1496,1.1779,1.2121,1.2502,1.2854,1.3167,1.348,1.3754,1.3978,1.4154,1.4262,1.4321,1.434,1.433,1.4311,1.4291,1.4272,1.4242,1.4194,1.4125,1.4027,1.391,1.3773,1.3617,1.3451,1.3284,1.3118,1.2952,1.2796,1.2678,1.2581,1.2463,1.2336,1.2219,1.2111,1.2033,1.1984,1.1975,1.2014,1.2102,1.2248,1.2424,1.263,1.2864,1.3118,1.3382,1.3666,1.3959,1.4282,1.4653,1.5044,1.5445,1.5826,1.6119,1.6344,1.654,1.6725,1.6979,1.739,1.8074,1.9101,2.0469,2.2111,2.3881,2.5601,2.7087,2.8113,2.871,2.9013,2.8954,2.8563,2.7898,2.7048,2.607,2.5024,2.3949,2.2864,2.1799,2.086,2,1.9091,1.8162,1.7253,1.6383,1.5552,1.478,1.4076,1.346,1.2933,1.2532,1.2268,1.2141,1.2141,1.2248,1.2483,1.2825,1.3255,1.3754,1.4282,1.479,1.5269,1.5689,1.6031,1.6266,1.6422,1.652,1.6559,1.6549,1.65,1.6422,1.6325,1.6207,1.609,1.5797,1.5415,1.5142,1.4936,1.477,1.4594,1.4418,1.4242,1.4066,1.391,1.3763,1.3617,1.347,1.3343,1.3236,1.3167,1.3118,1.3079,1.306,1.3069,1.3128,1.3255,1.346,1.3754,1.4135,1.4594,1.5103,1.5621,1.607,1.6452,1.6833,1.7165,1.7429,1.7615,1.7742,1.781,1.7859,1.7967,1.8211,1.869,1.9286,2.0108,2.1349,2.2913,2.4643,2.6344,2.7849,2.9022,2.9775,3.0108,3.0039,2.9638,2.8993,2.824,2.7429,2.6491,2.5474,2.4409,2.3333,2.2268,2.1202,2.0156,1.912,1.8113,1.7155,1.6344,1.5621,1.4839,1.4057,1.3314,1.263,1.2033,1.1544,1.1173,1.0929,1.0811,1.0811,1.0909,1.1065,1.1271,1.1505,1.176,1.2014,1.2248,1.2454,1.262,1.2747,1.2845,1.2903,1.2913,1.2913,1.2893,1.2835,1.2747,1.2639,1.2512,1.2375,1.2229,1.2082,1.1926,1.1769,1.1623,1.1466,1.1349,1.1261,1.1144,1.1007,1.088,1.0762,1.0645,1.0538,1.0459,1.0411,1.0391,1.0391,1.043,1.0499,1.0577,1.0665,1.0782,1.0929,1.1105,1.131,1.1535,1.1779,1.2023,1.2258,1.2473,1.2649,1.2786,1.2903,1.305,1.3314,1.3803,1.4633,1.5875,1.7527,1.9501,2.1642,2.3744,2.5406,2.6647,2.7654,2.8289,2.8514,2.8358,2.7889,2.7185,2.6305,2.5308,2.4233,2.3109,2.1975,2.0958,2.002,1.9013,1.7986,1.6979,1.6002,1.5064,1.4174,1.3333,1.2561,1.1867,1.1281,1.085,1.0557,1.0332,1.0215,1.0205,1.0313,1.0518,1.0802,1.1134,1.1476,1.1818,1.2151,1.2424,1.2649,1.2854,1.3021,1.3157,1.3255,1.3304,1.3314,1.3294,1.3245,1.3177,1.3079,1.2962,1.2854,1.2757,1.262,1.2463,1.2307,1.2151,1.1994,1.1838,1.1681,1.1525,1.1378,1.1251,1.1173,1.1124,1.1065,1.1026,1.1007,1.1007,1.1036,1.1095,1.1183,1.132,1.1505,1.174,1.2043,1.2346,1.2669,1.306,1.348,1.39,1.4301,1.4653,1.4936,1.5171,1.5396,1.5689,1.6168,1.6755,1.7546,1.8788,2.0401,2.2268,2.4203,2.5992,2.7458,2.8495,2.9062,2.915,2.8837,2.8211,2.7458,2.6608,2.5582,2.4457,2.3294,2.2102,2.0899,1.9717,1.8563,1.7449,1.6373,1.5357,1.4506,1.3773,1.3011,1.2268,1.1554,1.0919,1.042,1.0059,0.98436,0.97752,0.98436,1.0029,1.0313,1.0626,1.0958,1.1329,1.1711,1.2072,1.2385,1.2649,1.2864,1.3021,1.3118,1.3187,1.3226,1.3245,1.3255,1.3226,1.3177,1.3109,1.3021,1.2913,1.2766,1.261,1.2444,1.2278,1.2121,1.1965,1.1838,1.172,1.1584,1.1437,1.13,1.1163,1.1046,1.0958,1.0899,1.087,1.088,1.0919,1.0997,1.1105,1.1251,1.1437,1.1652,1.1926,1.2248,1.2737,1.3206,1.3558,1.3949,1.436,1.4731,1.5024,1.5249,1.5455,1.567,1.5953,1.6403,1.7546,1.8837,1.9971,2.1554,2.3343,2.5122,2.651,2.7517,2.828,2.868,2.868,2.8328,2.7693,2.6843,2.5846,2.4751,2.3294,2.1965,2.1007,2.0078,1.9169,1.8182,1.7185,1.6197,1.5259,1.436,1.3509,1.2717,1.2004,1.1378,1.086,1.0508,1.0303,1.0176,1.0156,1.0264,1.0489,1.0811,1.1193,1.1613,1.2043,1.2454,1.2825,1.3138,1.3372,1.3539,1.3646,1.3715,1.3744,1.3734,1.3705,1.3646,1.3568,1.35,1.3382,1.3226,1.3089,1.2972,1.2776,1.2542,1.2346,1.217,1.2014,1.1896,1.1769,1.1613,1.1515,1.1427,1.1369,1.1359,1.1359,1.1398,1.1486,1.1564,1.1701,1.1955,1.2258,1.2512,1.2903,1.3509,1.4047,1.4536,1.5054,1.5562,1.6022,1.6432,1.6764,1.7019,1.7204,1.7351,1.7537,1.7849,1.824,1.8807,1.9765,2.1075,2.2669,2.4399,2.608,2.7546,2.8671,2.9384,2.9668,2.956,2.914,2.8553,2.783,2.695,2.5963,2.4917,2.3842,2.2737,2.1632,2.0547,1.9472,1.8426,1.7429,1.6579,1.5826,1.5044,1.4282,1.3568,1.2933,1.2405,1.2004,1.174,1.1623,1.1642,1.1789,1.2053,1.2366,1.2717,1.3138,1.3607,1.4086,1.4536,1.4956,1.5327,1.565,1.5914,1.6119,1.6256,1.6344,1.6383,1.6373,1.6334,1.6266,1.6168,1.6051,1.5904,1.5738,1.5572,1.5386,1.5191,1.4985,1.48,1.4624,1.4418,1.4203,1.3988,1.3773,1.3568,1.3363,1.3167,1.2981,1.2805,1.2649,1.2551,1.2493,1.2454,1.2454,1.2502,1.259,1.2737,1.2933,1.3148,1.3363,1.3578,1.3754,1.3871,1.3939,1.3949,1.3891,1.3803,1.3773,1.39,1.4311,1.5112,1.6325,1.7918,1.9785,2.173,2.3333,2.4604,2.5738,2.6559,2.6999,2.7058,2.6794,2.6276,2.5562,2.4712,2.3773,2.2776,2.175,2.0821,1.9961,1.9032,1.8084,1.7136,1.6217,1.5318,1.4457,1.3636,1.2864,1.2151,1.1505,1.1017,1.0655,1.0332,1.0088,0.99413,0.9912,0.99804,1.0127,1.0342,1.0596,1.088,1.1153,1.1417,1.1632,1.1818,1.1975,1.2092,1.218,1.2239,1.2258,1.2239,1.218,1.2092,1.1975,1.1828,1.1701,1.1574,1.1398,1.1202,1.1007,1.0811,1.0616,1.043,1.0264,1.0108,0.99707,0.98534,0.97556,0.97165,0.97067,0.9697,0.96872,0.97067,0.97458,0.98045,0.98925,1.001,1.0166,1.0362,1.0596,1.0841,1.1105,1.1427,1.1799,1.2209,1.2639,1.3069,1.347,1.3861,1.4272,1.478,1.5494,1.65,1.7595,1.8856,2.0518,2.2385,2.4252,2.5914,2.7224,2.8094,2.8495,2.8465,2.8074,2.741,2.6647,2.5816,2.4829,2.3754,2.2639,2.1505,2.0371,1.9257,1.8182,1.7155,1.6188,1.5269,1.4516,1.3861,1.3196,1.2581,1.2033,1.1593,1.129,1.1124,1.1114,1.1241,1.1476,1.1799,1.217,1.2522,1.2854,1.3177,1.346,1.3685,1.3842,1.3939,1.3978,1.3969,1.391,1.3822,1.3715,1.3607,1.3509,1.3382,1.3236,1.3069,1.2893,1.2708,1.2512,1.2326,1.2131,1.1945,1.1769,1.1603,1.1476,1.1369,1.1241,1.1114,1.0997,1.0899,1.0821,1.0772,1.0762,1.0772,1.0811,1.087,1.0958,1.1075,1.1222,1.1417,1.1662,1.1965,1.2317,1.2727,1.3187,1.3656,1.4125,1.4565,1.4946,1.5239,1.5474,1.5699,1.5963,1.6354,1.6979,1.7918,1.9208,2.0802,2.26,2.4418,2.609,2.7312,2.8113,2.8641,2.8798,2.8602,2.8084,2.7322,2.6393,2.5337,2.4213,2.304,2.1848,2.0674,1.9658,1.8739,1.7761,1.6794,1.5875,1.4995,1.4164,1.3392,1.2698,1.2092,1.1574,1.1163,1.0909,1.0792,1.0772,1.0841,1.1007,1.1251,1.1544,1.1857,1.217,1.2454,1.2708,1.2913,1.3079,1.3206,1.3294,1.3353,1.3372,1.3363,1.3333,1.3294,1.3236,1.3167,1.3079,1.2981,1.2874,1.2776,1.2678,1.2551,1.2395,1.2229,1.2063,1.1896,1.174,1.1593,1.1457,1.1339,1.1222,1.1114,1.1056,1.1026,1.1007,1.1007,1.1134,1.1359,1.1554,1.176,1.2004,1.2307,1.2669,1.3089,1.349,1.3891,1.435,1.4829,1.5288,1.5718,1.609,1.6413,1.6706,1.7019,1.7449,1.8104,1.9062,2.0108,2.132,2.2923,2.4702,2.6442,2.7947,2.9091,2.9785,3.002,2.9853,2.9355,2.8602,2.7771,2.6882,2.5855,2.4741,2.3597,2.2454,2.132,2.0215,1.915,1.8133,1.7175,1.6276,1.5435,1.4761,1.4184,1.3607,1.3089,1.2659,1.2346,1.2151,1.2092,1.2151,1.2326,1.259,1.2923,1.3255,1.3587,1.3939,1.4272,1.4575,1.4819,1.5024,1.5171,1.5269,1.5327,1.5347,1.5347,1.5327,1.5298,1.5259,1.521,1.5132,1.5044,1.4956,1.4868,1.477,1.4663,1.4545,1.4438,1.433,1.4252,1.4194,1.4135,1.4066,1.4008,1.3969,1.3949,1.3959,1.4008,1.4106,1.4272,1.4526,1.48,1.5122,1.5533,1.5992,1.6481,1.694,1.7361,1.7722,1.8025,1.827,1.8465,1.8612,1.871,1.8759,1.8798,1.8876,1.9071,1.9472,2.0176,2.1241,2.2639,2.4282,2.6041,2.7722,2.9169,3.0156,3.0723,3.1017,3.0968,3.0616,3.001,2.9208,2.827,2.7243,2.6168,2.5064,2.393,2.2786,2.1769,2.0821,1.9795,1.8749,1.7703,1.6696,1.5728,1.4809,1.3939,1.3148,1.2454,1.1848,1.1417,1.1124,1.088,1.0723,1.0665,1.0694,1.0792,1.0948,1.1134,1.1339,1.1544,1.173,1.1906,1.2063,1.219,1.2287,1.2366,1.2414,1.2444,1.2444,1.2434,1.2395,1.2346,1.2297,1.2239,1.219,1.2151,1.2082,1.1984,1.1877,1.176,1.1652,1.1544,1.1447,1.1349,1.1251,1.1163,1.1075,1.1026,1.0997,1.0958,1.0929,1.0929,1.0958,1.1026,1.1124,1.1251,1.1408,1.1603,1.1838,1.2072,1.2317,1.261,1.2913,1.3226,1.3529,1.3783,1.3998,1.4213,1.4497,1.4936,1.565,1.6725,1.7918,1.9306,2.1144,2.3196,2.522,2.7009,2.8397,2.9286,2.9668,2.956,2.9062,2.828,2.741,2.6491,2.5445,2.436,2.3284,2.2229,2.1193,2.0176,1.9169,1.8162,1.7175,1.6217,1.5298,1.4536,1.39,1.3255,1.2649,1.2121,1.1681,1.1349,1.1134,1.1046,1.1095,1.1261,1.1515,1.1818,1.2141,1.2502,1.2864,1.3206,1.35,1.3744,1.393,1.4066,1.4164,1.4233,1.4096,1.3842,1.3705,1.3617,1.3519,1.3402,1.3255,1.3079,1.2884,1.2669,1.2444,1.2199,1.1945,1.1681,1.1457,1.1251,1.0997,1.0723,1.0459,1.0205,0.99707,0.97654,0.95992,0.94721,0.93939,0.93646,0.93939,0.94721,0.95894,0.97361,0.99218,1.0137,1.0381,1.0655,1.0958,1.1281,1.1632,1.2004,1.2385,1.2727,1.3069,1.349,1.4047,1.4809,1.5846,1.7214,1.8886,2.0772,2.2727,2.4575,2.6149,2.7341,2.8035,2.8319,2.8299,2.7967,2.738,2.6608,2.5699,2.4702,2.3666,2.262,2.1593,2.0596,1.9726,1.8954,1.8162,1.739,1.6657,1.5992,1.5415,1.4917,1.4516,1.4233,1.4066,1.4018,1.4066,1.4194,1.4418,1.4721,1.5073,1.5474,1.5885,1.6276,1.6628,1.6921,1.7136,1.7273,1.7331,1.7331,1.7273,1.7175,1.7028,1.6852,1.6657,1.6442,1.6217,1.5982,1.5748,1.5523,1.5308,1.5122,1.4956,1.477,1.4585,1.4418,1.4252,1.4106,1.3978,1.3861,1.3763,1.3685,1.3627,1.3587,1.3578,1.3597,1.3627,1.3695,1.3812,1.3988,1.4233,1.4545,1.4927,1.5357,1.5826,1.6305,1.6696,1.7019,1.7322,1.7576,1.7771,1.7898,1.7957,1.7957,1.7918,1.7889,1.7937,1.8172,1.8661,1.9277,2.0098,2.131,2.2766,2.4291,2.5709,2.6862,2.7674,2.8104,2.8152,2.7879,2.7312,2.6608,2.5767,2.4712,2.349,2.217,2.0821,1.9511,1.8299,1.7234,1.6315,1.5523,1.4829,1.4194,1.3666,1.3187,1.2649,1.2082,1.1525,1.1007,1.0547,1.0156,0.98631,0.96872,0.96285,0.97067,0.98925,1.0166,1.0528,1.0919,1.129,1.1593,1.1799,1.1916,1.1975,1.1984,1.1975,1.1955,1.1916,1.1896,1.1877,1.1828,1.1769,1.1711,1.1662,1.1613,1.1554,1.1496,1.1427,1.1349,1.1261,1.1202,1.1173,1.1134,1.1085,1.1036,1.0978,1.0909,1.0831,1.0753,1.0674,1.0616,1.0577,1.0577,1.0616,1.0694,1.0792,1.0929,1.1105,1.132,1.1574,1.1857,1.217,1.2502,1.2835,1.3157,1.3421,1.3627,1.3803,1.3969,1.4164,1.4487,1.5044,1.5924,1.7185,1.8788,2.0626,2.2551,2.436,2.5728,2.6686,2.739,2.7742,2.7713,2.7361,2.6735,2.5924,2.4985,2.3969,2.2903,2.1818,2.085,1.9961,1.9003,1.8025,1.7058,1.6325,1.5728,1.5005,1.4252,1.3509,1.2825,1.2219,1.1711,1.1349,1.1124,1.0978,1.0929,1.0987,1.1153,1.1398,1.1691,1.2014,1.2336,1.263,1.2893,1.3109,1.3275,1.3421,1.3558,1.3685,1.3812,1.392,1.4018,1.4096,1.4145,1.4135,1.4047,1.393,1.3763,1.3509,1.3206,1.2884,1.2581,1.2336,1.218,1.2111,1.2131,1.2199,1.2268,1.2317,1.2346,1.2346,1.2317,1.2258,1.2209,1.2199,1.2229,1.2287,1.2385,1.2522,1.2698,1.2933,1.3177,1.346,1.3842,1.4301,1.4829,1.5376,1.5904,1.6354,1.6706,1.695,1.7116,1.7273,1.7527,1.7869,1.8397,1.9316,2.0606,2.219,2.392,2.563,2.7136,2.8289,2.9013,2.9296,2.9189,2.8807,2.8231,2.7449,2.653,2.5523,2.4467,2.3372,2.2248,2.1105,1.9961,1.8837,1.7742,1.6696,1.5836,1.5083,1.4291,1.3519,1.2805,1.217,1.1623,1.1193,1.0909,1.0772,1.0782,1.0929,1.1163,1.1466,1.1838,1.2239,1.262,1.2972,1.3284,1.3587,1.39,1.4233,1.4555,1.4809,1.4927,1.4907,1.4741,1.436,1.3812,1.3216,1.2659,1.2219,1.1945,1.1838,1.1857,1.1965,1.2111,1.2268,1.2385,1.2444,1.2444,1.2375,1.2268,1.2131,1.1984,1.1848,1.172,1.1623,1.1564,1.1535,1.1554,1.1613,1.1711,1.1838,1.2014,1.2239,1.2512,1.2854,1.3255,1.3695,1.4174,1.4663,1.5083,1.5445,1.5787,1.609,1.6325,1.654,1.6774,1.7107,1.7644,1.8485,1.9668,2.1173,2.2913,2.4467,2.5826,2.7185,2.8289,2.9013,2.9306,2.9179,2.87,2.7947,2.7009,2.5953,2.4829,2.3793,2.2805,2.173,2.0635,1.956,1.8514,1.7517,1.6569,1.5679,1.4848,1.4076,1.3372,1.2757,1.2297,1.1965,1.1701,1.1535,1.1486,1.1584,1.1808,1.2141,1.2542,1.2991,1.3451,1.39,1.4272,1.4575,1.4858,1.5103,1.5298,1.5425,1.5503,1.5533,1.5513,1.5474,1.5415,1.5337,1.5239,1.5152,1.5064,1.4966,1.4848,1.4712,1.4565,1.4409,1.4252,1.4096,1.3949,1.3812,1.3685,1.3597,1.3539,1.347,1.3441,1.3431,1.346,1.3519,1.3636,1.3803,1.4047,1.437,1.478,1.5181,1.5591,1.607,1.654,1.697,1.7351,1.7693,1.8016,1.8368,1.8768,1.9247,1.9765,2.0225,2.0743,2.1466,2.2366,2.3421,2.4585,2.5767,2.6862,2.7771,2.8407,2.8729,2.8739,2.8514,2.8113,2.7556,2.6901,2.6168,2.4966,2.4145,2.3324,2.1681,2.086,2.0049,1.8583,1.7869,1.7107,1.5973,1.5269,1.4633,1.4096,1.3666,1.3363,1.3177,1.3089,1.3089,1.3167,1.3314,1.3539,1.3842,1.4213,1.4624,1.4985,1.5161,1.4995,1.434,1.3118,1.1369,0.9609,0.78495,0.58553,0.39394,0.22874,0.11632,0.057674,0.028348,0.013685,0.0068426,0.0029326,0.00097752,0.01564,0.072336,0.17595,0.32063,0.49658,0.69306,0.89541,1.087,1.2542,1.3851,1.4751,1.5259,1.5455,1.5464,1.5386,1.5249,1.5112,1.5024,1.4976,1.4956,1.4966,1.4985,1.5024,1.5083,1.5161,1.5239,1.5327,1.5445,1.5562,1.566,1.5738,1.5777,1.5787,1.5846,1.6031,1.6461,1.7243,1.8446,1.9756,2.1212,2.306,2.5044,1.5376,1.5601,1.5767,1.5934,1.6168,1.6559,1.7058,1.7761,1.8866,2.0323,2.2023,2.3783,2.5406,2.6735,2.7654,2.8123,2.8192,2.7937,2.7498,2.694,2.6246,2.5445,2.4555,2.3568,2.2493,2.1359,2.0205,1.9062,1.7967,1.695,1.6051,1.5337,1.4761,1.4184,1.3607,1.3011,1.2414,1.1828,1.13,1.088,1.0606,1.0499,1.0547,1.0704,1.0929,1.1241,1.1613,1.2004,1.2405,1.2796,1.3157,1.347,1.3705,1.3861,1.3949,1.3978,1.3988,1.3978,1.3949,1.392,1.3881,1.3832,1.3754,1.3627,1.346,1.3275,1.3079,1.2893,1.2757,1.2669,1.259,1.2532,1.2483,1.2454,1.2424,1.2375,1.2307,1.2239,1.217,1.2121,1.2111,1.216,1.2258,1.2424,1.2659,1.2962,1.3324,1.3734,1.4164,1.4594,1.5005,1.5376,1.5718,1.5992,1.6217,1.6422,1.6598,1.6755,1.6891,1.7067,1.7361,1.7859,1.8641,1.9746,2.1134,2.2717,2.4115,2.5337,2.6559,2.7576,2.826,2.8583,2.8563,2.826,2.7722,2.7019,2.6207,2.5318,2.4467,2.3636,2.2717,2.1769,2.0811,1.9863,1.8944,1.8045,1.7175,1.6344,1.5572,1.4868,1.4252,1.3783,1.3421,1.3109,1.2884,1.2747,1.2717,1.2796,1.2972,1.3245,1.3587,1.3969,1.4379,1.4741,1.5064,1.5386,1.566,1.5875,1.6031,1.6129,1.6207,1.6266,1.6285,1.6285,1.6276,1.6246,1.6197,1.6119,1.5992,1.5836,1.566,1.5474,1.5288,1.5103,1.4917,1.4721,1.4506,1.4252,1.4027,1.3803,1.3548,1.3284,1.304,1.2845,1.2688,1.2571,1.2493,1.2434,1.2395,1.2385,1.2424,1.2512,1.2649,1.2845,1.3089,1.3372,1.3675,1.3969,1.4223,1.4428,1.4555,1.4594,1.4536,1.4448,1.4389,1.4418,1.4663,1.5239,1.6217,1.7595,1.9296,2.1163,2.3011,2.4643,2.5924,2.6764,2.7165,2.7204,2.695,2.6452,2.5767,2.4956,2.4076,2.3157,2.2209,2.1241,2.0264,1.9286,1.8426,1.7634,1.6784,1.5914,1.5064,1.4252,1.348,1.2757,1.2102,1.1525,1.1026,1.0635,1.0381,1.0244,1.0186,1.0215,1.0332,1.0528,1.0772,1.1046,1.1329,1.1593,1.1848,1.2082,1.2287,1.2463,1.261,1.2737,1.2835,1.2913,1.2962,1.2991,1.2981,1.2942,1.2884,1.2805,1.2717,1.2639,1.2551,1.2434,1.2297,1.2141,1.1975,1.1799,1.1603,1.1408,1.1222,1.1036,1.087,1.0723,1.0616,1.0557,1.0489,1.045,1.045,1.0508,1.0626,1.0811,1.1046,1.132,1.1642,1.2014,1.2375,1.2727,1.3109,1.35,1.3861,1.4174,1.4448,1.4682,1.4936,1.5288,1.5846,1.6716,1.7947,1.9247,2.0665,2.2424,2.4242,2.5904,2.7234,2.8123,2.8543,2.8524,2.8133,2.7458,2.6569,2.565,2.4702,2.3627,2.2493,2.1329,2.0176,1.9042,1.7947,1.6901,1.5904,1.4956,1.4057,1.3226,1.2551,1.1994,1.1447,1.0948,1.0538,1.0244,1.0088,1.0068,1.0176,1.0401,1.0704,1.1075,1.1447,1.1799,1.218,1.2551,1.2893,1.3187,1.3441,1.3636,1.3773,1.3871,1.393,1.3949,1.392,1.3881,1.3832,1.3744,1.3617,1.347,1.3304,1.3128,1.2952,1.2766,1.2581,1.2405,1.2248,1.2131,1.2043,1.1935,1.1828,1.172,1.1623,1.1544,1.1476,1.1437,1.1408,1.1408,1.1437,1.1505,1.1603,1.173,1.1916,1.2151,1.2434,1.2766,1.3138,1.3548,1.3969,1.4379,1.477,1.5112,1.5367,1.5562,1.5748,1.5943,1.6227,1.6696,1.7449,1.8553,2,2.1711,2.3539,2.5308,2.6833,2.7879,2.8485,2.8768,2.869,2.827,2.7566,2.6657,2.5601,2.4457,2.3275,2.2072,2.088,1.9844,1.8993,1.8113,1.7155,1.6188,1.5239,1.4321,1.3451,1.2649,1.1926,1.129,1.0762,1.0362,1.0127,1.0049,1.0088,1.0254,1.0538,1.0919,1.1359,1.1818,1.2268,1.2698,1.3079,1.3402,1.3646,1.3832,1.3978,1.4086,1.4145,1.4174,1.4164,1.4125,1.4057,1.3959,1.3842,1.3715,1.3568,1.3451,1.3343,1.3206,1.305,1.2893,1.2737,1.2581,1.2434,1.2297,1.216,1.2043,1.1926,1.1848,1.1799,1.173,1.1672,1.1642,1.1642,1.1672,1.174,1.1857,1.2014,1.2209,1.2454,1.2708,1.3001,1.3372,1.3812,1.4311,1.4848,1.5396,1.5914,1.6354,1.6706,1.6999,1.7283,1.7654,1.8094,1.871,1.9717,2.1105,2.2796,2.4633,2.6442,2.8016,2.9208,2.9941,3.0205,3.0029,2.958,2.8915,2.8016,2.695,2.5758,2.4487,2.3157,2.1808,2.0469,1.9179,1.7977,1.6862,1.5846,1.5024,1.433,1.3627,1.2952,1.2336,1.1799,1.1369,1.1075,1.0948,1.0997,1.1222,1.1603,1.2033,1.2502,1.3069,1.3666,1.4242,1.4751,1.5161,1.5455,1.5621,1.5679,1.564,1.5523,1.5337,1.5152,1.4956,1.4721,1.4477,1.4233,1.4008,1.3803,1.3627,1.347,1.3333,1.3196,1.3079,1.2991,1.2923,1.2835,1.2737,1.263,1.2542,1.2473,1.2414,1.2366,1.2336,1.2336,1.2366,1.2424,1.2522,1.2659,1.2854,1.3118,1.347,1.39,1.4399,1.4946,1.5513,1.6061,1.6579,1.7048,1.741,1.7674,1.7908,1.8084,1.8192,1.826,1.8358,1.8583,1.9042,1.9824,2.0968,2.2463,2.4194,2.5748,2.7116,2.8504,2.9668,3.0459,3.0841,3.0821,3.0459,2.9814,2.8974,2.7986,2.6911,2.5885,2.4878,2.3763,2.261,2.1437,2.0264,1.911,1.7996,1.6911,1.5865,1.4878,1.3949,1.3089,1.2395,1.1828,1.1271,1.0772,1.0371,1.0088,0.99218,0.98631,0.98925,0.99902,1.0147,1.0332,1.0528,1.0723,1.0919,1.1114,1.129,1.1437,1.1564,1.1662,1.174,1.1789,1.1808,1.1808,1.1789,1.1779,1.1769,1.172,1.1652,1.1564,1.1476,1.1388,1.13,1.1212,1.1124,1.1026,1.0919,1.085,1.0802,1.0733,1.0665,1.0606,1.0557,1.0528,1.0538,1.0567,1.0626,1.0704,1.0802,1.0929,1.1085,1.1271,1.1505,1.1779,1.2111,1.2483,1.2874,1.3265,1.3617,1.393,1.4184,1.4389,1.4555,1.4761,1.5103,1.5689,1.6618,1.7918,1.957,2.1466,2.3421,2.5249,2.6784,2.7908,2.8563,2.8778,2.8631,2.8201,2.7537,2.6696,2.5718,2.4663,2.3568,2.2454,2.1349,2.0254,1.9189,1.827,1.7439,1.6559,1.5689,1.4839,1.4027,1.3275,1.259,1.1975,1.1447,1.1007,1.0665,1.0459,1.0371,1.0342,1.0401,1.0528,1.0704,1.0929,1.1173,1.1427,1.1681,1.1916,1.2121,1.2297,1.2444,1.2561,1.2659,1.2737,1.2786,1.2805,1.2805,1.2776,1.2717,1.263,1.2522,1.2385,1.2268,1.217,1.2053,1.1926,1.1799,1.1672,1.1544,1.1427,1.131,1.1193,1.1085,1.0987,1.0909,1.089,1.0899,1.0919,1.0968,1.1046,1.1173,1.1349,1.1584,1.1877,1.2229,1.2639,1.3089,1.35,1.3891,1.4311,1.4731,1.5112,1.5435,1.5699,1.5934,1.6188,1.6549,1.7136,1.8016,1.9238,2.0499,2.1838,2.3451,2.5103,2.6569,2.7703,2.8416,2.869,2.8543,2.8065,2.7331,2.6422,2.5503,2.4575,2.3539,2.2454,2.1359,2.0264,1.9189,1.8143,1.7126,1.6168,1.5249,1.4379,1.3568,1.2913,1.2375,1.1838,1.1349,1.0958,1.0684,1.0528,1.0489,1.0557,1.0733,1.0978,1.1271,1.1564,1.1848,1.2141,1.2414,1.2659,1.2864,1.3021,1.3128,1.3187,1.3206,1.3187,1.3138,1.3079,1.303,1.2991,1.2942,1.2874,1.2796,1.2698,1.259,1.2463,1.2317,1.2151,1.1984,1.1818,1.1691,1.1603,1.1505,1.1427,1.1359,1.13,1.1251,1.1212,1.1183,1.1173,1.1183,1.1222,1.131,1.1427,1.1593,1.1818,1.2092,1.2424,1.2796,1.3196,1.3617,1.4027,1.4418,1.478,1.5093,1.5327,1.5523,1.5728,1.5992,1.6413,1.7077,1.8074,1.9423,2.1075,2.2913,2.4761,2.6432,2.7761,2.8592,2.8993,2.9071,2.8817,2.826,2.7468,2.652,2.5464,2.435,2.3216,2.2072,2.0948,1.9971,1.9091,1.8162,1.7234,1.6334,1.5474,1.4663,1.391,1.3236,1.2649,1.216,1.1789,1.1544,1.1447,1.1466,1.1584,1.1789,1.2063,1.2405,1.2786,1.3167,1.3519,1.3832,1.4106,1.4321,1.4487,1.4604,1.4692,1.4741,1.4751,1.4731,1.4682,1.4614,1.4536,1.4457,1.436,1.4252,1.4164,1.4086,1.3969,1.3822,1.3675,1.3539,1.3412,1.3294,1.3177,1.3079,1.2991,1.2913,1.2854,1.2825,1.2815,1.2805,1.2815,1.2864,1.2952,1.3089,1.3294,1.3587,1.3949,1.437,1.4829,1.5249,1.564,1.6041,1.6432,1.6784,1.7087,1.7331,1.7527,1.7683,1.782,1.7986,1.8289,1.8817,1.9453,2.0303,2.1584,2.3196,2.4966,2.6716,2.827,2.9492,3.0293,3.0645,3.0587,3.0186,2.9599,2.8876,2.7996,2.7009,2.5982,2.4936,2.3891,2.2845,2.1799,2.0772,1.9765,1.8788,1.784,1.7038,1.6334,1.5591,1.4868,1.4203,1.3607,1.3109,1.2717,1.2434,1.2268,1.2219,1.2278,1.2405,1.26,1.2854,1.3148,1.346,1.3773,1.4057,1.4311,1.4536,1.0039,0.98338,0.96285,0.9433,0.92375,0.90616,0.88954,0.87586,0.86413,0.85337,0.84262,0.83578,0.83187,0.82502,0.8172,0.81036,0.8045,0.79961,0.79472,0.78983,0.78495,0.78006,0.77517,0.77419,0.77517,0.77517,0.77517,0.77517,0.77713,0.78104,0.78495,0.79081,0.79863,0.81036,0.83284,0.8739,0.92766,1.0049,1.129,1.303,1.5259,1.7898,2.0782,2.3695,2.6422,2.8778,3.0616,3.1896,3.2571,3.2786,3.2717,3.2375,3.1818,3.1095,3.0244,2.9286,2.825,2.7136,2.5973,2.4761,2.3519,2.2395,2.1339,2.0205,1.9052,1.7937,1.6882,1.5904,1.5024,1.4223,1.3519,1.2903,1.2366,1.1965,1.1662,1.1398,1.1173,1.1007,1.089,1.0821,1.0782,1.0782,1.0811,1.088,1.0968,1.1065,1.1183,1.132,1.1476,1.1632,1.1789,1.1935,1.2072,1.2199,1.2297,1.2375,1.2678,1.3079,1.3275,1.3353,1.3363,1.3314,1.3236,1.3148,1.305,1.2942,1.2825,1.2708,1.26,1.2493,1.2414,1.2356,1.2287,1.2209,1.2141,1.2072,1.2004,1.1926,1.1838,1.176,1.1672,1.1584,1.1486,1.1417,1.1369,1.131,1.1241,1.1173,1.1105,1.1046,1.0997,1.0958,1.0919,1.089,1.087,1.088,1.0909,1.0938,1.0987,1.1075,1.1202,1.1398,1.1681,1.2092,1.2678,1.348,1.4536,1.5846,1.7146,1.8495,2.0117,2.1838,2.349,2.4936,2.609,2.6901,2.738,2.7556,2.7478,2.7214,2.6843,2.6383,2.5836,2.522,2.4565,2.3871,2.3157,2.2444,2.173,2.1056,2.0411,1.9814,1.9277,1.8827,1.8446,1.8084,1.7742,1.7419,1.7126,1.6862,1.6628,1.6432,1.6256,1.6109,1.5982,1.5875,1.5787,1.5718,1.565,1.5601,1.5572,1.5543,1.5513,1.5484,1.5445,1.5406,1.5347,1.5288,1.522,1.5142,1.5044,1.4936,1.4829,1.4721,1.4624,1.4545,1.4477,1.4409,1.435,1.4291,1.4242,1.4194,1.4135,1.4057,1.3969,1.3871,1.3773,1.3666,1.3558,1.3451,1.3353,1.3265,1.3187,1.3138,1.3109,1.3079,1.305,1.303,1.3021,1.3021,1.303,1.305,1.3079,1.3109,1.3148,1.3187,1.3236,1.3275,1.3304,1.3333,1.3363,1.3382,1.3412,1.3441,1.349,1.3558,1.3666,1.3803,1.3949,1.4125,1.437,1.4692,1.5112,1.564,1.6276,1.7038,1.7918,1.8876,1.9853,2.0811,2.1574,2.216,2.2708,2.3128,2.3392,2.35,2.3451,2.3265,2.2962,2.2561,2.2072,2.1525,2.0938,2.0381,1.9834,1.9238,1.8622,1.8016,1.7429,1.6872,1.6354,1.5875,1.5435,1.5044,1.4692,1.4399,1.4154,1.39,1.3646,1.3402,1.3177,1.2972,1.2776,1.261,1.2463,1.2336,1.2229,1.216,1.2111,1.2063,1.2023,1.1984,1.1955,1.1935,1.1926,1.1916,1.1906,1.1896,1.1887,1.1877,1.1867,1.1867,1.1848,1.1818,1.1779,1.173,1.1672,1.1613,1.1554,1.1496,1.1437,1.1388,1.1369,1.1359,1.1339,1.131,1.1281,1.1241,1.1202,1.1163,1.1105,1.1046,1.0987,1.0929,1.087,1.0831,1.0811,1.0762,1.0704,1.0645,1.0577,1.0508,1.044,1.0381,1.0332,1.0293,1.0254,1.0254,1.0274,1.0293,1.0342,1.0479,1.0733,1.1202,1.2014,1.3216,1.4819,1.6813,1.911,2.1574,2.3715,2.5572,2.7439,2.9052,3.0293,3.1105,3.1505,3.1564,3.1339,3.0909,3.0323,2.9638,2.8925,2.8201,2.74,2.6569,2.5709,2.4839,2.3969,2.3099,2.2229,2.1378,2.0547,1.9756,1.9003,1.8368,1.7801,1.7224,1.6676,1.6168,1.5709,1.5298,1.4936,1.4624,1.437,1.4164,1.3998,1.3891,1.3822,1.3763,1.3734,1.3724,1.3724,1.3744,1.3783,1.3812,1.3842,1.3871,1.3891,1.391,1.393,1.3949,1.3959,1.3949,1.393,1.3891,1.3842,1.3783,1.3724,1.3656,1.3578,1.349,1.3412,1.3343,1.3245,1.3138,1.3021,1.2903,1.2786,1.2669,1.2561,1.2454,1.2336,1.2219,1.2111,1.2023,1.1945,1.1848,1.173,1.1613,1.1496,1.1388,1.13,1.1241,1.1193,1.1153,1.1124,1.1114,1.1134,1.1144,1.1144,1.1144,1.1134,1.1105,1.1075,1.1056,1.1105,1.131,1.1779,1.262,1.3656,1.4995,1.694,1.9355,2.2043,2.479,2.738,2.9638,3.1447,3.2766,3.3607,3.4037,3.4096,3.39,3.3548,3.305,3.2424,3.1691,3.087,2.9971,2.9022,2.8035,2.7019,2.5973,2.4907,2.3939,2.303,2.2053,2.1056,2.0078,1.915,1.8289,1.7507,1.6813,1.6207,1.5689,1.5259,1.4927,1.4663,1.4418,1.4213,1.4037,1.3891,1.3783,1.3695,1.3627,1.3578,1.3539,1.3519,1.3509,1.3519,1.3539,1.3568,1.3607,1.3666,1.3724,1.3793,1.3871,1.3939,1.4008,1.4076,1.4115,1.4145,1.4164,1.4164,1.4135,1.4096,1.4037,1.3969,1.3881,1.3793,1.3695,1.3587,1.348,1.3402,1.3333,1.3255,1.3167,1.3079,1.2991,1.2903,1.2805,1.2698,1.259,1.2483,1.2356,1.2229,1.2121,1.2023,1.1906,1.1789,1.1662,1.1544,1.1437,1.1339,1.1261,1.1202,1.1153,1.1124,1.1124,1.1163,1.1271,1.1515,1.2004,1.2815,1.4037,1.5709,1.7801,2.0235,2.2854,2.5474,2.7918,2.9785,3.1173,3.2366,3.3245,3.3783,3.3998,3.3939,3.3666,3.3226,3.2659,3.1984,3.1232,3.0479,2.9707,2.8856,2.7957,2.7038,2.6119,2.521,2.4311,2.3431,2.2561,2.1701,2.0841,1.998,1.9208,1.8475,1.7674,1.6843,1.6022,1.5239,1.4477,1.3754,1.3079,1.2463,1.1906,1.1173,1.0459,1.0029,0.97263,0.95015,0.93451,0.92669,0.92473,0.92766,0.93744,0.95112,0.96872,0.98925,1.0117,1.0332,1.0538,1.0743,1.0948,1.1144,1.132,1.1476,1.1593,1.1681,1.174,1.1769,1.176,1.174,1.1711,1.1662,1.1603,1.1525,1.1437,1.1359,1.1281,1.1202,1.1124,1.1056,1.0997,1.0948,1.0919,1.0899,1.086,1.0821,1.0782,1.0743,1.0704,1.0665,1.0626,1.0587,1.0547,1.0518,1.0499,1.0489,1.045,1.0391,1.0342,1.0332,1.045,1.0782,1.1427,1.2473,1.3949,1.5816,1.7986,1.998,2.1828,2.3812,2.5679,2.7273,2.8534,2.9433,3,3.0264,3.0264,3.0049,2.9658,2.9159,2.8583,2.7918,2.7165,2.6364,2.5513,2.4624,2.3705,2.2786,2.1857,2.0938,2.0039,1.9169,1.8407,1.7722,1.7009,1.6315,1.567,1.5083,1.4545,1.4066,1.3656,1.3294,1.2981,1.2717,1.2532,1.2385,1.2268,1.217,1.2102,1.2072,1.2082,1.2111,1.217,1.2248,1.2336,1.2434,1.2542,1.2649,1.2766,1.2913,1.3079,1.3255,1.3421,1.3578,1.3724,1.3842,1.3949,1.4037,1.4106,1.4154,1.4184,1.4213,1.4242,1.4272,1.4291,1.4311,1.434,1.436,1.4379,1.4409,1.4428,1.4448,1.4457,1.4467,1.4477,1.4487,1.4497,1.4497,1.4487,1.4467,1.4438,1.4399,1.434,1.4272,1.4194,1.4106,1.3988,1.3842,1.3666,1.3451,1.3196,1.2942,1.2727,1.263,1.2766,1.3226,1.3881,1.4809,1.6227,1.8006,1.999,2.2014,2.392,2.5591,2.696,2.7977,2.8661,2.9032,2.913,2.8993,2.868,2.8221,2.7644,2.6979,2.6227,2.5415,2.4565,2.3685,2.2796,2.1887,2.0987,2.0176,1.9413,1.8602,1.7761,1.694,1.6139,1.5367,1.4633,1.3959,1.3353,1.2805,1.2336,1.1955,1.1681,1.1496,1.1349,1.1261,1.1232,1.1251,1.131,1.1408,1.1535,1.1672,1.1808,1.1955,1.2082,1.2199,1.2307,1.2405,1.2483,1.2542,1.259,1.261,1.261,1.259,1.2542,1.2473,1.2385,1.2287,1.219,1.2053,1.1896,1.172,1.1535,1.1359,1.1183,1.1017,1.085,1.0694,1.0528,1.0401,1.0293,1.0156,1.001,0.98631,0.97263,0.95894,0.94526,0.93157,0.91984,0.90909,0.89932,0.8915,0.88856,0.88759,0.88661,0.88661,0.88759,0.91984,0.9697,1,1.0215,1.0381,1.0518,1.0626,1.0714,1.0782,1.0821,1.0841,1.086,1.087,1.087,1.087,1.087,1.089,1.0958,1.1095,1.1349,1.1662,1.2063,1.263,1.3363,1.4233,1.522,1.6295,1.74,1.8475,1.9472,2.0323,2.0987,2.1408,2.1613,2.1691,2.1613,2.1398,2.1075,2.0674,2.0215,1.9726,1.9208,1.8671,1.8123,1.7566,1.7067,1.6608,1.6109,1.5611,1.5132,1.4692,1.4282,1.39,1.3558,1.3255,1.2991,1.2757,1.2581,1.2444,1.2297,1.216,1.2033,1.1906,1.1789,1.1672,1.1574,1.1476,1.1408,1.1349,1.131,1.13,1.131,1.131,1.131,1.13,1.129,1.1271,1.1241,1.1202,1.1153,1.1095,1.1026,1.0978,1.0938,1.088,1.0811,1.0753,1.0694,1.0645,1.0606,1.0567,1.0538,1.0499,1.0459,1.042,1.0401,1.0401,1.0391,1.0381,1.0371,1.0362,1.0342,1.0313,1.0283,1.0254,1.0215,1.0166,1.0137,1.0117,1.0078,1.0029,0.99707,0.9912,0.98631,0.9824,0.98045,0.97947,0.98143,0.98534,0.9912,0.99804,1.0059,1.0166,1.0332,1.0596,1.0997,1.1593,1.2434,1.3539,1.4917,1.651,1.826,1.9814,2.1212,2.2688,2.4047,2.5161,2.5992,2.651,2.6745,2.6725,2.65,2.6119,2.5601,2.5034,2.4418,2.3705,2.2903,2.2043,2.1144,2.0215,1.9267,1.8338,1.7439,1.6579,1.5787,1.5083,1.4526,1.4066,1.3627,1.3236,1.2913,1.2639,1.2424,1.2258,1.2141,1.2063,1.2014,1.2004,1.2014,1.2053,1.2111,1.219,1.2287,1.2395,1.2512,1.2639,1.2766,1.2884,1.3001,1.3109,1.3206,1.3294,1.3372,1.3441,1.349,1.3519,1.3539,1.3529,1.35,1.3451,1.3382,1.3304,1.3226,1.3157,1.3089,1.3001,1.2913,1.2805,1.2688,1.2551,1.2395,1.2219,1.2023,1.1828,1.1632,1.1437,1.1281,1.1134,1.0978,1.0811,1.0645,1.0479,1.0323,1.0176,1.0039,0.9912,0.98045,0.97165,0.96676,0.96481,0.96285,0.96188,0.96188,0.96383,0.96676,0.97165,0.9824,1.0029,1.0411,1.1036,1.1965,1.3001,1.4223,1.5885,1.7849,1.9941,2.2023,2.3939,2.5572,2.6862,2.7781,2.8348,2.8592,2.8563,2.8328,2.7957,2.7458,2.6852,2.6149,2.5376,2.4555,2.3685,2.2786,2.1877,2.0948,2.0196,1.9629,1.8983,1.8201,1.738,1.6559,1.5787,1.5073,1.4438,1.3881,1.3402,1.3011,1.2708,1.2512,1.2395,1.2317,1.2287,1.2317,1.2405,1.2542,1.2717,1.2923,1.3157,1.3402,1.3666,1.392,1.4135,1.433,1.4516,1.4692,1.4839,1.4966,1.5054,1.5122,1.5161,1.5171,1.5152,1.5112,1.5073,1.5024,1.4946,1.4858,1.477,1.4663,1.4555,1.4448,1.434,1.4233,1.4125,1.4008,1.3891,1.3793,1.3705,1.3607,1.35,1.3382,1.3255,1.3128,1.3001,1.2874,1.2737,1.261,1.2483,1.2385,1.2307,1.2219,1.2131,1.2053,1.1984,1.1926,1.1887,1.1848,1.1808,1.1779,1.1789,1.1896,1.2102,1.2512,1.3284,1.4477,1.61,1.8094,2.0323,2.261,2.478,2.6686,2.8221,2.9355,3.001,3.0303,3.0401,3.0283,2.999,2.955,2.8993,2.8348,2.7634,2.6862,2.6051,2.52,2.4399,2.3627,2.2786,2.1906,2.1007,2.0098,1.9208,1.8328,1.7478,1.6657,1.5894,1.5181,1.4536,1.4018,1.3597,1.3196,1.2845,1.2561,1.2346,1.2209,1.2131,1.2102,1.2111,1.216,1.2239,1.2326,1.2434,1.2571,1.2717,1.2874,1.303,1.3177,1.3304,1.3421,1.3509,1.3568,1.3587,1.3578,1.3558,1.3519,1.3451,1.3363,1.3265,1.3157,1.303,1.2893,1.2747,1.2581,1.2405,1.2219,1.2072,1.1945,1.1799,1.1642,1.1486,1.1339,1.1202,1.1085,1.0978,1.088,1.0792,1.0704,1.0616,1.0547,1.0499,1.044,1.0371,1.0313,1.0244,1.0186,1.0137,1.0098,1.0068,1.0049,1.0029,1.0029,1.0039,1.001,0.99707,0.99511,1.001,1.0254,1.0792,1.172,1.3079,1.4858,1.696,1.9218,2.1183,2.2854,2.4497,2.5885,2.6901,2.7546,2.7849,2.7879,2.7683,2.7322,2.6833,2.6246,2.565,2.5024,2.433,2.3578,2.2805,2.2004,2.1183,2.0352,1.9501,1.8651,1.7791,1.695,1.6129,1.5435,1.4819,1.4174,1.3548,1.2962,1.2434,1.1984,1.1613,1.1329,1.1134,1.1017,1.0978,1.0997,1.1065,1.1163,1.13,1.1466,1.1672,1.1896,1.2131,1.2366,1.261,1.2845,1.306,1.3265,1.3431,1.3568,1.3685,1.3783,1.3842,1.3861,1.3851,1.3812,1.3754,1.3675,1.3568,1.3451,1.3343,1.3236,1.3099,1.2942,1.2766,1.259,1.2414,1.2248,1.2092,1.1935,1.1779,1.1632,1.1496,1.1388,1.13,1.1202,1.1105,1.1007,1.0909,1.0811,1.0714,1.0626,1.0538,1.0459,1.0391,1.0352,1.0323,1.0283,1.0235,1.0186,1.0117,1.0039,0.99707,0.99609,1.0068,1.042,1.1105,1.2199,1.3441,1.4888,1.6774,1.8895,2.1026,2.2991,2.4643,2.5904,2.6755,2.7224,2.737,2.7263,2.6989,2.6588,2.608,2.5484,2.4819,2.4106,2.3343,2.2542,2.172,2.088,2.0029,1.9179,1.8416,1.7713,1.695,1.6168,1.5396,1.4643,1.393,1.3265,1.2669,1.2141,1.1691,1.1329,1.1046,1.087,1.0782,1.0733,1.0733,1.0782,1.088,1.1017,1.1193,1.1398,1.1632,1.1877,1.2141,1.2395,1.263,1.2874,1.3109,1.3324,1.3509,1.3666,1.3793,1.3881,1.3939,1.3959,1.3949,1.391,1.3851,1.3783,1.3695,1.3578,1.3451,1.3304,1.3157,1.3001,1.2835,1.2659,1.2493,1.2326,1.219,1.2072,1.1926,1.1769,1.1613,1.1457,1.132,1.1183,1.1056,1.0948,1.085,1.0762,1.0684,1.0635,1.0606,1.0567,1.0547,1.0538,1.0528,1.0528,1.0518,1.0508,1.0479,1.0469,1.0538,1.0714,1.1065,1.175,1.2835,1.435,1.6227,1.8338,2.0518,2.26,2.4428,2.5894,2.697,2.7664,2.7986,2.8035,2.7918,2.7654,2.7263,2.6784,2.6237,2.563,2.4976,2.4291,2.3578,2.2835,2.2141,2.1466,2.0723,1.9951,1.9169,1.8397,1.7644,1.6911,1.6207,1.5543,1.4936,1.4389,1.3891,1.3509,1.3206,1.2933,1.2698,1.2512,1.2375,1.2268,1.2199,1.216,1.2151,1.217,1.2209,1.2258,1.2326,1.2414,1.2532,1.2659,1.2815,1.2981,1.3167,1.3363,1.3558,1.3754,1.3939,1.4115,1.4262,1.4379,1.4497,1.4594,1.4673,1.4721,1.4751,1.4751,1.4731,1.4702,1.4653,1.4594,1.4526,1.4457,1.437,1.4262,1.4154,1.4037,1.391,1.3783,1.3656,1.3529,1.3402,1.3284,1.3167,1.3079,1.3001,1.2913,1.2825,1.2727,1.2639,1.2561,1.2483,1.2405,1.2317,1.2209,1.2102,1.2043,1.2063,1.2248,1.2717,1.3558,1.4819,1.6481,1.8456,2.0587,2.2698,2.4633,2.6276,2.7556,2.8377,2.8837,2.911,2.9169,2.9032,2.8729,2.828,2.7713,2.7048,2.6315,2.5513,2.4673,2.3988,2.3363,2.2561,2.1681,2.0762,1.9824,1.8886,1.7977,1.7087,1.6227,1.5415,1.4653,1.3949,1.3382,1.2903,1.2424,1.1984,1.1613,1.131,1.1095,1.0968,1.0929,1.0968,1.1085,1.1281,1.1515,1.1779,1.2111,1.2493,1.2893,1.3294,1.3685,1.4057,1.4379,1.4633,1.4839,1.5005,1.5112,1.5181,1.522,1.5239,1.523,1.5191,1.5122,1.5034,1.4917,1.477,1.4594,1.4389,1.4154,1.3939,1.3734,1.349,1.3236,1.2972,1.2717,1.2463,1.2219,1.1975,1.174,1.1525,1.132,1.1153,1.1026,1.088,1.0733,1.0596,1.0469,1.0371,1.0283,1.0225,1.0186,1.0166,1.0156,1.0147,1.0156,1.0176,1.0205,1.0293,1.0538,1.1065,1.1984,1.3343,1.5142,1.7292,1.9648,2.2014,2.3949,2.5523,2.6989,2.8182,2.9032,2.9541,2.9746,2.9687,2.9413,2.8964,2.8377,2.7674,2.6882,2.6109,2.5327,2.4457,2.3539,2.259,2.1632,2.0684,1.9746,1.8827,1.7928,1.7058,1.6217,1.5523,1.4917,1.4282,1.3685,1.3138,1.2659,1.2258,1.1935,1.1691,1.1515,1.1417,1.1388,1.1417,1.1496,1.1613,1.1769,1.1965,1.218,1.2395,1.262,1.2835,1.304,1.3216,1.3372,1.3509,1.3617,1.3695,1.3754,1.3793,1.3803,1.3783,1.3744,1.3695,1.3627,1.3548,1.3451,1.3343,1.3226,1.3128,1.303,1.2913,1.2776,1.263,1.2483,1.2336,1.2199,1.2063,1.1935,1.1818,1.1711,1.1632,1.1574,1.1496,1.1408,1.1329,1.1241,1.1144,1.1046,1.0948,1.085,1.0762,1.0684,1.0606,1.0547,1.0489,1.0401,1.0332,1.0371,1.0606,1.1163,1.2141,1.3568,1.5415,1.7586,1.9912,2.1926,2.3656,2.5386,2.6882,2.8045,2.8847,2.9306,2.9453,2.9345,2.9032,2.8543,2.7928,2.7204,2.6481,2.5748,2.4917,2.4037,2.3128,2.2199,2.1261,2.0323,1.9384,1.8465,1.7566,1.6696,1.5953,1.5298,1.4624,1.3969,1.3363,1.2835,1.2385,1.2023,1.174,1.1535,1.1408,1.1349,1.1339,1.1388,1.1476,1.1603,1.1769,1.1965,1.218,1.2405,1.263,1.2854,1.306,1.3255,1.3431,1.3578,1.3695,1.3803,1.3881,1.392,1.3939,1.393,1.39,1.3842,1.3754,1.3646,1.3519,1.3372,1.3245,1.3128,1.2991,1.2845,1.2688,1.2542,1.2366,1.217,1.2004,1.1857,1.172,1.1593,1.1505,1.1427,1.1329,1.1222,1.1114,1.0997,1.088,1.0762,1.0645,1.0538,1.044,1.0352,1.0293,1.0244,1.0166,1.0078,1.0049,1.0156,1.0528,1.1261,1.2434,1.4057,1.6061,1.8319,2.0645,2.26,2.4223,2.5787,2.7087,2.8055,2.8671,2.8964,2.8983,2.8778,2.8387,2.7859,2.7224,2.6559,2.5865,2.5083,2.4242,2.3353,2.2444,2.1515,2.0587,1.9658,1.8749,1.7859,1.6989,1.6168,1.5474,1.4878,1.4262,1.3675,1.3148,1.2698,1.2336,1.2053,1.1848,1.172,1.1672,1.1691,1.176,1.1867,1.2014,1.2199,1.2414,1.2649,1.2893,1.3128,1.3353,1.3568,1.3763,1.3939,1.4086,1.4203,1.4291,1.437,1.4418,1.4448,1.4438,1.4409,1.435,1.4282,1.4194,1.4096,1.3978,1.3881,1.3783,1.3656,1.3519,1.3372,1.3226,1.3079,1.2933,1.2796,1.2659,1.2532,1.2414,1.2307,1.2229,1.217,1.2102,1.2033,1.1965,1.1896,1.1828,1.1769,1.172,1.1672,1.1623,1.1564,1.1525,1.1496,1.1486,1.1584,1.1877,1.2483,1.349,1.4927,1.6755,1.8876,2.1134,2.3353,2.5386,2.6931,2.8065,2.9022,2.9717,3.0108,3.0215,3.0078,2.9746,2.9267,2.8661,2.7957,2.7195,2.6442,2.5679,2.4839,2.3949,2.303,2.2092,2.1153,2.0215,1.9286,1.8377,1.7498,1.6657,1.5865,1.521,1.4643,1.4057,1.35,1.3011,1.26,1.2268,1.2033,1.1896,1.1848,1.1877,1.1975,1.2102,1.2258,1.2454,1.2659,1.2864,1.306,1.3236,1.3382,1.348,1.3539,1.3558,1.3548,1.35,1.3451,1.3392,1.3304,1.3187,1.3069,1.2942,1.2805,1.2669,1.2532,1.2395,1.2258,1.2121,1.2014,1.1926,1.1818,1.1701,1.1574,1.1447,1.1329,1.1212,1.1105,1.1007,1.0909,1.0831,1.0743,1.0684,1.0645,1.0587,1.0508,1.044,1.0371,1.0303,1.0244,1.0186,1.0117,1.0029,0.99218,0.98436,0.97947,0.97947,0.99609,1.042,1.1271,1.2571,1.4311,1.6413,1.8719,2.1046,2.3226,2.4917,2.6207,2.7331,2.8182,2.871,2.8935,2.8895,2.8622,2.8172,2.7586,2.6891,2.6109,2.5279,2.4477,2.3685,2.2815,2.1896,2.0958,2.001,1.9081,1.8162,1.7263,1.6393,1.5572,1.48,1.4174,1.3675,1.3206,1.2737,1.2317,1.1965,1.1681,1.1476,1.1349,1.1281,1.1281,1.1339,1.1427,1.1544,1.1681,1.1838,1.2004,1.217,1.2326,1.2473,1.261,1.2737,1.2845,1.2942,1.3021,1.3089,1.3157,1.3216,1.3255,1.3284,1.3304,1.3314,1.3314,1.3304,1.3275,1.3236,1.3177,1.3109,1.305,1.2991,1.2903,1.2796,1.2678,1.2542,1.2405,1.2258,1.2102,1.1945,1.1799,1.1652,1.1535,1.1447,1.1339,1.1212,1.1085,1.0958,1.0841,1.0733,1.0626,1.0518,1.0411,1.0283,1.0156,1.0068,1.0049,1.0137,1.045,1.1114,1.219,1.3695,1.5572,1.7703,1.9922,2.2053,2.3959,2.5376,2.6393,2.7224,2.7791,2.8084,2.8123,2.7937,2.7576,2.7067,2.6432,2.5709,2.4907,2.4047,2.3236,2.2454,2.1593,2.0694,1.9785,1.8886,1.8006,1.7146,1.6325,1.5543,1.4809,1.4125,1.3578,1.3128,1.2678,1.2278,1.1935,1.1662,1.1457,1.131,1.1222,1.1193,1.1222,1.129,1.1388,1.1505,1.1652,1.1818,1.2004,1.2199,1.2395,1.2581,1.2757,1.2913,1.306,1.3177,1.3265,1.3333,1.3382,1.3412,1.3402,1.3363,1.3294,1.3206,1.3099,1.2972,1.2835,1.2698,1.2551,1.2395,1.2278,1.217,1.2043,1.1916,1.1789,1.1662,1.1544,1.1437,1.1329,1.1241,1.1153,1.1075,1.1036,1.1017,1.0978,1.0938,1.089,1.0841,1.0802,1.0762,1.0714,1.0645,1.0567,1.0499,1.0469,1.0538,1.0762,1.1261,1.2141,1.3431,1.5122,1.7126,1.9286,2.1447,2.3441,2.5161,2.654,2.7458,2.8006,2.8358,2.8495,2.8426,2.8152,2.7722,2.7175,2.653,2.5806,2.5015,2.4184,2.3314,2.2512,2.174,2.089,2.001,1.912,1.824,1.737,1.653,1.5738,1.4995,1.4311,1.3685,1.3196,1.2796,1.2424,1.2102,1.1838,1.1642,1.1515,1.1457,1.1457,1.1505,1.1593,1.172,1.1867,1.2023,1.2199,1.2395,1.259,1.2786,1.2981,1.3167,1.3324,1.346,1.3578,1.3666,1.3724,1.3763,1.3783,1.3773,1.3744,1.3695,1.3627,1.3539,1.3441,1.3333,1.3216,1.3089,1.2962,1.2854,1.2766,1.2659,1.2551,1.2444,1.2346,1.2258,1.217,1.2092,1.2014,1.1945,1.1887,1.1828,1.1789,1.1769,1.174,1.1711,1.1691,1.1672,1.1652,1.1652,1.1652,1.1613,1.1593,1.1672,1.1877,1.2307,1.3128,1.4389,1.609,1.8152,2.043,2.2757,2.4956,2.6901,2.8485,2.9668,3.0459,3.0841,3.0919,3.0802,3.0489,3.002,2.9413,2.871,2.7928,2.7087,2.6197,2.5269,2.433,2.347,2.2649,2.176,2.085,1.9951,1.9062,1.8201,1.738,1.6608,1.5904,1.5279,1.4721,1.4252,1.391,1.3675,1.349,1.3363,1.3304,1.3284,1.3314,1.3363,1.3421,1.349,1.3539,1.3578,1.3597,1.3607,1.3597,1.3568,1.3539,1.3509,1.348,1.346,1.3431,1.3412,1.3382,1.3353,1.3314,1.3284,1.3265,1.3236,1.3196,1.3148,1.3079,1.3011,1.2942,1.2874,1.2796,1.2717,1.2639,1.2581,1.2532,1.2463,1.2385,1.2297,1.2209,1.2131,1.2043,1.1955,1.1867,1.176,1.1652,1.1544,1.1466,1.1398,1.132,1.1232,1.1134,1.1036,1.0929,1.0811,1.0684,1.0587,1.0587,1.0792,1.1183,1.1857,1.3011,1.4633,1.6647,1.8905,2.1241,2.347,2.5435,2.7038,2.824,2.9052,2.9501,2.9629,2.9501,2.9208,2.8768,2.8201,2.7537,2.6784,2.5973,2.5103,2.4194,2.3265,2.2326,2.1476,2.0684,1.9824,1.8954,1.8084,1.7234,1.6413,1.563,1.4897,1.4223,1.3617,1.3079,1.262,1.2287,1.2033,1.1808,1.1623,1.1486,1.1388,1.1329,1.13,1.129,1.131,1.1349,1.1408,1.1476,1.1554,1.1642,1.174,1.1848,1.1955,1.2053,1.2141,1.2219,1.2287,1.2336,1.2375,1.2414,1.2444,1.2444,1.2434,1.2405,1.2366,1.2317,1.2258,1.2199,1.2131,1.2053,1.1975,1.1896,1.1848,1.1808,1.176,1.1701,1.1642,1.1574,1.1505,1.1447,1.1378,1.131,1.1251,1.1193,1.1163,1.1144,1.1105,1.1056,1.1007,1.0958,1.0899,1.0821,1.0714,1.0606,1.0547,1.0606,1.089,1.1359,1.2121,1.3363,1.5064,1.7126,1.9394,2.1701,2.3871,2.5767,2.7302,2.8446,2.9218,2.9599,2.9687,2.9599,2.9326,2.8895,2.8338,2.7664,2.6911,2.609,2.521,2.4301,2.3363,2.2405,2.1544,2.0733,1.9853,1.8944,1.8045,1.7165,1.6315,1.5503,1.4741,1.4047,1.3412,1.2845,1.2405,1.2063,1.172,1.1417,1.1163,1.0958,1.0802,1.0694,1.0626,1.0616,1.0665,1.0753,1.089,1.1056,1.1114,1.1144,1.1271,1.1447,1.1642,1.1838,1.2014,1.217,1.2307,1.2414,1.2512,1.259,1.2639,1.2669,1.2669,1.2649,1.262,1.2571,1.2502,1.2424,1.2346,1.2258,1.216,1.2063,1.1975,1.1896,1.1789,1.1662,1.1525,1.1369,1.1222,1.1085,1.0948,1.0821,1.0694,1.0567,1.0469,1.0381,1.0264,1.0147,1.0029,0.99218,0.98338,0.97458,0.96481,0.95406,0.94624,0.94917,0.97165,1.0127,1.0802,1.1935,1.3529,1.5494,1.7703,1.9971,2.2151,2.4096,2.5709,2.696,2.784,2.8328,2.8524,2.8543,2.8377,2.8025,2.7527,2.6911,2.6207,2.5425,2.4585,2.3705,2.2796,2.1867,2.1017,2.0215,1.9345,1.8446,1.7546,1.6657,1.5797,1.4985,1.4223,1.3509,1.2864,1.2297,1.1867,1.1525,1.1202,1.0919,1.0684,1.0508,1.0391,1.0332,1.0332,1.0381,1.0479,1.0626,1.0811,1.1007,1.1212,1.1447,1.1691,1.1926,1.216,1.2375,1.2571,1.2737,1.2874,1.2981,1.305,1.3099,1.3118,1.3109,1.3079,1.303,1.2962,1.2884,1.2786,1.2688,1.2581,1.2473,1.2366,1.2268,1.2199,1.2141,1.2072,1.1994,1.1916,1.1828,1.173,1.1632,1.1535,1.1437,1.1349,1.1271,1.1222,1.1183,1.1134,1.1085,1.1056,1.1026,1.0997,1.0958,1.0909,1.086,1.085,1.0948,1.1163,1.1593,1.2395,1.3627,1.5269,1.7273,1.9482,2.174,2.3881,2.5758,2.7292,2.8446,2.9208,2.957,2.9629,2.9501,2.9179,2.869,2.8074,2.7341,2.653,2.566,2.4741,2.3793,2.2825,2.1935,2.1105,2.0196,1.9267,1.8338,1.7429,1.6549,1.5718,1.4936,1.4223,1.3578,1.303,1.2581,1.2278,1.2082,1.1965,1.1935,1.1994,1.2131,1.2346,1.261,1.2913,1.3236,1.3558,1.3861,1.4115,1.433,1.4536,1.4712,1.4858,1.4956,1.5024,1.5054,1.5054,1.5015,1.4956,1.4878,1.477,1.4673,1.4565,1.4428,1.4262,1.4086,1.39,1.3715,1.3519,1.3333,1.3148,1.2981,1.2825,1.2708,1.262,1.2512,1.2405,1.2297,1.219,1.2072,1.1965,1.1848,1.172,1.1593,1.1476,1.1359,1.1271,1.1202,1.1124,1.1036,1.0948,1.087,1.0782,1.0694,1.0587,1.0459,1.0352,1.0332,1.044,1.0753,1.1417,1.2522,1.4076,1.6012,1.8201,2.0489,2.2708,2.4682,2.6285,2.7488,2.8309,2.8729,2.8856,2.8798,2.8553,2.8152,2.7625,2.6989,2.6276,2.5494,2.4673,2.3812,2.2942,2.2141,2.1378,2.0557,1.9707,1.8847,1.7996,1.7165,1.6364,1.5591,1.4858,1.4184,1.3578,1.304,1.262,1.2297,1.2004,1.176,1.1574,1.1447,1.1378,1.1359,1.1398,1.1476,1.1584,1.172,1.1857,1.2004,1.2151,1.2307,1.2454,1.2581,1.2698,1.2786,1.2845,1.2884,1.2903,1.2893,1.2864,1.2845,1.2815,1.2766,1.2688,1.26,1.2493,1.2385,1.2258,1.2131,1.1994,1.1857,1.172,1.1613,1.1535,1.1427,1.131,1.1202,1.1095,1.0987,1.089,1.0792,1.0704,1.0626,1.0557,1.0499,1.0469,1.0459,1.043,1.0391,1.0362,1.0332,1.0313,1.0283,1.0244,1.0196,1.0147,1.0156,1.0274,1.0557,1.1134,1.2102,1.348,1.5239,1.7283,1.9462,2.1623,2.3597,2.5279,2.6608,2.7576,2.8133,2.8377,2.8446,2.8328,2.8035,2.7595,2.7019,2.6344,2.5591,2.478,2.392,2.3021,2.2199,2.1427,2.0577,1.9707,1.8817,1.7937,1.7067,1.6237,1.5445,1.4702,1.4008,1.3382,1.2893,1.2512,1.2141,1.1818,1.1574,1.1398,1.129,1.1251,1.1271,1.1329,1.1437,1.1574,1.174,1.1916,1.2092,1.2287,1.2483,1.2678,1.2854,1.3021,1.3167,1.3284,1.3372,1.3441,1.348,1.35,1.35,1.349,1.346,1.3412,1.3343,1.3255,1.3157,1.305,1.2933,1.2805,1.2678,1.2551,1.2444,1.2356,1.2248,1.2141,1.2023,1.1916,1.1799,1.1691,1.1584,1.1486,1.1388,1.129,1.1222,1.1163,1.1085,1.0997,1.0919,1.0841,1.0772,1.0714,1.0665,1.0616,1.0557,1.0499,1.044,1.044,1.0538,1.0811,1.1359,1.2278,1.3597,1.5298,1.7283,1.9404,2.1496,2.3421,2.5073,2.6256,2.7058,2.7683,2.8074,2.8231,2.8152,2.7889,2.7458,2.6901,2.6246,2.5513,2.4712,2.3871,2.3079,2.2307,2.1466,2.0587,1.9687,1.8778,1.7879,1.7009,1.6168,1.5367,1.4624,1.3939,1.3402,1.2962,1.2542,1.216,1.1848,1.1603,1.1417,1.13,1.1241,1.1241,1.129,1.1398,1.1535,1.1691,1.1857,1.2053,1.2258,1.2473,1.2678,1.2874,1.306,1.3216,1.3343,1.3441,1.3509,1.3558,1.3578,1.3587,1.3587,1.3558,1.35,1.3421,1.3333,1.3226,1.3109,1.2981,1.2845,1.2708,1.259,1.2493,1.2366,1.2219,1.2082,1.1945,1.1808,1.1672,1.1544,1.1427,1.132,1.1222,1.1153,1.1114,1.1056,1.0987,1.0919,1.085,1.0782,1.0723,1.0665,1.0606,1.0547,1.0479,1.042,1.0411,1.0499,1.0733,1.1222,1.2063,1.3304,1.4936,1.6891,1.9042,2.1222,2.3284,2.5103,2.6442,2.74,2.8192,2.8739,2.9032,2.9081,2.8935,2.8602,2.8133,2.7546,2.6862,2.6109,2.5298,2.4526,2.3763,2.2913,2.2023,2.1124,2.0215,1.9306,1.8416,1.7556,1.6735,1.5973,1.5269,1.4702,1.4242,1.3803,1.3402,1.3069,1.2805,1.261,1.2483,1.2414,1.2414,1.2463,1.2561,1.2678,1.2815,1.2972,1.3138,1.3314,1.348,1.3646,1.3793,1.392,1.4037,1.4125,1.4194,1.4233,1.4252,1.4262,1.4242,1.4213,1.4164,1.4096,1.4018,1.393,1.3832,1.3724,1.3607,1.348,1.3372,1.3275,1.3157,1.303,1.2903,1.2786,1.2669,1.2551,1.2434,1.2317,1.2199,1.2092,1.1994,1.1916,1.1857,1.1779,1.1701,1.1623,1.1544,1.1476,1.1417,1.1369,1.1329,1.1281,1.1222,1.1183,1.1153,1.1144,1.1232,1.1515,1.2111,1.3089,1.4467,1.6217,1.8231,2.0371,2.2483,2.4428,2.5904,2.6999,2.7947,2.8641,2.9062,2.9218,2.914,2.8866,2.8436,2.7879,2.7234,2.651,2.5787,2.5064,2.4252,2.3392,2.2502,2.1593,2.0674,1.9756,1.8847,1.7957,1.7087,1.6256,1.5464,1.4809,1.4252,1.3695,1.3167,1.2698,1.2297,1.1975,1.173,1.1554,1.1447,1.1388,1.1398,1.1457,1.1544,1.1662,1.1799,1.1955,1.2131,1.2297,1.2463,1.262,1.2766,1.2884,1.2981,1.306,1.3118,1.3157,1.3167,1.3148,1.3109,1.304,1.2952,1.2864,1.2757,1.2649,1.2532,1.2405,1.2307,1.2219,1.2102,1.1975,1.1838,1.1711,1.1593,1.1476,1.1369,1.1261,1.1163,1.1065,1.0968,1.0899,1.086,1.0792,1.0723,1.0645,1.0567,1.0489,1.042,1.0352,1.0283,1.0225,1.0156,1.0108,1.0068,1.002,1.001,1.0137,1.0489,1.1173,1.2248,1.3724,1.5533,1.7576,1.9697,2.176,2.3412,2.4721,2.5924,2.6891,2.7576,2.7967,2.8094,2.7986,2.7801,2.7517,2.7019,2.6364,2.5689,2.4985,2.4174,2.3304,2.2395,2.1466,2.0528,1.958,1.8651,1.7742,1.6872,1.6031,1.5239,1.4585,1.4027,1.346,1.2923,1.2444,1.2033,1.1701,1.1437,1.1251,1.1134,1.1085,1.1095,1.1153,1.1241,1.1359,1.1505,1.1672,1.1848,1.2033,1.2219,1.2405,1.259,1.2757,1.2893,1.3011,1.3099,1.3167,1.3226,1.3255,1.3265,1.3245,1.3206,1.3148,1.306,1.2962,1.2845,1.2717,1.262,1.2522,1.2405,1.2268,1.2111,1.1955,1.1799,1.1642,1.1496,1.1349,1.1212,1.1075,1.0978,1.0899,1.0811,1.0714,1.0616,1.0518,1.043,1.0352,1.0283,1.0225,1.0186,1.0147,1.0117,1.0108,1.0108,1.0088,1.0088,1.0176,1.045,1.1017,1.1965,1.3324,1.5064,1.7107,1.9316,2.1232,2.2913,2.4614,2.6129,2.7361,2.827,2.8856,2.9159,2.9208,2.9042,2.869,2.8182,2.7556,2.6901,2.6207,2.5406,2.4536,2.3627,2.2688,2.173,2.0772,1.9814,1.8866,1.7937,1.7038,1.6276,1.5621,1.4946,1.4301,1.3705,1.3177,1.2717,1.2336,1.2023,1.1789,1.1632,1.1554,1.1535,1.1574,1.1672,1.1799,1.1955,1.2141,1.2336,1.2542,1.2737,1.2923,1.3089,1.3245,1.3382,1.349,1.3578,1.3646,1.3685,1.3695,1.3685,1.3646,1.3587,1.35,1.3402,1.3294,1.3177,1.306,1.2972,1.2884,1.2776,1.2649,1.2512,1.2366,1.2219,1.2072,1.1926,1.1789,1.1662,1.1544,1.1457,1.1388,1.129,1.1183,1.1065,1.0948,1.0831,1.0714,1.0606,1.0508,1.042,1.0342,1.0274,1.0244,1.0225,1.0196,1.0205,1.0332,1.0665,1.131,1.2346,1.3783,1.5591,1.7674,1.9883,2.1779,2.3412,2.5044,2.6491,2.7644,2.8485,2.9022,2.9277,2.9286,2.9101,2.8739,2.824,2.7634,2.6989,2.6315,2.5543,2.4692,2.3803,2.2874,2.1935,2.0987,2.0059,1.915,1.828,1.7439,1.6725,1.6109,1.5474,1.4868,1.4311,1.3822,1.3402,1.305,1.2766,1.2551,1.2395,1.2287,1.2229,1.2219,1.2248,1.2287,1.2346,1.2434,1.2532,1.2639,1.2766,1.2903,1.305,1.3196,1.3343,1.348,1.3607,1.3724,1.3832,1.392,1.3988,1.4047,1.4086,1.4115,1.4125,1.4115,1.4096,1.4057,1.4027,1.3998,1.3949,1.3891,1.3803,1.3705,1.3607,1.35,1.3402,1.3304,1.3206,1.3109,1.304,1.2981,1.2903,1.2825,1.2747,1.2669,1.259,1.2512,1.2434,1.2366,1.2297,1.2229,1.2141,1.2072,1.2023,1.1994,1.2082,1.2395,1.303,1.4057,1.5503,1.7312,1.9374,2.1544,2.3656,2.5357,2.6716,2.7977,2.8983,2.9697,3.0117,3.0254,3.0147,2.9824,2.9335,2.871,2.7967,2.7214,2.6452,2.5601,2.4692,2.3754,2.2786,2.1808,2.0821,1.9834,1.8866,1.7918,1.7009,1.6149,1.5435,1.4819,1.4184,1.3597,1.3079,1.2649,1.2297,1.2043,1.1877,1.1789,1.176,1.1779,1.1848,1.1945,1.2063,1.219,1.2326,1.2454,1.2571,1.2659,1.2727,1.2766,1.2776,1.2757,1.2717,1.2678,1.2639,1.2571,1.2473,1.2366,1.2248,1.2121,1.2004,1.1887,1.1769,1.1652,1.1535,1.1457,1.1398,1.132,1.1232,1.1153,1.1075,1.1007,1.0938,1.087,1.0802,1.0743,1.0694,1.0655,1.0635,1.0635,1.0616,1.0596,1.0587,1.0587,1.0587,1.0596,1.0606,1.0616,1.0626,1.0626,1.0626,1.0626,1.0606,1.0616,1.0733,1.1065,1.172,1.2776,1.4242,1.608,1.8201,2.044,2.263,2.4399,2.5806,2.7107,2.8152,2.8886,2.9306,2.9443,2.9345,2.9052,2.8602,2.8016,2.7322,2.6618,2.5885,2.5054,2.4154,2.3216,2.2258,2.129,2.0323,1.9374,1.8446,1.7546,1.6686,1.5885,1.522,1.4643,1.4066,1.3519,1.3021,1.259,1.2239,1.1955,1.173,1.1554,1.1427,1.1349,1.131,1.131,1.132,1.1339,1.1369,1.1417,1.1486,1.1564,1.1662,1.1769,1.1887,1.2004,1.2121,1.2239,1.2346,1.2444,1.2532,1.261,1.2669,1.2708,1.2727,1.2727,1.2708,1.2678,1.2649,1.262,1.26,1.2561,1.2502,1.2434,1.2366,1.2297,1.2219,1.2141,1.2072,1.1994,1.1916,1.1838,1.1779,1.173,1.1662,1.1584,1.1496,1.1398,1.131,1.1232,1.1153,1.1085,1.1017,1.0938,1.088,1.0831,1.0772,1.0762,1.0899,1.1281,1.2014,1.3148,1.4692,1.6598,1.8739,2.0958,2.3099,2.4819,2.6168,2.7419,2.8426,2.914,2.955,2.9697,2.9609,2.9316,2.8866,2.8289,2.7605,2.6911,2.6188,2.5376,2.4506,2.3597,2.2669,2.173,2.0782,1.9834,1.8768,1.7644,1.6657,1.5855,1.5181,1.4497,1.3842,1.3245,1.2717,1.2258,1.1857,1.1515,1.1232,1.0997,1.0811,1.0665,1.0587,1.0547,1.0528,1.0538,1.0587,1.0665,1.0782,1.0929,1.1095,1.1281,1.1466,1.1652,1.1818,1.1975,1.2121,1.2248,1.2356,1.2434,1.2493,1.2512,1.2502,1.2483,1.2444,1.2385,1.2326,1.2278,1.2239,1.218,1.2102,1.2023,1.1935,1.1838,1.175,1.1652,1.1554,1.1457,1.1359,1.1281,1.1222,1.1144,1.1056,1.0968,1.088,1.0792,1.0704,1.0626,1.0547,1.0479,1.042,1.0352,1.0303,1.0264,1.0215,1.0205,1.0323,1.0665,1.1339,1.2424,1.393,1.5797,1.7937,2.0176,2.2092,2.3724,2.5337,2.6735,2.784,2.8622,2.9081,2.9257,2.9189,2.8925,2.8485,2.7908,2.7234,2.654,2.5826,2.5015,2.4145,2.3236,2.2307,2.1369,2.043,1.9492,1.8583,1.7693,1.6843,1.6129,1.5503,1.4858,1.4242,1.3675,1.3177,1.2737,1.2366,1.2043,1.1779,1.1574,1.1408,1.1281,1.1212,1.1193,1.1193,1.1232,1.131,1.1427,1.1584,1.1769,1.1975,1.2209,1.2444,1.2678,1.2893,1.3079,1.3275,1.3451,1.3607,1.3734,1.3832,1.391,1.3959,1.3978,1.3969,1.3939,1.39,1.3861,1.3812,1.3744,1.3656,1.3568,1.347,1.3363,1.3245,1.3118,1.2991,1.2854,1.2717,1.261,1.2522,1.2414,1.2307,1.2199,1.2102,1.1994,1.1906,1.1828,1.176,1.1691,1.1623,1.1554,1.1505,1.1466,1.1457,1.1554,1.1857,1.2483,1.35,1.4936,1.6755,1.8837,2.1036,2.3187,2.4907,2.6285,2.7566,2.8602,2.9345,2.9785,2.9951,2.9883,2.9609,2.9159,2.8573,2.7879,2.7107,2.6344,2.5582,2.4741,2.3871,2.2972,2.2072,2.1173,2.0283,1.9404,1.8543,1.7713,1.6911,1.6237,1.564,1.5005,1.4389,1.3803,1.3265,1.2786,1.2375,1.2014,1.1691,1.1417,1.1193,1.0987,1.085,1.0743,1.0626,1.0528,1.045,1.0411,1.0411,1.044,1.0508,1.0606,1.0733,1.087,1.1017,1.1173,1.1329,1.1486,1.1623,1.174,1.1838,1.1916,1.1965,1.1994,1.1994,1.1965,1.1935,1.1906,1.1838,1.176,1.1662,1.1554,1.1427,1.129,1.1153,1.0997,1.0831,1.0665,1.0499,1.0362,1.0254,1.0117,1,0.99022,0.97849,0.96676,0.95601,0.94721,0.93939,0.93353,0.92766,0.92473,0.92375,0.91984,0.91691,0.91887,0.93255,0.96774,1.0352,1.1427,1.2913,1.478,1.6921,1.9189,2.1134,2.2805,2.4457,2.5904,2.7038,2.784,2.8309,2.8495,2.8426,2.8162,2.7722,2.7155,2.654,2.5885,2.5122,2.4291,2.3412,2.2502,2.1584,2.0655,1.9726,1.8798,1.7889,1.7009,1.6168,1.5464,1.4858,1.4233,1.3656,1.3138,1.2688,1.2317,1.2014,1.1779,1.1603,1.1476,1.1398,1.1369,1.1369,1.1369,1.1369,1.1378,1.1388,1.1398,1.1408,1.1417,1.1437,1.1466,1.1496,1.1515,1.1554,1.1593,1.1632,1.1662,1.1681,1.1701,1.173,1.175,1.1769,1.1789,1.1799,1.1799,1.1808,1.1808,1.1789,1.175,1.1691,1.1623,1.1564,1.1496,1.1427,1.1349,1.1271,1.1183,1.1095,1.1036,1.0997,1.0929,1.0841,1.0743,1.0635,1.0528,1.0411,1.0293,1.0186,1.0078,0.99804,0.99218,0.98827,0.98143,0.97361,0.96481,0.95601,0.95308,0.96285,0.99609,1.0626,1.1691,1.3177,1.5034,1.6843,1.8631,2.0655,2.2649,2.4457,2.5973,2.7146,2.7986,2.8514,2.8759,2.8759,2.8563,2.8221,2.7771,2.7214,2.6549,2.5806,2.4985,2.4106,2.3187,2.2229,2.1251,2.0274,1.9306,1.8348,1.7527,1.6784,1.6002,1.5239,1.4516,1.3851,1.3255,1.2747,1.2317,1.1975,1.172,1.1535,1.1437,1.1408,1.1417,1.1476,1.1564,1.1691,1.1848,1.2033,1.2229,1.2424,1.262,1.2805,1.2981,1.3118,1.3245,1.3353,1.3441,1.3509,1.3558,1.3587,1.3587,1.3568,1.3529,1.347,1.3392,1.3314,1.3236,1.3128,1.2991,1.2845,1.2678,1.2512,1.2336,1.216,1.1984,1.1808,1.1642,1.1525,1.1417,1.129,1.1163,1.1036,1.0919,1.0802,1.0694,1.0587,1.0489,1.0401,1.0313,1.0225,1.0176,1.0147,1.0098,1.0049,1,0.99413,0.98729,0.9824,0.9824,0.99316,1.0254,1.0899,1.173,1.2825,1.4409,1.6364,1.8553,2.0811,2.2962,2.4888,2.6491,2.7752,2.8661,2.9238,2.9521,2.955,2.9384,2.9081,2.8641,2.8084,2.7419,2.6686,2.5885,2.5024,2.4125,2.3187,2.2229,2.1359,2.0538,1.9648,1.8729,1.782,1.6931,1.609,1.5308,1.4585,1.3939,1.3568,1.3382,1.3157,1.2981,1.2864,1.2776,1.2727,1.2727,1.2786,1.2884,1.3021,1.3187,1.3363,1.3548,1.3734,1.39,1.4057,1.4213,1.436,1.4487,1.4594,1.4682,1.4761,1.4809,1.4839,1.4839,1.4809,1.4761,1.4702,1.4643,1.4555,1.4448,1.4321,1.4194,1.4057,1.393,1.3793,1.3666,1.3529,1.3402,1.3304,1.3216,1.3118,1.3011,1.2913,1.2815,1.2717,1.2639,1.2561,1.2493,1.2444,1.2395,1.2346,1.2326,1.2317,1.2307,1.2297,1.2287,1.2268,1.2229,1.218,1.2141,1.2151,1.2297,1.2669,1.3196,1.3969,1.5181,1.6794,1.871,2.0792,2.2874,2.4819,2.652,2.7898,2.8925,2.9629,3.002,3.0137,3.0039,2.9804,2.9443,2.8974,2.8407,2.7752,2.7019,2.6227,2.5396,2.4526,2.3636,2.2825,2.2053,2.1212,2.0352,1.9501,1.8671,1.7879,1.7136,1.6452,1.5836,1.5279,1.48,1.4409,1.4125,1.392,1.3744,1.3617,1.3539,1.35,1.349,1.35,1.3529,1.3578,1.3627,1.3685,1.3734,1.3783,1.3822,1.3842,1.3842,1.3812,1.3773,1.3715,1.3646,1.3568,1.348,1.3382,1.3275,1.3187,1.3109,1.3011,1.2893,1.2766,1.263,1.2493,1.2356,1.2209,1.2063,1.1916,1.1779,1.1672,1.1584,1.1486,1.1378,1.1271,1.1173,1.1085,1.1017,1.0958,1.0909,1.086,1.0811,1.0762,1.0733,1.0714,1.0674,1.0635,1.0596,1.0557,1.0518,1.0479,1.043,1.0391,1.0381,1.0459,1.0645,1.1026,1.174,1.2835,1.433,1.6178,1.825,2.0411,2.2502,2.4379,2.5963,2.7195,2.7986,2.8436,2.869,2.8739,2.8592,2.828,2.783,2.7263,2.6618,2.5904,2.5132,2.4321,2.348,2.2698,2.1955,2.1134,2.0264,1.9384,1.8504,1.7634,1.6804,1.6012,1.5279,1.4604,1.4008,1.3548,1.3187,1.2845,1.2551,1.2317,1.2151,1.2053,1.2014,1.2014,1.2053,1.2141,1.2258,1.2405,1.2551,1.2698,1.2845,1.2991,1.3138,1.3265,1.3372,1.346,1.3529,1.3578,1.3617,1.3636,1.3646,1.3646,1.3627,1.3578,1.35,1.3402,1.3294,1.3167,1.303,1.2884,1.2727,1.2581,1.2434,1.2317,1.2219,1.2111,1.1994,1.1877,1.176,1.1652,1.1544,1.1447,1.1349,1.1261,1.1183,1.1134,1.1105,1.1075,1.1036,1.0919,1.0772,1.0694,1.0655,1.0635,1.0616,1.0587,1.0538,1.0499,1.0528,1.0655,1.0978,1.1584,1.2551,1.392,1.565,1.7634,1.9726,2.1789,2.3685,2.5308,2.6471,2.7273,2.7908,2.8319,2.8495,2.8456,2.824,2.7869,2.7361,2.6745,2.6051,2.5288,2.4467,2.3685,2.2913,2.2072,2.1183,2.0283,1.9384,1.8495,1.7625,1.6784,1.5992,1.5239,1.4545,1.3988,1.3529,1.3089,1.2698,1.2375,1.2121,1.1935,1.1818,1.176,1.175,1.1799,1.1887,1.2023,1.217,1.2336,1.2532,1.2737,1.2952,1.3167,1.3363,1.3529,1.3666,1.3773,1.3842,1.3881,1.391,1.392,1.391,1.3891,1.3851,1.3803,1.3744,1.3675,1.3597,1.3519,1.3431,1.3353,1.3284,1.3245,1.3226,1.3196,1.3157,1.3099,1.3001,1.2864,1.2678,1.2454,1.263,1.2659,1.2717,1.2805,1.2913,1.304,1.3177,1.3324,1.347,1.3607,1.3734,1.3832,1.392,1.3998,1.4057,1.4096,1.4115,1.4115,1.4106,1.4076,1.4027,1.3959,1.3881,1.3793,1.3695,1.3617,1.3548,1.3451,1.3353,1.3245,1.3128,1.3021,1.2913,1.2815,1.2727,1.2639,1.2561,1.2512,1.2473,1.2424,1.2366,1.2297,1.2229,1.2151,1.2072,1.261,1.26,1.2581,1.2561,1.2532,1.2483,1.2424,1.2366,1.2297,1.2229,1.2151,1.2082,1.2043,1.2023,1.1984,1.1926,1.1593,1.1124,1.089,1.089,1.1163,1.1808,1.3187,1.2942,1.2737,1.259,1.2512,1.0802,1.0518,1.0332,1.0225,1.0196,1.0235,1.0323,1.045,1.0606,1.0772,1.0948,1.1144,1.1349,1.1554,1.176,1.1955,1.2141,1.2307,1.2454,1.259,1.2649,1.2669,1.2708,1.2727,1.2737,1.2727,1.2698,1.2649,1.259,1.2522,1.2454,1.2375,1.2297,1.2239,1.2199,1.2141,1.2063,1.1975,1.1427,1.1564,1.175,1.1965,1.2199,1.2454,1.2717,1.2981,1.3236,1.348,1.3705,1.3891,1.4037,1.4164,1.4262,1.433,1.435,1.4321,1.4252,1.4135,1.3988,1.3812,1.3617,1.3441,1.3284,1.3109,1.2923,1.2747,1.2571,1.2405,1.2248,1.2102,1.1955,1.1808,1.1662,1.1515,1.1408,1.132,1.1212,1.1095,1.0968,1.0841,1.0704,1.0577,1.0459,1.0352,1.0264,1.0196,1.0176,1.0196,1.0225,1.0274,1.0352,1.0459,1.0596,1.0762,1.0948,1.1144,1.132,1.1476,1.1623,1.1779,1.1975,1.2297,1.2854,1.3724,1.4946,1.653,1.8407,2.0469,2.2561,2.4536,2.6276,2.7556,2.8456,2.9189,2.9677,2.9912,2.9912,2.9697,2.9316,2.8798,2.8162,2.7429,2.6628,2.5777,2.4966,2.4164,2.3265,2.2326,2.1369,2.0411,1.9453,1.8514,1.7595,1.6716,1.5885,1.5112,1.4497,1.3978,1.348,1.304,1.2678,1.2405,1.2219,1.2111,1.2082,1.2121,1.2209,1.2346,1.2522,1.2698,1.2874,1.3079,1.3284,1.348,1.3666,1.3842,1.4008,1.4154,1.4282,1.4379,1.4448,1.4497,1.4516,1.4497,1.4448,1.437,1.4252,1.4096,1.39,1.3675,1.3421,1.3138,1.2825,1.2551,1.2287,1.1994,1.1691,1.1398,1.1134,1.088,1.0655,1.045,1.0264,1.0098,0.99609,0.98436,0.97849,0.97458,0.9697,0.96383,0.95894,0.95308,0.94819,0.94428,0.94135,0.93842,0.93646,0.93548,0.93842,0.94233,0.94428,0.94624,0.94624,0.94526,0.95992,0.98436,1.002,1.0264,1.0704,1.1447,1.2571,1.3812,1.523,1.7058,1.9101,2.1183,2.3128,2.4839,2.6227,2.7273,2.7977,2.8377,2.8504,2.8416,2.8162,2.7781,2.7283,2.6676,2.5982,2.521,2.4389,2.3519,2.261,2.1681,2.0743,1.9795,1.8954,1.8182,1.7341,1.6481,1.564,1.4819,1.4057,1.3353,1.2727,1.218,1.172,1.1369,1.1134,1.0997,1.0909,1.088,1.0909,1.0997,1.1124,1.129,1.1486,1.1701,1.1926,1.2151,1.2375,1.2571,1.2747,1.2903,1.304,1.3157,1.3245,1.3304,1.3343,1.3353,1.3333,1.3294,1.3236,1.3187,1.3138,1.306,1.2962,1.2845,1.2717,1.2581,1.2434,1.2297,1.216,1.2014,1.1877,1.175,1.1662,1.1593,1.1505,1.1417,1.132,1.1232,1.1153,1.1085,1.1017,1.0948,1.088,1.0821,1.0792,1.0782,1.0762,1.0743,1.0723,1.0704,1.0694,1.0694,1.0704,1.0714,1.0714,1.0704,1.0684,1.0694,1.0762,1.0929,1.129,1.1965,1.3011,1.4438,1.6197,1.8182,2.0244,2.2229,2.4027,2.5367,2.6344,2.7165,2.7742,2.8074,2.8162,2.8035,2.7732,2.7283,2.6716,2.6051,2.5308,2.4497,2.3724,2.2962,2.2111,2.1212,2.0293,1.9365,1.8446,1.7537,1.6667,1.5836,1.5054,1.434,1.3763,1.3284,1.2815,1.2395,1.2043,1.1769,1.1574,1.1457,1.1408,1.1417,1.1466,1.1554,1.1681,1.1818,1.1965,1.2131,1.2307,1.2483,1.2659,1.2825,1.2972,1.3099,1.3206,1.3294,1.3353,1.3392,1.3421,1.3421,1.3392,1.3343,1.3275,1.3196,1.3099,1.2981,1.2845,1.2708,1.2561,1.2414,1.2297,1.2199,1.2082,1.1965,1.1848,1.173,1.1623,1.1515,1.1417,1.132,1.1222,1.1134,1.1075,1.1036,1.0978,1.0919,1.086,1.0802,1.0743,1.0684,1.0635,1.0587,1.0547,1.0518,1.0518,1.0538,1.0557,1.0557,1.0557,1.0557,1.0557,1.0557,1.0557,1.129,1.1329,1.1417,1.1544,1.1701,1.1877,1.2072,1.2287,1.2502,1.2708,1.2903,1.3089,1.3255,1.3392,1.3519,1.3627,1.3705,1.3763,1.3793,1.3793,1.3773,1.3734,1.3675,1.3607,1.3548,1.349,1.3402,1.3304,1.3196,1.3079,1.2962,1.2845,1.2717,1.26,1.2483,1.2366,1.2258,1.219,1.2141,1.2082,1.2014,1.1945,1.1887,1.1838,1.1789,1.175,1.172,1.1691,1.1662,1.1662,1.1672,1.1672,1.1672,1.1681,1.1701,1.172,1.173,1.174,1.1769,1.1887,1.217,1.2708,1.3412,1.435,1.5758,1.7546,1.958,2.1691,2.3724,2.5523,2.7009,2.8133,2.8895,2.9326,2.9453,2.9355,2.912,2.8749,2.825,2.7644,2.696,2.6217,2.5435,2.4614,2.3763,2.2893,2.2023,2.1241,2.0499,1.9707,1.8895,1.8094,1.7312,1.6569,1.5875,1.5249,1.4682,1.4203,1.3812,1.3539,1.3353,1.3216,1.3138,1.3128,1.3187,1.3284,1.3431,1.3597,1.3783,1.3978,1.4164,1.434,1.4487,1.4594,1.4692,1.477,1.4819,1.4839,1.4839,1.4819,1.478,1.4721,1.4653,1.4575,1.4506,1.4438,1.435,1.4242,1.4125,1.3988,1.3832,1.3666,1.349,1.3304,1.3109,1.2913,1.2717,1.2561,1.2424,1.2258,1.2082,1.1916,1.175,1.1584,1.1427,1.1281,1.1144,1.1017,1.0899,1.0821,1.0772,1.0704,1.0635,1.0577,1.0518,1.0479,1.045,1.043,1.0411,1.0381,1.0342,1.0323,1.0362,1.0508,1.085,1.1505,1.2561,1.4047,1.5914,1.8055,2.0293,2.2454,2.4389,2.5982,2.7077,2.7781,2.827,2.8524,2.8543,2.8368,2.8035,2.7566,2.6989,2.6334,2.5611,2.4829,2.4096,2.3372,2.2581,2.175,2.089,2.001,1.913,1.826,1.74,1.6168,1.5386,1.4663,1.3539,1.3089,1.2678,1.2033,1.1828,1.1701,1.1623,1.1652,1.174,1.1877,1.2033,1.2219,1.2444,1.2678,1.2913,1.3138,1.3353,1.3529,1.3666,1.3763,1.3822,1.3832,1.3803,1.3763,1.3705,1.3597,1.3372,1.3196,1.3001,1.2688,1.2473,1.2248,1.2014,1.1779,1.1603,1.1457,1.1281,1.1105,1.0948,1.0811,1.0704,1.0616,1.0557,1.0518,1.0499,1.0499,1.0508,1.0547,1.0606,1.0665,1.0714,1.0762,1.0811,1.0792,1.0743,1.0753,1.0792,1.0831,1.086,1.0899,1.0929,1.0958,1.1036,1.1241,1.1701,1.2502,1.3695,1.5288,1.7195,1.9296,2.1417,2.3402,2.4936,2.609,2.7067,2.7761,2.8162,2.8289,2.8182,2.7889,2.7458,2.6911,2.6266,2.5543,2.4839,2.4125,2.3324,2.2463,2.1574,2.0674,1.9765,1.8856,1.7967,1.7107,1.6276,1.5494,1.477,1.4194,1.3715,1.3245,1.2835,1.2493,1.2219,1.2014,1.1867,1.1779,1.173,1.172,1.173,1.1769,1.1828,1.1896,1.1975,1.2063,1.216,1.2258,1.2366,1.2463,1.2561,1.2649,1.2737,1.2815,1.2893,1.2962,1.3021,1.306,1.3089,1.3109,1.3109,1.3099,1.3079,1.305,1.3011,1.2972,1.2942,1.2913,1.2864,1.2796,1.2717,1.2639,1.2561,1.2483,1.2405,1.2326,1.2258,1.219,1.2121,1.2072,1.2033,1.1975,1.1916,1.1848,1.1779,1.1701,1.1623,1.1554,1.1486,1.1437,1.1388,1.1359,1.1329,1.1281,1.1212,1.1124,1.1046,1.1065,1.1261,1.176,1.2639,1.3959,1.5699,1.7771,1.9707,2.1525,2.348,2.5318,2.6872,2.8074,2.8915,2.9423,2.9638,2.9619,2.9394,2.9013,2.8553,2.8016,2.738,2.6676,2.5904,2.5083,2.4213,2.3314,2.2395,2.1466,2.0528,1.9589,1.8768,1.8006,1.7185,1.6364,1.5572,1.4819,1.4115,1.348,1.2913,1.2414,1.1994,1.1652,1.1378,1.1202,1.1105,1.1036,1.1017,2.1417,2.0567,1.9785,1.8954,1.8113,1.7302,1.654,1.5846,1.523,1.4702,1.4282,1.3969,1.3763,1.3656,1.3451,1.3226,1.3196,1.3294,1.346,1.3666,1.3881,1.4096,1.4311,1.4497,1.4663,1.4819,1.4936,1.5015,1.5083,1.5122,1.5132,1.5122,1.5083,1.5024,1.4936,1.4829,1.4702,1.4565,1.4418,1.4282,1.4145,1.3988,1.3832,1.3675,1.3519,1.3363,1.3206,1.306,1.2903,1.2747,1.259,1.2463,1.2346,1.2209,1.2063,1.1906,1.176,1.1623,1.1496,1.1378,1.1271,1.1163,1.1056,1.0958,1.089,1.0841,1.0782,1.0714,1.0645,1.0567,1.0469,1.0362,1.0274,1.0274,1.0459,1.0929,1.1603,1.2561,1.4027,1.5904,1.8065,2.0332,2.2532,2.4516,2.6178,2.7458,2.8368,2.8925,2.9179,2.9169,2.8964,2.8612,2.8143,2.7556,2.6882,2.6139,2.5337,2.4497,2.3636,2.2766,2.1877,2.1065,2.0293,1.9453,1.8573,1.7683,1.6804,1.5943,1.5112,1.433,1.3587,1.2913,1.2297,1.175,1.1329,1.0997,1.0684,1.0401,1.0176,1.002,0.99413,0.99218,0.99707,1.0088,1.0254,1.0459,1.0674,1.0899,1.1153,1.1408,1.1662,1.1906,1.2121,1.2307,1.2454,1.2561,1.263,1.2669,1.2688,1.2688,1.2659,1.26,1.2502,1.2385,1.2248,1.2102,1.1935,1.1769,1.1593,1.1427,1.1261,1.1144,1.1046,1.0929,1.0802,1.0684,1.0567,1.0459,1.0362,1.0274,1.0196,1.0127,1.0078,1.0059,1.0059,1.0049,1.0039,1.0039,1.0049,1.0068,1.0078,1.0088,1.0098,1.0127,1.0235,1.0499,1.089,1.1515,1.2542,1.3969,1.5758,1.7791,1.9932,2.2004,2.3881,2.5464,2.6706,2.7586,2.8065,2.826,2.828,2.8123,2.7801,2.7351,2.6774,2.6109,2.5357,2.4536,2.3666,2.2766,2.1838,2.0997,2.0205,1.9335,1.8436,1.7537,1.6647,1.5787,1.4966,1.4203,1.3519,1.2903,1.2375,1.1975,1.1672,1.1388,1.1153,1.0968,1.0831,1.0733,1.0665,1.0645,1.0655,1.0694,1.0762,1.086,1.0978,1.1114,1.1271,1.1437,1.1603,1.1769,1.1926,1.2072,1.2209,1.2326,1.2424,1.2502,1.2561,1.26,1.261,1.26,1.2571,1.2522,1.2454,1.2375,1.2287,1.2199,1.2092,1.1984,1.1867,1.1769,1.1691,1.1593,1.1496,1.1388,1.1281,1.1183,1.1085,1.0987,1.0909,1.0831,1.0762,1.0714,1.0684,1.0626,1.0567,1.0499,1.044,1.0381,1.0381,1.0411,1.042,1.0411,1.0391,1.0371,1.0391,1.0479,1.0704,1.1183,1.2014,1.3245,1.4878,1.6843,1.9022,2.1251,2.3363,2.5239,2.6618,2.7595,2.8407,2.8954,2.9238,2.9286,2.912,2.8788,2.8309,2.7722,2.7038,2.6276,2.5455,2.9629,2.9238,2.8719,2.8084,2.7351,2.6618,2.5855,2.4976,2.3998,2.2962,2.1896,2.0811,1.9726,1.8651,1.7615,1.6637,1.5718,1.4878,1.4203,1.3656,1.3128,1.2542,1.1975,1.1593,1.1329,1.1163,1.1075,1.1036,1.1036,1.1065,1.1124,1.1212,1.13,1.1398,1.1505,1.1623,1.174,1.1857,1.1955,1.2053,1.2141,1.2219,1.2278,1.2326,1.2366,1.2395,1.2405,1.2385,1.2356,1.2307,1.2248,1.219,1.2121,1.2053,1.1975,1.1916,1.1857,1.1769,1.1672,1.1554,1.1447,1.1349,1.1251,1.1173,1.1105,1.1036,1.0978,1.0909,1.086,1.0821,1.0753,1.0684,1.0616,1.0557,1.0508,1.045,1.0362,1.0254,1.0137,1.0078,1.0137,1.0391,1.0978,1.2014,1.3519,1.5445,1.7674,2.002,2.2297,2.433,2.6022,2.7322,2.8143,2.8602,2.8886,2.8964,2.8847,2.8553,2.8123,2.7576,2.6911,2.6149,2.5308,2.4409,2.3451,2.2561,2.1691,2.0723,1.9717,1.869,1.7683,1.6716,1.5806,1.4976,1.4223,1.3568,1.3011,1.26,1.2297,1.2033,1.1828,1.1672,1.1564,1.1496,1.1457,1.1427,1.1408,1.1378,1.1339,1.129,1.1251,1.1222,1.1163,1.1085,1.1007,1.0919,1.0841,1.0772,1.0714,1.0684,1.0674,1.0684,1.0723,1.0782,1.085,1.0929,1.1007,1.1095,1.1193,1.129,1.1378,1.1466,1.1544,1.1623,1.1691,1.175,1.1808,1.1857,1.1896,1.1926,1.1945,1.1965,1.1975,1.1994,1.2004,1.2014,1.2014,1.2023,1.2033,1.2033,1.2023,1.1994,1.1945,1.1857,1.174,1.1623,1.1584,1.173,1.219,1.305,1.4106,1.5415,1.7224,1.9335,2.1535,2.3627,2.5464,2.694,2.8035,2.8749,2.913,2.9228,2.9101,2.8807,2.8387,2.784,2.7195,2.6461,2.565,2.477,2.3842,2.2874,2.1877,2.087,1.9853,1.8964,1.8143,1.7273,1.6403,1.5572,1.4809,1.4125,1.3539,1.304,1.2649,1.2356,1.216,1.2053,1.2014,1.2014,1.2053,1.2121,1.2219,1.2317,1.2424,1.2532,1.2639,1.2737,1.2835,1.2933,1.3021,1.3099,1.3167,1.3226,1.3275,1.3314,1.3343,1.3353,1.3343,1.3314,1.3275,1.3216,1.3167,1.3109,1.303,1.2942,1.2835,1.2727,1.262,1.2512,1.2405,1.2307,1.2219,1.2141,1.2053,1.1984,1.1926,1.1857,1.1779,1.1681,1.1574,1.1466,1.1349,1.1222,1.1105,1.0997,1.0899,1.0821,1.0753,1.0635,1.0499,1.0371,1.0342,1.0528,1.1046,1.2023,1.349,1.5464,1.782,2.0313,2.2454,2.4272,2.6061,2.7595,2.8778,2.9599,3.0088,3.0283,3.0235,2.999,2.9589,2.9042,2.8436,2.7771,2.6999,2.6139,2.522,2.4242,2.3226,2.218,2.1114,2.0049,1.8974,1.7918,1.6999,1.6178,1.5327,1.4497,1.3724,1.303,1.2424,1.1916,1.1505,1.1193,1.0978,1.0831,1.0753,1.0733,1.0762,1.0821,1.089,1.0978,1.1065,1.1163,1.1281,1.1398,1.1505,1.1603,1.1691,1.1779,1.1857,1.1906,1.1935,1.1945,1.1935,1.1916,1.1887,1.1848,1.1799,1.174,1.1672,1.1593,1.1535,1.1486,1.1408,1.131,1.1202,1.1095,1.0987,1.0899,1.0811,1.0723,1.0645,1.0577,1.0538,1.0508,1.0459,1.0401,1.0332,1.0274,1.0215,1.0156,1.0078,0.99804,0.98534,0.97458,0.97458,0.98925,1.0283,1.1075,1.2346,1.4086,1.6217,1.8583,2.0978,2.3206,2.5132,2.6676,2.781,2.8475,2.8798,2.8925,2.8847,2.8583,2.8162,2.7605,2.694,2.6178,2.5327,2.4409,2.3431,2.2405,2.1457,2.0547,1.9541,1.8495,1.7449,1.6432,1.5464,1.4555,1.3724,1.2972,1.2326,1.1789,1.1398,1.1124,1.0899,1.0743,1.0645,1.0606,1.0606,1.0626,1.0674,1.0743,1.0811,1.0899,1.0987,1.1095,1.1212,1.1329,1.1447,1.1554,1.1662,1.175,1.1828,1.1877,1.1896,1.1896,1.1877,1.1848,1.1818,1.176,1.1681,1.1593,1.1496,1.1398,1.13,1.1202,1.1105,1.1017,1.0938,1.086,1.0821,1.0802,1.0782,1.0762,1.0753,1.0743,1.0743,1.0743,1.0753,1.0762,1.0762,1.0772,1.0792,1.0802,1.0772,1.0694,1.0557,1.0391,1.0254,1.0225,1.0459,1.1085,1.218,1.3773,1.5787,1.7742,1.9648,2.1769,2.3822,2.5611,2.7038,2.8074,2.8739,2.9071,2.912,2.8944,2.8592,2.8123,2.7566,2.6882,2.609,2.522,2.4291,2.3304,2.2268,2.1202,2.0117,1.9042,1.7986,1.697,1.6109,1.5367,1.4604,1.3891,1.3245,1.2688,1.2229,1.1867,1.1593,1.1398,1.1271,1.1212,1.1202,1.1222,1.1251,1.129,1.1329,1.1378,1.1427,1.1476,1.1515,1.1554,1.1593,1.1632,1.1672,1.1711,1.176,1.1799,1.1828,1.1857,1.1887,1.1896,1.1906,1.1906,1.1896,1.1877,1.1828,1.1789,1.175,1.1681,1.1584,1.1554,1.1554,1.1486,1.1398,1.13,1.1202,1.1114,1.1026,1.0978,1.0948,1.0899,1.0841,1.0782,1.0714,1.0645,1.0587,1.0528,1.0469,1.0401,1.0313,1.0235,1.0215,1.0303,1.0596,1.1222,1.2287,1.3812,1.5748,1.7977,2.0313,2.2571,2.4585,2.6246,2.739,2.8123,2.8661,2.8944,2.9003,2.8856,2.8543,2.8094,2.7537,2.6882,2.6139,2.5318,2.4418,2.3578,2.2747,2.1818,2.0841,1.9853,1.8866,1.7898,1.697,1.6109,1.5327,1.4624,1.4018,1.3558,1.3206,1.2893,1.2639,1.2444,1.2297,1.2199,1.2131,1.2072,1.2014,1.1965,1.1906,1.1838,1.1799,1.176,1.1711,1.1652,1.1603,1.1554,1.1525,1.1515,1.1535,1.1564,1.1623,1.1691,1.1769,1.1867,1.1955,1.2043,1.2121,1.2199,1.2268,1.2317,1.2366,1.2405,1.2424,1.2444,1.2454,1.2473,1.2493,1.2512,1.2532,1.2542,1.2551,1.2571,1.2581,1.259,1.259,1.259,1.2571,1.2561,1.2551,1.2522,1.2454,1.2346,1.2209,1.2063,1.1994,1.2102,1.2512,1.3333,1.4604,1.6315,1.8045,1.9814,2.1867,2.393,2.5806,2.7361,2.8543,2.9345,2.9795,2.9951,2.9853,2.956,2.914,2.8612,2.7957,2.7195,2.6354,2.5445,2.4477,2.347,2.2434,2.1378,2.0313,1.9257,1.8211,1.7312,1.65,1.564,1.4809,1.4037,1.3343,1.2737,1.2229,1.1828,1.1525,1.13,1.1144,1.1065,1.1036,1.1026,1.1017,1.1026,1.1046,1.1065,1.1085,1.1114,1.1144,1.1183,1.1241,1.131,1.1378,1.1457,1.1525,1.1593,1.1662,1.172,1.1769,1.1799,1.1818,1.1828,1.1818,1.1808,1.1799,1.1789,1.1769,1.173,1.1681,1.1623,1.1564,1.1496,1.1437,1.1378,1.1329,1.1271,1.1212,1.1163,1.1124,1.1056,1.0968,1.086,1.0753,1.0655,1.0547,1.044,1.0313,1.0166,1,0.98925,0.98827,1.0059,1.0538,1.1457,1.2864,1.4751,1.7009,1.9443,2.1857,2.4076,2.5963,2.7449,2.8426,2.9003,2.9384,2.9541,2.9492,2.9247,2.8856,2.8328,2.7683,2.695,2.6129,2.522,2.435,2.348,2.2493,2.1437,2.0342,1.9228,1.8123,1.7048,1.6002,1.5024,1.4115,1.3294,1.2649,1.2131,1.1642,1.1222,1.088,1.0635,1.0469,1.0381,1.0362,1.0401,1.0489,1.0674,1.0919,1.1124,1.132,1.1515,1.172,1.1926,1.2121,1.2307,1.2473,1.262,1.2737,1.2815,1.2854,1.2874,1.2874,1.2835,1.2766,1.2678,1.2561,1.2424,1.2268,1.2092,1.1896,1.1701,1.1496,1.13,1.1144,1.1026,1.089,1.0743,1.0606,1.0489,1.0401,1.0342,1.0303,1.0283,1.0293,1.0323,1.0371,1.044,1.0508,1.0547,1.0547,1.0528,1.0528,1.0655,1.1017,1.173,1.2884,1.4497,1.651,1.8446,2.0332,2.2424,2.4428,2.6354,2.782,2.8651,2.9198,2.9462,2.9492,2.9306,2.8944,2.8485,2.7937,2.7273,2.651,2.567,2.4751,2.3763,2.2717,2.1642,2.0547,1.9443,1.8358,1.7302,1.6393,1.5611,1.4809,1.4047,1.3363,1.2776,1.2297,1.1926,1.1662,1.1476,1.1359,1.129,1.1281,1.13,1.132,1.1349,1.1378,1.1427,1.1476,1.1535,1.1593,1.1662,1.173,1.1799,1.1867,1.1935,1.2004,1.2053,1.2092,1.2111,1.2111,1.2102,1.2082,1.2053,1.2014,1.1965,1.1916,1.1877,1.1838,1.1769,1.1691,1.1603,1.1515,1.1437,1.1359,1.1281,1.1222,1.1173,1.1124,1.1085,1.1075,1.1085,1.1085,1.1085,1.1085,1.1095,1.1105,1.1095,1.1065,1.0997,1.0899,1.0821,1.0821,1.0978,1.1398,1.2229,1.3519,1.5259,1.737,1.9687,2.2004,2.4145,2.5973,2.7419,2.8456,2.9052,2.9316,2.9394,2.9277,2.8983,2.8543,2.7967,2.7273,2.6491,2.563,2.4702,2.3724,2.2805,2.1916,2.0929,1.9883,1.8827,1.7771,1.6745,1.5777,1.4868,1.4047,1.3314,1.2698,1.2199,1.1857,1.1623,1.1447,1.1339,1.129,1.13,1.1349,1.1417,1.1505,1.1584,1.1662,1.173,1.1808,1.1877,1.1935,1.1994,1.2053,1.2102,1.216,1.2209,1.2248,1.2278,1.2307,1.2336,1.2366,1.2385,1.2395,1.2385,1.2385,1.2375,1.2346,1.2297,1.2239,1.217,1.2082,1.1994,1.1916,1.1867,1.1838,1.1799,1.176,1.1711,1.1662,1.1613,1.1564,1.1525,1.1486,1.1447,1.1417,1.1408,1.1398,1.1359,1.1281,1.1183,1.1085,1.1056,1.1212,1.1681,1.2561,1.39,1.5679,1.781,1.9795,2.1642,2.3617,2.5445,2.6989,2.8162,2.8974,2.9443,2.9619,2.956,2.9306,2.8886,2.8387,2.781,2.7116,2.6325,2.5455,2.4516,2.3509,2.2463,2.1388,2.0303,1.9228,1.8172,1.7155,1.6295,1.5552,1.48,1.4086,1.3451,1.2913,1.2483,1.216,1.1935,1.1808,1.176,1.1769,1.1818,1.1896,1.1984,1.2082,1.218,1.2278,1.2366,1.2454,1.2532,1.26,1.2669,1.2717,1.2757,1.2796,1.2825,1.2825,1.2815,1.2796,1.2776,1.2757,1.2727,1.2698,1.2659,1.26,1.2532,1.2473,1.2405,1.2297,1.217,1.2023,1.1857,1.1691,1.1496,1.1329,1.1212,1.1095,1.0968,1.086,1.0811,1.0772,1.0694,1.0626,1.0577,1.0518,1.044,1.0332,1.0205,1.0068,0.99804,1.0049,1.0283,1.0802,1.1779,1.3265,1.521,1.8133,2.0909,2.2845,2.4809,2.6755,2.825,2.911,2.9687,2.9892,2.9785,2.9638,2.9267,2.8612,2.8094,2.7625,2.6716,2.5543,2.4438,2.3353,2.2375,2.1447,2.042,1.9355,1.828,1.7214,1.6197,1.523,1.4526,1.3812,1.2952,1.2287,1.1769,1.1427,1.1202,1.1036,1.0938,1.0899,1.0899,1.0938,1.0997,1.1065,1.1153,1.1251,1.1349,1.1447,1.1544,1.1632,1.172,1.1799,1.1857,1.1906,1.1945,1.1965,1.1965,1.1945,1.1916,1.1867,1.1828,1.1789,1.174,1.1681,1.1603,1.1525,1.1437,1.1359,1.1281,1.1202,1.1134,1.1075,1.1036,1.1017,1.0987,1.0948,1.0909,1.088,1.085,1.0831,1.0821,1.0802,1.0782,1.0743,1.0674,1.0596,1.0518,1.044,1.044,1.0645,1.1193,1.219,1.3666,1.5582,1.7801,2.0147,2.2424,2.4233,2.564,2.6891,2.7849,2.8465,2.8778,2.8817,2.8631,2.826,2.7742,2.7097,2.6344,2.5591,2.4809,2.392,2.2952,2.1926,2.087,1.9795,1.871,1.7634,1.6588,1.5591,1.4673,1.3851,1.3206,1.2688,1.2209,1.1808,1.1496,1.1271,1.1124,1.1036,1.0997,1.1007,1.1036,1.1095,1.1163,1.1241,1.1329,1.1408,1.1496,1.1593,1.1691,1.1789,1.1896,1.1994,1.2082,1.2151,1.2209,1.2268,1.2307,1.2317,1.2307,1.2278,1.2229,1.217,1.2092,1.2004,1.1906,1.1799,1.1681,1.1593,1.1515,1.1417,1.132,1.1212,1.1114,1.1036,1.0958,1.088,1.0792,1.0704,1.0616,1.0528,1.0469,1.043,1.0371,1.0293,1.0196,1.0078,0.99413,0.98143,0.97849,0.99511,1.045,1.1457,1.2688,1.4145,1.608,1.8309,2.0626,2.2835,2.478,2.6364,2.7537,2.8328,2.8788,2.8954,2.8895,2.8661,2.8289,2.7791,2.7185,2.6491,2.5709,2.4858,2.3939,2.2972,2.1965,2.0929,1.9883,1.8964,1.8123,1.7234,1.6354,1.5523,1.477,1.4106,1.3539,1.3069,1.2698,1.2424,1.2239,1.2111,1.2063,1.2053,1.2053,1.2072,1.2111,1.2151,1.219,1.2229,1.2278,1.2317,1.2356,1.2385,1.2414,1.2454,1.2473,1.2483,1.2473,1.2463,1.2434,1.2395,1.2346,1.2278,1.219,1.2092,1.1984,1.1896,1.1828,1.174,1.1642,1.1544,1.1447,1.1349,1.1251,1.1153,1.1075,1.0997,1.0929,1.0899,1.088,1.085,1.0811,1.0772,1.0733,1.0704,1.0674,1.0645,1.0606,1.0547,1.0469,1.0391,1.0371,1.0459,1.0733,1.1339,1.2375,1.3881,1.5816,1.8065,2.044,2.2747,2.4819,2.654,2.7732,2.8504,2.9071,2.9384,2.9462,2.9335,2.9042,2.8592,2.8025,2.7351,2.6579,2.5718,2.479,2.39,2.3021,2.2023,2.0968,1.9883,1.8807,1.7752,1.6745,1.5806,1.4946,1.4174,1.3509,1.3011,1.2639,1.2317,1.2063,1.1887,1.1779,1.173,1.173,1.176,1.1818,1.1896,1.1994,1.2102,1.2219,1.2346,1.2473,1.26,1.2727,1.2845,1.2942,1.304,1.3118,1.3187,1.3236,1.3275,1.3304,1.3314,1.3304,1.3265,1.3216,1.3148,1.3069,1.2981,1.2884,1.2776,1.2669,1.2551,1.2454,1.2375,1.2278,1.217,1.2072,1.1975,1.1867,1.1769,1.1681,1.1603,1.1535,1.1486,1.1447,1.1427,1.1417,1.1388,1.1339,1.1271,1.1222,1.129,1.1584,1.2229,1.3314,1.4868,1.6833,1.8749,2.0626,2.2727,2.477,2.6569,2.8006,2.9042,2.9707,3.0029,3.0068,2.9873,2.9482,2.8944,2.8338,2.7674,2.6901,2.6051,2.5152,2.4203,2.3216,2.2199,2.1163,2.0117,1.9071,1.8035,1.7146,1.6354,1.5533,1.4731,1.4008,1.3372,1.2854,1.2454,1.217,1.1994,1.1916,1.1916,1.1965,1.2033,1.2121,1.2219,1.2317,1.2414,1.2502,1.259,1.2669,1.2737,1.2786,1.2825,1.2845,1.2864,1.2874,1.2864,1.2825,1.2766,1.2678,1.2571,1.2454,1.2307,1.2151,1.1984,1.1818,1.1642,1.1505,1.1388,1.1241,1.1085,1.0929,1.0704,1.0459,1.0274,1.0117,0.99707,0.98338,0.97067,0.96188,0.95601,0.94721,0.93842,0.92962,0.91984,0.90811,0.89443,0.87683,0.86022,0.85044,0.85826,0.89541,0.95601,1.0499,1.1945,1.3842,1.6031,1.8348,2.0596,2.263,2.434,2.5679,2.6647,2.7292,2.7605,2.7693,2.7644,2.7458,2.7136,2.6686,2.6129,2.5474,2.4731,2.391,2.303,2.2092,2.1114,2.0225,1.9374,1.8446,1.7488,1.6549,1.565,1.4829,1.4086,1.3451,1.2913,1.2493,1.216,1.1955,1.1828,1.174,1.1691,1.1672,1.1691,1.173,1.1779,1.1838,1.1916,1.2004,1.2092,1.218,1.2278,1.2366,1.2454,1.2522,1.2571,1.259,1.2571,1.2512,1.2414,1.2297,1.2151,1.1994,1.1857,1.175,1.1623,1.1496,1.1369,1.1241,1.1114,1.0997,1.088,1.0772,1.0684,1.0606,1.0547,1.0518,1.0508,1.0489,1.045,1.0411,1.0371,1.0342,1.0332,1.0332,1.0352,1.0371,1.0391,1.042,1.0459,1.0528,1.0733,1.1183,1.2004,1.3245,1.4917,1.694,1.9179,2.1447,2.3578,2.5239,2.6491,2.7576,2.8397,2.8925,2.9169,2.9169,2.8954,2.8563,2.8006,2.7312,2.65,2.5582,2.4692,2.3783,2.2747,2.1642,2.0508,1.9355,1.8211,1.7087,1.6012,1.5015,1.4086,1.3265,1.2639,1.2151,1.1701,1.1339,1.1075,1.0899,1.0811,1.0811,1.087,1.0987,1.1153,1.1349,1.1564,1.1769,1.1975,1.219,1.2395,1.26,1.2786,1.2952,1.3089,1.3206,1.3294,1.3343,1.3363,1.3363,1.3343,1.3284,1.3187,1.305,1.2884,1.2678,1.2454,1.2199,1.1916,1.1613,1.13,1.0987,1.0723,1.0489,1.0205,0.99022,0.95992,0.9306,0.90225,0.87586,0.85239,0.83284,0.8172,0.80547,0.80059,0.80156,0.80254,0.8045,0.80743,0.81036,0.81427,0.82405,0.84751,0.89638,0.98143,1.1095,1.2825,1.4614,1.6481,1.871,2.1017,2.3167,2.5015,2.6481,2.7546,2.825,2.8631,2.8749,2.8641,2.8377,2.7986,2.7488,2.6891,2.6217,2.5464,2.4653,2.3783,2.2874,2.1926,2.0958,1.9971,1.8983,1.8104,1.7302,1.6452,1.5601,1.4809,1.4096,1.348,1.2972,1.259,1.2326,1.216,1.2082,1.2072,1.2102,1.2151,1.2199,1.2258,1.2307,1.2346,1.2366,1.2375,1.2375,1.2356,1.2336,1.2747,1.3392,1.3715,1.3851,1.391,1.392,1.392,1.392,1.392,1.391,1.39,1.3881,1.3861,1.3851,1.3842,1.3803,1.3744,1.3685,1.3627,1.3568,1.3509,1.346,1.3412,1.3372,1.3343,1.3314,1.3304,1.3314,1.3314,1.3314,1.3324,1.3324,1.3324,1.3324,1.3304,1.3255,1.3167,1.306,1.2981,1.2972,1.3079,1.3431,1.4125,1.523,1.6735,1.8573,2.0596,2.2639,2.4545,2.6197,2.7517,2.8397,2.8925,2.9286,2.9453,2.9423,2.9228,2.8876,2.8407,2.782,2.7155,2.6413,2.5601,2.4839,2.4076,2.3226,2.2326,2.1398,2.045,1.9511,1.8592,1.7722,1.6911,1.6158,1.5494,1.4936,1.4526,1.4233,1.3988,1.3812,1.3715,1.3675,1.3675,1.3715,1.3773,1.3832,1.3881,1.392,1.3969,1.4008,1.4027,1.4047,1.4057,1.4057,1.4057,1.4047,1.4037,1.4018,1.3988,1.3939,1.3891,1.3832,1.3744,1.3627,1.3509,1.3402,1.3284,1.3118,1.2845,1.2395,1.174,1.0909,0.99707,0.91789,0.85533,0.80254,0.77126,0.76442,0.7781,0.80645,0.8436,0.88172,0.91887,0.95406,0.98729,1.0186,1.0518,1.0909,1.1369,1.1887,1.2454,1.306,1.3724,1.4487,1.5415,1.6588,1.8074,1.9883,2.1642,2.3402,2.5445,2.7507,2.9394,3.0978,3.218,3.2991,3.3431,3.3558,3.3412,3.303,3.2512,3.1877,3.1114,3.0244,2.9296,2.8289,2.7224,2.6119,2.4985,2.3832,2.2669,2.1515,2.0391,1.9423,1.8563,1.7674,1.6823,1.6041,1.5347,1.477,1.4301,1.3959,1.3715,1.3568,1.35,1.349,1.3519,1.3548,1.3587,1.3627,1.3656,1.3666,1.3656,1.3617,1.3568,1.3509,1.3431,1.3333,1.3265,1.3216,1.3157,1.3089,1.303,1.2981,1.2952,1.2933,1.2923,1.2923,1.2942,1.2972,1.3021,1.3069,1.3118,1.3177,1.3236,1.3294,1.3363,1.3431,1.349,1.3548,1.3597,1.3646,1.3695,1.3744,1.3803,1.3851,1.3891,1.392,1.3949,1.3969,1.3969,1.3939,1.3891,1.3822,1.3783,1.3812,1.3988,1.4409,1.5161,1.6295,1.7791,1.955,2.1437,2.3284,2.4966,2.6393,2.7498,2.8289,2.8729,2.8905,2.8935,2.8807,2.8524,2.8113,2.7586,2.696,2.6256,2.5474,2.4633,2.3744,2.2913,2.2111,2.1232,2.0303,1.9355,1.8426,1.7654,1.7028,1.6461,1.5943,1.5494,1.5122,1.4819,1.4604,1.4457,1.434,1.4252,1.4194,1.4164,1.4145,1.4135,1.4115,1.4096,1.4066,1.4037,1.4027,1.4027,1.4018,1.3998,1.3988,1.3988,1.3998,1.4018,1.4057,1.4096,1.4145,1.4203,1.4272,1.434,1.4409,1.4477,1.4536,1.4604,1.4663,1.4712,1.4751,1.478,1.48,1.4819,1.4819,1.4829,1.4839,1.4839,1.4839,1.4839,1.4839,1.4839,1.4829,1.4819,1.4809,1.479,1.477,1.4751,1.4731,1.4682,1.4604,1.4497,1.4379,1.4291,1.4301,1.4487,1.4927,1.566,1.6696,1.7967,1.9169,2.0313,2.1554,2.2737,2.3744,2.4526,2.5083,2.5425,2.5582,2.5572,2.5425,2.5181,2.4868,2.4497,2.4047,2.3529,2.2952,2.2326,2.1672,2.0987,2.0283,1.958,1.8876,1.8192,1.7537,1.6989,1.652,1.6041,1.5591,1.5191,1.4858,1.4604,1.4418,1.4291,1.4213,1.4184,1.4184,1.4213,1.4252,1.4301,1.435,1.4409,1.4467,1.4526,1.4585,1.4643,1.4702,1.4761,1.4819,1.4868,1.4917,1.4966,1.5005,1.5044,1.5064,1.5073,1.5073,1.5064,1.5044,1.5005,1.4956,1.4907,1.4868,1.4829,1.477,1.4712,1.4633,1.4555,1.4477,1.4409,1.434,1.4262,1.4203,1.4154,1.4115,1.4096,1.4096,1.4086,1.4066,1.4057,1.4047,1.4027,1.3998,1.3949,1.3871,1.3783,1.3724,1.3724,1.3832,1.4115,1.4663,1.5513,1.6657,1.8025,1.9521,2.1017,2.2395,2.3568,2.4497,2.5171,2.5562,2.5748,2.5826,2.5777,2.5611,2.5347,2.5005,2.4585,2.4096,2.3548,2.2962,2.2346,2.1769,2.1212,2.0587,1.9932,1.9267,1.8612,1.7986,1.739,1.6843,1.6334,1.5894,1.5513,1.521,1.4995,1.4858,1.4751,1.4682,1.4653,1.4653,1.4673,1.4721,1.478,1.4848,1.4917,1.4995,1.5064,1.5132,1.5191,1.5249,1.5298,1.5347,1.5386,1.5425,1.5455,1.5474,1.5484,1.5474,1.5455,1.5435,1.5415,1.5386,1.5337,1.5288,1.523,1.5171,1.5103,1.5034,1.4956,1.4888,1.4829,1.478,1.4751,1.4712,1.4673,1.4643,1.4614,1.4585,1.4555,1.4536,1.4526,1.4516,1.4506,1.4497,1.4487,1.4477,1.4438,1.4389,1.434,1.435,1.4497,1.4868,1.5513,1.6452,1.7664,1.9062,2.0704,2.2639,2.4624,2.6403,2.7859,2.8944,2.9658,3.0039,3.0137,2.999,2.9648,2.915,2.8514,2.783,2.7097,2.6246,2.5308,2.4321,2.3284,2.2219,2.1124,2.001,1.8905,1.781,1.6755,1.5865,1.5093,1.4301,1.3558,1.2903,1.2366,1.1935,1.1623,1.1417,1.13,1.1261,1.1271,1.1329,1.1417,1.1515,1.1623,1.172,1.1808,1.1896,1.1975,1.2033,1.2092,1.2131,1.216,1.218,1.2199,1.2209,1.2199,1.216,1.2111,1.2053,1.1975,1.1896,1.1818,1.173,1.1642,1.1544,1.1476,1.1408,1.131,1.1202,1.1085,1.0968,1.086,1.0753,1.0645,1.0547,1.0469,1.0401,1.0342,1.0323,1.0323,1.0313,1.0303,1.0293,1.0293,1.0283,1.0254,1.0196,1.0108,1.0059,1.0137,1.0371,1.087,1.1818,1.3265,1.5171,1.7429,1.9853,2.2239,2.4409,2.6237,2.7654,2.8651,2.9257,2.9501,2.9462,2.9228,2.8817,2.824,2.7527,2.6696,2.5767,2.477,2.3715,2.262,2.1496,2.0479,1.9531,1.8504,1.7458,1.6442,1.5474,1.4594,1.3803,1.3128,1.2571,1.2141,1.1838,1.1652,1.1584,1.1593,1.1672,1.1789,1.1945,1.2131,1.2326,1.2522,1.2717,1.2913,1.3099,1.3275,1.3421,1.3548,1.3666,1.3763,1.3832,1.3871,1.3871,1.3851,1.3803,1.3715,1.3607,1.347,1.3314,1.3177,1.304,1.2864,1.2659,1.2444,1.2219,1.1994,1.1769,1.1544,1.132,1.1105,1.0899,1.0743,1.0626,1.0499,1.0381,1.0274,1.0176,1.0088,1.002,0.99511,0.99022,0.98729,0.98436,0.98143,0.97947,0.97752,0.97165,0.96872,0.97849,1.0127,1.086,1.2063,1.3754,1.5855,1.8211,2.0635,2.2649,2.4311,2.5875,2.7165,2.8094,2.8661,2.8915,2.8905,2.868,2.828,2.7742,2.7077,2.6325,2.5572,2.48,2.392,2.2962,2.1955,2.0919,1.9873,1.8827,1.7791,1.6794,1.5855,1.4985,1.4282,1.3715,1.3177,1.2708,1.2336,1.2072,1.1896,1.1799,1.176,1.1769,1.1808,1.1857,1.1906,1.1965,1.2033,1.2092,1.2131,1.216,1.218,1.218,1.218,1.216,1.2141,1.2111,1.2082,1.2072,1.2063,1.2033,1.1994,1.1945,1.1887,1.1818,1.174,1.1652,1.1554,1.1437,1.131,1.1173,1.1075,1.0997,1.0899,1.0792,1.0694,1.0606,1.0616,1.0684,1.0694,1.0694,1.0684,1.0684,1.0714,1.0753,1.0802,1.0841,1.087,1.088,1.086,1.0802,1.0733,1.0694,1.0792,1.1134,1.1681,1.2522,1.3891,1.5728,1.7908,2.0244,2.2551,2.4633,2.6373,2.7722,2.868,2.9267,2.9541,2.9541,2.9345,2.8993,2.8504,2.7889,2.7175,2.6364,2.5464,2.4506,2.348,2.2424,2.1339,2.0362,1.9433,1.8426,1.741,1.6413,1.5464,1.4585,1.3803,1.3128,1.259,1.217,1.1877,1.1691,1.1603,1.1584,1.1603,1.1652,1.173,1.1808,1.1887,1.1975,1.2053,1.2141,1.2219,1.2297,1.2375,1.2454,1.2522,1.2571,1.262,1.2659,1.2669,1.2649,1.26,1.2512,1.2395,1.2258,1.2102,1.1965,1.1828,1.1662,1.1486,1.132,1.1163,1.1026,1.0909,1.0821,1.0762,1.0743,1.0772,1.085,1.0968,1.1124,1.13,1.1496,1.1701,1.1906,1.2111,1.2317,1.2502,1.2678,1.2815,1.2893,1.2933,1.2923,1.2893,1.2913,1.3109,1.3617,1.4526,1.5885,1.7654,1.9717,2.1906,2.4018,2.5689,2.697,2.8094,2.8935,2.9453,2.9677,2.9638,2.9374,2.8935,2.8338,2.7615,2.6784,2.5875,2.5005,2.4145,2.3187,2.219,2.1163,2.0147,1.915,1.8182,1.7253,1.6383,1.5591,1.4878,1.4321,1.3881,1.348,1.3148,1.2903,1.2747,1.2669,1.2649,1.2669,1.2708,1.2766,1.2825,1.2884,1.2952,1.3021,1.3089,1.3157,1.3216,1.3284,1.3353,1.3421,1.349,1.3558,1.3617,1.3666,1.3705,1.3744,1.3763,1.3773,1.3763,1.3744,1.3705,1.3656,1.3587,1.349,1.3372,1.3236,1.3089,1.2962,1.2854,1.2717,1.2581,1.2454,1.2346,1.2248,1.216,1.2072,1.1975,1.1867,1.175,1.1652,1.1554,1.1417,1.1271,1.1095,1.089,1.0665,1.044,1.0293,1.0323,1.0665,1.1437,1.2708,1.4164,1.5846,1.8025,2.042,2.2805,2.4976,2.6794,2.8201,2.9198,2.9804,3.0088,3.0098,2.9892,2.9511,2.8983,2.8328,2.7556,2.6686,2.5738,2.4731,2.3675,2.259,2.1486,2.0371,1.9394,1.8485,1.7507,1.654,1.5611,1.4741,1.3959,1.3284,1.2717,1.2258,1.1906,1.1652,1.1476,1.1378,1.1329,1.13,1.129,1.1281,1.1281,1.1281,1.13,1.1329,1.1369,1.1437,1.1535,1.1652,1.176,1.1887,1.2082,1.2317,1.259,1.2893,1.3216,1.3539,1.3851,1.4145,1.4409,1.4624,1.478,1.4878,1.4917,1.4897,1.4819,1.4682,1.4487,1.4242,1.3949,1.3636,1.3304,1.2972,1.2698,1.2454,1.219,1.1935,1.1691,1.1486,1.131,1.1153,1.1026,1.0909,1.0772,1.0626,1.0479,1.0381,1.0381,1.0547,1.1026,1.1916,1.3265,1.5044,1.7126,1.9345,2.1496,2.3402,2.4966,2.6031,2.6686,2.7116,2.7283,2.7214,2.694,2.6481,2.5875,2.5161,2.436,2.349,2.2561,2.1593,2.0704,1.9863,1.8925,1.7957,1.6979,1.6041,1.5152,1.433,1.3607,1.3001,1.2512,1.2151,1.1926,1.1818,1.1769,1.1799,1.1887,1.2014,1.217,1.2326,1.2473,1.261,1.2727,1.2815,1.2893,1.2952,1.3001,1.303,1.305,1.306,1.306,1.304,1.3021,1.2981,1.2942,1.2884,1.2815,1.2757,1.2708,1.2649,1.2581,1.2493,1.2395,1.2278,1.216,1.2033,1.1896,1.175,1.1603,1.1466,1.1369,1.129,1.1202,1.1105,1.1026,1.0968,1.0929,1.0909,2.8602,2.8524,2.8231,2.7781,2.7243,2.6647,2.5934,2.5122,2.4242,2.3304,2.2317,2.129,2.0254,1.9208,1.8182,1.7175,1.6207,1.5396,1.4692,1.3978,1.3314,1.2727,1.2239,1.1848,1.1554,1.1349,1.1222,1.1144,1.1105,1.1114,1.1163,1.1212,1.1281,1.1359,1.1447,1.1554,1.1681,1.1808,1.1945,1.2082,1.2209,1.2336,1.2454,1.2551,1.263,1.2688,1.2727,1.2737,1.2737,1.2717,1.2669,1.261,1.2522,1.2424,1.2336,1.2258,1.2151,1.2023,1.1896,1.1789,1.1691,1.1603,1.1535,1.1476,1.1437,1.1417,1.1427,1.1457,1.1476,1.1486,1.1486,1.1486,1.1476,1.1437,1.1369,1.1261,1.1114,1.0978,1.0919,1.0997,1.129,1.1965,1.3099,1.4682,1.6637,1.8807,2.1017,2.3079,2.4858,2.6266,2.7292,2.7889,2.8182,2.8289,2.8201,2.7947,2.7556,2.7038,2.6422,2.5709,2.4927,2.4076,2.3167,2.2209,2.132,2.0469,1.9521,1.8543,1.7566,1.6608,1.5718,1.4907,1.4174,1.3519,1.2981,1.2571,1.2297,1.2141,1.2033,1.1984,1.1994,1.2033,1.2102,1.219,1.2287,1.2385,1.2483,1.2571,1.2659,1.2727,1.2805,1.2874,1.2952,1.3021,1.3079,1.3138,1.3187,1.3226,1.3245,1.3245,1.3216,1.3187,1.3157,1.3099,1.3021,1.2933,1.2825,1.2708,1.2581,1.2434,1.2287,1.216,1.2033,1.1916,1.1828,1.1769,1.1711,1.1662,1.1623,1.1603,1.1584,1.1584,1.1584,1.1593,1.1603,1.1613,1.1623,1.1613,1.1564,1.1486,1.1437,1.1505,1.1818,1.2512,1.3675,1.5327,1.741,1.9756,2.218,2.4213,2.5885,2.7478,2.8798,2.9765,3.0381,3.0674,3.0674,3.045,3.002,2.9433,2.871,2.7957,2.7165,2.6256,2.5259,2.4203,2.3109,2.1994,2.087,1.9746,1.8641,1.7556,1.653,1.5562,1.478,1.4125,1.348,1.2913,1.2454,1.2102,1.1857,1.1711,1.1642,1.1632,1.1662,1.172,1.1799,1.1877,1.1955,1.2014,1.2063,1.2092,1.2111,1.2111,1.2111,1.2102,1.2092,1.2082,1.2063,1.2063,1.2063,1.2043,1.2014,1.1965,1.1916,1.1857,1.1799,1.174,1.1691,1.1642,1.1584,1.1544,1.1505,1.1437,1.1349,1.1261,1.1163,1.1075,1.0978,1.088,1.0772,1.0665,1.0567,1.0459,1.0391,1.0352,1.0313,1.0274,1.0225,1.0166,1.0068,0.99609,0.98827,0.99218,1.0205,1.086,1.175,1.2962,1.4741,1.694,1.9355,2.1789,2.4037,2.5963,2.7498,2.8612,2.9345,2.9736,2.9824,2.9677,2.9365,2.8895,2.8289,2.7576,2.6755,2.5846,2.4858,2.3812,2.2727,2.1623,2.0508,1.9521,1.8602,1.7625,1.6647,1.5718,1.4848,1.4066,1.3392,1.2825,1.2375,1.2023,1.1779,1.1632,1.1554,1.1505,1.1486,1.1486,1.1505,1.1525,1.1544,1.1564,1.1574,1.1593,1.1603,1.1613,1.1632,1.1652,1.1642,1.1623,1.1584,1.1525,1.1447,1.1339,1.1232,1.1114,1.1007,1.0909,1.085,1.0811,1.0772,1.0743,1.0723,1.0723,1.0723,1.0723,1.0723,1.0743,1.0753,1.0772,1.0782,1.0802,1.0831,1.085,1.086,1.086,1.086,1.086,1.087,1.088,1.088,1.087,1.0821,1.0772,1.0743,1.0753,1.0909,1.1339,1.217,1.346,1.521,1.7331,1.9658,2.1984,2.4125,2.5953,2.7243,2.7859,2.8133,2.8309,2.8309,2.8133,2.7781,2.7273,2.6647,2.5914,2.5093,2.4203,2.3353,2.2512,2.1554,2.0547,1.9511,1.8456,1.74,1.6383,1.5415,1.4516,1.3695,1.2972,1.2356,1.1916,1.1603,1.1329,1.1134,1.1007,1.0948,1.0938,1.0968,1.1026,1.1095,1.1173,1.1251,1.1339,1.1427,1.1525,1.1623,1.173,1.1838,1.1945,1.2053,1.216,1.2258,1.2346,1.2424,1.2483,1.2532,1.2571,1.2581,1.2581,1.2561,1.2522,1.2463,1.2375,1.2268,1.2151,1.2023,1.1887,1.1769,1.1672,1.1554,1.1437,1.132,1.1212,1.1105,1.1017,1.0938,1.087,1.0821,1.0772,1.0743,1.0743,1.0753,1.0753,1.0733,1.0684,1.0596,1.0508,1.0479,1.0616,1.1036,1.1857,1.3157,1.4604,1.6246,1.8338,2.0606,2.2815,2.479,2.6413,2.7634,2.8465,2.8944,2.913,2.9062,2.8798,2.8407,2.7918,2.7322,2.6628,2.5846,2.4995,2.4086,2.3128,2.2141,2.1144,2.0127,1.9101,1.8211,1.739,1.652,1.566,1.4839,1.4096,1.3451,1.2913,1.2483,1.2151,1.1906,1.175,1.1642,1.1603,1.1603,1.1613,1.1642,1.1672,1.1701,1.174,1.1789,1.1838,1.1906,1.1975,1.2043,1.2121,1.219,1.2258,1.2317,1.2375,1.2424,1.2473,1.2512,1.2542,1.2551,1.2551,1.2522,1.2493,1.2463,1.2414,1.2346,1.2258,1.217,1.2072,1.1984,1.1896,1.1808,1.173,1.1672,1.1623,1.1593,1.1584,1.1554,1.1515,1.1476,1.1437,1.1398,1.1369,1.1329,1.1271,1.1193,1.1095,1.1026,1.1046,1.1212,1.1662,1.2512,1.3832,1.5601,1.7722,2.0029,2.2326,2.4428,2.6217,2.7615,2.8524,2.9052,2.9374,2.9482,2.9374,2.9081,2.8631,2.8045,2.7351,2.6559,2.5699,2.478,2.392,2.3069,2.2111,2.1105,2.0078,1.9052,1.8045,1.7067,1.6149,1.5308,1.4565,1.392,1.3382,1.3001,1.2737,1.2532,1.2395,1.2326,1.2317,1.2346,1.2414,1.2502,1.26,1.2708,1.2805,1.2884,1.2962,1.303,1.3099,1.3148,1.3196,1.3226,1.3245,1.3255,1.3245,1.3216,1.3177,1.3128,1.3089,1.306,1.3021,1.2981,1.2933,1.2874,1.2796,1.2708,1.259,1.2454,1.2297,1.2131,1.1984,1.1867,1.172,1.1574,1.1437,1.131,1.1193,1.1085,1.089,1.0665,1.0528,1.043,1.0362,1.0332,1.0303,1.0235,1.0127,1.002,0.99804,1.0127,1.0577,1.1466,1.2845,1.4712,1.695,1.9042,2.1007,2.3118,2.5083,2.6745,2.8025,2.8915,2.9443,2.9668,2.9638,2.9394,2.8964,2.8387,2.7742,2.7048,2.6237,2.5327,2.435,2.3324,2.2248,2.1144,2.0029,1.8905,1.7791,1.6706,1.5787,1.4976,1.4145,1.3363,1.2669,1.2082,1.1613,1.1251,1.0997,1.0831,1.0743,1.0714,1.0733,1.0802,1.089,1.0978,1.1075,1.1173,1.1261,1.1349,1.1427,1.1505,1.1574,1.1642,1.1701,1.176,1.1808,1.1838,1.1848,1.1838,1.1818,1.1779,1.173,1.1662,1.1584,1.1496,1.1398,1.1281,1.1193,1.1114,1.1007,1.0899,1.0792,1.0674,1.0567,1.0469,1.0391,1.0332,1.0274,1.0225,1.0205,1.0205,1.0186,1.0166,1.0127,1.0088,1.0029,0.99316,0.98045,0.9697,0.97067,0.99316,1.0508,1.131,1.2434,1.4106,1.6178,1.8485,2.0802,2.2962,2.4819,2.6285,2.7351,2.8045,2.8407,2.8475,2.8328,2.8016,2.7556,2.696,2.6246,2.5435,2.4545,2.3587,2.2571,2.1515,2.043,1.9453,1.8534,1.7537,1.652,1.5533,1.4614,1.3783,1.306,1.2444,1.1945,1.1554,1.1271,1.1085,1.0987,1.0958,1.0938,1.0948,1.0968,1.1007,1.1046,1.1095,1.1153,1.1202,1.1261,1.131,1.1369,1.1427,1.1486,1.1535,1.1574,1.1613,1.1642,1.1672,1.1681,1.1672,1.1652,1.1623,1.1574,1.1535,1.1496,1.1437,1.1369,1.129,1.1202,1.1105,1.1007,1.0909,1.0811,1.0723,1.0635,1.0587,1.0557,1.0518,1.0489,1.0459,1.044,1.042,1.0411,1.0391,1.0371,1.0342,1.0283,1.0196,1.0117,1.0039,0.99707,1.001,1.0283,1.0938,1.2053,1.3656,1.567,1.7957,2.0332,2.259,2.435,2.5699,2.6891,2.7791,2.8377,2.8661,2.869,2.8504,2.8133,2.7605,2.695,2.6207,2.5367,2.4536,2.3695,2.2727,2.1681,2.0587,1.9462,1.8338,1.7234,1.6168,1.5152,1.4213,1.3372,1.2727,1.2219,1.176,1.1378,1.1095,1.0909,1.0802,1.0762,1.0772,1.0811,1.088,1.0948,1.1026,1.1114,1.1202,1.1281,1.1359,1.1437,1.1505,1.1574,1.1642,1.1701,1.176,1.1808,1.1848,1.1887,1.1916,1.2023,1.2151,1.219,1.219,1.216,1.2111,1.2053,1.1975,1.1877,1.1769,1.1662,1.1584,1.1525,1.1447,1.1369,1.13,1.1241,1.1183,1.1124,1.1075,1.1026,2.9257,2.9159,2.8895,2.8485,2.7947,2.7302,2.6559,2.5728,2.4829,2.3861,2.2845,2.1799,2.0733,1.9658,1.8583,1.7654,1.6813,1.5943,1.5112,1.434,1.3656,1.3079,1.263,1.2297,1.2072,1.1935,1.1877,1.1887,1.1935,1.2004,1.2092,1.219,1.2297,1.2405,1.2502,1.259,1.2669,1.2747,1.2815,1.2874,1.2942,1.3001,1.304,1.3069,1.3089,1.3099,1.3099,1.3079,1.306,1.303,1.2991,1.2933,1.2893,1.2845,1.2776,1.2698,1.261,1.2512,1.2424,1.2336,1.2258,1.219,1.2121,1.2063,1.2023,1.2004,1.1965,1.1926,1.1887,1.1857,1.1828,1.1808,1.1789,1.176,1.1701,1.1613,1.1525,1.1496,1.1584,1.1877,1.2522,1.3607,1.5161,1.7126,1.9365,2.1701,2.393,2.5904,2.7507,2.8592,2.9267,2.9726,2.9941,2.9932,2.9707,2.9306,2.8768,2.8104,2.7331,2.6471,2.5552,2.4575,2.3666,2.2776,2.1789,2.0753,1.9697,1.8641,1.7605,1.6608,1.5679,1.4819,1.4057,1.3402,1.2913,1.2551,1.2248,1.2023,1.1877,1.1799,1.1779,1.1799,1.1857,1.1945,1.2033,1.2121,1.2199,1.2278,1.2346,1.2395,1.2434,1.2463,1.2473,1.2463,1.2454,1.2434,1.2395,1.2346,1.2287,1.2248,1.2209,1.2151,1.2072,1.1984,1.1887,1.1789,1.1691,1.1593,1.1496,1.1388,1.1281,1.1183,1.1114,1.1065,1.1007,1.0938,1.088,1.0831,1.0782,1.0743,1.0694,1.0655,1.0626,1.0596,1.0587,1.0577,1.0528,1.043,1.0313,1.0225,1.0283,1.0606,1.132,1.2502,1.4164,1.6227,1.8524,2.0567,2.2375,2.4213,2.5855,2.7165,2.8113,2.8719,2.9022,2.9062,2.8876,2.8504,2.7967,2.7361,2.6696,2.5894,2.4995,2.4027,2.3001,2.1926,2.0821,1.9697,1.8592,1.7507,1.6471,1.5494,1.4692,1.4018,1.3363,1.2786,1.2307,1.1945,1.1691,1.1535,1.1437,1.1388,1.1417,1.1496,1.1584,1.1691,1.1789,1.1877,1.1965,1.2043,1.2111,1.216,1.219,1.2199,1.219,1.217,1.2141,1.2111,1.2092,1.2053,1.2004,1.1955,1.1906,1.1838,1.1769,1.1691,1.1613,1.1535,1.1457,1.1398,1.1349,1.1281,1.1202,1.1124,1.1036,1.0958,1.088,1.0811,1.0753,1.0704,1.0655,1.0616,1.0596,1.0587,1.0567,1.0538,1.0499,1.044,1.0362,1.0264,1.0166,1.0127,1.0254,1.0674,1.131,1.2258,1.3734,1.566,1.7889,2.0215,2.2454,2.4448,2.608,2.7312,2.8152,2.8641,2.8807,2.8729,2.8495,2.8104,2.7576,2.6931,2.6178,2.5337,2.4418,2.3431,2.2385,2.13,2.0196,1.9208,1.8299,1.7312,1.6325,1.5386,1.4506,1.3715,1.303,1.2463,1.2004,1.1662,1.1427,1.131,1.1261,1.1251,1.1271,1.132,1.1378,1.1437,1.1496,1.1554,1.1603,1.1652,1.1711,1.1769,1.1828,1.1896,1.1955,1.1994,1.2023,1.2053,1.2072,1.2072,1.2063,1.2063,1.2053,1.2033,1.2014,1.2004,1.1965,1.1896,1.1808,1.172,1.1632,1.1544,1.1447,1.1359,1.1281,1.1212,1.1144,1.1105,1.1085,1.1056,1.1026,1.0997,1.0958,1.0919,1.089,1.086,1.0821,1.0772,1.0694,1.0626,1.0547,1.045,1.043,1.0616,1.1144,1.2121,1.3587,1.5494,1.7713,2.0059,2.2336,2.437,2.5885,2.696,2.783,2.8426,2.8759,2.8847,2.8719,2.8407,2.7937,2.7331,2.6618,2.5806,2.5005,2.4184,2.3255,2.2248,2.1193,2.0108,1.9022,1.7957,1.6921,1.5943,1.5044,1.4223,1.35,1.2942,1.2522,1.2141,1.1838,1.1623,1.1476,1.1398,1.1369,1.1378,1.1417,1.1466,1.1535,1.1613,1.1691,1.1779,1.1857,1.1945,1.2023,1.2102,1.217,1.2239,1.2287,1.2336,1.2375,1.2405,1.2434,1.2454,1.2463,1.2454,1.2424,1.2375,1.2317,1.2239,1.2151,1.2063,1.1965,1.1867,1.1808,1.176,1.1691,1.1632,1.1574,1.1525,1.1496,1.1466,1.1437,1.1408,1.1378,1.1349,1.132,1.132,1.132,1.129,1.1241,1.1153,1.1046,1.0929,1.0899,1.1056,1.1515,1.2405,1.3773,1.5279,1.696,1.9081,2.1369,2.3568,2.5523,2.7126,2.8328,2.915,2.9619,2.9795,2.9717,2.9433,2.9032,2.8514,2.7859,2.7097,2.6256,2.5357,2.4409,2.3431,2.2424,2.1408,2.0391,1.9374,1.8485,1.7683,1.6823,1.5963,1.5122,1.434,1.3607,1.2942,1.2326,1.176,1.1232,1.0753,1.0313,0.99902,0.97654,0.95503,0.93842,0.92571,0.91691,0.91202,0.90909,0.90811,0.90909,0.91398,0.92473,0.94135,0.96481,0.99804,1.042,1.0968,1.1603,1.2287,1.2972,1.3617,1.4194,1.4653,1.5005,1.5239,1.5386,1.5474,1.5503,1.5484,1.5435,1.5347,1.5239,1.5112,1.4976,1.4839,1.4712,1.4594,1.4497,1.4409,1.4291,1.4174,1.4037,1.3881,1.3715,1.3519,1.3284,1.3001,1.2669,1.2317,1.2053,1.1906,1.1955,1.2326,1.3138,1.4428,1.6149,1.8172,2.0323,2.2414,2.4282,2.5836,2.7028,2.7781,2.8192,2.8416,2.8426,2.8231,2.784,2.7292,2.6608,2.5806,2.4897,2.391,2.2845,2.1857,2.0899,1.9834,1.8719,1.7586,1.6481,1.5415,1.4399,1.347,1.2639,1.1926,1.1339,1.088,1.0577,1.0391,1.0264,1.0196,1.0196,1.0244,1.0332,1.045,1.0577,1.0723,1.088,1.1036,1.1193,1.1339,1.1486,1.1642,1.1799,1.1955,1.2111,1.2258,1.2395,1.2512,1.262,1.2717,1.2796,1.2864,1.2923,1.2962,1.2991,1.3001,1.2991,1.2962,1.2913,1.2854,1.2786,1.2698,1.259,1.2502,1.2424,1.2326,1.2209,1.2092,1.1975,1.1848,1.1701,1.1554,1.1408,1.1261,1.1124,1.0987,1.088,1.0772,1.0606,1.0411,1.0244,1.0186,1.0371,1.0909,1.1906,1.3382,1.5279,1.7458,1.9423,2.1202,2.304,2.4682,2.6002,2.695,2.7546,2.783,2.7859,2.7664,2.7292,2.6774,2.6139,2.5484,2.479,2.3988,2.3109,2.218,2.1212,2.0225,1.9228,1.8231,1.7253,1.6325,1.5435,1.4702,1.4086,1.349,1.2952,1.2502,1.2151,1.1896,1.172,1.1623,1.1574,1.1554,1.1544,1.1554,1.1574,1.1593,1.1593,1.1593,1.1593,1.1593,1.1593,1.1603,1.1613,1.1632,1.1672,1.172,1.1779,1.1838,1.1896,1.1945,1.1984,1.2014,1.2023,1.2023,1.2004,1.1975,1.1926,1.1867,1.1789,1.172,1.1662,1.1584,1.1496,1.1398,1.131,1.1232,1.1163,1.1105,1.1046,1.1007,1.0968,1.0948,1.0938,1.0909,1.087,1.0821,1.0762,1.0694,1.0587,1.044,1.0518,1.0753,1.0948,1.1222,1.173,1.2659,1.4076,1.5943,1.8143,2.0489,2.2776,2.4848,2.6588,2.7928,2.8866,2.9443,2.9687,2.9677,2.9501,2.9159,2.8671,2.8065,2.7351,2.6549,2.567,2.4731,2.3734,2.2708,2.1769,2.088,1.9892,1.8886,1.7889,1.694,1.6061,1.5259,1.4555,1.3939,1.3431,1.304,1.2737,1.2542,1.2424,1.2336,1.2287,1.2268,1.2268,1.2297,1.2336,1.2385,1.2444,1.2502,1.2561,1.263,1.2698,1.2766,1.2835,1.2903,1.2962,1.3011,1.306,1.3089,1.3099,1.3089,1.3069,1.304,1.3011,1.2991,1.2942,1.2874,1.2796,1.2717,1.262,1.2512,1.2395,1.2287,1.219,1.2092,1.2033,1.1994,1.1955,1.1916,1.1887,1.1857,1.1838,1.1828,1.1818,1.1808,1.1799,1.1789,1.176,1.174,1.1711,1.1642,1.1574,1.1593,1.1799,1.2336,1.3304,1.4741,1.6618,1.8817,2.1153,2.3157,2.4868,2.6549,2.7977,2.9081,2.9834,3.0264,3.0411,3.0323,3.0039,2.9589,2.9003,2.8299,2.7576,2.6823,2.5953,2.5015,2.4008,2.2962,2.1887,2.0802,1.9726,1.8671,1.7654,1.6706,1.5924,1.5269,1.4633,1.4066,1.3597,1.3226,1.2952,1.2776,1.2669,1.262,1.26,1.26,1.26,1.261,1.262,1.261,1.259,1.2571,1.2542,1.2522,1.2502,1.2493,1.2502,1.2522,1.2561,1.261,1.2669,1.2727,1.2796,1.2864,1.2933,1.3001,1.3069,1.3138,1.3206,1.3275,1.3343,1.3402,1.3451,1.349,1.3509,1.3529,1.3539,1.3558,1.3587,1.3617,1.3646,1.3675,1.3695,1.3705,1.3715,1.3724,1.3715,1.3695,1.3666,1.3617,1.3548,1.3441,1.3304,1.3177,1.3118,1.3226,1.3627,1.4242,1.5171,1.6618,1.8495,2.0645,2.2874,2.4995,2.6862,2.8368,2.9482,3.0205,3.0587,3.0655,3.0499,3.0176,2.9707,2.9101,2.8387,2.7595,2.6735,2.5816,2.4848,2.3842,2.2805,2.176,2.0831,1.9961,1.9022,1.8074,1.7146,1.6266,1.5464,1.4761,1.4154,1.3666,1.3294,1.303,1.2884,1.2815,1.2796,1.2815,1.2864,1.2933,1.3011,1.3079,1.3148,1.3216,1.3275,1.3324,1.3382,1.3431,1.3451,1.346,1.347,1.347,1.347,1.346,1.3441,1.3402,1.3343,1.3284,1.3206,1.3138,1.3089,1.3011,1.2678,1.2219,1.1935,1.174,1.1593,1.1457,1.1329,1.1212,1.1095,1.1007,1.0958,1.089,1.0811,1.0743,1.0665,1.0606,1.0547,1.0499,1.0459,1.044,1.042,1.0391,1.0371,1.0342,1.0274,1.0196,1.0176,1.0352,1.085,1.1789,1.3206,1.5083,1.7302,1.9697,2.1769,2.3548,2.5308,2.6823,2.7996,2.8807,2.9277,2.9453,2.9374,2.9101,2.8651,2.8065,2.737,2.6657,2.5924,2.5083,2.4164,2.3187,2.217,2.1124,2.0049,1.8974,1.7908,1.6882,1.5894,1.5073,1.437,1.3666,1.3021,1.2463,1.2014,1.1681,1.1457,1.1329,1.1271,1.1281,1.1329,1.1408,1.1496,1.1574,1.1642,1.1701,1.176,1.1818,1.1877,1.1935,1.1984,1.2023,1.2043,1.2063,1.2092,1.2111,1.2102,1.2082,1.2053,1.2014,1.1965,1.1906,1.1838,1.1769,1.1691,1.1593,1.1496,1.1427,1.1378,1.13,1.1212,1.1124,1.1036,1.0958,1.089,1.0821,1.0772,1.0723,1.0684,1.0674,1.0674,1.0674,1.0665,1.0655,1.0645,1.0616,1.0557,1.0459,1.0362,1.0332,1.0479,1.0929,1.1593,1.2581,1.4115,1.609,1.8338,2.0674,2.2903,2.4868,2.6461,2.7644,2.8446,2.8895,2.9032,2.8935,2.868,2.828,2.7742,2.7087,2.6334,2.5494,2.4585,2.3617,2.26,2.1544,2.0459,1.9492,1.8592,1.7615,1.6637,1.5699,1.4819,1.4018,1.3324,1.2727,1.2248,1.1877,1.1603,1.1437,1.1349,1.13,1.129,1.131,1.1349,1.1408,1.1466,1.1535,1.1603,1.1672,1.175,1.1838,1.1926,1.2004,1.2063,1.2111,1.216,1.2199,1.2229,1.2258,1.2268,1.2268,1.2248,1.2209,1.217,1.2131,1.2063,1.1975,1.1877,1.1769,1.1662,1.1564,1.1466,1.1369,1.1271,1.1173,1.1114,1.1075,1.1017,1.0958,1.0899,1.0841,1.0792,1.0762,1.0733,1.0704,1.0674,1.0655,1.0626,1.0596,1.0557,1.0469,1.0371,1.0342,1.0489,1.0938,1.1818,1.3187,1.5005,1.7175,1.9511,2.1544,2.3284,2.5005,2.6481,2.7625,2.8416,2.8876,2.9052,2.8983,2.8719,2.8289,2.7722,2.7048,2.6354,2.5621,2.4761,2.3822,2.2815,2.176,2.0674,1.958,1.8495,1.7439,1.6422,1.5474,1.4702,1.4057,1.3421,1.2854,1.2385,1.2014,1.175,1.1574,1.1476,1.1437,1.1427,1.1437,1.1476,1.1535,1.1603,1.1672,1.173,1.1789,1.1848,1.1906,1.1975,1.2043,1.2111,1.218,1.2248,1.2307,1.2366,1.2414,1.2444,1.2454,1.2444,1.2434,1.2414,1.2375,1.2317,1.2248,1.217,1.2082,1.2014,1.1955,1.1877,1.1779,1.1691,1.1603,1.1535,1.1476,1.1427,1.1388,1.1359,1.1329,1.1329,1.1329,1.1329,1.132,1.131,1.129,1.1271,1.1222,1.1144,1.1046,1.0978,1.1017,1.129,1.1769,1.2571,1.3891,1.5699,1.7879,2.0254,2.261,2.477,2.6598,2.8025,2.9042,2.9677,2.9951,2.9951,2.9785,2.9453,2.8974,2.8368,2.7654,2.6852,2.5973,2.5024,2.4037,2.3011,2.1955,2.0987,2.0078,1.9091,1.8084,1.7097,1.6158,1.5298,1.4526,1.3851,1.3294,1.2864,1.2551,1.2366,1.2268,1.2219,1.2219,1.2258,1.2326,1.2405,1.2493,1.259,1.2688,1.2776,1.2854,1.2933,1.3001,1.306,1.3109,1.3157,1.3196,1.3226,1.3245,1.3245,1.3236,1.3206,1.3167,1.3128,1.3099,1.3079,1.304,1.2991,1.2923,1.2835,1.2717,1.259,1.2444,1.2278,1.2102,1.1935,1.1769,1.1652,1.1554,1.1447,1.1329,1.1212,1.1114,1.1017,1.0929,1.086,1.0792,1.0733,1.0674,1.0645,1.0616,1.0538,1.045,1.042,1.0557,1.0997,1.1857,1.3206,1.5034,1.7243,1.9648,2.2063,2.4037,2.563,2.7116,2.8309,2.9159,2.9668,2.9883,2.9834,2.957,2.913,2.8553,2.7859,2.7136,2.6393,2.5533,2.4604,2.3617,2.2581,2.1525,2.045,1.9365,1.8299,1.7253,1.6256,1.5435,1.4731,1.4027,1.3372,1.2796,1.2317,1.1945,1.1672,1.1496,1.1378,1.132,1.131,1.1329,1.1378,1.1447,1.1525,1.1603,1.1681,1.176,1.1828,1.1906,1.1965,1.2014,1.2053,1.2072,1.2102,1.2121,1.2121,1.2111,1.2082,1.2033,1.1975,1.1906,1.1828,1.175,1.1662,1.1574,1.1476,1.1398,1.1329,1.1241,1.1153,1.1065,1.0978,1.0899,1.0831,1.0762,1.0704,1.0655,1.0606,1.0587,1.0577,1.0557,1.0538,1.0518,1.0489,1.044,1.0352,1.0244,1.0147,1.0137,1.0332,1.088,1.1652,1.2747,1.4389,1.6452,1.8768,2.1124,2.3314,2.5191,2.6686,2.7771,2.8465,2.8817,2.8866,2.87,2.8387,2.7918,2.7253,2.6442,2.5601,2.4702,2.3754,2.2757,2.173,2.0665,1.9589,1.8631,1.7742,1.6784,1.5826,1.4917,1.4076,1.3324,1.2678,1.2151,1.175,1.1457,1.1271,1.1183,1.1163,1.1173,1.1222,1.129,1.1369,1.1437,1.1505,1.1564,1.1613,1.1672,1.172,1.1779,1.1838,1.1906,1.1955,1.2004,1.2043,1.2072,1.2082,1.2072,1.2053,1.2023,1.1975,1.1916,1.1867,1.1828,1.1769,1.1691,1.1613,1.1525,1.1427,1.1329,1.1232,1.1134,1.1046,1.0958,1.087,1.0821,1.0792,1.0753,1.0714,1.0684,1.0665,1.0645,1.0626,1.0606,1.0596,1.0577,1.0538,1.0499,1.045,1.0352,1.0283,1.0332,1.0645,1.1329,1.2483,1.4115,1.6149,1.8436,2.0792,2.3011,2.4731,2.6041,2.7175,2.8016,2.8553,2.8798,2.8798,2.8583,2.8192,2.7654,2.7009,2.6266,2.5513,2.4741,2.3851,2.2874,2.1848,2.0782,1.9707,1.8622,1.7556,1.653,1.5572,1.4682,1.3891,1.3265,1.2776,1.2326,1.1955,1.1672,1.1466,1.1339,1.1271,1.1261,1.129,1.1339,1.1398,1.1476,1.1544,1.1613,1.1691,1.1769,1.1848,1.1916,1.1994,1.2063,1.2131,1.219,1.2239,1.2278,1.2317,1.2346,1.2346,1.2336,1.2307,1.2258,1.219,1.2111,1.2023,1.1935,1.1838,1.174,1.1662,1.1593,1.1505,1.1408,1.131,1.1212,1.1124,1.1046,1.0987,1.0938,1.0899,1.086,1.085,1.086,1.085,1.0841,1.0821,1.0792,1.0733,1.0635,1.0508,1.0411,1.043,1.0694,1.132,1.218,1.3353,1.5083,1.7214,1.955,2.1887,2.4018,2.5816,2.7224,2.8231,2.8856,2.9159,2.9198,2.9022,2.87,2.825,2.7674,2.6999,2.6227,2.5376,2.4457,2.348,2.2463,2.1417,2.0362,1.9413,1.8534,1.7576,1.6618,1.5699,1.4848,1.4086,1.3431,1.2893,1.2483,1.218,1.1975,1.1877,1.1848,1.1857,1.1896,1.1955,1.2033,1.2121,1.2199,1.2278,1.2356,1.2424,1.2483,1.2551,1.262,1.2688,1.2747,1.2805,1.2854,1.2903,1.2942,1.2972,1.2981,1.2981,1.2962,1.2923,1.2884,1.2845,1.2796,1.2727,1.2649,1.2551,1.2454,1.2356,1.2258,1.216,1.2063,1.1984,1.1916,1.1877,1.1848,1.1808,1.1769,1.173,1.1691,1.1662,1.1632,1.1623,1.1603,1.1544,1.1437,1.1369,1.13,1.1232,1.1261,1.1496,1.2063,1.3089,1.4614,1.6579,1.8856,2.1271,2.3607,2.5699,2.7253,2.8358,2.9267,2.9883,3.0205,3.0254,3.0078,2.9717,2.9198,2.8553,2.781,2.697,2.6139,2.5308,2.436,2.3343,2.2268,2.1163,2.0039,1.8915,1.781,1.6735,1.5718,1.479,1.3949,1.3294,1.2786,1.2317,1.1935,1.1652,1.1466,1.1369,1.1349,1.1369,1.1427,1.1496,1.1574,1.1662,1.175,1.1828,1.1887,1.1935,1.1975,1.1994,1.2014,1.2014,1.2014,1.2004,1.1984,1.1955,1.1935,1.1916,1.1867,1.1818,1.176,1.1691,1.1613,1.1525,1.1417,1.131,1.1193,1.1065,1.0978,1.0909,1.0821,1.0714,1.0606,1.0499,1.0411,1.0332,1.0264,1.0215,1.0166,1.0117,1.0078,1.0068,1.0068,1.0059,1.0029,0.99707,0.98729,0.97654,0.97067,0.98045,1.0205,1.1026,1.2326,1.3793,1.5484,1.7664,2.0059,2.2405,2.4526,2.6295,2.7654,2.8602,2.9169,2.9413,2.9374,2.913,2.8729,2.8182,2.7507,2.6735,2.5875,2.4946,2.3959,2.2923,2.1838,2.0733,1.9609,1.8485,1.7507,1.6618,1.5679,1.4761,1.39,1.3128,1.2463,1.1916,1.1496,1.1183,1.0987,1.088,1.085,1.088,1.0919,1.0987,1.1065,1.1153,1.1232,1.131,1.1378,1.1457,1.1525,1.1584,1.1642,1.1711,1.1779,1.1838,1.1877,1.1916,1.1935,1.1926,1.1906,1.1877,1.1828,1.1769,1.1691,1.1632,1.1584,1.1505,1.1408,1.131,1.1212,1.1105,1.0997,1.0899,1.0811,1.0723,1.0635,1.0567,1.0528,1.0508,1.0479,1.044,1.0411,1.0391,1.0371,1.0342,1.0303,1.0244,1.0147,1.0029,0.99511,0.99511,1.0088,1.0499,1.132,1.263,1.4418,1.6588,1.8974,2.1369,2.3578,2.5464,2.696,2.7937,2.8514,2.8876,2.9003,2.8915,2.8631,2.8182,2.7595,2.6891,2.608,2.5191,2.4223,2.3304,2.2405,2.1388,2.0313,1.9198,1.8084,1.6989,1.5934,1.4946,1.4037,1.3236,1.2542,1.1965,1.1564,1.129,1.1075,1.0938,1.087,1.086,1.088,1.0929,1.1007,1.1085,1.1163,1.1241,1.132,1.1398,1.1476,1.1544,1.1613,1.1681,1.175,1.1808,1.1857,1.1896,1.1926,1.1945,1.1945,1.1945,1.1945,1.1916,1.1867,1.1887,1.1926,1.1906,1.1848,1.1769,1.1681,1.1593,1.1496,1.1427,1.1369,1.129,1.1212,1.1144,1.1085,1.1036,1.0987,1.0948,1.0919,1.089,1.086,1.0841,1.0841,1.0841,1.0811,1.0733,1.0626,1.0518,1.0479,1.0626,1.1085,1.1984,1.3353,1.5171,1.6999,1.8856,2.0987,2.3099,2.4995,2.654,2.7693,2.8456,2.8886,2.9022,2.8915,2.8622,2.8172,2.7644,2.7038,2.6325,2.5513,2.4624,2.3675,2.2678,2.1652,2.0606,1.9541,1.8485,1.7458,1.6579,1.5816,1.5034,1.4282,1.3597,1.3011,1.2532,1.217,1.1906,1.173,1.1632,1.1593,1.1603,1.1652,1.172,1.1789,1.1848,1.1906,1.1965,1.2023,1.2063,1.2092,1.2111,1.2121,1.2111,1.2111,1.2111,1.2102,1.2082,1.2043,1.1994,1.1935,1.1877,1.1818,1.175,1.1701,1.1652,1.1632,1.1623,1.1593,1.1554,1.1515,1.1486,1.1466,1.1457,1.1457,1.1457,1.1466,1.1496,1.1535,1.1584,1.1652,1.1711,1.1769,1.1828,1.1877,1.1916,1.1945,1.1935,1.1887,1.1808,1.175,1.176,1.1916,1.2336,1.3138,1.4389,1.6061,1.8084,2.0293,2.2502,2.4545,2.6285,2.7664,2.8651,2.9198,2.9423,2.9453,2.9296,2.8954,2.8456,2.782,2.7087,2.6256,2.4604,2.4927,2.5464,2.6158,2.695,2.7761,2.8504,2.9091,2.9433,2.9462,2.912,2.8397,2.7331,2.6197,2.5034,2.3724,2.2473,2.1398,2.0538,1.9873,1.9365,1.8954,1.8602,1.828,1.7986,1.7771,1.7605,1.7458,1.7351,1.7292,1.7273,1.7283,1.7331,1.7419,1.7537,1.7683,1.7869,1.8084,1.8289,1.8495,1.871,1.8915,1.9101,1.9267,1.9404,1.9511,1.9599,1.9677,1.9746,1.9814,1.9873,1.9932,2,2.0059,2.0117,2.0166,2.0215,2.0254,2.0293,2.0313,2.0323,2.0323,2.0323,2.0323,2.0313,2.0303,2.0283,2.0274,2.0254,2.0235,2.0215,2.0196,2.0176,2.0166,2.0156,2.0156,2.0166,2.0186,2.0215,2.0244,2.0274,2.0303,2.0342,2.0371,2.0401,2.043,2.045,2.045,2.045,2.044,2.045,2.0518,2.0694,2.1046,2.1593,2.2336,2.3236,2.4233,2.5239,2.6178,2.6891,2.7419,2.7859,2.8172,2.8328,2.8348,2.825,2.8065,2.7801,2.7468,2.7097,2.6696,2.6305,2.5924,2.5513,2.5073,2.4624,2.4164,2.3695,2.3226,2.2766,2.2326,2.1926,2.1574,2.1281,2.1075,2.0948,2.087,2.0841,2.087,2.0938,2.1026,2.1134,2.1241,2.1329,2.1408,2.1457,1.9765,1.7195,1.5875,1.5181,1.48,1.4565,1.4399,1.4272,1.4154,1.4037,1.392,1.3793,1.3656,1.3529,1.3412,1.3284,1.3157,1.303,1.2913,1.2796,1.2678,1.2561,1.2454,1.2356,1.2268,1.2199,1.2151,1.2102,1.2053,1.2004,1.1975,1.1955,1.1945,1.1955,1.1984,1.2043,1.2111,1.2199,1.2287,1.2385,1.2483,1.2581,1.2669,1.2737,1.2776,1.2815,1.2864,1.2972,1.3196,1.3597,1.4066,1.4663,1.5484,1.6452,1.7468,1.8436,1.9286,1.9951,2.0411,2.0674,2.0753,2.0684,2.0489,2.0225,1.9912,1.9521,1.9081,1.8602,1.8094,1.7576,1.7038,1.65,1.5963,1.5425,1.4897,1.4448,1.4037,1.3607,1.3177,1.2786,1.2444,1.217,1.1965,1.1828,1.1779,1.1808,1.1896,1.2043,1.2199,1.2375,1.2571,1.2776,1.2981,1.3157,1.3314,1.3441,1.3539,1.3597,1.3636,1.3646,1.3646,1.3636,1.3617,1.3578,1.3529,1.347,1.3402,1.3324,1.3245,1.3167,1.3079,1.2991,1.2913,1.2854,1.2805,1.2747,1.2688,1.263,1.2571,1.2512,1.2463,1.2424,1.2395,1.2385,1.2395,1.2434,1.2493,1.2571,1.2669,1.2786,1.2913,1.304,1.3167,1.3284,1.3382,1.346,1.3509,1.3539,1.3558,1.3607,1.3715,1.3949,1.434,1.4927,1.5689,1.6588,1.7566,1.8524,1.9404,2.0137,2.0626,2.0919,2.1105,2.1153,2.1065,2.086,2.0567,2.0186,1.9746,1.9267,1.8749,1.8201,1.7644,1.7136,1.6657,1.6119,1.5552,1.4985,1.4428,1.3881,1.3353,1.2864,1.2414,1.2014,1.1662,1.1408,1.1222,1.1065,1.0948,1.087,1.0831,1.0841,1.088,1.0938,1.1017,1.1105,1.1202,1.129,1.1378,1.1457,1.1525,1.1584,1.1613,1.1632,1.1642,1.1632,1.1613,1.1584,1.1554,1.1525,1.1505,1.1486,1.1447,1.1388,1.1329,1.1261,1.1183,1.1105,1.1036,1.0968,1.0899,1.0841,1.0802,1.0782,1.0753,1.0733,1.0714,1.0704,1.0704,1.0714,1.0743,1.0792,1.087,1.0968,1.1085,1.1212,1.1349,1.1486,1.1613,1.173,1.1848,1.1984,1.218,1.2483,1.2942,1.3597,1.4457,1.5318,1.6197,1.7224,1.826,1.9189,1.9941,2.0489,2.0821,2.0958,2.0919,2.0733,2.044,2.0068,1.9677,1.9257,1.8768,1.825,1.7713,1.7165,1.7556,1.8299,1.8152,1.7556,1.6764,1.5904,1.5142,1.4457,1.3754,1.3099,1.2522,1.2063,1.172,1.1496,1.1378,1.1349,1.1388,1.1466,1.1554,1.1632,1.1711,1.176,1.1779,1.1779,1.174,1.1662,1.1554,1.1408,1.1222,1.1007,1.0772,1.0577,1.042,1.0244,1.0078,0.99316,0.98045,0.97067,0.96383,0.95699,0.94917,0.93939,0.92962,0.91984,0.91496,0.91105,0.90518,0.89932,0.89443,0.88954,0.88661,0.88465,0.88465,0.88661,0.89052,0.89834,0.91007,0.92571,0.94428,0.96774,0.99609,1.0274,1.0606,1.0929,1.1222,1.1476,1.1681,1.1887,1.2151,1.2483,1.2991,1.3842,1.5103,1.6764,1.8759,2.0938,2.3128,2.5132,2.6813,2.8074,2.8895,2.9286,2.9335,2.915,2.8739,2.8143,2.741,2.6549,2.5601,2.4585,2.3519,2.2434,2.1329,2.0215,1.9228,1.8319,1.7322,1.6295,1.5288,1.4321,1.3421,1.263,1.1965,1.1427,1.1036,1.0792,1.0694,1.0704,1.0792,1.0948,1.1163,1.1408,1.1672,1.1945,1.2209,1.2444,1.2659,1.2845,1.3001,1.3128,1.3216,1.3284,1.3333,1.3353,1.3353,1.3324,1.3265,1.3196,1.3099,1.2991,1.2864,1.2757,1.2659,1.2532,1.2385,1.2229,1.2072,1.1916,1.176,1.1623,1.1505,1.1388,1.129,1.1232,1.1202,1.1183,1.1173,1.1193,1.1251,1.1349,1.1486,1.1681,1.1916,1.219,1.2502,1.2845,1.3157,1.3441,1.3715,1.3959,1.4194,1.4497,1.4946,1.566,1.6716,1.8162,1.9941,2.1965,2.3773,2.5396,2.7048,2.8495,2.9589,3.0293,3.0596,3.0547,3.0215,2.9658,2.8915,2.8045,2.7067,2.6129,2.5191,2.4145,2.304,2.1916,2.0782,1.9648,1.8524,1.7429,1.6364,1.5347,1.4399,1.3636,1.3011,1.2405,1.1887,1.1476,1.1202,1.1065,1.1046,1.1134,1.13,1.1505,1.174,1.1975,1.218,1.2356,1.2512,1.263,1.2708,1.2747,1.2747,1.2737,1.2717,1.2688,1.2659,1.2639,1.2639,1.2639,1.263,1.26,1.2542,1.2463,1.2356,1.2219,1.2063,1.1896,1.173,1.1584,1.1437,1.1329,1.1241,1.1153,1.1065,1.0997,1.0938,1.0909,1.0899,1.0929,1.0978,1.1065,1.1193,1.1349,1.1544,1.1789,1.2082,1.2414,1.2757,1.3099,1.3431,1.3724,1.3998,1.4291,1.4673,1.5239,1.6002,1.6989,1.828,1.9873,2.1711,2.3656,2.5562,2.7283,2.871,2.9785,3.0499,3.086,3.0909,3.0714,3.0352,2.9834,2.9189,2.8446,2.7625,2.6735,2.5806,2.4858,2.3891,2.2913,2.1935,2.1075,2.0283,1.9443,1.8602,1.7801,1.7067,1.6432,1.5894,1.5474,1.5171,1.4985,1.4917,1.4917,1.4985,1.5112,1.5279,1.5474,1.5679,1.5875,1.6041,1.6188,1.6295,1.6364,1.6393,1.6383,1.6344,1.6276,1.6158,1.6002,1.5806,1.5591,1.5367,1.5132,1.4878,1.4614,1.434,1.4066,1.3832,1.3627,1.3382,1.3128,1.2874,1.263,1.2405,1.219,1.2004,1.1838,1.1701,1.1584,1.1505,1.1466,1.1466,1.1476,1.1505,1.1554,1.1632,1.173,1.1848,1.1994,1.216,1.2336,1.2522,1.2708,1.2874,1.304,1.3236,1.3509,1.3959,1.4663,1.5709,1.7107,1.8827,2.0753,2.2747,2.4633,2.6109,2.7214,2.8152,2.8817,2.9169,2.9208,2.8993,2.8553,2.7937,2.7185,2.6334,2.5415,2.4555,2.3724,2.2815,2.1887,2.0948,2.002,1.9101,1.8201,1.7331,1.6491,1.5699,1.4956,1.435,1.3851,1.3372,1.2942,1.259,1.2326,1.216,1.2063,1.2033,1.2063,1.2131,1.2219,1.2326,1.2444,1.2551,1.2649,1.2737,1.2825,1.2893,1.2942,1.2972,1.2991,1.2991,1.2981,1.2942,1.2913,1.2874,1.2805,1.2708,1.259,1.2463,1.2317,1.217,1.2014,1.1848,1.1691,1.1535,1.1398,1.13,1.1241,1.1163,1.1105,1.1056,1.1026,1.1007,1.1017,1.1046,1.1105,1.1202,1.1339,1.1496,1.1691,1.1926,1.2199,1.2493,1.2786,1.3069,1.3324,1.3597,1.393,1.4409,1.5132,1.6168,1.7302,1.8602,2.0303,2.2209,2.4135,2.5914,2.741,2.8543,2.9286,2.9658,2.9707,2.9482,2.9091,2.8573,2.7908,2.7146,2.6295,2.5396,2.4448,2.348,2.2502,2.1535,2.0577,1.9648,1.8739,1.7957,1.7243,1.6491,1.5748,1.5054,1.4428,1.391,1.35,1.3216,1.306,1.3011,1.304,1.3128,1.3245,1.3402,1.3578,1.3744,1.3891,1.4018,1.4115,1.4184,1.4233,1.4242,1.4223,1.4174,1.4125,1.4076,1.3988,1.3891,1.3783,1.3656,1.3529,1.3402,1.3275,1.3148,1.3021,1.2893,1.2786,1.2698,1.259,1.2473,1.2356,1.2239,1.2141,1.1799,1.1339,1.1085,1.0938,1.086,1.0831,1.085,1.0899,1.0968,1.1065,1.1183,1.1339,1.1525,1.175,1.2004,1.2287,1.2571,1.2845,1.3079,1.3304,1.3587,1.3988,1.4594,1.5484,1.6706,1.825,2.0029,2.1916,2.3744,2.5376,2.6696,2.7566,2.8055,2.8328,2.8338,2.8094,2.7654,2.7058,2.6344,2.5523,2.4633,2.3695,2.2727,2.1838,2.0987,2.0059,1.9101,1.8143,1.7204,1.6295,1.5425,1.4594,1.3832,1.3167,1.261,1.216,1.1857,1.1681,1.1584,1.1584,1.1662,1.1799,1.1984,1.219,1.2395,1.259,1.2757,1.2884,1.2972,1.303,1.305,1.303,1.2981,1.2913,1.2825,1.2727,1.261,1.2483,1.2356,1.2229,1.2111,1.2014,1.1887,1.175,1.1603,1.1466,1.1329,1.1202,1.1085,1.0987,1.089,1.0811,1.0743,1.0714,1.0704,1.3021,1.2102,1.13,1.0626,1.0098,0.97263,0.95015,0.94233,0.94624,0.95992,0.98143,1.0098,1.042,1.0753,1.1085,1.1398,1.1681,1.1945,1.218,1.2385,1.2571,1.2737,1.2884,1.303,1.3167,1.3294,1.3402,1.349,1.3558,1.3607,1.3636,1.3656,1.3656,1.3656,1.3656,1.3656,1.3627,1.3568,1.349,1.3392,1.3284,1.3177,1.3089,1.3011,1.2972,1.2962,1.2991,1.306,1.3157,1.3294,1.347,1.3685,1.392,1.4164,1.4399,1.4614,1.48,1.4946,1.5034,1.5093,1.5161,1.5318,1.564,1.6237,1.7175,1.8495,2.0137,2.2004,2.3949,2.5797,2.7429,2.8602,2.9384,2.9971,3.0293,3.0342,3.0117,2.9668,2.9042,2.828,2.74,2.6452,2.5455,2.4526,2.3636,2.2669,2.1672,2.0674,1.9687,1.8729,1.7801,1.6911,1.608,1.5327,1.4663,1.4106,1.3695,1.3402,1.3157,1.2991,1.2903,1.2864,1.2864,1.2893,1.2942,1.2991,1.305,1.3109,1.3167,1.3226,1.3265,1.3294,1.3304,1.3304,1.3284,1.3245,1.3187,1.3109,1.3011,1.2903,1.2786,1.2688,1.26,1.2483,1.2346,1.2199,1.2053,1.1896,1.174,1.1584,1.1437,1.13,1.1173,1.1085,1.1026,1.0968,1.0919,1.088,1.086,1.085,1.086,1.0899,1.0958,1.1046,1.1153,1.13,1.1457,1.1623,1.1799,1.1975,1.2131,1.2278,1.2454,1.2737,1.3236,1.4037,1.521,1.6764,1.8348,1.9971,2.1877,2.3803,2.5552,2.6989,2.8035,2.868,2.8935,2.8856,2.8495,2.7918,2.7175,2.6393,2.5572,2.4643,2.3656,2.263,2.1603,2.0577,1.955,1.8543,1.7546,1.6579,1.565,1.4868,1.4184,1.347,1.2786,1.216,1.1623,1.1183,1.0841,1.0596,1.045,1.0391,1.0411,1.0479,1.0596,1.0733,1.089,1.1056,1.1222,1.1388,1.1554,1.172,1.1867,1.1994,1.2111,1.2199,1.2278,1.2326,1.2356,1.2356,1.2336,1.2297,1.2297,1.2307,1.2268,1.2199,1.2121,1.2043,1.1965,1.1906,1.1857,1.1799,1.174,1.1691,1.1652,1.1613,1.1584,1.1574,1.1574,1.1593,1.1632,1.1691,1.1779,1.1896,1.2033,1.2209,1.2405,1.262,1.2825,1.3011,1.3157,1.3304,1.349,1.3793,1.4194,1.477,1.5709,1.6979,1.8524,2.0205,2.1887,2.3421,2.4692,2.564,2.6237,2.65,2.6481,2.6237,2.5816,2.5239,2.4555,2.3783,2.2942,2.2063,2.1153,2.0244,1.9345,1.8446,1.7674,1.697,1.6217,1.5464,1.4731,1.4037,1.3402,1.2835,1.2356,1.1975,1.1691,1.1515,1.1427,1.1427,1.1496,1.1613,1.1769,1.1955,1.217,1.2385,1.26,1.2796,1.2972,1.3128,1.3265,1.3372,1.346,1.3529,1.3568,1.3587,1.3587,1.3568,1.3529,1.347,1.3392,1.3304,1.3216,1.3109,1.3021,1.2942,1.2845,1.2737,1.261,1.2493,1.2366,1.2248,1.2141,1.2043,1.1955,1.1877,1.1838,1.1818,1.1818,1.1838,1.1887,1.1965,1.2092,1.2258,1.2463,1.2717,1.2991,1.3284,1.3568,1.3803,1.3998,1.4194,1.4409,1.4692,1.5112,1.5767,1.6706,1.7918,1.9345,2.0899,2.2444,2.3675,2.4633,2.5474,2.608,2.6403,2.6452,2.6266,2.5885,2.5337,2.4663,2.391,2.3089,2.2229,2.1437,2.0684,1.9853,1.9003,1.8152,1.7302,1.6471,1.567,1.4897,1.4164,1.348,1.2854,1.2375,1.1994,1.1642,1.1359,1.1173,1.1085,1.1095,1.1183,1.1329,1.1525,1.175,1.1994,1.2229,1.2434,1.262,1.2796,1.2952,1.3089,1.3206,1.3284,1.3343,1.3372,1.3372,1.3343,1.3304,1.3265,1.3226,1.3148,1.304,1.2923,1.2776,1.262,1.2454,1.2287,1.2111,1.1935,1.176,1.1593,1.1476,1.1378,1.1271,1.1163,1.1075,1.1017,1.0978,1.0968,1.0978,1.1017,1.1085,1.1193,1.132,1.1476,1.1672,1.1906,1.217,1.2454,1.2747,1.304,1.3353,1.3715,1.4194,1.4858,1.5777,1.6745,1.783,1.9238,2.0811,2.2385,2.3812,2.5005,2.5885,2.6432,2.6657,2.6598,2.6315,2.5894,2.5376,2.4731,2.3998,2.3216,2.2395,2.1564,2.0723,1.9883,1.9052,1.825,1.7488,1.6755,1.6139,1.5611,1.5083,1.4614,1.4223,1.393,1.3763,1.3715,1.3773,1.393,1.4174,1.4477,1.478,1.5103,1.5464,1.5816,1.6129,1.6373,1.6559,1.6686,1.6745,1.6755,1.6716,1.6637,1.651,1.6373,1.6227,1.6041,1.5836,1.563,1.5415,1.5191,1.4976,1.477,1.4565,1.436,1.4164,1.3998,1.3851,1.3695,1.3539,1.3392,1.3245,1.3109,1.3001,1.2913,1.2845,1.2815,1.2805,1.2835,1.2893,1.2991,1.3148,1.3353,1.3607,1.391,1.4233,1.4565,1.4878,1.5142,1.5337,1.5464,1.5523,1.5533,1.5562,1.5689,1.6022,1.6676,1.7713,1.912,2.0821,2.2669,2.4506,2.6168,2.738,2.8192,2.8788,2.9081,2.9071,2.8768,2.8231,2.7517,2.6676,2.5738,2.4741,2.3705,2.2639,2.1681,2.0792,1.9824,1.8827,1.782,1.6813,1.5836,1.4878,1.3959,1.3079,1.2258,1.1515,1.0948,1.0518,1.0117,0.97947,0.95797,0.94721,0.94624,0.95406,0.96774,0.98631,1.0068,1.0283,1.0489,1.0684,1.087,1.1036,1.1183,1.131,1.1398,1.1466,1.1505,1.1525,1.1525,1.1505,1.1466,1.1447,1.1437,1.1388,1.132,1.1241,1.1144,1.1046,1.0948,1.085,1.0743,1.0645,1.0547,1.0459,1.0401,1.0371,1.0332,1.0303,1.0283,1.0283,1.0313,1.0362,1.044,1.0557,1.0714,1.0909,1.1134,1.1378,1.1662,1.1965,1.2268,1.2551,1.2805,1.3069,1.3402,1.39,1.4673,1.5797,1.7302,1.8837,2.043,2.2326,2.4262,2.6031,2.7488,2.8543,2.9169,2.9384,2.9257,2.8837,2.8182,2.7439,2.6608,2.564,2.4585,2.348,2.2346,2.1212,2.0078,1.8954,1.7849,1.6774,1.5748,1.4761,1.3939,1.3226,1.2493,1.1808,1.1212,1.0714,1.0342,1.0098,0.99707,0.99609,1.0049,1.0215,1.042,1.0645,1.0899,1.1173,1.1437,1.1691,1.1926,1.2141,1.2326,1.2483,1.261,1.2717,1.2796,1.2854,1.2884,1.2893,1.2884,1.2854,1.2796,1.2717,1.261,1.2493,1.2366,1.2219,1.2072,1.1945,1.1828,1.1681,1.1525,1.1369,1.1222,1.1075,1.0948,1.085,1.0782,1.0733,1.0714,1.0723,1.0772,1.086,1.0978,1.1144,1.1369,1.1642,1.1955,1.2307,1.2669,1.3011,1.3314,1.3587,1.3832,1.4106,1.4516,1.5171,1.6158,1.7527,1.9218,2.1144,2.3148,2.5054,2.6706,2.7986,2.8856,2.9286,2.9345,2.913,2.8671,2.8016,2.7195,2.6315,2.5396,2.4379,2.3304,2.2209,2.1114,2.0147,1.9257,1.8299,1.7312,1.6334,1.5386,1.4487,1.3646,1.2884,1.2219,1.1662,1.1232,1.0958,1.0821,1.0762,1.0792,1.0919,1.1114,1.1378,1.1672,1.1975,1.2278,1.2571,1.2835,1.306,1.3245,1.3392,1.3509,1.3607,1.3675,1.3715,1.3715,1.3695,1.3646,1.3578,1.349,1.3382,1.3294,1.3206,1.3089,1.2962,1.2825,1.2688,1.2551,1.2405,1.2258,1.2121,1.2004,1.1887,1.1779,1.1701,1.1662,1.1632,1.1613,1.1613,1.1642,1.1701,1.1799,1.1955,1.2151,1.2385,1.2659,1.2942,1.3226,1.3548,1.3861,1.4135,1.4379,1.4594,1.4848,1.5239,1.5855,1.6794,1.8094,1.9746,2.1339,2.2903,2.4653,2.6334,2.7761,2.8817,2.9462,2.9717,2.9619,2.9228,2.8602,2.7801,2.697,2.6109,2.5132,2.4096,2.3021,2.1935,2.085,1.9785,1.8739,1.7722,1.6745,1.5806,1.4927,1.4223,1.3627,1.303,1.2512,1.2092,1.1799,1.1632,1.1593,1.1681,1.1867,1.2121,1.2444,1.2766,1.3079,1.3412,1.3734,1.4027,1.4282,1.4497,1.4663,1.479,1.4868,1.4917,1.4927,1.4907,1.4878,1.4839,1.4761,1.4663,1.4555,1.4428,1.4291,1.4154,1.4008,1.3871,1.3734,1.3597,1.349,1.3412,1.3304,1.3196,1.3099,1.3021,1.2952,1.2913,1.2893,1.2893,1.2923,1.2991,1.3109,1.3255,1.3441,1.3695,1.3998,1.433,1.4692,1.5054,1.5396,1.5689,1.5924,1.61,1.6256,1.6403,1.6618,1.7028,1.7732,1.8788,2.0205,2.1916,2.3783,2.566,2.737,2.8788,2.9844,3.0499,3.0753,3.0704,3.042,2.9922,2.9247,2.8426,2.7507,2.651,2.5464,2.4389,2.3294,2.2199,2.1232,2.0332,1.9365,1.8377,1.741,1.6471,1.5582,1.4751,1.3988,1.3324,1.2757,1.2307,1.1975,1.1789,1.1711,1.1701,1.1769,1.1906,1.2092,1.2297,1.2512,1.2727,1.2942,1.3148,1.3333,1.348,1.3597,1.3695,1.3763,1.3803,1.3812,1.3793,1.3763,1.3705,1.3627,1.3539,1.3421,1.3314,1.3206,1.3069,1.2913,1.2757,1.261,1.2454,1.2307,1.216,1.2004,1.1848,1.1701,1.1574,1.1486,1.1427,1.1369,1.1329,1.131,1.131,1.1339,1.1398,1.1486,1.1603,1.175,1.1916,1.2092,1.2092,1.2004,1.2033,1.2121,1.2239,1.2405,1.2717,1.3255,1.4115,1.5337,1.6911,1.8759,2.0459,2.2023,2.3675,2.5181,2.6393,2.7234,1.1828,1.1808,1.1799,1.1789,1.176,1.1701,1.1632,1.1554,1.1466,1.1378,1.129,1.1202,1.1114,1.1026,1.0968,1.0929,1.088,1.0831,1.0792,1.0772,1.0782,1.0811,1.087,1.0958,1.1085,1.1261,1.1486,1.173,1.1994,1.2307,1.2825,1.3421,1.3851,1.4174,1.4467,1.4819,1.5337,1.6139,1.7283,1.8504,1.9873,2.1603,2.347,2.5269,2.6843,2.8074,2.8905,2.9335,2.9404,2.9159,2.8671,2.7996,2.7263,2.6461,2.5523,2.4506,2.3451,2.2366,2.1281,2.0215,1.9189,1.8192,1.7234,1.6295,1.5513,1.4819,1.4076,1.3353,1.2688,1.2111,1.1632,1.1261,1.1007,1.086,1.0821,1.086,1.0978,1.1134,1.132,1.1525,1.175,1.1984,1.2219,1.2434,1.2639,1.2835,1.3011,1.3167,1.3304,1.3412,1.349,1.3539,1.3558,1.3548,1.3509,1.3451,1.3382,1.3304,1.3216,1.3128,1.303,1.2923,1.2845,1.2766,1.2669,1.2561,1.2454,1.2346,1.2248,1.216,1.2082,1.2033,1.2014,1.2023,1.2072,1.2151,1.2258,1.2414,1.262,1.2874,1.3157,1.347,1.3793,1.4106,1.4379,1.4604,1.4809,1.4995,1.523,1.565,1.6344,1.737,1.8749,2.042,2.2268,2.4135,2.5865,2.7322,2.8407,2.9042,2.9316,2.9335,2.9081,2.8583,2.7879,2.7038,2.609,2.5054,2.3978,2.2874,2.176,2.0655,1.9687,1.8807,1.7879,1.694,1.6022,1.5142,1.4301,1.3529,1.2835,1.2239,1.175,1.1378,1.1153,1.1036,1.0997,1.1036,1.1153,1.1329,1.1544,1.1769,1.1994,1.2209,1.2414,1.26,1.2757,1.2893,1.3001,1.3089,1.3167,1.3216,1.3245,1.3265,1.3275,1.3275,1.3255,1.3226,1.3177,1.3138,1.3089,1.3021,1.2942,1.2864,1.2776,1.2688,1.26,1.2522,1.2454,1.2395,1.2346,1.2307,1.2297,1.2307,1.2317,1.2336,1.2366,1.2424,1.2512,1.263,1.2786,1.2972,1.3187,1.3431,1.3666,1.3891,1.4115,1.433,1.4506,1.4653,1.4809,1.5044,1.5455,1.6129,1.7165,1.8573,2.002,2.1544,2.3372,2.5239,2.694,2.8338,2.9345,2.9961,3.0196,3.0117,2.9765,2.9218,2.8504,2.7752,2.696,2.6051,2.5064,2.4047,2.3021,2.2004,2.1007,2.0049,1.913,1.825,1.7419,1.6725,1.6139,1.5543,1.4995,1.4516,1.4125,1.3832,1.3636,1.3548,1.3558,1.3646,1.3812,1.4027,1.4242,1.4457,1.4702,1.4946,1.5181,1.5396,1.5582,1.5728,1.5846,1.5924,1.5982,1.6012,1.6012,1.6002,1.5963,1.5904,1.5836,1.5748,1.565,1.5552,1.5445,1.5327,1.5044,1.4663,1.4409,1.4242,1.4135,1.4027,1.393,1.3842,1.3754,1.3666,1.3597,1.3539,1.35,1.349,1.3509,1.3568,1.3656,1.3793,1.3969,1.4184,1.4428,1.4692,1.4946,1.5171,1.5327,1.5415,1.5445,1.5445,1.5474,1.5611,1.5973,1.6657,1.7693,1.9081,2.0733,2.2502,2.4213,2.5718,2.6901,2.7713,2.8123,2.8201,2.8035,2.7634,2.7038,2.6285,2.5415,2.4457,2.3451,2.2405,2.1349,2.0293,1.9257,1.8348,1.7517,1.6628,1.5718,1.4819,1.3949,1.3109,1.2317,1.1593,1.0958,1.042,0.99902,0.97067,0.95406,0.9433,0.94037,0.94526,0.95797,0.97654,0.99902,1.0244,1.0508,1.0772,1.1017,1.1241,1.1437,1.1613,1.176,1.1887,1.1984,1.2063,1.2121,1.216,1.218,1.218,1.217,1.2141,1.2121,1.2102,1.2053,1.1984,1.1916,1.1838,1.176,1.1672,1.1574,1.1486,1.1408,1.1339,1.1281,1.1251,1.1251,1.1251,1.1251,1.1271,1.132,1.1398,1.1515,1.1672,1.1877,1.2131,1.2424,1.2708,1.2981,1.3255,1.3509,1.3734,1.3949,1.4233,1.4653,1.5327,1.6334,1.7683,1.9335,2.1183,2.2815,2.4242,2.567,2.6891,2.7781,2.8289,2.8436,2.826,2.781,2.7146,2.6325,2.5386,2.4477,2.3558,2.2532,2.1447,2.0342,1.9247,1.8172,1.7126,1.6119,1.5161,1.4262,1.3421,1.2659,1.2053,1.1574,1.1114,1.0733,1.045,1.0274,1.0215,1.0274,1.042,1.0635,1.0899,1.1202,1.1486,1.176,1.2043,1.2307,1.2551,1.2766,1.2952,1.3109,1.3236,1.3333,1.3392,1.3421,1.3441,1.3451,1.3431,1.3372,1.3304,1.3216,1.3118,1.3011,1.2903,1.2786,1.2649,1.2512,1.2366,1.2248,1.2151,1.2033,1.1916,1.1808,1.1711,1.1632,1.1574,1.1544,1.1535,1.1554,1.1603,1.1691,1.1828,1.2004,1.2229,1.2493,1.2796,1.3109,1.3421,1.3705,1.3949,1.4154,1.435,1.4614,1.4927,1.5386,1.6178,1.7331,1.8827,2.0567,2.2405,2.4194,2.5767,2.7028,2.7908,2.8387,2.8504,2.8338,2.7937,2.7331,2.6549,2.565,2.4653,2.3597,2.2502,2.1388,2.0274,1.9179,1.8104,1.7185,1.6364,1.5503,1.4643,1.3822,1.306,1.2366,1.176,1.1261,1.087,1.0606,1.0479,1.0469,1.0547,1.0694,1.0909,1.1359,1.1926,1.2366,1.2747,1.3069,1.3353,1.3597,1.3803,1.3978,1.4115,1.4223,1.4301,1.435,1.437,1.437,1.434,1.4282,1.4194,1.4096,1.3978,1.3851,1.3744,1.3636,1.3509,1.3363,1.3206,1.3069,1.2942,1.2825,1.2708,1.26,1.2512,1.2444,1.2395,1.2375,1.2385,1.2405,1.2444,1.2502,1.259,1.2708,1.2874,1.3089,1.3353,1.3646,1.3949,1.4223,1.4467,1.4692,1.4888,1.5044,1.521,1.5464,1.5904,1.6637,1.7742,1.9218,2.0978,2.2893,2.4545,2.5953,2.7322,2.8436,2.9198,2.957,2.957,2.9257,2.869,2.7928,2.7028,2.6041,2.5103,2.4194,2.3187,2.2141,2.1095,2.0059,1.9052,1.8074,1.7136,1.6237,1.5386,1.4604,1.391,1.3372,1.2962,1.259,1.2317,1.216,1.2131,1.2229,1.2444,1.2747,1.3118,1.3529,1.3949,1.433,1.4663,1.4985,1.5269,1.5503,1.5679,1.5797,1.5875,1.5894,1.5875,1.5826,1.5758,1.566,1.5562,1.5464,1.5347,1.521,1.5064,1.4917,1.4761,1.4604,1.4457,1.4311,1.4164,1.4027,1.393,1.3842,1.3744,1.3636,1.3548,1.348,1.3431,1.3412,1.3421,1.346,1.3548,1.3695,1.39,1.4125,1.4379,1.4702,1.5054,1.5415,1.5748,1.6041,1.6285,1.6471,1.6618,1.6764,1.6989,1.7283,1.7752,1.8573,1.9756,2.1271,2.3021,2.4858,2.6628,2.8172,2.9394,3.0235,3.0694,3.0782,3.0587,3.0176,2.956,2.8788,2.7908,2.694,2.5914,2.4858,2.3783,2.2708,2.1652,2.0606,1.9687,1.8856,1.7977,1.7087,1.6207,1.5367,1.4575,1.3851,1.3216,1.2669,1.2239,1.1935,1.1769,1.172,1.174,1.1838,1.2004,1.2219,1.2454,1.2698,1.2942,1.3167,1.3363,1.3529,1.3656,1.3754,1.3832,1.3891,1.392,1.393,1.391,1.3871,1.3812,1.3744,1.3656,1.3558,1.346,1.3382,1.3304,1.3206,1.3099,1.2981,1.2864,1.2737,1.261,1.2483,1.2356,1.2229,1.2111,1.2004,1.1935,1.1896,1.1848,1.1818,1.1808,1.1838,1.1896,1.1984,1.2111,1.2278,1.2473,1.2698,1.2913,1.3128,1.3333,1.3529,1.3724,1.3978,1.436,1.4985,1.5943,1.7263,1.8935,2.085,2.2864,2.4575,2.5982,2.7322,2.8387,2.9091,2.9423,2.9423,2.913,2.8592,2.7869,2.6676,2.522,2.4037,2.2991,2.1896,2.0762,1.9629,1.8504,1.74,1.6325,1.5298,1.4321,1.3392,1.2532,1.176,1.1153,1.0684,1.0244,0.98827,0.96188,0.94624,0.94037,0.94526,0.95894,0.97752,1.001,1.0264,1.0518,1.0762,1.1017,1.1251,1.1476,1.1691,1.1877,1.2043,1.218,1.2297,1.2375,1.2424,1.2444,1.2454,1.2444,1.2405,1.2336,1.2248,1.2141,1.2014,1.1887,1.176,1.1623,1.1486,1.1339,1.1232,1.1144,1.1046,1.0938,1.0841,1.0753,1.0684,1.0635,1.0606,1.0616,1.0655,1.0733,1.086,1.1017,1.1202,1.1447,1.173,1.2043,1.2366,1.2678,1.2952,1.3196,1.3431,1.3715,1.4125,1.4633,1.5327,1.6432,1.7908,1.9677,2.1593,2.349,2.5191,2.6569,2.7556,2.8123,2.8289,2.8104,2.7693,2.7116,2.6354,2.5445,2.4438,2.3372,2.2268,2.1134,2,1.8886,1.7791,1.6725,1.5816,1.5015,1.4164,1.3314,1.2512,1.1789,1.1144,1.0606,1.0196,0.9912,0.97752,0.97556,0.98338,0.99804,1.0196,1.0459,1.0762,1.1075,1.1378,1.1662,1.1926,1.2151,1.2346,1.2512,1.2639,1.2747,1.2815,1.2864,1.2874,1.2864,1.2815,1.2747,1.2649,1.2542,1.2414,1.2278,1.2141,1.2033,1.1945,1.1828,1.1691,1.1554,1.1408,1.1271,1.1134,1.1007,1.089,1.0782,1.0684,1.0616,1.0596,1.0606,1.0635,1.0694,1.0802,1.0958,1.1173,1.1447,1.1769,1.2141,1.2551,1.2972,1.3343,1.3666,1.3988,1.4291,1.4604,1.0938,1.0371,0.99218,0.95112,0.91984,0.89834,0.88856,0.88954,0.90029,0.91887,0.94428,0.97361,1.0059,1.0371,1.0665,1.0978,1.1281,1.1584,1.1887,1.218,1.2473,1.2766,1.305,1.3304,1.3529,1.3705,1.3822,1.3881,1.3891,1.3851,1.3763,1.3646,1.35,1.2512,1.2395,1.2278,1.219,1.2102,1.1975,1.1838,1.1701,1.1564,1.1437,1.1329,1.1241,1.1183,1.1144,1.1134,1.1144,1.1173,1.1193,1.1232,1.1281,1.1359,1.173,1.2287,1.2678,1.3011,1.3314,1.3607,1.3861,1.4115,1.4321,1.4497,1.479,1.5269,1.6022,1.7107,1.8504,2.0127,2.1838,2.35,2.4976,2.6041,2.6755,2.7263,2.7498,2.7449,2.7155,2.6657,2.5992,2.521,2.434,2.3421,2.2473,2.1515,2.0665,1.9863,1.9003,1.8104,1.7204,1.6315,1.5445,1.4594,1.3773,1.3001,1.217,1.1486,1.1026,1.0694,1.044,1.0235,1.0137,1.0147,1.0264,1.0371,1.0489,1.0733,1.1046,1.1339,1.1593,1.1818,1.2033,1.2229,1.2395,1.2542,1.2649,1.2717,1.2747,1.2727,1.2678,1.259,1.2502,1.2414,1.2287,1.2131,1.1955,1.176,1.1564,1.1369,1.1173,1.0968,1.0772,1.0587,1.042,1.0293,1.0205,1.0108,1.002,0.99413,0.99022,0.98827,0.98925,0.99413,1.002,1.0156,1.0352,1.0577,1.0821,1.1114,1.1437,1.176,1.2063,1.2326,1.2551,1.2757,1.3011,1.3402,1.4018,1.4956,1.6012,1.7263,1.8935,2.0841,2.2805,2.4643,2.6217,2.7419,2.8231,2.8651,2.8739,2.8553,2.8182,2.7674,2.7019,2.6246,2.5386,2.4448,2.3451,2.2405,2.1339,2.0264,1.9198,1.8172,1.7224,1.6461,1.5846,1.5298,1.4848,1.4497,1.4223,1.3988,1.3773,1.3578,1.3412,1.3304,1.3284,1.3343,1.35,1.3773,1.4145,1.4585,1.5064,1.5523,1.5914,1.6188,1.6305,1.6276,1.61,1.5806,1.5494,1.5152,1.4721,1.4272,1.3832,1.3451,1.3177,1.305,1.3079,1.3216,1.3402,1.3529,1.3578,1.348,1.3187,1.2727,1.219,1.1681,1.13,1.1085,1.1036,1.1124,1.13,1.1515,1.175,1.1984,1.2219,1.2483,1.2776,1.3109,1.348,1.3891,1.433,1.48,1.5298,1.5806,1.6315,1.6735,1.7097,1.7449,1.7781,1.8143,1.8631,1.9335,2.0342,2.1691,2.3333,2.5181,2.7067,2.8612,2.9844,3.0948,3.175,3.217,3.2199,3.1887,3.129,3.0479,2.9501,2.8416,2.7273,2.608,2.5005,2.3988,2.2893,2.1769,2.0665,1.958,1.8514,1.7478,1.6471,1.5503,1.4565,1.3675,1.2952,1.2336,1.172,1.1163,1.0694,1.0342,1.0108,0.99804,0.99609,1.0029,1.0156,1.0323,1.0528,1.0733,1.0948,1.1183,1.1417,1.1652,1.1896,1.2141,1.2366,1.2581,1.2786,1.2981,1.3157,1.3236,1.3265,1.3333,1.3431,1.3529,1.3617,1.3695,1.3744,1.3773,1.3793,1.3803,1.3803,1.3803,1.3812,1.3822,1.3832,1.3832,1.3832,1.3832,1.3851,1.3891,1.3969,1.4086,1.4233,1.4409,1.4575,1.4731,1.4897,1.5064,1.521,1.5337,1.5425,1.5494,1.5523,1.5513,1.5494,1.5513,1.565,1.5885,1.6285,1.7009,1.8045,1.9345,2.0821,2.2336,2.3763,2.4976,2.5914,2.6549,2.6882,2.694,2.6784,2.6452,2.5973,2.5376,2.4682,2.393,2.3128,2.2287,2.1437,2.0587,1.9746,1.8925,1.8201,1.7546,1.6843,1.6129,1.5435,1.478,1.4174,1.3646,1.3206,1.2864,1.263,1.2502,1.2473,1.2522,1.2639,1.2815,1.3011,1.3226,1.3431,1.3607,1.3734,1.3822,1.3851,1.3832,1.3773,1.3705,1.3617,1.35,1.3363,1.3216,1.3069,1.2923,1.2766,1.26,1.2424,1.2239,1.2053,1.1906,1.1789,1.1662,1.1544,1.1437,1.1349,1.1271,1.1202,1.1144,1.1095,1.1065,1.1046,1.1036,1.1056,1.1085,1.1114,1.1144,1.1183,1.1232,1.13,1.1398,1.1525,1.1691,1.1896,1.2131,1.2356,1.2571,1.2786,1.2981,1.3167,1.3372,1.3666,1.4125,1.4848,1.5894,1.7253,1.8866,2.0606,2.2111,2.3392,2.4643,2.5689,2.6432,2.6852,2.697,2.6823,2.6471,2.5953,2.5308,2.4575,2.3851,2.3138,2.2336,2.1496,2.0626,1.9746,1.8866,1.7996,1.7126,1.6276,1.5445,1.4633,1.3861,1.3236,1.2708,1.217,1.1681,1.1261,1.0938,1.0723,1.0596,1.0547,1.0567,1.0626,1.0723,1.0841,1.0968,1.1105,1.1251,1.1398,1.1544,1.1701,1.1857,1.2014,1.216,1.2297,1.2414,1.2502,1.2581,1.2639,1.2678,1.2688,1.2688,1.2659,1.26,1.2532,1.2454,1.2356,1.2258,1.217,1.2102,1.2053,1.1975,1.1887,1.1808,1.173,1.1662,1.1613,1.1584,1.1584,1.1613,1.1691,1.1799,1.1935,1.2111,1.2326,1.2581,1.2864,1.3157,1.3451,1.3715,1.393,1.4106,1.4272,1.4487,1.4751,1.5152,1.5846,1.6862,1.8172,1.9707,2.1329,2.2893,2.4262,2.5327,2.6051,2.6422,2.6481,2.6285,2.5885,2.5308,2.4594,2.3783,2.2903,2.1975,2.1017,2.0059,1.911,1.8182,1.7283,1.651,1.5816,1.5083,1.435,1.3646,1.2991,1.2326,1.1691,1.1163,1.0772,1.0518,1.0391,1.0381,1.0479,1.0655,1.0909,1.1212,1.1554,1.1906,1.2258,1.2581,1.2864,1.3109,1.3314,1.349,1.3636,1.3754,1.3851,1.3939,1.3998,1.4037,1.4047,1.4027,1.3988,1.393,1.3861,1.3793,1.3744,1.3695,1.3617,1.3529,1.3431,1.3333,1.3216,1.3109,1.3011,1.2923,1.2845,1.2796,1.2776,1.2786,1.2815,1.2854,1.2893,1.2942,1.3001,1.3069,1.3167,1.3294,1.3451,1.3627,1.3822,1.4008,1.4164,1.4311,1.4409,1.4467,1.4526,1.4663,1.4985,1.5601,1.6598,1.8016,1.9814,2.1877,2.3715,2.5347,2.6999,2.8416,2.9462,3.0088,3.0313,3.0176,2.9736,2.9071,2.8231,2.7263,2.6315,2.5367,2.4301,2.3187,2.2043,2.0899,1.9775,1.8671,1.7605,1.6579,1.5591,1.4663,1.3803,1.3118,1.2561,1.2033,1.1603,1.1281,1.1095,1.1056,1.1144,1.1339,1.1613,1.1955,1.2336,1.2688,1.3021,1.3343,1.3646,1.39,1.4096,1.4242,1.433,1.437,1.437,1.433,1.4262,1.4174,1.4086,1.3998,1.3881,1.3754,1.3627,1.35,1.3392,1.3294,1.3196,1.3109,1.3011,1.2913,1.2854,1.2805,1.2747,1.2678,1.261,1.2561,1.2522,1.2493,1.2483,1.2483,1.2512,1.2571,1.2669,1.2796,1.2981,1.3226,1.3519,1.3851,1.4194,1.4536,1.4848,1.5112,1.5308,1.5464,1.5611,1.5777,1.6061,1.6608,1.7488,1.8729,2.0293,2.2092,2.3959,2.5748,2.7292,2.8485,2.9286,2.9668,2.9697,2.9472,2.9013,2.8338,2.7507,2.6559,2.5523,2.4457,2.3372,2.2287,2.1212,2.0156,1.9238,1.8407,1.7517,1.6628,1.5748,1.4907,1.4135,1.3441,1.2845,1.2366,1.2023,1.1808,1.173,1.1769,1.1906,1.2131,1.2434,1.2796,1.3196,1.3627,1.4057,1.4467,1.4829,1.5152,1.5415,1.5601,1.5738,1.5846,1.5914,1.5934,1.5914,1.5865,1.5797,1.5718,1.5621,1.5503,1.5376,1.5269,1.5161,1.5024,1.4868,1.4712,1.4555,1.4399,1.4242,1.4096,1.3959,1.3842,1.3734,1.3636,1.3568,1.3519,1.346,1.3431,1.3421,1.3451,1.3519,1.3646,1.3832,1.4076,1.436,1.4673,1.4966,1.522,1.5464,1.564,1.5758,1.5816,1.5875,1.6041,1.6413,1.7116,1.8192,1.9638,2.1369,2.2825,2.4096,2.5572,2.697,2.8123,2.8944,2.9404,2.9511,2.9296,2.8807,2.8074,2.7146,2.6178,2.5161,2.3978,2.2698,2.1378,2.0039,1.87,1.739,1.6119,1.4897,1.3724,1.263,1.1632,1.0841,1.0196,0.95797,0.90518,0.86413,0.83773,0.82698,0.83089,0.84751,0.8739,0.90909,0.94917,0.98827,1.0264,1.0665,1.1056,1.1417,1.173,1.1994,1.2199,1.2356,1.2463,1.2512,1.2512,1.2454,1.2385,1.2297,1.216,1.1984,1.1789,1.1584,1.1388,1.1212,1.1046,1.0899,1.0772,1.0665,1.0596,1.0557,1.0499,1.043,1.0362,1.0303,1.0254,1.0225,1.0225,1.0244,1.0293,1.0371,1.0479,1.0606,1.0762,1.0958,1.1193,1.1476,1.1808,1.217,1.2542,1.2913,1.3275,1.3636,1.4066,1.4526,1.5122,1.6031,1.7283,1.8866,2.0684,2.259,2.4438,2.607,2.7361,2.826,2.8759,2.8866,2.868,2.825,2.7605,2.6784,2.5826,2.477,2.3646,2.2473,2.1281,2.0078,1.8886,1.7703,1.6686,1.5777,1.4809,1.3861,1.2972,1.216,1.1476,1.0938,1.0557,1.0342,1.0293,1.0391,1.0587,1.087,1.1261,1.172,1.2219,1.2737,1.3236,1.3705,1.4125,1.4477,1.4741,1.4917,1.5005,1.5034,1.5005,1.4907,1.4751,1.4565,1.436,1.4154,1.3949,1.3773,1.3617,1.349,1.3392,1.3324,1.3284,1.3236,1.3177,1.3109,1.3021,1.2913,1.2796,1.2649,1.2483,1.2297,1.2092,1.1867,1.1681,1.1515,1.132,1.1134,1.0978,1.086,1.0811,1.0821,1.0899,1.1056,1.1281,1.1564,1.1848,1.2131,1.2414,1.2669,1.2874,1.3069,1.3324,1.3744,1.4438,1.5484,1.6911,1.8651,2.0577,2.2278,2.3754,2.522,2.6461,2.7361,2.7889,2.8065,2.7937,2.7546,2.696,2.6217,2.5367,2.4526,2.3685,2.2747,2.174,2.0704,1.9658,1.8631,1.7625,1.6657,1.5728,1.4848,1.4008,1.3236,1.261,1.2092,1.1574,1.1114,1.0743,1.0479,1.0332,1.0293,1.0352,1.0479,1.0674,1.0909,1.1144,1.1388,1.1642,1.1887,1.2111,1.2317,1.2483,1.262,1.2727,1.2796,1.2835,1.2845,1.2825,1.2805,1.2776,1.2717,1.2649,1.2581,1.2512,1.2444,1.2366,1.2287,1.2199,1.2121,1.2033,1.1975,1.1945,1.1906,1.1867,1.1848,1.1838,1.1857,1.2287,1.2942,1.3333,1.3607,1.3851,1.4106,1.435,1.4604,1.4907,1.5239,1.5582,1.5904,1.6178,1.6403,1.6559,1.6667,1.6755,1.6911,1.7136,1.7517,1.8211,1.9267,2.0665,2.2307,2.4066,2.5787,2.7341,2.8602,2.9521,3.0098,3.0332,3.0283,3.001,2.955,2.8944,2.8211,2.737,2.6452,2.5474,2.4477,2.346,2.2454,2.1457,2.0596,1.9814,1.9003,1.8201,1.7429,1.6706,1.6041,1.5455,1.4946,1.4555,1.4291,1.4145,1.4115,1.4174,1.4301,1.4497,1.4731,1.4985,1.523,1.5464,1.567,1.5855,1.6002,1.6129,1.6237,1.6315,1.6373,1.6422,1.6452,1.6481,1.65,1.652,1.6559,1.6618,1.6686,1.6774,1.6872,1.696,1.7019,1.7067,1.7067,1.7019,1.6921,1.6755,1.652,1.6227,1.5885,1.5503,1.5103,1.4712,1.4389,1.4115,1.3822,1.3548,1.3304,1.3109,1.2962,1.2874,1.2845,1.2884,1.2991,1.3167,1.3363,1.3568,1.3803,1.4047,1.4321,1.4653,1.5103,1.5767,1.6706,1.7947,1.9472,2.1193,2.2972,2.4457,2.5689,2.6872,2.783,2.8485,2.8827,2.8895,2.8719,2.8358,2.783,2.7185,2.6442,2.5718,2.5005,2.4213,2.3372,2.2512,2.1642,2.0772,1.9912,1.9062,1.824,1.7449,1.6706,1.6012,1.5445,1.4985,1.4536,1.4135,1.3803,1.3548,1.3372,1.3265,1.3216,1.3216,1.3255,1.3314,1.3382,1.3451,1.3519,1.3578,1.3617,1.3646,1.3656,1.3656,1.3636,1.3607,1.3568,1.3519,1.346,1.3412,1.3372,1.3314,1.3226,1.3128,1.3021,1.2913,1.2805,1.2688,1.2571,1.2463,1.2346,1.2268,1.2219,1.2151,1.2082,1.2023,1.1975,1.1945,1.1935,1.1945,1.1975,1.2033,1.2131,1.2268,1.2444,1.2659,1.2923,1.3236,1.3587,1.3959,1.4311,1.4614,1.4868,1.5073,1.5298,1.5611,1.5992,1.654,1.7429,1.868,2.0215,2.1916,2.3636,2.523,2.6569,2.7556,2.8162,2.8416,2.8338,2.8035,2.7556,2.6901,2.61,2.52,2.4233,2.3236,2.2229,2.1222,2.0225,1.9257,1.8319,1.7527,1.6823,1.607,1.5337,1.4633,1.3988,1.3412,1.2923,1.2522,1.2229,1.2033,1.1984,1.1535,1.1222,1.0978,1.0841,1.3939,1.3832,1.3724,1.3607,1.349,1.3382,1.3284,1.3177,1.3079,1.2991,1.2933,1.2893,1.2845,1.2786,1.2737,1.2708,1.2688,1.2708,1.2757,1.2854,1.3001,1.3196,1.3441,1.3685,1.3939,1.4233,1.4536,1.4829,1.5083,1.5288,1.5435,1.5523,1.5572,1.564,1.5806,1.6061,1.651,1.7302,1.8446,1.9883,2.1496,2.3138,2.4653,2.5924,2.6872,2.7458,2.7693,2.7615,2.7322,2.6852,2.6207,2.5435,2.4555,2.3617,2.263,2.1623,2.0616,1.9629,1.8661,1.7722,1.6921,1.6197,1.5435,1.4673,1.3949,1.3275,1.2669,1.216,1.174,1.1427,1.1222,1.1114,1.1095,1.1153,1.1261,1.1408,1.1593,1.1789,1.1994,1.2199,1.2385,1.2571,1.2737,1.2884,1.3021,1.3128,1.3226,1.3314,1.3382,1.3421,1.3431,1.3421,1.3382,1.3324,1.3245,1.3128,1.2991,1.2854,1.2747,1.2649,1.2532,1.2414,1.2307,1.2199,1.2111,1.2053,1.2014,1.1994,1.1994,1.2004,1.2043,1.2111,1.2209,1.2356,1.2561,1.2805,1.3099,1.3412,1.3734,1.4047,1.433,1.4575,1.477,1.4907,1.4985,1.5015,1.5024,1.5034,1.5122,1.5386,1.5904,1.6725,1.7879,1.9316,2.0919,2.2336,2.3578,2.4809,2.5855,2.6588,2.6989,2.7058,2.6852,2.6413,2.5777,2.5015,2.4154,2.3226,2.2356,2.1515,2.0596,1.9648,1.87,1.7771,1.6862,1.5953,1.5034,1.4145,1.3294,1.2512,1.1906,1.1437,1.1017,1.0704,1.0518,1.0479,1.0567,1.0772,1.1075,1.1457,1.1887,1.2356,1.2845,1.3275,1.3656,1.4047,1.4409,1.4721,1.4976,1.5191,1.5357,1.5474,1.5543,1.5582,1.5582,1.5562,1.5523,1.5464,1.5386,1.5308,1.523,1.5152,1.5064,1.4976,1.4878,1.478,1.4673,1.4565,1.4467,1.436,1.4252,1.4154,1.4066,1.4008,1.3978,1.3969,1.3998,1.4057,1.4154,1.4291,1.4428,1.4575,1.4741,1.4897,1.5034,1.5122,1.5142,1.5083,1.4936,1.4692,1.4399,1.4125,1.3959,1.3978,1.4282,1.4966,1.609,1.7615,1.9423,2.1349,2.3216,2.4848,2.6149,2.7067,2.7586,2.7742,2.7615,2.7243,2.6667,2.5924,2.5044,2.4066,2.3011,2.1916,2.0811,1.9707,1.8622,1.7683,1.6833,1.5934,1.5034,1.4145,1.3294,1.2502,1.1769,1.1114,1.0557,1.0108,0.97654,0.95406,0.94428,0.94428,0.95015,0.96285,0.98045,1.002,1.0264,1.0528,1.0792,1.1056,1.13,1.1515,1.1701,1.1867,1.2004,1.2102,1.217,1.2199,1.2199,1.216,1.2102,1.2033,1.1945,1.1838,1.172,1.1632,1.1554,1.1447,1.1329,1.1212,1.1095,1.0978,1.086,1.0743,1.0635,1.0547,1.0479,1.045,1.0459,1.0469,1.0499,1.0547,1.0635,1.0762,1.0929,1.1153,1.1437,1.176,1.2121,1.2502,1.2845,1.3148,1.3431,1.3705,1.3988,1.434,1.4858,1.566,1.6813,1.8328,2.0137,2.2111,2.3832,2.5298,2.6725,2.7898,2.871,2.912,2.915,2.8856,2.8289,2.7517,2.6588,2.5562,2.4467,2.346,2.2483,2.1408,2.0293,1.9179,1.8065,1.695,1.5865,1.4819,1.3822,1.2884,1.2023,1.1359,1.085,1.0391,1.0029,0.98143,0.97361,0.98045,0.99902,1.0264,1.0596,1.0968,1.1339,1.1681,1.1975,1.2219,1.2434,1.26,1.2717,1.2786,1.2825,1.2835,1.2825,1.2786,1.2717,1.2639,1.2571,1.2493,1.2385,1.2258,1.2121,1.1984,1.1857,1.174,1.1623,1.1525,1.1447,1.1369,1.13,1.1261,1.1232,1.1202,1.1163,1.1144,1.1134,1.1124,1.1124,1.1144,1.1173,1.1222,1.129,1.1388,1.1525,1.172,1.1984,1.2336,1.2737,1.3167,1.3587,1.3959,1.4272,1.4516,1.4741,1.4966,1.5288,1.6012,1.7146,1.8534,2.0196,2.2053,2.3969,2.5767,2.7302,2.8465,2.9218,2.956,2.956,2.9277,2.8749,2.8006,2.7107,2.607,2.4946,2.3773,2.2571,2.1369,2.0176,1.9003,1.8006,1.7107,1.6168,1.523,1.433,1.349,1.2717,1.2033,1.1466,1.1026,1.0723,1.0557,1.0547,1.0645,1.0831,1.1114,1.1457,1.1838,1.2229,1.261,1.2972,1.3284,1.3558,1.3763,1.391,1.4008,1.4066,1.4086,1.4066,1.4018,1.3939,1.3842,1.3734,1.3607,1.346,1.3304,1.3128,1.2942,1.2796,1.2669,1.2502,1.2317,1.2131,1.1955,1.1799,1.1642,1.1496,1.1369,1.1261,1.1183,1.1144,1.1144,1.1153,1.1193,1.1251,1.1339,1.1466,1.1642,1.1857,1.2121,1.2444,1.2815,1.3226,1.3617,1.3988,1.4379,1.4741,1.5064,1.5376,1.6012,1.6686,1.7674,1.9756,2.1544,2.3187,2.4712,2.6334,2.781,2.8964,2.9707,3.0039,3,2.9638,2.9013,2.8192,2.7224,2.6149,2.5132,2.3597,2.2473,2.1329,1.9638,1.8553,1.7527,1.6569,1.567,1.4839,1.4096,1.3519,1.3069,1.2659,1.2346,1.216,1.217,1.2336,1.263,1.3236,1.3715,1.4213,1.4692,1.5093,1.5435,1.5758,1.6041,1.6256,1.6413,1.651,1.654,1.6481,1.6373,1.6227,1.5973,1.5797,1.5591,1.5347,1.5093,1.4829,1.4555,1.4291,1.4047,1.3822,1.3607,1.3402,1.3206,1.306,1.2942,1.2825,1.2708,1.261,1.2532,1.2473,1.2444,1.2444,1.2473,1.2532,1.2639,1.2776,1.2962,1.3216,1.3539,1.39,1.4282,1.4673,1.5034,1.5347,1.5572,1.5738,1.5875,1.6041,1.6256,1.6628,1.7341,1.8446,1.9951,2.1789,2.3832,2.5894,2.781,2.9413,3.0616,3.1378,3.1701,3.1662,3.1359,3.0802,3.0039,2.9101,2.8035,2.6882,2.5679,2.4438,2.3196,2.1955,2.0723,1.9648,1.8671,1.7625,1.6559,1.5513,1.4497,1.3539,1.2649,1.1848,1.1153,1.0587,1.0156,0.99022,0.97849,0.97556,0.98143,0.99511,1.0147,1.0371,1.0616,1.087,1.1114,1.1339,1.1544,1.172,1.1867,1.1994,1.2102,1.218,1.2239,1.2278,1.2297,1.2287,1.2268,1.2239,1.2199,1.216,1.2141,1.2121,1.2082,1.2033,1.1975,1.1916,1.1857,1.1799,1.1779,1.1779,1.175,1.1711,1.1691,1.1681,1.1662,1.1623,1.1593,1.1574,1.1564,1.1574,1.1603,1.1652,1.173,1.1848,1.2014,1.2209,1.2414,1.2649,1.2893,1.3138,1.3412,1.3763,1.4272,1.5015,1.607,1.7449,1.911,2.0665,2.2131,2.3734,2.522,2.6432,2.7292,2.7771,2.7898,2.7703,2.7253,2.6608,2.5806,2.4907,2.4047,2.3187,2.2239,2.1232,2.0205,2.3451,2.2326,2.1202,2.0088,1.8993,1.7947,1.7058,1.6266,1.5425,1.4594,1.3812,1.3089,1.2454,1.1916,1.1496,1.1202,1.1036,1.0987,1.1046,1.1183,1.1378,1.1632,1.1916,1.2229,1.2532,1.2825,1.3099,1.3343,1.3548,1.3724,1.3871,1.3988,1.4076,1.4145,1.4184,1.4194,1.4184,1.4145,1.4076,1.3998,1.39,1.3793,1.3685,1.3597,1.3509,1.3402,1.3284,1.3157,1.304,1.2923,1.2815,1.2717,1.263,1.2551,1.2493,1.2444,1.2424,1.2434,1.2444,1.2483,1.2551,1.2669,1.2825,1.304,1.3304,1.3617,1.3969,1.433,1.4653,1.4936,1.521,1.5445,1.563,1.5806,1.6022,1.6383,1.6979,1.7908,1.9179,2.0753,2.2522,2.4076,2.5425,2.6774,2.7898,2.868,2.9081,2.911,2.8827,2.8289,2.7556,2.6676,2.5699,2.4761,2.3842,2.2815,2.175,2.0674,1.9619,1.8583,1.7586,1.6618,1.5699,1.4829,1.4037,1.3324,1.2766,1.2336,1.1945,1.1632,1.1427,1.1329,1.1359,1.1496,1.172,1.2023,1.2375,1.2747,1.3089,1.3402,1.3705,1.3988,1.4233,1.4428,1.4585,1.4702,1.478,1.4829,1.4839,1.4829,1.479,1.4751,1.4702,1.4624,1.4526,1.4418,1.4301,1.4194,1.4086,1.3998,1.393,1.3881,1.3871,1.3891,1.392,1.3959,1.4008,1.4057,1.4106,1.4145,1.4194,1.4262,1.436,1.4497,1.4673,1.4907,1.5152,1.5415,1.5728,1.607,1.6413,1.6745,1.7048,1.7292,1.7488,1.7625,1.7722,1.782,1.7937,1.8162,1.8612,1.9374,2.0469,2.1877,2.35,2.521,2.6843,2.825,2.9326,3.0039,3.0381,3.0391,3.0137,2.9658,2.8993,2.8172,2.7243,2.6237,2.5181,2.4096,2.2991,2.1877,2.0772,1.9804,1.8915,1.7967,1.7019,1.609,1.522,1.4418,1.3695,1.305,1.2502,1.2072,1.1769,1.1613,1.1584,1.1672,1.1877,1.1965,1.2033,1.2317,1.2717,1.3157,1.3607,1.4066,1.4506,1.4897,1.521,1.5464,1.5679,1.5846,1.5943,1.5973,1.5924,1.5816,1.565,1.5445,1.52,1.4936,1.4653,1.4409,1.4174,1.39,1.3607,1.3314,1.303,1.2766,1.2502,1.2248,1.2004,1.1779,1.1564,1.1398,1.1271,1.1124,1.0978,1.086,1.0772,1.0714,1.0684,1.0684,1.0704,1.0753,1.0831,1.0919,1.1017,1.1124,1.1212,1.13,1.1378,1.1496,1.173,1.217,1.2913,1.4027,1.5513,1.7312,1.9003,2.0616,2.2375,2.4027,2.5415,2.6442,2.7097,2.738,2.7331,2.7009,2.6461,2.5738,2.4976,2.4184,2.3265,2.2278,2.1261,2.0235,1.9208,1.8201,1.7214,1.6266,1.5367,1.4506,1.3705,1.304,1.2493,1.1945,1.1437,1.1007,1.0674,1.044,1.0323,1.0303,1.0381,1.0528,1.0733,1.0948,1.1173,1.1408,1.1642,1.1867,1.2072,1.2258,1.2414,1.2542,1.2649,1.2737,1.2796,1.2815,1.2825,1.2825,1.2786,1.2717,1.263,1.2532,1.2424,1.2307,1.218,1.2053,1.1926,1.1799,1.1711,1.1632,1.1554,1.1476,1.1408,1.1339,1.129,1.1251,1.1232,1.1232,1.1261,1.131,1.1388,1.1496,1.1642,1.1838,1.2082,1.2375,1.2708,1.305,1.3402,1.3724,1.4008,1.4252,1.4526,1.4809,1.521,1.5885,1.6882,1.8221,1.9853,2.1652,2.3451,2.5103,2.6481,2.7478,2.8084,2.8309,2.8211,2.7859,2.7283,2.652,2.5621,2.4624,2.3568,2.2463,2.1349,2.0225,1.912,1.8035,1.7097,1.6256,1.5367,1.4477,1.3627,1.2825,1.2102,1.1466,1.0948,1.0547,1.0274,1.0117,1.0078,1.0137,1.0283,1.0499,1.0762,1.1065,1.1378,1.1691,1.1984,1.2258,1.2502,1.2717,1.2903,1.305,1.3167,1.3255,1.3314,1.3333,1.3333,1.3314,1.3265,1.3196,1.3109,1.3011,1.2893,1.2766,1.2649,1.2551,1.2424,1.2287,1.2151,1.2023,1.1906,1.1779,1.1662,1.1564,1.1476,1.1398,1.1359,1.1349,1.1339,1.1349,1.1378,1.1427,1.1525,1.1672,1.1857,1.2102,1.2385,1.2708,1.306,1.3382,1.3666,1.3939,1.4174,1.4399,1.4653,1.5024,1.5611,1.651,1.7752,1.9316,2.1095,2.2688,2.4106,2.5552,2.6794,2.7703,2.824,2.8407,2.824,2.7801,2.7136,2.6549,2.5953,2.5064,2.4125,2.3177,2.2102,2.0968,1.9824,1.869,1.7586,1.653,1.5513,1.4545,1.3646,1.2825,1.218,1.1672,1.1193,1.0792,1.0508,1.0352,1.0332,1.044,1.0645,1.0919,1.1261,1.1623,1.1955,1.2268,1.2581,1.2874,1.3128,1.3333,1.35,1.3607,1.3685,1.3724,1.3724,1.3695,1.3646,1.3607,1.3548,1.347,1.3363,1.3245,1.3118,1.2981,1.2835,1.2688,1.2532,1.2375,1.2229,1.2131,1.2043,1.1945,1.1848,1.176,1.1681,1.1632,1.1603,1.1593,1.1613,1.1662,1.174,1.1857,1.2014,1.2199,1.2454,1.2757,1.3109,1.35,1.39,1.4291,1.4633,1.4927,1.5161,1.5406,1.566,1.6022,1.6676,1.7693,1.9091,2.0811,2.2727,2.4692,2.653,2.8084,2.9257,3,3.0332,3.0313,3.001,2.9472,2.8729,2.783,2.6823,2.5738,2.4604,2.3451,2.2287,2.1124,1.999,1.9003,1.8113,1.7165,1.6227,1.5327,1.4487,1.3715,1.305,1.2493,1.2053,1.175,1.1593,1.1584,1.1672,1.1857,1.2151,1.2512,1.2933,1.3382,1.3832,1.4262,1.4653,1.4985,1.5269,1.5494,1.565,1.5758,1.5826,1.5855,1.5846,1.5806,1.5728,1.563,1.5523,1.5386,1.5239,1.5083,1.4917,1.478,1.4653,1.4506,1.435,1.4194,1.4037,1.3891,1.3754,1.3627,1.3529,1.3441,1.3382,1.3353,1.3343,1.3353,1.3402,1.348,1.3607,1.3793,1.4047,1.436,1.4721,1.5103,1.5484,1.5836,1.6109,1.6305,1.6442,1.652,1.6579,1.6686,1.695,1.7478,1.8358,1.9609,2.1193,2.3001,2.4604,2.6012,2.7429,2.8631,2.9492,2.9951,3.0039,2.9785,2.9247,2.8485,2.7556,2.652,2.5396,2.434,2.3333,2.2229,2.1085,1.9951,1.8847,1.7771,1.6735,1.5738,1.479,1.3891,1.305,1.2375,1.1818,1.1251,1.0733,1.0293,0.99707,0.97654,0.96676,0.96676,0.97556,0.9912,1.0117,1.0362,1.0616,1.086,1.1124,1.1378,1.1613,1.1828,1.2023,1.218,1.2307,1.2405,1.2483,1.2522,1.2551,1.2561,1.2542,1.2493,1.2414,1.2317,1.2199,1.2072,1.1935,1.1789,1.1642,1.1496,1.1359,1.1261,1.1193,1.1114,1.1026,1.0958,1.0919,1.089,1.089,1.0909,1.0958,1.1036,1.1144,1.1281,1.1447,1.1642,1.1887,1.2258,1.2688,1.3069,1.3412,1.3705,1.3969,1.4262,1.4682,1.5171,1.5836,1.6891,1.8319,2.0059,2.1965,2.3871,2.5621,2.7067,2.8113,2.8739,2.8954,2.8817,2.8446,2.7889,2.7136,2.6237,2.5239,2.4164,2.305,2.1926,2.0792,1.9677,1.8602,1.7566,1.6686,1.5904,1.5083,1.4272,1.35,1.2796,1.217,1.1652,1.1251,1.0968,1.0821,1.0792,1.087,1.1026,1.1232,1.1496,1.1808,1.2131,1.2454,1.2766,1.304,1.3275,1.347,1.3607,1.3695,1.3744,1.3744,1.3695,1.3597,1.347,1.3314,1.3138,1.2933,1.2727,1.2512,1.2287,1.2063,1.1848,1.1691,1.1564,1.1408,1.1251,1.1105,1.0968,1.085,1.0753,1.0674,1.0626,1.0596,1.0596,1.0626,1.0684,1.0743,1.0821,1.0929,1.1056,1.1212,1.1417,1.1672,1.1965,1.2307,1.2678,1.3079,1.3431,1.3744,1.4086,1.4457,1.4927,1.5562,1.6461,1.7683,1.9218,2.0987,2.2864,2.4682,2.6119,2.7214,2.8172,2.8837,2.9169,2.9179,2.8895,2.8377,2.7683,2.6852,2.5934,2.4946,2.391,2.2962,2.2063,2.1085,2.0088,1.9081,1.8104,1.7165,1.6266,1.5425,1.4673,1.4008,1.346,1.3069,1.2805,1.2639,1.2581,1.263,1.2776,1.3001,1.3284,1.3587,1.39,1.4213,1.4497,1.4741,1.4936,1.5083,1.521,1.5308,1.5367,1.5396,1.5406,1.5386,1.5347,1.5298,1.5239,1.5171,1.5112,1.5054,1.4976,1.4888,1.479,1.4692,1.4594,1.4497,1.4409,1.433,1.4262,1.4203,1.4145,1.4096,1.4066,1.4037,1.4027,1.4037,1.4076,1.4164,1.4301,1.4497,1.4751,1.5044,1.5367,1.565,1.5904,1.6168,1.6403,1.6579,1.6686,1.6745,1.6755,1.6745,1.6764,1.6891,1.7243,1.7898,1.869,1.9687,2.1095,2.2766,2.4516,2.6178,2.7595,2.8671,2.9345,2.9629,2.956,2.9179,2.8631,2.7947,2.7097,2.6119,2.5054,2.3949,2.2815,2.1691,2.0577,1.9501,1.8465,1.7458,1.6491,1.567,1.4946,1.4164,1.3382,1.263,1.1935,1.132,1.0792,1.0371,1.0049,0.98436,0.97361,0.97263,0.97849,0.98827,1.001,1.0166,1.0342,1.0528,1.0704,1.087,1.1026,1.1173,1.1427,1.1437,1.1466,1.1505,1.1554,1.1632,1.175,1.1906,1.2102,1.2346,1.263,1.2933,1.3226,1.35,1.3715,1.3891,1.4076,1.434,1.479,1.5513,1.6579,1.8006,1.9726,2.1613,2.3509,2.5239,2.652,2.741,2.8084,2.8436,2.8465,2.8192,2.7683,2.6979,2.6139,2.52,2.4194,2.3148,2.2082,2.1134,2.0254,1.9316,1.8348,1.74,1.6491,1.5621,1.48,1.4037,1.3343,1.2717,1.218,1.1789,1.1525,1.132,1.1212,1.1212,1.131,1.1505,1.176,1.2053,1.2356,1.2659,1.2942,1.3196,1.3412,1.3597,1.3763,1.391,1.4027,1.4106,1.4154,1.4164,1.4154,1.4135,1.4086,1.4008,1.393,1.3851,1.3744,1.3607,1.346,1.3304,1.3148,1.2991,1.2835,1.2688,1.2551,1.2434,1.2317,1.2239,1.219,1.2131,1.2072,1.2043,1.2033,1.2053,1.2111,1.2219,1.2385,1.26,1.2864,1.3138,1.3421,1.3754,1.4096,1.4428,1.4731,1.4985,1.521,1.5435,1.5738,1.6227,1.6979,1.8055,1.9198,2.0459,2.2053,2.3763,2.5386,2.6774,2.782,2.8485,2.8768,2.8719,2.8377,2.781,2.7155,2.6413,2.5533,2.4555,2.3519,2.2463,2.1398,2.0342,1.9306,1.8309,1.7341,1.6422,1.5543,1.4819,1.4194,1.3558,1.2962,1.2454,1.2053,1.1769,1.1613,1.1574,1.1632,1.1769,1.1955,1.2141,1.2317,1.2493,1.2659,1.2786,1.2884,1.2952,1.3001,1.303,1.305,1.3069,1.3089,1.3099,1.3128,1.3157,1.3177,1.3177,1.3167,1.3148,1.3118,1.3079,1.3021,1.2952,1.2874,1.2796,1.2737,1.2688,1.262,1.2542,1.2463,1.2385,1.2307,1.2229,1.2151,1.2072,1.2004,1.1955,1.1935,1.1945,1.1975,1.2033,1.2141,1.2307,1.2522,1.2796,1.3109,1.3451,1.3793,1.4125,1.4418,1.4653,1.4848,1.5073,1.5396,1.5894,1.6667,1.7771,1.9218,2.0958,2.2864,2.479,2.6569,2.7908,2.8856,2.9609,3.0059,3.0186,3.001,2.9599,2.8983,2.8211,2.7322,2.6364,2.5347,2.4301,2.3353,2.2463,2.1515,2.0557,1.9609,1.869,1.782,1.7009,1.6266,1.5591,1.4995,1.4487,1.4115,1.3851,1.3636,1.349,1.3421,1.3187,1.2903,1.2874,1.2991,1.3187,1.3421,1.3675,1.392,1.4135,1.4311,1.4487,1.4643,1.478,1.4897,1.4976,1.5024,1.5054,1.5054,1.5044,1.5005,1.4956,1.4897,1.4819,1.4721,1.4614,1.4497,1.4379,1.4262,1.4154,1.4047,1.3939,1.3822,1.3705,1.3607,1.3519,1.3421,1.3314,1.3206,1.3109,1.303,1.2991,1.3001,1.3069,1.3206,1.3402,1.3627,1.3871,1.4174,1.4497,1.48,1.5064,1.5259,1.5376,1.5425,1.5435,1.5484,1.5679,1.6139,1.6745,1.7586,1.8866,2.0469,2.2219,2.3949,2.5503,2.6755,2.7625,2.8094,2.8192,2.7967,2.7537,2.695,2.6168,2.5259,2.4262,2.3206,2.2111,2.1007,1.9902,1.8817,1.7752,1.6716,1.5718,1.4888,1.4145,1.3343,1.2551,1.1789,1.1085,1.045,0.99022,0.94526,0.91105,0.88759,0.87586,0.87586,0.88368,0.89834,0.91789,0.94135,0.96774,0.99511,1.0235,1.0508,1.0762,1.1007,1.1212,1.1398,1.1554,1.1672,1.176,1.1818,1.1848,1.1848,1.1828,1.1799,1.176,1.1711,1.1642,1.1564,1.1515,1.1466,1.1398,1.1329,1.1261,1.1183,1.1114,1.1046,1.0987,1.0929,1.088,1.0841,1.0821,1.0841,1.087,1.0909,1.0968,1.1056,1.1173,1.1329,1.1535,1.1799,1.2102,1.2444,1.2786,1.3079,1.3333,1.3568,1.3793,1.4047,1.4428,1.5024,1.5934,1.7195,1.8798,2.0626,2.2542,2.437,2.5787,2.6833,2.7683,2.8211,2.8387,2.824,2.7801,2.7146,2.6315,2.5367,2.433,2.3245,2.2248,2.13,2.0264,1.9198,1.8133,1.7087,1.607,1.5103,1.4184,1.3314,1.2512,1.1789,1.1232,1.0802,1.0401,1.0088,0.98827,0.97752,0.97752,0.98827,1.0059,1.0293,1.0567,1.086,1.1163,1.1437,1.1691,1.1945,1.218,1.2385,1.2561,1.2698,1.2796,1.2864,1.2903,1.2913,1.2903,1.2884,1.2854,1.2805,1.2737,1.2649,1.2551,1.2444,1.2326,1.2199,1.2072,1.1945,1.1818,1.1691,1.1603,1.1544,1.1466,1.1398,1.1339,1.13,1.1281,1.1281,1.131,1.1359,1.1437,1.1554,1.1691,1.1857,1.2072,1.2336,1.2639,1.2981,1.3324,1.3656,1.3949,1.4194,1.4399,1.4604,1.4897,1.5259,1.5806,1.6716,1.7996,1.9589,2.1388,2.3226,2.4927,2.6364,2.7439,2.8113,2.869,2.9101,2.9022,2.8622,2.7977,2.7155,2.6217,2.5191,2.4115,2.3021,2.1916,2.0821,1.9746,1.87,1.781,1.7019,1.6188,1.5357,1.4565,1.3832,1.3167,1.259,1.2131,1.1789,1.1574,1.1486,1.1496,1.1593,1.1779,1.2023,1.2317,1.2639,1.2972,1.3284,1.3568,1.3822,1.4037,1.4213,1.435,1.4448,1.4506,1.4545,1.4545,1.4526,1.4487,1.4438,1.437,1.4282,1.4174,1.4057,1.393,1.3822,1.3734,1.3617,1.35,1.3372,1.3245,1.3118,1.3001,1.2903,1.2805,1.2727,1.2669,1.262,1.261,1.262,1.2639,1.2678,1.2737,1.2835,1.2981,1.3167,1.3402,1.3675,1.3998,1.435,1.4673,1.4966,1.5269,1.5543,1.5767,1.5943,1.6119,1.6373,1.6823,1.7566,1.8661,2.0098,2.1799,2.3372,2.4819,2.6354,2.7713,2.8759,2.9423,2.9707,2.9629,2.9257,2.8651,2.7869,2.696,2.607,2.5171,2.4174,2.3128,2.2063,2.1007,1.9971,1.8974,1.8006,1.7087,1.6217,1.5406,1.4663,1.4076,1.3597,1.3138,1.2766,1.2502,1.2346,1.2317,1.2414,1.263,1.2933,1.3294,1.3705,1.4096,1.4448,1.4819,1.5181,1.5494,1.5748,1.5953,1.61,1.6188,1.6227,1.6227,1.6197,1.6149,1.608,1.5982,1.5865,1.5728,1.5582,1.5425,1.5259,1.5083,1.4917,1.4761,1.4614,1.4467,1.436,1.4262,1.4154,1.4047,1.3949,1.3871,1.3803,1.3744,1.3705,1.3685,1.3705,1.3763,1.3871,1.4018,1.4233,1.4506,1.4829,1.5191,1.5562,1.5934,1.6266,1.6559,1.6794,1.697,1.7097,1.7195,1.7312,1.7556,1.8025,1.8788,1.9902,2.1339,2.3021,2.48,2.651,2.8016,2.9198,2.9932,3.0293,3.0391,3.0205,2.9756,2.9101,2.828,2.7341,2.6325,2.5249,2.4145,2.303,2.1926,2.0958,2.0078,1.913,1.8172,1.7234,1.6325,1.5455,1.4633,1.3871,1.3177,1.2581,1.2072,1.172,1.1496,1.1329,1.1241,1.1241,1.131,1.1447,1.1642,1.1867,1.2102,1.2336,1.2571,1.2786,1.2972,1.3138,1.3284,1.3402,1.35,1.3568,1.3607,1.3617,1.3607,1.3578,1.3539,1.348,1.3431,1.3382,1.3304,1.3216,1.3118,1.3011,1.2893,1.2786,1.2678,1.2571,1.2473,1.2385,1.2307,1.2268,1.2248,1.2229,1.2219,1.2209,1.1945,1.1554,1.1388,1.1349,1.1398,1.1496,1.1652,1.1838,1.2053,1.2326,1.263,1.2933,1.3206,1.346,1.3695,1.3959,1.434,1.4936,1.5846,1.7116,1.8446,1.9883,2.1652,2.3519,2.5259,2.6716,2.7801,2.8465,2.8729,2.8631,2.824,2.7615,2.6891,2.61,2.5161,2.4135,2.306,2.1955,2.085,1.9746,1.8661,1.7615,1.6608,1.564,1.4731,1.3978,1.3324,1.2649,1.2014,1.1447,1.0968,1.0596,1.0352,1.0225,1.0215,1.0303,1.0479,1.0694,1.0948,1.1241,1.1544,1.1857,1.2141,1.2405,1.263,1.2825,1.2981,1.3118,1.3216,1.3284,1.3333,1.3353,1.3343,1.3304,1.3236,1.3148,1.305,1.2942,1.2825,1.2698,1.2571,1.2434,1.2326,1.2229,1.2111,1.1994,1.1877,1.176,1.1672,1.1593,1.1535,1.1496,1.1476,1.1466,1.1486,1.1535,1.1603,1.1711,1.1857,1.2053,1.2297,1.259,1.2923,1.3275,1.3627,1.3959,1.4242,1.4457,1.4633,1.4829,1.5103,1.5552,1.6285,1.737,1.8798,2.0508,2.2366,2.4203,2.5865,2.7067,2.7879,2.8465,2.8729,2.8661,2.8309,2.7722,2.694,2.6012,2.4985,2.39,2.2776,2.1632,2.0616,1.9677,1.868,1.7664,1.6657,1.5679,1.4751,1.3871,1.305,1.2317,1.1672,1.1134,1.0753,1.0508,1.0342,1.0274,1.0313,1.044,1.0655,1.0929,1.1241,1.1574,1.1896,1.2209,1.2483,1.2717,1.2903,1.306,1.3196,1.3304,1.3382,1.3431,1.3451,1.3451,1.3421,1.3363,1.3284,1.3216,1.3148,1.305,1.2923,1.2786,1.2639,1.2502,1.2366,1.2229,1.2102,1.1975,1.1848,1.173,1.1652,1.1603,1.1554,1.1525,1.1505,1.1515,1.1544,1.1593,1.1662,1.1769,1.1916,1.2111,1.2326,1.2571,1.2884,1.3236,1.3607,1.3949,1.4252,1.4506,1.4721,1.4946,1.5259,1.5758,1.654,1.7439,1.8534,2.0039,2.1808,2.3656,2.5396,2.6862,2.7967,2.8671,2.8974,2.8905,2.8543,2.8006,2.7341,2.6491,2.5513,2.4448,2.3343,2.2219,2.1095,1.998,1.8905,1.7859,1.6852,1.5894,1.5093,1.4389,1.3656,1.2952,1.2317,1.176,1.13,1.0958,1.0743,1.0655,1.0684,1.0802,1.0987,1.1212,1.1486,1.1789,1.2092,1.2395,1.2669,1.2923,1.3138,1.3314,1.346,1.3578,1.3685,1.3783,1.3851,1.3881,1.3881,1.3861,1.3812,1.3744,1.3656,1.3558,1.3441,1.3314,1.3177,1.3079,1.3001,1.2913,1.2815,1.2708,1.262,1.2542,1.2473,1.2424,1.2385,1.2366,1.2375,1.2414,1.2483,1.259,1.2757,1.2981,1.3265,1.3587,1.3939,1.4311,1.4682,1.5024,1.5327,1.5582,1.5767,1.5885,1.5982,1.6109,1.6334,1.6774,1.7517,1.8631,2.0108,2.1887,2.3803,2.5699,2.7419,2.868,2.9531,3.0166,3.0479,3.0459,3.0137,2.957,2.8807,2.7908,2.6901,2.5816,2.4692,2.3666,2.2708,2.1672,2.0616,1.957,1.8543,1.7546,1.6598,1.5699,1.4858,1.4096,1.3412,1.2835,1.2424,1.2141,1.1916,1.1789,1.176,1.1848,1.2033,1.2287,1.261,1.2972,1.3353,1.3734,1.4066,1.436,1.4653,1.4917,1.5142,1.5308,1.5425,1.5503,1.5533,1.5523,1.5484,1.5415,1.5327,1.523,1.5083,1.4907,1.4712,1.4497,1.4272,1.4047,1.3832,1.3627,1.3431,1.3245,1.3079,1.2962,1.2864,1.2757,1.2659,1.2571,1.2483,1.2414,1.2366,1.2336,1.2307,1.2297,1.2287,1.2307,1.2346,1.2395,1.2454,1.2512,1.2571,1.261,1.262,1.263,1.2669,1.2825,1.3216,1.3939,1.4829,1.5963,1.7556,1.9462,2.1496,2.3451,2.5161,2.652,2.7468,2.8006,2.8162,2.7986,2.7595,2.7038,2.6315,2.5464,2.4526,2.3529,2.2502,2.1466,2.043,1.9423,1.8426,1.7458,1.653,1.5748,1.5044,1.4301,1.3568,1.2874,1.2248,1.1711,1.1271,1.0938,1.0723,1.0616,1.0596,1.0655,1.0772,1.0948,1.1153,1.1378,1.1603,1.1818,1.2014,1.219,1.2336,1.2454,1.2542,1.26,1.2649,1.2688,1.2698,1.2678,1.263,1.2561,1.2463,1.2346,1.2219,1.2092,1.1955,1.1818,1.1711,1.1623,1.1525,1.1417,1.13,1.1193,1.1085,1.0987,1.0899,1.0821,1.0772,1.0753,1.0762,1.0811,1.089,1.0987,1.1124,1.131,1.1544,1.1838,1.218,1.2551,1.2923,1.3275,1.3587,1.3832,1.4057,1.435,1.478,1.5445,1.6442,1.7801,1.9482,2.1378,2.3333,2.5181,2.6774,2.8006,2.8759,2.9101,2.9159,2.8925,2.8426,2.7703,2.6813,2.5806,2.4712,2.3558,2.2375,2.1026,1.9892,1.9032,1.8045,1.7009,1.5992,1.4995,1.392,1.2845,1.1955,1.1212,1.0587,1.0088,0.97165,0.95112,0.9433,0.9433,0.95308,0.97165,0.99902,1.0313,1.0665,1.1017,1.1359,1.1691,1.1994,1.2248,1.2463,1.2669,1.2835,1.2972,1.3069,1.3118,1.3128,1.3069,1.2991,1.2913,1.2727,1.2502,1.2375,1.2239,1.1965,1.1613,1.1369,1.1124,1.0821,1.0567,1.0391,1.0235,1.0068,0.99804,0.99413,0.99218,0.99218,0.99511,1.001,1.0108,1.0225,1.0381,1.0567,1.0792,1.1046,1.132,1.1603,1.1945,1.2326,1.2727,1.3109,1.346,1.3793,1.4164,1.4653,1.5367,1.6373,1.7722,1.9101,2.0547,2.2297,2.4106,2.5777,2.7165,2.8182,2.8798,2.9042,2.8944,2.8563,2.7967,2.7273,2.65,2.5582,2.4585,2.3529,2.2434,2.1339,2.0254,1.9198,1.8172,1.7185,1.6256,1.5376,1.4643,1.4018,1.3402,1.2835,1.2346,1.1984,1.174,1.1623,1.1613,1.1701,1.1867,1.2082,1.2297,1.2532,1.2786,1.305,1.3304,1.3539,1.3754,1.393,1.4066,1.4184,1.4272,1.433,1.437,1.4389,1.4399,1.4389,1.436,1.4311,1.4242,1.4154,1.4057,1.3959,1.3871,1.3783,1.3695,1.3627,1.3578,1.3519,1.347,1.3431,1.3392,1.3363,1.3343,1.3333,1.3363,1.3421,1.3529,1.3695,1.3891,1.4115,1.4399,1.4721,1.5064,1.5386,1.5679,1.5924,1.6109,1.6237,1.6295,1.6315,1.6315,1.6334,1.6452,1.6764,1.7351,1.8289,1.958,2.1153,2.2893,2.4653,2.6256,2.7566,2.8504,2.8993,2.912,2.8974,2.8553,2.7898,2.7058,2.608,2.5005,2.3861,2.2688,2.1505,2.0342,1.9326,1.8407,1.7429,1.6452,1.5503,1.4594,1.3724,1.2893,1.2102,1.1369,1.0714,1.0137,0.96481,0.93157,0.90909,0.89052,0.87879,0.87488,0.87683,0.88563,0.89834,0.91398,0.93255,0.9521,0.97165,0.9912,1.0098,1.0274,1.043,1.0567,1.0684,1.0772,1.0831,1.088,1.0909,1.0919,1.0909,1.088,1.087,1.086,1.0811,1.0733,1.0645,1.0557,1.0469,1.0391,1.0313,1.0235,1.0166,1.0108,1.0088,1.0088,1.0088,1.0088,1.0098,1.0117,1.0156,1.0235,1.0362,1.0538,1.0762,1.1036,1.1359,1.1662,1.1965,1.2287,1.259,1.2864,1.3118,1.3392,1.3793,1.4428,1.5386,1.6716,1.8387,2.0176,2.2004,2.3842,2.5513,2.6891,2.7889,2.8485,2.869,2.8563,2.8152,2.7517,2.6716,2.5787,2.4888,2.3988,2.2991,2.1955,2.089,1.9834,1.8798,1.7801,1.6843,1.5934,1.5064,1.4242,1.3568,1.3011,1.2463,1.1965,1.1564,1.1271,1.1085,1.1007,1.1036,1.1153,1.1339,1.1584,1.1838,1.2092,1.2366,1.2639,1.2884,1.3109,1.3304,1.347,1.3607,1.3715,1.3783,1.3832,1.3861,1.3871,1.3871,1.3832,1.3773,1.3695,1.3607,1.35,1.3382,1.3255,1.3128,1.2991,1.2864,1.2776,1.2698,1.261,1.2522,1.2434,1.2356,1.2287,1.2229,1.219,1.217,1.217,1.2199,1.2258,1.2346,1.2473,1.2659,1.2893,1.3177,1.35,1.3851,1.4194,1.4516,1.479,1.5024,1.5239,1.5445,1.5738,1.6256,1.7097,1.828,1.9795,2.1544,2.3382,2.5152,2.6706,2.7908,2.8719,2.914,2.9198,2.8974,2.8524,2.7869,2.7048,2.6119,2.5093,2.4018,2.2903,2.1789,2.0684,1.9589,1.8641,1.7791,1.6882,1.5973,1.5083,1.4252,1.348,1.2796,1.2209,1.1711,1.1339,1.1085,1.0938,1.0909,1.0968,1.1085,1.1251,1.1457,1.1672,1.1887,1.2102,1.2287,1.2454,1.2581,1.2688,1.2776,1.2845,1.2903,1.2942,1.2972,1.2991,1.3001,1.3001,1.2991,1.2972,1.2933,1.2884,1.2825,1.2786,1.2747,1.2688,1.262,1.2542,1.2454,1.2366,1.2287,1.2219,1.216,1.2102,1.2043,1.2014,1.2004,1.1994,1.1984,1.2004,1.2063,1.216,1.2307,1.2502,1.2747,1.3021,1.3324,1.3646,1.393,1.4184,1.4428,1.4633,1.4809,1.5005,1.5288,1.5758,1.65,1.7605,1.9062,2.0811,2.2454,2.3988,2.566,2.7204,2.8465,2.9365,2.9873,3.001,2.9824,2.9374,2.871,2.7889,2.696,2.607,2.5181,2.4194,2.3157,2.2121,2.1095,2.0088,1.911,1.8182,1.7302,1.6481,1.5738,1.5152,1.4682,1.4252,1.391,1.3675,1.3548,1.3529,1.3607,1.3763,1.3978,1.4242,1.4526,1.4809,1.5054,1.5259,1.5455,1.5621,1.5748,1.5846,1.5904,1.5934,1.5934,1.5914,1.5865,1.5797,1.5728,1.566,1.5572,1.5484,1.5396,1.5308,1.522,1.5122,1.5024,1.4917,1.4819,1.4721,1.4643,1.4585,1.4545,1.4497,1.4438,1.4389,1.435,1.4145,1.3851,1.3705,1.3636,1.3627,1.3675,1.3754,1.3871,1.4047,1.4272,1.4545,1.4839,1.5122,1.5376,1.5562,1.567,1.5709,1.5689,1.566,1.5689,1.5885,1.6344,1.7165,1.8368,1.9892,2.1623,2.3392,2.5034,2.6403,2.741,2.8016,2.824,2.8152,2.781,2.7253,2.651,2.563,2.4663,2.3627,2.2551,2.1457,2.0362,1.9277,1.8338,1.7488,1.6588,1.5679,1.479,1.392,1.3099,1.2326,1.1613,1.0987,1.045,1,0.96676,0.94721,0.93842,0.93646,0.94233,0.95503,0.97458,0.99804,1.0244,1.0518,1.0782,1.1046,1.129,1.1505,1.1691,1.1857,1.2004,1.2121,1.2209,1.2268,1.2297,1.2297,1.2287,1.2248,1.219,1.2111,1.2053,1.2004,1.1926,1.1828,1.173,1.1632,1.1535,1.1437,1.1349,1.1271,1.1193,1.1124,1.1095,1.1085,1.1075,1.1075,1.1095,1.1134,1.1212,1.132,1.1466,1.1652,1.1877,1.2151,1.2454,1.2757,1.305,1.3353,1.3646,1.391,1.4164,1.4467,1.4917,1.5611,1.6637,1.8016,1.9697,2.1281,2.2776,2.4418,2.5943,2.7175,2.8025,2.8465,2.8534,2.827,2.7732,2.6989,2.609,2.5083,2.4125,2.3187,2.2141,2.1046,1.9941,1.8847,1.7771,1.6745,1.5767,1.4829,1.3949,1.3128,1.2473,1.1935,1.1408,1.0938,1.0567,1.0303,1.0156,1.0117,1.0176,1.0332,1.0567,1.0841,1.1134,1.1417,1.1681,1.1955,1.2219,1.2454,1.2659,1.2835,1.2981,1.3099,1.3177,1.3226,1.3236,1.3245,1.3236,1.3196,1.3128,1.304,1.2942,1.2835,1.2717,1.259,1.2463,1.2326,1.2199,1.2072,1.1984,1.1906,1.1818,1.173,1.1652,1.1584,1.1544,1.1515,1.1505,1.1515,1.1554,1.1613,1.1711,1.1838,1.2004,1.2219,1.2493,1.2805,1.3157,1.3519,1.3861,1.4154,1.4399,1.4614,1.4848,1.5112,1.5484,1.6139,1.7155,1.8534,2.0205,2.2043,2.3891,2.5572,2.695,2.7937,2.8514,2.87,2.8583,2.8201,2.7595,2.6804,2.5885,2.4858,2.3773,2.2649,2.1496,2.0342,1.9208,1.8231,1.7351,1.6413,1.5484,1.4585,1.3724,1.2923,1.2199,1.1564,1.1026,1.0616,1.0332,1.0176,1.0137,1.0215,1.0381,1.0635,1.0948,1.13,1.1662,1.2014,1.2346,1.2639,1.2884,1.3089,1.3245,1.3558,1.3939,1.4135,1.4223,1.4252,1.4233,1.4174,1.4096,1.3998,1.3881,1.3754,1.3607,1.349,1.3392,1.3275,1.3138,1.3001,1.2874,1.2747,1.262,1.2493,1.2385,1.2297,1.2229,1.2199,1.2199,1.2199,1.2219,1.2258,1.2317,1.2405,1.2532,1.2708,1.2942,1.3236,1.3568,1.3939,1.4282,1.4594,1.4917,1.52,1.5445,1.565,1.5855,1.6149,1.6647,1.7429,1.8563,2.0039,2.1486,2.2942,2.4604,2.6217,2.7595,2.8622,2.9257,2.9492,2.9374,2.8974,2.8348,2.7546,2.6618,2.5718,2.4819,2.3803,2.2727,2.1632,2.0547,1.9472,1.8436,1.7439,1.6491,1.5591,1.4751,1.4076,1.3519,1.2962,1.2473,1.2082,1.1799,1.1652,1.1652,1.1789,1.2043,1.2395,1.2825,1.3294,1.3724,1.4115,1.4516,1.4897,1.523,1.5494,1.5699,1.5836,1.5924,1.5953,1.5924,1.5855,1.5767,1.566,1.5523,1.5367,1.521,1.5034,1.4848,1.4673,1.4506,1.433,1.4174,1.4018,1.3871,1.3763,1.3675,1.3578,1.349,1.3412,1.3343,1.3294,1.3275,1.3265,1.3284,1.3353,1.347,1.3617,1.3803,1.4066,1.4389,1.4751,1.5142,1.5533,1.5904,1.6237,1.651,1.6716,1.6872,1.7009,1.7146,1.737,1.782,1.8563,1.9648,2.1056,2.2717,2.4506,2.6266,2.784,2.9101,2.998,3.044,3.0538,3.0381,2.9971,2.9345,2.8553,2.7625,2.6598,2.5513,2.4379,2.3236,2.2102,2.0978,2,1.911,1.8162,1.7204,1.6276,1.5396,1.4565,1.3803,1.3118,1.2522,1.2023,1.1642,1.1408,1.1281,1.1222,1.1251,1.1359,1.1525,1.173,1.1975,1.2229,1.2473,1.2708,1.2933,1.3138,1.3314,1.346,1.3578,1.3666,1.3734,1.3763,1.3763,1.3734,1.3695,1.3636,1.3558,1.346,1.3372,1.3294,1.3196,1.3079,1.2952,1.2825,1.2698,1.2571,1.2434,1.2317,1.2209,1.2102,1.2033,1.1984,1.1935,1.1896,1.1867,1.1857,1.1867,1.1906,1.1965,1.2053,1.216,1.2307,1.2493,1.2678,1.2874,1.3079,1.3284,1.348,1.3666,1.3871,1.4164,1.4653,1.5435,1.6569,1.8074,1.9589,2.1144,2.2972,2.48,2.6432,2.7722,2.8612,2.9081,2.9169,2.8925,2.8407,2.7693,2.6823,2.5953,2.5073,2.4076,2.3021,2.1935,2.085,1.9785,1.8475,1.7067,1.5904,1.4878,1.3949,1.3196,1.2571,1.1935,1.1349,1.085,1.045,1.0156,0.99804,0.9912,0.99511,1.0088,1.0283,1.0538,1.0792,1.1056,1.1339,1.1613,1.1877,1.2111,1.2317,1.2493,1.2639,1.2747,1.2815,1.2864,1.2893,1.2913,1.2903,1.2874,1.2805,1.2717,1.262,1.2512,1.2395,1.2268,1.2131,1.1984,1.1838,1.172,1.1623,1.1515,1.1408,1.131,1.1232,1.1183,1.1144,1.1124,1.1124,1.1144,1.1193,1.1261,1.1369,1.1515,1.1711,1.1945,1.2229,1.2551,1.2903,1.3255,1.3578,1.3861,1.4106,1.434,1.4575,1.4897,1.5464,1.6364,1.7605,1.9179,2.0978,2.2854,2.4633,2.6168,2.7341,2.8094,2.8416,2.8397,2.8113,2.7586,2.6852,2.5963,2.4946,2.3851,2.2717,2.1564,2.0411,1.9286,1.8192,1.7243,1.6403,1.5503,1.4614,1.3754,1.2942,1.2209,1.1554,1.0987,1.0528,1.0186,0.99707,0.98827,0.98925,0.99804,1.0147,1.0381,1.0674,1.0997,1.132,1.1642,1.1945,1.2219,1.2463,1.2669,1.2835,1.2972,1.3069,1.3138,1.3167,1.3167,1.3148,1.3099,1.3021,1.2923,1.2805,1.2669,1.2561,1.2454,1.2307,1.2151,1.1994,1.1848,1.1701,1.1574,1.1447,1.1329,1.1232,1.1144,1.1075,1.1046,1.1046,1.1046,1.1056,1.1095,1.1163,1.1271,1.1437,1.1642,1.1906,1.2219,1.2561,1.2893,1.3206,1.3539,1.3851,1.4125,1.436,1.4594,1.4927,1.5445,1.6256,1.7419,1.8935,2.043,2.1926,2.3636,2.5308,2.6755,2.784,2.8514,2.8788,2.869,2.828,2.7625,2.6784,2.5816,2.4868,2.393,2.2874,2.1769,2.0645,1.9531,1.8436,1.738,1.6354,1.5386,1.4457,1.3578,1.2864,1.2268,1.1672,1.1134,1.0684,1.0342,1.0117,1.002,1.0049,1.0186,1.0411,1.0694,1.1017,1.1329,1.1632,1.1935,1.2219,1.2483,1.2708,1.2903,1.305,1.3157,1.3226,1.3265,1.3275,1.3265,1.3236,1.3177,1.3089,1.2981,1.2854,1.2717,1.2561,1.2395,1.2229,1.2063,1.1896,1.174,1.1632,1.1544,1.1447,1.1349,1.1271,1.1212,1.1183,1.1183,1.1212,1.1281,1.1398,1.1564,1.176,1.2004,1.2307,1.2649,1.3021,1.3402,1.3783,1.4145,1.4467,1.4731,1.4927,1.5083,1.5249,1.5415,1.5787,1.6452,1.737,1.8612,2.0166,2.1945,2.3812,2.5601,2.7165,2.8387,2.9208,2.9609,2.9658,2.9462,2.9032,2.8407,2.7615,2.6716,2.5728,2.4682,2.3597,2.2493,2.1388,2.0303,1.9355,1.8485,1.7556,1.6628,1.5718,1.4868,1.4086,1.3392,1.2805,1.2356,1.2033,1.1848,1.1799,1.1857,1.2004,1.2248,1.2561,1.2933,1.3343,1.3773,1.4194,1.4585,1.4927,1.522,1.5464,1.565,1.5767,1.5846,1.5885,1.5885,1.5846,1.5777,1.567,1.5543,1.5396,1.523,1.5044,1.4888,1.4731,1.4545,1.435,1.4154,1.3959,1.3773,1.3578,1.3382,1.3187,1.2991,1.2796,1.262,1.2493,1.2395,1.2297,1.2219,1.217,1.216,1.2199,1.2287,1.2414,1.26,1.2835,1.3099,1.3353,1.3587,1.3812,1.3998,1.4145,1.4252,1.4399,1.4673,1.5171,1.5992,1.7175,1.869,2.044,2.2023,2.3451,2.4927,2.6217,2.7214,2.7849,2.8113,2.8055,2.7713,2.7136,2.6373,2.5474,2.4585,2.3685,2.2678,2.1603,2.0508,1.9404,1.8319,1.7263,1.6246,1.5259,1.4321,1.3441,1.263,1.1994,1.1466,1.0938,1.0479,1.0108,0.98436,0.96872,0.96481,0.97067,0.98534,1.0068,1.0342,1.0616,1.089,1.1163,1.1437,1.1701,1.1945,1.2151,1.2326,1.2463,1.2561,1.263,1.2659,1.2678,1.2678,1.2649,1.259,1.2512,1.2424,1.2317,1.219,1.2063,1.1926,1.1779,1.1642,1.1515,1.1427,1.1359,1.1271,1.1173,1.1075,1.0997,1.0929,1.089,1.088,1.0909,1.0968,1.1056,1.1183,1.1349,1.1564,1.1838,1.2151,1.2502,1.2874,1.3236,1.3568,1.3851,1.4115,1.4418,1.4848,1.5367,1.608,1.7195,1.869,2.0469,2.2395,2.4282,2.5973,2.7312,2.824,2.8749,2.8856,2.8651,2.8211,2.7546,2.6696,2.5709,2.4624,2.347,2.2287,2.1085,1.9892,1.8739,1.7615,1.654,1.563,1.4829,1.3988,1.3157,1.2385,1.1701,1.1095,1.0606,1.0254,1.0029,0.99413,0.99902,1.0137,1.0352,1.0655,1.1017,1.1408,1.1799,1.217,1.2502,1.2766,1.2972,1.3109,1.3187,1.3206,1.3196,1.3157,1.3069,1.2952,1.2815,1.2669,1.2522,1.2375,1.2219,1.2072,1.1916,1.1769,1.1662,1.1564,1.1457,1.1329,1.1202,1.1075,1.0958,1.085,1.086,1.0929,1.0938,1.0938,1.0948,1.0978,1.1046,1.1124,1.1222,1.1349,1.1505,1.1711,1.1975,1.2287,1.2659,1.3079,1.3519,1.3891,1.4213,1.4526,1.4809,1.5112,1.5503,1.607,1.6921,1.8104,1.9609,2.1349,2.3196,2.5005,2.6422,2.7498,2.8416,2.9042,2.9326,2.9277,2.8944,2.8397,2.7683,2.6833,2.5894,2.4888,2.3939,2.303,2.2023,2.0978,1.9932,1.8905,1.7908,1.695,1.6051,1.522,1.4477,1.3851,1.3343,1.2991,1.2776,1.2639,1.262,1.2708,1.2903,1.3187,1.3529,1.392,1.4321,1.4712,1.5073,1.5357,1.5572,1.5758,1.5894,1.5973,1.5992,1.5953,1.5855,1.5728,1.5572,1.5396,1.521,1.5024,1.4878,1.4741,1.4575,1.4399,1.4233,1.4066,1.391,1.3763,1.3617,1.349,1.3392,1.3304,1.3255,1.3226,1.3196,1.3177,1.3167,1.3177,1.3216,1.3294,1.3421,1.3607,1.3851,1.4154,1.4506,1.4839,1.5161,1.5513,1.5855,1.6149,1.6364,1.65,1.6559,1.6588,1.6628,1.6774,1.7136,1.7644,1.8387,1.956,2.1075,2.2796,2.4565,2.6207,2.7595,2.8631,2.9277,2.9541,2.9462,2.915,2.8641,2.7937,2.7087,2.6119,2.5083,2.3998,2.2884,2.176,2.0635,1.9531,1.8456,1.74,1.65,1.5699,1.4829,1.3969,1.3148,1.2395,1.172,1.1134,1.0655,1.0303,1.0059,0.99316,0.9912,0.99804,1.0108,1.0293,1.0528,1.0792,1.1065,1.1329,1.1584,1.1828,1.2053,1.2248,1.2414,1.2551,1.2669,1.2747,1.2805,1.2835,1.2835,1.2815,1.2786,1.2737,1.2678,1.261,1.2532,1.2463,1.2405,1.2326,1.2248,1.216,1.2072,1.1984,1.1916,1.1857,1.1799,1.175,1.172,1.1701,1.172,1.1769,1.1838,1.1945,1.2092,1.2287,1.2522,1.2796,1.3118,1.346,1.3803,1.4125,1.4379,1.4575,1.4751,1.4956,1.5249,1.5738,1.653,1.7674,1.9159,2.0909,2.2776,2.4594,2.6197,2.7341,2.8074,2.8563,2.8729,2.8573,2.8133,2.7458,2.6628,2.5679,2.4643,2.3568,2.2473,2.1486,2.0567,1.957,1.8553,1.7546,1.6569,1.563,1.4741,1.39,1.3118,1.2414,1.1799,1.1271,1.0899,1.0645,1.044,1.0313,1.0283,1.0332,1.045,1.0616,1.0811,1.1017,1.1212,1.1398,1.1564,1.1711,1.1896,1.2102,1.2248,1.2366,1.2473,1.2551,1.261,1.2649,1.2659,1.2649,1.262,1.259,1.2571,1.2512,1.2444,1.2356,1.2258,1.216,1.2063,1.1955,1.1848,1.175,1.1662,1.1613,1.1584,1.1554,1.1525,1.1515,1.1515,1.1544,1.1603,1.1691,1.1828,1.2014,1.2248,1.2532,1.2825,1.3138,1.35,1.3881,1.4242,1.4555,1.4819,1.5034,1.5269,1.5591,1.6109,1.6921,1.784,1.8954,2.0479,2.2248,2.4066,2.5758,2.7165,2.8201,2.8827,2.9062,2.8944,2.8534,2.7898,2.7195,2.6422,2.5513,2.4516,2.348,2.2424,2.1359,2.0293,1.9238,1.8221,1.7243,1.6315,1.5533,1.4848,1.4125,1.3431,1.2805,1.2268,1.1828,1.1505,1.131,1.1222,1.1241,1.1359,1.1535,1.174,1.1984,1.2239,1.2483,1.2717,1.2923,1.3109,1.3275,1.3421,1.3548,1.3666,1.3773,1.3881,1.3969,1.4047,1.4106,1.4145,1.4164,1.4164,1.4145,1.4115,1.4066,1.4018,1.3969,1.393,1.3891,1.3822,1.3734,1.3627,1.35,1.3353,1.3187,1.3021,1.2864,1.2717,1.259,1.2493,1.2434,1.2414,1.2405,1.2434,1.2493,1.26,1.2757,1.2962,1.3206,1.348,1.3763,1.4037,1.4272,1.4457,1.4643,1.4868,1.5191,1.5718,1.654,1.7713,1.9238,2.1036,2.2972,2.4878,2.6588,2.784,2.868,2.9286,2.956,2.9501,2.914,2.8543,2.7761,2.6843,2.5826,2.4761,2.3666,2.2669,2.173,2.0723,1.9707,1.871,1.7742,1.6804,1.5914,1.5083,1.4321,1.3636,1.303,1.2542,1.2199,1.1994,1.1867,1.1848,1.1926,1.2092,1.2336,1.263,1.2933,1.3236,1.3509,1.3754,1.3949,1.4086,1.4184,1.4233,1.4233,1.4184,1.4086,1.3959,1.3793,1.3607,1.3402,1.3187,1.2972,1.2796,1.2649,1.2493,1.2336,1.2199,1.2092,1.2014,1.1965,1.1935,1.1926,1.1926,1.1935,1.1965,1.1994,1.2023,1.2063,1.2102,1.216,1.2229,1.2326,1.2444,1.259,1.2776,1.2991,1.3236,1.349,1.3754,1.4066,1.4389,1.4702,1.4976,1.5191,1.5347,1.5464,1.5611,1.5865,1.6344,1.696,1.7801,1.9081,2.0723,2.2581,2.4487,2.6276,2.781,2.8993,2.9785,3.0186,3.0235,2.998,2.955,2.8974,2.825,2.741,2.6491,2.5523,2.4526,2.3519,2.2287,2.0958,1.9814,1.8768,1.7898,1.7126,1.6325,1.5543,1.48,1.4125,1.3529,1.303,1.2639,1.2346,1.2151,1.2043,1.2023,1.2053,1.2141,1.2268,1.2414,1.259,1.2766,1.2933,1.3089,1.3236,1.3353,1.3451,1.3519,1.3568,1.3587,1.3568,1.3529,1.346,1.3382,1.3294,1.3187,1.3069,1.2962,1.2845,1.2727,1.259,1.2473,1.2375,1.2248,1.2102,1.1955,1.1818,1.1681,1.1554,1.1437,1.1349,1.1271,1.1202,1.1173,1.1163,1.1163,1.1183,1.1222,1.13,1.1427,1.1613,1.1857,1.216,1.2493,1.2845,1.3157,1.3431,1.3685,1.3891,1.4086,1.434,1.4751,1.5445,1.6481,1.7889,1.9609,2.1515,2.3441,2.5015,2.6256,2.738,2.8201,2.8661,2.8768,2.8553,2.8065,2.738,2.654,2.5582,2.4536,2.3568,2.263,2.1603,2.0538,1.9472,1.8426,1.74,1.6403,1.5435,1.4516,1.3656,1.2864,1.2141,1.1574,1.1134,1.0733,1.0401,1.0176,1.0049,1.0029,1.0108,1.0254,1.0469,1.0723,1.0997,1.1261,1.1515,1.1769,1.2014,1.2239,1.2444,1.261,1.2747,1.2854,1.2923,1.2952,1.2952,1.2933,1.2903,1.2864,1.2776,1.2669,1.2542,1.2395,1.2248,1.2102,1.1955,1.1818,1.1691,1.1574,1.1486,1.1427,1.1349,1.1281,1.1212,1.1173,1.1153,1.1144,1.1163,1.1222,1.131,1.1437,1.1613,1.1818,1.2053,1.2366,1.2727,1.3109,1.35,1.3871,1.4184,1.4428,1.4614,1.477,1.4976,1.5239,1.566,1.6403,1.7517,1.8964,2.0665,2.2473,2.4223,2.5758,2.695,2.7761,2.8162,2.8192,2.7947,2.7488,2.6813,2.5973,2.5015,2.3978,2.2903,2.1799,2.0694,1.9589,1.8504,1.7449,1.654,1.5718,1.4848,1.3969,1.3128,1.2336,1.1613,1.0978,1.043,1,0.96872,0.95015,0.9433,0.94721,0.95992,0.97947,1.0049,1.0342,1.0665,1.0987,1.13,1.1584,1.1838,1.2043,1.2209,1.2336,1.2424,1.2483,1.2502,1.2493,1.2463,1.2414,1.2336,1.2239,1.2131,1.2033,1.1935,1.1838,1.1769,1.1711,1.1632,1.1554,1.1476,1.1408,1.1339,1.1271,1.1222,1.1183,1.1144,1.1124,1.1124,1.1144,1.1173,1.1222,1.129,1.1378,1.1496,1.1672,1.1906,1.219,1.2512,1.2874,1.3265,1.3617,1.392,1.4399,1.4917,1.5239,1.5474,1.5728,1.6119,1.6764,1.7732,1.9062,2.0704,2.2258,2.3734,2.5337,2.6804,2.7967,2.8749,2.911,2.9091,2.8749,2.8133,2.7322,2.6354,2.5279,2.4262,2.3275,2.218,2.1056,1.9922,1.8798,1.7703,1.6647,1.564,1.4682,1.3783,1.2942,1.2278,1.173,1.1202,1.0753,1.0401,1.0166,1.0059,1.0078,1.0205,1.043,1.0723,1.1075,1.1417,1.175,1.2102,1.2444,1.2766,1.306,1.3314,1.3519,1.3675,1.3783,1.3851,1.3881,1.3871,1.3861,1.3832,1.3763,1.3675,1.3558,1.3421,1.3265,1.3109,1.2942,1.2776,1.261,1.2444,1.2317,1.2219,1.2102,1.1984,1.1877,1.1789,1.1701,1.1623,1.1574,1.1544,1.1535,1.1574,1.1652,1.176,1.1926,1.2151,1.2444,1.2805,1.3216,1.3666,1.4125,1.4555,1.4936,1.5259,1.5523,1.5718,1.5904,1.6158,1.6588,1.7292,1.8338,1.9726,2.1417,2.3284,2.5171,2.6911,2.8358,2.9413,3.002,3.0244,3.0205,2.9902,2.9365,2.8641,2.7781,2.6804,2.5758,2.4653,2.3529,2.2395,2.1388,2.045,1.9443,1.8426,1.7429,1.6471,1.5552,1.4692,1.39,1.3187,1.2571,1.2063,1.1681,1.1447,1.1339,1.131,1.1388,1.1554,1.1808,1.2141,1.2532,1.2952,1.3382,1.3793,1.4174,1.4487,1.4741,1.4966,1.5161,1.5308,1.5415,1.5484,1.5533,1.5552,1.5543,1.5513,1.5445,1.5357,1.5259,1.5161,1.5034,1.4888,1.4741,1.4575,1.4409,1.4242,1.4086,1.393,1.3783,1.3646,1.3539,1.3451,1.3353,1.3265,1.3187,1.3109,1.305,1.3011,1.2991,1.3001,1.305,1.3148,1.3284,1.3451,1.3636,1.3861,1.4096,1.4321,1.4497,1.4604,1.4663,1.4741,1.4917,1.5308,1.6012,1.6872,1.7957,1.9492,2.13,2.3196,2.4995,2.653,2.7703,2.8475,2.8847,2.8847,2.8534,2.7977,2.7302,2.653,2.5601,2.4585,2.35,2.2395,2.1281,2.0186,1.912,1.8094,1.7116,1.6178,1.5396,1.4702,1.3969,1.3245,1.2561,1.1935,1.1398,1.0968,1.0645,1.043,1.0323,1.0313,1.0371,1.0489,1.0655,1.086,1.1095,1.1349,1.1603,1.1848,1.2082,1.2287,1.2463,1.26,1.2698,1.2766,1.2815,1.2835,1.2815,1.2776,1.2727,1.2649,1.2561,1.2463,1.2356,1.2248,1.2141,1.2072,1.2014,1.1945,1.1867,1.1789,1.172,1.1662,1.1603,1.1554,1.1525,1.1505,1.1496,1.1505,1.1544,1.1613,1.1691,1.1789,1.1916,1.2092,1.2317,1.259,1.2903,1.3245,1.3587,1.391,1.4174,1.4379,1.4575,1.478,1.5073,1.5552,1.6305,1.739,1.8798,2.0469,2.2258,2.4018,2.5582,2.6725,2.7488,2.8025,2.826,2.8192,2.783,2.7243,2.6471,2.5572,2.4575,2.3519,2.2434,2.1447,2.0528,1.9531,1.8514,1.7507,1.652,1.5562,1.4653,1.3793,1.2991,1.2258,1.1623,1.1095,1.0723,1.0489,1.0323,1.0254,1.0283,1.0401,1.0596,1.086,1.1163,1.1486,1.1808,1.2121,1.2395,1.263,1.2845,1.303,1.3177,1.3294,1.3372,1.3431,1.346,1.346,1.3441,1.3392,1.3333,1.3275,1.3216,1.3138,1.304,1.2933,1.2815,1.2698,1.259,1.2483,1.2375,1.2278,1.218,1.2111,1.2063,1.2004,1.1945,1.1896,1.1867,1.1857,1.1877,1.1916,1.1994,1.2111,1.2278,1.2493,1.2727,1.2972,1.3265,1.3597,1.3939,1.4262,1.4545,1.477,1.4936,1.5093,1.5318,1.5709,1.6207,1.6911,1.8035,1.9511,2.1232,2.304,2.478,2.6276,2.7429,2.8182,2.8524,2.8504,2.8182,2.7693,2.7067,2.6256,2.5318,2.4291,2.3216,2.2121,2.1017,1.9922,1.8856,1.783,1.6843,1.6022,1.5298,1.4536,1.3783,1.3079,1.2444,1.1896,1.1447,1.1114,1.0919,1.0831,1.086,1.0987,1.1173,1.1398,1.1672,1.1965,1.2258,1.2532,1.2776,1.2981,1.3157,1.3294,1.3402,1.348,1.3539,1.3578,1.3587,1.3578,1.3539,1.348,1.3412,1.3353,1.3304,1.3284,1.3284,1.3314,1.3363,1.3421,1.347,1.349,1.348,1.3431,1.3333,1.3206,1.3069,1.2933,1.2805,1.2698,1.261,1.2561,1.2532,1.2502,1.2463,1.2434,1.2424,1.2454,1.2297,1.2151,1.2004,1.1877,1.176,1.1662,1.1574,1.1505,1.1466,1.1447,1.1457,1.1466,1.1486,1.1486,1.1476,1.1476,1.1554,1.1799,1.2336,1.3255,1.4614,1.6413,1.8201,2.0029,2.216,2.4321,2.6285,2.7918,2.915,2.9961,3.0391,3.0469,3.0254,2.9795,2.9189,2.8456,2.7566,2.6569,2.5484,2.434,2.3157,2.1955,2.0753,1.956,1.8387,1.7234,1.6129,1.5181,1.433,1.3421,1.2542,1.1711,1.0958,1.0293,0.97263,0.92571,0.88759,0.85826,0.83675,0.82405,0.8172,0.81329,0.81329,0.81818,0.82698,0.83969,0.85435,0.87097,0.88856,0.90518,0.92082,0.93548,0.94819,0.95894,0.96774,0.97458,0.97947,0.98338,0.98534,0.98631,0.98534,0.9824,0.97849,0.97263,0.96774,0.96285,0.95503,0.94526,0.93451,0.92473,0.91593,0.90811,0.90029,0.89247,0.88465,0.87781,0.87292,0.86999,0.86999,0.86901,0.86999,0.87292,0.87781,0.88563,0.89638,0.90811,0.91984,0.9306,0.94135,0.95112,0.96481,0.98827,1.0313,1.1056,1.218,1.3724,1.5679,1.7928,2.0323,2.2678,2.4819,2.6628,2.7889,2.869,2.9257,2.9521,2.9482,2.9159,2.8602,2.784,2.6921,2.5894,2.478,2.3617,2.2542,2.1515,2.0381,1.9218,1.8045,1.6901,1.5787,1.4712,1.3695,1.2747,1.1877,1.1095,1.0411,0.98925,0.95015,0.91496,0.88661,0.86706,0.85435,0.84946,0.85044,0.85826,0.86999,0.88563,0.9042,0.92375,0.9433,0.96481,0.98729,1.0088,1.0283,1.0469,1.0635,1.0762,1.087,1.0948,1.1007,1.1046,1.1065,1.1075,1.1056,1.1007,1.0938,1.085,1.0753,1.0655,1.0557,1.0459,1.0342,1.0215,1.0108,1.002,0.99022,0.97654,0.96188,0.94819,0.93548,0.92473,0.91691,0.91202,0.91007,0.91105,0.91496,0.9218,0.9306,0.94135,0.95406,0.96676,0.97849,0.98925,1.042,1.1212,1.1818,1.2483,1.3372,1.435,1.5533,1.7146,1.9052,2.1085,2.3069,2.4868,2.6364,2.7517,2.8299,2.8729,2.8856,2.871,2.8368,2.7879,2.7224,2.6442,2.5552,2.4575,2.3548,2.2483,2.1408,2.0332,1.9267,1.8231,1.7341,1.654,1.5689,1.4848,1.4057,1.3324,1.2659,1.2082,1.1593,1.1202,1.0899,1.0694,1.0587,1.0547,1.0557,1.0616,1.0704,1.0831,1.0987,1.1163,1.1349,1.1544,1.175,1.1955,1.216,1.2326,1.2473,1.261,1.2727,1.2805,1.2854,1.2874,1.2864,1.2825,1.2766,1.2688,1.26,1.2522,1.2454,1.2375,1.2287,1.2199,1.2121,1.2043,1.1965,1.1877,1.1779,1.1681,1.1593,1.1515,1.1466,1.1427,1.1388,1.1359,1.1329,1.132,1.131,1.131,1.1329,1.1359,1.1408,1.1486,1.1564,1.1652,1.176,1.1887,1.2072,1.2395,1.2952,1.3812,1.5024,1.6598,1.8456,2.0489,2.2551,2.4252,2.564,2.696,2.8035,2.8798,2.9238,2.9365,2.9218,2.8827,2.825,2.7517,2.6667,2.5836,2.4985,2.4037,2.3021,2.1965,2.089,1.9804,1.8729,1.7683,1.6676,1.5728,1.4848,1.4057,1.3421,1.2913,1.2444,1.2043,1.173,1.1515,1.1398,1.1359,1.1388,1.1476,1.1613,1.1779,1.1955,1.2141,1.2346,1.2561,1.2766,1.2972,1.3177,1.3372,1.3558,1.3744,1.391,1.4047,1.4164,1.4252,1.4321,1.436,1.437,1.435,1.4311,1.4252,1.4184,1.4115,1.4037,1.3949,1.3871,1.3803,1.3734,1.3656,1.3568,1.348,1.3382,1.3284,1.3187,1.3089,1.3001,1.2923,1.2854,1.2796,1.2766,1.2757,1.2766,1.2796,1.2845,1.2933,1.303,1.3128,1.3226,1.3343,1.35,1.3763,1.4115,1.4633,1.5513,1.6764,1.8358,2.0205,2.219,2.4154,2.5953,2.7468,2.8641,2.9433,2.9853,2.9932,2.9736,2.9345,2.8768,2.8035,2.7175,2.6217,2.52,2.4145,2.306,2.1975,2.0899,1.9961,1.9101,1.8201,1.7312,1.6461,1.565,1.4897,1.4203,1.3568,1.3011,1.2522,1.2121,1.1799,1.1584,1.1447,1.1339,1.129,1.1281,1.132,1.1388,1.1496,1.1613,1.175,1.1896,1.2033,1.2151,1.2258,1.2366,1.2454,1.2532,1.259,1.263,1.2639,1.2639,1.262,1.259,1.2561,1.2542,1.2522,1.2385,1.219,1.2063,1.1975,1.1896,1.1808,1.1711,1.1603,1.1486,1.1369,1.1251,1.1173,1.1105,1.1036,1.0968,1.0919,1.089,1.087,1.087,1.088,1.0899,1.0919,1.0938,1.0968,1.0997,1.1017,1.1017,1.1017,1.1065,1.1232,1.1603,1.2268,1.3304,1.4731,1.651,1.8534,2.0362,2.2023,2.3783,2.5386,2.6696,2.7644,2.8211,2.8416,2.8309,2.7928,2.7322,2.654,2.5718,2.4848,2.3861,2.2805,2.172,2.0626,1.9541,1.8475,1.7449,1.6452,1.5494,1.4594,1.3744,1.305,1.2463,1.1867,1.132,1.0841,1.045,1.0166,0.99804,0.98827,0.98631,0.99218,1.0029,1.0176,1.0342,1.0528,1.0733,1.0938,1.1144,1.1339,1.1515,1.1681,1.1838,1.1975,1.2092,1.219,1.2268,1.2326,1.2356,1.2356,1.2336,1.2297,1.2239,1.216,1.2063,1.1955,1.1838,1.172,1.1632,1.1564,1.1486,1.1408,1.1329,1.1261,1.1212,1.1173,1.1144,1.1134,1.1144,1.1163,1.1193,1.1241,1.13,1.1359,1.1437,1.1525,1.1623,1.172,1.1808,1.1877,1.1926,1.1984,1.2121,1.2336,1.2717,1.3421,1.4487,1.5924,1.7674,1.9629,2.1632,2.3539,2.52,2.654,2.7498,2.8065,2.826,2.8162,2.783,2.7302,2.6598,2.5758,2.4819,2.3822,2.2786,2.174,2.0694,1.9658,1.8749,1.7908,1.7019,1.6109,1.522,1.436,1.3548,1.2796,1.2111,1.1525,1.1036,1.0655,1.0391,1.0244,1.0196,1.0205,1.0274,1.0381,1.0528,1.0684,1.085,1.1026,1.1212,1.1398,1.1593,1.1769,1.1935,1.2102,1.2268,1.2434,1.259,1.2727,1.2845,1.2942,1.3011,1.305,1.306,1.3021,1.2952,1.2864,1.2727,1.2551,1.2356,1.2151,1.1945,1.176,1.1603,1.1476,1.1388,1.1329,1.131,1.1329,1.1369,1.1427,1.1515,1.1632,1.176,1.1916,1.2082,1.2258,1.2444,1.2639,1.2825,1.2981,1.3109,1.3226,1.3324,1.3441,1.3636,1.3998,1.4624,1.5582,1.6891,1.8495,2.0293,2.1906,2.3353,2.4868,2.6227,2.7292,2.8016,2.8387,2.8436,2.8201,2.7713,2.7038,2.6217,2.5376,2.4506,2.3519,2.2454,2.1339,2.0215,1.9091,1.7986,1.6921,1.5904,1.4946,1.4057,1.3226,1.2561,1.2014,1.1486,1.1017,1.0645,1.0381,1.0225,1.0186,1.0313,1.0567,1.085,1.1163,1.1466,1.1779,1.2131,1.2493,1.2845,1.3177,1.347,1.3715,1.391,1.4047,1.4135,1.4184,1.4194,1.4184,1.4145,1.4066,1.3959,1.3842,1.3705,1.3548,1.3382,1.3196,1.3011,1.2825,1.2639,1.2483,1.2346,1.219,1.2023,1.1857,1.1701,1.1544,1.1398,1.1251,1.1114,1.0987,1.088,1.0792,1.0743,1.0723,1.0714,1.0733,1.0792,1.089,1.1017,1.1183,1.1369,1.1564,1.1799,1.2111,1.2483,1.2991,1.3803,1.4976,1.652,1.8377,2.045,2.2581,2.4604,2.6403,2.7859,2.8925,2.958,2.9824,2.9756,2.9462,2.8944,2.824,2.739,2.6422,2.5357,2.4242,2.3109,2.1965,2.0821,1.9814,1.8895,1.7908,1.6921,1.5953,1.5024,1.4154,1.3353,1.262,1.1975,1.1427,1.0987,1.0665,1.0469,1.0371,1.0342,1.0391,1.0508,1.0694,1.0929,1.1193,1.1486,1.1799,1.2111,1.2414,1.2688,1.2923,1.3157,1.3372,1.3558,1.3705,1.3822,1.391,1.3959,1.3988,1.3978,1.3939,1.3871,1.3803,1.3705,1.3578,1.3421,1.3255,1.3089,1.2933,1.2786,1.2659,1.2551,1.2483,1.2444,1.2424,1.2434,1.2463,1.2493,1.2522,1.2532,1.2532,1.2502,1.2454,1.2405,1.2346,1.2278,1.2199,1.2131,1.2053,1.1945,1.1818,1.1711,1.1701,1.1887,1.2375,1.3236,1.4497,1.6139,1.8055,1.9814,2.1437,2.3138,2.4682,2.5914,2.6774,2.7234,2.7341,2.7136,2.6686,2.6031,2.5239,2.434,2.346,2.2581,2.1603,2.0577,1.9541,1.8504,1.7498,1.653,1.5591,1.4692,1.3842,1.303,1.2366,1.1789,1.1183,1.0596,1.0068,0.96188,0.92669,0.90127,0.88465,0.87683,0.87781,0.88563,0.89932,0.91593,0.93548,0.95797,0.98143,1.0059,1.0293,1.0518,1.0733,1.0929,1.1105,1.1261,1.1398,1.1505,1.1584,1.1632,1.1652,1.1642,1.1613,1.1564,1.1486,1.1398,1.129,1.1153,1.1007,1.0899,1.0802,1.0684,1.0557,1.044,1.0332,1.0244,1.0166,1.0098,1.0059,1.0039,1.0029,1.0039,1.0078,1.0147,1.0225,1.0313,1.0411,1.0528,1.0665,1.0792,1.0919,1.1056,1.1232,1.1525,1.1896,1.2444,1.3353,1.4663,1.6354,1.8338,2.0479,2.26,2.4545,2.6178,2.741,2.8211,2.8592,2.8612,2.8328,2.7801,2.7077,2.6217,2.5239,2.4184,2.3089,2.1975,2.086,1.9756,1.8671,1.7742,1.6901,1.6002,1.5103,1.4242,1.3431,1.2678,1.1994,1.1398,1.0899,1.0499,1.0196,0.99902,0.99022,0.98925,0.99413,1.0049,1.1349,1.1564,1.1779,1.2004,1.2258,1.2532,1.2805,1.3069,1.3324,1.3568,1.3783,1.3969,1.4115,1.4233,1.4321,1.437,1.4399,1.4409,1.4389,1.434,1.4272,1.4194,1.4096,1.3988,1.3881,1.3783,1.3675,1.3597,1.3529,1.3451,1.3382,1.3314,1.3245,1.3177,1.3118,1.3069,1.303,1.3001,1.2972,1.2952,1.2942,1.2933,1.2923,1.2933,1.2952,1.2991,1.303,1.3069,1.3099,1.3128,1.3177,1.3304,1.35,1.3861,1.4545,1.5621,1.7116,1.8964,2.1046,2.3206,2.5269,2.7077,2.8534,2.957,3.0117,3.0274,3.0147,2.9736,2.9081,2.8221,2.7195,2.6051,2.4839,2.3597,2.2346,2.1114,1.9912,1.8886,1.7967,1.6999,1.6041,1.5122,1.4252,1.3451,1.2708,1.2043,1.1457,1.0968,1.0587,1.0342,1.0205,1.0117,1.0098,1.0156,1.0274,1.044,1.0645,1.087,1.1105,1.1339,1.1564,1.1779,1.1965,1.2131,1.2297,1.2434,1.2551,1.2639,1.2698,1.2727,1.2727,1.2708,1.2669,1.261,1.2571,1.2532,1.2473,1.2395,1.2307,1.2209,1.2102,1.1994,1.1896,1.1799,1.1711,1.1632,1.1564,1.1515,1.1486,1.1447,1.1417,1.1388,1.1369,1.1359,1.1349,1.1359,1.1378,1.1417,1.1466,1.1535,1.1603,1.1672,1.172,1.175,1.1799,1.1916,1.2199,1.2757,1.3685,1.5024,1.6764,1.8807,2.0694,2.2454,2.433,2.6051,2.7458,2.8456,2.9022,2.9179,2.8974,2.8475,2.7732,2.6804,2.5855,2.4878,2.3773,2.261,2.1417,2.0235,1.9071,1.7947,1.6872,1.5846,1.4878,1.3969,1.3128,1.2454,1.1896,1.1359,1.089,1.0508,1.0225,1.0039,0.99511,0.99511,1.0039,1.0196,1.0401,1.0626,1.086,1.1114,1.1378,1.1642,1.1896,1.2121,1.2317,1.2493,1.2649,1.2776,1.2884,1.2952,1.3001,1.303,1.303,1.3001,1.2952,1.2884,1.2805,1.2708,1.261,1.2502,1.2385,1.2268,1.218,1.2111,1.2023,1.1935,1.1848,1.176,1.1672,1.1584,1.1515,1.1457,1.1437,1.1447,1.1457,1.1476,1.1515,1.1544,1.1584,1.1642,1.1711,1.1779,1.1848,1.1906,1.1955,1.2004,1.2082,1.2219,1.2483,1.2991,1.3842,1.5073,1.6686,1.8612,2.0704,2.2786,2.4702,2.6305,2.7517,2.824,2.8563,2.8622,2.8387,2.7898,2.7195,2.6315,2.5308,2.4213,2.306,2.1887,2.0723,1.958,1.8592,1.7693,1.6755,1.5816,1.4917,1.4066,1.3275,1.2561,1.1926,1.1378,1.0938,1.0606,1.0401,1.0293,1.0254,1.0283,1.0391,1.0557,1.0772,1.1017,1.1281,1.1544,1.1789,1.2033,1.2268,1.2473,1.2659,1.2825,1.2972,1.3099,1.3196,1.3265,1.3294,1.3304,1.3284,1.3236,1.3167,1.3109,1.305,1.2972,1.2874,1.2766,1.2659,1.2551,1.2434,1.2317,1.2209,1.2102,1.2004,1.1916,1.1848,1.1808,1.175,1.1701,1.1662,1.1632,1.1613,1.1613,1.1623,1.1642,1.1681,1.174,1.1808,1.1887,1.1965,1.2043,1.2102,1.216,1.2239,1.2405,1.2747,1.3363,1.433,1.5689,1.741,1.9081,2.0743,2.2649,2.4516,2.6168,2.7468,2.8358,2.8837,2.8935,2.87,2.8182,2.7439,2.6618,2.5748,2.4721,2.3607,2.2454,2.1281,2.0117,1.8974,1.7879,1.6833,1.5846,1.4917,1.4047,1.3343,1.2766,1.219,1.1672,1.1251,1.0929,1.0714,1.0606,1.0596,1.0674,1.0821,1.1026,1.1251,1.1486,1.175,1.2023,1.2307,1.2581,1.2845,1.3089,1.3314,1.3519,1.3705,1.3861,1.3998,1.4096,1.4154,1.4184,1.4184,1.4154,1.4096,1.4018,1.393,1.3832,1.3715,1.3597,1.347,1.3363,1.3265,1.3157,1.304,1.2923,1.2815,1.2717,1.2639,1.2571,1.2512,1.2473,1.2454,1.2444,1.2463,1.2493,1.2542,1.26,1.2669,1.2747,1.2845,1.2952,1.306,1.3157,1.3245,1.3333,1.3441,1.3627,1.4008,1.4663,1.5679,1.7087,1.8847,2.085,2.2952,2.4985,2.6784,2.824,2.9286,2.9863,3.0049,2.9961,2.9609,2.9013,2.8221,2.7283,2.6237,2.5122,2.3959,2.2786,2.1623,2.0596,1.9668,1.869,1.7722,1.6774,1.5875,1.5024,1.4242,1.3529,1.2903,1.2366,1.1935,1.1603,1.1408,1.131,1.1281,1.1329,1.1447,1.1623,1.1838,1.2082,1.2346,1.261,1.2864,1.3099,1.3294,1.347,1.3636,1.3773,1.3822,1.3812,1.3822,1.3822,1.3803,1.3763,1.3705,1.3636,1.3568,1.349,1.3382,1.3245,1.3099,1.2933,1.2766,1.261,1.2454,1.2297,1.216,1.2033,1.1906,1.1808,1.173,1.1642,1.1554,1.1476,1.1417,1.1369,1.1339,1.132,1.132,1.1329,1.1349,1.1388,1.1437,1.1476,1.1515,1.1544,1.1564,1.1603,1.172,1.2014,1.2561,1.346,1.4741,1.6393,1.8025,1.9658,2.1525,2.3363,2.4985,2.6276,2.7175,2.7664,2.7771,2.7556,2.7058,2.6344,2.5552,2.4702,2.3695,2.262,2.1505,2.0391,1.9286,1.8211,1.7175,1.6188,1.5259,1.4399,1.3597,1.2942,1.2395,1.1848,1.1329,1.088,1.0508,1.0235,1.0059,0.99707,0.99609,1.0029,1.0166,1.0332,1.0528,1.0743,1.0978,1.1212,1.1447,1.1662,1.1867,1.2053,1.2209,1.2346,1.2463,1.2561,1.263,1.2678,1.2708,1.2708,1.2688,1.2639,1.2571,1.2493,1.2395,1.2297,1.2199,1.2092,1.2014,1.1945,1.1867,1.1779,1.1691,1.1603,1.1525,1.1457,1.1398,1.1349,1.132,1.13,1.13,1.132,1.1349,1.1378,1.1408,1.1447,1.1496,1.1564,1.1632,1.1691,1.174,1.1789,1.1857,1.1975,1.2209,1.2669,1.3451,1.4614,1.6168,1.8035,2.0088,2.217,2.4096,2.5738,2.6999,2.783,2.8211,2.8231,2.7977,2.7468,2.6735,2.5836,2.4809,2.3705,2.2551,2.1388,2.0225,1.9091,1.8104,1.7214,1.6276,1.5337,1.4438,1.3597,1.2825,1.2131,1.1525,1.1007,1.0596,1.0293,1.0088,0.99902,0.99804,1.0039,1.0156,1.0323,1.0538,1.0792,1.1065,1.1329,1.1593,1.1828,1.2043,1.2229,1.2375,1.2493,1.2581,1.263,1.2649,1.2639,1.26,1.2542,1.2473,1.2395,1.2307,1.2219,1.2151,1.2092,1.2014,1.1935,1.1857,1.1789,1.172,1.1662,1.1613,1.1574,1.1554,1.1544,1.1554,1.1574,1.1593,1.1613,1.1642,1.1681,1.172,1.1769,1.1818,1.1867,1.1926,1.1994,1.2072,1.216,1.2239,1.2307,1.2366,1.2414,1.2493,1.2678,1.3069,1.3754,1.48,1.6217,1.7957,1.9609,2.1212,2.3001,2.4721,2.6197,2.7312,2.8025,2.8338,2.8289,2.7937,2.7331,2.654,2.5709,2.4839,2.3842,2.2776,2.1691,2.0606,1.9531,1.8485,1.7478,1.652,1.5611,1.4848,1.4194,1.3607,1.3099,1.2581,1.2121,1.174,1.1466,1.131,1.1261,1.131,1.1447,1.1642,1.1896,1.2151,1.2405,1.2698,1.3001,1.3304,1.3587,1.3861,1.4106,1.433,1.4526,1.4682,1.4809,1.4897,1.4966,1.5005,1.5024,1.5015,1.4985,1.4927,1.4848,1.4751,1.4633,1.4516,1.4389,1.4262,1.4154,1.4066,1.3978,1.3881,1.3783,1.3685,1.3587,1.35,1.3412,1.3333,1.3265,1.3206,1.3167,1.3148,1.3148,1.3148,1.3157,1.3187,1.3216,1.3255,1.3294,1.3324,1.3333,1.3324,1.3343,1.3412,1.3587,1.4008,1.477,1.5943,1.7527,1.9443,2.1564,2.3705,2.5699,2.739,2.868,2.9531,2.9922,2.9951,2.9697,2.9189,2.8446,2.7527,2.6481,2.5337,2.4135,2.2903,2.1672,2.0479,1.9443,1.8514,1.7537,1.6569,1.564,1.4761,1.393,1.3157,1.2444,1.1818,1.1271,1.0811,1.045,1.0215,1.0078,0.99902,0.99609,0.99804,1.0059,1.0176,1.0332,1.0508,1.0694,1.087,1.1036,1.1193,1.1349,1.1496,1.1632,1.176,1.1877,1.1984,1.2082,1.217,1.2239,1.2297,1.2336,1.2356,1.2375,1.2385,1.2375,1.2356,1.2317,1.2268,1.2209,1.2141,1.2072,1.2004,1.1935,1.1867,1.1828,1.1799,1.175,1.1711,1.1672,1.1632,1.1603,1.1574,1.1544,1.1535,1.1525,1.1535,1.1554,1.1584,1.1613,1.1623,1.1613,1.1613,1.1691,1.1935,1.2444,1.3314,1.4594,1.6266,1.825,2.0088,2.1818,2.3685,2.5415,2.6843,2.7869,2.8475,2.8671,2.8504,2.8035,2.7312,2.6403,2.5357,2.434,2.3333,2.2219,2.1046,1.9873,1.8719,1.7605,1.654,1.5533,1.4575,1.3685,1.2874,1.2239,1.173,1.1241,1.0821,1.0489,1.0254,1.0127,1.0098,1.0147,1.0274,1.045,1.0684,1.0919,1.1163,1.1437,1.172,1.1984,1.2239,1.2473,1.2698,1.2893,1.306,1.3196,1.3304,1.3382,1.3441,1.347,1.348,1.346,1.3412,1.3333,1.3245,1.3157,1.306,1.2962,1.2864,1.2766,1.2688,1.262,1.2522,1.2405,1.2287,1.217,1.2053,1.1935,1.1818,1.173,1.1662,1.1603,1.1574,1.1564,1.1574,1.1584,1.1613,1.1652,1.1711,1.1789,1.1867,1.1935,1.1984,1.2033,1.2141,1.2326,1.2669,1.3324,1.4379,1.5846,1.7644,1.9668,2.1799,2.3871,2.5709,2.7195,2.827,2.8905,2.913,2.9032,2.8661,2.8045,2.7234,2.6276,2.52,2.4047,2.2854,2.1652,2.045,1.9277,1.827,1.7361,1.6403,1.5455,1.4545,1.3705,1.2933,1.2239,1.1632,1.1134,1.0733,1.043,1.0235,1.0147,1.0137,1.0166,1.0244,1.0362,1.0518,1.0694,1.088,1.1075,1.1281,1.1476,1.1672,1.1848,1.2014,1.217,1.2317,1.2444,1.2551,1.2639,1.2727,1.2805,1.2884,1.2952,1.3011,1.305,1.3089,1.3109,1.3109,1.3089,1.306,1.3021,1.2981,1.2933,1.2874,1.2805,1.2727,1.2639,1.2571,1.2512,1.2444,1.2375,1.2317,1.2258,1.2209,1.2151,1.2111,1.2082,1.2072,1.2082,1.2121,1.217,1.2209,1.2239,1.2258,1.2297,1.2434,1.2757,1.3372,1.4379,1.5797,1.7615,1.9717,2.1642,2.3402,2.5249,2.6921,2.826,2.9179,2.9677,2.9775,2.9511,2.8954,2.8172,2.7214,2.6129,2.5093,2.4066,2.2923,2.174,2.0557,1.9394,1.828,1.7214,1.6207,1.5269,1.4409,1.3617,1.2991,1.2473,1.1984,1.1554,1.1212,1.0978,1.085,1.0821,1.088,1.1017,1.1241,1.1525,1.1857,1.218,1.2502,1.2854,1.3226,1.3587,1.393,1.4242,1.4516,1.4751,1.4936,1.5083,1.5191,1.5249,1.5279,1.5288,1.5259,1.52,1.5122,1.5024,1.4897,1.4761,1.4624,1.4477,1.4321,1.4174,1.4057,1.3949,1.3822,1.3695,1.3558,1.3421,1.3294,1.3157,1.303,1.2913,1.2796,1.2698,1.263,1.2581,1.2532,1.2493,1.2483,1.2502,1.2551,1.261,1.2659,1.2698,1.2737,1.2835,1.3001,1.3314,1.393,1.4927,1.6344,1.8133,2.0186,2.2336,2.4399,2.6217,2.7674,2.871,2.9296,2.9472,2.9316,2.8886,2.8211,2.7341,2.6334,2.522,2.4037,2.2835,2.1632,2.0459,1.9326,1.8358,1.7488,1.6579,1.5679,1.4809,1.3978,1.3206,1.2502,1.1867,1.132,1.085,1.0479,1.0205,1.0049,0.99804,0.99707,1.0029,1.0156,1.0342,1.0567,1.0811,1.1075,1.1349,1.1613,1.1867,1.2082,1.2268,1.2444,1.26,1.2727,1.2825,1.2893,1.2923,1.2913,1.2874,1.2815,1.2737,1.2649,1.2571,1.2502,1.2414,1.2307,1.2199,1.2082,1.1975,1.1877,1.1779,1.1691,1.1613,1.1574,1.1584,1.1584,1.1564,1.1535,1.1505,1.1486,1.1466,1.1466,1.1476,1.1515,1.1574,1.1642,1.173,1.1818,1.1906,1.1994,1.2082,1.2219,1.2473,1.2942,1.3715,1.4858,1.6383,1.8231,2.0293,2.2131,2.3763,2.5435,2.6891,2.7996,2.87,2.9003,2.8935,2.8543,2.7889,2.7028,2.6012,2.4897,2.3842,2.2825,2.1701,2.0557,1.9423,1.8319,1.7263,1.6266,1.5337,1.4467,1.3666,1.2942,1.2375,1.1916,1.1466,1.1075,1.0753,1.0518,1.0381,1.0332,1.0371,1.0499,1.0684,1.0909,1.1153,1.1388,1.1623,1.1857,1.2072,1.2278,1.2454,1.26,1.2708,1.2786,1.2835,1.2854,1.2854,1.2845,1.2835,1.2796,1.2747,1.2698,1.2649,1.261,1.2571,1.2532,1.2502,1.2493,1.2483,1.2483,1.2502,1.2522,1.2551,1.2581,1.263,1.2678,1.2737,1.2796,1.2845,1.2893,1.2933,1.2962,1.2991,1.3021,1.303,1.304,1.304,1.304,1.303,1.3001,1.2942,1.2864,1.2796,1.2786,1.2942,1.3245,1.3793,1.4761,1.6168,1.7947,1.9971,2.2082,2.4086,2.5836,2.7224,2.8182,2.871,2.8847,2.8671,2.824,2.7586,2.6745,2.5777,2.4712,2.3587,2.2434,2.1281,2.0147,1.9042,1.8094,1.7243,1.6364,1.5494,1.4663,1.3891,1.3187,1.2571,1.2043,1.1623,1.13,1.1085,1.0968,1.0958,1.1036,1.1193,1.1417,1.1711,1.2053,1.2424,1.2796,1.3167,1.3519,1.3851,1.4164,1.4409,1.4614,1.479,1.4936,1.5044,1.5112,1.5152,1.5152,1.5132,1.5083,1.5005,1.4907,1.48,1.4702,1.4604,1.4487,1.436,1.4242,1.4115,1.3998,1.3881,1.3763,1.3646,1.3529,1.3412,1.3324,1.3255,1.3177,1.3099,1.3021,1.2952,1.2903,1.2874,1.2864,1.2864,1.2874,1.2893,1.2933,1.2991,1.304,1.3079,1.3109,1.3138,1.3216,1.3421,1.3861,1.4624,1.5777,1.7322,1.9189,2.0938,2.2581,2.437,2.6031,2.74,2.8387,2.8944,2.911,2.8915,2.8416,2.7683,2.6764,2.5718,2.4721,2.3734,2.2639,2.1515,2.0391,1.9296,1.824,1.7224,1.6266,1.5367,1.4516,1.3724,1.3079,1.2532,1.1975,1.1466,1.1017,1.0655,1.0391,1.0225,1.0137,1.0137,1.0215,1.0352,1.0538,1.0743,1.0958,1.1183,1.1417,1.1652,1.1887,1.2111,1.2307,1.2483,1.263,1.2747,1.2835,1.2893,1.2942,1.2962,1.2952,1.2923,1.2884,1.2825,1.2757,1.2678,1.26,1.2512,1.2414,1.2317,1.2239,1.217,1.2082,1.1994,1.1896,1.1808,1.173,1.1662,1.1603,1.1554,1.1525,1.1505,1.1515,1.1535,1.1554,1.1584,1.1623,1.1681,1.175,1.1818,1.1887,1.1935,1.1975,1.2043,1.2209,1.2483,1.2952,1.3793,1.5054,1.6725,1.8729,2.0919,2.3118,2.5132,2.6823,2.8104,2.8935,2.9306,2.9296,2.9003,2.8446,2.7664,2.6706,2.564,2.4487,2.3294,2.2082,2.089,1.9717,1.8573,1.7605,1.6745,1.5836,1.4946,1.4096,1.3304,1.2571,1.1916,1.1359,1.0899,1.0547,1.0293,1.0156,1.0117,1.0137,1.0225,1.0362,1.0547,1.0772,1.1017,1.1261,1.1515,1.1769,1.2004,1.2229,1.2424,1.26,1.2757,1.2903,1.3021,1.3109,1.3177,1.3216,1.3236,1.3226,1.3187,1.3128,1.3079,1.303,1.2952,1.2864,1.2757,1.2659,1.2561,1.2463,1.2356,1.2248,1.2151,1.2063,1.2014,1.1975,1.1926,1.1887,1.1848,1.1818,1.1799,1.1789,1.1789,1.1799,1.1828,1.1887,1.1965,1.2053,1.2141,1.2219,1.2287,1.2346,1.2434,1.263,1.3021,1.3715,1.48,1.6295,1.8162,1.9961,2.1711,2.3666,2.5543,2.7146,2.8348,2.911,2.9433,2.9374,2.8983,2.8328,2.7468,2.6452,2.5455,2.4457,2.3343,2.217,2.0987,1.9804,1.8661,1.7566,1.653,1.5552,1.4633,1.3783,1.3099,1.2532,1.1955,1.1437,1.0997,1.0655,1.042,1.0293,1.0254,1.0313,1.045,1.0635,1.086,1.1105,1.1349,1.1623,1.1896,1.216,1.2414,1.2649,1.2854,1.303,1.3187,1.3304,1.3392,1.346,1.3509,1.3529,1.3519,1.349,1.3431,1.3363,1.3284,1.3196,1.3089,1.2981,1.2864,1.2757,1.2669,1.26,1.2512,1.2424,1.2336,1.2258,1.219,1.2131,1.2082,1.2043,1.2014,1.1994,1.1994,1.2014,1.2033,1.2053,1.2082,1.2131,1.2199,1.2287,1.2375,1.2463,1.2542,1.262,1.2757,1.2962,1.3304,1.3949,1.4956,1.6373,1.8162,2.0215,2.2375,2.4457,2.6315,2.781,2.8866,2.9443,2.9619,2.9501,2.911,2.8465,2.7625,2.6628,2.5533,2.437,2.3167,2.1965,2.0782,1.9619,1.8612,1.7713,1.6774,1.5855,1.4976,1.4154,1.3402,1.2717,1.2121,1.1623,1.1232,1.0948,1.0792,1.0733,1.0743,1.0831,1.0987,1.1212,1.1476,1.1779,1.2092,1.2414,1.2737,1.306,1.3353,1.3597,1.3803,1.3998,1.4174,1.4311,1.4409,1.4467,1.4487,1.4467,1.4418,1.435,1.4262,1.4184,1.4115,1.4027,1.3939,1.3832,1.3724,1.3627,1.3529,1.3431,1.3343,1.3275,1.3206,1.3128,1.3069,1.3021,1.2972,1.2913,1.2854,1.2805,1.2766,1.2737,1.2727,1.2737,1.2766,1.2825,1.2893,1.2981,1.3089,1.3187,1.3265,1.3363,1.3519,1.3812,1.434,1.52,1.6461,1.8104,2.0068,2.1896,2.3617,2.5484,2.7214,2.8641,2.9668,3.0264,3.0459,3.0283,2.9785,2.9042,2.8104,2.7146,2.6158,2.5015,2.3803,2.2581,2.1369,2.0196,1.9071,1.8006,1.6999,1.6061,1.5171,1.4438,1.3803,1.3157,1.2542,1.2004,1.1544,1.1193,1.0938,1.0772,1.0704,1.0723,1.0821,1.0978,1.1163,1.1378,1.1623,1.1877,1.2131,1.2385,1.262,1.2825,1.2991,1.3118,1.3216,1.3275,1.3324,1.3353,1.3353,1.3333,1.3294,1.3245,1.3187,1.3109,1.3021,1.2933,1.2835,1.2727,1.263,1.2551,1.2493,1.2405,1.2307,1.2199,1.2092,1.1994,1.1906,1.1828,1.176,1.1711,1.1672,1.1652,1.1652,1.1652,1.1652,1.1652,1.1672,1.1701,1.173,1.1769,1.1799,1.1808,1.1818,1.1877,1.2014,1.2297,1.2864,1.3783,1.5112,1.6823,1.8827,2.0968,2.306,2.4956,2.653,2.7703,2.8387,2.868,2.87,2.8426,2.7889,2.7146,2.6237,2.521,2.4106,2.2972,2.1828,2.0694,1.958,1.8622,1.7761,1.6843,1.5934,1.5054,1.4223,1.346,1.2766,1.2151,1.1623,1.1193,1.086,1.0655,1.0547,1.0489,1.0499,1.0587,1.0723,1.0909,1.1124,1.1359,1.1613,1.1857,1.2092,1.2307,1.2502,1.2669,1.2815,1.2952,1.3069,1.3157,1.3226,1.3255,1.3265,1.3255,1.3216,1.3157,1.3099,1.305,1.2972,1.2893,1.2805,1.2717,1.262,1.2522,1.2434,1.2356,1.2287,1.2229,1.218,1.216,1.2151,1.2141,1.2121,1.2111,1.2102,1.2092,1.2082,1.2092,1.2111,1.2151,1.2219,1.2297,1.2385,1.2463,1.2532,1.2581,1.2659,1.2708,1.2884,1.3431,1.4379,1.5748,1.7478,1.9462,2.1251,2.2864,2.4536,2.6012,2.7146,2.7859,2.8162,2.8094,2.7703,2.7048,2.6207,2.522,2.4242,2.3275,2.2199,2.1075,1.9951,1.8837,1.7752,1.6716,1.5728,1.48,1.393,1.3138,1.2414,1.1848,1.1398,1.0958,1.0587,1.0303,1.0108,1,1,1.0078,1.0225,1.044,1.0694,1.0948,1.1202,1.1476,1.175,1.2004,1.2239,1.2454,1.2639,1.2796,1.2923,1.303,1.3099,1.3148,1.3167,1.3157,1.3128,1.3069,1.2981,1.2884,1.2766,1.2639,1.2502,1.2356,1.2209,1.2063,1.1955,1.1867,1.1769,1.1672,1.1574,1.1486,1.1408,1.1349,1.131,1.1281,1.1261,1.1261,1.1281,1.131,1.1339,1.1378,1.1427,1.1505,1.1603,1.1711,1.1818,1.1916,1.2014,1.2121,1.2317,1.259,1.303,1.3812,1.4976,1.653,1.8397,2.044,2.2502,2.4399,2.6012,2.7234,2.8035,2.8397,2.8407,2.8143,2.7634,2.6921,2.6041,2.5034,2.3949,2.2815,2.1662,2.0508,1.9374,1.827,1.7322,1.6471,1.5582,1.4702,1.3851,1.306,1.2336,1.1691,1.1134,1.0674,1.0313,1.0059,0.99218,0.98827,0.9912,1.001,1.0176,1.0391,1.0655,1.0948,1.1251,1.1564,1.1867,1.2151,1.2424,1.2649,1.2845,1.303,1.3187,1.3314,1.3412,1.347,1.35,1.349,1.3451,1.3382,1.3294,1.3216,1.3138,1.3021,1.2893,1.2757,1.262,1.2483,1.2336,1.219,1.2053,1.1926,1.1799,1.1691,1.1623,1.1584,1.1535,1.1496,1.1466,1.1447,1.1437,1.1437,1.1457,1.1505,1.1574,1.1672,1.1779,1.1896,1.2014,1.2131,1.2268,1.2463,1.2796,1.3363,1.4252,1.5523,1.7175,1.913,2.1261,2.3109,2.4712,2.6315,2.7674,2.8671,2.9257,2.9443,2.9267,2.8788,2.8065,2.7155,2.61,2.5073,2.4066,2.2952,2.1789,2.0635,1.9501,1.8416,1.737,1.6383,1.5445,1.4565,1.3754,1.3011,1.2424,1.1965,1.1535,1.1173,1.0899,1.0733,1.0674,1.0704,1.0811,1.0997,1.1232,1.1505,1.1769,1.2033,1.2336,1.2649,1.2962,1.3255,1.3529,1.3773,1.3988,1.4164,1.4301,1.4399,1.4448,1.4467,1.4467,1.4438,1.4379,1.4301,1.4203,1.4086,1.3959,1.3822,1.3685,1.3548,1.3412,1.3353,1.3343,1.3284,1.3196,1.3099,1.3001,1.2903,1.2805,1.2717,1.263,1.2542,1.2463,1.2395,1.2356,1.2336,1.2317,1.2317,1.2336,1.2375,1.2424,1.2454,1.2483,1.2532,1.2659,1.2952,1.3372,1.4018,1.5093,1.6579,1.8407,2.043,2.2493,2.4418,2.6061,2.7312,2.8143,2.8534,2.8563,2.8299,2.7781,2.7048,2.6149,2.5132,2.4027,2.2893,2.174,2.0596,1.9482,1.8407,1.739,1.653,1.5777,1.4985,1.4213,1.346,1.2757,1.2121,1.1554,1.1065,1.0655,1.0332,1.0108,1,0.99707,0.99902,1.0078,1.0215,1.0401,1.0626,1.086,1.1085,1.131,1.1525,1.172,1.1896,1.2053,1.219,1.2307,1.2405,1.2473,1.2522,1.2542,1.2542,1.2522,1.2483,1.2424,1.2356,1.2297,1.2239,1.217,1.2082,1.1994,1.1906,1.1818,1.174,1.1662,1.1584,1.1515,1.1457,1.1398,1.1369,1.1359,1.1339,1.132,1.131,1.132,1.1339,1.1378,1.1447,1.1525,1.1603,1.1681,1.176,1.1838,1.1896,1.1994,1.2209,1.263,1.3353,1.4457,1.5963,1.782,1.9892,2.2023,2.4037,2.5591,2.6725,2.7644,2.8221,2.8416,2.825,2.7781,2.7067,2.6168,2.5122,2.3988,2.2815,2.174,2.0733,1.9648,1.8553,1.7488,1.6452,1.5464,1.4545,1.3695,1.2913,1.2209,1.1584,1.1056,1.0674,1.0411,1.0186,1.0029,0.99511,0.99511,1.001,1.0127,1.0293,1.0479,1.0684,1.0899,1.1105,1.13,1.1496,1.1701,1.1896,1.2072,1.2268,1.2434,1.2542,1.2649,1.2757,1.2845,1.2893,1.2942,1.2972,1.2991,1.2981,1.2952,1.2913,1.2854,1.2786,1.2708,1.261,1.2522,1.2463,1.2414,1.2356,1.2287,1.2219,1.2151,1.2092,1.2033,1.1984,1.1945,1.1916,1.1906,1.1906,1.1926,1.1965,1.2014,1.2082,1.217,1.2268,1.2356,1.2414,1.2493,1.2747,1.3069,1.346,1.4223,1.566,1.7087,1.8368,2.0147,2.259,2.48,2.6452,2.783,2.8602,2.9081,2.9228,2.9052,2.8416,2.7722,2.7107,2.6246,2.4936,2.3675,2.2737,2.1672,2.0283,1.9022,1.7889,1.6823,1.5953,1.5191,1.4614,1.3949,1.3167,1.2493,1.2063,1.1681,1.1369,1.1163,1.1065,1.1056,1.1193,1.1408,1.1613,1.1848,1.2092,1.2336,1.2522,1.2669,1.2942,1.3275,1.348,1.3617,1.3773,1.393,1.4037,1.4125,1.4194,1.4242,1.4272,1.4272,1.4262,1.4233,1.4184,1.4115,1.4037,1.3969,1.39,1.3812,1.3705,1.3597,1.349,1.3392,1.3294,1.3196,1.3099,1.3001,1.2903,1.2815,1.2757,1.2708,1.2659,1.261,1.2581,1.2571,1.2581,1.261,1.2669,1.2737,1.2805,1.2864,1.2913,1.2962,1.304,1.3216,1.3597,1.4282,1.5337,1.6794,1.8592,2.0606,2.2678,2.4633,2.6315,2.7507,2.827,2.8778,2.8954,2.8807,2.8368,2.7683,2.6813,2.5816,2.4721,2.3578,2.2414,2.1369,2.0411,1.9384,1.8348,1.7351,1.6393,1.5484,1.4624,1.3822,1.3089,1.2414,1.1818,1.131,1.0948,1.0684,1.044,1.0254,1.0137,1.0078,1.0098,1.0166,1.0283,1.044,1.0626,1.0831,1.1026,1.1222,1.1427,1.1632,1.1838,1.2033,1.2219,1.2385,1.2522,1.2639,1.2737,1.2805,1.2845,1.2874,1.2884,1.2874,1.2845,1.2796,1.2737,1.2659,1.2571,1.2483,1.2385,1.2287,1.218,1.2102,1.2043,1.1975,1.1896,1.1818,1.176,1.1711,1.1672,1.1652,1.1642,1.1642,1.1652,1.1681,1.173,1.1789,1.1848,1.1896,1.1935,1.1965,1.2014,1.216,1.2483,1.3089,1.4057,1.5425,1.6872,1.8446,2.0381,2.2424,2.436,2.6031,2.7331,2.8221,2.868,2.8739,2.8465,2.7908,2.7126,2.6285,2.5386,2.434,2.3206,2.2033,2.086,1.9697,1.8563,1.7468,1.6432,1.5445,1.4516,1.3754,1.3109,1.2454,1.1848,1.131,1.085,1.0489,1.0225,1.0049,0.99609,0.99511,1.001,1.0127,1.0274,1.045,1.0655,1.087,1.1095,1.1329,1.1574,1.1818,1.2053,1.2278,1.2493,1.2698,1.2874,1.3021,1.3157,1.3255,1.3324,1.3363,1.3372,1.3363,1.3333,1.3284,1.3236,1.3187,1.3138,1.3099,1.306,1.3001,1.2923,1.2845,1.2766,1.2688,1.262,1.2551,1.2493,1.2444,1.2405,1.2395,1.2405,1.2414,1.2434,1.2473,1.2542,1.263,1.2737,1.2864,1.2981,1.3099,1.3206,1.3324,1.35,1.3832,1.4409,1.5327,1.6637,1.8319,2.0283,2.2395,2.4477,2.6364,2.7918,2.9071,2.9726,2.998,2.9961,2.9648,2.9071,2.827,2.7302,2.6207,2.5034,2.3822,2.259,2.1369,2.0293,1.9296,1.8231,1.7195,1.6217,1.5308,1.4467,1.3685,1.2991,1.2385,1.1877,1.1486,1.1202,1.1036,1.0978,1.0997,1.1095,1.1261,1.1476,1.174,1.2043,1.2366,1.2698,1.303,1.3343,1.3607,1.3842,1.4076,1.4301,1.4497,1.4663,1.48,1.4907,1.4985,1.5024,1.5034,1.5015,1.4966,1.4907,1.4829,1.4721,1.4594,1.4457,1.4311,1.4164,1.4027,1.3881,1.3744,1.3607,1.347,1.3372,1.3284,1.3187,1.3079,1.2972,1.2864,1.2766,1.2688,1.262,1.2571,1.2542,1.2532,1.2542,1.2571,1.26,1.262,1.263,1.2639,1.2678,1.2825,1.3157,1.3783,1.478,1.6178,1.7918,1.9599,2.1241,2.3089,2.4868,2.6403,2.7566,2.8309,2.8631,2.8573,2.8192,2.7546,2.6706,2.5728,2.477,2.3822,2.2766,2.1672,2.0567,1.9482,1.8436,1.7429,1.6461,1.5552,1.4702,1.39,1.3245,1.2688,1.2121,1.1593,1.1124,1.0733,1.043,1.0225,1.0117,1.0108,1.0176,1.0303,1.0479,1.0684,1.0899,1.1124,1.1359,1.1593,1.1818,1.2014,1.219,1.2346,1.2473,1.2571,1.2649,1.2717,1.2766,1.2796,1.2796,1.2776,1.2737,1.2678,1.261,1.2532,1.2444,1.2356,1.2268,1.218,1.2111,1.2053,1.1984,1.1906,1.1828,1.176,1.1711,1.1662,1.1623,1.1593,1.1564,1.1554,1.1564,1.1584,1.1613,1.1652,1.1711,1.1789,1.1867,1.1945,1.2014,1.2082,1.2151,1.2287,1.2581,1.3001,1.3636,1.4682,1.6149,1.7967,2.001,2.2111,2.4096,2.5797,2.7116,2.7996,2.8436,2.8495,2.825,2.7742,2.7009,2.61,2.5064,2.3949,2.2796,2.1623,2.0459,1.9326,1.8231,1.7185,1.6295,1.5513,1.4702,1.39,1.3148,1.2454,1.1848,1.1339,1.0929,1.0616,1.0401,1.0283,1.0254,1.0313,1.042,1.0596,1.0811,1.1046,1.13,1.1564,1.1818,1.2063,1.2297,1.2512,1.2698,1.2854,1.2991,1.3099,1.3187,1.3255,1.3284,1.3294,1.3284,1.3255,1.3206,1.3148,1.3069,1.3001,1.2933,1.2845,1.2737,1.263,1.2522,1.2414,1.2307,1.2209,1.2121,1.2033,1.1955,1.1906,1.1877,1.1848,1.1818,1.1799,1.1779,1.1779,1.1789,1.1828,1.1877,1.1945,1.2023,1.2111,1.2199,1.2278,1.2346,1.2424,1.2561,1.2825,1.3343,1.4252,1.5601,1.7322,1.9345,2.1535,2.3431,2.5054,2.6647,2.7977,2.8905,2.9404,2.9492,2.9218,2.8641,2.783,2.6843,2.5738,2.4555,2.347,2.2434,2.13,2.0156,1.9022,1.7928,1.6891,1.5914,1.4995,1.4135,1.3353,1.2649,1.2102,1.1672,1.1281,1.0958,1.0723,1.0587,1.0547,1.0596,1.0723,1.0909,1.1134,1.1398,1.1672,1.1926,1.217,1.2424,1.2678,1.2903,1.3109,1.3275,1.3421,1.3529,1.3617,1.3675,1.3705,1.3724,1.3724,1.3695,1.3636,1.3558,1.347,1.3382,1.3275,1.3167,1.306,1.2952,1.2835,1.2727,1.2649,1.259,1.2512,1.2424,1.2336,1.2248,1.217,1.2111,1.2063,1.2023,1.2004,1.1994,1.2014,1.2053,1.2102,1.217,1.2258,1.2356,1.2463,1.2571,1.2659,1.2757,1.2933,1.3265,1.3871,1.4624,1.564,1.7146,1.9042,2.1193,2.3402,2.5484,2.7273,2.8661,2.958,3.0049,3.0088,2.9814,2.9306,2.8553,2.7625,2.6559,2.5396,2.4184,2.2952,2.173,2.0528,1.9365,1.824,1.7165,1.6266,1.5484,1.4673,1.3891,1.3167,1.2522,1.1965,1.1525,1.1193,1.0978,1.088,1.088,1.0958,1.1114,1.1349,1.1642,1.1984,1.2346,1.2717,1.3079,1.3431,1.3744,1.4027,1.4272,1.4477,1.4633,1.4751,1.4839,1.4897,1.4917,1.4897,1.4858,1.48,1.4721,1.4624,1.4516,1.4409,1.4321,1.4233,1.4125,1.4018,1.39,1.3783,1.3666,1.3548,1.3441,1.3343,1.3245,1.3148,1.3079,1.304,1.3001,1.2972,1.2962,1.2972,1.3001,1.305,1.3128,1.3236,1.3363,1.3509,1.3646,1.3773,1.3881,1.3998,1.4174,1.4497,1.5064,1.5963,1.7263,1.8964,2.0968,2.3118,2.5249,2.696,2.8289,2.9462,3.0293,3.0723,3.0753,3.043,2.9814,2.8964,2.7937,2.6794,2.5572,2.4321,2.3196,2.216,2.1056,1.9951,1.8876,1.784,1.6852,1.5914,1.5034,1.4203,1.3441,1.2757,1.2219,1.1799,1.1417,1.1105,1.088,1.0762,1.0743,1.0811,1.0958,1.1163,1.1417,1.1691,1.1965,1.2209,1.2434,1.2659,1.2864,1.305,1.3216,1.3353,1.3451,1.3519,1.3568,1.3578,1.3568,1.3548,1.3519,1.347,1.3392,1.3294,1.3177,1.305,1.2923,1.2796,1.2678,1.2561,1.2444,1.2336,1.2258,1.2063,1.1799,1.1632,1.1515,1.1427,1.1369,1.1329,1.129,1.1271,1.1261,1.1261,1.129,1.1339,1.1398,1.1466,1.1535,1.1603,1.1662,1.1711,1.1789,1.1955,1.2326,1.2991,1.4027,1.5191,1.6549,1.8328,2.0323,2.2317,2.4145,2.566,2.6774,2.7468,2.7752,2.7664,2.7263,2.6686,2.5973,2.5073,2.4047,2.2942,2.1789,2.0635,1.9492,1.8377,1.7302,1.6285,1.5327,1.4428,1.3685,1.306,1.2424,1.1808,1.1251,1.0772,1.0391,1.0117,0.99413,0.98729,0.99022,1.002,1.0196,1.0401,1.0645,1.0909,1.1173,1.1427,1.1672,1.1916,1.2131,1.2326,1.2493,1.263,1.2737,1.2805,1.2854,1.2864,1.2854,1.2815,1.2757,1.2688,1.26,1.2502,1.2385,1.2268,1.2151,1.2072,1.2004,1.1926,1.1848,1.1789,1.174,1.1701,1.1672,1.1642,1.1613,1.1584,1.1554,1.1535,1.1535,1.1544,1.1544,1.1544,1.1564,1.1593,1.1652,1.173,1.1818,1.1896,1.1975,1.2053,1.2141,1.2287,1.259,1.3138,1.4018,1.5298,1.695,1.8886,2.0958,2.2991,2.48,2.6276,2.7331,2.7908,2.8084,2.7977,2.7595,2.6979,2.6158,2.5191,2.4115,2.2981,2.1808,2.0626,1.9453,1.8436,1.7517,1.6549,1.5591,1.4673,1.3812,1.3011,1.2287,1.1632,1.1075,1.0626,1.0274,1.0068,0.99609,0.99218,0.99609,1.0078,1.0274,1.0508,1.0782,1.1085,1.1388,1.1681,1.1965,1.2229,1.2454,1.2649,1.2835,1.3001,1.3138,1.3245,1.3314,1.3343,1.3353,1.3333,1.3284,1.3216,1.3148,1.3069,1.2962,1.2835,1.2708,1.2571,1.2444,1.2307,1.218,1.2043,1.1916,1.1789,1.1672,1.1584,1.1515,1.1447,1.1378,1.132,1.1281,1.1251,1.1232,1.1232,1.1251,1.13,1.1378,1.1476,1.1584,1.1701,1.1808,1.1906,1.1994,1.2121,1.2356,1.2796,1.3539,1.4653,1.6178,1.8045,1.9824,2.1525,2.3402,2.5161,2.6628,2.7693,2.8319,2.8524,2.8358,2.7889,2.7175,2.6276,2.5367,2.4428,2.3353,2.2219,2.1065,1.9912,1.8778,1.7683,1.6637,1.565,1.4721,1.3851,1.305,1.2405,1.1877,1.1359,1.0899,1.0518,1.0235,1.0049,0.99707,0.99902,1.0098,1.0283,1.0528,1.0782,1.1056,1.1349,1.1652,1.1955,1.2239,1.2502,1.2737,1.303,1.3333,1.3529,1.3646,1.3715,1.3754,1.3773,1.3754,1.3715,1.3646,1.3568,1.347,1.3353,1.3236,1.3109,1.2981,1.2854,1.2757,1.2669,1.2571,1.2473,1.2375,1.2278,1.218,1.2102,1.2043,1.2004,1.1984,1.1984,1.2004,1.2053,1.2111,1.219,1.2287,1.2414,1.2571,1.2747,1.2923,1.3089,1.3265,1.346,1.3734,1.4066,1.4565,1.5406,1.6647,1.828,2.0215,2.2336,2.4457,2.6403,2.8035,2.9247,3,3.0313,3.0254,2.9892,2.9277,2.8456,2.7468,2.6364,2.5191,2.3969,2.2737,2.1525,2.0342,1.9208,1.824,1.738,1.6481,1.5591,1.4751,1.3969,1.3255,1.263,1.2092,1.1662,1.1349,1.1144,1.1046,1.1046,1.1134,1.13,1.1535,1.1828,1.2151,1.2502,1.2864,1.3226,1.3568,1.39,1.4194,1.4428,1.4624,1.48,1.4946,1.5054,1.5122,1.5152,1.5142,1.5103,1.5024,1.4927,1.4809,1.4673,1.4545,1.4409,1.4233,1.4027,1.3812,1.3587,1.3372,1.3177,1.3021,1.2923,1.2884,1.2903,1.2962,1.304,1.3138,1.3236,1.3333,1.3421,1.3509,1.3597,1.3675,1.3724,1.3744,1.3705,1.3627,1.3509,1.3294,1.304,1.2805,1.2708,1.2864,1.3392,1.437,1.5787,1.7586,1.9619,2.1691,2.3402,2.477,2.6012,2.694,2.7488,2.7644,2.7439,2.694,2.6217,2.5308,2.4262,2.3128,2.2072,2.1065,1.9971,1.8847,1.7742,1.6686,1.5699,1.477,1.392,1.3138,1.2424,1.1789,1.1222,1.0802,1.0479,1.0186,0.99609,0.98143,0.97654,0.97947,0.98925,1.0059,1.0274,1.0528,1.0811,1.1075,1.1329,1.1603,1.1867,1.2121,1.2356,1.2561,1.2737,1.2874,1.2981,1.305,1.3079,1.3079,1.3069,1.304,1.2972,1.2884,1.2776,1.2659,1.2542,1.2414,1.2297,1.218,1.2063,1.1945,1.1857,1.1779,1.1681,1.1584,1.1486,1.1388,1.131,1.1232,1.1173,1.1124,1.1095,1.1085,1.1105,1.1153,1.1222,1.131,1.1408,1.1515,1.1613,1.1691,1.1789,1.1965,1.2307,1.2923,1.39,1.5034,1.6403,1.825,2.0381,2.259,2.4673,2.6452,2.782,2.8729,2.9179,2.9198,2.8866,2.824,2.7488,2.6628,2.5601,2.4477,2.3294,2.2082,2.087,1.9677,1.8524,1.7419,1.6373,1.5386,1.4565,1.3851,1.3177,1.2561,1.1975,1.1447,1.0997,1.0635,1.0362,1.0176,1.0088,1.0078,1.0137,1.0244,1.0391,1.0567,1.0772,1.0987,1.1202,1.1417,1.1632,1.1848,1.2063,1.2278,1.2473,1.2649,1.2805,1.2952,1.3079,1.3187,1.3275,1.3333,1.3372,1.3392,1.3392,1.3372,1.3343,1.3294,1.3255,1.3216,1.3157,1.3089,1.3011,1.2942,1.2874,1.2815,1.2757,1.2717,1.2688,1.2659,1.2649,1.2659,1.2669,1.2688,1.2717,1.2776,1.2854,1.2952,1.306,1.3167,1.3265,1.3353,1.346,1.3597,1.3822,1.4252,1.4976,1.6061,1.7517,1.9286,2.1241,2.3236,2.5103,2.6706,2.7928,2.8661,2.8983,2.9022,2.8759,2.8221,2.7468,2.654,2.5494,2.437,2.3206,2.2043,2.088,1.9863,1.8944,1.7967,1.7009,1.61,1.5249,1.4457,1.3744,1.3109,1.2561,1.2102,1.174,1.1476,1.1339,1.13,1.132,1.1417,1.1574,1.1789,1.2033,1.2287,1.2551,1.2815,1.3069,1.3304,1.3509,1.3675,1.3832,1.3978,1.4096,1.4194,1.4272,1.433,1.437,1.4379,1.437,1.434,1.4291,1.4242,1.4194,1.4135,1.4057,1.3978,1.3891,1.3803,1.3715,1.3617,1.3519,1.3412,1.3304,1.3206,1.3118,1.303,1.2933,1.2835,1.2757,1.2698,1.2649,1.263,1.262,1.263,1.2669,1.2717,1.2786,1.2854,1.2923,1.2972,1.3001,1.304,1.3148,1.3431,1.3988,1.4897,1.6197,1.7859,1.9482,2.1075,2.2884,2.4643,2.6149,2.7292,2.8025,2.8348,2.8299,2.7928,2.7312,2.65,2.5543,2.4604,2.3675,2.2639,2.1554,2.0469,1.9404,1.8377,1.739,1.6452,1.5562,1.4721,1.393,1.3284,1.2747,1.219,1.1672,1.1202,1.0821,1.0518,1.0303,1.0176,1.0117,1.0127,1.0205,1.0323,1.0479,1.0655,1.086,1.1085,1.131,1.1535,1.176,1.1975,1.218,1.2375,1.2551,1.2708,1.2835,1.2942,1.303,1.3089,1.3118,1.3118,1.3089,1.305,1.3001,1.2942,1.2864,1.2776,1.2688,1.262,1.2561,1.2493,1.2424,1.2356,1.2297,1.2229,1.216,1.2072,1.1984,1.1896,1.1818,1.1779,1.176,1.175,1.175,1.176,1.1789,1.1828,1.1887,1.1945,1.2004,1.2092,1.2268,1.26,1.306,1.3744,1.4848,1.6373,1.824,2.0332,2.2463,2.4467,2.6315,2.784,2.8817,2.9296,2.9355,2.9101,2.8573,2.782,2.6891,2.5846,2.4712,2.3529,2.2317,2.1114,1.9941,1.8807,1.7713,1.6784,1.5963,1.5093,1.4223,1.3392,1.261,1.1906,1.129,1.0782,1.0381,1.0108,0.99413,0.98827,0.99022,0.99902,1.0137,1.0332,1.0567,1.0841,1.1134,1.1427,1.172,1.2004,1.2268,1.2512,1.2717,1.2903,1.3089,1.3255,1.3392,1.35,1.3578,1.3617,1.3627,1.3607,1.3568,1.3519,1.347,1.3431,1.3372,1.3294,1.3216,1.3128,1.303,1.2933,1.2835,1.2727,1.261,1.2493,1.2414,1.2346,1.2278,1.2209,1.2151,1.2111,1.2082,1.2072,1.2082,1.2111,1.216,1.2229,1.2317,1.2395,1.2473,1.2542,1.262,1.2766,1.3079,1.3656,1.4585,1.5924,1.7644,1.9668,2.1818,2.3656,2.52,2.6686,2.7879,2.868,2.9071,2.9071,2.8739,2.8133,2.7322,2.6364,2.5298,2.4174,2.3138,2.2141,2.1065,1.9971,1.8886,1.783,1.6833,1.5885,1.4995,1.4164,1.3402,1.2708,1.216,1.173,1.1329,1.0997,1.0753,1.0606,1.0567,1.0616,1.0743,1.0929,1.1153,1.1408,1.1672,1.1926,1.216,1.2405,1.2649,1.2874,1.3079,1.3245,1.3382,1.349,1.3558,1.3587,1.3597,1.3587,1.3568,1.3519,1.346,1.3382,1.3294,1.3196,1.3099,1.2991,1.2874,1.2757,1.2639,1.2532,1.2454,1.2395,1.2326,1.2248,1.217,1.2102,1.2053,1.2014,1.1984,1.1975,1.1975,1.1994,1.2043,1.2102,1.217,1.2258,1.2356,1.2454,1.2551,1.2639,1.2727,1.2864,1.3118,1.3597,1.4389,1.5327,1.65,1.8143,2.0108,2.2199,2.4233,2.6041,2.7488,2.8514,2.9091,2.9257,2.9062,2.8622,2.8006,2.7175,2.6197,2.5132,2.3998,2.2845,2.1681,2.0528,1.9413,1.8338,1.7322,1.6354,1.5552,1.4858,1.4145,1.346,1.2835,1.2278,1.1818,1.1457,1.1193,1.1046,1.0997,1.1046,1.1173,1.1349,1.1584,1.1867,1.218,1.2502,1.2825,1.3148,1.3451,1.3734,1.3988,1.4213,1.4399,1.4545,1.4643,1.4721,1.4761,1.477,1.4751,1.4712,1.4653,1.4565,1.4467,1.435,1.4223,1.4115,1.4018,1.39,1.3773,1.3646,1.3529,1.3412,1.3304,1.3206,1.3118,1.304,1.2972,1.2923,1.2893,1.2884,1.2933,1.303,1.3099,1.3167,1.3255,1.3353,1.346,1.3587,1.3705,1.3822,1.392,1.4027,1.4194,1.4477,1.4985,1.5816,1.7028,1.8612,2.0499,2.2561,2.4624,2.653,2.8123,2.9198,2.9844,3.0215,3.0254,2.9971,2.9413,2.8631,2.7683,2.6618,2.5484,2.4311,2.3118,2.2063,2.1105,2.0088,1.9062,1.8055,1.7087,1.6168,1.5298,1.4497,1.3763,1.3099,1.2522,1.2082,1.176,1.1466,1.1251,1.1124,1.1075,1.1105,1.1202,1.1359,1.1554,1.1769,1.1994,1.2219,1.2434,1.263,1.2825,1.3011,1.3187,1.3343,1.348,1.3587,1.3666,1.3715,1.3724,1.3715,1.3695,1.3666,1.3617,1.3548,1.347,1.3382,1.3284,1.3187,1.3089,1.2981,1.2884,1.2786,1.2688,1.262,1.2571,1.2502,1.2434,1.2366,1.2307,1.2268,1.2248,1.2239,1.2229,1.2239,1.2248,1.2278,1.2326,1.2375,1.2434,1.2483,1.2522,1.2551,1.261,1.2757,1.3089,1.3705,1.4682,1.6061,1.7507,1.9052,2.0938,2.2903,2.4751,2.6325,2.7517,2.8289,2.8651,2.8641,2.8289,2.7674,2.696,2.6158,2.5191,2.4125,2.3001,2.1867,2.0733,1.9629,1.8573,1.7556,1.6598,1.5699,1.4848,1.4154,1.3568,1.2962,1.2385,1.1867,1.1437,1.1105,1.088,1.0743,1.0704,1.0743,1.086,1.1017,1.1212,1.1437,1.1691,1.1945,1.2199,1.2444,1.2678,1.2893,1.3089,1.3255,1.3382,1.349,1.3568,1.3627,1.3656,1.3656,1.3636,1.3587,1.3529,1.346,1.3382,1.3304,1.3216,1.3128,1.306,1.3001,1.2923,1.2835,1.2757,1.2678,1.261,1.2542,1.2483,1.2424,1.2375,1.2336,1.2307,1.2307,1.2326,1.2346,1.2375,1.2414,1.2473,1.2551,1.263,1.2708,1.2776,1.2845,1.2923,1.304,1.3265,1.3705,1.4457,1.5601,1.7136,1.8993,2.1036,2.3109,2.5034,2.6657,2.7889,2.8671,2.9022,2.9013,2.8719,2.8162,2.74,2.6481,2.5445,2.433,2.3187,2.2033,2.089,1.9775,1.8817,1.7957,1.7048,1.6139,1.5259,1.4428,1.3656,1.2962,1.2346,1.1828,1.1408,1.1085,1.086,1.0753,1.0743,1.0792,1.0909,1.1085,1.131,1.1564,1.1828,1.2102,1.2375,1.2639,1.2874,1.3079,1.3255,1.3412,1.3548,1.3656,1.3734,1.3783,1.3803,1.3793,1.3607,1.3324,1.3138,1.3021,1.2933,1.2835,1.2737,1.263,1.2522,1.2414,1.2307,1.219,1.2082,1.1994,1.1906,1.1818,1.176,1.172,1.1681,1.1642,1.1613,1.1603,1.1603,1.1613,1.1632,1.1672,1.173,1.1799,1.1887,1.1984,1.2092,1.218,1.2268,1.2366,1.2542,1.2874,1.348,1.4428,1.5777,1.7488,1.9472,2.1271,2.2913,2.4624,2.6158,2.7341,2.8113,2.8456,2.8416,2.8045,2.74,2.6549,2.5562,2.4585,2.3617,2.2542,2.1417,2.0274,1.9159,1.8074,1.7028,1.6041,1.5112,1.4252,1.3451,1.2717,1.2131,1.1662,1.1202,1.0811,1.0499,1.0283,1.0166,1.0137,1.0196,1.0332,1.0528,1.0782,1.1036,1.129,1.1574,1.1848,1.2111,1.2346,1.2551,1.2727,1.2874,1.2991,1.3079,1.3138,1.3177,1.3196,1.3196,1.3177,1.3138,1.3069,1.2991,1.2903,1.2805,1.2698,1.26,1.2502,1.2405,1.2336,1.2278,1.2209,1.2131,1.2063,1.1994,1.1926,1.1867,1.1828,1.1789,1.1769,1.176,1.176,1.1789,1.1838,1.1906,1.1994,1.2121,1.2268,1.2424,1.2581,1.2737,1.2893,1.3099,1.3421,1.3832,1.4428,1.5406,1.6784,1.8514,2.0489,2.2551,2.4536,2.6276,2.7664,2.8631,2.9169,2.9286,2.9091,2.8661,2.7996,2.7146,2.6158,2.5083,2.3949,2.2786,2.1623,2.0479,1.9365,1.8289,1.737,1.6559,1.5709,1.4868,1.4066,1.3314,1.263,1.2033,1.1525,1.1124,1.0831,1.0655,1.0577,1.0596,1.0684,1.0841,1.1056,1.132,1.1623,1.1945,1.2278,1.26,1.2913,1.3206,1.348,1.3715,1.39,1.4066,1.4203,1.4311,1.4379,1.4409,1.4409,1.4379,1.4321,1.4242,1.4145,1.4037,1.393,1.3832,1.3715,1.3578,1.3431,1.3294,1.3167,1.304,1.2913,1.2805,1.2708,1.261,1.2542,1.2493,1.2434,1.2375,1.2317,1.2268,1.2229,1.2209,1.2209,1.2239,1.2278,1.2326,1.2375,1.2424,1.2473,1.2532,1.2669,1.2952,1.3509,1.4418,1.5718,1.739,1.9335,2.1408,2.3441,2.5044,2.6266,2.7322,2.8045,2.8397,2.8387,2.8055,2.7449,2.6637,2.567,2.4594,2.3451,2.2395,2.1398,2.0323,1.9228,1.8152,1.7116,1.6129,1.52,1.433,1.3519,1.2776,1.2092,1.1486,1.1026,1.0674,1.0342,1.0108,0.99609,0.98827,0.98827,0.99511,1.0068,1.0235,1.043,1.0645,1.086,1.1065,1.1281,1.1476,1.1672,1.1848,1.2004,1.2141,1.2248,1.2346,1.2414,1.2463,1.2483,1.2502,1.2502,1.2463,1.2395,1.2297,1.217,1.2033,1.1877,1.1711,1.1535,1.1359,1.1183,1.1065,1.0997,1.0948,1.0938,1.0987,1.1075,1.1173,1.1261,1.132,1.1359,1.1388,1.1457,1.1584,1.1769,1.1994,1.2268,1.2532,1.2708,1.2766,1.2688,1.2532,1.2405,1.2434,1.2766,1.3509,1.4457,1.567,1.7341,1.9267,2.1232,2.304,2.4555,2.5679,2.6393,2.6716,2.6696,2.6393,2.5865,2.5249,2.4545,2.3695,2.2757,2.176,2.0753,1.9765,1.8807,1.7918,1.7087,1.6325,1.5621,1.5044,1.4545,1.4008,1.347,1.2952,1.2473,1.2063,1.173,1.1486,1.1339,1.1261,1.1241,1.1271,1.1329,1.1417,1.1525,1.1642,1.1779,1.1935,1.2092,1.2239,1.2366,1.2454,1.2502,1.2512,1.2522,1.2512,1.2483,1.2444,1.2424,1.2424,1.2454,1.2512,1.259,1.2659,1.2708,1.2727,1.2698,1.2659,1.261,1.2512,1.2385,1.2239,1.2082,1.1916,1.175,1.1584,1.1427,1.129,1.1163,1.1085,1.1036,1.0978,1.0919,1.086,1.0821,1.0802,1.0802,1.0831,1.087,1.0909,1.0958,1.1036,1.1173,1.1417,1.1887,1.2678,1.3842,1.5406,1.7302,1.9413,2.1564,2.3597,2.5376,2.6794,2.7722,2.826,2.8563,2.8612,2.8416,2.8025,2.7478,2.6813,2.6061,2.5249
71.361,71.557,71.752,71.85,71.947,72.045,72.192,72.289,72.289,72.387,72.485,72.778,73.12,73.364,73.413,73.364,73.315,73.12,72.924,72.729,72.533,72.289,71.996,71.605,71.312,70.97,70.629,70.238,69.798,69.407,69.066,68.675,68.186,67.747,67.258,66.916,66.672,66.623,66.526,66.477,66.233,65.842,65.402,65.06,64.816,64.67,64.621,64.67,64.718,64.67,64.474,64.035,63.448,63.058,63.448,65.305,69.359,75.464,82.742,89.873,95.93,100.72,104.38,107.31,109.85,111.85,113.07,113.12,112.1,110.29,107.99,105.31,102.62,100.03,97.688,95.344,92.999,90.362,87.724,85.184,82.84,80.69,78.492,76.343,74.487,73.217,72.485,71.996,71.654,71.361,71.166,70.97,70.726,70.433,70.238,70.091,70.042,69.994,70.091,70.384,70.677,71.166,71.752,72.24,72.533,72.631,72.631,72.778,73.168,73.51,73.559,73.168,72.68,72.533,72.875,72.973,72.778,72.436,72.094,71.801,71.508,71.557,72.045,72.533,72.045,70.531,68.821,67.747,67.258,67.112,66.965,66.916,66.819,66.477,65.695,64.718,64.23,64.23,64.377,64.279,64.035,63.595,63.107,62.716,62.862,63.253,63.351,63.107,63.448,65.256,69.31,75.464,83.182,91.436,99.154,105.8,110.73,114,115.81,116.2,114.64,111.17,107.41,105.01,103.84,102.87,101.06,98.616,96.076,93.878,91.778,89.629,86.845,83.67,80.544,77.906,76.001,74.634,74.048,73.901,73.51,72.631,71.654,71.361,71.752,72.485,73.168,73.803,74.536,75.318,75.366,74.78,74.683,76.05,78.444,80.104,79.86,78.004,75.855,74.536,74.194,74.194,74.194,74.048,74.048,74.243,74.194,73.608,72.436,71.166,70.531,70.922,72.045,73.217,74.048,74.341,74.341,74.097,73.559,72.778,71.996,71.312,70.873,70.677,70.629,70.629,70.629,70.531,70.384,70.091,69.798,69.554,69.31,68.919,68.431,67.942,67.551,67.356,67.307,67.258,67.112,67.112,67.844,70.433,75.611,82.84,90.85,98.567,105.5,111.36,115.91,118.94,120.35,120.5,119.42,117.57,115.08,112.24,109.31,106.38,103.5,100.67,97.981,95.441,92.95,90.41,88.066,85.819,83.621,81.618,79.665,77.858,76.246,74.927,73.901,73.217,72.875,72.875,73.12,73.413,73.803,74.243,74.683,75.171,75.66,76.05,76.246,76.294,76.197,76.05,76.05,76.197,76.246,76.246,76.099,75.904,75.562,75.171,74.878,74.536,74.292,74.097,73.803,73.413,72.973,72.485,71.947,71.312,70.824,70.384,70.091,69.945,69.798,69.505,69.066,68.528,67.991,67.503,67.161,66.965,66.916,66.916,66.916,66.819,66.672,66.428,66.184,65.94,65.793,65.695,65.549,65.402,65.353,65.353,65.305,65.353,65.94,68.04,72.778,80.104,88.701,97.004,104.28,110.39,115.08,118.25,120.01,120.35,119.47,117.47,114.69,111.51,108.19,105.06,101.99,98.909,95.93,93.097,90.557,88.115,85.917,83.816,81.716,79.616,77.564,75.562,73.852,72.68,71.947,71.41,71.166,71.312,71.654,72.192,72.729,73.217,73.755,74.194,74.683,74.976,75.171,75.22,75.366,75.562,75.806,76.001,76.05,76.001,75.806,75.611,75.464,75.22,74.976,74.731,74.438,73.999,73.51,72.875,72.289,71.752,71.312,70.873,70.482,70.091,69.749,69.31,68.821,68.284,67.796,67.405,67.112,66.868,66.819,66.819,66.819,66.672,66.428,66.135,65.842,65.695,65.549,65.5,65.402,65.353,65.256,65.158,65.06,64.914,64.816,64.718,65.06,66.623,70.531,77.174,85.477,93.976,101.69,108.09,113.37,116.98,119.03,119.47,118.74,116.88,114.34,111.36,108.19,105.01,101.89,98.812,95.881,92.999,90.313,87.626,85.038,82.595,80.446,78.444,76.539,74.878,73.364,72.094,71.166,70.531,70.189,70.091,70.384,70.824,71.361,72.045,72.778,73.51,74.097,74.634,74.731,74.634,74.438,74.292,74.341,74.438,74.536,74.683,74.78,74.78,74.536,74.194,73.852,73.608,73.364,72.973,72.533,72.045,71.557,71.117,70.677,70.189,69.652,69.066,68.528,68.04,67.6,67.258,66.868,66.623,66.428,66.379,66.428,66.477,66.477,66.428,66.233,66.184,66.428,66.672,66.526,65.842,64.865,64.279,64.67,65.5,65.988,65.94,65.744,65.842,66.233,67.063,69.066,73.559,80.593,89.189,97.591,105.06,111.07,115.57,118.35,119.67,119.47,117.91,115.37,112.54,109.66,106.63,103.5,100.42,97.688,95.099,92.413,89.678,86.991,84.598,82.595,80.984,79.469,78.004,76.294,74.536,72.973,71.947,71.215,70.922,70.873,71.117,71.605,72.289,73.168,74.097,74.976,75.66,76.001,76.099,76.099,76.246,76.294,76.441,76.49,76.636,76.685,76.734,76.636,76.343,76.05,75.757,75.464,75.318,75.122,74.78,74.438,73.901,73.364,72.924,72.533,72.24,71.947,71.41,70.873,70.384,70.091,69.994,69.749,69.261,68.919,68.821,68.821,68.821,68.626,68.382,68.04,67.844,67.698,67.551,67.551,67.6,67.747,67.844,67.844,67.844,67.844,67.844,68.04,69.261,72.436,78.248,85.966,94.416,102.38,109.41,115.22,119.62,122.26,123.14,122.6,121.13,118.79,116.05,113.07,110,106.92,103.99,101.16,98.421,95.783,93.292,90.997,88.799,86.601,84.354,82.253,80.251,78.541,77.027,75.757,74.683,74.048,73.803,73.852,74.194,74.683,75.122,75.415,75.806,76.246,76.881,77.418,77.906,78.199,78.248,78.199,78.053,77.858,77.662,77.369,77.125,76.783,76.49,76.05,75.611,75.122,74.634,74.048,73.51,72.973,72.485,72.045,71.605,71.215,70.873,70.531,70.189,69.847,69.554,69.261,68.919,68.724,68.479,68.284,68.186,68.04,67.844,67.747,67.6,67.405,67.258,67.063,66.868,66.721,66.526,66.379,66.184,66.037,65.94,65.842,65.744,65.94,66.965,70.238,76.294,84.5,93.243,101.3,108.29,114.05,118.25,120.74,121.67,121.43,120.06,117.91,115.08,111.76,108.24,104.82,101.69,98.812,96.223,93.781,91.436,88.945,86.356,83.865,81.423,79.176,77.174,75.415,73.999,72.924,72.192,71.752,71.605,71.654,72.045,72.68,73.364,73.999,74.536,75.073,75.562,75.855,76.05,76.197,76.343,76.539,76.636,76.685,76.685,76.636,76.441,76.099,75.757,75.318,74.976,74.683,74.292,73.852,73.413,72.973,72.485,71.947,71.312,70.824,70.384,69.945,69.407,68.968,68.626,68.382,68.186,67.991,67.796,67.551,67.258,66.965,66.819,66.623,66.526,66.477,66.428,66.281,66.184,66.135,66.135,66.037,65.793,65.353,64.914,64.816,65.012,65.402,66.623,69.505,74.976,82.791,91.632,99.886,106.92,112.68,116.93,119.57,120.6,120.3,118.79,116.35,113.22,109.95,106.53,103.31,100.23,97.493,94.855,92.218,89.629,87.04,84.5,82.156,80.055,78.102,76.343,74.731,73.315,72.192,71.41,71.117,71.117,71.508,72.045,72.729,73.217,73.657,74.194,74.731,75.318,75.806,76.05,76.197,76.099,75.855,75.66,75.66,76.001,76.246,76.294,76.05,75.66,75.318,74.878,74.292,73.608,72.924,72.289,71.752,71.312,70.922,70.677,70.384,69.994,69.505,69.066,68.528,68.089,67.747,67.356,67.112,66.916,66.672,66.428,66.233,66.037,65.988,65.842,65.744,65.549,65.353,65.256,65.158,65.158,65.109,65.06,65.012,65.012,64.865,64.718,64.67,65.158,67.112,71.41,78.444,87.04,95.637,103.31,109.8,114.93,118.35,120.11,120.35,119.42,117.57,115.08,112.1,108.97,105.7,102.47,99.593,96.907,94.171,91.485,88.847,86.356,84.012,81.667,79.421,77.369,75.464,73.803,72.387,71.312,70.629,70.287,70.287,70.531,71.068,71.605,72.192,72.631,72.973,73.217,73.559,73.852,74.243,74.634,74.976,75.366,75.757,76.05,76.099,76.05,75.904,75.757,75.562,75.318,74.976,74.634,74.243,73.852,73.51,73.12,72.778,72.485,72.045,71.41,70.726,70.042,69.554,69.261,69.066,68.968,68.724,68.479,68.284,68.235,68.089,67.942,67.698,67.503,67.356,67.258,67.161,67.063,67.063,67.112,67.161,67.258,67.258,67.258,67.112,66.965,66.868,67.112,68.528,72.24,78.59,86.845,95.49,103.35,110.19,115.86,120.11,122.5,123.14,122.35,120.55,118.06,115.08,111.76,108.39,105.11,102.04,99.105,96.321,93.634,91.045,88.603,86.259,84.012,81.912,80.055,78.444,76.978,75.806,74.927,74.341,74.243,74.487,75.073,75.757,76.441,77.125,77.858,78.688,79.421,80.007,80.446,80.593,80.788,80.788,80.69,80.446,80.251,80.153,80.104,80.007,79.811,79.469,79.225,78.932,78.541,78.053,77.418,76.881,76.294,75.904,75.562,75.171,74.731,74.292,73.901,73.608,73.364,73.12,72.778,72.387,72.094,71.996,71.85,71.605,71.117,70.531,69.994,69.407,68.724,67.747,66.477,65.402,65.109,65.744,66.672,67.551,67.991,68.089,68.089,68.04,68.675,71.215,76.636,84.256,92.804,101.11,108.63,114.88,119.42,122.16,123.38,123.23,122.01,119.91,117.13,113.9,110.68,107.6,104.72,102.13,99.495,97.004,94.513,91.973,89.531,87.187,84.842,82.693,80.69,78.883,77.174,75.855,74.878,74.194,73.803,73.608,73.755,73.999,74.487,75.073,75.757,76.441,76.978,77.418,77.809,78.053,78.102,78.004,77.906,77.858,77.906,77.858,77.76,77.662,77.564,77.369,76.978,76.539,76.001,75.562,75.171,74.78,74.292,73.657,73.168,72.68,72.094,71.557,71.117,70.677,70.238,69.994,69.749,69.505,69.114,68.821,68.626,68.431,68.235,68.04,67.747,67.551,67.405,67.356,67.307,67.307,67.161,66.965,66.672,66.428,66.184,66.135,66.037,66.281,67.405,70.629,76.539,84.696,93.488,101.6,108.53,114.05,117.86,119.86,120.16,119.23,117.42,115.13,112.39,109.31,106.04,102.72,99.544,96.809,94.562,92.511,90.508,88.359,86.063,83.816,81.472,79.176,76.929,74.683,72.68,71.41,70.873,70.922,71.361,71.947,72.631,73.364,74.097,74.78,75.415,75.855,76.099,76.294,76.343,76.343,76.441,76.539,76.636,76.685,76.636,76.49,76.343,76.294,76.246,76.05,75.611,75.073,74.487,73.999,73.413,72.875,72.289,71.752,71.215,70.726,70.384,70.091,69.798,69.505,69.066,68.626,68.186,67.747,67.356,67.063,66.916,66.868,66.819,66.819,66.721,66.526,66.135,65.695,65.744,66.184,66.428,66.233,65.988,65.842,65.744,65.402,65.012,65.158,67.063,71.654,79.323,88.506,97.444,105.26,111.56,116.44,119.77,121.38,121.43,120.16,117.91,115.08,111.8,108.29,104.72,101.16,97.786,94.758,92.12,89.727,87.48,85.282,83.035,80.788,78.59,76.539,74.536,72.729,71.215,70.384,70.042,70.189,70.531,71.117,71.654,72.24,72.875,73.364,73.901,74.487,75.073,75.562,75.904,76.246,76.441,76.49,76.441,76.343,76.246,76.099,76.001,75.806,75.611,75.464,75.415,75.171,74.634,73.803,72.924,72.289,71.947,71.557,71.166,70.677,70.384,70.042,69.407,68.479,67.6,67.112,66.916,66.916,66.916,66.916,66.916,66.868,66.721,66.526,66.379,66.135,65.793,65.5,65.353,65.402,65.695,65.842,65.94,65.842,65.695,65.402,65.256,65.695,68.04,73.364,81.374,90.752,99.691,107.36,113.56,118.11,120.94,122.06,121.72,120.3,118.01,115.17,112.05,108.82,105.5,102.38,99.3,96.369,93.536,90.948,88.408,86.063,83.865,81.716,79.762,77.76,75.855,74.194,72.973,72.289,72.094,72.289,72.68,73.12,73.657,74.243,74.78,75.366,75.806,76.197,76.49,76.734,76.881,76.881,76.881,76.734,76.636,76.539,76.539,76.49,76.49,76.441,76.343,76.099,75.757,75.318,74.976,74.731,74.487,74.097,73.755,73.51,73.364,73.12,72.729,72.289,71.85,71.508,71.215,71.166,71.166,71.166,71.117,71.068,70.97,70.824,70.629,70.433,70.384,70.384,70.287,70.238,70.238,70.238,70.287,70.238,69.994,69.652,69.359,69.114,69.505,71.312,75.464,82.156,90.41,99.007,107.07,114.1,119.81,123.67,125.72,126.16,125.43,123.72,121.18,118.01,114.44,110.83,107.31,104.04,101.06,98.323,95.734,93.292,90.85,88.359,85.819,83.377,81.179,79.323,77.613,76.197,75.122,74.438,74.097,74.048,74.243,74.536,75.073,75.66,76.343,77.027,77.809,78.541,79.127,79.421,79.469,79.323,79.127,78.786,78.492,78.248,78.004,77.809,77.564,77.32,76.881,76.294,75.611,74.976,74.438,73.901,73.51,73.12,72.729,72.436,72.094,71.654,71.117,70.531,70.091,69.749,69.407,69.163,69.066,68.87,68.626,68.284,68.04,67.844,67.796,67.747,67.503,67.161,67.063,66.965,66.868,66.721,66.672,66.526,66.428,66.281,66.184,66.135,66.477,68.235,72.436,79.616,88.701,97.884,106.14,113.12,118.59,122.5,124.55,124.8,123.72,121.62,118.79,115.47,112,108.43,105.01,101.89,98.909,96.223,93.683,91.241,88.799,86.405,84.158,82.058,80.055,78.199,76.441,74.927,73.852,73.217,73.071,73.071,73.315,73.755,74.292,74.927,75.562,76.05,76.539,76.978,77.32,77.467,77.613,77.662,77.662,77.564,77.418,77.369,77.223,77.027,76.734,76.441,76.05,75.66,75.22,74.78,74.292,73.803,73.315,72.778,72.289,71.947,71.41,70.97,70.482,70.042,69.652,69.31,68.919,68.626,68.382,68.186,68.04,67.844,67.747,67.551,67.405,67.258,67.112,66.965,66.868,66.721,66.623,66.526,66.477,66.428,66.379,66.281,66.184,66.233,67.161,70.238,76.294,84.745,93.878,102.43,109.85,115.91,120.3,122.79,123.43,122.6,120.6,117.86,114.69,111.22,107.85,104.58,101.45,98.421,95.539,92.804,90.166,87.626,85.184,82.791,80.593,78.541,76.636,74.878,73.413,72.387,71.752,71.508,71.508,71.801,72.24,72.778,73.413,74.048,74.683,75.171,75.611,75.904,76.099,76.246,76.343,76.49,76.636,76.685,76.685,76.636,76.441,76.246,76.001,75.66,75.318,74.878,74.487,74.048,73.559,73.071,72.485,71.947,71.508,71.068,70.629,70.091,69.603,69.261,68.87,68.479,68.186,67.844,67.551,67.356,67.258,67.161,67.063,66.916,66.721,66.526,66.428,66.281,66.184,66.135,66.037,65.988,65.94,65.793,65.695,65.549,65.5,65.598,66.868,70.482,77.027,85.819,95.099,103.55,110.73,116.44,120.35,122.31,122.55,121.48,119.42,116.74,113.61,110.19,106.72,103.35,100.18,97.2,94.367,91.68,88.994,86.405,84.012,81.716,79.567,77.467,75.562,73.803,72.485,71.605,71.117,70.922,71.068,71.508,72.045,72.68,73.364,74.048,74.683,75.318,75.757,76.05,76.294,76.49,76.636,76.685,76.734,76.881,76.929,76.929,76.734,76.539,76.343,76.05,75.757,75.318,74.927,74.536,74.048,73.608,73.12,72.631,72.094,71.654,71.215,70.873,70.482,70.091,69.749,69.359,69.114,68.919,68.724,68.626,68.528,68.528,68.479,68.382,68.235,68.089,68.04,68.04,68.089,68.235,68.284,68.284,68.235,68.089,67.942,67.796,67.796,68.431,70.677,75.464,82.742,91.485,100.18,108.04,114.69,119.77,122.99,124.31,124.11,122.79,120.74,117.91,114.69,111.22,107.95,104.87,101.79,98.909,96.223,93.683,91.192,88.75,86.356,84.11,82.058,80.153,78.444,76.929,75.757,74.927,74.487,74.487,74.878,75.415,76.05,76.685,77.418,78.199,78.932,79.616,80.251,80.69,80.984,81.13,81.179,81.179,81.13,80.984,80.788,80.495,80.153,79.86,79.469,79.03,78.492,77.809,77.125,76.539,76.001,75.366,74.634,73.852,73.217,72.631,71.996,71.41,70.922,70.482,69.994,69.505,69.114,68.919,68.821,68.626,68.431,68.382,68.431,68.431,68.186,67.747,67.405,67.258,67.161,67.112,67.161,67.112,66.965,66.819,66.526,66.281,66.281,67.161,70.042,75.611,83.67,92.95,101.74,109.51,116,120.94,123.92,125.14,124.8,123.28,120.89,118.01,114.78,111.61,108.39,105.16,102.13,99.154,96.467,93.878,91.387,88.945,86.698,84.403,82.302,80.251,78.199,76.441,75.073,74.097,73.608,73.559,73.657,73.901,74.292,74.731,75.318,75.904,76.539,76.978,77.369,77.662,77.858,78.053,78.102,78.004,77.809,77.662,77.564,77.418,77.174,76.881,76.49,76.099,75.757,75.318,74.78,74.341,73.852,73.364,72.924,72.436,71.996,71.557,71.166,70.726,70.482,70.238,70.189,70.629,72.289,76.246,82.742,90.997,99.593,107.6,114.54,120.01,123.67,125.58,125.97,125.38,123.92,121.87,119.23,116.25,113.12,110.05,107.12,104.18,101.35,98.567,95.783,93.048,90.508,87.968,85.819,83.719,81.716,79.811,78.053,76.685,75.757,75.318,75.171,75.22,75.415,75.757,76.197,76.685,77.174,77.662,78.102,78.297,78.346,78.346,78.199,77.906,77.613,77.223,77.027,76.978,76.929,76.929,76.734,76.49,76.197,75.904,75.611,75.171,74.634,73.852,73.168,72.631,72.192,71.947,71.654,71.41,71.215,70.97,70.629,70.189,69.749,69.261,68.724,68.382,68.186,68.186,68.235,68.284,68.235,68.089,67.942,67.796,67.6,67.405,67.307,67.161,67.112,67.063,67.063,67.063,67.405,68.724,72.24,78.59,87.284,96.662,105.36,112.73,118.59,122.75,125.04,125.72,124.99,123.28,120.74,117.67,114.3,110.92,107.75,104.67,101.79,99.056,96.369,93.683,91.045,88.554,86.161,83.914,81.814,79.811,77.906,76.294,74.927,74.048,73.559,73.413,73.657,74.194,74.878,75.464,76.099,76.636,77.027,77.369,77.564,77.613,77.613,77.613,77.613,77.564,77.467,77.418,77.32,77.125,76.929,76.734,76.441,76.05,75.66,75.171,74.731,74.292,73.852,73.413,72.973,72.485,71.996,71.508,71.068,70.629,70.287,69.994,69.652,69.31,69.066,68.821,68.626,68.382,68.186,68.089,67.991,67.844,67.698,67.503,67.356,67.307,67.161,66.965,66.868,66.672,66.623,66.477,66.428,66.623,67.942,71.557,78.248,86.943,96.125,104.48,111.66,117.37,121.23,123.14,123.38,122.31,120.35,117.86,114.98,111.85,108.63,105.41,102.38,99.447,96.614,93.927,91.29,88.799,86.308,83.865,81.57,79.372,77.32,75.464,73.999,72.973,72.436,72.24,72.387,72.68,73.168,73.803,74.341,74.927,75.415,75.806,76.099,76.343,76.539,76.685,76.783,76.881,76.978,76.978,76.978,76.929,76.881,76.685,76.343,76.05,75.757,75.366,74.976,74.487,74.048,73.608,73.12,72.533,71.996,71.41,70.922,70.433,69.945,69.554,69.163,68.87,68.528,68.235,67.991,67.796,67.6,67.405,67.258,67.063,66.916,66.819,66.672,66.526,66.477,66.379,66.233,66.135,65.94,65.793,65.744,65.744,65.842,66.721,69.407,74.927,82.986,92.218,101.11,108.73,114.98,119.42,122.06,122.84,122.26,120.69,118.45,115.76,112.73,109.56,106.38,103.26,100.23,97.444,94.758,92.12,89.531,87.04,84.598,82.253,80.007,77.858,75.904,74.194,72.778,71.947,71.508,71.508,71.752,72.192,72.875,73.608,74.438,75.122,75.757,76.246,76.685,77.027,77.32,77.467,77.662,77.76,77.809,77.809,77.809,77.809,77.809,77.662,77.467,77.174,76.783,76.294,75.855,75.366,74.927,74.438,73.901,73.315,72.729,72.24,71.85,71.508,70.97,70.482,70.189,70.042,69.847,69.603,69.359,69.066,68.968,68.968,69.066,68.919,68.675,68.626,68.675,68.87,68.87,68.675,68.479,68.479,68.431,68.382,68.382,68.431,69.066,71.312,76.05,83.475,92.413,101.35,109.36,116.1,121.13,124.16,125.48,125.38,124.11,122.11,119.47,116.44,113.17,110.05,106.97,103.99,101.16,98.372,95.734,93.243,90.85,88.554,86.308,84.158,82.107,80.153,78.541,77.32,76.49,76.197,76.099,76.343,76.783,77.369,78.053,78.688,79.225,79.86,80.349,80.886,81.228,81.472,81.57,81.57,81.472,81.374,81.179,80.788,80.3,79.762,79.127,78.444,77.809,77.174,76.636,76.001,75.415,74.78,74.292,73.803,73.315,72.924,72.485,71.996,71.41,70.873,70.287,69.945,69.603,69.407,69.31,69.114,68.968,68.821,68.626,68.479,68.284,68.089,67.942,67.747,67.551,67.356,67.161,67.063,66.965,66.868,66.819,66.721,66.819,67.356,69.31,73.852,81.179,90.215,99.495,107.8,114.73,120.06,123.58,125.29,125.58,124.55,122.7,120.06,116.98,113.81,110.68,107.6,104.72,101.89,99.154,96.565,94.074,91.485,89.043,86.698,84.354,82.107,79.909,78.004,76.343,75.22,74.487,74.194,74.243,74.438,74.878,75.366,75.904,76.49,76.881,77.174,77.369,77.467,77.613,77.662,77.662,77.662,77.662,77.613,77.564,77.369,77.125,76.881,76.539,76.099,75.611,74.976,74.341,73.755,72.973,72.24,71.654,71.166,70.726,70.238,69.652,69.114,68.382,67.6,66.916,66.379,66.184,66.379,66.965,68.235,69.847,71.312,72.24,72.631,72.533,71.996,70.629,68.821,66.868,64.816,63.058,62.374,63.009,64.67,67.063,69.652,72.387,75.757,80.69,87.236,94.562,101.6,107.99,113.66,118.5,122.01,123.92,124.16,122.79,120.06,116.25,111.95,107.7,103.94,100.81,98.323,96.174,94.22,92.12,89.727,86.943,83.914,80.935,78.199,75.806,74.048,72.973,72.485,72.436,72.533,72.729,72.875,73.071,73.315,73.657,74.243,74.927,75.66,76.441,77.027,77.418,77.613,77.467,77.223,76.978,76.734,76.636,76.685,76.734,76.783,76.734,76.49,76.05,75.366,74.683,73.999,73.413,72.973,72.631,72.289,71.947,71.508,70.922,70.384,69.798,69.31,68.87,68.528,68.284,68.089,67.942,67.844,67.747,67.551,67.307,67.063,66.819,66.623,66.477,66.428,66.477,66.477,66.428,66.281,66.037,65.94,65.744,65.598,65.549,66.037,68.186,72.973,80.593,89.873,99.056,107.07,113.76,118.74,121.87,123.14,122.75,121.18,118.74,115.66,112.39,109.07,105.85,102.72,99.789,96.907,94.22,91.632,89.092,86.698,84.305,81.912,79.665,77.467,75.464,73.803,72.533,71.801,71.508,71.41,71.752,72.24,72.875,73.51,74.097,74.683,75.22,75.66,76.05,76.343,76.539,76.685,76.734,76.734,76.734,76.636,76.539,76.49,76.343,76.099,75.806,75.415,75.073,74.634,74.097,73.608,73.12,72.631,72.094,71.605,71.117,70.531,70.091,69.652,69.261,68.821,68.382,68.04,67.796,67.6,67.503,67.356,67.258,67.063,66.868,66.672,66.672,66.721,66.819,66.721,66.623,66.623,66.721,66.721,66.623,66.477,66.477,66.623,67.161,69.359,74.341,82.302,91.534,100.57,108.43,114.88,119.62,122.6,123.82,123.38,121.62,119.03,116.05,112.78,109.56,106.53,103.55,100.62,97.688,94.904,92.364,89.922,87.675,85.428,83.23,81.179,79.225,77.418,75.855,74.634,73.755,73.315,73.364,73.657,74.194,74.927,75.66,76.49,77.223,77.858,78.346,78.786,79.176,79.372,79.421,79.421,79.323,79.03,78.737,78.297,77.809,77.223,76.734,76.246,75.757,75.366,74.927,74.536,74.097,73.755,73.413,73.12,72.875,72.631,72.387,72.192,71.996,71.85,71.752,71.605,71.361,71.117,70.97,70.97,71.117,71.215,71.312,71.312,71.361,71.361,71.361,71.312,71.215,71.166,71.068,70.97,71.068,71.068,70.922,70.726,70.629,71.166,73.413,78.297,85.624,94.123,102.47,110.19,116.79,122.01,125.24,126.6,126.41,125.04,122.7,119.67,116.44,113.12,109.85,106.63,103.5,100.47,97.688,94.904,92.364,89.971,87.724,85.477,83.377,81.277,79.421,77.662,76.197,75.073,74.438,74.292,74.438,74.878,75.366,75.904,76.636,77.32,77.906,78.492,78.932,79.225,79.323,79.323,79.323,79.176,78.981,78.737,78.444,78.248,78.053,77.76,77.369,76.881,76.343,75.855,75.22,74.683,74.194,73.803,73.413,72.924,72.387,71.85,71.361,70.873,70.433,70.042,69.798,69.554,69.31,69.066,68.821,68.626,68.431,68.235,68.089,67.991,67.844,67.698,67.503,67.356,67.258,67.063,66.868,66.721,66.623,66.526,66.477,66.672,67.551,70.238,75.855,84.11,93.488,102.38,110.09,116.49,121.23,124.06,125.14,124.7,123.14,120.79,117.86,114.69,111.36,108.09,105.06,102.18,99.447,96.662,93.976,91.29,88.75,86.161,83.67,81.423,79.323,77.369,75.66,74.341,73.559,73.12,73.12,73.364,73.755,74.292,74.927,75.611,76.246,76.881,77.369,77.662,77.906,78.004,78.004,78.004,78.004,78.004,77.906,77.809,77.613,77.32,76.978,76.636,76.246,75.806,75.318,74.878,74.341,73.852,73.364,72.875,72.387,71.947,71.508,70.97,70.482,69.994,69.603,69.31,68.968,68.724,68.479,68.382,68.186,67.942,67.698,67.551,67.405,67.356,67.161,67.063,66.916,66.868,66.721,66.526,66.477,66.379,66.281,66.184,66.428,67.844,71.85,78.932,87.968,97.444,105.85,112.93,118.5,122.26,124.11,124.31,123.04,120.89,118.06,114.78,111.36,107.99,104.67,101.6,98.763,95.979,93.292,90.752,88.164,85.721,83.426,81.179,78.981,76.929,75.073,73.51,72.387,71.752,71.605,71.801,72.24,72.778,73.413,74.194,74.878,75.611,76.197,76.685,76.978,77.174,77.32,77.32,77.32,77.223,77.174,77.027,76.929,76.685,76.441,76.099,75.806,75.415,74.976,74.536,74.048,73.51,72.924,72.387,71.85,71.41,70.97,70.482,69.994,69.554,69.114,68.675,68.235,67.942,67.698,67.503,67.356,67.307,67.161,67.063,66.916,66.819,66.672,66.477,66.428,66.379,66.379,66.281,66.184,66.037,65.94,65.94,65.94,66.281,68.089,72.533,80.007,89.238,98.47,106.68,113.51,118.74,122.16,123.67,123.58,122.11,119.81,116.93,113.66,110.29,106.92,103.6,100.57,97.786,95.246,92.755,90.117,87.48,85.038,82.84,80.739,78.688,76.685,74.927,73.559,72.631,72.094,71.947,72.192,72.729,73.413,74.097,74.78,75.415,76.197,76.881,77.369,77.76,77.906,78.004,78.053,78.102,78.199,78.199,78.102,77.906,77.76,77.467,77.223,76.929,76.539,76.099,75.66,75.171,74.634,74.097,73.608,73.071,72.631,72.192,71.752,71.361,70.97,70.629,70.238,69.945,69.652,69.505,69.505,69.407,69.359,69.31,69.114,68.968,68.919,68.968,69.114,69.163,69.114,68.968,68.87,68.724,68.675,68.626,68.528,68.675,69.749,72.729,78.59,86.796,95.93,104.58,112.1,118.3,122.7,125.24,126.07,125.48,123.72,121.23,118.2,114.98,111.76,108.53,105.5,102.47,99.593,97.004,94.513,92.12,89.824,87.48,85.233,83.133,81.179,79.372,77.858,76.783,76.197,75.904,76.05,76.343,76.881,77.418,78.102,78.786,79.469,80.251,80.886,81.277,81.57,81.667,81.716,81.716,81.618,81.228,80.788,80.251,79.665,79.176,78.688,78.102,77.613,77.027,76.441,75.855,75.22,74.634,73.999,73.51,72.973,72.485,72.045,71.557,71.117,70.629,70.189,69.798,69.505,69.261,69.066,68.821,68.626,68.479,68.431,68.284,68.04,67.796,67.551,67.307,67.161,66.965,66.868,66.721,66.672,66.672,66.623,66.623,66.965,68.724,73.168,80.593,89.873,99.251,107.7,114.73,120.3,124.06,125.92,126.12,125.04,122.94,120.16,117.03,113.76,110.39,107.12,103.99,101.11,98.372,95.734,93.195,90.655,88.31,85.917,83.67,81.472,79.372,77.418,75.806,74.634,73.852,73.559,73.559,73.852,74.341,74.927,75.562,76.197,76.783,77.369,77.809,78.102,78.297,78.444,78.492,78.444,78.297,78.199,78.053,77.858,77.662,77.418,77.125,76.734,76.294,75.855,75.415,74.927,74.438,73.901,73.51,72.973,72.485,71.947,71.361,70.726,70.189,69.603,69.163,68.919,68.919,68.919,68.87,68.675,68.235,67.796,67.356,67.112,66.965,66.965,67.112,67.258,67.307,67.258,67.112,66.868,66.623,66.281,66.037,66.184,67.551,71.312,78.053,87.04,96.565,105.11,112.24,117.76,121.43,123.23,123.28,122.11,120.11,117.57,114.54,111.32,107.95,104.62,101.35,98.177,95.246,92.511,89.873,87.48,85.135,82.791,80.495,78.199,76.05,74.243,72.778,71.85,71.41,71.361,71.605,72.094,72.729,73.559,74.341,75.171,75.855,76.343,76.734,76.978,77.125,77.223,77.223,77.223,77.174,77.174,77.125,76.978,76.783,76.539,76.197,75.757,75.22,74.78,74.292,73.852,73.51,73.071,72.533,71.996,71.312,70.726,70.189,69.603,69.114,68.675,68.284,68.04,67.796,67.698,67.503,67.356,67.161,66.965,66.819,66.672,66.526,66.477,66.477,66.477,66.477,66.428,66.281,66.135,65.94,65.793,65.695,65.793,66.428,68.528,73.315,80.935,90.166,99.349,107.51,114.3,119.42,122.75,124.06,123.67,122.01,119.23,116,112.44,108.87,105.41,102.18,99.105,96.223,93.536,90.997,88.554,86.112,83.67,81.374,79.127,76.978,75.122,73.657,72.631,71.801,71.215,71.117,71.41,72.045,72.68,73.315,74.048,74.878,75.562,76.001,76.294,76.636,76.783,76.783,76.734,76.783,76.783,76.783,76.685,76.49,76.246,75.904,75.611,75.318,74.927,74.341,73.852,73.364,72.875,72.289,71.85,71.361,70.873,70.384,69.847,69.359,68.919,68.528,68.186,67.942,67.698,67.503,67.307,67.112,66.965,66.868,66.868,66.721,66.672,66.526,66.477,66.428,66.477,66.428,66.428,66.379,66.379,66.379,66.379,66.477,67.307,70.042,75.806,84.256,93.683,102.62,110.29,116.54,121.04,123.67,124.41,123.67,121.82,119.23,116.2,112.78,109.41,106.14,103.01,99.984,97.102,94.367,91.729,89.287,86.845,84.5,82.302,80.251,78.346,76.539,75.073,73.901,73.168,72.924,73.071,73.51,74.243,75.122,76.05,76.978,77.809,78.541,79.127,79.616,79.86,80.055,80.104,80.153,80.153,80.055,79.811,79.469,79.176,78.932,78.541,78.199,77.662,77.223,76.734,76.294,75.855,75.318,74.78,74.292,73.803,73.413,73.071,72.729,72.387,71.996,71.654,71.312,71.068,70.824,70.677,70.531,70.531,70.531,70.531,70.482,70.433,70.384,70.287,70.189,70.091,69.994,69.945,69.945,69.945,69.945,69.798,69.652,69.994,71.654,75.757,82.547,90.997,99.691,107.75,114.73,120.45,124.36,126.51,127.04,126.16,124.26,121.57,118.35,114.98,111.56,108.24,105.11,102.18,99.349,96.614,93.976,91.534,89.189,86.943,84.793,82.791,80.886,79.03,77.418,76.099,75.171,74.634,74.487,74.634,74.976,75.562,76.246,76.929,77.613,78.199,78.59,78.786,78.981,79.127,79.176,79.225,79.225,79.176,78.981,78.688,78.297,77.858,77.418,76.978,76.539,76.05,75.611,75.122,74.536,73.999,73.413,72.875,72.289,71.752,71.215,70.824,70.433,70.091,69.798,69.554,69.261,68.968,68.724,68.431,68.186,68.04,67.991,67.942,67.844,67.747,67.6,67.503,67.356,67.161,66.916,66.672,66.428,66.379,66.428,66.672,67.747,70.629,76.343,84.598,93.878,102.67,110.29,116.54,121.23,124.02,124.94,124.31,122.55,119.91,116.79,113.32,109.75,106.24,103.01,99.984,97.2,94.562,91.973,89.482,87.04,84.549,82.107,79.665,77.418,75.464,73.852,72.778,72.24,72.192,72.387,72.778,73.364,73.901,74.487,74.976,75.562,76.099,76.685,77.125,77.418,77.613,77.76,77.76,77.613,77.418,77.174,76.978,76.734,76.539,76.343,76.099,75.855,75.415,74.927,74.341,73.755,73.12,72.485,71.996,71.605,71.166,70.824,70.433,69.994,69.554,69.114,68.675,68.284,67.991,67.747,67.6,67.503,67.405,67.307,67.112,66.916,66.721,66.477,66.379,66.233,66.233,66.184,66.184,66.135,66.037,65.94,65.744,65.94,67.258,71.068,77.906,86.991,96.565,105.16,112.44,118.01,121.67,123.43,123.58,122.31,120.11,117.23,113.9,110.44,106.87,103.45,100.13,97.053,94.171,91.436,88.799,86.259,83.816,81.472,79.323,77.223,75.366,73.657,72.387,71.508,70.97,70.922,71.117,71.557,72.192,72.924,73.657,74.243,74.731,75.122,75.415,75.611,75.66,75.66,75.66,75.757,75.611,75.318,74.927,74.634,74.487,74.292,73.999,73.608,73.168,72.778,72.387,71.947,71.605,71.312,70.824,70.384,69.994,69.749,69.359,68.87,68.431,68.089,67.942,67.747,67.551,67.503,67.405,67.307,67.258,67.356,67.405,67.405,67.307,67.161,67.112,67.161,67.161,67.161,67.063,66.868,66.721,66.672,66.721,66.721,66.965,68.284,71.801,78.346,87.187,96.467,105.06,112.39,118.11,122.06,124.06,124.26,122.99,120.6,117.42,113.9,110.39,106.92,103.6,100.57,97.688,94.904,92.315,89.678,87.04,84.549,82.302,80.251,78.444,76.783,75.415,74.292,73.559,73.071,72.924,73.071,73.559,74.243,75.122,76.05,77.125,78.102,78.981,79.616,80.007,80.007,79.762,79.372,78.981,78.688,78.541,78.346,78.199,77.76,77.223,76.685,76.099,75.464,74.878,74.292,73.803,73.364,73.12,72.875,72.631,72.387,72.192,71.996,71.801,71.654,71.557,71.41,71.312,71.166,70.97,70.922,70.873,70.824,70.726,70.824,70.873,71.068,71.215,71.312,71.117,70.824,70.629,70.482,70.433,70.287,70.042,69.798,69.407,69.163,69.505,71.557,76.343,83.865,92.755,101.55,109.56,116.44,121.62,124.85,126.12,125.82,124.26,121.87,119.03,116,112.88,109.75,106.63,103.6,100.62,97.786,95.099,92.56,90.215,87.968,85.868,83.719,81.618,79.421,77.418,75.66,74.487,73.803,73.657,73.999,74.536,75.318,76.001,76.539,76.978,77.32,77.564,77.809,78.053,78.346,78.737,79.127,79.225,79.127,78.737,78.346,77.906,77.418,76.978,76.49,76.05,75.66,75.366,75.073,74.683,74.243,73.608,72.973,72.387,71.947,71.557,71.166,70.726,70.287,69.847,69.407,69.066,68.724,68.528,68.431,68.284,68.186,67.991,67.698,67.405,67.258,67.112,67.063,66.965,66.916,66.868,66.721,66.623,66.428,66.233,66.184,66.379,67.307,70.189,76.001,84.403,93.878,102.82,110.53,116.88,121.48,124.26,125.14,124.55,122.75,120.16,117.03,113.66,110.29,106.87,103.6,100.57,97.737,95.099,92.56,90.069,87.626,85.282,82.986,80.739,78.688,76.783,75.171,73.999,73.315,72.973,72.973,73.168,73.608,74.097,74.683,75.318,75.855,76.441,76.881,77.223,77.467,77.662,77.809,77.809,77.809,77.76,77.613,77.467,77.223,76.978,76.734,76.343,75.904,75.464,74.976,74.536,74.048,73.51,72.973,72.436,71.947,71.361,70.873,70.433,69.945,69.554,69.114,68.724,68.284,67.991,67.796,67.6,67.405,67.307,67.161,67.063,66.916,66.721,66.623,66.526,66.477,66.428,66.281,66.184,65.988,65.842,65.744,65.744,65.94,67.112,70.433,76.685,85.379,94.806,103.5,110.97,116.93,121.13,123.28,123.72,122.75,120.6,117.81,114.49,110.97,107.55,104.18,101.06,98.03,95.246,92.56,89.922,87.48,85.135,82.791,80.544,78.346,76.343,74.536,73.12,71.996,71.312,71.068,71.166,71.557,72.192,72.875,73.608,74.292,74.976,75.562,76.001,76.343,76.636,76.734,76.783,76.881,76.783,76.685,76.636,76.49,76.294,76.05,75.757,75.318,74.927,74.487,74.048,73.559,73.12,72.631,72.045,71.557,70.97,70.531,70.042,69.603,69.163,68.724,68.382,67.991,67.6,67.307,67.112,66.916,66.868,66.819,66.623,66.428,66.184,66.037,66.037,66.037,65.94,65.793,65.695,65.598,65.598,65.598,65.353,65.158,65.256,66.379,69.603,75.855,84.549,93.976,102.82,110.29,116.2,120.25,122.35,122.79,121.87,119.91,117.32,114.1,110.73,107.36,104.04,101.01,97.981,95.197,92.511,89.922,87.431,85.038,82.742,80.495,78.346,76.441,74.683,73.168,72.094,71.508,71.312,71.557,72.045,72.68,73.413,74.194,74.878,75.611,76.343,76.929,77.418,77.76,77.858,78.004,78.102,78.102,78.053,77.858,77.662,77.467,77.369,77.125,76.734,76.343,75.904,75.562,75.122,74.634,74.048,73.51,72.973,72.533,72.045,71.605,71.117,70.726,70.384,70.042,69.847,69.652,69.505,69.359,69.261,69.163,69.066,68.919,68.821,68.821,68.87,68.87,68.919,68.919,68.87,68.821,68.724,68.626,68.528,68.479,68.528,68.968,70.873,75.171,82.351,91.29,100.42,108.68,115.61,120.94,124.36,125.92,125.82,124.36,122.06,119.23,116.2,112.98,109.75,106.63,103.7,100.81,98.128,95.49,92.999,90.655,88.506,86.356,84.256,82.156,80.251,78.492,76.978,75.855,75.318,75.22,75.464,75.806,76.246,76.783,77.467,78.199,78.737,79.225,79.567,79.762,79.811,79.762,79.665,79.567,79.323,79.03,78.786,78.541,78.297,77.858,77.418,76.929,76.441,75.855,75.318,74.683,74.194,73.608,73.071,72.485,71.996,71.557,71.068,70.629,70.091,69.749,69.359,68.968,68.626,68.382,68.089,67.991,67.796,67.698,67.551,67.405,67.307,67.112,66.965,66.868,66.721,66.623,66.428,66.233,66.184,66.135,65.988,66.037,66.623,68.821,73.755,81.472,90.801,99.984,108.19,115.08,120.25,123.58,125.04,124.94,123.48,121.18,118.3,115.13,111.8,108.48,105.31,102.23,99.3,96.614,94.123,91.729,89.287,86.796,84.305,82.009,79.811,77.809,76.001,74.536,73.608,72.973,72.729,72.778,73.12,73.608,74.243,74.927,75.562,76.197,76.734,77.174,77.467,77.613,77.662,77.76,77.76,77.662,77.564,77.418,77.223,76.929,76.636,76.294,76.001,75.562,75.122,74.536,74.048,73.51,72.973,72.436,71.947,71.41,70.922,70.433,69.945,69.554,69.163,68.87,68.528,68.235,67.991,67.747,67.503,67.307,67.161,67.063,66.916,66.819,66.672,66.526,66.428,66.281,66.233,66.184,66.037,65.94,65.842,65.793,65.842,66.721,69.603,75.415,83.865,93.243,102.04,109.51,115.57,119.91,122.35,122.94,122.06,120.11,117.37,114.2,110.73,107.36,104.04,100.91,97.884,95.002,92.12,89.434,86.943,84.403,82.058,79.811,77.76,75.806,74.097,72.729,71.801,71.312,71.166,71.361,71.654,72.24,72.875,73.559,74.243,74.878,75.366,75.806,76.05,76.294,76.441,76.539,76.539,76.49,76.343,76.246,76.099,75.855,75.611,75.366,75.073,74.731,74.341,73.901,73.413,72.924,72.436,71.947,71.361,70.873,70.384,69.847,69.407,68.919,68.528,68.186,67.796,67.405,67.161,66.916,66.721,66.623,66.477,66.281,66.184,66.037,65.94,65.842,65.793,65.744,65.695,65.598,65.549,65.402,65.256,65.109,65.012,65.109,65.94,68.626,74.097,82.351,91.778,100.72,108.48,114.69,119.13,121.72,122.55,122.01,120.25,117.67,114.54,111.12,107.6,104.23,101.11,97.981,94.904,92.071,89.385,86.943,84.5,82.156,79.909,77.809,75.855,74.243,72.778,71.752,71.068,70.873,70.922,71.215,71.752,72.436,73.071,73.657,74.194,74.536,74.976,75.366,75.66,75.806,75.855,75.855,75.855,75.855,75.855,75.806,75.66,75.415,75.171,74.878,74.487,74.097,73.657,73.168,72.729,72.24,71.752,71.215,70.824,70.287,69.798,69.261,68.724,68.284,67.991,67.747,67.503,67.307,67.112,66.916,66.819,66.721,66.672,66.623,66.526,66.477,66.477,66.477,66.477,66.477,66.526,66.477,66.428,66.379,66.379,66.379,66.428,67.063,69.31,74.194,81.912,91.094,100.13,107.99,114.54,119.57,122.7,123.92,123.62,122.01,119.42,116.3,112.78,109.36,106.04,102.87,99.789,96.907,94.171,91.632,89.238,86.943,84.598,82.449,80.3,78.444,76.881,75.464,74.292,73.413,72.924,72.924,73.364,74.048,74.878,75.66,76.539,77.369,78.199,78.786,79.323,79.616,79.811,79.86,79.909,79.909,79.86,79.762,79.469,79.225,78.932,78.492,78.102,77.613,77.125,76.685,76.197,75.757,75.22,74.731,74.194,73.657,73.168,72.729,72.387,71.996,71.654,71.361,71.117,70.873,70.677,70.482,70.287,70.042,69.945,69.945,70.042,70.042,69.994,69.798,69.603,69.554,69.554,69.359,69.114,68.675,68.284,67.942,67.6,67.405,67.698,69.505,73.901,81.374,90.41,99.495,107.6,114.64,120.3,124.11,125.97,126.16,124.99,122.84,120.11,117.03,113.86,110.68,107.7,104.67,101.74,98.86,96.125,93.341,90.801,88.31,85.917,83.621,81.423,79.421,77.564,75.904,74.731,73.901,73.51,73.364,73.51,73.852,74.438,75.122,75.855,76.49,77.027,77.467,77.809,78.053,78.102,78.199,78.248,78.199,78.053,77.858,77.613,77.32,76.978,76.636,76.197,75.757,75.366,74.976,74.536,73.999,73.51,73.071,72.631,72.192,71.654,71.215,70.726,70.287,69.945,69.505,69.114,68.821,68.528,68.284,68.089,67.942,67.844,67.747,67.6,67.405,67.258,66.965,66.868,66.672,66.526,66.379,66.281,66.233,66.135,66.037,66.037,66.819,69.31,74.683,82.742,92.12,101.11,108.97,115.42,120.11,122.84,123.72,123.14,121.38,118.79,115.76,112.39,108.87,105.5,102.23,99.251,96.321,93.488,90.752,88.115,85.624,83.23,80.984,78.786,76.783,75.073,73.608,72.631,71.996,71.752,71.85,72.24,72.68,73.217,73.852,74.487,75.073,75.562,75.904,76.197,76.343,76.49,76.539,76.539,76.441,76.294,76.197,76.099,76.001,75.855,75.611,75.366,75.073,74.634,74.194,73.657,73.168,72.68,72.192,71.605,71.117,70.629,70.189,69.798,69.359,68.919,68.479,68.089,67.796,67.503,67.258,67.112,66.965,66.868,66.721,66.526,66.428,66.233,66.037,65.988,65.842,65.793,65.744,65.598,65.549,65.549,65.5,65.402,65.353,65.988,68.382,73.608,81.618,90.997,99.984,107.8,114.25,118.98,121.82,122.79,122.31,120.6,118.01,114.78,111.32,107.75,104.28,101.01,97.884,94.904,92.071,89.385,86.796,84.354,82.058,79.811,77.613,75.562,73.755,72.24,71.215,70.531,70.238,70.287,70.726,71.361,72.045,72.631,73.217,73.999,74.683,75.122,75.366,75.611,75.904,76.099,76.197,76.197,76.05,76.001,75.855,75.757,75.562,75.318,74.927,74.634,74.292,73.901,73.364,72.729,72.192,71.654,71.166,70.677,70.238,69.798,69.359,68.87,68.382,67.844,67.503,67.161,66.916,66.721,66.526,66.379,66.281,66.233,66.037,65.842,65.744,65.598,65.549,65.5,65.402,65.353,65.353,65.305,65.158,65.012,64.718,64.67,65.158,67.356,72.387,80.153,89.531,98.616,106.53,113.12,118.2,121.43,122.79,122.55,120.99,118.54,115.57,112.19,108.73,105.31,101.99,98.812,95.783,93.048,90.41,87.919,85.575,83.23,80.984,78.883,76.783,74.878,73.168,71.801,70.873,70.384,70.384,70.677,71.312,72.045,72.875,73.755,74.536,75.366,76.099,76.685,77.125,77.369,77.564,77.613,77.662,77.613,77.467,77.32,77.125,76.978,76.734,76.441,76.001,75.464,74.976,74.487,74.048,73.559,73.071,72.533,72.045,71.557,70.97,70.433,69.847,69.31,68.821,68.284,67.844,67.405,66.965,66.672,66.379,66.233,66.135,66.037,65.988,66.037,66.233,66.428,66.623,66.819,66.868,66.965,67.161,67.356,67.6,67.844,68.235,69.359,72.24,77.906,86.112,95.344,104.28,112.19,118.69,123.38,126.07,126.75,125.87,123.82,120.99,117.76,114.3,110.88,107.41,104.18,101.06,98.128,95.295,92.657,90.215,87.919,85.819,83.67,81.57,79.616,77.858,76.49,75.415,74.731,74.292,74.243,74.438,74.878,75.611,76.343,77.125,77.662,78.248,78.737,79.127,79.421,79.616,79.665,79.665,79.567,79.323,78.981,78.59,78.248,77.858,77.467,76.978,76.441,75.806,75.171,74.536,73.999,73.364,72.778,72.192,71.605,71.117,70.629,70.189,69.798,69.407,69.114,68.724,68.284,67.844,67.551,67.356,67.258,67.258,67.258,67.258,67.112,66.965,66.819,66.623,66.428,66.281,66.184,66.135,66.037,65.988,65.94,65.842,65.793,66.184,68.04,72.631,80.104,89.189,98.225,106.38,113.37,118.94,122.75,124.7,124.94,123.67,121.43,118.5,115.32,112,108.82,105.75,102.91,100.18,97.493,94.806,92.169,89.727,87.382,85.135,82.937,80.788,78.786,76.929,75.415,74.194,73.315,72.778,72.68,72.924,73.315,73.755,74.243,74.683,75.171,75.464,75.806,75.904,76.001,75.904,75.855,75.66,75.562,75.366,75.22,75.122,75.073,74.878,74.634,74.292,73.999,73.608,73.168,72.778,72.436,72.094,71.752,71.312,70.873,70.433,69.994,69.603,69.31,69.066,68.724,68.528,68.382,68.235,68.089,67.991,67.844,67.796,67.6,67.356,67.161,67.063,66.868,66.721,66.623,66.477,66.379,66.184,66.037,65.94,65.744,65.744,66.477,69.31,75.122,83.475,92.755,101.5,109.07,115.17,119.62,122.11,122.75,121.87,119.86,117.03,113.86,110.39,106.92,103.6,100.42,97.346,94.318,91.436,88.75,86.161,83.816,81.57,79.469,77.418,75.464,73.608,72.045,70.922,70.238,69.994,70.238,70.824,71.508,72.192,72.924,73.608,74.194,74.683,75.122,75.611,75.855,75.904,75.757,75.562,75.415,75.366,75.415,75.318,74.78,74.097,73.51,73.168,72.924,72.533,71.947,71.215,70.824,70.531,70.091,69.505,68.919,68.479,68.04,67.698,67.405,67.258,66.916,66.672,66.526,66.379,66.184,66.037,66.135,66.184,66.184,66.233,66.281,66.233,66.135,66.135,66.135,66.135,66.037,65.94,65.744,65.744,65.695,65.5,65.353,65.744,67.747,72.533,80.251,89.434,98.421,106.28,112.78,117.67,120.79,122.06,121.67,120.11,117.62,114.64,111.32,107.95,104.48,101.11,97.932,94.904,92.169,89.482,86.943,84.403,82.107,79.909,77.906,76.001,74.097,72.485,71.166,70.287,69.847,69.798,70.042,70.531,71.215,71.947,72.631,73.217,73.657,74.048,74.292,74.438,74.487,74.487,74.341,74.243,74.048,73.901,73.852,73.755,73.608,73.364,73.12,72.875,72.533,72.192,71.752,71.361,71.068,70.824,70.531,70.189,69.749,69.261,68.724,68.382,68.089,68.04,67.991,67.942,67.796,67.698,67.551,67.356,67.258,67.112,67.112,67.063,66.965,66.868,66.721,66.672,66.623,66.672,66.721,66.721,66.526,66.428,66.233,66.184,66.428,67.747,71.361,78.004,86.698,95.881,104.28,111.61,117.47,121.67,123.87,124.26,123.18,121.13,118.45,115.22,111.8,108.29,104.82,101.55,98.567,95.783,93.292,90.997,88.75,86.503,84.305,82.253,80.153,78.102,76.099,74.341,73.12,72.436,72.289,72.631,73.315,74.048,74.878,75.757,76.441,77.027,77.564,77.809,77.906,78.004,78.053,78.004,77.76,77.369,76.929,76.441,75.904,75.415,74.976,74.536,74.194,73.803,73.364,72.924,72.485,72.24,72.192,72.289,72.387,72.387,72.387,72.485,72.631,72.436,71.801,71.068,70.629,70.824,71.215,71.41,71.312,71.068,70.922,70.97,71.117,71.117,70.873,70.384,69.847,69.505,69.261,69.163,69.261,69.261,69.066,68.724,68.186,67.6,67.503,68.919,72.924,79.665,88.115,97.004,105.55,113.17,119.03,122.55,123.87,123.72,122.75,120.99,118.74,116.05,113.12,110.09,107.07,103.99,101.01,98.323,95.734,93.048,90.508,88.066,85.868,83.865,81.863,79.86,77.858,76.001,74.438,73.364,72.778,72.485,72.485,72.729,73.364,74.097,74.976,75.855,76.734,77.369,77.809,78.004,78.053,78.004,78.004,77.906,77.809,77.613,77.418,77.125,76.734,76.343,76.001,75.562,75.073,74.487,73.901,73.413,72.924,72.436,71.85,71.312,70.873,70.433,70.042,69.603,69.163,68.724,68.382,68.04,67.747,67.405,67.112,66.965,66.868,66.721,66.672,66.672,66.623,66.623,66.526,66.477,66.379,66.233,66.135,65.94,65.793,65.695,65.549,65.5,66.135,68.431,73.51,81.472,90.948,100.13,108.09,114.73,119.67,122.75,124.02,123.62,122.06,119.57,116.49,113.12,109.8,106.68,103.74,100.81,97.932,95.051,92.218,89.482,86.943,84.696,82.595,80.593,78.59,76.783,75.171,73.901,72.924,72.387,72.24,72.387,72.631,72.924,73.315,73.852,74.536,75.22,75.904,76.343,76.685,76.881,77.027,77.174,77.223,76.978,76.685,76.343,76.197,76.099,75.904,75.66,75.366,74.976,74.487,73.901,73.364,72.875,72.387,71.947,71.508,70.873,70.189,69.603,69.31,68.968,68.626,68.089,67.747,67.405,67.161,66.965,66.916,66.721,66.477,66.281,66.135,65.94,65.744,65.744,65.744,65.744,65.549,65.353,65.256,65.158,65.158,65.06,64.914,65.109,66.184,69.163,75.171,83.67,93.097,101.94,109.41,115.42,119.77,122.26,122.84,122.01,120.01,117.23,114.05,110.68,107.31,103.99,100.86,97.884,95.197,92.755,90.313,87.919,85.477,83.133,80.739,78.541,76.636,74.878,73.217,71.996,71.166,70.824,70.824,71.117,71.605,72.192,72.875,73.51,74.194,74.731,75.122,75.415,75.66,75.904,76.05,76.05,76.001,75.904,75.806,75.757,75.611,75.464,75.22,74.976,74.634,74.194,73.657,73.168,72.68,72.192,71.605,71.117,70.677,70.238,69.749,69.163,68.675,68.235,67.991,67.796,67.551,67.258,66.868,66.477,66.281,66.233,66.281,66.428,66.379,66.184,65.842,65.598,65.402,65.353,65.305,65.256,65.158,65.109,65.158,65.256,65.158,65.158,66.037,69.163,75.464,84.256,93.683,102.38,109.75,115.66,119.86,122.16,122.6,121.67,119.62,116.79,113.61,110.24,106.97,103.84,101.01,98.323,95.637,92.95,90.362,87.871,85.428,83.133,80.788,78.688,76.636,74.731,73.071,71.801,71.605,72.387,73.315,73.559,73.413,73.51,74.048,74.927,75.806,76.441,76.929,77.369,77.858,78.102,78.102,77.662,76.929,75.855,75.122,75.415,77.027,78.981,79.909,79.323,77.467,75.464,74.194,73.901,74.438,74.683,74.194,73.12,71.996,71.215,70.824,70.433,70.091,69.945,69.945,69.994,69.994,69.798,69.407,69.163,69.114,69.261,69.359,69.163,68.821,68.431,68.284,68.479,68.724,68.919,68.724,68.431,68.089,67.942,67.844,67.796,67.796,68.186,69.994,74.341,81.472,90.362,99.447,107.7,114.73,120.16,123.92,125.92,126.16,124.8,122.5,120.3,118.3,115.37,110.63,105.31,101.5,99.74,98.177,95.637,92.364,89.629,87.724,86.308,84.745,82.742,80.446,78.492,76.929,75.757,74.683,73.852,73.51,73.755,74.536,75.415,76.099,76.539,76.929,77.418,78.004,78.444,78.688,78.786,78.883,78.981,78.981,78.786,78.492,78.102,77.662,77.174,76.685,76.246,75.757,75.171,74.536,73.901,73.364,72.875,72.289,71.85,71.508,71.117,70.726,70.384,69.994,69.554,69.163,68.919,68.675,68.479,68.284,68.186,68.04,67.942,67.698,67.405,67.258,67.112,66.916,66.721,66.526,66.379,66.184,65.988,65.842,65.744,65.598,65.353,65.158,65.5,67.307,71.85,79.421,88.799,98.177,106.48,113.42,118.79,122.45,124.16,124.41,123.43,121.38,118.5,115.08,111.56,108.29,105.16,102.13,99.105,96.174,93.341,90.655,88.164,85.819,83.67,81.618,79.616,77.662,75.806,74.292,73.217,72.631,72.436,72.533,72.924,73.413,73.999,74.536,75.122,75.66,76.197,76.636,76.881,76.978,77.125,77.174,77.174,77.174,77.125,76.978,76.783,76.636,76.343,76.099,75.806,75.415,74.976,74.487,73.999,73.413,72.875,72.289,71.752,71.166,70.629,70.091,69.603,69.163,68.821,68.431,67.991,67.6,67.356,67.161,66.965,66.819,66.721,66.819,66.868,66.916,66.868,66.819,66.672,66.477,66.184,65.94,65.842,66.037,66.184,65.988,65.744,65.744,66.623,69.505,75.22,83.475,92.95,101.89,109.56,115.66,120.16,122.79,123.58,122.7,120.6,117.81,114.44,110.88,107.41,104.18,101.01,98.128,95.441,92.804,90.313,87.822,85.282,82.937,80.593,78.492,76.539,74.634,72.973,71.752,70.97,70.629,70.629,70.824,71.166,71.752,72.436,73.12,73.852,74.438,74.927,75.318,75.464,75.611,75.757,75.855,75.904,76.001,76.001,75.904,75.806,75.611,75.318,74.976,74.683,74.292,73.852,73.413,72.973,72.436,71.947,71.41,70.922,70.433,69.945,69.407,68.919,68.479,68.089,67.844,67.6,67.356,67.112,66.868,66.672,66.477,66.281,66.184,66.135,65.988,65.842,65.793,65.744,65.744,65.695,65.598,65.402,65.256,65.109,65.012,64.865,65.012,66.184,69.749,76.441,85.428,94.855,103.35,110.49,116.1,120.11,122.16,122.55,121.57,119.57,116.79,113.66,110.29,106.97,103.74,100.67,97.737,94.904,92.315,89.727,87.284,84.842,82.498,80.251,78.102,76.05,74.243,72.68,71.605,71.068,70.873,71.068,71.41,71.947,72.485,73.071,73.657,74.243,74.78,75.318,75.66,76.001,76.197,76.294,76.343,76.294,76.197,76.05,75.904,75.757,75.464,75.318,75.171,74.976,74.683,74.194,73.51,72.778,72.24,71.801,71.41,71.117,70.873,70.531,70.091,69.554,69.066,68.675,68.382,68.089,67.991,67.942,67.844,67.844,67.796,67.6,67.405,67.258,67.112,67.161,67.307,67.503,67.6,67.6,67.503,67.307,67.063,66.916,66.868,66.868,67.307,69.114,73.413,80.593,89.482,98.616,106.82,113.76,119.13,122.7,124.41,124.5,123.18,120.99,118.06,114.88,111.51,108.09,104.92,101.94,99.056,96.369,93.732,91.192,88.603,86.112,83.816,81.667,79.86,78.297,77.125,76.05,75.122,74.487,74.194,74.243,74.634,75.22,75.904,76.734,77.564,78.346,78.981,79.469,79.762,79.86,79.86,79.811,79.762,79.665,79.665,79.616,79.567,79.372,79.127,78.737,78.297,77.809,77.32,76.783,76.343,75.806,75.366,74.976,74.634,74.194,73.657,73.071,72.485,71.996,71.361,70.629,69.994,69.505,69.163,68.968,68.919,68.821,68.626,68.382,67.991,67.551,67.258,67.112,67.063,67.112,67.258,67.307,67.356,67.307,67.112,66.721,66.281,66.037,66.819,69.603,75.464,83.914,93.292,102.18,109.95,116.35,121.23,124.26,125.63,125.48,124.26,122.11,119.42,116.25,112.88,109.51,106.19,103.06,100.23,97.591,95.197,92.804,90.508,88.115,85.819,83.572,81.374,79.372,77.467,75.904,74.731,73.999,73.608,73.559,73.657,74.048,74.487,75.073,75.66,76.246,76.783,77.32,77.76,78.053,78.248,78.346,78.444,78.346,78.199,77.906,77.662,77.418,77.174,76.881,76.441,75.904,75.366,74.78,74.194,73.608,73.12,72.631,72.24,71.801,71.361,70.922,70.433,69.847,69.407,69.066,68.724,68.479,68.235,68.04,67.942,67.796,67.6,67.503,67.258,67.112,66.965,66.916,66.868,66.721,66.623,66.428,66.233,66.135,66.037,66.037,66.135,66.819,69.114,74.292,82.253,91.436,100.33,108.09,114.64,119.42,122.31,123.38,122.84,121.23,118.69,115.47,112,108.53,105.26,102.13,99.056,96.174,93.488,90.801,88.115,85.477,82.986,80.69,78.444,76.49,74.878,73.559,72.533,71.947,71.654,71.752,71.996,72.387,72.875,73.413,74.048,74.634,75.122,75.611,75.855,76.001,76.001,76.001,76.05,76.001,75.855,75.611,75.415,75.073,74.634,74.194,73.657,73.12,72.631,72.045,71.557,71.117,70.726,70.384,69.945,69.407,68.919,68.479,68.089,67.747,67.405,67.161,66.916,66.721,66.672,66.672,66.623,66.526,66.477,66.428,66.428,66.428,66.428,66.428,66.379,66.379,66.379,66.281,66.233,66.184,66.135,65.94,65.744,65.5,65.5,66.526,69.798,76.099,84.793,94.123,102.62,109.75,115.42,119.33,121.18,121.38,120.11,117.91,115.13,111.8,108.43,105.01,101.74,98.616,95.686,92.804,90.069,87.431,84.94,82.498,80.251,78.053,76.001,74.097,72.485,71.117,70.189,69.603,69.505,69.749,70.287,70.97,71.801,72.729,73.559,74.292,74.78,75.22,75.464,75.66,75.757,75.757,75.611,75.464,75.318,75.122,74.927,74.683,74.341,73.901,73.413,72.875,72.24,71.752,71.166,70.677,70.189,69.749,69.261,68.724,68.284,67.844,67.405,67.063,66.721,66.477,66.379,66.184,65.988,65.793,65.695,65.598,65.598,65.598,65.549,65.549,65.549,65.549,65.549,65.549,65.5,65.353,65.256,65.158,65.109,65.06,65.012,64.914,65.06,66.379,70.042,76.881,85.868,95.295,103.79,110.97,116.69,120.5,122.45,122.7,121.57,119.47,116.74,113.61,110.24,106.92,103.6,100.47,97.493,94.66,92.071,89.482,87.138,85.038,83.182,81.423,79.469,77.369,75.22,73.315,71.85,71.166,71.166,71.605,72.045,72.533,72.924,73.364,73.803,74.194,74.634,75.122,75.611,76.099,76.49,76.685,76.734,76.929,77.125,77.174,77.125,76.881,76.539,76.343,76.197,75.904,75.757,75.464,75.318,74.976,74.536,73.901,73.364,72.875,72.436,72.045,71.752,71.557,71.361,71.166,70.873,70.482,70.189,69.798,69.554,69.407,69.407,69.505,69.505,69.505,69.407,69.359,69.261,69.114,68.919,68.87,68.87,68.919,69.066,69.066,68.968,68.968,69.603,71.947,76.978,84.598,93.634,102.43,110.39,116.98,122.06,125.19,126.36,125.97,124.5,122.16,119.23,115.91,112.54,109.31,106.24,103.26,100.33,97.346,94.562,91.973,89.678,87.48,85.282,83.23,81.228,79.225,77.418,75.806,74.536,73.755,73.364,73.315,73.413,73.657,74.097,74.634,75.171,75.464,75.757,76.001,76.246,76.441,76.49,76.49,76.49,76.539,76.636,76.49,76.294,75.904,75.611,75.22,74.927,74.683,74.341,74.048,73.755,118.2,121.91,123.87,124.16,123.38,121.57,119.13,116.25,113.17,110,106.87,103.79,100.86,98.03,95.441,92.95,90.557,88.359,86.259,84.158,82.107,80.055,78.102,76.49,75.171,74.194,73.608,73.364,73.364,73.51,73.803,74.438,75.318,76.001,76.49,76.734,76.978,77.174,77.223,77.174,76.929,76.685,76.49,76.441,76.343,76.343,76.246,76.001,75.611,75.122,74.634,74.243,73.901,73.559,73.12,72.631,72.192,71.654,71.166,70.726,70.189,69.652,69.163,68.724,68.382,67.942,67.503,67.161,66.965,66.868,66.868,66.965,67.112,67.307,67.356,67.307,67.161,66.916,66.721,66.623,66.526,66.428,66.184,65.842,65.402,65.012,65.012,66.233,69.945,76.636,85.721,95.246,103.7,110.83,116.64,120.79,122.99,123.28,122.11,120.06,117.47,114.54,111.22,107.7,104.18,100.91,98.03,95.295,92.657,89.971,87.284,84.94,82.693,80.544,78.444,76.343,74.536,73.071,71.947,71.215,70.873,70.922,71.312,71.947,72.631,73.315,73.999,74.683,75.22,75.611,75.855,76.001,75.904,75.904,76.001,76.001,75.904,75.806,75.562,75.366,75.171,74.927,74.536,74.194,73.852,73.657,73.315,72.631,71.752,70.97,70.482,70.042,69.603,69.261,68.968,68.724,68.479,68.235,68.04,67.844,67.698,67.503,67.258,66.965,66.721,66.428,66.135,65.793,65.598,65.5,65.353,65.305,65.256,65.158,65.158,65.256,65.305,65.305,65.109,64.914,64.865,65.695,68.382,73.852,82.058,91.29,100.23,108.09,114.54,119.18,121.62,122.06,120.99,118.74,115.81,112.44,108.97,105.75,102.47,99.349,96.565,93.927,91.534,89.189,86.747,84.354,82.009,79.665,77.418,75.415,73.608,72.094,70.97,70.384,70.189,70.238,70.482,70.677,70.97,71.41,72.192,73.071,73.852,74.487,74.878,75.073,75.122,75.22,75.464,75.855,76.099,76.246,76.099,75.855,75.66,75.366,75.073,74.731,74.438,74.048,73.559,72.973,72.387,71.752,71.117,70.482,69.945,69.31,68.724,68.284,68.089,68.04,68.089,68.04,67.698,66.965,66.135,65.06,63.742,61.983,59.785,57.929,57.685,59.883,63.79,67.844,70.482,71.508,71.654,71.947,71.85,70.384,67.161,63.448,60.616,59.59,61.299,67.063,76.734,88.603,100.03,109.56,116.79,121.57,123.62,123.23,121.04,118.06,114.93,111.95,109.31,107.07,105.06,103.06,100.67,97.981,94.904,91.729,88.506,85.428,82.693,80.495,78.688,77.174,75.806,74.487,73.217,72.24,71.41,70.873,70.677,70.922,71.605,72.631,73.803,74.976,76.099,76.978,77.613,78.004,78.053,78.053,78.004,77.906,77.809,77.613,77.467,77.467,77.418,77.223,76.881,76.294,75.66,75.122,74.683,74.194,73.755,73.315,72.778,72.436,71.996,71.557,71.068,70.629,70.238,69.994,69.749,69.505,69.31,69.114,68.968,68.87,68.675,68.479,68.382,68.235,68.284,68.284,68.284,68.235,68.186,68.089,68.04,67.991,67.844,67.747,67.551,67.356,67.405,68.235,70.824,76.05,83.816,92.804,101.55,109.26,115.66,120.5,123.58,124.8,124.55,123.18,120.94,118.2,115.08,111.8,108.48,105.5,102.62,99.935,97.249,94.562,91.973,89.531,87.431,85.379,83.279,81.179,79.176,77.369,75.855,74.78,74.243,73.999,74.048,74.243,74.634,75.122,75.66,76.246,76.881,77.418,77.858,78.102,78.297,78.297,78.248,78.102,77.906,77.809,77.613,77.223,76.881,76.343,75.855,75.318,74.78,74.243,73.657,73.168,72.68,72.192,71.752,71.215,70.873,70.482,70.091,69.749,69.407,69.066,68.675,68.382,68.089,67.844,67.698,67.551,67.405,67.356,67.307,67.161,66.965,66.819,66.526,66.281,66.184,66.037,65.94,65.793,65.744,65.598,65.402,65.158,65.012,65.793,68.724,74.683,82.986,92.169,100.91,108.53,114.78,119.47,122.31,123.28,122.75,121.18,118.89,116.05,112.88,109.61,106.43,103.31,100.23,97.493,94.855,92.315,89.678,87.236,84.842,82.595,80.446,78.346,76.49,74.878,73.413,72.436,71.85,71.752,71.85,72.192,72.631,73.217,73.852,74.487,75.073,75.611,76.001,76.294,76.49,76.539,76.636,76.636,76.539,76.441,76.246,76.001,75.66,75.464,75.171,74.78,74.341,73.852,73.413,72.924,72.436,71.85,71.361,70.873,70.384,69.945,69.505,69.066,68.528,68.186,67.796,67.503,67.258,67.063,66.868,66.672,66.428,66.281,66.184,66.037,65.94,65.793,65.744,65.744,65.695,65.598,65.5,65.353,65.305,65.109,65.012,64.816,65.012,66.526,70.629,77.858,87.04,96.369,104.58,111.32,116.54,120.01,121.57,121.48,120.11,117.91,115.13,112,108.63,105.31,102.04,99.007,96.076,93.243,90.606,88.115,85.673,83.279,81.13,78.932,76.783,74.927,73.217,71.85,70.922,70.384,70.189,70.384,70.726,71.312,71.85,72.485,73.12,73.608,74.097,74.438,74.731,74.927,75.122,75.171,75.22,75.22,75.122,75.073,74.878,74.683,74.487,74.194,73.901,73.559,73.168,72.778,72.387,71.85,71.361,70.824,70.384,69.945,69.505,69.066,68.626,68.089,67.747,67.356,67.063,66.721,66.477,66.281,66.184,66.037,65.94,65.793,65.695,65.5,65.353,65.158,65.012,64.718,64.572,64.572,64.865,65.353,65.549,65.109,64.279,63.742,64.23,66.379,71.068,78.444,87.724,97.737,107.07,114.64,119.57,121.67,121.72,120.45,118.2,115.32,112.1,109.31,107.26,105.55,103.55,100.57,96.662,92.315,88.164,84.793,82.156,80.349,79.225,78.492,77.809,76.685,74.927,72.875,70.873,69.261,68.284,68.235,69.163,70.873,72.68,74.194,75.073,75.415,75.22,74.683,74.048,73.657,73.852,74.731,75.904,76.929,77.174,76.685,75.562,74.341,73.364,72.875,72.68,72.729,72.924,73.071,72.973,72.631,71.801,70.677,69.652,68.968,68.724,68.724,68.821,68.821,68.675,68.284,67.796,67.258,66.819,66.526,66.477,66.623,66.868,67.112,67.258,67.161,66.868,66.477,66.233,66.135,66.135,66.281,66.623,66.868,67.063,66.916,66.672,66.428,67.307,70.629,77.027,85.868,95.246,103.79,111.12,116.88,120.79,122.75,123.04,122.01,120.06,117.42,114.49,111.36,108.09,104.87,101.6,98.47,95.539,92.804,90.215,87.968,85.868,83.816,81.863,79.86,78.004,76.246,74.731,73.608,72.973,72.778,72.973,73.559,74.194,74.927,75.66,76.294,76.978,77.564,78.053,78.492,78.883,79.127,79.323,79.372,79.323,79.127,78.883,78.59,78.346,78.053,77.662,77.223,76.881,76.441,76.001,75.562,75.122,74.683,74.097,73.51,72.875,72.387,71.85,71.508,71.068,70.531,69.994,69.407,68.87,68.382,68.04,67.796,67.551,67.356,67.161,66.965,66.819,66.672,66.526,66.477,66.428,66.379,66.281,66.135,65.988,65.793,65.598,65.402,65.402,66.135,68.528,73.803,81.716,91.045,100.03,107.95,114.54,119.62,122.94,124.5,124.41,123.18,120.99,118.2,114.98,111.66,108.39,105.31,102.38,99.495,96.809,94.22,91.876,89.482,86.991,84.696,82.547,80.544,78.541,76.685,75.171,74.097,73.315,72.729,72.631,72.875,73.217,73.755,74.292,74.878,75.318,75.757,76.197,76.49,76.636,76.685,76.783,76.685,76.49,76.197,75.904,75.611,75.318,74.927,74.438,73.803,73.168,72.533,71.85,71.215,70.677,70.238,69.749,69.31,68.87,68.479,68.089,67.698,67.405,67.258,67.063,66.868,66.672,66.477,66.428,66.428,66.428,66.379,66.281,66.233,66.379,66.477,66.477,66.428,66.281,66.233,66.184,66.135,65.988,65.842,65.695,65.744,66.623,69.554,75.415,83.865,93.097,101.69,108.87,114.64,118.69,120.74,121.04,119.91,117.76,114.78,111.51,107.99,104.58,101.25,98.128,95.099,92.315,89.629,87.04,84.549,82.156,79.909,77.76,75.757,73.901,72.387,71.117,70.238,69.798,69.749,69.994,70.384,70.873,71.508,72.094,72.778,73.364,73.852,74.194,74.438,74.487,74.487,74.438,74.292,74.097,73.901,73.657,73.51,73.315,73.12,72.875,72.533,72.24,71.801,71.41,70.97,70.531,70.091,69.749,69.407,69.114,68.724,68.284,67.942,67.551,67.161,66.868,66.526,66.281,66.135,65.988,65.842,65.744,65.598,65.549,65.402,65.305,65.158,65.06,64.914,64.865,64.816,64.718,64.621,64.474,64.377,64.23,64.035,63.986,64.279,66.184,70.677,78.248,87.626,96.858,104.92,111.51,116.49,119.77,121.23,121.04,119.57,117.03,113.9,110.44,106.82,103.31,99.935,96.858,94.074,91.436,88.945,86.601,84.305,82.107,79.909,77.906,75.904,74.097,72.485,71.215,70.287,69.798,69.603,69.652,69.945,70.287,70.726,71.166,71.654,72.094,72.485,72.729,72.924,72.973,73.12,73.315,73.51,73.608,73.608,73.559,73.51,73.51,73.413,73.315,73.12,72.875,72.485,72.094,71.654,71.215,70.873,70.482,70.042,69.603,69.114,68.626,68.089,67.698,67.307,66.916,66.623,66.281,66.037,65.842,65.695,65.5,65.256,65.06,64.865,64.718,64.67,64.67,64.67,64.67,64.621,64.572,64.474,64.474,64.425,64.279,64.23,64.474,65.988,69.994,77.125,86.259,95.539,103.79,110.68,116,119.47,121.13,121.04,119.77,117.47,114.69,111.51,108.19,104.92,101.74,98.763,95.93,93.243,90.752,88.359,86.112,83.865,81.716,79.616,77.662,75.855,74.097,72.68,71.605,70.97,70.677,70.531,70.629,70.873,71.361,71.947,72.533,73.168,73.755,74.292,74.731,75.122,75.415,75.611,75.806,75.855,76.001,76.001,76.001,75.904,75.904,75.904,75.806,75.464,75.122,74.683,74.292,73.852,73.51,73.071,72.729,72.387,71.996,71.508,71.068,70.629,70.238,69.847,69.554,69.31,68.968,68.821,68.528,68.382,68.089,67.942,67.747,67.6,67.6,67.503,67.405,67.307,67.258,67.258,67.258,67.258,67.161,67.112,67.112,67.405,68.919,72.875,79.665,88.506,97.786,106.38,113.66,119.42,123.23,125.14,125.24,124.11,121.91,119.03,115.81,112.39,108.92,105.55,102.38,99.447,96.565,93.878,91.387,89.043,86.845,84.696,82.595,80.544,78.541,76.685,75.122,73.901,73.12,72.68,72.485,72.485,72.631,72.973,73.559,74.243,74.731,74.976,75.22,75.611,76.099,76.49,76.539,76.343,76.246,76.246,76.197,75.855,75.464,75.22,74.976,74.683,74.341,73.999,73.51,72.973,72.631,72.24,71.752,71.215,70.922,70.531,70.091,69.749,69.359,69.066,68.626,68.235,67.942,67.6,67.307,67.063,66.868,66.623,66.428,66.233,66.037,65.842,65.598,65.353,65.256,65.109,65.012,65.012,64.914,64.865,64.816,64.718,64.718,65.256,67.405,72.485,80.446,89.922,99.495,108.04,114.93,119.37,121.38,122.06,122.26,121.82,120.11,117.13,113.37,109.41,106.04,103.26,100.72,98.128,95.099,91.729,88.408,85.477,83.377,81.863,80.739,79.469,77.858,75.904,73.803,71.85,70.433,69.945,70.287,71.361,72.68,73.999,74.927,75.415,75.562,75.562,75.415,75.464,75.611,75.904,76.294,76.636,76.783,76.734,76.441,75.904,75.318,74.78,74.341,73.852,73.364,72.778,72.289,71.801,71.215,70.531,69.652,68.724,67.844,67.112,66.477,66.037,65.598,65.109,64.67,64.23,63.937,63.693,63.546,63.497,63.448,63.497,63.595,63.839,64.132,64.279,64.425,64.621,64.816,65.012,65.109,65.305,65.402,65.598,65.793,65.988,66.477,68.186,72.289,79.225,88.115,97.053,105.06,111.66,116.74,120.01,121.23,120.79,119.03,116.49,113.37,109.95,106.48,103.11,99.935,96.907,94.074,91.29,88.75,86.356,84.11,81.912,79.86,77.906,76.099,74.438,72.924,71.752,70.97,70.531,70.531,70.873,71.557,72.485,73.413,74.292,75.122,75.904,76.783,77.613,78.248,78.59,78.688,78.59,78.346,78.053,77.76,77.467,77.369,77.223,77.125,76.881,76.441,75.904,75.22,74.634,73.999,73.559,73.217,72.875,72.485,72.045,71.752,71.508,71.215,70.922,70.531,70.091,69.652,69.31,68.968,68.87,68.821,68.87,68.968,68.968,68.919,68.821,68.626,68.431,68.235,68.186,68.235,68.431,68.626,68.675,68.626,68.528,68.382,68.089,68.04,68.919,71.85,77.662,85.966,95.197,103.84,111.41,117.47,121.82,124.36,125.19,124.6,122.94,120.45,117.42,114.25,110.97,107.6,104.28,101.25,98.47,95.783,93.292,91.045,88.994,86.845,84.696,82.547,80.593,78.932,77.418,76.099,75.073,74.292,73.803,73.608,73.755,74.048,74.536,75.22,75.904,76.636,77.223,77.76,78.053,78.004,77.662,77.369,77.369,77.564,77.613,77.418,77.027,76.539,76.05,75.415,74.878,74.341,73.999,73.657,73.51,73.12,72.68,72.045,71.41,70.824,70.287,69.945,69.603,69.359,69.066,68.724,68.431,68.04,67.747,67.503,67.258,67.112,67.063,66.916,66.868,66.721,66.623,66.477,66.379,66.233,66.135,66.037,65.988,65.94,65.793,65.695,65.402,65.353,65.842,68.186,73.315,81.374,90.801,99.935,107.95,114.44,119.33,122.31,123.43,123.14,121.62,119.23,116.25,112.98,109.66,106.43,103.35,100.33,97.444,94.66,92.12,89.678,87.284,84.94,82.547,80.349,78.297,76.343,74.683,73.217,72.24,71.654,71.508,71.605,71.85,72.289,72.875,73.559,74.194,74.731,75.22,75.611,75.855,76.05,76.099,76.197,76.294,76.343,76.441,76.343,76.197,76.001,75.757,75.366,74.878,74.438,74.048,73.803,73.51,72.924,72.289,71.752,71.215,70.824,70.287,69.847,69.407,68.919,68.479,68.186,67.796,67.503,67.258,66.965,66.623,66.184,65.988,65.988,65.94,65.842,65.94,65.94,65.94,65.793,65.598,65.402,65.305,65.158,65.109,65.012,64.865,64.865,65.353,66.916,70.726,77.418,86.308,95.539,103.94,111.07,116.54,120.35,122.26,122.35,121.04,118.69,115.76,112.49,109.26,105.99,102.72,99.544,96.467,93.536,90.85,88.359,85.966,83.67,81.423,79.176,77.027,74.976,73.071,71.557,70.629,70.238,70.238,70.433,70.726,71.312,71.85,72.485,73.168,73.755,74.292,74.731,75.122,75.366,75.464,75.562,75.562,75.562,75.611,75.562,75.22,74.927,74.731,74.634,74.194,73.608,73.315,73.217,73.071,72.436,71.508,70.629,69.994,69.603,69.359,69.163,69.114,68.968,68.528,67.942,67.258,66.672,66.233,66.037,65.988,66.037,66.135,66.184,66.135,66.037,65.793,65.549,65.305,65.158,65.256,65.353,65.353,65.305,65.256,65.158,65.109,65.012,64.865,65.256,67.161,71.996,79.762,89.092,98.323,106.28,112.93,118.01,121.18,122.35,121.87,120.06,117.42,114.3,110.92,107.51,104.23,101.06,98.03,95.246,92.511,89.873,87.431,85.135,82.84,80.788,78.737,76.881,75.073,73.364,72.045,71.166,70.726,70.677,70.922,71.361,71.996,72.778,73.608,74.438,75.122,75.66,76.099,76.441,76.685,76.783,76.978,77.125,77.223,77.223,77.125,76.978,76.783,76.539,76.246,75.806,75.318,74.78,74.292,73.803,73.315,72.778,72.387,71.85,71.312,70.726,70.238,69.847,69.505,69.163,68.919,68.675,68.479,68.382,68.186,68.089,67.991,67.942,67.844,67.844,67.844,67.796,67.796,67.844,67.942,67.942,67.844,67.503,66.428,65.305,66.819,71.654,74.731,71.654,66.916,69.114,79.421,91.632,100.47,106.28,111.76,117.62,122.35,124.55,124.06,121.91,119.37,116.44,112.93,109.51,106.97,105.41,103.74,101.3,98.567,95.783,93.048,90.313,87.919,85.868,84.11,82.449,80.69,78.737,76.929,75.757,75.171,75.122,75.22,75.562,76.05,76.685,77.32,78.004,78.688,79.323,79.665,79.567,79.176,78.883,78.883,79.127,79.567,80.007,79.909,78.932,76.734,73.803,71.947,72.436,74.731,76.783,77.027,75.806,74.097,72.875,72.094,71.605,71.215,71.117,71.068,70.726,70.189,69.554,69.066,68.821,68.479,67.844,67.063,66.428,66.428,66.868,67.405,67.551,67.258,66.721,66.233,65.842,65.695,65.549,65.695,65.793,65.842,65.793,65.598,65.5,65.353,65.256,65.842,68.479,74.243,82.693,92.218,101.3,109.17,115.61,120.35,123.23,124.26,123.82,122.16,119.86,117.03,113.9,110.63,107.31,104.04,101.01,98.128,95.441,92.804,90.313,87.871,85.477,83.23,81.13,79.03,77.174,75.464,74.097,73.071,72.436,72.192,72.24,72.631,85.868,81.032,73.755,68.089,68.235,73.901,80.153,81.57,77.174,70.726,66.233,64.914,65.549,66.819,68.382,70.97,74.536,77.858,79.225,78.297,76.246,74.487,73.755,73.657,73.755,73.755,73.608,73.755,74.194,74.78,75.122,74.731,73.657,72.631,71.996,71.947,72.094,72.045,71.508,70.531,69.407,68.675,68.528,68.968,69.554,69.945,69.847,69.603,69.163,68.431,67.112,65.598,64.621,64.621,65.5,66.721,67.551,67.503,66.868,66.281,65.842,65.305,64.718,64.23,64.035,63.986,64.181,64.67,65.5,66.233,67.307,69.505,73.999,81.032,89.629,97.981,105.5,112.24,118.11,122.6,125.04,125.19,123.28,120.16,116.54,112.98,109.61,106.43,103.45,100.62,98.03,95.734,93.488,91.045,88.31,85.477,83.035,81.13,79.323,77.467,75.66,74.341,73.657,73.559,73.803,74.048,74.292,74.438,74.634,75.073,75.66,76.343,77.027,78.004,79.127,80.153,80.886,80.886,80.055,78.59,77.174,76.294,76.001,75.904,76.197,76.734,76.929,76.441,75.562,74.634,73.657,73.51,74.536,75.611,75.073,73.217,71.947,72.045,73.217,74.341,73.901,71.215,67.356,64.279,63.351,64.035,65.598,67.844,70.482,71.996,70.824,67.112,63.107,61.153,62.13,64.67,67.063,68.186,68.284,67.991,67.405,66.672,65.793,65.109,64.816,65.353,67.6,72.533,80.251,89.531,98.909,107.36,114.1,118.98,121.82,122.7,122.01,120.5,118.54,116.64,114.44,111.95,108.92,105.6,102.57,99.984,97.737,95.637,93.341,90.948,88.408,85.819,83.23,80.788,78.688,77.125,76.05,75.464,75.073,74.634,74.194,73.755,73.364,73.071,72.924,73.217,73.901,74.731,75.611,76.49,77.027,77.223,77.125,76.783,76.49,76.197,76.099,76.246,76.441,76.636,76.734,76.636,76.05,75.122,74.097,73.217,72.631,72.289,71.996,71.557,71.166,70.824,70.433,69.945,69.261,68.382,67.6,67.112,66.916,66.965,67.161,67.258,67.112,66.916,66.672,66.477,66.233,65.988,65.793,65.744,65.793,65.988,66.184,66.037,65.793,65.5,65.256,65.012,64.914,65.109,66.477,70.189,76.929,85.868,95.246,103.6,110.53,115.91,119.57,121.43,121.72,120.74,118.59,115.66,112.39,108.87,105.41,102.18,99.105,96.174,93.439,90.85,88.359,85.917,83.475,81.13,78.786,76.636,74.683,73.071,71.654,70.824,70.287,70.238,70.384,70.677,71.117,71.654,72.289,72.973,73.608,74.194,74.634,75.073,75.464,75.66,75.806,75.806,75.757,75.611,75.464,75.318,75.122,74.927,74.536,74.243,73.901,73.559,73.12,72.533,72.045,71.508,70.97,70.433,69.945,69.407,68.919,68.528,68.235,67.844,67.503,67.112,66.721,66.428,66.135,65.94,65.695,65.549,65.402,65.305,65.158,65.109,65.012,64.865,64.718,64.621,64.474,64.425,64.377,64.377,64.279,64.23,64.181,64.035,64.279,65.744,69.798,76.929,86.112,95.441,103.7,110.53,115.91,119.62,121.38,121.28,119.86,117.42,114.44,111.12,107.75,104.38,101.16,98.128,95.246,92.511,89.922,87.431,84.989,82.693,80.349,78.199,76.099,74.194,72.436,70.97,70.042,69.505,69.31,69.359,69.603,70.091,70.726,71.508,72.24,72.924,73.559,74.097,74.487,74.78,74.927,74.976,74.927,74.927,74.878,74.78,74.683,74.536,74.341,74.097,73.852,73.51,73.071,72.533,72.045,71.557,70.97,70.531,70.091,69.749,69.407,69.066,68.626,68.04,67.551,67.112,66.721,66.428,66.184,65.842,65.598,65.353,65.109,65.012,64.865,64.816,64.865,64.914,64.914,64.816,64.621,64.23,63.937,63.742,63.693,63.79,63.937,64.132,64.279,64.865,66.721,71.166,78.444,87.48,96.565,104.67,111.66,117.37,121.23,122.99,122.75,120.89,118.06,114.69,111.12,107.6,104.28,101.35,98.616,96.076,93.439,90.801,88.164,85.673,83.279,80.935,78.737,76.734,74.976,73.608,72.631,71.947,71.557,71.41,71.508,71.752,72.192,72.778,73.608,74.438,75.171,75.855,76.343,76.636,76.539,76.294,75.904,75.562,75.171,74.878,74.536,74.243,73.852,73.608,73.315,73.071,72.68,72.289,71.996,71.752,71.557,71.508,71.41,71.215,71.068,70.824,70.629,70.287,69.994,69.652,69.407,69.359,69.359,69.359,69.31,69.31,69.31,69.407,69.407,69.261,68.968,68.821,68.675,68.724,68.87,68.919,68.87,68.724,68.626,68.528,68.479,68.235,67.942,67.747,68.382,70.922,76.343,84.354,93.488,102.23,109.85,116.2,120.79,123.67,124.75,124.26,122.5,119.91,116.88,113.61,110.24,106.87,103.6,100.47,97.542,94.758,92.12,89.629,87.284,85.135,82.986,80.984,79.03,77.174,75.415,73.999,72.875,72.192,71.752,71.605,71.801,72.192,72.68,73.315,73.901,74.438,74.878,75.122,75.366,75.611,75.904,76.099,76.099,76.001,75.904,75.904,75.806,75.464,75.073,74.683,74.341,74.048,73.657,73.315,72.875,72.289,71.85,71.557,71.166,70.629,70.042,69.603,69.31,68.968,68.675,68.235,67.796,67.356,67.112,66.916,66.672,66.477,66.233,66.135,66.037,65.94,65.793,65.598,65.402,65.256,65.109,65.012,64.865,64.865,64.865,64.865,64.816,64.67,64.67,65.549,68.724,74.976,83.816,93.341,102.18,109.75,115.86,120.3,122.84,123.67,123.04,121.23,118.69,115.47,112.1,108.68,105.36,102.18,99.154,96.369,93.732,91.192,88.701,86.308,84.061,81.863,79.762,77.613,75.66,73.901,72.485,71.41,70.726,70.433,70.384,70.629,70.97,71.41,71.947,72.387,72.729,73.071,73.364,73.657,73.901,74.097,74.341,74.634,74.878,74.927,74.927,74.731,74.634,74.438,74.243,74.048,73.755,73.413,73.071,72.68,72.094,71.557,70.97,70.482,70.042,69.749,69.505,69.261,68.87,68.431,67.991,67.503,67.063,66.672,66.428,66.233,66.233,66.233,66.233,66.184,65.988,65.695,65.353,65.06,64.865,64.816,64.718,64.718,64.816,64.816,64.67,64.474,64.425,65.06,67.6,73.168,81.472,90.948,99.789,107.55,113.86,118.54,121.28,122.16,121.48,119.62,116.93,113.76,110.39,107.07,103.74,100.62,97.591,94.806,92.218,89.727,87.284,84.94,82.693,80.495,78.297,76.099,74.048,72.289,70.97,70.287,69.994,69.994,70.189,70.384,70.726,71.068,71.361,71.605,71.801,72.094,72.729,73.413,73.999,74.243,74.243,74.292,74.438,74.292,73.657,72.875,72.387,72.631,73.168,73.51,73.315,72.875,72.631,72.436,72.192,71.508,70.531,69.603,69.066,68.675,68.382,68.04,67.844,67.844,67.942,67.942,67.6,66.965,66.233,65.549,65.109,64.865,64.718,64.67,64.718,64.865,64.914,64.914,64.718,64.377,63.937,63.448,63.009,62.716,62.618,62.618,62.814,63.351,65.109,69.31,76.49,85.673,94.904,103.11,110,115.47,119.33,121.23,121.48,120.45,118.3,115.47,112.1,108.43,104.82,101.35,98.177,95.246,92.56,89.971,87.675,85.428,83.23,81.032,78.883,76.685,74.536,72.68,71.068,69.945,69.261,68.968,69.066,69.359,69.798,70.433,71.117,71.85,72.485,73.071,73.608,74.194,74.634,74.976,75.318,75.415,75.562,75.611,75.611,75.562,75.415,75.318,75.122,74.878,74.634,74.292,73.999,73.559,73.12,72.631,72.094,71.557,71.068,70.531,70.091,69.652,69.359,68.919,68.479,68.04,67.698,67.356,67.112,66.868,66.672,66.477,66.281,66.135,65.988,65.793,65.744,65.695,65.695,65.744,65.744,65.793,65.793,65.793,65.793,65.744,65.695,65.793,66.721,69.603,75.318,83.572,92.95,101.94,109.8,116.25,120.99,123.82,124.75,124.16,122.5,119.91,116.79,113.51,110.09,106.87,103.6,100.62,97.786,95.197,92.804,90.41,88.066,85.868,83.719,81.667,79.665,77.809,76.099,74.78,73.901,73.364,73.12,73.071,73.168,73.51,73.999,74.487,74.976,75.562,76.099,76.636,77.027,77.369,77.613,77.809,77.906,77.858,77.662,77.369,76.881,76.343,75.904,75.66,75.464,75.122,74.634,74.097,73.755,73.217,72.631,72.045,71.654,71.557,71.361,71.117,70.677,70.042,69.407,69.066,68.87,68.626,68.284,67.991,67.698,67.356,74.878,78.688,84.305,90.606,96.321,100.91,104.87,108.53,111.95,114.69,116.49,117.57,118.11,118.3,118.2,117.81,117.18,116.35,115.22,113.86,112.19,110.19,107.95,105.5,103.06,100.62,98.323,95.979,93.781,91.68,89.727,87.968,86.503,85.233,84.11,83.182,82.351,81.667,81.228,80.935,80.69,80.349,80.104,79.909,79.762,79.762,79.762,79.616,79.421,79.176,79.176,79.372,79.762,80.104,80.349,80.3,80.055,79.665,79.567,80.055,80.935,81.618,81.814,81.667,81.667,81.716,81.667,81.374,81.13,80.886,80.593,80.349,80.153,80.104,80.055,79.86,79.567,79.225,78.932,78.541,78.053,77.564,77.027,76.636,76.099,75.611,75.122,74.731,74.487,74.292,73.901,73.413,73.071,72.778,72.68,72.387,71.996,71.654,71.557,71.557,71.508,71.361,71.166,70.97,70.97,71.312,72.485,75.22,79.86,85.819,91.68,96.467,100.42,104.14,107.8,111.12,113.61,115.37,116.44,117.23,117.76,117.86,117.67,117.03,116.2,115.13,113.66,111.8,109.31,106.82,104.58,102.47,100.13,97.542,95.099,93.097,91.192,89.385,87.822,86.503,85.379,84.403,83.67,83.035,82.351,81.472,80.739,80.495,80.739,81.179,81.57,81.912,82.107,81.814,80.935,80.104,79.762,79.616,79.567,79.372,79.03,78.541,77.809,77.125,76.783,76.881,77.027,77.027,76.978,76.929,76.978,77.027,77.027,77.027,76.929,76.783,76.929,77.369,77.809,78.053,78.102,78.004,77.76,77.467,77.369,77.467,77.76,78.004,78.199,78.297,78.297,78.248,78.102,78.199,78.297,78.492,78.541,78.297,77.809,77.223,76.734,76.49,76.294,76.197,76.001,75.562,74.976,74.438,73.999,73.657,73.608,73.657,74.487,76.734,80.935,86.552,92.364,97.102,100.57,103.06,105.26,107.31,108.97,110.19,110.97,111.61,112.05,112.24,112.1,111.61,110.83,109.56,108.29,107.16,105.85,104.28,102.38,100.37,98.323,96.076,93.781,91.436,89.189,87.236,85.721,84.745,84.061,83.377,82.595,82.058,81.716,81.423,81.179,80.984,80.935,80.935,80.788,80.349,80.007,79.811,79.86,80.104,80.446,80.69,80.935,81.13,81.277,81.618,81.814,82.009,82.058,82.058,81.863,81.667,81.472,81.228,80.935,80.593,80.446,80.446,80.495,80.544,80.544,80.349,80.055,79.665,79.372,79.176,79.03,79.03,79.127,79.176,79.176,79.127,78.981,78.981,78.981,78.883,78.541,78.297,78.346,78.59,78.883,78.883,78.688,78.346,78.004,77.809,77.858,78.053,78.297,78.248,78.004,77.418,76.881,76.441,76.49,77.613,80.495,85.282,91.241,97.102,102.13,106.28,110.05,113.32,115.91,117.81,119.13,119.91,120.35,120.3,120.01,119.18,117.91,116.25,114.25,111.95,109.56,107.51,105.8,104.18,102.28,100.13,97.737,95.441,93.341,91.534,89.971,88.603,87.48,86.552,85.575,84.598,83.914,83.572,83.182,82.791,82.693,82.693,82.693,82.693,82.84,83.035,83.133,83.133,83.133,83.035,82.84,82.595,82.302,82.107,82.058,82.009,81.863,81.667,81.57,81.472,81.374,81.179,80.984,80.886,80.495,79.86,79.323,78.932,78.737,78.688,78.541,78.444,78.297,77.906,77.223,76.636,76.539,76.685,76.246,75.464,74.731,74.438,74.341,74.438,74.536,74.683,74.634,74.243,73.755,73.413,73.51,73.608,73.51,73.12,72.631,72.24,72.094,72.192,72.289,72.24,72.045,71.654,71.41,71.41,72.192,74.292,78.346,84.158,90.41,95.93,100.47,104.43,107.99,111.07,113.51,115.42,116.93,117.76,117.42,116.3,115.13,114.34,114,113.22,111.85,109.85,107.41,104.82,102.13,99.544,97.102,94.904,92.804,90.752,88.701,86.747,85.038,83.572,82.253,81.179,80.349,79.762,79.323,79.03,78.883,78.786,78.737,78.59,78.444,78.053,77.564,76.978,76.636,76.49,76.539,76.734,76.929,77.125,77.223,77.369,77.418,77.564,77.662,77.906,78.248,78.541,78.737,78.883,78.786,78.59,78.346,78.297,78.297,78.248,78.199,78.053,77.906,77.906,78.004,78.004,77.906,77.662,77.369,77.027,76.734,76.49,76.343,76.246,76.099,75.904,75.611,75.22,74.927,74.78,74.683,74.487,74.292,74.194,74.097,74.097,74.292,74.487,74.536,74.438,74.194,73.803,73.364,72.924,72.729,72.973,74.487,77.809,82.937,88.603,93.976,98.567,102.47,105.8,108.48,110.63,112.29,113.37,113.9,114.05,113.86,113.17,112.05,110.73,109.26,107.55,105.75,103.79,101.69,99.447,97.053,94.66,92.364,90.166,87.968,85.868,83.865,82.302,81.179,80.055,78.981,78.248,77.76,77.223,76.881,76.685,76.294,75.464,74.292,73.12,72.24,71.85,71.996,72.192,72.24,72.631,73.608,74.683,75.366,75.464,75.562,75.806,76.343,76.881,76.978,76.929,77.125,77.467,76.49,73.413,70.629,71.996,77.613,82.693,83.133,80.3,77.76,76.978,77.369,77.662,77.662,77.223,76.294,74.292,71.947,71.605,74.976,80.251,83.426,83.23,80.935,77.613,74.536,73.12,73.559,74.194,73.999,73.168,72.436,71.85,71.508,70.97,70.091,68.675,67.307,67.063,68.479,70.384,71.361,71.605,72.875,76.441,81.912,87.675,92.218,95.539,98.812,103.01,107.95,112.24,114.98,116.35,117.03,117.37,117.13,116.3,115.22,114.1,112.98,111.76,110,107.8,105.26,102.72,100.37,98.372,96.76,95.441,94.074,92.218,90.117,88.115,86.601,85.673,85.135,84.549,83.816,82.986,82.498,82.253,82.058,81.863,81.57,80.886,79.86,79.127,79.372,80.251,80.935,81.13,81.13,81.179,81.423,81.814,82.253,82.742,83.377,83.914,84.158,84.061,83.865,83.719,83.816,84.158,84.598,84.842,84.842,84.94,85.135,85.379,85.477,85.575,85.575,85.575,85.575,85.575,85.477,85.477,85.477,85.477,85.624,86.063,86.698,86.698,85.624,84.256,83.572,83.67,83.816,83.572,82.84,82.449,82.547,82.742,82.351,81.277,79.86,78.883,78.59,78.932,79.03,78.786,78.59,79.225,81.423,85.282,90.606,96.662,102.57,107.16,110.44,113.37,116.64,119.23,120.11,119.67,120.3,123.28,126.51,126.95,124.31,120.94,118.5,116.98,115.22,112.73,109.8,106.87,104.18,101.69,99.447,97.591,96.076,94.513,92.56,90.069,87.431,85.282,84.256,84.012,83.816,83.23,82.449,81.814,81.472,81.472,81.472,81.423,81.228,80.984,80.935,81.179,81.228,80.935,80.495,80.495,80.935,81.57,82.009,82.156,82.498,83.035,83.475,83.377,82.791,82.498,82.547,82.742,82.742,82.595,82.449,82.302,82.107,81.863,81.57,81.228,80.935,80.69,80.495,80.349,80.251,80.104,79.86,79.469,79.127,78.737,78.541,78.688,79.176,80.007,80.593,80.251,79.176,79.323,81.814,85.184,86.845,86.503,85.917,86.698,88.31,89.385,89.238,88.603,87.431,85.477,83.182,81.228,79.176,76.343,73.559,72.485,73.217,74.731,76.05,77.467,79.616,82.693,86.552,91.534,97.542,103.99,110,114.54,116.88,116.98,116.3,116.2,116.64,116.98,116.88,116.25,114.93,113.07,110.97,109.07,107.36,105.85,104.23,102.57,100.62,98.567,96.418,94.318,92.413,90.752,89.287,87.968,86.845,85.966,85.233,84.696,84.012,83.279,82.693,82.498,82.595,82.351,81.423,80.69,80.788,81.374,81.814,82.058,82.449,83.182,83.914,84.256,84.158,83.816,83.426,83.23,83.133,83.133,83.035,83.035,83.035,83.035,82.986,82.937,82.791,82.547,82.107,81.472,80.886,80.446,80.251,80.251,80.251,80.007,79.616,79.127,78.688,78.297,77.906,77.467,77.125,76.685,76.246,75.855,75.66,75.66,75.66,75.562,75.366,75.318,75.366,75.464,75.464,75.415,75.366,75.415,75.611,75.66,75.66,75.464,75.171,74.731,74.438,74.438,75.22,77.662,81.863,87.284,92.853,97.884,102.28,106.28,109.51,111.66,113.22,114.54,115.66,116.3,116.3,115.91,115.47,114.93,114.1,112.98,111.56,109.75,107.95,106.14,104.23,102.04,99.789,97.542,95.441,93.292,91.387,89.482,87.724,86.112,84.696,83.426,82.498,81.863,81.423,81.13,80.935,80.788,80.69,80.593,80.495,80.446,80.251,80.153,80.495,81.423,82.253,82.253,81.618,81.472,82.107,82.84,83.035,82.937,83.133,83.475,83.816,83.865,83.621,83.279,82.986,82.742,82.595,82.595,82.351,81.618,80.544,79.616,79.127,79.03,79.03,79.03,78.883,78.541,78.199,77.809,77.613,77.467,77.369,77.125,76.783,76.539,76.441,76.343,76.343,76.246,76.001,75.562,75.073,74.634,74.243,74.048,73.999,73.999,73.999,73.999,73.852,73.657,73.51,73.315,73.315,73.755,75.171,78.102,82.742,88.359,93.927,98.86,103.26,107.07,110.39,112.98,114.93,116.3,117.23,117.76,117.76,117.47,117.37,117.18,116.1,113.76,111.07,108.82,107.07,105.26,103.26,101.3,99.3,97.053,94.562,92.071,89.824,87.871,86.308,84.989,83.719,82.693,81.814,81.277,81.13,81.13,81.179,81.228,81.277,81.277,81.374,81.618,82.009,82.449,82.742,82.84,83.035,83.426,83.865,84.305,84.745,84.989,85.135,85.233,85.282,85.282,85.428,85.477,85.575,85.477,85.379,85.184,84.94,84.696,84.354,83.914,83.377,82.791,82.156,81.618,81.423,81.814,82.498,82.498,81.032,78.981,77.662,77.564,78.053,78.346,78.346,78.102,77.858,77.564,77.369,77.223,77.027,76.734,76.441,76.441,76.734,76.978,77.174,77.027,76.881,76.685,76.441,76.294,76.343,76.881,78.004,80.349,84.549,90.313,96.614,102.67,108.09,112.88,116.98,120.35,122.99,124.94,126.07,126.41,126.16,125.29,123.87,122.01,119.91,117.76,115.37,112.68,109.75,106.92,104.58,102.43,100.23,97.981,95.539,93.195,90.997,88.994,87.382,85.868,84.549,83.377,82.302,81.472,80.935,80.69,80.593,80.495,80.251,80.055,80.055,80.251,80.495,80.788,81.032,81.179,81.228,81.374,81.472,81.667,81.912,82.107,82.302,82.791,83.621,84.256,84.256,83.621,82.986,82.742,82.791,82.937,83.279,84.012,83.914,82.449,80.495,79.567,79.567,79.567,79.176,78.932,79.176,79.665,79.567,78.492,76.978,76.001,76.246,77.369,78.346,78.297,77.467,76.441,75.611,75.122,74.731,74.438,74.097,73.999,73.999,74.097,74.194,74.194,74.097,73.901,73.657,73.364,73.071,72.729,72.729,73.852,76.783,81.814,88.066,94.367,100.03,105.16,109.8,113.9,117.37,119.91,121.72,122.94,123.48,123.43,122.75,121.43,119.77,117.67,115.47,113.07,110.29,107.26,104.23,101.45,98.763,96.076,93.488,90.997,88.603,86.356,84.354,82.498,80.886,79.762,79.03,78.59,78.199,77.858,77.662,77.613,77.662,77.809,78.102,78.444,78.786,79.176,79.567,79.909,80.495,81.032,81.667,82.302,82.791,83.182,83.621,84.012,84.403,84.696,84.793,84.793,84.696,84.549,84.403,84.158,83.914,83.572,83.133,82.547,81.912,81.277,80.69,80.153,79.762,79.323,78.883,78.492,78.102,77.809,77.418,77.027,76.539,76.197,75.806,75.464,75.171,74.976,74.731,74.487,74.243,73.901,73.608,73.364,73.12,72.973,72.875,72.778,72.729,72.68,72.485,72.192,71.85,71.654,72.094,74.097,78.297,84.403,90.997,96.858,101.89,106.48,110.88,114.78,117.81,119.91,121.38,122.31,122.79,122.79,122.11,120.79,118.89,116.49,113.86,111.17,108.53,105.85,103.11,100.23,97.444,94.66,92.169,89.873,87.871,86.161,84.598,82.742,80.69,78.932,78.102,77.906,77.662,77.369,77.027,76.929,76.978,77.174,77.418,77.76,78.199,78.688,79.127,79.567,80.104,80.69,81.228,81.814,82.253,82.693,83.035,83.377,83.719,84.061,84.305,84.354,84.305,84.061,83.719,83.426,83.035,82.547,82.058,81.472,81.032,80.739,80.495,80.251,79.86,78.932,77.662,76.734,76.343,76.294,76.197,75.806,75.415,75.073,74.634,74.048,73.608,73.364,73.217,73.168,72.973,72.778,72.68,72.533,72.289,71.947,71.41,70.677,70.091,70.384,71.312,71.947,71.801,71.654,73.071,76.783,82.595,89.434,95.93,101.35,105.75,109.75,113.76,117.32,119.62,120.74,121.67,122.94,123.62,122.35,119.37,116.05,113.61,111.95,110.09,107.7,104.87,101.99,99.3,97.053,95.099,93.243,91.29,89.434,87.529,85.575,83.719,82.156,81.13,80.446,80.007,79.665,79.225,78.737,78.248,77.662,77.223,76.881,76.685,76.685,76.734,76.685,76.441,76.099,75.904,76.001,76.197,76.343,76.636,76.978,77.467,78.102,78.932,79.86,80.984,81.618,81.618,81.13,80.69,80.544,80.69,80.984,81.277,81.423,81.374,81.374,81.667,82.253,82.791,82.84,82.498,82.058,81.667,81.374,81.032,80.788,80.544,80.349,80.007,79.225,78.346,77.467,76.783,76.246,75.66,75.171,74.878,74.634,74.487,74.438,74.341,74.194,73.803,73.364,73.217,73.901,76.001,80.055,85.966,92.853,99.495,105.41,110.73,115.57,119.67,122.79,125.04,126.51,127.24,127.29,126.51,124.85,122.55,119.81,116.93,114.1,111.41,108.82,106.19,103.6,101.01,98.372,95.734,93.292,91.045,88.945,86.845,84.989,83.279,81.814,80.495,79.372,78.492,77.662,76.978,76.685,76.49,76.246,75.904,76.099,76.929,77.76,78.102,78.199,78.297,78.688,79.225,79.811,80.446,81.032,81.716,82.498,83.133,83.719,84.354,84.989,85.624,86.161,86.698,86.943,86.943,86.552,85.819,84.696,83.426,82.253,81.179,80.349,79.811,79.225,78.688,78.053,77.418,76.978,76.539,76.099,75.562,74.927,74.438,74.048,73.852,73.755,73.608,73.364,72.973,72.533,72.094,71.801,71.508,71.215,71.117,71.068,71.117,71.361,71.654,72.045,72.387,73.12,75.171,79.421,85.575,92.413,98.763,104.23,109.26,113.81,117.76,120.89,123.14,124.5,125.19,125.19,124.41,122.79,120.6,118.2,115.61,112.93,110.09,107.36,104.67,102.04,99.447,96.809,94.22,91.729,89.434,87.236,85.233,83.572,82.058,80.886,79.909,79.176,78.59,78.199,77.858,77.662,77.564,77.613,77.76,77.858,78.102,78.297,78.492,78.688,79.03,79.616,80.3,80.984,81.472,81.814,81.863,82.009,82.302,82.595,82.791,82.693,82.449,82.156,82.107,82.253,82.547,82.791,82.791,82.498,81.716,80.886,80.007,79.372,78.883,78.541,78.297,78.004,77.564,77.174,76.783,76.49,76.099,75.66,75.073,74.341,73.755,73.315,73.071,72.973,72.973,72.973,72.875,72.68,72.387,72.045,71.801,71.752,71.654,71.557,71.41,71.557,72.68,75.855,81.374,88.261,94.904,100.62,105.41,109.75,113.61,116.98,119.62,121.57,122.75,123.28,123.04,121.91,120.01,117.62,115.32,113.07,110.92,108.63,105.99,103.11,100.13,97.297,94.611,92.169,89.824,87.529,85.575,83.816,82.302,81.13,80.104,79.323,78.59,78.004,77.76,77.76,77.906,78.102,78.053,77.906,77.858,78.053,78.59,79.323,79.909,80.251,80.446,80.544,80.739,81.032,81.374,81.716,82.107,82.449,82.547,82.547,82.498,82.302,82.107,81.912,81.814,81.667,81.618,81.57,81.57,81.374,80.935,80.251,79.372,78.59,78.199,77.858,77.418,76.539,75.66,75.122,74.976,75.073,75.171,75.415,75.66,75.757,75.464,74.927,74.194,73.657,73.413,73.217,72.973,72.875,72.924,72.924,72.631,72.24,72.485,73.608,75.855,79.421,84.598,90.801,96.76,101.79,106.24,110.39,114.1,117.18,119.57,121.23,122.16,122.31,121.48,120.01,118.06,116,113.76,111.41,108.97,106.38,103.6,100.91,98.421,96.125,93.878,91.632,89.238,86.943,84.842,83.279,82.253,81.57,80.984,80.349,79.665,79.03,78.59,78.541,78.786,79.323,79.665,79.909,80.007,80.007,80.104,80.349,80.935,81.57,82.253,82.986,83.865,84.598,84.842,84.598,84.012,83.279,82.693,82.498,82.791,83.377,83.426,82.742,82.009,81.618,81.618,81.618,81.374,80.788,79.86,78.932,78.541,79.127,80.3,81.277,81.423,80.886,79.909,78.346,76.539,75.22,74.976,75.562,76.099,76.099,76.099,76.734,77.467,76.881,75.318,74.487,75.073,75.806,75.855,75.611,75.806,76.539,77.76,79.616,83.035,88.31,94.806,101.6,107.99,113.61,118.3,121.87,124.41,126.12,127.29,127.87,127.73,126.95,125.38,122.84,119.47,115.61,111.85,108.73,106.43,104.62,102.82,100.57,97.786,94.758,91.925,89.531,87.724,86.259,84.793,83.426,82.302,81.57,81.13,80.984,81.13,81.374,81.618,81.716,81.57,81.277,81.179,81.277,81.814,82.498,83.279,84.012,84.598,85.038,85.184,85.184,84.989,84.842,84.793,84.745,84.696,84.549,84.354,84.256,84.061,83.865,83.426,82.595,81.374,80.544,80.593,80.788,80.3,79.665,79.469,78.883,77.418,76.881,78.932,81.863,82.498,80.251,76.734,73.657,72.485,73.657,75.66,76.539,76.197,75.171,74.097,73.217,72.436,71.996,72.631,73.364,72.436,70.287,69.31,70.726,73.559,76.978,82.253,90.069,98.616,105.55,110.53,114.98,120.3,125.19,125.58,119.77,113.81,115.57,123.82,130.07,129.29,121.91,112.54,106.72,105.6,107.16,110.68,114.05,111.85,103.11,94.416,89.531,85.966,83.426,85.038,91.192,96.614,94.806,85.721,76.734,74.683,78.59,81.912,81.179,79.03,78.59,80.3,82.156,82.302,80.349,77.32,73.559,70.042,68.479,69.261,71.312,73.315,74.976,76.783,79.372,83.035,86.943,87.675,82.791,75.806,74.341,81.716,92.657,99.154,97.688,91.387,86.698,86.112,87.138,86.259,83.279,80.007,77.613,76.539,75.757,74.243,73.413,75.66,80.446,83.816,83.816,81.716,79.909,78.786,77.125,74.976,75.122,78.492,80.935,78.541,73.315,69.603,68.919,70.189,71.557,71.752,70.091,67.991,67.6,70.287,75.22,80.544,85.966,92.95,100.91,107.6,112.44,115.86,117.67,117.42,116.98,118.59,121.91,124.36,124.02,121.28,118.11,116.1,115.81,115.42,112.54,107.07,101.89,99.105,97.053,94.318,92.315,92.364,93.341,93.488,91.436,87.236,82.058,77.027,73.315,73.51,79.567,86.601,86.845,80.495,74.292,72.289,73.315,74.927,76.05,77.223,79.176,81.277,82.009,80.69,78.59,77.369,78.053,80.153,82.302,83.377,83.719,84.158,84.745,84.696,83.621,82.058,81.423,81.863,81.863,81.228,81.814,84.256,85.135,82.547,79.127,77.467,77.369,76.929,74.634,70.97,70.189,74.927,79.86,77.223,69.066,64.914,69.114,76.881,81.472,80.788,77.027,73.803,73.168,74.731,76.099,76.05,74.78,73.413,72.485,72.045,71.85,72.192,73.803,77.32,82.449,88.506,94.758,100.91,106.19,109.17,110.83,114,118.74,120.6,117.18,112.63,114.1,122.26,129.39,129.19,123.38,116.93,112,108.24,105.11,102.38,99.935,97.493,94.367,90.948,88.261,86.845,85.966,84.842,83.182,81.13,79.127,77.613,77.32,78.444,80.153,81.472,81.912,81.716,80.984,80.153,79.469,78.932,78.444,78.053,78.004,78.59,80.007,81.667,83.035,83.572,83.23,82.595,82.351,82.547,83.133,83.572,83.377,82.547,82.009,82.009,82.351,82.595,82.498,81.863,80.886,80.055,79.665,79.616,79.421,78.981,78.541,78.346,78.346,78.199,77.662,76.929,76.343,76.246,76.246,76.246,76.099,76.099,76.197,76.099,75.904,75.757,75.415,74.634,73.315,72.24,71.996,72.68,73.852,75.171,76.734,79.469,84.354,90.801,97.346,103.01,107.7,111.8,115.86,119.91,123.58,125.87,126.8,126.51,125.29,123.72,122.11,120.6,118.94,116.88,114.2,111.07,107.75,104.67,101.94,99.447,97.884,97.297,96.858,95.051,91.534,87.187,83.572,82.009,82.107,82.791,83.572,84.158,84.598,84.598,83.914,82.742,81.423,80.544,80.007,79.762,79.762,80.153,80.935,81.814,82.498,82.791,82.84,82.937,83.035,83.279,83.572,83.621,83.426,82.937,82.693,82.791,82.937,82.84,82.595,82.351,82.302,82.253,81.912,81.423,80.788,80.495,80.593,80.886,80.886,80.593,80.251,79.762,79.323,79.127,79.421,80.055,80.153,79.567,78.346,77.369,76.783,76.294,75.66,75.171,75.171,75.366,75.415,75.122,74.78,74.634,74.536,74.487,74.634,75.464,78.248,83.279,90.166,97.346,103.84,109.41,114.05,117.81,120.6,122.7,124.11,124.94,124.99,124.26,122.75,120.89,118.89,116.74,114.2,111.51,108.92,106.53,104.23,101.89,99.349,96.809,94.318,91.925,89.531,87.48,85.868,84.549,83.133,81.618,80.251,79.421,78.981,78.883,78.688,78.444,78.102,77.906,78.102,78.883,79.762,80.446,80.788,81.179,82.156,84.256,85.819,83.719,78.444,75.464,79.03,86.845,93.292,93.195,85.282,75.611,72.289,75.855,80.446,81.863,80.446,78.737,78.688,80.886,83.621,84.549,82.791,80.446,80.153,81.57,82.009,80.495,78.737,78.004,77.76,77.174,76.343,75.66,75.464,75.562,75.611,75.66,75.562,75.171,74.634,74.194,73.852,73.803,73.999,74.438,74.927,75.171,74.976,74.341,73.657,74.048,76.783,82.058,88.701,95.295,101.35,106.82,111.41,115.08,117.86,120.06,121.57,122.06,121.62,120.79,119.77,118.45,116.69,114.54,112.19,109.66,106.97,104.23,101.55,99.154,97.2,95.539,93.927,92.071,90.069,87.968,85.917,84.158,82.84,81.814,80.788,79.909,79.323,78.932,78.688,78.492,78.346,78.492,79.03,79.665,80.153,80.349,80.251,79.909,79.567,79.323,79.372,79.86,80.544,81.179,81.423,81.472,81.57,81.863,82.351,82.791,82.937,82.693,82.058,81.228,80.544,80.104,80.007,80.055,80.055,79.86,79.469,79.03,78.541,78.102,77.613,77.125,76.636,76.05,75.562,75.122,74.731,74.341,74.048,73.901,74.048,74.341,74.683,74.731,74.634,74.341,74.243,74.194,73.852,72.924,71.557,70.238,69.603,69.945,71.117,73.413,77.613,83.719,90.85,97.444,102.62,106.82,110.68,114.69,118.2,120.69,121.82,121.82,121.23,120.5,119.47,118.25,116.93,115.32,113.07,110.19,106.72,103.31,100.37,98.03,96.076,94.123,91.973,89.629,87.187,84.793,82.693,80.984,79.86,79.176,78.688,78.346,78.297,78.444,78.541,78.444,78.102,77.662,77.369,77.369,77.662,78.053,78.59,79.372,80.055,80.593,80.984,81.472,81.912,82.253,82.156,81.814,81.228,80.69,80.544,81.179,82.058,82.498,82.253,81.667,81.228,81.13,80.984,80.69,80.153,79.567,78.981,78.541,78.199,77.906,77.662,77.418,76.978,76.441,76.001,75.757,75.66,75.66,75.66,75.757,75.806,75.66,75.415,75.318,75.318,75.464,75.464,75.366,75.171,74.976,74.878,74.683,74.341,74.194,74.438,75.855,79.225,84.598,90.997,97.2,102.67,107.7,112.19,115.86,118.79,121.13,122.84,123.82,123.48,122.26,120.3,118.11,115.86,113.42,110.63,107.55,104.58,101.89,99.447,97.2,95.002,92.755,90.557,88.554,86.796,85.184,83.621,82.107,80.886,80.055,80.007,80.495,81.228,81.814,82.107,82.156,82.253,82.498,82.986,83.621,84.256,84.793,85.379,86.112,87.138,88.066,88.75,88.945,88.701,88.31,88.115,88.115,88.066,87.871,87.48,86.991,86.308,85.624,84.842,84.061,83.23,82.498,81.814,81.423,81.277,81.228,80.886,80.153,79.665,79.665,79.762,79.469,79.127,78.883,78.883,79.03,79.127,78.981,78.737,78.444,78.102,77.858,77.809,77.809,77.76,77.564,77.125,76.539,76.001,75.366,74.731,74.194,73.608,73.12,73.12,74.292,77.76,83.621,90.85,97.981,104.28,109.85,114.88,119.18,122.5,124.8,126.16,126.85,126.95,126.31,124.94,122.99,120.6,118.01,115.37,112.73,110.09,107.36,104.72,102.18,99.74,97.297,95.099,93.097,91.192,89.238,87.382,85.624,84.158,83.035,82.253,81.667,81.13,80.544,80.055,79.86,80.007,80.495,81.277,82.351,83.279,83.475,82.742,81.618,81.277,82.498,84.256,85.135,84.793,84.012,83.719,84.256,84.696,84.549,84.061,83.67,83.67,83.719,83.67,83.426,83.133,82.84,82.547,82.107,81.667,81.179,80.739,80.3,79.665,78.932,78.053,77.467,77.418,77.662,77.662,77.174,76.001,74.487,73.364,73.364,74.634,76.001,76.099,74.634,72.973,72.533,73.217,74.048,74.292,73.999,73.413,73.071,72.924,73.12,73.413,74.243,76.539,81.277,87.968,94.855,100.91,105.94,110.29,114.2,117.42,119.91,121.62,122.6,122.99,122.75,121.91,120.55,118.79,116.79,114.54,112.1,109.56,106.92,104.38,101.79,99.349,97.102,94.758,92.071,89.287,87.138,85.721,84.793,83.67,82.302,81.13,80.544,80.446,80.495,80.446,80.349,80.3,80.3,80.349,80.495,80.739,81.032,81.472,81.667,81.57,81.423,81.716,82.449,83.133,83.572,83.719,83.719,83.67,83.621,83.426,83.133,82.742,82.449,82.058,81.472,81.032,80.984,81.13,81.032,80.69,80.349,80.055,79.567,78.883,78.053,77.418,76.978,76.49,75.611,74.878,74.976,76.246,77.418,77.467,76.49,75.415,74.927,74.683,74.341,73.901,73.413,72.973,72.68,72.485,72.631,73.12,73.657,73.803,73.364,72.631,72.436,73.852,77.858,84.158,91.192,97.2,101.94,105.94,109.8,113.32,116.3,118.59,120.3,121.38,121.57,121.13,120.25,119.03,117.37,115.17,112.73,110.19,107.51,104.67,101.79,99.154,96.907,94.904,92.853,90.557,88.261,86.259,84.842,83.865,83.182,82.595,82.107,81.57,80.788,80.251,80.104,80.446,80.69,80.349,79.762,79.469,79.909,80.593,80.886,80.886,80.935,80.935,80.69,80.446,80.984,82.107,83.182,83.621,83.621,83.572,83.621,83.621,83.621,83.377,82.742,82.058,81.716,81.618,81.472,81.13,80.69,80.3,79.86,79.372,78.786,78.248,77.76,77.369,77.125,76.929,76.929,76.978,76.734,76.246,75.464,74.878,74.634,74.487,74.341,74.048,73.657,73.413,73.217,73.12,73.071,72.875,72.778,72.778,72.729,72.631,72.729,73.803,76.636,81.423,87.675,93.781,98.909,103.16,106.97,110.63,113.9,116.93,119.18,120.45,120.89,120.55,119.67,118.45,117.03,115.57,113.76,111.8,110,108.04,105.26,101.94,99.056,97.053,95.441,93.439,90.997,88.701,86.747,85.233,84.012,83.23,82.937,82.693,82.009,81.179,80.935,81.228,81.716,81.716,81.472,81.472,81.814,82.156,82.351,82.498,82.791,83.182,83.475,83.719,84.012,84.061,84.012,84.11,84.354,84.598,84.696,84.745,84.793,84.598,84.11,83.67,83.377,83.182,83.035,82.937,82.791,82.547,82.156,81.814,81.57,81.423,80.984,80.104,79.323,78.981,78.981,78.932,78.59,78.297,78.053,77.809,77.369,76.734,75.904,74.976,74.292,74.048,74.097,74.341,74.438,74.097,73.755,73.755,74.341,75.122,75.22,74.976,75.757,78.59,83.621,89.971,96.565,102.57,107.7,112,115.61,118.25,119.91,121.13,122.31,123.28,123.48,122.7,121.18,119.18,116.93,114.64,112.63,110.83,108.87,106.48,103.84,101.25,99.056,97.053,94.855,92.218,89.678,87.626,86.161,84.94,83.426,81.912,80.593,79.909,79.762,79.811,79.811,79.762,79.616,79.469,79.567,79.811,80.251,80.739,81.228,81.863,82.547,83.133,83.426,83.67,83.865,84.061,84.256,84.549,84.94,85.184,85.038,84.696,84.305,83.719,83.182,82.986,83.182,83.182,82.547,81.57,80.69,79.909,79.323,79.127,79.03,78.737,78.053,77.369,76.929,76.636,76.294,75.855,75.415,75.171,75.122,74.976,74.341,73.608,73.168,73.168,73.364,73.364,73.168,72.778,72.533,72.436,72.289,72.094,72.045,72.485,73.755,76.294,80.446,86.063,91.778,96.858,101.16,105.6,110.09,114.05,116.88,118.59,119.86,121.04,121.72,121.43,120.06,118.11,116.25,114.34,112.29,109.85,107.36,104.82,102.28,99.74,97.297,94.904,92.657,90.41,88.164,86.063,84.403,83.23,82.302,81.472,80.739,80.055,79.372,79.03,79.421,80.153,80.69,80.349,79.811,79.616,79.762,79.909,79.909,80.251,81.032,81.912,82.253,81.814,81.179,80.886,81.032,81.667,82.253,82.547,82.595,82.791,82.986,82.937,82.498,81.814,81.228,80.886,80.593,80.349,80.153,79.762,78.981,78.102,77.418,76.978,76.783,76.636,76.294,76.099,76.001,75.806,75.415,75.073,74.976,75.073,74.878,74.292,73.51,73.071,73.168,73.51,73.413,72.924,72.289,72.094,72.436,72.778,72.729,71.85,70.824,70.922,73.657,79.323,86.552,93.634,99.3,103.74,107.8,112.1,116.3,119.33,120.5,120.45,120.6,121.72,122.5,120.45,116.2,113.22,113.66,115.61,115.47,111.32,103.7,95.344,90.069,89.043,90.313,90.557,88.701,85.966,84.158,84.158,85.721,86.991,85.819,82.302,78.541,76.294,75.66,76.49,78.004,79.225,79.762,79.372,78.346,77.125,76.05,74.634,73.071,73.168,76.001,79.469,81.277,81.179,80.153,78.59,77.027,77.223,80.446,85.282,88.554,89.043,87.968,85.917,83.182,81.13,80.739,82.449,86.112,88.994,87.968,83.67,80.104,79.225,79.469,79.225,78.199,76.734,74.878,72.973,72.045,72.387,73.315,73.999,74.048,74.048,74.097,74.048,73.608,73.168,73.071,72.875,72.68,72.875,73.217,72.875,71.654,70.97,71.996,74.536,78.248,83.279,89.092,94.513,99.349,104.23,108.97,112.78,115.37,117.32,119.42,121.48,122.7,122.55,121.28,119.57,117.32,114.54,111.76,109.56,107.99,106.28,103.74,100.37,96.614,93.195,90.362,87.919,85.477,83.279,82.156,82.742,83.865,84.012,82.498,80.251,78.297,77.223,77.223,78.248,79.811,81.13,81.618,81.57,81.277,81.472,82.302,82.986,82.742,82.009,81.57,81.57,81.472,81.13,80.69,80.544,80.935,81.472,81.912,82.107,82.156,82.253,82.302,82.253,82.156,82.058,81.814,81.472,81.228,81.032,81.032,80.984,80.788,80.446,79.86,79.421,79.176,78.981,78.737,78.541,78.346,78.248,78.102,77.906,77.613,77.369,77.027,76.685,76.343,76.294,76.539,76.978,77.32,77.32,77.125,76.685,76.099,75.855,76.734,79.762,84.989,91.436,97.591,102.91,107.55,111.85,115.81,118.98,121.43,122.99,123.67,123.58,122.7,121.13,119.18,117.13,114.88,112.63,110.24,107.8,105.55,103.5,101.45,99.251,96.907,94.66,92.755,91.094,89.824,88.506,87.236,86.063,85.184,84.549,84.158,83.719,83.23,82.742,82.107,82.058,82.986,84.403,85.379,85.477,85.379,85.038,84.598,84.11,83.719,83.475,83.377,83.23,82.937,82.595,82.351,82.351,82.498,82.742,82.986,83.133,83.035,82.693,82.009,81.228,80.495,79.86,79.323,78.932,78.59,78.444,78.297,78.053,77.76,77.564,77.223,76.783,76.294,76.099,76.197,75.904,75.073,73.803,72.875,72.729,73.51,74.048,72.875,69.261,64.816,62.569,63.986,68.87,74.976,79.127,79.762,78.541,78.248,79.225,81.472,85.575,91.632,98.421,103.94,107.07,108.68,110.53,113.42,116.69,119.23,120.3,120.35,119.81,119.03,118.01,116.44,114.73,113.9,114.05,113.17,109.95,105.75,102.47,100.13,97.346,93.878,90.166,87.236,84.94,82.693,80.739,80.104,80.788,81.863,82.547,82.937,83.475,84.158,84.745,84.745,84.012,83.133,82.742,82.791,82.449,81.228,79.665,78.688,78.59,79.323,80.055,80.007,78.981,78.004,77.858,78.737,79.616,79.86,79.616,79.323,79.225,79.567,79.909,80.3,80.69,80.886,80.935,80.739,80.153,79.323,78.346,77.809,77.76,77.906,78.004,77.662,77.125,76.49,76.05,75.757,75.611,75.66,75.806,75.66,75.366,74.927,74.536,74.536,74.731,74.878,74.78,74.683,74.634,74.634,74.292,73.755,73.217,73.364,74.487,76.881,81.032,86.796,92.95,98.225,102.47,106.24,109.66,112.73,115.17,116.88,118.01,118.74,119.13,119.03,118.3,116.88,114.88,112.73,110.49,108.19,105.85,103.55,101.35,99.154,97.2,95.051,92.853,90.655,88.554,86.747,85.184,83.914,82.84,81.912,81.179,80.544,80.055,79.665,79.372,79.127,78.932,78.883,78.883,78.981,78.932,78.883,78.786,78.932,79.323,79.86,80.349,80.69,80.788,80.935,81.032,81.277,81.57,81.716,81.814,81.716,81.57,81.374,81.228,81.032,80.69,80.349,80.104,80.007,79.811,79.567,79.323,79.176,79.03,78.932,78.737,78.541,78.297,78.004,77.564,77.125,76.636,76.246,76.001,75.806,75.66,75.415,75.122,74.634,74.097,73.657,73.315,72.778,72.387,71.947,71.605,71.41,71.41,71.654,72.68,75.171,79.665,85.624,91.778,97.102,101.35,105.01,108.39,111.51,114,115.86,117.18,117.91,118.25,118.2,117.86,117.23,116.05,114.25,111.95,109.56,107.16,104.72,102.38,99.984,97.688,95.295,92.999,90.85,88.945,87.284,85.868,84.696,83.67,82.84,82.253,81.716,81.277,80.984,80.788,80.593,80.349,80.055,79.86,79.811,79.86,80.055,80.3,80.69,81.032,81.423,81.618,81.667,81.863,82.058,82.302,82.547,82.791,83.035,83.23,83.377,83.475,83.572,83.572,83.377,83.035,82.742,82.498,82.449,82.351,82.302,82.058,81.618,81.032,80.3,79.372,78.444,77.418,76.49,75.806,76.001,76.978,77.906,77.858,77.662,78.248,78.786,78.444,77.369,76.734,76.929,77.223,77.125,76.636,76.441,76.636,76.783,76.881,77.174,78.346,81.277,86.356,92.511,98.372,103.35,107.85,112.29,116.35,119.47,121.57,122.84,123.67,124.16,124.16,123.58,122.16,120.3,118.06,115.86,113.66,111.36,108.73,105.99,103.5,101.3,99.251,97.2,95.246,93.341,91.387,89.482,87.871,86.503,85.282,84.354,83.719,83.279,82.986,82.693,82.253,81.667,81.179,80.593,80.104,79.762,79.421,79.372,79.567,79.811,80.007,80.153,80.251,80.3,80.446,80.69,80.886,80.984,81.032,81.13,81.374,81.863,82.302,82.302,82.253,82.351,82.693,82.791,82.595,82.156,81.667,81.228,80.739,80.153,79.665,79.225,78.932,78.688,78.492,78.346,78.199,77.906,77.564,77.125,76.539,75.904,75.415,74.976,74.634,74.292,74.097,73.901,73.803,73.657,73.755,73.901,74.194,73.901,73.364,72.973,73.413,75.22,78.932,84.403,90.655,96.369,101.16,105.36,109.31,112.93,115.86,117.86,119.03,119.67,119.91,119.67,118.74,117.13,115.17,113.22,111.12,108.48,105.6,103.01,100.72,98.567,96.174,93.683,91.29,89.092,87.48,86.356,85.477,84.549,83.67,82.791,82.009,81.472,81.374,81.618,82.009,82.595,83.426,83.914,84.11,84.158,84.012,83.035,81.667,80.593,80.446,80.739,80.788,80.495,80.007,79.665,79.421,79.469,80.007,80.251,79.665,78.541,77.858,77.858,78.102,78.248,78.297,78.444,78.541,78.59,78.541,78.444,78.248,78.004,77.76,77.564,77.418,76.929,76.001,75.415,75.904,76.978,77.564,77.32,76.49,75.318,73.901,72.924,72.68,73.12,73.803,74.243,73.999,73.315,72.533,71.996,71.654,71.557,71.41,71.41,71.557,72.094,73.608,76.343,80.788,86.601,92.511,97.591,102.13,106.38,109.8,112.39,114.73,117.32,118.94,118.79,117.23,115.42,113.9,112.98,112.73,112.68,111.51,108.82,105.5,102.82,100.91,99.251,97.102,94.611,92.169,90.069,88.066,85.819,83.279,81.374,80.593,80.739,80.935,80.739,80.153,79.323,78.199,77.418,77.467,78.248,79.176,79.86,80.349,80.886,81.228,81.228,81.032,80.984,81.032,81.374,82.009,82.791,83.377,83.475,83.377,82.986,82.595,82.351,82.253,81.912,81.277,80.593,80.055,79.567,79.323,79.421,79.762,79.909,79.762,79.225,78.59,78.199,78.248,78.248,77.418,75.415,73.364,72.485,73.071,74.243,74.78,74.194,73.168,72.68,73.168,73.999,74.487,74.292,73.608,72.875,72.485,72.68,73.12,73.364,73.315,72.973,72.533,72.485,73.12,75.318,79.469,85.233,91.436,96.809,101.25,105.01,108.53,111.95,114.73,116.79,118.06,118.89,119.57,120.3,120.5,119.77,117.76,115.08,112.49,110.39,108.29,106.14,103.94,101.79,99.74,97.542,95.197,92.853,90.606,88.603,86.845,85.282,84.11,83.182,82.595,82.302,82.253,82.156,82.009,81.618,81.13,80.69,80.593,80.739,81.13,81.423,81.667,81.912,82.253,82.595,83.035,83.572,84.012,84.305,84.403,84.403,84.354,84.354,84.354,84.11,83.719,83.426,83.182,83.035,82.791,82.498,81.912,81.277,80.886,80.739,80.739,80.593,80.3,80.055,79.909,79.762,79.421,78.981,78.492,77.858,77.174,76.685,76.294,76.246,76.246,76.197,76.001,75.611,75.22,75.073,74.976,74.976,74.976,74.927,74.78,74.683,74.536,74.341,74.292,74.683,76.294,80.007,85.819,92.56,98.763,103.99,108.53,112.68,116.2,119.13,121.62,123.62,124.94,125.38,124.94,123.72,122.01,119.91,117.67,115.47,113.32,110.92,108.29,105.7,103.45,101.5,99.691,97.444,94.66,91.876,89.678,88.408,87.871,87.284,86.552,85.917,85.721,85.477,84.842,84.256,84.158,84.696,85.184,85.135,84.696,84.5,84.745,85.233,85.477,85.477,85.233,84.989,84.989,85.282,85.624,85.477,85.038,84.598,84.305,84.158,84.158,84.158,83.914,83.426,82.693,81.912,81.277,80.886,80.446,80.104,79.86,79.372,78.541,77.418,76.685,76.929,77.76,77.76,76.343,74.976,75.073,75.611,74.878,73.071,71.947,72.778,75.22,77.467,77.858,76.539,75.073,74.536,74.927,75.464,75.757,75.562,75.22,74.78,74.341,74.097,74.341,75.806,79.176,84.549,90.85,96.809,101.79,106.14,110,113.51,116.74,119.47,121.48,122.6,122.84,122.6,121.91,120.74,119.03,116.98,114.73,112.49,110.19,107.8,105.31,102.72,100.23,97.786,95.539,93.488,91.632,89.727,87.871,86.112,84.5,83.426,83.035,82.986,82.498,81.57,80.984,81.032,81.423,81.716,81.814,81.912,82.009,82.107,82.302,82.498,82.791,83.133,83.377,83.475,83.475,83.23,82.791,82.351,82.058,81.814,81.618,81.57,81.618,81.716,81.814,81.716,81.667,81.57,81.423,81.13,80.739,80.349,79.909,79.469,78.981,78.541,78.346,78.248,77.858,77.223,76.685,76.343,76.343,76.343,76.294,76.05,75.806,75.611,75.464,75.318,74.976,74.731,74.487,74.341,74.292,74.194,73.852,73.413,72.875,72.387,72.192,72.485,73.755,76.734,81.814,88.115,94.318,99.349,103.5,107.36,111.32,114.93,117.67,119.47,120.5,121.04,121.28,121.13,120.5,119.33,117.37,114.93,112.39,110.05,107.8,105.5,102.87,100.03,97.249,94.66,92.315,90.166,88.31,86.698,85.379,84.256,83.279,82.449,81.57,80.886,80.544,80.495,80.446,80.495,80.69,80.886,81.13,81.374,81.618,81.863,82.009,82.107,82.156,82.302,82.498,82.693,82.791,82.693,82.351,81.912,81.472,81.472,82.107,82.84,83.279,83.572,84.5,86.161,87.919,88.408,86.747,82.791,78.004,74.292,73.364,75.073,78.199,80.984,82.009,80.886,78.59,76.197,73.999,71.801,69.749,68.919,71.215,76.343,81.863,85.477,86.112,83.67,79.127,74.292,70.238,67.503,66.965,69.505,73.803,77.223,78.248,76.929,74.731,73.315,74.243,77.906,84.061,90.997,97.346,103.01,108.39,113.07,116.1,117.32,117.37,117.23,117.62,118.54,119.47,120.01,76.685,76.246,75.855,75.757,75.904,76.197,76.001,75.318,74.536,74.097,74.292,74.78,74.78,74.097,73.217,72.973,73.217,73.51,73.803,74.194,74.487,75.22,77.662,82.547,89.189,95.783,101.3,105.8,110.09,114.25,117.76,120.06,121.13,121.48,121.57,121.38,120.79,119.81,118.5,116.93,115.13,113.07,110.68,108.09,105.75,118.69,117.03,114.78,111.8,108.73,106.87,106.04,104.28,101.01,97.688,97.249,101.74,107.8,107.99,100.57,92.364,88.408,86.601,84.11,81.863,81.228,81.374,81.13,80.69,80.153,79.762,79.421,81.032,80.544,80.104,79.909,79.909,80.007,79.811,79.03,78.004,77.174,76.783,76.636,76.636,76.881,77.174,77.369,77.223,76.881,76.246,75.562,75.171,75.171,75.562,75.904,76.05,75.806,75.415,74.976,74.683,74.634,74.78,75.562,77.564,81.423,86.845,92.999,98.763,103.94,79.811,79.616,79.225,78.786,78.346,77.809,77.369,77.027,76.978,76.978,76.978,76.783,76.49,76.294,76.294,76.441,76.539,76.783,77.027,77.369,77.613,77.76,77.809,77.613,77.369,77.027,76.734,76.685,77.223,79.176,82.937,88.359,94.513,100.42,105.8,110.63,114.69,118.01,120.55,122.31,123.48,124.06,124.06,123.58,122.55,121.13,119.23,117.03,114.69,112.19,109.75,107.31,105.01,102.72,100.62,98.47,96.369,94.171,92.169,90.313,88.701,87.382,86.308,85.477,84.94,84.549,84.305,84.158,84.158,84.158,84.354,84.598,84.989,85.428,85.868,86.259,86.552,86.796,87.04,87.236,87.48,87.871,88.31,88.75,88.945,88.603,88.261,87.968,87.822,87.871,88.164,88.408,88.164,87.529,86.796,86.259,85.868,85.575,85.184,84.696,83.865,82.84,81.716,80.788,80.153,79.762,79.372,78.932,78.541,78.248,78.102,78.102,77.858,77.125,75.855,74.487,73.803,74.097,74.927,75.464,75.415,75.22,75.22,75.366,75.366,75.22,75.122,75.122,75.122,75.073,74.878,74.634,74.341,74.341,74.878,76.49,80.007,85.282,91.485,97.346,102.62,107.26,111.51,115.17,118.2,120.5,122.06,122.84,122.75,121.87,120.55,119.33,117.91,116.2,114.1,111.95,109.75,107.51,105.36,103.16,100.91,98.47,96.125,93.878,91.534,89.092,86.796,84.989,83.914,83.377,83.133,82.693,82.107,81.423,81.13,81.277,82.009,82.693,83.133,83.133,82.84,82.742,82.84,83.182,83.572,83.865,84.158,84.403,84.549,84.696,84.745,84.745,84.598,84.549,84.5,84.5,84.5,84.305,83.914,83.475,83.035,82.547,82.058,81.57,81.13,80.593,80.153,79.762,79.323,78.981,78.688,78.346,78.053,77.662,77.369,76.978,76.539,76.197,75.904,75.66,75.415,75.318,75.171,74.976,74.78,74.536,74.292,73.999,73.803,73.608,73.559,73.51,73.51,73.364,73.217,73.071,72.924,72.729,72.68,72.778,73.608,76.001,80.3,86.112,92.218,97.737,102.47,106.82,110.73,114.25,117.03,119.18,120.79,121.82,122.11,121.82,120.89,119.37,117.47,115.32,112.93,110.44,107.95,105.36,102.72,100.18,97.688,95.295,93.048,90.948,88.945,87.138,85.477,84.158,83.133,82.302,81.716,81.277,80.984,80.788,80.739,80.739,80.739,80.739,80.788,80.788,80.935,81.032,81.374,81.667,82.107,82.547,82.937,83.182,83.377,83.475,83.475,83.475,83.426,83.377,83.279,83.279,83.23,83.182,82.986,82.742,82.351,81.863,81.423,80.935,80.495,80.055,79.665,79.323,78.981,78.688,78.297,77.858,77.418,76.978,76.636,76.294,76.05,75.806,75.562,75.22,74.927,74.634,74.341,74.097,73.852,73.755,73.657,73.608,73.51,73.413,73.315,73.217,73.12,72.973,72.875,72.68,72.533,72.436,72.68,73.803,76.636,81.423,87.431,93.292,98.421,102.82,106.82,110.53,113.81,116.35,118.3,119.67,120.55,120.89,120.5,119.62,118.2,116.44,114.3,112,109.51,106.87,104.18,101.55,99.007,96.662,94.513,92.364,90.313,88.31,86.405,79.323,78.932,78.492,78.102,77.858,77.76,77.613,77.613,77.564,77.369,77.174,77.027,76.881,76.636,76.246,75.855,75.562,75.318,75.073,74.878,74.731,74.683,74.536,74.438,74.243,73.999,73.657,73.364,73.168,73.755,75.757,79.811,85.477,91.632,97.346,102.57,107.31,111.66,115.42,118.45,120.69,122.26,123.23,123.62,123.23,122.26,120.74,118.79,116.69,114.3,111.85,109.41,106.97,104.67,102.38,99.984,97.737,95.441,93.243,91.094,89.238,87.529,86.063,84.94,84.11,83.475,82.986,82.693,82.547,82.547,82.742,82.937,83.133,83.279,83.426,83.67,83.914,84.158,84.403,84.598,84.842,84.989,85.135,85.233,85.379,85.428,85.575,85.819,85.917,85.819,85.477,85.038,84.549,84.012,83.572,83.23,82.986,82.791,82.547,82.156,81.667,81.277,80.984,80.593,80.104,79.469,79.03,78.932,78.786,78.688,78.492,78.297,78.199,78.004,77.76,77.467,77.027,76.636,76.05,75.562,75.073,74.731,74.536,74.341,74.194,73.852,73.608,73.315,72.924,72.533,72.24,72.24,72.973,75.366,79.762,85.673,91.925,97.591,102.72,107.51,112,116,119.23,121.82,123.62,124.75,125.19,124.8,123.72,122.06,119.86,117.42,114.88,112.39,109.85,107.41,104.87,102.28,99.74,97.249,94.855,92.657,90.606,88.701,86.943,85.428,84.158,83.23,82.547,82.058,81.618,81.228,80.984,80.886,80.886,80.935,81.13,81.374,81.618,81.863,82.058,82.253,82.449,82.742,83.133,83.475,83.914,84.158,84.305,84.305,84.158,84.061,83.816,83.377,82.937,82.351,81.863,81.277,80.739,80.153,79.567,78.932,78.346,77.906,77.564,77.174,76.783,76.294,75.855,75.464,75.171,74.976,74.731,74.438,74.243,74.097,74.097,74.194,74.048,73.901,73.755,73.755,73.803,73.999,74.097,74.194,74.097,74.048,73.999,73.901,73.852,73.755,73.608,73.803,74.976,77.906,82.742,88.701,94.416,99.495,103.94,108.09,111.95,115.17,117.76,119.47,120.6,121.18,121.04,120.35,118.98,117.13,114.93,112.49,109.95,107.31,104.62,101.99,99.349,96.809,94.318,91.925,89.727,87.675,85.868,84.256,82.791,81.618,80.739,80.055,79.665,79.421,79.323,79.176,79.03,78.932,78.883,78.932,78.981,79.127,79.176,79.225,79.323,79.421,79.469,79.665,79.86,80.104,80.349,80.69,80.984,81.179,81.179,81.13,80.984,80.788,80.739,80.593,80.446,80.153,79.909,79.665,79.469,79.372,79.176,78.932,78.59,78.297,78.102,77.906,77.809,77.564,77.223,76.929,76.685,76.441,76.197,75.855,75.415,75.073,74.683,74.487,74.341,74.194,73.999,73.755,73.51,73.217,73.071,72.875,72.631,72.387,72.094,71.85,71.654,71.605,72.094,73.755,77.223,82.547,88.603,94.318,99.3,103.79,108.04,112,115.22,117.86,119.86,121.28,122.06,122.11,121.48,120.16,118.45,116.3,114,111.56,109.07,106.53,104.14,101.69,99.251,96.809,94.416,92.12,89.922,87.871,85.917,84.256,82.84,81.716,80.788,79.909,79.176,78.541,78.102,77.809,77.564,77.369,77.32,77.418,77.662,78.004,78.297,78.59,78.932,79.372,79.762,80.104,80.446,80.69,80.984,81.179,81.374,81.618,81.814,81.912,82.009,82.107,82.107,82.009,81.814,81.667,81.57,81.374,81.179,80.935,80.593,80.3,79.909,79.421,78.981,78.541,78.199,86.747,86.601,86.405,86.259,85.868,85.575,85.233,84.989,84.696,84.158,83.572,82.791,82.156,81.618,81.228,80.886,80.544,80.251,79.86,79.421,78.981,78.59,78.297,77.906,77.613,77.223,76.881,76.49,76.099,75.855,75.562,75.318,75.122,74.878,74.634,74.341,74.097,73.852,73.657,73.51,73.364,73.217,73.559,74.878,78.004,83.133,89.287,95.49,101.11,106.24,110.92,115.17,118.79,121.72,123.92,125.38,126.07,125.92,124.99,123.43,121.38,118.98,116.49,114,111.41,108.92,106.38,103.84,101.45,99.056,96.662,94.416,92.315,90.313,88.408,86.698,85.184,83.865,82.693,81.716,80.886,80.104,79.469,79.127,78.883,78.737,78.688,78.737,78.883,79.127,79.372,79.665,79.909,80.251,80.544,80.788,81.13,81.423,81.667,81.912,82.058,82.107,82.107,82.107,82.107,82.058,82.009,81.863,81.716,81.57,81.277,81.032,80.69,80.3,79.86,79.372,78.883,78.492,78.102,77.809,77.418,76.978,76.636,76.197,75.66,75.22,74.78,74.487,74.292,74.048,73.852,73.755,73.608,73.51,73.364,73.315,73.315,73.217,73.217,73.12,72.973,72.778,72.729,73.071,74.292,77.32,82.107,88.066,93.927,99.056,103.6,107.7,111.36,114.44,116.79,118.5,119.62,120.06,119.86,119.03,117.76,116,113.9,111.66,109.36,106.92,104.43,101.89,99.349,96.809,94.367,91.973,89.727,87.724,85.917,84.354,82.986,81.814,80.788,80.055,79.372,78.932,78.541,78.346,78.297,78.248,78.102,78.004,77.858,77.809,77.858,77.858,78.004,78.199,78.492,78.932,79.225,79.567,79.762,79.86,80.055,80.153,80.251,80.251,80.251,80.153,80.104,80.055,79.909,79.811,79.616,79.372,79.127,78.883,78.59,78.346,78.102,77.858,77.613,77.32,76.929,76.49,76.099,75.757,75.366,75.073,74.731,74.341,73.999,73.608,73.364,73.12,72.875,72.533,72.289,72.192,72.094,72.045,71.996,71.947,71.801,71.605,71.508,71.361,71.215,71.312,71.996,74.048,78.004,83.572,89.531,95.051,99.886,104.14,108.04,111.56,114.34,116.44,117.86,118.74,118.98,118.69,117.81,116.44,114.73,112.73,110.53,108.24,105.85,103.5,101.06,98.616,96.174,93.781,91.534,89.434,87.48,85.673,84.061,82.693,81.423,80.446,79.665,79.127,78.688,78.346,78.248,78.102,78.004,77.809,77.613,77.613,77.662,77.809,78.004,78.297,78.688,79.03,79.323,79.469,79.762,71.117,70.042,68.919,68.479,68.968,69.994,70.873,71.166,70.97,70.531,70.189,70.091,70.238,70.482,70.629,70.677,70.629,70.482,70.091,69.603,68.968,68.235,67.503,66.721,66.037,65.695,65.695,66.135,66.526,66.721,66.526,66.135,65.549,64.914,64.279,63.302,61.104,57.587,54.852,55.926,61.055,66.477,68.724,67.991,66.623,66.233,66.135,65.109,63.839,65.06,70.091,77.858,85.868,92.071,95.49,97.932,102.47,108.82,112.68,110.88,105.31,99.935,96.662,95.002,94.318,94.318,95.197,96.369,97.004,96.174,94.074,91.68,89.971,88.554,85.966,82.107,77.906,74.536,71.996,69.603,67.405,66.477,67.405,69.994,72.973,75.171,75.66,74.438,71.947,69.066,66.526,65.06,64.572,64.865,65.793,66.965,67.991,68.724,69.163,69.359,68.968,68.186,66.916,65.793,65.305,65.695,66.623,67.551,68.04,68.186,67.991,67.698,67.356,67.161,67.063,66.819,66.428,66.037,65.988,66.281,66.868,67.258,67.356,67.161,66.868,66.379,66.184,66.477,66.965,66.868,66.233,65.842,65.988,66.428,66.672,66.672,66.526,66.233,65.842,65.5,65.109,64.572,63.937,63.351,63.302,64.279,67.161,72.289,79.225,86.601,92.999,98.03,102.13,105.55,108.19,109.61,109.95,109.51,108.68,107.31,105.36,103.01,100.57,98.372,96.174,93.927,91.68,89.434,87.187,84.793,82.449,80.3,78.492,76.929,75.464,74.097,72.875,71.85,71.215,70.824,70.384,70.042,70.091,70.433,70.824,70.824,70.482,70.091,70.091,70.726,71.752,72.485,72.875,72.875,72.778,72.729,72.68,72.631,72.68,72.875,73.168,73.51,73.559,73.364,73.071,72.778,72.485,72.094,71.752,71.41,71.068,70.384,69.261,67.942,66.868,66.623,67.307,68.04,67.942,67.063,66.184,66.135,66.916,68.089,68.626,68.089,67.307,67.356,68.235,68.675,67.844,66.379,65.109,64.23,63.497,62.667,62.179,62.179,62.569,63.058,63.742,65.109,67.991,72.729,79.372,87.187,94.806,101.01,105.75,109.75,113.22,115.47,115.61,113.37,109.66,106.14,103.55,101.45,99.349,97.346,95.783,94.758,94.513,95.686,97.737,98.665,96.614,92.071,87.48,84.256,81.716,78.883,75.562,72.875,71.117,70.189,69.407,68.968,69.163,69.847,70.824,71.508,71.85,71.85,71.752,71.41,71.117,70.824,70.629,70.726,71.068,71.557,72.192,72.68,72.778,72.485,72.045,71.801,71.752,71.752,71.654,71.41,71.117,70.873,70.824,70.726,70.726,70.629,70.384,69.994,69.749,69.554,69.261,68.724,68.089,67.942,68.235,68.479,67.844,66.428,65.109,65.109,66.135,66.672,66.184,64.914,63.986,63.79,63.937,63.986,63.742,63.448,63.448,63.693,63.937,64.621,66.965,72.094,79.762,87.919,94.806,99.935,103.6,106.43,108.29,109.36,109.8,109.8,109.36,108.24,106.43,103.99,101.25,98.567,95.93,93.341,90.997,88.701,86.503,84.549,82.693,80.739,78.737,76.783,74.976,73.217,71.605,70.287,69.359,68.675,68.089,67.6,67.356,67.161,67.161,67.258,67.161,67.112,67.161,67.405,67.503,67.307,67.258,68.235,70.629,73.657,76.246,77.467,77.906,77.809,76.881,74.976,72.436,69.798,67.307,65.256,63.986,64.377,66.721,70.091,72.973,74.243,73.803,71.947,69.261,66.672,65.06,64.377,64.181,63.986,63.986,64.816,66.379,67.942,68.724,68.626,67.796,66.672,65.353,63.937,62.667,61.788,61.299,60.909,60.469,60.029,60.029,60.664,62.032,64.377,68.186,73.999,81.179,88.115,93.683,97.786,101.45,105.06,108.24,110.09,110.49,109.66,108.43,107.07,105.6,104.04,102.23,100.13,97.591,94.758,91.778,89.043,86.796,84.94,83.377,81.716,79.909,77.906,75.757,73.559,71.605,70.287,69.798,70.042,70.677,71.117,70.97,70.531,70.189,69.847,69.749,69.554,69.261,68.821,68.528,68.626,68.968,69.407,69.945,70.287,70.482,70.482,70.091,69.31,67.991,66.868,66.916,68.87,72.094,75.122,76.539,75.611,72.924,69.652,67.112,65.842,65.744,66.379,67.356,68.431,69.359,69.945,69.847,69.261,68.284,67.161,66.037,64.914,63.79,62.911,62.423,62.227,62.374,63.009,63.986,64.67,64.718,64.23,63.497,63.009,62.911,63.253,63.79,64.718,66.916,71.361,78.102,85.819,92.657,97.932,101.89,104.92,107.31,108.92,109.61,109.75,109.36,108.63,107.26,105.36,103.16,101.01,98.812,96.614,94.318,91.925,89.482,87.187,85.038,83.133,81.374,79.665,78.053,76.49,74.976,73.608,72.436,71.605,71.166,70.922,70.726,70.482,69.945,69.31,68.919,69.066,69.652,70.531,71.166,71.361,70.97,70.189,69.163,68.235,67.503,67.112,67.307,67.942,68.87,69.798,70.531,70.97,70.97,70.726,70.384,69.945,69.554,69.407,69.505,69.749,70.091,70.433,70.677,70.677,70.531,70.238,69.945,69.603,69.359,69.261,69.163,69.31,69.505,69.554,69.505,69.31,68.919,68.528,68.089,67.747,67.405,67.161,67.063,66.868,66.623,66.379,66.526,67.844,71.068,76.49,83.572,90.655,96.858,101.79,106.14,109.95,112.93,114.78,115.37,114.93,113.81,112.24,110.19,107.75,105.01,102.18,99.447,96.858,94.318,91.925,89.678,87.675,85.819,84.11,82.302,80.349,78.248,76.099,74.097,72.485,71.557,71.312,71.41,71.801,72.192,72.387,72.24,71.508,70.384,69.163,68.382,68.089,68.431,69.066,69.749,70.384,70.97,71.654,72.289,72.68,72.533,71.996,71.312,70.922,70.824,70.873,71.117,71.166,70.873,70.189,69.505,69.066,69.163,69.798,70.677,71.41,71.605,71.117,70.189,69.359,68.821,68.626,68.675,68.724,68.479,67.844,66.916,65.988,65.402,65.305,65.695,66.233,66.623,66.526,65.988,65.06,63.839,62.814,62.13,62.032,63.058,65.793,70.824,78.004,85.868,92.56,97.297,100.72,103.94,107.26,110.44,113.12,114.93,115.57,114.78,112.63,109.17,105.06,100.91,97.297,94.611,92.95,91.778,91.045,90.215,89.043,87.187,84.549,81.228,77.613,74.194,71.557,70.042,69.798,70.433,71.508,72.485,73.071,72.924,72.094,70.726,69.163,67.844,67.112,67.307,68.528,70.433,72.485,74.097,74.878,74.927,74.292,73.364,72.387,71.557,71.068,70.97,71.361,72.094,72.924,73.559,73.901,74.048,73.901,73.413,72.436,71.117,69.749,68.528,67.747,67.258,67.258,67.551,67.747,67.844,68.089,68.528,68.479,67.6,66.379,65.5,65.256,65.305,65.353,65.305,65.109,64.914,64.572,64.035,63.351,62.862,62.569,62.618,63.497,66.135,71.215,78.59,86.552,93.292,98.323,102.38,106.04,109.41,111.76,112.88,112.98,112.39,111.32,109.66,107.41,104.82,102.04,99.154,96.369,93.634,90.948,88.31,85.819,83.426,81.179,79.03,77.174,75.464,74.243,73.364,72.778,72.289,71.996,71.752,71.605,71.41,71.215,71.117,71.166,71.41,71.85,72.045,71.801,71.312,70.873,70.677,70.922,71.41,72.045,72.631,72.973,73.071,72.924,72.68,72.485,72.387,72.289,72.192,71.996,71.801,71.654,71.605,71.41,71.166,70.824,70.287,69.749,69.066,68.479,67.991,67.747,67.698,67.6,67.307,66.721,66.135,65.695,65.598,65.549,65.158,64.67,64.279,64.181,64.23,64.23,64.181,64.132,63.986,63.742,63.351,63.107,63.546,65.598,70.189,77.174,85.184,92.364,98.03,102.57,106.63,110.09,112.63,113.76,113.66,112.73,111.41,109.75,107.7,105.36,103.06,100.72,98.372,95.93,93.439,90.85,88.164,85.428,82.693,80.3,78.346,76.881,75.464,74.194,73.071,72.192,71.605,71.312,71.068,70.873,70.482,70.091,69.994,69.994,70.189,70.531,70.922,71.166,71.166,71.068,71.117,71.312,71.605,71.85,72.045,71.996,71.85,71.654,71.654,71.801,72.045,72.24,72.436,72.485,72.289,71.947,71.508,71.068,70.677,70.287,69.945,69.407,68.919,68.479,68.04,67.796,67.698,67.6,67.6,67.503,67.161,66.721,66.281,66.135,66.037,66.233,66.428,66.623,66.526,66.233,65.842,65.353,64.816,64.279,64.132,64.67,66.721,71.117,77.809,85.624,92.853,98.763,103.5,107.55,110.97,113.51,114.78,115.08,114.69,113.86,112.49,110.49,107.99,105.16,102.23,99.3,96.418,93.878,91.632,89.531,87.529,85.624,83.67,81.716,79.811,77.906,76.343,75.122,74.243,73.51,72.875,72.485,72.289,72.24,72.289,72.436,72.485,72.533,72.68,72.875,73.168,73.559,73.901,74.194,74.292,74.292,74.292,74.438,74.634,74.78,74.878,74.683,74.487,74.292,74.194,74.048,73.852,73.608,73.217,72.875,72.436,71.996,71.605,71.312,71.117,70.922,70.677,70.287,69.798,69.31,68.968,68.968,69.114,69.261,68.968,68.186,66.868,65.06,63.253,62.227,62.374,63.107,63.742,64.035,64.132,64.425,65.012,65.793,67.112,69.554,74.243,81.13,88.945,96.125,102.04,107.07,111.22,114.34,116.05,116.64,116.49,115.86,114.78,113.22,111.07,108.48,105.7,103.01,100.47,98.225,96.174,93.927,91.436,88.945,86.552,84.403,82.595,80.788,78.883,76.929,75.073,73.608,72.68,72.289,72.387,72.485,72.533,72.631,72.533,72.485,72.533,72.778,72.973,73.071,72.973,72.485,71.557,71.166,72.436,74.878,76.881,77.32,76.197,74.243,72.387,71.068,70.677,71.068,71.85,72.631,72.68,72.192,71.312,70.433,69.749,69.31,69.066,68.919,68.87,68.821,68.626,68.382,67.942,67.503,66.965,66.623,66.379,66.281,66.428,66.672,66.819,66.672,66.379,65.842,65.353,64.914,64.572,64.279,64.132,64.279,65.402,68.382,73.755,80.984,88.847,95.783,101.35,105.99,109.85,112.88,114.64,115.08,114.54,113.37,111.76,109.75,107.51,105.06,102.43,99.593,96.809,94.074,91.632,89.482,87.529,85.575,83.279,80.69,78.053,75.904,74.438,73.413,72.729,72.24,71.947,71.752,71.752,71.752,71.801,71.752,71.654,71.752,71.85,71.947,71.996,71.947,71.85,71.85,71.996,72.24,72.533,72.778,72.924,72.729,72.436,72.094,71.801,71.557,71.41,71.361,71.508,71.508,71.508,71.361,71.166,71.068,71.068,70.97,70.629,69.994,69.359,68.87,68.626,68.626,68.724,68.919,69.114,69.114,68.919,68.528,68.04,67.503,66.965,66.477,66.037,65.793,65.793,65.988,66.135,65.988,65.695,65.402,65.988,68.235,72.778,79.567,87.187,94.318,100.13,104.72,108.53,111.66,114.05,115.42,115.66,115.13,113.86,112.05,109.61,106.87,103.84,100.67,97.444,94.318,91.485,89.092,86.845,84.842,82.937,80.984,79.03,77.125,75.318,73.657,72.485,71.605,70.97,70.677,70.531,70.677,70.824,70.824,70.629,70.433,70.531,70.824,70.873,70.433,69.847,69.945,71.068,72.533,73.608,74.097,74.341,74.487,74.438,74.097,73.803,73.559,73.168,72.68,72.24,72.045,71.996,71.85,71.605,71.215,70.726,70.238,69.652,69.261,69.066,68.968,68.87,68.626,68.186,67.6,67.063,66.672,66.428,66.379,66.281,66.135,65.744,65.305,64.865,64.621,64.572,64.621,64.621,64.572,64.377,64.181,64.279,65.5,68.724,74.634,82.449,90.508,97.249,102.47,106.72,110.44,113.37,115.13,115.66,115.17,114,112.44,110.53,108.48,106.28,103.84,101.16,98.372,95.49,92.853,90.606,88.603,86.601,84.5,82.253,80.007,78.004,76.441,75.22,74.341,73.755,73.12,72.68,72.387,72.24,72.192,72.192,72.094,72.192,72.24,72.436,72.729,73.168,73.608,74.048,74.341,74.536,74.683,74.634,74.487,74.341,74.243,74.243,74.292,74.438,74.487,74.487,74.292,74.048,73.657,73.364,73.217,73.217,73.217,73.071,72.436,71.557,70.629,69.945,69.554,69.407,69.505,69.603,69.798,69.945,69.994,69.847,69.652,69.407,69.114,68.821,68.382,67.991,67.747,67.698,67.698,67.747,67.747,67.942,68.821,71.215,75.904,82.742,90.508,97.688,103.84,109.17,113.76,117.18,119.03,119.37,118.69,117.23,115.32,113.07,110.73,108.53,106.43,104.38,102.23,99.984,97.444,94.416,91.241,88.164,85.477,83.133,81.13,79.616,78.541,77.613,76.539,75.318,74.243,73.608,73.413,73.413,73.51,73.559,73.755,73.803,73.755,73.559,73.559,73.803,74.048,74.243,74.536,75.073,75.562,75.806,75.855,76.001,76.05,75.806,75.366,75.22,75.611,75.757,75.122,74.292,73.803,73.657,73.413,72.778,72.192,71.85,71.557,70.189,67.698,65.305,63.986,63.595,63.693,64.377,66.184,68.675,71.068,72.631,73.51,73.999,74.292,74.341,73.901,73.071,71.605,69.603,67.747,67.063,67.796,69.407,71.654,75.171,80.886,88.115,95.051,100.47,104.62,108.48,112.44,115.66,117.37,117.23,115.66,113.61,111.61,109.75,107.99,106.53,105.75,105.26,104.43,102.47,99.74,96.76,93.536,89.824,85.282,80.984,78.004,76.49,75.66,74.438,72.68,70.97,69.798,69.114,68.821,68.821,69.407,70.726,72.24,73.315,73.315,72.436,71.361,70.726,70.873,71.996,73.608,75.22,76.929,78.737,80.007,79.811,78.004,75.464,73.51,72.485,72.094,71.947,71.996,72.436,72.973,73.168,73.12,73.071,72.875,72.094,71.215,70.824,70.531,69.652,68.186,66.721,66.281,67.161,68.675,69.945,70.433,70.091,68.87,66.428,63.253,60.664,60.42,62.618,66.281,69.798,71.654,71.166,68.431,65.06,63.937,67.161,74.097,81.472,87.48,93.048,99.886,107.51,114.2,118.5,120.74,121.43,120.55,117.86,114.25,111.76,111.22,111.41,110.39,107.75,104.87,103.45,103.6,103.5,99.886,92.071,82.498,74.487,69.603,67.503,66.721,66.623,67.063,68.235,70.482,73.657,76.685,78.248,77.809,76.685,76.246,76.539,76.441,75.22,74.048,74.243,75.073,74.731,73.12,71.508,71.41,73.12,75.562,77.223,77.418,76.636,75.855,76.001,76.881,78.004,79.127,80.495,82.058,83.621,84.549,84.549,83.67,82.498,81.13,79.665,78.492,77.906,78.004,77.906,77.32,76.343,75.757,75.415,75.22,74.976,74.683,74.634,74.976,75.562,76.099,76.294,75.855,75.073,74.243,73.755,73.559,73.999,75.464,78.981,84.745,92.071,99.349,105.26,109.36,112.39,114.78,116.74,117.76,117.67,116.69,114.44,111.12,107.8,105.8,105.36,105.06,103.31,99.984,96.369,93.341,90.997,88.603,85.868,82.937,80.495,78.981,77.906,76.734,75.415,74.194,72.973,72.192,71.605,71.312,71.117,71.312,71.947,72.631,73.071,73.071,73.071,73.168,73.657,74.536,75.562,76.246,76.294,75.562,73.901,72.045,70.726,70.677,71.312,71.947,71.996,71.801,71.557,71.312,70.97,70.726,70.873,71.41,72.289,73.071,73.413,73.51,73.51,73.51,73.217,72.533,71.41,69.994,68.626,67.747,67.747,68.284,68.919,69.261,69.261,69.31,69.603,69.994,70.042,69.163,67.6,66.379,66.233,66.819,67.112,66.721,66.526,68.431,73.559,81.618,90.362,97.932,103.7,108.19,111.8,114.69,116.54,117.23,116.88,115.81,114.34,112.68,110.68,108.48,106.14,103.55,100.67,97.591,94.66,92.169,89.971,87.871,85.673,83.426,81.277,79.469,78.102,77.125,76.343,75.806,75.366,75.073,74.927,74.927,75.073,75.171,75.366,75.318,74.976,74.536,74.292,74.487,75.366,76.539,77.76,78.541,78.883,78.737,78.248,77.564,76.783,76.05,75.562,75.611,76.294,77.32,77.906,77.809,76.929,75.855,74.976,74.194,73.413,72.68,72.094,72.094,72.68,73.608,74.194,73.608,72.24,70.873,70.433,70.482,70.238,69.359,68.528,68.284,68.479,68.626,68.431,67.942,67.258,66.233,64.865,63.253,61.495,60.127,59.443,59.687,61.495,65.549,72.24,80.739,89.287,96.614,102.47,107.55,112.19,116.05,118.79,120.35,120.94,120.55,119.23,117.18,114.49,111.56,108.48,105.6,102.82,100.13,97.542,95.002,92.364,89.629,86.845,84.256,82.009,80.007,78.297,76.881,75.611,74.634,73.852,73.217,72.778,72.436,72.24,72.192,72.24,72.436,72.631,72.875,73.071,73.217,73.315,73.364,73.51,73.559,73.608,73.755,73.901,74.097,74.243,74.292,74.341,74.292,74.243,74.194,74.048,73.852,73.51,73.12,72.875,72.729,72.631,72.24,71.752,71.312,70.97,70.726,70.384,69.798,69.163,68.675,68.089,67.6,67.161,66.916,66.916,67.112,67.258,67.161,66.916,66.623,66.281,66.184,66.184,66.037,65.842,65.94,67.112,70.433,76.294,83.914,91.436,97.346,101.69,105.55,110,114.88,118.89,120.69,120.01,117.67,114.64,111.51,108.53,105.7,102.62,99.154,95.734,93.341,92.511,92.56,92.218,90.655,87.822,84.403,81.13,77.858,74.438,71.752,71.117,72.533,74.683,75.904,76.05,75.464,74.976,74.78,74.634,73.657,71.752,69.847,69.749,71.654,74.292,75.855,75.611,73.901,71.947,70.824,70.922,72.045,72.875,72.24,70.482,69.554,70.287,71.508,71.117,69.407,68.968,71.068,73.559,73.999,72.387,70.433,69.749,70.287,70.824,70.482,69.505,68.724,68.382,68.284,68.235,68.235,68.235,68.235,67.796,66.526,64.67,63.595,64.474,66.428,67.356,66.379,64.132,62.423,62.472,64.474,67.112,69.603,72.485,76.929,82.595,88.506,93.439,97.688,101.99,106.92,112.1,116.44,118.74,118.54,116.69,114.1,111.56,108.92,106.04,103.16,100.67,98.909,97.688,96.565,94.904,92.608,89.629,86.308,82.986,79.86,77.125,75.122,73.999,73.657,73.901,74.341,74.683,74.683,74.097,73.071,71.752,70.873,70.677,71.117,71.508,71.312,70.922,70.922,71.508,72.094,72.729,73.315,74.194,75.171,75.757,75.464,74.097,71.947,69.798,68.87,69.505,70.922,71.947,72.387,72.533,72.778,72.875,72.436,71.654,70.726,69.847,69.066,68.04,66.623,65.012,64.23,65.402,68.235,71.508,73.51,73.51,71.996,69.847,67.747,65.695,63.497,61.299,60.029,60.811,63.058,64.914,65.256,64.181,62.374,61.495,63.839,70.824,80.3,88.75,94.562,98.812,102.82,106.43,109.12,111.41,114,116.05,116,113.86,111.66,111.12,111.51,110.49,107.26,103.26,100.13,97.688,94.904,91.68,88.799,86.698,84.842,82.937,80.935,79.03,77.467,76.197,75.122,74.243,73.608,73.315,73.12,72.973,72.875,72.631,72.533,72.631,72.778,73.071,73.315,73.51,73.657,73.852,74.194,74.487,74.683,74.683,74.536,74.487,74.634,74.78,75.073,75.122,75.073,74.878,74.634,74.243,73.755,73.071,72.24,71.361,70.531,70.189,70.238,70.922,72.045,73.071,73.559,73.217,72.192,70.677,69.114,67.844,67.258,67.356,68.04,68.87,69.505,69.554,69.066,68.089,67.112,66.184,65.5,65.06,65.012,65.305,66.135,67.991,71.85,78.248,86.405,94.758,101.6,106.87,110.97,114.49,117.37,119.18,119.86,119.47,118.35,116.54,114.3,111.66,108.82,105.99,103.26,100.57,97.981,95.441,92.95,90.508,88.115,85.819,83.621,81.423,79.469,77.76,76.294,75.318,74.634,74.194,73.852,73.559,73.168,72.875,72.68,72.68,72.875,73.168,73.608,74.194,74.78,75.22,75.366,75.171,74.878,74.634,74.438,74.438,74.487,74.634,74.78,74.927,74.927,74.634,74.097,73.413,72.875,72.533,72.387,72.24,72.045,71.752,71.41,71.117,70.726,70.238,69.749,69.359,69.114,68.968,68.87,68.724,68.431,68.04,67.698,67.356,67.258,67.161,67.112,66.965,66.868,66.721,66.623,66.281,65.94,65.549,65.5,66.184,68.089,72.24,79.03,87.48,95.49,101.79,106.87,111.51,116.25,120.3,122.31,121.43,118.89,116.64,115.13,113.32,110.73,108.09,105.7,103.06,100.37,98.128,96.321,94.367,91.973,89.531,86.405,80.446,71.312,63.693,63.253,69.798,76.929,78.981,76.343,73.217,72.24,72.778,73.168,72.729,71.801,70.873,70.091,69.749,69.652,69.945,70.287,70.726,71.41,72.289,72.924,72.973,72.533,72.094,71.947,71.801,71.654,71.605,71.85,72.192,72.533,72.924,73.51,74.048,74.487,74.634,74.341,73.852,73.12,72.24,71.41,70.824,70.384,69.945,69.407,68.919,68.382,67.796,67.356,67.063,66.819,66.526,66.184,65.793,65.598,65.549,65.598,65.744,65.744,65.744,65.793,65.94,66.526,68.626,73.168,80.3,88.603,96.223,102.18,106.63,110.09,112.93,114.93,115.86,115.76,114.69,112.98,110.97,108.87,106.63,104.23,101.74,99.251,96.76,94.318,91.876,89.434,86.943,84.5,82.156,80.153,78.492,77.027,75.806,74.683,73.657,72.778,72.289,72.094,72.192,72.289,72.436,72.436,72.436,72.485,72.533,72.68,72.924,73.168,73.413,73.657,73.852,74.048,74.097,74.194,74.097,74.048,73.999,73.901,73.755,73.559,73.315,73.071,72.68,72.289,71.85,71.557,71.312,70.97,70.629,70.189,69.652,69.261,68.87,68.431,68.04,67.796,67.698,67.551,67.356,66.965,66.526,66.233,66.135,66.037,66.037,65.842,65.549,65.256,64.865,64.572,64.23,64.035,63.986,64.132,64.816,66.819,71.068,77.809,85.721,93.292,99.3,103.79,107.41,110.53,112.93,114.25,114.34,113.37,111.61,109.51,107.26,105.16,103.45,102.13,101.06,99.886,98.128,95.295,91.485,87.284,83.816,81.716,81.228,81.863,82.742,83.182,82.302,79.86,76.197,72.24,69.261,67.942,68.382,69.847,71.654,73.168,74.097,74.341,74.243,73.755,72.973,72.192,71.654,71.85,72.778,74.097,75.366,75.904,75.757,74.927,73.803,72.778,72.192,71.947,71.996,72.192,72.387,72.485,72.485,72.24,71.801,71.215,70.677,70.384,70.433,70.726,71.068,71.215,71.166,70.873,70.384,69.749,68.919,68.089,67.307,66.623,66.135,65.842,65.549,65.06,64.474,64.132,63.986,63.986,63.986,63.937,63.839,64.425,66.526,71.312,78.786,87.919,96.467,103.35,108.43,112.44,115.66,118.06,119.23,119.33,118.45,116.88,114.73,112.19,109.36,106.38,103.16,100.03,97.102,94.513,92.071,89.678,87.382,85.135,83.182,81.472,79.909,78.541,77.418,76.49,75.806,75.318,74.976,74.976,75.171,75.464,75.855,76.099,76.343,76.539,76.685,76.783,76.881,76.929,76.978,77.027,77.125,77.174,77.174,77.174,77.027,76.881,76.539,76.197,75.806,75.415,75.073,74.78,74.536,74.292,73.999,73.657,73.413,73.217,72.924,72.533,72.045,71.41,70.873,70.482,70.384,70.287,70.287,70.042,69.505,68.821,68.04,67.405,66.868,66.428,66.184,66.135,66.379,66.672,66.623,65.94,64.816,63.986,63.937,64.67,66.233,69.31,74.927,82.986,91.876,99.691,105.7,110.29,114,116.93,118.89,119.67,119.57,118.89,117.76,116.25,114.25,111.95,109.31,106.48,103.55,100.62,97.688,94.904,92.364,89.873,87.626,85.575,83.816,82.351,80.984,79.567,78.004,76.294,74.634,73.168,72.24,71.85,71.996,72.485,73.168,73.852,74.292,74.536,74.536,74.438,74.194,73.901,73.559,73.315,73.364,73.608,74.097,74.683,75.464,76.441,77.418,78.199,78.248,77.564,76.441,75.22,74.536,74.097,73.12,71.557,70.189,69.798,70.384,71.166,71.605,71.361,70.629,69.652,68.87,68.186,67.698,67.356,67.405,67.747,68.235,68.724,69.261,69.603,69.603,69.066,67.942,66.672,65.598,64.865,64.621,64.718,65.842,68.87,74.634,82.595,91.094,98.03,102.91,106.63,109.95,112.73,114.54,115.42,115.76,115.61,114.98,113.56,111.41,108.68,105.55,102.28,99.105,96.125,93.292,90.752,88.359,86.259,84.354,82.449,80.446,78.346,76.49,74.878,73.608,72.729,72.192,71.85,71.752,71.752,71.85,71.996,71.996,71.996,71.996,72.045,72.24,72.289,72.387,72.289,72.094,72.094,72.436,72.924,73.657,74.243,74.536,74.634,74.536,74.438,74.243,73.852,73.364,72.729,72.192,71.752,71.41,71.312,71.215,71.166,71.117,70.922,70.531,69.994,69.163,68.186,67.161,66.428,66.037,66.233,66.819,67.405,68.04,68.479,68.528,68.089,67.356,66.623,65.842,65.305,64.816,64.425,64.181,64.181,64.816,66.916,71.361,78.248,86.308,93.732,99.447,103.6,106.97,110.05,112.63,114.25,114.88,114.54,113.42,111.56,109.12,106.38,103.7,101.16,98.86,96.565,72.729,73.071,73.51,73.755,73.803,73.608,73.364,73.217,73.217,73.217,73.12,72.924,72.729,72.729,72.729,72.436,71.85,71.068,70.287,69.798,69.554,69.407,69.407,69.554,69.798,69.994,70.042,69.798,69.31,68.675,68.089,67.698,67.405,67.258,67.112,67.112,67.063,66.965,66.819,66.477,65.842,65.158,64.425,63.839,63.595,63.693,64.279,66.037,70.042,76.636,84.94,93.097,99.691,104.48,108.29,111.56,114.1,115.61,115.86,115.22,114,112.29,110.29,108.04,105.6,103.16,100.67,98.128,95.344,92.657,90.069,87.529,85.184,82.937,80.935,79.225,77.809,76.636,75.611,74.78,74.048,73.51,73.12,72.973,73.12,73.364,73.608,73.852,74.048,74.292,74.341,74.341,74.292,74.243,74.292,74.438,74.634,74.78,75.073,75.171,75.22,75.22,75.073,74.878,74.683,74.438,74.243,74.048,73.852,73.608,73.364,73.12,72.924,72.631,72.24,71.752,71.312,70.97,70.824,70.677,70.531,70.384,70.091,69.798,69.505,69.261,68.968,68.675,68.431,68.186,67.942,67.747,67.551,67.356,67.112,66.819,66.477,66.233,66.379,67.551,70.726,76.343,84.11,92.413,99.789,105.7,110.49,114.54,117.76,119.77,120.6,120.45,119.37,117.62,115.47,112.98,110.29,107.36,104.43,101.5,98.665,96.076,93.488,91.094,88.75,86.503,84.256,82.156,80.251,78.492,77.125,76.05,75.366,74.731,74.243,73.852,73.608,73.608,73.755,73.852,73.999,74.097,74.243,74.438,74.683,74.976,75.122,75.122,74.976,74.78,74.78,74.927,75.122,75.22,75.171,74.927,74.634,74.243,73.999,73.755,73.413,73.12,72.729,72.387,72.045,71.85,71.654,71.41,71.068,70.482,69.847,69.31,68.87,68.675,68.675,68.724,68.675,68.431,67.991,67.6,67.258,66.916,66.623,66.379,66.135,65.842,65.744,65.695,65.549,65.402,65.5,66.184,68.431,73.071,80.153,88.408,96.174,102.38,107.26,111.32,114.64,116.79,117.76,117.47,116.54,115.17,113.37,111.17,108.73,106.19,103.55,100.86,98.225,95.637,93.097,90.606,88.115,85.721,83.475,81.374,79.469,77.858,76.685,75.806,75.171,74.683,74.292,73.999,73.803,73.608,73.51,73.315,73.12,73.071,73.071,73.168,73.364,73.657,73.901,74.048,73.901,73.803,73.559,73.168,72.875,72.68,72.533,72.436,72.24,71.947,71.361,70.726,70.238,69.994,69.798,69.407,68.968,68.479,68.284,68.382,68.479,68.235,67.6,67.063,66.868,67.112,67.503,67.796,67.942,67.844,67.747,67.698,67.503,67.258,66.965,66.916,66.868,66.721,66.428,66.037,65.744,65.598,65.598,66.135,67.942,72.045,78.688,86.796,94.562,100.81,105.7,109.61,112.78,114.88,115.42,114.78,113.51,111.8,109.85,107.6,105.11,102.28,99.447,96.809,94.66,92.804,90.801,88.31,85.379,82.302,79.665,77.613,76.197,75.318,74.78,74.341,73.657,72.729,71.752,71.068,70.824,70.873,71.068,71.215,71.557,71.947,72.24,72.436,72.436,72.289,72.192,71.996,71.85,71.996,72.485,73.12,73.657,73.852,73.608,73.12,72.485,72.045,71.85,71.85,72.045,72.192,72.094,71.752,71.117,70.384,69.603,68.968,68.626,68.431,68.431,68.528,68.626,68.431,68.04,67.503,66.916,66.428,65.988,65.842,65.94,66.135,66.281,66.379,66.184,65.793,65.158,64.572,63.986,63.595,63.546,63.79,64.572,66.477,70.482,76.978,85.038,92.804,99.007,103.74,107.75,111.36,114.25,115.86,116.3,115.66,114.25,112.24,109.85,107.41,105.06,102.82,100.62,98.372,95.979,93.488,90.997,88.408,85.917,83.621,81.374,79.372,77.662,76.197,74.976,74.097,73.51,73.071,72.778,72.68,72.533,72.436,72.387,72.436,72.485,72.68,72.875,73.071,73.12,73.168,73.168,73.168,73.217,73.364,73.51,73.559,73.559,73.364,73.12,72.875,72.729,72.68,72.631,72.631,72.485,72.24,71.85,71.557,71.215,70.922,70.726,70.482,70.287,70.042,69.798,69.603,69.359,69.114,68.919,68.675,68.431,68.186,67.942,67.698,67.503,67.356,67.258,67.063,66.868,66.526,66.233,65.988,65.695,65.402,65.353,66.037,68.626,73.755,81.374,89.922,97.591,103.55,108.04,111.76,114.69,116.74,117.76,117.76,116.88,115.47,113.61,111.51,109.07,106.53,103.84,101.06,98.225,95.539,92.999,90.606,88.359,86.259,84.11,82.107,80.251,78.59,77.32,76.294,75.464,74.927,74.536,74.438,74.438,74.634,74.78,75.073,75.171,75.318,75.366,75.562,75.757,75.904,76.001,76.099,76.246,76.49,76.685,76.783,76.783,76.685,76.441,76.099,75.855,75.806,75.757,75.66,75.415,75.073,74.536,74.097,73.657,73.315,72.875,72.387,71.801,71.312,70.873,70.482,70.238,69.945,69.603,69.163,68.724,68.431,68.089,67.796,67.405,67.112,66.819,66.477,66.184,65.94,65.695,65.5,65.305,65.109,65.109,65.842,68.235,73.12,80.446,88.945,96.809,103.16,108.19,112.44,116,118.59,120.01,120.11,119.37,118.01,116.2,113.9,111.51,108.87,106.28,103.7,100.91,98.177,95.49,92.95,90.41,88.066,85.721,83.572,81.618,79.811,78.199,76.783,75.611,74.731,74.194,73.852,73.608,73.51,73.559,73.657,73.852,73.999,74.048,73.999,73.999,74.097,74.341,74.634,74.878,74.976,75.122,75.171,75.171,75.122,75.073,74.878,74.683,74.536,74.341,74.194,73.999,73.755,73.364,72.924,72.485,72.045,71.605,71.166,70.922,70.629,70.287,69.994,69.554,69.163,68.821,68.626,68.382,68.089,67.942,67.6,67.356,67.063,66.819,66.526,66.281,65.988,65.598,65.305,65.06,64.914,65.109,66.037,68.626,73.755,81.277,89.727,97.102,102.72,107.07,110.63,113.56,115.47,116.3,116.05,114.93,113.17,111.07,108.73,106.38,103.94,101.3,98.616,95.93,93.341,90.801,88.261,85.819,83.426,81.277,79.421,77.858,76.539,75.562,74.683,73.999,73.51,73.12,72.924,72.778,72.729,72.778,72.924,72.973,73.071,73.12,73.071,72.924,72.875,72.924,73.071,73.168,73.315,73.364,73.413,73.413,73.364,73.217,73.12,72.973,72.778,72.631,72.485,72.387,72.192,71.85,71.508,71.068,70.677,70.287,69.945,69.554,69.261,68.968,68.724,68.528,68.284,67.991,67.698,67.356,67.063,66.819,66.623,66.428,66.233,65.988,65.793,65.549,65.305,65.012,64.67,64.279,64.181,64.23,64.816,66.526,70.482,77.027,85.184,93.097,99.349,104.04,107.8,110.97,113.37,114.69,114.93,114.3,113.07,111.32,109.17,106.82,104.28,101.79,99.3,96.809,94.22,91.68,89.043,86.552,84.061,81.716,79.616,77.858,76.343,75.122,74.048,73.168,72.485,71.996,71.654,71.557,71.557,71.654,71.801,71.85,71.947,71.996,71.996,72.045,72.045,72.045,72.192,72.387,72.533,72.778,72.924,73.071,73.071,72.973,72.875,72.68,72.485,72.387,72.289,72.192,71.996,71.752,71.361,70.922,70.433,70.042,69.749,69.407,69.163,68.919,68.626,68.382,68.04,67.747,67.405,67.112,66.819,66.526,66.379,66.184,65.988,65.744,65.549,65.256,65.012,64.67,64.377,64.132,64.035,64.035,64.23,65.06,67.405,72.436,80.007,88.506,96.076,101.74,105.99,109.61,112.63,114.69,115.57,115.17,114.05,112.39,110.44,108.29,105.99,103.6,101.16,98.665,96.223,73.901,74.097,74.292,74.438,74.634,74.683,74.731,74.683,74.634,74.438,74.292,74.194,74.097,73.999,73.803,73.559,73.168,72.729,72.289,71.947,71.654,71.508,71.215,70.97,70.677,70.384,69.994,69.652,69.505,69.359,69.163,68.919,68.675,68.479,68.382,68.235,68.04,67.796,67.503,67.161,66.965,66.868,66.672,66.526,66.623,67.112,68.87,72.973,79.762,88.115,96.223,102.87,108.04,112.24,115.76,118.2,119.37,119.37,118.5,117.03,115.22,113.12,110.68,108.09,105.41,102.67,99.935,97.249,94.513,91.925,89.434,87.04,84.94,82.84,81.032,79.421,78.053,76.929,75.855,75.073,74.438,73.999,73.852,73.901,73.999,74.097,74.097,74.243,74.438,74.634,74.78,74.878,74.927,74.927,74.976,75.073,75.122,75.122,75.073,74.878,74.683,74.487,74.292,74.097,73.803,73.51,73.168,72.924,72.631,72.24,71.85,71.41,70.97,70.677,70.433,70.189,69.945,69.749,69.505,69.163,68.821,68.479,68.089,67.796,67.503,67.307,67.112,66.868,66.672,66.428,66.135,65.793,65.549,65.353,65.158,65.012,65.06,65.793,68.235,73.12,80.3,88.506,95.979,101.99,106.68,110.63,113.9,116.3,117.57,117.76,117.13,115.81,114,111.56,108.73,105.75,102.91,100.33,97.884,95.441,92.95,90.313,87.626,84.94,82.498,80.349,78.59,77.223,76.197,75.318,74.731,74.341,74.048,73.657,73.168,72.68,72.387,72.485,72.924,73.51,73.999,74.243,74.243,74.097,73.803,73.559,73.413,73.364,73.51,73.608,73.803,73.901,73.852,73.755,73.608,73.559,73.559,73.51,73.364,73.217,72.924,72.533,72.045,71.508,70.873,70.287,69.994,69.798,69.652,69.554,69.31,68.919,68.431,67.844,67.356,66.916,66.526,66.281,66.184,66.184,66.184,66.233,66.184,65.988,65.549,65.06,64.621,64.279,64.377,65.256,67.698,72.631,80.007,88.31,95.881,101.69,106.14,109.75,112.68,114.64,115.37,115.13,114.1,112.63,110.83,108.68,106.38,103.79,101.25,98.665,96.076,93.439,90.801,88.261,85.721,83.475,81.374,79.469,77.858,76.49,75.318,74.292,73.51,72.875,72.436,72.192,72.094,72.094,72.24,72.436,72.631,72.729,72.778,72.778,72.729,72.68,72.68,72.778,72.924,73.168,73.364,73.51,73.51,73.413,73.217,73.071,72.875,72.68,72.485,72.289,72.094,71.85,71.508,71.117,70.726,70.384,70.042,69.652,69.359,69.066,68.724,68.479,68.186,67.844,67.551,67.307,67.063,66.819,66.623,66.477,66.281,66.037,65.793,65.549,65.353,65.109,64.816,64.474,64.23,64.035,64.132,64.621,66.428,70.482,77.223,85.624,93.634,99.935,104.67,108.48,111.8,114.25,115.47,115.61,114.73,113.37,111.56,109.51,107.16,104.82,102.38,99.789,97.2,94.513,91.876,89.385,86.845,84.5,82.302,80.251,78.444,76.881,75.562,74.438,73.559,72.924,72.436,72.045,71.85,71.801,71.801,71.85,71.947,72.045,72.192,72.289,72.436,72.533,72.729,72.924,73.12,73.217,73.315,73.217,73.12,73.071,73.168,73.413,73.559,73.51,73.217,72.778,72.387,71.947,71.557,71.361,71.361,71.361,71.361,71.117,70.824,70.384,69.945,69.554,69.163,68.821,68.626,68.431,68.382,68.284,68.089,67.942,67.6,67.307,66.965,66.526,66.135,65.744,65.353,65.158,65.109,65.109,65.305,65.842,67.258,70.433,76.05,83.67,91.729,98.763,104.18,108.63,112.54,115.76,117.81,118.5,118.06,116.74,114.88,112.63,110.05,107.41,104.72,102.23,99.789,97.542,95.344,93.195,90.997,88.75,86.552,84.403,82.449,80.788,79.616,78.786,78.102,77.223,76.49,76.197,76.246,76.343,76.294,76.197,76.294,76.636,76.783,76.929,77.467,78.492,79.616,79.762,78.541,76.636,74.927,74.048,73.559,73.12,72.778,72.485,71.508,69.749,68.186,67.796,68.479,69.31,69.31,68.382,67.112,66.233,65.94,65.988,66.281,66.672,66.916,67.063,67.112,67.551,68.284,69.31,70.091,70.726,71.312,71.801,71.947,71.605,71.166,70.873,70.677,70.433,69.994,69.407,68.821,68.235,67.698,67.112,67.112,68.675,72.778,79.421,87.382,94.758,100.72,105.55,109.66,113.32,116.3,118.25,118.74,117.76,115.76,113.56,111.76,110.39,109.12,107.55,105.31,102.57,99.495,96.565,93.634,90.606,87.529,84.745,82.302,80.446,78.981,77.613,76.246,75.122,74.438,73.901,73.51,72.875,72.192,71.557,71.166,71.117,71.312,71.605,72.045,72.436,72.533,72.24,71.85,71.947,72.289,72.387,72.24,72.24,72.631,72.875,72.778,72.533,72.631,72.973,73.217,73.071,72.631,72.045,71.557,71.117,70.726,70.433,70.189,70.091,70.042,69.994,69.798,69.407,69.114,68.821,68.528,68.186,67.796,67.503,67.503,67.698,67.747,67.356,66.623,65.695,65.06,65.06,65.305,65.402,65.305,65.402,66.428,69.066,73.901,80.788,88.554,95.637,101.25,105.8,109.85,113.42,116.05,117.32,117.32,116.05,114,111.76,109.41,107.26,105.01,102.67,100.23,97.688,95.051,92.218,89.434,86.747,84.305,82.058,80.007,78.297,77.027,75.904,74.927,73.999,73.168,72.533,72.094,71.996,71.947,71.996,72.045,72.045,71.947,71.752,71.557,71.41,71.312,71.117,70.922,70.726,70.726,70.824,71.068,71.215,71.508,71.654,71.801,71.85,71.752,71.508,71.215,71.117,71.068,70.97,70.922,70.677,70.384,70.091,69.847,69.603,69.31,68.968,68.821,68.675,68.675,68.675,68.479,68.235,67.942,67.698,67.405,67.112,66.868,66.623,66.379,66.135,65.842,65.549,65.256,64.865,64.425,63.986,63.79,64.621,67.258,72.436,79.86,88.066,95.295,100.86,105.06,108.43,111.17,113.17,114.2,114.25,113.51,112.1,110.24,108.04,105.7,103.16,100.62,97.932,95.295,92.755,90.166,87.626,85.135,82.791,80.739,78.883,77.174,75.757,74.438,73.51,72.875,72.533,72.24,71.85,71.41,71.215,71.166,71.312,71.312,71.312,71.361,71.41,71.41,71.41,71.41,71.41,71.605,71.947,72.387,72.68,72.778,72.729,72.68,72.631,72.631,72.631,72.485,72.289,72.045,71.85,71.654,71.41,71.068,70.629,70.238,69.798,69.407,69.066,68.724,68.431,68.186,67.844,67.503,67.161,66.916,66.819,66.672,66.477,66.233,66.037,65.744,65.402,65.109,64.816,64.621,64.425,64.279,64.132,63.937,63.937,64.621,66.623,70.873,77.564,85.624,93.292,99.447,104.14,107.85,110.92,113.22,114.34,114.49,113.86,112.73,111.22,109.31,107.26,105.01,102.72,100.37,97.932,95.344,92.657,89.971,87.382,84.842,82.693,80.739,79.03,77.613,76.343,75.22,74.243,73.364,72.729,72.387,72.24,72.24,72.289,72.533,72.875,73.168,73.413,73.559,73.364,72.924,72.533,72.289,72.24,72.24,72.24,72.192,72.045,71.996,71.947,71.752,71.557,71.41,71.361,71.41,71.508,71.508,71.361,71.117,70.824,70.629,70.482,70.433,70.287,70.287,70.238,70.042,69.847,69.652,69.554,69.652,69.749,69.652,69.407,69.163,69.066,68.968,68.919,68.724,68.626,68.431,68.186,67.991,67.747,67.503,67.161,66.965,67.307,68.821,72.24,78.102,85.819,93.781,100.67,105.85,109.95,113.37,116.05,117.62,117.91,117.23,116,114.49,112.63,110.29,107.7,105.01,102.43,99.935,97.297,94.513,91.68,89.189,86.991,84.842,82.742,80.69,78.932,77.467,76.294,75.22,74.292,73.364,72.729,72.533,72.875,73.559,74.194,74.487,74.487,74.097,73.608,73.071,72.729,72.778,73.168,73.803,74.487,75.073,75.22,75.122,74.731,74.292,73.755,73.168,72.778,72.631,72.631,72.729,72.778,72.778,72.631,72.24,71.654,70.97,70.287,69.749,69.261,68.87,68.626,68.528,68.528,68.431,68.089,67.747,67.356,67.063,66.868,66.721,66.477,66.135,65.793,65.549,65.5,65.549,65.5,65.158,64.816,64.425,64.181,64.377,65.158,67.307,71.557,78.297,86.405,94.367,100.86,106.04,110.39,114,116.64,117.91,118.01,117.03,115.47,113.56,111.51,109.41,107.26,104.87,102.28,99.789,97.297,94.855,92.315,89.531,86.796,84.158,81.814,79.762,78.053,76.685,75.464,74.634,73.852,73.364,73.071,72.875,72.729,72.631,72.485,72.387,72.387,72.533,72.973,73.413,73.657,73.755,73.657,73.559,73.413,73.364,73.315,73.315,73.315,73.315,73.364,73.364,73.364,73.315,73.168,72.875,72.436,71.996,71.557,71.215,70.97,70.824,70.531,70.287,69.945,69.554,69.261,68.87,68.479,68.089,67.747,67.356,66.965,66.721,66.526,66.428,66.281,66.135,65.988,65.793,65.549,65.256,64.816,64.377,64.035,63.79,63.937,64.572,66.379,70.189,76.441,84.403,92.364,98.86,103.7,107.51,110.73,113.37,114.93,115.42,115.08,113.9,112.29,110.19,107.8,105.31,102.72,100.23,97.688,95.099,92.608,90.117,87.724,85.379,82.986,80.886,78.932,77.223,75.855,74.731,73.901,73.364,72.973,72.778,72.533,72.387,72.24,72.192,72.192,72.192,72.24,72.24,72.289,72.387,72.485,72.533,72.68,72.729,72.875,72.924,72.924,73.071,73.12,73.168,73.168,73.071,72.875,72.631,72.289,71.996,71.752,71.41,71.117,70.824,70.531,70.189,69.749,69.31,68.87,68.479,68.186,67.942,67.698,67.503,67.258,66.965,66.721,66.477,66.233,65.988,65.744,65.5,65.305,65.109,64.914,64.67,64.377,64.035,63.79,63.693,63.839,64.621,66.819,71.361,78.444,86.747,94.416,100.37,104.87,108.43,111.41,113.61,114.78,114.98,114.44,113.22,111.56,109.51,107.16,104.72,102.28,99.789,97.249,94.758,92.169,89.482,86.943,84.5,82.302,80.3,78.492,76.929,75.611,74.536,73.657,72.973,72.533,72.387,72.289,72.24,72.094,72.045,71.996,72.045,72.192,72.289,72.387,72.289,72.289,72.289,72.485,72.68,72.875,72.973,73.071,73.071,73.071,73.071,72.973,72.973,72.924,72.875,72.68,72.436,72.094,71.85,71.605,71.312,70.922,70.531,70.238,69.945,69.652,69.359,69.066,68.724,68.431,68.284,68.089,67.942,67.796,67.551,67.356,67.063,66.819,66.623,66.428,66.281,66.135,65.94,65.598,65.353,65.158,65.109,65.256,66.135,68.626,73.755,81.277,89.824,97.346,103.06,107.31,110.92,113.9,116.05,116.93,116.79,115.91,114.49,112.54,110.44,108.09,105.7,103.26,100.67,98.03,95.344,92.755,90.215,87.871,85.575,83.377,81.374,79.616,78.199,76.978,76.001,75.22,74.634,74.194,73.901,73.803,73.901,74.048,74.243,74.438,74.634,74.731,74.78,74.78,74.878,75.073,75.318,75.562,75.757,75.806,75.757,75.66,75.757,75.806,75.855,75.757,75.415,75.073,74.878,74.78,74.731,74.634,74.292,73.803,73.071,72.387,71.947,71.605,71.312,70.922,70.433,69.945,69.554,69.261,68.968,68.675,68.284,67.942,67.503,67.112,66.819,66.526,66.428,66.281,66.135,65.842,65.549,65.256,64.914,64.718,64.816,65.549,67.844,72.485,79.665,88.164,96.223,102.67,107.6,111.66,115.08,117.47,118.89,119.13,118.54,117.32,115.42,113.22,110.88,108.53,106.24,103.79,101.11,98.225,95.49,92.999,90.606,88.31,86.063,83.816,81.716,79.909,78.444,77.223,76.246,75.464,74.878,74.438,74.097,73.901,73.901,73.901,73.901,73.901,73.852,73.852,73.901,74.097,74.341,74.487,74.634,74.634,74.634,74.683,74.683,74.731,74.731,74.683,74.487,74.292,74.048,73.852,73.608,73.315,72.973,72.68,72.289,71.996,71.605,71.312,70.922,70.531,70.238,69.847,69.554,69.261,68.968,68.675,68.431,68.186,67.844,67.6,67.356,67.161,66.868,66.623,66.379,66.135,65.94,65.695,65.402,65.06,64.816,64.816,65.695,68.186,73.071,80.3,88.603,96.174,102.04,106.43,110.05,113.12,115.22,116.2,116,114.98,113.37,111.36,109.17,106.87,104.43,101.89,99.154,96.467,93.781,91.192,88.75,86.259,83.719,81.423,79.372,77.613,76.294,75.366,74.536,73.803,73.168,72.68,72.436,72.289,72.436,72.631,72.778,72.924,73.071,73.12,73.12,73.071,73.071,73.071,73.12,73.168,73.217,73.413,73.608,73.755,73.755,73.559,73.217,73.071,72.875,72.729,72.631,72.533,72.387,71.996,71.557,71.068,70.629,70.238,69.945,69.603,69.31,68.919,68.675,68.382,67.991,67.747,67.503,67.258,66.965,66.819,66.623,66.428,66.184,65.94,65.695,65.5,65.305,65.158,64.914,64.572,64.23,63.937,63.839,64.474,66.428,70.482,77.027,85.184,93.097,99.495,104.23,108.04,111.36,113.9,115.32,115.47,114.73,113.32,111.56,109.51,107.26,104.92,102.47,99.984,97.444,94.806,92.218,89.678,87.236,84.793,82.498,80.349,78.492,76.978,75.757,74.731,73.901,73.217,72.729,72.387,72.192,72.192,72.192,72.24,72.24,72.24,72.24,72.289,72.387,72.436,72.533,72.68,72.729,72.875,72.973,73.168,73.364,73.413,73.413,73.315,73.168,73.12,72.973,72.875,72.68,72.387,72.045,71.654,71.215,70.922,70.531,70.238,69.847,69.505,69.114,68.724,68.431,68.186,67.942,67.6,67.307,67.063,66.819,66.623,66.428,66.233,65.988,65.744,65.5,65.305,65.109,64.914,64.621,64.23,63.937,63.742,64.132,65.549,68.968,75.073,83.133,91.436,98.421,103.5,107.51,110.88,113.66,115.42,116,115.47,114.3,112.73,110.88,108.82,106.48,104.04,101.5,99.007,96.418,93.927,91.436,88.994,86.552,84.158,82.009,80.055,78.346,76.881,75.66,74.731,74.048,73.608,73.364,73.315,73.364,73.413,73.364,73.217,73.217,73.413,73.608,73.803,73.803,73.803,73.852,73.999,74.194,74.438,74.634,74.683,74.683,74.683,74.683,74.683,74.683,74.634,74.438,74.243,73.999,73.755,73.51,73.12,72.729,72.24,71.947,71.654,71.41,71.068,70.677,70.384,70.042,69.798,69.603,69.359,69.114,68.87,68.724,68.626,68.382,68.089,67.844,67.6,67.551,67.503,67.356,67.161,66.868,66.526,66.428,66.819,68.186,71.557,77.467,85.428,93.781,101.11,106.68,110.97,114.49,117.23,119.03,119.62,119.03,117.62,115.81,113.81,111.61,109.31,106.72,103.99,101.25,98.567,96.076,93.634,91.241,88.799,86.356,84.11,82.058,80.153,78.541,77.125,76.001,75.122,74.487,74.097,73.901,73.852,73.852,73.999,74.097,74.243,74.341,74.487,74.634,74.731,74.731,74.78,74.878,74.927,74.976,74.927,74.927,74.878,74.78,74.683,74.487,74.292,74.097,73.901,73.657,73.364,73.12,72.778,72.436,71.996,71.557,71.166,70.873,70.531,70.238,69.847,69.554,69.163,68.821,68.431,68.089,67.942,67.698,67.405,67.112,66.868,66.623,66.379,66.184,65.842,65.549,65.256,65.012,64.816,64.816,65.012,65.744,67.698,71.996,78.932,87.284,95.295,101.6,106.43,110.44,113.81,116.3,117.62,117.81,117.03,115.66,113.76,111.41,108.92,106.38,103.84,101.35,98.763,95.93,93.195,90.508,87.919,85.575,83.377,81.228,79.323,77.613,76.197,75.122,74.243,73.657,73.217,72.924,72.729,72.68,72.729,72.875,72.973,73.12,73.168,73.168,73.217,73.315,73.364,73.51,73.608,73.755,73.803,73.852,73.852,73.852,73.852,73.803,73.657,73.559,73.364,73.168,72.875,72.631,72.289,71.996,71.605,71.166,70.824,70.433,70.042,69.749,69.407,69.114,68.821,68.479,68.186,67.844,67.6,67.356,67.063,66.819,66.526,66.281,66.037,65.793,65.598,65.402,65.158,64.865,64.474,64.132,63.986,64.377,65.549,68.479,73.901,81.57,89.873,97.053,102.43,106.53,110,112.88,114.73,115.47,115.13,114.05,112.44,110.49,108.29,105.85,103.35,100.81,98.177,95.49,92.853,90.215,87.724,85.282,82.986,80.788,78.883,77.125,75.611,74.341,73.413,72.68,72.24,71.947,71.752,71.654,71.654,71.654,71.752,71.801,71.85,71.947,71.996,72.045,72.094,72.192,72.24,72.387,72.485,72.533,72.68,72.729,72.729,72.729,72.631,72.533,72.485,72.387,72.192,71.947,71.654,71.361,70.97,70.629,70.238,69.847,69.505,69.114,68.821,68.479,68.235,67.991,67.698,67.356,67.063,66.819,66.526,66.281,66.135,65.842,65.598,65.402,65.256,65.06,64.865,64.621,64.23,63.79,63.546,63.497,63.937,65.158,68.186,73.755,81.57,89.971,97.102,102.43,106.48,110,112.93,114.78,115.42,114.98,113.86,112.24,110.24,108.04,105.7,103.31,100.81,98.225,95.637,93.048,90.557,88.066,85.673,83.377,81.179,79.225,77.564,76.246,75.122,74.194,73.364,72.729,72.289,72.094,72.045,72.045,72.045,72.094,72.094,72.192,72.192,72.192,72.192,72.192,72.24,72.289,72.289,72.387,72.387,72.485,72.533,72.485,72.24,71.85,71.557,71.312,71.117,70.873,70.677,70.384,70.091,69.749,69.505,69.261,69.066,68.87,68.626,68.284,68.04,67.942,67.942,67.796,67.6,67.405,67.258,67.112,67.063,67.063,66.965,66.965,66.916,66.916,66.916,66.868,66.721,66.477,66.135,65.842,65.744,66.184,67.747,71.166,76.929,84.598,92.608,99.544,104.87,108.97,112.29,114.73,116.25,116.79,116.44,115.17,113.37,111.17,108.82,106.24,103.7,101.06,98.372,95.734,93.243,90.801,88.408,86.063,83.816,81.667,79.86,78.297,76.978,76.05,75.318,74.78,74.487,74.292,74.243,74.194,74.243,74.341,74.634,74.927,75.171,75.318,75.366,75.366,75.415,75.562,75.757,75.855,76.001,75.904,75.757,75.562,75.415,69.652,70.042,70.433,70.677,70.873,70.824,70.677,70.677,70.97,71.605,72.436,73.071,73.364,73.413,73.217,72.924,72.533,72.192,71.85,71.605,71.361,71.117,70.824,70.531,70.238,69.945,69.603,69.261,68.87,68.431,67.991,67.503,67.063,66.672,66.281,65.842,65.549,65.305,65.158,65.158,65.109,64.914,64.621,64.23,63.937,63.595,63.497,63.497,63.497,63.497,63.546,63.497,63.302,62.862,62.227,61.592,61.251,61.299,62.276,65.109,70.433,77.809,85.868,93.341,99.74,105.06,109.26,112.05,113.37,113.51,112.54,110.73,108.43,105.7,102.87,100.13,97.444,94.758,92.169,89.824,87.529,85.282,82.937,80.593,78.59,76.881,75.171,73.755,72.729,72.045,71.508,70.873,70.433,70.287,70.384,70.287,70.042,69.554,68.821,68.186,68.04,68.724,70.042,71.605,73.071,74.097,74.536,74.438,73.901,73.315,72.533,71.85,71.215,70.824,70.629,70.677,70.824,70.873,70.677,70.384,69.847,69.163,68.431,67.503,66.526,65.94,65.598,65.549,65.549,65.5,65.353,65.158,65.06,64.914,64.718,64.474,64.132,63.742,63.448,63.253,63.107,63.009,62.911,62.814,62.667,62.472,62.276,62.032,61.885,61.788,61.983,63.009,65.94,71.41,78.981,87.04,94.367,100.62,105.75,109.66,112.1,113.22,113.32,112.54,111.07,109.07,106.53,103.94,101.25,98.616,95.93,93.341,90.801,88.408,86.161,84.012,81.912,80.007,78.053,76.246,74.634,73.168,71.996,71.117,70.629,70.384,70.384,70.629,71.068,71.508,71.996,72.485,72.973,73.413,73.803,74.097,74.292,74.487,74.634,74.634,74.634,74.634,74.487,74.341,74.194,73.901,73.755,73.413,73.12,72.875,72.533,72.289,71.996,71.605,71.117,70.677,70.238,69.847,69.505,69.114,68.675,68.235,67.796,67.503,67.258,67.063,66.868,66.672,66.477,66.281,66.184,66.037,65.94,65.793,65.744,65.695,65.598,65.549,65.5,65.353,65.158,65.06,65.06,65.353,66.721,70.042,75.904,83.572,91.485,98.665,104.87,110.05,114.05,116.69,117.81,117.67,116.64,114.78,112.54,110,107.31,104.48,101.69,98.86,96.174,93.536,91.045,88.701,86.356,84.256,82.156,80.3,78.492,76.734,75.171,73.852,72.924,72.289,71.947,71.801,71.801,71.947,72.045,72.289,72.631,72.973,73.315,73.559,73.803,73.999,74.194,74.292,74.243,74.048,73.852,73.755,73.755,73.755,73.559,73.217,72.778,72.387,71.996,71.605,71.166,70.677,70.091,69.603,69.163,68.87,68.479,68.089,67.747,67.356,66.965,66.672,66.379,65.988,65.695,65.305,64.914,64.718,64.67,64.816,64.816,64.67,64.377,64.035,63.79,63.546,63.351,63.302,63.497,63.693,63.839,63.937,64.572,66.868,71.996,79.469,87.919,95.734,102.23,107.6,111.76,114.69,116.35,116.88,116.35,114.88,112.63,109.8,106.72,103.79,101.01,98.225,95.441,92.608,89.922,87.382,84.94,82.547,80.3,78.297,76.49,74.878,73.413,72.192,71.215,70.677,70.482,70.531,70.824,71.117,71.41,71.654,71.996,72.24,72.631,72.924,73.12,73.217,73.315,73.413,73.51,73.559,73.413,73.217,73.071,72.778,72.533,72.387,72.192,72.045,71.85,71.557,71.068,70.482,69.847,69.31,68.821,68.382,67.991,67.698,67.307,66.916,66.526,66.135,65.695,65.353,65.158,65.06,64.914,64.816,64.621,64.279,63.986,63.693,63.448,63.302,63.155,63.058,62.911,63.009,63.058,63.155,63.107,63.009,63.155,64.816,68.968,76.001,84.158,91.29,96.858,101.74,106.48,110.44,113.12,114.64,115.22,114.64,112.29,108.92,105.6,102.87,100.33,97.591,94.806,92.12,89.629,87.284,84.842,82.498,80.055,77.809,75.66,73.803,72.192,70.922,69.994,69.407,69.163,69.114,69.261,69.554,69.945,70.287,70.677,70.922,71.215,71.508,71.752,71.947,72.094,72.24,72.387,72.485,72.533,72.533,72.485,72.289,72.094,71.85,71.605,71.312,71.068,70.726,70.384,69.945,69.603,69.261,68.87,68.431,67.991,67.551,67.112,66.623,66.184,65.744,65.353,65.012,64.718,64.572,64.425,64.23,64.035,63.742,63.497,63.302,63.155,63.058,63.009,62.862,62.716,62.667,62.618,62.618,62.618,62.569,62.667,63.253,65.06,69.359,76.294,84.598,92.56,99.447,105.26,109.95,113.22,115.17,115.76,115.13,113.61,111.41,108.82,105.94,103.01,100.03,97.2,94.416,91.68,88.994,86.503,84.11,81.912,79.665,77.564,75.464,73.657,72.045,70.824,69.847,69.261,68.87,68.821,68.968,69.359,69.652,70.042,70.433,70.824,71.166,71.41,71.557,71.557,71.557,71.41,71.361,71.215,71.117,70.97,70.873,70.726,70.629,70.531,70.433,70.238,69.994,69.749,69.505,69.261,68.87,68.528,68.186,67.844,67.551,67.307,67.063,66.721,66.477,66.233,66.135,66.135,66.037,65.94,65.744,65.549,65.305,65.06,64.816,64.67,64.67,64.718,64.865,64.914,64.914,64.865,64.865,64.816,64.718,64.718,64.865,65.598,67.844,72.631,79.811,88.066,96.076,102.91,108.53,112.98,116.1,117.81,118.11,117.32,115.57,113.17,110.44,107.51,104.48,101.5,98.616,95.783,93.048,90.41,87.871,85.428,83.133,80.935,78.932,77.027,75.366,73.901,72.778,71.947,71.361,71.166,71.312,71.605,72.094,72.631,73.168,73.755,74.341,74.927,75.366,75.66,75.806,75.757,75.611,75.464,75.366,75.22,75.122,74.976,74.731,74.341,73.852,73.168,72.485,71.947,71.312,70.629,69.945,69.31,68.675,68.186,67.747,67.405,67.161,66.868,66.477,66.037,65.695,65.353,65.109,65.06,65.06,65.06,64.914,64.816,64.67,64.572,64.572,64.621,64.572,64.425,64.23,64.132,64.181,64.474,64.67,64.718,64.718,64.865,65.842,68.626,73.901,81.423,89.629,97.2,103.6,109.17,113.66,116.98,118.89,119.33,118.54,116.79,114.34,111.51,108.48,105.41,102.43,99.495,96.76,94.123,91.632,89.189,86.845,84.696,82.595,80.495,78.444,76.49,74.976,73.803,72.875,72.094,71.605,71.215,71.068,70.97,71.068,71.215,71.508,71.752,71.996,72.24,72.485,72.68,72.778,72.875,72.924,72.973,73.12,73.217,73.315,73.217,73.071,72.778,72.533,72.289,71.996,71.557,71.068,70.629,70.287,69.994,69.652,69.261,68.724,68.382,67.991,67.698,67.307,66.916,66.526,66.233,65.94,65.598,65.402,65.158,64.914,64.621,64.279,64.035,63.742,63.351,63.058,62.911,63.058,63.302,63.546,63.497,63.107,62.862,63.302,65.353,69.945,76.978,85.282,93.439,100.57,106.53,111.51,114.98,116.93,117.42,116.93,115.76,113.86,111.51,108.63,105.41,102.18,99.007,95.979,93.195,90.508,87.968,85.624,83.426,81.277,79.176,76.929,74.683,72.729,71.361,70.531,70.189,70.042,70.091,70.238,70.482,70.824,71.166,71.508,71.654,71.801,71.996,72.387,72.729,72.924,72.924,72.68,72.289,71.801,71.361,71.068,70.873,70.824,70.824,70.824,70.726,70.482,70.042,69.407,68.87,68.431,68.04,67.747,67.503,67.307,67.161,66.965,66.623,66.135,65.744,65.5,65.256,64.914,64.718,64.67,64.572,64.377,64.132,64.132,64.425,64.914,65.06,64.425,63.497,63.009,63.253,63.79,64.035,63.693,63.009,62.569,63.009,65.06,69.554,76.197,84.11,92.12,99.544,105.99,111.12,114.54,116.2,116.44,115.81,114.3,111.95,108.92,105.8,102.91,100.37,97.884,95.099,92.12,88.994,86.161,83.719,81.57,79.421,77.174,74.78,72.631,70.97,70.091,69.603,69.407,69.554,69.994,70.482,70.629,70.531,70.726,71.361,71.85,71.801,71.361,71.068,71.068,71.312,71.508,71.41,71.215,71.068,70.726,70.287,69.847,69.652,69.652,69.603,69.554,69.554,69.407,69.163,68.528,67.747,66.916,66.379,66.184,66.184,66.135,66.135,66.184,66.233,66.184,66.037,65.793,65.598,65.353,65.256,65.109,65.012,64.816,64.67,64.67,64.718,64.816,64.67,64.377,63.986,63.839,63.839,63.986,64.132,63.986,63.595,63.546,64.572,67.698,73.559,81.472,89.727,97.102,103.31,108.43,112.44,115.17,116.54,116.64,115.47,113.42,76.539,72.387,69.31,67.991,68.04,68.675,68.87,68.235,67.112,66.623,67.698,70.042,71.996,71.605,68.968,65.793,63.742,62.862,62.569,62.13,61.592,61.69,62.569,64.035,65.305,65.744,65.549,65.353,65.109,64.67,64.572,66.037,70.287,77.223,85.868,94.416,101.89,108.04,113.07,116.79,119.03,119.91,119.47,117.86,115.08,111.51,107.75,104.38,101.45,98.616,95.734,92.755,90.069,87.822,85.721,83.719,81.57,79.176,76.881,74.878,73.413,72.68,72.533,73.071,73.657,74.097,74.097,73.999,74.097,74.292,74.243,73.852,73.315,72.875,72.485,72.387,72.485,72.924,73.559,73.901,73.999,73.608,72.973,72.289,71.605,70.873,70.091,69.407,69.066,68.968,69.163,69.652,70.726,72.192,73.217,72.631,69.847,66.037,63.107,62.179,63.009,64.816,66.868,68.431,68.87,67.991,66.428,65.158,65.012,65.353,65.695,65.402,64.816,64.035,63.693,63.937,63.937,62.716,60.664,59.346,59.541,60.811,62.179,64.181,68.382,75.806,85.575,95.295,103.6,110.44,115.91,119.81,121.62,121.28,119.18,115.32,110.05,105.11,102.87,104.18,106.97,107.75,104.38,97.737,91.192,87.284,86.112,85.917,85.282,83.865,81.912,78.883,74.048,69.066,67.405,69.994,73.413,73.852,71.508,68.87,67.942,68.089,67.942,66.526,64.718,63.839,64.279,65.695,67.405,69.554,71.654,72.875,72.68,71.85,71.85,73.071,74.438,75.073,74.731,74.438,74.438,74.487,73.999,72.778,71.312,69.945,69.066,68.479,68.04,67.551,67.112,66.623,66.281,66.184,66.037,65.549,64.816,64.181,63.839,63.79,63.79,63.79,63.839,63.839,63.79,63.693,63.351,62.862,62.423,62.13,61.885,61.544,61.104,60.811,61.251,63.693,69.114,77.564,87.138,95.979,103.26,109.12,113.81,117.18,118.89,118.89,117.62,115.42,112.68,109.85,107.85,107.6,108.19,106.24,99.056,88.701,80.3,76.49,75.757,75.562,74.683,72.778,70.091,67.796,67.258,68.675,71.117,73.168,73.852,73.315,71.996,70.287,68.968,68.821,69.847,71.605,73.12,73.803,74.097,74.243,74.292,74.097,73.608,72.729,71.752,70.726,69.798,69.066,68.724,68.87,69.31,69.603,69.749,69.652,69.603,69.798,70.091,70.189,69.798,69.163,68.528,68.089,67.747,67.161,66.428,65.549,64.718,64.035,63.351,62.716,62.276,61.983,61.739,61.495,61.544,61.934,62.667,63.302,63.448,63.058,62.423,62.032,61.934,61.739,61.153,60.176,59.785,61.592,67.161,76.099,86.405,95.979,104.14,110.88,116.2,119.33,120.11,119.42,118.01,115.86,113.07,109.85,106.38,102.82,99.154,95.734,92.804,90.166,87.822,85.428,83.23,81.13,79.03,77.027,75.122,73.364,71.996,70.873,69.945,68.968,68.089,67.6,67.747,68.235,68.675,68.821,68.675,68.479,68.528,68.919,69.554,70.384,71.117,71.605,71.752,71.654,71.654,71.85,72.192,72.436,72.387,72.045,71.557,70.97,70.433,70.189,70.189,70.042,69.603,68.87,67.942,67.063,66.281,65.549,65.012,64.425,63.79,63.107,62.569,62.276,62.276,62.032,61.153,60.176,59.59,60.127,61.299,62.276,62.569,62.276,62.032,61.983,62.032,62.13,62.227,62.472,62.716,62.862,63.155,64.279,67.551,73.51,81.716,90.801,99.154,106.19,111.76,115.57,117.62,118.11,117.42,115.81,113.56,110.92,107.99,104.87,101.5,98.177,95.002,92.12,89.434,86.845,84.403,82.156,80.104,78.102,76.099,74.194,72.289,70.726,69.603,68.87,68.479,68.382,68.431,68.675,69.261,69.945,70.531,71.068,71.508,71.85,72.387,73.071,73.803,74.438,74.878,75.122,75.22,75.073,74.683,74.243,73.999,73.901,73.657,73.168,72.631,72.094,71.947,71.801,71.605,71.312,70.873,70.384,69.847,69.163,68.431,67.796,67.503,67.405,67.356,67.112,66.623,66.184,65.94,65.842,65.744,65.549,65.305,65.06,64.865,64.621,64.181,63.839,63.839,64.132,64.425,64.425,64.132,63.742,63.546,63.693,64.67,67.698,73.559,82.009,91.241,99.789,106.87,112.44,116.54,119.23,120.79,121.28,120.74,118.98,116.3,113.12,109.66,106.28,102.91,99.74,96.76,93.976,91.632,89.482,87.626,86.259,85.673,86.356,87.626,87.968,86.356,82.351,76.685,71.068,66.965,65.109,64.67,64.718,65.012,65.549,66.477,67.747,69.163,70.629,71.801,72.533,72.778,72.924,73.12,73.168,72.778,71.557,70.189,70.629,73.559,76.881,77.613,75.415,71.947,68.968,68.04,69.603,72.289,73.852,72.875,70.287,68.431,68.919,71.215,73.168,72.289,67.942,62.032,57.783,57.001,58.418,59.687,59.785,59.736,60.616,62.276,63.937,64.865,65.158,65.353,65.94,66.819,68.04,69.798,71.801,72.485,69.994,64.132,57.929,56.61,63.351,76.734,91.68,103.16,109.41,111.8,112.98,114.88,117.13,118.11,117.18,115.08,112.78,110.63,108.29,105.85,103.79,102.43,101.25,99.447,96.467,92.755,88.603,84.305,79.665,74.927,70.677,67.551,65.549,64.474,64.377,65.695,68.431,71.605,73.657,73.999,73.168,72.192,70.97,69.066,66.623,64.377,63.253,63.937,66.428,70.189,73.852,76.685,78.59,79.225,77.858,74.878,71.801,70.287,70.482,71.215,71.605,71.508,71.166,70.531,69.749,68.919,68.431,68.186,68.04,67.942,67.698,67.161,66.135,64.621,63.302,62.814,63.107,63.302,63.107,62.911,63.155,63.742,64.132,64.181,64.181,64.132,63.839,63.253,62.618,62.374,62.667,62.911,62.667,62.032,62.13,63.79,68.186,75.415,84.305,92.95,99.984,105.94,111.12,115.22,117.47,118.06,117.76,116.88,114.93,111.56,107.41,103.79,101.25,99.007,95.979,92.315,88.75,86.112,84.305,82.791,81.032,78.541,75.855,73.559,72.045,70.97,69.945,68.821,67.991,67.6,67.6,68.04,68.724,69.603,70.384,70.824,70.97,70.97,70.922,70.726,70.482,70.189,70.042,70.238,70.824,71.605,72.387,72.631,72.729,72.778,72.68,71.801,70.091,68.479,67.6,67.747,68.284,68.821,68.87,68.626,68.382,68.382,68.431,68.284,67.942,67.551,67.405,67.307,66.965,66.233,65.353,64.718,64.621,64.474,63.79,62.227,60.469,59.492,59.883,60.909,61.788,61.983,61.934,61.788,61.885,61.934,61.934,62.13,63.155,66.428,72.729,81.57,90.997,99.3,106.14,111.61,115.91,118.69,119.62,118.89,116.98,114.54,111.8,108.92,105.85,102.67,99.447,96.321,93.341,90.557,87.822,85.184,82.791,80.69,78.737,76.881,75.073,73.413,72.192,71.312,70.824,70.433,69.994,69.603,69.31,69.31,69.505,69.798,70.091,70.384,70.629,70.922,71.41,71.996,72.485,72.778,72.973,73.12,73.071,72.973,72.924,72.973,73.071,72.924,72.533,71.996,71.605,71.557,71.85,72.24,72.24,71.557,69.847,67.405,65.109,64.181,65.5,68.821,71.654,71.361,68.089,64.865,64.035,65.5,66.868,66.721,65.305,63.79,63.351,64.035,64.914,65.256,65.353,65.549,65.793,65.744,65.598,65.793,66.184,66.379,66.477,67.112,69.261,73.803,80.886,89.531,98.421,106.53,113.17,117.91,120.74,121.87,121.57,120.11,117.67,114.73,111.51,108.04,104.38,100.67,97.444,94.758,92.511,90.508,88.603,86.845,84.989,82.84,80.69,78.932,77.76,76.49,74.634,72.24,69.994,68.626,68.235,68.675,69.407,70.189,70.873,71.557,72.24,72.778,73.168,73.51,73.803,74.048,74.194,74.097,73.803,73.217,72.973,73.559,74.78,75.904,76.05,75.122,73.803,72.485,71.361,70.287,69.652,69.505,69.554,69.359,68.821,68.089,67.551,67.161,66.868,66.672,66.526,66.428,66.233,65.842,65.5,65.06,64.621,64.181,63.839,63.742,63.595,63.448,63.058,62.667,62.667,62.814,62.911,63.058,63.302,63.351,63.058,62.716,63.546,66.916,73.755,83.035,92.804,101.5,108.63,114.1,117.76,119.62,119.91,119.23,118.2,116.74,114.54,111.41,107.95,104.43,101.11,97.786,94.513,91.436,88.75,86.356,84.158,82.058,79.86,77.809,75.806,73.657,71.508,69.652,68.675,68.528,68.821,69.066,69.407,70.042,71.068,72.192,73.12,73.803,74.097,62.032,61.885,61.788,62.472,65.109,70.824,79.323,88.994,98.03,105.75,112.05,116.93,120.01,121.23,120.89,119.33,116.93,114,110.68,107.26,103.79,100.42,97.297,94.318,91.436,88.701,85.966,83.475,81.032,78.786,76.636,74.487,72.485,70.677,69.163,68.089,67.356,66.916,66.721,66.672,66.819,67.063,67.258,67.503,67.796,68.186,68.626,69.163,69.603,70.042,70.384,70.531,70.677,70.677,70.726,70.824,70.824,70.629,70.384,70.287,70.629,70.922,70.922,70.433,69.847,69.31,68.821,68.431,68.186,67.844,67.405,66.916,66.428,65.988,65.5,65.012,64.572,64.132,63.742,63.448,63.155,62.862,62.618,62.374,62.179,62.13,62.179,62.227,62.374,62.374,62.227,62.032,61.788,61.592,61.495,61.69,62.716,65.695,71.557,80.055,89.531,98.372,105.8,111.66,115.91,118.45,119.23,118.54,116.74,114.25,111.17,107.8,103.79,98.567,92.413,87.431,85.868,87.919,90.752,91.192,87.822,81.618,75.464,72.094,71.312,71.166,70.433,68.821,67.161,66.379,66.428,66.623,66.281,65.549,65.06,65.158,65.793,66.477,67.161,67.844,68.479,68.919,69.066,68.919,68.821,68.724,68.87,69.163,69.505,69.798,70.042,70.189,69.994,69.505,68.87,68.235,67.796,67.698,67.747,67.844,67.796,67.503,66.916,66.281,65.842,65.695,65.598,65.549,65.305,65.012,64.621,64.279,64.132,63.79,63.546,63.302,63.155,63.058,63.009,62.911,63.009,63.155,63.351,63.497,63.107,62.179,60.86,59.785,59.785,61.446,65.5,72.631,82.547,93.634,103.26,109.41,111.85,112.49,113.76,116.25,118.79,119.77,118.59,115.86,112.05,107.85,103.55,99.349,95.49,91.973,89.189,87.138,85.282,83.182,80.69,77.858,74.927,72.192,69.945,68.284,67.063,65.988,65.256,64.816,64.914,65.5,66.281,67.161,68.089,69.114,70.042,70.824,71.41,71.801,71.752,71.557,71.557,72.094,72.875,73.51,73.608,73.315,72.729,72.289,72.094,72.045,72.045,72.045,71.85,71.605,71.361,71.117,70.726,70.238,69.749,69.31,68.968,68.675,68.284,67.747,66.916,66.233,65.598,65.158,64.816,64.474,64.23,64.181,64.132,63.937,63.693,63.351,63.155,63.155,63.302,63.448,63.448,63.351,63.253,63.155,63.058,63.009,63.546,65.842,71.068,79.127,88.506,97.444,105.26,111.8,117.13,120.74,122.35,122.11,120.45,117.91,115.08,111.85,108.43,104.82,101.5,98.665,96.223,93.634,90.606,87.675,85.379,83.475,81.716,79.909,78.053,76.05,73.999,72.192,70.873,69.945,69.31,68.821,68.431,68.235,68.284,68.724,69.359,69.945,70.531,71.068,71.312,71.41,71.41,71.557,71.85,72.289,72.631,72.875,73.071,73.217,73.364,73.12,72.533,71.947,71.312,70.677,70.189,69.798,69.505,69.114,68.626,68.04,67.6,67.258,66.819,66.379,65.94,65.5,65.06,64.67,64.377,64.132,63.79,63.448,63.107,62.862,62.667,62.618,62.667,62.667,62.472,62.179,61.983,61.934,61.983,62.032,61.934,61.69,61.544,62.276,65.109,71.215,80.055,89.531,97.932,104.87,110.63,115.22,118.5,120.16,120.55,119.62,117.37,114.1,110.49,106.68,102.82,99.105,95.734,92.804,89.971,87.284,84.549,81.863,79.176,76.636,74.194,72.192,70.677,69.652,68.821,67.942,66.965,66.184,65.744,65.94,66.623,67.503,68.382,69.114,69.749,70.091,70.287,70.384,70.433,70.433,70.531,70.726,71.068,71.312,71.312,71.215,71.166,71.215,71.166,70.97,70.629,70.042,69.359,68.821,68.431,68.089,67.747,67.356,66.965,66.526,66.184,65.793,65.598,65.549,65.353,64.865,64.132,63.302,62.667,62.276,62.032,61.983,62.032,62.227,62.374,62.276,62.179,61.934,61.739,61.348,60.811,60.322,60.176,60.371,60.616,60.811,61.544,63.937,69.163,77.32,86.845,95.93,103.55,109.95,114.88,118.01,119.33,119.13,117.81,115.57,112.39,108.63,104.72,101.25,98.03,95.099,92.218,89.287,86.405,83.719,81.179,78.883,76.734,74.78,72.924,70.97,68.968,67.405,66.623,66.379,66.233,65.94,65.842,66.477,67.942,69.261,69.554,68.87,68.431,68.87,69.749,70.384,70.531,70.629,70.873,71.215,71.41,71.215,71.068,71.068,71.215,71.215,70.873,70.433,70.189,69.994,69.652,68.968,68.186,67.698,67.405,66.965,66.428,66.037,65.842,65.5,64.718,63.839,63.302,63.009,62.716,62.276,61.983,61.983,62.13,62.13,61.983,61.934,62.13,62.374,62.423,62.179,61.592,61.006,60.469,60.176,59.981,59.932,60.176,60.713,62.179,66.037,73.364,83.133,92.755,100.67,106.97,112.49,116.93,119.47,119.81,118.35,115.91,113.17,110.05,106.63,103.01,99.495,96.223,93.195,90.362,87.626,84.94,82.351,80.055,78.199,76.49,75.073,73.657,72.192,70.482,68.968,67.844,67.258,67.112,67.6,68.479,69.114,69.359,69.359,69.31,69.407,69.847,70.629,71.508,72.045,72.045,71.947,72.24,72.973,73.413,73.315,73.071,73.168,73.315,73.071,72.387,71.508,70.531,69.652,69.163,69.114,69.359,69.505,69.261,68.724,68.284,67.747,66.965,66.037,65.158,64.474,64.181,64.035,64.23,64.474,64.572,64.377,64.035,63.839,63.839,63.839,63.595,63.302,63.107,63.058,63.107,63.253,63.448,63.595,63.693,63.497,63.351,64.035,66.819,72.729,81.423,91.094,100.03,107.8,114.25,119.03,121.72,122.55,122.06,120.69,118.69,116.1,113.12,109.85,106.43,102.91,99.349,95.783,92.413,89.434,86.943,84.745,82.547,80.153,77.76,75.415,73.51,71.85,70.629,69.749,69.31,69.066,68.919,68.724,68.675,68.87,69.31,69.945,70.531,71.215,71.85,72.436,72.875,73.12,73.217,73.413,73.657,73.901,73.999,73.755,73.217,72.68,72.192,71.85,71.752,71.557,71.117,70.384,69.554,68.919,68.528,68.235,67.942,67.503,66.965,66.477,66.184,66.037,65.842,65.353,65.06,65.06,65.06,64.718,64.23,63.79,63.497,63.253,63.107,63.009,62.911,62.716,62.569,62.423,62.374,62.374,62.472,62.716,62.814,62.472,62.179,63.497,68.528,77.76,88.408,97.786,105.06,110.97,116,119.62,121.04,120.69,118.98,116.69,113.9,110.73,107.26,103.6,100.18,96.907,93.927,91.094,88.359,85.721,83.133,80.593,78.248,75.904,73.803,71.947,70.384,69.261,68.479,67.991,67.698,67.503,67.405,67.6,67.942,68.284,68.821,69.359,69.945,70.384,70.531,70.629,70.824,71.215,71.752,72.094,72.24,72.192,72.045,71.947,71.801,71.654,71.508,71.312,70.97,70.629,70.042,69.407,68.87,68.284,67.844,67.503,67.063,66.526,66.037,65.549,65.06,64.621,64.377,64.23,64.132,63.986,63.79,63.497,63.253,63.009,62.716,62.569,62.423,62.227,61.983,61.739,61.495,61.251,61.104,61.251,61.495,61.592,61.592,61.983,64.035,69.261,77.613,87.529,96.858,104.48,110.63,115.22,118.2,119.13,118.45,116.69,114.34,111.66,108.63,105.26,101.79,98.323,94.904,91.778,88.945,86.356,83.914,81.472,79.03,76.539,74.292,72.436,70.922,69.603,68.382,67.307,66.526,66.281,66.379,66.721,67.161,67.747,68.382,68.968,69.505,69.798,70.091,70.384,70.531,70.677,70.726,70.922,71.068,71.312,71.557,71.801,71.947,71.85,71.654,71.361,70.97,70.629,70.238,69.847,69.505,69.066,68.479,67.796,67.161,66.672,66.428,66.233,65.793,65.305,65.012,64.718,64.425,63.839,63.155,62.667,62.472,62.569,62.472,62.374,62.276,62.276,62.227,61.934,61.495,61.153,61.104,61.104,61.055,60.713,60.225,59.736,59.785,61.739,66.672,74.438,83.475,92.12,99.74,106.48,112.1,115.81,117.42,117.32,116.35,115.22,113.81,111.51,107.75,103.11,98.812,95.637,93.439,91.387,88.701,85.428,82.058,78.932,76.343,73.901,71.361,69.163,67.844,67.844,68.479,63.937,63.546,63.986,65.012,66.281,67.991,69.798,71.166,70.922,68.87,65.695,62.667,60.811,60.42,61.446,63.058,64.425,64.865,64.23,62.911,61.446,60.371,59.932,59.883,60.127,60.713,61.446,61.739,61.983,63.742,68.235,74.976,82.937,78.444,87.871,96.907,104.43,110.29,114.73,117.62,118.79,118.54,117.42,115.61,113.32,110.49,107.51,104.38,101.3,98.177,95.197,92.315,89.824,87.48,85.233,82.986,80.593,78.346,76.294,74.438,72.729,71.117,69.798,68.821,68.235,68.089,68.186,68.284,68.479,68.821,69.31,69.945,70.482,70.97,71.508,71.85,72.045,72.094,71.947,71.801,71.85,72.045,72.24,72.24,72.045,71.752,71.361,70.922,70.433,69.994,69.554,69.261,68.919,68.626,68.382,68.04,67.6,66.965,66.233,65.549,65.109,64.914,64.816,64.67,64.425,64.279,64.279,64.377,64.279,63.986,63.497,62.862,62.032,61.299,60.86,60.811,61.006,61.104,61.006,60.86,61.006,61.299,61.348,61.104,61.006,62.227,66.135,73.168,82.595,92.364,101.06,108.43,114.34,118.5,120.35,120.16,118.74,116.69,114.05,111.07,107.99,104.92,101.79,98.909,96.467,93.878,90.166,85.282,80.3,76.246,73.657,72.485,72.387,72.875,72.68,70.629,67.6,65.94,66.184,67.747,69.945,72.631,74.927,75.22,72.973,69.749,68.04,68.235,68.235,67.161,65.744,65.305,66.233,67.747,68.04,65.793,63.009,65.842,75.415,82.742,80.446,72.533,67.307,67.161,69.407,71.166,71.508,70.531,69.261,68.528,68.186,66.965,64.621,61.788,59.492,58.808,59.883,61.69,63.302,64.914,67.161,69.505,70.091,68.089,65.256,63.839,64.718,66.281,66.477,64.865,62.716,61.299,60.616,60.176,60.029,60.42,61.348,62.716,64.181,65.842,69.066,74.927,83.133,91.973,100.13,107.31,113.37,117.91,120.5,120.94,119.62,117.23,114.44,111.56,108.63,105.75,103.01,100.18,97.102,93.976,90.997,88.359,85.966,83.621,81.374,79.225,77.125,74.927,72.778,70.97,69.554,68.382,67.747,67.551,67.747,68.04,68.431,68.87,69.554,70.433,71.41,72.289,72.778,72.973,73.217,73.657,74.194,74.438,74.243,73.559,72.778,72.68,73.071,72.924,72.24,71.947,72.24,72.289,71.85,71.41,71.312,71.215,70.677,69.749,69.066,69.066,69.652,70.287,69.945,68.382,66.672,66.233,66.916,67.356,66.965,66.037,65.256,64.718,64.621,64.67,64.816,64.914,65.109,65.256,65.305,65.109,64.718,64.425,64.377,64.425,64.474,64.425,64.279,64.621,66.379,70.531,77.613,86.601,95.783,103.94,110.73,116.3,120.11,122.01,121.91,120.5,118.3,115.66,112.68,109.51,106.19,102.91,99.789,96.907,94.074,91.29,88.847,86.747,84.5,81.912,79.225,76.929,75.073,73.657,72.533,71.654,71.068,70.629,70.482,70.726,71.312,72.045,72.436,72.387,72.387,73.071,73.901,74.438,74.438,74.341,74.438,74.536,74.634,74.487,74.243,73.901,73.608,73.12,72.436,71.557,70.726,70.189,70.189,70.384,70.482,70.287,69.847,69.31,68.675,68.04,67.551,67.063,66.623,66.233,66.037,65.842,65.598,65.305,64.914,64.572,64.181,63.937,63.742,63.742,63.742,63.693,63.497,63.155,63.009,62.814,62.618,62.472,62.423,62.472,62.569,62.618,62.667,63.058,64.816,69.114,76.343,85.624,95.002,103.26,110.24,115.86,119.81,121.67,121.82,120.6,118.59,116,112.98,109.66,106.24,102.72,99.447,96.369,93.536,90.801,88.115,85.477,83.035,80.739,78.444,76.246,74.243,72.436,70.922,69.603,68.626,67.844,67.405,67.356,67.503,67.844,68.284,68.724,69.261,69.603,69.945,70.287,70.726,71.312,71.85,72.24,72.289,71.947,71.41,71.068,71.117,71.41,71.85,72.192,72.24,71.85,71.41,71.068,70.531,69.847,69.261,68.968,68.919,68.724,68.186,67.551,67.112,66.721,66.281,65.793,65.402,65.109,64.718,64.377,64.132,63.986,63.986,63.839,63.742,63.546,63.253,62.911,62.716,62.667,62.618,62.569,62.276,61.983,61.739,61.592,61.739,62.569,65.158,70.873,79.372,88.945,97.591,104.82,110.63,115.17,117.91,118.79,117.81,115.66,112.78,109.56,106.19,102.72,99.3,95.93,93.097,90.85,88.359,85.282,82.253,80.007,78.199,76.001,72.973,70.091,69.114,70.677,73.217,73.657,70.873,66.672,64.181,64.279,66.037,67.991,69.798,71.215,71.947,71.752,70.97,70.287,69.994,70.287,71.166,72.192,72.875,73.217,73.217,73.12,72.875,72.436,71.605,70.677,69.847,69.359,68.919,68.431,68.04,67.844,67.747,67.6,67.307,66.965,66.526,66.135,65.598,64.914,63.742,62.13,60.371,59.101,58.759,59.297,60.664,62.179,63.351,64.425,66.379,68.919,69.847,67.356,62.862,60.371,61.495,64.132,64.914,63.302,61.055,59.883,60.029,61.251,63.986,70.091,80.349,92.657,103.5,111.12,116.3,120.11,122.5,122.7,120.11,115.08,109.36,105.41,104.18,104.18,103.16,100.18,95.734,91.729,89.971,90.606,91.534,89.482,82.791,73.364,65.158,61.446,61.446,62.814,64.23,66.037,68.382,70.629,71.752,71.215,69.652,68.186,67.356,67.503,68.235,69.31,70.384,71.117,71.557,71.801,71.996,72.24,72.289,71.801,70.531,69.31,68.919,69.603,70.824,71.605,71.752,71.312,70.677,69.994,69.359,68.968,68.675,68.431,68.089,67.6,67.063,66.477,66.037,65.793,65.549,65.158,64.621,63.79,63.058,62.716,63.009,63.351,63.546,63.497,63.253,62.618,61.739,60.713,59.883,59.492,59.492,59.883,60.567,61.592,63.009,64.425,65.695,66.672,68.821,73.559,81.277,90.362,98.86,106.04,111.85,116.3,119.23,120.35,119.77,117.67,114.78,111.61,108.24,104.72,101.35,98.225,95.295,92.218,88.994,85.819,83.035,80.886,79.127,77.662,76.294,74.927,73.364,71.654,70.042,68.919,68.431,68.479,68.675,68.724,68.821,69.114,69.798,70.824,71.85,72.778,73.608,74.243,74.683,74.878,74.878,74.927,75.073,75.122,75.122,74.878,74.438,73.999,73.51,73.12,72.973,73.071,73.12,72.729,71.801,70.482,69.261,68.626,68.724,69.163,69.603,69.652,69.407,68.87,68.04,67.063,66.037,65.256,64.816,64.572,64.279,64.132,63.986,63.742,63.351,63.107,63.107,63.351,63.546,63.497,63.253,63.058,63.009,62.911,62.814,62.814,63.742,66.916,73.364,82.302,91.973,101.06,108.87,114.98,119.23,121.62,122.7,122.35,120.89,118.3,114.98,111.76,109.41,107.99,106.48,103.7,99.349,94.416,90.069,86.845,84.354,81.912,79.176,76.49,74.341,72.924,71.85,70.726,69.31,67.844,66.868,66.526,66.721,66.965,67.356,68.186,69.359,70.629,71.508,71.996,72.387,72.778,73.217,73.51,73.608,73.559,73.413,73.071,72.533,71.85,71.215,70.726,70.433,70.238,69.945,69.505,68.919,68.479,68.284,68.382,68.431,68.235,67.698,66.916,66.135,65.402,64.914,64.718,64.718,64.914,65.305,65.988,66.623,66.868,66.526,65.842,65.109,64.279,63.595,63.155,63.107,63.497,64.035,64.425,64.377,63.986,63.497,63.107,63.009,63.839,66.819,72.68,81.179,90.557,99.105,106.38,112.24,116.54,118.98,119.23,117.62,114.93,111.8,108.63,105.31,101.89,98.421,95.099,91.925,88.994,86.112,83.475,81.032,78.883,76.881,75.318,73.999,72.729,71.557,70.238,69.066,68.186,67.942,68.089,68.479,68.968,69.505,70.091,70.824,71.361,71.654,71.801,71.947,72.094,72.485,72.729,72.875,72.778,72.729,72.631,72.387,72.045,71.752,71.508,71.215,70.824,70.189,69.603,69.163,68.724,68.235,67.796,67.405,67.063,66.477,65.744,65.109,64.865,64.914,64.865,64.425,63.742,62.911,62.13,61.446,61.104,61.153,61.592,61.983,61.934,61.544,61.055,60.469,60.127,60.029,60.225,60.567,60.909,61.153,61.544,61.788,61.983,62.374,64.132,68.626,76.099,85.282,94.562,102.67,109.41,114.54,117.76,119.18,119.03,117.62,115.13,111.85,108.24,104.43,100.62,97.249,94.562,92.413,90.362,87.968,85.282,82.547,80.055,77.858,75.904,74.048,72.094,70.189,68.479,67.161,66.281,65.793,65.549,65.5,65.5,65.695,65.988,66.477,67.112,67.747,68.284,68.87,69.407,69.847,69.994,69.994,70.189,70.726,71.361,71.654,71.41,70.922,70.482,70.287,70.091,69.798,69.407,69.114,68.968,68.821,68.382,67.844,67.405,67.063,66.672,66.184,65.549,64.865,64.23,63.742,63.351,63.107,63.009,63.009,63.253,63.546,63.693,63.448,62.716,61.934,61.495,61.934,62.911,64.279,65.94,66.868,65.5,61.495,57.294,55.926,58.124,62.667,68.382,74.976,82.449,90.166,97.786,105.11,111.56,116.49,119.33,120.16,119.86,118.74,116.69,113.61,109.56,105.06,100.86,97.542,94.904,92.56,90.117,87.529,85.379,83.865,82.986,82.058,80.739,78.883,76.099,72.924,70.091,68.479,67.747,67.551,68.04,69.163,69.163,66.819,63.79,63.009,65.012,68.431,71.85,74.194,74.683,73.803,72.289,71.117,70.482,70.384,70.726,71.215,71.312,70.824,70.629,70.873,71.068,70.677,70.482,71.312,72.875,73.901,74.341,74.78,74.927,73.901,72.533,71.41,70.384,69.603,70.433,72.875,74.292,72.436,68.431,64.621,62.374,61.006,59.785,58.564,57.343,56.415,55.682,55.096,55.194,56.22,57.978,59.248,59.15,58.173,57.685,58.418,60.567,64.425,71.068,80.251,90.557,100.23,108.92,116.69,123.23,127.43,128.17,126.16,123.28,120.55,117.47,113.66,109.8,106.82,104.58,102.28,99.349,95.93,92.169,88.261,84.11,80.446,77.76,75.757,73.999,72.387,70.873,69.603,68.431,67.405,66.916,67.063,67.405,67.747,67.942,68.284,68.87,69.603,70.091,70.091,69.847,69.945,70.433,71.068,71.508,71.557,71.508,71.41,71.361,71.312,71.166,71.117,71.068,70.97,70.824,70.433,69.994,69.359,68.626,67.942,67.356,66.868,66.379,65.793,65.305,64.865,64.572,64.572,64.816,65.109,65.305,65.305,65.06,64.621,64.035,63.497,63.009,62.814,62.814,62.814,62.716,62.667,62.618,62.569,62.423,62.276,62.13,61.885,61.69,61.934,63.742,68.284,75.904,85.428,95.099,103.74,110.97,116.69,120.35,121.62,120.55,117.86,114.34,110.29,105.75,101.16,97.2,94.367,92.56,91.241,89.824,87.968,85.673,82.498,78.737,75.22,72.631,70.97,70.238,69.994,69.554,68.382,66.965,66.428,66.916,67.942,68.626,68.626,68.382,68.675,70.091,71.947,73.168,73.364,72.875,71.85,70.287,68.968,69.652,72.68,75.855,76.539,74.78,72.485,71.215,71.215,71.801,72.729,73.364,72.485,70.091,67.747,66.721,67.063,67.698,67.844,67.698,67.356,67.063,65.988,64.279,64.132,64.865,65.695,61.69,62.276,64.621,69.847,77.809,86.845,95.344,102.72,109.07,114.2,117.67,119.13,118.79,117.23,115.13,112.49,109.26,105.8,102.47,99.593,96.907,94.318,91.632,88.799,85.966,83.23,80.69,78.346,76.294,74.536,72.778,71.117,69.652,68.479,67.698,67.112,66.623,66.477,66.819,67.405,67.942,68.235,68.675,69.163,69.652,70.189,70.677,71.166,71.557,71.605,71.654,71.654,71.654,71.801,71.996,71.996,71.85,71.752,71.605,71.361,70.873,70.384,69.994,69.798,69.505,68.968,68.431,67.796,67.112,66.721,66.672,66.623,66.379,65.94,65.549,65.305,65.06,64.572,63.937,63.448,63.448,63.595,63.595,63.351,63.155,63.253,63.253,63.058,62.667,62.569,62.862,63.302,63.546,63.546,63.448,63.497,65.109,69.554,76.978,85.721,94.171,101.6,108.09,113.51,117.23,119.13,119.23,118.11,116.1,113.56,110.53,107.12,103.5,99.789,96.223,92.95,89.971,87.236,84.549,82.107,80.007,78.102,76.441,74.78,73.168,71.508,70.042,68.919,68.235,67.747,67.551,67.796,68.382,68.968,69.554,70.042,70.482,71.068,71.752,72.631,73.559,74.243,74.487,74.438,74.097,73.999,73.999,74.048,74.097,74.048,73.657,72.778,71.752,71.215,71.508,71.996,72.192,71.752,70.873,69.994,69.554,69.554,69.798,69.994,69.994,69.652,69.066,68.431,68.284,68.528,68.626,68.235,67.698,67.112,66.721,66.526,66.428,66.281,66.135,65.744,65.256,64.572,63.742,63.009,62.423,62.276,62.472,62.618,62.569,62.862,65.012,70.238,78.297,87.529,96.369,104.04,110.63,115.76,119.23,120.89,120.99,120.11,118.35,115.81,112.49,108.68,104.82,101.16,97.981,95.002,92.169,89.482,87.138,84.989,82.937,80.788,78.59,76.539,74.683,73.12,71.752,70.482,69.359,68.479,68.235,68.87,69.945,70.873,71.508,71.801,72.094,72.289,72.387,72.436,72.631,73.12,73.755,74.097,74.341,74.438,74.536,74.487,74.243,73.755,73.168,72.729,72.631,72.485,72.24,71.654,70.531,69.163,67.991,67.258,66.868,66.526,66.135,65.549,65.012,64.425,63.79,63.155,62.423,61.592,61.153,61.299,61.739,62.374,63.058,63.448,63.155,62.374,61.788,61.885,62.472,63.155,63.351,62.911,62.227,61.885,61.983,62.569,63.937,67.112,72.778,80.739,89.531,98.128,105.6,111.85,116.64,119.57,120.89,120.69,119.18,116.74,113.81,110.73,107.55,104.38,101.3,98.225,94.904,91.192,87.529,84.354,81.667,79.176,76.734,74.634,72.924,71.654,70.726,70.091,69.407,68.528,67.503,66.526,66.428,67.307,68.528,69.652,70.238,70.482,70.433,70.433,70.629,71.166,71.85,72.533,72.875,72.778,72.533,72.289,72.24,72.24,72.24,72.094,71.752,71.068,70.433,70.189,70.042,69.603,68.675,67.747,67.112,66.916,66.868,66.477,65.94,65.256,64.816,64.621,64.572,64.425,64.279,64.181,64.132,63.79,63.253,62.716,62.423,62.423,62.374,61.885,61.055,60.42,60.42,61.104,62.374,63.497,63.79,63.058,61.739,60.713,60.713,62.716,67.942,76.685,87.529,97.932,106.14,111.85,115.76,118.25,119.67,120.01,118.74,116,112.49,108.97,105.6,102.23,98.763,95.344,92.12,89.092,86.259,83.475,80.886,78.444,75.904,73.559,71.654,70.384,69.505,68.528,67.6,66.965,66.965,67.551,68.235,68.675,68.821,68.968,69.505,70.238,71.068,71.654,71.996,71.996,71.947,71.996,72.094,72.094,72.045,71.996,71.996,71.996,71.801,71.557,71.215,70.824,70.287,69.798,69.359,68.87,68.186,67.6,67.161,66.721,66.233,65.793,65.549,65.5,65.256,64.816,64.132,63.497,63.253,63.302,63.448,63.351,63.155,62.911,62.423,61.788,61.299,61.251,61.348,61.348,60.909,60.42,60.176,60.225,60.371,60.469,60.567,61.006,62.276,65.5,71.215,79.176,88.066,96.369,103.6,109.75,114.49,117.37,118.3,117.57,115.76,113.37,110.63,107.51,104.14,100.57,97.102,93.732,90.606,87.871,85.477,83.279,81.032,78.688,76.49,74.536,72.778,71.166,69.652,68.089,66.721,65.94,65.988,66.623,67.258,67.796,68.431,69.31,70.091,70.238,69.554,69.066,69.554,70.726,71.41,71.361,70.922,70.873,71.361,72.631,74.487,75.806,75.22,73.071,71.557,72.485,75.073,76.929,76.929,75.904,74.976,74.194,72.631,70.091,67.503,66.184,66.428,67.6,68.821,69.31,68.724,67.356,65.793,64.67,64.474,65.305,66.526,67.6,67.747,66.916,65.598,64.572,64.132,64.181,64.279,64.181,63.79,63.351,63.107,63.009,62.911,63.497,65.549,70.042,76.783,84.012,90.752,98.323,107.7,116.49,121.23,121.91,120.94,120.16,119.62,118.35,115.66,111.61,107.16,103.16,99.691,96.467,93.536,91.045,88.994,86.991,84.842,82.449,80.007,77.858,76.001,74.194,72.045,69.603,67.6,66.672,66.868,67.698,68.431,68.919,69.505,70.189,70.824,71.215,71.508,71.654,71.996,72.533,73.12,73.168,72.533,71.654,71.41,72.094,73.413,74.634,74.976,74.097,71.752,68.919,67.405,68.089,69.945,70.97,70.726,69.652,68.04,65.94,63.839,63.351,64.572,65.793,65.94,65.353,65.305,65.402,64.865,63.448,62.13,61.739,62.276,62.862,62.814,62.13,61.446,61.055,61.006,61.055,61.299,61.348,61.055,60.664,60.713,61.104,61.348,61.934,64.474,70.482,79.03,87.968,96.174,103.99,111.61,117.67,120.5,120.01,118.06,116.05,113.86,110.73,107.12,103.84,101.3,98.665,95.686,92.608,90.117,88.066,85.673,82.742,79.616,77.027,75.318,73.852,72.192,70.287,68.479,66.868,65.598,65.06,65.402,66.184,66.819,67.307,67.844,68.382,68.626,68.87,69.407,70.384,71.166,71.215,70.922,70.726,70.97,71.508,71.85,72.045,70.629,70.824,70.726,70.531,70.189,69.847,69.652,69.554,69.407,69.31,68.968,68.626,68.186,67.747,67.258,66.623,66.037,65.598,65.305,65.06,64.718,64.377,63.839,63.351,63.009,62.716,62.472,62.179,61.885,61.592,61.495,61.495,61.348,61.251,61.006,60.811,60.713,60.616,60.469,60.322,60.127,60.029,60.127,60.176,60.567,62.276,66.672,74.048,83.279,92.413,100.42,106.97,112.19,115.81,117.47,117.47,116.1,113.81,110.88,107.6,104.28,101.01,97.737,94.611,91.485,88.554,85.819,83.279,80.984,78.883,76.881,74.976,72.973,70.873,68.675,66.819,65.793,65.5,65.744,65.988,66.184,66.428,66.916,67.6,68.235,68.724,69.114,69.554,69.994,70.482,70.97,71.654,72.533,73.364,73.559,72.973,72.045,71.312,71.068,71.117,71.215,71.166,70.824,70.042,69.407,69.407,70.238,71.557,72.778,73.608,73.999,74.438,75.171,75.66,74.731,71.654,66.868,61.544,57.294,54.803,53.875,53.924,54.998,57.196,59.541,60.86,61.446,63.155,66.526,69.505,69.652,67.258,64.279,62.227,61.251,60.469,59.541,58.808,59.297,62.032,67.844,76.49,86.503,95.93,103.79,110.05,114.88,117.81,118.59,117.62,115.57,113.07,110.44,107.55,104.38,101.3,98.812,96.565,94.123,91.241,88.359,85.673,83.279,81.032,78.786,76.441,73.803,71.166,69.163,68.284,68.479,68.968,69.261,69.114,69.114,69.554,70.482,71.361,71.85,72.045,72.485,73.364,74.438,75.22,75.611,75.562,75.22,75.122,75.122,75.073,74.683,74.097,73.559,73.071,72.631,72.192,71.801,71.508,71.117,70.482,69.798,69.066,68.382,67.698,66.916,66.135,65.402,64.914,64.621,64.377,64.181,64.132,64.035,63.693,63.107,62.667,62.472,62.569,62.472,62.276,62.13,61.885,61.544,61.153,61.006,60.86,60.86,60.86,60.811,60.664,60.616,60.811,61.934,65.305,71.654,80.349,89.531,97.932,105.26,111.66,116.74,120.11,121.57,121.13,119.23,116.64,113.66,110.53,107.31,103.84,100.42,97.102,94.123,91.485,88.994,86.503,83.865,81.228,78.932,76.929,75.073,73.315,71.752,70.287,69.114,68.284,67.942,67.796,67.844,68.089,68.528,68.968,69.407,69.798,70.189,70.531,70.922,71.068,71.166,71.361,71.752,72.045,72.24,72.24,72.045,71.85,71.752,71.508,71.166,70.824,70.384,69.847,69.505,69.114,68.724,68.431,68.04,67.6,67.112,66.672,66.184,65.744,65.353,65.012,64.67,64.377,64.035,63.742,63.497,63.253,63.009,62.716,62.569,62.276,62.13,61.983,61.885,61.739,61.69,61.544,61.446,61.251,61.104,61.055,61.153,62.179,65.256,71.215,79.811,89.238,97.884,105.26,111.22,115.76,118.3,118.94,117.91,115.81,112.98,109.75,106.24,102.67,99.251,95.93,92.804,89.824,86.991,84.305,81.814,79.421,77.174,74.976,72.924,71.068,69.505,68.186,67.161,66.477,66.184,66.135,66.281,66.623,67.063,67.6,68.089,68.626,69.114,69.554,69.994,70.287,70.531,70.726,70.922,71.068,71.117,71.215,71.312,71.312,71.166,70.922,70.677,70.384,70.042,69.652,69.31,68.919,68.479,67.991,67.405,66.868,66.379,65.793,65.305,64.865,64.474,64.132,63.742,63.351,63.058,62.667,62.276,61.983,61.788,61.69,61.592,61.495,61.446,61.299,61.055,60.811,60.664,60.713,60.713,60.664,60.469,60.322,60.225,60.371,60.86,62.667,66.916,74.194,83.377,92.56,100.57,107.16,112.44,115.91,117.57,117.37,115.91,113.66,111.07,107.99,104.62,101.11,97.688,94.367,91.387,88.554,85.917,83.377,80.788,78.346,76.099,73.999,72.045,70.238,68.528,67.112,65.988,65.256,64.914,64.914,65.305,65.793,66.428,67.063,67.698,68.186,68.626,69.114,69.554,69.994,70.287,70.482,70.629,70.677,70.824,70.922,70.922,70.824,70.629,70.287,70.042,69.798,69.554,69.163,68.724,68.186,67.6,67.112,66.721,66.379,66.037,65.598,65.109,64.572,64.035,63.693,63.351,63.107,62.814,62.569,62.276,62.13,61.983,61.934,61.885,61.739,61.544,61.348,61.153,61.153,61.251,61.299,61.251,61.104,60.909,60.811,60.713,60.909,61.983,65.06,71.068,79.616,89.043,97.737,105.06,110.92,115.42,118.11,118.89,118.01,116.05,113.51,110.49,107.16,103.55,99.935,96.467,93.341,90.606,87.968,85.575,83.133,80.788,78.541,76.441,74.341,72.533,70.873,69.505,68.284,67.405,66.868,66.623,66.672,66.965,67.551,68.186,68.87,69.603,70.238,70.824,71.312,71.801,72.24,72.631,72.924,73.12,73.217,73.217,73.168,72.973,72.778,72.631,72.436,72.094,71.801,71.361,70.97,70.531,70.091,69.603,69.163,68.675,68.284,67.942,67.551,67.161,66.819,66.477,66.135,65.793,65.5,65.158,64.914,64.718,64.572,64.425,64.279,64.181,63.986,63.839,63.839,63.839,63.839,63.839,63.79,63.595,63.448,63.253,63.155,63.351,64.23,66.721,71.85,79.616,88.75,97.591,105.41,112,117.03,120.3,121.62,121.18,119.47,116.98,114,110.63,107.07,103.55,100.13,96.809,93.878,91.241,88.701,86.161,83.719,81.57,79.567,77.467,75.22,73.12,71.508,70.531,69.749,68.821,67.991,67.747,67.991,68.235,68.431,68.724,69.31,69.945,70.531,71.117,71.557,71.947,72.289,72.729,73.071,73.071,72.973,72.973,72.924,72.729,72.533,72.289,71.996,71.557,71.068,70.384,69.652,68.968,68.284,67.747,67.356,66.916,66.477,66.135,65.744,65.353,65.012,64.572,64.181,63.937,63.693,63.497,63.302,63.253,63.155,63.009,62.667,62.374,62.227,62.13,61.934,61.69,61.592,61.592,61.592,61.495,61.446,61.544,61.983,63.497,67.258,73.999,83.133,92.608,101.06,108.09,113.76,117.76,119.77,119.81,118.35,116.05,113.22,110.05,106.68,103.16,99.789,96.467,93.292,90.313,87.431,84.793,82.302,79.909,77.662,75.611,73.657,71.85,70.091,68.675,67.698,67.161,66.965,67.112,67.356,67.747,68.235,68.675,69.114,69.505,69.798,70.189,70.482,70.726,70.97,71.166,71.312,71.312,71.215,71.068,70.677,70.238,69.749,69.163,68.626,68.04,67.551,67.063,66.526,66.135,65.744,65.353,65.012,64.621,64.23,63.839,63.595,63.448,63.253,63.058,62.814,62.618,62.423,62.423,62.423,62.472,62.472,62.472,62.569,62.569,62.618,62.667,62.716,62.716,62.716,62.814,62.716,62.667,62.618,62.472,62.472,63.058,65.06,69.554,76.881,85.819,94.562,102.23,108.63,113.61,116.79,118.06,117.62,115.81,113.32,110.24,106.97,103.55,100.13,96.809,93.634,90.655,87.919,85.282,82.742,80.3,78.004,75.855,73.852,71.996,70.384,68.919,67.844,67.112,66.672,66.477,66.623,66.916,67.405,68.04,68.675,69.261,69.798,70.384,70.873,71.312,71.605,71.801,71.947,72.045,72.094,72.192,72.192,72.24,72.24,72.094,71.947,71.557,71.166,70.873,70.531,70.238,69.945,69.554,69.163,68.919,68.724,68.626,68.382,68.04,67.698,67.307,66.965,66.672,66.428,66.184,65.94,65.695,65.5,65.305,65.256,65.109,65.012,64.865,64.816,64.816,64.718,64.572,64.377,64.132,63.937,63.693,63.448,63.155,63.351,64.621,68.04,74.341,82.986,92.315,100.91,108.24,114.25,118.59,121.04,121.62,120.69,118.54,115.81,112.54,108.97,105.41,101.94,98.616,95.539,92.755,90.117,87.626,85.184,82.937,80.69,78.541,76.539,74.683,72.875,71.215,69.798,68.626,67.747,67.258,67.063,67.063,67.307,67.6,68.04,68.479,68.87,69.261,69.603,69.945,70.238,70.433,70.482,70.531,70.531,70.531,70.531,70.629,70.531,70.384,70.189,69.994,69.749,69.407,69.261,68.968,68.724,68.431,68.04,67.698,67.307,66.916,66.526,66.184,65.94,65.695,65.353,65.012,64.67,64.279,63.986,63.742,63.546,63.448,63.155,62.911,112.39,109.17,105.75,102.18,98.665,95.441,92.413,89.629,86.991,84.598,82.302,80.007,77.76,75.464,73.364,71.508,69.749,68.186,66.868,65.793,65.06,64.67,64.816,65.305,65.94,66.526,67.063,67.551,67.991,68.479,68.919,69.359,69.798,70.091,70.384,70.629,70.922,71.117,71.166,71.117,71.117,71.117,70.873,70.531,70.189,69.749,69.261,68.821,68.431,68.186,67.747,67.063,66.379,65.793,65.353,65.06,64.621,64.181,63.595,63.155,62.814,62.569,62.227,61.983,61.885,61.934,61.934,61.788,61.544,61.251,61.006,60.909,61.006,61.055,61.104,61.055,60.811,60.567,60.567,60.909,62.618,66.819,73.999,83.133,92.364,100.33,106.92,112.39,116.3,118.2,118.11,116.49,114,111.12,107.99,104.58,101.01,97.688,94.66,91.876,89.092,86.308,83.621,81.13,78.883,76.685,74.536,72.631,70.824,69.31,68.089,67.161,66.526,66.135,65.744,65.5,65.549,65.842,66.233,66.526,66.721,66.721,66.819,66.868,66.868,66.868,66.868,66.965,67.063,67.258,67.405,67.698,68.04,68.431,68.675,68.724,68.724,68.675,68.528,68.431,68.235,67.991,67.698,67.356,67.063,66.672,66.379,66.037,65.793,65.549,65.158,64.718,64.377,64.035,63.742,63.448,63.107,62.716,62.423,61.983,61.69,61.348,61.251,61.055,60.909,60.713,60.567,60.469,60.42,60.371,60.371,60.371,60.469,61.055,63.107,67.796,75.318,84.598,93.927,102.04,108.82,114.2,117.91,119.67,119.62,118.06,115.42,112.1,108.53,104.92,101.35,97.884,94.562,91.436,88.506,85.721,83.23,80.935,78.883,76.881,74.976,73.168,71.361,69.652,68.235,67.258,66.526,66.233,66.135,66.184,66.281,66.672,67.161,67.942,68.724,69.603,70.384,70.97,71.508,71.947,72.24,72.631,72.924,73.168,73.315,73.364,73.364,73.364,73.315,73.12,72.875,72.485,72.045,71.654,71.312,70.922,70.531,70.091,69.603,69.066,68.528,68.04,67.6,67.063,66.477,65.842,65.305,64.865,64.474,64.181,63.742,63.302,62.862,62.569,62.423,62.423,62.423,62.374,62.227,62.032,61.885,61.739,61.739,61.739,61.739,61.592,61.495,61.69,62.862,66.233,72.485,81.13,90.508,99.056,106.43,112.63,117.47,120.5,121.57,120.79,118.89,116.3,113.22,110,106.53,103.11,99.789,96.614,93.683,90.948,88.31,85.868,83.475,81.228,79.03,76.978,75.073,73.168,71.508,69.994,68.724,67.796,67.258,66.965,66.965,67.161,67.503,67.991,68.479,69.114,69.749,70.287,70.726,71.068,71.312,71.557,71.801,71.996,72.094,72.094,72.045,71.85,71.752,71.508,71.166,70.726,70.287,69.798,69.359,68.87,68.382,67.942,67.503,67.063,66.526,66.135,65.744,65.353,65.012,64.621,64.181,63.79,63.546,63.448,63.302,63.058,62.814,62.569,62.276,62.13,61.983,61.788,61.592,61.348,61.153,61.153,61.104,61.104,61.006,60.811,60.713,60.909,61.934,65.012,70.922,79.469,88.945,97.591,105.01,111.12,115.86,118.74,119.57,118.69,116.69,113.86,110.68,107.16,103.6,100.13,96.76,93.634,90.655,87.871,85.184,82.595,80.153,77.858,75.806,73.803,71.996,70.238,68.821,67.551,66.672,66.037,65.744,65.598,65.744,66.135,66.526,67.112,67.6,68.089,68.528,68.919,69.31,69.652,69.994,70.287,70.629,70.922,71.117,71.166,71.117,70.97,70.726,70.433,70.091,69.749,69.407,69.066,68.626,68.186,67.796,67.356,66.868,66.233,65.744,65.353,64.914,64.377,63.79,63.497,63.448,63.155,62.618,61.983,61.592,61.69,61.739,61.592,61.348,61.104,60.86,60.811,60.86,60.86,60.713,60.469,60.371,60.42,60.371,60.176,59.932,60.029,60.811,62.862,67.161,74.487,83.719,92.95,100.86,107.26,112.24,115.86,117.67,117.76,116.35,114.05,111.17,107.99,104.62,101.06,97.542,94.318,91.387,88.603,86.063,83.572,81.13,78.737,76.343,74.097,72.094,70.287,68.675,67.258,66.135,65.353,64.914,64.816,64.865,65.158,65.793,66.526,67.258,67.747,67.991,68.235,68.528,68.968,69.359,69.652,69.847,69.945,70.042,70.189,70.238,70.189,70.042,69.847,69.554,69.261,68.919,68.479,68.089,67.747,67.356,67.063,66.672,66.379,65.988,65.549,65.012,64.474,63.986,63.497,63.107,62.814,62.569,62.227,61.983,61.739,61.544,61.446,61.251,61.055,60.909,60.811,60.713,60.616,60.567,60.567,60.469,60.371,60.225,60.127,60.127,60.127,60.176,60.713,62.911,67.942,76.001,85.575,94.758,102.47,108.87,113.86,117.13,118.35,117.91,116.25,113.76,110.73,107.36,103.84,100.37,97.053,93.976,91.192,88.506,85.917,83.475,81.13,78.932,76.734,74.78,72.924,71.166,69.603,68.186,67.063,66.281,65.842,65.793,66.037,66.526,67.258,67.942,68.528,69.163,69.798,70.384,70.873,71.312,71.605,71.947,72.094,72.289,72.436,72.485,72.485,72.387,72.24,71.947,71.605,71.215,70.824,70.384,69.945,69.505,69.114,68.626,68.089,67.6,67.112,66.672,66.184,65.744,65.353,65.06,64.816,64.572,64.279,64.035,63.79,63.546,63.351,63.302,63.155,63.107,63.009,62.862,62.862,62.911,63.009,63.107,63.107,63.058,63.009,62.911,62.862,62.862,63.058,64.279,67.698,73.901,82.547,91.876,100.47,107.85,113.9,118.45,121.04,121.62,120.5,118.3,115.37,111.95,108.39,104.67,101.25,97.981,95.002,92.169,89.482,86.943,84.5,82.253,80.055,77.906,75.855,73.852,72.094,70.482,69.261,68.235,67.698,67.356,67.405,67.698,67.991,68.284,68.528,68.87,69.31,69.798,70.384,70.873,71.312,71.605,71.85,72.045,72.094,72.192,72.094,71.947,71.654,71.41,71.117,70.873,70.531,70.189,69.798,69.359,68.821,68.284,67.796,67.356,66.965,66.672,66.281,65.842,65.353,64.914,64.474,64.035,63.693,63.351,63.058,62.814,62.569,62.423,62.276,62.227,62.179,62.13,62.032,61.983,61.885,61.69,61.446,61.251,61.055,61.006,60.909,60.909,61.104,62.032,64.865,70.629,79.03,88.506,97.297,104.72,110.92,115.66,118.69,119.67,118.94,117.03,114.34,111.22,107.8,104.28,100.86,97.542,94.416,91.485,88.75,86.161,83.719,81.423,79.176,76.978,74.976,73.071,71.215,69.652,68.382,67.405,66.721,66.428,66.379,66.477,66.819,67.161,67.551,68.04,68.675,69.261,69.749,70.042,70.287,70.482,70.629,70.677,70.824,70.922,71.068,71.166,71.166,70.97,70.824,70.531,70.189,69.749,69.359,68.919,68.528,68.04,67.6,67.161,66.819,66.428,66.037,65.598,65.158,64.718,64.377,63.986,63.742,63.448,63.107,62.814,62.472,62.179,61.983,61.934,61.788,61.495,61.153,61.055,61.055,61.104,61.055,60.909,60.713,60.567,60.469,60.567,60.664,61.348,63.986,69.554,77.858,87.382,96.223,103.7,109.66,114.44,117.47,118.5,117.67,115.66,112.93,109.8,106.38,103.01,99.593,96.369,93.243,90.362,87.626,84.989,82.351,79.86,77.564,75.366,73.315,71.508,69.749,68.235,66.965,66.135,65.598,65.5,65.549,65.598,65.94,66.477,67.258,67.844,68.284,68.675,69.066,69.554,69.847,70.042,70.189,70.433,70.677,70.824,70.824,70.726,70.531,70.238,69.847,69.505,69.114,68.821,68.528,68.235,67.844,67.405,66.965,66.526,66.184,65.842,65.353,64.718,64.132,63.595,63.351,63.107,62.814,62.472,62.179,61.934,61.739,61.69,61.544,61.495,61.348,61.251,61.055,60.909,60.811,60.664,60.567,60.42,60.322,60.225,60.225,60.322,60.42,61.251,63.839,69.261,77.467,86.943,95.783,103.26,109.36,114,116.88,117.91,117.37,115.57,113.07,110,106.68,103.26,99.789,96.467,93.341,90.41,87.529,84.989,82.547,80.3,78.102,76.001,73.901,72.045,70.287,68.87,67.6,66.672,66.037,65.695,65.695,65.842,66.233,66.672,67.258,67.747,68.235,68.675,69.066,69.505,69.945,70.287,70.677,70.922,71.117,71.166,71.215,71.215,71.166,70.97,70.824,70.531,70.287,69.994,69.652,69.359,68.968,68.479,67.942,67.307,66.819,66.379,65.988,65.598,65.158,64.718,64.377,64.035,63.79,63.595,63.448,63.253,63.058,62.814,62.569,62.423,62.374,62.374,62.374,62.276,62.276,62.276,62.374,62.276,62.179,62.13,61.983,61.934,62.13,63.253,66.428,72.485,80.984,90.313,98.909,106.24,112.24,116.74,119.33,120.01,119.13,117.18,114.49,111.32,107.85,104.28,100.72,97.346,94.318,91.485,88.945,86.503,84.11,81.814,79.616,77.564,75.757,74.048,72.485,71.068,69.652,68.675,67.991,67.747,67.796,68.089,68.528,69.066,69.554,70.189,70.873,71.508,71.996,72.436,72.778,73.12,73.364,73.608,73.657,73.657,73.608,73.413,73.168,72.778,72.436,71.996,71.508,70.873,70.189,69.554,69.066,68.528,68.089,67.6,67.063,66.477,66.184,66.037,66.233,66.623,66.868,66.965,66.819,66.281,65.402,64.23,62.862,61.69,60.86,60.469,60.322,60.225,60.029,59.981,60.127,60.322,60.469,60.616,60.567,60.469,60.42,60.567,61.446,64.279,70.091,78.688,88.31,97.346,105.06,111.36,116.3,119.47,120.74,120.25,118.5,116,112.93,109.56,105.99,102.47,99.105,95.93,93.097,90.606,88.408,86.308,84.11,81.863,79.616,77.564,75.806,74.194,72.289,70.384,68.87,68.04,67.796,67.747,67.796,67.942,68.235,68.479,68.626,68.87,69.066,69.261,69.163,69.163,69.407,69.652,69.847,69.994,70.189,70.384,70.482,70.384,70.091,69.847,69.749,69.652,69.505,69.066,68.528,68.04,67.551,67.161,66.721,66.233,65.598,65.012,64.572,64.279,64.181,64.035,63.937,63.742,63.497,63.253,63.009,62.716,62.618,62.618,62.667,62.716,62.618,62.374,62.13,61.885,61.544,61.055,60.567,60.371,60.567,61.006,61.788,64.23,69.261,76.978,86.063,94.855,102.67,109.26,114.25,117.32,118.3,117.67,115.76,113.07,109.85,106.24,102.28,98.421,94.855,91.729,89.043,86.796,84.745,82.547,80.104,77.564,75.171,73.217,71.654,70.189,68.724,67.356,66.233,65.353,64.865,64.572,64.474,64.67,65.256,65.988,66.672,67.356,67.991,68.528,69.163,69.749,70.238,70.726,71.361,71.947,72.24,72.192,71.557,70.677,69.798,69.114,68.626,68.186,67.6,66.965,66.281,65.5,64.67,63.937,63.253,62.667,62.179,61.739,61.348,61.104,60.909,60.811,60.713,60.713,60.713,60.713,60.811,60.909,61.104,61.348,61.69,61.983,62.276,62.472,62.667,62.667,62.472,62.276,62.032,61.934,61.885,61.788,61.934,62.472,64.474,68.968,76.246,85.135,93.878,101.55,107.99,112.98,116.25,117.47,116.93,115.13,112.54,109.61,106.48,103.16,99.691,96.321,93.048,90.069,87.236,84.549,81.912,79.372,76.929,74.683,72.68,70.873,69.261,67.844,66.721,65.94,65.402,65.109,65.06,65.256,65.598,66.135,66.819,67.503,68.04,68.528,69.066,69.505,69.994,70.433,70.922,71.361,71.605,71.801,71.85,71.85,71.801,71.752,71.654,71.508,71.215,70.922,70.629,70.287,69.994,69.652,69.359,68.968,68.528,68.089,67.698,67.258,66.916,66.623,66.379,66.135,65.842,65.549,65.305,65.012,64.718,64.474,64.181,63.937,63.79,63.742,63.79,63.79,63.79,63.693,63.546,63.302,63.107,63.009,62.911,63.009,63.351,64.865,68.479,74.927,83.377,92.364,100.62,107.75,113.61,117.91,120.3,120.79,119.77,117.67,114.78,111.51,107.8,104.18,100.62,97.346,94.318,91.485,88.847,86.356,84.061,81.814,79.665,77.662,75.806,74.048,72.436,70.97,69.652,68.626,67.796,67.258,66.868,66.672,66.672,66.819,67.063,67.405,67.796,68.284,68.724,69.261,69.652,69.994,70.287,70.482,70.677,70.726,70.726,70.726,70.629,70.482,70.287,70.091,69.945,69.749,69.505,69.163,68.821,68.431,67.991,67.6,67.258,66.868,66.526,66.184,65.695,65.109,64.67,64.279,63.986,63.79,63.497,63.155,62.862,62.569,62.227,61.983,61.739,61.495,61.299,61.153,61.104,61.055,60.909,60.811,60.664,60.567,60.567,61.006,62.911,67.503,75.073,84.305,93.341,101.25,107.8,113.12,116.69,118.3,118.11,116.69,114.34,111.56,108.24,104.72,101.11,97.688,94.513,91.534,88.701,85.966,83.475,81.13,78.883,76.783,74.731,72.778,70.97,69.31,67.942,66.868,66.184,65.744,65.5,65.402,65.549,65.793,66.281,66.868,67.503,67.991,68.382,68.675,68.919,69.163,69.407,69.603,69.847,70.091,70.238,70.287,70.238,70.042,69.798,69.603,69.359,69.163,68.87,68.528,68.186,67.796,67.503,67.063,66.623,66.184,65.744,65.256,64.816,64.279,63.839,63.497,63.253,63.058,62.862,62.618,62.276,61.983,61.592,61.446,61.299,61.251,61.153,61.153,61.104,61.055,61.006,60.909,60.86,60.713,60.664,60.811,61.544,63.839,68.821,76.539,85.673,94.513,102.13,108.43,113.37,116.54,117.67,117.03,115.32,112.78,109.8,106.43,102.87,99.349,95.979,92.95,89.971,87.187,84.5,81.912,79.616,77.369,75.073,72.778,70.922,69.505,68.382,67.258,66.379,65.842,65.793,65.842,65.793,65.94,66.184,66.477,66.672,66.672,66.623,66.428,66.526,66.868,67.161,67.356,67.503,67.698,67.796,67.844,67.942,67.844,67.796,67.698,67.551,67.503,67.503,67.405,67.356,67.161,66.868,66.526,66.233,65.842,65.5,65.158,64.816,64.474,64.23,63.986,63.595,63.253,63.009,62.862,62.862,62.862,62.618,62.276,62.032,61.934,61.885,61.739,61.495,61.251,61.153,61.251,61.153,60.909,60.616,60.322,60.225,60.616,62.179,65.842,72.436,81.179,90.41,98.812,105.94,111.66,115.91,118.3,118.69,117.57,115.32,112.44,109.12,105.6,102.04,98.616,95.295,92.12,89.092,86.259,83.621,81.179,78.883,76.636,74.536,72.68,70.922,69.31,67.942,66.819,66.037,65.695,65.549,65.695,65.988,66.428,67.063,67.796,68.479,69.261,69.994,70.629,71.117,71.557,71.996,72.387,72.68,72.924,72.973,72.875,72.631,72.289,72.045,71.85,71.752,71.605,71.508,71.166,70.677,70.091,69.505,69.066,68.821,68.626,68.235,67.796,67.307,66.868,66.526,66.281,66.037,65.793,65.402,64.914,64.474,64.181,63.937,63.742,63.497,63.155,62.716,62.227,61.885,61.788,61.934,61.934,61.885,61.592,61.446,61.299,61.446,61.983,63.742,67.6,74.292,82.937,92.12,100.57,107.99,114.05,118.3,120.35,120.35,118.98,116.79,114.25,111.22,107.95,104.38,100.81,97.346,94.171,91.29,88.75,86.356,84.158,82.009,79.762,77.662,75.66,73.803,72.094,70.629,69.31,68.186,67.405,67.063,66.916,66.965,67.112,67.405,67.844,68.528,69.31,70.042,70.629,70.922,71.117,71.215,71.41,71.801,72.045,72.192,72.045,71.801,71.41,71.117,70.873,70.677,70.433,69.994,69.407,68.724,68.089,67.551,67.063,66.672,66.281,65.842,65.402,65.06,64.718,64.425,64.035,63.693,63.302,63.009,62.814,62.618,62.472,62.227,61.983,61.788,61.69,61.592,61.544,61.348,61.153,61.006,60.909,61.055,61.153,61.299,61.299,61.495,62.374,65.256,71.117,79.665,89.189,97.981,105.36,111.36,115.81,118.35,119.03,118.11,116.1,113.37,110.05,106.48,102.87,99.3,95.93,92.657,89.678,86.943,84.354,82.009,79.665,77.418,75.318,73.315,71.41,69.847,68.479,67.356,66.477,65.842,65.549,65.5,65.793,66.233,66.819,67.356,67.844,68.235,68.675,69.066,69.407,69.798,70.091,70.287,70.433,70.531,70.629,70.531,70.433,70.287,70.091,69.945,69.652,69.359,69.066,68.626,68.089,67.6,67.258,66.868,66.477,66.135,65.695,65.158,64.718,64.279,63.937,63.693,63.351,63.009,62.618,62.227,62.032,61.934,61.885,61.739,61.592,61.348,61.153,61.006,60.909,60.86,60.811,60.811,60.664,60.567,60.371,60.225,60.176,60.664,62.472,66.819,74.194,83.475,92.755,100.72,107.26,112.29,115.86,117.62,117.67,116.35,114.1,111.22,107.99,104.48,100.86,97.444,94.22,91.241,88.31,85.428,82.693,80.055,77.809,75.66,73.657,71.801,69.945,68.382,67.063,66.037,65.353,65.012,65.012,65.256,65.402,65.598,66.037,66.721,67.503,68.04,68.382,68.528,68.821,69.359,69.945,70.091,69.994,69.847,69.994,70.042,69.945,69.749,69.652,69.554,69.31,68.968,68.724,68.431,68.186,67.844,67.551,66.965,66.379,65.94,65.598,65.06,64.377,63.839,63.595,63.448,63.253,62.814,62.374,61.983,61.885,61.739,61.495,61.251,61.055,60.909,60.909,60.86,60.713,60.664,60.616,60.567,60.567,60.371,60.176,59.981,59.981,60.616,62.667,67.356,74.976,84.305,93.488,101.35,107.95,113.12,116.64,118.11,117.86,116.3,113.81,110.88,107.6,104.38,101.16,98.03,95.051,92.169,89.385,86.601,84.012,81.57,79.176,76.929,74.78,72.729,70.824,69.114,67.698,66.526,65.842,65.549,65.5,65.695,66.037,66.623,67.161,67.796,68.479,69.261,69.945,70.482,70.97,71.361,71.605,71.654,71.557,71.361,71.215,71.312,71.41,71.557,71.557,71.41,71.117,70.726,70.287,69.945,69.554,69.114,68.479,67.942,67.356,66.868,66.477,66.233,66.037,65.842,65.549,65.109,64.67,64.23,63.937,63.742,63.693,63.742,63.693,63.497,63.155,63.009,63.058,63.155,63.351,63.448,63.448,63.351,63.253,63.058,62.862,62.716,62.911,63.937,66.721,72.192,80.104,89.238,97.981,105.6,112.05,117.03,120.3,121.62,121.13,119.33,116.54,113.32,109.66,105.94,102.23,98.665,95.344,92.364,89.531,86.991,84.598,82.302,80.104,78.053,76.099,74.243,72.485,70.922,69.603,68.626,67.844,67.503,67.405,67.551,67.844,68.284,68.821,69.359,69.945,70.531,71.166,71.654,72.045,72.289,72.436,72.485,72.485,72.533,72.533,72.485,72.387,72.094,71.752,71.361,70.97,70.629,70.287,69.798,69.31,68.821,68.284,67.942,67.503,67.063,66.623,66.184,65.695,65.256,64.718,64.377,63.986,63.546,63.155,62.814,62.472,62.276,62.179,62.13,62.032,61.983,61.885,61.592,61.348,61.104,61.006,60.909,60.86,60.811,60.713,60.713,61.251,62.911,67.063,74.048,83.035,92.315,100.57,107.51,113.12,117.03,119.13,119.33,118.06,115.86,112.98,109.61,106.14,102.57,99.154,95.881,92.804,89.971,87.284,84.842,82.547,80.495,78.492,76.539,74.536,72.533,70.677,69.114,67.942,67.112,66.623,66.281,66.135,66.184,66.428,66.916,67.551,68.235,68.919,69.505,69.847,70.189,70.433,70.677,70.97,71.215,71.361,71.361,71.312,71.215,71.215,71.068,70.824,70.384,69.994,69.554,69.163,68.87,68.431,67.991,67.503,67.063,66.526,65.988,65.5,65.06,64.67,64.377,64.035,63.742,63.448,63.107,62.862,62.618,62.423,62.276,62.13,61.934,61.69,61.544,61.495,61.446,61.299,61.251,61.104,60.909,60.713,60.567,60.469,60.811,62.374,66.135,72.729,81.423,90.606,99.007,106.04,111.66,115.76,117.81,118.06,116.88,114.69,111.85,108.53,105.01,101.3,97.737,94.416,91.29,88.408,85.819,83.23,80.886,78.59,76.539,74.536,72.729,70.97,69.359,68.089,67.063,66.281,65.793,65.598,65.695,65.94,66.379,66.868,67.356,67.991,68.626,69.114,69.554,69.945,70.189,70.433,70.629,70.677,70.629,70.433,70.238,70.042,69.847,69.652,69.554,69.407,69.163,68.87,68.626,68.284,67.747,67.063,66.428,65.793,65.305,64.914,64.621,64.279,63.839,63.546,63.302,63.009,62.618,62.374,62.179,61.934,61.592,61.544,61.69,61.788,61.885,61.788,61.69,61.299,60.909,60.713,60.713,60.811,60.86,60.811,60.713,60.713,61.348,63.693,68.919,77.027,86.552,95.637,103.35,109.61,114.44,117.42,118.35,117.76,116.05,113.56,110.53,107.12,103.45,99.789,96.369,93.048,89.971,87.187,84.5,81.912,79.469,77.125,74.976,73.12,71.41,69.749,68.235,66.965,65.988,65.158,64.718,64.816,65.256,65.793,66.233,66.477,66.819,67.258,67.796,68.382,68.87,69.359,69.847,70.287,70.629,70.824,70.873,70.824,70.677,70.433,70.091,69.847,69.603,69.31,68.919,68.528,68.089,67.698,67.307,66.965,66.672,66.379,66.184,65.988,65.744,65.305,64.816,64.181,63.497,62.862,62.423,62.276,62.423,62.472,62.374,62.13,61.788,61.69,61.544,61.544,61.495,61.495,61.495,61.544,61.592,61.592,61.592,61.495,61.348,61.739,63.497,67.6,74.536,83.426,92.511,100.57,107.36,112.73,116.49,118.45,118.59,117.47,115.47,112.93,109.85,106.43,102.87,99.349,95.979,92.804,89.678,86.845,84.403,82.253,80.153,78.053,75.904,73.901,72.192,70.824,69.652,68.919,68.382,67.991,67.844,67.991,68.479,68.968,69.359,69.652,70.091,70.677,71.312,71.801,72.24,72.68,73.12,73.413,73.559,73.413,73.168,72.973,72.729,72.533,72.436,72.24,72.045,71.801,71.41,70.97,70.482,70.042,69.554,69.066,68.479,67.991,67.503,66.965,66.379,65.598,64.914,64.377,63.937,63.546,63.155,62.814,62.569,62.472,62.423,62.276,62.276,62.423,62.472,62.374,62.179,62.179,62.276,62.276,61.934,61.348,61.006,61.006,61.739,63.839,68.089,74.927,83.377,91.973,99.935,107.51,114.69,120.25,122.7,121.87,119.37,116.64,113.9,110.92,107.36,103.74,100.47,97.591,95.051,92.657,90.362,87.919,85.135,82.058,79.127,76.881,75.22,73.803,71.996,69.994,68.284,67.356,66.916,66.672,66.379,66.184,66.281,66.672,67.258,67.942,68.528,69.114,69.603,70.384,71.41,72.533,73.413,73.901,74.292,74.487,74.292,73.51,72.387,71.166,70.238,70.091,70.873,71.508,70.629,68.479,66.526,66.037,66.477,66.379,65.842,66.281,68.235,70.042,69.749,67.356,65.012,64.035,64.132,63.742,62.472,61.251,60.616,60.616,60.42,59.883,59.346,59.248,59.492,59.687,59.492,59.15,59.443,60.42,61.69,62.374,62.618,63.351,66.233,72.387,81.277,91.241,100.13,106.82,110.83,112.44,112.93,113.51,114.34,114.64,113.17,110,105.6,101.3,97.737,94.855,92.413,90.117,87.48,84.305,80.739,77.223,74.097,71.801,70.189,68.724,67.258,65.94,65.305,65.5,65.793,65.94,65.842,66.135,66.819,67.6,67.942,67.356,66.721,66.721,67.796,69.407,70.629,70.873,70.384,69.847,69.603,69.554,69.261,68.675,67.942,67.161,66.672,66.477,66.428,66.281,65.94,65.5,65.109,64.718,64.279,63.742,63.009,61.983,61.153,61.495,63.107,65.305,66.623,66.623,65.695,64.865,64.572,64.621,64.279,63.302,61.983,61.006,60.811,61.299,62.13,62.667,62.716,62.472,62.227,62.13,62.032,61.885,61.544,61.69,62.862,66.184,72.24,80.593,89.629,97.932,105.06,110.88,114.93,116.88,116.74,114.88,111.61,107.41,102.87,98.812,96.223,95.539,95.979,96.125,94.66,91.68,87.822,83.816,79.86,75.855,72.24,69.261,66.916,65.549,65.305,66.184,67.796,69.066,69.163,68.382,67.307,66.623,66.428,66.721,67.503,68.675,70.042,71.117,71.508,71.361,71.117,71.166,71.41,71.508,71.215,70.922,70.824,70.922,70.922,70.824,70.433,69.652,68.87,68.235,68.04,67.991,67.796,67.503,67.161,66.965,66.819,66.428,65.842,65.353,65.158,65.256,65.305,65.305,65.158,65.06,65.012,64.865,64.718,64.474,64.132,63.839,63.742,63.839,64.132,64.279,64.279,64.035,63.595,63.058,62.569,62.179,62.179,63.009,65.793,71.508,79.909,89.385,98.177,105.5,111.41,116,118.98,120.06,119.37,117.32,114.44,111.22,108.04,105.06,102.18,99.251,96.223,93.195,90.117,87.138,84.305,81.667,79.225,77.027,75.122,73.315,71.557,69.847,68.431,67.258,66.428,65.988,65.842,66.037,66.428,66.916,67.698,68.479,69.163,69.652,70.091,70.531,70.922,71.312,71.557,71.801,71.947,71.85,71.752,71.508,71.166,70.922,70.677,70.433,70.091,69.847,69.505,69.066,68.528,68.04,67.698,67.258,66.721,66.184,65.598,65.305,65.012,64.816,64.474,64.132,63.742,63.448,63.155,62.911,62.618,62.374,62.179,62.032,61.885,61.544,61.153,60.86,60.811,60.909,60.664,60.176,59.785,59.785,59.932,60.029,61.299,65.402,73.315,83.377,92.853,100.13,105.41,110,114.54,118.5,120.6,120.06,117.23,113.32,109.31,105.6,102.13,98.616,95.099,91.632,88.164,84.989,82.498,80.446,78.053,75.171,73.168,73.364,74.097,72.924,70.042,68.724,70.677,73.071,71.85,67.161,62.618,61.055,62.423,65.256,67.551,68.284,67.6,66.037,64.425,64.181,66.868,71.801,75.415,74.536,69.847,65.5,64.621,66.916,69.407,70.238,69.847,69.407,69.261,68.87,68.04,67.112,66.477,66.233,66.233,66.233,66.184,65.793,65.158,64.23,63.497,63.253,63.546,63.986,63.986,63.497,62.716,62.374,62.276,62.276,61.983,61.446,60.811,60.42,60.42,60.713,61.055,61.348,61.299,61.006,60.371,59.59,59.346,60.322,63.742,70.384,79.372,88.847,97.2,103.99,109.51,113.42,115.61,115.91,114.88,112.93,110.53,107.8,104.67,101.45,97.981,94.513,91.094,88.066,85.428,83.035,80.984,78.981,76.881,74.634,72.24,69.994,67.942,66.135,65.012,64.914,65.744,66.672,66.721,65.793,64.377,63.448,63.742,65.256,67.258,68.919,69.847,70.238,70.238,69.798,69.163,68.479,68.186,68.186,68.382,68.675,69.114,69.749,70.482,70.873,70.677,69.847,68.675,67.503,66.623,66.135,66.037,66.184,66.281,66.281,66.184,65.793,65.158,64.279,63.253,62.227,61.495,61.104,61.055,61.251,61.446,61.495,61.446,61.153,60.664,59.981,59.248,58.613,58.222,58.32,58.564,58.906,59.248,59.443,59.492,59.492,59.736,61.006,64.474,71.117,80.153,89.824,98.372,105.5,111.17,115.47,118.01,118.54,117.37,114.98,111.95,108.48,105.01,101.55,98.225,95.051,91.973,89.189,86.503,84.012,81.472,79.03,76.881,74.878,73.071,71.215,69.407,67.796,66.526,65.598,65.012,64.718,64.816,65.012,65.353,65.793,66.428,67.112,67.698,68.04,68.284,68.431,68.528,68.675,68.821,68.968,69.114,69.114,68.919,68.479,67.844,67.307,66.965,66.868,66.819,66.623,66.037,65.353,64.816,64.474,64.425,64.377,64.035,63.937,64.035,64.377,64.572,64.572,64.377,64.132,63.937,63.742,63.546,63.546,63.839,64.279,64.718,64.865,64.865,64.67,64.377,63.839,63.302,62.814,62.472,62.374,62.227,62.13,61.885,61.592,61.69,62.911,66.526,73.217,82.058,91.094,99.154,106.19,112.05,116.49,118.89,119.23,118.06,115.86,112.98,109.8,106.38,102.87,99.544,96.467,93.634,90.801,88.115,85.428,82.84,80.495,78.346,76.343,74.487,72.875,71.41,70.042,68.724,67.551,66.428,65.402,64.816,64.865,65.549,66.526,67.698,68.724,69.749,70.433,70.531,70.042,69.505,69.261,69.554,70.287,71.312,72.436,73.315,73.755,73.51,72.533,71.215,69.945,68.919,68.479,68.431,68.675,69.066,69.359,69.31,68.821,67.942,66.916,65.94,65.012,64.23,63.742,63.546,63.497,63.546,63.546,63.448,63.155,62.862,62.423,61.934,61.348,60.811,60.42,60.469,60.909,61.495,61.885,61.983,61.788,61.544,61.299,61.104,61.055,61.251,62.374,65.695,71.947,80.739,90.313,99.105,106.48,112.54,117.03,119.81,120.69,120.06,118.45,116,113.07,109.75,106.28,103.01,99.886,96.858,93.927,91.192,88.554,86.112,83.914,81.814,79.86,78.004,76.099,74.097,72.192,70.433,69.066,68.186,67.844,67.844,67.991,68.186,68.382,68.528,68.821,69.261,69.652,70.189,70.531,70.922,71.361,71.752,72.094,72.289,72.485,72.485,72.436,72.24,71.996,71.654,71.41,71.117,70.824,70.482,69.994,69.505,68.87,68.186,67.551,66.916,66.428,65.988,65.549,65.109,64.67,64.181,63.742,63.302,62.911,62.618,62.423,62.374,62.423,62.423,62.276,62.13,61.885,61.592,61.495,61.495,61.544,61.69,61.69,61.592,61.495,61.348,61.299,61.446,62.13,64.377,69.163,76.783,86.063,94.904,102.57,108.73,113.56,116.79,118.3,118.3,116.98,114.78,111.95,108.53,104.82,100.72,96.809,93.341,90.606,88.164,85.917,83.572,81.179,78.932,76.734,74.78,72.973,70.97,68.626,66.037,64.132,63.253,63.742,65.109,66.477,67.307,67.356,67.161,67.063,67.161,67.161,67.112,67.356,68.186,69.359,70.384,70.824,70.824,70.824,70.824,70.677,70.287,69.994,70.091,70.042,69.163,67.844,67.258,68.04,69.505,70.189,69.261,67.112,65.109,64.035,63.937,64.377,65.06,65.549,65.549,64.914,64.132,63.693,63.693,63.986,63.986,63.497,62.472,61.544,61.104,61.348,62.032,62.472,62.423,61.885,61.299,60.909,60.909,61.055,60.909,60.616,59.981,59.59,60.176,62.911,68.724,77.223,86.698,95.295,102.57,108.53,113.37,116.64,117.86,117.18,115.17,112.49,109.56,106.48,103.45,100.33,97.102,93.976,91.094,88.603,86.161,83.621,80.984,78.737,76.685,74.634,72.631,71.117,70.091,68.919,67.258,65.598,64.816,65.109,66.037,67.063,67.698,67.942,68.089,68.626,69.505,70.384,70.824,70.629,70.238,70.238,71.068,72.094,72.778,72.631,71.605,70.042,68.724,68.626,69.505,70.287,70.433,69.945,69.114,68.382,67.698,66.965,66.379,65.842,65.598,65.353,65.06,64.474,63.839,63.595,63.595,63.448,63.058,62.618,62.374,62.374,62.374,62.227,61.983,61.69,61.495,61.348,61.299,61.446,61.885,62.374,62.667,62.667,62.374,61.934,61.348,61.055,61.299,63.009,67.063,74.097,83.279,92.95,101.35,108.09,113.37,117.13,119.33,119.77,118.69,116.44,113.61,110.49,107.16,103.74,100.13,96.614,93.341,90.557,88.066,85.721,83.572,81.472,79.421,77.418,75.318,73.168,71.215,69.652,68.479,67.796,67.503,67.551,67.747,67.942,68.04,68.284,68.821,69.505,70.287,70.97,71.605,72.192,72.68,73.12,73.413,73.657,73.657,73.608,73.51,73.315,73.12,72.924,72.68,72.387,72.094,71.801,71.41,71.068,70.629,70.091,69.603,69.114,68.626,68.089,67.6,67.258,66.868,66.477,66.184,65.744,65.305,64.816,64.279,63.79,63.351,63.058,62.862,62.667,62.472,62.227,61.983,61.739,61.544,61.495,61.592,61.739,61.788,61.739,61.592,61.299,61.153,61.592,63.595,68.431,76.294,85.917,95.295,103.35,110.05,115.57,119.42,121.38,121.28,119.86,117.57,114.78,111.66,108.39,105.06,101.79,98.763,95.93,93.292,90.655,87.968,85.282,82.742,80.349,78.248,76.343,74.634,73.071,71.752,70.629,69.554,68.626,67.991,67.796,68.04,68.382,68.675,68.87,69.261,69.749,70.384,70.922,71.361,71.654,71.85,71.85,71.752,71.85,72.192,72.631,72.729,72.485,72.045,71.508,71.068,70.629,70.091,69.603,69.114,68.821,68.479,68.186,67.698,67.063,66.379,65.793,65.402,65.256,65.06,64.914,64.718,64.816,64.865,64.718,64.035,63.107,62.423,62.374,62.814,63.351,63.595,63.351,62.667,61.934,61.544,61.495,61.592,61.446,61.153,61.104,61.495,62.374,64.425,68.919,76.246,85.428,94.562,102.57,109.26,114.49,118.06,119.81,119.67,118.11,115.32,111.85,108.09,104.28,100.62,97.2,94.074,91.094,88.359,85.819,83.377,81.032,78.688,76.441,74.243,72.289,70.531,68.968,67.6,66.623,65.988,65.842,66.037,66.281,66.623,66.916,67.307,67.698,68.089,68.528,69.066,69.554,70.042,70.433,70.629,70.824,70.922,71.068,71.166,71.215,71.166,70.97,70.677,70.287,69.994,69.749,69.603,69.505,69.261,68.675,67.942,67.356,66.916,66.623,66.184,65.744,65.305,64.914,64.572,64.132,63.742,63.448,63.155,62.911,62.569,62.276,62.13,61.983,61.885,61.69,61.446,61.251,61.153,61.153,61.104,61.055,61.006,61.006,60.86,60.713,60.469,60.469,61.495,64.865,71.41,80.446,90.117,98.812,105.99,111.61,115.66,117.86,118.2,117.18,115.13,112.39,109.12,105.5,101.79,98.225,95.002,92.071,89.287,86.747,84.305,81.863,79.616,77.369,75.22,73.168,71.361,69.798,68.479,67.503,66.721,66.379,66.184,66.184,66.379,66.721,67.161,67.698,68.235,68.724,69.163,69.554,69.945,70.189,70.384,70.482,70.677,70.726,70.726,70.726,70.824,70.824,70.726,70.384,69.994,69.749,69.505,69.066,68.528,68.089,67.747,67.405,67.161,66.965,66.623,65.988,65.305,64.718,64.572,64.425,64.035,63.497,63.058,62.862,62.814,62.618,62.276,61.983,61.788,61.739,61.69,61.495,61.251,60.909,60.567,60.42,60.371,60.371,60.42,60.42,60.225,60.029,60.616,63.009,68.479,76.929,86.503,95.344,102.67,108.73,113.61,116.93,118.35,118.11,116.54,114.1,111.07,107.6,104.14,100.86,97.932,95.099,103.06,100.13,98.128,97.004,95.441,92.755,89.189,85.673,82.791,80.593,78.932,77.418,75.904,74.243,72.289,70.238,68.431,67.258,66.281,65.256,64.377,64.572,65.402,65.793,65.256,64.425,64.279,64.865,65.744,66.281,66.477,66.477,66.477,66.526,66.672,66.916,67.112,67.405,67.6,67.6,67.551,67.6,67.942,68.382,68.479,67.991,66.916,65.842,65.5,65.793,66.477,66.916,66.965,66.672,65.988,65.06,63.937,62.814,62.276,62.569,63.302,63.79,63.986,63.742,62.911,61.69,60.371,59.541,59.443,59.443,59.687,60.176,60.713,61.006,60.811,60.567,60.469,60.811,61.055,61.348,63.009,67.307,74.341,81.912,88.115,93.439,99.154,104.82,108.39,109.17,108.48,108.09,108.29,107.95,106.14,103.35,100.57,97.981,95.295,92.12,88.75,85.575,82.693,80.055,77.76,75.806,73.755,71.215,69.066,68.431,68.87,68.968,67.942,66.037,64.377,63.839,64.23,64.572,64.23,63.986,64.181,64.67,65.012,65.158,65.256,65.402,65.598,65.842,66.281,66.916,67.6,67.796,67.405,66.965,66.868,67.307,68.089,68.87,69.066,68.626,67.991,67.503,67.307,66.916,65.988,64.718,64.23,65.109,66.428,66.721,65.598,64.279,63.693,63.595,63.546,63.253,62.911,62.814,62.716,62.276,61.495,60.664,60.176,60.176,60.469,60.664,60.713,60.616,60.616,60.567,60.322,59.883,59.346,59.297,60.811,64.572,70.629,77.662,84.354,90.117,95.49,100.57,104.87,107.75,109.17,109.51,109.12,108.09,106.43,103.99,101.06,97.884,94.806,92.169,89.678,87.04,84.549,82.302,80.446,78.346,76.05,73.852,72.045,70.531,68.919,67.503,67.112,67.551,67.405,65.842,63.986,63.302,63.986,64.914,65.305,65.06,64.718,64.865,65.695,66.526,67.161,67.258,67.161,67.258,67.405,67.6,67.844,68.382,68.919,69.163,69.066,68.724,68.479,68.528,68.919,69.554,69.652,68.968,67.503,65.842,64.816,64.67,65.109,65.402,65.353,65.305,65.402,65.256,64.474,63.253,62.13,61.885,62.374,63.009,63.107,62.667,61.788,60.909,60.713,60.86,60.86,60.567,60.127,59.932,59.883,59.785,59.736,59.785,60.322,62.032,66.184,72.924,80.984,88.164,93.634,97.932,101.99,105.94,108.82,110.05,110,109.07,107.85,106.82,105.41,103.16,99.74,95.734,92.12,89.434,87.626,85.917,83.914,81.667,79.616,77.613,75.562,73.315,71.117,69.31,68.04,67.551,67.503,67.356,66.868,66.379,66.379,66.721,67.161,67.503,67.844,68.04,67.747,67.307,67.503,68.675,70.531,71.801,71.508,70.091,68.919,68.87,69.554,70.042,69.945,69.603,69.603,69.945,70.042,69.652,69.066,68.821,68.968,69.114,68.87,68.284,67.6,66.868,65.842,63.986,60.664,57.343,57.099,61.251,68.089,74.097,75.806,72.24,66.672,63.009,62.227,62.911,63.448,63.253,62.667,62.618,63.742,65.549,66.379,65.402,63.986,63.302,63.351,64.035,66.281,70.873,76.636,81.374,85.184,90.85,100.13,110.83,119.13,123.23,123.28,120.55,116.69,112.98,108.87,103.16,96.662,92.853,93.976,97.688,99.056,95.93,90.362,85.233,81.423,78.248,75.366,73.315,72.485,72.289,72.045,71.166,69.994,68.919,67.991,67.307,66.623,65.988,65.549,65.695,66.233,67.307,68.87,70.482,71.508,71.654,71.605,71.41,70.482,68.284,65.94,65.549,68.431,73.315,77.223,78.248,76.246,73.168,70.873,70.042,70.042,69.994,69.505,68.675,67.747,66.428,64.621,63.107,63.107,65.012,67.503,69.652,71.166,71.654,70.824,68.626,66.233,64.474,63.253,62.13,61.69,62.618,64.474,65.695,65.305,64.035,63.155,63.058,63.253,63.107,63.155,63.937,64.816,65.402,67.161,72.045,79.665,87.236,93.195,98.47,104.38,109.8,113.76,116.05,116.88,115.76,112.98,109.51,106.04,103.11,100.57,98.128,96.125,94.513,92.413,89.824,87.236,84.745,81.814,78.346,74.78,71.801,70.091,69.847,70.384,70.97,71.312,70.873,70.238,69.749,69.114,67.942,66.623,65.94,66.037,66.868,68.186,69.652,70.922,71.557,71.312,70.189,68.724,68.186,69.066,70.629,71.85,72.533,72.973,73.168,72.436,70.726,68.968,68.284,68.919,70.677,72.729,73.901,73.852,72.729,71.166,69.749,68.87,68.626,68.382,67.747,66.868,66.184,66.037,66.526,67.258,67.405,66.379,63.839,61.055,59.932,62.032,66.037,69.163,69.652,68.089,65.842,63.986,62.716,61.885,60.86,60.42,62.374,68.235,76.881,85.721,92.608,97.249,100.62,103.99,108.48,113.61,117.76,119.86,119.91,117.42,112.93,108.19,104.62,101.55,98.47,95.734,93.439,91.045,88.164,85.135,82.547,80.544,78.59,76.49,74.243,71.605,68.821,67.063,67.844,70.824,73.217,73.12,70.922,68.724,67.551,67.356,67.747,68.431,69.066,69.505,69.847,70.287,70.677,70.531,70.042,70.189,71.312,72.778,73.901,74.438,74.731,74.976,74.634,73.071,70.726,68.821,68.382,69.554,71.801,73.852,74.341,73.071,70.97,69.505,69.114,69.31,69.359,68.919,68.284,67.942,68.04,68.284,67.844,66.721,65.793,65.744,66.184,66.477,66.184,65.695,65.305,65.158,65.158,65.109,65.012,65.012,65.256,65.695,66.477,68.089,71.41,76.783,83.914,91.241,97.786,103.31,108.09,111.95,114.49,115.81,116,115.32,113.9,112.05,109.8,107.26,104.38,101.35,98.421,95.686,93.097,90.655,88.261,85.819,83.475,81.374,79.469,78.004,76.539,75.171,73.803,72.533,71.557,70.873,70.384,70.042,69.749,69.554,69.407,69.407,69.749,70.433,71.215,72.045,72.631,72.875,72.875,72.729,72.631,72.68,72.875,73.071,73.217,73.364,73.315,72.778,71.752,70.287,69.652,70.824,73.168,74.634,73.852,71.605,69.603,68.724,68.528,68.479,68.284,68.089,68.089,68.089,68.04,67.796,67.551,67.258,67.063,66.868,66.721,66.623,66.477,66.379,66.281,66.281,66.281,66.233,66.135,65.842,65.598,65.402,65.305,65.353,65.793,67.356,70.97,76.978,84.696,92.511,99.495,105.7,111.12,115.57,118.5,119.86,119.86,118.74,116.79,114.1,110.97,107.75,104.48,101.3,98.225,95.197,92.169,89.385,86.796,84.354,82.156,80.153,78.297,76.441,74.683,72.973,71.605,70.629,69.994,69.603,69.505,69.505,69.603,69.847,70.238,70.629,71.068,71.508,71.996,72.485,73.071,73.51,73.901,74.292,74.683,75.073,75.366,75.611,75.757,75.611,75.464,75.366,75.318,75.171,75.122,74.927,74.731,74.487,74.048,73.364,72.387,71.361,70.531,70.238,70.091,70.189,70.189,70.091,70.042,69.945,69.652,69.163,68.382,67.503,66.672,66.037,65.695,65.598,65.793,66.037,66.184,66.135,65.988,65.94,65.793,65.305,64.67,64.474,65.402,68.382,73.803,81.179,88.799,95.539,101.3,106.68,111.66,115.81,118.5,119.62,119.37,118.3,116.49,114.25,111.51,108.29,104.87,101.11,97.2,93.341,89.922,87.236,85.184,83.377,81.472,79.421,77.125,74.927,73.071,71.557,70.482,69.847,69.554,69.505,69.407,69.261,68.919,68.724,68.724,68.968,69.359,69.749,69.994,70.238,70.482,70.922,71.41,71.85,72.094,72.289,72.436,72.68,72.924,73.071,73.12,73.168,73.217,73.364,73.364,73.071,72.485,71.801,71.166,70.726,70.482,70.287,70.189,70.042,69.798,69.359,68.821,68.186,67.551,67.063,66.428,65.793,65.158,64.718,64.474,64.23,63.986,63.79,63.546,63.448,63.302,63.155,63.009,62.911,62.911,63.058,63.351,64.377,67.063,72.24,79.469,87.431,94.806,101.11,106.72,111.56,115.13,117.03,117.42,116.74,115.13,112.93,110.24,107.26,103.99,100.67,97.444,94.318,91.29,88.506,85.819,83.182,80.739,78.444,76.294,74.438,72.729,71.166,69.749,68.479,67.356,66.672,66.379,66.281,66.428,66.672,67.063,67.503,67.942,68.284,68.528,68.821,68.919,69.066,69.359,69.945,70.238,70.189,69.945,70.042,70.629,71.312,71.557,71.361,71.068,70.922,71.068,71.361,71.508,71.215,70.726,70.042,69.359,68.87,68.479,68.284,68.186,68.04,67.698,67.161,66.623,66.135,65.793,60.029,58.906,57.734,57.49,58.466,59.541,59.687,58.906,57.978,57.441,57.343,57.587,57.88,57.929,57.734,57.441,57.196,57.001,56.806,56.561,56.073,55.682,56.366,59.492,65.549,73.608,82.253,90.117,96.907,103.06,108.29,112.19,114.34,114.73,113.76,111.76,109.07,105.75,102.13,98.421,94.806,91.387,88.066,84.94,82.058,79.372,76.881,74.487,72.24,70.189,68.235,66.379,64.67,63.253,62.13,61.299,60.713,60.42,60.322,60.371,60.567,60.86,61.251,61.592,61.934,62.276,62.814,63.351,63.937,64.425,64.816,65.109,65.353,65.549,65.598,65.402,65.109,64.816,64.425,64.035,63.79,63.595,63.497,63.253,63.009,62.716,62.472,62.227,61.788,61.251,60.664,60.029,59.492,59.004,58.466,58.124,57.734,57.343,57.196,57.05,56.903,56.659,56.415,56.171,55.926,55.731,55.487,55.292,55.194,55.047,54.852,54.559,54.315,54.119,54.07,54.363,55.926,59.541,65.744,73.608,81.863,89.385,96.125,102.04,106.72,109.61,110.63,110.44,109.31,107.41,104.87,101.6,97.981,94.171,90.557,87.236,84.158,81.277,78.59,76.05,73.657,71.312,69.066,66.868,65.012,63.302,61.885,60.664,59.785,59.15,58.808,58.466,58.369,58.418,58.759,59.15,59.541,59.981,60.42,60.86,61.251,61.69,62.13,62.569,62.814,63.009,63.155,63.351,63.497,63.497,63.448,63.351,63.302,63.155,62.911,62.618,62.276,61.934,61.446,60.909,60.469,60.127,59.687,59.248,58.759,58.32,57.929,57.538,57.196,56.806,56.415,56.073,55.731,55.536,55.487,55.438,55.243,54.998,54.754,54.51,54.217,54.07,53.777,53.68,53.533,53.435,53.24,52.996,52.947,53.338,55.047,59.053,65.744,73.999,82.107,89.287,95.637,101.16,105.55,108.24,109.07,108.43,106.87,104.58,101.69,98.421,95.002,91.485,87.968,84.745,81.716,79.03,76.49,73.901,71.557,69.31,67.258,65.305,63.497,61.885,60.469,59.297,58.32,57.685,57.343,57.294,57.294,57.49,57.783,58.173,58.466,58.808,59.15,59.59,60.127,60.469,60.86,61.153,61.544,61.885,62.13,62.276,62.472,62.472,62.374,62.179,61.983,61.69,61.446,61.153,61.006,60.713,60.127,59.101,58.124,57.587,57.587,57.88,57.783,57.441,56.903,56.561,56.464,56.561,56.464,56.22,55.878,55.243,54.559,53.875,53.435,52.996,52.556,52.068,51.726,51.531,51.531,51.628,51.677,51.628,51.482,51.384,51.531,52.556,54.901,59.59,66.672,75.073,83.035,89.922,95.881,101.01,104.92,107.16,107.75,106.97,105.41,103.31,100.57,97.346,93.976,90.606,87.284,84.11,81.032,78.102,75.415,72.924,70.629,68.382,66.281,64.279,62.472,60.86,59.492,58.418,57.538,56.855,56.415,56.22,56.22,56.415,56.757,57.245,57.88,58.418,58.857,59.346,59.883,60.469,61.104,61.69,62.179,62.618,62.911,63.155,63.302,63.351,63.253,62.911,62.569,62.227,61.934,61.446,60.811,60.176,59.785,59.541,59.248,58.613,57.783,57.196,57.001,57.001,56.855,56.561,56.171,55.78,55.633,55.633,55.633,55.536,55.34,54.998,54.657,54.363,54.119,54.07,54.168,54.168,54.07,53.729,53.435,53.191,53.094,53.094,53.435,54.363,57.05,62.276,69.994,78.541,86.747,93.976,100.33,105.41,109.07,110.88,111.07,110,107.95,105.16,101.94,98.421,94.855,91.29,87.919,84.696,81.667,78.786,76.099,73.657,71.361,69.261,67.161,65.305,63.595,62.032,60.713,59.687,58.906,58.564,58.369,58.369,58.418,58.662,59.101,59.687,60.225,60.811,61.299,61.69,62.13,62.472,62.862,63.107,63.302,63.302,63.302,63.302,63.253,63.253,63.155,63.009,62.667,62.227,61.885,61.495,61.104,60.664,60.225,59.883,59.443,59.053,58.564,58.027,57.538,57.05,56.561,56.122,55.78,55.487,55.292,55.047,54.803,54.559,54.217,53.973,53.729,53.533,53.435,53.338,53.191,52.996,52.752,52.507,52.312,52.214,52.166,52.214,52.8,54.803,59.15,66.233,74.731,83.035,90.508,97.102,102.87,107.31,109.95,110.83,110.19,108.48,106.04,102.91,99.447,95.783,92.169,88.75,85.428,82.253,79.176,76.441,73.901,71.605,69.505,67.405,65.402,63.546,61.788,60.371,59.297,58.466,57.88,57.441,57.196,57.196,57.294,57.587,57.978,58.369,58.808,59.248,59.687,60.176,60.664,61.104,61.495,61.739,61.934,62.032,62.227,62.423,62.472,62.472,62.276,62.032,61.739,61.348,61.006,60.616,60.225,59.736,59.297,58.857,58.418,57.978,57.538,57.196,56.757,56.366,55.975,55.682,55.438,55.096,54.852,54.559,54.363,54.119,53.924,53.68,53.435,53.191,52.996,52.849,52.752,52.654,52.556,52.361,52.166,51.97,51.97,52.41,54.217,58.369,65.109,73.51,81.716,88.994,95.344,101.01,105.5,108.24,108.97,108.09,106.24,103.7,100.67,97.346,93.878,90.362,86.943,83.572,80.349,77.418,74.878,72.436,70.189,67.942,65.744,63.693,61.739,60.127,58.857,57.88,57.05,56.464,56.171,56.073,56.22,56.464,56.855,57.245,57.587,57.929,58.369,58.808,59.346,59.785,60.225,60.469,60.616,60.664,60.616,60.616,60.567,60.469,60.225,59.932,59.541,59.248,58.857,58.369,57.734,57.099,56.659,56.464,56.464,56.61,56.757,56.561,56.122,55.487,54.998,54.803,54.901,55.047,54.998,54.754,54.217,53.68,53.24,53.094,53.338,53.729,54.119,54.217,54.168,54.07,54.119,54.217,54.315,54.217,53.973,53.533,53.24,53.777,56.464,61.934,69.652,78.199,85.917,92.608,98.421,103.16,106.43,107.85,107.51,105.85,103.45,100.42,97.2,93.878,90.557,87.382,84.158,81.032,77.906,74.976,72.24,69.798,67.6,65.598,63.742,61.934,60.322,58.906,57.783,57.001,56.61,56.464,56.561,56.757,57.099,57.49,57.978,58.564,59.053,59.541,60.127,60.616,61.104,61.544,61.934,62.374,62.716,63.058,63.253,63.351,63.448,63.302,63.107,62.814,62.472,62.13,61.788,61.446,61.055,60.616,60.322,59.932,59.59,59.297,58.906,58.564,58.124,57.685,57.245,56.855,56.561,56.22,55.975,55.878,55.682,55.487,55.194,54.901,54.852,54.901,54.754,54.315,53.924,53.875,53.924,53.875,53.435,53.045,52.947,52.996,53.533,55.34,59.541,66.526,75.171,83.865,91.534,98.323,104.04,108.63,111.41,112.39,111.66,110,107.55,104.48,101.11,97.591,94.074,90.557,87.187,83.865,80.886,78.102,75.562,73.168,70.922,68.821,66.819,65.012,63.302,61.739,60.371,59.297,58.564,58.027,57.783,57.587,57.587,57.587,57.685,57.929,58.222,58.564,58.906,59.248,59.492,59.736,59.981,60.322,60.567,60.811,61.006,61.104,61.153,61.251,61.251,61.153,61.153,61.055,60.86,60.616,60.322,59.981,59.687,59.346,59.053,58.808,58.466,58.173,57.929,57.587,57.343,57.196,56.903,56.659,56.366,56.122,55.78,55.536,55.243,54.901,54.559,54.217,53.973,53.68,53.435,53.191,52.849,52.605,52.361,52.166,52.166,52.654,54.559,58.857,65.94,74.438,82.595,89.727,95.979,101.35,105.5,107.85,108.43,107.6,105.8,103.31,100.18,96.662,92.999,89.287,85.819,82.498,79.421,76.539,73.901,71.41,69.066,66.868,64.718,62.814,61.104,59.59,58.418,57.49,56.806,56.415,56.317,56.366,56.464,56.61,56.855,57.196,57.538,57.929,58.369,58.808,59.248,59.687,60.029,60.371,60.616,60.909,61.153,61.446,61.544,61.592,61.592,61.544,61.299,60.909,60.469,60.029,59.736,59.443,59.101,58.808,58.369,57.88,57.294,56.806,56.366,55.975,55.682,55.34,55.096,54.803,54.51,54.168,53.875,53.68,53.435,53.191,52.947,52.605,52.361,52.117,51.921,51.775,51.628,51.433,51.237,51.189,51.189,51.384,51.872,53.289,56.806,63.009,71.166,79.665,87.236,93.732,99.349,103.94,106.92,108.09,107.8,106.43,104.28,101.69,98.567,95.197,91.632,88.066,84.696,81.472,78.492,75.757,73.168,70.873,68.675,66.526,64.572,62.667,60.909,59.443,58.173,57.245,56.61,56.22,55.975,55.926,55.975,56.073,56.171,56.366,56.561,56.757,56.903,57.05,57.245,57.441,57.587,57.783,57.929,58.173,58.369,58.613,58.808,59.053,59.248,59.443,59.492,59.443,59.248,59.101,59.004,58.857,58.662,58.564,58.369,58.027,57.685,57.343,57.05,56.855,56.806,56.659,56.561,56.366,56.073,55.682,55.292,54.998,54.657,54.363,54.07,53.631,53.191,52.8,52.41,52.166,51.921,51.677,51.482,51.286,51.189,51.189,52.117,54.998,60.811,69.066,78.004,86.112,92.999,99.007,103.99,107.6,109.36,109.41,108.19,105.85,102.87,99.3,95.539,91.778,88.31,85.135,82.058,79.03,76.099,73.315,70.677,68.284,66.135,64.132,62.276,60.664,59.15,57.929,56.903,56.317,55.926,55.78,55.878,56.122,56.366,56.806,57.294,57.978,58.759,59.541,60.371,61.055,61.544,62.032,62.472,63.009,63.448,63.839,64.279,64.572,64.67,64.621,64.425,64.23,63.986,63.693,63.302,62.911,62.472,61.983,61.446,60.86,60.322,59.736,59.101,58.564,58.027,57.587,57.196,56.806,56.415,55.975,55.536,54.998,54.51,54.119,53.875,53.68,53.435,53.045,52.752,52.41,52.166,52.117,52.117,52.117,52.166,52.166,52.214,52.605,54.119,58.027,64.718,73.315,81.912,89.678,96.662,102.91,107.75,110.53,111.41,110.83,109.31,107.31,104.67,101.55,97.786,93.976,90.508,87.236,84.11,81.13,78.297,75.806,73.413,71.166,69.066,67.112,65.305,63.595,62.032,60.616,59.346,58.564,58.124,57.929,57.929,58.027,58.222,58.369,58.564,59.004,59.443,59.883,60.225,60.567,61.006,61.299,61.495,61.592,61.788,61.983,62.032,62.032,61.885,61.739,61.592,61.544,61.348,61.055,60.616,60.176,59.785,59.443,59.004,58.466,57.929,57.49,57.196,56.903,56.561,56.171,55.78,55.633,55.438,55.243,54.901,54.559,54.217,53.973,53.875,53.777,53.631,53.533,53.484,53.484,53.338,53.094,52.947,52.752,52.654,52.654,53.094,54.803,58.759,65.353,73.608,81.863,89.092,95.49,101.06,105.5,108.19,109.12,108.63,106.97,104.67,101.74,98.47,95.197,91.876,88.554,85.282,82.107,79.03,76.099,73.364,70.824,68.479,66.281,64.181,62.179,60.322,58.662,57.343,56.464,55.926,55.682,55.633,55.682,55.878,56.073,56.317,56.659,57.196,57.734,58.32,58.759,59.004,59.15,59.443,59.59,59.883,59.981,60.127,60.127,59.981,59.736,59.492,59.248,59.004,58.564,58.124,57.587,57.099,56.757,56.415,56.171,55.926,55.731,55.487,55.292,55.096,55.047,55.047,55.047,55.047,55.096,55.096,55.194,55.194,55.194,55.194,55.096,54.998,54.803,54.608,54.315,53.973,53.631,53.191,52.654,52.214,51.775,51.531,51.482,52.068,54.168,58.906,66.281,74.976,83.133,90.069,96.174,101.5,105.36,107.36,107.55,106.38,104.28,101.69,98.665,95.344,91.925,88.506,85.135,81.814,78.59,75.66,72.973,70.482,68.089,65.842,63.742,61.739,59.981,58.564,57.294,56.317,55.633,55.194,54.998,54.998,55.243,55.731,56.317,56.903,57.538,58.173,58.857,59.59,60.371,61.104,61.788,62.374,62.814,63.107,63.351,63.546,63.595,63.693,63.693,63.595,63.351,63.058,62.618,62.179,61.739,61.299,60.909,60.567,60.176,59.736,59.248,58.808,58.369,57.929,57.441,57.001,56.561,56.122,55.78,55.633,55.487,55.34,55.194,54.803,54.315,53.777,53.435,53.24,53.24,53.289,53.289,53.094,52.8,52.41,52.117,51.97,52.117,52.947,55.34,60.42,68.04,76.881,85.233,92.657,99.3,105.01,109.17,111.36,111.66,110.68,108.68,105.99,102.87,99.447,95.881,92.315,88.847,85.624,82.547,79.811,77.174,74.731,72.387,70.091,67.991,66.037,64.279,62.716,61.299,60.029,59.004,58.222,57.685,57.441,57.343,57.538,57.783,58.173,58.466,58.906,59.346,59.932,60.469,61.006,61.446,61.739,61.934,62.13,62.374,62.618,62.716,62.814,62.667,62.423,62.13,61.739,61.446,61.055,60.713,60.371,59.932,59.492,59.004,58.466,58.027,57.587,57.196,56.806,56.464,56.22,55.878,55.536,55.194,54.901,54.657,54.412,54.168,53.924,53.68,53.484,53.24,53.045,52.849,52.654,52.507,52.312,52.068,51.872,51.726,51.775,52.166,53.631,57.05,63.155,71.361,80.007,87.822,94.66,100.72,105.75,109.07,110.39,110,108.43,106.14,103.26,99.984,96.467,92.95,89.434,86.112,82.937,80.007,77.223,74.683,72.289,69.994,67.796,65.744,63.79,61.983,60.322,58.906,58.124,57.587,57.294,56.855,56.366,56.122,56.317,56.806,57.441,57.929,58.222,58.466,58.906,59.492,59.932,60.225,60.469,60.811,61.251,61.592,61.739,61.69,61.495,61.446,61.446,61.299,60.909,60.567,60.322,60.029,59.687,59.15,58.613,58.173,57.783,57.343,56.903,56.464,56.171,55.878,55.487,55.096,54.657,54.363,54.119,53.924,53.729,53.435,53.094,52.849,52.752,52.654,52.605,52.41,52.117,51.775,51.531,51.482,51.531,51.531,51.531,51.921,53.533,57.587,64.377,72.778,81.179,88.603,95.051,100.72,105.16,107.85,108.68,108.09,106.53,104.38,101.6,98.421,94.904,91.387,87.822,84.403,81.228,78.297,75.611,73.12,70.726,68.479,66.281,64.181,62.227,60.567,59.053,57.783,56.806,56.122,55.731,55.536,55.633,55.731,55.975,56.366,56.855,57.343,57.88,58.369,58.857,59.248,59.687,60.029,60.42,60.713,61.055,61.251,61.299,61.299,61.153,61.055,60.909,60.811,60.616,60.371,60.029,59.59,59.101,58.613,58.027,57.587,57.245,56.855,56.464,56.122,55.682,55.243,54.803,54.51,54.315,54.168,53.924,53.68,53.435,53.191,52.996,52.8,52.605,52.507,52.361,52.214,52.117,52.068,51.872,51.726,51.628,51.482,51.531,52.068,53.777,57.929,64.718,73.217,81.716,89.189,95.637,101.3,105.85,108.63,109.56,108.92,107.16,104.62,101.45,97.884,94.171,90.508,86.991,83.719,80.739,77.906,75.22,72.68,70.189,67.942,65.842,64.132,62.618,61.153,59.932,58.808,57.783,57.001,56.415,56.171,56.366,56.806,57.343,57.929,58.418,58.808,59.15,59.541,59.981,60.469,61.055,61.592,61.983,62.227,62.423,62.472,62.472,62.423,62.374,62.423,62.569,62.814,62.862,62.667,62.179,61.495,60.713,60.176,59.687,59.346,59.004,58.466,57.929,57.294,56.903,56.757,56.757,56.659,56.415,55.926,55.438,54.901,54.559,54.315,54.168,54.168,54.168,54.07,53.729,53.484,53.24,53.094,52.996,52.947,52.947,52.947,52.996,53.729,56.22,61.446,69.31,78.346,86.796,94.123,100.47,105.8,109.66,111.76,112.05,111.07,109.17,106.53,103.35,99.789,96.174,92.755,89.434,86.259,83.133,80.153,77.369,74.78,72.436,70.189,67.991,65.842,63.839,62.032,60.567,59.443,58.613,58.173,57.88,57.685,57.587,57.734,58.027,58.564,59.297,60.127,60.811,61.348,61.739,61.983,62.179,62.472,62.716,63.058,63.302,63.497,63.595,63.595,63.497,63.302,63.009,62.569,62.13,61.69,61.251,60.811,60.371,59.932,59.443,58.857,58.418,57.978,57.538,57.196,56.659,56.22,55.878,55.536,55.292,55.047,54.754,54.51,54.217,53.973,53.68,53.338,53.094,52.947,52.752,52.507,52.312,52.166,52.117,52.068,51.97,52.068,52.605,54.608,59.004,66.135,74.78,83.426,90.997,97.542,103.26,107.6,110.19,110.92,110.24,108.53,106.19,103.31,100.03,96.467,92.95,89.434,85.966,82.791,79.909,77.223,74.731,72.387,69.994,67.747,65.695,63.742,62.032,60.616,59.492,58.613,58.027,57.734,57.587,57.685,57.783,57.978,58.173,58.466,58.906,59.443,59.932,60.42,60.811,61.153,61.348,61.592,61.934,62.374,62.716,62.911,62.814,62.472,62.032,61.739,61.69,61.885,61.934,61.544,60.713,59.785,59.15,59.101,59.15,59.004,58.418,57.685,57.245,57.05,56.806,56.366,55.878,55.536,55.438,55.34,55.096,54.559,54.07,53.973,54.119,54.168,53.875,53.533,53.435,53.289,53.094,52.605,52.166,51.97,52.166,52.8,54.412,58.222,64.816,73.217,81.716,89.238,95.734,101.35,105.8,108.39,109.12,108.43,106.87,104.82,102.18,99.056,95.539,91.925,88.261,84.745,81.618,78.883,76.294,73.803,71.361,69.066,66.965,65.109,63.351,61.69,60.176,59.004,58.124,57.441,57.05,57.001,57.245,57.538,57.783,58.027,58.32,58.759,59.297,59.883,60.42,60.811,61.104,61.446,61.69,61.934,62.13,62.179,62.179,62.032,61.788,61.544,61.299,61.055,60.713,60.371,59.932,59.492,59.004,58.662,58.369,58.124,57.783,57.441,56.903,56.415,55.975,55.731,55.487,55.194,54.803,54.51,54.168,53.924,53.68,53.484,53.289,53.191,53.094,52.996,52.849,52.654,52.605,52.605,52.556,52.361,52.166,51.97,52.214,53.484,56.903,63.107,71.508,80.3,88.066,94.66,100.37,104.87,107.8,108.97,108.73,107.36,105.26,102.43,99.154,95.734,92.364,89.092,86.063,83.035,80.153,77.369,74.731,72.24,69.994,67.942,65.988,64.035,62.276,60.713,59.541,58.662,58.173,57.88,57.783,57.783,57.929,58.124,58.466,59.053,59.541,60.029,60.469,60.86,61.153,61.495,61.788,62.032,62.374,62.569,62.716,62.716,62.618,62.472,62.227,61.983,61.739,61.446,61.153,60.86,60.42,59.883,59.443,59.101,58.662,58.124,57.441,56.855,56.415,56.073,55.731,55.438,55.096,54.803,54.412,54.07,53.777,53.729,53.777,53.875,53.777,53.68,53.533,53.338,53.289,53.289,53.338,53.435,53.338,53.191,53.045,53.289,54.51,57.685,63.546,71.654,80.593,88.75,95.881,102.13,107.36,110.92,112.49,112.19,110.53,108.09,105.06,101.6,98.03,94.416,90.85,87.382,84.061,80.984,78.102,75.464,72.973,70.629,68.431,66.379,64.572,62.862,61.446,60.225,59.297,58.662,58.222,58.124,58.222,58.466,59.004,59.492,60.029,60.664,61.251,61.788,62.276,62.814,63.253,63.693,63.986,64.23,64.474,64.67,64.816,64.718,64.67,64.474,64.279,64.132,63.79,63.497,63.058,62.618,62.179,61.788,61.446,61.006,60.42,59.883,59.297,58.857,58.564,58.173,57.734,57.294,56.806,56.366,56.122,55.926,55.731,55.633,55.292,54.998,54.608,54.315,54.119,53.973,53.875,53.68,53.484,53.289,53.191,53.191,53.631,55.096,58.906,65.598,74.438,83.475,91.485,98.47,104.62,109.56,112.73,113.86,113.22,111.41,108.73,105.55,102.18,98.665,95.246,91.876,88.554,85.379,82.449,79.665,77.174,74.878,72.729,70.677,68.724,66.819,64.914,63.253,61.739,60.616,59.736,59.15,58.857,58.759,58.759,58.808,59.101,59.59,60.225,60.811,61.251,61.544,61.788,61.983,62.179,62.472,62.862,63.253,63.497,63.595,63.546,63.302,63.058,62.716,62.423,62.13,61.739,61.495,61.153,60.664,60.176,59.736,59.346,58.906,58.418,57.929,57.587,57.245,56.903,56.659,56.561,56.317,55.975,55.633,55.438,55.243,54.901,54.51,54.217,54.168,54.07,53.68,53.289,53.191,53.24,53.191,52.947,52.8,53.045,54.119,56.903,62.374,70.287,79.225,87.48,94.513,100.42,105.41,109.07,110.88,110.83,109.41,107.12,104.23,100.91,97.297,93.536,89.922,86.552,83.377,80.3,77.418,74.731,72.24,69.994,67.796,65.793,63.839,62.13,60.567,59.297,58.369,57.685,57.245,57.099,57.245,57.441,57.734,57.929,58.124,58.32,58.466,58.808,59.053,59.248,59.297,59.346,59.541,59.883,60.225,60.616,60.86,61.055,61.104,61.055,60.909,60.86,60.811,60.664,60.42,60.029,59.687,59.297,59.053,58.808,58.613,58.418,58.173,57.88,57.538,57.343,57.196,56.903,56.61,56.366,56.171,56.122,55.975,55.682,55.34,54.998,54.754,54.608,54.412,54.168,53.875,53.68,53.533,53.484,53.338,53.289,53.484,54.608,57.587,63.497,71.654,80.593,88.75,95.881,101.99,106.97,110.19,111.36,110.68,108.87,106.24,103.16,99.789,96.223,92.608,89.092,85.721,82.449,79.323,76.441,73.803,71.557,69.407,67.356,65.402,63.693,62.032,60.616,59.541,58.759,58.32,58.173,58.32,58.564,58.857,59.248,59.541,59.981,60.42,60.86,61.251,61.544,61.885,62.032,62.276,62.423,62.618,62.716,62.862,62.911,63.009,63.009,62.911,62.814,62.667,62.472,62.374,62.13,61.788,61.544,61.251,61.006,60.664,60.225,59.736,59.297,58.857,58.564,58.222,57.929,57.587,57.245,57.001,56.757,56.464,56.22,56.073,55.78,55.536,55.243,54.998,54.754,54.608,54.51,54.217,53.973,53.729,53.631,53.533,53.875,55.194,58.564,64.816,73.315,82.302,90.508,97.591,103.84,108.87,112.1,113.37,112.78,111.12,108.53,105.55,102.18,98.665,95.051,91.534,88.164,85.038,82.058,79.225,76.539,74.097,71.85,69.847,67.844,65.842,64.132,62.472,61.104,59.932,59.004,58.418,58.124,57.978,57.978,58.027,58.173,58.418,58.759,59.053,59.346,59.736,60.127,60.567,60.909,61.299,61.69,61.934,62.179,62.423,62.618,62.814,62.911,62.911,62.862,62.618,62.227,61.934,61.544,61.251,60.86,60.469,60.127,59.687,59.248,58.857,58.418,58.027,57.685,57.343,57.001,56.61,56.22,55.878,55.536,55.243,54.901,54.608,54.315,53.973,53.68,53.484,53.338,53.191,52.996,52.752,52.507,52.41,52.507,53.191,55.34,60.176,67.796,76.734,85.233,92.56,98.86,104.28,108.29,110.49,110.92,110,108.09,105.5,102.28,98.812,95.197,91.534,88.066,84.696,81.472,78.492,75.66,73.12,70.677,68.284,66.037,64.035,62.276,60.811,59.443,58.32,57.441,56.806,56.415,56.22,56.171,56.317,56.464,56.806,57.099,57.441,57.685,57.978,58.369,58.808,59.248,59.736,60.176,60.567,60.86,61.104,61.348,61.544,61.739,61.885,61.885,61.788,61.592,61.348,61.055,60.713,60.469,60.225,60.029,59.785,59.492,59.101,58.759,58.32,57.929,57.49,57.099,56.757,56.317,55.975,55.78,55.731,55.633,55.292,54.852,54.51,54.217,54.217,54.168,53.973,53.68,53.338,53.289,53.338,53.289,53.24,53.875,56.317,61.495,69.163,78.053,86.503,93.927,100.42,105.8,109.56,111.36,111.36,110.05,107.85,105.11,101.99,98.421,94.66,90.997,87.48,84.256,81.032,78.053,75.318,72.631,70.042,67.698,65.744,64.23,62.814,61.446,60.029,58.906,58.173,57.734,57.538,57.685,58.027,58.613,59.297,59.932,60.42,60.909,61.495,62.13,62.618,63.107,63.497,63.79,64.132,64.279,64.377,64.425,64.474,64.474,64.377,64.035,63.693,63.155,62.862,62.569,62.374,62.13,61.739,61.251,60.664,60.029,59.443,58.857,58.466,58.173,57.88,57.49,57.05,56.61,56.22,55.878,55.633,55.34,55.096,54.852,54.559,54.315,54.168,54.07,53.973,53.875,53.729,53.484,53.289,53.045,52.947,53.094,54.217,57.441,63.546,72.045,81.277,89.629,96.662,102.72,107.75,111.17,112.73,112.63,111.32,109.26,106.63,103.55,99.984,96.321,92.657,89.189,85.868,82.84,80.104,77.613,75.318,73.071,70.726,68.479,66.379,64.474,62.911,61.592,60.567,59.687,59.004,58.466,58.173,58.124,58.32,58.662,59.15,59.687,60.176,60.567,60.909,61.299,61.739,62.179,62.618,62.911,63.155,63.351,63.351,63.302,63.155,63.009,62.716,62.472,62.13,61.739,61.299,60.86,60.42,59.981,59.541,59.101,58.564,58.027,57.587,57.294,57.001,56.757,56.464,56.22,55.975,55.682,55.34,55.047,54.803,54.559,54.315,54.119,53.875,53.729,53.631,53.484,53.24,52.947,52.654,52.41,52.312,52.312,52.849,54.852,59.248,66.428,75.171,83.719,91.094,97.444,103.01,107.36,110,110.68,109.75,107.7,104.92,101.6,98.03,94.416,90.85,87.431,84.11,81.032,78.199,75.415,72.924,70.482,68.186,66.037,64.132,62.276,60.664,59.346,58.222,57.441,56.903,56.659,56.61,56.806,57.099,57.538,57.978,58.466,58.906,59.346,59.785,60.225,60.616,60.909,61.251,61.495,61.739,61.885,61.983,61.983,61.885,61.739,61.544,61.299,61.055,60.664,60.322,59.932,59.492,59.053,58.613,58.173,57.783,57.343,56.903,56.415,56.073,55.682,55.34,55.047,54.803,54.51,54.168,53.875,53.631,53.435,53.191,52.996,52.752,52.556,52.41,52.312,52.166,52.068,51.872,51.628,51.433,51.384,51.482,52.117,54.168,58.808,66.184,75.073,83.572,90.85,97.2,102.62,106.72,108.97,109.36,108.39,106.43,103.7,100.42,96.809,93.195,89.727,86.405,83.279,80.3,77.369,74.536,71.996,69.554,67.307,65.256,63.302,61.544,60.029,58.808,57.783,57.05,56.561,56.171,55.975,56.073,56.366,56.855,57.343,57.783,58.173,58.564,58.857,59.248,59.59,60.029,60.42,60.713,61.055,61.251,61.446,61.495,61.495,61.299,61.104,60.909,60.664,60.371,59.932,59.492,59.101,58.662,58.222,57.88,57.441,57.05,56.659,56.22,55.878,55.487,55.096,54.803,54.412,54.119,53.875,53.68,53.484,53.24,53.045,52.849,52.605,52.361,52.166,52.117,52.117,52.068,51.921,51.726,51.531,51.482,51.531,52.166,54.217,58.906,66.428,75.366,83.914,91.241,97.542,102.91,106.97,109.26,109.8,108.92,107.12,104.58,101.5,98.03,94.318,90.606,87.187,84.11,81.179,78.102,75.122,72.533,70.384,68.235,65.988,63.839,62.032,60.567,59.248,58.027,57.196,56.61,56.415,56.464,56.659,56.903,57.245,57.783,58.564,59.248,59.785,60.225,60.713,61.299,61.885,62.227,62.569,62.814,63.009,63.253,63.302,63.302,63.253,63.058,62.862,62.618,62.276,61.934,61.446,60.909,60.42,59.981,59.59,59.15,58.759,58.32,57.88,57.441,57.099,56.757,56.415,56.122,55.878,55.633,55.487,55.292,55.047,54.754,54.51,54.315,54.119,53.973,53.875,53.729,53.631,53.533,53.484,53.484,53.435,53.68,54.559,57.196,62.569,70.482,79.665,88.31,95.881,102.38,107.75,111.56,113.32,113.17,111.66,109.26,106.24,102.82,99.105,95.344,91.68,88.164,84.842,81.814,78.932,76.294,73.803,71.41,69.114,66.965,65.109,63.448,61.885,60.469,59.297,58.369,57.88,57.685,57.685,57.88,58.222,58.613,58.906,59.297,59.736,60.371,61.055,61.69,62.179,62.423,62.667,62.862,63.009,63.155,63.302,63.302,63.155,62.911,62.618,62.227,61.885,61.544,61.251,60.909,60.469,60.029,59.59,59.101,58.613,58.124,57.685,57.245,56.806,56.366,55.975,55.682,55.438,55.194,54.901,54.657,54.412,54.217,53.973,53.729,53.484,53.24,53.045,52.849,52.654,52.507,52.214,52.068,51.921,51.97,52.361,53.973,57.88,64.621,73.315,82.156,89.971,96.76,102.62,107.36,110.29,111.22,110.68,108.97,106.63,103.6,100.18,96.467,92.755,89.043,85.575,82.302,79.323,76.539,73.999,71.654,69.359,67.161,65.06,63.058,61.348,59.932,58.759,57.88,57.245,57.001,56.855,56.903,57.05,57.343,57.783,58.222,58.759,59.248,59.736,60.176,60.616,61.006,61.348,61.69,61.934,62.032,62.13,62.179,62.227,62.179,62.032,61.739,61.446,61.055,60.616,59.883,59.004,58.564,58.662,58.857,58.662,58.027,57.245,56.415,55.633,54.901,54.412,54.217,54.217,54.412,54.51,54.168,53.68,53.289,53.24,53.289,53.338,53.191,52.849,52.556,52.312,52.117,51.921,51.872,51.921,52.117,52.41,53.631,56.806,62.814,71.117,79.909,87.724,94.22,99.886,104.58,107.6,108.73,108.39,106.92,104.72,101.99,98.812,95.441,91.973,88.506,84.94,81.618,78.541,75.855,73.364,70.922,68.528,66.379,64.181,62.179,60.371,58.906,57.734,56.903,56.366,55.975,55.878,55.926,56.22,56.659,57.196,57.734,58.32,58.808,59.248,59.687,60.127,60.567,61.006,61.299,61.544,61.739,61.934,62.032,62.032,61.983,61.788,61.544,61.251,60.811,60.42,60.029,59.785,59.492,59.101,58.613,57.978,57.294,56.659,56.171,55.78,55.487,55.243,54.852,54.51,54.119,53.729,53.435,53.094,52.8,52.556,52.361,52.214,52.068,51.921,51.677,51.482,51.286,51.189,51.042,50.944,50.944,51.042,51.628,53.338,57.49,64.474,73.315,81.912,89.287,95.686,101.25,105.75,108.48,109.31,108.53,106.72,104.23,101.25,97.884,94.367,90.948,87.529,84.305,81.179,78.199,75.366,72.729,70.384,68.089,65.988,63.986,62.227,60.616,59.101,57.88,56.903,56.22,55.78,55.682,55.78,56.122,56.464,56.855,57.294,57.685,58.027,58.466,58.857,59.15,59.492,59.932,60.567,61.104,61.251,61.104,61.055,61.153,61.348,61.299,61.006,60.664,60.42,60.225,59.981,59.541,59.101,58.662,58.32,57.929,57.538,57.099,56.61,56.317,56.073,55.926,55.731,55.438,55.096,54.803,54.51,54.217,54.07,53.875,53.631,53.435,53.24,53.094,53.045,52.947,52.654,52.507,52.312,52.166,52.117,52.361,53.484,56.464,62.227,70.433,79.372,87.48,94.416,100.42,105.36,108.68,110.09,109.8,108.24,105.94,103.01,99.789,96.369,92.95,89.434,85.966,82.693,79.665,76.978,74.487,72.094,69.847,67.6,65.549,63.693,62.032,60.616,59.443,58.418,57.734,57.294,57.196,57.294,57.685,58.173,58.759,59.346,59.883,60.371,60.909,61.446,61.983,62.423,62.814,63.107,63.351,63.546,63.595,63.742,63.79,63.937,63.986,63.839,63.546,63.107,62.618,62.179,61.739,61.348,61.055,60.713,60.371,59.932,59.541,59.346,59.59,60.225,60.86,60.322,58.418,56.122,54.363,53.045,52.166,51.921,52.41,52.947,52.752,52.166,51.677,51.531,51.775,52.312,52.8,53.338,53.777,54.217,54.754,56.073,59.101,64.572,72.094,80.3,87.968,94.855,101.01,106.24,109.95,111.61,111.32,109.66,107.31,104.48,101.3,97.884,94.367,90.997,87.919,85.135,82.449,79.909,77.418,75.073,72.68,70.384,68.089,66.037,64.181,62.472,61.006,59.736,58.759,58.027,57.685,57.538,57.734,58.027,58.418,58.857,59.297,59.736,60.225,60.713,61.153,61.592,61.934,62.227,62.472,62.814,63.107,63.351,63.497,63.351,63.058,62.716,62.423,62.179,61.934,61.592,61.251,60.713,60.225,59.59,59.053,58.466,57.929,57.343,56.855,56.366,55.975,55.731,55.438,54.998,54.559,54.168,53.924,53.777,53.729,53.68,53.484,53.094,52.654,52.117,51.531,51.237,51.189,51.384,51.677,51.921,52.312,53.435,56.61,62.667,71.117,80.104,88.115,94.904,100.86,105.75,108.97,110.44,110.19,108.73,106.48,103.55,100.23,96.614,93.048,89.531,86.259,83.133,80.153,77.32,74.634,71.996,69.505,67.161,65.06,63.107,61.446,59.932,58.613,57.49,56.61,55.975,55.633,55.34,55.243,55.243,55.292,55.34,55.536,55.78,56.122,56.464,56.855,57.245,57.685,58.124,58.613,59.101,59.541,59.932,60.225,60.42,60.616,60.713,60.811,60.86,60.86,60.713,60.469,60.225,59.981,59.785,59.59,59.443,59.15,58.857,58.564,58.222,57.929,57.587,57.294,57.001,56.561,56.171,55.78,55.536,55.34,55.194,54.852,54.51,53.973,53.533,53.24,53.094,53.094,53.045,52.947,52.654,52.556,53.24,55.926,61.592,69.994,79.176,87.48,94.318,99.984,104.48,107.6,108.97,108.92,107.8,105.85,103.11,99.691,95.734,91.729,87.919,84.549,81.57,78.786,76.197,73.657,71.215,69.066,66.965,65.06,63.107,61.153,59.492,58.418,58.027,58.173,58.418,58.564,58.32,57.929,57.734,57.978,58.613,59.492,60.469,61.251,61.592,61.592,61.299,61.006,60.86,61.104,61.69,62.276,62.667,62.618,62.227,61.739,61.446,61.446,61.592,61.739,61.788,61.592,61.153,60.616,60.029,59.785,59.736,59.541,59.053,58.369,57.929,57.734,57.538,57.245,56.903,56.806,56.659,56.317,55.731,55.096,54.754,54.608,54.608,54.608,54.412,54.07,53.729,53.533,53.338,53.191,53.094,53.094,53.533,55.096,59.101,66.135,75.22,84.403,92.364,98.909,104.43,108.63,111.07,111.66,110.83,108.87,106.14,102.91,99.447,95.881,92.364,88.847,85.477,82.449,79.665,77.125,74.683,72.24,69.945,67.747,65.793,64.132,62.472,61.104,59.883,58.808,57.929,57.245,56.855,56.659,56.61,56.757,56.903,57.196,57.538,57.929,58.369,58.808,59.248,59.59,60.029,60.42,60.713,61.055,61.348,61.739,61.934,62.032,61.983,61.885,61.592,61.299,61.055,60.909,60.86,60.616,60.176,59.59,59.053,58.466,58.124,57.929,57.685,57.343,56.659,55.682,54.852,54.51,54.657,55.194,55.682,55.682,54.901,53.631,52.41,51.97,52.507,53.484,54.412,54.559,53.875,52.556,51.286,50.749,51.237,53.24,57.441,64.132,72.485,80.739,87.871,94.171,100.23,105.85,109.85,111.56,110.97,108.92,105.94,102.43,98.812,95.344,91.925,88.554,85.135,81.912,78.883,76.001,73.217,70.629,68.04,65.695,63.546,61.739,60.176,58.906,57.783,56.806,55.878,55.194,54.754,54.608,54.998,55.731,56.757,57.734,58.222,58.173,57.587,57.196,57.196,57.88,59.15,60.811,62.227,62.814,62.423,61.495,60.567,60.176,60.42,61.055,61.592,61.592,61.104,60.225,59.297,58.662,58.418,58.369,58.418,58.32,57.978,57.441,56.659,55.975,55.34,54.998,54.754,54.559,54.315,53.924,53.533,53.24,52.996,52.849,52.654,52.507,52.312,52.068,51.726,51.531,51.384,51.286,51.189,51.042,50.944,51.384,53.191,57.587,64.914,73.999,82.693,90.117,96.369,101.74,105.99,108.53,109.26,108.48,106.63,103.99,100.91,97.591,94.318,91.094,87.968,84.94,82.009,79.127,76.441,73.803,71.312,68.821,66.428,64.181,62.276,60.713,59.687,58.857,58.173,57.538,56.903,56.464,56.171,56.122,56.22,56.659,57.294,57.978,58.564,58.906,59.101,59.297,59.59,59.981,60.371,60.713,61.006,61.104,61.104,61.104,61.104,61.104,61.006,60.664,60.225,59.687,59.15,58.759,58.466,58.32,58.027,57.734,57.294,56.806,56.317,55.878,55.536,55.292,54.998,54.657,54.363,54.07,53.777,53.631,53.484,53.338,53.094,52.849,52.605,52.361,52.166,52.117,51.97,51.775,51.531,51.384,51.237,51.286,52.214,54.901,60.469,68.528,77.418,85.477,92.218,98.177,103.31,106.97,108.87,108.97,107.95,105.94,103.16,99.935,96.418,92.95,89.482,86.161,82.986,80.055,77.369,74.878,72.485,70.189,67.991,65.842,63.839,62.032,60.469,59.248,58.222,57.587,57.196,57.001,57.001,57.099,57.294,57.538,57.929,58.369,58.857,59.346,59.883,60.322,60.713,61.104,61.495,61.739,61.983,62.179,62.374,62.472,62.569,62.472,62.374,62.179,61.934,61.592,61.251,60.811,60.371,59.932,59.443,59.004,58.613,58.173,57.734,57.294,56.903,56.61,56.317,55.975,55.731,55.487,55.243,55.047,54.803,54.608,54.412,54.315,54.168,54.07,53.924,53.777,53.777,53.729,53.631,53.533,53.484,53.484,53.777,55.243,59.101,65.94,74.731,83.67,91.534,98.177,103.99,108.63,111.61,112.73,112.1,110.29,107.55,104.43,101.06,97.493,93.878,90.117,86.552,83.475,80.593,77.76,74.927,72.289,70.091,68.186,66.428,64.572,62.667,61.055,59.687,58.759,58.124,57.685,57.441,57.441,57.587,57.929,58.32,58.759,59.15,59.687,60.127,60.616,61.006,61.348,61.739,62.13,62.374,62.472,62.423,62.423,62.423,62.423,62.423,62.179,61.885,61.495,61.153,60.86,60.42,59.932,59.492,59.101,58.759,58.222,57.587,57.099,56.659,56.415,56.073,55.731,55.438,55.096,54.852,54.657,54.412,54.168,53.875,53.631,53.289,53.094,52.947,52.8,52.605,52.41,52.166,51.97,51.872,51.775,51.97,52.8,55.34,60.713,68.724,77.662,85.868,92.804,98.909,104.23,108.19,110.24,110.53,109.51,107.51,104.82,101.5,97.884,94.171,90.606,87.187,83.914,80.886,78.004,75.318,72.778,70.433,68.186,66.135,64.181,62.374,60.713,59.297,58.173,57.343,56.757,56.366,56.22,56.317,56.464,56.806,57.245,57.734,58.222,58.759,59.15,59.541,59.981,60.42,60.811,61.104,61.348,61.592,61.739,61.788,61.788,61.69,61.446,61.104,60.811,60.469,60.176,59.785,59.346,59.004,58.564,58.124,57.587,57.196,56.757,56.366,56.122,55.78,55.487,55.096,54.803,54.51,54.168,53.875,53.631,53.435,53.24,52.996,52.752,52.507,52.312,52.117,51.97,51.775,51.628,51.433,51.286,51.286,51.726,53.435,57.49,64.377,72.924,81.472,88.847,95.099,100.62,104.92,107.55,108.29,107.55,105.85,103.45,100.57,97.249,93.781,90.313,86.943,83.621,80.544,77.662,74.976,72.436,69.994,67.698,65.5,63.546,61.69,60.029,58.662,57.49,56.61,56.073,55.731,55.633,55.682,55.878,56.122,56.464,56.903,57.343,57.88,58.32,58.759,59.248,59.687,59.981,60.225,60.469,60.713,60.909,61.055,61.104,61.006,60.811,60.567,60.322,59.981,59.687,59.297,58.906,58.466,58.027,57.587,57.245,56.855,56.415,55.975,55.487,55.047,54.754,54.51,54.217,53.924,53.631,53.338,53.045,52.8,52.556,52.312,52.068,51.775,51.677,51.531,51.433,51.286,51.091,50.944,50.749,50.602,50.651,51.433,53.777,58.857,66.721,75.806,84.11,91.094,97.053,102.13,105.94,107.95,108.19,107.07,105.06,102.38,99.105,95.637,92.12,88.701,85.379,82.253,79.225,76.441,73.803,71.41,69.066,66.868,64.816,62.862,61.153,59.541,58.173,57.05,56.22,55.731,55.536,55.487,55.536,55.682,55.926,56.317,56.757,57.196,57.587,58.124,58.564,59.053,59.443,59.785,60.029,60.322,60.567,60.664,60.713,60.664,60.616,60.42,60.225,59.981,59.736,59.346,59.053,58.759,58.369,57.978,57.538,57.196,56.806,56.415,56.073,55.633,55.194,54.901,54.657,54.363,54.07,53.777,53.533,53.338,53.191,52.947,52.654,52.507,52.312,52.166,52.068,51.97,51.921,51.726,51.628,51.433,51.384,51.677,52.996,56.464,62.862,71.41,80.349,88.164,94.758,100.42,105.01,107.99,109.07,108.63,107.07,104.72,101.89,98.616,95.197,91.68,88.261,84.989,81.863,78.981,76.099,73.315,70.726,68.528,66.721,64.914,63.009,61.055,59.541,58.418,57.587,56.903,56.561,56.464,56.61,56.659,56.855,57.245,57.88,58.466,59.053,59.541,60.029,60.616,61.006,61.348,61.739,62.13,62.374,62.472,62.569,62.667,62.716,62.618,62.276,61.983,61.69,61.348,61.055,60.616,60.176,59.736,59.297,58.857,58.466,58.124,57.685,57.099,56.561,55.975,55.536,55.243,54.901,54.559,54.168,53.777,53.484,53.289,53.191,52.947,52.605,52.361,52.214,52.312,52.214,52.117,51.921,51.726,51.628,51.726,52.605,55.34,60.909,69.163,78.346,86.698,93.683,99.691,104.72,108.43,110.29,110.39,109.17,107.12,104.38,101.25,97.737,94.171,90.655,87.284,84.11,81.032,78.199,75.415,72.924,70.531,68.284,66.135,64.132,62.276,60.664,59.15,57.929,57.001,56.366,56.122,56.073,56.171,56.464,56.806,57.245,57.734,58.222,58.662,59.101,59.541,59.981,60.371,60.616,60.811,61.006,61.153,61.348,61.495,61.495,61.299,60.909,60.469,60.127,59.785,59.59,59.297,58.857,58.369,57.88,57.441,56.903,56.561,56.122,55.731,55.438,55.096,54.754,54.217,53.777,53.289,52.849,52.556,52.361,52.166,52.068,52.117,52.166,52.068,51.726,51.482,51.189,50.944,50.749,50.944,51.237,51.531,52.507,55.194,60.713,68.821,77.564,85.233,91.778,97.688,103.01,106.87,108.68,108.63,107.12,104.62,101.3,97.688,94.123,90.606,87.236,84.061,81.228,78.737,76.246,73.559,70.677,67.942,65.549,63.497,61.739,60.225,59.004,57.978,57.05,56.171,55.682,55.633,55.731,55.975,56.22,56.561,56.903,57.294,57.538,57.783,57.978,58.222,58.466,58.857,59.443,59.981,60.127,59.883,59.59,59.59,59.785,59.883,59.541,58.857,58.32,58.173,58.222,58.173,57.587,56.855,56.073,55.487,55.243,55.194,55.194,55.194,54.998,54.754,54.412,54.07,53.631,53.045,52.507,52.117,51.775,51.628,51.482,51.433,51.384,51.237,51.042,50.847,50.749,50.798,50.944,50.993,50.944,50.847,51.091,52.654,56.806,63.742,72.24,80.251,87.138,93.292,99.105,103.6,105.99,106.14,104.62,102.28,99.789,97.297,94.855,92.413,89.824,86.943,83.816,80.495,77.174,74.048,71.215,68.724,66.379,64.132,61.934,59.785,57.978,56.561,55.633,55.047,54.803,54.754,54.51,54.119,53.631,53.24,53.24,53.533,54.168,54.998,55.878,56.757,57.343,57.734,57.978,58.32,58.613,59.004,59.297
-0.020528,-0.025415,-0.030303,-0.030303,-0.025415,-0.015152,-0.0053763,-0.00048876,-0.030303,-0.020528,0.0043988,0.034702,0.059629,0.069892,0.049853,0.0097752,-0.040567,-0.060606,-0.05523,-0.045455,-0.025415,-0.015152,-0.015152,-0.025415,0.0097752,0.12463,0.34506,0.65494,0.85044,0.73998,0.37977,0.059629,-0.075269,-0.095308,-0.085533,-0.085533,-0.085533,-0.095308,-0.095308,-0.070381,-0.060606,-0.075269,-0.080645,-0.065494,-0.05523,-0.050342,-0.045455,-0.040567,-0.035191,-0.025415,-0.020528,-0.020528,-0.015152,-0.0053763,0.0097752,0.014663,0.024438,0.029814,0.049853,0.064516,0.079668,0.089932,0.10459,0.11975,0.1349,0.13978,0.13978,0.14467,0.14956,0.15494,0.12952,0.094819,0.07478,0.064516,0.049853,0.01955,0.0097752,0.01955,0.039589,0.044477,-0.025415,-0.050342,-0.035191,-0.030303,-0.050342,-0.015152,0.0097752,-0.010264,-0.025415,-0.030303,-0.020528,-0.015152,-0.045455,-0.065494,-0.065494,-0.05523,-0.035191,-0.030303,-0.030303,-0.030303,-0.030303,-0.040567,-0.060606,-0.060606,-0.030303,-0.020528,-0.020528,-0.010264,0.0043988,-0.00048876,-0.020528,-0.045455,-0.075269,-0.080645,-0.065494,-0.060606,-0.05523,-0.060606,-0.040567,0.049853,0.23998,0.52493,0.77517,0.81525,0.49022,0.12952,-0.080645,-0.12561,-0.12561,-0.12023,-0.12561,-0.12561,-0.12561,-0.1305,-0.12561,-0.11535,-0.10557,-0.1002,-0.095308,-0.095308,-0.095308,-0.09042,-0.085533,-0.080645,-0.080645,-0.075269,-0.060606,-0.050342,-0.040567,-0.030303,-0.015152,0.0043988,0.024438,0.039589,0.049853,0.064516,0.079668,0.089932,0.099707,0.10948,0.11486,0.11486,0.10948,0.099707,0.079668,0.064516,0.049853,0.034702,0.014663,-0.0053763,-0.015152,-0.025415,-0.030303,-0.035191,-0.040567,-0.040567,-0.040567,-0.045455,-0.040567,-0.040567,-0.040567,-0.035191,-0.030303,-0.030303,-0.030303,-0.030303,-0.030303,-0.030303,-0.030303,-0.025415,-0.020528,-0.015152,-0.010264,-0.00048876,0.0043988,0.014663,0.029814,0.039589,0.049853,0.044477,0.044477,0.049853,0.049853,0.039589,0.01955,-0.0053763,-0.020528,-0.025415,-0.025415,-0.025415,-0.020528,-0.020528,0.0097752,0.12463,0.34995,0.66031,0.88025,0.88514,0.48485,0.13978,-0.045455,-0.075269,-0.070381,-0.070381,-0.075269,-0.075269,-0.075269,-0.075269,-0.075269,-0.065494,-0.070381,-0.070381,-0.070381,-0.065494,-0.060606,-0.065494,-0.075269,-0.075269,-0.060606,-0.05523,-0.050342,-0.035191,-0.015152,0.01955,0.044477,0.064516,0.079668,0.094819,0.099707,0.11486,0.12952,0.14467,0.15494,0.15982,0.16471,0.16471,0.16471,0.15982,0.14956,0.12952,0.10948,0.089932,0.07478,0.064516,0.049853,0.034702,0.024438,0.014663,0.0097752,-0.00048876,-0.0053763,-0.010264,-0.015152,-0.020528,-0.020528,-0.020528,-0.020528,-0.025415,-0.025415,-0.020528,-0.015152,-0.015152,-0.015152,-0.010264,-0.0053763,-0.00048876,-0.00048876,-0.00048876,0.0043988,0.0043988,0.014663,0.024438,0.029814,0.034702,0.034702,0.034702,0.034702,0.029814,0.0097752,-0.015152,-0.035191,-0.050342,-0.050342,-0.045455,-0.040567,-0.040567,-0.020528,0.059629,0.24487,0.53519,0.8001,0.85533,0.54985,0.17498,-0.045455,-0.095308,-0.095308,-0.095308,-0.1002,-0.1002,-0.10557,-0.10557,-0.1002,-0.095308,-0.09042,-0.085533,-0.080645,-0.075269,-0.075269,-0.065494,-0.060606,-0.05523,-0.050342,-0.040567,-0.035191,-0.030303,-0.015152,-0.0053763,0.0097752,0.01955,0.029814,0.044477,0.064516,0.079668,0.094819,0.10948,0.11975,0.12952,0.1349,0.1349,0.11975,0.11486,0.10948,0.094819,0.07478,0.059629,0.049853,0.034702,0.024438,0.014663,0.0097752,0.0097752,0.0043988,-0.00048876,-0.0053763,-0.010264,-0.015152,-0.020528,-0.020528,-0.025415,-0.025415,-0.020528,-0.020528,-0.025415,-0.020528,-0.020528,-0.020528,-0.020528,-0.020528,-0.020528,-0.015152,-0.015152,-0.015152,-0.010264,-0.0053763,0.0043988,0.01955,0.029814,0.029814,0.024438,0.029814,0.024438,0.0097752,-0.010264,-0.035191,-0.045455,-0.045455,-0.040567,-0.035191,-0.045455,-0.050342,0.024438,0.18475,0.44477,0.72532,0.82014,0.60997,0.2346,-0.030303,-0.11535,-0.11046,-0.11046,-0.11535,-0.11046,-0.10557,-0.1002,-0.1002,-0.1002,-0.1002,-0.095308,-0.080645,-0.075269,-0.070381,-0.065494,-0.065494,-0.065494,-0.05523,-0.050342,-0.040567,-0.030303,-0.025415,-0.020528,-0.0053763,0.0097752,0.024438,0.034702,0.049853,0.064516,0.079668,0.089932,0.094819,0.094819,0.094819,0.094819,0.089932,0.07478,0.064516,0.054741,0.034702,0.0043988,-0.00048876,-0.00048876,-0.010264,-0.025415,-0.035191,-0.035191,-0.040567,-0.050342,-0.050342,-0.050342,-0.05523,-0.060606,-0.065494,-0.070381,-0.065494,-0.075269,-0.080645,-0.080645,-0.075269,-0.065494,-0.065494,-0.065494,-0.065494,-0.065494,-0.065494,-0.060606,-0.060606,-0.05523,-0.050342,-0.035191,-0.020528,-0.015152,-0.010264,-0.010264,-0.00048876,-0.0053763,-0.020528,-0.040567,-0.060606,-0.080645,-0.080645,-0.080645,-0.075269,-0.080645,-0.085533,-0.050342,0.064516,0.28495,0.58016,0.78543,0.79032,0.37977,0.049853,-0.10557,-0.1305,-0.12561,-0.1305,-0.1305,-0.1305,-0.1305,-0.13539,-0.13539,-0.1305,-0.12561,-0.12023,-0.11046,-0.11046,-0.10557,-0.1002,-0.09042,-0.080645,-0.075269,-0.075269,-0.065494,-0.05523,-0.040567,-0.020528,-0.0053763,0.0097752,0.01955,0.029814,0.039589,0.044477,0.049853,0.064516,0.079668,0.094819,0.099707,0.094819,0.084555,0.069892,0.049853,0.034702,0.01955,0.0043988,-0.010264,-0.020528,-0.035191,-0.040567,-0.050342,-0.05523,-0.065494,-0.075269,-0.075269,-0.080645,-0.080645,-0.085533,-0.085533,-0.085533,-0.080645,-0.075269,-0.075269,-0.05523,0.039589,0.15982,0.22483,0.22972,0.22483,0.21994,0.21457,0.21457,0.21457,0.21457,0.21457,0.22483,0.22972,0.21994,0.20968,0.20968,0.21457,0.1999,0.17498,0.14467,0.11975,0.11486,0.10459,0.099707,0.094819,0.089932,0.11486,0.22483,0.43011,0.71994,0.93548,0.94526,0.53519,0.18475,0.014663,-0.010264,-0.010264,-0.015152,-0.020528,-0.030303,-0.030303,-0.035191,-0.035191,-0.030303,-0.030303,-0.030303,-0.030303,-0.020528,-0.015152,-0.010264,-0.0053763,-0.010264,-0.00048876,0.0043988,0.0097752,0.014663,0.014663,0.014663,0.024438,0.034702,0.049853,0.059629,0.064516,0.069892,0.079668,0.089932,0.10459,0.11975,0.12463,0.12952,0.11975,0.10459,0.089932,0.07478,0.059629,0.044477,0.029814,0.014663,-0.00048876,-0.015152,-0.020528,-0.030303,-0.035191,-0.040567,-0.050342,-0.05523,-0.060606,-0.065494,-0.065494,-0.075269,-0.075269,-0.075269,-0.075269,-0.080645,-0.080645,-0.075269,-0.075269,-0.065494,-0.065494,-0.075269,-0.075269,-0.075269,-0.070381,-0.060606,-0.050342,-0.035191,-0.025415,-0.030303,-0.030303,-0.030303,-0.020528,-0.035191,-0.060606,-0.080645,-0.095308,-0.095308,-0.095308,-0.09042,-0.1002,-0.1002,-0.060606,0.064516,0.3001,0.59531,0.78543,0.68035,0.32991,-0.00048876,-0.15054,-0.16569,-0.16569,-0.17058,-0.17058,-0.17058,-0.16569,-0.16569,-0.16031,-0.16031,-0.15054,-0.14027,-0.14027,-0.1305,-0.1305,-0.12561,-0.12023,-0.11535,-0.11046,-0.1002,-0.085533,-0.075269,-0.065494,-0.05523,-0.040567,-0.030303,-0.020528,-0.010264,-0.0053763,-0.010264,0.0043988,0.024438,0.039589,0.054741,0.059629,0.049853,0.044477,0.034702,0.024438,0.0043988,-0.010264,-0.030303,-0.050342,-0.060606,-0.075269,-0.080645,-0.085533,-0.10557,-0.12023,-0.12023,-0.10557,-0.11046,-0.11535,-0.10557,-0.095308,-0.10557,-0.11046,-0.10557,-0.1002,-0.095308,-0.080645,-0.080645,-0.080645,-0.065494,-0.075269,-0.095308,-0.1002,-0.085533,-0.075269,-0.070381,-0.065494,-0.060606,-0.05523,-0.050342,-0.050342,-0.040567,-0.040567,-0.05523,-0.075269,-0.095308,-0.10557,-0.10557,-0.1002,-0.095308,-0.1002,-0.10557,-0.080645,0.024438,0.24487,0.54497,0.76002,0.7654,0.34995,0.01955,-0.14027,-0.17058,-0.17058,-0.17546,-0.18573,-0.1955,-0.19062,-0.17546,-0.16031,-0.15543,-0.15543,-0.15054,-0.15054,-0.15054,-0.15054,-0.14027,-0.12561,-0.11535,-0.10557,-0.1002,-0.085533,-0.075269,-0.065494,-0.05523,-0.045455,-0.035191,-0.030303,-0.025415,-0.015152,0.0043988,0.01955,0.034702,0.049853,0.054741,0.064516,0.064516,0.044477,0.029814,0.01955,0.0043988,-0.010264,-0.020528,-0.030303,-0.035191,-0.045455,-0.05523,-0.060606,-0.060606,-0.065494,-0.070381,-0.075269,-0.075269,-0.075269,-0.080645,-0.085533,-0.09042,-0.095308,-0.1002,-0.1002,-0.095308,-0.09042,-0.09042,-0.095308,-0.085533,-0.075269,-0.065494,-0.060606,-0.060606,-0.060606,-0.05523,-0.050342,-0.035191,-0.025415,-0.015152,-0.0053763,-0.00048876,-0.020528,-0.040567,-0.070381,-0.1002,-0.11535,-0.11535,-0.11046,-0.11535,-0.12023,-0.12023,-0.10557,-0.025415,0.15982,0.43988,0.71994,0.79521,0.54008,0.15982,-0.095308,-0.17058,-0.17546,-0.18573,-0.19062,-0.19062,-0.1955,-0.20039,-0.1955,-0.17546,-0.16031,-0.15054,-0.14565,-0.14027,-0.13539,-0.14565,-0.14565,-0.14027,-0.13539,-0.1305,-0.11535,-0.095308,-0.09042,-0.085533,-0.075269,-0.060606,-0.040567,-0.020528,-0.00048876,0.0097752,0.014663,0.029814,0.044477,0.049853,0.059629,0.064516,0.054741,0.044477,0.039589,0.024438,0.0097752,-0.010264,-0.025415,-0.030303,-0.035191,-0.040567,-0.050342,-0.060606,-0.065494,-0.075269,-0.080645,-0.080645,-0.085533,-0.085533,-0.085533,-0.09042,-0.095308,-0.09042,-0.085533,-0.09042,-0.09042,-0.09042,-0.09042,-0.085533,-0.09042,-0.09042,-0.095308,-0.095308,-0.085533,-0.070381,-0.050342,-0.035191,-0.020528,-0.015152,-0.015152,-0.010264,-0.015152,-0.030303,-0.050342,-0.080645,-0.10557,-0.12023,-0.12023,-0.11046,-0.10557,-0.1002,-0.095308,-0.045455,0.084555,0.31965,0.60997,0.78006,0.64516,0.28983,-0.020528,-0.14565,-0.15543,-0.14565,-0.15054,-0.15543,-0.16031,-0.15543,-0.15054,-0.14565,-0.14027,-0.1305,-0.12561,-0.12023,-0.11535,-0.11046,-0.10557,-0.1002,-0.085533,-0.075269,-0.065494,-0.060606,-0.060606,-0.050342,-0.035191,-0.030303,-0.035191,-0.030303,-0.020528,-0.00048876,0.014663,0.029814,0.044477,0.054741,0.059629,0.054741,0.049853,0.044477,0.034702,0.024438,0.014663,0.0043988,-0.015152,-0.045455,-0.075269,-0.095308,-0.10557,-0.11046,-0.11535,-0.12023,-0.12561,-0.14027,-0.14565,-0.15054,-0.15543,-0.15543,-0.15543,-0.15543,-0.15054,-0.14565,-0.14027,-0.13539,-0.13539,-0.12561,-0.12023,-0.11046,-0.10557,-0.085533,-0.070381,-0.060606,-0.050342,-0.040567,-0.030303,-0.025415,-0.020528,-0.015152,-0.020528,-0.035191,-0.05523,-0.080645,-0.095308,-0.1002,-0.1002,-0.095308,-0.085533,-0.09042,-0.05523,0.059629,0.27468,0.565,0.8001,0.82014,0.43011,0.07478,-0.10557,-0.13539,-0.1305,-0.1305,-0.1305,-0.13539,-0.1305,-0.1305,-0.12561,-0.12561,-0.12023,-0.11535,-0.10557,-0.1002,-0.095308,-0.085533,-0.080645,-0.075269,-0.065494,-0.060606,-0.05523,-0.045455,-0.035191,-0.030303,-0.025415,-0.015152,-0.0053763,0.0043988,0.014663,0.029814,0.044477,0.054741,0.069892,0.089932,0.099707,0.099707,0.089932,0.079668,0.064516,0.044477,0.029814,0.014663,-0.00048876,-0.010264,-0.020528,-0.030303,-0.035191,-0.045455,-0.05523,-0.060606,-0.065494,-0.065494,-0.070381,-0.065494,-0.060606,-0.05523,-0.060606,-0.070381,-0.080645,-0.080645,-0.080645,-0.075269,-0.060606,-0.05523,-0.05523,-0.060606,-0.05523,-0.050342,-0.045455,-0.035191,-0.030303,-0.025415,-0.020528,-0.010264,-0.00048876,-0.010264,-0.020528,-0.035191,-0.05523,-0.075269,-0.080645,-0.080645,-0.075269,-0.075269,-0.070381,-0.075269,-0.045455,0.069892,0.28983,0.58504,0.79521,0.71017,0.36999,0.034702,-0.11535,-0.1305,-0.12023,-0.12023,-0.12561,-0.1305,-0.1305,-0.12561,-0.12023,-0.11046,-0.11046,-0.1002,-0.095308,-0.080645,-0.075269,-0.065494,-0.065494,-0.075269,-0.075269,-0.060606,-0.05523,-0.045455,-0.030303,-0.020528,-0.00048876,0.034702,0.064516,0.069892,0.069892,0.084555,0.094819,0.10948,0.12952,0.13978,0.1349,0.13978,0.1349,0.12463,0.11486,0.094819,0.069892,0.044477,0.029814,0.0097752,-0.010264,-0.020528,-0.030303,-0.045455,-0.050342,-0.05523,-0.05523,-0.05523,-0.060606,-0.075269,-0.080645,-0.080645,-0.080645,-0.075269,-0.065494,-0.070381,-0.075269,-0.075269,-0.065494,-0.05523,-0.035191,-0.025415,-0.025415,-0.020528,-0.0053763,0.0097752,0.01955,0.014663,0.014663,0.029814,0.024438,0.0097752,-0.00048876,-0.010264,-0.025415,-0.045455,-0.065494,-0.065494,-0.065494,-0.060606,-0.060606,-0.05523,0.014663,0.17498,0.435,0.71505,0.8001,0.56989,0.19501,-0.060606,-0.12561,-0.12023,-0.11535,-0.12023,-0.12023,-0.12023,-0.12561,-0.12023,-0.11046,-0.10557,-0.095308,-0.085533,-0.070381,-0.065494,-0.075269,-0.075269,-0.060606,-0.050342,-0.040567,-0.040567,-0.035191,-0.030303,-0.020528,-0.0053763,0.0097752,0.024438,0.034702,0.049853,0.069892,0.084555,0.099707,0.11486,0.12463,0.12952,0.12463,0.12463,0.11486,0.10459,0.089932,0.079668,0.059629,0.039589,0.014663,-0.0053763,-0.015152,-0.020528,-0.020528,-0.020528,-0.030303,-0.030303,-0.035191,-0.025415,-0.020528,-0.030303,-0.035191,-0.030303,-0.035191,-0.040567,-0.045455,-0.040567,-0.040567,-0.040567,-0.040567,-0.035191,-0.030303,-0.020528,-0.025415,-0.020528,-0.0053763,0.014663,0.029814,0.024438,0.014663,0.014663,0.0097752,0.0097752,0.0043988,-0.015152,-0.035191,-0.05523,-0.060606,-0.065494,-0.05523,-0.050342,-0.05523,-0.030303,0.064516,0.26002,0.55523,0.81036,0.85044,0.52981,0.17498,-0.030303,-0.080645,-0.080645,-0.085533,-0.085533,-0.09042,-0.09042,-0.09042,-0.09042,-0.09042,-0.085533,-0.080645,-0.075269,-0.070381,-0.065494,-0.05523,-0.040567,-0.035191,-0.030303,-0.020528,-0.015152,-0.0053763,0.0097752,0.024438,0.034702,0.049853,0.054741,0.059629,0.054741,0.089932,0.10948,0.11975,0.1349,0.13978,0.14467,0.15494,0.15494,0.14467,0.12952,0.10948,0.089932,0.069892,0.049853,0.029814,0.0097752,-0.00048876,-0.00048876,-0.00048876,0.0043988,0.0043988,0.0097752,0.014663,0.0043988,-0.0053763,-0.015152,-0.015152,-0.020528,-0.025415,-0.020528,-0.020528,-0.020528,-0.020528,-0.015152,-0.015152,-0.020528,-0.020528,-0.020528,-0.015152,-0.00048876,0.01955,0.039589,0.054741,0.059629,0.049853,0.054741,0.049853,0.044477,0.034702,0.01955,0.0043988,-0.0053763,-0.020528,-0.030303,-0.025415,-0.020528,-0.020528,0.0097752,0.12463,0.34995,0.65005,0.86022,0.8651,0.43988,0.089932,-0.075269,-0.10557,-0.10557,-0.10557,-0.10557,-0.1002,-0.095308,-0.095308,-0.085533,-0.080645,-0.085533,-0.080645,-0.075269,-0.065494,-0.060606,-0.050342,-0.045455,-0.040567,-0.035191,-0.025415,-0.020528,-0.015152,-0.010264,-0.00048876,0.0043988,0.0097752,0.014663,0.014663,0.029814,0.049853,0.064516,0.079668,0.089932,0.089932,0.094819,0.094819,0.089932,0.079668,0.069892,0.049853,0.044477,0.034702,0.01955,0.0043988,-0.010264,-0.015152,-0.020528,-0.030303,-0.040567,-0.045455,-0.05523,-0.060606,-0.065494,-0.075269,-0.080645,-0.080645,-0.080645,-0.085533,-0.085533,-0.085533,-0.09042,-0.095308,-0.09042,-0.09042,-0.095308,-0.095308,-0.095308,-0.080645,-0.075269,-0.070381,-0.075269,-0.065494,-0.05523,-0.040567,-0.025415,-0.020528,-0.030303,-0.040567,-0.065494,-0.085533,-0.1002,-0.10557,-0.11046,-0.11046,-0.12023,-0.12023,-0.065494,0.07478,0.32991,0.6349,0.79521,0.64516,0.26979,-0.035191,-0.14565,-0.15054,-0.14027,-0.14565,-0.15054,-0.14565,-0.13539,-0.12561,-0.12023,-0.11535,-0.11046,-0.10557,-0.10557,-0.10557,-0.09042,-0.075269,-0.060606,-0.050342,-0.05523,-0.05523,-0.050342,-0.045455,-0.040567,-0.045455,-0.025415,-0.0053763,0.01955,0.044477,0.064516,0.07478,0.069892,0.064516,0.059629,0.059629,0.054741,0.054741,0.054741,0.049853,0.039589,0.029814,0.024438,0.014663,0.0043988,-0.015152,-0.030303,-0.045455,-0.065494,-0.060606,-0.035191,-0.030303,-0.035191,-0.040567,-0.035191,-0.045455,-0.050342,-0.050342,-0.050342,-0.065494,-0.075269,-0.070381,-0.060606,-0.05523,-0.050342,-0.045455,-0.040567,-0.035191,-0.035191,-0.035191,-0.025415,-0.0053763,0.0043988,0.0043988,0.014663,0.01955,0.0097752,-0.00048876,-0.015152,-0.040567,-0.065494,-0.085533,-0.09042,-0.080645,-0.065494,-0.05523,-0.050342,-0.015152,0.099707,0.30987,0.60508,0.83529,0.84506,0.43988,0.089932,-0.065494,-0.085533,-0.09042,-0.095308,-0.095308,-0.10557,-0.12023,-0.11535,-0.09042,-0.070381,-0.065494,-0.080645,-0.09042,-0.095308,-0.080645,-0.065494,-0.05523,-0.05523,-0.050342,-0.050342,-0.050342,-0.040567,-0.030303,-0.020528,-0.0053763,0.0097752,0.01955,0.029814,0.049853,0.064516,0.07478,0.084555,0.099707,0.10948,0.11486,0.11975,0.10948,0.099707,0.084555,0.069892,0.059629,0.044477,0.029814,0.01955,0.0043988,-0.010264,-0.020528,-0.030303,-0.035191,-0.035191,-0.040567,-0.040567,-0.040567,-0.040567,-0.035191,-0.035191,-0.035191,-0.030303,-0.035191,-0.040567,-0.045455,-0.045455,-0.045455,-0.045455,-0.040567,-0.035191,-0.035191,-0.035191,-0.020528,-0.010264,0.0043988,0.0097752,0.014663,0.024438,0.029814,0.034702,0.01955,-0.00048876,-0.020528,-0.035191,-0.050342,-0.050342,-0.050342,-0.045455,-0.040567,-0.045455,0.014663,0.1349,0.3651,0.66031,0.8304,0.70039,0.34506,0.039589,-0.080645,-0.09042,-0.085533,-0.095308,-0.1002,-0.1002,-0.1002,-0.095308,-0.09042,-0.085533,-0.080645,-0.080645,-0.075269,-0.065494,-0.05523,-0.050342,-0.045455,-0.040567,-0.035191,-0.025415,-0.015152,-0.0053763,0.0097752,0.01955,0.034702,0.044477,0.054741,0.069892,0.084555,0.094819,0.10948,0.11975,0.1349,0.14467,0.15494,0.14467,0.13978,0.12463,0.10459,0.089932,0.069892,0.059629,0.044477,0.034702,0.024438,0.01955,0.014663,0.0097752,-0.00048876,-0.0053763,-0.0053763,-0.0053763,-0.0053763,-0.0053763,-0.010264,-0.015152,-0.020528,-0.020528,-0.020528,-0.025415,-0.025415,-0.020528,-0.020528,-0.015152,-0.015152,-0.010264,-0.00048876,0.0043988,0.014663,0.029814,0.049853,0.054741,0.059629,0.069892,0.07478,0.07478,0.059629,0.039589,0.0097752,-0.010264,-0.020528,-0.025415,-0.025415,-0.020528,-0.020528,-0.0053763,0.054741,0.21457,0.47019,0.75513,0.8651,0.6652,0.28983,0.01955,-0.070381,-0.070381,-0.065494,-0.075269,-0.080645,-0.080645,-0.075269,-0.065494,-0.065494,-0.060606,-0.05523,-0.050342,-0.040567,-0.035191,-0.035191,-0.030303,-0.030303,-0.020528,-0.015152,-0.010264,0.0043988,0.014663,0.01955,0.024438,0.034702,0.049853,0.064516,0.079668,0.094819,0.10948,0.11975,0.1349,0.13978,0.1349,0.1349,0.13978,0.1349,0.12463,0.11486,0.099707,0.089932,0.07478,0.064516,0.049853,0.034702,0.029814,0.024438,0.024438,0.014663,0.0043988,0.0043988,0.0043988,0.014663,0.024438,0.039589,0.044477,0.049853,0.034702,0.01955,0.014663,0.014663,0.014663,0.014663,0.014663,0.014663,0.01955,0.024438,0.034702,0.044477,0.059629,0.069892,0.07478,0.07478,0.089932,0.089932,0.089932,0.07478,0.054741,0.029814,0.0097752,-0.00048876,-0.020528,-0.035191,-0.040567,-0.045455,-0.025415,0.069892,0.26491,0.55523,0.81525,0.87048,0.55523,0.18964,-0.025415,-0.075269,-0.075269,-0.085533,-0.09042,-0.09042,-0.085533,-0.085533,-0.085533,-0.080645,-0.075269,-0.065494,-0.060606,-0.05523,-0.05523,-0.045455,-0.035191,-0.030303,-0.020528,-0.010264,-0.00048876,0.0043988,0.014663,0.029814,0.044477,0.054741,0.054741,0.064516,0.07478,0.094819,0.099707,0.11486,0.12463,0.13978,0.14467,0.14467,0.13978,0.1349,0.11975,0.10948,0.094819,0.079668,0.07478,0.069892,0.054741,0.044477,0.034702,0.024438,0.024438,0.01955,0.014663,0.0097752,-0.00048876,-0.0053763,-0.00048876,-0.00048876,-0.00048876,-0.00048876,-0.0053763,-0.010264,-0.010264,-0.010264,-0.010264,-0.010264,-0.010264,-0.010264,-0.010264,-0.00048876,0.0097752,0.024438,0.034702,0.044477,0.049853,0.059629,0.064516,0.064516,0.049853,0.024438,0.0043988,-0.015152,-0.025415,-0.020528,-0.020528,-0.020528,-0.020528,-0.0053763,0.064516,0.2346,0.50978,0.79032,0.0097752,0.01955,0.024438,0.034702,0.039589,0.044477,0.049853,0.049853,0.044477,0.029814,0.0097752,-0.015152,-0.030303,-0.015152,0.029814,0.079668,0.12952,0.15982,0.17498,0.17498,0.16471,0.14956,0.12952,0.10948,0.089932,0.07478,0.064516,0.064516,0.064516,0.064516,0.064516,0.059629,0.054741,0.049853,0.049853,0.054741,0.049853,0.044477,0.044477,0.044477,0.039589,0.039589,0.034702,0.029814,0.029814,0.034702,0.034702,0.034702,0.029814,0.034702,0.044477,0.054741,0.069892,0.079668,0.079668,0.079668,0.089932,0.089932,0.079668,0.069892,0.049853,0.024438,0.0097752,0.0043988,0.0043988,0.0043988,-0.00048876,-0.00048876,0.029814,0.13978,0.34995,0.65005,0.88514,0.91544,0.53519,0.1696,-0.025415,-0.05523,-0.05523,-0.050342,-0.05523,-0.060606,-0.060606,-0.060606,-0.05523,-0.050342,-0.050342,-0.045455,-0.040567,-0.035191,-0.030303,-0.020528,-0.010264,-0.00048876,0.0043988,0.014663,0.01955,0.029814,0.039589,0.049853,0.059629,0.069892,0.084555,0.094819,0.10459,0.11486,0.12463,0.13978,0.14956,0.15982,0.15982,0.16471,0.15494,0.14467,0.12463,0.10948,0.094819,0.079668,0.064516,0.054741,0.049853,0.044477,0.034702,0.029814,0.024438,0.024438,0.01955,0.014663,0.014663,0.0097752,0.0097752,0.0097752,0.0097752,0.0097752,0.0043988,-0.00048876,-0.00048876,-0.00048876,0.0043988,0.0043988,0.0097752,0.0043988,0.0097752,0.01955,0.034702,0.044477,0.049853,0.059629,0.069892,0.079668,0.07478,0.064516,0.049853,0.024438,0.0043988,-0.010264,-0.015152,-0.015152,-0.010264,-0.015152,-0.020528,0.01955,0.13978,0.3651,0.67498,0.88514,0.89052,0.44477,0.10459,-0.045455,-0.065494,-0.060606,-0.060606,-0.060606,-0.060606,-0.060606,-0.060606,-0.060606,-0.060606,-0.060606,-0.05523,-0.050342,-0.050342,-0.045455,-0.040567,-0.035191,-0.030303,-0.025415,-0.020528,-0.015152,-0.015152,-0.010264,-0.00048876,0.0097752,0.029814,0.044477,0.069892,0.089932,0.10948,0.11975,0.13978,0.15494,0.15982,0.16471,0.16471,0.15494,0.13978,0.12952,0.11486,0.099707,0.079668,0.069892,0.059629,0.049853,0.044477,0.039589,0.029814,0.024438,0.014663,0.0097752,0.0043988,0.0043988,-0.00048876,-0.00048876,-0.00048876,-0.00048876,-0.0053763,-0.0053763,-0.0053763,-0.00048876,-0.0053763,-0.00048876,-0.00048876,-0.00048876,-0.00048876,-0.00048876,0.0097752,0.01955,0.034702,0.039589,0.044477,0.044477,0.054741,0.054741,0.049853,0.029814,0.0097752,-0.015152,-0.035191,-0.035191,-0.035191,-0.035191,-0.030303,-0.030303,-0.00048876,0.089932,0.28006,0.56989,0.8304,0.87537,0.54985,0.17498,-0.035191,-0.085533,-0.085533,-0.095308,-0.1002,-0.10557,-0.10557,-0.10557,-0.095308,-0.085533,-0.070381,-0.065494,-0.060606,-0.060606,-0.05523,-0.045455,-0.035191,-0.030303,-0.020528,-0.015152,-0.0053763,0.0043988,0.014663,0.024438,0.034702,0.044477,0.054741,0.069892,0.079668,0.094819,0.10948,0.11975,0.1349,0.13978,0.14467,0.14956,0.13978,0.12952,0.11486,0.099707,0.079668,0.069892,0.054741,0.039589,0.029814,0.024438,0.014663,0.0097752,0.0043988,-0.0053763,-0.010264,-0.015152,-0.020528,-0.025415,-0.035191,-0.040567,-0.040567,-0.040567,-0.045455,-0.050342,-0.050342,-0.05523,-0.060606,-0.065494,-0.065494,-0.075269,-0.075269,-0.070381,-0.060606,-0.05523,-0.050342,-0.045455,-0.050342,-0.035191,-0.030303,-0.035191,-0.040567,-0.040567,-0.060606,-0.09042,-0.11535,-0.11535,-0.1002,-0.09042,-0.085533,-0.075269,-0.010264,0.15494,0.41984,0.72532,0.86022,0.68035,0.30499,0.0097752,-0.085533,-0.09042,-0.085533,-0.085533,-0.080645,-0.075269,-0.075269,-0.065494,-0.065494,-0.060606,-0.060606,-0.065494,-0.070381,-0.080645,-0.085533,-0.085533,-0.080645,-0.080645,-0.05523,-0.035191,-0.020528,-0.020528,-0.020528,-0.010264,0.0043988,0.01955,0.029814,0.044477,0.069892,0.11486,0.14956,0.17498,0.18964,0.1999,0.20479,0.20479,0.1999,0.18475,0.1696,0.15494,0.13978,0.11975,0.10948,0.094819,0.079668,0.07478,0.064516,0.054741,0.049853,0.044477,0.044477,0.034702,0.029814,0.024438,0.024438,0.014663,0.014663,0.0097752,0.0097752,0.0097752,0.0097752,0.0097752,0.0043988,0.0043988,0.0097752,0.014663,0.014663,0.024438,0.039589,0.054741,0.059629,0.064516,0.069892,0.07478,0.07478,0.069892,0.054741,0.029814,0.0043988,-0.010264,-0.015152,-0.015152,-0.015152,-0.015152,-0.020528,0.039589,0.17986,0.41984,0.71994,0.89541,0.75513,0.37977,0.059629,-0.065494,-0.075269,-0.075269,-0.080645,-0.080645,-0.080645,-0.080645,-0.080645,-0.080645,-0.080645,-0.075269,-0.070381,-0.065494,-0.060606,-0.060606,-0.05523,-0.05523,-0.050342,-0.040567,-0.035191,-0.030303,-0.020528,-0.025415,-0.025415,-0.020528,-0.010264,-0.00048876,-0.00048876,0.0043988,0.0097752,0.029814,0.059629,0.084555,0.10948,0.12463,0.13978,0.1349,0.12463,0.10948,0.089932,0.069892,0.049853,0.029814,0.0043988,-0.015152,-0.030303,-0.040567,-0.050342,-0.05523,-0.05523,-0.065494,-0.070381,-0.075269,-0.075269,-0.075269,-0.075269,-0.075269,-0.075269,-0.075269,-0.075269,-0.070381,-0.065494,-0.060606,-0.060606,-0.060606,-0.05523,-0.045455,-0.035191,-0.020528,-0.0053763,-0.00048876,0.0043988,0.0097752,0.014663,0.0097752,-0.0053763,-0.025415,-0.05523,-0.075269,-0.080645,-0.080645,-0.080645,-0.080645,-0.075269,-0.050342,0.039589,0.21994,0.50978,0.79032,0.85533,0.54985,0.16471,-0.050342,-0.095308,-0.09042,-0.085533,-0.095308,-0.095308,-0.095308,-0.1002,-0.095308,-0.085533,-0.075269,-0.070381,-0.060606,-0.05523,-0.050342,-0.050342,-0.050342,-0.040567,-0.030303,-0.020528,-0.010264,-0.00048876,0.0043988,0.014663,0.024438,0.034702,0.049853,0.064516,0.07478,0.089932,0.094819,0.10948,0.11975,0.13978,0.14467,0.14956,0.13978,0.11975,0.10459,0.089932,0.07478,0.059629,0.044477,0.029814,0.014663,0.0097752,0.0043988,-0.0053763,-0.010264,-0.015152,-0.015152,-0.010264,-0.010264,-0.010264,-0.015152,-0.020528,-0.025415,-0.030303,-0.030303,-0.025415,-0.025415,-0.025415,-0.025415,-0.020528,-0.020528,-0.015152,-0.015152,-0.0053763,0.0043988,0.014663,0.029814,0.039589,0.049853,0.064516,0.059629,0.049853,0.034702,0.01955,-0.0053763,-0.025415,-0.035191,-0.035191,-0.030303,-0.020528,-0.020528,-0.0053763,0.059629,0.22972,0.5,0.78543,0.8651,0.62023,0.2346,-0.0053763,-0.065494,-0.060606,-0.05523,-0.05523,-0.05523,-0.05523,-0.050342,-0.045455,-0.045455,-0.040567,-0.035191,-0.030303,-0.025415,-0.020528,-0.020528,-0.020528,-0.020528,-0.015152,-0.010264,-0.0053763,-0.010264,-0.010264,-0.00048876,0.0043988,0.0097752,0.024438,0.034702,0.049853,0.064516,0.07478,0.089932,0.099707,0.10948,0.11486,0.11975,0.11975,0.10948,0.099707,0.089932,0.07478,0.054741,0.044477,0.039589,0.029814,0.024438,0.014663,0.0097752,0.0043988,-0.00048876,-0.00048876,-0.00048876,-0.010264,-0.010264,-0.015152,-0.015152,-0.015152,-0.015152,-0.010264,-0.010264,-0.015152,-0.015152,-0.015152,-0.010264,-0.010264,-0.00048876,0.0043988,0.0097752,0.024438,0.034702,0.049853,0.054741,0.059629,0.069892,0.07478,0.064516,0.044477,0.024438,0.0043988,-0.015152,-0.025415,-0.030303,-0.025415,-0.020528,-0.020528,-0.0053763,0.059629,0.22972,0.49511,0.78543,0.8651,0.63001,0.24976,-0.010264,-0.085533,-0.085533,-0.080645,-0.080645,-0.080645,-0.080645,-0.080645,-0.075269,-0.065494,-0.060606,-0.060606,-0.060606,-0.05523,-0.045455,-0.035191,-0.030303,-0.025415,-0.015152,-0.010264,0.0043988,0.01955,0.029814,0.034702,0.049853,0.054741,0.064516,0.069892,0.07478,0.089932,0.099707,0.10948,0.12463,0.1349,0.14467,0.14467,0.13978,0.12952,0.11486,0.099707,0.084555,0.069892,0.059629,0.044477,0.029814,0.024438,0.01955,0.0097752,-0.00048876,-0.0053763,-0.010264,-0.010264,-0.015152,-0.020528,-0.025415,-0.025415,-0.025415,-0.025415,-0.025415,-0.025415,-0.020528,-0.020528,-0.020528,-0.030303,-0.030303,-0.035191,-0.040567,-0.040567,-0.025415,-0.010264,-0.0053763,-0.00048876,0.0043988,0.0097752,0.014663,0.014663,0.0097752,-0.0053763,-0.025415,-0.040567,-0.050342,-0.05523,-0.050342,-0.045455,-0.05523,-0.050342,0.0097752,0.17986,0.45503,0.75513,0.88514,0.69013,0.30499,-0.00048876,-0.10557,-0.11046,-0.11046,-0.11046,-0.11046,-0.11046,-0.10557,-0.11046,-0.11046,-0.11046,-0.10557,-0.1002,-0.095308,-0.085533,-0.075269,-0.065494,-0.060606,-0.050342,-0.040567,-0.035191,-0.020528,-0.015152,-0.010264,-0.00048876,0.0043988,0.014663,0.029814,0.044477,0.054741,0.064516,0.07478,0.084555,0.099707,0.10948,0.11486,0.11486,0.10459,0.094819,0.07478,0.059629,0.044477,0.034702,0.024438,0.014663,0.0097752,0.0097752,0.0043988,-0.00048876,-0.00048876,-0.010264,-0.010264,-0.010264,-0.015152,-0.020528,-0.020528,-0.020528,-0.020528,-0.020528,-0.020528,-0.020528,-0.020528,-0.020528,-0.020528,-0.020528,-0.020528,-0.015152,-0.015152,-0.00048876,0.0097752,0.024438,0.029814,0.034702,0.044477,0.049853,0.044477,0.034702,0.014663,-0.0053763,-0.030303,-0.040567,-0.040567,-0.040567,-0.035191,-0.040567,-0.025415,0.064516,0.24976,0.52981,0.81036,0.88025,0.6002,0.20968,-0.035191,-0.1002,-0.095308,-0.09042,-0.09042,-0.085533,-0.085533,-0.085533,-0.085533,-0.080645,-0.075269,-0.070381,-0.065494,-0.060606,-0.050342,-0.045455,-0.040567,-0.035191,-0.025415,-0.020528,-0.015152,-0.0053763,0.0043988,0.0097752,0.024438,0.034702,0.044477,0.059629,0.069892,0.079668,0.089932,0.10459,0.11975,0.1349,0.13978,0.13978,0.13978,0.12952,0.11486,0.099707,0.089932,0.069892,0.054741,0.049853,0.044477,0.029814,0.01955,0.0097752,0.0043988,0.0043988,-0.00048876,-0.0053763,-0.010264,-0.015152,-0.015152,-0.015152,-0.015152,-0.015152,-0.015152,-0.015152,-0.020528,-0.020528,-0.020528,-0.020528,-0.020528,-0.020528,-0.015152,-0.00048876,0.0097752,0.024438,0.029814,0.034702,0.044477,0.049853,0.049853,0.034702,0.014663,-0.010264,-0.030303,-0.040567,-0.045455,-0.040567,-0.040567,-0.035191,-0.040567,0.0043988,0.13978,0.38514,0.68524,0.87048,0.74536,0.37977,0.049853,-0.080645,-0.085533,-0.080645,-0.085533,-0.085533,-0.085533,-0.085533,-0.085533,-0.080645,-0.080645,-0.075269,-0.075269,-0.065494,-0.05523,-0.050342,-0.045455,-0.040567,-0.035191,-0.030303,-0.020528,-0.010264,-0.00048876,0.0097752,0.014663,0.029814,0.039589,0.054741,0.064516,0.079668,0.089932,0.099707,0.11486,0.12952,0.13978,0.14467,0.14467,0.1349,0.11975,0.10459,0.089932,0.07478,0.059629,0.044477,0.029814,0.01955,0.014663,0.0097752,0.0043988,0.0043988,0.0043988,0.0043988,-0.00048876,-0.00048876,-0.0053763,-0.010264,-0.010264,-0.010264,-0.010264,-0.015152,-0.020528,-0.020528,-0.025415,-0.025415,-0.030303,-0.030303,-0.030303,-0.020528,-0.0053763,0.0097752,0.024438,0.034702,0.039589,0.049853,0.054741,0.044477,0.034702,0.01955,-0.0053763,-0.025415,-0.035191,-0.040567,-0.035191,-0.030303,-0.035191,-0.030303,0.034702,0.18964,0.45015,0.75024,0.87537,0.67498,0.28495,0.0043988,-0.085533,-0.09042,-0.095308,-0.095308,-0.1002,-0.095308,-0.095308,-0.095308,-0.085533,-0.080645,-0.075269,-0.065494,-0.060606,-0.05523,-0.050342,-0.045455,-0.040567,-0.030303,-0.020528,-0.015152,-0.0053763,0.0043988,0.01955,0.029814,0.044477,0.049853,0.054741,0.064516,0.07478,0.089932,0.10459,0.11486,0.12463,0.1349,0.13978,0.1349,0.12463,0.11975,0.10459,0.089932,0.07478,0.059629,0.044477,0.034702,0.024438,0.014663,0.0097752,0.0097752,0.0097752,0.0097752,-0.00048876,-0.010264,-0.015152,-0.020528,-0.015152,-0.015152,-0.015152,-0.015152,-0.015152,-0.020528,-0.020528,-0.020528,-0.020528,-0.020528,-0.020528,-0.020528,-0.015152,-0.00048876,0.0097752,0.024438,0.034702,0.044477,0.049853,0.054741,0.044477,0.034702,0.014663,-0.0053763,-0.020528,-0.030303,-0.030303,-0.020528,-0.015152,-0.015152,0.0097752,0.10459,0.28983,0.57527,0.84018,0.90029,0.6002,0.21994,-0.010264,-0.060606,-0.060606,-0.05523,-0.060606,-0.065494,-0.065494,-0.065494,-0.065494,-0.060606,-0.05523,-0.050342,-0.045455,-0.040567,-0.035191,-0.030303,-0.020528,-0.015152,-0.010264,-0.0053763,0.0043988,0.0097752,0.014663,0.014663,0.01955,0.029814,0.039589,0.049853,0.059629,0.069892,0.079668,0.094819,0.10948,0.11975,0.12463,0.12952,0.12463,0.11975,0.10459,0.089932,0.07478,0.064516,0.054741,0.044477,0.034702,0.029814,0.01955,0.0097752,0.0043988,-0.00048876,-0.00048876,-0.00048876,-0.00048876,-0.00048876,-0.00048876,-0.0053763,-0.00048876,-0.00048876,-0.00048876,-0.00048876,-0.00048876,-0.00048876,0.0043988,0.0043988,0.0043988,0.0043988,0.0097752,0.01955,0.039589,0.049853,0.059629,0.064516,0.07478,0.079668,0.079668,0.07478,0.059629,0.039589,0.014663,-0.00048876,-0.010264,-0.010264,-0.0053763,-0.0053763,-0.010264,0.039589,0.16471,0.40469,0.71017,0.90518,0.79521,0.435,0.099707,-0.045455,-0.060606,-0.065494,-0.065494,-0.065494,-0.065494,-0.065494,-0.060606,-0.060606,-0.05523,-0.050342,-0.045455,-0.040567,-0.035191,-0.030303,-0.030303,-0.025415,-0.020528,-0.015152,-0.0053763,0.0097752,0.01955,0.029814,0.044477,0.049853,0.059629,0.069892,0.079668,0.089932,0.099707,0.11486,0.12952,0.13978,0.14956,0.15494,0.15494,0.14467,0.1349,0.11975,0.10948,0.094819,0.079668,0.069892,0.059629,0.044477,0.034702,0.024438,0.01955,0.0097752,0.0043988,0.0043988,0.0043988,-0.00048876,-0.00048876,-0.00048876,-0.010264,-0.010264,-0.010264,-0.0053763,-0.00048876,-0.0053763,-0.0053763,-0.0053763,-0.00048876,-0.00048876,0.0097752,0.01955,0.029814,0.044477,0.049853,0.054741,0.059629,0.064516,0.059629,0.049853,0.029814,0.0043988,-0.015152,-0.030303,-0.035191,-0.035191,-0.030303,-0.025415,-0.030303,0.014663,0.1349,0.3651,0.67009,0.87048,0.77028,0.41496,0.07478,-0.070381,-0.085533,-0.085533,-0.085533,-0.085533,-0.085533,-0.085533,-0.080645,-0.080645,-0.080645,-0.075269,-0.070381,-0.065494,-0.060606,-0.05523,-0.050342,-0.040567,-0.035191,-0.030303,-0.020528,-0.010264,-0.00048876,0.0097752,0.014663,0.029814,0.044477,0.054741,0.064516,0.079668,0.089932,0.10459,0.11486,0.12952,0.13978,0.14467,0.13978,0.1349,0.11975,0.10948,0.089932,0.07478,0.059629,0.044477,0.029814,0.01955,0.0097752,0.0043988,-0.00048876,-0.00048876,-0.0053763,-0.010264,-0.015152,-0.015152,-0.020528,-0.020528,-0.020528,-0.020528,-0.020528,-0.020528,-0.020528,-0.015152,-0.015152,-0.015152,-0.015152,-0.015152,-0.015152,-0.015152,-0.00048876,0.0097752,0.024438,0.029814,0.034702,0.044477,0.049853,0.039589,0.029814,0.0097752,-0.015152,-0.030303,-0.040567,-0.050342,-0.050342,-0.045455,-0.045455,-0.030303,0.034702,0.1999,0.47019,0.7654,0.8651,0.64516,0.26491,-0.00048876,-0.085533,-0.085533,-0.085533,-0.085533,-0.085533,-0.085533,-0.085533,-0.080645,-0.075269,-0.070381,-0.065494,-0.060606,-0.050342,-0.045455,-0.040567,-0.035191,-0.035191,-0.030303,-0.020528,-0.010264,-0.00048876,0.0043988,0.014663,0.024438,0.034702,0.049853,0.059629,0.07478,0.084555,0.094819,0.10948,0.12463,0.1349,0.13978,0.13978,0.1349,0.11975,0.10948,0.094819,0.079668,0.064516,0.054741,0.044477,0.029814,0.024438,0.014663,0.0043988,-0.0053763,-0.010264,-0.015152,-0.015152,-0.020528,-0.020528,-0.020528,-0.025415,-0.030303,-0.030303,-0.030303,-0.030303,-0.030303,-0.030303,-0.030303,-0.030303,-0.030303,-0.030303,-0.030303,-0.020528,-0.0053763,0.0043988,0.01955,0.024438,0.029814,0.034702,0.034702,0.024438,0.0097752,-0.010264,-0.030303,-0.050342,-0.05523,-0.05523,-0.05523,-0.050342,-0.05523,-0.025415,0.064516,0.26002,0.54497,0.80499,0.85044,0.52004,0.14956,-0.060606,-0.1002,-0.1002,-0.1002,-0.10557,-0.10557,-0.10557,-0.10557,-0.1002,-0.095308,-0.095308,-0.085533,-0.080645,-0.075269,-0.065494,-0.060606,-0.050342,-0.045455,-0.035191,-0.030303,-0.020528,-0.010264,-0.00048876,0.0097752,0.01955,0.034702,0.044477,0.054741,0.069892,0.084555,0.094819,0.10948,0.12463,0.13978,0.14467,0.14467,0.1349,0.11975,0.10948,0.089932,0.07478,0.059629,0.044477,0.034702,0.024438,0.014663,0.0097752,0.0043988,-0.00048876,-0.00048876,-0.010264,-0.010264,-0.015152,-0.015152,-0.015152,-0.015152,-0.015152,-0.015152,-0.015152,-0.020528,-0.020528,-0.015152,-0.015152,-0.015152,-0.015152,-0.010264,-0.0053763,0.0043988,0.014663,0.024438,0.034702,0.039589,0.044477,0.054741,0.059629,0.054741,0.044477,0.01955,-0.00048876,-0.020528,-0.030303,-0.030303,-0.025415,-0.020528,-0.020528,0.0097752,0.12952,0.35973,0.66031,0.88514,0.89541,0.5,0.13978,-0.045455,-0.080645,-0.085533,-0.085533,-0.085533,-0.085533,-0.080645,-0.080645,-0.075269,-0.065494,-0.060606,-0.05523,-0.05523,-0.050342,-0.040567,-0.040567,-0.030303,-0.020528,-0.015152,-0.010264,-0.00048876,0.014663,0.024438,0.029814,0.039589,0.049853,0.059629,0.069892,0.079668,0.094819,0.11486,0.12952,0.14467,0.15494,0.15982,0.15982,0.15494,0.14467,0.12952,0.11486,0.094819,0.079668,0.064516,0.049853,0.039589,0.034702,0.024438,0.01955,0.014663,0.014663,0.0097752,0.0097752,0.0043988,0.0043988,0.0043988,-0.00048876,-0.00048876,-0.00048876,-0.00048876,-0.00048876,-0.00048876,-0.00048876,-0.00048876,-0.00048876,-0.00048876,0.0043988,0.014663,0.029814,0.049853,0.054741,0.059629,0.064516,0.069892,0.07478,0.064516,0.054741,0.034702,0.0097752,-0.010264,-0.015152,-0.015152,-0.015152,-0.015152,-0.015152,0.0043988,0.089932,0.28006,0.57527,0.84018,0.90029,0.6002,0.21994,-0.010264,-0.065494,-0.060606,-0.065494,-0.065494,-0.065494,-0.065494,-0.065494,-0.065494,-0.065494,-0.05523,-0.050342,-0.045455,-0.035191,-0.030303,-0.025415,-0.020528,-0.015152,-0.010264,-0.00048876,0.0043988,0.014663,0.024438,0.034702,0.044477,0.059629,0.07478,0.089932,0.099707,0.10948,0.11975,0.1349,0.14467,0.15494,0.15982,0.15494,0.14467,0.1349,0.11975,0.10948,0.089932,0.07478,0.054741,0.044477,0.034702,0.024438,0.024438,0.01955,0.014663,0.014663,0.0097752,0.0043988,-0.00048876,-0.00048876,-0.0053763,-0.0053763,-0.0053763,-0.00048876,-0.00048876,-0.0053763,-0.0053763,-0.00048876,-0.00048876,0.0043988,0.0043988,0.0043988,0.0097752,0.024438,0.039589,0.049853,0.054741,0.064516,0.069892,0.07478,0.069892,0.064516,0.044477,0.024438,0.0043988,-0.010264,-0.015152,-0.015152,-0.010264,-0.010264,-0.015152,0.034702,0.16471,0.41007,0.71505,0.89052,0.7654,0.3998,0.07478,-0.060606,-0.070381,-0.065494,-0.070381,-0.075269,-0.070381,-0.070381,-0.070381,-0.065494,-0.060606,-0.05523,-0.050342,-0.050342,-0.040567,-0.035191,-0.030303,-0.020528,-0.015152,-0.0053763,-0.00048876,0.0043988,0.014663,0.029814,0.044477,0.049853,0.059629,0.069892,0.084555,0.099707,0.10948,0.12463,0.13978,0.14956,0.15494,0.15982,0.15494,0.13978,0.12952,0.11486,0.099707,0.089932,0.069892,0.054741,0.044477,0.039589,0.034702,0.029814,0.01955,0.014663,0.014663,0.0097752,0.0097752,0.0097752,0.0097752,0.0097752,0.0043988,-0.00048876,-0.00048876,-0.00048876,-0.00048876,-0.00048876,-0.00048876,-0.00048876,-0.00048876,0.0043988,0.0043988,0.0097752,0.014663,0.024438,0.039589,0.049853,0.054741,0.059629,0.064516,0.054741,0.044477,0.029814,0.0097752,-0.010264,-0.020528,-0.025415,-0.025415,-0.020528,-0.020528,-0.020528,0.01955,0.13978,0.38514,0.69013,0.88514,0.78006,0.41496,0.079668,-0.065494,-0.080645,-0.075269,-0.075269,-0.075269,-0.075269,-0.075269,-0.075269,-0.070381,-0.065494,-0.065494,-0.060606,-0.060606,-0.05523,-0.050342,-0.045455,-0.040567,-0.035191,-0.030303,-0.020528,-0.015152,-0.00048876,0.0097752,0.024438,0.029814,0.044477,0.049853,0.059629,0.069892,0.079668,0.094819,0.10948,0.11975,0.1349,0.1349,0.1349,0.12463,0.10948,0.094819,0.079668,0.069892,0.054741,0.044477,0.029814,0.024438,0.024438,0.014663,0.0043988,-0.00048876,-0.010264,-0.015152,-0.015152,-0.015152,-0.020528,-0.020528,-0.020528,-0.015152,-0.020528,-0.020528,-0.020528,-0.020528,-0.025415,-0.025415,-0.025415,-0.020528,-0.015152,-0.010264,-0.00048876,0.014663,0.024438,0.029814,0.034702,0.039589,0.049853,0.054741,0.054741,0.044477,0.024438,0.0043988,-0.015152,-0.025415,-0.030303,-0.030303,-0.030303,-0.030303,-0.020528,0.054741,0.22972,0.50978,0.81036,0.92033,0.69013,0.3001,0.014663,-0.075269,-0.080645,-0.080645,-0.080645,-0.080645,-0.085533,-0.080645,-0.080645,-0.075269,-0.070381,-0.065494,-0.060606,-0.05523,-0.050342,-0.040567,-0.040567,-0.030303,-0.015152,-0.0053763,0.0043988,0.0097752,0.014663,0.01955,0.029814,0.039589,0.049853,0.059629,0.069892,0.079668,0.094819,0.10948,0.12463,0.13978,0.14467,0.14956,0.14467,0.13978,0.12463,0.11486,0.099707,0.079668,0.069892,0.054741,0.049853,0.034702,0.029814,0.014663,0.0097752,0.0043988,0.0043988,-0.00048876,-0.010264,-0.015152,-0.015152,-0.015152,-0.015152,-0.015152,-0.010264,-0.015152,-0.015152,-0.015152,-0.010264,-0.010264,-0.010264,-0.010264,-0.0053763,-0.00048876,0.0097752,0.024438,0.034702,0.044477,0.049853,0.054741,0.059629,0.049853,0.039589,0.01955,-0.0053763,-0.025415,-0.035191,-0.035191,-0.030303,-0.030303,-0.030303,-0.015152,0.069892,0.26002,0.54985,0.82502,0.88514,0.58504,0.20479,-0.030303,-0.085533,-0.085533,-0.085533,-0.09042,-0.085533,-0.085533,-0.085533,-0.085533,-0.075269,-0.070381,-0.065494,-0.060606,-0.05523,-0.050342,-0.045455,-0.040567,-0.035191,-0.020528,-0.015152,-0.0053763,0.0043988,0.0097752,0.01955,0.029814,0.044477,0.054741,0.064516,0.07478,0.084555,0.094819,0.10948,0.11975,0.1349,0.13978,0.14467,0.13978,0.12463,0.11486,0.094819,0.079668,0.064516,0.049853,0.034702,0.024438,0.014663,0.0043988,-0.00048876,-0.0053763,-0.015152,-0.020528,-0.025415,-0.030303,-0.030303,-0.035191,-0.035191,-0.040567,-0.045455,-0.045455,-0.045455,-0.040567,-0.040567,-0.035191,-0.030303,-0.030303,-0.030303,-0.030303,-0.020528,-0.0053763,0.0043988,0.014663,0.01955,0.029814,0.029814,0.029814,0.01955,0.0043988,-0.020528,-0.040567,-0.05523,-0.060606,-0.060606,-0.060606,-0.060606,-0.065494,-0.030303,0.079668,0.3001,0.60508,0.83529,0.84018,0.43011,0.079668,-0.09042,-0.11046,-0.11046,-0.11046,-0.11046,-0.11535,-0.11046,-0.11046,-0.10557,-0.10557,-0.1002,-0.1002,-0.095308,-0.095308,-0.085533,-0.080645,-0.065494,-0.060606,-0.050342,-0.045455,-0.040567,-0.030303,-0.015152,-0.0053763,0.0043988,0.01955,0.029814,0.044477,0.054741,0.064516,0.079668,0.094819,0.10948,0.11486,0.11975,0.11975,0.10948,0.099707,0.084555,0.069892,0.054741,0.039589,0.024438,0.0097752,0.0043988,-0.010264,-0.015152,-0.020528,-0.025415,-0.035191,-0.040567,-0.040567,-0.045455,-0.045455,-0.050342,-0.050342,-0.05523,-0.050342,-0.050342,-0.050342,-0.050342,-0.050342,-0.050342,-0.050342,-0.045455,-0.040567,-0.040567,-0.035191,-0.020528,-0.010264,-0.00048876,0.0043988,0.014663,0.024438,0.01955,0.0097752,-0.00048876,-0.025415,-0.050342,-0.060606,-0.070381,-0.070381,-0.070381,-0.065494,-0.065494,-0.035191,0.079668,0.30499,0.60508,0.82502,0.83529,0.42473,0.07478,-0.09042,-0.11535,-0.11046,-0.11535,-0.11535,-0.11535,-0.11046,-0.11046,-0.10557,-0.10557,-0.1002,-0.095308,-0.085533,-0.080645,-0.075269,-0.070381,-0.065494,-0.05523,-0.045455,-0.035191,-0.030303,-0.020528,-0.010264,-0.00048876,0.0097752,0.024438,0.039589,0.049853,0.064516,0.069892,0.079668,0.094819,0.10459,0.11486,0.11975,0.12463,0.11486,0.099707,0.089932,0.069892,0.054741,0.039589,0.029814,0.014663,0.0097752,0.0043988,-0.00048876,-0.010264,-0.020528,-0.025415,-0.030303,-0.035191,-0.035191,-0.040567,-0.040567,-0.045455,-0.050342,-0.045455,-0.045455,-0.045455,-0.040567,-0.040567,-0.040567,-0.040567,-0.040567,-0.040567,-0.035191,-0.025415,-0.0053763,0.0043988,0.0097752,0.014663,0.024438,0.029814,0.029814,0.024438,0.0097752,-0.010264,-0.030303,-0.045455,-0.050342,-0.050342,-0.045455,-0.040567,-0.050342,-0.00048876,0.1349,0.38514,0.68524,0.86022,0.73021,0.35973,0.034702,-0.1002,-0.11046,-0.10557,-0.11046,-0.11046,-0.10557,-0.1002,-0.1002,-0.095308,-0.095308,-0.085533,-0.080645,-0.075269,-0.065494,-0.060606,-0.05523,-0.050342,-0.040567,-0.035191,-0.025415,-0.015152,-0.010264,0.0043988,0.0097752,0.024438,0.034702,0.044477,0.054741,0.064516,0.07478,0.089932,0.10459,0.11975,0.12463,0.1349,0.1349,0.12463,0.11486,0.099707,0.089932,0.07478,0.064516,0.049853,0.039589,0.029814,0.01955,0.014663,0.0097752,0.0043988,-0.00048876,-0.00048876,-0.0053763,-0.010264,-0.010264,-0.010264,-0.010264,-0.010264,-0.010264,-0.010264,-0.010264,-0.010264,-0.0053763,-0.00048876,-0.00048876,0.0043988,0.0043988,0.0043988,0.01955,0.034702,0.049853,0.054741,0.064516,0.069892,0.07478,0.069892,0.059629,0.044477,0.024438,0.0043988,-0.010264,-0.015152,-0.015152,-0.010264,-0.0053763,-0.010264,0.064516,0.22972,0.49511,0.79032,0.90518,0.70039,0.30987,0.029814,-0.060606,-0.065494,-0.060606,-0.070381,-0.070381,-0.070381,-0.070381,-0.065494,-0.065494,-0.060606,-0.05523,-0.050342,-0.045455,-0.035191,-0.035191,-0.030303,-0.020528,-0.010264,-0.00048876,0.0097752,0.01955,0.029814,0.039589,0.049853,0.059629,0.069892,0.07478,0.089932,0.099707,0.11486,0.12463,0.1349,0.14956,0.15982,0.16471,0.15982,0.14956,0.1349,0.12463,0.10948,0.094819,0.07478,0.064516,0.054741,0.044477,0.039589,0.034702,0.029814,0.024438,0.01955,0.014663,0.014663,0.0097752,0.0097752,0.0097752,0.0097752,0.0043988,0.0043988,0.0043988,0.0043988,0.0043988,0.0043988,0.0043988,0.0043988,0.0097752,0.0097752,0.024438,0.039589,0.049853,0.054741,0.064516,0.069892,0.079668,0.079668,0.069892,0.059629,0.039589,0.0097752,-0.0053763,-0.010264,-0.010264,-0.010264,-0.0053763,-0.010264,0.014663,0.11975,0.32502,0.63001,0.87537,0.90518,0.52981,0.15982,-0.030303,-0.060606,-0.060606,-0.065494,-0.065494,-0.065494,-0.065494,-0.065494,-0.060606,-0.060606,-0.05523,-0.050342,-0.040567,-0.035191,-0.030303,-0.020528,-0.015152,-0.010264,-0.00048876,0.0043988,0.0097752,0.01955,0.029814,0.044477,0.054741,0.064516,0.079668,0.089932,0.099707,0.11486,0.12952,0.14467,0.15494,0.15982,0.16471,0.15982,0.15494,0.13978,0.12463,0.10948,0.094819,0.079668,0.069892,0.059629,0.049853,0.039589,0.029814,0.024438,0.01955,0.014663,0.014663,0.0097752,0.0043988,0.0043988,0.0043988,-0.00048876,-0.00048876,-0.0053763,-0.0053763,-0.00048876,-0.00048876,-0.00048876,-0.00048876,0.0043988,0.0097752,0.0097752,0.0097752,0.014663,0.029814,0.044477,0.054741,0.064516,0.069892,0.07478,0.07478,0.064516,0.049853,0.024438,0.0043988,-0.010264,-0.015152,-0.015152,-0.015152,-0.010264,-0.015152,0.0097752,0.10948,0.30987,0.60508,0.86022,0.90029,0.53519,0.16471,-0.030303,-0.075269,-0.070381,-0.075269,-0.075269,-0.075269,-0.070381,-0.065494,-0.060606,-0.05523,-0.05523,-0.050342,-0.045455,-0.040567,-0.035191,-0.030303,-0.025415,-0.015152,-0.010264,-0.00048876,0.0097752,0.01955,0.029814,0.039589,0.049853,0.064516,0.069892,0.084555,0.094819,0.10948,0.11975,0.1349,0.14467,0.15982,0.16471,0.15982,0.15494,0.13978,0.12952,0.11486,0.099707,0.079668,0.064516,0.054741,0.049853,0.039589,0.029814,0.029814,0.024438,0.01955,0.014663,0.0097752,0.0097752,0.0043988,-0.00048876,-0.00048876,-0.00048876,-0.00048876,-0.00048876,0.0043988,0.0043988,0.0043988,0.0043988,0.0043988,0.0043988,0.0043988,0.0097752,0.01955,0.029814,0.044477,0.049853,0.054741,0.064516,0.069892,0.07478,0.064516,0.054741,0.034702,0.0097752,-0.010264,-0.015152,-0.020528,-0.020528,-0.015152,-0.015152,-0.00048876,0.064516,0.23998,0.52004,0.8001,0.87537,0.62512,0.24976,-0.00048876,-0.070381,-0.075269,-0.070381,-0.075269,-0.075269,-0.075269,-0.075269,-0.070381,-0.065494,-0.060606,-0.05523,-0.050342,-0.045455,-0.035191,-0.030303,-0.020528,-0.015152,-0.010264,-0.00048876,0.0043988,0.0097752,0.01955,0.029814,0.044477,0.054741,0.064516,0.07478,0.089932,0.099707,0.10948,0.11975,0.1349,0.14467,0.14467,0.15494,0.14467,0.1349,0.11975,0.10459,0.089932,0.07478,0.059629,0.049853,0.044477,0.034702,0.029814,0.024438,0.014663,0.0097752,0.0043988,0.0043988,-0.00048876,-0.00048876,-0.0053763,-0.010264,-0.015152,-0.015152,-0.010264,-0.010264,-0.010264,-0.010264,-0.010264,-0.010264,-0.010264,-0.010264,-0.0053763,-0.00048876,0.0097752,0.024438,0.034702,0.044477,0.049853,0.049853,0.054741,0.054741,0.049853,0.034702,0.0097752,-0.010264,-0.015152,-0.020528,-0.020528,-0.020528,-0.020528,-0.020528,0.034702,0.18964,0.44477,0.74536,0.90518,0.75513,0.37488,0.054741,-0.070381,-0.085533,-0.080645,-0.080645,-0.085533,-0.085533,-0.085533,-0.080645,-0.080645,-0.075269,-0.075269,-0.070381,-0.060606,-0.05523,-0.045455,-0.035191,-0.030303,-0.020528,-0.010264,-0.00048876,0.0097752,0.01955,0.029814,0.039589,0.049853,0.054741,0.069892,0.079668,0.089932,0.099707,0.11486,0.12952,0.14467,0.15494,0.15982,0.15494,0.14467,0.1349,0.11975,0.10459,0.089932,0.069892,0.054741,0.044477,0.034702,0.024438,0.014663,0.0097752,0.0097752,0.0097752,0.0043988,-0.00048876,-0.0053763,-0.010264,-0.010264,-0.010264,-0.010264,-0.010264,-0.010264,-0.010264,-0.010264,-0.015152,-0.010264,-0.010264,-0.0053763,-0.00048876,0.0043988,0.01955,0.034702,0.044477,0.054741,0.059629,0.064516,0.064516,0.054741,0.039589,0.01955,-0.00048876,-0.015152,-0.025415,-0.030303,-0.030303,-0.020528,-0.020528,-0.0053763,0.079668,0.26002,0.54985,0.8304,0.89052,0.59531,0.20968,-0.030303,-0.085533,-0.080645,-0.080645,-0.080645,-0.080645,-0.080645,-0.075269,-0.075269,-0.075269,-0.065494,-0.060606,-0.05523,-0.050342,-0.040567,-0.035191,-0.030303,-0.025415,-0.015152,-0.00048876,0.0043988,0.0097752,0.024438,0.029814,0.039589,0.049853,0.064516,0.07478,0.084555,0.094819,0.10948,0.12463,0.1349,0.14467,0.15494,0.15494,0.14467,0.1349,0.11975,0.10459,0.089932,0.079668,0.064516,0.049853,0.044477,0.034702,0.024438,0.014663,0.0097752,0.0043988,-0.00048876,-0.00048876,-0.010264,-0.015152,-0.015152,-0.015152,-0.015152,-0.015152,-0.015152,-0.015152,-0.015152,-0.010264,-0.010264,-0.010264,-0.0053763,-0.0053763,-0.0053763,0.0043988,0.01955,0.034702,0.044477,0.049853,0.059629,0.064516,0.064516,0.054741,0.039589,0.01955,-0.00048876,-0.015152,-0.025415,-0.025415,-0.020528,-0.020528,-0.025415,-0.0053763,0.089932,0.28006,0.57527,0.84018,0.89052,0.54985,0.17498,-0.040567,-0.080645,-0.080645,-0.080645,-0.080645,-0.075269,-0.075269,-0.075269,-0.070381,-0.065494,-0.065494,-0.060606,-0.05523,-0.050342,-0.040567,-0.035191,-0.030303,-0.020528,-0.015152,-0.0053763,0.0043988,0.0097752,0.01955,0.029814,0.039589,0.049853,0.064516,0.07478,0.089932,0.099707,0.11486,0.12463,0.13978,0.14467,0.15494,0.15494,0.14467,0.1349,0.11486,0.099707,0.084555,0.069892,0.054741,0.044477,0.034702,0.029814,0.01955,0.014663,0.0097752,0.0043988,0.0043988,-0.00048876,-0.0053763,-0.010264,-0.010264,-0.010264,-0.010264,-0.010264,-0.010264,-0.010264,-0.015152,-0.015152,-0.015152,-0.015152,-0.015152,-0.010264,-0.0053763,-0.00048876,0.0097752,0.024438,0.034702,0.044477,0.049853,0.054741,0.064516,0.054741,0.044477,0.024438,0.0043988,-0.015152,-0.020528,-0.020528,-0.025415,-0.020528,-0.025415,-0.010264,0.064516,0.2346,0.51515,0.8001,0.88025,0.62512,0.24976,-0.00048876,-0.075269,-0.075269,-0.080645,-0.080645,-0.080645,-0.080645,-0.080645,-0.075269,-0.075269,-0.065494,-0.060606,-0.05523,-0.050342,-0.045455,-0.040567,-0.035191,-0.030303,-0.015152,-0.010264,-0.00048876,-0.00048876,0.0097752,0.014663,0.029814,0.044477,0.054741,0.069892,0.079668,0.094819,0.10459,0.11975,0.1349,0.13978,0.14467,0.14467,0.13978,0.12952,0.11486,0.099707,0.079668,0.064516,0.049853,0.034702,0.029814,0.024438,0.01955,0.014663,0.0097752,0.0043988,0.0043988,-0.00048876,-0.010264,-0.015152,-0.015152,-0.015152,-0.015152,-0.020528,-0.020528,-0.020528,-0.015152,-0.015152,-0.015152,-0.010264,-0.010264,-0.010264,-0.0053763,-0.00048876,0.0097752,0.024438,0.034702,0.039589,0.044477,0.049853,0.054741,0.049853,0.039589,0.01955,-0.0053763,-0.020528,-0.030303,-0.030303,-0.030303,-0.020528,-0.025415,-0.015152,0.064516,0.25464,0.54008,0.81525,0.88025,0.6002,0.21994,-0.025415,-0.085533,-0.085533,-0.085533,-0.09042,-0.095308,-0.09042,-0.085533,-0.080645,-0.080645,-0.080645,-0.075269,-0.075269,-0.065494,-0.060606,-0.050342,-0.045455,-0.035191,-0.030303,-0.020528,-0.010264,-0.00048876,0.0043988,0.014663,0.024438,0.034702,0.044477,0.059629,0.069892,0.07478,0.089932,0.099707,0.11486,0.12463,0.1349,0.1349,0.12463,0.11486,0.099707,0.089932,0.07478,0.059629,0.044477,0.034702,0.024438,0.014663,0.0097752,0.0043988,-0.00048876,-0.010264,-0.015152,-0.020528,-0.025415,-0.030303,-0.030303,-0.030303,-0.035191,-0.035191,-0.040567,-0.040567,-0.040567,-0.040567,-0.040567,-0.040567,-0.040567,-0.040567,-0.035191,-0.030303,-0.020528,-0.0053763,0.0043988,0.0097752,0.014663,0.024438,0.029814,0.029814,0.014663,-0.00048876,-0.020528,-0.045455,-0.060606,-0.060606,-0.060606,-0.05523,-0.060606,-0.05523,0.0097752,0.15982,0.41496,0.71505,0.8651,0.69501,0.31476,0.0043988,-0.1002,-0.11046,-0.11046,-0.11535,-0.12023,-0.12023,-0.12023,-0.11535,-0.11046,-0.10557,-0.1002,-0.095308,-0.095308,-0.085533,-0.080645,-0.070381,-0.065494,-0.060606,-0.05523,-0.045455,-0.035191,-0.020528,-0.015152,-0.00048876,0.0043988,0.01955,0.029814,0.044477,0.054741,0.069892,0.079668,0.094819,0.10948,0.11486,0.11975,0.11486,0.10948,0.099707,0.084555,0.069892,0.049853,0.034702,0.024438,0.014663,0.0043988,-0.0053763,-0.015152,-0.020528,-0.025415,-0.030303,-0.035191,-0.035191,-0.035191,-0.040567,-0.040567,-0.040567,-0.040567,-0.040567,-0.040567,-0.040567,-0.040567,-0.040567,-0.040567,-0.040567,-0.035191,-0.035191,-0.020528,-0.0053763,0.0097752,0.014663,0.024438,0.029814,0.034702,0.034702,0.024438,0.0097752,-0.0053763,-0.030303,-0.050342,-0.05523,-0.05523,-0.050342,-0.050342,-0.050342,-0.025415,0.07478,0.28495,0.59531,0.85044,0.88025,0.5,0.12463,-0.070381,-0.10557,-0.1002,-0.10557,-0.10557,-0.10557,-0.1002,-0.1002,-0.1002,-0.095308,-0.095308,-0.085533,-0.080645,-0.080645,-0.070381,-0.060606,-0.05523,-0.045455,-0.035191,-0.030303,-0.020528,-0.020528,-0.010264,0.0043988,0.014663,0.029814,0.044477,0.054741,0.069892,0.079668,0.089932,0.10459,0.11975,0.12463,0.1349,0.1349,0.12463,0.10948,0.094819,0.079668,0.064516,0.054741,0.034702,0.01955,0.0043988,0.0043988,0.0043988,-0.00048876,-0.010264,-0.015152,-0.015152,-0.020528,-0.025415,-0.025415,-0.025415,-0.030303,-0.035191,-0.035191,-0.035191,-0.030303,-0.030303,-0.030303,-0.030303,-0.025415,-0.025415,-0.020528,-0.020528,-0.010264,0.0043988,0.01955,0.029814,0.034702,0.039589,0.049853,0.049853,0.039589,0.024438,0.0043988,-0.015152,-0.035191,-0.040567,-0.040567,-0.040567,-0.040567,-0.035191,-0.015152,0.064516,0.24976,0.54497,0.82502,0.89052,0.58504,0.20479,-0.030303,-0.09042,-0.085533,-0.085533,-0.09042,-0.09042,-0.085533,-0.085533,-0.080645,-0.075269,-0.075269,-0.075269,-0.065494,-0.060606,-0.05523,-0.050342,-0.045455,-0.035191,-0.030303,-0.020528,-0.015152,-0.0053763,0.0043988,0.014663,0.029814,0.044477,0.059629,0.069892,0.079668,0.089932,0.10459,0.11486,0.12952,0.13978,0.14467,0.14467,0.13978,0.12952,0.11486,0.099707,0.079668,0.064516,0.049853,0.039589,0.029814,0.024438,0.014663,0.0043988,-0.00048876,-0.0053763,-0.010264,-0.010264,-0.015152,-0.015152,-0.015152,-0.015152,-0.015152,-0.015152,-0.015152,-0.015152,-0.015152,-0.020528,-0.015152,-0.015152,-0.015152,-0.015152,-0.010264,-0.0053763,0.0043988,0.01955,0.029814,0.034702,0.044477,0.049853,0.054741,0.049853,0.039589,0.01955,-0.00048876,-0.020528,-0.035191,-0.040567,-0.040567,-0.035191,-0.035191,-0.040567,0.0043988,0.1349,0.37488,0.68035,0.87537,0.7654,0.40469,0.064516,-0.075269,-0.085533,-0.080645,-0.080645,-0.080645,-0.080645,-0.080645,-0.080645,-0.075269,-0.075269,-0.065494,-0.060606,-0.05523,-0.050342,-0.040567,-0.030303,-0.020528,-0.015152,-0.0053763,0.0043988,0.0097752,0.014663,0.024438,0.034702,0.049853,0.059629,0.069892,0.079668,0.089932,0.099707,0.11486,0.12463,0.13978,0.14467,0.14956,0.14467,0.13978,0.12463,0.11486,0.099707,0.084555,0.069892,0.059629,0.049853,0.039589,0.029814,0.014663,0.0097752,0.0043988,-0.00048876,-0.00048876,-0.0053763,-0.010264,-0.010264,-0.015152,-0.015152,-0.020528,-0.020528,-0.015152,-0.015152,-0.015152,-0.015152,-0.015152,-0.010264,-0.010264,-0.010264,-0.00048876,-0.00048876,0.0097752,0.01955,0.029814,0.034702,0.044477,0.059629,0.069892,0.069892,0.064516,0.054741,0.029814,0.0043988,-0.015152,-0.020528,-0.020528,-0.020528,-0.025415,-0.030303,0.029814,0.1696,0.42473,0.73998,0.93011,0.79521,0.41984,0.084555,-0.05523,-0.070381,-0.065494,-0.070381,-0.075269,-0.075269,-0.075269,-0.075269,-0.070381,-0.065494,-0.065494,-0.065494,-0.060606,-0.05523,-0.050342,-0.040567,-0.035191,-0.025415,-0.020528,-0.020528,-0.020528,-0.010264,-0.00048876,0.0097752,0.014663,0.029814,0.039589,0.049853,0.059629,0.069892,0.089932,0.10459,0.11486,0.12463,0.12952,0.12463,0.11975,0.10948,0.099707,0.084555,0.069892,0.054741,0.049853,0.034702,0.024438,0.01955,0.0097752,0.0043988,0.0043988,-0.00048876,-0.00048876,-0.0053763,-0.010264,-0.015152,-0.015152,-0.020528,-0.020528,-0.020528,-0.020528,-0.015152,-0.015152,-0.015152,-0.015152,-0.015152,-0.015152,-0.015152,-0.010264,-0.00048876,0.0097752,0.024438,0.034702,0.039589,0.044477,0.054741,0.059629,0.054741,0.044477,0.024438,-0.00048876,-0.020528,-0.030303,-0.035191,-0.035191,-0.030303,-0.030303,-0.020528,0.054741,0.22483,0.5,0.79032,0.88514,0.66031,0.26979,-0.00048876,-0.085533,-0.085533,-0.085533,-0.09042,-0.085533,-0.085533,-0.080645,-0.075269,-0.075269,-0.070381,-0.065494,-0.060606,-0.05523,-0.050342,-0.045455,-0.040567,-0.035191,-0.030303,-0.015152,-0.0053763,0.0043988,0.014663,0.024438,0.029814,0.039589,0.049853,0.059629,0.07478,0.084555,0.099707,0.10948,0.11975,0.15494,0.28006,0.41496,0.46481,0.26002,-0.27566,-0.4609,-0.17546,-0.015152,0.01955,0.029814,0.01955,0.0097752,-0.00048876,-0.00048876,-0.0053763,-0.010264,-0.010264,-0.015152,-0.020528,-0.025415,-0.025415,-0.025415,-0.020528,-0.015152,-0.020528,-0.020528,-0.020528,-0.020528,-0.020528,-0.015152,-0.015152,-0.015152,-0.015152,-0.010264,-0.00048876,0.0097752,0.024438,0.034702,0.044477,0.054741,0.064516,0.064516,0.054741,0.039589,0.01955,-0.00048876,-0.015152,-0.025415,-0.020528,-0.020528,-0.015152,-0.020528,0.014663,0.12463,0.34506,0.65005,0.87537,0.88514,0.47996,0.11975,-0.060606,-0.085533,-0.085533,-0.080645,-0.080645,-0.080645,-0.080645,-0.080645,-0.075269,-0.070381,-0.065494,-0.060606,-0.060606,-0.05523,-0.045455,-0.035191,-0.030303,-0.025415,-0.015152,-0.0053763,-0.00048876,0.0097752,0.014663,0.029814,0.039589,0.049853,0.064516,0.07478,0.089932,0.099707,0.11486,0.12463,0.1349,0.14467,0.15494,0.15982,0.14956,0.13978,0.11975,0.10459,0.089932,0.07478,0.064516,0.049853,0.034702,0.029814,0.024438,0.014663,0.0097752,0.0043988,-0.00048876,-0.0053763,-0.010264,-0.0053763,0.0043988,0.0097752,0.0097752,0.0097752,0.029814,0.034702,0.0043988,-0.010264,-0.015152,0.01955,0.12463,0.21457,0.12952,0.0097752,-0.010264,0.024438,0.044477,0.054741,0.054741,0.064516,0.069892,0.064516,0.054741,0.044477,0.024438,0.0043988,-0.010264,-0.015152,-0.015152,-0.015152,-0.020528,-0.020528,0.01955,0.14467,0.36999,0.67009,0.87048,0.78006,0.43011,0.084555,-0.070381,-0.095308,-0.085533,-0.085533,-0.080645,-0.080645,-0.080645,-0.080645,-0.080645,-0.075269,-0.065494,-0.060606,-0.050342,-0.045455,-0.040567,-0.035191,-0.030303,-0.020528,-0.015152,-0.00048876,0.0043988,0.0097752,0.01955,0.034702,0.044477,0.054741,0.069892,0.079668,0.089932,0.099707,0.11486,0.12463,0.13978,0.14467,0.15494,0.14956,0.13978,0.12952,0.11486,0.099707,0.084555,0.069892,0.059629,0.049853,0.039589,0.034702,0.024438,0.01955,0.014663,0.0097752,0.0043988,-0.00048876,-0.0053763,-0.010264,-0.015152,-0.015152,-0.015152,-0.015152,-0.015152,-0.015152,-0.015152,-0.010264,-0.010264,-0.015152,-0.015152,-0.015152,-0.015152,-0.010264,-0.00048876,0.01955,0.029814,0.039589,0.044477,0.049853,0.054741,0.054741,0.044477,0.029814,0.0097752,-0.010264,-0.020528,-0.030303,-0.030303,-0.025415,-0.030303,-0.025415,0.024438,0.15982,0.41007,0.70528,0.88514,0.75513,0.39492,0.064516,-0.075269,-0.09042,-0.080645,-0.080645,-0.085533,-0.085533,-0.080645,-0.080645,-0.075269,-0.075269,-0.070381,-0.065494,-0.060606,-0.050342,-0.045455,-0.040567,-0.030303,-0.020528,-0.010264,-0.00048876,0.0043988,0.014663,0.01955,0.029814,0.034702,0.049853,0.064516,0.07478,0.084555,0.094819,0.11486,0.12952,0.13978,0.15494,0.15982,0.15494,0.14467,0.1349,0.11486,0.099707,0.084555,0.069892,0.059629,0.049853,0.034702,0.029814,0.01955,0.014663,0.0043988,-0.00048876,-0.010264,-0.010264,-0.015152,-0.015152,-0.015152,-0.010264,-0.015152,-0.015152,-0.015152,-0.015152,-0.015152,-0.015152,-0.015152,-0.015152,-0.010264,-0.010264,-0.0053763,0.0043988,0.014663,0.029814,0.034702,0.044477,0.049853,0.064516,0.069892,0.054741,0.044477,0.024438,0.0043988,-0.015152,-0.030303,-0.030303,-0.030303,-0.030303,-0.030303,-0.025415,0.034702,0.1999,0.46481,0.76002,0.88025,0.69013,0.30987,0.014663,-0.09042,-0.095308,-0.085533,-0.085533,-0.085533,-0.085533,-0.080645,-0.080645,-0.075269,-0.070381,-0.065494,-0.060606,-0.05523,-0.050342,-0.045455,-0.035191,-0.030303,-0.020528,-0.010264,-0.00048876,0.0097752,0.014663,0.024438,0.039589,0.049853,0.064516,0.07478,0.084555,0.094819,0.10459,0.11486,0.12952,0.13978,0.14467,0.14467,0.13978,0.1349,0.11975,0.10459,0.089932,0.07478,0.054741,0.044477,0.034702,0.029814,0.024438,0.014663,0.0043988,-0.00048876,-0.010264,-0.010264,-0.010264,-0.015152,-0.015152,-0.020528,-0.015152,-0.015152,-0.015152,-0.015152,-0.015152,-0.020528,-0.020528,-0.015152,-0.015152,-0.015152,-0.015152,-0.015152,-0.00048876,0.0097752,0.024438,0.029814,0.034702,0.044477,0.049853,0.049853,0.039589,0.024438,0.0043988,-0.015152,-0.025415,-0.035191,-0.035191,-0.035191,-0.030303,-0.030303,-0.00048876,0.10459,0.31476,0.62023,0.85533,0.88025,0.47996,0.11975,-0.070381,-0.1002,-0.095308,-0.095308,-0.095308,-0.09042,-0.09042,-0.085533,-0.080645,-0.080645,-0.075269,-0.070381,-0.060606,-0.05523,-0.050342,-0.045455,-0.040567,-0.035191,-0.025415,-0.015152,-0.0053763,-0.00048876,0.0097752,0.01955,0.034702,0.049853,0.059629,0.069892,0.084555,0.094819,0.10948,0.11975,0.1349,0.13978,0.14467,0.14467,0.1349,0.11975,0.10948,0.089932,0.07478,0.059629,0.044477,0.034702,0.024438,0.01955,0.0097752,0.0043988,-0.00048876,-0.0053763,-0.010264,-0.015152,-0.015152,-0.015152,-0.020528,-0.020528,-0.020528,-0.020528,-0.020528,-0.020528,-0.020528,-0.015152,-0.015152,-0.015152,-0.015152,-0.015152,-0.010264,-0.010264,0.0043988,0.014663,0.024438,0.034702,0.034702,0.044477,0.049853,0.049853,0.039589,0.024438,0.0043988,-0.015152,-0.030303,-0.035191,-0.035191,-0.035191,-0.030303,-0.035191,0.014663,0.14467,0.38514,0.68035,0.86022,0.74536,0.39003,0.059629,-0.080645,-0.095308,-0.085533,-0.085533,-0.085533,-0.085533,-0.085533,-0.085533,-0.080645,-0.075269,-0.070381,-0.065494,-0.060606,-0.060606,-0.05523,-0.050342,-0.040567,-0.035191,-0.025415,-0.015152,-0.010264,-0.00048876,0.0097752,0.01955,0.029814,0.039589,0.054741,0.064516,0.07478,0.089932,0.099707,0.11486,0.12463,0.1349,0.1349,0.1349,0.11975,0.10948,0.089932,0.07478,0.054741,0.044477,0.029814,0.01955,0.0097752,0.0043988,-0.00048876,-0.010264,-0.010264,-0.015152,-0.020528,-0.025415,-0.025415,-0.025415,-0.025415,-0.030303,-0.030303,-0.035191,-0.035191,-0.035191,-0.035191,-0.035191,-0.030303,-0.035191,-0.035191,-0.030303,-0.030303,-0.020528,-0.010264,-0.00048876,0.014663,0.024438,0.029814,0.034702,0.039589,0.034702,0.024438,0.0043988,-0.015152,-0.035191,-0.045455,-0.050342,-0.050342,-0.045455,-0.050342,-0.045455,0.0097752,0.15494,0.41496,0.71505,0.86022,0.68035,0.3001,-0.00048876,-0.10557,-0.11535,-0.10557,-0.10557,-0.10557,-0.10557,-0.10557,-0.1002,-0.1002,-0.095308,-0.09042,-0.085533,-0.080645,-0.075269,-0.065494,-0.060606,-0.05523,-0.045455,-0.035191,-0.030303,-0.020528,-0.015152,-0.010264,0.0043988,0.01955,0.029814,0.044477,0.054741,0.064516,0.07478,0.089932,0.099707,0.11486,0.11975,0.12463,0.11975,0.11486,0.099707,0.084555,0.069892,0.054741,0.044477,0.029814,0.014663,0.0097752,0.0043988,-0.0053763,-0.010264,-0.015152,-0.020528,-0.030303,-0.030303,-0.030303,-0.035191,-0.035191,-0.035191,-0.035191,-0.035191,-0.040567,-0.040567,-0.040567,-0.040567,-0.040567,-0.035191,-0.035191,-0.035191,-0.030303,-0.025415,-0.010264,0.0043988,0.014663,0.014663,0.01955,0.024438,0.029814,0.01955,0.0097752,-0.00048876,-0.020528,-0.040567,-0.050342,-0.050342,-0.050342,-0.045455,-0.045455,-0.030303,0.059629,0.25464,0.53519,0.8001,0.8651,0.58993,0.20968,-0.035191,-0.1002,-0.1002,-0.1002,-0.1002,-0.10557,-0.10557,-0.1002,-0.1002,-0.095308,-0.085533,-0.085533,-0.075269,-0.075269,-0.065494,-0.060606,-0.050342,-0.040567,-0.035191,-0.025415,-0.015152,-0.0053763,0.0043988,0.014663,0.024438,0.034702,0.044477,0.054741,0.064516,0.07478,0.089932,0.10459,0.11486,0.12463,0.12952,0.1349,0.1349,0.11975,0.10948,0.094819,0.079668,0.064516,0.049853,0.034702,0.024438,0.014663,0.0097752,-0.00048876,-0.0053763,-0.010264,-0.015152,-0.015152,-0.020528,-0.020528,-0.020528,-0.020528,-0.025415,-0.025415,-0.025415,-0.020528,-0.020528,-0.020528,-0.020528,-0.020528,-0.020528,-0.020528,-0.020528,-0.015152,-0.00048876,0.014663,0.024438,0.034702,0.044477,0.049853,0.049853,0.044477,0.029814,0.0043988,-0.015152,-0.035191,-0.040567,-0.040567,-0.035191,-0.030303,-0.035191,-0.020528,0.064516,0.25464,0.54497,0.81525,0.87537,0.56989,0.18964,-0.045455,-0.10557,-0.095308,-0.09042,-0.09042,-0.09042,-0.09042,-0.085533,-0.080645,-0.075269,-0.075269,-0.070381,-0.065494,-0.060606,-0.05523,-0.050342,-0.040567,-0.030303,-0.020528,-0.015152,-0.0053763,0.0043988,0.0097752,0.01955,0.034702,0.044477,0.054741,0.069892,0.079668,0.094819,0.10459,0.11975,0.1349,0.14467,0.14956,0.15494,0.13978,0.1349,0.11486,0.099707,0.079668,0.064516,0.049853,0.044477,0.034702,0.029814,0.01955,0.014663,0.0097752,0.0043988,-0.00048876,-0.0053763,-0.0053763,-0.010264,-0.015152,-0.020528,-0.020528,-0.020528,-0.020528,-0.015152,-0.015152,-0.015152,-0.010264,-0.010264,-0.010264,-0.010264,-0.010264,-0.0053763,0.0043988,0.01955,0.029814,0.044477,0.049853,0.054741,0.059629,0.054741,0.044477,0.024438,0.0043988,-0.010264,-0.020528,-0.030303,-0.030303,-0.025415,-0.030303,-0.025415,0.01955,0.15494,0.41007,0.71994,0.90029,0.75024,0.37488,0.054741,-0.080645,-0.09042,-0.080645,-0.080645,-0.080645,-0.075269,-0.070381,-0.065494,-0.065494,-0.065494,-0.060606,-0.05523,-0.050342,-0.045455,-0.040567,-0.035191,-0.025415,-0.015152,-0.010264,-0.0053763,0.0043988,0.014663,0.029814,0.039589,0.049853,0.059629,0.069892,0.079668,0.089932,0.10948,0.11975,0.1349,0.14467,0.15494,0.15494,0.14467,0.13978,0.12463,0.10948,0.089932,0.069892,0.064516,0.049853,0.039589,0.029814,0.024438,0.014663,0.0097752,0.0097752,0.0097752,-0.00048876,-0.0053763,-0.010264,-0.010264,-0.010264,-0.010264,-0.010264,-0.010264,-0.010264,-0.015152,-0.015152,-0.015152,-0.010264,-0.010264,-0.010264,-0.010264,-0.0053763,-0.00048876,0.0043988,0.01955,0.029814,0.044477,0.049853,0.059629,0.064516,0.059629,0.049853,0.029814,0.0097752,-0.010264,-0.020528,-0.030303,-0.030303,-0.020528,-0.025415,-0.020528,0.034702,0.17986,0.43011,0.72532,0.88514,0.73509,0.35973,0.044477,-0.080645,-0.085533,-0.075269,-0.075269,-0.075269,-0.080645,-0.075269,-0.075269,-0.065494,-0.065494,-0.060606,-0.05523,-0.050342,-0.040567,-0.035191,-0.030303,-0.025415,-0.015152,-0.0053763,0.0043988,0.0097752,0.014663,0.024438,0.039589,0.054741,0.064516,0.07478,0.089932,0.099707,0.11486,0.12463,0.13978,0.14467,0.14956,0.15494,0.14956,0.13978,0.12952,0.11486,0.099707,0.079668,0.069892,0.059629,0.049853,0.034702,0.029814,0.024438,0.024438,0.014663,0.0097752,0.0043988,0.0043988,0.0043988,-0.00048876,-0.00048876,-0.00048876,-0.0053763,-0.0053763,-0.0053763,-0.00048876,-0.0053763,-0.0053763,-0.0053763,-0.00048876,-0.00048876,-0.00048876,-0.00048876,0.0097752,0.01955,0.034702,0.044477,0.054741,0.054741,0.064516,0.069892,0.064516,0.049853,0.034702,0.014663,-0.00048876,-0.015152,-0.020528,-0.020528,-0.015152,-0.020528,-0.015152,0.049853,0.21457,0.49022,0.78006,0.90029,0.70528,0.31965,0.024438,-0.09042,-0.095308,-0.085533,-0.085533,-0.085533,-0.085533,-0.085533,-0.080645,-0.075269,-0.075269,-0.070381,-0.065494,-0.05523,-0.050342,-0.040567,-0.030303,-0.020528,-0.015152,-0.010264,-0.00048876,0.0043988,0.0097752,0.01955,0.029814,0.034702,0.044477,0.059629,0.069892,0.084555,0.094819,0.10948,0.11975,0.13978,0.14956,0.14956,0.13978,0.1349,0.12463,0.10948,0.094819,0.079668,0.064516,0.049853,0.034702,0.029814,0.024438,0.014663,0.0097752,0.0043988,-0.00048876,-0.00048876,-0.00048876,-0.0053763,-0.010264,-0.010264,-0.0053763,-0.010264,-0.010264,-0.015152,-0.015152,-0.010264,-0.015152,-0.010264,-0.010264,-0.0053763,-0.0053763,-0.00048876,0.0043988,0.024438,0.034702,0.044477,0.049853,0.054741,0.064516,0.059629,0.049853,0.039589,0.01955,-0.00048876,-0.015152,-0.025415,-0.030303,0.17986,0.18964,0.1999,0.20968,0.21457,0.21994,0.20968,0.20479,0.18964,0.17986,0.16471,0.15494,0.12952,0.10948,0.089932,0.079668,0.079668,0.079668,0.069892,0.059629,0.049853,0.039589,0.029814,0.024438,0.01955,0.014663,0.0097752,0.0097752,0.0097752,0.0043988,0.0043988,0.0043988,0.0097752,0.0043988,-0.00048876,-0.00048876,0.0043988,0.0043988,0.0097752,0.024438,0.044477,0.054741,0.059629,0.069892,0.084555,0.089932,0.094819,0.084555,0.07478,0.054741,0.044477,0.044477,0.044477,0.044477,0.049853,0.044477,0.034702,0.069892,0.1999,0.44477,0.7654,0.95552,0.84018,0.48485,0.15982,0.024438,0.0097752,0.0097752,0.01955,0.029814,0.034702,0.039589,0.044477,0.064516,0.079668,0.079668,0.07478,0.07478,0.079668,0.084555,0.084555,0.089932,0.094819,0.089932,0.089932,0.099707,0.10948,0.11975,0.12952,0.1349,0.13978,0.13978,0.14956,0.16471,0.17498,0.18475,0.19501,0.20968,0.21994,0.21994,0.21994,0.20479,0.18964,0.1696,0.14956,0.1349,0.12463,0.11975,0.11975,0.11486,0.099707,0.094819,0.094819,0.089932,0.079668,0.07478,0.07478,0.069892,0.064516,0.049853,0.044477,0.044477,0.039589,0.039589,0.034702,0.029814,0.0097752,-0.020528,-0.035191,-0.015152,0.0043988,0.024438,0.044477,0.07478,0.11486,0.12952,0.14467,0.15494,0.11486,0.079668,0.07478,0.079668,0.084555,0.069892,0.059629,0.049853,0.039589,0.039589,0.044477,0.034702,0.024438,0.054741,0.1696,0.39492,0.70528,0.91544,0.82502,0.47996,0.1349,-0.020528,-0.045455,-0.050342,-0.050342,-0.035191,-0.030303,-0.025415,-0.025415,-0.025415,-0.030303,-0.05523,-0.080645,-0.085533,-0.075269,-0.070381,-0.075269,-0.065494,-0.045455,-0.035191,-0.025415,0.0097752,0.039589,0.054741,0.064516,0.069892,0.07478,0.079668,0.079668,0.089932,0.10459,0.12952,0.14956,0.15982,0.16471,0.16471,0.15494,0.14467,0.12952,0.11975,0.10459,0.089932,0.079668,0.069892,0.059629,0.054741,0.044477,0.044477,0.039589,0.034702,0.029814,0.029814,0.024438,0.024438,0.024438,0.024438,0.01955,0.01955,0.01955,0.024438,0.029814,0.029814,0.029814,0.029814,0.034702,0.034702,0.034702,0.034702,0.044477,0.059629,0.07478,0.089932,0.094819,0.094819,0.099707,0.10948,0.099707,0.089932,0.079668,0.059629,0.039589,0.01955,0.0097752,0.0097752,0.0097752,0.0097752,0.0043988,0.024438,0.10948,0.28983,0.58016,0.85044,0.91007,0.61486,0.2346,0.0043988,-0.05523,-0.060606,-0.065494,-0.070381,-0.075269,-0.075269,-0.075269,-0.075269,-0.075269,-0.075269,-0.070381,-0.065494,-0.060606,-0.05523,-0.050342,-0.040567,-0.025415,-0.015152,0.0043988,0.024438,0.044477,0.054741,0.064516,0.07478,0.089932,0.099707,0.10948,0.11975,0.13978,0.15494,0.17498,0.18964,0.1999,0.20479,0.20479,0.1999,0.18964,0.17498,0.15982,0.13978,0.12952,0.11975,0.10948,0.099707,0.089932,0.079668,0.07478,0.069892,0.064516,0.064516,0.054741,0.049853,0.049853,0.07478,0.15494,0.22972,0.2346,0.1696,0.11975,0.079668,0.049853,0.034702,0.024438,0.014663,0.0097752,0.0043988,0.0043988,0.0043988,0.014663,0.029814,0.034702,0.034702,0.034702,0.044477,0.049853,0.039589,0.024438,0.0097752,-0.0053763,-0.020528,-0.035191,-0.040567,-0.040567,-0.040567,-0.045455,-0.035191,0.044477,0.22483,0.50978,0.79032,0.87048,0.62512,0.24976,-0.010264,-0.085533,-0.085533,-0.095308,-0.095308,-0.1002,-0.1002,-0.095308,-0.09042,-0.085533,-0.080645,-0.075269,-0.065494,-0.060606,-0.05523,-0.050342,-0.040567,-0.035191,-0.020528,-0.015152,-0.0053763,0.0043988,0.0097752,0.01955,0.024438,0.034702,0.049853,0.059629,0.069892,0.079668,0.094819,0.10948,0.12463,0.13978,0.14467,0.14467,0.14467,0.1349,0.11975,0.10459,0.089932,0.07478,0.059629,0.044477,0.034702,0.024438,0.014663,0.0097752,0.0043988,-0.00048876,-0.010264,-0.015152,-0.015152,-0.020528,-0.025415,-0.030303,-0.035191,-0.035191,-0.035191,-0.035191,-0.035191,-0.035191,-0.035191,-0.035191,-0.035191,-0.030303,-0.030303,-0.025415,-0.015152,-0.0053763,0.0043988,0.014663,0.01955,0.029814,0.034702,0.039589,0.024438,0.0097752,-0.015152,-0.035191,-0.050342,-0.05523,-0.05523,-0.050342,-0.040567,-0.040567,-0.010264,0.084555,0.28006,0.57527,0.84506,0.89541,0.55523,0.17498,-0.045455,-0.1002,-0.1002,-0.1002,-0.10557,-0.10557,-0.11046,-0.11046,-0.10557,-0.10557,-0.1002,-0.1002,-0.095308,-0.09042,-0.080645,-0.075269,-0.065494,-0.060606,-0.05523,-0.050342,-0.040567,-0.030303,-0.020528,-0.010264,-0.00048876,0.0097752,0.024438,0.034702,0.044477,0.054741,0.064516,0.079668,0.094819,0.099707,0.10459,0.10459,0.099707,0.089932,0.079668,0.07478,0.064516,0.044477,0.024438,0.0097752,-0.00048876,-0.010264,-0.015152,-0.020528,-0.030303,-0.030303,-0.035191,-0.040567,-0.045455,-0.050342,-0.050342,-0.050342,-0.05523,-0.05523,-0.05523,-0.050342,-0.050342,-0.050342,-0.050342,-0.050342,-0.050342,-0.050342,-0.050342,-0.045455,-0.030303,-0.020528,-0.010264,-0.0053763,-0.00048876,0.0097752,0.014663,0.0043988,-0.010264,-0.025415,-0.045455,-0.060606,-0.070381,-0.075269,-0.075269,-0.070381,-0.075269,-0.065494,-0.0053763,0.14956,0.41496,0.72532,0.85044,0.66031,0.28006,-0.010264,-0.11046,-0.12023,-0.12023,-0.12561,-0.12561,-0.12561,-0.12561,-0.12561,-0.12023,-0.12023,-0.11046,-0.11046,-0.10557,-0.1002,-0.09042,-0.085533,-0.080645,-0.065494,-0.060606,-0.05523,-0.050342,-0.040567,-0.030303,-0.020528,-0.010264,-0.00048876,0.0097752,0.01955,0.029814,0.039589,0.049853,0.064516,0.07478,0.084555,0.089932,0.084555,0.079668,0.064516,0.044477,0.029814,0.014663,-0.00048876,-0.010264,-0.020528,-0.035191,-0.040567,-0.05523,-0.060606,-0.070381,-0.075269,-0.080645,-0.080645,-0.080645,-0.085533,-0.085533,-0.085533,-0.085533,-0.085533,-0.085533,-0.085533,-0.085533,-0.080645,-0.080645,-0.080645,-0.085533,-0.080645,-0.080645,-0.065494,-0.05523,-0.040567,-0.035191,-0.035191,-0.025415,-0.015152,-0.010264,-0.030303,-0.040567,-0.065494,-0.080645,-0.095308,-0.1002,-0.1002,-0.095308,-0.095308,-0.1002,-0.080645,0.014663,0.20479,0.5,0.77028,0.82502,0.49511,0.11486,-0.095308,-0.15054,-0.15054,-0.15543,-0.16031,-0.16031,-0.16031,-0.15543,-0.15054,-0.14565,-0.14027,-0.13539,-0.1305,-0.12023,-0.12023,-0.11046,-0.10557,-0.095308,-0.085533,-0.075269,-0.065494,-0.05523,-0.045455,-0.035191,-0.025415,-0.015152,-0.0053763,0.0097752,0.024438,0.039589,0.049853,0.064516,0.07478,0.084555,0.089932,0.094819,0.079668,0.064516,0.049853,0.034702,0.01955,0.0043988,-0.010264,-0.020528,-0.035191,-0.040567,-0.050342,-0.05523,-0.060606,-0.065494,-0.070381,-0.075269,-0.075269,-0.080645,-0.080645,-0.080645,-0.080645,-0.080645,-0.080645,-0.085533,-0.080645,-0.080645,-0.080645,-0.085533,-0.085533,-0.080645,-0.080645,-0.075269,-0.065494,-0.050342,-0.040567,-0.030303,-0.020528,-0.010264,-0.0053763,-0.015152,-0.020528,-0.035191,-0.05523,-0.075269,-0.085533,-0.095308,-0.095308,-0.095308,-0.095308,-0.095308,-0.060606,0.059629,0.29472,0.60508,0.81525,0.72532,0.37488,0.034702,-0.12023,-0.15054,-0.15054,-0.15543,-0.15543,-0.15543,-0.15543,-0.15543,-0.15054,-0.14565,-0.14027,-0.13539,-0.1305,-0.12561,-0.12023,-0.11046,-0.10557,-0.1002,-0.09042,-0.080645,-0.075269,-0.065494,-0.05523,-0.045455,-0.035191,-0.020528,-0.010264,0.0043988,0.014663,0.024438,0.039589,0.049853,0.064516,0.069892,0.07478,0.07478,0.069892,0.064516,0.049853,0.029814,0.014663,-0.00048876,-0.010264,-0.020528,-0.030303,-0.035191,-0.040567,-0.050342,-0.05523,-0.060606,-0.065494,-0.070381,-0.075269,-0.075269,-0.075269,-0.075269,-0.075269,-0.075269,-0.075269,-0.075269,-0.080645,-0.080645,-0.080645,-0.080645,-0.080645,-0.080645,-0.075269,-0.070381,-0.060606,-0.045455,-0.040567,-0.035191,-0.030303,-0.020528,-0.020528,-0.025415,-0.035191,-0.050342,-0.065494,-0.085533,-0.095308,-0.095308,-0.095308,-0.095308,-0.1002,-0.080645,0.0097752,0.1999,0.47996,0.75513,0.82502,0.565,0.18475,-0.065494,-0.14565,-0.14565,-0.15054,-0.16031,-0.16031,-0.15543,-0.15054,-0.15054,-0.14565,-0.14027,-0.14027,-0.13539,-0.1305,-0.12561,-0.12023,-0.11046,-0.10557,-0.1002,-0.085533,-0.075269,-0.065494,-0.05523,-0.045455,-0.035191,-0.030303,-0.020528,-0.0053763,0.0097752,0.01955,0.034702,0.044477,0.054741,0.069892,0.07478,0.079668,0.07478,0.064516,0.054741,0.044477,0.029814,0.0097752,-0.00048876,-0.015152,-0.030303,-0.035191,-0.040567,-0.050342,-0.05523,-0.05523,-0.065494,-0.075269,-0.080645,-0.085533,-0.095308,-0.095308,-0.095308,-0.095308,-0.095308,-0.095308,-0.095308,-0.09042,-0.09042,-0.085533,-0.085533,-0.085533,-0.080645,-0.065494,-0.050342,-0.040567,-0.035191,-0.030303,-0.015152,-0.0053763,-0.010264,-0.015152,-0.030303,-0.05523,-0.075269,-0.09042,-0.095308,-0.095308,-0.095308,-0.095308,-0.1002,-0.060606,0.059629,0.29472,0.61486,0.83529,0.84018,0.40469,0.049853,-0.11535,-0.14027,-0.13539,-0.14027,-0.14027,-0.14027,-0.13539,-0.1305,-0.12561,-0.12023,-0.11535,-0.11046,-0.1002,-0.095308,-0.085533,-0.080645,-0.075269,-0.070381,-0.065494,-0.060606,-0.05523,-0.040567,-0.035191,-0.025415,-0.015152,-0.00048876,0.014663,0.024438,0.039589,0.049853,0.064516,0.07478,0.089932,0.094819,0.099707,0.094819,0.084555,0.064516,0.049853,0.029814,0.014663,0.0043988,-0.010264,-0.020528,-0.035191,-0.040567,-0.050342,-0.05523,-0.060606,-0.060606,-0.065494,-0.070381,-0.075269,-0.075269,-0.075269,-0.075269,-0.075269,-0.075269,-0.075269,-0.075269,-0.075269,-0.075269,-0.075269,-0.075269,-0.070381,-0.070381,-0.065494,-0.060606,-0.045455,-0.030303,-0.020528,-0.015152,-0.00048876,0.0043988,0.0097752,-0.00048876,-0.015152,-0.035191,-0.05523,-0.075269,-0.080645,-0.085533,-0.085533,-0.080645,-0.085533,-0.070381,0.014663,0.19501,0.48485,0.77028,0.83529,0.54008,0.15982,-0.075269,-0.13539,-0.14027,-0.14027,-0.14565,-0.14565,-0.14565,-0.14027,-0.14027,-0.13539,-0.1305,-0.12561,-0.12023,-0.11535,-0.10557,-0.1002,-0.095308,-0.09042,-0.085533,-0.075269,-0.065494,-0.05523,-0.045455,-0.035191,-0.020528,-0.00048876,0.0097752,0.024438,0.039589,0.049853,0.064516,0.079668,0.089932,0.099707,0.10459,0.10948,0.099707,0.079668,0.064516,0.049853,0.034702,0.01955,0.0043988,-0.010264,-0.020528,-0.030303,-0.035191,-0.040567,-0.040567,-0.050342,-0.050342,-0.05523,-0.05523,-0.05523,-0.05523,-0.05523,-0.05523,-0.05523,-0.05523,-0.05523,-0.060606,-0.060606,-0.060606,-0.060606,-0.060606,-0.05523,-0.05523,-0.045455,-0.035191,-0.020528,-0.015152,-0.010264,-0.010264,-0.00048876,-0.00048876,-0.0053763,-0.015152,-0.030303,-0.050342,-0.060606,-0.075269,-0.075269,-0.075269,-0.075269,-0.075269,-0.065494,-0.00048876,0.15494,0.41984,0.71994,0.84506,0.65005,0.26979,-0.015152,-0.11046,-0.12023,-0.12023,-0.12561,-0.12023,-0.12023,-0.12023,-0.12023,-0.11535,-0.11046,-0.11046,-0.1002,-0.1002,-0.09042,-0.080645,-0.075269,-0.070381,-0.065494,-0.060606,-0.05523,-0.045455,-0.035191,-0.020528,-0.010264,0.0043988,0.014663,0.024438,0.039589,0.049853,0.064516,0.069892,0.079668,0.089932,0.099707,0.10459,0.094819,0.079668,0.064516,0.044477,0.029814,0.014663,0.0043988,-0.0053763,-0.015152,-0.030303,-0.040567,-0.045455,-0.050342,-0.05523,-0.060606,-0.065494,-0.065494,-0.070381,-0.065494,-0.065494,-0.065494,-0.070381,-0.070381,-0.070381,-0.075269,-0.075269,-0.075269,-0.070381,-0.065494,-0.065494,-0.060606,-0.05523,-0.045455,-0.030303,-0.015152,-0.010264,-0.0053763,-0.00048876,0.0043988,0.0097752,-0.00048876,-0.015152,-0.035191,-0.05523,-0.065494,-0.070381,-0.065494,-0.060606,-0.060606,-0.065494,-0.025415,0.099707,0.34506,0.65494,0.87048,0.78543,0.435,0.079668,-0.09042,-0.12023,-0.12561,-0.12561,-0.12023,-0.11535,-0.10557,-0.10557,-0.10557,-0.10557,-0.10557,-0.1002,-0.095308,-0.085533,-0.080645,-0.075269,-0.065494,-0.060606,-0.050342,-0.045455,-0.035191,-0.030303,-0.020528,-0.010264,-0.00048876,0.0097752,0.01955,0.029814,0.044477,0.054741,0.069892,0.079668,0.094819,0.10948,0.11486,0.10948,0.099707,0.089932,0.07478,0.064516,0.054741,0.044477,0.034702,0.029814,0.024438,0.0097752,0.0043988,-0.00048876,-0.00048876,-0.0053763,-0.010264,-0.015152,-0.020528,-0.020528,-0.020528,-0.020528,-0.025415,-0.030303,-0.030303,-0.025415,-0.025415,-0.020528,-0.020528,-0.020528,-0.020528,-0.020528,-0.020528,-0.010264,-0.00048876,0.014663,0.024438,0.029814,0.034702,0.039589,0.044477,0.029814,0.01955,-0.00048876,-0.020528,-0.040567,-0.050342,-0.05523,-0.05523,-0.050342,-0.050342,-0.035191,0.049853,0.22483,0.51515,0.81036,0.88514,0.62512,0.2346,-0.025415,-0.1002,-0.1002,-0.09042,-0.050342,0.0043988,0.0097752,-0.020528,-0.045455,-0.065494,-0.070381,-0.075269,-0.075269,-0.080645,-0.075269,-0.11046,-0.15543,-0.17058,-0.14565,-0.11046,-0.085533,-0.060606,-0.035191,-0.015152,0.0043988,0.024438,0.044477,0.054741,0.069892,0.084555,0.099707,0.11486,0.11975,0.12463,0.1349,0.1349,0.12952,0.11975,0.10459,0.089932,0.069892,0.049853,0.034702,0.024438,0.0097752,-0.010264,-0.035191,-0.045455,-0.050342,-0.050342,-0.040567,-0.040567,-0.035191,-0.030303,-0.025415,-0.020528,-0.015152,-0.010264,-0.010264,-0.015152,-0.015152,-0.015152,-0.020528,-0.020528,-0.020528,-0.020528,-0.020528,-0.015152,-0.00048876,0.0097752,0.014663,0.01955,0.024438,0.034702,0.034702,0.024438,0.014663,-0.00048876,-0.020528,-0.040567,-0.050342,-0.05523,-0.050342,-0.050342,-0.05523,-0.050342,0.0097752,0.15982,0.435,0.75024,0.89541,0.71017,0.31965,0.014663,-0.1002,-0.10557,-0.10557,-0.10557,-0.10557,-0.10557,-0.1002,-0.1002,-0.09042,-0.085533,-0.080645,-0.080645,-0.075269,-0.065494,-0.05523,-0.050342,-0.040567,-0.035191,-0.025415,-0.020528,-0.010264,-0.00048876,0.0043988,0.014663,0.029814,0.044477,0.054741,0.069892,0.079668,0.094819,0.10459,0.11486,0.12463,0.1349,0.1349,0.1349,0.11975,0.10948,0.089932,0.069892,0.054741,0.044477,0.034702,0.024438,0.014663,0.0097752,0.0043988,-0.0053763,-0.010264,-0.015152,-0.020528,-0.020528,-0.025415,-0.030303,-0.030303,-0.030303,-0.030303,-0.035191,-0.035191,-0.035191,-0.035191,-0.035191,-0.035191,-0.035191,-0.035191,-0.035191,-0.030303,-0.030303,-0.020528,-0.0053763,0.0097752,0.014663,0.01955,0.024438,0.029814,0.029814,0.024438,0.014663,-0.00048876,-0.020528,-0.035191,-0.045455,-0.045455,-0.040567,-0.040567,-0.050342,-0.025415,0.069892,0.27468,0.58016,0.84506,0.90029,0.57527,0.19501,-0.035191,-0.095308,-0.1002,-0.10557,-0.10557,-0.10557,-0.10557,-0.1002,-0.095308,-0.09042,-0.085533,-0.080645,-0.075269,-0.070381,-0.065494,-0.05523,-0.045455,-0.035191,-0.025415,-0.015152,-0.0053763,0.0043988,0.0097752,0.01955,0.029814,0.044477,0.054741,0.064516,0.07478,0.089932,0.099707,0.11486,0.12463,0.1349,0.13978,0.13978,0.13978,0.12952,0.11486,0.099707,0.084555,0.069892,0.054741,0.044477,0.034702,0.024438,0.01955,0.014663,0.0043988,-0.00048876,-0.00048876,-0.0053763,-0.010264,-0.015152,-0.020528,-0.020528,-0.025415,-0.025415,-0.020528,-0.020528,-0.020528,-0.020528,-0.020528,-0.020528,-0.020528,-0.020528,-0.020528,-0.020528,-0.010264,-0.00048876,0.014663,0.024438,0.029814,0.034702,0.044477,0.049853,0.034702,0.024438,0.0043988,-0.015152,-0.035191,-0.040567,-0.045455,-0.040567,-0.035191,-0.040567,-0.025415,0.049853,0.21994,0.5,0.79032,0.88025,0.64027,0.24487,-0.020528,-0.1002,-0.1002,-0.10557,-0.10557,-0.10557,-0.10557,-0.1002,-0.095308,-0.095308,-0.085533,-0.080645,-0.075269,-0.070381,-0.065494,-0.060606,-0.05523,-0.05523,-0.045455,-0.035191,-0.030303,-0.020528,-0.010264,0.0043988,0.014663,0.024438,0.034702,0.049853,0.064516,0.07478,0.084555,0.099707,0.10948,0.11975,0.12463,0.12463,0.11975,0.11486,0.10459,0.089932,0.069892,0.049853,0.039589,0.029814,0.01955,0.014663,0.0097752,-0.00048876,-0.0053763,-0.010264,-0.010264,-0.015152,-0.020528,-0.020528,-0.025415,-0.025415,-0.025415,-0.025415,-0.020528,-0.020528,-0.020528,-0.020528,-0.020528,-0.020528,-0.025415,-0.025415,-0.025415,-0.020528,-0.015152,-0.0053763,0.0043988,0.01955,0.029814,0.034702,0.044477,0.049853,0.044477,0.029814,0.0097752,-0.010264,-0.030303,-0.040567,-0.045455,-0.045455,-0.040567,-0.040567,-0.035191,0.01955,0.15982,0.41496,0.71994,0.87048,0.71017,0.32991,0.024438,-0.085533,-0.095308,-0.095308,-0.095308,-0.095308,-0.095308,-0.09042,-0.085533,-0.085533,-0.080645,-0.075269,-0.070381,-0.065494,-0.060606,-0.05523,-0.050342,-0.040567,-0.035191,-0.030303,-0.020528,-0.015152,-0.00048876,0.0097752,0.01955,0.029814,0.039589,0.049853,0.064516,0.07478,0.079668,0.094819,0.10459,0.11486,0.11975,0.12463,0.12463,0.11486,0.099707,0.089932,0.069892,0.054741,0.039589,0.029814,0.01955,0.0097752,0.0043988,-0.010264,-0.015152,-0.020528,-0.020528,-0.025415,-0.025415,-0.025415,-0.025415,-0.030303,-0.030303,-0.035191,-0.035191,-0.035191,-0.035191,-0.035191,-0.030303,-0.030303,-0.025415,-0.025415,-0.025415,-0.020528,-0.020528,-0.015152,-0.00048876,0.0097752,0.01955,0.029814,0.039589,0.049853,0.054741,0.039589,0.029814,0.0043988,-0.015152,-0.030303,-0.040567,-0.040567,-0.040567,-0.035191,-0.040567,-0.025415,0.059629,0.24487,0.53519,0.81036,0.87537,0.58504,0.20479,-0.030303,-0.095308,-0.095308,-0.1002,-0.1002,-0.1002,-0.1002,-0.1002,-0.09042,-0.085533,-0.080645,-0.080645,-0.075269,-0.065494,-0.060606,-0.05523,-0.050342,-0.040567,-0.035191,-0.025415,-0.015152,-0.010264,-0.00048876,0.0097752,0.024438,0.034702,0.044477,0.059629,0.07478,0.084555,0.094819,0.10948,0.12463,0.1349,0.13978,0.13978,0.1349,0.12463,0.10948,0.094819,0.079668,0.064516,0.049853,0.034702,0.024438,0.014663,0.0097752,0.0043988,-0.00048876,-0.0053763,-0.010264,-0.020528,-0.020528,-0.025415,-0.030303,-0.035191,-0.035191,-0.040567,-0.040567,-0.045455,-0.045455,-0.050342,-0.050342,-0.045455,-0.040567,-0.040567,-0.040567,-0.040567,-0.035191,-0.025415,-0.010264,0.0043988,0.0097752,0.01955,0.029814,0.044477,0.049853,0.039589,0.024438,-0.00048876,-0.015152,-0.030303,-0.035191,-0.035191,-0.030303,-0.035191,-0.040567,0.0043988,0.12952,0.36999,0.67498,0.87537,0.77028,0.41007,0.07478,-0.075269,-0.1002,-0.10557,-0.10557,-0.10557,-0.10557,-0.1002,-0.1002,-0.095308,-0.095308,-0.09042,-0.09042,-0.080645,-0.075269,-0.070381,-0.060606,-0.05523,-0.050342,-0.035191,-0.030303,-0.020528,-0.015152,-0.0053763,-0.00048876,0.0097752,0.01955,0.029814,0.044477,0.054741,0.069892,0.084555,0.099707,0.10459,0.10948,0.11486,0.11486,0.10948,0.099707,0.084555,0.069892,0.054741,0.039589,0.029814,0.014663,0.0043988,-0.00048876,-0.010264,-0.015152,-0.015152,-0.015152,-0.020528,-0.030303,-0.030303,-0.030303,-0.030303,-0.035191,-0.035191,-0.035191,-0.040567,-0.040567,-0.040567,-0.040567,-0.035191,-0.035191,-0.035191,-0.030303,-0.030303,-0.025415,-0.015152,-0.00048876,0.0097752,0.01955,0.01955,0.024438,0.029814,0.034702,0.024438,0.014663,-0.00048876,-0.020528,-0.035191,-0.045455,-0.045455,-0.045455,-0.040567,-0.045455,-0.020528,0.079668,0.28006,0.58016,0.84506,0.88514,0.53519,0.15982,-0.050342,-0.095308,-0.095308,-0.10557,-0.10557,-0.10557,-0.10557,-0.10557,-0.10557,-0.10557,-0.1002,-0.095308,-0.095308,-0.09042,-0.085533,-0.080645,-0.070381,-0.060606,-0.05523,-0.050342,-0.035191,-0.030303,-0.015152,-0.010264,0.0043988,0.014663,0.029814,0.044477,0.054741,0.069892,0.079668,0.094819,0.10459,0.11486,0.11486,0.11975,0.11975,0.10948,0.099707,0.079668,0.064516,0.049853,0.034702,0.024438,0.014663,0.0043988,-0.00048876,-0.010264,-0.015152,-0.020528,-0.025415,-0.030303,-0.035191,-0.035191,-0.035191,-0.040567,-0.040567,-0.040567,-0.040567,0.024438,0.014663,0.014663,0.0097752,0.014663,0.014663,0.014663,0.0097752,0.0097752,0.0097752,0.0097752,0.0097752,0.014663,0.014663,0.0097752,0.0097752,0.0097752,0.014663,0.014663,0.01955,0.01955,0.014663,0.01955,0.029814,0.044477,0.059629,0.064516,0.069892,0.07478,0.079668,0.064516,0.054741,0.034702,0.014663,-0.00048876,-0.010264,-0.015152,-0.015152,-0.010264,-0.015152,-0.00048876,0.07478,0.25464,0.54008,0.82502,0.90029,0.65494,0.27468,0.01955,-0.05523,-0.05523,-0.060606,-0.065494,-0.065494,-0.060606,-0.060606,-0.05523,-0.050342,-0.050342,-0.040567,-0.040567,-0.030303,-0.025415,-0.015152,-0.010264,-0.0053763,0.0043988,0.0097752,0.01955,0.024438,0.034702,0.044477,0.054741,0.064516,0.07478,0.089932,0.099707,0.11486,0.12463,0.13978,0.14956,0.15982,0.16471,0.1696,0.16471,0.15494,0.1349,0.11975,0.099707,0.084555,0.069892,0.054741,0.049853,0.044477,0.034702,0.029814,0.024438,0.014663,0.0097752,0.0043988,-0.00048876,-0.00048876,-0.00048876,-0.00048876,-0.00048876,-0.0053763,-0.0053763,-0.0053763,-0.0053763,-0.00048876,-0.00048876,-0.0053763,-0.0053763,-0.0053763,-0.00048876,-0.00048876,-0.00048876,0.0097752,0.01955,0.034702,0.039589,0.049853,0.054741,0.064516,0.059629,0.054741,0.049853,0.034702,0.024438,0.0097752,-0.00048876,-0.010264,-0.010264,-0.010264,-0.010264,0.014663,0.099707,0.28495,0.57527,0.85533,0.93011,0.67009,0.28495,0.024438,-0.05523,-0.05523,-0.060606,-0.060606,-0.060606,-0.05523,-0.05523,-0.05523,-0.05523,-0.05523,-0.050342,-0.040567,-0.035191,-0.030303,-0.020528,-0.015152,-0.010264,-0.00048876,0.0043988,0.0097752,0.024438,0.029814,0.044477,0.049853,0.064516,0.07478,0.084555,0.094819,0.10948,0.11975,0.1349,0.14467,0.15494,0.15982,0.16471,0.15494,0.14467,0.1349,0.11486,0.099707,0.089932,0.07478,0.059629,0.044477,0.034702,0.029814,0.024438,0.014663,0.014663,0.0097752,0.0097752,0.0043988,-0.00048876,-0.00048876,-0.00048876,-0.010264,-0.010264,-0.010264,-0.010264,-0.010264,-0.010264,-0.010264,-0.010264,-0.010264,-0.010264,-0.010264,-0.0053763,-0.00048876,0.0097752,0.024438,0.034702,0.034702,0.044477,0.059629,0.064516,0.054741,0.044477,0.029814,0.0043988,-0.015152,-0.025415,-0.030303,-0.030303,-0.025415,-0.020528,-0.025415,0.024438,0.16471,0.41984,0.73509,0.89541,0.73509,0.35484,0.044477,-0.070381,-0.085533,-0.085533,-0.085533,-0.085533,-0.085533,-0.080645,-0.080645,-0.075269,-0.070381,-0.065494,-0.065494,-0.065494,-0.060606,-0.05523,-0.050342,-0.045455,-0.035191,-0.030303,-0.020528,-0.010264,0.0043988,0.014663,0.024438,0.039589,0.049853,0.064516,0.069892,0.079668,0.089932,0.10948,0.12952,0.14956,0.15982,0.16471,0.1696,0.15494,0.13978,0.11975,0.099707,0.079668,0.064516,0.049853,0.034702,0.024438,0.0097752,-0.00048876,-0.010264,-0.015152,-0.015152,-0.015152,-0.020528,-0.020528,-0.020528,-0.025415,-0.025415,-0.030303,-0.035191,-0.035191,-0.035191,-0.035191,-0.035191,-0.035191,-0.035191,-0.035191,-0.030303,-0.025415,-0.020528,-0.020528,-0.0053763,0.0043988,0.014663,0.024438,0.029814,0.039589,0.044477,0.029814,0.014663,-0.0053763,-0.025415,-0.040567,-0.050342,-0.05523,-0.05523,-0.050342,-0.05523,-0.040567,0.029814,0.18964,0.47019,0.77517,0.88025,0.65494,0.26979,-0.00048876,-0.085533,-0.095308,-0.095308,-0.1002,-0.1002,-0.1002,-0.1002,-0.1002,-0.095308,-0.09042,-0.09042,-0.085533,-0.080645,-0.075269,-0.065494,-0.060606,-0.050342,-0.045455,-0.035191,-0.030303,-0.015152,-0.0053763,0.0043988,0.01955,0.029814,0.039589,0.049853,0.064516,0.07478,0.084555,0.099707,0.11486,0.12463,0.12952,0.1349,0.12463,0.11486,0.099707,0.084555,0.069892,0.054741,0.044477,0.034702,0.024438,0.014663,0.0043988,-0.00048876,-0.00048876,-0.0053763,-0.010264,-0.015152,-0.015152,-0.015152,-0.020528,-0.025415,-0.025415,-0.025415,-0.025415,-0.025415,-0.030303,-0.030303,-0.030303,-0.030303,-0.025415,-0.020528,-0.020528,-0.020528,-0.015152,-0.0053763,0.0097752,0.024438,0.029814,0.034702,0.034702,0.049853,0.049853,0.039589,0.024438,0.0097752,-0.010264,-0.025415,-0.035191,-0.035191,-0.035191,-0.035191,-0.040567,-0.025415,0.054741,0.22483,0.50489,0.79032,0.87048,0.60997,0.22972,-0.015152,-0.080645,-0.080645,-0.080645,-0.080645,-0.075269,-0.075269,-0.080645,-0.080645,-0.075269,-0.075269,-0.070381,-0.065494,-0.05523,-0.050342,-0.050342,-0.050342,-0.050342,-0.040567,-0.030303,-0.020528,-0.010264,-0.00048876,0.0097752,0.024438,0.039589,0.049853,0.059629,0.069892,0.084555,0.099707,0.11486,0.12463,0.13978,0.14467,0.14467,0.1349,0.12463,0.11486,0.094819,0.079668,0.069892,0.054741,0.034702,0.014663,0.0097752,0.0043988,-0.00048876,-0.0053763,-0.0053763,-0.010264,-0.010264,-0.010264,-0.010264,-0.015152,-0.015152,-0.015152,-0.020528,-0.020528,-0.025415,-0.025415,-0.030303,-0.030303,-0.025415,-0.025415,-0.025415,-0.020528,-0.020528,-0.015152,-0.010264,0.0043988,0.01955,0.029814,0.034702,0.034702,0.044477,0.049853,0.044477,0.034702,0.014663,-0.0053763,-0.020528,-0.025415,-0.025415,-0.020528,-0.015152,-0.020528,-0.0053763,0.079668,0.27468,0.56989,0.86022,0.93548,0.64516,0.25464,0.0043988,-0.070381,-0.075269,-0.075269,-0.080645,-0.080645,-0.080645,-0.080645,-0.080645,-0.075269,-0.075269,-0.075269,-0.070381,-0.065494,-0.05523,-0.045455,-0.040567,-0.035191,-0.030303,-0.020528,-0.010264,-0.00048876,0.0043988,0.014663,0.024438,0.034702,0.049853,0.059629,0.069892,0.084555,0.094819,0.10459,0.11975,0.1349,0.13978,0.14467,0.1349,0.11975,0.10459,0.089932,0.07478,0.064516,0.049853,0.034702,0.029814,0.024438,0.014663,0.0043988,-0.00048876,-0.00048876,-0.010264,-0.015152,-0.020528,-0.020528,-0.020528,-0.020528,-0.020528,-0.020528,-0.020528,-0.020528,-0.020528,-0.020528,-0.020528,-0.020528,-0.020528,-0.015152,-0.015152,-0.010264,-0.00048876,0.0097752,0.024438,0.034702,0.039589,0.044477,0.049853,0.059629,0.054741,0.044477,0.029814,0.0097752,-0.010264,-0.015152,-0.020528,-0.020528,-0.020528,-0.020528,-0.025415,0.0097752,0.12463,0.35484,0.6652,0.90518,0.92033,0.5,0.1349,-0.045455,-0.075269,-0.070381,-0.075269,-0.075269,-0.075269,-0.075269,-0.075269,-0.065494,-0.060606,-0.05523,-0.050342,-0.045455,-0.040567,-0.035191,-0.030303,-0.020528,-0.015152,-0.010264,-0.00048876,0.0097752,0.024438,0.034702,0.044477,0.049853,0.064516,0.07478,0.084555,0.099707,0.11486,0.12463,0.1349,0.14467,0.15494,0.15494,0.14956,0.13978,0.1349,0.11975,0.099707,0.084555,0.069892,0.054741,0.044477,0.034702,0.024438,0.01955,0.014663,0.0097752,0.0043988,-0.0053763,-0.020528,-0.020528,-0.020528,-0.010264,-0.0053763,-0.0053763,-0.00048876,-0.00048876,0.0043988,-0.00048876,-0.00048876,-0.00048876,-0.00048876,0.0043988,0.0043988,0.0043988,0.0097752,0.01955,0.039589,0.054741,0.064516,0.069892,0.07478,0.084555,0.079668,0.069892,0.049853,0.029814,0.0097752,-0.00048876,-0.010264,-0.015152,-0.010264,-0.010264,-0.015152,0.014663,0.11975,0.3348,0.64516,0.89052,0.91544,0.52981,0.16471,-0.025415,-0.060606,-0.060606,-0.060606,-0.060606,-0.060606,-0.060606,-0.060606,-0.05523,-0.050342,-0.050342,-0.045455,-0.040567,-0.035191,-0.035191,-0.025415,-0.020528,-0.015152,-0.0053763,-0.00048876,0.0043988,0.014663,0.024438,0.034702,0.049853,0.064516,0.07478,0.089932,0.099707,0.11486,0.12952,0.13978,0.15494,0.16471,0.16471,0.15982,0.15494,0.14467,0.12952,0.10948,0.089932,0.07478,0.059629,0.044477,0.034702,0.029814,0.024438,0.01955,0.0097752,0.0043988,0.0043988,0.0043988,-0.00048876,-0.0053763,-0.010264,-0.010264,-0.010264,-0.010264,-0.015152,-0.015152,-0.010264,-0.010264,-0.015152,-0.010264,-0.010264,-0.0053763,-0.010264,-0.0053763,-0.00048876,0.0097752,0.024438,0.029814,0.039589,0.049853,0.054741,0.059629,0.049853,0.034702,0.01955,-0.00048876,-0.020528,-0.030303,-0.035191,-0.035191,-0.035191,-0.035191,-0.025415,0.039589,0.1999,0.47019,0.77517,0.90029,0.69013,0.3001,0.014663,-0.075269,-0.080645,-0.080645,-0.085533,-0.085533,-0.080645,-0.080645,-0.075269,-0.070381,-0.065494,-0.065494,-0.060606,-0.05523,-0.050342,-0.040567,-0.035191,-0.025415,-0.015152,-0.010264,-0.00048876,0.0097752,0.024438,0.034702,0.049853,0.054741,0.069892,0.079668,0.094819,0.10459,0.11486,0.12463,0.13978,0.14956,0.15494,0.15494,0.14956,0.13978,0.12463,0.10948,0.094819,0.079668,0.069892,0.049853,0.039589,0.034702,0.029814,0.01955,0.014663,0.0097752,0.0043988,0.0043988,-0.00048876,-0.00048876,-0.010264,-0.010264,-0.010264,-0.010264,-0.010264,-0.015152,-0.015152,-0.015152,-0.020528,-0.020528,-0.015152,-0.010264,-0.015152,-0.015152,-0.010264,-0.00048876,0.0097752,0.024438,0.029814,0.034702,0.044477,0.049853,0.054741,0.039589,0.029814,0.0097752,-0.010264,-0.025415,-0.030303,-0.030303,-0.030303,-0.025415,-0.030303,-0.0053763,0.089932,0.29472,0.58993,0.86022,0.91007,0.57527,0.18475,-0.035191,-0.09042,-0.09042,-0.085533,-0.085533,-0.09042,-0.09042,-0.085533,-0.085533,-0.080645,-0.080645,-0.075269,-0.070381,-0.065494,-0.060606,-0.05523,-0.045455,-0.035191,-0.030303,-0.020528,-0.015152,-0.00048876,0.0043988,0.014663,0.024438,0.034702,0.044477,0.054741,0.069892,0.079668,0.094819,0.10948,0.11486,0.12463,0.1349,0.1349,0.12463,0.11975,0.10948,0.089932,0.07478,0.064516,0.049853,0.034702,0.024438,0.014663,0.0043988,-0.00048876,-0.0053763,-0.010264,-0.020528,-0.030303,-0.030303,-0.035191,-0.035191,-0.040567,-0.040567,-0.040567,-0.040567,-0.035191,-0.040567,-0.040567,-0.035191,-0.030303,-0.030303,-0.025415,-0.020528,-0.010264,-0.0053763,0.0043988,0.014663,0.029814,0.044477,0.049853,0.054741,0.064516,0.064516,0.059629,0.049853,0.029814,0.014663,-0.00048876,-0.010264,-0.0053763,-0.00048876,-0.00048876,-0.010264,0.014663,0.11975,0.32502,0.62023,0.89052,0.94037,0.6002,0.20968,-0.0053763,-0.060606,-0.060606,-0.060606,-0.060606,0.089932,0.094819,0.099707,0.10948,0.11486,0.11975,0.12952,0.1349,0.13978,0.14467,0.13978,0.1349,0.11975,0.10948,0.094819,0.079668,0.069892,0.064516,0.054741,0.044477,0.034702,0.029814,0.029814,0.024438,0.01955,0.014663,0.0097752,0.0097752,0.0097752,0.0043988,-0.00048876,-0.00048876,-0.00048876,-0.00048876,-0.00048876,-0.00048876,-0.0053763,-0.0053763,-0.010264,-0.0053763,-0.0053763,-0.00048876,-0.00048876,-0.00048876,-0.00048876,-0.00048876,0.0043988,0.0097752,0.014663,0.014663,0.014663,0.01955,0.029814,0.039589,0.049853,0.064516,0.079668,0.089932,0.094819,0.099707,0.10948,0.11486,0.10948,0.094819,0.079668,0.059629,0.044477,0.029814,0.024438,0.024438,0.024438,0.029814,0.024438,0.054741,0.15982,0.3651,0.65005,0.86022,0.87537,0.52493,0.1999,0.034702,-0.00048876,-0.015152,-0.020528,-0.025415,-0.030303,-0.030303,-0.025415,-0.025415,-0.025415,-0.020528,-0.020528,-0.020528,-0.020528,-0.020528,-0.020528,-0.015152,-0.0053763,0.0043988,0.0097752,0.014663,0.01955,0.029814,0.039589,0.049853,0.064516,0.069892,0.079668,0.084555,0.089932,0.099707,0.10948,0.11486,0.11486,0.11486,0.11975,0.11975,0.11486,0.10459,0.089932,0.07478,0.064516,0.044477,0.029814,0.014663,0.0043988,-0.0053763,-0.015152,-0.020528,-0.030303,-0.040567,-0.050342,-0.05523,-0.060606,-0.065494,-0.070381,-0.075269,-0.075269,-0.080645,-0.09042,-0.095308,-0.1002,-0.095308,-0.095308,-0.095308,-0.095308,-0.09042,-0.085533,-0.080645,-0.075269,-0.075269,-0.070381,-0.065494,-0.060606,-0.05523,-0.05523,-0.05523,-0.050342,-0.050342,-0.040567,-0.025415,-0.010264,-0.00048876,0.0043988,0.0043988,0.014663,0.024438,0.01955,0.0097752,-0.010264,-0.030303,-0.050342,-0.060606,-0.060606,-0.060606,-0.05523,-0.050342,-0.050342,-0.020528,0.07478,0.28006,0.56989,0.79032,0.81525,0.47507,0.14956,-0.030303,-0.065494,-0.070381,-0.075269,-0.075269,-0.075269,-0.075269,-0.070381,-0.060606,-0.060606,-0.05523,-0.050342,-0.045455,-0.045455,-0.040567,-0.035191,-0.025415,-0.020528,-0.010264,-0.00048876,0.0097752,0.014663,0.024438,0.034702,0.044477,0.054741,0.064516,0.069892,0.079668,0.084555,0.094819,0.10948,0.11975,0.11975,0.12463,0.11975,0.11486,0.10459,0.089932,0.07478,0.064516,0.044477,0.034702,0.024438,0.01955,0.01955,0.014663,0.014663,0.0097752,0.0043988,-0.00048876,-0.00048876,-0.0053763,-0.010264,-0.015152,-0.020528,-0.020528,-0.020528,-0.025415,-0.030303,-0.030303,-0.030303,-0.030303,-0.030303,-0.030303,-0.030303,-0.025415,-0.025415,-0.020528,-0.020528,-0.025415,-0.025415,-0.025415,-0.025415,-0.025415,-0.025415,-0.025415,-0.025415,-0.025415,-0.020528,-0.010264,-0.00048876,0.0043988,-0.00048876,0.0043988,0.0097752,0.0043988,-0.00048876,-0.010264,-0.025415,-0.040567,-0.05523,-0.065494,-0.060606,-0.05523,-0.050342,-0.05523,-0.035191,0.039589,0.21457,0.48485,0.73998,0.80499,0.56012,0.21994,0.0043988,-0.065494,-0.075269,-0.085533,-0.09042,-0.09042,-0.09042,-0.09042,-0.085533,-0.080645,-0.075269,-0.075269,-0.070381,-0.065494,-0.065494,-0.060606,-0.05523,-0.050342,-0.035191,-0.030303,-0.020528,-0.015152,-0.010264,-0.0053763,-0.00048876,0.0043988,0.0097752,0.014663,0.01955,0.029814,0.034702,0.044477,0.044477,0.049853,0.049853,0.054741,0.059629,0.054741,0.044477,0.034702,0.01955,-0.00048876,-0.020528,-0.035191,-0.040567,-0.035191,-0.020528,-0.010264,-0.015152,-0.020528,-0.020528,-0.020528,-0.020528,-0.015152,-0.015152,-0.020528,-0.035191,-0.050342,-0.065494,-0.080645,-0.085533,-0.085533,-0.080645,-0.075269,-0.080645,-0.080645,-0.080645,-0.080645,-0.075269,-0.065494,-0.065494,-0.065494,-0.065494,-0.065494,-0.065494,-0.060606,-0.045455,-0.035191,-0.035191,-0.030303,-0.015152,0.0043988,0.014663,0.014663,0.024438,0.034702,0.039589,0.029814,0.0097752,-0.0053763,-0.020528,-0.035191,-0.040567,-0.040567,-0.040567,-0.040567,-0.050342,-0.040567,0.01955,0.17498,0.43011,0.71017,0.82014,0.6349,0.28983,0.034702,-0.05523,-0.060606,-0.070381,-0.075269,-0.075269,-0.070381,-0.075269,-0.075269,-0.070381,-0.065494,-0.060606,-0.05523,-0.050342,-0.050342,-0.050342,-0.050342,-0.050342,-0.040567,-0.030303,-0.015152,-0.00048876,0.0097752,0.01955,0.024438,0.034702,0.044477,0.054741,0.064516,0.07478,0.079668,0.094819,0.099707,0.11486,0.11975,0.12463,0.12463,0.11975,0.10948,0.094819,0.079668,0.069892,0.054741,0.039589,0.029814,0.014663,0.0043988,-0.00048876,-0.010264,-0.010264,-0.015152,-0.015152,-0.015152,-0.015152,-0.015152,-0.020528,-0.020528,-0.025415,-0.025415,-0.025415,-0.025415,-0.030303,-0.030303,-0.030303,-0.030303,-0.030303,-0.025415,-0.025415,-0.020528,-0.020528,-0.025415,-0.025415,-0.020528,-0.020528,-0.020528,-0.020528,-0.020528,-0.025415,-0.025415,-0.015152,-0.00048876,0.0097752,0.014663,0.014663,0.024438,0.034702,0.039589,0.029814,0.014663,-0.0053763,-0.030303,-0.050342,-0.05523,-0.05523,-0.050342,-0.040567,-0.040567,-0.040567,0.01955,0.17986,0.43988,0.71994,0.8001,0.60508,0.26491,0.0097752,-0.075269,-0.085533,-0.095308,-0.1002,-0.1002,-0.095308,-0.09042,-0.085533,-0.080645,-0.075269,-0.075269,-0.070381,-0.065494,-0.060606,-0.050342,-0.045455,-0.035191,-0.030303,-0.025415,-0.015152,-0.0053763,0.0043988,0.014663,0.024438,0.029814,0.044477,0.054741,0.064516,0.079668,0.094819,0.10459,0.11975,0.12463,0.1349,0.1349,0.1349,0.11975,0.10459,0.084555,0.069892,0.049853,0.034702,0.01955,0.0097752,0.0043988,0.0043988,-0.00048876,-0.010264,-0.015152,-0.015152,-0.015152,-0.015152,-0.020528,-0.015152,-0.0053763,-0.00048876,-0.0053763,-0.0053763,-0.010264,-0.015152,-0.020528,-0.025415,-0.030303,-0.040567,-0.045455,-0.050342,-0.05523,-0.05523,-0.05523,-0.05523,-0.05523,-0.05523,-0.050342,-0.050342,-0.045455,0.0097752,0.21994,0.43988,0.45992,0.22972,0.10459,0.039589,0.024438,0.01955,0.0097752,-0.010264,-0.025415,-0.045455,-0.060606,-0.075269,-0.080645,-0.080645,-0.075269,-0.065494,-0.075269,-0.070381,-0.0053763,0.14467,0.40469,0.69013,0.8001,0.61486,0.26979,0.0097752,-0.080645,-0.095308,-0.10557,-0.11046,-0.11046,-0.11046,-0.11046,-0.10557,-0.1002,-0.1002,-0.1002,-0.095308,-0.09042,-0.085533,-0.075269,-0.070381,-0.065494,-0.05523,-0.050342,-0.040567,-0.030303,-0.015152,-0.0053763,0.0043988,0.0097752,0.014663,0.024438,0.029814,0.039589,0.049853,0.054741,0.064516,0.07478,0.079668,0.089932,0.079668,0.069892,0.054741,0.039589,0.024438,0.0097752,-0.00048876,-0.015152,-0.020528,-0.030303,-0.035191,-0.040567,-0.050342,-0.050342,-0.05523,-0.05523,-0.060606,-0.065494,-0.070381,-0.075269,-0.080645,-0.085533,-0.095308,-0.1002,-0.10557,-0.10557,-0.10557,-0.10557,-0.11046,-0.11046,-0.12023,-0.1305,-0.14565,-0.16031,-0.16031,-0.15543,-0.15054,-0.14565,-0.14565,-0.14027,-0.14027,-0.13539,-0.13539,-0.1305,-0.12023,-0.10557,-0.1002,-0.095308,-0.085533,-0.075269,-0.080645,-0.1002,-0.12561,-0.15054,-0.17058,-0.18573,-0.19062,-0.19062,-0.18573,-0.18035,-0.17546,-0.16569,-0.10557,0.039589,0.29472,0.58504,0.71505,0.56012,0.22483,-0.045455,-0.15054,-0.16569,-0.16569,-0.16569,-0.16569,-0.16569,-0.15543,-0.15054,-0.16031,-0.16031,-0.15543,-0.14565,-0.13539,-0.12561,-0.12023,-0.11535,-0.10557,-0.1002,-0.095308,-0.080645,-0.065494,-0.045455,-0.035191,-0.015152,-0.00048876,0.0043988,0.01955,0.029814,0.039589,0.049853,0.064516,0.089932,0.10459,0.11975,0.12952,0.12463,0.11486,0.099707,0.079668,0.064516,0.049853,0.039589,0.034702,0.029814,0.01955,0.0043988,-0.010264,-0.010264,-0.010264,-0.00048876,0.0043988,-0.010264,-0.010264,-0.010264,-0.0053763,-0.010264,-0.010264,-0.010264,-0.010264,-0.0053763,-0.00048876,-0.00048876,-0.0053763,-0.010264,-0.010264,-0.010264,-0.010264,-0.010264,-0.010264,-0.0053763,-0.00048876,0.0043988,0.0043988,-0.00048876,-0.00048876,-0.00048876,-0.00048876,-0.00048876,-0.00048876,-0.00048876,-0.0053763,-0.0053763,-0.0053763,0.0043988,0.014663,0.024438,0.029814,0.029814,0.044477,0.044477,0.034702,0.01955,0.0043988,-0.010264,-0.015152,-0.020528,-0.020528,-0.010264,-0.0053763,-0.00048876,-0.015152,0.01955,0.14956,0.38514,0.67009,0.8304,0.71505,0.39003,0.084555,-0.050342,-0.085533,-0.10557,-0.12561,-0.14565,-0.16031,-0.16569,-0.17058,-0.18035,-0.18573,-0.18573,-0.18035,-0.17058,-0.14565,-0.12023,-0.095308,-0.080645,-0.060606,-0.045455,-0.030303,-0.015152,-0.010264,-0.0053763,-0.015152,-0.020528,-0.020528,-0.020528,-0.015152,-0.015152,-0.010264,-0.010264,-0.0053763,-0.00048876,0.0097752,0.029814,0.044477,0.049853,0.054741,0.049853,0.034702,0.024438,0.0097752,0.0043988,-0.00048876,-0.010264,-0.015152,-0.015152,-0.020528,-0.020528,-0.020528,-0.025415,-0.030303,-0.030303,-0.030303,-0.035191,-0.030303,-0.020528,-0.020528,-0.030303,-0.035191,-0.035191,-0.035191,-0.035191,-0.030303,-0.030303,-0.030303,-0.030303,-0.030303,-0.030303,-0.030303,-0.030303,-0.025415,-0.025415,-0.020528,-0.020528,-0.020528,-0.020528,-0.020528,-0.020528,-0.020528,-0.015152,-0.00048876,0.0097752,0.014663,0.01955,0.029814,0.044477,0.039589,0.029814,0.0097752,-0.0053763,-0.020528,-0.035191,-0.040567,-0.045455,-0.040567,-0.040567,-0.035191,-0.025415,0.044477,0.20968,0.47507,0.75024,0.82502,0.60997,0.25464,0.0097752,-0.065494,-0.080645,-0.085533,-0.095308,-0.095308,-0.095308,-0.095308,-0.095308,-0.09042,-0.085533,-0.080645,-0.075269,-0.065494,-0.060606,-0.060606,-0.05523,-0.045455,-0.035191,-0.025415,-0.010264,0.0043988,0.0097752,0.01955,0.029814,0.034702,0.049853,0.064516,0.079668,0.089932,0.094819,0.099707,0.11486,0.11975,0.12463,0.12952,0.12463,0.11975,0.10459,0.089932,0.07478,0.059629,0.049853,0.044477,0.034702,0.024438,0.01955,0.014663,0.014663,0.0097752,0.0043988,-0.00048876,-0.0053763,-0.010264,-0.010264,-0.010264,-0.015152,-0.015152,-0.015152,-0.020528,-0.020528,-0.025415,-0.020528,-0.015152,-0.010264,-0.015152,-0.020528,-0.020528,-0.020528,-0.015152,-0.010264,-0.010264,-0.010264,-0.010264,-0.010264,-0.010264,-0.010264,-0.0053763,-0.00048876,-0.00048876,0.0043988,0.024438,0.034702,0.039589,0.034702,0.044477,0.054741,0.049853,0.034702,0.014663,-0.00048876,-0.015152,-0.030303,-0.030303,-0.030303,-0.030303,-0.025415,-0.030303,-0.0053763,0.094819,0.29472,0.58016,0.81036,0.84018,0.50978,0.17498,-0.0053763,-0.050342,-0.05523,-0.065494,-0.065494,-0.070381,-0.075269,-0.075269,-0.075269,-0.070381,-0.065494,-0.060606,-0.05523,-0.050342,-0.040567,-0.035191,-0.030303,-0.020528,-0.015152,-0.0053763,0.0043988,0.014663,0.01955,0.029814,0.039589,0.049853,0.054741,0.064516,0.069892,0.07478,0.089932,0.099707,0.10459,0.10459,0.10948,0.10948,0.10948,0.094819,0.084555,0.07478,0.059629,0.044477,0.029814,0.01955,0.0097752,0.0043988,-0.00048876,-0.00048876,-0.00048876,-0.0053763,-0.010264,-0.015152,-0.015152,-0.020528,-0.025415,-0.030303,-0.030303,-0.030303,-0.030303,-0.030303,-0.030303,-0.030303,-0.030303,-0.035191,-0.030303,-0.030303,-0.030303,-0.030303,-0.030303,-0.030303,-0.025415,-0.030303,-0.025415,-0.020528,-0.020528,-0.025415,-0.025415,-0.025415,-0.020528,-0.010264,0.0043988,0.014663,0.01955,0.01955,0.029814,0.034702,0.024438,0.014663,-0.00048876,-0.015152,-0.020528,-0.030303,-0.035191,-0.040567,-0.035191,-0.035191,-0.035191,0.01955,0.15494,0.39492,0.68035,0.83529,0.71505,0.37977,0.089932,-0.035191,-0.060606,-0.070381,-0.075269,-0.080645,-0.080645,-0.075269,-0.075269,-0.070381,-0.070381,-0.065494,-0.060606,-0.05523,-0.050342,-0.040567,-0.035191,-0.030303,-0.020528,-0.015152,-0.00048876,0.0097752,0.024438,0.044477,0.054741,0.064516,0.069892,0.07478,0.084555,0.089932,0.094819,0.10948,0.11975,0.12463,0.1349,0.13978,0.13978,0.13978,0.1349,0.12463,0.10948,0.094819,0.089932,0.079668,0.07478,0.064516,0.064516,0.064516,0.059629,0.054741,0.054741,0.054741,0.049853,0.044477,0.039589,0.034702,0.034702,0.034702,0.029814,0.029814,0.034702,0.034702,0.034702,0.029814,0.029814,0.034702,0.034702,0.039589,0.044477,0.044477,0.044477,0.044477,0.049853,0.044477,0.044477,0.044477,0.049853,0.054741,0.054741,0.064516,0.089932,0.10948,0.11975,0.11486,0.12463,0.12952,0.12463,0.11486,0.099707,0.079668,0.064516,0.059629,0.059629,0.059629,0.069892,0.069892,0.069892,0.10948,0.22972,0.45992,0.75024,0.94526,0.8651,0.54985,0.22972,0.079668,0.044477,0.029814,0.014663,0.0097752,0.0043988,0.0043988,0.0043988,0.0043988,0.0043988,0.0097752,0.014663,0.014663,0.014663,0.014663,0.01955,0.029814,0.034702,0.044477,0.049853,0.054741,0.059629,0.069892,0.079668,0.089932,0.094819,0.10459,0.11486,0.11975,0.12463,0.1349,0.14467,0.15494,0.15982,0.16471,0.16471,0.15494,0.14467,0.1349,0.11975,0.10459,0.089932,0.07478,0.064516,0.049853,0.039589,0.029814,0.029814,0.024438,0.014663,0.0097752,0.0043988,-0.00048876,-0.00048876,-0.0053763,-0.010264,-0.010264,-0.015152,-0.015152,-0.015152,-0.015152,-0.020528,-0.020528,-0.020528,-0.020528,-0.020528,-0.020528,-0.015152,-0.015152,-0.010264,-0.010264,-0.0053763,-0.00048876,-0.0053763,-0.00048876,0.0043988,0.0097752,0.014663,0.029814,0.034702,0.039589,0.039589,0.049853,0.064516,0.059629,0.049853,0.034702,0.014663,-0.00048876,-0.015152,-0.015152,-0.020528,-0.020528,-0.020528,-0.025415,-0.010264,0.064516,0.2346,0.50978,0.77028,0.83529,0.59531,0.24487,0.014663,-0.060606,-0.065494,-0.060606,-0.05523,-0.05523,-0.050342,-0.045455,-0.040567,-0.040567,-0.035191,-0.030303,-0.030303,-0.020528,-0.015152,-0.010264,-0.0053763,-0.00048876,0.0097752,0.024438,0.039589,0.049853,0.064516,0.079668,0.089932,0.10948,0.11975,0.12463,0.13978,0.14956,0.15982,0.16471,0.17498,0.18475,0.18964,0.19501,0.18964,0.17986,0.16471,0.15494,0.1349,0.12463,0.11486,0.10948,0.099707,0.099707,0.099707,0.094819,0.079668,0.07478,0.069892,0.064516,0.059629,0.054741,0.054741,0.049853,0.049853,0.044477,0.044477,0.044477,0.044477,0.039589,0.039589,0.039589,0.044477,0.044477,0.044477,0.044477,0.039589,0.044477,0.044477,0.044477,0.044477,0.044477,0.044477,0.044477,0.044477,0.054741,0.069892,0.079668,0.084555,0.089932,0.099707,0.10948,0.099707,0.089932,0.07478,0.064516,0.049853,0.029814,0.01955,0.014663,0.014663,0.01955,0.014663,0.034702,0.10948,0.28006,0.55523,0.81036,0.87048,0.6349,0.29472,0.07478,0.0043988,-0.00048876,-0.010264,-0.015152,-0.020528,-0.020528,-0.020528,-0.020528,-0.015152,-0.010264,-0.00048876,0.0097752,0.01955,0.029814,0.034702,0.044477,0.054741,0.069892,0.089932,0.10459,0.12952,0.15494,0.17986,0.19501,0.20968,0.22483,0.23998,0.26491,0.28983,0.30499,0.31476,0.32991,0.33969,0.34995,0.35484,0.34995,0.34506,0.3348,0.31965,0.3001,0.28495,0.26979,0.24976,0.2346,0.21994,0.20968,0.1999,0.19501,0.19501,0.18964,0.18964,0.18475,0.17986,0.17498,0.16471,0.15494,0.13978,0.1349,0.12463,0.11486,0.10948,0.10459,0.099707,0.099707,0.099707,0.099707,0.099707,0.094819,0.094819,0.099707,0.094819,0.089932,0.089932,0.089932,0.094819,0.10459,0.11486,0.11975,0.11975,0.11975,0.12463,0.1349,0.12463,0.10948,0.094819,0.07478,0.054741,0.039589,0.029814,0.029814,0.024438,0.01955,0.0097752,0.01955,0.089932,0.26002,0.53519,0.80499,0.87537,0.64516,0.3001,0.064516,-0.015152,-0.035191,-0.040567,-0.050342,-0.050342,-0.050342,-0.050342,-0.040567,-0.035191,-0.020528,-0.015152,-0.0053763,-0.00048876,0.0097752,0.029814,0.049853,0.064516,0.07478,0.084555,0.094819,0.10459,0.11486,0.12952,0.14467,0.15494,0.16471,0.17498,0.17986,0.18475,0.18475,0.18475,0.19501,0.1999,0.20479,0.21457,0.21994,0.21457,0.20479,0.19501,0.17986,0.16471,0.15494,0.13978,0.12463,0.11975,0.11486,0.10948,0.10459,0.099707,0.099707,0.099707,0.099707,0.10948,0.10948,0.099707,0.084555,0.069892,0.069892,0.069892,0.07478,0.069892,0.059629,0.054741,0.049853,0.049853,0.049853,0.044477,0.044477,0.034702,0.034702,0.029814,0.024438,0.024438,0.029814,0.034702,0.044477,0.059629,0.064516,0.069892,0.069892,0.079668,0.079668,0.069892,0.054741,0.039589,0.0097752,-0.010264,-0.020528,-0.030303,-0.030303,-0.030303,-0.030303,-0.035191,-0.010264,0.079668,0.28495,0.565,0.79521,0.8304,0.52493,0.18475,-0.020528,-0.075269,-0.085533,-0.1002,-0.10557,-0.11046,-0.11046,-0.11046,-0.10557,-0.1002,-0.095308,-0.09042,-0.085533,-0.080645,-0.080645,-0.075269,-0.065494,-0.05523,-0.045455,-0.030303,-0.020528,-0.010264,-0.00048876,0.0097752,0.01955,0.029814,0.044477,0.054741,0.064516,0.07478,0.079668,0.094819,0.099707,0.10948,0.11486,0.11486,0.11486,0.10459,0.089932,0.07478,0.054741,0.039589,0.029814,0.024438,0.014663,0.0097752,0.0043988,-0.0053763,-0.010264,-0.015152,-0.025415,-0.030303,-0.035191,-0.035191,-0.035191,-0.035191,-0.040567,-0.040567,-0.050342,-0.050342,-0.05523,-0.05523,-0.05523,-0.05523,-0.05523,-0.05523,-0.060606,-0.060606,-0.05523,-0.05523,-0.05523,-0.050342,-0.050342,-0.050342,-0.045455,-0.030303,-0.015152,-0.0053763,-0.00048876,0.0043988,0.014663,0.01955,0.0097752,-0.00048876,-0.020528,-0.040567,-0.050342,-0.05523,-0.05523,-0.05523,-0.05523,-0.05523,-0.060606,-0.010264,0.11486,0.34995,0.6349,0.79521,0.68524,0.35973,0.07478,-0.050342,-0.065494,-0.080645,-0.085533,-0.09042,-0.09042,-0.09042,-0.09042,-0.09042,-0.085533,-0.085533,-0.080645,-0.075269,-0.070381,-0.065494,-0.060606,-0.05523,-0.045455,-0.035191,-0.030303,-0.020528,-0.010264,-0.00048876,0.0097752,0.014663,0.014663,0.0097752,0.0097752,0.014663,0.024438,0.039589,0.054741,0.069892,0.084555,0.089932,0.094819,0.089932,0.079668,0.069892,0.059629,0.044477,0.029814,0.014663,0.0043988,-0.00048876,-0.0053763,-0.010264,-0.010264,-0.015152,-0.015152,-0.015152,-0.015152,-0.010264,-0.00048876,0.0043988,-0.015152,-0.05523,-0.11535,-0.15054,-0.16031,-0.14565,-0.12023,-0.095308,-0.070381,-0.050342,-0.030303,-0.015152,-0.0053763,0.0043988,0.0097752,0.0097752,0.0097752,0.0097752,0.014663,0.029814,0.034702,0.029814,0.024438,0.024438,0.024438,0.01955,0.0097752,-0.010264,-0.035191,-0.060606,-0.085533,-0.095308,-0.095308,-0.085533,-0.085533,-0.085533,-0.065494,0.024438,0.21457,0.49511,0.75024,0.8001,0.52493,0.19501,-0.00048876,-0.05523,-0.065494,-0.075269,-0.080645,-0.09042,-0.095308,-0.095308,-0.085533,-0.080645,-0.075269,-0.075269,-0.075269,-0.060606,-0.045455,-0.035191,-0.035191,-0.035191,-0.035191,-0.030303,-0.030303,-0.020528,-0.010264,-0.00048876,0.0097752,0.024438,0.034702,0.044477,0.049853,0.054741,0.059629,0.069892,0.07478,0.079668,0.084555,0.07478,0.069892,0.054741,0.039589,0.024438,0.0097752,-0.00048876,-0.015152,-0.020528,-0.030303,-0.035191,-0.040567,-0.050342,-0.05523,-0.065494,-0.065494,-0.075269,-0.075269,-0.080645,-0.080645,-0.080645,-0.080645,-0.085533,-0.085533,-0.09042,-0.09042,-0.09042,-0.085533,-0.080645,-0.065494,-0.05523,-0.050342,-0.045455,-0.05523,-0.05523,-0.060606,-0.05523,-0.05523,-0.045455,-0.035191,-0.020528,-0.015152,-0.015152,-0.015152,-0.00048876,-0.00048876,-0.015152,-0.025415,-0.045455,-0.065494,-0.080645,-0.085533,-0.080645,-0.080645,-0.075269,-0.085533,-0.070381,0.0097752,0.18475,0.45503,0.71017,0.77028,0.53519,0.19501,-0.020528,-0.09042,-0.11046,-0.12023,-0.1305,-0.13539,-0.13539,-0.1305,-0.1305,-0.1305,-0.1305,-0.12561,-0.12561,-0.12023,-0.11046,-0.1002,-0.085533,-0.080645,-0.075269,-0.070381,-0.065494,-0.060606,-0.05523,-0.05523,-0.050342,-0.040567,-0.030303,-0.015152,-0.0053763,0.0043988,0.0097752,0.014663,0.024438,0.029814,0.034702,0.044477,0.049853,0.049853,0.044477,0.034702,0.024438,0.014663,0.0097752,0.0043988,-0.0053763,-0.015152,-0.030303,-0.035191,-0.035191,-0.035191,-0.040567,-0.045455,-0.050342,-0.05523,-0.065494,-0.070381,-0.075269,-0.080645,-0.080645,-0.080645,-0.075269,-0.075269,-0.070381,-0.070381,-0.070381,-0.065494,-0.065494,-0.065494,-0.065494,-0.060606,-0.05523,-0.050342,-0.040567,-0.030303,-0.015152,0.0043988,0.01955,0.029814,0.049853,0.07478,0.10459,0.11975,0.12463,0.099707,0.069892,0.054741,0.049853,0.049853,0.049853,0.049853,0.044477,0.07478,0.17498,0.37488,0.66031,0.90518,0.95015,0.61486,0.26002,0.064516,0.0043988,-0.010264,-0.020528,-0.025415,-0.030303,-0.035191,-0.030303,-0.020528,-0.0053763,0.0043988,0.0097752,0.0097752,0.0097752,0.0097752,0.014663,0.0043988,-0.00048876,0.0097752,0.039589,0.064516,0.084555,0.10459,0.11975,0.13978,0.14956,0.16471,0.17498,0.17498,0.17498,0.17986,0.20479,0.22972,0.24976,0.25464,0.26002,0.22972,0.20479,0.18475,0.17498,0.15982,0.14467,0.1349,0.10948,0.084555,0.064516,0.049853,0.039589,0.029814,0.014663,-0.0053763,-0.020528,-0.025415,-0.020528,-0.010264,-0.00048876,0.0043988,0.0097752,0.014663,0.01955,0.024438,0.029814,0.029814,0.029814,0.029814,0.034702,0.044477,0.049853,0.049853,0.054741,0.054741,0.059629,0.059629,0.069892,0.079668,0.089932,0.089932,0.094819,0.099707,0.10459,0.094819,0.07478,0.049853,0.024438,-0.00048876,-0.020528,-0.035191,-0.035191,-0.035191,-0.035191,-0.040567,-0.010264,0.094819,0.30499,0.59531,0.79521,0.71994,0.41496,0.099707,-0.05523,-0.095308,-0.11046,-0.12561,-0.1305,-0.12023,-0.10557,-0.09042,-0.085533,-0.085533,-0.075269,-0.060606,-0.05523,-0.05523,-0.05523,-0.05523,-0.050342,-0.045455,-0.040567,-0.025415,-0.0053763,0.0097752,0.014663,0.01955,0.024438,0.034702,0.044477,0.064516,0.069892,0.07478,0.084555,0.089932,0.094819,0.099707,0.11486,0.11975,0.12952,0.12463,0.10948,0.094819,0.07478,0.059629,0.039589,0.01955,0.0097752,0.0043988,0.0097752,0.0097752,0.0043988,-0.00048876,-0.020528,-0.030303,-0.025415,-0.010264,-0.00048876,0.0043988,-0.00048876,-0.00048876,-0.00048876,-0.0053763,-0.0053763,-0.0053763,-0.00048876,-0.00048876,0.0043988,0.0043988,-0.00048876,-0.00048876,-0.0053763,-0.010264,-0.010264,-0.010264,-0.00048876,0.014663,0.029814,0.029814,0.024438,0.024438,0.039589,0.044477,0.039589,0.029814,0.014663,-0.00048876,-0.010264,-0.015152,-0.020528,-0.020528,-0.020528,-0.015152,-0.00048876,0.064516,0.21994,0.46481,0.73021,0.82014,0.63001,0.28495,0.01955,-0.075269,-0.085533,-0.080645,-0.080645,-0.080645,-0.075269,-0.065494,-0.060606,-0.060606,-0.05523,-0.050342,-0.040567,-0.030303,-0.020528,-0.010264,0.0043988,0.014663,0.029814,0.049853,0.069892,0.084555,0.094819,0.11486,0.12952,0.13978,0.13978,0.15494,0.1696,0.19501,0.20968,0.22483,0.24487,0.26979,0.28495,0.28983,0.28983,0.27468,0.26491,0.24976,0.22972,0.21457,0.20968,0.21457,0.21994,0.20968,0.19501,0.18475,0.17498,0.16471,0.15982,0.15982,0.15982,0.15982,0.15982,0.16471,0.15982,0.15982,0.15494,0.14956,0.14467,0.1349,0.12952,0.12463,0.11486,0.099707,0.089932,0.079668,0.07478,0.07478,0.079668,0.089932,0.094819,0.10948,0.11975,0.12463,0.1349,0.12952,0.1349,0.14467,0.13978,0.12463,0.10459,0.084555,0.064516,0.049853,0.034702,0.029814,0.029814,0.029814,0.024438,0.044477,0.12952,0.30987,0.58993,0.8304,0.87048,0.565,0.22972,0.034702,-0.020528,-0.035191,-0.040567,-0.040567,-0.035191,-0.030303,-0.035191,-0.040567,-0.040567,-0.030303,-0.020528,-0.015152,-0.015152,-0.010264,-0.0053763,-0.00048876,-0.00048876,0.0097752,0.014663,0.029814,0.039589,0.054741,0.064516,0.069892,0.07478,0.07478,0.079668,0.079668,0.094819,0.10948,0.12952,0.13978,0.14956,0.15494,0.15982,0.16471,0.15982,0.13978,0.12463,0.11486,0.10948,0.099707,0.094819,0.094819,0.089932,0.079668,0.064516,0.049853,0.034702,0.024438,0.01955,0.014663,0.0097752,0.0043988,0.0043988,0.0043988,-0.00048876,-0.00048876,-0.00048876,-0.00048876,-0.00048876,-0.0053763,-0.010264,-0.010264,-0.010264,-0.010264,-0.0053763,-0.00048876,-0.00048876,0.0043988,0.0043988,0.0043988,0.01955,0.044477,0.069892,0.084555,0.089932,0.099707,0.10459,0.10948,0.094819,0.07478,0.049853,0.029814,0.014663,0.0043988,-0.00048876,-0.00048876,-0.00048876,-0.00048876,0.01955,0.11486,0.31476,0.60508,0.83529,0.87048,0.565,0.2346,0.044477,-0.015152,-0.035191,-0.045455,-0.05523,-0.060606,-0.060606,-0.065494,-0.065494,-0.060606,-0.060606,-0.060606,-0.05523,-0.050342,-0.045455,-0.035191,-0.030303,-0.020528,-0.010264,0.0043988,0.014663,0.024438,0.034702,0.044477,0.054741,0.064516,0.07478,0.084555,0.094819,0.10948,0.11975,0.12952,0.13978,0.14467,0.15494,0.15982,0.15494,0.13978,0.1349,0.12463,0.10948,0.094819,0.079668,0.07478,0.069892,0.064516,0.054741,0.044477,0.044477,0.039589,0.039589,0.044477,0.049853,0.054741,0.059629,0.064516,0.049853,0.044477,0.044477,0.049853,0.054741,0.094819,0.15494,0.20968,0.21994,0.1349,0.0097752,-0.05523,-0.095308,-0.10557,-0.025415,0.034702,0.044477,-0.035191,-0.05523,-0.030303,-0.015152,-0.010264,0.0043988,0.029814,0.039589,0.064516,0.10948,0.11486,0.034702,-0.0053763,-0.015152,0.039589,0.054741,-0.065494,-0.18573,-0.21554,-0.12561,0.094819,0.38514,0.65494,0.78543,0.65494,0.3348,0.064516,-0.050342,-0.080645,-0.1002,-0.11046,-0.12023,-0.1305,-0.13539,-0.13539,-0.1305,-0.1305,-0.14027,-0.14027,-0.14027,-0.14027,-0.12561,-0.10557,-0.09042,-0.070381,-0.050342,-0.025415,-0.00048876,0.0097752,0.0043988,-0.00048876,0.0097752,0.014663,0.0097752,0.029814,0.049853,0.064516,0.07478,0.084555,0.094819,0.099707,0.10948,0.10948,0.11486,0.10459,0.089932,0.07478,0.064516,0.054741,0.044477,0.039589,0.034702,0.034702,0.029814,0.029814,0.024438,0.014663,0.0097752,0.0097752,0.014663,0.024438,0.01955,0.0097752,0.0097752,0.0097752,0.0097752,0.0097752,0.0097752,0.0097752,-0.00048876,-0.0053763,-0.00048876,0.0043988,0.01955,0.029814,0.044477,0.054741,0.059629,0.064516,0.069892,0.07478,0.089932,0.099707,0.10459,0.10948,0.11486,0.12463,0.12952,0.11975,0.10948,0.094819,0.07478,0.054741,0.049853,0.049853,0.054741,0.059629,0.054741,0.064516,0.12952,0.28495,0.54008,0.81036,0.91007,0.72532,0.39003,0.13978,0.054741,0.034702,0.029814,0.024438,0.024438,0.024438,0.029814,0.024438,0.01955,0.01955,0.01955,0.029814,0.039589,0.049853,0.064516,0.07478,0.079668,0.079668,0.079668,0.084555,0.089932,0.094819,0.10459,0.11975,0.13978,0.14467,0.14467,0.13978,0.14467,0.15494,0.1696,0.18475,0.1999,0.20479,0.19501,0.18475,0.17498,0.15982,0.15494,0.13978,0.11975,0.099707,0.094819,0.099707,0.10459,0.099707,0.094819,0.089932,0.079668,0.079668,0.089932,0.094819,0.099707,0.099707,0.094819,0.089932,0.07478,0.069892,0.064516,0.054741,0.049853,0.039589,0.024438,0.0043988,-0.015152,-0.025415,-0.030303,-0.035191,-0.040567,-0.045455,-0.045455,-0.035191,-0.020528,-0.0053763,0.0097752,0.024438,0.034702,0.034702,0.034702,0.044477,0.049853,0.034702,0.01955,-0.00048876,-0.025415,-0.045455,-0.05523,-0.065494,-0.065494,-0.065494,-0.065494,-0.065494,-0.035191,0.079668,0.29472,0.57527,0.76002,0.68524,0.37977,0.069892,-0.085533,-0.12023,-0.13539,-0.14027,-0.14565,-0.14565,-0.14027,-0.1305,-0.12561,-0.12023,-0.12023,-0.12023,-0.12023,-0.12023,-0.12023,-0.11535,-0.11046,-0.10557,-0.095308,-0.085533,-0.075269,-0.060606,-0.050342,-0.040567,-0.030303,-0.015152,-0.00048876,0.0043988,0.014663,0.029814,0.044477,0.054741,0.069892,0.084555,0.089932,0.094819,0.089932,0.084555,0.069892,0.049853,0.034702,0.01955,0.0043988,-0.0053763,-0.015152,-0.015152,-0.020528,-0.030303,-0.045455,-0.05523,-0.060606,-0.065494,-0.070381,-0.070381,-0.065494,-0.065494,-0.060606,-0.05523,-0.040567,-0.035191,-0.030303,-0.030303,-0.025415,-0.020528,-0.020528,-0.025415,-0.030303,-0.035191,-0.035191,-0.035191,-0.035191,-0.035191,-0.035191,-0.035191,-0.030303,-0.020528,-0.010264,-0.0053763,-0.00048876,0.0043988,0.014663,0.014663,0.0043988,-0.010264,-0.030303,-0.050342,-0.060606,-0.060606,-0.05523,-0.050342,-0.060606,-0.065494,-0.040567,0.059629,0.26002,0.54008,0.75024,0.77517,0.45015,0.1349,-0.035191,-0.085533,-0.1002,-0.10557,-0.11046,-0.11046,-0.11046,-0.11046,-0.10557,-0.1002,-0.095308,-0.085533,-0.080645,-0.075269,-0.065494,-0.060606,-0.05523,-0.050342,-0.040567,-0.030303,-0.020528,-0.015152,-0.0053763,0.0043988,0.014663,0.024438,0.029814,0.039589,0.044477,0.049853,0.059629,0.069892,0.079668,0.089932,0.094819,0.099707,0.099707,0.094819,0.079668,0.07478,0.064516,0.054741,0.044477,0.034702,0.029814,0.01955,0.014663,0.0097752,0.0097752,0.0043988,0.0043988,-0.00048876,-0.00048876,-0.010264,-0.010264,-0.010264,-0.010264,-0.010264,-0.010264,-0.0053763,-0.00048876,-0.00048876,-0.0053763,-0.00048876,0.0097752,0.014663,0.014663,0.014663,0.014663,0.014663,0.014663,0.014663,0.014663,0.01955,0.029814,0.044477,0.064516,0.069892,0.07478,0.089932,0.094819,0.089932,0.079668,0.064516,0.049853,0.034702,0.029814,0.024438,0.029814,0.034702,0.044477,0.044477,0.064516,0.14467,0.32502,0.60508,0.84506,0.89052,0.60997,0.28983,0.099707,0.044477,0.034702,0.034702,0.034702,0.034702,0.034702,0.034702,0.044477,0.044477,0.049853,0.049853,0.054741,0.054741,0.064516,0.069892,0.07478,0.084555,0.094819,0.099707,0.10948,0.11975,0.12952,0.13978,0.14467,0.15494,0.15982,0.16471,0.1696,0.17498,0.17986,0.18475,0.19501,0.1999,0.20479,0.20479,0.1999,0.18475,0.17498,0.15982,0.14467,0.12952,0.11486,0.099707,0.084555,0.07478,0.069892,0.064516,0.054741,0.049853,0.044477,0.044477,0.044477,0.044477,0.044477,0.039589,0.044477,0.044477,0.044477,0.039589,0.039589,0.039589,0.039589,0.039589,0.044477,0.044477,0.044477,0.044477,0.044477,0.044477,0.044477,0.044477,0.049853,0.054741,0.064516,0.07478,0.094819,0.099707,0.094819,0.094819,0.10948,0.11486,0.10459,0.089932,0.07478,0.054741,0.034702,0.024438,0.01955,0.01955,0.014663,0.0097752,0.0097752,0.069892,0.21994,0.47507,0.75024,0.86022,0.68035,0.34506,0.089932,-0.0053763,-0.020528,-0.035191,-0.040567,-0.040567,-0.050342,-0.05523,-0.05523,-0.05523,-0.05523,-0.05523,-0.050342,-0.045455,-0.040567,-0.035191,-0.030303,-0.025415,-0.015152,-0.010264,-0.00048876,0.0097752,0.01955,0.029814,0.034702,0.044477,0.054741,0.064516,0.064516,0.07478,0.084555,0.094819,0.10459,0.11486,0.11975,0.12463,0.12463,0.11975,0.10948,0.099707,0.089932,0.07478,0.059629,0.049853,0.034702,0.029814,0.01955,0.014663,0.0097752,-0.00048876,-0.010264,-0.015152,-0.020528,-0.030303,-0.030303,-0.030303,-0.030303,-0.030303,-0.030303,-0.035191,-0.035191,-0.035191,-0.035191,-0.040567,-0.045455,-0.050342,-0.050342,-0.05523,-0.05523,-0.060606,-0.065494,-0.075269,-0.075269,-0.075269,-0.075269,-0.065494,-0.05523,-0.040567,-0.035191,-0.025415,-0.015152,-0.010264,-0.010264,-0.020528,-0.035191,-0.050342,-0.065494,-0.080645,-0.085533,-0.085533,-0.085533,-0.09042,-0.1002,-0.080645,0.0043988,0.18964,0.45992,0.69501,0.73509,0.43988,0.11486,-0.070381,-0.12023,-0.1305,-0.14027,-0.14565,-0.14565,-0.14565,-0.15054,-0.15054,-0.14565,-0.14565,-0.14565,-0.14565,-0.14027,-0.13539,-0.1305,-0.1305,-0.12561,-0.11535,-0.11046,-0.10557,-0.1002,-0.09042,-0.085533,-0.080645,-0.070381,-0.065494,-0.060606,-0.050342,-0.045455,-0.040567,-0.035191,-0.020528,-0.015152,-0.010264,-0.0053763,-0.010264,-0.020528,-0.030303,-0.045455,-0.065494,-0.080645,-0.09042,-0.1002,-0.10557,-0.11535,-0.12023,-0.12561,-0.1305,-0.14027,-0.14565,-0.15054,-0.16031,-0.16031,-0.16569,-0.17058,-0.17546,-0.17546,-0.17546,-0.17546,-0.18035,-0.18035,-0.17546,-0.18035,-0.18035,-0.18035,-0.18035,-0.18035,-0.17546,-0.17546,-0.17546,-0.17546,-0.17546,-0.17058,-0.17058,-0.16031,-0.15054,-0.13539,-0.1305,-0.1305,-0.12561,-0.11535,-0.12023,-0.1305,-0.15054,-0.17058,-0.19062,-0.20528,-0.21065,-0.21065,-0.21065,-0.20528,-0.21065,-0.19062,-0.11046,0.064516,0.3348,0.58016,0.6349,0.38514,0.054741,-0.16031,-0.23069,-0.25073,-0.2654,-0.27077,-0.27566,-0.27566,-0.27566,-0.27077,-0.2654,-0.26051,-0.25562,-0.25073,-0.24047,-0.23069,-0.23069,-0.22532,-0.21554,-0.20528,-0.1955,-0.19062,-0.17546,-0.16569,-0.16031,-0.14565,-0.13539,-0.12023,-0.11046,-0.1002,-0.09042,-0.075269,-0.065494,-0.050342,-0.035191,-0.030303,-0.030303,-0.030303,-0.035191,-0.045455,-0.05523,-0.065494,-0.075269,-0.085533,-0.095308,-0.10557,-0.11046,-0.11535,-0.12023,-0.12023,-0.12561,-0.12561,-0.1305,-0.14027,-0.14565,-0.15054,-0.15543,-0.15543,-0.15543,-0.16031,-0.16031,-0.16031,-0.16569,-0.17058,-0.17058,-0.17058,-0.17058,-0.17058,-0.16569,-0.16569,-0.16031,-0.16031,-0.16031,-0.16031,-0.15543,-0.14565,-0.1305,-0.11535,-0.10557,-0.095308,-0.085533,-0.075269,-0.070381,-0.080645,-0.1002,-0.11535,-0.13539,-0.14565,-0.15054,-0.15054,-0.14565,-0.14027,-0.14027,-0.13539,-0.075269,0.064516,0.30987,0.58993,0.71994,0.57527,0.24976,-0.015152,-0.12023,-0.14027,-0.14565,-0.16031,-0.16569,-0.16569,-0.16031,-0.16031,-0.16031,-0.16031,-0.15543,-0.15054,-0.14565,-0.14027,-0.14565,-0.14565,-0.14027,-0.1305,-0.12023,-0.10557,-0.095308,-0.085533,-0.075269,-0.065494,-0.05523,-0.040567,-0.025415,-0.020528,-0.025415,-0.025415,-0.015152,-0.00048876,0.014663,0.029814,0.044477,0.054741,0.064516,0.069892,0.069892,0.049853,0.01955,-0.0053763,-0.015152,-0.015152,-0.010264,-0.015152,-0.025415,-0.030303,-0.030303,-0.025415,-0.030303,-0.030303,-0.030303,-0.030303,-0.040567,-0.050342,-0.05523,-0.05523,-0.050342,-0.05523,-0.060606,-0.065494,-0.065494,-0.060606,-0.05523,-0.050342,-0.050342,-0.050342,-0.050342,-0.05523,-0.05523,-0.05523,-0.050342,-0.045455,-0.035191,-0.015152,-0.010264,-0.00048876,0.0043988,0.014663,0.01955,0.0097752,-0.00048876,-0.015152,-0.035191,-0.045455,-0.05523,-0.060606,-0.060606,-0.05523,-0.05523,-0.05523,-0.025415,0.079668,0.29472,0.58504,0.79032,0.8001,0.46481,0.17498,0.01955,-0.010264,-0.015152,-0.020528,-0.025415,-0.025415,-0.020528,-0.020528,-0.020528,-0.015152,-0.015152,-0.010264,-0.0053763,-0.00048876,-0.00048876,-0.0053763,-0.010264,-0.010264,-0.020528,-0.045455,-0.085533,-0.09042,-0.065494,-0.045455,-0.030303,-0.020528,-0.020528,-0.0053763,0.0097752,0.014663,0.029814,0.034702,-0.015152,-0.025415,0.044477,0.10459,0.13978,0.15982,0.1696,0.17498,0.17498,0.17986,0.18475,0.17498,0.15982,0.15494,0.15494,0.15982,0.14956,0.13978,0.13978,0.14956,0.15982,0.1696,0.16471,0.15494,0.14956,0.14956,0.14956,0.15494,0.15982,0.16471,0.1696,0.16471,0.16471,0.16471,0.17498,0.18475,0.18964,0.1999,0.18475,0.16471,0.15982,0.16471,0.17986,0.19501,0.18475,0.16471,0.13978,0.12463,0.10948,0.094819,0.064516,0.014663,-0.015152,-0.00048876,0.039589,0.059629,0.054741,0.054741,0.039589,0.01955,0.049853,0.1696,0.39492,0.68035,0.83529,0.71505,0.39492,0.11486,-0.0053763,-0.030303,-0.040567,-0.045455,-0.040567,-0.020528,-0.0053763,-0.00048876,-0.010264,-0.010264,-0.010264,-0.00048876,0.0097752,0.029814,0.044477,0.059629,0.07478,0.089932,0.10459,0.11486,0.12463,0.1349,0.13978,0.1349,0.11975,0.11975,0.12463,0.1349,0.1349,0.14467,0.15494,0.15494,0.16471,0.17986,0.1999,0.20479,0.19501,0.18475,0.1696,0.15982,0.14956,0.14467,0.1349,0.12952,0.12463,0.11975,0.11486,0.099707,0.089932,0.089932,0.089932,0.089932,0.089932,0.094819,0.089932,0.089932,0.089932,0.089932,0.084555,0.079668,0.079668,0.079668,0.07478,0.07478,0.069892,0.064516,0.054741,0.054741,0.064516,0.069892,0.07478,0.079668,0.079668,0.089932,0.099707,0.10948,0.11486,0.10948,0.11486,0.11975,0.12463,0.11975,0.11486,0.094819,0.084555,0.07478,0.069892,0.069892,0.069892,0.069892,0.064516,0.07478,0.13978,0.30499,0.565,0.82502,0.90518,0.71017,0.37488,0.12952,0.039589,0.014663,-0.00048876,-0.010264,-0.015152,-0.015152,-0.010264,-0.010264,-0.00048876,-0.00048876,0.0043988,0.0097752,0.014663,0.014663,0.01955,0.024438,0.029814,0.039589,0.049853,0.064516,0.07478,0.079668,0.094819,0.10948,0.11975,0.12952,0.13978,0.15494,0.16471,0.17498,0.18475,0.1999,0.20968,0.21994,0.22483,0.21994,0.20968,0.1999,0.18964,0.17986,0.16471,0.15982,0.15982,0.15494,0.15494,0.14467,0.13978,0.12463,0.11975,0.11486,0.11486,0.11486,0.11975,0.11975,0.12463,0.12463,0.12463,0.12952,0.1349,0.13978,0.13978,0.13978,0.13978,0.14467,0.14956,0.15982,0.1696,0.17986,0.19501,0.20479,0.21457,0.22972,0.24976,0.26979,0.28983,0.30987,0.31965,0.3348,0.34995,0.35973,0.3651,0.3651,0.35973,0.34506,0.32991,0.31476,0.30987,0.30987,0.31476,0.30499,0.3001,0.32991,0.435,0.65005,0.93548,1.1153,1.0406,0.74536,0.43988,0.28495,0.25464,0.24976,0.24487,0.23998,0.2346,0.2346,0.2346,0.2346,0.2346,0.24487,0.24487,0.24976,0.26002,0.26491,0.26491,0.26979,0.26979,0.26491,0.26002,0.26002,0.26491,0.26979,0.27468,0.28006,0.28983,0.29472,0.3001,0.3001,0.30987,0.31476,0.31476,0.31476,0.30987,0.30499,0.30499,0.30987,0.3001,0.29472,0.28983,0.28983,0.3001,0.31476,0.32991,0.3348,0.31965,0.31476,0.30987,0.3001,0.30499,0.31476,0.31965,0.32502,0.31965,0.31965,0.31965,0.3348,0.34506,0.34995,0.34995,0.34995,0.3348,0.31965,0.29472,0.28495,0.28495,0.28983,0.29472,0.28006,0.26491,0.25464,0.25464,0.26002,0.27468,0.29472,0.31476,0.32502,0.32991,0.32502,0.3348,0.32991,0.31476,0.29472,0.28495,0.27468,0.28006,0.28006,0.28495,0.28983,0.28983,0.28006,0.27468,0.3348,0.47019,0.72532,0.9956,1.0904,0.90518,0.56989,0.31476,0.21994,0.19501,0.17986,0.16471,0.15494,0.14467,0.14467,0.13978,0.13978,0.1349,0.12463,0.11975,0.11486,0.11486,0.11486,0.11486,0.11975,0.12463,0.1349,0.14467,0.14956,0.15982,0.16471,0.16471,0.17498,0.17986,0.18475,0.18964,0.1999,0.20479,0.20968,0.21994,0.22483,0.22972,0.2346,0.2346,0.22972,0.22483,0.20968,0.1999,0.17986,0.15982,0.14467,0.1349,0.12463,0.11975,0.11486,0.10948,0.099707,0.094819,0.089932,0.084555,0.079668,0.07478,0.07478,0.069892,0.064516,0.064516,0.064516,0.059629,0.054741,0.07478,0.099707,0.11486,0.11486,0.11486,0.10948,0.099707,0.094819,0.094819,0.094819,0.089932,0.089932,0.089932,0.094819,0.10459,0.10948,0.10459,0.10459,0.11486,0.10948,0.094819,0.07478,0.054741,0.029814,0.0097752,-0.00048876,-0.010264,-0.010264,-0.010264,-0.020528,-0.020528,0.034702,0.16471,0.41007,0.68035,0.79521,0.62512,0.29472,0.039589,-0.065494,-0.095308,-0.11046,-0.12023,-0.12561,-0.12561,-0.12023,-0.11535,-0.11046,-0.10557,-0.10557,-0.1002,-0.09042,-0.085533,-0.080645,-0.075269,-0.070381,-0.065494,-0.05523,-0.050342,-0.040567,-0.035191,-0.030303,-0.020528,-0.015152,-0.0053763,0.0043988,0.0097752,0.014663,0.024438,0.029814,0.039589,0.044477,0.054741,0.054741,0.049853,0.039589,0.029814,0.014663,-0.00048876,-0.020528,-0.035191,-0.045455,-0.05523,-0.060606,-0.065494,-0.075269,-0.080645,-0.085533,-0.09042,-0.09042,-0.095308,-0.095308,-0.095308,-0.095308,-0.095308,-0.095308,-0.09042,-0.085533,-0.085533,-0.085533,-0.085533,-0.085533,-0.080645,-0.075269,-0.075269,-0.075269,-0.075269,-0.075269,-0.070381,-0.065494,-0.065494,-0.060606,-0.050342,-0.035191,-0.015152,-0.0053763,0.0043988,0.014663,0.034702,0.039589,0.034702,0.024438,0.0043988,-0.015152,-0.030303,-0.035191,-0.035191,-0.035191,-0.030303,-0.040567,-0.045455,0.024438,0.18964,0.45015,0.71505,0.78543,0.57527,0.24976,0.024438,-0.05523,-0.075269,-0.085533,-0.09042,-0.095308,-0.095308,-0.095308,-0.09042,-0.085533,-0.080645,-0.075269,-0.070381,-0.065494,-0.060606,-0.05523,-0.045455,-0.025415,-0.020528,-0.015152,-0.015152,-0.0053763,-0.00048876,0.0043988,0.0097752,0.014663,0.01955,0.024438,0.029814,0.039589,0.054741,0.064516,0.079668,0.089932,0.094819,0.094819,0.094819,0.084555,0.069892,0.054741,0.034702,0.029814,0.024438,0.014663,0.0097752,-0.00048876,-0.010264,-0.020528,-0.035191,-0.040567,-0.045455,-0.050342,-0.05523,-0.05523,-0.05523,-0.060606,-0.060606,-0.060606,-0.045455,-0.020528,0.0043988,0.039589,0.064516,0.094819,0.11975,0.14956,0.17986,0.20968,0.22972,0.24976,0.26491,0.28006,0.29472,0.30499,0.31476,0.32991,0.34995,0.35484,0.35973,0.3651,0.37977,0.38514,0.37977,0.3651,0.34995,0.32991,0.30987,0.29472,0.28983,0.28983,0.28983,0.28495,0.28495,0.31476,0.42473,0.64027,0.92033,1.0904,1.0103,0.70528,0.39492,0.24487,0.1999,0.18475,0.17498,0.16471,0.16471,0.16471,0.16471,0.16471,0.1696,0.16471,0.1696,0.17498,0.17986,0.17986,0.17986,0.17986,0.18964,0.1999,0.20479,0.21457,0.22483,0.2346,0.24487,0.24976,0.25464,0.26002,0.26979,0.27468,0.28006,0.28983,0.29472,0.30499,0.30987,0.30987,0.3001,0.29472,0.28495,0.27468,0.26491,0.24976,0.22972,0.22483,0.20968,0.1999,0.1999,0.20479,0.18964,0.17986,0.17498,0.14956,0.10459,0.069892,0.054741,0.049853,0.049853,0.059629,0.069892,0.07478,0.07478,0.069892,0.064516,0.064516,0.064516,0.069892,0.069892,0.064516,0.059629,0.059629,0.064516,0.064516,0.064516,0.069892,0.069892,0.07478,0.084555,0.10459,0.11975,0.12952,0.1349,0.14467,0.17498,0.19501,0.1999,0.18475,0.16471,0.14467,0.12952,0.11975,0.11486,0.10948,0.099707,0.094819,0.10948,0.17498,0.34506,0.61486,0.85533,0.89541,0.6002,0.24487,0.024438,-0.035191,-0.015152,0.0097752,0.024438,0.044477,0.049853,0.044477,0.024438,-0.00048876,-0.00048876,0.0097752,0.014663,0.01955,0.024438,0.0097752,-0.015152,-0.035191,-0.040567,-0.015152,0.044477,0.10459,0.1349,0.14467,0.14467,0.14467,0.14956,0.1696,0.18475,0.20479,0.2346,0.28006,0.31965,0.32502,0.29472,0.26979,0.24976,0.22483,0.20479,0.17986,0.15982,0.13978,0.11486,0.099707,0.099707,0.10948,0.10459,0.07478,0.049853,0.034702,0.029814,0.034702,0.059629,0.07478,0.079668,0.07478,0.07478,0.07478,0.079668,0.084555,0.089932,0.089932,0.089932,0.099707,0.10459,0.10948,0.094819,0.094819,0.094819,0.094819,0.094819,0.094819,0.089932,0.079668,0.079668,0.079668,0.084555,0.089932,0.099707,0.10459,0.10948,0.11975,0.13978,0.1349,0.11486,0.094819,0.07478,0.054741,0.034702,0.034702,0.044477,0.069892,0.084555,0.094819,0.10459,0.15494,0.28495,0.51515,0.78006,0.92522,0.81525,0.50978,0.22972,0.10459,0.089932,0.089932,0.094819,0.10948,0.12463,0.1349,0.14467,0.15494,0.15982,0.17498,0.18964,0.1999,0.20968,0.22483,0.2346,0.24976,0.25464,0.26979,0.28983,0.31476,0.3348,0.34995,0.35484,0.35973,0.35973,0.3651,0.36999,0.36999,0.37488,0.39003,0.41007,0.42473,0.44477,0.45503,0.45992,0.44477,0.43011,0.41007,0.39003,0.3651,0.34995,0.3348,0.31965,0.30987,0.30987,0.30987,0.30987,0.3001,0.29472,0.28495,0.27468,0.26491,0.24976,0.24487,0.2346,0.2346,0.2346,0.22972,0.22483,0.21457,0.20479,0.20479,0.20479,0.20479,0.20968,0.20968,0.21457,0.20968,0.20968,0.20479,0.1999,0.18475,0.17498,0.17498,0.17498,0.17986,0.18475,0.18475,0.17986,0.17986,0.18475,0.17498,0.15494,0.1349,0.11486,0.089932,0.064516,0.044477,0.039589,0.044477,0.034702,0.024438,0.039589,0.11975,0.29472,0.54985,0.77517,0.81525,0.54497,0.21457,0.0097752,-0.060606,-0.080645,-0.1002,-0.11535,-0.12023,-0.12561,-0.1305,-0.1305,-0.1305,-0.1305,-0.12561,-0.12561,-0.12023,-0.12023,-0.12023,-0.11046,-0.10557,-0.095308,-0.09042,-0.080645,-0.075269,-0.070381,-0.065494,-0.05523,-0.050342,-0.040567,-0.030303,-0.020528,-0.010264,-0.00048876,0.0043988,0.014663,0.029814,0.044477,0.059629,0.07478,0.079668,0.079668,0.07478,0.054741,0.039589,0.024438,0.0043988,-0.0053763,-0.010264,-0.025415,-0.040567,-0.045455,-0.040567,-0.015152,0.0043988,0.0097752,0.0043988,-0.00048876,-0.00048876,0.0097752,0.029814,0.039589,0.024438,0.0097752,-0.0053763,-0.025415,-0.060606,-0.11046,-0.14027,-0.095308,0.014663,0.1349,0.22483,0.26002,0.26491,0.24976,0.22972,0.20968,0.20479,0.21457,0.22483,0.22483,0.22483,0.22972,0.24976,0.26002,0.26491,0.25464,0.23998,0.22972,0.21457,0.20479,0.1999,0.1999,0.20479,0.21457,0.23998,0.31965,0.49022,0.75024,0.98045,1.0254,0.75513,0.435,0.22972,0.16471,0.14467,0.14467,0.14467,0.15494,0.1696,0.18964,0.20479,0.21994,0.2346,0.24976,0.26491,0.28495,0.30987,0.3348,0.35973,0.37977,0.3998,0.41984,0.43988,0.47019,0.5,0.53519,0.56989,0.6002,0.62023,0.64027,0.65005,0.66031,0.6652,0.67498,0.68524,0.69501,0.70039,0.70039,0.69501,0.68524,0.67009,0.65494,0.64027,0.62023,0.6002,0.58504,0.56989,0.56012,0.54985,0.54497,0.54008,0.54497,0.54985,0.55523,0.565,0.57527,0.56989,0.56012,0.55523,0.54985,0.54497,0.54008,0.53519,0.52981,0.52004,0.50978,0.5,0.49511,0.49022,0.49511,0.49511,0.5,0.50489,0.51515,0.52981,0.54985,0.565,0.58993,0.62023,0.66031,0.68524,0.70528,0.73021,0.75024,0.75513,0.75024,0.73509,0.71994,0.70528,0.68524,0.68035,0.68035,0.67498,0.6652,0.65005,0.66031,0.71994,0.87537,1.1256,1.3607,1.4208,1.2004,0.88025,0.66031,0.57527,0.56012,0.54985,0.54008,0.54497,0.54985,0.55523,0.55523,0.56012,0.56012,0.56012,0.56989,0.58016,0.59531,0.60508,0.60997,0.61486,0.63001,0.64516,0.65494,0.66031,0.65005,0.66031,0.67009,0.68035,0.69013,0.69501,0.70039,0.70039,0.70528,0.71505,0.72532,0.74536,0.75513,0.76002,0.76002,0.76002,0.75024,0.73509,0.73021,0.73021,0.73021,0.72532,0.72532,0.73021,0.73998,0.76002,0.78006,0.79521,0.79521,0.79521,0.79521,0.79521,0.8001,0.80499,0.8001,0.79521,0.8001,0.81525,0.82502,0.8304,0.82014,0.80499,0.79032,0.78543,0.78006,0.78006,0.78006,0.77517,0.77028,0.76002,0.75024,0.74536,0.74536,0.75513,0.77028,0.78006,0.78543,0.78543,0.79032,0.8001,0.8001,0.79032,0.7654,0.71994,0.67009,0.62023,0.58016,0.58016,0.58016,0.565,0.56012,0.58016,0.63001,0.71994,0.89052,1.1706,1.3705,1.2507,0.93011,0.67009,0.56989,0.55523,0.55523,0.55523,0.55523,0.54985,0.53519,0.50978,0.47019,0.44477,0.42473,0.41007,0.41007,0.41984,0.43011,0.45992,0.52004,0.60508,0.67498,0.71994,0.73998,0.76002,0.79521,0.84018,0.87537,0.91007,0.94526,0.98045,1.0503,1.1403,1.2155,1.2708,1.3104,1.3358,1.3558,1.3656,1.3705,1.3856,1.4008,1.4306,1.4858,1.501,1.4809,1.4106,1.3358,1.2405,1.1554,1.0753,1.0103,0.96041,0.90518,0.86022,0.86022,0.89052,0.91544,0.93548,0.94037,0.92522,0.88025,0.82014,0.7654,0.70039,0.62023,0.55523,0.48485,0.3998,0.31965,0.23998,0.12952,-0.00048876,-0.14565,-0.2957,-0.4609,-0.50049,-0.50049,-0.50049,-0.50049,-0.50049,-0.50049,-0.50049,-0.50049,-0.50049,-0.50049,-0.50049,-0.50049,-0.50049,1.501,1.3705,1.2405,1.1256,1.0303,0.93548,0.8304,0.73509,0.65005,0.56989,0.52981,0.49022,0.33969,0.064516,-0.18035,-0.3304,-0.41544,-0.44575,-0.43548,-0.42571,-0.4306,-0.47067,-0.50049,-0.33578,-0.22532,-0.29081,-0.48094,-0.50049,-0.47067,-0.30059,-0.09042,0.059629,0.069892,-0.17546,-0.40078,-0.50049,-0.50049,-0.50049,-0.50049,-0.50049,-0.50049,-0.50049,-0.50049,-0.50049,-0.50049,-0.50049,-0.50049,-0.50049,-0.50049,-0.50049,-0.50049,-0.50049,-0.50049,-0.50049,-0.49071,-0.47556,-0.4609,-0.44086,-0.4306,-0.42571,-0.42082,-0.41056,-0.40567,-0.39052,-0.37586,-0.50049,-0.36559,-0.32063,-0.4306,-0.50049,-0.50049,-0.50049,-0.50049,-0.50049,-0.50049,-0.4306,-0.1955,0.069892,0.34995,0.76002,1.2605,1.501,1.501,1.501,1.501,1.501,1.501,1.501,1.501,1.501,1.501,1.501,1.501,1.501,1.501,1.501,1.501,1.501,1.501,1.4956,1.4555,1.4154,1.3807,1.3407,1.2957,1.2507,1.2107,1.1657,1.1202,1.0704,1.0254,0.99022,0.94526,0.91007,0.88514,0.85044,0.80499,0.77517,0.75513,0.73509,0.71017,0.69013,0.67498,0.64516,0.61486,0.58504,0.56012,0.54008,0.50978,0.47996,0.44477,0.42473,0.41007,0.39492,0.37977,0.3651,0.35973,0.35484,0.35484,0.35484,0.35973,0.34995,0.33969,0.34506,0.34506,0.34506,0.3651,0.3998,0.44477,0.49511,0.56012,0.62023,0.67009,0.71017,0.75024,0.79521,0.82014,0.84506,0.86022,0.85044,0.84506,0.85533,0.8651,0.87048,0.88025,0.90029,0.92522,0.94526,0.99022,1.0704,1.2307,1.4409,1.501,1.501,1.4306,1.2155,1.0655,0.99022,0.93548,0.89052,0.85044,0.82502,0.81036,0.79032,0.78543,0.79521,0.80499,0.80499,0.82014,0.85044,0.88025,0.91544,0.95015,0.9956,1.0303,1.0552,1.0806,1.1105,1.1305,1.1457,1.1554,1.1505,1.1305,1.1202,1.1153,1.1153,1.1056,1.0904,1.0806,1.0806,1.0753,1.0655,1.0606,1.0455,1.0303,1.0005,0.97019,0.94526,0.91544,0.88025,0.84506,0.81525,0.78543,0.75513,0.74536,0.73509,0.72532,0.71505,0.71017,0.70039,0.68524,0.68035,0.67009,0.66031,0.65005,0.64027,0.6349,0.62512,0.61486,0.60508,0.58993,0.565,0.54985,0.53519,0.52004,0.50978,0.51515,0.52981,0.53519,0.51515,0.5,0.5,0.5,0.5,0.50489,0.51515,0.52493,0.52004,0.49022,0.47019,0.46481,0.44477,0.43988,0.42473,0.40469,0.37488,0.35484,0.32991,0.30987,0.28495,0.27468,0.26979,0.26979,0.28495,0.34506,0.46481,0.65494,0.8304,0.87048,0.73509,0.52493,0.35484,0.26002,0.20479,0.1696,0.14467,0.12463,0.10948,0.099707,0.10459,0.10948,0.10948,0.089932,0.059629,0.094819,0.13978,0.14467,0.14467,0.15494,0.16471,0.17498,0.18475,0.18964,0.20479,0.22483,0.22972,0.21994,0.20479,0.1999,0.20479,0.20479,0.18964,0.17986,0.17986,0.18475,0.19501,0.1999,0.17498,0.16471,0.15982,0.15494,0.14467,0.12952,0.10459,0.089932,0.07478,0.059629,0.044477,0.029814,0.0097752,-0.020528,-0.050342,-0.060606,-0.060606,-0.050342,-0.05523,-0.065494,-0.065494,-0.060606,-0.060606,-0.065494,-0.080645,-0.095308,-0.1002,-0.1002,-0.095308,-0.09042,-0.095308,-0.095308,-0.1002,-0.1002,-0.1002,-0.095308,-0.085533,-0.085533,-0.080645,-0.075269,-0.085533,-0.095308,-0.095308,-0.085533,-0.065494,-0.060606,-0.060606,-0.060606,-0.045455,-0.040567,-0.050342,-0.05523,-0.065494,-0.075269,-0.080645,-0.075269,-0.075269,-0.065494,-0.05523,-0.045455,-0.025415,0.014663,0.099707,0.24976,0.45503,0.6002,0.60997,0.3998,0.1999,0.079668,0.029814,0.034702,0.029814,-0.00048876,-0.035191,-0.070381,-0.09042,-0.1002,-0.1002,-0.09042,-0.080645,-0.065494,-0.060606,-0.05523,-0.060606,-0.070381,-0.075269,-0.075269,-0.065494,-0.065494,-0.060606,-0.05523,-0.050342,-0.060606,-0.060606,-0.05523,-0.05523,-0.05523,-0.050342,-0.035191,-0.015152,-0.00048876,0.0097752,0.024438,0.039589,0.044477,0.029814,0.014663,-0.00048876,-0.020528,-0.035191,-0.045455,-0.060606,-0.070381,-0.075269,-0.075269,-0.080645,-0.065494,-0.050342,-0.040567,-0.045455,-0.040567,-0.045455,-0.05523,-0.095308,-0.50049,-0.45064,-0.35582,-0.4306,-0.50049,-0.50049,-0.50049,-0.50049,-0.50049,-0.50049,-0.50049,-0.50049,-0.50049,-0.50049,-0.50049,-0.50049,-0.50049,-0.50049,-0.50049,-0.50049,-0.50049,-0.50049,-0.46579,-0.43548,-0.40567,-0.37586,-0.35582,-0.34066,-0.32551,-0.31574,-0.30547,-0.29081,-0.27077,-0.26051,-0.25562,-0.25073,-0.24047,-0.24047,-0.24047,-0.25073,-0.25073,-0.25562,-0.2654,-0.28055,-0.29081,-0.2957,-0.30059,-0.30547,-0.30059,-0.28543,-0.28543,-0.28543,-0.28055,-0.27566,-0.2654,-0.25073,-0.23558,-0.21065,-0.19062,-0.17058,-0.16569,-0.16569,-0.15543,-0.14565,-0.14027,-0.12561,-0.11046,-0.10557,-0.1002,-0.095308,-0.09042,-0.11046,-0.11535,-0.12561,-0.14565,-0.15054,-0.15543,-0.16569,-0.16569,-0.16031,-0.15054,-0.1305,-0.095308,-0.065494,-0.040567,-0.025415,-0.0053763,0.01955,0.034702,0.029814,0.029814,0.029814,0.024438,0.014663,0.0097752,0.014663,0.029814,0.034702,0.039589,0.044477,0.079668,0.16471,0.30987,0.52981,0.72532,0.7654,0.62512,0.435,0.29472,0.21994,0.17986,0.1349,0.099707,0.079668,0.079668,0.089932,0.10459,0.12463,0.14467,0.15982,0.1696,0.17986,0.20479,0.22483,0.23998,0.26002,0.26979,0.28983,0.31476,0.34506,0.3651,0.37977,0.39003,0.39492,0.39492,0.40469,0.41984,0.435,0.45015,0.45992,0.47507,0.49022,0.50489,0.50978,0.49511,0.47019,0.45015,0.43011,0.41984,0.40469,0.39003,0.37488,0.35973,0.34995,0.33969,0.3348,0.3348,0.32502,0.31476,0.30987,0.29472,0.28983,0.28495,0.28006,0.26979,0.26979,0.25464,0.22972,0.20968,0.20479,0.1999,0.20479,0.20479,0.21994,0.22483,0.2346,0.24487,0.26979,0.29472,0.32502,0.35973,0.43011,0.51515,0.59531,0.66031,0.70528,0.71017,0.70528,0.70528,0.71017,0.71505,0.71017,0.70039,0.68524,0.67498,0.66031,0.65005,0.6652,0.70528,0.75513,0.84506,1.0005,1.2654,1.501,1.501,1.501,1.501,1.501,1.501,1.501,1.501,1.501,1.501,1.501,1.501,1.501,1.501,1.501,1.501,1.501,1.501,1.501,1.501,1.4907,1.4707,1.4555,1.4457,1.4306,1.4106,1.3959,1.3856,1.3759,1.3607,1.3407,1.3157,1.2908,1.2708,1.2405,1.2204,1.2053,1.1955,1.1955,1.2053,1.2053,1.1955,1.1657,1.1007,1.0254,0.94037,0.86022,0.80499,0.75513,0.70528,0.6349,0.58993,0.58016,0.57527,0.56989,0.565,0.565,0.565,0.56012,0.55523,0.54497,0.52493,0.5,0.46481,0.44477,0.42473,0.41496,0.40469,0.39492,0.36999,0.33969,0.30499,0.28495,0.26002,0.22483,0.18964,0.17498,0.17498,0.17498,0.1696,0.1696,0.16471,0.15982,0.16471,0.17986,0.19501,0.18475,0.15982,0.13978,0.11486,0.084555,0.054741,0.024438,-0.0053763,-0.035191,-0.060606,-0.080645,-0.10557,-0.11046,-0.11046,-0.1002,-0.080645,-0.025415,0.084555,0.27468,0.47019,0.55523,0.48485,0.30987,0.12463,0.014663,-0.05523,-0.09042,-0.12023,-0.14027,-0.14565,-0.15054,-0.15054,-0.15054,-0.15054,-0.15054,-0.14027,-0.12561,-0.12023,-0.11046,-0.10557,-0.095308,-0.095308,-0.085533,-0.085533,-0.080645,-0.075269,-0.065494,-0.05523,-0.050342,-0.045455,-0.030303,-0.020528,-0.0053763,0.0097752,0.029814,0.054741,0.079668,0.094819,0.10459,0.099707,0.089932,0.079668,0.07478,0.07478,0.07478,0.069892,0.069892,0.07478,0.07478,0.084555,0.089932,0.099707,0.11486,0.12463,0.10948,0.084555,0.07478,0.069892,0.049853,0.029814,0.024438,0.01955,0.0097752,-0.0053763,-0.025415,-0.045455,-0.05523,-0.05523,-0.05523,-0.060606,-0.065494,-0.070381,-0.065494,-0.065494,-0.080645,-0.09042,-0.095308,-0.095308,-0.1002,-0.1002,-0.095308,-0.09042,-0.12561,-0.1305,-0.12561,-0.12023,-0.16031,-0.25073,-0.38563,-0.4956,-0.50049,-0.50049,-0.50049,-0.50049,-0.50049,-0.50049,-0.50049,-0.50049,-0.50049,-0.40078,-0.20528,-0.015152,0.029814,-0.080645,-0.2654,-0.41544,-0.47556,-0.44086,-0.41056,-0.39052,-0.37048,-0.36559,-0.3607,-0.35044,-0.3304,-0.31574,-0.30059,-0.25562,-0.16569,-0.0053763,0.21994,0.39492,0.42473,0.27468,0.10459,-0.010264,-0.070381,-0.10557,-0.1305,-0.14027,-0.14027,-0.13539,-0.12561,-0.11046,-0.10557,-0.10557,-0.10557,-0.10557,-0.095308,-0.070381,-0.045455,-0.030303,-0.020528,-0.015152,-0.0053763,0.0097752,0.024438,0.049853,0.064516,0.069892,0.069892,0.069892,0.069892,0.07478,0.079668,0.089932,0.094819,0.10948,0.12952,0.13978,0.14467,0.14956,0.15982,0.1696,0.1696,0.17498,0.19501,0.21457,0.22972,0.23998,0.24487,0.26002,0.28006,0.29472,0.31965,0.3348,0.3348,0.31965,0.31965,0.31965,0.3001,0.29472,0.34506,0.35973,0.35973,0.35484,0.35484,0.34995,0.34995,0.33969,0.33969,0.34995,0.35484,0.35973,0.3651,0.35484,0.34506,0.33969,0.33969,0.34506,0.35484,0.36999,0.37488,0.35484,0.34995,0.34995,0.33969,0.32502,0.30499,0.28006,0.24487,0.21994,0.20479,0.18475,0.17498,0.16471,0.15982,0.15982,0.17986,0.24487,0.37488,0.55523,0.69501,0.71994,0.56012,0.37488,0.2346,0.14467,0.084555,0.034702,-0.00048876,-0.030303,-0.040567,-0.050342,-0.05523,-0.050342,-0.035191,-0.020528,-0.010264,0.0043988,0.014663,0.039589,0.049853,0.054741,0.064516,0.07478,0.069892,0.064516,0.07478,0.084555,0.089932,0.079668,0.079668,0.084555,0.089932,0.099707,0.11486,0.12463,0.1349,0.14467,0.15494,0.15982,0.16471,0.15982,0.15494,0.15494,0.14467,0.1349,0.12463,0.12463,0.10948,0.094819,0.079668,0.079668,0.079668,0.094819,0.11486,0.13978,0.15982,0.16471,0.16471,0.16471,0.17498,0.18964,0.20479,0.21994,0.21994,0.21457,0.21994,0.21457,0.20479,0.1999,0.1999,0.1999,0.18964,0.18475,0.17498,0.1696,0.1696,0.1696,0.16471,0.15982,0.15494,0.15494,0.15494,0.15982,0.12463,0.10459,0.094819,0.07478,0.059629,0.054741,0.029814,-0.0053763,-0.030303,-0.030303,-0.025415,-0.015152,-0.015152,-0.020528,-0.0053763,0.044477,0.15494,0.3348,0.50489,0.56989,0.46481,0.28006,0.12463,0.029814,-0.040567,-0.09042,-0.12561,-0.14565,-0.14565,-0.14565,-0.14565,-0.14027,-0.14027,-0.14027,-0.12561,-0.10557,-0.085533,-0.065494,-0.040567,-0.025415,-0.020528,-0.020528,-0.020528,-0.020528,-0.020528,-0.020528,-0.020528,-0.020528,-0.020528,-0.015152,-0.00048876,0.014663,0.024438,0.034702,0.049853,0.064516,0.069892,0.069892,0.064516,0.049853,0.039589,0.044477,0.049853,0.049853,0.054741,0.064516,0.059629,0.054741,0.054741,0.049853,0.049853,0.064516,0.084555,0.094819,0.079668,0.07478,0.069892,0.064516,0.049853,0.049853,0.059629,0.069892,0.07478,0.07478,0.079668,0.084555,0.069892,0.049853,0.044477,0.044477,0.049853,0.054741,0.059629,0.054741,0.044477,0.044477,0.054741,0.054741,0.054741,0.064516,0.07478,0.11975,0.12463,0.12463,0.13978,0.13978,0.12952,0.11486,0.084555,0.059629,0.044477,0.029814,0.029814,0.029814,0.034702,0.029814,0.044477,0.10948,0.27468,0.54008,0.82014,0.90029,0.68524,0.32502,0.069892,-0.0053763,-0.020528,-0.040567,-0.060606,-0.060606,-0.060606,-0.050342,-0.045455,-0.035191,-0.030303,-0.020528,-0.010264,-0.010264,-0.0053763,-0.00048876,0.0043988,0.014663,0.01955,0.029814,0.034702,0.044477,0.054741,0.064516,0.069892,0.084555,0.099707,0.11486,0.12463,0.11975,0.11975,0.12463,0.13978,0.15494,0.16471,0.17498,0.17986,0.17498,0.1696,0.15494,0.1349,0.11975,0.10459,0.089932,0.079668,0.069892,0.064516,0.059629,0.054741,0.044477,0.039589,0.034702,0.029814,0.024438,0.01955,0.01955,0.01955,0.014663,0.014663,0.01955,0.024438,0.029814,0.034702,0.034702,0.034702,0.039589,0.034702,0.034702,0.034702,0.044477,0.049853,0.064516,0.07478,0.089932,0.094819,0.099707,0.10948,0.11975,0.11486,0.099707,0.089932,0.069892,0.049853,0.039589,0.034702,0.034702,0.044477,0.044477,0.044477,0.069892,0.1696,0.37488,0.68035,0.92033,0.94037,0.54985,0.19501,0.01955,-0.0053763,-0.00048876,-0.0053763,-0.010264,-0.010264,-0.015152,-0.010264,-0.0053763,-0.00048876,0.0043988,0.0043988,0.0043988,0.0097752,0.01955,0.024438,0.029814,0.039589,0.049853,0.054741,0.064516,0.07478,0.084555,0.099707,0.11486,0.12952,0.13978,0.15494,0.16471,0.17986,0.18964,0.20479,0.21457,0.22483,0.2346,0.23998,0.2346,0.22972,0.21994,0.20479,0.18964,0.17498,0.15982,0.14467,0.1349,0.12463,0.11975,0.11486,0.10948,0.099707,0.094819,0.089932,0.089932,0.084555,0.079668,0.079668,0.07478,0.07478,0.079668,0.079668,0.079668,0.079668,0.079668,0.079668,0.079668,0.079668,0.084555,0.079668,0.079668,0.079668,0.089932,0.10459,0.11486,0.12463,0.12463,0.12952,0.1349,0.13978,0.12463,0.11975,0.099707,0.084555,0.064516,0.054741,0.054741,0.054741,0.054741,0.049853,0.084555,0.1999,0.41007,0.69501,0.92033,0.94037,0.56012,0.21457,0.039589,0.0043988,-0.00048876,-0.0053763,-0.010264,-0.010264,-0.010264,-0.010264,-0.0053763,-0.00048876,-0.00048876,-0.00048876,0.0043988,0.0097752,0.014663,0.024438,0.029814,0.039589,0.044477,0.054741,0.064516,0.07478,0.079668,0.089932,0.099707,0.11486,0.12952,0.13978,0.15494,0.16471,0.17498,0.18475,0.1999,0.20479,0.21457,0.21994,0.21457,0.20479,0.19501,0.18475,0.16471,0.15494,0.1349,0.11975,0.099707,0.094819,0.089932,0.079668,0.07478,0.069892,0.064516,0.059629,0.054741,0.049853,0.049853,0.049853,0.049853,0.049853,0.049853,0.054741,0.054741,0.054741,0.054741,0.054741,0.054741,0.054741,0.054741,0.064516,0.069892,0.079668,0.094819,0.10948,0.11486,0.11975,0.12463,0.12463,0.11975,0.10459,0.089932,0.064516,0.049853,0.044477,0.044477,0.044477,0.044477,0.044477,0.064516,0.15494,0.34506,0.62512,0.88025,0.92522,0.59531,0.22972,0.029814,-0.015152,-0.015152,-0.020528,-0.020528,-0.020528,-0.020528,-0.015152,-0.015152,-0.010264,-0.00048876,0.0043988,0.0043988,0.0097752,0.0097752,0.014663,0.024438,0.029814,0.039589,0.049853,0.054741,0.064516,0.07478,0.079668,0.094819,0.10459,0.11975,0.1349,0.14956,0.15982,0.17498,0.18964,0.1999,0.20479,0.20968,0.21457,0.20968,0.1999,0.17986,0.15982,0.13978,0.12463,0.10948,0.094819,0.084555,0.07478,0.069892,0.064516,0.054741,0.054741,0.049853,0.044477,0.039589,0.039589,0.034702,0.029814,0.029814,0.034702,0.034702,0.034702,0.034702,0.034702,0.039589,0.044477,0.039589,0.039589,0.039589,0.044477,0.049853,0.064516,0.079668,0.089932,0.099707,0.11486,0.12463,0.12952,0.11486,0.099707,0.079668,0.059629,0.034702,0.024438,0.014663,0.014663,0.024438,0.01955,0.034702,0.099707,0.26491,0.52493,0.80499,0.90029,0.68524,0.31476,0.049853,-0.030303,-0.035191,-0.040567,-0.045455,-0.045455,-0.045455,-0.040567,-0.040567,-0.035191,-0.030303,-0.025415,-0.020528,-0.010264,-0.00048876,0.0097752,0.014663,0.014663,0.024438,0.024438,0.034702,0.049853,0.059629,0.069892,0.084555,0.099707,0.11486,0.12952,0.14467,0.15982,0.1696,0.17986,0.18964,0.20479,0.20968,0.20479,0.20479,0.18964,0.17986,0.16471,0.14467,0.12463,0.10948,0.089932,0.079668,0.069892,0.064516,0.054741,0.054741,0.049853,0.044477,0.039589,0.034702,0.029814,0.029814,0.024438,0.024438,0.01955,0.01955,0.014663,0.01955,0.024438,0.01955,0.014663,0.014663,0.014663,0.014663,0.01955,0.024438,0.034702,0.049853,0.064516,0.07478,0.079668,0.094819,0.094819,0.079668,0.069892,0.054741,0.034702,0.014663,0.0043988,-0.00048876,0.0043988,0.0043988,-0.00048876,0.0043988,0.064516,0.20479,0.45015,0.73998,0.87537,0.70528,0.34506,0.064516,-0.035191,-0.045455,-0.05523,-0.060606,-0.065494,-0.065494,-0.065494,-0.060606,-0.065494,-0.060606,-0.060606,-0.05523,-0.050342,-0.045455,-0.040567,-0.035191,-0.030303,-0.020528,-0.010264,0.0043988,0.014663,0.024438,0.034702,0.049853,0.059629,0.069892,0.064516,0.059629,0.064516,0.07478,0.089932,0.099707,0.11486,0.12463,0.12952,0.1349,0.1349,0.12463,0.10948,0.094819,0.07478,0.059629,0.044477,0.024438,0.014663,0.0043988,-0.00048876,-0.010264,-0.015152,-0.015152,-0.015152,-0.015152,-0.020528,-0.020528,-0.020528,-0.020528,-0.020528,-0.020528,-0.015152,-0.015152,-0.010264,-0.010264,-0.010264,-0.010264,-0.0053763,-0.00048876,-0.00048876,0.0097752,0.01955,0.029814,0.044477,0.049853,0.054741,0.059629,0.064516,0.064516,0.069892,0.064516,0.044477,0.024438,0.0097752,0.0043988,0.0097752,0.0043988,-0.00048876,-0.00048876,0.064516,0.2346,0.5,0.79032,0.89052,0.67498,0.28983,0.01955,-0.070381,-0.070381,-0.070381,-0.075269,-0.075269,-0.075269,-0.075269,-0.065494,-0.060606,-0.060606,-0.05523,-0.050342,-0.045455,-0.040567,-0.035191,-0.030303,-0.015152,-0.010264,-0.00048876,0.0097752,0.024438,0.029814,0.044477,0.049853,0.064516,0.069892,0.084555,0.099707,0.10948,0.11975,0.1349,0.14956,0.15982,0.1696,0.17498,0.17986,0.1696,0.15982,0.14467,0.1349,0.11975,0.10948,0.094819,0.079668,0.069892,0.054741,0.049853,0.044477,0.039589,0.034702,0.034702,0.029814,0.024438,0.01955,0.01955,0.01955,0.014663,0.014663,0.014663,0.014663,0.0097752,0.0097752,0.014663,0.01955,0.01955,0.024438,0.029814,0.039589,0.054741,0.064516,0.07478,0.07478,0.079668,0.084555,0.07478,0.069892,0.054741,0.034702,0.014663,-0.00048876,-0.00048876,-0.00048876,0.0043988,0.0043988,0.0043988,0.059629,0.18964,0.43011,0.73021,0.90518,0.77517,0.41496,0.094819,-0.035191,-0.05523,-0.05523,-0.060606,-0.065494,-0.065494,-0.060606,-0.060606,-0.05523,-0.05523,-0.050342,-0.050342,-0.050342,-0.050342,-0.040567,-0.035191,-0.035191,-0.025415,-0.015152,-0.0053763,0.0043988,0.014663,0.024438,0.034702,0.044477,0.054741,0.069892,0.079668,0.089932,0.094819,0.10948,0.11486,0.12463,0.1349,0.13978,0.14467,0.1349,0.11486,0.094819,0.064516,0.034702,-0.0053763,-0.040567,-0.060606,-0.070381,-0.075269,-0.080645,-0.080645,-0.085533,-0.085533,-0.09042,-0.09042,-0.095308,-0.095308,-0.095308,-0.095308,-0.095308,-0.095308,-0.095308,-0.09042,-0.085533,-0.085533,-0.080645,-0.075269,-0.075269,-0.070381,-0.060606,-0.040567,-0.015152,-0.00048876,0.0097752,0.014663,0.029814,0.029814,0.024438,0.0097752,-0.00048876,-0.015152,-0.035191,-0.050342,-0.050342,-0.045455,-0.040567,-0.040567,-0.045455,0.0043988,0.13978,0.39492,0.69501,0.83529,0.67498,0.31476,0.01955,-0.095308,-0.1002,-0.09042,-0.085533,-0.080645,-0.080645,-0.080645,-0.080645,-0.075269,-0.075269,-0.070381,-0.065494,-0.065494,-0.070381,-0.070381,-0.065494,-0.060606,-0.050342,-0.045455,-0.035191,-0.020528,-0.010264,-0.00048876,0.0097752,0.024438,0.039589,0.049853,0.064516,0.079668,0.094819,0.10948,0.11975,0.1349,0.14467,0.15494,0.15494,0.15494,0.13978,0.12952,0.11975,0.099707,0.089932,0.07478,0.059629,0.049853,0.044477,0.039589,0.034702,0.034702,0.024438,0.024438,0.014663,0.014663,0.014663,0.0097752,0.0097752,0.0043988,0.0043988,0.0043988,0.0043988,0.0043988,-0.00048876,-0.010264,-0.015152,-0.015152,-0.010264,-0.010264,0.0043988,0.01955,0.034702,0.049853,0.054741,0.064516,0.069892,0.064516,0.054741,0.039589,0.01955,-0.00048876,-0.020528,-0.025415,-0.025415,-0.020528,-0.015152,-0.015152,0.014663,0.11486,0.31476,0.6002,0.8304,0.85533,0.49022,0.14467,-0.030303,-0.05523,-0.050342,-0.045455,-0.045455,-0.045455,-0.040567,-0.040567,-0.040567,-0.035191,-0.035191,-0.035191,-0.030303,-0.025415,-0.020528,-0.015152,-0.0053763,-0.00048876,0.0097752,0.01955,0.029814,0.044477,0.049853,0.064516,0.07478,0.079668,0.089932,0.099707,0.11486,0.12463,0.13978,0.15494,0.1696,0.17986,0.18475,0.18964,0.18475,0.17498,0.15982,0.14467,0.12952,0.11486,0.094819,0.079668,0.069892,0.064516,0.054741,0.049853,0.039589,0.034702,0.029814,0.029814,0.024438,0.024438,0.01955,0.01955,0.024438,0.024438,0.01955,0.01955,0.014663,0.014663,0.014663,0.01955,0.01955,0.01955,0.024438,0.014663,0.014663,0.029814,0.039589,0.044477,0.054741,0.059629,0.064516,0.049853,0.039589,0.01955,-0.00048876,-0.020528,-0.025415,-0.025415,-0.020528,-0.020528,-0.020528,0.0043988,0.089932,0.26979,0.54497,0.81036,0.87048,0.57527,0.20479,-0.010264,-0.060606,-0.065494,-0.075269,-0.080645,-0.080645,-0.080645,-0.075269,-0.070381,-0.065494,-0.060606,-0.05523,-0.050342,-0.040567,-0.040567,-0.035191,-0.030303,-0.020528,-0.015152,-0.010264,-0.0053763,0.0043988,0.014663,0.024438,0.034702,0.044477,0.054741,0.069892,0.079668,0.089932,0.099707,0.11486,0.12463,0.12463,0.11975,0.10948,0.10459,0.094819,0.084555,0.069892,0.054741,0.039589,0.024438,0.0097752,-0.00048876,-0.015152,-0.030303,-0.040567,-0.045455,-0.05523,-0.05523,-0.060606,-0.060606,-0.060606,-0.060606,-0.060606,-0.060606,-0.060606,-0.060606,-0.060606,-0.060606,-0.060606,-0.060606,-0.05523,-0.05523,-0.050342,-0.045455,-0.035191,-0.020528,-0.0053763,0.0043988,0.0097752,0.014663,0.014663,0.014663,0.014663,0.0043988,-0.015152,-0.040567,-0.05523,-0.060606,-0.060606,-0.05523,-0.05523,-0.050342,-0.0053763,0.12463,0.34506,0.6349,0.8304,0.73998,0.39492,0.069892,-0.070381,-0.1002,-0.1002,-0.10557,-0.11046,-0.11046,-0.11046,-0.10557,-0.1002,-0.1002,-0.095308,-0.09042,-0.080645,-0.075269,-0.070381,-0.065494,-0.05523,-0.050342,-0.040567,-0.030303,-0.020528,-0.010264,0.0043988,0.014663,0.01955,0.029814,0.034702,0.044477,0.054741,0.069892,0.079668,0.094819,0.10459,0.11486,0.11975,0.12463,0.12463,0.11975,0.10948,0.089932,0.07478,0.054741,0.039589,0.024438,0.014663,0.0097752,-0.00048876,-0.0053763,-0.015152,-0.020528,-0.025415,-0.030303,-0.030303,-0.030303,-0.035191,-0.040567,-0.040567,-0.040567,-0.040567,-0.040567,-0.040567,-0.040567,-0.040567,-0.040567,-0.040567,-0.035191,-0.025415,-0.0053763,0.0043988,0.014663,0.01955,0.024438,0.029814,0.014663,0.0097752,-0.00048876,-0.025415,-0.045455,-0.060606,-0.065494,-0.065494,-0.065494,-0.065494,-0.070381,-0.025415,0.094819,0.31476,0.60997,0.81036,0.71505,0.36999,0.039589,-0.1002,-0.11535,-0.11046,-0.11535,-0.12023,-0.12023,-0.11535,-0.11535,-0.11046,-0.11046,-0.10557,-0.1002,-0.095308,-0.09042,-0.085533,-0.080645,-0.075269,-0.065494,-0.060606,-0.050342,-0.040567,-0.035191,-0.020528,-0.015152,-0.010264,-0.010264,-0.00048876,0.0043988,0.014663,0.029814,0.044477,0.059629,0.069892,0.084555,0.094819,0.094819,0.094819,0.084555,0.069892,0.054741,0.039589,0.024438,0.0097752,-0.00048876,-0.010264,-0.015152,-0.025415,-0.030303,-0.035191,-0.040567,-0.040567,-0.045455,-0.050342,-0.050342,-0.050342,-0.050342,-0.050342,-0.050342,-0.050342,-0.040567,-0.040567,-0.035191,-0.035191,-0.030303,-0.025415,-0.020528,-0.015152,-0.00048876,0.0097752,0.024438,0.029814,0.039589,0.044477,0.024438,-0.00048876,-0.025415,-0.045455,-0.065494,-0.080645,-0.085533,-0.085533,-0.085533,-0.080645,-0.085533,-0.05523,0.029814,0.21994,0.5,0.76002,0.81036,0.49511,0.1349,-0.070381,-0.11046,-0.11046,-0.11046,-0.11046,-0.11046,-0.11046,-0.11046,-0.10557,-0.10557,-0.095308,-0.095308,-0.085533,-0.080645,-0.080645,-0.075269,-0.065494,-0.05523,-0.050342,-0.035191,-0.030303,-0.015152,-0.0053763,0.0043988,0.014663,0.024438,0.034702,0.044477,0.054741,0.069892,0.079668,0.094819,0.10948,0.11975,0.12952,0.1349,0.12463,0.11975,0.10948,0.094819,0.079668,0.059629,0.044477,0.034702,0.024438,0.01955,0.014663,0.0097752,0.0097752,0.0097752,0.0043988,-0.00048876,-0.00048876,-0.0053763,-0.010264,-0.010264,-0.010264,-0.010264,-0.010264,-0.010264,-0.010264,-0.0053763,-0.00048876,-0.00048876,-0.00048876,0.0043988,0.0097752,0.014663,0.029814,0.034702,0.044477,0.049853,0.059629,0.064516,0.054741,0.044477,0.034702,0.0097752,-0.010264,-0.020528,-0.025415,-0.025415,-0.030303,-0.030303,-0.020528,0.029814,0.15982,0.39492,0.69013,0.86022,0.73021,0.36999,0.069892,-0.050342,-0.060606,-0.065494,-0.070381,-0.075269,-0.075269,-0.075269,-0.075269,-0.065494,-0.060606,-0.060606,-0.05523,-0.050342,-0.045455,-0.040567,-0.030303,-0.020528,-0.015152,-0.0053763,0.0043988,0.0097752,0.014663,0.029814,0.039589,0.049853,0.064516,0.07478,0.089932,0.099707,0.11486,0.12952,0.14467,0.16471,0.17986,0.18475,0.18475,0.17986,0.1696,0.15494,0.1349,0.11975,0.099707,0.089932,0.079668,0.07478,0.069892,0.054741,0.049853,0.044477,0.044477,0.034702,0.034702,0.034702,0.029814,0.029814,0.024438,0.024438,0.024438,0.024438,0.024438,0.024438,0.024438,0.029814,0.029814,0.034702,0.034702,0.044477,0.054741,0.069892,0.07478,0.079668,0.084555,0.089932,0.084555,0.07478,0.064516,0.044477,0.024438,0.0097752,-0.00048876,-0.00048876,0.0043988,0.0097752,0.0097752,0.034702,0.1349,0.32991,0.61486,0.87048,0.91544,0.57527,0.20479,-0.00048876,-0.045455,-0.045455,-0.050342,-0.05523,-0.05523,-0.050342,-0.050342,-0.045455,-0.040567,-0.035191,-0.030303,-0.030303,-0.020528,-0.015152,-0.010264,-0.0053763,0.0043988,0.0097752,0.014663,0.029814,0.034702,0.044477,0.054741,0.069892,0.079668,0.094819,0.10948,0.11975,0.1349,0.14467,0.15982,0.17498,0.18475,0.19501,0.1999,0.1999,0.19501,0.18475,0.16471,0.14956,0.1349,0.11975,0.10948,0.094819,0.089932,0.079668,0.07478,0.064516,0.059629,0.054741,0.054741,0.054741,0.054741,0.059629,0.059629,0.054741,0.054741,0.049853,0.054741,0.054741,0.049853,0.049853,0.054741,0.059629,0.064516,0.07478,0.094819,0.10948,0.11486,0.11975,0.1349,0.14467,0.1349,0.12952,0.11975,0.099707,0.07478,0.059629,0.049853,0.049853,0.049853,0.044477,0.044477,0.089932,0.21994,0.45015,0.75024,0.95015,0.85533,0.50489,0.16471,0.014663,-0.0053763,-0.010264,-0.020528,-0.020528,-0.020528,-0.015152,-0.015152,-0.010264,-0.010264,-0.010264,-0.00048876,-0.0053763,-0.0053763,-0.00048876,-0.00048876,0.0043988,0.0097752,0.01955,0.029814,0.029814,0.034702,0.044477,0.059629,0.069892,0.079668,0.094819,0.10948,0.11975,0.1349,0.14956,0.15982,0.16471,0.17498,0.17498,0.17498,0.17986,0.1696,0.15494,0.13978,0.12463,0.10948,0.099707,0.079668,0.064516,0.049853,0.044477,0.029814,0.024438,0.014663,0.0097752,0.0043988,-0.0053763,-0.015152,-0.020528,-0.025415,-0.030303,-0.035191,-0.035191,-0.040567,-0.040567,-0.040567,-0.035191,-0.030303,-0.020528,-0.020528,-0.010264,0.0043988,0.0097752,0.0097752,0.014663,0.029814,0.034702,0.029814,0.01955,0.0097752,-0.010264,-0.030303,-0.040567,-0.040567,-0.040567,-0.040567,-0.040567,-0.040567,0.0097752,0.14956,0.41007,0.71505,0.85533,0.67498,0.28983,-0.025415,-0.14565,-0.16031,-0.16031,-0.17058,-0.17546,-0.17546,-0.17546,-0.17058,-0.16569,-0.16031,-0.16031,-0.16031,-0.16031,-0.15543,-0.15054,-0.14565,-0.14565,-0.13539,-0.1305,-0.12023,-0.10557,-0.095308,-0.080645,-0.075269,-0.075269,-0.065494,-0.060606,-0.045455,-0.035191,-0.020528,-0.00048876,0.0097752,0.029814,0.044477,0.054741,0.059629,0.049853,0.039589,0.024438,0.0043988,-0.010264,-0.025415,-0.035191,-0.050342,-0.060606,-0.065494,-0.070381,-0.080645,-0.085533,-0.095308,-0.095308,-0.1002,-0.10557,-0.11046,-0.11535,-0.11535,-0.11535,-0.11535,-0.11046,-0.12023,-0.12023,-0.10557,-0.070381,-0.060606,-0.065494,-0.085533,-0.095308,-0.085533,-0.080645,-0.095308,-0.1002,-0.095308,-0.085533,-0.080645,-0.080645,-0.065494,-0.060606,-0.065494,-0.080645,-0.085533,-0.085533,-0.080645,-0.070381,-0.075269,-0.050342,0.034702,0.2346,0.54497,0.80499,0.85044,0.49511,0.10948,-0.10557,-0.15054,-0.15054,-0.16031,-0.16031,-0.16031,-0.16031,-0.16031,-0.16031,-0.15543,-0.15054,-0.14565,-0.14027,-0.13539,-0.1305,-0.12561,-0.12023,-0.1305,-0.15543,-0.17058,-0.17058,-0.17058,-0.17058,-0.16569,-0.16031,-0.15054,-0.14565,-0.14027,-0.1305,-0.12023,-0.11046,-0.09042,-0.075269,-0.060606,-0.045455,-0.035191,-0.035191,-0.040567,-0.050342,-0.05523,-0.065494,-0.080645,-0.085533,-0.095308,-0.10557,-0.11046,-0.12023,-0.12561,-0.12561,-0.1305,-0.1305,-0.1305,-0.1305,-0.1305,-0.1305,-0.1305,-0.1305,-0.12561,-0.12561,-0.12023,-0.11046,-0.10557,-0.10557,-0.11046,-0.10557,-0.095308,-0.085533,-0.065494,-0.050342,-0.040567,-0.035191,-0.030303,-0.015152,0.0043988,0.0043988,-0.00048876,-0.015152,-0.035191,-0.05523,-0.065494,-0.065494,-0.065494,-0.060606,-0.05523,-0.05523,-0.030303,0.069892,0.27468,0.58016,0.84018,0.88025,0.52004,0.14956,-0.050342,-0.085533,-0.085533,-0.085533,-0.085533,-0.085533,-0.080645,-0.075269,-0.065494,-0.060606,-0.060606,-0.05523,-0.050342,-0.045455,-0.040567,-0.035191,-0.025415,-0.015152,-0.0053763,0.0043988,0.014663,0.029814,0.034702,0.044477,0.054741,0.064516,0.07478,0.079668,0.089932,0.10459,0.11975,0.12952,0.14467,0.15982,0.17498,0.17986,0.17986,0.17498,0.16471,0.14956,0.13978,0.12463,0.11486,0.099707,0.089932,0.079668,0.07478,0.064516,0.054741,0.049853,0.044477,0.039589,0.034702,0.029814,0.029814,0.024438,0.024438,0.01955,0.01955,0.024438,0.024438,0.024438,0.01955,0.01955,0.01955,0.024438,0.024438,0.034702,0.044477,0.059629,0.069892,0.079668,0.089932,0.10459,0.12952,0.14467,0.15494,0.14956,0.1349,0.12463,0.11486,0.11486,0.11975,0.12463,0.12952,0.14956,0.22972,0.40469,0.67009,0.95552,1.0303,0.78006,0.37488,0.094819,0.0043988,-0.0053763,-0.015152,-0.035191,-0.05523,-0.070381,-0.075269,-0.075269,-0.080645,-0.1002,-0.11535,-0.1305,-0.16569,-0.23558,-0.30059,-0.32063,-0.3304,-0.34066,-0.34066,-0.3304,-0.31574,-0.30059,-0.2957,-0.2957,-0.27566,-0.23558,-0.19062,-0.15543,-0.12561,-0.095308,-0.060606,-0.025415,0.0097752,0.039589,0.069892,0.094819,0.10948,0.11975,0.11975,0.11486,0.11486,0.10459,0.099707,0.094819,0.094819,0.094819,0.10948,0.11975,0.12463,0.11975,0.11486,0.11486,0.10459,0.094819,0.094819,0.094819,0.094819,0.099707,0.094819,0.094819,0.089932,0.089932,0.089932,0.094819,0.094819,0.10459,0.11975,0.1349,0.15494,0.1696,0.18475,0.1999,0.20479,0.20968,0.20479,0.18964,0.17986,0.15982,0.14467,0.13978,0.14467,0.14467,0.14467,0.13978,0.17986,0.28983,0.50489,0.80499,1.0152,1.0205,0.59531,0.25464,0.094819,0.069892,0.069892,0.064516,0.054741,0.054741,0.054741,0.064516,0.064516,0.064516,0.059629,0.059629,0.059629,0.064516,0.069892,0.07478,0.084555,0.089932,0.099707,0.10948,0.11975,0.11975,0.12952,0.13978,0.15494,0.15982,0.1696,0.17986,0.18964,0.1999,0.20968,0.22483,0.23998,0.25464,0.26979,0.27468,0.26979,0.26491,0.24976,0.2346,0.21994,0.1999,0.18475,0.17498,0.16471,0.15494,0.13978,0.1349,0.12463,0.11486,0.10948,0.10948,0.10948,0.10948,0.10948,0.10459,0.099707,0.099707,0.099707,0.099707,0.099707,0.099707,0.10459,0.10948,0.11486,0.11486,0.10459,0.10948,0.11975,0.1349,0.15494,0.15982,0.1696,0.18475,0.18964,0.17986,0.16471,0.14956,0.12952,0.10459,0.089932,0.084555,0.084555,0.079668,0.069892,0.089932,0.1696,0.35484,0.64027,0.90029,0.95015,0.64516,0.28495,0.069892,0.014663,0.014663,0.0097752,0.0097752,0.0043988,0.0043988,0.0043988,0.0097752,0.01955,0.024438,0.024438,0.029814,0.034702,0.044477,0.054741,0.064516,0.069892,0.07478,0.079668,0.084555,0.094819,0.099707,0.10459,0.11486,0.11975,0.1349,0.13978,0.15494,0.16471,0.17986,0.18964,0.20479,0.21994,0.22972,0.2346,0.22972,0.22483,0.21457,0.19501,0.17498,0.15494,0.13978,0.12952,0.11975,0.10948,0.099707,0.094819,0.089932,0.079668,0.07478,0.069892,0.064516,0.064516,0.064516,0.064516,0.064516,0.059629,0.054741,0.054741,0.054741,0.054741,0.054741,0.054741,0.059629,0.064516,0.064516,0.064516,0.07478,0.089932,0.10459,0.10948,0.11486,0.11975,0.12463,0.11975,0.10948,0.094819,0.069892,0.049853,0.029814,0.024438,0.024438,0.029814,0.029814,0.034702,0.084555,0.20479,0.42473,0.71017,0.90029,0.79521,0.45503,0.13978,0.0043988,-0.015152,-0.020528,-0.020528,-0.030303,-0.030303,-0.025415,-0.025415,-0.020528,-0.020528,-0.015152,-0.015152,-0.010264,-0.00048876,0.0043988,0.0097752,0.014663,0.024438,0.034702,0.039589,0.044477,0.049853,0.059629,0.069892,0.079668,0.094819,0.10459,0.11486,0.12463,0.13978,0.15494,0.1696,0.18475,0.19501,0.1999,0.20479,0.1999,0.18964,0.18475,0.1696,0.15494,0.13978,0.12463,0.11486,0.099707,0.094819,0.094819,0.089932,0.079668,0.07478,0.07478,0.069892,0.064516,0.064516,0.059629,0.054741,0.054741,0.059629,0.064516,0.064516,0.064516,0.064516,0.064516,0.064516,0.064516,0.069892,0.07478,0.084555,0.099707,0.11486,0.11975,0.12463,0.1349,0.13978,0.1349,0.12952,0.11975,0.099707,0.079668,0.064516,0.054741,0.054741,0.059629,0.054741,0.054741,0.089932,0.20968,0.43011,0.72532,0.93548,0.85044,0.50978,0.17498,0.01955,-0.0053763,-0.010264,-0.020528,-0.020528,-0.020528,-0.015152,-0.015152,-0.015152,-0.010264,-0.010264,-0.0053763,-0.00048876,0.0043988,0.0097752,0.0097752,0.01955,0.024438,0.029814,0.039589,0.049853,0.059629,0.069892,0.079668,0.089932,0.099707,0.11486,0.11975,0.1349,0.13978,0.14956,0.16471,0.17498,0.18964,0.19501,0.19501,0.18475,0.17498,0.16471,0.14467,0.12463,0.11486,0.094819,0.079668,0.07478,0.064516,0.054741,0.049853,0.044477,0.039589,0.034702,0.029814,0.029814,0.024438,0.014663,0.014663,0.014663,0.01955,0.024438,0.024438,0.024438,0.01955,0.01955,0.01955,0.01955,0.01955,0.024438,0.034702,0.044477,0.064516,0.069892,0.069892,0.079668,0.089932,0.079668,0.069892,0.054741,0.034702,0.014663,0.0043988,-0.00048876,-0.00048876,0.0043988,0.0043988,0.0043988,0.064516,0.1999,0.44477,0.73998,0.89052,0.72532,0.35973,0.069892,-0.035191,-0.050342,-0.05523,-0.060606,-0.065494,-0.070381,-0.070381,-0.065494,-0.065494,-0.065494,-0.065494,-0.05523,-0.045455,-0.035191,-0.030303,-0.015152,-0.00048876,0.0097752,0.024438,0.034702,0.044477,0.049853,0.039589,0.0043988,-0.040567,-0.050342,-0.010264,0.029814,0.064516,0.084555,0.10459,0.12463,0.13978,0.15494,0.15982,0.15982,0.15982,0.14956,0.13978,0.12952,0.11486,0.089932,0.064516,0.054741,0.054741,0.049853,0.039589,0.029814,0.014663,0.0043988,-0.00048876,-0.010264,-0.015152,-0.020528,-0.025415,-0.030303,-0.030303,-0.035191,-0.040567,-0.045455,-0.05523,-0.060606,-0.065494,-0.070381,-0.070381,-0.070381,-0.060606,-0.040567,-0.020528,-0.0053763,0.0097752,0.024438,0.034702,0.039589,0.039589,0.029814,0.01955,0.0043988,-0.010264,-0.015152,-0.015152,-0.010264,-0.0053763,-0.010264,0.0097752,0.089932,0.26002,0.53519,0.80499,0.87048,0.59531,0.22483,0.0043988,-0.05523,-0.060606,-0.065494,-0.075269,-0.085533,-0.085533,-0.085533,-0.085533,-0.085533,-0.080645,-0.075269,-0.070381,-0.065494,-0.060606,-0.05523,-0.050342,-0.040567,-0.030303,-0.025415,-0.020528,-0.010264,-0.00048876,0.014663,0.024438,0.034702,0.049853,0.064516,0.07478,0.089932,0.10459,0.11486,0.12952,0.13978,0.14467,0.15494,0.14956,0.13978,0.12463,0.10948,0.094819,0.07478,0.064516,0.049853,0.034702,0.024438,0.014663,0.0097752,0.0043988,-0.0053763,-0.010264,-0.015152,-0.015152,-0.015152,-0.020528,-0.020528,-0.020528,-0.020528,-0.025415,-0.020528,-0.020528,-0.020528,-0.015152,-0.015152,-0.010264,-0.010264,-0.010264,-0.00048876,0.0097752,0.024438,0.039589,0.049853,0.059629,0.064516,0.069892,0.059629,0.049853,0.029814,0.0097752,-0.010264,-0.020528,-0.020528,-0.020528,-0.015152,-0.020528,-0.010264,0.054741,0.21457,0.47019,0.74536,0.84018,0.63001,0.26979,0.0097752,-0.070381,-0.070381,-0.080645,-0.085533,-0.085533,-0.085533,-0.085533,-0.080645,-0.075269,-0.075269,-0.075269,-0.070381,-0.065494,-0.060606,-0.05523,-0.050342,-0.040567,-0.035191,-0.025415,-0.020528,-0.015152,-0.010264,-0.00048876,0.0097752,0.01955,0.029814,0.039589,0.049853,0.064516,0.084555,0.099707,0.11486,0.12952,0.13978,0.14467,0.13978,0.1349,0.11975,0.10459,0.089932,0.07478,0.059629,0.044477,0.029814,0.024438,0.01955,0.014663,0.0097752,-0.00048876,-0.00048876,-0.015152,-0.040567,-0.060606,-0.060606,-0.050342,-0.040567,-0.030303,-0.030303,-0.025415,-0.020528,-0.020528,-0.015152,-0.010264,-0.010264,-0.00048876,0.0043988,0.014663,0.029814,0.044477,0.064516,0.069892,0.07478,0.084555,0.089932,0.084555,0.079668,0.069892,0.054741,0.034702,0.029814,0.024438,0.024438,0.034702,0.034702,0.044477,0.10459,0.23998,0.48485,0.77517,0.91007,0.73509,0.35484,0.069892,-0.035191,-0.05523,-0.065494,-0.075269,-0.085533,-0.09042,-0.095308,-0.1002,-0.10557,-0.10557,-0.10557,-0.10557,-0.10557,-0.1002,-0.095308,-0.080645,-0.065494,-0.05523,-0.035191,-0.020528,-0.0053763,0.0043988,0.01955,0.034702,0.044477,0.054741,0.064516,0.07478,0.089932,0.099707,0.11486,0.12463,0.13978,0.14467,0.15494,0.15494,0.14467,0.1349,0.11975,0.099707,0.089932,0.07478,0.064516,0.044477,0.014663,-0.00048876,-0.010264,-0.010264,-0.00048876,-0.00048876,-0.00048876,-0.00048876,-0.00048876,0.0043988,0.0043988,0.0043988,0.0043988,0.0097752,0.0043988,0.0043988,0.0097752,0.0043988,0.0043988,0.0043988,0.0043988,0.0043988,0.0097752,0.024438,0.034702,0.039589,0.044477,0.044477,0.044477,0.044477,0.029814,0.014663,-0.00048876,-0.020528,-0.040567,-0.05523,-0.060606,-0.060606,-0.05523,-0.060606,-0.040567,0.049853,0.2346,0.50978,0.77028,0.83529,0.54985,0.17498,-0.050342,-0.11046,-0.12023,-0.12561,-0.1305,-0.1305,-0.12561,-0.12023,-0.11535,-0.11046,-0.10557,-0.1002,-0.095308,-0.085533,-0.080645,-0.075269,-0.060606,-0.05523,-0.050342,-0.040567,-0.030303,-0.020528,-0.015152,-0.010264,0.0043988,0.0097752,0.01955,0.029814,0.039589,0.054741,0.064516,0.07478,0.084555,0.099707,0.10948,0.11486,0.10948,0.10948,0.099707,0.089932,0.079668,0.064516,0.049853,0.034702,0.01955,0.0097752,0.0043988,-0.00048876,-0.0053763,-0.010264,-0.020528,-0.025415,-0.030303,-0.035191,-0.035191,-0.035191,-0.035191,-0.035191,-0.035191,-0.030303,-0.030303,-0.030303,-0.025415,-0.020528,-0.015152,-0.015152,-0.0053763,0.0097752,0.024438,0.029814,0.034702,0.029814,0.034702,0.014663,-0.00048876,-0.020528,-0.045455,-0.070381,-0.095308,-0.11046,-0.11046,-0.11046,-0.11535,-0.12023,-0.095308,-0.0053763,0.17498,0.45503,0.73021,0.79521,0.51515,0.15982,-0.05523,-0.1002,-0.095308,-0.085533,-0.085533,-0.09042,-0.085533,-0.085533,-0.080645,-0.085533,-0.09042,-0.09042,-0.085533,-0.085533,-0.080645,-0.080645,-0.075269,-0.070381,-0.065494,-0.060606,-0.05523,-0.045455,-0.035191,-0.025415,-0.010264,0.0043988,0.01955,0.034702,0.049853,0.069892,0.084555,0.10459,0.11975,0.13978,0.14467,0.14956,0.14956,0.14467,0.1349,0.11975,0.099707,0.084555,0.069892,0.054741,0.044477,0.029814,0.01955,0.0097752,-0.00048876,-0.010264,-0.020528,-0.030303,-0.035191,-0.05523,-0.080645,-0.095308,-0.09042,-0.080645,-0.075269,-0.065494,-0.065494,-0.060606,-0.060606,-0.05523,-0.050342,-0.040567,-0.030303,-0.015152,-0.00048876,0.014663,0.01955,0.029814,0.044477,0.049853,0.049853,0.039589,0.024438,0.0043988,-0.015152,-0.030303,-0.035191,-0.040567,-0.040567,-0.040567,-0.045455,-0.00048876,0.11975,0.34506,0.64027,0.82014,0.70528,0.34995,0.044477,-0.080645,-0.095308,-0.1002,-0.1002,-0.10557,-0.10557,-0.1002,-0.095308,-0.09042,-0.085533,-0.080645,-0.075269,-0.065494,-0.060606,-0.050342,-0.040567,-0.035191,-0.035191,-0.030303,-0.025415,-0.015152,-0.010264,0.0043988,0.014663,0.029814,0.039589,0.049853,0.064516,0.07478,0.089932,0.10459,0.11975,0.12463,0.13978,0.14467,0.14467,0.13978,0.12463,0.11486,0.099707,0.089932,0.07478,0.064516,0.054741,0.049853,0.029814,0.029814,0.044477,0.044477,0.034702,0.024438,0.0097752,-0.00048876,-0.020528,-0.035191,-0.040567,-0.040567,-0.035191,-0.035191,-0.025415,0.029814,0.15982,0.3998,0.69501,0.84506,0.69501,0.3348,0.039589,-0.070381,-0.085533,-0.09042,-0.1002,-0.10557,-0.10557,-0.10557,-0.1002,-0.1002,-0.1002,-0.1002,-0.095308,-0.095308,-0.085533,-0.080645,-0.065494,-0.05523,-0.030303,-0.015152,-0.010264,-0.010264,-0.00048876,0.0043988,0.014663,0.029814,0.044477,0.054741,0.069892,0.079668,0.094819,0.10948,0.11975,0.1349,0.14467,0.14956,0.14467,0.1349,0.12463,0.10948,0.094819,0.079668,0.069892,0.054741,0.044477,0.029814,0.024438,0.01955,0.01955,0.014663,0.0097752,0.0043988,-0.00048876,-0.0053763,-0.0053763,-0.0053763,-0.010264,-0.010264,-0.010264,-0.010264,-0.010264,-0.010264,-0.010264,-0.010264,-0.015152,-0.015152,-0.010264,-0.00048876,0.0097752,0.024438,0.034702,0.044477,0.044477,0.049853,0.054741,0.044477,0.034702,0.01955,0.0043988,-0.015152,-0.020528,-0.025415,-0.020528,-0.015152,-0.020528,-0.0053763,0.069892,0.24487,0.51515,0.79521,0.87048,0.62023,0.24976,0.0043988,-0.070381,-0.075269,-0.080645,-0.085533,-0.09042,-0.09042,-0.085533,-0.080645,-0.080645,-0.080645,-0.080645,-0.075269,-0.070381,-0.065494,-0.060606,-0.045455,-0.035191,-0.025415,-0.015152,-0.010264,-0.00048876,0.0043988,0.014663,0.024438,0.034702,0.044477,0.054741,0.069892,0.079668,0.089932,0.10948,0.11975,0.1349,0.13978,0.14467,0.13978,0.12952,0.11975,0.10459,0.089932,0.069892,0.054741,0.039589,0.024438,0.014663,0.0043988,-0.00048876,-0.0053763,-0.010264,-0.015152,-0.020528,-0.030303,-0.030303,-0.030303,-0.030303,-0.035191,-0.035191,-0.035191,-0.035191,-0.030303,-0.030303,-0.030303,-0.025415,-0.020528,-0.020528,-0.010264,0.0043988,0.01955,0.029814,0.029814,0.034702,0.044477,0.044477,0.034702,0.024438,0.0043988,-0.015152,-0.035191,-0.040567,-0.045455,-0.045455,-0.045455,-0.050342,-0.040567,0.029814,0.18964,0.45503,0.73509,0.8304,0.60997,0.23998,-0.010264,-0.085533,-0.09042,-0.095308,-0.1002,-0.1002,-0.1002,-0.1002,-0.1002,-0.095308,-0.095308,-0.09042,-0.085533,-0.080645,-0.075269,-0.065494,-0.060606,-0.05523,-0.045455,-0.035191,-0.030303,-0.020528,-0.015152,-0.010264,0.0043988,0.014663,0.024438,0.039589,0.049853,0.064516,0.07478,0.089932,0.10459,0.11486,0.11975,0.12463,0.12463,0.11975,0.10948,0.094819,0.079668,0.064516,0.044477,0.029814,0.01955,0.014663,0.0097752,0.0043988,-0.00048876,-0.0053763,-0.010264,-0.020528,-0.030303,-0.035191,-0.040567,-0.040567,-0.040567,-0.040567,-0.040567,-0.040567,-0.040567,-0.040567,-0.040567,-0.040567,-0.040567,-0.040567,-0.035191,-0.020528,-0.0053763,0.0097752,0.014663,0.01955,0.034702,0.039589,0.029814,0.014663,0.0043988,-0.015152,-0.030303,-0.040567,-0.045455,-0.045455,-0.040567,-0.040567,-0.035191,0.01955,0.16471,0.43011,0.73998,0.8651,0.6652,0.28495,0.0097752,-0.080645,-0.085533,-0.085533,-0.09042,-0.09042,-0.085533,-0.085533,-0.080645,-0.075269,-0.070381,-0.065494,-0.065494,-0.060606,-0.05523,-0.050342,-0.040567,-0.035191,-0.030303,-0.020528,-0.015152,-0.0053763,0.0043988,0.014663,0.029814,0.044477,0.049853,0.064516,0.07478,0.089932,0.099707,0.11486,0.12463,0.1349,0.13978,0.13978,0.13978,0.12952,0.11486,0.099707,0.084555,0.069892,0.049853,0.039589,0.029814,0.024438,0.014663,0.0097752,0.0043988,-0.00048876,-0.0053763,-0.010264,-0.015152,-0.020528,-0.020528,-0.020528,-0.020528,-0.020528,-0.020528,-0.020528,-0.015152,-0.020528,-0.020528,-0.020528,-0.020528,-0.020528,-0.020528,-0.015152,-0.010264,0.0043988,0.0097752,0.014663,0.024438,0.029814,0.034702,0.029814,0.014663,-0.00048876,-0.020528,-0.035191,-0.050342,-0.05523,-0.05523,-0.050342,-0.050342,-0.045455,0.014663,0.15494,0.3998,0.69013,0.83529,0.67009,0.31476,0.029814,-0.070381,-0.080645,-0.085533,-0.095308,-0.1002,-0.1002,-0.1002,-0.1002,-0.095308,-0.095308,-0.095308,-0.095308,-0.09042,-0.085533,-0.080645,-0.075269,-0.065494,-0.05523,-0.050342,-0.035191,-0.030303,-0.020528,-0.010264,0.0043988,0.014663,0.024438,0.034702,0.049853,0.064516,0.07478,0.089932,0.10459,0.11975,0.12463,0.1349,0.1349,0.12463,0.10948,0.094819,0.079668,0.059629,0.044477,0.029814,0.024438,0.014663,0.0043988,-0.00048876,-0.0053763,-0.010264,-0.010264,-0.010264,-0.015152,-0.020528,-0.020528,-0.020528,-0.020528,-0.020528,-0.020528,-0.015152,-0.015152,-0.015152,-0.010264,-0.010264,-0.015152,-0.015152,-0.015152,-0.010264,-0.00048876,0.014663,0.024438,0.029814,0.034702,0.044477,0.044477,0.034702,0.029814,0.0097752,-0.0053763,-0.020528,-0.030303,-0.030303,-0.025415,-0.020528,-0.020528,-0.0053763,0.064516,0.2346,0.50489,0.78006,0.85044,0.60997,0.24487,0.0043988,-0.060606,-0.060606,-0.065494,-0.070381,-0.070381,-0.075269,-0.070381,-0.065494,-0.065494,-0.065494,-0.065494,-0.060606,-0.05523,-0.050342,-0.040567,-0.035191,-0.025415,-0.015152,-0.010264,-0.00048876,0.0097752,0.014663,0.029814,0.039589,0.049853,0.059629,0.069892,0.079668,0.094819,0.10948,0.11975,0.1349,0.14467,0.15494,0.15982,0.16471,0.15494,0.13978,0.12463,0.10948,0.094819,0.07478,0.064516,0.054741,0.044477,0.034702,0.024438,0.024438,0.024438,0.01955,0.014663,0.0097752,0.0043988,0.0043988,-0.00048876,0.0043988,0.0043988,0.0043988,0.0043988,0.0043988,-0.00048876,0.0043988,0.0043988,0.0043988,0.0043988,0.0043988,0.01955,0.029814,0.034702,0.039589,0.039589,0.044477,0.049853,0.044477,0.039589,0.029814,0.0097752,-0.010264,-0.025415,-0.030303,-0.030303,-0.030303,-0.035191,-0.025415,0.039589,0.1999,0.45503,0.73509,0.85533,0.6652,0.29472,0.024438,-0.070381,-0.080645,-0.095308,-0.10557,-0.10557,-0.10557,-0.10557,-0.1002,-0.1002,-0.1002,-0.1002,-0.095308,-0.085533,-0.080645,-0.075269,-0.065494,-0.065494,-0.05523,-0.045455,-0.035191,-0.025415,-0.020528,-0.010264,0.0043988,0.014663,0.024438,0.034702,0.049853,0.059629,0.069892,0.084555,0.094819,0.10948,0.11975,0.12463,0.12463,0.11486,0.099707,0.089932,0.07478,0.059629,0.044477,0.034702,0.024438,0.014663,0.0043988,-0.00048876,-0.010264,-0.015152,-0.020528,-0.020528,-0.025415,-0.025415,-0.025415,-0.030303,-0.030303,-0.035191,-0.035191,-0.030303,-0.030303,-0.030303,-0.025415,-0.025415,-0.020528,-0.020528,-0.010264,-0.00048876,0.0097752,0.01955,0.024438,0.029814,0.039589,0.034702,0.029814,0.01955,0.0043988,-0.015152,-0.035191,-0.050342,-0.050342,-0.045455,-0.040567,-0.040567,-0.020528,0.059629,0.2346,0.51515,0.78543,0.84506,0.56012,0.18964,-0.030303,-0.085533,-0.09042,-0.095308,-0.1002,-0.1002,-0.1002,-0.1002,-0.095308,-0.095308,-0.09042,-0.085533,-0.080645,-0.075269,-0.070381,-0.065494,-0.05523,-0.050342,-0.040567,-0.035191,-0.030303,-0.020528,-0.010264,-0.00048876,0.0097752,0.01955,0.029814,0.044477,0.054741,0.069892,0.084555,0.094819,0.10948,0.11486,0.11975,0.12463,0.11975,0.11486,0.099707,0.084555,0.069892,0.054741,0.044477,0.034702,0.024438,0.0097752,-0.00048876,-0.0053763,-0.010264,-0.010264,-0.015152,-0.015152,-0.015152,-0.015152,-0.020528,-0.020528,-0.020528,-0.020528,-0.020528,-0.030303,-0.030303,-0.030303,-0.025415,-0.020528,-0.020528,-0.020528,-0.010264,0.0043988,0.014663,0.024438,0.034702,0.039589,0.049853,0.049853,0.039589,0.029814,0.0097752,-0.0053763,-0.025415,-0.040567,-0.040567,-0.040567,-0.040567,-0.045455,-0.040567,0.01955,0.15494,0.40469,0.70528,0.84018,0.6652,0.3001,0.01955,-0.075269,-0.085533,-0.095308,-0.095308,-0.095308,-0.095308,-0.095308,-0.09042,-0.085533,-0.085533,-0.080645,-0.075269,-0.075269,-0.065494,-0.060606,-0.05523,-0.050342,-0.040567,-0.035191,-0.025415,-0.015152,-0.0053763,0.0043988,0.014663,0.024438,0.034702,0.044477,0.059629,0.07478,0.089932,0.099707,0.10948,0.11975,0.12952,0.1349,0.1349,0.12463,0.11486,0.099707,0.084555,0.064516,0.049853,0.044477,0.034702,0.024438,0.01955,0.0097752,0.0043988,-0.00048876,-0.010264,-0.015152,-0.015152,-0.020528,-0.020528,-0.015152,-0.015152,-0.020528,-0.020528,-0.020528,-0.015152,-0.015152,-0.015152,-0.015152,-0.015152,-0.015152,-0.015152,-0.0053763,0.0097752,0.024438,0.034702,0.039589,0.044477,0.054741,0.054741,0.044477,0.029814,0.0097752,-0.010264,-0.030303,-0.035191,-0.035191,-0.035191,-0.035191,-0.035191,-0.015152,0.069892,0.24976,0.52981,0.79032,0.83529,0.52004,0.16471,-0.035191,-0.080645,-0.080645,-0.085533,-0.085533,-0.09042,-0.09042,-0.09042,-0.085533,-0.085533,-0.080645,-0.075269,-0.070381,-0.060606,-0.05523,-0.045455,-0.040567,-0.035191,-0.030303,-0.020528,-0.010264,-0.00048876,0.0097752,0.014663,0.029814,0.039589,0.049853,0.069892,0.079668,0.094819,0.10459,0.11975,0.12952,0.13978,0.14467,0.14956,0.14467,0.13978,0.12463,0.10948,0.094819,0.079668,0.069892,0.059629,0.049853,0.044477,0.059629,0.064516,0.069892,0.064516,0.059629,0.049853,0.029814,0.0043988,-0.015152,-0.020528,-0.015152,-0.015152,-0.010264,-0.015152,0.034702,0.15982,0.39492,0.69013,0.87537,0.76002,0.3998,0.079668,-0.05523,-0.070381,-0.070381,-0.075269,-0.080645,-0.080645,-0.080645,-0.080645,-0.075269,-0.075269,-0.070381,-0.065494,-0.060606,-0.05523,-0.050342,-0.040567,-0.035191,-0.030303,-0.020528,-0.010264,-0.00048876,0.0097752,0.014663,0.024438,0.029814,0.044477,0.049853,0.064516,0.07478,0.084555,0.099707,0.11486,0.12463,0.1349,0.13978,0.13978,0.12952,0.11975,0.10948,0.094819,0.079668,0.064516,0.049853,0.034702,0.024438,0.014663,0.0097752,0.0043988,-0.00048876,-0.0053763,-0.010264,-0.015152,-0.020528,-0.025415,-0.030303,-0.030303,-0.030303,-0.030303,-0.030303,-0.030303,-0.030303,-0.030303,-0.035191,-0.030303,-0.030303,-0.020528,-0.0053763,0.0097752,0.024438,0.029814,0.034702,0.039589,0.044477,0.034702,0.029814,0.014663,-0.0053763,-0.025415,-0.040567,-0.045455,-0.045455,-0.040567,-0.045455,-0.035191,0.029814,0.17986,0.43011,0.71994,0.84018,0.65005,0.27468,0.0043988,-0.085533,-0.09042,-0.095308,-0.1002,-0.1002,-0.1002,-0.1002,-0.095308,-0.09042,-0.085533,-0.080645,-0.075269,-0.070381,-0.060606,-0.05523,-0.050342,-0.040567,-0.030303,-0.020528,-0.015152,-0.010264,-0.0053763,0.0043988,0.0097752,0.024438,0.034702,0.044477,0.054741,0.064516,0.079668,0.094819,0.10459,0.11486,0.12463,0.1349,0.1349,0.12463,0.11486,0.099707,0.089932,0.079668,0.069892,0.054741,0.044477,0.039589,0.029814,0.024438,0.014663,0.0097752,0.0043988,-0.00048876,-0.00048876,-0.0053763,-0.010264,-0.015152,-0.015152,-0.020528,-0.025415,-0.025415,-0.020528,-0.020528,-0.020528,-0.020528,-0.015152,-0.010264,-0.00048876,0.014663,0.029814,0.044477,0.054741,0.064516,0.07478,0.079668,0.069892,0.064516,0.044477,0.01955,-0.00048876,-0.015152,-0.015152,-0.015152,-0.015152,-0.020528,-0.0053763,0.069892,0.24487,0.52004,0.78543,0.85044,0.58504,0.21994,-0.010264,-0.065494,-0.065494,-0.075269,-0.075269,-0.075269,-0.075269,-0.075269,-0.070381,-0.070381,-0.065494,-0.065494,-0.060606,-0.050342,-0.045455,-0.050342,-0.050342,-0.050342,-0.040567,-0.035191,-0.030303,-0.025415,-0.015152,-0.0053763,0.0043988,0.014663,0.024438,0.034702,0.044477,0.054741,0.069892,0.084555,0.099707,0.10948,0.11486,0.11975,0.10948,0.099707,0.089932,0.07478,0.054741,0.044477,0.029814,0.01955,0.0097752,0.0043988,-0.00048876,-0.010264,-0.010264,-0.015152,-0.020528,-0.030303,-0.030303,-0.030303,-0.035191,-0.035191,-0.035191,-0.035191,-0.040567,-0.035191,-0.035191,-0.035191,-0.035191,-0.035191,-0.030303,-0.025415,-0.020528,-0.010264,0.0043988,0.014663,0.024438,0.029814,0.034702,0.039589,0.029814,0.014663,-0.00048876,-0.020528,-0.040567,-0.05523,-0.05523,-0.05523,-0.050342,-0.050342,-0.045455,0.0097752,0.15494,0.40469,0.69013,0.82014,0.65005,0.28983,0.0097752,-0.085533,-0.09042,-0.095308,-0.1002,-0.1002,-0.1002,-0.1002,-0.1002,-0.095308,-0.095308,-0.095308,-0.09042,-0.085533,-0.080645,-0.070381,-0.060606,-0.05523,-0.050342,-0.040567,-0.030303,-0.025415,-0.015152,-0.010264,-0.00048876,0.0097752,0.024438,0.039589,0.054741,0.064516,0.07478,0.089932,0.10459,0.11975,0.12463,0.12952,0.12463,0.11975,0.10948,0.094819,0.079668,0.064516,0.054741,0.039589,0.029814,0.024438,0.014663,0.0043988,-0.00048876,-0.00048876,-0.010264,-0.015152,-0.015152,-0.020528,-0.015152,-0.020528,-0.020528,-0.020528,-0.020528,-0.020528,-0.015152,-0.020528,-0.020528,-0.020528,-0.020528,-0.015152,-0.015152,-0.00048876,0.0097752,0.029814,0.034702,0.044477,0.044477,0.054741,0.049853,0.044477,0.029814,0.014663,-0.00048876,-0.020528,-0.030303,-0.030303,-0.025415,-0.020528,-0.020528,0.0097752,0.10459,0.3001,0.58504,0.82014,0.85533,0.5,0.14956,-0.035191,-0.075269,-0.075269,-0.075269,-0.080645,-0.080645,-0.080645,-0.075269,-0.070381,-0.070381,-0.065494,-0.060606,-0.05523,-0.050342,-0.040567,-0.035191,-0.025415,-0.015152,-0.010264,-0.010264,-0.00048876,0.0043988,0.014663,0.029814,0.039589,0.049853,0.059629,0.069892,0.079668,0.094819,0.10459,0.11486,0.11975,0.12463,0.1349,0.12463,0.11486,0.099707,0.084555,0.064516,0.049853,0.034702,0.024438,0.0097752,-0.00048876,-0.0053763,-0.010264,-0.015152,-0.020528,-0.030303,-0.030303,-0.030303,-0.030303,-0.020528,-0.015152,-0.010264,0.0043988,0.0097752,0.014663,0.014663,0.014663,0.014663,0.01955,0.029814,0.039589,0.049853,0.054741,0.064516,0.064516,0.059629,0.049853,0.034702,0.029814,0.0097752,-0.020528,-0.05523,-0.095308,-0.1305,-0.16031,-0.17546,-0.18573,-0.19062,-0.19062,-0.1955,-0.18573,-0.10557,0.079668,0.36999,0.66031,0.75024,0.51515,0.14467,-0.1002,-0.16569,-0.16031,-0.15054,-0.14565,-0.13539,-0.12561,-0.11046,-0.10557,-0.095308,-0.085533,-0.080645,-0.075269,-0.065494,-0.065494,-0.060606,-0.060606,-0.050342,-0.040567,-0.035191,-0.030303,-0.015152,-0.0053763,0.0043988,0.014663,0.024438,0.039589,0.054741,0.069892,0.084555,0.10459,0.11975,0.13978,0.15494,0.1696,0.17498,0.17986,0.16471,0.15982,0.14467,0.1349,0.11486,0.099707,0.089932,0.07478,0.064516,0.054741,0.044477,0.034702,0.024438,0.024438,0.014663,0.0097752,0.0043988,-0.00048876,-0.0053763,-0.010264,-0.010264,-0.015152,-0.015152,-0.020528,-0.020528,-0.025415,-0.025415,-0.025415,-0.020528,-0.015152,0.0043988,0.01955,0.029814,0.034702,0.044477,0.049853,0.049853,0.034702,0.024438,0.0043988,-0.020528,-0.040567,-0.050342,-0.050342,-0.050342,-0.045455,-0.050342,-0.035191,0.029814,0.19501,0.45992,0.75024,0.85533,0.64516,0.27468,0.0097752,-0.075269,-0.075269,-0.080645,-0.080645,-0.080645,-0.080645,-0.080645,-0.080645,-0.075269,-0.070381,-0.065494,-0.060606,-0.05523,-0.050342,-0.040567,-0.035191,-0.030303,-0.020528,-0.010264,-0.00048876,0.0097752,0.024438,0.034702,0.049853,0.059629,0.07478,0.079668,0.094819,0.10459,0.11975,0.12952,0.14467,0.15494,0.16471,0.17498,0.16471,0.15982,0.14467,0.12463,0.10948,0.089932,0.07478,0.059629,0.044477,0.034702,0.029814,0.024438,0.014663,0.0097752,0.0043988,-0.00048876,-0.00048876,-0.010264,-0.010264,-0.015152,-0.015152,-0.020528,-0.020528,-0.025415,-0.025415,-0.025415,-0.020528,-0.020528,-0.020528,-0.015152,-0.010264,-0.00048876,0.014663,0.029814,0.039589,0.049853,0.059629,0.069892,0.069892,0.069892,0.079668,0.089932,0.07478,0.044477,0.014663,0.0043988,0.0043988,-0.00048876,-0.00048876,0.01955,0.11486,0.31476,0.6002,0.84506,0.88514,0.54008,0.17986,-0.015152,-0.05523,-0.060606,-0.065494,-0.065494,-0.065494,-0.065494,-0.065494,-0.060606,-0.060606,-0.060606,-0.060606,-0.05523,-0.050342,-0.040567,-0.035191,-0.030303,-0.020528,-0.020528,-0.010264,-0.00048876,0.0043988,0.014663,0.024438,0.034702,0.044477,0.059629,0.069892,0.084555,0.099707,0.11486,0.12952,0.13978,0.15494,0.15982,0.15982,0.14956,0.13978,0.12463,0.10948,0.089932,0.079668,0.069892,0.059629,0.049853,0.039589,0.034702,0.029814,0.024438,0.01955,0.0097752,0.0043988,-0.00048876,-0.00048876,-0.00048876,-0.00048876,-0.0053763,-0.010264,-0.0053763,-0.010264,-0.010264,-0.010264,-0.0053763,-0.00048876,-0.00048876,-0.00048876,-0.00048876,0.0097752,0.024438,0.039589,0.054741,0.059629,0.064516,0.07478,0.079668,0.069892,0.064516,0.044477,0.024438,0.0043988,-0.0053763,-0.010264,-0.010264,-0.00048876,-0.010264,-0.00048876,0.064516,0.21994,0.47507,0.76002,0.87537,0.67498,0.3001,0.034702,-0.05523,-0.060606,-0.065494,-0.075269,-0.080645,-0.080645,-0.080645,-0.075269,-0.075269,-0.075269,-0.070381,-0.065494,-0.060606,-0.060606,-0.05523,-0.045455,-0.035191,-0.035191,-0.025415,-0.020528,-0.010264,0.0043988,0.0097752,0.024438,0.034702,0.049853,0.059629,0.07478,0.084555,0.099707,0.11486,0.12952,0.13978,0.14467,0.15494,0.15494,0.14467,0.1349,0.11486,0.099707,0.084555,0.07478,0.064516,0.054741,0.044477,0.034702,0.024438,0.014663,0.014663,0.0097752,0.0043988,0.0043988,-0.00048876,-0.00048876,-0.00048876,-0.0053763,-0.0053763,-0.0053763,-0.00048876,-0.00048876,-0.00048876,-0.00048876,-0.00048876,-0.00048876,-0.00048876,-0.00048876,0.0043988,0.01955,0.029814,0.044477,0.054741,0.054741,0.064516,0.069892,0.064516,0.054741,0.044477,0.024438,0.0043988,-0.010264,-0.015152,-0.015152,-0.015152,-0.010264,-0.010264,0.01955,0.12952,0.34506,0.65005,0.88514,0.91007,0.50978,0.14956,-0.035191,-0.065494,-0.065494,-0.070381,-0.075269,-0.075269,-0.065494,-0.065494,-0.060606,-0.060606,-0.05523,-0.050342,-0.045455,-0.035191,-0.030303,-0.025415,-0.020528,-0.015152,-0.00048876,0.0097752,0.014663,0.01955,0.029814,0.039589,0.049853,0.064516,0.069892,0.079668,0.089932,0.094819,0.10948,0.12463,0.13978,0.14467,0.15494,0.15494,0.14467,0.1349,0.11975,0.10948,0.089932,0.07478,0.059629,0.049853,0.034702,0.024438,0.014663,0.0097752,0.0043988,-0.00048876,-0.0053763,-0.0053763,-0.010264,-0.015152,-0.020528,-0.020528,-0.020528,-0.020528,-0.020528,-0.030303,-0.030303,-0.030303,-0.030303,-0.025415,-0.020528,-0.020528,-0.015152,-0.015152,-0.00048876,0.0097752,0.029814,0.034702,0.034702,0.044477,0.044477,0.039589,0.029814,0.0097752,-0.010264,-0.030303,-0.040567,-0.040567,-0.040567,-0.035191,-0.040567,-0.035191,0.029814,0.17986,0.43011,0.71505,0.85044,0.67009,0.3001,0.014663,-0.080645,-0.085533,-0.09042,-0.095308,-0.1002,-0.1002,-0.1002,-0.095308,-0.095308,-0.095308,-0.095308,-0.085533,-0.080645,-0.075269,-0.070381,-0.060606,-0.05523,-0.050342,-0.040567,-0.030303,-0.020528,-0.010264,-0.00048876,0.0043988,0.014663,0.024438,0.034702,0.049853,0.059629,0.07478,0.089932,0.10459,0.11486,0.11975,0.12463,0.12463,0.11975,0.10948,0.089932,0.07478,0.064516,0.054741,0.039589,0.024438,0.014663,0.0097752,0.0043988,-0.00048876,-0.010264,-0.010264,-0.015152,-0.020528,-0.020528,-0.025415,-0.020528,-0.020528,-0.020528,-0.020528,-0.020528,-0.015152,-0.015152,-0.015152,-0.015152,-0.015152,-0.010264,-0.010264,-0.0053763,0.0097752,0.024438,0.034702,0.039589,0.049853,0.054741,0.059629,0.049853,0.044477,0.029814,0.0097752,-0.010264,-0.030303,-0.035191,-0.035191,-0.030303,-0.030303,-0.025415,0.024438,0.14956,0.38514,0.68524,0.86022,0.71994,0.35973,0.049853,-0.070381,-0.080645,-0.085533,-0.085533,-0.085533,-0.085533,-0.085533,-0.085533,-0.080645,-0.080645,-0.080645,-0.075269,-0.075269,-0.065494,-0.060606,-0.05523,-0.045455,-0.040567,-0.030303,-0.025415,-0.015152,-0.0053763,0.0043988,0.014663,0.024438,0.039589,0.049853,0.054741,0.069892,0.084555,0.099707,0.10948,0.11975,0.12463,0.12952,0.12952,0.12463,0.11486,0.099707,0.079668,0.069892,0.049853,0.034702,0.029814,0.024438,0.014663,0.0097752,0.0043988,-0.00048876,-0.0053763,-0.010264,-0.015152,-0.020528,-0.025415,-0.030303,-0.030303,-0.030303,-0.030303,-0.030303,-0.030303,-0.025415,-0.020528,-0.015152,-0.020528,-0.020528,-0.015152,-0.010264,-0.00048876,0.0097752,0.024438,0.034702,0.039589,0.049853,0.054741,0.059629,0.049853,0.034702,0.01955,-0.0053763,-0.025415,-0.035191,-0.040567,-0.035191,-0.035191,-0.035191,-0.020528,0.049853,0.21457,0.47996,0.75513,0.83529,0.60508,0.23998,-0.010264,-0.080645,-0.080645,-0.085533,-0.09042,-0.09042,-0.085533,-0.085533,-0.085533,-0.085533,-0.080645,-0.075269,-0.075269,-0.065494,-0.05523,-0.050342,-0.045455,-0.035191,-0.030303,-0.020528,-0.015152,-0.0053763,0.0043988,0.014663,0.024438,0.034702,0.049853,0.059629,0.07478,0.084555,0.099707,0.10948,0.11975,0.12952,0.1349,0.13978,0.1349,0.11975,0.10948,0.094819,0.079668,0.069892,0.054741,0.039589,0.029814,0.024438,0.014663,0.0097752,0.0043988,-0.00048876,-0.00048876,-0.0053763,-0.010264,-0.010264,-0.015152,-0.020528,-0.025415,-0.020528,-0.020528,-0.020528,-0.020528,-0.020528,-0.015152,-0.020528,-0.015152,-0.015152,-0.010264,-0.010264,-0.00048876,0.0097752,0.024438,0.034702,0.034702,0.044477,0.059629,0.064516,0.049853,0.039589,0.024438,0.0043988,-0.015152,-0.025415,-0.025415,-0.020528,-0.020528,-0.025415,-0.0053763,0.079668,0.25464,0.54008,0.81036,0.87048,0.57527,0.1999,-0.020528,-0.075269,-0.075269,-0.075269,-0.080645,-0.080645,-0.080645,-0.080645,-0.075269,-0.070381,-0.065494,-0.060606,-0.05523,-0.050342,-0.045455,-0.040567,-0.030303,-0.025415,-0.020528,-0.015152,-0.0053763,-0.00048876,0.0097752,0.024438,0.034702,0.044477,0.054741,0.064516,0.07478,0.089932,0.10459,0.11486,0.12952,0.13978,0.14956,0.15494,0.14956,0.13978,0.12463,0.10948,0.094819,0.079668,0.069892,0.054741,0.049853,0.039589,0.029814,0.024438,0.01955,0.014663,0.0097752,0.0043988,0.0043988,-0.00048876,-0.0053763,-0.010264,-0.010264,-0.010264,-0.015152,-0.015152,-0.015152,-0.015152,-0.010264,-0.010264,-0.010264,-0.010264,-0.0053763,-0.00048876,0.0043988,0.01955,0.034702,0.044477,0.044477,0.049853,0.049853,0.044477,0.044477,0.029814,0.0097752,-0.010264,-0.030303,-0.035191,-0.035191,-0.030303,-0.035191,-0.025415,0.039589,0.18964,0.43988,0.73021,0.8651,0.69501,0.32502,0.034702,-0.070381,-0.085533,-0.085533,-0.095308,-0.1002,-0.1002,-0.1002,-0.1002,-0.095308,-0.09042,-0.085533,-0.085533,-0.080645,-0.075269,-0.070381,-0.060606,-0.050342,-0.040567,-0.035191,-0.030303,-0.020528,-0.010264,-0.00048876,0.0097752,0.024438,0.034702,0.049853,0.059629,0.069892,0.084555,0.099707,0.10948,0.11975,0.12463,0.12952,0.12463,0.11486,0.10948,0.094819,0.079668,0.069892,0.054741,0.044477,0.029814,0.01955,0.0097752,0.0097752,0.0043988,-0.00048876,-0.010264,-0.010264,-0.010264,-0.010264,-0.015152,-0.015152,-0.015152,-0.020528,-0.020528,-0.020528,-0.015152,-0.015152,-0.020528,-0.020528,-0.015152,-0.015152,-0.015152,-0.0053763,0.0097752,0.024438,0.039589,0.044477,0.049853,0.054741,0.059629,0.044477,0.034702,0.01955,-0.00048876,-0.020528,-0.035191,-0.035191,-0.030303,-0.030303,-0.035191,-0.020528,0.049853,0.20968,0.48485,0.7654,0.84018,0.60508,0.2346,-0.015152,-0.085533,-0.085533,-0.09042,-0.095308,-0.1002,-0.1002,-0.095308,-0.095308,-0.09042,-0.085533,-0.080645,-0.080645,-0.075269,-0.065494,-0.060606,-0.05523,-0.050342,-0.040567,-0.030303,-0.020528,-0.015152,-0.010264,-0.00048876,0.0097752,0.024438,0.039589,0.049853,0.064516,0.07478,0.084555,0.099707,0.11486,0.11975,0.12463,0.1349,0.12463,0.11486,0.099707,0.089932,0.07478,0.054741,0.044477,0.029814,0.014663,0.0097752,0.0043988,-0.00048876,-0.010264,-0.015152,-0.015152,-0.020528,-0.020528,-0.025415,-0.030303,-0.030303,-0.030303,-0.030303,-0.025415,-0.030303,-0.030303,-0.025415,-0.030303,-0.030303,-0.025415,-0.025415,-0.020528,-0.010264,-0.00048876,0.0097752,0.024438,0.029814,0.034702,0.044477,0.049853,0.044477,0.029814,0.014663,-0.00048876,-0.020528,-0.030303,-0.035191,-0.035191,-0.035191,-0.035191,-0.025415,0.029814,0.16471,0.41007,0.70528,0.85044,0.68524,0.31965,0.024438,-0.080645,-0.09042,-0.095308,-0.1002,-0.1002,-0.1002,-0.095308,-0.09042,-0.085533,-0.085533,-0.085533,-0.075269,-0.070381,-0.065494,-0.05523,-0.050342,-0.045455,-0.040567,-0.035191,-0.030303,-0.020528,-0.010264,0.0043988,0.014663,0.024438,0.039589,0.049853,0.059629,0.069892,0.084555,0.099707,0.10948,0.11975,0.12463,0.12463,0.12463,0.11486,0.10459,0.094819,0.07478,0.054741,0.039589,0.029814,0.01955,0.0097752,0.0043988,-0.00048876,-0.0053763,-0.010264,-0.010264,-0.015152,-0.020528,-0.020528,-0.025415,-0.025415,-0.030303,-0.030303,-0.030303,-0.030303,-0.030303,-0.030303,-0.030303,-0.030303,-0.030303,-0.025415,-0.020528,-0.020528,-0.010264,0.0043988,0.024438,0.029814,0.034702,0.044477,0.049853,0.044477,0.034702,0.024438,0.0043988,-0.015152,-0.030303,-0.040567,-0.040567,-0.035191,-0.035191,-0.035191,0.0043988,0.10948,0.31476,0.60997,0.82502,0.83529,0.435,0.099707,-0.060606,-0.085533,-0.085533,-0.095308,-0.095308,-0.095308,-0.095308,-0.09042,-0.085533,-0.080645,-0.080645,-0.080645,-0.075269,-0.065494,-0.060606,-0.05523,-0.040567,-0.035191,-0.030303,-0.020528,-0.010264,-0.00048876,0.0097752,0.024438,0.029814,0.039589,0.049853,0.064516,0.07478,0.089932,0.10459,0.11486,0.12463,0.1349,0.14467,0.13978,0.1349,0.12463,0.10948,0.099707,0.084555,0.069892,0.059629,0.049853,0.039589,0.034702,0.029814,0.024438,0.014663,0.014663,0.0043988,0.0043988,-0.00048876,-0.00048876,-0.00048876,-0.0053763,-0.0053763,-0.0053763,-0.00048876,-0.00048876,-0.00048876,-0.00048876,-0.00048876,0.0043988,-0.00048876,0.0043988,0.0043988,0.0097752,0.024438,0.039589,0.049853,0.054741,0.054741,0.064516,0.069892,0.064516,0.054741,0.034702,0.0097752,-0.010264,-0.020528,-0.020528,-0.015152,-0.010264,-0.015152,0.014663,0.10948,0.30499,0.59531,0.84506,0.88514,0.56012,0.19501,-0.020528,-0.065494,-0.065494,-0.070381,-0.075269,-0.075269,-0.075269,-0.075269,-0.070381,-0.065494,-0.060606,-0.060606,-0.05523,-0.050342,-0.045455,-0.035191,-0.030303,-0.025415,-0.020528,-0.015152,-0.0053763,0.0043988,0.0097752,0.01955,0.029814,0.039589,0.049853,0.064516,0.07478,0.084555,0.094819,0.10948,0.12463,0.1349,0.13978,0.13978,0.1349,0.12463,0.10948,0.094819,0.079668,0.064516,0.054741,0.044477,0.029814,0.024438,0.014663,0.0097752,0.0043988,-0.00048876,-0.010264,-0.010264,-0.015152,-0.020528,-0.020528,-0.020528,-0.025415,-0.025415,-0.025415,-0.025415,-0.025415,-0.025415,-0.020528,-0.020528,-0.020528,-0.015152,-0.010264,-0.00048876,0.0097752,0.01955,0.024438,0.034702,0.044477,0.049853,0.039589,0.029814,0.014663,-0.00048876,-0.015152,-0.035191,-0.040567,-0.035191,-0.035191,-0.030303,-0.025415,0.024438,0.16471,0.41007,0.70528,0.85044,0.69501,0.32991,0.034702,-0.075269,-0.085533,-0.095308,-0.095308,-0.095308,-0.095308,-0.095308,-0.095308,-0.09042,-0.085533,-0.085533,-0.080645,-0.075269,-0.065494,-0.060606,-0.05523,-0.050342,-0.040567,-0.035191,-0.030303,-0.020528,-0.010264,-0.00048876,0.0097752,0.024438,0.039589,0.049853,0.059629,0.069892,0.079668,0.094819,0.10948,0.11486,0.12463,0.12463,0.12463,0.11975,0.10948,0.094819,0.079668,0.069892,0.054741,0.044477,0.034702,0.024438,0.01955,0.014663,0.0043988,-0.00048876,-0.0053763,-0.0053763,-0.0053763,-0.010264,-0.010264,-0.010264,-0.010264,-0.015152,-0.015152,-0.015152,-0.015152,-0.015152,-0.015152,-0.015152,-0.015152,-0.010264,-0.0053763,0.0043988,0.014663,0.029814,0.039589,0.044477,0.054741,0.064516,0.054741,0.044477,0.034702,0.014663,-0.0053763,-0.020528,-0.030303,-0.030303,-0.020528,-0.025415,-0.030303,-0.00048876,0.094819,0.3001,0.58993,0.8304,0.85533,0.5,0.14467,-0.040567,-0.075269,-0.080645,-0.085533,-0.085533,-0.085533,-0.085533,-0.080645,-0.080645,-0.080645,-0.080645,-0.075269,-0.070381,-0.065494,-0.060606,-0.05523,-0.050342,-0.040567,-0.040567,-0.030303,-0.020528,-0.010264,-0.00048876,0.0097752,0.01955,0.034702,0.044477,0.054741,0.069892,0.084555,0.094819,0.10948,0.11975,0.12463,0.1349,0.1349,0.12463,0.11486,0.099707,0.089932,0.07478,0.054741,0.039589,0.024438,0.014663,0.0097752,0.0043988,-0.00048876,-0.0053763,-0.010264,-0.015152,-0.020528,-0.020528,-0.025415,-0.025415,-0.025415,-0.025415,-0.025415,-0.025415,-0.025415,-0.025415,-0.020528,-0.020528,-0.020528,-0.020528,-0.020528,-0.020528,-0.010264,0.0043988,0.024438,0.029814,0.034702,0.044477,0.049853,0.054741,0.044477,0.029814,0.0097752,-0.015152,-0.035191,-0.040567,-0.045455,-0.040567,-0.040567,-0.045455,-0.010264,0.094819,0.3001,0.58993,0.82014,0.84018,0.45503,0.10948,-0.060606,-0.09042,-0.085533,-0.095308,-0.095308,-0.095308,-0.095308,-0.095308,-0.09042,-0.085533,-0.080645,-0.075269,-0.065494,-0.060606,-0.05523,-0.050342,-0.045455,-0.040567,-0.030303,-0.020528,-0.020528,-0.015152,-0.00048876,0.0097752,0.024438,0.034702,0.049853,0.054741,0.069892,0.079668,0.094819,0.10459,0.11486,0.12463,0.12952,0.1349,0.11975,0.10948,0.094819,0.079668,0.064516,0.049853,0.044477,0.034702,0.024438,0.014663,0.0097752,0.0043988,0.0043988,0.0043988,-0.00048876,-0.010264,-0.015152,-0.015152,-0.020528,-0.020528,-0.025415,-0.030303,-0.030303,-0.025415,-0.020528,-0.020528,-0.020528,-0.020528,-0.015152,-0.015152,-0.010264,-0.00048876,0.0097752,0.024438,0.029814,0.039589,0.049853,0.054741,0.054741,0.044477,0.029814,0.0097752,-0.010264,-0.025415,-0.030303,-0.030303,-0.030303,-0.030303,-0.030303,-0.0053763,0.099707,0.30499,0.60997,0.85533,0.88514,0.5,0.1349,-0.045455,-0.075269,-0.075269,-0.075269,-0.075269,-0.075269,-0.070381,-0.065494,-0.060606,-0.05523,-0.050342,-0.050342,-0.040567,-0.035191,-0.030303,-0.030303,-0.020528,-0.010264,-0.0053763,-0.00048876,0.0097752,0.014663,0.029814,0.039589,0.049853,0.064516,0.07478,0.084555,0.094819,0.10948,0.11975,0.1349,0.14956,0.15982,0.16471,0.16471,0.15982,0.14956,0.1349,0.11975,0.099707,0.084555,0.07478,0.064516,0.054741,0.044477,0.039589,0.029814,0.024438,0.01955,0.014663,0.0097752,0.0097752,0.0097752,0.0097752,0.0043988,0.0043988,-0.00048876,-0.00048876,-0.00048876,-0.00048876,-0.00048876,-0.00048876,-0.00048876,-0.0053763,-0.010264,-0.0053763,0.0043988,0.01955,0.034702,0.044477,0.044477,0.044477,0.049853,0.049853,0.039589,0.029814,0.0097752,-0.010264,-0.030303,-0.030303,-0.030303,-0.020528,-0.015152,-0.010264,-0.00048876,0.0043988,0.0097752,0.01955,0.029814,0.044477,0.054741,0.059629,0.064516,0.069892,0.064516,0.054741,0.044477,0.01955,0.0043988,-0.015152,-0.020528,-0.020528,-0.015152,-0.010264,-0.0053763,0.014663,0.094819,0.26002,0.52981,0.78543,0.84506,0.56989,0.21457,-0.00048876,-0.050342,-0.050342,-0.050342,-0.050342,-0.050342,-0.050342,-0.050342,-0.045455,-0.040567,-0.040567,-0.035191,-0.035191,-0.030303,-0.025415,-0.020528,-0.015152,-0.010264,-0.00048876,0.0043988,0.014663,0.014663,0.024438,0.039589,0.049853,0.064516,0.07478,0.089932,0.094819,0.10948,0.11975,0.1349,0.13978,0.14956,0.15494,0.14956,0.13978,0.12952,0.11486,0.099707,0.084555,0.069892,0.059629,0.049853,0.044477,0.029814,0.024438,0.024438,0.01955,0.024438,0.029814,0.034702,0.029814,0.01955,0.01955,0.01955,0.014663,0.0097752,0.0043988,0.0043988,0.0043988,0.0043988,0.0097752,0.014663,0.014663,0.014663,0.014663,0.024438,0.034702,0.049853,0.059629,0.064516,0.07478,0.084555,0.089932,0.079668,0.069892,0.054741,0.029814,0.014663,0.0043988,-0.00048876,0.0043988,0.0043988,0.0043988,0.014663,0.084555,0.2346,0.48485,0.76002,0.84018,0.62512,0.26979,0.029814,-0.040567,-0.045455,-0.045455,-0.050342,-0.05523,-0.05523,-0.05523,-0.050342,-0.050342,-0.045455,-0.040567,-0.035191,-0.030303,-0.025415,-0.020528,-0.020528,-0.015152,-0.00048876,0.0043988,0.014663,0.024438,0.034702,0.044477,0.054741,0.064516,0.07478,0.084555,0.094819,0.10948,0.12463,0.1349,0.14956,0.15982,0.16471,0.16471,0.15982,0.15494,0.13978,0.12952,0.11975,0.10459,0.089932,0.079668,0.069892,0.059629,0.054741,0.049853,0.044477,0.044477,0.034702,0.034702,0.029814,0.024438,0.024438,0.01955,0.014663,0.014663,0.0097752,0.0097752,0.0097752,0.014663,0.014663,0.014663,0.014663,0.014663,0.01955,0.024438,0.034702,0.049853,0.059629,0.064516,0.069892,0.07478,0.079668,0.07478,0.069892,0.054741,0.039589,0.014663,0.0043988,0.0043988,0.0043988,0.0043988,-0.00048876,0.0097752,0.079668,0.23998,0.49511,0.77028,0.8651,0.66031,0.30499,0.044477,-0.040567,-0.050342,-0.05523,-0.060606,-0.060606,-0.060606,-0.060606,-0.05523,-0.050342,-0.050342,-0.050342,-0.040567,-0.040567,-0.035191,-0.030303,-0.020528,-0.015152,-0.015152,-0.010264,-0.00048876,0.0097752,0.01955,0.029814,0.039589,0.049853,0.064516,0.07478,0.084555,0.094819,0.10948,0.11975,0.12952,0.13978,0.14467,0.14467,0.13978,0.12952,0.11975,0.10459,0.089932,0.07478,0.059629,0.044477,0.034702,0.024438,0.014663,0.0097752,0.0043988,0.0043988,-0.00048876,-0.0053763,-0.010264,-0.015152,-0.015152,-0.015152,-0.015152,-0.015152,-0.015152,-0.015152,-0.015152,-0.015152,-0.010264,-0.010264,-0.010264,-0.010264,-0.00048876,0.0097752,0.024438,0.044477,0.049853,0.054741,0.059629,0.064516,0.054741,0.049853,0.034702,0.014663,-0.0053763,-0.020528,-0.020528,-0.020528,-0.020528,-0.025415,-0.020528,0.029814,0.15494,0.38514,0.67009,0.8304,0.70039,0.35484,0.054741,-0.060606,-0.075269,-0.080645,-0.085533,-0.085533,-0.085533,-0.085533,-0.080645,-0.080645,-0.080645,-0.075269,-0.065494,-0.060606,-0.05523,-0.050342,-0.045455,-0.040567,-0.035191,-0.025415,-0.015152,-0.010264,-0.00048876,0.0097752,0.014663,0.029814,0.039589,0.049853,0.064516,0.07478,0.089932,0.099707,0.11486,0.12463,0.12952,0.1349,0.12463,0.11975,0.10948,0.094819,0.07478,0.059629,0.044477,0.034702,0.024438,0.014663,0.014663,0.0097752,0.0043988,-0.00048876,-0.0053763,-0.010264,-0.010264,-0.015152,-0.015152,-0.015152,-0.015152,-0.015152,-0.020528,-0.020528,-0.020528,-0.020528,-0.020528,-0.015152,-0.015152,-0.015152,-0.015152,-0.00048876,0.014663,0.029814,0.039589,0.049853,0.054741,0.064516,0.054741,0.049853,0.034702,0.0097752,-0.010264,-0.030303,-0.035191,-0.030303,-0.030303,-0.030303,-0.030303,-0.0053763,0.089932,0.28495,0.565,0.79521,0.81525,0.47019,0.1349,-0.040567,-0.070381,-0.070381,-0.075269,-0.075269,-0.075269,-0.075269,-0.070381,-0.065494,-0.065494,-0.060606,-0.060606,-0.05523,-0.05523,-0.050342,-0.045455,-0.040567,-0.030303,-0.020528,-0.015152,-0.0053763,0.0043988,0.014663,0.024438,0.039589,0.049853,0.059629,0.069892,0.079668,0.094819,0.10948,0.12463,0.13978,0.14467,0.14956,0.14467,0.1349,0.12463,0.10948,0.094819,0.07478,0.064516,0.049853,0.034702,0.029814,0.01955,0.014663,0.014663,0.0097752,0.0043988,-0.00048876,-0.00048876,-0.010264,-0.015152,-0.015152,-0.010264,-0.010264,-0.010264,-0.015152,-0.015152,-0.020528,-0.020528,-0.020528,-0.015152,-0.015152,-0.010264,-0.010264,0.0043988,0.014663,0.029814,0.039589,0.044477,0.054741,0.064516,0.059629,0.049853,0.034702,0.014663,-0.0053763,-0.025415,-0.030303,-0.030303,-0.025415,-0.025415,-0.030303,0.014663,0.12463,0.33969,0.62023,0.81036,0.73509,0.41496,0.099707,-0.040567,-0.060606,-0.065494,-0.070381,-0.075269,-0.080645,-0.080645,-0.075269,-0.075269,-0.065494,-0.060606,-0.05523,-0.05523,-0.050342,-0.040567,-0.035191,-0.025415,-0.020528,-0.020528,-0.010264,-0.00048876,0.0043988,0.014663,0.024438,0.039589,0.049853,0.064516,0.07478,0.089932,0.099707,0.10948,0.11975,0.12952,0.1349,0.13978,0.13978,0.1349,0.11975,0.10948,0.094819,0.079668,0.064516,0.049853,0.039589,0.029814,0.024438,0.0097752,0.0043988,-0.00048876,-0.010264,-0.015152,-0.015152,-0.010264,-0.010264,-0.010264,-0.010264,-0.010264,-0.015152,-0.015152,-0.015152,-0.010264,-0.015152,-0.015152,-0.010264,-0.0053763,-0.00048876,-0.00048876,0.0097752,0.024438,0.039589,0.049853,0.054741,0.064516,0.069892,0.064516,0.054741,0.039589,0.01955,-0.00048876,-0.010264,-0.015152,-0.010264,-0.010264,-0.010264,-0.0053763,0.034702,0.15494,0.38514,0.67498,0.86022,0.75024,0.40469,0.089932,-0.045455,-0.05523,-0.050342,-0.050342,-0.050342,-0.050342,-0.050342,-0.050342,-0.045455,-0.040567,-0.035191,-0.035191,-0.030303,-0.030303,-0.025415,-0.020528,-0.015152,-0.010264,-0.0053763,0.0043988,0.014663,0.024438,0.029814,0.039589,0.049853,0.064516,0.069892,0.079668,0.094819,0.10948,0.11975,0.1349,0.14467,0.15494,0.15982,0.15494,0.14467,0.13978,0.12463,0.10948,0.094819,0.079668,0.069892,0.059629,0.044477,0.034702,0.029814,0.024438,0.014663,0.0043988,-0.00048876,-0.010264,-0.010264,-0.010264,-0.010264,-0.010264,-0.0053763,-0.00048876,-0.00048876,-0.00048876,-0.00048876,0.0043988,0.0043988,0.0043988,0.0043988,0.0043988,0.0097752,0.014663,0.029814,0.039589,0.044477,0.049853,0.054741,0.054741,0.049853,0.044477,0.029814,0.0097752,-0.010264,-0.025415,-0.030303,-0.030303,-0.025415,-0.025415,-0.020528,0.034702,0.1696,0.40469,0.69501,0.85533,0.71017,0.35484,0.049853,-0.060606,-0.075269,-0.075269,-0.075269,-0.075269,-0.075269,-0.075269,-0.075269,-0.075269,-0.065494,-0.060606,-0.05523,-0.05523,-0.050342,-0.040567,-0.035191,-0.030303,-0.020528,-0.015152,-0.010264,-0.00048876,0.0097752,0.01955,0.029814,0.039589,0.049853,0.064516,0.069892,0.084555,0.094819,0.10948,0.11975,0.12952,0.1349,0.1349,0.13978,0.12952,0.11486,0.099707,0.084555,0.069892,0.059629,0.044477,0.034702,0.024438,0.01955,0.0097752,0.0043988,0.0043988,-0.00048876,-0.00048876,-0.010264,-0.010264,-0.010264,-0.015152,-0.015152,-0.015152,-0.020528,-0.020528,-0.020528,-0.020528,-0.020528,-0.020528,-0.020528,-0.020528,-0.015152,-0.00048876,0.0097752,0.024438,0.034702,0.044477,0.049853,0.054741,0.049853,0.034702,0.024438,0.0043988,-0.010264,-0.030303,-0.035191,-0.035191,-0.030303,-0.030303,-0.030303,-0.0053763,0.094819,0.29472,0.57527,0.81036,0.83529,0.47507,0.12952,-0.045455,-0.080645,-0.080645,-0.080645,-0.080645,-0.080645,-0.080645,-0.075269,-0.070381,-0.070381,-0.065494,-0.065494,-0.060606,-0.060606,-0.05523,-0.050342,-0.040567,-0.035191,-0.030303,-0.020528,-0.015152,-0.0053763,0.0043988,0.014663,0.029814,0.039589,0.054741,0.069892,0.079668,0.089932,0.099707,0.11486,0.12463,0.13978,0.14467,0.14956,0.13978,0.12952,0.11486,0.094819,0.079668,0.069892,0.054741,0.039589,0.029814,0.01955,0.014663,0.0043988,-0.00048876,-0.00048876,-0.010264,-0.010264,-0.010264,-0.010264,-0.010264,-0.015152,-0.015152,-0.015152,-0.015152,-0.015152,-0.020528,-0.015152,-0.015152,-0.015152,-0.015152,-0.015152,-0.010264,-0.00048876,0.0097752,0.024438,0.034702,0.039589,0.049853,0.054741,0.049853,0.044477,0.029814,0.0097752,-0.0053763,-0.020528,-0.030303,-0.030303,-0.025415,-0.020528,-0.025415,0.0097752,0.11486,0.32502,0.60997,0.82014,0.8304,0.435,0.10459,-0.045455,-0.070381,-0.075269,-0.075269,-0.075269,-0.075269,-0.075269,-0.075269,-0.070381,-0.065494,-0.060606,-0.05523,-0.05523,-0.050342,-0.045455,-0.040567,-0.035191,-0.030303,-0.020528,-0.015152,-0.0053763,0.0043988,0.0097752,0.024438,0.034702,0.044477,0.054741,0.064516,0.07478,0.084555,0.099707,0.11486,0.12463,0.1349,0.13978,0.12952,0.11975,0.10948,0.099707,0.089932,0.07478,0.059629,0.044477,0.024438,0.014663,0.0097752,0.0043988,-0.00048876,-0.010264,-0.015152,-0.020528,-0.020528,-0.020528,-0.020528,-0.020528,-0.020528,-0.025415,-0.030303,-0.030303,-0.030303,-0.025415,-0.025415,-0.025415,-0.030303,-0.030303,-0.025415,-0.020528,-0.015152,-0.0053763,0.0097752,0.024438,0.029814,0.034702,0.049853,0.049853,0.044477,0.034702,0.01955,-0.0053763,-0.020528,-0.030303,-0.035191,-0.030303,-0.030303,-0.030303,-0.015152,0.054741,0.21994,0.48485,0.76002,0.8304,0.59531,0.2346,-0.0053763,-0.070381,-0.070381,-0.075269,-0.075269,-0.075269,-0.075269,-0.075269,-0.075269,-0.075269,-0.070381,-0.065494,-0.060606,-0.05523,-0.050342,-0.050342,-0.040567,-0.030303,-0.025415,-0.015152,-0.010264,-0.00048876,0.0043988,0.014663,0.029814,0.039589,0.054741,0.064516,0.079668,0.089932,0.099707,0.11486,0.12463,0.1349,0.13978,0.13978,0.13978,0.17986,0.26979,0.45992,0.73509,0.97556,1.0152,0.67009,0.30499,0.10459,0.064516,0.059629,0.049853,0.034702,0.034702,0.029814,0.029814,0.029814,0.024438,0.024438,0.029814,0.034702,0.039589,0.049853,0.059629,0.069892,0.079668,0.089932,0.094819,0.10948,0.11975,0.1349,0.13978,0.14956,0.15982,0.1696,0.17986,0.18964,0.20479,0.20968,0.22483,0.2346,0.24487,0.25464,0.24976,0.24487,0.22972,0.21994,0.20479,0.18964,0.17498,0.15982,0.14467,0.13978,0.1349,0.1349,0.1349,0.1349,0.12952,0.11975,0.11486,0.10948,0.099707,0.099707,0.094819,0.094819,0.089932,0.084555,0.079668,0.079668,0.084555,0.079668,0.079668,0.084555,0.089932,0.099707,0.11486,0.1349,0.14467,0.15494,0.16471,0.16471,0.15982,0.14956,0.1349,0.10948,0.079668,0.054741,0.044477,0.044477,0.044477,0.049853,0.044477,0.079668,0.18964,0.3998,0.68524,0.89541,0.91007,0.52004,0.18964,0.01955,-0.010264,-0.0053763,-0.0053763,-0.0053763,-0.0053763,-0.0053763,-0.00048876,0.0043988,0.0097752,0.0097752,0.0097752,0.01955,0.024438,0.029814,0.034702,0.044477,0.054741,0.069892,0.079668,0.084555,0.094819,0.099707,0.10948,0.11975,0.12952,0.13978,0.14956,0.15982,0.17498,0.18475,0.18964,0.1999,0.20479,0.20968,0.20968,0.1999,0.18475,0.17498,0.15494,0.13978,0.12463,0.10948,0.099707,0.094819,0.089932,0.079668,0.07478,0.07478,0.064516,0.059629,0.054741,0.054741,0.054741,0.054741,0.054741,0.054741,0.049853,0.049853,0.049853,0.049853,0.049853,0.044477,0.049853,0.049853,0.054741,0.064516,0.07478,0.089932,0.099707,0.10948,0.11486,0.11975,0.10948,0.099707,0.079668,0.059629,0.044477,0.034702,0.029814,0.034702,0.034702,0.029814,0.039589,0.099707,0.24976,0.51515,0.8001,0.89541,0.68524,0.31476,0.054741,-0.020528,-0.020528,-0.035191,-0.040567,-0.040567,-0.035191,-0.040567,-0.035191,-0.035191,-0.030303,-0.030303,-0.025415,-0.020528,-0.015152,-0.0053763,0.0043988,0.014663,0.01955,0.029814,0.044477,0.054741,0.069892,0.079668,0.094819,0.10948,0.11975,0.12952,0.13978,0.14956,0.16471,0.17986,0.18475,0.18964,0.18964,0.18964,0.18475,0.17498,0.15494,0.13978,0.11975,0.10459,0.089932,0.07478,0.064516,0.049853,0.044477,0.039589,0.044477,0.044477,0.034702,0.029814,0.029814,0.024438,0.014663,0.0097752,0.0097752,0.014663,0.024438,0.029814,0.034702,0.039589,0.044477,0.044477,0.034702,0.034702,0.034702,0.044477,0.049853,0.054741,0.064516,0.069892,0.07478,0.079668,0.07478,0.064516,0.049853,0.029814,0.0043988,-0.010264,-0.015152,-0.015152,-0.015152,-0.025415,-0.030303,0.0097752,0.12463,0.34506,0.63001,0.79032,0.66031,0.3348,0.064516,-0.035191,-0.050342,-0.065494,-0.080645,-0.075269,-0.065494,-0.065494,-0.065494,-0.065494,-0.060606,-0.050342,-0.040567,-0.035191,-0.035191,-0.040567,-0.050342,-0.050342,-0.040567,-0.025415,-0.015152,-0.010264,0.0043988,0.01955,0.034702,0.049853,0.064516,0.079668,0.089932,0.094819,0.10948,0.12463,0.13978,0.14956,0.15982,0.16471,0.16471,0.15494,0.12952,0.10459,0.084555,0.069892,0.059629,0.059629,0.064516,0.059629,0.054741,0.049853,0.044477,0.034702,0.029814,0.024438,0.024438,0.024438,0.024438,0.029814,0.034702,0.044477,0.049853,0.044477,0.039589,0.044477,0.039589,0.024438,0.014663,0.014663,0.014663,0.01955,0.029814,0.039589,0.049853,0.059629,0.069892,0.079668,0.079668,0.064516,0.039589,0.01955,-0.0053763,-0.030303,-0.045455,-0.045455,-0.030303,-0.025415,-0.025415,-0.0053763,0.059629,0.22972,0.50978,0.79032,0.85533,0.6002,0.23998,0.014663,-0.040567,-0.035191,-0.040567,-0.050342,-0.05523,-0.065494,-0.070381,-0.075269,-0.075269,-0.070381,-0.070381,-0.065494,-0.065494,-0.060606,-0.05523,-0.050342,-0.040567,-0.025415,-0.010264,0.0097752,0.024438,0.039589,0.049853,0.064516,0.07478,0.094819,0.10948,0.11975,0.1349,0.14467,0.15494,0.15982,0.16471,0.15982,0.15494,0.13978,0.12463,0.10948,0.094819,0.07478,0.064516,0.059629,0.054741,0.049853,0.049853,0.044477,0.039589,0.039589,0.029814,0.014663,0.0043988,-0.00048876,-0.010264,-0.020528,-0.025415,-0.025415,-0.025415,-0.020528,-0.015152,-0.010264,-0.010264,-0.00048876,0.0043988,0.0043988,-0.010264,-0.015152,-0.015152,-0.010264,-0.00048876,0.0097752,0.014663,0.024438,0.034702,0.049853,0.049853,0.044477,0.034702,0.0097752,-0.010264,-0.020528,-0.020528,-0.020528,-0.015152,-0.025415,-0.010264,0.054741,0.20968,0.45015,0.71994,0.85044,0.67009,0.30499,0.024438,-0.070381,-0.080645,-0.075269,-0.075269,-0.080645,-0.080645,-0.075269,-0.070381,-0.065494,-0.065494,-0.065494,-0.060606,-0.05523,-0.050342,-0.045455,-0.05523,-0.060606,-0.060606,-0.060606,-0.050342,-0.040567,-0.025415,-0.010264,0.0043988,0.0097752,0.01955,0.029814,0.034702,0.049853,0.059629,0.07478,0.089932,0.099707,0.10948,0.11486,0.11975,0.099707,0.089932,0.07478,0.064516,0.049853,0.034702,0.024438,0.014663,0.0097752,0.0043988,0.0043988,0.0043988,-0.00048876,-0.015152,-0.020528,-0.030303,-0.030303,-0.035191,-0.035191,-0.040567,-0.035191,-0.030303,-0.020528,-0.010264,-0.010264,-0.020528,-0.020528,-0.020528,-0.025415,-0.025415,-0.015152,0.014663,0.034702,0.049853,0.049853,0.049853,0.049853,0.044477,0.039589,0.034702,0.01955,-0.0053763,-0.030303,-0.040567,-0.045455,-0.050342,-0.045455,-0.045455,-0.015152,0.084555,0.28006,0.55523,0.79521,0.8304,0.50489,0.15494,-0.035191,-0.070381,-0.065494,-0.065494,-0.065494,-0.065494,-0.060606,-0.060606,-0.060606,-0.065494,-0.065494,-0.065494,-0.075269,-0.075269,-0.075269,-0.070381,-0.060606,-0.050342,-0.035191,-0.030303,-0.025415,-0.015152,-0.0053763,0.0043988,0.014663,0.029814,0.044477,0.054741,0.064516,0.07478,0.089932,0.099707,0.11486,0.11975,0.12463,0.11975,0.11486,0.10948,0.094819,0.084555,0.07478,0.069892,0.054741,0.039589,0.029814,0.01955,0.014663,0.0097752,0.0043988,-0.00048876,-0.010264,-0.015152,-0.010264,-0.0053763,-0.00048876,-0.015152,-0.015152,-0.020528,-0.020528,-0.020528,-0.015152,-0.010264,-0.015152,-0.020528,-0.020528,-0.010264,-0.010264,-0.00048876,0.014663,0.029814,0.034702,0.034702,0.044477,0.049853,0.054741,0.044477,0.024438,-0.00048876,-0.030303,-0.050342,-0.05523,-0.05523,-0.050342,-0.040567,-0.040567,-0.010264,0.099707,0.30499,0.58993,0.79521,0.8001,0.40469,0.07478,-0.070381,-0.095308,-0.09042,-0.095308,-0.1002,-0.1002,-0.095308,-0.095308,-0.085533,-0.080645,-0.075269,-0.070381,-0.065494,-0.060606,-0.060606,-0.05523,-0.040567,-0.035191,-0.030303,-0.020528,-0.015152,-0.010264,-0.00048876,0.0097752,0.029814,0.034702,0.039589,0.049853,0.064516,0.069892,0.084555,0.10459,0.11975,0.12952,0.12952,0.12463,0.11486,0.10459,0.094819,0.07478,0.059629,0.044477,0.034702,0.024438,0.014663,0.0043988,-0.0053763,-0.010264,-0.015152,-0.020528,-0.030303,-0.035191,-0.035191,-0.035191,-0.035191,-0.030303,-0.030303,-0.020528,-0.015152,-0.015152,-0.020528,-0.020528,-0.020528,-0.020528,-0.020528,-0.020528,-0.015152,-0.0053763,0.0097752,0.01955,0.029814,0.029814,0.034702,0.044477,0.044477,0.029814,0.01955,0.0043988,-0.020528,-0.045455,-0.060606,-0.05523,-0.050342,-0.045455,-0.045455,-0.015152,0.064516,0.24487,0.52004,0.77028,0.81525,0.50489,0.15494,-0.040567,-0.085533,-0.09042,-0.095308,-0.1002,-0.10557,-0.10557,-0.10557,-0.11046,-0.12023,-0.12023,-0.11535,-0.10557,-0.095308,-0.085533,-0.070381,-0.05523,-0.040567,-0.025415,-0.010264,0.0043988,0.014663,0.029814,0.044477,0.054741,0.064516,0.07478,0.089932,0.094819,0.099707,0.11486,0.12463,0.1349,0.13978,0.14467,0.13978,0.12952,0.11486,0.099707,0.079668,0.069892,0.059629,0.054741,0.044477,0.034702,0.024438,0.014663,0.0097752,0.0043988,-0.00048876,-0.010264,-0.015152,-0.020528,-0.020528,-0.030303,-0.030303,-0.030303,-0.030303,-0.035191,-0.035191,-0.035191,-0.030303,-0.020528,-0.020528,-0.020528,-0.020528,-0.015152,-0.010264,-0.00048876,0.0043988,0.024438,0.049853,0.054741,0.039589,0.029814,0.014663,0.0097752,-0.0053763,-0.030303,-0.05523,-0.05523,-0.050342,-0.050342,-0.05523,-0.060606,-0.045455,0.029814,0.18475,0.43011,0.69501,0.79032,0.60508,0.28495,0.039589,-0.065494,-0.1002,-0.13539,-0.14565,-0.14027,-0.1305,-0.12561,-0.12561,-0.12023,-0.11046,-0.10557,-0.1002,-0.085533,-0.075269,-0.065494,-0.05523,-0.050342,-0.040567,-0.030303,-0.015152,-0.00048876,0.0097752,0.029814,0.044477,0.064516,0.079668,0.089932,0.099707,0.10948,0.12463,0.14956,0.16471,0.17986,0.20479,0.18475,0.15494,0.14956,0.14467,0.11486,0.094819,0.07478,0.059629,0.044477,0.029814,0.014663,0.0097752,0.0043988,0.0043988,0.0097752,0.0043988,-0.010264,-0.020528,-0.020528,-0.025415,-0.030303,-0.030303,-0.020528,-0.020528,-0.020528,-0.020528,-0.015152,-0.015152,-0.010264,-0.00048876,-0.00048876,-0.020528,-0.035191,-0.035191,-0.025415,-0.015152,-0.020528,-0.020528,-0.010264,0.0043988,0.0097752,0.014663,0.0043988,-0.010264,-0.030303,-0.035191,-0.035191,-0.030303,-0.025415,-0.025415,-0.0053763,0.084555,0.26979,0.54008,0.78543,0.84018,0.55523,0.19501,-0.020528,-0.060606,-0.060606,-0.065494,-0.080645,-0.080645,-0.080645,-0.080645,-0.080645,-0.075269,-0.065494,-0.065494,-0.065494,-0.05523,-0.050342,-0.040567,-0.030303,-0.030303,-0.020528,-0.010264,0.0043988,0.01955,0.029814,0.044477,0.049853,0.059629,0.064516,0.064516,0.07478,0.089932,0.10948,0.12952,0.13978,0.14467,0.14467,0.1349,0.12463,0.11486,0.094819,0.07478,0.054741,0.044477,0.034702,0.029814,0.01955,0.0097752,0.0097752,-0.010264,-0.020528,0.01955,0.099707,0.11486,0.069892,-0.010264,-0.11535,-0.15054,-0.11046,-0.050342,-0.030303,-0.020528,-0.00048876,0.0043988,-0.030303,-0.060606,-0.09042,-0.060606,-0.020528,-0.010264,-0.00048876,0.0043988,0.014663,0.024438,0.034702,0.049853,0.059629,0.069892,0.084555,0.10459,0.11486,0.12463,0.1349,0.1349,0.12952,0.11975,0.10948,0.094819,0.079668,0.064516,0.049853,0.029814,0.024438,0.01955,0.014663,0.0097752,0.0043988,-0.0053763,-0.010264,-0.010264,-0.015152,-0.020528,-0.020528,-0.025415,-0.025415,-0.020528,-0.020528,-0.020528,-0.025415,-0.025415,-0.020528,-0.020528,-0.020528,-0.015152,-0.015152,-0.010264,0.0043988,0.01955,0.034702,0.039589,0.044477,0.054741,0.049853,0.034702,0.01955,-0.00048876,-0.015152,-0.030303,-0.040567,-0.040567,-0.040567,-0.035191,-0.040567,-0.020528,0.064516,0.24487,0.52004,0.77517,0.82502,0.52981,0.17498,-0.040567,-0.085533,-0.085533,-0.080645,-0.085533,-0.085533,-0.085533,-0.085533,-0.080645,-0.075269,-0.075269,-0.070381,-0.065494,-0.060606,-0.05523,-0.05523,-0.050342,-0.040567,-0.035191,-0.030303,-0.015152,-0.0053763,0.0043988,0.014663,0.024438,0.034702,0.044477,0.059629,0.069892,0.084555,0.099707,0.11486,0.1349,0.13978,0.13978,0.1349,0.12952,0.12463,0.12463,0.11486,0.089932,0.064516,0.039589,0.024438,0.0097752,0.0043988,0.0043988,-0.00048876,-0.0053763,-0.0053763,0.0043988,0.0097752,-0.00048876,-0.015152,-0.020528,-0.020528,-0.015152,-0.0053763,-0.00048876,-0.040567,-0.070381,-0.075269,-0.050342,-0.015152,0.01955,0.039589,0.064516,0.094819,0.10948,0.094819,0.059629,0.01955,0.0043988,0.01955,0.044477,0.069892,0.089932,0.089932,0.064516,0.01955,-0.020528,-0.045455,-0.05523,-0.05523,-0.070381,-0.075269,0.0097752,0.17498,0.45015,0.73509,0.81525,0.565,0.18475,-0.060606,-0.12023,-0.11046,-0.095308,-0.075269,-0.05523,-0.050342,-0.060606,-0.060606,-0.060606,-0.075269,-0.09042,-0.1002,-0.095308,-0.080645,-0.085533,-0.11046,-0.11535,-0.11535,-0.13539,-0.14027,-0.09042,-0.045455,0.014663,0.099707,0.19501,0.25464,0.26979,0.22972,0.20479,0.24976,0.31965,0.36999,0.3998,0.435,0.45992,0.47996,0.49022,0.49511,0.435,0.31965,0.094819,-0.09042,0.034702,0.2346,0.25464,0.039589,-0.085533,-0.10557,-0.095308,-0.12561,-0.17546,-0.1955,-0.21065,-0.23069,-0.24047,-0.24047,-0.23558,-0.24047,-0.25073,-0.25073,-0.25562,-0.25562,-0.25562,-0.25073,-0.24047,-0.23069,-0.21065,-0.18035,-0.16031,-0.14027,-0.12561,-0.11046,-0.1002,-0.085533,-0.080645,-0.085533,-0.1002,-0.12023,-0.14027,-0.15054,-0.15543,-0.15543,-0.15054,-0.15054,-0.14565,-0.080645,0.069892,0.32502,0.62023,0.77517,0.61486,0.26491,-0.030303,-0.13539,-0.14565,-0.14565,-0.15054,-0.15054,-0.15054,-0.14565,-0.14565,-0.13539,-0.1305,-0.1305,-0.12561,-0.12023,-0.11046,-0.1002,-0.09042,-0.080645,-0.070381,-0.05523,-0.040567,-0.035191,-0.025415,-0.020528,-0.010264,0.0043988,0.014663,0.029814,0.034702,0.049853,0.064516,0.07478,0.089932,0.099707,0.11486,0.11486,0.11975,0.11486,0.10948,0.099707,0.089932,0.079668,0.07478,0.064516,0.054741,0.044477,0.034702,0.029814,0.029814,0.024438,0.01955,0.014663,0.014663,0.014663,0.0097752,0.0097752,0.0043988,0.0043988,0.0043988,0.0043988,0.0043988,0.0043988,0.0043988,0.0043988,0.0097752,0.014663,0.014663,0.014663,0.029814,0.039589,0.049853,0.054741,0.059629,0.069892,0.07478,0.064516,0.049853,0.029814,0.0097752,-0.010264,-0.020528,-0.020528,-0.020528,-0.020528,-0.020528,-0.010264,0.059629,0.21994,0.47996,0.75513,0.8304,0.60997,0.24976,0.0043988,-0.070381,-0.075269,-0.080645,-0.080645,-0.075269,-0.075269,-0.070381,-0.065494,-0.065494,-0.060606,-0.060606,-0.060606,-0.05523,-0.050342,-0.045455,-0.035191,-0.030303,-0.020528,-0.015152,-0.010264,-0.00048876,0.0043988,0.0097752,0.01955,0.029814,0.034702,0.049853,0.059629,0.07478,0.094819,0.11486,0.12952,0.13978,0.14467,0.14956,0.14467,0.1349,0.11975,0.099707,0.079668,0.064516,0.044477,0.01955,-0.0053763,-0.030303,-0.05523,-0.070381,-0.075269,-0.080645,-0.085533,-0.085533,-0.075269,-0.05523,-0.025415,0.0097752,0.029814,0.029814,0.024438,0.024438,0.024438,0.014663,0.0097752,0.0097752,0.0043988,-0.00048876,-0.00048876,0.0043988,0.014663,0.029814,0.049853,0.07478,0.094819,0.10459,0.07478,0.014663,-0.050342,-0.14565,-0.27566,-0.38074,-0.38563,-0.23558,-0.1305,-0.080645,-0.060606,-0.035191,0.034702,0.18964,0.43988,0.71505,0.82014,0.62023,0.26002,0.0043988,-0.070381,-0.075269,-0.065494,-0.040567,0.0043988,0.034702,0.024438,-0.035191,-0.11535,-0.16031,-0.13539,-0.075269,0.0097752,0.089932,0.10948,0.079668,0.054741,0.039589,0.014663,-0.0053763,-0.020528,-0.020528,-0.015152,-0.015152,-0.015152,-0.010264,-0.00048876,0.0097752,0.024438,0.044477,0.069892,0.084555,0.094819,0.10948,0.12952,0.16471,0.18964,0.19501,0.17986,0.14956,0.11486,0.07478,0.029814,-0.030303,-0.080645,-0.1002,-0.095308,-0.085533,-0.075269,-0.05523,-0.025415,-0.010264,-0.0053763,0.024438,0.049853,0.054741,0.034702,0.0097752,-0.010264,-0.015152,-0.015152,-0.010264,-0.00048876,0.0043988,0.014663,0.064516,0.1349,0.17498,0.15494,0.1349,0.11486,0.084555,0.044477,0.0043988,-0.025415,-0.035191,-0.010264,0.029814,0.064516,0.079668,0.094819,0.11975,0.15494,0.17498,0.12952,0.069892,0.10459,0.31476,0.67498,0.99022,1.0455,0.79032,0.54985,0.435,0.43011,0.47507,0.41984,0.33969,0.25464,0.1999,0.1696,0.1349,0.11486,0.084555,0.049853,0.024438,0.01955,0.0043988,-0.00048876,0.0043988,0.0097752,0.014663,0.024438,0.034702,0.049853,0.059629,0.07478,0.089932,0.10459,0.11975,0.12952,0.099707,0.039589,0.024438,0.044477,0.07478,0.094819,0.099707,0.07478,0.064516,0.064516,0.07478,0.099707,0.10948,0.07478,0.039589,0.029814,0.024438,0.024438,0.024438,0.0097752,-0.030303,-0.070381,-0.080645,-0.075269,-0.070381,-0.070381,-0.070381,-0.065494,-0.060606,-0.060606,-0.060606,-0.060606,-0.060606,-0.060606,-0.060606,-0.060606,-0.05523,-0.060606,-0.060606,-0.05523,-0.040567,-0.030303,-0.015152,-0.00048876,0.0097752,0.024438,0.024438,0.0043988,-0.015152,-0.040567,-0.065494,-0.085533,-0.1002,-0.1002,-0.080645,-0.05523,-0.030303,-0.0053763,0.059629,0.20479,0.45015,0.72532,0.83529,0.63001,0.25464,-0.040567,-0.11046,-0.0053763,0.034702,-0.080645,-0.16031,-0.17058,-0.13539,-0.11046,-0.1305,-0.14565,-0.13539,-0.11046,-0.095308,-0.085533,-0.080645,-0.085533,-0.085533,-0.080645,-0.060606,-0.045455,-0.030303,-0.025415,-0.025415,-0.015152,-0.00048876,0.0097752,0.024438,0.044477,0.054741,0.064516,0.07478,0.089932,0.094819,0.094819,0.094819,0.089932,0.089932,0.079668,0.069892,0.064516,0.054741,0.049853,0.034702,0.01955,0.0097752,-0.00048876,-0.00048876,0.0043988,-0.00048876,-0.00048876,-0.00048876,-0.0053763,-0.010264,-0.020528,-0.030303,-0.040567,-0.040567,-0.040567,-0.035191,-0.030303,-0.030303,-0.030303,-0.030303,-0.030303,-0.025415,-0.020528,-0.0053763,0.0097752,0.029814,0.039589,0.049853,0.059629,0.079668,0.094819,0.089932,0.07478,0.054741,0.034702,0.0097752,-0.010264,-0.025415,-0.030303,-0.030303,-0.035191,-0.025415,0.039589,0.1999,0.44477,0.71994,0.84018,0.65005,0.28006,0.0043988,-0.09042,-0.1002,-0.10557,-0.11046,-0.1002,-0.09042,-0.080645,-0.080645,-0.080645,-0.085533,-0.085533,-0.085533,-0.085533,-0.080645,-0.080645,-0.065494,-0.060606,-0.05523,-0.045455,-0.040567,-0.030303,-0.020528,-0.010264,-0.00048876,0.014663,0.029814,0.044477,0.054741,0.064516,0.07478,0.089932,0.099707,0.10948,0.11486,0.11975,0.11486,0.099707,0.089932,0.07478,0.059629,0.044477,0.024438,0.014663,0.0043988,-0.00048876,-0.010264,-0.015152,-0.015152,-0.020528,-0.020528,-0.020528,-0.020528,-0.025415,-0.025415,-0.025415,-0.030303,-0.030303,-0.030303,-0.035191,-0.035191,-0.030303,-0.030303,-0.025415,-0.020528,-0.020528,-0.020528,-0.015152,-0.00048876,0.0097752,0.01955,0.024438,0.034702,0.044477,0.049853,0.039589,0.029814,0.0097752,-0.020528,-0.040567,-0.050342,-0.050342,-0.050342,-0.050342,-0.050342,-0.040567,0.024438,0.17986,0.43011,0.71505,0.81036,0.60508,0.24487,-0.010264,-0.085533,-0.085533,-0.085533,-0.09042,-0.09042,-0.09042,-0.085533,-0.085533,-0.085533,-0.085533,-0.080645,-0.075269,-0.070381,-0.060606,-0.05523,-0.050342,-0.040567,-0.035191,-0.030303,-0.020528,-0.010264,-0.0053763,0.0043988,0.014663,0.024438,0.034702,0.049853,0.059629,0.07478,0.094819,0.10948,0.11486,0.12463,0.12952,0.12463,0.11975,0.10948,0.094819,0.079668,0.064516,0.049853,0.029814,0.01955,0.0097752,0.0043988,-0.00048876,-0.00048876,-0.00048876,-0.010264,-0.015152,-0.020528,-0.020528,-0.025415,-0.025415,-0.030303,-0.030303,-0.035191,-0.035191,-0.030303,-0.030303,-0.025415,-0.025415,-0.025415,-0.030303,-0.030303,-0.030303,-0.025415,-0.015152,-0.00048876,0.014663,0.024438,0.029814,0.044477,0.049853,0.044477,0.034702,0.024438,0.0043988,-0.010264,-0.025415,-0.035191,-0.035191,-0.035191,-0.035191,-0.035191,-0.015152,0.064516,0.24487,0.50489,0.67009,0.54985,0.20968,-0.065494,-0.14565,-0.11535,-0.085533,-0.065494,-0.060606,-0.05523,-0.050342,-0.040567,-0.040567,-0.035191,-0.040567,-0.060606,-0.080645,-0.09042,-0.1002,-0.10557,-0.11046,-0.11535,-0.11535,-0.12023,-0.12561,-0.12561,-0.12561,-0.12561,-0.13539,-0.14565,-0.15054,-0.15543,-0.16031,-0.16569,-0.17058,-0.16569,-0.15054,-0.14027,-0.14027,-0.14565,-0.16031,-0.17546,-0.19062,-0.20039,-0.21065,-0.21554,-0.21554,-0.22532,-0.22532,-0.22532,-0.22532,-0.23558,-0.26051,-0.29081,-0.32551,-0.36559,-0.40567,-0.44086,-0.48094,-0.50049,-0.46579,-0.22043,-0.17546,-0.44575,-0.50049,-0.50049,-0.50049,-0.50049,-0.50049,-0.50049,-0.50049,-0.50049,-0.50049,-0.50049,-0.50049,-0.50049,-0.50049,-0.50049,-0.50049,-0.50049,-0.47556,-0.44086,-0.40567,-0.36559,-0.34066,-0.31574,-0.30059,-0.28055,-0.25562,-0.23069,-0.1955,-0.17058,0.2346,0.24487,0.26002,0.26979,0.28495,0.29472,0.31476,0.3348,0.34995,0.3651,0.36999,0.3348,0.30987,0.28983,0.27468,0.26002,0.23998,0.22483,0.20968,0.19501,0.17986,0.16471,0.15494,0.14467,0.13978,0.1349,0.12463,0.11486,0.10948,0.10459,0.094819,0.094819,0.094819,0.094819,0.089932,0.089932,0.094819,0.099707,0.099707,0.099707,0.10948,0.11975,0.12463,0.13978,0.14956,0.15982,0.15494,0.14467,0.14467,0.14467,0.1349,0.11975,0.099707,0.07478,0.049853,0.034702,0.034702,0.034702,0.039589,0.049853,0.059629,0.10459,0.21994,0.435,0.73509,0.94037,0.86022,0.52004,0.18475,0.034702,0.0097752,0.0097752,0.0097752,0.0097752,0.0097752,0.0043988,0.0043988,0.0043988,0.0043988,0.0043988,0.0043988,0.0097752,0.0097752,0.014663,0.014663,0.014663,0.024438,0.034702,0.049853,0.059629,0.069892,0.07478,0.089932,0.094819,0.099707,0.10948,0.11486,0.12463,0.14956,0.1696,0.18475,0.19501,0.1999,0.20479,0.20479,0.19501,0.17986,0.16471,0.14956,0.1349,0.11975,0.10948,0.10459,0.094819,0.079668,0.07478,0.07478,0.069892,0.064516,0.054741,0.049853,0.044477,0.034702,0.029814,0.024438,0.024438,0.024438,0.014663,0.0097752,0.0043988,0.0043988,-0.00048876,-0.00048876,-0.010264,-0.015152,-0.015152,-0.010264,-0.010264,0.0043988,0.01955,0.029814,0.034702,0.034702,0.049853,0.049853,0.044477,0.034702,0.024438,0.0043988,-0.010264,-0.015152,-0.015152,-0.015152,-0.015152,-0.020528,-0.0053763,0.064516,0.21994,0.47507,0.75513,0.86022,0.65494,0.28495,0.024438,-0.060606,-0.075269,-0.080645,-0.09042,-0.095308,-0.09042,-0.085533,-0.095308,-0.1002,-0.1002,-0.09042,-0.070381,-0.045455,-0.025415,-0.020528,-0.095308,-0.17058,-0.22532,-0.25562,-0.2654,-0.22043,-0.16031,-0.1305,-0.13539,-0.12561,-0.09042,-0.050342,-0.030303,-0.010264,0.014663,0.039589,0.069892,0.10948,0.1349,0.15494,0.1696,0.17498,0.15982,0.14956,0.13978,0.1349,0.11975,0.10948,0.094819,0.07478,0.059629,0.044477,0.029814,0.0097752,-0.00048876,-0.010264,-0.010264,-0.010264,-0.010264,-0.010264,-0.010264,-0.010264,-0.010264,-0.0053763,-0.00048876,0.0043988,0.0097752,0.014663,0.024438,0.029814,0.024438,0.01955,0.014663,0.01955,0.029814,0.044477,0.054741,0.054741,0.059629,0.069892,0.064516,0.049853,0.029814,0.0043988,-0.015152,-0.030303,-0.040567,-0.040567,-0.035191,-0.030303,-0.030303,0.0043988,0.11486,0.32502,0.60997,0.82014,0.8304,0.45015,0.11975,-0.035191,-0.05523,-0.025415,-0.0053763,0.0097752,0.0097752,0.0097752,0.014663,0.014663,0.014663,0.01955,0.024438,0.029814,0.034702,0.034702,0.039589,0.039589,0.044477,0.044477,0.044477,0.049853,0.054741,0.064516,0.07478,0.079668,0.094819,0.10948,0.12463,0.13978,0.14956,0.15982,0.17498,0.18964,0.19501,0.1999,0.1999,0.18964,0.17986,0.16471,0.14956,0.1349,0.11975,0.10948,0.094819,0.079668,0.07478,0.064516,0.059629,0.054741,0.049853,0.044477,0.034702,0.024438,0.024438,0.029814,0.034702,0.029814,0.014663,0.0043988,-0.010264,-0.010264,-0.010264,-0.00048876,0.014663,0.024438,0.014663,-0.00048876,-0.015152,-0.015152,-0.015152,-0.00048876,0.01955,0.044477,0.07478,0.094819,0.089932,0.069892,0.044477,0.014663,-0.0053763,-0.020528,-0.030303,-0.025415,-0.015152,-0.010264,-0.0053763,0.044477,0.16471,0.37977,0.6652,0.84018,0.73509,0.3998,0.094819,-0.035191,-0.05523,-0.060606,-0.065494,-0.075269,-0.075269,-0.075269,-0.070381,-0.065494,-0.060606,-0.05523,-0.05523,-0.050342,-0.050342,-0.045455,-0.040567,-0.030303,-0.020528,-0.010264,-0.00048876,0.0097752,0.024438,0.029814,0.034702,0.044477,0.059629,0.069892,0.079668,0.094819,0.10948,0.11975,0.1349,0.14467,0.15494,0.15982,0.15982,0.14956,0.1349,0.11975,0.099707,0.079668,0.069892,0.064516,0.054741,0.044477,0.034702,0.024438,0.01955,0.0097752,0.0043988,0.0043988,-0.00048876,-0.0053763,-0.015152,-0.020528,-0.020528,-0.020528,-0.030303,-0.035191,-0.045455,-0.040567,-0.035191,-0.025415,-0.015152,-0.00048876,0.0043988,0.0043988,0.01955,0.024438,-0.010264,-0.020528,0.014663,0.084555,0.14956,0.17498,0.15494,0.11486,0.064516,0.024438,0.0043988,-0.00048876,-0.00048876,0.0097752,0.014663,0.014663,0.029814,0.10459,0.26979,0.52981,0.78006,0.83529,0.55523,0.19501,-0.045455,-0.13539,-0.14027,-0.080645,-0.020528,-0.010264,-0.035191,-0.065494,-0.065494,-0.05523,-0.040567,-0.035191,-0.025415,-0.015152,-0.0053763,0.0043988,0.024438,0.049853,0.07478,0.084555,0.079668,0.064516,0.049853,0.044477,0.044477,0.049853,0.064516,0.07478,0.079668,0.084555,0.079668,0.07478,0.069892,0.064516,0.059629,0.054741,0.034702,0.014663,-0.00048876,-0.020528,-0.020528,-0.0053763,0.01955,0.034702,0.044477,0.044477,0.044477,0.044477,0.044477,0.049853,0.059629,0.079668,0.099707,0.10948,0.089932,0.059629,-0.030303,-0.28055,-0.47556,-0.37586,-0.18573,-0.1305,-0.15054,-0.19062,-0.18035,-0.13539,-0.070381,-0.020528,-0.0053763,-0.020528,-0.040567,-0.05523,-0.045455,0.01955,0.13978,0.20968,0.22483,0.21994,0.20968,0.19501,0.1696,0.12952,0.089932,0.064516,0.059629,0.064516,0.10459,0.1999,0.37488,0.64516,0.88025,0.91544,0.55523,0.19501,-0.010264,-0.085533,-0.1305,-0.14027,-0.045455,0.084555,0.20479,0.3001,0.3651,0.26002,-0.080645,-0.47067,-0.50049,-0.50049,-0.50049,-0.35044,-0.20528,-0.10557,-0.060606,-0.070381,-0.1002,-0.10557,-0.09042,-0.065494,-0.030303,0.0043988,0.024438,0.034702,0.049853,0.069892,0.099707,0.12952,0.14956,0.1696,0.17498,0.17498,0.16471,0.15494,0.14467,0.12952,0.10948,0.094819,0.07478,0.064516,0.059629,0.054741,0.044477,0.039589,0.034702,0.029814,0.029814,0.024438,0.014663,0.014663,0.014663,0.014663,0.014663,0.014663,0.014663,0.014663,0.014663,0.0043988,-0.010264,-0.035191,-0.080645,-0.085533,-0.015152,-0.010264,-0.19062,-0.22043,0.10948,0.43011,0.57527,0.50978,0.34995,0.21994,0.14956,0.10459,0.059629,0.024438,-0.0053763,-0.030303,-0.035191,-0.030303,-0.020528,-0.015152,0.014663,0.099707,0.27468,0.53519,0.75024,0.78006,0.45015,0.089932,-0.11535,-0.16569,-0.17058,-0.18035,-0.18573,-0.18573,-0.18573,-0.18573,-0.19062,-0.19062,-0.18573,-0.17546,-0.16031,-0.15054,-0.14565,-0.14027,-0.1305,-0.11535,-0.1002,-0.075269,-0.060606,-0.040567,-0.020528,0.0043988,0.024438,0.034702,0.049853,0.064516,0.07478,0.089932,0.10459,0.11486,0.12463,0.13978,0.14467,0.14956,0.13978,0.12952,0.11486,0.099707,0.084555,0.07478,0.064516,0.049853,0.044477,0.029814,0.01955,0.0097752,0.0043988,-0.00048876,-0.010264,-0.015152,-0.025415,-0.030303,-0.030303,-0.030303,-0.025415,-0.025415,-0.025415,-0.025415,-0.020528,-0.015152,-0.015152,-0.010264,-0.0053763,-0.00048876,0.0043988,0.014663,0.029814,0.044477,0.059629,0.064516,0.069892,0.069892,0.07478,0.079668,0.064516,0.054741,0.034702,0.024438,0.014663,0.0097752,0.0043988,0.0043988,0.0043988,0.0097752,0.07478,0.22483,0.47019,0.74536,0.87048,0.69501,0.32991,0.054741,-0.045455,-0.065494,-0.075269,-0.085533,-0.095308,-0.10557,-0.11046,-0.11046,-0.10557,-0.10557,-0.1002,-0.1002,-0.09042,-0.085533,-0.080645,-0.075269,-0.075269,-0.070381,-0.065494,-0.070381,-0.080645,-0.085533,-0.09042,-0.095308,-0.1002,-0.1002,-0.10557,-0.10557,-0.1002,-0.085533,-0.060606,-0.030303,-0.00048876,0.01955,0.034702,0.054741,0.069892,0.079668,0.07478,0.064516,0.054741,0.044477,0.034702,0.029814,0.029814,0.029814,0.034702,0.044477,0.049853,0.044477,0.039589,0.034702,0.034702,0.029814,0.029814,0.029814,0.034702,0.034702,0.039589,0.039589,0.034702,0.034702,0.034702,0.034702,0.029814,0.029814,0.034702,0.049853,0.064516,0.069892,0.07478,0.079668,0.094819,0.099707,0.094819,0.079668,0.064516,0.044477,0.024438,0.014663,0.0097752,0.0097752,0.0097752,0.0097752,0.034702,0.12463,0.31965,0.60997,0.8651,0.90518,0.55523,0.1999,0.0043988,-0.040567,-0.045455,-0.050342,-0.05523,-0.05523,-0.050342,-0.045455,-0.040567,-0.040567,-0.035191,-0.035191,-0.030303,-0.020528,-0.015152,-0.010264,-0.00048876,0.0043988,0.0097752,0.0097752,0.014663,0.029814,0.039589,0.049853,0.064516,0.07478,0.089932,0.099707,0.11486,0.12952,0.14467,0.15494,0.15982,0.17986,0.18964,0.17498,0.14956,0.12952,0.11486,0.094819,0.07478,0.059629,0.034702,0.014663,0.0043988,-0.00048876,-0.010264,-0.015152,-0.015152,-0.020528,-0.020528,-0.025415,-0.030303,-0.035191,-0.035191,-0.035191,-0.035191,-0.040567,-0.050342,-0.05523,-0.060606,-0.065494,-0.065494,-0.065494,-0.060606,-0.05523,-0.050342,-0.045455,-0.035191,-0.015152,-0.00048876,0.0043988,0.0097752,0.014663,0.014663,0.0043988,-0.010264,-0.035191,-0.05523,-0.060606,-0.075269,-0.080645,-0.080645,-0.075269,-0.080645,-0.070381,-0.010264,0.1349,0.37977,0.6652,0.78543,0.61486,0.26491,-0.010264,-0.10557,-0.11535,-0.12023,-0.12561,-0.1305,-0.1305,-0.1305,-0.1305,-0.1305,-0.12561,-0.12561,-0.12561,-0.12023,-0.11535,-0.11046,-0.10557,-0.1002,-0.1002,-0.085533,-0.080645,-0.065494,-0.050342,-0.035191,-0.015152,0.0043988,0.01955,0.034702,0.049853,0.064516,0.07478,0.089932,0.10948,0.11975,0.12463,0.12952,0.12952,0.11975,0.099707,0.084555,0.069892,0.054741,0.044477,0.034702,0.029814,0.01955,0.0097752,0.0043988,-0.00048876,-0.00048876,-0.0053763,-0.010264,-0.015152,-0.020528,-0.020528,-0.025415,-0.025415,-0.025415,-0.030303,-0.035191,-0.040567,-0.045455,-0.045455,-0.045455,-0.040567,-0.035191,-0.025415,-0.015152,-0.00048876,0.01955,0.029814,0.034702,0.039589,0.034702,0.039589,0.029814,0.01955,0.0043988,-0.015152,-0.035191,-0.05523,-0.065494,-0.075269,-0.075269,-0.080645,-0.085533,-0.05523,0.044477,0.24487,0.52004,0.73021,0.74536,0.35973,0.014663,-0.15054,-0.17058,-0.16031,-0.15054,-0.14565,-0.14027,-0.1305,-0.12023,-0.11046,-0.10557,-0.10557,-0.10557,-0.10557,-0.10557,-0.11046,-0.11046,-0.10557,-0.080645,-0.085533,-0.095308,-0.10557,-0.12023,-0.12023,-0.11535,-0.1002,-0.085533,-0.065494,-0.025415,0.0097752,0.014663,0.014663,0.024438,0.029814,0.034702,0.059629,0.07478,0.089932,0.094819,0.099707,0.10459,0.084555,0.059629,0.034702,0.029814,0.024438,0.024438,0.0097752,-0.0053763,-0.030303,-0.060606,-0.09042,-0.1002,-0.095308,-0.085533,-0.09042,-0.11535,-0.14565,-0.17546,-0.19062,-0.19062,-0.18035,-0.1955,-0.21065,-0.21554,-0.22532,-0.25073,-0.27566,-0.26051,-0.22532,-0.20528,-0.1955,-0.20039,-0.20039,-0.17546,-0.1305,-0.070381,-0.040567,-0.060606,-0.080645,-0.085533,-0.080645,-0.080645,-0.075269,-0.075269,-0.09042,-0.095308,-0.050342,0.094819,0.35484,0.6349,0.73021,0.54008,0.22972,0.054741,0.034702,0.069892,0.094819,0.10948,0.11486,0.10948,0.10948,0.10948,0.11486,0.13978,0.17986,0.1999,0.15982,0.099707,0.059629,0.029814,-0.040567,-0.15054,-0.22532,-0.23069,-0.12561,0.034702,0.22972,0.39492,0.5,0.51515,0.45992,0.37977,0.30499,0.26491,0.22972,0.1696,0.12463,0.089932,0.089932,0.12463,0.13978,0.11486,0.094819,0.089932,0.079668,0.064516,0.044477,0.024438,0.01955,0.039589,0.069892,0.099707,0.12952,0.17498,0.22483,0.28983,0.34995,0.41007,0.45503,0.48485,0.49022,0.45992,0.42473,0.3998,0.3651,0.32502,0.28495,0.24487,0.20968,0.17986,0.15982,0.14956,0.14467,0.14467,0.13978,0.13978,0.1349,0.11975,0.099707,0.07478,0.044477,0.0097752,-0.025415,-0.05523,-0.070381,-0.080645,-0.09042,-0.1002,-0.09042,-0.015152,0.14956,0.41984,0.69501,0.7654,0.52493,0.16471,-0.075269,-0.15054,-0.16031,-0.17546,-0.18573,-0.1955,-0.1955,-0.1955,-0.1955,-0.19062,-0.1955,-0.20528,-0.21065,-0.20528,-0.1955,-0.18035,-0.17058,-0.16031,-0.14565,-0.1305,-0.11535,-0.1002,-0.080645,-0.05523,-0.040567,-0.035191,-0.035191,-0.035191,-0.020528,0.0043988,0.024438,0.034702,0.024438,0.014663,-0.015152,-0.09042,-0.16569,-0.1955,-0.17058,-0.10557,-0.045455,-0.020528,0.014663,0.054741,0.084555,0.064516,-0.0053763,-0.05523,-0.060606,0.0097752,0.099707,0.18475,0.24487,0.24976,0.15982,0.10459,0.07478,0.049853,0.044477,0.059629,0.069892,0.044477,0.024438,0.024438,0.054741,0.089932,0.11486,0.12952,0.13978,0.13978,0.12952,0.11975,0.11975,0.10459,0.069892,0.029814,0.0043988,-0.020528,-0.050342,-0.085533,-0.11046,-0.12023,-0.14565,-0.19062,-0.26051,-0.3304,-0.34555,-0.24536,-0.035191,0.21457,0.29472,0.069892,-0.33578,-0.50049,-0.42082,-0.1305,-0.035191,-0.24536,-0.23558,-0.20528,-0.17546,-0.14565,-0.11535,-0.1002,-0.080645,-0.05523,-0.020528,0.0097752,0.029814,0.054741,0.079668,0.094819,0.099707,0.11486,0.11486,0.10948,0.099707,0.094819,0.094819,0.094819,0.099707,0.10459,0.11486,0.11975,0.12952,0.13978,0.15494,0.16471,0.17986,0.18964,0.1999,0.20968,0.21994,0.22972,0.23998,0.24976,0.26002,0.26491,0.27468,0.28006,0.28983,0.29472,0.3001,0.30987,0.31965,0.3348,0.35484,0.37488,0.38514,0.3998,0.41984,0.43011,0.43011,0.41984,0.41007,0.39492,0.37977,0.37488,0.36999,0.37488,0.37488,0.37488,0.39003,0.45503,0.60997,0.86022,1.1202,1.1906,0.94037,0.56989,0.30499,0.21457,0.18964,0.17498,0.17986,0.20479,0.23998,0.27468,0.31476,0.35484,0.40469,0.47507,0.54497,0.58504,0.565,0.49511,0.41496,0.32991,0.23998,0.1696,0.1349,0.12952,0.1349,0.14467,0.12463,0.094819,0.099707,0.15494,0.28006,0.5,0.79032,1.0655,1.2556,1.3104,1.2507,1.1457,1.0303,0.93011,0.85533,0.8001,0.76002,0.73509,0.73021,0.73021,0.73509,0.73998,0.74536,0.73021,0.70528,0.6652,0.62023,0.58016,0.53519,0.49022,0.44477,0.40469,0.3651,0.31476,0.27468,0.25464,0.24976,0.24976,0.25464,0.22972,0.17498,0.079668,-0.015152,-0.095308,-0.12561,-0.030303,0.18964,0.3998,0.56012,0.70039,0.8304,0.93548,0.98045,0.98534,0.91544,0.75024,0.52493,0.31965,0.1999,0.16471,0.1999,0.23998,0.24976,0.30499,0.47019,0.72532,0.98045,1.0455,0.78006,0.41496,0.16471,0.084555,0.094819,0.10948,0.12952,0.15494,0.18475,0.19501,0.1696,0.12952,0.094819,0.054741,-0.00048876,-0.075269,-0.15543,-0.21065,-0.21554,-0.16031,-0.10557,-0.050342,-0.0053763,0.029814,0.049853,0.054741,0.049853,0.034702,0.029814,0.024438,0.029814,0.029814,0.029814,0.034702,0.039589,0.01955,0.0043988,-0.00048876,-0.015152,-0.035191,-0.050342,-0.065494,-0.085533,-0.11046,-0.12561,-0.1305,-0.11046,-0.075269,-0.05523,-0.080645,-0.13539,-0.22043,-0.30059,-0.33578,-0.32063,-0.28543,-0.26051,-0.24047,-0.24047,-0.24047,-0.25073,-0.25073,-0.25562,-0.25562,-0.25562,-0.25562,-0.26051,-0.26051,-0.26051,-0.26051,-0.24536,-0.23069,-0.21554,-0.21065,-0.1955,-0.18573,-0.17546,-0.17058,-0.17058,-0.16569,-0.16569,-0.15054,-0.15054,-0.16031,-0.17058,-0.17546,-0.18573,-0.18573,-0.1305,0.029814,0.31476,0.61486,0.71505,0.5,0.13978,-0.12023,-0.19062,-0.18573,-0.17546,-0.17058,-0.17058,-0.16031,-0.15543,-0.15054,-0.16031,-0.16569,-0.17058,-0.16569,-0.14565,-0.12023,-0.10557,-0.070381,-0.045455,-0.030303,-0.020528,-0.015152,-0.00048876,0.01955,0.029814,0.034702,0.049853,0.084555,0.1349,0.18964,0.22483,0.2346,0.22483,0.1999,0.15982,0.11486,0.099707,0.089932,0.07478,0.064516,0.054741,0.054741,0.054741,0.07478,0.089932,0.084555,0.064516,0.039589,0.01955,0.014663,0.024438,0.039589,0.069892,0.094819,0.11486,0.12952,0.14467,0.15494,0.15982,0.13978,0.14956,0.17986,0.18475,0.12952,0.079668,0.044477,0.039589,0.044477,0.039589,0.044477,0.059629,0.089932,0.11486,0.12952,0.15494,0.17498,0.17986,0.14956,0.11975,0.084555,0.059629,0.034702,0.014663,0.0043988,-0.00048876,-0.010264,-0.020528,-0.0053763,0.07478,0.24976,0.52493,0.78543,0.84506,0.55523,0.19501,-0.030303,-0.1002,-0.11046,-0.13539,-0.16031,-0.18035,-0.21065,-0.23558,-0.25562,-0.27077,-0.27566,-0.28055,-0.28543,-0.28543,-0.27077,-0.24536,-0.22043,-0.20039,-0.18035,-0.17058,-0.16569,-0.16031,-0.15054,-0.12561,-0.09042,-0.05523,-0.010264,0.024438,0.044477,0.054741,0.059629,0.064516,0.064516,0.059629,0.054741,0.049853,0.049853,0.039589,0.01955,-0.00048876,-0.025415,-0.045455,-0.070381,-0.085533,-0.095308,-0.095308,-0.085533,-0.085533,-0.080645,-0.075269,-0.085533,-0.09042,-0.1002,-0.11046,-0.12561,-0.15054,-0.17058,-0.17058,-0.15054,-0.12023,-0.095308,-0.080645,-0.070381,-0.075269,-0.080645,-0.080645,-0.080645,-0.080645,-0.080645,-0.070381,-0.060606,-0.060606,-0.060606,-0.040567,-0.025415,-0.035191,-0.050342,-0.050342,-0.045455,-0.040567,-0.035191,0.014663,0.094819,0.14956,0.15982,0.094819,0.069892,0.11975,0.27468,0.52981,0.77517,0.82502,0.53519,0.17498,-0.040567,-0.095308,-0.1002,-0.1002,-0.1002,-0.09042,-0.085533,-0.080645,-0.075269,-0.070381,-0.060606,-0.045455,-0.030303,-0.015152,-0.010264,-0.00048876,0.0043988,0.0097752,0.01955,0.029814,0.034702,0.049853,0.059629,0.07478,0.089932,0.10459,0.11486,0.12463,0.13978,0.15494,0.1696,0.18475,0.20479,0.21994,0.22483,0.22483,0.21457,0.1999,0.17498,0.15494,0.1349,0.11486,0.089932,0.069892,0.059629,0.059629,0.064516,0.07478,0.079668,0.084555,0.089932,0.094819,0.099707,0.099707,0.094819,0.089932,0.079668,0.069892,0.064516,0.059629,0.059629,0.064516,0.069892,0.079668,0.084555,0.089932,0.094819,0.099707,0.099707,0.11486,0.12952,0.14467,0.15494,0.16471,0.17498,0.17986,0.1696,0.15494,0.12952,0.099707,0.07478,0.054741,0.054741,0.054741,0.059629,0.059629,0.079668,0.16471,0.34506,0.61486,0.88025,0.93548,0.66031,0.30499,0.094819,0.044477,0.049853,0.054741,0.059629,0.064516,0.069892,0.07478,0.084555,0.089932,0.089932,0.089932,0.099707,0.099707,0.10459,0.10948,0.11975,0.12952,0.13978,0.14467,0.14956,0.15982,0.17498,0.18475,0.1999,0.20968,0.21994,0.22483,0.22972,0.2346,0.24487,0.25464,0.26491,0.26491,0.25464,0.23998,0.22483,0.21994,0.20968,0.20479,0.20479,0.20479,0.1999,0.18964,0.17986,0.1696,0.15982,0.14467,0.1349,0.1349,0.12952,0.12463,0.12463,0.12463,0.11975,0.10459,0.099707,0.099707,0.099707,0.099707,0.099707,0.10459,0.099707,0.11975,0.11975,0.10948,0.099707,0.089932,0.079668,0.07478,0.07478,0.07478,0.07478,0.07478,0.07478,0.07478,0.089932,0.094819,0.099707,0.10459,0.10459,0.10948,0.11486,0.11486,0.10948,0.10459,0.1696,0.32502,0.58504,0.8651,0.97019,0.77517,0.42473,0.16471,0.084555,0.079668,0.079668,0.089932,0.099707,0.10948,0.11975,0.12463,0.13978,0.14956,0.16471,0.17498,0.18964,0.1999,0.20479,0.20968,0.21457,0.22483,0.22972,0.2346,0.26002,0.28495,0.3001,0.30987,0.31476,0.32991,0.34506,0.35484,0.3651,0.37977,0.3998,0.41496,0.43011,0.43988,0.44477,0.44477,0.43988,0.43011,0.42473,0.41007,0.39492,0.37977,0.36999,0.35973,0.35484,0.35484,0.35973,0.3651,0.3651,0.35484,0.34995,0.33969,0.33969,0.33969,0.34506,0.33969,0.33969,0.3348,0.32991,0.31476,0.31476,0.31476,0.32991,0.3348,0.33969,0.34995,0.3651,0.39003,0.40469,0.41984,0.43988,0.46481,0.5,0.53519,0.50978,0.12463,0.13978,0.14956,0.14956,0.13978,0.12463,0.11486,0.099707,0.089932,0.079668,0.079668,0.084555,0.07478,0.079668,0.12952,0.26002,0.49511,0.78543,0.93011,0.78006,0.42473,0.13978,0.029814,0.0043988,-0.010264,-0.025415,-0.035191,-0.035191,-0.035191,-0.025415,-0.015152,0.0043988,0.014663,0.024438,0.034702,0.039589,0.044477,0.044477,0.049853,0.054741,0.064516,0.07478,0.084555,0.089932,0.099707,0.10948,0.11486,0.12463,0.1349,0.14956,0.1696,0.19501,0.21994,0.23998,0.26002,0.26979,0.27468,0.26491,0.24976,0.22972,0.20479,0.18475,0.16471,0.14956,0.13978,0.12952,0.11975,0.11486,0.10948,0.099707,0.094819,0.089932,0.084555,0.084555,0.084555,0.089932,0.089932,0.089932,0.089932,0.089932,0.094819,0.094819,0.094819,0.094819,0.094819,0.094819,0.089932,0.079668,0.07478,0.07478,0.079668,0.089932,0.094819,0.099707,0.10459,0.10948,0.11486,0.10948,0.099707,0.084555,0.064516,0.044477,0.024438,0.01955,0.024438,0.029814,0.039589,0.044477,0.094819,0.21457,0.435,0.72532,0.91007,0.80499,0.45992,0.14467,0.014663,-0.010264,-0.015152,-0.020528,-0.020528,-0.020528,-0.015152,-0.015152,-0.025415,-0.035191,-0.045455,-0.050342,-0.050342,-0.050342,-0.05523,-0.065494,-0.095308,-0.15543,-0.17058,-0.1002,0.0097752,0.12952,0.21457,0.25464,0.26979,0.28495,0.29472,0.28006,0.24976,0.22972,0.22972,0.22972,0.20479,0.18475,0.17986,0.15982,0.12463,0.11486,0.11486,0.10948,0.099707,0.099707,0.099707,0.099707,0.099707,0.094819,0.079668,0.07478,0.069892,0.064516,0.059629,0.054741,0.054741,0.049853,0.049853,0.049853,0.049853,0.044477,0.034702,0.034702,0.034702,0.029814,0.029814,0.024438,0.01955,0.01955,0.024438,0.034702,0.044477,0.054741,0.064516,0.064516,0.064516,0.069892,0.07478,0.064516,0.054741,0.039589,0.01955,-0.00048876,-0.015152,-0.020528,-0.020528,-0.020528,-0.020528,-0.00048876,0.084555,0.26002,0.53519,0.79032,0.85044,0.56012,0.1999,-0.015152,-0.080645,-0.09042,-0.1002,-0.10557,-0.10557,-0.10557,-0.1002,-0.095308,-0.085533,-0.080645,-0.080645,-0.075269,-0.075269,-0.070381,-0.065494,-0.05523,-0.050342,-0.040567,-0.030303,-0.020528,-0.010264,-0.00048876,0.0043988,0.014663,0.029814,0.039589,0.049853,0.059629,0.069892,0.084555,0.094819,0.10948,0.11486,0.12463,0.12463,0.11975,0.10459,0.089932,0.069892,0.049853,0.034702,0.01955,0.0097752,-0.00048876,-0.010264,-0.020528,-0.025415,-0.030303,-0.035191,-0.045455,-0.05523,-0.05523,-0.05523,-0.05523,-0.060606,-0.060606,-0.060606,-0.05523,-0.05523,-0.05523,-0.05523,-0.05523,-0.050342,-0.050342,-0.040567,-0.035191,-0.020528,-0.00048876,0.014663,0.024438,0.029814,0.044477,0.049853,0.049853,0.034702,0.029814,0.0097752,-0.0053763,-0.025415,-0.035191,-0.040567,-0.050342,-0.05523,-0.060606,-0.045455,0.039589,0.21994,0.49511,0.73998,0.78006,0.46481,0.10948,-0.095308,-0.15054,-0.15543,-0.16031,-0.16031,-0.16031,-0.16031,-0.15054,-0.13539,-0.12561,-0.10557,-0.085533,-0.065494,-0.040567,-0.015152,0.0097752,0.039589,0.059629,0.084555,0.099707,0.11486,0.12952,0.14467,0.15494,0.15982,0.16471,0.16471,0.17498,0.17986,0.17986,0.17986,0.18475,0.18964,0.18475,0.17986,0.16471,0.14956,0.12463,0.099707,0.079668,0.059629,0.034702,0.014663,-0.00048876,-0.010264,-0.020528,-0.020528,-0.030303,-0.035191,-0.040567,-0.040567,-0.050342,-0.05523,-0.05523,-0.060606,-0.060606,-0.060606,-0.060606,-0.060606,-0.060606,-0.060606,-0.060606,-0.060606,-0.05523,-0.05523,-0.05523,-0.05523,-0.050342,-0.040567,-0.025415,-0.015152,-0.010264,-0.0053763,0.0043988,0.0097752,0.014663,0.0043988,-0.010264,-0.035191,-0.05523,-0.065494,-0.070381,-0.065494,-0.060606,-0.060606,-0.060606,-0.0053763,0.12463,0.35973,0.65005,0.8001,0.65494,0.3001,0.0097752,-0.095308,-0.10557,-0.10557,-0.11046,-0.11535,-0.11535,-0.11046,-0.11046,-0.10557,-0.1002,-0.1002,-0.09042,-0.080645,-0.075269,-0.065494,-0.060606,-0.05523,-0.050342,-0.045455,-0.035191,-0.020528,-0.015152,-0.0053763,0.0043988,0.014663,0.029814,0.044477,0.049853,0.064516,0.079668,0.094819,0.10459,0.11975,0.12463,0.12463,0.11975,0.10948,0.094819,0.079668,0.064516,0.049853,0.034702,0.024438,0.0097752,-0.00048876,-0.010264,-0.015152,-0.015152,-0.020528,-0.025415,-0.025415,-0.030303,-0.030303,-0.030303,-0.030303,-0.030303,-0.035191,-0.035191,-0.035191,-0.030303,-0.030303,-0.025415,-0.030303,-0.030303,-0.025415,-0.025415,-0.020528,-0.015152,-0.00048876,0.0097752,0.024438,0.024438,0.034702,0.044477,0.049853,0.034702,0.024438,0.0043988,-0.015152,-0.030303,-0.040567,-0.040567,-0.035191,-0.030303,-0.035191,-0.015152,0.064516,0.24487,0.51515,0.7654,0.81525,0.52493,0.17498,-0.035191,-0.085533,-0.085533,-0.095308,-0.095308,-0.1002,-0.1002,-0.1002,-0.1002,-0.095308,-0.09042,-0.085533,-0.080645,-0.080645,-0.080645,-0.080645,-0.080645,-0.080645,-0.075269,-0.075269,-0.075269,-0.080645,-0.080645,-0.080645,-0.085533,-0.085533,-0.095308,-0.10557,-0.12561,-0.15054,-0.18035,-0.22532,-0.28055,-0.34066,-0.40078,-0.45064,-0.50049,-0.50049,-0.50049,-0.50049,-0.50049,-0.50049,-0.50049,-0.4609,-0.17546,0.1349,0.48485,0.72532,0.76002,0.67498,0.62023,0.6349,0.6652,0.67009,0.58504,0.53519,0.565,0.58016,0.49022,0.38514,0.3001,0.23998,0.20479,0.18475,0.16471,0.1349,0.10459,0.089932,0.084555,0.089932,0.094819,0.089932,0.079668,0.079668,0.084555,0.079668,0.079668,0.079668,0.07478,0.059629,0.034702,0.0097752,-0.00048876,-0.00048876,0.0043988,0.01955,0.084555,0.22972,0.46481,0.73509,0.85533,0.67498,0.3001,0.0097752,-0.095308,-0.10557,-0.11046,-0.11046,-0.11535,-0.12023,-0.1305,-0.13539,-0.1305,-0.12561,-0.12561,-0.12561,-0.1305,-0.1305,-0.12561,-0.11535,-0.1002,-0.080645,-0.060606,-0.035191,-0.0053763,0.01955,0.039589,0.054741,0.069892,0.07478,0.07478,0.079668,0.099707,0.12463,0.14467,0.15982,0.17498,0.17986,0.18475,0.18964,0.18964,0.18964,0.17986,0.15982,0.12952,0.094819,0.059629,0.024438,-0.00048876,-0.035191,-0.075269,-0.12023,-0.16569,-0.22532,-0.28055,-0.3304,-0.34555,-0.3304,-0.31036,-0.30547,-0.31036,-0.3304,-0.36559,-0.39052,-0.37586,-0.30059,-0.18035,-0.015152,0.17986,0.35484,0.47507,0.5,0.45015,0.38514,0.3348,0.3001,0.28495,0.28983,0.33969,0.41984,0.50489,0.565,0.60508,0.60997,0.58016,0.53519,0.47507,0.41007,0.37977,0.41496,0.56012,0.79032,0.95015,0.86022,0.52004,0.16471,-0.025415,-0.095308,-0.1305,-0.16569,-0.17546,-0.18035,-0.19062,-0.1955,-0.1955,-0.1955,-0.19062,-0.18573,-0.18573,-0.17546,-0.17546,-0.17546,-0.17058,-0.16031,-0.14565,-0.1305,-0.11535,-0.10557,-0.095308,-0.095308,-0.085533,-0.080645,-0.065494,-0.05523,-0.045455,-0.035191,-0.020528,-0.0053763,0.0043988,0.014663,0.01955,0.024438,0.014663,0.0097752,-0.0053763,-0.020528,-0.035191,-0.045455,-0.05523,-0.060606,-0.060606,-0.060606,-0.065494,-0.060606,-0.05523,-0.060606,-0.065494,-0.070381,-0.075269,-0.080645,-0.080645,-0.080645,-0.080645,-0.080645,-0.080645,-0.080645,-0.080645,-0.075269,-0.075269,-0.075269,-0.075269,-0.080645,-0.075269,-0.065494,-0.050342,-0.035191,-0.020528,-0.010264,-0.00048876,0.0043988,-0.0053763,-0.015152,-0.030303,-0.060606,-0.080645,-0.095308,-0.095308,-0.085533,-0.070381,-0.05523,-0.035191,0.024438,0.17498,0.43011,0.73021,0.88514,0.73509,0.37977,0.084555,-0.025415,-0.030303,-0.030303,-0.035191,-0.035191,-0.030303,-0.030303,-0.030303,-0.030303,-0.030303,-0.030303,-0.030303,-0.035191,-0.030303,-0.030303,-0.025415,-0.020528,-0.015152,-0.0053763,0.0043988,0.0097752,0.014663,0.01955,0.024438,0.034702,0.044477,0.059629,0.07478,0.089932,0.10948,0.12463,0.1349,0.14467,0.14467,0.13978,0.13978,0.12463,0.10948,0.089932,0.07478,0.064516,0.049853,0.034702,0.01955,0.0043988,-0.010264,-0.015152,-0.025415,-0.030303,-0.030303,-0.030303,-0.030303,-0.030303,-0.030303,-0.035191,-0.035191,-0.040567,-0.040567,-0.035191,-0.035191,-0.030303,-0.020528,-0.015152,-0.015152,-0.010264,-0.00048876,0.0043988,0.0097752,0.024438,0.044477,0.054741,0.059629,0.064516,0.079668,0.079668,0.069892,0.054741,0.039589,0.0097752,-0.0053763,-0.015152,-0.020528,-0.020528,-0.015152,-0.015152,0.0097752,0.10948,0.31476,0.60508,0.85533,0.89052,0.54985,0.18964,-0.010264,-0.065494,-0.075269,-0.080645,-0.085533,-0.09042,-0.09042,-0.085533,-0.085533,-0.080645,-0.080645,-0.080645,-0.075269,-0.075269,-0.065494,-0.060606,-0.05523,-0.045455,-0.035191,-0.025415,-0.015152,-0.010264,-0.00048876,0.0043988,0.014663,0.029814,0.044477,0.049853,0.059629,0.069892,0.079668,0.094819,0.10948,0.11486,0.11975,0.12463,0.11486,0.099707,0.089932,0.07478,0.054741,0.039589,0.024438,0.014663,0.0043988,-0.00048876,-0.010264,-0.015152,-0.020528,-0.025415,-0.030303,-0.035191,-0.040567,-0.040567,-0.040567,-0.040567,-0.040567,-0.040567,-0.045455,-0.045455,-0.045455,-0.040567,-0.040567,-0.040567,-0.040567,-0.035191,-0.030303,-0.015152,-0.00048876,0.0097752,0.01955,0.024438,0.034702,0.039589,0.034702,0.029814,0.014663,-0.0053763,-0.025415,-0.040567,-0.050342,-0.045455,-0.040567,-0.040567,-0.040567,0.01955,0.15494,0.3998,0.69501,0.84506,0.69501,0.33969,0.044477,-0.070381,-0.085533,-0.09042,-0.095308,-0.1002,-0.1002,-0.1002,-0.1002,-0.1002,-0.1002,-0.095308,0.12463,0.11975,0.099707,0.084555,0.064516,0.044477,0.029814,0.024438,0.014663,0.0097752,0.0043988,0.0043988,0.0043988,0.0043988,-0.00048876,-0.00048876,-0.0053763,-0.010264,-0.015152,-0.015152,-0.010264,-0.010264,-0.010264,-0.010264,-0.010264,-0.010264,-0.015152,-0.015152,-0.015152,-0.015152,-0.015152,-0.0053763,0.0097752,0.029814,0.039589,0.049853,0.059629,0.069892,0.064516,0.049853,0.034702,0.01955,0.0043988,-0.0053763,-0.010264,-0.010264,-0.010264,-0.010264,-0.0053763,0.034702,0.15982,0.38514,0.67009,0.83529,0.71505,0.3651,0.064516,-0.065494,-0.085533,-0.095308,-0.1002,-0.10557,-0.11046,-0.11535,-0.11535,-0.11046,-0.10557,-0.095308,-0.080645,-0.070381,-0.065494,-0.05523,-0.05523,-0.065494,-0.085533,-0.095308,-0.095308,-0.095308,-0.080645,-0.075269,-0.065494,-0.060606,-0.035191,-0.015152,0.0043988,0.01955,0.034702,0.049853,0.069892,0.084555,0.094819,0.099707,0.089932,0.089932,0.079668,0.069892,0.049853,0.024438,0.014663,0.01955,0.014663,-0.00048876,-0.00048876,-0.00048876,0.0043988,0.0043988,0.0043988,-0.00048876,-0.010264,-0.010264,-0.010264,-0.015152,-0.015152,-0.020528,-0.020528,-0.020528,-0.015152,-0.015152,-0.010264,-0.010264,-0.0053763,-0.00048876,0.0043988,0.0097752,0.014663,0.024438,0.044477,0.054741,0.064516,0.064516,0.079668,0.089932,0.079668,0.069892,0.054741,0.029814,0.0097752,-0.00048876,-0.00048876,-0.00048876,-0.00048876,-0.00048876,-0.00048876,0.059629,0.18964,0.435,0.73509,0.89541,0.74536,0.37977,0.079668,-0.030303,-0.040567,-0.040567,-0.045455,-0.045455,-0.045455,-0.045455,-0.040567,-0.040567,-0.035191,-0.035191,-0.030303,-0.020528,-0.015152,-0.015152,-0.010264,-0.0053763,0.0043988,0.014663,0.024438,0.029814,0.034702,0.044477,0.054741,0.069892,0.079668,0.094819,0.10459,0.11975,0.1349,0.14467,0.15982,0.1696,0.17498,0.17498,0.1696,0.15982,0.14467,0.1349,0.11975,0.099707,0.089932,0.079668,0.07478,0.064516,0.059629,0.054741,0.044477,0.039589,0.034702,0.029814,0.024438,0.024438,0.01955,0.01955,0.014663,0.01955,0.01955,0.014663,0.01955,0.01955,0.01955,0.01955,0.01955,0.024438,0.024438,0.024438,0.024438,0.029814,0.044477,0.054741,0.064516,0.069892,0.069892,0.07478,0.079668,0.069892,0.059629,0.044477,0.01955,-0.00048876,-0.010264,-0.010264,-0.010264,-0.010264,-0.015152,0.0043988,0.094819,0.28495,0.55523,0.81036,0.87048,0.58993,0.22483,-0.0053763,-0.065494,-0.070381,-0.075269,-0.080645,-0.085533,-0.085533,-0.080645,-0.080645,-0.080645,-0.075269,-0.070381,-0.065494,-0.060606,-0.05523,-0.050342,-0.040567,-0.035191,-0.030303,-0.020528,-0.010264,-0.00048876,0.0097752,0.014663,0.024438,0.039589,0.049853,0.059629,0.07478,0.084555,0.094819,0.10948,0.11975,0.12463,0.12952,0.1349,0.12463,0.11975,0.10459,0.089932,0.069892,0.054741,0.044477,0.029814,0.024438,0.0097752,0.0043988,-0.00048876,-0.0053763,-0.010264,-0.015152,-0.015152,-0.020528,-0.025415,-0.025415,-0.025415,-0.030303,-0.030303,-0.030303,-0.030303,-0.030303,-0.025415,-0.020528,-0.020528,-0.020528,-0.020528,-0.020528,-0.015152,-0.010264,0.0043988,0.01955,0.024438,0.029814,0.034702,0.044477,0.049853,0.034702,0.024438,0.0097752,-0.010264,-0.025415,-0.035191,-0.040567,-0.040567,-0.040567,-0.040567,-0.020528,0.059629,0.23998,0.51515,0.77517,0.8304,0.53519,0.17986,-0.030303,-0.080645,-0.080645,-0.085533,-0.095308,-0.095308,-0.1002,-0.095308,-0.085533,-0.085533,-0.080645,-0.075269,-0.070381,-0.065494,-0.060606,-0.05523,-0.045455,-0.040567,-0.030303,-0.020528,-0.010264,-0.00048876,0.0097752,0.014663,0.024438,0.034702,0.049853,0.064516,0.07478,0.089932,0.099707,0.11486,0.12463,0.1349,0.13978,0.1349,0.12463,0.11486,0.099707,0.084555,0.069892,0.049853,0.034702,0.029814,0.024438,0.014663,0.0097752,0.0043988,-0.00048876,-0.0053763,-0.0053763,-0.010264,-0.010264,-0.010264,-0.015152,-0.015152,-0.015152,-0.015152,-0.015152,-0.010264,-0.015152,-0.015152,-0.015152,-0.010264,-0.015152,-0.015152,-0.010264,-0.010264,-0.0053763,0.0043988,0.01955,0.034702,0.039589,0.044477,0.054741,0.064516,0.054741,0.044477,0.029814,0.0097752,-0.0053763,-0.015152,-0.020528,-0.025415,-0.020528,-0.025415,-0.020528,0.039589,0.1696,0.41007,0.70039,0.84018,0.68035,0.31965,0.039589,-0.060606,-0.075269,-0.075269,-0.080645,-0.085533,-0.085533,-0.080645,-0.080645,-0.080645,-0.075269,-0.070381,-0.065494,-0.065494,-0.060606,-0.05523,-0.050342,-0.040567,-0.030303,-0.020528,-0.010264,-0.00048876,0.0097752,0.014663,0.024438,0.034702,0.044477,0.054741,0.069892,0.079668,0.094819,0.10948,0.12463,0.1349,0.14467,0.14467,0.1349,0.12463,0.10948,0.094819,0.079668,0.064516,0.049853,0.034702,0.029814,0.01955,0.014663,0.0097752,0.0043988,-0.00048876,-0.00048876,-0.010264,-0.015152,-0.015152,-0.015152,-0.015152,-0.020528,-0.020528,-0.020528,-0.015152,-0.015152,-0.010264,-0.010264,-0.0053763,-0.010264,-0.010264,-0.0053763,-0.00048876,-0.00048876,0.0043988,0.01955,0.034702,0.044477,0.049853,0.049853,0.064516,0.064516,0.054741,0.044477,0.029814,0.0097752,-0.010264,-0.020528,-0.030303,-0.025415,-0.020528,-0.020528,-0.015152,0.054741,0.20479,0.45992,0.73509,0.82502,0.61486,0.24976,0.0043988,-0.070381,-0.075269,-0.080645,-0.085533,-0.085533,-0.085533,-0.085533,-0.085533,-0.080645,-0.075269,-0.070381,-0.065494,-0.060606,-0.05523,-0.050342,-0.040567,-0.030303,-0.015152,-0.0053763,0.0043988,0.01955,0.029814,0.044477,0.054741,0.064516,0.069892,0.079668,0.094819,0.10948,0.11975,0.1349,0.14467,0.15494,0.15494,0.15494,0.14467,0.1349,0.11975,0.099707,0.089932,0.07478,0.064516,0.049853,0.044477,0.029814,0.024438,0.01955,0.014663,0.0097752,0.0097752,0.0043988,-0.00048876,-0.00048876,-0.0053763,-0.010264,-0.010264,-0.010264,-0.010264,-0.0053763,-0.00048876,-0.00048876,-0.00048876,-0.00048876,-0.00048876,0.0043988,0.0043988,0.0097752,0.0097752,0.01955,0.029814,0.049853,0.054741,0.059629,0.064516,0.07478,0.07478,0.069892,0.064516,0.044477,0.024438,0.0043988,-0.0053763,-0.010264,-0.0053763,-0.00048876,-0.010264,0.014663,0.10459,0.28495,0.56012,0.82014,0.87537,0.58016,0.21457,-0.00048876,-0.05523,-0.05523,-0.065494,-0.065494,-0.065494,-0.065494,-0.065494,-0.060606,-0.05523,-0.05523,-0.050342,-0.045455,-0.035191,-0.030303,-0.025415,-0.020528,-0.015152,-0.010264,0.0043988,0.0097752,0.024438,0.029814,0.044477,0.054741,0.064516,0.069892,0.07478,0.084555,0.094819,0.10948,0.11975,0.1349,0.14467,0.14467,0.14467,0.1349,0.12463,0.10948,0.094819,0.07478,0.064516,0.044477,0.034702,0.024438,0.014663,0.0043988,-0.00048876,-0.0053763,-0.010264,-0.015152,-0.015152,-0.015152,-0.020528,-0.025415,-0.030303,-0.025415,-0.025415,-0.025415,-0.020528,-0.020528,-0.020528,-0.020528,-0.020528,-0.025415,-0.025415,-0.025415,-0.025415,-0.015152,-0.0053763,0.0097752,0.014663,0.024438,0.029814,0.034702,0.044477,0.034702,0.029814,0.014663,-0.0053763,-0.020528,-0.035191,-0.040567,-0.040567,-0.040567,-0.040567,-0.020528,0.054741,0.22483,0.49511,0.7654,0.8304,0.57527,0.21457,-0.015152,-0.080645,-0.080645,-0.085533,-0.085533,-0.09042,-0.09042,-0.09042,-0.09042,-0.085533,-0.085533,-0.080645,-0.075269,-0.070381,-0.065494,-0.05523,-0.050342,-0.040567,-0.035191,-0.030303,-0.020528,-0.010264,-0.00048876,0.0097752,0.01955,0.029814,0.039589,0.049853,0.059629,0.07478,0.089932,0.10459,0.11975,0.12952,0.1349,0.1349,0.12463,0.11975,0.10459,0.089932,0.069892,0.054741,0.039589,0.029814,0.024438,0.01955,0.0097752,0.0043988,-0.0053763,-0.010264,-0.010264,-0.015152,-0.015152,-0.015152,-0.015152,-0.020528,-0.025415,-0.030303,-0.030303,-0.030303,-0.030303,-0.030303,-0.030303,-0.030303,-0.025415,-0.030303,-0.030303,-0.020528,-0.010264,0.0043988,0.01955,0.029814,0.029814,0.034702,0.044477,0.044477,0.039589,0.034702,0.024438,-0.00048876,-0.020528,-0.030303,-0.030303,-0.025415,-0.020528,-0.025415,-0.0053763,0.064516,0.2346,0.50978,0.77517,0.83529,0.56012,0.1999,-0.020528,-0.080645,-0.085533,-0.085533,-0.095308,-0.095308,-0.095308,-0.095308,-0.085533,-0.080645,-0.080645,-0.075269,-0.065494,-0.060606,-0.05523,-0.05523,-0.045455,-0.035191,-0.030303,-0.015152,-0.0053763,0.0043988,0.0097752,0.014663,0.024438,0.039589,0.049853,0.059629,0.07478,0.084555,0.099707,0.10948,0.11975,0.12952,0.1349,0.1349,0.12463,0.10948,0.094819,0.079668,0.064516,0.049853,0.034702,0.029814,0.024438,0.014663,0.0097752,0.0043988,-0.00048876,-0.00048876,-0.0053763,-0.010264,-0.015152,-0.015152,-0.020528,-0.020528,-0.020528,-0.020528,-0.020528,-0.020528,-0.020528,-0.020528,-0.020528,-0.020528,-0.020528,-0.020528,-0.020528,-0.020528,-0.010264,-0.00048876,0.014663,0.024438,0.029814,0.034702,0.044477,0.049853,0.039589,0.024438,0.0043988,-0.015152,-0.030303,-0.040567,-0.040567,-0.040567,-0.035191,-0.035191,-0.020528,0.054741,0.21994,0.47507,0.73998,0.81036,0.57527,0.21994,-0.0053763,-0.070381,-0.075269,-0.080645,-0.085533,-0.085533,-0.085533,-0.085533,-0.085533,-0.080645,-0.075269,-0.075269,-0.065494,-0.060606,-0.05523,-0.050342,-0.045455,-0.040567,-0.030303,-0.020528,-0.015152,-0.0053763,-0.00048876,0.0097752,0.024438,0.039589,0.049853,0.064516,0.07478,0.089932,0.099707,0.11486,0.12952,0.13978,0.14467,0.14956,0.1349,0.11975,0.10948,0.089932,0.07478,0.054741,0.044477,0.034702,0.024438,0.0097752,0.0043988,-0.00048876,-0.00048876,-0.010264,-0.010264,-0.015152,-0.020528,-0.020528,-0.020528,-0.020528,-0.015152,-0.015152,-0.015152,-0.015152,-0.015152,-0.010264,-0.010264,-0.010264,-0.010264,-0.0053763,-0.00048876,-0.00048876,0.0043988,0.01955,0.034702,0.044477,0.049853,0.049853,0.054741,0.059629,0.049853,0.039589,0.01955,-0.00048876,-0.015152,-0.020528,-0.020528,-0.020528,-0.015152,-0.020528,0.0043988,0.094819,0.28006,0.55523,0.8001,0.84506,0.52981,0.18475,-0.015152,-0.065494,-0.065494,-0.070381,-0.075269,-0.075269,-0.070381,-0.065494,-0.065494,-0.060606,-0.05523,-0.050342,-0.040567,-0.035191,-0.030303,-0.030303,-0.020528,-0.015152,-0.0053763,0.0043988,0.01955,0.024438,0.034702,0.039589,0.049853,0.054741,0.069892,0.07478,0.089932,0.099707,0.11486,0.12952,0.14467,0.15494,0.15982,0.15494,0.14467,0.12952,0.11486,0.094819,0.07478,0.059629,0.049853,0.039589,0.034702,0.034702,0.034702,0.034702,0.029814,0.024438,0.014663,0.0097752,0.0043988,0.0043988,0.0043988,0.0043988,0.0043988,0.0043988,0.0043988,-0.00048876,-0.00048876,-0.00048876,-0.00048876,-0.00048876,-0.00048876,0.0043988,0.0043988,0.0043988,0.01955,0.034702,0.044477,0.049853,0.044477,0.049853,0.049853,0.044477,0.034702,0.01955,-0.0053763,-0.025415,-0.035191,-0.040567,-0.040567,-0.040567,-0.040567,-0.020528,0.069892,0.24976,0.52004,0.77517,0.83529,0.55523,0.1999,-0.015152,-0.080645,-0.085533,-0.095308,-0.1002,-0.10557,-0.10557,-0.1002,-0.1002,-0.1002,-0.1002,-0.095308,-0.085533,-0.080645,-0.075269,-0.070381,-0.065494,-0.060606,-0.050342,-0.045455,-0.040567,-0.035191,-0.030303,-0.015152,-0.0053763,0.0043988,0.014663,0.024438,0.034702,0.044477,0.059629,0.069892,0.084555,0.094819,0.099707,0.099707,0.099707,0.089932,0.07478,0.064516,0.049853,0.034702,0.024438,0.014663,0.0043988,-0.00048876,-0.015152,-0.020528,-0.030303,-0.035191,-0.035191,-0.035191,-0.040567,-0.040567,-0.040567,-0.040567,-0.040567,-0.040567,-0.040567,-0.040567,-0.040567,-0.040567,-0.040567,-0.035191,-0.035191,-0.035191,-0.030303,-0.015152,-0.00048876,0.014663,0.01955,0.024438,0.034702,0.039589,0.034702,0.024438,0.0097752,-0.010264,-0.030303,-0.045455,-0.050342,-0.050342,-0.040567,-0.050342,-0.040567,0.014663,0.14467,0.39492,0.68524,0.82502,0.6652,0.30987,0.029814,-0.070381,-0.080645,-0.085533,-0.09042,-0.095308,-0.095308,-0.095308,-0.095308,-0.085533,-0.085533,-0.080645,-0.080645,-0.075269,-0.065494,-0.060606,-0.050342,-0.040567,-0.035191,-0.025415,-0.020528,-0.010264,-0.00048876,0.0097752,0.01955,0.034702,0.044477,0.059629,0.07478,0.079668,0.094819,0.10948,0.11975,0.12952,0.1349,0.13978,0.12952,0.11975,0.10459,0.089932,0.069892,0.054741,0.039589,0.029814,0.014663,0.0097752,-0.00048876,-0.0053763,-0.010264,-0.010264,-0.010264,-0.015152,-0.015152,-0.015152,-0.015152,-0.020528,-0.020528,-0.020528,-0.020528,-0.025415,-0.025415,-0.015152,-0.010264,-0.00048876,0.0043988,0.0097752,0.014663,0.024438,0.029814,0.044477,0.054741,0.064516,0.069892,0.079668,0.084555,0.07478,0.069892,0.054741,0.039589,0.014663,0.0043988,0.0043988,0.0043988,0.0097752,0.0043988,0.0097752,0.064516,0.21994,0.48485,0.77517,0.89052,0.69501,0.32991,0.054741,-0.030303,-0.035191,-0.035191,-0.040567,-0.040567,-0.040567,-0.035191,-0.035191,-0.030303,-0.025415,-0.020528,-0.015152,-0.010264,-0.00048876,0.0043988,0.0043988,0.0097752,0.014663,0.024438,0.029814,0.034702,0.044477,0.054741,0.064516,0.07478,0.089932,0.099707,0.10948,0.11975,0.1349,0.14467,0.15982,0.16471,0.1696,0.16471,0.15494,0.13978,0.12463,0.10948,0.089932,0.07478,0.064516,0.049853,0.039589,0.029814,0.024438,0.024438,0.014663,0.0097752,0.0043988,-0.00048876,-0.00048876,-0.00048876,-0.00048876,-0.010264,-0.010264,-0.015152,-0.015152,-0.010264,-0.010264,-0.010264,-0.010264,-0.010264,-0.010264,-0.010264,-0.0053763,-0.00048876,0.0043988,0.01955,0.034702,0.044477,0.049853,0.054741,0.064516,0.064516,0.059629,0.054741,0.034702,0.014663,-0.00048876,-0.015152,-0.015152,-0.015152,-0.010264,-0.015152,0.014663,0.12463,0.32991,0.62512,0.8651,0.90029,0.53519,0.17986,-0.015152,-0.060606,-0.065494,-0.075269,-0.080645,-0.080645,-0.080645,-0.080645,-0.080645,-0.075269,-0.070381,-0.065494,-0.060606,-0.05523,-0.050342,-0.040567,-0.035191,-0.030303,-0.020528,-0.015152,-0.010264,-0.00048876,0.0097752,0.01955,0.029814,0.044477,0.054741,0.064516,0.07478,0.084555,0.094819,0.10948,0.11975,0.12463,0.1349,0.1349,0.11975,0.10948,0.094819,0.07478,0.064516,0.049853,0.039589,0.029814,0.01955,0.014663,0.0097752,0.0043988,-0.0053763,-0.010264,-0.015152,-0.020528,-0.020528,-0.025415,-0.025415,-0.030303,-0.035191,-0.035191,-0.030303,-0.030303,-0.030303,-0.030303,-0.030303,-0.030303,-0.025415,-0.020528,-0.015152,-0.00048876,0.0097752,0.024438,0.029814,0.034702,0.044477,0.049853,0.044477,0.029814,0.014663,-0.0053763,-0.030303,-0.040567,-0.045455,-0.040567,-0.035191,-0.035191,-0.025415,0.039589,0.19501,0.44477,0.73998,0.85533,0.66031,0.28983,0.01955,-0.070381,-0.080645,-0.085533,-0.085533,-0.09042,-0.095308,-0.09042,-0.085533,-0.085533,-0.080645,-0.075269,-0.070381,-0.065494,-0.065494,-0.05523,-0.045455,-0.040567,-0.035191,-0.030303,-0.015152,-0.0053763,0.0043988,0.014663,0.024438,0.034702,0.044477,0.059629,0.07478,0.089932,0.10459,0.11975,0.12463,0.1349,0.1349,0.1349,0.1349,0.11975,0.10459,0.089932,0.07478,0.059629,0.044477,0.034702,0.029814,0.01955,0.0097752,0.0043988,-0.00048876,-0.00048876,-0.010264,-0.020528,-0.025415,-0.025415,-0.020528,-0.020528,-0.025415,-0.025415,-0.020528,-0.020528,-0.020528,-0.020528,-0.025415,-0.030303,-0.030303,-0.025415,-0.020528,-0.015152,-0.0053763,0.0097752,0.024438,0.029814,0.029814,0.039589,0.044477,0.029814,0.024438,0.0043988,-0.015152,-0.030303,-0.035191,-0.035191,-0.035191,-0.035191,-0.035191,-0.020528,0.049853,0.20968,0.47507,0.75024,0.8304,0.6002,0.23998,-0.0053763,-0.080645,-0.080645,-0.085533,-0.09042,-0.09042,-0.09042,-0.085533,-0.085533,-0.085533,-0.085533,-0.080645,-0.075269,-0.065494,-0.060606,-0.05523,-0.050342,-0.040567,-0.030303,-0.025415,-0.020528,-0.015152,-0.00048876,0.0043988,0.014663,0.029814,0.044477,0.059629,0.069892,0.084555,0.094819,0.11486,0.12463,0.1349,0.13978,0.13978,0.12952,0.11486,0.099707,0.079668,0.064516,0.044477,0.024438,0.014663,0.0097752,-0.00048876,-0.0053763,-0.010264,-0.010264,-0.020528,-0.025415,-0.030303,-0.035191,-0.035191,-0.040567,-0.040567,-0.035191,-0.035191,-0.030303,-0.030303,-0.025415,-0.020528,-0.020528,-0.015152,-0.015152,-0.015152,-0.015152,-0.0053763,0.0043988,0.024438,0.034702,0.044477,0.049853,0.054741,0.054741,0.049853,0.034702,0.024438,0.0043988,-0.015152,-0.025415,-0.030303,-0.025415,-0.020528,-0.015152,-0.020528,0.01955,0.1349,0.35973,0.66031,0.8651,0.78543,0.44477,0.11486,-0.035191,-0.060606,-0.065494,-0.065494,-0.070381,-0.070381,-0.065494,-0.060606,-0.060606,-0.05523,-0.05523,-0.050342,-0.050342,-0.045455,-0.040567,-0.035191,-0.030303,-0.015152,-0.010264,0.0043988,0.0097752,0.024438,0.029814,0.044477,0.054741,0.064516,0.07478,0.079668,0.094819,0.10948,0.11975,0.1349,0.14467,0.15494,0.15982,0.14956,0.1349,0.11975,0.10948,0.094819,0.07478,0.064516,0.054741,0.049853,0.039589,0.034702,0.029814,0.024438,0.024438,0.024438,0.024438,0.024438,0.014663,0.014663,0.0097752,0.0097752,0.014663,0.014663,0.014663,0.024438,0.029814,0.024438,0.024438,0.01955,0.014663,0.014663,0.014663,0.01955,0.024438,0.034702,0.049853,0.054741,0.049853,0.049853,0.049853,0.039589,0.029814,0.014663,-0.0053763,-0.030303,-0.050342,-0.060606,-0.060606,-0.05523,-0.050342,-0.045455,-0.00048876,0.12463,0.34995,0.64516,0.85044,0.7654,0.43011,0.10459,-0.040567,-0.070381,-0.075269,-0.085533,-0.09042,-0.095308,-0.1002,-0.1002,-0.1002,-0.1002,-0.1002,-0.095308,-0.085533,-0.080645,-0.070381,-0.05523,-0.045455,-0.030303,-0.020528,-0.010264,-0.00048876,0.0097752,0.01955,0.029814,0.039589,0.049853,0.064516,0.07478,0.079668,0.094819,0.10459,0.11486,0.12463,0.12952,0.1349,0.1349,0.12463,0.10948,0.094819,0.079668,0.064516,0.049853,0.039589,0.029814,0.024438,0.014663,0.0097752,0.0043988,-0.00048876,-0.0053763,-0.010264,-0.010264,-0.015152,-0.015152,-0.020528,-0.020528,-0.020528,-0.020528,-0.015152,-0.015152,-0.020528,-0.020528,-0.020528,-0.020528,-0.020528,-0.020528,-0.015152,-0.010264,-0.00048876,0.014663,0.024438,0.029814,0.034702,0.044477,0.044477,0.034702,0.01955,-0.00048876,-0.020528,-0.035191,-0.040567,-0.040567,-0.040567,-0.040567,-0.040567,-0.015152,0.07478,0.26979,0.55523,0.79521,0.83529,0.50489,0.15494,-0.035191,-0.075269,-0.080645,-0.080645,-0.085533,-0.085533,-0.085533,-0.085533,-0.080645,-0.080645,-0.080645,-0.075269,-0.075269,-0.065494,-0.060606,-0.050342,-0.040567,-0.035191,-0.025415,-0.015152,-0.010264,0.0043988,0.014663,0.024438,0.034702,0.049853,0.059629,0.069892,0.084555,0.094819,0.10459,0.11486,0.12952,0.13978,0.13978,0.1349,0.12463,0.11486,0.094819,0.079668,0.064516,0.049853,0.039589,0.029814,0.014663,0.0043988,-0.00048876,-0.0053763,-0.010264,-0.010264,-0.015152,-0.015152,-0.015152,-0.015152,-0.015152,-0.015152,-0.015152,-0.015152,-0.015152,-0.020528,-0.020528,-0.020528,-0.020528,-0.015152,-0.015152,-0.010264,-0.010264,-0.00048876,0.0097752,0.024438,0.034702,0.039589,0.039589,0.044477,0.054741,0.049853,0.044477,0.024438,0.0043988,-0.015152,-0.025415,-0.030303,-0.030303,-0.025415,-0.030303,-0.020528,0.034702,0.1696,0.41496,0.70528,0.85044,0.68524,0.31965,0.039589,-0.060606,-0.070381,-0.075269,-0.080645,-0.080645,-0.085533,-0.080645,-0.080645,-0.075269,-0.075269,-0.065494,-0.065494,-0.060606,-0.05523,-0.050342,-0.045455,-0.035191,-0.030303,-0.015152,-0.010264,-0.00048876,0.0043988,0.014663,0.024438,0.039589,0.054741,0.069892,0.079668,0.094819,0.10948,0.11975,0.12952,0.13978,0.14467,0.14467,0.1349,0.11486,0.094819,0.079668,0.059629,0.044477,0.029814,0.024438,0.014663,0.0043988,-0.00048876,-0.00048876,-0.0053763,-0.010264,-0.010264,-0.010264,-0.015152,-0.020528,-0.020528,-0.020528,-0.020528,-0.020528,-0.025415,-0.020528,-0.020528,-0.025415,-0.025415,-0.020528,-0.020528,-0.020528,-0.020528,-0.015152,-0.010264,-0.00048876,0.014663,0.024438,0.029814,0.034702,0.039589,0.044477,0.034702,0.024438,0.0097752,-0.010264,-0.030303,-0.040567,-0.040567,-0.040567,-0.035191,-0.035191,-0.025415,0.039589,0.17498,0.41984,0.70039,0.82014,0.65005,0.29472,0.029814,-0.065494,-0.075269,-0.080645,-0.080645,-0.085533,-0.085533,-0.085533,-0.080645,-0.080645,-0.080645,-0.075269,-0.070381,-0.065494,-0.060606,-0.050342,-0.040567,-0.035191,-0.025415,-0.020528,-0.010264,-0.00048876,0.0097752,0.014663,0.024438,0.034702,0.049853,0.064516,0.07478,0.089932,0.10459,0.11975,0.1349,0.13978,0.14467,0.14956,0.13978,0.12952,0.11486,0.099707,0.079668,0.069892,0.054741,0.044477,0.034702,0.024438,0.01955,0.014663,0.0097752,0.0043988,0.0043988,0.0043988,-0.00048876,-0.00048876,-0.0053763,-0.0053763,-0.010264,-0.010264,-0.010264,-0.0053763,-0.00048876,-0.00048876,-0.00048876,-0.00048876,-0.00048876,-0.00048876,-0.00048876,-0.00048876,0.0043988,0.0097752,0.024438,0.029814,0.039589,0.044477,0.054741,0.064516,0.054741,0.049853,0.034702,0.01955,-0.00048876,-0.015152,-0.015152,-0.015152,-0.015152,-0.020528,-0.010264,0.059629,0.21994,0.47507,0.76002,0.86022,0.65494,0.28983,0.029814,-0.05523,-0.060606,-0.065494,-0.075269,-0.075269,-0.075269,-0.075269,-0.070381,-0.065494,-0.065494,-0.060606,-0.05523,-0.05523,-0.050342,-0.045455,-0.035191,-0.030303,-0.020528,-0.015152,-0.010264,-0.00048876,0.0097752,0.024438,0.034702,0.049853,0.054741,0.064516,0.07478,0.089932,0.10459,0.11975,0.12463,0.1349,0.14467,0.14467,0.13978,0.12952,0.11486,0.094819,0.079668,0.069892,0.054741,0.044477,0.029814,0.01955,0.0097752,0.0043988,-0.00048876,-0.010264,-0.010264,-0.010264,-0.015152,-0.015152,-0.015152,-0.015152,-0.020528,-0.020528,-0.020528,-0.025415,-0.025415,-0.025415,-0.030303,-0.030303,-0.025415,-0.020528,-0.020528,-0.020528,-0.010264,0.0097752,0.024438,0.029814,0.029814,0.039589,0.044477,0.049853,0.034702,0.024438,0.0043988,-0.015152,-0.030303,-0.040567,-0.040567,-0.035191,-0.035191,-0.035191,0.014663,0.13978,0.35973,0.65005,0.82502,0.71994,0.37977,0.064516,-0.070381,-0.085533,-0.085533,-0.09042,-0.095308,-0.095308,-0.095308,-0.095308,-0.09042,-0.085533,-0.085533,-0.080645,-0.080645,-0.075269,-0.060606,-0.050342,-0.040567,-0.035191,-0.030303,-0.015152,-0.010264,-0.00048876,0.0097752,0.01955,0.034702,0.049853,0.059629,0.069892,0.079668,0.089932,0.10459,0.11975,0.12463,0.1349,0.1349,0.12952,0.12463,0.11486,0.094819,0.079668,0.064516,0.044477,0.029814,0.024438,0.014663,0.0097752,-0.00048876,-0.0053763,-0.010264,-0.015152,-0.025415,-0.030303,-0.030303,-0.035191,-0.035191,-0.035191,-0.035191,-0.035191,-0.030303,-0.030303,-0.030303,-0.025415,-0.025415,-0.025415,-0.020528,-0.020528,-0.015152,-0.0053763,0.0097752,0.029814,0.034702,0.034702,0.044477,0.049853,0.044477,0.029814,0.014663,-0.00048876,-0.020528,-0.040567,-0.050342,-0.050342,-0.045455,-0.040567,-0.050342,-0.015152,0.094819,0.3001,0.58993,0.8001,0.81036,0.41984,0.089932,-0.065494,-0.085533,-0.09042,-0.095308,-0.095308,-0.1002,-0.1002,-0.095308,-0.09042,-0.085533,-0.085533,-0.080645,-0.080645,-0.075269,-0.065494,-0.05523,-0.045455,-0.035191,-0.030303,-0.020528,-0.010264,-0.00048876,0.0097752,0.024438,0.034702,0.044477,0.054741,0.069892,0.07478,0.089932,0.10459,0.11975,0.12463,0.1349,0.1349,0.13978,0.12463,0.11486,0.094819,0.079668,0.064516,0.049853,0.034702,0.029814,0.01955,0.0097752,-0.00048876,-0.010264,-0.015152,-0.015152,-0.020528,-0.020528,-0.025415,-0.030303,-0.030303,-0.030303,-0.030303,-0.035191,-0.030303,-0.030303,-0.030303,-0.030303,-0.030303,-0.025415,-0.020528,-0.020528,-0.020528,-0.020528,-0.0053763,0.0097752,0.01955,0.024438,0.024438,0.034702,0.039589,0.029814,0.01955,0.0043988,-0.010264,-0.025415,-0.035191,-0.035191,-0.040567,-0.035191,-0.040567,-0.020528,0.049853,0.20968,0.47019,0.74536,0.82014,0.58504,0.22483,-0.0053763,-0.070381,-0.075269,-0.080645,-0.085533,-0.09042,-0.085533,-0.085533,-0.085533,-0.085533,-0.080645,-0.075269,-0.075269,-0.065494,-0.060606,-0.05523,-0.050342,-0.040567,-0.030303,-0.020528,-0.015152,-0.00048876,0.0097752,0.01955,0.029814,0.039589,0.049853,0.064516,0.07478,0.089932,0.099707,0.11486,0.12463,0.1349,0.13978,0.1349,0.12463,0.10948,0.094819,0.079668,0.069892,0.054741,0.044477,0.029814,0.024438,0.014663,0.0097752,0.0043988,-0.00048876,-0.0053763,-0.010264,-0.010264,-0.015152,-0.015152,-0.020528,-0.025415,-0.025415,-0.025415,-0.020528,-0.020528,-0.020528,-0.020528,-0.020528,-0.015152,-0.015152,-0.015152,-0.010264,-0.010264,-0.00048876,0.014663,0.024438,0.029814,0.024438,0.029814,0.034702,0.024438,0.0097752,-0.0053763,-0.025415,-0.050342,-0.065494,-0.070381,-0.065494,-0.065494,-0.060606,-0.065494,-0.020528,0.099707,0.31476,0.60508,0.8001,0.71505,0.38514,0.064516,-0.075269,-0.09042,-0.09042,-0.095308,-0.1002,-0.10557,-0.10557,-0.10557,-0.10557,-0.10557,-0.1002,-0.1002,-0.095308,-0.09042,-0.080645,-0.075269,-0.070381,-0.065494,-0.05523,-0.05523,-0.070381,-0.095308,-0.11046,-0.11535,-0.10557,-0.070381,-0.025415,-0.00048876,0.01955,0.044477,0.07478,0.10459,0.11975,0.1349,0.13978,0.14467,0.14956,0.14467,0.1349,0.12463,0.11975,0.10948,0.10459,0.099707,0.094819,0.089932,0.079668,0.069892,0.064516,0.054741,0.044477,0.029814,0.01955,0.0097752,0.0097752,0.0097752,0.0043988,0.0043988,0.0097752,0.0043988,0.0043988,-0.00048876,-0.00048876,-0.00048876,0.0043988,0.0043988,0.0043988,0.0043988,0.0097752,0.01955,0.024438,0.024438,0.024438,0.029814,0.029814,0.01955,0.0097752,-0.010264,-0.030303,-0.045455,-0.050342,-0.050342,-0.040567,-0.040567,-0.045455,-0.00048876,0.11975,0.3348,0.61486,0.80499,0.71505,0.37977,0.064516,-0.085533,-0.11535,-0.12023,-0.12023,-0.12023,-0.12023,-0.12023,-0.11046,-0.10557,-0.10557,-0.1002,-0.10557,-0.095308,-0.070381,-0.05523,-0.060606,-0.065494,-0.070381,-0.075269,-0.065494,-0.060606,-0.05523,-0.040567,-0.015152,-0.00048876,0.014663,0.024438,0.044477,0.064516,0.069892,0.079668,0.089932,0.094819,0.094819,0.099707,0.089932,0.089932,0.079668,0.064516,0.044477,0.029814,0.01955,0.0097752,0.0043988,-0.00048876,-0.010264,-0.015152,-0.020528,-0.025415,-0.030303,-0.035191,-0.040567,-0.040567,-0.050342,-0.050342,-0.045455,-0.045455,-0.045455,-0.045455,-0.045455,-0.040567,-0.040567,-0.035191,-0.035191,-0.035191,-0.025415,-0.015152,0.0043988,0.014663,0.01955,0.024438,0.029814,0.034702,0.039589,0.024438,0.0097752,-0.0053763,-0.025415,-0.035191,-0.045455,-0.045455,-0.040567,-0.040567,-0.040567,-0.015152,0.079668,0.27468,0.55523,0.79032,0.82014,0.47507,0.1349,-0.045455,-0.075269,-0.080645,-0.085533,-0.09042,-0.09042,-0.095308,-0.09042,-0.085533,-0.080645,-0.075269,-0.070381,-0.065494,-0.060606,-0.050342,-0.040567,-0.035191,-0.035191,-0.035191,-0.035191,-0.020528,-0.00048876,0.0097752,0.014663,0.029814,0.039589,0.059629,0.069892,0.084555,0.094819,0.099707,0.099707,0.11975,0.1349,0.13978,0.14467,0.13978,0.12463,0.11486,0.094819,0.07478,0.059629,0.054741,0.044477,0.029814,0.014663,0.0097752,0.0097752,0.0043988,-0.00048876,-0.0053763,-0.010264,-0.010264,-0.010264,-0.010264,-0.015152,-0.010264,-0.010264,-0.015152,-0.015152,-0.010264,-0.010264,-0.010264,-0.010264,-0.010264,-0.010264,-0.010264,0.0043988,0.024438,0.039589,0.044477,0.049853,0.054741,0.064516,0.054741,0.044477,0.034702,0.01955,-0.00048876,-0.015152,-0.020528,-0.020528,-0.010264,-0.010264,-0.010264,0.01955,0.12463,0.33969,0.6349,0.85533,0.8651,0.47507,0.14467,-0.020528,-0.045455,-0.045455,-0.050342,-0.05523,-0.05523,-0.050342,-0.050342,-0.045455,-0.040567,-0.040567,-0.035191,-0.035191,-0.030303,-0.020528,-0.015152,-0.0053763,-0.00048876,0.0043988,0.014663,0.024438,0.029814,0.044477,0.049853,0.064516,0.07478,0.089932,0.10459,0.11486,0.12952,0.14467,0.15494,0.16471,0.17498,0.17986,0.17498,0.16471,0.14956,0.1349,0.11486,0.099707,0.084555,0.07478,0.064516,0.054741,0.049853,0.039589,0.034702,0.029814,0.029814,0.024438,0.024438,0.024438,0.024438,0.01955,0.01955,0.01955,0.014663,0.014663,0.014663,0.014663,0.0097752,0.0097752,0.0043988,0.0043988,0.0097752,0.0097752,0.014663,0.029814,0.049853,0.054741,0.064516,0.069892,0.07478,0.079668,0.07478,0.069892,0.054741,0.034702,0.014663,0.0043988,-0.00048876,-0.00048876,0.0043988,-0.00048876,0.014663,0.094819,0.26491,0.53519,0.81525,0.89541,0.64516,0.28006,0.034702,-0.040567,-0.05523,-0.060606,-0.065494,-0.075269,-0.075269,-0.075269,-0.080645,-0.080645,-0.080645,-0.070381,-0.060606,-0.060606,-0.05523,-0.040567,-0.030303,-0.020528,-0.015152,-0.010264,-0.00048876,0.014663,0.024438,0.034702,0.049853,0.064516,0.07478,0.084555,0.094819,0.10948,0.11975,0.12952,0.13978,0.14467,0.14467,0.13978,0.12952,0.11975,0.10459,0.089932,0.07478,0.064516,0.049853,0.039589,0.029814,0.024438,0.01955,0.014663,0.0097752,-0.00048876,-0.00048876,-0.00048876,-0.00048876,-0.0053763,-0.010264,-0.0053763,-0.010264,-0.010264,-0.010264,-0.010264,-0.010264,-0.0053763,-0.0053763,-0.00048876,-0.00048876,-0.00048876,0.0043988,0.014663,0.024438,0.034702,0.044477,0.049853,0.054741,0.059629,0.054741,0.044477,0.029814,0.0097752,-0.010264,-0.025415,-0.030303,-0.030303,-0.030303,-0.025415,-0.030303,0.0043988,0.10459,0.30499,0.59531,0.82014,0.84018,0.46481,0.12463,-0.050342,-0.085533,-0.085533,-0.095308,-0.095308,-0.1002,-0.1002,-0.1002,-0.1002,-0.1002,-0.1002,-0.095308,-0.09042,-0.085533,-0.085533,-0.080645,-0.070381,-0.060606,-0.050342,-0.040567,-0.030303,-0.020528,-0.010264,0.0043988,0.014663,0.024438,0.034702,0.049853,0.059629,0.07478,0.089932,0.099707,0.11486,0.11975,0.12463,0.11975,0.10948,0.094819,0.079668,0.064516,0.049853,0.034702,0.014663,0.0043988,-0.0053763,-0.010264,-0.015152,-0.025415,-0.030303,-0.035191,-0.035191,-0.035191,-0.030303,-0.035191,-0.035191,-0.035191,-0.035191,-0.035191,-0.035191,-0.035191,-0.035191,-0.035191,-0.035191,-0.035191,-0.035191,-0.030303,-0.020528,-0.010264,0.0043988,0.024438,0.029814,0.029814,0.034702,0.044477,0.039589,0.029814,0.01955,-0.00048876,-0.020528,-0.035191,-0.040567,-0.040567,-0.035191,-0.035191,-0.035191,-0.0053763,0.10459,0.31965,0.61486,0.8304,0.84018,0.44477,0.11486,-0.045455,-0.075269,-0.080645,-0.09042,-0.095308,-0.09042,-0.085533,-0.085533,-0.085533,-0.080645,-0.080645,-0.080645,-0.075269,-0.070381,-0.060606,-0.05523,-0.050342,-0.040567,-0.030303,-0.015152,-0.0053763,0.0043988,0.014663,0.029814,0.044477,0.059629,0.069892,0.084555,0.10459,0.11975,0.1349,0.15494,0.16471,0.1696,0.17498,0.17498,0.16471,0.14467,0.12463,0.10948,0.094819,0.084555,0.07478,0.064516,0.054741,0.049853,0.044477,0.039589,0.034702,0.029814,0.024438,0.014663,0.014663,0.014663,0.0097752,0.0043988,0.0043988,0.0043988,0.0043988,0.0043988,0.0043988,0.0043988,0.0043988,0.0043988,-0.00048876,-0.0053763,-0.00048876,0.0043988,0.01955,0.034702,0.049853,0.059629,0.064516,0.069892,0.07478,0.069892,0.064516,0.049853,0.029814,0.0097752,-0.00048876,-0.010264,-0.015152,-0.010264,-0.015152,-0.015152,0.029814,0.14467,0.3651,0.65494,0.84018,0.73509,0.39492,0.084555,-0.045455,-0.060606,-0.060606,-0.065494,-0.070381,-0.075269,-0.075269,-0.075269,-0.070381,-0.065494,-0.065494,-0.060606,-0.060606,-0.05523,-0.050342,-0.040567,-0.035191,-0.030303,-0.020528,-0.0053763,0.0043988,0.0097752,0.014663,0.029814,0.044477,0.054741,0.069892,0.084555,0.094819,0.10948,0.12952,0.13978,0.15494,0.15982,0.16471,0.15982,0.14956,0.1349,0.11486,0.099707,0.079668,0.07478,0.064516,0.054741,0.044477,0.034702,0.029814,0.024438,0.014663,0.014663,0.0097752,0.0097752,0.0043988,-0.0053763,-0.0053763,-0.010264,-0.015152,-0.015152,-0.015152,-0.010264,-0.010264,-0.0053763,-0.0053763,-0.00048876,-0.00048876,0.0043988,0.0043988,0.0097752,0.024438,0.034702,0.044477,0.049853,0.054741,0.064516,0.069892,0.064516,0.054741,0.044477,0.029814,0.014663,-0.00048876,-0.010264,-0.010264,-0.00048876,0.0043988,-0.00048876,0.039589,0.15982,0.38514,0.68524,0.88514,0.79521,0.45503,0.12463,-0.025415,-0.045455,-0.050342,-0.05523,-0.060606,-0.060606,-0.060606,-0.05523,-0.050342,-0.050342,-0.045455,-0.040567,-0.035191,-0.030303,-0.020528,-0.015152,-0.010264,-0.00048876,0.0043988,0.0097752,0.024438,0.034702,0.044477,0.049853,0.064516,0.07478,0.089932,0.099707,0.10459,0.11486,0.12463,0.13978,0.15494,0.15982,0.15982,0.15494,0.14467,0.1349,0.11486,0.099707,0.079668,0.064516,0.054741,0.044477,0.044477,0.034702,0.029814,0.024438,0.014663,0.0097752,0.0043988,-0.00048876,-0.00048876,-0.00048876,-0.0053763,-0.010264,-0.010264,-0.010264,-0.010264,-0.0053763,-0.010264,-0.010264,-0.015152,-0.015152,-0.015152,-0.015152,-0.015152,-0.010264,-0.010264,0.0043988,0.01955,0.029814,0.034702,0.034702,0.039589,0.044477,0.039589,0.029814,0.0097752,-0.010264,-0.025415,-0.035191,-0.035191,-0.035191,-0.030303,-0.030303,-0.015152,0.064516,0.2346,0.5,0.7654,0.8304,0.58504,0.22972,0.0043988,-0.065494,-0.065494,-0.075269,-0.075269,-0.080645,-0.080645,-0.075269,-0.075269,-0.065494,-0.060606,-0.05523,-0.050342,-0.040567,-0.035191,-0.025415,-0.020528,-0.010264,-0.00048876,0.0097752,0.01955,0.029814,0.039589,0.049853,0.059629,0.069892,0.079668,0.089932,0.099707,0.10948,0.11975,0.1349,0.14467,0.15494,0.15982,0.15982,0.15982,0.14956,0.1349,0.11975,0.10948,0.094819,0.079668,0.069892,0.064516,0.054741,0.049853,0.039589,0.034702,0.029814,0.024438,0.01955,0.014663,0.0097752,0.0043988,0.0043988,-0.00048876,-0.00048876,-0.0053763,-0.010264,-0.010264,-0.010264,-0.010264,-0.010264,-0.010264,-0.0053763,-0.0053763,-0.0053763,-0.00048876,0.0097752,0.024438,0.029814,0.034702,0.039589,0.044477,0.049853,0.039589,0.029814,0.014663,-0.0053763,-0.020528,-0.030303,-0.035191,-0.030303,-0.025415,-0.030303,-0.025415,0.034702,0.17986,0.43011,0.71505,0.83529,0.65494,0.29472,0.024438,-0.060606,-0.065494,-0.075269,-0.075269,-0.075269,-0.075269,-0.075269,-0.075269,-0.070381,-0.065494,-0.060606,-0.05523,-0.050342,-0.045455,-0.040567,-0.030303,-0.025415,-0.020528,-0.010264,-0.00048876,0.0097752,0.01955,0.024438,0.029814,0.034702,0.049853,0.069892,0.079668,0.094819,0.099707,0.11486,0.12463,0.1349,0.13978,0.13978,0.1349,0.12463,0.11486,0.099707,0.084555,0.069892,0.054741,0.039589,0.024438,0.014663,0.014663,0.0043988,-0.00048876,-0.0053763,-0.010264,-0.015152,-0.015152,-0.020528,-0.020528,-0.020528,-0.015152,-0.020528,-0.020528,-0.015152,-0.015152,-0.015152,-0.015152,-0.010264,-0.010264,-0.010264,-0.00048876,-0.0053763,-0.00048876,0.0043988,0.01955,0.029814,0.039589,0.044477,0.049853,0.054741,0.059629,0.044477,0.034702,0.01955,-0.00048876,-0.020528,-0.030303,-0.030303,-0.030303,-0.025415,-0.030303,-0.010264,0.069892,0.23998,0.50489,0.76002,0.82014,0.54008,0.18964,-0.020528,-0.075269,-0.075269,-0.085533,-0.09042,-0.095308,-0.095308,-0.095308,-0.09042,-0.085533,-0.080645,-0.080645,-0.075269,-0.075269,-0.065494,-0.060606,-0.05523,-0.045455,-0.040567,-0.030303,-0.020528,-0.015152,-0.0053763,0.0043988,0.01955,0.034702,0.044477,0.054741,0.064516,0.07478,0.084555,0.10459,0.11975,0.12952,0.1349,0.1349,0.12952,0.11486,0.099707,0.089932,0.07478,0.059629,0.049853,0.044477,0.034702,0.029814,0.029814,0.024438,0.014663,0.0043988,-0.00048876,-0.0053763,-0.010264,-0.015152,-0.015152,-0.015152,-0.015152,-0.015152,-0.015152,-0.020528,-0.020528,-0.015152,-0.015152,-0.015152,-0.015152,-0.015152,-0.015152,-0.015152,-0.010264,-0.00048876,0.0097752,0.024438,0.029814,0.034702,0.044477,0.049853,0.054741,0.039589,0.029814,0.0097752,-0.010264,-0.025415,-0.035191,-0.035191,-0.030303,-0.025415,-0.030303,-0.00048876,0.099707,0.28983,0.565,0.79521,0.8304,0.49511,0.14956,-0.035191,-0.070381,-0.065494,-0.075269,-0.075269,-0.075269,-0.075269,-0.075269,-0.070381,-0.065494,-0.060606,-0.060606,-0.05523,-0.045455,-0.040567,-0.035191,-0.025415,-0.015152,-0.0053763,0.0043988,0.014663,0.01955,0.029814,0.034702,0.049853,0.059629,0.064516,0.07478,0.084555,0.099707,0.11486,0.12463,0.13978,0.14467,0.15494,0.15494,0.13978,0.12463,0.11486,0.10459,0.089932,0.07478,0.059629,0.049853,0.044477,0.034702,0.029814,0.01955,0.014663,0.0097752,0.0097752,0.0043988,-0.00048876,-0.00048876,-0.00048876,-0.0053763,-0.010264,-0.0053763,-0.00048876,-0.00048876,-0.00048876,-0.00048876,-0.00048876,0.0043988,0.0043988,0.0043988,0.0097752,0.0097752,0.0097752,0.014663,0.029814,0.044477,0.049853,0.049853,0.054741,0.059629,0.064516,0.054741,0.039589,0.01955,-0.00048876,-0.015152,-0.020528,-0.020528,-0.015152,-0.015152,-0.015152,0.034702,0.16471,0.39003,0.67009,0.84506,0.73998,0.3998,0.084555,-0.050342,-0.065494,-0.070381,-0.075269,-0.080645,-0.080645,-0.080645,-0.080645,-0.080645,-0.075269,-0.070381,-0.065494,-0.060606,-0.05523,-0.050342,-0.045455,-0.040567,-0.035191,-0.030303,-0.020528,-0.010264,0.0043988,0.014663,0.024438,0.029814,0.039589,0.049853,0.064516,0.069892,0.079668,0.089932,0.099707,0.11486,0.11975,0.11975,0.11975,0.10948,0.099707,0.089932,0.07478,0.059629,0.044477,0.029814,0.024438,0.014663,0.0097752,-0.00048876,-0.00048876,-0.0053763,-0.010264,-0.015152,-0.020528,-0.020528,-0.020528,-0.020528,-0.020528,-0.020528,-0.020528,-0.020528,-0.020528,-0.020528,-0.020528,-0.020528,-0.020528,-0.020528,-0.020528,-0.015152,-0.010264,-0.00048876,0.014663,0.029814,0.034702,0.034702,0.049853,0.054741,0.049853,0.039589,0.029814,0.0097752,-0.010264,-0.020528,-0.030303,-0.025415,-0.020528,-0.025415,-0.030303,0.024438,0.14467,0.37488,0.66031,0.83529,0.71505,0.3651,0.064516,-0.060606,-0.075269,-0.075269,-0.080645,-0.080645,-0.080645,-0.080645,-0.085533,-0.085533,-0.085533,-0.095308,-0.095308,-0.1002,-0.1002,-0.095308,-0.085533,-0.080645,-0.075269,-0.065494,-0.060606,-0.050342,-0.040567,-0.025415,-0.010264,-0.00048876,0.0097752,0.024438,0.034702,0.044477,0.054741,0.069892,0.079668,0.089932,0.099707,0.10459,0.099707,0.089932,0.07478,0.054741,0.034702,0.01955,0.0043988,-0.0053763,-0.015152,-0.020528,-0.030303,-0.035191,-0.040567,-0.040567,-0.045455,-0.045455,-0.045455,-0.040567,-0.045455,-0.040567,-0.040567,-0.040567,-0.035191,-0.035191,-0.035191,-0.035191,-0.035191,-0.030303,-0.030303,-0.030303,-0.020528,-0.020528,-0.015152,-0.0053763,0.0097752,0.029814,0.039589,0.044477,0.049853,0.054741,0.054741,0.044477,0.034702,0.01955,-0.00048876,-0.015152,-0.030303,-0.030303,-0.025415,-0.020528,-0.020528,0.014663,0.10948,0.30499,0.58016,0.80499,0.8304,0.47507,0.14467,-0.030303,-0.060606,-0.060606,-0.065494,-0.070381,-0.075269,-0.075269,-0.070381,-0.070381,-0.065494,-0.060606,-0.05523,-0.050342,-0.040567,-0.035191,-0.030303,-0.025415,-0.020528,-0.015152,-0.0053763,0.0043988,0.0097752,0.01955,0.029814,0.044477,0.059629,0.07478,0.079668,0.094819,0.10948,0.11975,0.1349,0.14467,0.14956,0.15494,0.14956,0.13978,0.12952,0.10948,0.094819,0.07478,0.059629,0.044477,0.034702,0.024438,0.014663,0.0097752,0.0043988,-0.00048876,-0.0053763,-0.010264,-0.015152,-0.020528,-0.025415,-0.030303,-0.035191,-0.035191,-0.040567,-0.045455,-0.050342,-0.05523,-0.060606,-0.065494,-0.080645,-0.085533,-0.095308,-0.10557,-0.10557,-0.1002,-0.14565,-0.15054,-0.1002,-0.070381,-0.060606,-0.050342,-0.040567,-0.020528,-0.015152,-0.010264,-0.010264,-0.015152,-0.025415,-0.030303,-0.030303,-0.025415,-0.030303,-0.020528,0.049853,0.20479,0.45992,0.72532,0.81525,0.60997,0.26002,0.01955,-0.05523,-0.060606,-0.065494,-0.075269,-0.075269,-0.080645,-0.075269,-0.075269,-0.070381,-0.065494,-0.060606,-0.05523,-0.050342,-0.040567,-0.035191,-0.030303,-0.025415,-0.020528,-0.015152,-0.010264,-0.00048876,0.0097752,0.01955,0.029814,0.044477,0.059629,0.07478,0.089932,0.094819,0.10948,0.11975,0.1349,0.13978,0.14467,0.14467,0.14467,0.13978,0.12463,0.10948,0.089932,0.07478,0.059629,0.034702,0.024438,0.0097752,-0.00048876,-0.010264,-0.020528,-0.025415,-0.030303,-0.040567,-0.045455,-0.045455,-0.050342,-0.050342,-0.05523,-0.05523,-0.05523,-0.05523,-0.060606,-0.060606,-0.060606,-0.060606,-0.060606,-0.05523,-0.05523,-0.050342,-0.050342,-0.050342,-0.050342,-0.045455,-0.035191,-0.020528,-0.0053763,-0.00048876,-0.00048876,0.0043988,0.0097752,0.0043988,-0.00048876,-0.015152,-0.035191,-0.050342,-0.060606,-0.060606,-0.060606,-0.060606,-0.065494,-0.060606,-0.0053763,0.12952,0.3651,0.6349,0.78006,0.6349,0.3001,0.014663,-0.1002,-0.11046,-0.11046,-0.11535,-0.12023,-0.12023,-0.12023,-0.11046,-0.10557,-0.10557,-0.1002,-0.095308,-0.09042,-0.080645,-0.075269,-0.065494,-0.060606,-0.05523,-0.045455,-0.035191,-0.025415,-0.015152,-0.010264,0.0043988,0.014663,0.024438,0.034702,0.044477,0.054741,0.064516,0.07478,0.084555,0.089932,0.094819,0.099707,0.094819,0.084555,0.069892,0.054741,0.034702,0.01955,0.0043988,-0.010264,-0.015152,-0.025415,-0.030303,-0.035191,-0.040567,-0.045455,-0.050342,-0.050342,-0.050342,-0.050342,-0.050342,-0.05523,-0.05523,-0.05523,-0.05523,-0.05523,-0.05523,-0.05523,-0.05523,-0.05523,-0.05523,-0.05523,-0.050342,-0.050342,-0.045455,-0.035191,-0.020528,-0.0053763,-0.00048876,0.0043988,0.0097752,0.014663,0.01955,0.0043988,-0.0053763,-0.020528,-0.035191,-0.050342,-0.060606,-0.060606,-0.060606,-0.060606,-0.060606,-0.040567,0.044477,0.22972,0.5,0.73021,0.77517,0.49022,0.14956,-0.045455,-0.1002,-0.1002,-0.10557,-0.10557,-0.11046,-0.11046,-0.11046,-0.11046,-0.10557,-0.1002,-0.095308,-0.085533,-0.080645,-0.075269,-0.065494,-0.060606,-0.05523,-0.040567,-0.035191,-0.030303,-0.015152,-0.010264,-0.00048876,0.0097752,0.024438,0.034702,0.049853,0.059629,0.069892,0.084555,0.094819,0.10459,0.10948,0.11486,0.10948,0.099707,0.089932,0.07478,0.059629,0.044477,0.029814,0.014663,0.0043988,-0.0053763,-0.010264,-0.015152,-0.020528,-0.030303,-0.035191,-0.035191,-0.040567,-0.040567,-0.040567,-0.040567,-0.040567,-0.045455,-0.045455,-0.045455,-0.050342,-0.045455,-0.045455,-0.040567,-0.045455,-0.045455,-0.045455,-0.045455,-0.040567,-0.035191,-0.025415,-0.015152,0.0043988,0.0097752,0.014663,0.024438,0.029814,0.024438,0.014663,0.0043988,-0.015152,-0.035191,-0.05523,-0.060606,-0.060606,-0.060606,-0.060606,-0.065494,-0.030303,0.069892,0.26979,0.54497,0.75024,0.76002,0.41007,0.094819,-0.070381,-0.1002,-0.1002,-0.1002,-0.10557,-0.10557,-0.10557,-0.1002,-0.1002,-0.095308,-0.095308,-0.085533,-0.080645,-0.080645,-0.075269,-0.065494,-0.060606,-0.05523,-0.050342,-0.040567,-0.030303,-0.015152,-0.0053763,0.0043988,0.014663,0.034702,0.049853,0.059629,0.064516,0.07478,0.084555,0.099707,0.11486,0.11975,0.11975,0.11486,0.10459,0.089932,0.07478,0.064516,0.049853,0.039589,0.029814,0.024438,0.014663,0.0043988,-0.00048876,-0.010264,-0.015152,-0.020528,-0.020528,-0.015152,-0.020528,-0.025415,-0.025415,-0.020528,-0.020528,-0.020528,-0.020528,-0.025415,-0.025415,-0.025415,-0.025415,-0.030303,-0.030303,-0.030303,-0.025415,-0.020528,-0.015152,-0.00048876,0.0097752,0.01955,0.024438,0.029814,0.029814,0.034702,0.024438,0.014663,0.0097752,-0.0053763,-0.020528,-0.030303,-0.035191,-0.035191,-0.035191,-0.035191,-0.025415,0.034702,0.16471,0.39492,0.67009,0.80499,0.65005,0.30987,0.034702,-0.070381,-0.080645,-0.085533,-0.095308,-0.095308,-0.095308,-0.095308,-0.085533,-0.080645,-0.075269,-0.070381,-0.065494,-0.065494,-0.060606,-0.05523,-0.045455,-0.035191,-0.020528,-0.015152,-0.0053763,-0.00048876,0.0097752,0.024438,0.034702,0.044477,0.049853,0.059629,0.069892,0.079668,0.089932,0.10459,0.11486,0.11975,0.12463,0.12463,0.12463,0.11486,0.10459,0.089932,0.07478,0.064516,0.054741,0.044477,0.029814,0.01955,0.014663,0.0097752,0.0043988,-0.0053763,-0.010264,-0.010264,-0.010264,-0.015152,-0.015152,-0.015152,-0.020528,-0.020528,-0.015152,-0.010264,-0.010264,-0.010264,-0.015152,-0.020528,-0.020528,-0.015152,-0.015152,-0.010264,-0.00048876,0.0097752,0.01955,0.029814,0.034702,0.034702,0.034702,0.044477,0.034702,0.029814,0.014663,-0.0053763,-0.030303,-0.045455,-0.050342,-0.045455,-0.040567,-0.040567,-0.025415,0.044477,0.20968,0.45992,0.71505,0.78543,0.565,0.21994,-0.020528,-0.09042,-0.09042,-0.085533,-0.095308,-0.095308,-0.1002,-0.095308,-0.095308,-0.095308,-0.095308,-0.09042,-0.085533,-0.080645,-0.075269,-0.070381,-0.060606,-0.050342,-0.040567,-0.035191,-0.025415,-0.015152,-0.0053763,0.0043988,0.014663,0.029814,0.044477,0.054741,0.064516,0.07478,0.084555,0.099707,0.11486,0.11975,0.12463,0.12463,0.11975,0.10948,0.099707,0.079668,0.064516,0.044477,0.024438,0.0097752,0.0043988,-0.00048876,-0.010264,-0.015152,-0.020528,-0.030303,-0.035191,-0.035191,-0.035191,-0.035191,-0.035191,-0.035191,-0.030303,-0.030303,-0.030303,-0.030303,-0.030303,-0.030303,-0.025415,-0.025415,-0.025415,-0.025415,-0.020528,-0.020528,-0.015152,-0.00048876,0.0097752,0.014663,0.01955,0.024438,0.034702,0.029814,0.014663,0.0043988,-0.010264,-0.020528,-0.035191,-0.040567,-0.045455,-0.040567,-0.040567,-0.040567,-0.010264,0.089932,0.28983,0.565,0.77028,0.78006,0.40469,0.084555,-0.070381,-0.1002,-0.095308,-0.1002,-0.1002,-0.1002,-0.1002,-0.1002,-0.095308,-0.095308,-0.09042,-0.085533,-0.075269,-0.070381,-0.065494,-0.065494,-0.060606,-0.05523,-0.045455,-0.035191,-0.020528,-0.010264,0.0043988,0.014663,0.024438,0.039589,0.054741,0.069892,0.084555,0.099707,0.11486,0.12463,0.1349,0.13978,0.14467,0.13978,0.1349,0.11975,0.10948,0.089932,0.069892,0.054741,0.044477,0.034702,0.029814,0.024438,0.014663,0.0097752,0.0043988,-0.00048876,-0.00048876,-0.0053763,-0.0053763,-0.0053763,-0.010264,-0.010264,-0.010264,-0.015152,-0.015152,-0.010264,-0.010264,-0.010264,-0.010264,-0.010264,-0.010264,-0.010264,-0.010264,-0.010264,-0.00048876,0.014663,0.029814,0.034702,0.034702,0.044477,0.049853,0.044477,0.029814,0.014663,-0.0053763,-0.020528,-0.035191,-0.040567,-0.040567,-0.040567,-0.045455,-0.040567,0.0043988,0.12463,0.34995,0.63001,0.78543,0.66031,0.32991,0.039589,-0.075269,-0.09042,-0.085533,-0.085533,-0.085533,-0.085533,-0.085533,-0.080645,-0.075269,-0.070381,-0.065494,-0.060606,-0.060606,-0.05523,-0.050342,-0.050342,-0.045455,-0.040567,-0.030303,-0.020528,-0.015152,-0.0053763,-0.00048876,0.0097752,0.024438,0.039589,0.049853,0.069892,0.079668,0.094819,0.10948,0.11975,0.1349,0.13978,0.13978,0.1349,0.11975,0.10459,0.089932,0.069892,0.049853,0.034702,0.024438,0.0097752,0.0043988,-0.00048876,-0.010264,-0.010264,-0.015152,-0.015152,-0.015152,-0.015152,-0.015152,-0.015152,-0.015152,-0.015152,-0.010264,-0.010264,-0.010264,-0.010264,-0.010264,-0.0053763,-0.00048876,-0.00048876,-0.00048876,-0.00048876,-0.00048876,0.0043988,0.01955,0.029814,0.044477,0.049853,0.049853,0.054741,0.059629,0.054741,0.044477,0.029814,0.0097752,-0.010264,-0.020528,-0.020528,-0.020528,-0.015152,-0.020528,-0.010264,0.054741,0.20479,0.45992,0.73509,0.82014,0.60997,0.26002,0.014663,-0.065494,-0.070381,-0.075269,-0.080645,-0.080645,-0.080645,-0.080645,-0.080645,-0.075269,-0.075269,-0.065494,-0.060606,-0.05523,-0.045455,-0.040567,-0.030303,-0.020528,-0.015152,-0.010264,0.0043988,0.014663,0.024438,0.034702,0.049853,0.054741,0.069892,0.07478,0.079668,0.094819,0.10459,0.11486,0.12952,0.13978,0.14467,0.14467,0.13978,0.12952,0.11486,0.099707,0.084555,0.069892,0.064516,0.054741,0.049853,0.044477,0.034702,0.024438,0.01955,0.014663,0.0097752,0.0097752,0.0043988,0.0043988,0.0043988,0.0043988,-0.00048876,-0.0053763,-0.0053763,-0.00048876,-0.00048876,-0.00048876,-0.00048876,-0.00048876,-0.00048876,-0.00048876,-0.00048876,0.0097752,0.014663,0.024438,0.034702,0.039589,0.039589,0.044477,0.049853,0.049853,0.044477,0.029814,0.0097752,-0.0053763,-0.020528,-0.025415,-0.020528,-0.020528,-0.020528,-0.025415,0.024438,0.15494,0.38514,0.6652,0.81525,0.69013,0.35973,0.069892,-0.05523,-0.070381,-0.075269,-0.075269,-0.080645,-0.080645,-0.075269,-0.075269,-0.070381,-0.070381,-0.065494,-0.065494,-0.060606,-0.05523,-0.050342,-0.045455,-0.035191,-0.030303,-0.020528,-0.015152,-0.00048876,0.0097752,0.014663,0.029814,0.039589,0.054741,0.064516,0.07478,0.079668,0.089932,0.099707,0.10948,0.11486,0.12463,0.11975,0.11486,0.10948,0.099707,0.089932,0.079668,0.069892,0.054741,0.044477,0.029814,0.024438,0.014663,0.0097752,-0.00048876,-0.0053763,-0.010264,-0.015152,-0.015152,-0.010264,-0.015152,-0.020528,-0.020528,-0.020528,-0.020528,-0.020528,-0.020528,-0.020528,-0.020528,-0.020528,-0.020528,-0.020528,-0.010264,-0.00048876,0.0097752,0.024438,0.029814,0.039589,0.044477,0.054741,0.054741,0.049853,0.034702,0.01955,-0.00048876,-0.020528,-0.030303,-0.030303,-0.030303,-0.025415,-0.030303,-0.020528,0.034702,0.1696,0.41007,0.68035,0.79521,0.62512,0.28495,0.014663,-0.080645,-0.085533,-0.080645,-0.085533,-0.085533,-0.085533,-0.085533,-0.080645,-0.080645,-0.075269,-0.070381,-0.065494,-0.065494,-0.060606,-0.050342,-0.040567,-0.035191,-0.030303,-0.025415,-0.015152,-0.00048876,0.0043988,0.014663,0.024438,0.039589,0.049853,0.064516,0.079668,0.094819,0.10948,0.12463,0.13978,0.14467,0.15494,0.14956,0.13978,0.12463,0.10948,0.089932,0.07478,0.059629,0.049853,0.034702,0.024438,0.014663,0.0097752,0.0097752,0.0043988,-0.00048876,-0.010264,-0.010264,-0.015152,-0.015152,-0.020528,-0.020528,-0.015152,-0.015152,-0.015152,-0.015152,-0.015152,-0.015152,-0.015152,-0.015152,-0.015152,-0.015152,-0.010264,-0.0053763,0.0043988,0.014663,0.029814,0.034702,0.039589,0.044477,0.049853,0.049853,0.044477,0.029814,0.014663,-0.0053763,-0.020528,-0.025415,-0.025415,-0.020528,-0.020528,-0.025415,0.01955,0.13978,0.34995,0.63001,0.8001,0.68524,0.35973,0.059629,-0.065494,-0.080645,-0.085533,-0.085533,-0.085533,-0.09042,-0.09042,-0.075269,-0.075269,-0.080645,-0.080645,-0.080645,-0.080645,-0.080645,-0.075269,-0.075269,-0.065494,-0.060606,-0.05523,-0.050342,-0.050342,-0.040567,-0.030303,-0.020528,-0.015152,-0.00048876,0.0097752,0.014663,0.024438,0.034702,0.049853,0.059629,0.07478,0.084555,0.094819,0.10948,0.11975,0.12463,0.1349,0.13978,0.13978,0.1349,0.12463,0.11486,0.094819,0.079668,0.069892,0.054741,0.044477,0.034702,0.029814,0.024438,0.014663,0.0097752,0.0043988,0.0043988,0.0043988,-0.00048876,-0.010264,-0.010264,-0.010264,-0.010264,-0.010264,-0.010264,-0.010264,-0.0053763,-0.010264,-0.010264,-0.0053763,-0.010264,-0.010264,-0.0053763,-0.00048876,0.0097752,0.029814,0.044477,0.049853,0.054741,0.059629,0.059629,0.049853,0.039589,0.029814,0.0097752,-0.0053763,-0.015152,-0.020528,-0.020528,-0.020528,-0.020528,-0.020528,0.034702,0.16471,0.39492,0.67009,0.79521,0.64516,0.30987,0.034702,-0.070381,-0.080645,-0.075269,-0.080645,-0.080645,-0.085533,-0.080645,-0.080645,-0.075269,-0.070381,-0.065494,-0.060606,-0.060606,-0.05523,-0.050342,-0.040567,-0.035191,-0.020528,-0.010264,-0.00048876,0.0043988,0.014663,0.029814,0.034702,0.049853,0.059629,0.069892,0.084555,0.094819,0.10459,0.11486,0.12463,0.12952,0.1349,0.13978,0.1349,0.12463,0.11486,0.099707,0.079668,0.064516,0.054741,0.044477,0.029814,0.024438,0.01955,0.014663,0.0097752,0.0043988,0.0043988,-0.00048876,-0.0053763,-0.010264,-0.015152,-0.015152,-0.015152,-0.015152,-0.015152,-0.015152,-0.010264,-0.010264,-0.010264,-0.010264,-0.010264,-0.010264,-0.010264,-0.0053763,-0.00048876,0.0097752,0.029814,0.039589,0.044477,0.049853,0.054741,0.059629,0.054741,0.044477,0.029814,0.0043988,-0.015152,-0.030303,-0.035191,-0.030303,-0.020528,-0.020528,-0.015152,0.054741,0.20968,0.45992,0.71994,0.79521,0.58504,0.23998,-0.00048876,-0.070381,-0.075269,-0.070381,-0.075269,-0.075269,-0.075269,-0.075269,-0.070381,-0.065494,-0.060606,-0.060606,-0.05523,-0.050342,-0.045455,-0.040567,-0.035191,-0.025415,-0.015152,-0.010264,-0.00048876,0.0043988,0.014663,0.029814,0.044477,0.054741,0.064516,0.07478,0.089932,0.099707,0.10948,0.11975,0.12952,0.13978,0.14467,0.14467,0.13978,0.12463,0.11486,0.099707,0.079668,0.064516,0.049853,0.034702,0.024438,0.01955,0.014663,0.0097752,0.0097752,0.0043988,-0.00048876,-0.00048876,-0.010264,-0.015152,-0.015152,-0.015152,-0.015152,-0.015152,-0.015152,-0.015152,-0.015152,-0.015152,-0.015152,-0.015152,-0.015152,-0.015152,-0.015152,-0.010264,-0.0053763,0.0043988,0.01955,0.024438,0.029814,0.034702,0.044477,0.049853,0.044477,0.034702,0.014663,-0.0053763,-0.015152,-0.030303,-0.030303,-0.030303,-0.025415,-0.030303,-0.015152,0.059629,0.22483,0.47996,0.73021,0.79032,0.55523,0.21457,-0.0053763,-0.065494,-0.070381,-0.075269,-0.075269,-0.075269,-0.080645,-0.080645,-0.075269,-0.065494,-0.060606,-0.05523,-0.050342,-0.045455,-0.040567,-0.035191,-0.030303,-0.020528,-0.015152,-0.0053763,0.0043988,0.014663,0.024438,0.034702,0.044477,0.059629,0.069892,0.079668,0.089932,0.099707,0.11486,0.12463,0.1349,0.13978,0.14467,0.14467,0.13978,0.12952,0.11486,0.094819,0.079668,0.069892,0.054741,0.044477,0.034702,0.029814,0.01955,0.014663,0.0097752,0.0043988,0.0043988,-0.00048876,-0.0053763,-0.0053763,-0.0053763,-0.00048876,-0.00048876,-0.00048876,-0.0053763,-0.0053763,-0.0053763,-0.010264,-0.010264,-0.010264,-0.010264,-0.010264,-0.0053763,-0.00048876,0.0043988,0.01955,0.034702,0.044477,0.049853,0.054741,0.054741,0.054741,0.049853,0.039589,0.024438,0.0043988,-0.010264,-0.020528,-0.020528,-0.020528,-0.020528,-0.020528,-0.00048876,0.089932,0.26979,0.54008,0.77517,0.81525,0.49511,0.15982,-0.030303,-0.075269,-0.075269,-0.075269,-0.075269,-0.075269,-0.075269,-0.075269,-0.070381,-0.065494,-0.060606,-0.060606,-0.05523,-0.050342,-0.040567,-0.035191,-0.030303,-0.020528,-0.010264,-0.0053763,0.0043988,0.014663,0.024438,0.034702,0.044477,0.054741,0.069892,0.079668,0.094819,0.10459,0.11486,0.12952,0.13978,0.14467,0.14956,0.14467,0.1349,0.12463,0.10948,0.094819,0.084555,0.069892,0.059629,0.054741,0.044477,0.034702,0.024438,0.014663,0.014663,0.0097752,0.0097752,0.0043988,-0.00048876,-0.00048876,-0.0053763,-0.0053763,-0.00048876,-0.00048876,-0.00048876,-0.00048876,-0.00048876,-0.00048876,-0.00048876,-0.00048876,-0.00048876,-0.00048876,-0.00048876,0.0043988,0.014663,0.029814,0.039589,0.044477,0.049853,0.054741,0.059629,0.054741,0.049853,0.034702,0.01955,-0.00048876,-0.015152,-0.020528,-0.020528,-0.020528,-0.030303,-0.015152,0.054741,0.21457,0.46481,0.72532,0.8001,0.58504,0.24487,0.0097752,-0.070381,-0.075269,-0.075269,-0.080645,-0.080645,-0.080645,-0.080645,-0.075269,-0.075269,-0.070381,-0.065494,-0.065494,-0.05523,-0.050342,-0.040567,-0.030303,-0.020528,-0.015152,-0.010264,-0.00048876,0.0097752,0.01955,0.029814,0.044477,0.054741,0.064516,0.07478,0.079668,0.089932,0.10459,0.11975,0.12952,0.13978,0.14467,0.14956,0.14467,0.1349,0.11486,0.099707,0.079668,0.069892,0.054741,0.044477,0.034702,0.029814,0.024438,0.014663,0.0097752,0.0043988,-0.00048876,-0.00048876,-0.0053763,-0.0053763,-0.0053763,-0.0053763,-0.0053763,-0.010264,-0.010264,-0.010264,-0.0053763,-0.0053763,-0.0053763,-0.00048876,-0.00048876,-0.00048876,0.0043988,0.0043988,0.014663,0.029814,0.044477,0.049853,0.049853,0.054741,0.054741,0.044477,0.034702,0.01955,0.0043988,-0.015152,-0.030303,-0.030303,-0.030303,-0.020528,-0.020528,-0.0053763,0.059629,0.20479,0.45503,0.71505,0.79032,0.58016,0.23998,-0.00048876,-0.080645,-0.080645,-0.085533,-0.085533,-0.09042,-0.085533,-0.085533,-0.080645,-0.075269,-0.065494,-0.060606,-0.05523,-0.050342,-0.045455,-0.035191,-0.030303,-0.025415,-0.015152,-0.010264,-0.00048876,0.0043988,0.01955,0.029814,0.049853,0.054741,0.064516,0.079668,0.094819,0.099707,0.11486,0.12463,0.1349,0.14467,0.14956,0.14467,0.13978,0.12952,0.11486,0.099707,0.079668,0.064516,0.049853,0.039589,0.029814,0.029814,0.024438,0.01955,0.014663,0.014663,0.014663,0.0097752,0.0043988,-0.00048876,-0.0053763,-0.010264,-0.010264,-0.010264,-0.010264,-0.010264,-0.010264,-0.0053763,-0.0053763,-0.0053763,-0.0053763,-0.0053763,-0.0053763,-0.00048876,0.0097752,0.024438,0.034702,0.044477,0.049853,0.054741,0.059629,0.054741,0.044477,0.034702,0.0097752,-0.0053763,-0.020528,-0.025415,-0.020528,-0.020528,-0.020528,-0.025415,0.014663,0.12463,0.33969,0.63001,0.82014,0.72532,0.39492,0.079668,-0.050342,-0.070381,-0.065494,-0.070381,-0.075269,-0.070381,-0.065494,-0.060606,-0.060606,-0.05523,-0.05523,-0.050342,-0.050342,-0.045455,-0.040567,-0.035191,-0.030303,-0.020528,-0.010264,-0.00048876,0.0097752,0.024438,0.034702,0.044477,0.054741,0.069892,0.07478,0.089932,0.099707,0.10948,0.12463,0.1349,0.14467,0.14956,0.14956,0.13978,0.1349,0.11975,0.10948,0.089932,0.07478,0.064516,0.049853,0.034702,0.029814,0.024438,0.014663,0.0097752,0.0043988,0.0043988,-0.00048876,-0.010264,-0.010264,-0.010264,-0.015152,-0.015152,-0.015152,-0.010264,-0.015152,-0.015152,-0.015152,-0.010264,-0.010264,-0.010264,-0.010264,-0.010264,-0.0053763,-0.0053763,0.0043988,0.014663,0.029814,0.034702,0.039589,0.044477,0.049853,0.054741,0.044477,0.034702,0.0097752,-0.0053763,-0.020528,-0.025415,-0.020528,-0.020528,-0.025415,-0.020528,0.034702,0.17986,0.41496,0.68035,0.81525,0.6652,0.32502,0.049853,-0.060606,-0.080645,-0.080645,-0.080645,-0.080645,-0.080645,-0.075269,-0.075269,-0.075269,-0.075269,-0.070381,-0.065494,-0.05523,-0.050342,-0.045455,-0.040567,-0.030303,-0.025415,-0.015152,-0.010264,-0.00048876,0.0097752,0.024438,0.034702,0.044477,0.054741,0.064516,0.07478,0.084555,0.094819,0.10948,0.11975,0.12463,0.12952,0.1349,0.1349,0.12952,0.11975,0.10948,0.094819,0.07478,0.064516,0.054741,0.044477,0.034702,0.024438,0.01955,0.0097752,0.0043988,-0.00048876,-0.010264,-0.010264,-0.010264,-0.015152,-0.015152,-0.015152,-0.015152,-0.015152,-0.015152,-0.015152,-0.010264,-0.010264,-0.015152,-0.015152,-0.015152,-0.015152,-0.010264,0.0043988,0.014663,0.029814,0.034702,0.044477,0.049853,0.049853,0.039589,0.029814,0.0097752,-0.010264,-0.025415,-0.030303,-0.030303,-0.030303,-0.025415,-0.030303,-0.015152,0.064516,0.24976,0.52981,0.77517,0.82014,0.52981,0.18475,-0.025415,-0.080645,-0.080645,-0.080645,-0.085533,-0.085533,-0.085533,-0.080645,-0.075269,-0.075269,-0.070381,-0.065494,-0.060606,-0.050342,-0.045455,-0.035191,-0.030303,-0.030303,-0.020528,-0.015152,-0.0053763,0.0043988,0.014663,0.029814,0.044477,0.054741,0.064516,0.07478,0.089932,0.099707,0.11486,0.12463,0.1349,0.13978,0.13978,0.13978,0.12952,0.11486,0.099707,0.079668,0.069892,0.054741,0.044477,0.034702,0.024438,0.01955,0.0097752,0.0043988,0.0043988,-0.00048876,-0.0053763,-0.010264,-0.015152,-0.015152,-0.015152,-0.020528,-0.020528,-0.020528,-0.020528,-0.020528,-0.015152,-0.020528,-0.020528,-0.015152,-0.010264,-0.015152,-0.015152,-0.010264,-0.00048876,0.01955,0.029814,0.034702,0.039589,0.044477,0.049853,0.044477,0.034702,0.024438,0.0043988,-0.015152,-0.025415,-0.030303,-0.030303,-0.025415,-0.030303,-0.025415,0.024438,0.15982,0.39003,0.6652,0.8001,0.64516,0.3001,0.029814,-0.070381,-0.080645,-0.085533,-0.09042,-0.095308,-0.095308,-0.09042,-0.09042,-0.085533,-0.080645,-0.075269,-0.070381,-0.065494,-0.05523,-0.050342,-0.050342,-0.040567,-0.030303,-0.020528,-0.010264,-0.0053763,0.0043988,0.014663,0.029814,0.044477,0.054741,0.069892,0.079668,0.089932,0.094819,0.10948,0.12463,0.1349,0.13978,0.13978,0.1349,0.12463,0.11486,0.099707,0.079668,0.064516,0.054741,0.044477,0.034702,0.029814,0.01955,0.0097752,0.0043988,-0.00048876,-0.0053763,-0.010264,-0.010264,-0.010264,-0.010264,-0.015152,-0.015152,-0.015152,-0.015152,-0.015152,-0.020528,-0.025415,-0.025415,-0.025415,-0.025415,-0.025415,-0.025415,-0.020528,-0.010264,-0.00048876,0.0097752,0.014663,0.014663,0.01955,0.024438,0.014663,0.0043988,-0.0053763,-0.030303,-0.05523,-0.075269,-0.080645,-0.080645,-0.080645,-0.080645,-0.085533,-0.05523,0.039589,0.23998,0.52493,0.73509,0.75024,0.36999,0.039589,-0.1305,-0.16031,-0.15543,-0.15543,-0.15054,-0.15054,-0.14565,-0.13539,-0.12561,-0.10557,-0.09042,-0.070381,-0.05523,-0.035191,-0.010264,0.0043988,0.01955,0.039589,0.059629,0.07478,0.089932,0.10459,0.11486,0.12463,0.13978,0.15494,0.17498,0.18475,0.1999,0.20479,0.20968,0.20968,0.20968,0.20968,0.20968,0.20968,0.20968,0.1999,0.18475,0.16471,0.14467,0.12463,0.099707,0.07478,0.059629,0.039589,0.029814,0.01955,0.014663,0.014663,0.014663,0.0097752,0.0097752,0.0043988,-0.00048876,-0.00048876,-0.010264,-0.015152,-0.020528,-0.020528,-0.020528,-0.025415,-0.025415,-0.020528,-0.020528,-0.0053763,0.0097752,0.014663,0.024438,0.029814,0.044477,0.049853,0.054741,0.054741,0.064516,0.054741,0.044477,0.034702,0.01955,0.0043988,-0.015152,-0.020528,-0.020528,-0.015152,-0.015152,-0.020528,0.034702,0.16471,0.38514,0.65494,0.81525,0.69501,0.3651,0.069892,-0.05523,-0.075269,-0.075269,-0.080645,-0.085533,-0.085533,-0.085533,-0.080645,-0.080645,-0.075269,-0.075269,-0.075269,-0.065494,-0.060606,-0.05523,-0.050342,-0.040567,-0.030303,-0.020528,-0.015152,-0.010264,-0.00048876,0.0097752,0.01955,0.029814,0.039589,0.049853,0.059629,0.069892,0.079668,0.094819,0.099707,0.10948,0.11975,0.12463,0.11975,0.11486,0.099707,0.084555,0.069892,0.054741,0.039589,0.029814,0.024438,0.014663,0.0043988,-0.00048876,-0.0053763,-0.010264,-0.020528,-0.020528,-0.020528,-0.020528,-0.020528,-0.020528,-0.025415,-0.030303,-0.025415,-0.025415,-0.025415,-0.020528,-0.020528,-0.020528,-0.020528,-0.015152,-0.015152,-0.010264,-0.00048876,0.014663,0.029814,0.039589,0.044477,0.049853,0.049853,0.044477,0.039589,0.024438,-0.00048876,-0.020528,-0.035191,-0.035191,-0.035191,-0.035191,-0.035191,-0.030303,0.024438,0.15982,0.39003,0.6652,0.8001,0.65005,0.30987,0.034702,-0.060606,-0.065494,-0.060606,-0.065494,-0.070381,-0.070381,-0.065494,-0.065494,-0.060606,-0.05523,-0.050342,-0.045455,-0.040567,-0.035191,-0.030303,-0.025415,-0.020528,-0.010264,0.0043988,0.0097752,0.014663,0.024438,0.034702,0.044477,0.054741,0.069892,0.079668,0.089932,0.099707,0.11486,0.12463,0.1349,0.14956,0.15494,0.15494,0.14467,0.1349,0.11975,0.099707,0.079668,0.069892,0.054741,0.039589,0.029814,0.024438,0.024438,0.024438,0.014663,0.0043988,-0.00048876,-0.00048876,-0.010264,-0.015152,-0.020528,-0.030303,-0.030303,-0.025415,-0.025415,-0.025415,-0.025415,-0.025415,-0.020528,-0.015152,-0.020528,-0.015152,-0.015152,-0.010264,-0.00048876,0.0097752,0.024438,0.034702,0.044477,0.054741,0.064516,0.064516,0.049853,0.034702,0.0097752,-0.010264,-0.020528,-0.030303,-0.035191,-0.035191,-0.040567,-0.040567,-0.015152,0.07478,0.27468,0.56012,0.77517,0.78543,0.39003,0.059629,-0.10557,-0.14027,-0.14027,-0.14027,-0.14027,-0.14027,-0.14027,-0.14027,-0.14027,-0.14027,-0.13539,-0.1305,-0.12023,-0.11046,-0.10557,-0.09042,-0.075269,-0.060606,-0.035191,-0.015152,0.014663,0.039589,0.069892,0.094819,0.11975,0.13978,0.15982,0.17498,0.18964,0.20479,0.21457,0.21994,0.22483,0.21994,0.21457,0.20479,0.18964,0.17498,0.15494,0.13978,0.12463,0.10948,0.099707,0.094819,0.089932,0.079668,0.07478,0.069892,0.064516,0.054741,0.049853,0.044477,0.039589,0.029814,0.024438,0.01955,0.0097752,0.0043988,0.0043988,0.0043988,0.0097752,0.0097752,0.0097752,0.0043988,0.0043988,-0.00048876,0.0043988,0.0043988,0.0043988,0.0097752,0.014663,0.024438,0.029814,0.029814,0.034702,0.034702,0.024438,0.014663,0.0043988,-0.020528,-0.035191,-0.050342,-0.05523,-0.05523,-0.050342,-0.05523,-0.040567,0.034702,0.1999,0.44477,0.70039,0.77517,0.55523,0.20479,-0.025415,-0.1002,-0.10557,-0.11046,-0.12023,-0.12023,-0.12023,-0.12023,-0.11046,-0.11046,-0.10557,-0.10557,-0.1002,-0.09042,-0.080645,-0.075269,-0.065494,-0.05523,-0.050342,-0.040567,-0.030303,-0.020528,-0.0053763,0.0043988,0.014663,0.029814,0.034702,0.044477,0.054741,0.069892,0.079668,0.089932,0.099707,0.10948,0.11486,0.11975,0.11486,0.10948,0.094819,0.079668,0.064516,0.049853,0.034702,0.024438,0.014663,0.0097752,0.0043988,-0.00048876,-0.0053763,-0.010264,-0.015152,-0.020528,-0.020528,-0.020528,-0.020528,-0.020528,-0.020528,-0.020528,-0.020528,-0.020528,-0.020528,-0.020528,-0.015152,-0.015152,-0.015152,-0.015152,-0.015152,-0.010264,-0.00048876,0.0097752,0.024438,0.034702,0.034702,0.044477,0.049853,0.044477,0.039589,0.024438,0.0043988,-0.015152,-0.030303,-0.035191,-0.035191,-0.035191,-0.035191,-0.035191,-0.00048876,0.11975,0.32991,0.60508,0.78006,0.69013,0.37488,0.07478,-0.065494,-0.085533,-0.085533,-0.09042,-0.09042,-0.09042,-0.085533,-0.085533,-0.080645,-0.075269,-0.070381,-0.060606,-0.05523,-0.05523,-0.050342,-0.045455,-0.040567,-0.035191,-0.030303,-0.020528,-0.010264,-0.00048876,0.0097752,0.024438,0.034702,0.044477,0.054741,0.064516,0.07478,0.089932,0.099707,0.11486,0.12463,0.1349,0.1349,0.1349,0.11975,0.10948,0.099707,0.084555,0.07478,0.064516,0.049853,0.039589,0.034702,0.029814,0.024438,0.014663,0.0043988,-0.00048876,-0.010264,-0.0053763,-0.0053763,-0.010264,-0.010264,-0.015152,-0.015152,-0.015152,-0.020528,-0.015152,-0.015152,-0.015152,-0.010264,-0.010264,-0.010264,-0.010264,-0.010264,-0.0053763,0.0043988,0.01955,0.024438,0.034702,0.034702,0.044477,0.049853,0.044477,0.029814,0.0097752,-0.0053763,-0.020528,-0.030303,-0.035191,-0.035191,-0.030303,-0.035191,-0.025415,0.039589,0.18475,0.42473,0.69013,0.79521,0.60997,0.26979,0.014663,-0.065494,-0.075269,-0.070381,-0.080645,-0.080645,-0.080645,-0.080645,-0.075269,-0.075269,-0.070381,-0.065494,-0.060606,-0.060606,-0.05523,-0.050342,-0.045455,-0.040567,-0.030303,-0.020528,-0.010264,-0.00048876,0.0097752,0.01955,0.029814,0.044477,0.054741,0.069892,0.079668,0.089932,0.099707,0.11486,0.12463,0.1349,0.13978,0.14467,0.13978,0.12952,0.11486,0.099707,0.079668,0.069892,0.054741,0.044477,0.039589,0.034702,0.029814,0.024438,0.014663,0.0097752,0.0043988,0.0043988,0.0097752,0.0043988,0.0043988,0.0043988,-0.00048876,-0.00048876,-0.00048876,-0.00048876,-0.010264,-0.010264,-0.010264,-0.010264,-0.010264,-0.010264,-0.010264,-0.00048876,0.0043988,0.014663,0.024438,0.034702,0.044477,0.044477,0.044477,0.049853,0.039589,0.029814,0.014663,-0.0053763,-0.025415,-0.035191,-0.035191,-0.035191,-0.035191,-0.035191,-0.025415,0.034702,0.17498,0.41496,0.68035,0.77517,0.58504,0.24976,0.0043988,-0.070381,-0.080645,-0.085533,-0.09042,-0.09042,-0.09042,-0.085533,-0.080645,-0.080645,-0.075269,-0.075269,-0.070381,-0.065494,-0.060606,-0.060606,-0.05523,-0.050342,-0.040567,-0.035191,-0.020528,-0.015152,-0.00048876,0.0097752,0.01955,0.029814,0.039589,0.049853,0.064516,0.07478,0.079668,0.089932,0.099707,0.10948,0.11486,0.11486,0.10948,0.099707,0.094819,0.079668,0.07478,0.064516,0.054741,0.054741,0.054741,0.054741,0.049853,0.039589,0.034702,0.034702,0.029814,0.029814,0.029814,0.029814,0.034702,0.034702,0.034702,0.034702,0.034702,0.034702,0.029814,0.029814,0.029814,0.029814,0.024438,0.024438,0.024438,0.024438,0.024438,0.034702,0.044477,0.054741,0.059629,0.059629,0.064516,0.064516,0.054741,0.044477,0.024438,-0.00048876,-0.025415,-0.035191,-0.040567,-0.035191,-0.035191,-0.035191,-0.020528,0.054741,0.21457,0.47019,0.73021,0.8001,0.57527,0.22483,-0.0053763,-0.070381,-0.075269,-0.080645,-0.080645,-0.085533,-0.085533,-0.080645,-0.075269,-0.070381,-0.065494,-0.060606,-0.060606,-0.05523,-0.050342,-0.040567,-0.035191,-0.030303,-0.020528,-0.010264,-0.00048876,0.0097752,0.024438,0.034702,0.049853,0.059629,0.069892,0.079668,0.094819,0.10459,0.11486,0.12463,0.13978,0.14956,0.15982,0.15982,0.14956,0.1349,0.11975,0.099707,0.079668,0.064516,0.049853,0.034702,0.01955,0.0097752,-0.00048876,-0.010264,-0.020528,-0.020528,-0.025415,-0.030303,-0.035191,-0.035191,-0.035191,-0.035191,-0.030303,-0.025415,-0.020528,-0.010264,-0.00048876,0.0097752,0.014663,0.024438,0.029814,0.034702,0.039589,0.049853,0.064516,0.079668,0.094819,0.099707,0.10459,0.10948,0.11486,0.094819,0.089932,0.07478,0.049853,0.024438,0.0097752,-0.00048876,-0.00048876,-0.00048876,-0.010264,-0.0053763,0.054741,0.19501,0.435,0.71017,0.8304,0.6652,0.32502,0.069892,-0.025415,-0.035191,-0.040567,-0.045455,-0.050342,-0.05523,-0.060606,-0.060606,-0.05523,-0.050342,-0.060606,-0.085533,-0.11046,-0.14027,-0.15543,-0.14565,-0.10557,-0.045455,0.014663,0.044477,0.049853,0.049853,0.054741,0.069892,0.07478,0.064516,0.049853,0.044477,0.044477,0.039589,0.039589,0.039589,0.049853,0.059629,0.069892,0.07478,0.07478,0.069892,0.059629,0.049853,0.034702,0.024438,0.0097752,-0.00048876,-0.015152,-0.020528,-0.025415,-0.030303,-0.030303,-0.030303,-0.030303,-0.025415,-0.030303,-0.030303,-0.030303,-0.025415,-0.025415,-0.020528,-0.015152,-0.010264,-0.010264,-0.015152,-0.010264,-0.010264,-0.015152,-0.015152,-0.00048876,0.014663,0.029814,0.044477,0.049853,0.049853,0.054741,0.059629,0.049853,0.034702,0.01955,-0.0053763,-0.030303,-0.050342,-0.05523,-0.05523,-0.05523,-0.05523,-0.05523,-0.0053763,0.12952,0.35973,0.63001,0.7654,0.60997,0.28006,0.0097752,-0.085533,-0.095308,-0.09042,-0.095308,-0.095308,-0.1002,-0.10557,-0.10557,-0.11046,-0.11535,-0.11535,-0.11535,-0.10557,-0.095308,-0.080645,-0.065494,-0.05523,-0.050342,-0.045455,-0.040567,-0.025415,-0.0053763,0.0097752,0.029814,0.049853,0.069892,0.084555,0.099707,0.10948,0.11975,0.12463,0.1349,0.13978,0.13978,0.13978,0.12463,0.11486,0.099707,0.079668,0.069892,0.059629,0.049853,0.044477,0.034702,0.024438,0.01955,0.014663,0.0097752,0.0043988,-0.00048876,-0.0053763,-0.0053763,-0.00048876,0.0097752,0.014663,0.014663,0.014663,0.014663,0.014663,0.014663,0.014663,0.014663,0.0097752,0.0097752,0.0043988,0.0043988,0.0097752,0.014663,0.024438,0.039589,0.049853,0.049853,0.049853,0.054741,0.054741,0.049853,0.034702,0.01955,-0.0053763,-0.025415,-0.035191,-0.035191,-0.035191,-0.040567,-0.040567,-0.015152,0.084555,0.28495,0.565,0.7654,0.78006,0.41496,0.099707,-0.050342,-0.080645,-0.085533,-0.10557,-0.11535,-0.12023,-0.12023,-0.11535,-0.11046,-0.10557,-0.095308,-0.085533,-0.075269,-0.065494,-0.05523,-0.040567,-0.030303,-0.020528,-0.010264,-0.00048876,0.0097752,0.014663,0.024438,0.029814,0.044477,0.059629,0.07478,0.079668,0.094819,0.10459,0.11975,0.1349,0.14467,0.15494,0.15982,0.15494,0.14467,0.1349,0.12463,0.10948,0.089932,0.07478,0.059629,0.049853,0.044477,0.034702,0.024438,0.014663,0.0043988,-0.00048876,-0.0053763,-0.010264,-0.010264,-0.010264,-0.010264,-0.0053763,-0.00048876,-0.00048876,0.0043988,0.0043988,0.0043988,0.0043988,-0.00048876,-0.00048876,0.0043988,0.0043988,0.0043988,0.0097752,0.01955,0.029814,0.039589,0.044477,0.049853,0.054741,0.059629,0.044477,0.034702,0.014663,-0.0053763,-0.020528,-0.035191,-0.040567,-0.040567,-0.035191,-0.040567,-0.015152,0.069892,0.24487,0.50489,0.75024,0.79521,0.5,0.16471,-0.035191,-0.080645,-0.080645,-0.085533,-0.085533,-0.09042,-0.085533,-0.085533,-0.080645,-0.080645,-0.075269,-0.065494,-0.060606,-0.050342,-0.045455,-0.040567,-0.035191,-0.030303,-0.020528,-0.010264,0.0043988,0.014663,0.024438,0.034702,0.044477,0.054741,0.064516,0.07478,0.089932,0.094819,0.10948,0.11975,0.12952,0.1349,0.13978,0.1349,0.12952,0.11975,0.10948,0.094819,0.07478,0.064516,0.049853,0.044477,0.034702,0.024438,0.014663,0.0097752,0.0097752,0.0043988,0.0043988,-0.00048876,-0.00048876,-0.0053763,-0.0053763,-0.0053763,-0.0053763,-0.0053763,-0.0053763,-0.0053763,-0.0053763,-0.0053763,-0.00048876,-0.00048876,-0.00048876,-0.00048876,0.0043988,0.014663,0.029814,0.044477,0.054741,0.064516,0.064516,0.064516,0.059629,0.049853,0.044477,0.029814,0.0097752,-0.010264,-0.020528,-0.020528,-0.015152,-0.020528,-0.020528,0.0043988,0.10948,0.30499,0.57527,0.78006,0.8001,0.45015,0.12952,-0.035191,-0.070381,-0.075269,-0.080645,-0.080645,-0.080645,-0.080645,-0.080645,-0.075269,-0.075269,-0.070381,-0.065494,-0.060606,-0.05523,-0.050342,-0.050342,-0.040567,-0.040567,-0.035191,-0.030303,-0.020528,-0.015152,-0.010264,0.0043988,0.014663,0.029814,0.034702,0.049853,0.064516,0.07478,0.089932,0.10459,0.11486,0.12463,0.12952,0.12463,0.12463,0.11975,0.10948,0.099707,0.089932,0.07478,0.059629,0.049853,0.039589,0.029814,0.024438,0.024438,0.014663,0.0043988,-0.00048876,-0.010264,-0.010264,-0.015152,-0.020528,-0.025415,-0.025415,-0.030303,-0.030303,-0.025415,-0.020528,-0.015152,-0.015152,-0.010264,-0.010264,-0.00048876,0.0097752,0.024438,0.039589,0.054741,0.064516,0.069892,0.079668,0.084555,0.079668,0.069892,0.049853,0.024438,0.0043988,-0.0053763,-0.010264,-0.015152,-0.020528,-0.025415,-0.010264,0.059629,0.22483,0.48485,0.73509,0.79032,0.52493,0.18475,-0.030303,-0.09042,-0.09042,-0.095308,-0.1002,-0.10557,-0.10557,-0.1002,-0.095308,-0.080645,-0.065494,-0.05523,-0.05523,-0.05523,-0.050342,-0.040567,-0.030303,-0.020528,-0.0053763,0.0043988,0.0097752,0.01955,0.034702,0.049853,0.059629,0.064516,0.069892,0.079668,0.089932,0.094819,0.099707,0.094819,0.079668,0.069892,0.069892,0.069892,0.064516,0.059629,0.044477,0.034702,0.029814,0.024438,0.01955,0.0043988,-0.010264,-0.015152,-0.020528,-0.030303,-0.035191,-0.040567,-0.040567,-0.040567,-0.035191,-0.025415,-0.020528,-0.020528,-0.015152,-0.0053763,-0.00048876,0.0043988,0.0043988,0.0043988,0.0043988,0.0043988,0.0043988,0.0097752,0.014663,0.024438,0.034702,0.044477,0.054741,0.054741,0.064516,0.069892,0.064516,0.054741,0.039589,0.01955,-0.0053763,-0.030303,-0.035191,-0.035191,-0.030303,-0.020528,-0.025415,-0.0053763,0.089932,0.29472,0.58504,0.81036,0.8304,0.47996,0.14467,-0.035191,-0.070381,-0.065494,-0.075269,-0.080645,-0.080645,-0.080645,-0.075269,-0.075269,-0.070381,-0.070381,-0.065494,-0.065494,-0.05523,-0.050342,-0.040567,-0.030303,-0.025415,-0.015152,-0.010264,-0.00048876,0.0043988,0.014663,0.024438,0.039589,0.049853,0.064516,0.07478,0.084555,0.094819,0.11486,0.12463,0.1349,0.13978,0.13978,0.1349,0.12463,0.11486,0.10459,0.089932,0.069892,0.054741,0.044477,0.029814,0.01955,0.014663,0.014663,0.014663,0.014663,0.014663,0.0097752,0.0043988,0.0043988,0.0043988,0.0097752,0.0043988,-0.00048876,-0.00048876,-0.00048876,0.0043988,0.0043988,0.0043988,0.0097752,0.0043988,0.0043988,0.0097752,0.01955,0.029814,0.044477,0.059629,0.069892,0.07478,0.07478,0.079668,0.079668,0.07478,0.054741,0.034702,0.014663,-0.0053763,-0.020528,-0.025415,-0.020528,-0.025415,-0.035191,-0.015152,0.069892,0.25464,0.52493,0.75513,0.79521,0.49022,0.14956,-0.050342,-0.10557,-0.10557,-0.11046,-0.11046,-0.11046,-0.11046,-0.11046,-0.10557,-0.10557,-0.1002,-0.095308,-0.085533,-0.080645,-0.075269,-0.065494,-0.060606,-0.05523,-0.040567,-0.030303,-0.015152,-0.0053763,0.0043988,0.014663,0.029814,0.034702,0.044477,0.054741,0.069892,0.084555,0.099707,0.11486,0.12463,0.1349,0.13978,0.13978,0.1349,0.11975,0.10948,0.089932,0.07478,0.054741,0.044477,0.029814,0.014663,0.0043988,-0.010264,-0.010264,-0.015152,-0.020528,-0.020528,-0.025415,-0.030303,-0.035191,-0.035191,-0.030303,-0.030303,-0.025415,-0.030303,-0.035191,-0.035191,-0.035191,-0.030303,-0.030303,-0.030303,-0.025415,-0.015152,-0.0053763,0.0097752,0.024438,0.034702,0.044477,0.054741,0.054741,0.049853,0.039589,0.024438,0.0043988,-0.015152,-0.030303,-0.030303,-0.030303,-0.025415,-0.030303,-0.020528,0.039589,0.19501,0.44477,0.71994,0.82502,0.63001,0.28006,0.024438,-0.065494,-0.075269,-0.080645,-0.085533,-0.085533,-0.080645,-0.080645,-0.080645,-0.080645,-0.075269,-0.075269,-0.065494,-0.060606,-0.05523,-0.050342,-0.050342,-0.050342,-0.035191,-0.025415,-0.010264,0.0043988,0.014663,0.024438,0.034702,0.049853,0.064516,0.07478,0.089932,0.099707,0.11486,0.12952,0.13978,0.15494,0.15982,0.15494,0.14956,0.13978,0.12463,0.10948,0.089932,0.07478,0.059629,0.049853,0.044477,0.034702,0.024438,0.024438,0.014663,0.014663,0.014663,0.014663,0.0097752,0.0043988,-0.00048876,-0.00048876,-0.0053763,-0.0053763,-0.0053763,-0.0053763,-0.00048876,-0.0053763,-0.0053763,-0.010264,-0.010264,-0.010264,-0.010264,-0.010264,0.0043988,0.01955,0.034702,0.039589,0.044477,0.054741,0.054741,0.049853,0.034702,0.01955,-0.0053763,-0.025415,-0.040567,-0.040567,-0.035191,-0.030303,-0.030303,-0.020528,0.044477,0.20479,0.45992,0.73021,0.82014,0.62023,0.27468,0.01955,-0.060606,-0.070381,-0.080645,-0.085533,-0.085533,-0.085533,-0.085533,-0.09042,-0.095308,-0.095308,-0.085533,-0.085533,-0.075269,-0.065494,-0.05523,-0.045455,-0.035191,-0.020528,-0.010264,0.0043988,0.0097752,0.01955,0.029814,0.044477,0.054741,0.069892,0.079668,0.094819,0.10459,0.11486,0.12463,0.13978,0.14467,0.15494,0.15494,0.14467,0.1349,0.12463,0.10948,0.099707,0.079668,0.064516,0.049853,0.039589,0.034702,0.029814,0.024438,0.01955,0.0097752,0.0043988,-0.00048876,-0.00048876,-0.00048876,-0.00048876,-0.0053763,-0.0053763,-0.00048876,-0.0053763,-0.010264,-0.010264,-0.00048876,-0.00048876,-0.00048876,-0.0053763,-0.00048876,-0.00048876,0.0043988,0.014663,0.029814,0.034702,0.044477,0.044477,0.049853,0.054741,0.049853,0.039589,0.024438,0.0043988,-0.015152,-0.020528,-0.025415,-0.025415,-0.025415,-0.030303,-0.015152,0.054741,0.22483,0.47996,0.73509,0.8001,0.565,0.22483,-0.00048876,-0.070381,-0.075269,-0.080645,-0.085533,-0.085533,-0.085533,-0.085533,-0.080645,-0.075269,-0.075269,-0.070381,-0.065494,-0.060606,-0.05523,-0.045455,-0.040567,-0.035191,-0.025415,-0.015152,-0.0053763,0.0043988,0.0097752,0.01955,0.029814,0.039589,0.049853,0.064516,0.079668,0.089932,0.099707,0.11486,0.11975,0.12463,0.12463,0.12463,0.11486,0.10948,0.099707,0.084555,0.07478,0.059629,0.044477,0.034702,0.029814,0.01955,0.014663,0.0097752,0.0043988,-0.00048876,-0.0053763,-0.010264,-0.010264,-0.010264,-0.015152,-0.015152,-0.020528,-0.020528,-0.020528,-0.020528,-0.015152,-0.015152,-0.015152,-0.015152,-0.015152,-0.015152,-0.010264,-0.00048876,0.014663,0.024438,0.029814,0.034702,0.044477,0.049853,0.039589,0.029814,0.014663,-0.00048876,-0.020528,-0.030303,-0.035191,-0.035191,-0.035191,-0.035191,-0.035191,0.014663,0.13978,0.3651,0.64516,0.79521,0.66031,0.32502,0.034702,-0.080645,-0.09042,-0.085533,-0.085533,-0.085533,-0.085533,-0.085533,-0.080645,-0.080645,-0.075269,-0.075269,-0.075269,-0.065494,-0.060606,-0.05523,-0.050342,-0.040567,-0.030303,-0.020528,-0.015152,-0.00048876,0.0043988,0.014663,0.029814,0.044477,0.059629,0.069892,0.079668,0.094819,0.10948,0.11975,0.12952,0.13978,0.14467,0.13978,0.1349,0.11975,0.10948,0.094819,0.079668,0.064516,0.049853,0.034702,0.024438,0.024438,0.014663,0.014663,0.0097752,0.0043988,-0.0053763,-0.010264,-0.010264,-0.010264,-0.010264,-0.015152,-0.015152,-0.015152,-0.015152,-0.015152,-0.015152,-0.015152,-0.015152,-0.015152,-0.020528,-0.020528,-0.020528,-0.015152,-0.00048876,0.014663,0.024438,0.029814,0.029814,0.044477,0.044477,0.039589,0.029814,0.014663,-0.0053763,-0.025415,-0.040567,-0.040567,-0.040567,-0.035191,-0.040567,-0.025415,0.034702,0.18475,0.435,0.70039,0.77517,0.57527,0.22972,-0.0053763,-0.085533,-0.085533,-0.085533,-0.085533,-0.085533,-0.085533,-0.085533,-0.085533,-0.080645,-0.080645,-0.075269,-0.070381,-0.065494,-0.060606,-0.05523,-0.05523,-0.045455,-0.035191,-0.025415,-0.010264,-0.00048876,0.0097752,0.01955,0.029814,0.044477,0.054741,0.064516,0.07478,0.089932,0.099707,0.10948,0.11975,0.12463,0.12952,0.12463,0.11975,0.11486,0.099707,0.089932,0.069892,0.054741,0.039589,0.024438,0.01955,0.014663,0.0097752,0.0043988,-0.00048876,-0.0053763,-0.010264,-0.015152,-0.015152,-0.015152,-0.015152,-0.020528,-0.020528,-0.020528,-0.020528,-0.020528,-0.020528,-0.020528,-0.015152,-0.015152,-0.015152,-0.020528,-0.015152,-0.010264,0.0043988,0.014663,0.029814,0.034702,0.044477,0.044477,0.049853,0.044477,0.034702,0.024438,0.0043988,-0.015152,-0.030303,-0.035191,-0.035191,-0.035191,-0.035191,-0.020528,0.039589,0.17986,0.42473,0.68524,0.78543,0.6002,0.26491,0.014663,-0.070381,-0.075269,-0.075269,-0.075269,-0.080645,-0.080645,-0.080645,-0.075269,-0.075269,-0.070381,-0.065494,-0.065494,-0.060606,-0.050342,-0.045455,-0.040567,-0.035191,-0.025415,-0.020528,-0.010264,-0.00048876,0.0097752,0.01955,0.029814,0.044477,0.054741,0.064516,0.07478,0.089932,0.094819,0.10459,0.11486,0.11975,0.12463,0.12952,0.12463,0.11975,0.10459,0.089932,0.07478,0.054741,0.049853,0.039589,0.029814,0.024438,0.014663,0.0097752,0.0043988,0.0043988,-0.00048876,-0.00048876,-0.00048876,-0.00048876,-0.010264,-0.010264,-0.010264,-0.010264,-0.010264,-0.010264,-0.010264,-0.010264,-0.010264,-0.010264,-0.010264,-0.010264,-0.010264,-0.0053763,0.0043988,0.014663,0.029814,0.039589,0.044477,0.049853,0.054741,0.054741,0.044477,0.024438,0.0097752,-0.00048876,-0.015152,-0.020528,-0.020528,-0.020528,-0.020528,-0.015152,0.044477,0.19501,0.435,0.70528,0.81036,0.63001,0.28495,0.024438,-0.070381,-0.075269,-0.070381,-0.075269,-0.080645,-0.080645,-0.080645,-0.075269,-0.070381,-0.065494,-0.060606,-0.05523,-0.050342,-0.045455,-0.040567,-0.035191,-0.030303,-0.015152,-0.0053763,0.0043988,0.0097752,0.014663,0.024438,0.034702,0.049853,0.054741,0.069892,0.079668,0.089932,0.10459,0.11486,0.12463,0.1349,0.13978,0.13978,0.1349,0.11975,0.10948,0.089932,0.07478,0.064516,0.049853,0.039589,0.034702,0.024438,0.01955,0.014663,0.0043988,0.0043988,-0.00048876,0.0043988,-0.00048876,-0.0053763,-0.010264,-0.010264,-0.010264,-0.015152,-0.015152,-0.010264,-0.010264,-0.010264,-0.010264,-0.010264,-0.010264,-0.010264,-0.00048876,0.0097752,0.024438,0.034702,0.039589,0.044477,0.049853,0.054741,0.049853,0.044477,0.029814,0.014663,-0.00048876,-0.015152,-0.020528,-0.025415,-0.020528,-0.030303,-0.030303,0.0043988,0.11975,0.32991,0.60508,0.78543,0.69501,0.37977,0.07478,-0.065494,-0.085533,-0.085533,-0.085533,-0.085533,-0.080645,-0.080645,-0.080645,-0.075269,-0.075269,-0.065494,-0.065494,-0.060606,-0.05523,-0.045455,-0.040567,-0.030303,-0.025415,-0.015152,-0.00048876,0.0043988,0.014663,0.024438,0.034702,0.049853,0.059629,0.069892,0.079668,0.089932,0.099707,0.11486,0.12463,0.1349,0.13978,0.13978,0.1349,0.12463,0.11486,0.099707,0.084555,0.069892,0.054741,0.039589,0.029814,0.01955,0.014663,0.0097752,0.0043988,-0.00048876,-0.0053763,-0.0053763,-0.0053763,-0.00048876,-0.0053763,-0.010264,-0.010264,-0.010264,-0.010264,-0.010264,-0.010264,-0.010264,-0.010264,-0.010264,-0.0053763,-0.015152,-0.045455,-0.05523,-0.035191,0.0097752,0.054741,0.07478,0.089932,0.11486,0.11975,0.084555,0.034702,-0.00048876,-0.020528,-0.040567,-0.050342,-0.015152,0.0097752,0.014663,-0.010264,-0.00048876,0.089932,0.28006,0.55523,0.77517,0.79521,0.45503,0.1349,-0.035191,-0.065494,-0.065494,-0.065494,-0.065494,-0.070381,-0.065494,-0.065494,-0.060606,-0.065494,-0.065494,-0.070381,-0.065494,-0.060606,-0.050342,-0.040567,-0.030303,-0.015152,-0.00048876,0.0043988,0.0097752,0.014663,0.024438,0.029814,0.039589,0.049853,0.059629,0.069892,0.089932,0.10948,0.11975,0.11975,0.12463,0.12952,0.1349,0.1349,0.11975,0.10948,0.094819,0.079668,0.064516,0.054741,0.044477,0.029814,0.024438,0.014663,0.0097752,0.0043988,-0.00048876,-0.0053763,-0.010264,-0.010264,-0.015152,-0.015152,-0.015152,-0.020528,-0.020528,-0.020528,-0.015152,-0.015152,-0.015152,-0.015152,-0.015152,-0.015152,-0.015152,-0.015152,-0.010264,-0.00048876,0.014663,0.024438,0.029814,0.034702,0.044477,0.049853,0.039589,0.029814,0.014663,-0.00048876,-0.020528,-0.035191,-0.040567,-0.035191,-0.035191,-0.035191,-0.030303,0.024438,0.15494,0.39003,0.65494,0.78006,0.62512,0.28983,0.024438,-0.070381,-0.075269,-0.075269,-0.075269,-0.075269,-0.080645,-0.080645,-0.080645,-0.075269,-0.070381,-0.065494,-0.060606,-0.060606,-0.05523,-0.050342,-0.040567,-0.030303,-0.020528,-0.015152,-0.0053763,0.0043988,0.014663,0.029814,0.039589,0.054741,0.069892,0.079668,0.089932,0.099707,0.10948,0.11975,0.12952,0.13978,0.14467,0.14467,0.13978,0.12463,0.10948,0.094819,0.079668,0.064516,0.054741,0.044477,0.039589,0.029814,0.024438,0.014663,0.014663,0.0097752,0.0097752,0.0097752,0.0043988,-0.00048876,-0.00048876,-0.010264,-0.010264,-0.015152,-0.015152,-0.015152,-0.015152,-0.015152,-0.015152,-0.020528,-0.015152,-0.010264,-0.0053763,-0.00048876,0.0043988,0.01955,0.029814,0.039589,0.044477,0.054741,0.054741,0.044477,0.029814,0.014663,-0.0053763,-0.030303,-0.040567,-0.035191,-0.030303,-0.030303,-0.030303,-0.010264,0.069892,0.24487,0.50489,0.74536,0.79032,0.50978,0.1696,-0.030303,-0.080645,-0.080645,-0.080645,-0.080645,-0.080645,-0.080645,-0.075269,-0.075269,-0.075269,-0.075269,-0.070381,-0.065494,-0.060606,-0.050342,-0.045455,-0.040567,-0.035191,-0.020528,-0.010264,-0.00048876,0.0043988,0.014663,0.024438,0.034702,0.044477,0.059629,0.07478,0.084555,0.099707,0.10459,0.11486,0.12463,0.1349,0.13978,0.1349,0.12952,0.11486,0.10459,0.094819,0.07478,0.049853,0.024438,0.0097752,0.0097752,0.014663,0.014663,0.0097752,0.0043988,-0.00048876,-0.00048876,-0.00048876,-0.0053763,-0.0053763,-0.010264,-0.010264,-0.010264,-0.010264,-0.010264,-0.010264,-0.015152,-0.015152,-0.010264,-0.010264,-0.0053763,-0.00048876,0.0043988,0.0097752,0.024438,0.034702,0.044477,0.044477,0.049853,0.049853,0.044477,0.039589,0.029814,0.0097752,-0.010264,-0.020528,-0.020528,-0.020528,-0.020528,-0.030303,-0.035191,0.039589,0.20479,0.45503,0.71505,0.79521,0.60508,0.26491,0.01955,-0.060606,-0.070381,-0.065494,-0.070381,-0.065494,-0.060606,-0.060606,-0.05523,-0.05523,-0.05523,-0.05523,-0.050342,-0.040567,-0.040567,-0.035191,-0.030303,-0.020528,-0.015152,-0.010264,-0.00048876,0.0097752,0.014663,0.024438,0.034702,0.044477,0.054741,0.064516,0.079668,0.089932,0.099707,0.11486,0.12463,0.12952,0.1349,0.1349,0.12952,0.11975,0.10948,0.089932,0.07478,0.054741,0.044477,0.029814,0.014663,0.0097752,0.0043988,-0.00048876,-0.00048876,-0.00048876,-0.0053763,-0.010264,-0.015152,-0.015152,-0.015152,-0.015152,-0.015152,-0.015152,-0.015152,-0.015152,-0.015152,-0.010264,-0.010264,-0.010264,-0.010264,-0.010264,-0.00048876,0.0097752,0.024438,0.034702,0.044477,0.049853,0.049853,0.044477,0.034702,0.01955,-0.00048876,-0.015152,-0.035191,-0.040567,-0.040567,-0.035191,-0.035191,-0.035191,-0.010264,0.084555,0.28006,0.55523,0.77028,0.79032,0.43988,0.11486,-0.05523,-0.085533,-0.085533,-0.085533,-0.09042,-0.09042,-0.09042,-0.085533,-0.085533,-0.080645,-0.080645,-0.075269,-0.065494,-0.060606,-0.05523,-0.050342,-0.045455,-0.035191,-0.030303,-0.015152,-0.010264,0.0043988,0.014663,0.024438,0.034702,0.049853,0.059629,0.069892,0.084555,0.094819,0.10948,0.12463,0.13978,0.14467,0.14956,0.14467,0.1349,0.11975,0.10948,0.089932,0.064516,0.044477,0.034702,0.029814,0.01955,0.0097752,0.0043988,-0.00048876,-0.00048876,-0.010264,-0.010264,-0.015152,-0.010264,-0.015152,-0.015152,-0.020528,-0.025415,-0.025415,-0.030303,-0.030303,-0.030303,-0.025415,-0.030303,-0.025415,-0.020528,-0.020528,-0.010264,0.0043988,0.014663,0.029814,0.029814,0.034702,0.044477,0.044477,0.034702,0.024438,0.0043988,-0.015152,-0.035191,-0.040567,-0.040567,-0.040567,-0.045455,-0.045455,-0.020528,0.064516,0.24487,0.52493,0.77028,0.81036,0.5,0.15982,-0.035191,-0.080645,-0.080645,-0.085533,-0.09042,-0.085533,-0.085533,-0.085533,-0.085533,-0.080645,-0.075269,-0.075269,-0.065494,-0.060606,-0.05523,-0.050342,-0.040567,-0.030303,-0.020528,-0.015152,-0.0053763,0.0043988,0.014663,0.029814,0.044477,0.054741,0.064516,0.07478,0.084555,0.099707,0.10948,0.11975,0.1349,0.13978,0.14467,0.13978,0.1349,0.11975,0.10459,0.094819,0.07478,0.064516,0.049853,0.044477,0.039589,0.034702,0.024438,0.01955,0.014663,0.0097752,0.0043988,-0.00048876,-0.00048876,-0.0053763,-0.010264,-0.010264,-0.015152,-0.010264,-0.010264,-0.015152,-0.015152,-0.015152,-0.015152,-0.010264,-0.010264,-0.010264,-0.010264,-0.0053763,0.0043988,0.01955,0.029814,0.029814,0.034702,0.034702,0.039589,0.034702,0.024438,0.0097752,-0.010264,-0.030303,-0.030303,-0.030303,-0.030303,-0.025415,-0.030303,0.014663,0.1349,0.3651,0.64516,0.81036,0.71017,0.38514,0.079668,-0.065494,-0.095308,-0.095308,-0.09042,-0.09042,-0.085533,-0.085533,-0.080645,-0.085533,-0.080645,-0.080645,-0.075269,-0.070381,-0.065494,-0.060606,-0.05523,-0.040567,-0.030303,-0.020528,-0.015152,-0.0053763,0.0043988,0.014663,0.029814,0.034702,0.049853,0.054741,0.069892,0.079668,0.094819,0.10948,0.11975,0.1349,0.13978,0.14467,0.13978,0.12952,0.11486,0.099707,0.079668,0.069892,0.059629,0.049853,0.034702,0.029814,0.024438,0.01955,0.01955,0.014663,0.0097752,0.0043988,-0.00048876,-0.0053763,-0.0053763,-0.010264,-0.010264,-0.015152,-0.015152,-0.015152,-0.010264,-0.010264,-0.010264,-0.010264,-0.0053763,-0.00048876,0.0043988,0.0097752,0.024438,0.034702,0.044477,0.049853,0.054741,0.059629,0.054741,0.044477,0.029814,0.0097752,-0.010264,-0.020528,-0.030303,-0.030303,-0.025415,-0.020528,-0.030303,0.0043988,0.10459,0.30499,0.58993,0.79521,0.80499,0.43011,0.10948,-0.05523,-0.085533,-0.085533,-0.085533,-0.085533,-0.080645,-0.080645,-0.080645,-0.075269,-0.075269,-0.065494,-0.060606,-0.05523,-0.050342,-0.050342,-0.040567,-0.040567,-0.030303,-0.020528,-0.010264,-0.00048876,0.0043988,0.014663,0.024438,0.039589,0.054741,0.064516,0.07478,0.084555,0.099707,0.10948,0.11975,0.1349,0.13978,0.14467,0.13978,0.1349,0.11975,0.10459,0.084555,0.069892,0.054741,0.044477,0.034702,0.024438,0.014663,0.0097752,0.0043988,-0.00048876,-0.00048876,-0.010264,-0.015152,-0.015152,-0.020528,-0.020528,-0.020528,-0.020528,-0.020528,-0.020528,-0.020528,-0.020528,-0.015152,-0.015152,-0.015152,-0.015152,-0.010264,-0.0053763,0.0043988,0.014663,0.029814,0.034702,0.044477,0.044477,0.049853,0.034702,0.024438,0.0097752,-0.0053763,-0.020528,-0.030303,-0.035191,-0.035191,-0.030303,-0.035191,-0.030303,0.024438,0.15494,0.38514,0.65494,0.78543,0.6349,0.30499,0.029814,-0.075269,-0.085533,-0.080645,-0.080645,-0.080645,-0.075269,-0.075269,-0.075269,-0.075269,-0.075269,-0.065494,-0.065494,-0.060606,-0.05523,-0.050342,-0.040567,-0.035191,-0.030303,-0.020528,-0.015152,-0.00048876,0.0097752,0.01955,0.034702,0.044477,0.059629,0.069892,0.07478,0.089932,0.099707,0.11486,0.12952,0.13978,0.14467,0.14467,0.1349,0.12952,0.11975,0.099707,0.084555,0.069892,0.054741,0.049853,0.039589,0.024438,0.014663,0.0097752,0.0043988,0.0043988,-0.00048876,-0.00048876,-0.010264,-0.010264,-0.0053763,-0.010264,-0.010264,-0.010264,-0.010264,-0.010264,-0.010264,-0.010264,-0.010264,-0.0053763,-0.010264,-0.010264,-0.010264,-0.00048876,0.0097752,0.029814,0.039589,0.044477,0.049853,0.054741,0.059629,0.049853,0.039589,0.01955,-0.00048876,-0.015152,-0.025415,-0.030303,-0.025415,-0.025415,-0.030303,-0.010264,0.059629,0.22483,0.48485,0.73021,0.78543,0.54008,0.20479,-0.010264,-0.075269,-0.075269,-0.080645,-0.080645,-0.080645,-0.080645,-0.080645,-0.075269,-0.075269,-0.065494,-0.060606,-0.05523,-0.050342,-0.040567,-0.035191,-0.030303,-0.025415,-0.020528,-0.010264,-0.00048876,0.014663,0.024438,0.034702,0.049853,0.059629,0.069892,0.079668,0.089932,0.099707,0.10948,0.11975,0.12952,0.1349,0.13978,0.14467,0.1349,0.12463,0.11486,0.099707,0.079668,0.064516,0.049853,0.039589,0.029814,0.024438,0.01955,0.014663,0.014663,0.0097752,0.0043988,-0.00048876,-0.00048876,-0.0053763,-0.0053763,-0.010264,-0.010264,-0.010264,-0.010264,-0.010264,-0.010264,-0.010264,-0.010264,-0.010264,-0.010264,-0.010264,-0.0053763,0.0043988,0.014663,0.029814,0.034702,0.039589,0.044477,0.049853,0.049853,0.044477,0.034702,0.014663,-0.00048876,-0.015152,-0.020528,-0.025415,-0.020528,-0.020528,-0.020528,0.0043988,0.099707,0.28983,0.565,0.78006,0.80499,0.47507,0.14956,-0.030303,-0.070381,-0.070381,-0.075269,-0.075269,-0.075269,-0.075269,-0.075269,-0.075269,-0.070381,-0.065494,-0.060606,-0.05523,-0.050342,-0.040567,-0.035191,-0.025415,-0.020528,-0.010264,-0.00048876,0.0043988,0.014663,0.024438,0.029814,0.044477,0.054741,0.069892,0.084555,0.094819,0.10459,0.11486,0.12463,0.1349,0.13978,0.14467,0.13978,0.1349,0.11975,0.099707,0.089932,0.07478,0.064516,0.049853,0.039589,0.029814,0.024438,0.014663,0.0097752,0.0043988,-0.00048876,-0.00048876,-0.0053763,-0.010264,-0.010264,-0.010264,-0.010264,-0.010264,-0.010264,-0.010264,-0.010264,-0.010264,-0.0053763,-0.0053763,-0.0053763,-0.010264,-0.0053763,-0.00048876,0.0097752,0.024438,0.034702,0.039589,0.044477,0.049853,0.054741,0.054741,0.044477,0.029814,0.0043988,-0.015152,-0.030303,-0.030303,-0.030303,-0.030303,-0.035191,-0.025415,0.044477,0.20968,0.45992,0.71505,0.78543,0.56989,0.22972,-0.0053763,-0.080645,-0.080645,-0.085533,-0.09042,-0.095308,-0.09042,-0.085533,-0.080645,-0.080645,-0.075269,-0.075269,-0.065494,-0.060606,-0.05523,-0.050342,-0.045455,-0.035191,-0.025415,-0.015152,-0.010264,-0.00048876,0.0097752,0.01955,0.029814,0.044477,0.054741,0.064516,0.069892,0.079668,0.094819,0.11486,0.12463,0.12952,0.1349,0.1349,0.12463,0.11975,0.10459,0.089932,0.07478,0.064516,0.049853,0.034702,0.029814,0.01955,0.0097752,0.0043988,-0.0053763,-0.010264,-0.015152,-0.015152,-0.015152,-0.015152,-0.015152,-0.015152,-0.015152,-0.015152,-0.020528,-0.020528,-0.020528,-0.020528,-0.020528,-0.020528,-0.015152,-0.015152,-0.010264,-0.00048876,0.0097752,0.01955,0.029814,0.029814,0.034702,0.039589,0.034702,0.029814,0.014663,-0.00048876,-0.020528,-0.035191,-0.040567,-0.040567,-0.035191,-0.035191,-0.030303,0.014663,0.13978,0.35973,0.6349,0.78543,0.65494,0.32502,0.039589,-0.075269,-0.085533,-0.09042,-0.095308,-0.095308,-0.095308,-0.095308,-0.095308,-0.085533,-0.080645,-0.075269,-0.075269,-0.065494,-0.060606,-0.05523,-0.050342,-0.040567,-0.030303,-0.020528,-0.015152,-0.0053763,0.0043988,0.0097752,0.024438,0.034702,0.044477,0.059629,0.07478,0.089932,0.099707,0.11486,0.12952,0.1349,0.13978,0.1349,0.12952,0.11975,0.10948,0.094819,0.079668,0.064516,0.044477,0.029814,0.024438,0.01955,0.0097752,-0.00048876,-0.0053763,-0.010264,-0.010264,-0.010264,-0.010264,-0.015152,-0.015152,-0.015152,-0.015152,-0.015152,-0.015152,-0.015152,-0.020528,-0.020528,-0.020528,-0.020528,-0.020528,-0.020528,-0.015152,-0.0053763,0.0043988,0.01955,0.029814,0.034702,0.034702,0.044477,0.044477,0.034702,0.024438,0.0097752,-0.0053763,-0.025415,-0.035191,-0.040567,-0.035191,-0.035191,-0.035191,-0.020528,0.044477,0.20479,0.45992,0.70528,0.77028,0.54985,0.21457,-0.0053763,-0.075269,-0.075269,-0.080645,-0.085533,-0.085533,-0.085533,-0.085533,-0.080645,-0.075269,-0.075269,-0.070381,-0.065494,-0.060606,-0.060606,-0.05523,-0.045455,-0.035191,-0.025415,-0.015152,-0.0053763,0.0043988,0.0097752,0.01955,0.034702,0.049853,0.064516,0.07478,0.084555,0.094819,0.10459,0.11486,0.12952,0.1349,0.13978,0.1349,0.12463,0.11486,0.094819,0.079668,0.064516,0.049853,0.044477,0.029814,0.01955,0.0097752,0.0043988,-0.00048876,-0.00048876,-0.0053763,-0.010264,-0.010264,-0.015152,-0.015152,-0.015152,-0.015152,-0.020528,-0.015152,-0.015152,-0.015152,-0.015152,-0.010264,-0.010264,-0.015152,-0.015152,-0.015152,-0.010264,-0.00048876,0.0097752,0.024438,0.034702,0.039589,0.049853,0.054741,0.049853,0.039589,0.024438,0.0097752,-0.010264,-0.025415,-0.035191,-0.035191,-0.035191,-0.035191,-0.035191,-0.00048876,0.099707,0.29472,0.56989,0.77517,0.79521,0.45015,0.12952,-0.035191,-0.070381,-0.075269,-0.080645,-0.080645,-0.080645,-0.075269,-0.075269,-0.075269,-0.070381,-0.065494,-0.060606,-0.060606,-0.05523,-0.050342,-0.040567,-0.035191,-0.030303,-0.020528,-0.010264,-0.00048876,0.0097752,0.024438,0.034702,0.049853,0.059629,0.069892,0.07478,0.089932,0.099707,0.10948,0.11975,0.12952,0.13978,0.14467,0.13978,0.12952,0.11486,0.099707,0.089932,0.069892,0.059629,0.049853,0.039589,0.034702,0.029814,0.024438,0.014663,0.0097752,0.0043988,-0.00048876,-0.00048876,-0.00048876,-0.0053763,-0.010264,-0.010264,-0.010264,-0.010264,-0.010264,-0.010264,-0.010264,-0.0053763,-0.0053763,-0.0053763,-0.0053763,-0.00048876,0.0043988,0.01955,0.029814,0.044477,0.049853,0.049853,0.054741,0.054741,0.054741,0.049853,0.034702,0.0097752,-0.010264,-0.020528,-0.025415,-0.025415,-0.025415,-0.030303,-0.015152,0.059629,0.22972,0.47996,0.73021,0.79521,0.565,0.22483,-0.010264,-0.080645,-0.080645,-0.075269,-0.080645,-0.080645,-0.080645,-0.080645,-0.075269,-0.070381,-0.070381,-0.065494,-0.060606,-0.05523,-0.050342,-0.045455,-0.035191,-0.030303,-0.015152,-0.010264,-0.00048876,0.0097752,0.024438,0.034702,0.044477,0.054741,0.064516,0.07478,0.079668,0.094819,0.10459,0.11486,0.12463,0.12952,0.1349,0.13978,0.1349,0.11975,0.10948,0.094819,0.079668,0.064516,0.054741,0.044477,0.039589,0.029814,0.029814,0.024438,0.014663,0.0043988,0.0043988,-0.00048876,-0.00048876,-0.0053763,-0.00048876,-0.00048876,-0.010264,-0.010264,-0.010264,-0.0053763,-0.00048876,-0.00048876,-0.00048876,-0.0053763,-0.00048876,-0.00048876,0.0043988,0.014663,0.024438,0.034702,0.044477,0.049853,0.059629,0.064516,0.054741,0.039589,0.01955,-0.00048876,-0.015152,-0.020528,-0.020528,-0.020528,-0.020528,-0.025415,-0.0053763,0.07478,0.26002,0.52981,0.7654,0.8001,0.49511,0.15982,-0.025415,-0.075269,-0.075269,-0.080645,-0.080645,-0.080645,-0.080645,-0.075269,-0.075269,-0.075269,-0.075269,-0.065494,-0.060606,-0.05523,-0.050342,-0.045455,-0.035191,-0.030303,-0.020528,-0.010264,-0.00048876,0.0097752,0.024438,0.034702,0.044477,0.059629,0.069892,0.079668,0.089932,0.099707,0.11486,0.12463,0.12952,0.1349,0.13978,0.13978,0.12952,0.11975,0.10459,0.089932,0.069892,0.054741,0.039589,0.029814,0.01955,0.014663,0.0097752,0.0097752,0.0043988,-0.00048876,-0.010264,-0.010264,-0.015152,-0.015152,-0.020528,-0.020528,-0.015152,-0.015152,-0.020528,-0.020528,-0.015152,-0.015152,-0.015152,-0.015152,-0.015152,-0.015152,-0.015152,-0.00048876,0.0097752,0.024438,0.034702,0.039589,0.049853,0.049853,0.044477,0.029814,0.014663,-0.0053763,-0.020528,-0.035191,-0.035191,-0.035191,-0.030303,-0.035191,-0.025415,0.044477,0.1999,0.45015,0.71017,0.78006,0.565,0.22483,-0.010264,-0.080645,-0.085533,-0.080645,-0.085533,-0.09042,-0.09042,-0.085533,-0.080645,-0.080645,-0.075269,-0.070381,-0.065494,-0.060606,-0.05523,-0.050342,-0.040567,-0.035191,-0.025415,-0.015152,-0.00048876,0.0043988,0.0097752,0.024438,0.039589,0.049853,0.059629,0.069892,0.079668,0.089932,0.099707,0.11486,0.12463,0.1349,0.1349,0.1349,0.1349,0.11975,0.10948,0.094819,0.079668,0.064516,0.044477,0.034702,0.029814,0.024438,0.024438,0.014663,0.014663,0.0097752,0.0097752,0.0043988,0.0043988,0.0043988,0.0043988,0.0043988,0.0043988,-0.00048876,-0.00048876,0.0043988,0.0043988,-0.00048876,-0.00048876,-0.0053763,-0.010264,-0.010264,-0.00048876,0.0043988,0.01955,0.039589,0.049853,0.054741,0.054741,0.064516,0.054741,0.044477,0.029814
